South Africa,ZAF,20200101,0.00,,0.00,,0.00,,0.00,,0.00,,0.00,,0.00,,0.00,0.00,,0.00,0.00,0.00,0.00,,0.00,0.00,0.00,0.00,,,,0.00,0.00,0.00,0.00,0.00,0.00,0.00,0.00,0.00,0.00
South Africa,ZAF,20200102,0.00,,0.00,,0.00,,0.00,,0.00,,0.00,,0.00,,0.00,0.00,,0.00,0.00,0.00,0.00,,0.00,0.00,0.00,0.00,,,,0.00,0.00,0.00,0.00,0.00,0.00,0.00,0.00,0.00,0.00
South Africa,ZAF,20200103,0.00,,0.00,,0.00,,0.00,,0.00,,0.00,,0.00,,0.00,0.00,,0.00,0.00,0.00,0.00,,0.00,0.00,0.00,0.00,,,,0.00,0.00,0.00,0.00,0.00,0.00,0.00,0.00,0.00,0.00
South Africa,ZAF,20200104,0.00,,0.00,,0.00,,0.00,,0.00,,0.00,,0.00,,0.00,0.00,,0.00,0.00,0.00,0.00,,0.00,0.00,0.00,0.00,,,,0.00,0.00,0.00,0.00,0.00,0.00,0.00,0.00,0.00,0.00
South Africa,ZAF,20200105,0.00,,0.00,,0.00,,0.00,,0.00,,0.00,,0.00,,0.00,0.00,,0.00,0.00,0.00,0.00,,0.00,0.00,0.00,0.00,,,,0.00,0.00,0.00,0.00,0.00,0.00,0.00,0.00,0.00,0.00
South Africa,ZAF,20200106,0.00,,0.00,,0.00,,0.00,,0.00,,0.00,,0.00,,0.00,0.00,,0.00,0.00,0.00,0.00,,0.00,0.00,0.00,0.00,,,,0.00,0.00,0.00,0.00,0.00,0.00,0.00,0.00,0.00,0.00
South Africa,ZAF,20200107,0.00,,0.00,,0.00,,0.00,,0.00,,0.00,,0.00,,0.00,0.00,,0.00,0.00,0.00,0.00,,0.00,0.00,0.00,0.00,,,,0.00,0.00,0.00,0.00,0.00,0.00,0.00,0.00,0.00,0.00
South Africa,ZAF,20200108,0.00,,0.00,,0.00,,0.00,,0.00,,0.00,,0.00,,0.00,0.00,,0.00,0.00,0.00,0.00,,0.00,0.00,0.00,0.00,,,,0.00,0.00,0.00,0.00,0.00,0.00,0.00,0.00,0.00,0.00
South Africa,ZAF,20200109,0.00,,0.00,,0.00,,0.00,,0.00,,0.00,,0.00,,0.00,0.00,,0.00,0.00,0.00,0.00,,0.00,0.00,0.00,0.00,,,,0.00,0.00,0.00,0.00,0.00,0.00,0.00,0.00,0.00,0.00
South Africa,ZAF,20200110,0.00,,0.00,,0.00,,0.00,,0.00,,0.00,,0.00,,0.00,0.00,,0.00,0.00,0.00,0.00,,0.00,0.00,0.00,0.00,,,,0.00,0.00,0.00,0.00,0.00,0.00,0.00,0.00,0.00,0.00
South Africa,ZAF,20200111,0.00,,0.00,,0.00,,0.00,,0.00,,0.00,,0.00,,0.00,0.00,,0.00,0.00,0.00,0.00,,0.00,0.00,0.00,0.00,,,,0.00,0.00,0.00,0.00,0.00,0.00,0.00,0.00,0.00,0.00
South Africa,ZAF,20200112,0.00,,0.00,,0.00,,0.00,,0.00,,0.00,,0.00,,0.00,0.00,,0.00,0.00,0.00,0.00,,0.00,0.00,0.00,0.00,,,,0.00,0.00,0.00,0.00,0.00,0.00,0.00,0.00,0.00,0.00
South Africa,ZAF,20200113,0.00,,0.00,,0.00,,0.00,,0.00,,0.00,,0.00,,0.00,0.00,,0.00,0.00,0.00,0.00,,0.00,0.00,0.00,0.00,,,,0.00,0.00,0.00,0.00,0.00,0.00,0.00,0.00,0.00,0.00
South Africa,ZAF,20200114,0.00,,0.00,,0.00,,0.00,,0.00,,0.00,,0.00,,0.00,0.00,,0.00,0.00,0.00,0.00,,0.00,0.00,0.00,0.00,,,,0.00,0.00,0.00,0.00,0.00,0.00,0.00,0.00,0.00,0.00
South Africa,ZAF,20200115,0.00,,0.00,,0.00,,0.00,,0.00,,0.00,,0.00,,0.00,0.00,,0.00,0.00,0.00,0.00,,0.00,0.00,0.00,0.00,,,,0.00,0.00,0.00,0.00,0.00,0.00,0.00,0.00,0.00,0.00
South Africa,ZAF,20200116,0.00,,0.00,,0.00,,0.00,,0.00,,0.00,,0.00,,0.00,0.00,,0.00,0.00,0.00,0.00,,0.00,0.00,0.00,0.00,,,,0.00,0.00,0.00,0.00,0.00,0.00,0.00,0.00,0.00,0.00
South Africa,ZAF,20200117,0.00,,0.00,,0.00,,0.00,,0.00,,0.00,,0.00,,0.00,0.00,,0.00,0.00,0.00,0.00,,0.00,0.00,0.00,0.00,,,,0.00,0.00,0.00,0.00,0.00,0.00,0.00,0.00,0.00,0.00
South Africa,ZAF,20200118,0.00,,0.00,,0.00,,0.00,,0.00,,0.00,,0.00,,0.00,0.00,,0.00,0.00,0.00,0.00,,0.00,0.00,0.00,0.00,,,,0.00,0.00,0.00,0.00,0.00,0.00,0.00,0.00,0.00,0.00
South Africa,ZAF,20200119,0.00,,0.00,,0.00,,0.00,,0.00,,0.00,,0.00,,0.00,0.00,,0.00,0.00,0.00,0.00,,0.00,0.00,0.00,0.00,,,,0.00,0.00,0.00,0.00,0.00,0.00,0.00,0.00,0.00,0.00
South Africa,ZAF,20200120,0.00,,0.00,,0.00,,0.00,,0.00,,0.00,,0.00,,0.00,0.00,,0.00,0.00,0.00,0.00,,0.00,0.00,0.00,0.00,,,,0.00,0.00,0.00,0.00,0.00,0.00,0.00,0.00,0.00,0.00
South Africa,ZAF,20200121,0.00,,0.00,,0.00,,0.00,,0.00,,0.00,,0.00,,0.00,0.00,,0.00,0.00,0.00,0.00,,0.00,0.00,0.00,0.00,,,,0.00,0.00,0.00,0.00,0.00,0.00,0.00,0.00,0.00,0.00
South Africa,ZAF,20200122,0.00,,0.00,,0.00,,0.00,,0.00,,0.00,,0.00,,0.00,0.00,,0.00,0.00,0.00,0.00,,0.00,0.00,0.00,0.00,,,,0.00,0.00,0.00,0.00,0.00,0.00,0.00,0.00,0.00,0.00
South Africa,ZAF,20200123,0.00,,0.00,,0.00,,0.00,,0.00,,0.00,,0.00,,1.00,0.00,,0.00,0.00,0.00,0.00,,0.00,0.00,0.00,0.00,,,,2.78,2.78,3.57,3.57,1.92,1.92,2.27,2.27,0.00,0.00
South Africa,ZAF,20200124,0.00,,0.00,,0.00,,0.00,,0.00,,0.00,,0.00,,1.00,0.00,,0.00,0.00,0.00,0.00,,0.00,0.00,0.00,0.00,,,,2.78,2.78,3.57,3.57,1.92,1.92,2.27,2.27,0.00,0.00
South Africa,ZAF,20200125,0.00,,0.00,,0.00,,0.00,,0.00,,0.00,,0.00,,1.00,0.00,,0.00,0.00,0.00,0.00,,0.00,0.00,0.00,0.00,,,,2.78,2.78,3.57,3.57,1.92,1.92,2.27,2.27,0.00,0.00
South Africa,ZAF,20200126,0.00,,0.00,,0.00,,0.00,,0.00,,0.00,,0.00,,1.00,0.00,,0.00,0.00,0.00,0.00,,0.00,0.00,0.00,0.00,,,,2.78,2.78,3.57,3.57,1.92,1.92,2.27,2.27,0.00,0.00
South Africa,ZAF,20200127,0.00,,0.00,,0.00,,0.00,,0.00,,0.00,,0.00,,1.00,0.00,,0.00,0.00,0.00,0.00,,0.00,0.00,0.00,0.00,,,,2.78,2.78,3.57,3.57,1.92,1.92,2.27,2.27,0.00,0.00
South Africa,ZAF,20200128,0.00,,0.00,,0.00,,0.00,,0.00,,0.00,,0.00,,1.00,0.00,,0.00,0.00,0.00,0.00,,0.00,0.00,0.00,0.00,,,,2.78,2.78,3.57,3.57,1.92,1.92,2.27,2.27,0.00,0.00
South Africa,ZAF,20200129,0.00,,0.00,,0.00,,0.00,,0.00,,0.00,,0.00,,1.00,0.00,,0.00,0.00,0.00,0.00,,0.00,0.00,0.00,0.00,,,,2.78,2.78,3.57,3.57,1.92,1.92,2.27,2.27,0.00,0.00
South Africa,ZAF,20200130,0.00,,0.00,,0.00,,0.00,,0.00,,0.00,,0.00,,1.00,0.00,,0.00,0.00,0.00,0.00,,0.00,0.00,0.00,0.00,,,,2.78,2.78,3.57,3.57,1.92,1.92,2.27,2.27,0.00,0.00
South Africa,ZAF,20200131,0.00,,0.00,,0.00,,0.00,,0.00,,0.00,,0.00,,1.00,0.00,,0.00,0.00,0.00,0.00,,0.00,0.00,0.00,0.00,,,,2.78,2.78,3.57,3.57,1.92,1.92,2.27,2.27,0.00,0.00
South Africa,ZAF,20200201,0.00,,0.00,,0.00,,0.00,,0.00,,0.00,,0.00,,1.00,0.00,,0.00,0.00,0.00,0.00,,0.00,0.00,0.00,0.00,,,,2.78,2.78,3.57,3.57,1.92,1.92,2.27,2.27,0.00,0.00
South Africa,ZAF,20200202,0.00,,0.00,,0.00,,0.00,,0.00,,0.00,,0.00,,1.00,0.00,,0.00,0.00,0.00,0.00,,0.00,0.00,0.00,0.00,,,,2.78,2.78,3.57,3.57,1.92,1.92,2.27,2.27,0.00,0.00
South Africa,ZAF,20200203,0.00,,0.00,,0.00,,0.00,,0.00,,0.00,,0.00,,1.00,0.00,,0.00,0.00,0.00,0.00,,0.00,0.00,0.00,0.00,,,,2.78,2.78,3.57,3.57,1.92,1.92,2.27,2.27,0.00,0.00
South Africa,ZAF,20200204,0.00,,0.00,,0.00,,0.00,,0.00,,0.00,,0.00,,1.00,0.00,,0.00,0.00,0.00,0.00,,0.00,0.00,0.00,0.00,,,,2.78,2.78,3.57,3.57,1.92,1.92,2.27,2.27,0.00,0.00
South Africa,ZAF,20200205,0.00,,0.00,,0.00,,0.00,,0.00,,0.00,,0.00,,1.00,0.00,,0.00,0.00,0.00,0.00,,0.00,0.00,0.00,0.00,,,,2.78,2.78,3.57,3.57,1.92,1.92,2.27,2.27,0.00,0.00
South Africa,ZAF,20200206,0.00,,0.00,,0.00,,0.00,,0.00,,0.00,,0.00,,1.00,0.00,,0.00,0.00,0.00,0.00,,0.00,0.00,0.00,0.00,,,,2.78,2.78,3.57,3.57,1.92,1.92,2.27,2.27,0.00,0.00
South Africa,ZAF,20200207,0.00,,0.00,,0.00,,0.00,,0.00,,0.00,,0.00,,1.00,0.00,,0.00,0.00,0.00,0.00,,0.00,0.00,0.00,0.00,,,,2.78,2.78,3.57,3.57,1.92,1.92,2.27,2.27,0.00,0.00
South Africa,ZAF,20200208,0.00,,0.00,,0.00,,0.00,,0.00,,0.00,,0.00,,1.00,0.00,,0.00,0.00,0.00,0.00,,0.00,0.00,0.00,0.00,,,,2.78,2.78,3.57,3.57,1.92,1.92,2.27,2.27,0.00,0.00
South Africa,ZAF,20200209,0.00,,0.00,,0.00,,0.00,,0.00,,0.00,,0.00,,1.00,0.00,,0.00,0.00,0.00,0.00,,0.00,0.00,0.00,0.00,,,,2.78,2.78,3.57,3.57,1.92,1.92,2.27,2.27,0.00,0.00
South Africa,ZAF,20200210,0.00,,0.00,,0.00,,0.00,,0.00,,0.00,,0.00,,1.00,0.00,,0.00,0.00,0.00,0.00,,0.00,0.00,0.00,0.00,,,,2.78,2.78,3.57,3.57,1.92,1.92,2.27,2.27,0.00,0.00
South Africa,ZAF,20200211,0.00,,0.00,,0.00,,0.00,,0.00,,0.00,,0.00,,1.00,0.00,,0.00,0.00,0.00,0.00,,0.00,0.00,0.00,0.00,,,,2.78,2.78,3.57,3.57,1.92,1.92,2.27,2.27,0.00,0.00
South Africa,ZAF,20200212,0.00,,0.00,,0.00,,0.00,,0.00,,0.00,,0.00,,1.00,0.00,,0.00,0.00,0.00,0.00,,0.00,0.00,0.00,0.00,,,,2.78,2.78,3.57,3.57,1.92,1.92,2.27,2.27,0.00,0.00
South Africa,ZAF,20200213,0.00,,0.00,,0.00,,0.00,,0.00,,0.00,,0.00,,1.00,0.00,,0.00,0.00,0.00,0.00,,0.00,0.00,0.00,0.00,,,,2.78,2.78,3.57,3.57,1.92,1.92,2.27,2.27,0.00,0.00
South Africa,ZAF,20200214,0.00,,0.00,,0.00,,0.00,,0.00,,0.00,,0.00,,1.00,0.00,,0.00,0.00,0.00,0.00,,0.00,0.00,0.00,0.00,,,,2.78,2.78,3.57,3.57,1.92,1.92,2.27,2.27,0.00,0.00
South Africa,ZAF,20200215,0.00,,0.00,,0.00,,0.00,,0.00,,0.00,,0.00,,1.00,0.00,,0.00,0.00,0.00,0.00,,0.00,0.00,0.00,0.00,,,,2.78,2.78,3.57,3.57,1.92,1.92,2.27,2.27,0.00,0.00
South Africa,ZAF,20200216,0.00,,0.00,,0.00,,0.00,,0.00,,0.00,,0.00,,1.00,0.00,,0.00,0.00,0.00,0.00,,0.00,0.00,0.00,0.00,,,,2.78,2.78,3.57,3.57,1.92,1.92,2.27,2.27,0.00,0.00
South Africa,ZAF,20200217,0.00,,0.00,,0.00,,0.00,,0.00,,0.00,,0.00,,1.00,0.00,,0.00,0.00,0.00,0.00,,0.00,0.00,0.00,0.00,,,,2.78,2.78,3.57,3.57,1.92,1.92,2.27,2.27,0.00,0.00
South Africa,ZAF,20200218,0.00,,0.00,,0.00,,0.00,,0.00,,0.00,,0.00,,1.00,0.00,,0.00,0.00,0.00,0.00,,0.00,0.00,0.00,0.00,,,,2.78,2.78,3.57,3.57,1.92,1.92,2.27,2.27,0.00,0.00
South Africa,ZAF,20200219,0.00,,0.00,,0.00,,0.00,,0.00,,0.00,,0.00,,1.00,0.00,,0.00,0.00,0.00,0.00,,0.00,0.00,0.00,0.00,,,,2.78,2.78,3.57,3.57,1.92,1.92,2.27,2.27,0.00,0.00
South Africa,ZAF,20200220,0.00,,0.00,,0.00,,0.00,,0.00,,0.00,,0.00,,1.00,0.00,,0.00,0.00,0.00,0.00,,0.00,0.00,0.00,0.00,,,,2.78,2.78,3.57,3.57,1.92,1.92,2.27,2.27,0.00,0.00
South Africa,ZAF,20200221,0.00,,0.00,,0.00,,0.00,,0.00,,0.00,,0.00,,1.00,0.00,,0.00,0.00,0.00,0.00,,0.00,0.00,0.00,0.00,,,,2.78,2.78,3.57,3.57,1.92,1.92,2.27,2.27,0.00,0.00
South Africa,ZAF,20200222,0.00,,0.00,,0.00,,0.00,,0.00,,0.00,,0.00,,1.00,0.00,,0.00,0.00,0.00,0.00,,0.00,0.00,0.00,0.00,,,,2.78,2.78,3.57,3.57,1.92,1.92,2.27,2.27,0.00,0.00
South Africa,ZAF,20200223,0.00,,0.00,,0.00,,0.00,,0.00,,0.00,,0.00,,1.00,0.00,,0.00,0.00,0.00,0.00,,0.00,0.00,0.00,0.00,,,,2.78,2.78,3.57,3.57,1.92,1.92,2.27,2.27,0.00,0.00
South Africa,ZAF,20200224,0.00,,0.00,,0.00,,0.00,,0.00,,0.00,,0.00,,1.00,0.00,,0.00,0.00,0.00,0.00,,0.00,0.00,0.00,0.00,,,,2.78,2.78,3.57,3.57,1.92,1.92,2.27,2.27,0.00,0.00
South Africa,ZAF,20200225,0.00,,0.00,,0.00,,0.00,,0.00,,0.00,,0.00,,1.00,0.00,,0.00,0.00,0.00,0.00,,0.00,0.00,0.00,0.00,,,,2.78,2.78,3.57,3.57,1.92,1.92,2.27,2.27,0.00,0.00
South Africa,ZAF,20200226,0.00,,0.00,,0.00,,0.00,,0.00,,0.00,,0.00,,1.00,0.00,,0.00,0.00,0.00,0.00,,0.00,0.00,0.00,0.00,,,,2.78,2.78,3.57,3.57,1.92,1.92,2.27,2.27,0.00,0.00
South Africa,ZAF,20200227,0.00,,0.00,,0.00,,0.00,,0.00,,0.00,,0.00,,1.00,0.00,,0.00,0.00,0.00,0.00,,0.00,0.00,0.00,0.00,,,,2.78,2.78,3.57,3.57,1.92,1.92,2.27,2.27,0.00,0.00
South Africa,ZAF,20200228,0.00,,0.00,,0.00,,0.00,,0.00,,0.00,,0.00,,1.00,0.00,,0.00,0.00,0.00,0.00,,0.00,0.00,0.00,0.00,,,,2.78,2.78,3.57,3.57,1.92,1.92,2.27,2.27,0.00,0.00
South Africa,ZAF,20200229,0.00,,0.00,,0.00,,0.00,,0.00,,0.00,,0.00,,1.00,0.00,,0.00,0.00,0.00,0.00,,0.00,0.00,0.00,0.00,,,,2.78,2.78,3.57,3.57,1.92,1.92,2.27,2.27,0.00,0.00
South Africa,ZAF,20200301,0.00,,0.00,,0.00,,0.00,,0.00,,0.00,,0.00,,1.00,0.00,,0.00,0.00,0.00,0.00,,0.00,0.00,0.00,0.00,,,,2.78,2.78,3.57,3.57,1.92,1.92,2.27,2.27,0.00,0.00
South Africa,ZAF,20200302,0.00,,0.00,,0.00,,0.00,,0.00,,0.00,,0.00,,1.00,0.00,,0.00,0.00,0.00,0.00,,0.00,0.00,0.00,0.00,,,,2.78,2.78,3.57,3.57,1.92,1.92,2.27,2.27,0.00,0.00
South Africa,ZAF,20200303,0.00,,0.00,,0.00,,0.00,,0.00,,0.00,,0.00,,1.00,0.00,,0.00,0.00,0.00,0.00,,0.00,0.00,0.00,0.00,,,,2.78,2.78,3.57,3.57,1.92,1.92,2.27,2.27,0.00,0.00
South Africa,ZAF,20200304,0.00,,0.00,,0.00,,0.00,,0.00,,0.00,,0.00,,1.00,0.00,,0.00,0.00,0.00,0.00,,0.00,0.00,0.00,0.00,,,,2.78,2.78,3.57,3.57,1.92,1.92,2.27,2.27,0.00,0.00
South Africa,ZAF,20200305,0.00,,0.00,,0.00,,0.00,,0.00,,0.00,,0.00,,1.00,0.00,,0.00,0.00,0.00,2.00,1,0.00,0.00,0.00,0.00,,,,13.89,13.89,17.86,17.86,9.62,9.62,11.36,11.36,0.00,0.00
South Africa,ZAF,20200306,0.00,,0.00,,0.00,,0.00,,0.00,,0.00,,0.00,,1.00,0.00,,0.00,0.00,0.00,2.00,1,0.00,0.00,0.00,0.00,,1,0,13.89,13.89,17.86,17.86,9.62,9.62,11.36,11.36,0.00,0.00
South Africa,ZAF,20200307,0.00,,0.00,,0.00,,0.00,,0.00,,0.00,,0.00,,1.00,0.00,,0.00,0.00,0.00,2.00,1,1.00,2.00,0.00,0.00,,,,13.89,13.89,17.86,17.86,19.87,19.87,23.48,23.48,0.00,0.00
South Africa,ZAF,20200308,0.00,,0.00,,0.00,,0.00,,0.00,,0.00,,0.00,,1.00,0.00,,0.00,0.00,0.00,2.00,1,1.00,2.00,0.00,0.00,,2,0,13.89,13.89,17.86,17.86,19.87,19.87,23.48,23.48,0.00,0.00
South Africa,ZAF,20200309,0.00,,0.00,,0.00,,0.00,,0.00,,0.00,,0.00,,1.00,0.00,,0.00,0.00,0.00,2.00,1,1.00,2.00,0.00,0.00,,3,0,13.89,13.89,17.86,17.86,19.87,19.87,23.48,23.48,0.00,0.00
South Africa,ZAF,20200310,0.00,,0.00,,0.00,,0.00,,0.00,,0.00,,0.00,,1.00,0.00,,0.00,0.00,0.00,2.00,1,1.00,2.00,0.00,0.00,,7,0,13.89,13.89,17.86,17.86,19.87,19.87,23.48,23.48,0.00,0.00
South Africa,ZAF,20200311,0.00,,0.00,,0.00,,0.00,,0.00,,0.00,,0.00,,1.00,0.00,,0.00,0.00,0.00,2.00,1,1.00,2.00,0.00,0.00,,,,13.89,13.89,17.86,17.86,19.87,19.87,23.48,23.48,0.00,0.00
South Africa,ZAF,20200312,0.00,,0.00,,0.00,,0.00,,0.00,,0.00,,0.00,,1.00,0.00,,0.00,0.00,0.00,2.00,1,1.00,2.00,0.00,0.00,,13,0,13.89,13.89,17.86,17.86,19.87,19.87,23.48,23.48,0.00,0.00
South Africa,ZAF,20200313,0.00,,0.00,,0.00,,0.00,,0.00,,0.00,,0.00,,1.00,0.00,,0.00,0.00,0.00,2.00,1,1.00,2.00,0.00,0.00,,17,0,13.89,13.89,17.86,17.86,19.87,19.87,23.48,23.48,0.00,0.00
South Africa,ZAF,20200314,0.00,,0.00,,0.00,,0.00,,0.00,,0.00,,0.00,,1.00,0.00,,0.00,0.00,0.00,2.00,1,1.00,2.00,0.00,0.00,,24,0,13.89,13.89,17.86,17.86,19.87,19.87,23.48,23.48,0.00,0.00
South Africa,ZAF,20200315,0.00,,0.00,,0.00,,0.00,,0.00,,0.00,,1.00,1,1.00,0.00,,0.00,0.00,0.00,2.00,1,1.00,2.00,0.00,0.00,,24,0,19.44,19.44,27.38,27.38,23.72,23.72,28.03,28.03,0.00,0.00
South Africa,ZAF,20200316,0.00,,0.00,,2.00,1,3.00,1,0.00,,0.00,,1.00,1,1.00,0.00,,0.00,0.00,0.00,2.00,1,1.00,2.00,0.00,0.00,,51,0,38.89,38.89,41.67,41.67,37.18,37.18,43.94,43.94,0.00,0.00
South Africa,ZAF,20200317,0.00,,0.00,,2.00,1,3.00,1,0.00,,0.00,,1.00,1,1.00,0.00,,0.00,0.00,0.00,2.00,1,1.00,2.00,0.00,0.00,,62,0,38.89,38.89,41.67,41.67,37.18,37.18,43.94,43.94,0.00,0.00
South Africa,ZAF,20200318,3.00,1,0.00,,2.00,1,3.00,1,0.00,,0.00,,1.00,1,3.00,0.00,,0.00,0.00,0.00,2.00,1,1.00,2.00,0.00,0.00,,85,0,55.56,55.56,63.10,63.10,48.72,48.72,57.58,57.58,0.00,0.00
South Africa,ZAF,20200319,3.00,1,0.00,,2.00,1,3.00,1,0.00,,0.00,,1.00,1,3.00,0.00,,0.00,0.00,0.00,2.00,1,1.00,2.00,0.00,0.00,,116,0,55.56,55.56,63.10,63.10,48.72,48.72,57.58,57.58,0.00,0.00
South Africa,ZAF,20200320,3.00,1,0.00,,2.00,1,3.00,1,0.00,,0.00,,1.00,1,3.00,0.00,,0.00,0.00,0.00,2.00,1,1.00,2.00,0.00,0.00,,150,0,55.56,55.56,63.10,63.10,48.72,48.72,57.58,57.58,0.00,0.00
South Africa,ZAF,20200321,3.00,1,0.00,,2.00,1,3.00,1,0.00,,0.00,,1.00,1,3.00,0.00,,0.00,0.00,0.00,2.00,1,1.00,2.00,0.00,0.00,,205,0,55.56,55.56,63.10,63.10,48.72,48.72,57.58,57.58,0.00,0.00
South Africa,ZAF,20200322,3.00,1,0.00,,2.00,1,3.00,1,0.00,,0.00,,1.00,1,3.00,0.00,,0.00,0.00,0.00,2.00,1,1.00,2.00,0.00,0.00,,240,0,55.56,55.56,63.10,63.10,48.72,48.72,57.58,57.58,0.00,0.00
South Africa,ZAF,20200323,3.00,1,0.00,,2.00,1,3.00,1,0.00,,0.00,,1.00,1,3.00,0.00,,0.00,0.00,0.00,2.00,1,1.00,2.00,0.00,0.00,,274,0,55.56,55.56,63.10,63.10,48.72,48.72,57.58,57.58,0.00,0.00
South Africa,ZAF,20200324,3.00,1,0.00,,2.00,1,3.00,1,0.00,,0.00,,1.00,1,3.00,0.00,,0.00,147094577.00,0.00,2.00,1,1.00,2.00,31267209.54,0.00,,402,0,55.56,55.56,63.10,63.10,48.72,48.72,57.58,57.58,0.00,0.00
South Africa,ZAF,20200325,3.00,1,0.00,,2.00,1,3.00,1,0.00,,0.00,,1.00,1,3.00,0.00,,0.00,0.00,0.00,2.00,1,1.00,2.00,0.00,0.00,,557,0,55.56,55.56,63.10,63.10,48.72,48.72,57.58,57.58,0.00,0.00
South Africa,ZAF,20200326,3.00,1,3.00,1,2.00,1,3.00,1,1.00,1,2.00,1,2.00,1,4.00,0.00,,0.00,0.00,0.00,2.00,1,1.00,2.00,0.00,0.00,,709,0,87.96,87.96,95.24,95.24,71.15,71.15,84.09,84.09,0.00,0.00
South Africa,ZAF,20200327,3.00,1,3.00,1,2.00,1,3.00,1,1.00,1,2.00,1,2.00,1,4.00,0.00,,0.00,0.00,0.00,2.00,1,1.00,2.00,0.00,0.00,,927,2,87.96,87.96,95.24,95.24,71.15,71.15,84.09,84.09,0.00,0.00
South Africa,ZAF,20200328,3.00,1,3.00,1,2.00,1,3.00,1,1.00,1,2.00,1,2.00,1,4.00,0.00,,0.00,0.00,0.00,2.00,1,2.00,2.00,0.00,0.00,,1170,2,87.96,87.96,95.24,95.24,73.72,73.72,87.12,87.12,0.00,0.00
South Africa,ZAF,20200329,3.00,1,3.00,1,2.00,1,3.00,1,1.00,1,2.00,1,2.00,1,4.00,0.00,,0.00,0.00,0.00,2.00,1,2.00,2.00,0.00,0.00,,1187,2,87.96,87.96,95.24,95.24,73.72,73.72,87.12,87.12,0.00,0.00
South Africa,ZAF,20200330,3.00,1,3.00,1,2.00,1,3.00,1,1.00,1,2.00,1,2.00,1,4.00,0.00,,0.00,2521000000.00,0.00,2.00,1,2.00,2.00,0.00,0.00,,1280,2,87.96,87.96,95.24,95.24,73.72,73.72,87.12,87.12,0.00,0.00
South Africa,ZAF,20200331,3.00,1,3.00,1,2.00,1,3.00,1,1.00,1,2.00,1,2.00,1,4.00,0.00,,0.00,0.00,0.00,2.00,1,2.00,2.00,0.00,0.00,,1326,3,87.96,87.96,95.24,95.24,73.72,73.72,87.12,87.12,0.00,0.00
South Africa,ZAF,20200401,3.00,1,3.00,1,2.00,1,3.00,1,1.00,1,2.00,1,2.00,1,4.00,0.00,,0.00,0.00,0.00,2.00,1,2.00,2.00,0.00,0.00,,1353,5,87.96,87.96,95.24,95.24,73.72,73.72,87.12,87.12,0.00,0.00
South Africa,ZAF,20200402,3.00,1,3.00,1,2.00,1,3.00,1,1.00,1,2.00,1,2.00,1,4.00,0.00,,0.00,0.00,0.00,2.00,1,2.00,2.00,0.00,0.00,,1380,5,87.96,87.96,95.24,95.24,73.72,73.72,87.12,87.12,0.00,0.00
South Africa,ZAF,20200403,3.00,1,3.00,1,2.00,1,3.00,1,1.00,1,2.00,1,2.00,1,4.00,0.00,,0.00,0.00,0.00,2.00,1,2.00,2.00,0.00,0.00,,1462,5,87.96,87.96,95.24,95.24,73.72,73.72,87.12,87.12,0.00,0.00
South Africa,ZAF,20200404,3.00,1,3.00,1,2.00,1,3.00,1,1.00,1,2.00,1,2.00,1,4.00,0.00,,0.00,0.00,0.00,2.00,1,2.00,2.00,0.00,0.00,,1505,7,87.96,87.96,95.24,95.24,73.72,73.72,87.12,87.12,0.00,0.00
South Africa,ZAF,20200405,3.00,1,3.00,1,2.00,1,3.00,1,1.00,1,2.00,1,2.00,1,4.00,0.00,,0.00,0.00,0.00,2.00,1,2.00,2.00,0.00,0.00,,1585,9,87.96,87.96,95.24,95.24,73.72,73.72,87.12,87.12,0.00,0.00
South Africa,ZAF,20200406,3.00,1,3.00,1,2.00,1,3.00,1,1.00,1,2.00,1,2.00,1,4.00,0.00,,0.00,0.00,0.00,2.00,1,2.00,2.00,0.00,0.00,,1655,11,87.96,87.96,95.24,95.24,73.72,73.72,87.12,87.12,0.00,0.00
South Africa,ZAF,20200407,3.00,1,3.00,1,2.00,1,3.00,1,1.00,1,2.00,1,2.00,1,4.00,0.00,,0.00,0.00,0.00,2.00,1,2.00,2.00,0.00,0.00,,1686,12,87.96,87.96,95.24,95.24,73.72,73.72,87.12,87.12,0.00,0.00
South Africa,ZAF,20200408,3.00,1,3.00,1,2.00,1,3.00,1,1.00,1,2.00,1,2.00,1,4.00,0.00,,0.00,0.00,0.00,2.00,1,2.00,2.00,0.00,0.00,,1749,13,87.96,87.96,95.24,95.24,73.72,73.72,87.12,87.12,0.00,0.00
South Africa,ZAF,20200409,3.00,1,3.00,1,2.00,1,3.00,1,1.00,1,2.00,1,2.00,1,4.00,0.00,,0.00,0.00,0.00,2.00,1,2.00,2.00,0.00,0.00,,1845,18,87.96,87.96,95.24,95.24,73.72,73.72,87.12,87.12,0.00,0.00
South Africa,ZAF,20200410,3.00,1,3.00,1,2.00,1,3.00,1,1.00,1,2.00,1,2.00,1,4.00,0.00,,0.00,0.00,0.00,2.00,1,2.00,2.00,0.00,0.00,,1934,18,87.96,87.96,95.24,95.24,73.72,73.72,87.12,87.12,0.00,0.00
South Africa,ZAF,20200411,3.00,1,3.00,1,2.00,1,3.00,1,1.00,1,2.00,1,2.00,1,4.00,0.00,,0.00,0.00,0.00,2.00,1,2.00,2.00,0.00,0.00,,2003,24,87.96,87.96,95.24,95.24,73.72,73.72,87.12,87.12,0.00,0.00
South Africa,ZAF,20200412,3.00,1,3.00,1,2.00,1,3.00,1,1.00,1,2.00,1,2.00,1,4.00,0.00,,0.00,0.00,0.00,2.00,1,2.00,2.00,0.00,0.00,,2028,25,87.96,87.96,95.24,95.24,73.72,73.72,87.12,87.12,0.00,0.00
South Africa,ZAF,20200413,3.00,1,3.00,1,2.00,1,3.00,1,1.00,1,2.00,1,2.00,1,4.00,0.00,,0.00,0.00,0.00,2.00,1,2.00,2.00,0.00,0.00,,2173,25,87.96,87.96,95.24,95.24,73.72,73.72,87.12,87.12,0.00,0.00
South Africa,ZAF,20200414,3.00,1,3.00,1,2.00,1,3.00,1,1.00,1,2.00,1,2.00,1,4.00,0.00,,0.00,0.00,0.00,2.00,1,2.00,2.00,0.00,0.00,,2272,27,87.96,87.96,95.24,95.24,73.72,73.72,87.12,87.12,0.00,0.00
South Africa,ZAF,20200415,3.00,1,3.00,1,2.00,1,3.00,1,1.00,1,2.00,1,2.00,1,4.00,0.00,,0.00,0.00,0.00,2.00,1,2.00,2.00,0.00,0.00,,2415,27,87.96,87.96,95.24,95.24,73.72,73.72,87.12,87.12,0.00,0.00
South Africa,ZAF,20200416,3.00,1,3.00,1,2.00,1,3.00,1,1.00,1,2.00,1,2.00,1,4.00,0.00,,0.00,0.00,0.00,2.00,1,2.00,2.00,0.00,0.00,,2506,34,87.96,87.96,95.24,95.24,73.72,73.72,87.12,87.12,0.00,0.00
South Africa,ZAF,20200417,3.00,1,3.00,1,2.00,1,3.00,1,1.00,1,2.00,1,2.00,1,4.00,0.00,,0.00,0.00,0.00,2.00,1,2.00,2.00,0.00,0.00,,2605,48,87.96,87.96,95.24,95.24,73.72,73.72,87.12,87.12,0.00,0.00
South Africa,ZAF,20200418,3.00,1,3.00,1,2.00,1,3.00,1,1.00,1,2.00,1,2.00,1,4.00,0.00,,0.00,0.00,0.00,2.00,1,2.00,2.00,0.00,0.00,,2783,50,87.96,87.96,95.24,95.24,73.72,73.72,87.12,87.12,0.00,0.00
South Africa,ZAF,20200419,3.00,1,3.00,1,2.00,1,3.00,1,1.00,1,2.00,1,2.00,1,4.00,0.00,,0.00,0.00,0.00,2.00,1,2.00,2.00,0.00,0.00,,3034,52,87.96,87.96,95.24,95.24,73.72,73.72,87.12,87.12,0.00,0.00
South Africa,ZAF,20200420,3.00,1,3.00,1,2.00,1,3.00,1,1.00,1,2.00,1,2.00,1,4.00,0.00,,0.00,0.00,0.00,2.00,1,2.00,2.00,0.00,0.00,,3158,54,87.96,87.96,95.24,95.24,73.72,73.72,87.12,87.12,0.00,0.00
South Africa,ZAF,20200421,3.00,1,3.00,1,2.00,1,3.00,1,1.00,1,2.00,1,2.00,1,4.00,1.00,1,0.00,36300000000.00,0.00,2.00,1,2.00,2.00,0.00,0.00,,3300,58,87.96,87.96,95.24,95.24,77.56,77.56,87.12,87.12,25.00,25.00
South Africa,ZAF,20200422,3.00,1,3.00,1,2.00,1,3.00,1,1.00,1,2.00,1,2.00,1,4.00,1.00,1,0.00,0.00,0.00,2.00,1,2.00,2.00,0.00,0.00,,3465,58,87.96,87.96,95.24,95.24,77.56,77.56,87.12,87.12,25.00,25.00
South Africa,ZAF,20200423,3.00,1,3.00,1,2.00,1,3.00,1,1.00,1,2.00,1,2.00,1,4.00,1.00,1,0.00,0.00,0.00,2.00,1,2.00,2.00,0.00,0.00,,3635,65,87.96,87.96,95.24,95.24,77.56,77.56,87.12,87.12,25.00,25.00
South Africa,ZAF,20200424,3.00,1,3.00,1,2.00,1,3.00,1,1.00,1,2.00,1,2.00,1,4.00,1.00,1,0.00,0.00,0.00,2.00,1,2.00,2.00,0.00,0.00,,3953,75,87.96,87.96,95.24,95.24,77.56,77.56,87.12,87.12,25.00,25.00
South Africa,ZAF,20200425,3.00,1,3.00,1,2.00,1,3.00,1,1.00,1,2.00,1,2.00,1,4.00,1.00,1,0.00,0.00,0.00,2.00,1,2.00,2.00,0.00,0.00,,4220,79,87.96,87.96,95.24,95.24,77.56,77.56,87.12,87.12,25.00,25.00
South Africa,ZAF,20200426,3.00,1,3.00,1,2.00,1,3.00,1,1.00,1,2.00,1,2.00,1,4.00,1.00,1,0.00,0.00,0.00,2.00,1,2.00,2.00,0.00,0.00,,4361,86,87.96,87.96,95.24,95.24,77.56,77.56,87.12,87.12,25.00,25.00
South Africa,ZAF,20200427,3.00,1,3.00,1,2.00,1,3.00,1,1.00,1,2.00,1,2.00,1,4.00,1.00,1,0.00,0.00,0.00,2.00,1,2.00,2.00,0.00,0.00,,4546,87,87.96,87.96,95.24,95.24,77.56,77.56,87.12,87.12,25.00,25.00
South Africa,ZAF,20200428,3.00,1,3.00,1,2.00,1,3.00,1,1.00,1,2.00,1,2.00,1,4.00,1.00,1,0.00,0.00,0.00,2.00,1,2.00,2.00,0.00,0.00,,4793,90,87.96,87.96,95.24,95.24,77.56,77.56,87.12,87.12,25.00,25.00
South Africa,ZAF,20200429,3.00,1,3.00,1,2.00,1,3.00,1,1.00,1,2.00,1,2.00,1,4.00,1.00,1,0.00,0.00,0.00,2.00,1,2.00,2.00,0.00,0.00,,4996,93,87.96,87.96,95.24,95.24,77.56,77.56,87.12,87.12,25.00,25.00
South Africa,ZAF,20200430,3.00,1,3.00,1,2.00,1,3.00,1,1.00,1,2.00,1,2.00,1,4.00,1.00,1,0.00,0.00,0.00,2.00,1,2.00,2.00,0.00,0.00,,5350,103,87.96,87.96,95.24,95.24,77.56,77.56,87.12,87.12,25.00,25.00
South Africa,ZAF,20200501,3.00,1,2.00,1,2.00,1,3.00,1,1.00,1,2.00,1,2.00,1,4.00,1.00,1,0.00,0.00,0.00,2.00,1,3.00,2.00,0.00,0.00,,5647,103,84.26,84.26,91.67,91.67,77.56,77.56,87.12,87.12,25.00,25.00
South Africa,ZAF,20200502,3.00,1,2.00,1,2.00,1,3.00,1,1.00,1,2.00,1,2.00,1,4.00,1.00,1,0.00,0.00,0.00,2.00,1,3.00,2.00,0.00,0.00,,5951,116,84.26,84.26,91.67,91.67,77.56,77.56,87.12,87.12,25.00,25.00
South Africa,ZAF,20200503,3.00,1,2.00,1,2.00,1,3.00,1,1.00,1,2.00,1,2.00,1,4.00,1.00,1,0.00,0.00,0.00,2.00,1,3.00,2.00,0.00,0.00,,6336,123,84.26,84.26,91.67,91.67,77.56,77.56,87.12,87.12,25.00,25.00
South Africa,ZAF,20200504,3.00,1,2.00,1,2.00,1,3.00,1,1.00,1,2.00,1,2.00,1,4.00,1.00,1,0.00,0.00,0.00,2.00,1,3.00,2.00,0.00,0.00,,6783,131,84.26,84.26,91.67,91.67,77.56,77.56,87.12,87.12,25.00,25.00
South Africa,ZAF,20200505,3.00,1,2.00,1,2.00,1,3.00,1,1.00,1,2.00,1,2.00,1,4.00,1.00,1,0.00,0.00,0.00,2.00,1,3.00,2.00,0.00,0.00,,7220,138,84.26,84.26,91.67,91.67,77.56,77.56,87.12,87.12,25.00,25.00
South Africa,ZAF,20200506,3.00,1,2.00,1,2.00,1,3.00,1,1.00,1,2.00,1,2.00,1,4.00,1.00,1,0.00,0.00,0.00,2.00,1,3.00,2.00,0.00,0.00,,7572,148,84.26,84.26,91.67,91.67,77.56,77.56,87.12,87.12,25.00,25.00
South Africa,ZAF,20200507,3.00,1,2.00,1,2.00,1,3.00,1,1.00,1,2.00,1,2.00,1,4.00,1.00,1,0.00,0.00,0.00,2.00,1,3.00,2.00,0.00,0.00,,7808,153,84.26,84.26,91.67,91.67,77.56,77.56,87.12,87.12,25.00,25.00
South Africa,ZAF,20200508,3.00,1,2.00,1,2.00,1,3.00,1,1.00,1,2.00,1,2.00,1,4.00,1.00,1,0.00,0.00,0.00,2.00,1,3.00,2.00,0.00,0.00,,8232,161,84.26,84.26,91.67,91.67,77.56,77.56,87.12,87.12,25.00,25.00
South Africa,ZAF,20200509,3.00,1,2.00,1,2.00,1,3.00,1,1.00,1,2.00,1,2.00,1,4.00,1.00,1,0.00,0.00,0.00,2.00,1,3.00,2.00,0.00,0.00,,8895,178,84.26,84.26,91.67,91.67,77.56,77.56,87.12,87.12,25.00,25.00
South Africa,ZAF,20200510,3.00,1,2.00,1,2.00,1,3.00,1,1.00,1,2.00,1,2.00,1,4.00,1.00,1,0.00,0.00,0.00,2.00,1,3.00,2.00,0.00,0.00,,9420,186,84.26,84.26,91.67,91.67,77.56,77.56,87.12,87.12,25.00,25.00
South Africa,ZAF,20200511,3.00,1,2.00,1,2.00,1,3.00,1,1.00,1,2.00,1,2.00,1,4.00,1.00,1,0.00,0.00,0.00,2.00,1,3.00,2.00,0.00,0.00,,10015,194,84.26,84.26,91.67,91.67,77.56,77.56,87.12,87.12,25.00,25.00
South Africa,ZAF,20200512,3.00,1,2.00,1,2.00,1,3.00,1,1.00,1,2.00,1,2.00,1,4.00,1.00,1,0.00,0.00,0.00,2.00,1,3.00,2.00,0.00,0.00,,10652,206,84.26,84.26,91.67,91.67,77.56,77.56,87.12,87.12,25.00,25.00
South Africa,ZAF,20200513,3.00,1,2.00,1,2.00,1,3.00,1,1.00,1,2.00,1,2.00,1,4.00,1.00,1,0.00,0.00,0.00,2.00,1,3.00,2.00,0.00,0.00,,11350,206,84.26,84.26,91.67,91.67,77.56,77.56,87.12,87.12,25.00,25.00
South Africa,ZAF,20200514,3.00,1,2.00,1,2.00,1,3.00,1,1.00,1,2.00,1,2.00,1,4.00,1.00,1,0.00,0.00,0.00,2.00,1,3.00,2.00,0.00,0.00,,12074,219,84.26,84.26,91.67,91.67,77.56,77.56,87.12,87.12,25.00,25.00
South Africa,ZAF,20200515,3.00,1,2.00,1,2.00,1,3.00,1,1.00,1,2.00,1,2.00,1,4.00,1.00,1,0.00,0.00,0.00,2.00,1,3.00,2.00,0.00,0.00,,12739,238,84.26,84.26,91.67,91.67,77.56,77.56,87.12,87.12,25.00,25.00
South Africa,ZAF,20200516,3.00,1,2.00,1,2.00,1,3.00,1,1.00,1,2.00,1,2.00,1,4.00,1.00,1,0.00,0.00,0.00,2.00,1,3.00,2.00,0.00,0.00,,13524,247,84.26,84.26,91.67,91.67,77.56,77.56,87.12,87.12,25.00,25.00
South Africa,ZAF,20200517,3.00,1,2.00,1,2.00,1,3.00,1,1.00,1,2.00,1,2.00,1,4.00,1.00,1,0.00,0.00,0.00,2.00,1,3.00,2.00,0.00,0.00,,14355,261,84.26,84.26,91.67,91.67,77.56,77.56,87.12,87.12,25.00,25.00
South Africa,ZAF,20200518,3.00,1,2.00,1,2.00,1,3.00,1,1.00,1,2.00,1,2.00,1,4.00,1.00,1,0.00,0.00,0.00,2.00,1,3.00,2.00,0.00,0.00,,15515,264,84.26,84.26,91.67,91.67,77.56,77.56,87.12,87.12,25.00,25.00
South Africa,ZAF,20200519,3.00,1,2.00,1,2.00,1,3.00,1,1.00,1,2.00,1,2.00,1,4.00,1.00,1,0.00,0.00,0.00,2.00,1,3.00,2.00,0.00,0.00,,16433,286,84.26,84.26,91.67,91.67,77.56,77.56,87.12,87.12,25.00,25.00
South Africa,ZAF,20200520,3.00,1,2.00,1,2.00,1,3.00,1,1.00,1,2.00,1,2.00,1,4.00,1.00,1,0.00,0.00,0.00,2.00,1,3.00,2.00,0.00,0.00,,17200,312,84.26,84.26,91.67,91.67,77.56,77.56,87.12,87.12,25.00,25.00
South Africa,ZAF,20200521,3.00,1,2.00,1,2.00,1,3.00,1,1.00,1,2.00,1,2.00,1,4.00,1.00,1,0.00,0.00,0.00,2.00,1,3.00,2.00,0.00,0.00,,18003,339,84.26,84.26,91.67,91.67,77.56,77.56,87.12,87.12,25.00,25.00
South Africa,ZAF,20200522,3.00,1,2.00,1,2.00,1,3.00,1,1.00,1,2.00,1,2.00,1,4.00,1.00,1,0.00,0.00,0.00,2.00,1,3.00,2.00,0.00,0.00,,19137,369,84.26,84.26,91.67,91.67,77.56,77.56,87.12,87.12,25.00,25.00
South Africa,ZAF,20200523,3.00,1,2.00,1,2.00,1,3.00,1,1.00,1,2.00,1,2.00,1,4.00,1.00,1,0.00,0.00,0.00,2.00,1,3.00,2.00,0.00,0.00,,20125,397,84.26,84.26,91.67,91.67,77.56,77.56,87.12,87.12,25.00,25.00
South Africa,ZAF,20200524,3.00,1,2.00,1,2.00,1,3.00,1,1.00,1,2.00,1,2.00,1,4.00,1.00,1,0.00,0.00,0.00,2.00,1,3.00,2.00,0.00,0.00,,21343,407,84.26,84.26,91.67,91.67,77.56,77.56,87.12,87.12,25.00,25.00
South Africa,ZAF,20200525,3.00,1,2.00,1,2.00,1,3.00,1,1.00,1,2.00,1,2.00,1,4.00,1.00,1,0.00,0.00,0.00,2.00,1,3.00,2.00,0.00,0.00,,22583,429,84.26,84.26,91.67,91.67,77.56,77.56,87.12,87.12,25.00,25.00
South Africa,ZAF,20200526,3.00,1,2.00,1,2.00,1,3.00,1,1.00,1,2.00,1,2.00,1,4.00,1.00,1,0.00,0.00,0.00,2.00,1,3.00,2.00,0.00,0.00,,23615,481,84.26,84.26,91.67,91.67,77.56,77.56,87.12,87.12,25.00,25.00
South Africa,ZAF,20200527,3.00,1,2.00,1,2.00,1,3.00,1,1.00,1,2.00,1,2.00,1,4.00,1.00,1,0.00,0.00,0.00,2.00,1,3.00,2.00,0.00,0.00,,24264,524,84.26,84.26,91.67,91.67,77.56,77.56,87.12,87.12,25.00,25.00
South Africa,ZAF,20200528,3.00,1,2.00,1,2.00,1,3.00,1,1.00,1,2.00,1,2.00,1,4.00,1.00,1,0.00,0.00,0.00,2.00,1,3.00,2.00,0.00,0.00,,25937,552,84.26,84.26,91.67,91.67,77.56,77.56,87.12,87.12,25.00,25.00
South Africa,ZAF,20200529,3.00,1,2.00,1,2.00,1,3.00,1,1.00,1,2.00,1,2.00,1,4.00,1.00,1,2.00,0.00,0.00,2.00,1,3.00,2.00,0.00,0.00,,27403,577,84.26,84.26,91.67,91.67,85.26,85.26,87.12,87.12,75.00,75.00
South Africa,ZAF,20200530,3.00,1,2.00,1,2.00,1,3.00,1,1.00,1,2.00,1,2.00,1,4.00,1.00,1,2.00,0.00,0.00,2.00,1,3.00,2.00,0.00,0.00,,29240,611,84.26,84.26,91.67,91.67,85.26,85.26,87.12,87.12,75.00,75.00
South Africa,ZAF,20200531,3.00,1,2.00,1,2.00,1,3.00,1,1.00,1,2.00,1,2.00,1,4.00,1.00,1,2.00,0.00,0.00,2.00,1,3.00,2.00,0.00,0.00,,30967,643,84.26,84.26,91.67,91.67,85.26,85.26,87.12,87.12,75.00,75.00
South Africa,ZAF,20200601,3.00,1,2.00,1,2.00,1,3.00,1,1.00,1,1.00,1,2.00,1,4.00,1.00,1,2.00,0.00,0.00,2.00,1,3.00,2.00,0.00,0.00,,32683,683,80.56,80.56,91.67,91.67,82.69,82.69,84.09,84.09,75.00,75.00
South Africa,ZAF,20200602,3.00,1,2.00,1,2.00,1,3.00,1,1.00,1,1.00,1,2.00,1,4.00,1.00,1,2.00,0.00,0.00,2.00,1,3.00,2.00,0.00,0.00,,34357,705,80.56,80.56,91.67,91.67,82.69,82.69,84.09,84.09,75.00,75.00
South Africa,ZAF,20200603,3.00,1,2.00,1,2.00,1,3.00,1,1.00,1,1.00,1,2.00,1,4.00,1.00,1,2.00,0.00,0.00,2.00,1,3.00,2.00,0.00,0.00,,35812,755,80.56,80.56,91.67,91.67,82.69,82.69,84.09,84.09,75.00,75.00
South Africa,ZAF,20200604,3.00,1,2.00,1,2.00,1,3.00,1,1.00,1,1.00,1,2.00,1,4.00,1.00,1,2.00,0.00,0.00,2.00,1,3.00,2.00,0.00,0.00,,37525,792,80.56,80.56,91.67,91.67,82.69,82.69,84.09,84.09,75.00,75.00
South Africa,ZAF,20200605,3.00,1,2.00,1,2.00,1,3.00,1,1.00,1,1.00,1,2.00,1,4.00,1.00,1,2.00,0.00,0.00,2.00,1,3.00,2.00,0.00,0.00,,40792,848,80.56,80.56,91.67,91.67,82.69,82.69,84.09,84.09,75.00,75.00
South Africa,ZAF,20200606,3.00,1,2.00,1,2.00,1,3.00,1,1.00,1,1.00,1,2.00,1,4.00,1.00,1,2.00,0.00,0.00,2.00,1,3.00,2.00,0.00,0.00,,43434,908,80.56,80.56,91.67,91.67,82.69,82.69,84.09,84.09,75.00,75.00
South Africa,ZAF,20200607,3.00,1,2.00,1,2.00,1,3.00,1,1.00,1,1.00,1,2.00,1,4.00,1.00,1,2.00,0.00,0.00,2.00,1,3.00,2.00,0.00,0.00,,45973,952,80.56,80.56,91.67,91.67,82.69,82.69,84.09,84.09,75.00,75.00
South Africa,ZAF,20200608,2.00,1,2.00,1,2.00,1,3.00,1,1.00,1,1.00,1,2.00,1,4.00,1.00,1,2.00,0.00,0.00,2.00,1,3.00,2.00,0.00,0.00,,48285,998,76.85,76.85,88.10,88.10,80.13,80.13,81.06,81.06,75.00,75.00
South Africa,ZAF,20200609,2.00,1,2.00,1,2.00,1,3.00,1,1.00,1,1.00,1,2.00,1,4.00,1.00,1,2.00,0.00,0.00,2.00,1,3.00,2.00,0.00,0.00,,50879,1080,76.85,76.85,88.10,88.10,80.13,80.13,81.06,81.06,75.00,75.00
South Africa,ZAF,20200610,2.00,1,2.00,1,2.00,1,3.00,1,1.00,1,1.00,1,2.00,1,4.00,1.00,1,2.00,0.00,0.00,2.00,1,3.00,2.00,0.00,0.00,,52991,1162,76.85,76.85,88.10,88.10,80.13,80.13,81.06,81.06,75.00,75.00
South Africa,ZAF,20200611,2.00,1,2.00,1,2.00,1,3.00,1,1.00,1,1.00,1,2.00,1,4.00,1.00,1,2.00,0.00,0.00,2.00,1,3.00,2.00,0.00,0.00,,55421,1210,76.85,76.85,88.10,88.10,80.13,80.13,81.06,81.06,75.00,75.00
South Africa,ZAF,20200612,2.00,1,2.00,1,2.00,1,3.00,1,1.00,1,1.00,1,2.00,1,4.00,1.00,1,2.00,0.00,0.00,2.00,1,3.00,2.00,0.00,0.00,,58568,1289,76.85,76.85,88.10,88.10,80.13,80.13,81.06,81.06,75.00,75.00
South Africa,ZAF,20200613,2.00,1,2.00,1,2.00,1,3.00,1,1.00,1,1.00,1,2.00,1,4.00,1.00,1,2.00,0.00,0.00,2.00,1,3.00,2.00,0.00,0.00,,61927,1354,76.85,76.85,88.10,88.10,80.13,80.13,81.06,81.06,75.00,75.00
South Africa,ZAF,20200614,2.00,1,2.00,1,2.00,1,3.00,1,1.00,1,1.00,1,2.00,1,4.00,1.00,1,2.00,0.00,0.00,2.00,1,3.00,2.00,0.00,0.00,,65736,1423,76.85,76.85,88.10,88.10,80.13,80.13,81.06,81.06,75.00,75.00
South Africa,ZAF,20200615,2.00,1,2.00,1,2.00,1,3.00,1,1.00,1,1.00,1,2.00,1,4.00,1.00,1,2.00,0.00,0.00,2.00,1,3.00,2.00,0.00,0.00,,70038,1480,76.85,76.85,88.10,88.10,80.13,80.13,81.06,81.06,75.00,75.00
South Africa,ZAF,20200616,2.00,1,2.00,1,2.00,1,3.00,1,1.00,1,1.00,1,2.00,1,4.00,1.00,1,2.00,0.00,0.00,2.00,1,3.00,2.00,0.00,0.00,,73533,1568,76.85,76.85,88.10,88.10,80.13,80.13,81.06,81.06,75.00,75.00
South Africa,ZAF,20200617,2.00,1,2.00,1,2.00,1,3.00,1,1.00,1,1.00,1,2.00,1,4.00,1.00,1,2.00,0.00,0.00,2.00,1,3.00,2.00,0.00,0.00,,76334,1625,76.85,76.85,88.10,88.10,80.13,80.13,81.06,81.06,75.00,75.00
South Africa,ZAF,20200618,2.00,1,2.00,1,2.00,1,3.00,1,1.00,1,1.00,1,2.00,1,4.00,1.00,1,2.00,0.00,0.00,2.00,1,3.00,2.00,0.00,0.00,,80412,1674,76.85,76.85,88.10,88.10,80.13,80.13,81.06,81.06,75.00,75.00
South Africa,ZAF,20200619,,,,,,,,,,,,,,,,,,,,,,,,,,,,83890,1737,,76.85,,88.10,,80.13,,81.06,,75.00
South Africa,ZAF,20200620,,,,,,,,,,,,,,,,,,,,,,,,,,,,87715,1831,,76.85,,88.10,,80.13,,81.06,,75.00
South Africa,ZAF,20200621,,,,,,,,,,,,,,,,,,,,,,,,,,,,92681,1877,,76.85,,88.10,,80.13,,81.06,,75.00
South Africa,ZAF,20200622,,,,,,,,,,,,,,,,,,,,,,,,,,,,97302,1930,,76.85,,88.10,,80.13,,81.06,,75.00
South Africa,ZAF,20200623,,,,,,,,,,,,,,,,,,,,,,,,,,,,101590,1991,,76.85,,88.10,,80.13,,81.06,,75.00
