Albania,ALB,20200101,0.00,,0.00,,0.00,,0.00,,0.00,,0.00,,0.00,,0.00,0.00,,0.00,0.00,0.00,0.00,,0.00,0.00,0.00,0.00,,,,0.00,0.00,0.00,0.00,0.00,0.00,0.00,0.00,0.00,0.00
Albania,ALB,20200102,0.00,,0.00,,0.00,,0.00,,0.00,,0.00,,0.00,,0.00,0.00,,0.00,0.00,0.00,0.00,,0.00,0.00,0.00,0.00,,,,0.00,0.00,0.00,0.00,0.00,0.00,0.00,0.00,0.00,0.00
Albania,ALB,20200103,0.00,,0.00,,0.00,,0.00,,0.00,,0.00,,0.00,,0.00,0.00,,0.00,0.00,0.00,0.00,,0.00,0.00,0.00,0.00,,,,0.00,0.00,0.00,0.00,0.00,0.00,0.00,0.00,0.00,0.00
Albania,ALB,20200104,0.00,,0.00,,0.00,,0.00,,0.00,,0.00,,0.00,,0.00,0.00,,0.00,0.00,0.00,0.00,,0.00,0.00,0.00,0.00,,,,0.00,0.00,0.00,0.00,0.00,0.00,0.00,0.00,0.00,0.00
Albania,ALB,20200105,0.00,,0.00,,0.00,,0.00,,0.00,,0.00,,0.00,,0.00,0.00,,0.00,0.00,0.00,0.00,,0.00,0.00,0.00,0.00,,,,0.00,0.00,0.00,0.00,0.00,0.00,0.00,0.00,0.00,0.00
Albania,ALB,20200106,0.00,,0.00,,0.00,,0.00,,0.00,,0.00,,0.00,,0.00,0.00,,0.00,0.00,0.00,0.00,,0.00,0.00,0.00,0.00,,,,0.00,0.00,0.00,0.00,0.00,0.00,0.00,0.00,0.00,0.00
Albania,ALB,20200107,0.00,,0.00,,0.00,,0.00,,0.00,,0.00,,0.00,,0.00,0.00,,0.00,0.00,0.00,0.00,,0.00,0.00,0.00,0.00,,,,0.00,0.00,0.00,0.00,0.00,0.00,0.00,0.00,0.00,0.00
Albania,ALB,20200108,0.00,,0.00,,0.00,,0.00,,0.00,,0.00,,0.00,,0.00,0.00,,0.00,0.00,0.00,0.00,,0.00,0.00,0.00,0.00,,,,0.00,0.00,0.00,0.00,0.00,0.00,0.00,0.00,0.00,0.00
Albania,ALB,20200109,0.00,,0.00,,0.00,,0.00,,0.00,,0.00,,0.00,,0.00,0.00,,0.00,0.00,0.00,0.00,,0.00,0.00,0.00,0.00,,,,0.00,0.00,0.00,0.00,0.00,0.00,0.00,0.00,0.00,0.00
Albania,ALB,20200110,0.00,,0.00,,0.00,,0.00,,0.00,,0.00,,0.00,,0.00,0.00,,0.00,0.00,0.00,0.00,,0.00,0.00,0.00,0.00,,,,0.00,0.00,0.00,0.00,0.00,0.00,0.00,0.00,0.00,0.00
Albania,ALB,20200111,0.00,,0.00,,0.00,,0.00,,0.00,,0.00,,0.00,,0.00,0.00,,0.00,0.00,0.00,0.00,,0.00,0.00,0.00,0.00,,,,0.00,0.00,0.00,0.00,0.00,0.00,0.00,0.00,0.00,0.00
Albania,ALB,20200112,0.00,,0.00,,0.00,,0.00,,0.00,,0.00,,0.00,,0.00,0.00,,0.00,0.00,0.00,0.00,,0.00,0.00,0.00,0.00,,,,0.00,0.00,0.00,0.00,0.00,0.00,0.00,0.00,0.00,0.00
Albania,ALB,20200113,0.00,,0.00,,0.00,,0.00,,0.00,,0.00,,0.00,,0.00,0.00,,0.00,0.00,0.00,0.00,,0.00,0.00,0.00,0.00,,,,0.00,0.00,0.00,0.00,0.00,0.00,0.00,0.00,0.00,0.00
Albania,ALB,20200114,0.00,,0.00,,0.00,,0.00,,0.00,,0.00,,0.00,,0.00,0.00,,0.00,0.00,0.00,0.00,,0.00,0.00,0.00,0.00,,,,0.00,0.00,0.00,0.00,0.00,0.00,0.00,0.00,0.00,0.00
Albania,ALB,20200115,0.00,,0.00,,0.00,,0.00,,0.00,,0.00,,0.00,,0.00,0.00,,0.00,0.00,0.00,0.00,,0.00,0.00,0.00,0.00,,,,0.00,0.00,0.00,0.00,0.00,0.00,0.00,0.00,0.00,0.00
Albania,ALB,20200116,0.00,,0.00,,0.00,,0.00,,0.00,,0.00,,0.00,,0.00,0.00,,0.00,0.00,0.00,0.00,,0.00,0.00,0.00,0.00,,,,0.00,0.00,0.00,0.00,0.00,0.00,0.00,0.00,0.00,0.00
Albania,ALB,20200117,0.00,,0.00,,0.00,,0.00,,0.00,,0.00,,0.00,,0.00,0.00,,0.00,0.00,0.00,0.00,,0.00,0.00,0.00,0.00,,,,0.00,0.00,0.00,0.00,0.00,0.00,0.00,0.00,0.00,0.00
Albania,ALB,20200118,0.00,,0.00,,0.00,,0.00,,0.00,,0.00,,0.00,,0.00,0.00,,0.00,0.00,0.00,0.00,,0.00,0.00,0.00,0.00,,,,0.00,0.00,0.00,0.00,0.00,0.00,0.00,0.00,0.00,0.00
Albania,ALB,20200119,0.00,,0.00,,0.00,,0.00,,0.00,,0.00,,0.00,,0.00,0.00,,0.00,0.00,0.00,0.00,,0.00,0.00,0.00,0.00,,,,0.00,0.00,0.00,0.00,0.00,0.00,0.00,0.00,0.00,0.00
Albania,ALB,20200120,0.00,,0.00,,0.00,,0.00,,0.00,,0.00,,0.00,,0.00,0.00,,0.00,0.00,0.00,0.00,,0.00,0.00,0.00,0.00,,,,0.00,0.00,0.00,0.00,0.00,0.00,0.00,0.00,0.00,0.00
Albania,ALB,20200121,0.00,,0.00,,0.00,,0.00,,0.00,,0.00,,0.00,,0.00,0.00,,0.00,0.00,0.00,0.00,,0.00,0.00,0.00,0.00,,,,0.00,0.00,0.00,0.00,0.00,0.00,0.00,0.00,0.00,0.00
Albania,ALB,20200122,0.00,,0.00,,0.00,,0.00,,0.00,,0.00,,0.00,,0.00,0.00,,0.00,0.00,0.00,0.00,,0.00,0.00,0.00,0.00,,,,0.00,0.00,0.00,0.00,0.00,0.00,0.00,0.00,0.00,0.00
Albania,ALB,20200123,0.00,,0.00,,0.00,,0.00,,0.00,,0.00,,0.00,,0.00,0.00,,0.00,0.00,0.00,0.00,,0.00,0.00,0.00,0.00,,,,0.00,0.00,0.00,0.00,0.00,0.00,0.00,0.00,0.00,0.00
Albania,ALB,20200124,0.00,,0.00,,0.00,,0.00,,0.00,,0.00,,0.00,,0.00,0.00,,0.00,0.00,0.00,0.00,,0.00,0.00,0.00,0.00,,,,0.00,0.00,0.00,0.00,0.00,0.00,0.00,0.00,0.00,0.00
Albania,ALB,20200125,0.00,,0.00,,0.00,,0.00,,0.00,,0.00,,0.00,,0.00,0.00,,0.00,0.00,0.00,0.00,,0.00,0.00,0.00,0.00,,,,0.00,0.00,0.00,0.00,0.00,0.00,0.00,0.00,0.00,0.00
Albania,ALB,20200126,0.00,,0.00,,0.00,,0.00,,0.00,,0.00,,0.00,,0.00,0.00,,0.00,0.00,0.00,0.00,,0.00,0.00,0.00,0.00,,,,0.00,0.00,0.00,0.00,0.00,0.00,0.00,0.00,0.00,0.00
Albania,ALB,20200127,0.00,,0.00,,0.00,,0.00,,0.00,,0.00,,0.00,,0.00,0.00,,0.00,0.00,0.00,0.00,,0.00,0.00,0.00,0.00,,,,0.00,0.00,0.00,0.00,0.00,0.00,0.00,0.00,0.00,0.00
Albania,ALB,20200128,0.00,,0.00,,0.00,,0.00,,0.00,,0.00,,0.00,,0.00,0.00,,0.00,0.00,0.00,0.00,,0.00,0.00,0.00,0.00,,,,0.00,0.00,0.00,0.00,0.00,0.00,0.00,0.00,0.00,0.00
Albania,ALB,20200129,0.00,,0.00,,0.00,,0.00,,0.00,,0.00,,0.00,,0.00,0.00,,0.00,0.00,0.00,0.00,,0.00,0.00,0.00,0.00,,,,0.00,0.00,0.00,0.00,0.00,0.00,0.00,0.00,0.00,0.00
Albania,ALB,20200130,0.00,,0.00,,0.00,,0.00,,0.00,,0.00,,0.00,,0.00,0.00,,0.00,0.00,0.00,0.00,,0.00,0.00,0.00,0.00,,,,0.00,0.00,0.00,0.00,0.00,0.00,0.00,0.00,0.00,0.00
Albania,ALB,20200131,0.00,,0.00,,0.00,,0.00,,0.00,,0.00,,0.00,,0.00,0.00,,0.00,0.00,0.00,0.00,,0.00,0.00,0.00,0.00,,,,0.00,0.00,0.00,0.00,0.00,0.00,0.00,0.00,0.00,0.00
Albania,ALB,20200201,0.00,,0.00,,0.00,,0.00,,0.00,,0.00,,0.00,,0.00,0.00,,0.00,0.00,0.00,0.00,,0.00,0.00,0.00,0.00,,,,0.00,0.00,0.00,0.00,0.00,0.00,0.00,0.00,0.00,0.00
Albania,ALB,20200202,0.00,,0.00,,0.00,,0.00,,0.00,,0.00,,0.00,,0.00,0.00,,0.00,0.00,0.00,0.00,,0.00,0.00,0.00,0.00,,,,0.00,0.00,0.00,0.00,0.00,0.00,0.00,0.00,0.00,0.00
Albania,ALB,20200203,0.00,,0.00,,0.00,,0.00,,0.00,,0.00,,0.00,,0.00,0.00,,0.00,0.00,0.00,0.00,,0.00,0.00,0.00,0.00,,,,0.00,0.00,0.00,0.00,0.00,0.00,0.00,0.00,0.00,0.00
Albania,ALB,20200204,0.00,,0.00,,0.00,,0.00,,0.00,,0.00,,0.00,,0.00,0.00,,0.00,0.00,0.00,0.00,,0.00,0.00,0.00,0.00,,,,0.00,0.00,0.00,0.00,0.00,0.00,0.00,0.00,0.00,0.00
Albania,ALB,20200205,0.00,,0.00,,0.00,,0.00,,0.00,,0.00,,0.00,,0.00,0.00,,0.00,0.00,0.00,0.00,,0.00,0.00,0.00,0.00,,,,0.00,0.00,0.00,0.00,0.00,0.00,0.00,0.00,0.00,0.00
Albania,ALB,20200206,0.00,,0.00,,0.00,,0.00,,0.00,,0.00,,0.00,,0.00,0.00,,0.00,0.00,0.00,0.00,,0.00,0.00,0.00,0.00,,,,0.00,0.00,0.00,0.00,0.00,0.00,0.00,0.00,0.00,0.00
Albania,ALB,20200207,0.00,,0.00,,0.00,,0.00,,0.00,,0.00,,0.00,,0.00,0.00,,0.00,0.00,0.00,0.00,,0.00,0.00,0.00,0.00,,,,0.00,0.00,0.00,0.00,0.00,0.00,0.00,0.00,0.00,0.00
Albania,ALB,20200208,0.00,,0.00,,0.00,,0.00,,0.00,,0.00,,0.00,,0.00,0.00,,0.00,0.00,0.00,0.00,,0.00,0.00,0.00,0.00,,,,0.00,0.00,0.00,0.00,0.00,0.00,0.00,0.00,0.00,0.00
Albania,ALB,20200209,0.00,,0.00,,0.00,,0.00,,0.00,,0.00,,0.00,,0.00,0.00,,0.00,0.00,0.00,0.00,,0.00,0.00,0.00,0.00,,,,0.00,0.00,0.00,0.00,0.00,0.00,0.00,0.00,0.00,0.00
Albania,ALB,20200210,0.00,,0.00,,0.00,,0.00,,0.00,,0.00,,0.00,,0.00,0.00,,0.00,0.00,0.00,0.00,,0.00,0.00,0.00,0.00,,,,0.00,0.00,0.00,0.00,0.00,0.00,0.00,0.00,0.00,0.00
Albania,ALB,20200211,0.00,,0.00,,0.00,,0.00,,0.00,,0.00,,0.00,,0.00,0.00,,0.00,0.00,0.00,0.00,,0.00,0.00,0.00,0.00,,,,0.00,0.00,0.00,0.00,0.00,0.00,0.00,0.00,0.00,0.00
Albania,ALB,20200212,0.00,,0.00,,0.00,,0.00,,0.00,,0.00,,0.00,,0.00,0.00,,0.00,0.00,0.00,0.00,,0.00,0.00,0.00,0.00,,,,0.00,0.00,0.00,0.00,0.00,0.00,0.00,0.00,0.00,0.00
Albania,ALB,20200213,0.00,,0.00,,0.00,,0.00,,0.00,,0.00,,0.00,,0.00,0.00,,0.00,0.00,0.00,0.00,,0.00,0.00,0.00,0.00,,,,0.00,0.00,0.00,0.00,0.00,0.00,0.00,0.00,0.00,0.00
Albania,ALB,20200214,0.00,,0.00,,0.00,,0.00,,0.00,,0.00,,0.00,,0.00,0.00,,0.00,0.00,0.00,1.00,1,0.00,0.00,0.00,0.00,,,,5.56,5.56,9.52,9.52,3.85,3.85,4.55,4.55,0.00,0.00
Albania,ALB,20200215,0.00,,0.00,,0.00,,0.00,,0.00,,0.00,,0.00,,0.00,0.00,,0.00,0.00,0.00,1.00,1,0.00,0.00,0.00,0.00,,,,5.56,5.56,9.52,9.52,3.85,3.85,4.55,4.55,0.00,0.00
Albania,ALB,20200216,0.00,,0.00,,0.00,,0.00,,0.00,,0.00,,0.00,,0.00,0.00,,0.00,0.00,0.00,1.00,1,0.00,0.00,0.00,0.00,,,,5.56,5.56,9.52,9.52,3.85,3.85,4.55,4.55,0.00,0.00
Albania,ALB,20200217,0.00,,0.00,,0.00,,0.00,,0.00,,0.00,,0.00,,0.00,0.00,,0.00,0.00,0.00,1.00,1,0.00,0.00,0.00,0.00,,,,5.56,5.56,9.52,9.52,3.85,3.85,4.55,4.55,0.00,0.00
Albania,ALB,20200218,0.00,,0.00,,0.00,,0.00,,0.00,,0.00,,0.00,,0.00,0.00,,0.00,0.00,0.00,1.00,1,0.00,0.00,0.00,0.00,,,,5.56,5.56,9.52,9.52,3.85,3.85,4.55,4.55,0.00,0.00
Albania,ALB,20200219,0.00,,0.00,,0.00,,0.00,,0.00,,0.00,,0.00,,0.00,0.00,,0.00,0.00,0.00,1.00,1,0.00,0.00,0.00,0.00,,,,5.56,5.56,9.52,9.52,3.85,3.85,4.55,4.55,0.00,0.00
Albania,ALB,20200220,0.00,,0.00,,0.00,,0.00,,0.00,,0.00,,0.00,,0.00,0.00,,0.00,0.00,0.00,1.00,1,0.00,0.00,0.00,0.00,,,,5.56,5.56,9.52,9.52,3.85,3.85,4.55,4.55,0.00,0.00
Albania,ALB,20200221,0.00,,0.00,,0.00,,0.00,,0.00,,0.00,,0.00,,0.00,0.00,,0.00,0.00,0.00,1.00,1,0.00,0.00,0.00,0.00,,,,5.56,5.56,9.52,9.52,3.85,3.85,4.55,4.55,0.00,0.00
Albania,ALB,20200222,0.00,,0.00,,0.00,,0.00,,0.00,,0.00,,0.00,,0.00,0.00,,0.00,0.00,0.00,1.00,1,0.00,0.00,0.00,0.00,,,,5.56,5.56,9.52,9.52,3.85,3.85,4.55,4.55,0.00,0.00
Albania,ALB,20200223,0.00,,0.00,,0.00,,0.00,,0.00,,0.00,,0.00,,0.00,0.00,,0.00,0.00,0.00,1.00,1,0.00,0.00,0.00,0.00,,,,5.56,5.56,9.52,9.52,3.85,3.85,4.55,4.55,0.00,0.00
Albania,ALB,20200224,0.00,,0.00,,0.00,,0.00,,0.00,,0.00,,0.00,,0.00,0.00,,0.00,0.00,0.00,1.00,1,0.00,0.00,0.00,0.00,,,,5.56,5.56,9.52,9.52,3.85,3.85,4.55,4.55,0.00,0.00
Albania,ALB,20200225,0.00,,0.00,,0.00,,0.00,,0.00,,0.00,,0.00,,1.00,0.00,,0.00,0.00,0.00,1.00,1,0.00,0.00,1000000.00,0.00,,,,8.33,8.33,13.10,13.10,5.77,5.77,6.82,6.82,0.00,0.00
Albania,ALB,20200226,0.00,,0.00,,0.00,,0.00,,0.00,,0.00,,0.00,,1.00,0.00,,0.00,0.00,0.00,1.00,1,0.00,0.00,0.00,0.00,,,,8.33,8.33,13.10,13.10,5.77,5.77,6.82,6.82,0.00,0.00
Albania,ALB,20200227,0.00,,0.00,,0.00,,0.00,,0.00,,0.00,,0.00,,1.00,0.00,,0.00,0.00,0.00,1.00,1,0.00,0.00,0.00,0.00,,,,8.33,8.33,13.10,13.10,5.77,5.77,6.82,6.82,0.00,0.00
Albania,ALB,20200228,0.00,,0.00,,0.00,,0.00,,0.00,,0.00,,0.00,,1.00,0.00,,0.00,0.00,0.00,1.00,1,0.00,0.00,0.00,0.00,,,,8.33,8.33,13.10,13.10,5.77,5.77,6.82,6.82,0.00,0.00
Albania,ALB,20200229,0.00,,0.00,,0.00,,0.00,,0.00,,0.00,,0.00,,1.00,0.00,,0.00,0.00,0.00,1.00,1,0.00,0.00,0.00,0.00,,,,8.33,8.33,13.10,13.10,5.77,5.77,6.82,6.82,0.00,0.00
Albania,ALB,20200301,0.00,,0.00,,0.00,,0.00,,0.00,,0.00,,0.00,,1.00,0.00,,0.00,0.00,0.00,1.00,1,0.00,0.00,0.00,0.00,,,,8.33,8.33,13.10,13.10,5.77,5.77,6.82,6.82,0.00,0.00
Albania,ALB,20200302,0.00,,0.00,,0.00,,0.00,,0.00,,0.00,,0.00,,1.00,0.00,,0.00,0.00,0.00,1.00,1,0.00,0.00,0.00,0.00,,,,8.33,8.33,13.10,13.10,5.77,5.77,6.82,6.82,0.00,0.00
Albania,ALB,20200303,0.00,,0.00,,0.00,,0.00,,0.00,,0.00,,0.00,,1.00,0.00,,0.00,0.00,0.00,1.00,1,0.00,0.00,0.00,0.00,,,,8.33,8.33,13.10,13.10,5.77,5.77,6.82,6.82,0.00,0.00
Albania,ALB,20200304,0.00,,0.00,,0.00,,0.00,,0.00,,0.00,,0.00,,1.00,0.00,,0.00,0.00,0.00,1.00,1,0.00,0.00,0.00,0.00,,,,8.33,8.33,13.10,13.10,5.77,5.77,6.82,6.82,0.00,0.00
Albania,ALB,20200305,0.00,,0.00,,0.00,,0.00,,0.00,,0.00,,0.00,,1.00,0.00,,0.00,0.00,0.00,1.00,1,0.00,0.00,0.00,0.00,,,,8.33,8.33,13.10,13.10,5.77,5.77,6.82,6.82,0.00,0.00
Albania,ALB,20200306,0.00,,0.00,,0.00,,0.00,,0.00,,0.00,,0.00,,1.00,0.00,,0.00,0.00,0.00,1.00,1,0.00,0.00,0.00,0.00,,,,8.33,8.33,13.10,13.10,5.77,5.77,6.82,6.82,0.00,0.00
Albania,ALB,20200307,0.00,,0.00,,0.00,,0.00,,0.00,,0.00,,0.00,,1.00,0.00,,0.00,0.00,0.00,1.00,1,0.00,0.00,0.00,0.00,,,,8.33,8.33,13.10,13.10,5.77,5.77,6.82,6.82,0.00,0.00
Albania,ALB,20200308,0.00,,0.00,,0.00,,0.00,,0.00,,0.00,,0.00,,1.00,0.00,,0.00,0.00,0.00,1.00,1,1.00,1.00,0.00,0.00,,,,8.33,8.33,13.10,13.10,12.18,12.18,14.39,14.39,0.00,0.00
Albania,ALB,20200309,3.00,1,0.00,,2.00,1,2.00,1,0.00,,0.00,,0.00,,1.00,0.00,,0.00,0.00,0.00,1.00,1,1.00,1.00,0.00,0.00,,2,0,36.11,36.11,41.67,41.67,31.41,31.41,37.12,37.12,0.00,0.00
Albania,ALB,20200310,3.00,1,0.00,,2.00,1,2.00,1,0.00,,0.00,,0.00,,1.00,0.00,,0.00,0.00,0.00,2.00,1,1.00,1.00,0.00,0.00,,6,0,41.67,41.67,46.43,46.43,35.26,35.26,41.67,41.67,0.00,0.00
Albania,ALB,20200311,3.00,1,2.00,1,2.00,1,2.00,1,0.00,,0.00,,0.00,,2.00,0.00,,0.00,0.00,0.00,2.00,1,1.00,1.00,0.00,0.00,,10,0,51.85,51.85,60.71,60.71,42.31,42.31,50.00,50.00,0.00,0.00
Albania,ALB,20200312,3.00,1,2.00,1,2.00,1,2.00,1,0.00,,0.00,,0.00,,2.00,0.00,,0.00,0.00,0.00,2.00,1,1.00,1.00,0.00,0.00,,11,1,51.85,51.85,60.71,60.71,42.31,42.31,50.00,50.00,0.00,0.00
Albania,ALB,20200313,3.00,1,2.00,1,2.00,1,2.00,1,2.00,0,2.00,1,2.00,1,2.00,0.00,,0.00,0.00,0.00,2.00,1,1.00,1.00,0.00,0.00,,23,1,78.70,78.70,84.52,84.52,60.90,60.90,71.97,71.97,0.00,0.00
Albania,ALB,20200314,3.00,1,2.00,1,2.00,1,2.00,1,2.00,0,2.00,1,2.00,1,2.00,0.00,,0.00,0.00,0.00,2.00,1,1.00,1.00,0.00,0.00,,33,1,78.70,78.70,84.52,84.52,60.90,60.90,71.97,71.97,0.00,0.00
Albania,ALB,20200315,3.00,1,2.00,1,2.00,1,2.00,1,2.00,0,2.00,1,2.00,1,3.00,0.00,,0.00,0.00,0.00,2.00,1,1.00,1.00,0.00,0.00,,38,1,81.48,81.48,88.10,88.10,62.82,62.82,74.24,74.24,0.00,0.00
Albania,ALB,20200316,3.00,1,2.00,1,2.00,1,2.00,1,2.00,0,2.00,1,2.00,1,3.00,0.00,,0.00,0.00,0.00,2.00,1,1.00,1.00,0.00,0.00,,42,1,81.48,81.48,88.10,88.10,62.82,62.82,74.24,74.24,0.00,0.00
Albania,ALB,20200317,3.00,1,2.00,1,2.00,1,2.00,1,2.00,0,2.00,1,2.00,1,3.00,0.00,,0.00,0.00,0.00,2.00,1,1.00,1.00,0.00,0.00,,51,1,81.48,81.48,88.10,88.10,62.82,62.82,74.24,74.24,0.00,0.00
Albania,ALB,20200318,3.00,1,2.00,1,2.00,1,2.00,1,2.00,0,2.00,1,2.00,1,3.00,0.00,,0.00,0.00,0.00,2.00,1,1.00,1.00,0.00,0.00,,55,1,81.48,81.48,88.10,88.10,62.82,62.82,74.24,74.24,0.00,0.00
Albania,ALB,20200319,3.00,1,2.00,1,2.00,1,2.00,1,2.00,0,2.00,1,2.00,1,3.00,1.00,0,0.00,17706949.80,0.00,2.00,1,1.00,1.00,25000000.00,0.00,,59,2,81.48,81.48,88.10,88.10,64.74,64.74,74.24,74.24,12.50,12.50
Albania,ALB,20200320,3.00,1,2.00,1,2.00,1,2.00,1,2.00,0,2.00,1,2.00,1,3.00,1.00,0,1.00,0.00,0.00,2.00,1,1.00,1.00,0.00,0.00,,70,2,81.48,81.48,88.10,88.10,68.59,68.59,74.24,74.24,37.50,37.50
Albania,ALB,20200321,3.00,1,2.00,1,2.00,1,2.00,1,2.00,0,2.00,1,2.00,1,3.00,1.00,0,1.00,0.00,0.00,2.00,1,1.00,1.00,0.00,0.00,,70,2,81.48,81.48,88.10,88.10,68.59,68.59,74.24,74.24,37.50,37.50
Albania,ALB,20200322,3.00,1,2.00,1,2.00,1,2.00,1,2.00,0,2.00,1,2.00,1,3.00,1.00,0,1.00,0.00,0.00,2.00,1,1.00,1.00,0.00,0.00,,76,2,81.48,81.48,88.10,88.10,68.59,68.59,74.24,74.24,37.50,37.50
Albania,ALB,20200323,3.00,1,2.00,1,2.00,1,2.00,1,2.00,0,2.00,1,2.00,1,4.00,1.00,0,1.00,0.00,0.00,2.00,1,1.00,1.00,0.00,0.00,,89,2,84.26,84.26,91.67,91.67,70.51,70.51,76.52,76.52,37.50,37.50
Albania,ALB,20200324,3.00,1,2.00,1,2.00,1,2.00,1,2.00,0,2.00,1,2.00,1,4.00,1.00,0,1.00,0.00,0.00,2.00,1,1.00,1.00,0.00,0.00,,100,4,84.26,84.26,91.67,91.67,70.51,70.51,76.52,76.52,37.50,37.50
Albania,ALB,20200325,3.00,1,2.00,1,2.00,1,2.00,1,2.00,0,2.00,1,2.00,1,4.00,1.00,0,1.00,0.00,0.00,2.00,1,1.00,1.00,0.00,0.00,,123,5,84.26,84.26,91.67,91.67,70.51,70.51,76.52,76.52,37.50,37.50
Albania,ALB,20200326,3.00,1,2.00,1,2.00,1,2.00,1,2.00,0,2.00,1,2.00,1,4.00,1.00,0,1.00,0.00,0.00,2.00,1,1.00,1.00,0.00,0.00,,146,5,84.26,84.26,91.67,91.67,70.51,70.51,76.52,76.52,37.50,37.50
Albania,ALB,20200327,3.00,1,2.00,1,2.00,1,2.00,1,2.00,0,2.00,1,2.00,1,4.00,1.00,0,1.00,0.00,0.00,2.00,1,1.00,1.00,0.00,0.00,,174,6,84.26,84.26,91.67,91.67,70.51,70.51,76.52,76.52,37.50,37.50
Albania,ALB,20200328,3.00,1,2.00,1,2.00,1,2.00,1,2.00,0,2.00,1,2.00,1,4.00,1.00,0,1.00,0.00,0.00,2.00,1,1.00,1.00,0.00,0.00,,186,9,84.26,84.26,91.67,91.67,70.51,70.51,76.52,76.52,37.50,37.50
Albania,ALB,20200329,3.00,1,2.00,1,2.00,1,2.00,1,2.00,0,2.00,1,2.00,1,4.00,1.00,0,1.00,0.00,0.00,2.00,1,1.00,1.00,0.00,0.00,,197,10,84.26,84.26,91.67,91.67,70.51,70.51,76.52,76.52,37.50,37.50
Albania,ALB,20200330,3.00,1,2.00,1,2.00,1,2.00,1,2.00,0,2.00,1,2.00,1,4.00,1.00,0,1.00,0.00,0.00,2.00,1,1.00,1.00,0.00,0.00,,212,10,84.26,84.26,91.67,91.67,70.51,70.51,76.52,76.52,37.50,37.50
Albania,ALB,20200331,3.00,1,2.00,1,2.00,1,2.00,1,2.00,0,2.00,1,2.00,1,4.00,1.00,0,1.00,0.00,0.00,2.00,1,1.00,1.00,0.00,0.00,,223,12,84.26,84.26,91.67,91.67,70.51,70.51,76.52,76.52,37.50,37.50
Albania,ALB,20200401,3.00,1,2.00,1,2.00,1,2.00,1,2.00,0,2.00,1,2.00,1,4.00,1.00,0,1.00,0.00,0.00,2.00,1,1.00,1.00,0.00,0.00,,243,15,84.26,84.26,91.67,91.67,70.51,70.51,76.52,76.52,37.50,37.50
Albania,ALB,20200402,3.00,1,2.00,1,2.00,1,2.00,1,2.00,0,2.00,1,2.00,1,4.00,1.00,0,1.00,0.00,0.00,2.00,1,1.00,1.00,0.00,0.00,,259,15,84.26,84.26,91.67,91.67,70.51,70.51,76.52,76.52,37.50,37.50
Albania,ALB,20200403,3.00,1,2.00,1,2.00,1,2.00,1,2.00,0,2.00,1,2.00,1,4.00,1.00,0,1.00,0.00,0.00,2.00,1,1.00,1.00,0.00,0.00,,277,16,84.26,84.26,91.67,91.67,70.51,70.51,76.52,76.52,37.50,37.50
Albania,ALB,20200404,3.00,1,2.00,1,2.00,1,2.00,1,2.00,0,2.00,1,2.00,1,4.00,1.00,0,1.00,0.00,0.00,2.00,1,1.00,1.00,0.00,0.00,,304,17,84.26,84.26,91.67,91.67,70.51,70.51,76.52,76.52,37.50,37.50
Albania,ALB,20200405,3.00,1,2.00,1,2.00,1,2.00,1,2.00,0,2.00,1,2.00,1,4.00,1.00,0,1.00,0.00,0.00,2.00,1,1.00,1.00,0.00,0.00,,333,19,84.26,84.26,91.67,91.67,70.51,70.51,76.52,76.52,37.50,37.50
Albania,ALB,20200406,3.00,1,2.00,1,2.00,1,2.00,1,2.00,0,2.00,1,2.00,1,4.00,1.00,0,1.00,0.00,0.00,2.00,1,1.00,1.00,0.00,0.00,,361,21,84.26,84.26,91.67,91.67,70.51,70.51,76.52,76.52,37.50,37.50
Albania,ALB,20200407,3.00,1,2.00,1,2.00,1,2.00,1,2.00,0,2.00,1,2.00,1,4.00,1.00,0,1.00,0.00,0.00,2.00,1,1.00,1.00,0.00,0.00,,377,22,84.26,84.26,91.67,91.67,70.51,70.51,76.52,76.52,37.50,37.50
Albania,ALB,20200408,3.00,1,2.00,1,2.00,1,2.00,1,2.00,0,2.00,1,2.00,1,4.00,1.00,0,1.00,0.00,0.00,2.00,1,1.00,1.00,0.00,0.00,,383,22,84.26,84.26,91.67,91.67,70.51,70.51,76.52,76.52,37.50,37.50
Albania,ALB,20200409,3.00,1,2.00,1,2.00,1,2.00,1,2.00,0,2.00,1,2.00,1,4.00,1.00,0,1.00,0.00,0.00,2.00,1,1.00,1.00,0.00,0.00,,400,22,84.26,84.26,91.67,91.67,70.51,70.51,76.52,76.52,37.50,37.50
Albania,ALB,20200410,3.00,1,2.00,1,2.00,1,2.00,1,2.00,0,2.00,1,2.00,1,4.00,1.00,0,1.00,0.00,0.00,2.00,1,1.00,1.00,0.00,0.00,,409,23,84.26,84.26,91.67,91.67,70.51,70.51,76.52,76.52,37.50,37.50
Albania,ALB,20200411,3.00,1,2.00,1,2.00,1,2.00,1,2.00,0,2.00,1,2.00,1,4.00,1.00,0,1.00,0.00,0.00,2.00,1,1.00,1.00,0.00,0.00,,416,23,84.26,84.26,91.67,91.67,70.51,70.51,76.52,76.52,37.50,37.50
Albania,ALB,20200412,3.00,1,2.00,1,2.00,1,2.00,1,2.00,0,2.00,1,2.00,1,4.00,1.00,0,1.00,0.00,0.00,2.00,1,1.00,1.00,0.00,0.00,,433,23,84.26,84.26,91.67,91.67,70.51,70.51,76.52,76.52,37.50,37.50
Albania,ALB,20200413,3.00,1,2.00,1,2.00,1,2.00,1,2.00,0,2.00,1,2.00,1,4.00,1.00,0,1.00,0.00,0.00,2.00,1,1.00,1.00,0.00,0.00,,446,23,84.26,84.26,91.67,91.67,70.51,70.51,76.52,76.52,37.50,37.50
Albania,ALB,20200414,3.00,1,2.00,1,2.00,1,2.00,1,2.00,0,2.00,1,2.00,1,4.00,1.00,0,1.00,0.00,0.00,2.00,1,1.00,1.00,0.00,0.00,,467,23,84.26,84.26,91.67,91.67,70.51,70.51,76.52,76.52,37.50,37.50
Albania,ALB,20200415,3.00,1,2.00,1,2.00,1,2.00,1,2.00,0,2.00,1,2.00,1,4.00,2.00,0,1.00,0.00,0.00,2.00,1,1.00,1.00,0.00,0.00,,475,24,84.26,84.26,91.67,91.67,74.36,74.36,76.52,76.52,62.50,62.50
Albania,ALB,20200416,3.00,1,2.00,1,2.00,1,2.00,1,2.00,0,2.00,1,2.00,1,4.00,2.00,0,1.00,0.00,0.00,2.00,1,1.00,1.00,0.00,0.00,,494,25,84.26,84.26,91.67,91.67,74.36,74.36,76.52,76.52,62.50,62.50
Albania,ALB,20200417,3.00,1,2.00,1,2.00,1,2.00,1,2.00,0,2.00,1,2.00,1,4.00,2.00,0,1.00,0.00,0.00,2.00,1,1.00,1.00,0.00,0.00,,518,26,84.26,84.26,91.67,91.67,74.36,74.36,76.52,76.52,62.50,62.50
Albania,ALB,20200418,3.00,1,2.00,1,2.00,1,4.00,1,2.00,0,2.00,1,2.00,1,4.00,2.00,0,1.00,0.00,0.00,2.00,1,1.00,1.00,0.00,0.00,,539,26,89.81,89.81,91.67,91.67,78.21,78.21,81.06,81.06,62.50,62.50
Albania,ALB,20200419,3.00,1,2.00,1,2.00,1,4.00,1,2.00,0,2.00,1,2.00,1,4.00,2.00,0,1.00,0.00,0.00,2.00,1,1.00,1.00,0.00,0.00,,548,26,89.81,89.81,91.67,91.67,78.21,78.21,81.06,81.06,62.50,62.50
Albania,ALB,20200420,3.00,1,2.00,1,2.00,1,4.00,1,2.00,0,2.00,1,2.00,1,4.00,2.00,0,1.00,0.00,0.00,2.00,1,1.00,1.00,0.00,0.00,,562,26,89.81,89.81,91.67,91.67,78.21,78.21,81.06,81.06,62.50,62.50
Albania,ALB,20200421,3.00,1,2.00,1,2.00,1,4.00,1,2.00,0,2.00,1,2.00,1,4.00,2.00,0,1.00,0.00,0.00,2.00,1,2.00,1.00,0.00,0.00,,584,26,89.81,89.81,91.67,91.67,80.77,80.77,84.09,84.09,62.50,62.50
Albania,ALB,20200422,3.00,1,2.00,1,2.00,1,4.00,1,2.00,0,2.00,1,2.00,1,4.00,2.00,0,1.00,0.00,0.00,2.00,1,2.00,1.00,0.00,0.00,,609,26,89.81,89.81,91.67,91.67,80.77,80.77,84.09,84.09,62.50,62.50
Albania,ALB,20200423,3.00,1,2.00,1,2.00,1,4.00,1,2.00,0,2.00,1,2.00,1,4.00,2.00,0,1.00,0.00,0.00,2.00,1,2.00,1.00,0.00,0.00,,634,27,89.81,89.81,91.67,91.67,80.77,80.77,84.09,84.09,62.50,62.50
Albania,ALB,20200424,3.00,1,2.00,1,2.00,1,4.00,1,2.00,0,2.00,1,2.00,1,4.00,2.00,0,1.00,0.00,0.00,2.00,1,2.00,1.00,0.00,0.00,,663,27,89.81,89.81,91.67,91.67,80.77,80.77,84.09,84.09,62.50,62.50
Albania,ALB,20200425,3.00,1,2.00,1,2.00,1,4.00,1,2.00,0,2.00,1,2.00,1,4.00,2.00,0,1.00,0.00,0.00,2.00,1,2.00,1.00,0.00,0.00,,678,27,89.81,89.81,91.67,91.67,80.77,80.77,84.09,84.09,62.50,62.50
Albania,ALB,20200426,3.00,1,2.00,1,2.00,1,4.00,1,2.00,0,2.00,1,2.00,1,4.00,2.00,0,1.00,0.00,0.00,2.00,1,2.00,1.00,0.00,0.00,,712,27,89.81,89.81,91.67,91.67,80.77,80.77,84.09,84.09,62.50,62.50
Albania,ALB,20200427,3.00,1,2.00,1,2.00,1,4.00,1,2.00,0,2.00,1,2.00,1,4.00,2.00,0,1.00,0.00,0.00,2.00,1,2.00,1.00,0.00,0.00,,726,28,89.81,89.81,91.67,91.67,80.77,80.77,84.09,84.09,62.50,62.50
Albania,ALB,20200428,3.00,1,2.00,1,2.00,1,4.00,1,2.00,0,2.00,1,2.00,1,4.00,2.00,0,1.00,0.00,0.00,2.00,1,2.00,1.00,0.00,0.00,,736,28,89.81,89.81,91.67,91.67,80.77,80.77,84.09,84.09,62.50,62.50
Albania,ALB,20200429,3.00,1,2.00,1,2.00,1,4.00,1,2.00,0,2.00,1,2.00,1,4.00,2.00,0,1.00,0.00,0.00,2.00,1,2.00,1.00,0.00,0.00,,750,30,89.81,89.81,91.67,91.67,80.77,80.77,84.09,84.09,62.50,62.50
Albania,ALB,20200430,3.00,1,2.00,1,2.00,1,4.00,1,2.00,0,2.00,1,2.00,1,4.00,2.00,0,1.00,0.00,0.00,2.00,1,2.00,1.00,0.00,0.00,,766,31,89.81,89.81,91.67,91.67,80.77,80.77,84.09,84.09,62.50,62.50
Albania,ALB,20200501,3.00,1,2.00,1,2.00,1,4.00,1,2.00,0,2.00,1,2.00,1,4.00,2.00,0,1.00,0.00,0.00,2.00,1,2.00,1.00,0.00,0.00,,773,31,89.81,89.81,91.67,91.67,80.77,80.77,84.09,84.09,62.50,62.50
Albania,ALB,20200502,3.00,1,2.00,1,2.00,1,4.00,1,2.00,0,2.00,1,2.00,1,4.00,2.00,0,1.00,0.00,0.00,2.00,1,2.00,1.00,0.00,0.00,,782,31,89.81,89.81,91.67,91.67,80.77,80.77,84.09,84.09,62.50,62.50
Albania,ALB,20200503,3.00,1,2.00,1,2.00,1,4.00,1,2.00,0,2.00,1,2.00,1,4.00,2.00,0,1.00,0.00,0.00,2.00,1,2.00,1.00,0.00,0.00,,789,31,89.81,89.81,91.67,91.67,80.77,80.77,84.09,84.09,62.50,62.50
Albania,ALB,20200504,3.00,1,2.00,1,2.00,1,4.00,1,2.00,0,2.00,1,2.00,1,4.00,2.00,0,1.00,0.00,0.00,2.00,1,2.00,1.00,0.00,0.00,,795,31,89.81,89.81,91.67,91.67,80.77,80.77,84.09,84.09,62.50,62.50
Albania,ALB,20200505,3.00,1,2.00,1,2.00,1,4.00,1,2.00,0,2.00,1,2.00,1,4.00,2.00,0,1.00,0.00,0.00,2.00,1,2.00,1.00,0.00,0.00,,803,31,89.81,89.81,91.67,91.67,80.77,80.77,84.09,84.09,62.50,62.50
Albania,ALB,20200506,3.00,1,2.00,1,2.00,1,4.00,1,2.00,0,2.00,1,2.00,1,4.00,2.00,0,1.00,0.00,0.00,2.00,1,2.00,1.00,0.00,0.00,,820,31,89.81,89.81,91.67,91.67,80.77,80.77,84.09,84.09,62.50,62.50
Albania,ALB,20200507,3.00,1,2.00,1,2.00,1,4.00,1,2.00,0,2.00,1,2.00,1,4.00,2.00,0,1.00,0.00,0.00,2.00,1,2.00,1.00,0.00,0.00,,832,31,89.81,89.81,91.67,91.67,80.77,80.77,84.09,84.09,62.50,62.50
Albania,ALB,20200508,3.00,1,2.00,1,2.00,1,4.00,1,2.00,0,2.00,1,2.00,1,4.00,2.00,0,1.00,0.00,0.00,2.00,1,2.00,1.00,0.00,0.00,,842,31,89.81,89.81,91.67,91.67,80.77,80.77,84.09,84.09,62.50,62.50
Albania,ALB,20200509,3.00,1,2.00,1,2.00,1,4.00,1,2.00,0,2.00,1,2.00,1,4.00,2.00,0,1.00,0.00,0.00,2.00,1,2.00,1.00,0.00,0.00,,850,31,89.81,89.81,91.67,91.67,80.77,80.77,84.09,84.09,62.50,62.50
Albania,ALB,20200510,3.00,1,2.00,1,2.00,1,4.00,1,2.00,0,2.00,1,2.00,1,4.00,2.00,0,1.00,0.00,0.00,2.00,1,2.00,1.00,0.00,0.00,,856,31,89.81,89.81,91.67,91.67,80.77,80.77,84.09,84.09,62.50,62.50
Albania,ALB,20200511,3.00,1,2.00,1,2.00,1,4.00,1,2.00,0,2.00,1,2.00,1,4.00,2.00,0,1.00,0.00,0.00,2.00,1,2.00,1.00,0.00,0.00,,868,31,89.81,89.81,91.67,91.67,80.77,80.77,84.09,84.09,62.50,62.50
Albania,ALB,20200512,3.00,1,2.00,1,2.00,1,4.00,1,2.00,0,2.00,1,2.00,1,4.00,2.00,0,1.00,0.00,0.00,2.00,1,2.00,1.00,0.00,0.00,,872,31,89.81,89.81,91.67,91.67,80.77,80.77,84.09,84.09,62.50,62.50
Albania,ALB,20200513,3.00,1,2.00,1,2.00,1,4.00,1,2.00,0,2.00,1,2.00,1,4.00,2.00,0,1.00,0.00,0.00,2.00,1,2.00,1.00,0.00,0.00,,876,31,89.81,89.81,91.67,91.67,80.77,80.77,84.09,84.09,62.50,62.50
Albania,ALB,20200514,3.00,1,2.00,1,2.00,1,4.00,1,2.00,0,2.00,1,2.00,1,4.00,2.00,0,1.00,0.00,0.00,2.00,1,2.00,1.00,0.00,0.00,,880,31,89.81,89.81,91.67,91.67,80.77,80.77,84.09,84.09,62.50,62.50
Albania,ALB,20200515,3.00,1,2.00,1,2.00,1,4.00,1,2.00,0,2.00,1,2.00,1,4.00,2.00,0,1.00,0.00,0.00,2.00,1,2.00,1.00,0.00,0.00,,898,31,89.81,89.81,91.67,91.67,80.77,80.77,84.09,84.09,62.50,62.50
Albania,ALB,20200516,3.00,1,2.00,1,2.00,1,4.00,1,2.00,0,2.00,1,2.00,1,4.00,2.00,0,1.00,0.00,0.00,2.00,1,2.00,1.00,0.00,0.00,,916,31,89.81,89.81,91.67,91.67,80.77,80.77,84.09,84.09,62.50,62.50
Albania,ALB,20200517,3.00,1,2.00,1,2.00,1,4.00,1,2.00,0,2.00,1,2.00,1,4.00,2.00,0,1.00,0.00,0.00,2.00,1,2.00,1.00,0.00,0.00,,933,31,89.81,89.81,91.67,91.67,80.77,80.77,84.09,84.09,62.50,62.50
Albania,ALB,20200518,2.00,1,2.00,1,2.00,1,4.00,1,2.00,0,2.00,1,2.00,0,4.00,2.00,0,1.00,0.00,0.00,2.00,1,2.00,1.00,0.00,0.00,,946,31,83.33,83.33,84.52,84.52,76.28,76.28,78.79,78.79,62.50,62.50
Albania,ALB,20200519,2.00,1,2.00,1,2.00,1,4.00,1,2.00,0,2.00,1,2.00,0,4.00,2.00,0,1.00,0.00,0.00,2.00,1,2.00,1.00,0.00,0.00,,948,31,83.33,83.33,84.52,84.52,76.28,76.28,78.79,78.79,62.50,62.50
Albania,ALB,20200520,2.00,1,2.00,1,2.00,1,4.00,1,2.00,0,2.00,1,2.00,0,4.00,2.00,0,1.00,0.00,0.00,2.00,1,2.00,1.00,0.00,0.00,,949,31,83.33,83.33,84.52,84.52,76.28,76.28,78.79,78.79,62.50,62.50
Albania,ALB,20200521,2.00,1,2.00,1,2.00,1,4.00,1,2.00,0,2.00,1,2.00,0,4.00,2.00,0,1.00,0.00,0.00,2.00,1,2.00,1.00,0.00,0.00,,964,31,83.33,83.33,84.52,84.52,76.28,76.28,78.79,78.79,62.50,62.50
Albania,ALB,20200522,2.00,1,2.00,1,2.00,1,4.00,1,2.00,0,2.00,1,2.00,0,4.00,2.00,0,1.00,0.00,0.00,2.00,1,2.00,1.00,0.00,0.00,,969,31,83.33,83.33,84.52,84.52,76.28,76.28,78.79,78.79,62.50,62.50
Albania,ALB,20200523,2.00,1,2.00,1,2.00,1,4.00,1,2.00,0,2.00,1,2.00,0,4.00,2.00,0,1.00,0.00,0.00,2.00,1,2.00,1.00,0.00,0.00,,981,31,83.33,83.33,84.52,84.52,76.28,76.28,78.79,78.79,62.50,62.50
Albania,ALB,20200524,2.00,1,2.00,1,2.00,1,4.00,1,2.00,0,2.00,1,2.00,0,4.00,2.00,0,1.00,0.00,0.00,2.00,1,2.00,1.00,0.00,0.00,,989,31,83.33,83.33,84.52,84.52,76.28,76.28,78.79,78.79,62.50,62.50
Albania,ALB,20200525,2.00,1,2.00,1,2.00,1,4.00,1,2.00,0,2.00,1,2.00,0,4.00,2.00,0,1.00,0.00,0.00,2.00,1,2.00,1.00,0.00,0.00,,998,32,83.33,83.33,84.52,84.52,76.28,76.28,78.79,78.79,62.50,62.50
Albania,ALB,20200526,2.00,1,2.00,1,2.00,1,4.00,1,2.00,1,2.00,1,2.00,0,4.00,1.00,1,2.00,0.00,0.00,2.00,1,1.00,2.00,0.00,0.00,,1004,32,86.11,86.11,89.29,89.29,81.41,81.41,82.58,82.58,75.00,75.00
Albania,ALB,20200527,2.00,1,2.00,1,2.00,1,4.00,1,2.00,1,2.00,1,2.00,0,4.00,1.00,1,2.00,0.00,0.00,2.00,1,1.00,2.00,0.00,0.00,,1029,33,86.11,86.11,89.29,89.29,81.41,81.41,82.58,82.58,75.00,75.00
Albania,ALB,20200528,2.00,1,2.00,1,2.00,1,4.00,1,2.00,1,2.00,1,2.00,0,4.00,1.00,1,2.00,0.00,0.00,2.00,1,1.00,2.00,0.00,0.00,,1050,33,86.11,86.11,89.29,89.29,81.41,81.41,82.58,82.58,75.00,75.00
Albania,ALB,20200529,2.00,1,2.00,1,2.00,1,4.00,1,2.00,1,2.00,1,2.00,0,4.00,1.00,1,2.00,0.00,0.00,2.00,1,1.00,2.00,0.00,0.00,,1076,33,86.11,86.11,89.29,89.29,81.41,81.41,82.58,82.58,75.00,75.00
Albania,ALB,20200530,2.00,1,2.00,1,2.00,1,4.00,1,2.00,1,2.00,1,2.00,0,4.00,1.00,1,2.00,0.00,0.00,2.00,1,1.00,2.00,0.00,0.00,,1099,33,86.11,86.11,89.29,89.29,81.41,81.41,82.58,82.58,75.00,75.00
Albania,ALB,20200531,2.00,1,2.00,1,2.00,1,4.00,1,2.00,1,2.00,1,2.00,0,4.00,1.00,1,2.00,0.00,0.00,2.00,1,1.00,2.00,0.00,0.00,,1122,33,86.11,86.11,89.29,89.29,81.41,81.41,82.58,82.58,75.00,75.00
Albania,ALB,20200601,2.00,1,2.00,1,2.00,1,4.00,1,2.00,1,0.00,,0.00,,3.00,1.00,1,2.00,382052000.00,0.00,2.00,1,1.00,2.00,0.00,0.00,,1137,33,67.59,67.59,75.00,75.00,68.59,68.59,67.42,67.42,75.00,75.00
Albania,ALB,20200602,2.00,1,2.00,1,2.00,1,4.00,1,2.00,1,0.00,,0.00,,3.00,1.00,1,2.00,0.00,0.00,2.00,1,1.00,2.00,0.00,0.00,,1143,33,67.59,67.59,75.00,75.00,68.59,68.59,67.42,67.42,75.00,75.00
Albania,ALB,20200603,2.00,1,2.00,1,2.00,1,4.00,1,2.00,1,0.00,,0.00,,3.00,1.00,1,2.00,0.00,0.00,2.00,1,1.00,2.00,0.00,0.00,,1164,33,67.59,67.59,75.00,75.00,68.59,68.59,67.42,67.42,75.00,75.00
Albania,ALB,20200604,2.00,1,2.00,1,2.00,1,4.00,1,2.00,1,0.00,,0.00,,3.00,1.00,1,2.00,0.00,0.00,2.00,1,1.00,2.00,0.00,0.00,,1184,33,67.59,67.59,75.00,75.00,68.59,68.59,67.42,67.42,75.00,75.00
Albania,ALB,20200605,2.00,1,2.00,1,2.00,1,4.00,1,2.00,1,0.00,,0.00,,3.00,1.00,1,2.00,0.00,0.00,2.00,1,1.00,2.00,0.00,0.00,,1197,33,67.59,67.59,75.00,75.00,68.59,68.59,67.42,67.42,75.00,75.00
Albania,ALB,20200606,2.00,1,2.00,1,2.00,1,4.00,1,2.00,1,0.00,,0.00,,3.00,1.00,1,2.00,0.00,0.00,2.00,1,1.00,2.00,0.00,0.00,,1212,33,67.59,67.59,75.00,75.00,68.59,68.59,67.42,67.42,75.00,75.00
Albania,ALB,20200607,2.00,1,2.00,1,2.00,1,4.00,1,2.00,1,0.00,,0.00,,3.00,1.00,1,2.00,0.00,0.00,2.00,1,1.00,2.00,0.00,0.00,,1232,34,67.59,67.59,75.00,75.00,68.59,68.59,67.42,67.42,75.00,75.00
Albania,ALB,20200608,2.00,1,2.00,1,2.00,1,4.00,1,2.00,1,0.00,,0.00,,3.00,1.00,1,2.00,0.00,0.00,2.00,1,1.00,2.00,0.00,0.00,,1246,34,67.59,67.59,75.00,75.00,68.59,68.59,67.42,67.42,75.00,75.00
Albania,ALB,20200609,2.00,1,2.00,1,2.00,1,4.00,1,2.00,1,0.00,,0.00,,3.00,1.00,1,2.00,0.00,0.00,2.00,1,1.00,2.00,0.00,0.00,,1263,34,67.59,67.59,75.00,75.00,68.59,68.59,67.42,67.42,75.00,75.00
Albania,ALB,20200610,2.00,1,2.00,1,2.00,1,4.00,1,2.00,1,0.00,,0.00,,3.00,1.00,1,2.00,0.00,0.00,2.00,1,1.00,2.00,0.00,0.00,,1299,34,67.59,67.59,75.00,75.00,68.59,68.59,67.42,67.42,75.00,75.00
Albania,ALB,20200611,2.00,1,2.00,1,2.00,1,4.00,1,2.00,1,0.00,,0.00,,3.00,1.00,1,2.00,0.00,0.00,2.00,1,1.00,2.00,0.00,0.00,,1341,34,67.59,67.59,75.00,75.00,68.59,68.59,67.42,67.42,75.00,75.00
Albania,ALB,20200612,2.00,1,2.00,1,2.00,1,4.00,1,2.00,1,0.00,,0.00,,3.00,1.00,1,2.00,0.00,0.00,2.00,1,1.00,2.00,0.00,0.00,,1385,35,67.59,67.59,75.00,75.00,68.59,68.59,67.42,67.42,75.00,75.00
Albania,ALB,20200613,2.00,1,2.00,1,2.00,1,4.00,1,2.00,1,0.00,,0.00,,3.00,1.00,1,2.00,0.00,0.00,2.00,1,1.00,2.00,0.00,0.00,,1416,36,67.59,67.59,75.00,75.00,68.59,68.59,67.42,67.42,75.00,75.00
Albania,ALB,20200614,2.00,1,2.00,1,2.00,1,4.00,1,2.00,1,0.00,,0.00,,3.00,1.00,1,2.00,0.00,0.00,2.00,1,1.00,2.00,0.00,0.00,,1464,36,67.59,67.59,75.00,75.00,68.59,68.59,67.42,67.42,75.00,75.00
Albania,ALB,20200615,2.00,1,2.00,1,2.00,1,4.00,1,2.00,1,0.00,,0.00,,3.00,1.00,1,2.00,0.00,0.00,2.00,1,1.00,2.00,0.00,0.00,,1521,36,67.59,67.59,75.00,75.00,68.59,68.59,67.42,67.42,75.00,75.00
Albania,ALB,20200616,,,,,,,,,,,,,,,,,,,,,,,,,,,,1590,36,,,,,,,,,,
Albania,ALB,20200617,,,,,,,,,,,,,,,,,,,,,,,,,,,,1672,37,,67.59,,75.00,,68.59,,67.42,,75.00
Albania,ALB,20200618,,,,,,,,,,,,,,,,,,,,,,,,,,,,1722,38,,67.59,,75.00,,68.59,,67.42,,75.00
Albania,ALB,20200619,,,,,,,,,,,,,,,,,,,,,,,,,,,,1788,39,,67.59,,75.00,,68.59,,67.42,,75.00
Albania,ALB,20200620,,,,,,,,,,,,,,,,,,,,,,,,,,,,1838,42,,67.59,,75.00,,68.59,,67.42,,75.00
Albania,ALB,20200621,,,,,,,,,,,,,,,,,,,,,,,,,,,,1891,43,,67.59,,75.00,,68.59,,67.42,,75.00
Albania,ALB,20200622,,,,,,,,,,,,,,,,,,,,,,,,,,,,1927,44,,67.59,,75.00,,68.59,,67.42,,75.00
Albania,ALB,20200623,,,,,,,,,,,,,,,,,,,,,,,,,,,,1995,44,,67.59,,75.00,,68.59,,67.42,,75.00
