Algeria,DZA,20200101,0.00,,0.00,,0.00,,0.00,,0.00,,0.00,,0.00,,0.00,0.00,,0.00,0.00,0.00,0.00,,0.00,0.00,0.00,0.00,,0,0,0.00,0.00,0.00,0.00,0.00,0.00,0.00,0.00,0.00,0.00
Algeria,DZA,20200102,0.00,,0.00,,0.00,,0.00,,0.00,,0.00,,0.00,,0.00,0.00,,0.00,0.00,0.00,0.00,,0.00,0.00,0.00,0.00,,0,0,0.00,0.00,0.00,0.00,0.00,0.00,0.00,0.00,0.00,0.00
Algeria,DZA,20200103,0.00,,0.00,,0.00,,0.00,,0.00,,0.00,,0.00,,0.00,0.00,,0.00,0.00,0.00,0.00,,0.00,0.00,0.00,0.00,,0,0,0.00,0.00,0.00,0.00,0.00,0.00,0.00,0.00,0.00,0.00
Algeria,DZA,20200104,0.00,,0.00,,0.00,,0.00,,0.00,,0.00,,0.00,,0.00,0.00,,0.00,0.00,0.00,0.00,,0.00,0.00,0.00,0.00,,0,0,0.00,0.00,0.00,0.00,0.00,0.00,0.00,0.00,0.00,0.00
Algeria,DZA,20200105,0.00,,0.00,,0.00,,0.00,,0.00,,0.00,,0.00,,0.00,0.00,,0.00,0.00,0.00,0.00,,0.00,0.00,0.00,0.00,,0,0,0.00,0.00,0.00,0.00,0.00,0.00,0.00,0.00,0.00,0.00
Algeria,DZA,20200106,0.00,,0.00,,0.00,,0.00,,0.00,,0.00,,0.00,,0.00,0.00,,0.00,0.00,0.00,0.00,,0.00,0.00,0.00,0.00,,0,0,0.00,0.00,0.00,0.00,0.00,0.00,0.00,0.00,0.00,0.00
Algeria,DZA,20200107,0.00,,0.00,,0.00,,0.00,,0.00,,0.00,,0.00,,0.00,0.00,,0.00,0.00,0.00,0.00,,0.00,0.00,0.00,0.00,,0,0,0.00,0.00,0.00,0.00,0.00,0.00,0.00,0.00,0.00,0.00
Algeria,DZA,20200108,0.00,,0.00,,0.00,,0.00,,0.00,,0.00,,0.00,,0.00,0.00,,0.00,0.00,0.00,0.00,,0.00,0.00,0.00,0.00,,0,0,0.00,0.00,0.00,0.00,0.00,0.00,0.00,0.00,0.00,0.00
Algeria,DZA,20200109,0.00,,0.00,,0.00,,0.00,,0.00,,0.00,,0.00,,0.00,0.00,,0.00,0.00,0.00,0.00,,0.00,0.00,0.00,0.00,,0,0,0.00,0.00,0.00,0.00,0.00,0.00,0.00,0.00,0.00,0.00
Algeria,DZA,20200110,0.00,,0.00,,0.00,,0.00,,0.00,,0.00,,0.00,,0.00,0.00,,0.00,0.00,0.00,0.00,,0.00,0.00,0.00,0.00,,0,0,0.00,0.00,0.00,0.00,0.00,0.00,0.00,0.00,0.00,0.00
Algeria,DZA,20200111,0.00,,0.00,,0.00,,0.00,,0.00,,0.00,,0.00,,0.00,0.00,,0.00,0.00,0.00,0.00,,0.00,0.00,0.00,0.00,,0,0,0.00,0.00,0.00,0.00,0.00,0.00,0.00,0.00,0.00,0.00
Algeria,DZA,20200112,0.00,,0.00,,0.00,,0.00,,0.00,,0.00,,0.00,,0.00,0.00,,0.00,0.00,0.00,0.00,,0.00,0.00,0.00,0.00,,0,0,0.00,0.00,0.00,0.00,0.00,0.00,0.00,0.00,0.00,0.00
Algeria,DZA,20200113,0.00,,0.00,,0.00,,0.00,,0.00,,0.00,,0.00,,0.00,0.00,,0.00,0.00,0.00,0.00,,0.00,0.00,0.00,0.00,,0,0,0.00,0.00,0.00,0.00,0.00,0.00,0.00,0.00,0.00,0.00
Algeria,DZA,20200114,0.00,,0.00,,0.00,,0.00,,0.00,,0.00,,0.00,,0.00,0.00,,0.00,0.00,0.00,0.00,,0.00,0.00,0.00,0.00,,0,0,0.00,0.00,0.00,0.00,0.00,0.00,0.00,0.00,0.00,0.00
Algeria,DZA,20200115,0.00,,0.00,,0.00,,0.00,,0.00,,0.00,,0.00,,0.00,0.00,,0.00,0.00,0.00,0.00,,0.00,0.00,0.00,0.00,,0,0,0.00,0.00,0.00,0.00,0.00,0.00,0.00,0.00,0.00,0.00
Algeria,DZA,20200116,0.00,,0.00,,0.00,,0.00,,0.00,,0.00,,0.00,,0.00,0.00,,0.00,0.00,0.00,0.00,,0.00,0.00,0.00,0.00,,0,0,0.00,0.00,0.00,0.00,0.00,0.00,0.00,0.00,0.00,0.00
Algeria,DZA,20200117,0.00,,0.00,,0.00,,0.00,,0.00,,0.00,,0.00,,0.00,0.00,,0.00,0.00,0.00,0.00,,0.00,0.00,0.00,0.00,,0,0,0.00,0.00,0.00,0.00,0.00,0.00,0.00,0.00,0.00,0.00
Algeria,DZA,20200118,0.00,,0.00,,0.00,,0.00,,0.00,,0.00,,0.00,,0.00,0.00,,0.00,0.00,0.00,0.00,,0.00,0.00,0.00,0.00,,0,0,0.00,0.00,0.00,0.00,0.00,0.00,0.00,0.00,0.00,0.00
Algeria,DZA,20200119,0.00,,0.00,,0.00,,0.00,,0.00,,0.00,,0.00,,0.00,0.00,,0.00,0.00,0.00,0.00,,0.00,0.00,0.00,0.00,,0,0,0.00,0.00,0.00,0.00,0.00,0.00,0.00,0.00,0.00,0.00
Algeria,DZA,20200120,0.00,,0.00,,0.00,,0.00,,0.00,,0.00,,0.00,,0.00,0.00,,0.00,0.00,0.00,0.00,,0.00,0.00,0.00,0.00,,0,0,0.00,0.00,0.00,0.00,0.00,0.00,0.00,0.00,0.00,0.00
Algeria,DZA,20200121,0.00,,0.00,,0.00,,0.00,,0.00,,0.00,,0.00,,0.00,0.00,,0.00,0.00,0.00,0.00,,0.00,0.00,0.00,0.00,,0,0,0.00,0.00,0.00,0.00,0.00,0.00,0.00,0.00,0.00,0.00
Algeria,DZA,20200122,0.00,,0.00,,0.00,,0.00,,0.00,,0.00,,0.00,,0.00,0.00,,0.00,0.00,0.00,0.00,,0.00,0.00,0.00,0.00,,0,0,0.00,0.00,0.00,0.00,0.00,0.00,0.00,0.00,0.00,0.00
Algeria,DZA,20200123,0.00,,0.00,,0.00,,0.00,,0.00,,0.00,,0.00,,0.00,0.00,,0.00,0.00,0.00,0.00,,0.00,0.00,0.00,0.00,,0,0,0.00,0.00,0.00,0.00,0.00,0.00,0.00,0.00,0.00,0.00
Algeria,DZA,20200124,0.00,,0.00,,0.00,,0.00,,0.00,,0.00,,0.00,,0.00,0.00,,0.00,0.00,0.00,0.00,,0.00,0.00,0.00,0.00,,0,0,0.00,0.00,0.00,0.00,0.00,0.00,0.00,0.00,0.00,0.00
Algeria,DZA,20200125,0.00,,0.00,,0.00,,0.00,,0.00,,0.00,,0.00,,0.00,0.00,,0.00,0.00,0.00,0.00,,0.00,0.00,0.00,0.00,,0,0,0.00,0.00,0.00,0.00,0.00,0.00,0.00,0.00,0.00,0.00
Algeria,DZA,20200126,0.00,,0.00,,0.00,,0.00,,0.00,,0.00,,0.00,,0.00,0.00,,0.00,0.00,0.00,0.00,,0.00,0.00,0.00,0.00,,0,0,0.00,0.00,0.00,0.00,0.00,0.00,0.00,0.00,0.00,0.00
Algeria,DZA,20200127,0.00,,0.00,,0.00,,0.00,,0.00,,0.00,,0.00,,0.00,0.00,,0.00,0.00,0.00,0.00,,0.00,0.00,0.00,0.00,,0,0,0.00,0.00,0.00,0.00,0.00,0.00,0.00,0.00,0.00,0.00
Algeria,DZA,20200128,0.00,,0.00,,0.00,,0.00,,0.00,,0.00,,0.00,,0.00,0.00,,0.00,0.00,0.00,0.00,,0.00,0.00,0.00,0.00,,0,0,0.00,0.00,0.00,0.00,0.00,0.00,0.00,0.00,0.00,0.00
Algeria,DZA,20200129,0.00,,0.00,,0.00,,0.00,,0.00,,0.00,,0.00,,0.00,0.00,,0.00,0.00,0.00,0.00,,0.00,0.00,0.00,0.00,,0,0,0.00,0.00,0.00,0.00,0.00,0.00,0.00,0.00,0.00,0.00
Algeria,DZA,20200130,0.00,,0.00,,0.00,,0.00,,0.00,,0.00,,0.00,,0.00,0.00,,0.00,0.00,0.00,0.00,,0.00,0.00,0.00,0.00,,0,0,0.00,0.00,0.00,0.00,0.00,0.00,0.00,0.00,0.00,0.00
Algeria,DZA,20200131,0.00,,0.00,,0.00,,0.00,,0.00,,0.00,,0.00,,0.00,0.00,,0.00,0.00,0.00,0.00,,0.00,0.00,0.00,0.00,,0,0,0.00,0.00,0.00,0.00,0.00,0.00,0.00,0.00,0.00,0.00
Algeria,DZA,20200201,0.00,,0.00,,0.00,,0.00,,0.00,,0.00,,0.00,,0.00,0.00,,0.00,0.00,0.00,0.00,,0.00,0.00,0.00,0.00,,0,0,0.00,0.00,0.00,0.00,0.00,0.00,0.00,0.00,0.00,0.00
Algeria,DZA,20200202,0.00,,0.00,,0.00,,0.00,,0.00,,0.00,,0.00,,0.00,0.00,,0.00,0.00,0.00,0.00,,0.00,0.00,0.00,0.00,,0,0,0.00,0.00,0.00,0.00,0.00,0.00,0.00,0.00,0.00,0.00
Algeria,DZA,20200203,0.00,,0.00,,0.00,,0.00,,0.00,,0.00,,0.00,,0.00,0.00,,0.00,0.00,0.00,0.00,,0.00,0.00,0.00,0.00,,0,0,0.00,0.00,0.00,0.00,0.00,0.00,0.00,0.00,0.00,0.00
Algeria,DZA,20200204,0.00,,0.00,,0.00,,0.00,,0.00,,0.00,,0.00,,0.00,0.00,,0.00,0.00,0.00,0.00,,0.00,0.00,0.00,0.00,,0,0,0.00,0.00,0.00,0.00,0.00,0.00,0.00,0.00,0.00,0.00
Algeria,DZA,20200205,0.00,,0.00,,0.00,,0.00,,0.00,,0.00,,0.00,,0.00,0.00,,0.00,0.00,0.00,0.00,,0.00,0.00,0.00,0.00,,0,0,0.00,0.00,0.00,0.00,0.00,0.00,0.00,0.00,0.00,0.00
Algeria,DZA,20200206,0.00,,0.00,,0.00,,0.00,,0.00,,0.00,,0.00,,0.00,0.00,,0.00,0.00,0.00,0.00,,0.00,0.00,0.00,0.00,,0,0,0.00,0.00,0.00,0.00,0.00,0.00,0.00,0.00,0.00,0.00
Algeria,DZA,20200207,0.00,,0.00,,0.00,,0.00,,0.00,,0.00,,0.00,,0.00,0.00,,0.00,0.00,0.00,0.00,,0.00,0.00,0.00,0.00,,0,0,0.00,0.00,0.00,0.00,0.00,0.00,0.00,0.00,0.00,0.00
Algeria,DZA,20200208,0.00,,0.00,,0.00,,0.00,,0.00,,0.00,,0.00,,0.00,0.00,,0.00,0.00,0.00,0.00,,0.00,0.00,0.00,0.00,,0,0,0.00,0.00,0.00,0.00,0.00,0.00,0.00,0.00,0.00,0.00
Algeria,DZA,20200209,0.00,,0.00,,0.00,,0.00,,0.00,,0.00,,0.00,,0.00,0.00,,0.00,0.00,0.00,0.00,,0.00,0.00,0.00,0.00,,0,0,0.00,0.00,0.00,0.00,0.00,0.00,0.00,0.00,0.00,0.00
Algeria,DZA,20200210,0.00,,0.00,,0.00,,0.00,,0.00,,0.00,,0.00,,0.00,0.00,,0.00,0.00,0.00,0.00,,0.00,0.00,0.00,0.00,,0,0,0.00,0.00,0.00,0.00,0.00,0.00,0.00,0.00,0.00,0.00
Algeria,DZA,20200211,0.00,,0.00,,0.00,,0.00,,0.00,,0.00,,0.00,,0.00,0.00,,0.00,0.00,0.00,0.00,,0.00,0.00,0.00,0.00,,0,0,0.00,0.00,0.00,0.00,0.00,0.00,0.00,0.00,0.00,0.00
Algeria,DZA,20200212,0.00,,0.00,,0.00,,0.00,,0.00,,0.00,,0.00,,0.00,0.00,,0.00,0.00,0.00,0.00,,0.00,0.00,0.00,0.00,,0,0,0.00,0.00,0.00,0.00,0.00,0.00,0.00,0.00,0.00,0.00
Algeria,DZA,20200213,0.00,,0.00,,0.00,,0.00,,0.00,,0.00,,0.00,,0.00,0.00,,0.00,0.00,0.00,0.00,,0.00,0.00,0.00,0.00,,0,0,0.00,0.00,0.00,0.00,0.00,0.00,0.00,0.00,0.00,0.00
Algeria,DZA,20200214,0.00,,0.00,,0.00,,0.00,,0.00,,0.00,,0.00,,0.00,0.00,,0.00,0.00,0.00,0.00,,0.00,0.00,0.00,0.00,,0,0,0.00,0.00,0.00,0.00,0.00,0.00,0.00,0.00,0.00,0.00
Algeria,DZA,20200215,0.00,,0.00,,0.00,,0.00,,0.00,,0.00,,0.00,,0.00,0.00,,0.00,0.00,0.00,0.00,,0.00,0.00,0.00,0.00,,0,0,0.00,0.00,0.00,0.00,0.00,0.00,0.00,0.00,0.00,0.00
Algeria,DZA,20200216,0.00,,0.00,,0.00,,0.00,,0.00,,0.00,,0.00,,0.00,0.00,,0.00,0.00,0.00,0.00,,0.00,0.00,0.00,0.00,,0,0,0.00,0.00,0.00,0.00,0.00,0.00,0.00,0.00,0.00,0.00
Algeria,DZA,20200217,0.00,,0.00,,0.00,,0.00,,0.00,,0.00,,0.00,,0.00,0.00,,0.00,0.00,0.00,0.00,,0.00,0.00,0.00,0.00,,0,0,0.00,0.00,0.00,0.00,0.00,0.00,0.00,0.00,0.00,0.00
Algeria,DZA,20200218,0.00,,0.00,,0.00,,0.00,,0.00,,0.00,,0.00,,0.00,0.00,,0.00,0.00,0.00,0.00,,0.00,0.00,0.00,0.00,,0,0,0.00,0.00,0.00,0.00,0.00,0.00,0.00,0.00,0.00,0.00
Algeria,DZA,20200219,0.00,,0.00,,0.00,,0.00,,0.00,,0.00,,0.00,,0.00,0.00,,0.00,0.00,0.00,0.00,,0.00,0.00,0.00,0.00,,0,0,0.00,0.00,0.00,0.00,0.00,0.00,0.00,0.00,0.00,0.00
Algeria,DZA,20200220,0.00,,0.00,,0.00,,0.00,,0.00,,0.00,,0.00,,0.00,0.00,,0.00,0.00,0.00,0.00,,0.00,0.00,0.00,0.00,,0,0,0.00,0.00,0.00,0.00,0.00,0.00,0.00,0.00,0.00,0.00
Algeria,DZA,20200221,0.00,,0.00,,0.00,,0.00,,0.00,,0.00,,0.00,,0.00,0.00,,0.00,0.00,0.00,0.00,,0.00,0.00,0.00,0.00,,0,0,0.00,0.00,0.00,0.00,0.00,0.00,0.00,0.00,0.00,0.00
Algeria,DZA,20200222,0.00,,0.00,,0.00,,0.00,,0.00,,0.00,,0.00,,0.00,0.00,,0.00,0.00,0.00,0.00,,0.00,0.00,0.00,0.00,,0,0,0.00,0.00,0.00,0.00,0.00,0.00,0.00,0.00,0.00,0.00
Algeria,DZA,20200223,0.00,,0.00,,0.00,,0.00,,0.00,,0.00,,0.00,,0.00,0.00,,0.00,0.00,0.00,0.00,,0.00,0.00,0.00,0.00,,0,0,0.00,0.00,0.00,0.00,0.00,0.00,0.00,0.00,0.00,0.00
Algeria,DZA,20200224,0.00,,0.00,,0.00,,0.00,,0.00,,0.00,,0.00,,0.00,0.00,,0.00,0.00,0.00,0.00,,0.00,0.00,0.00,0.00,,0,0,0.00,0.00,0.00,0.00,0.00,0.00,0.00,0.00,0.00,0.00
Algeria,DZA,20200225,0.00,,0.00,,0.00,,0.00,,0.00,,0.00,,0.00,,0.00,0.00,,0.00,0.00,0.00,0.00,,0.00,0.00,0.00,0.00,,0,0,0.00,0.00,0.00,0.00,0.00,0.00,0.00,0.00,0.00,0.00
Algeria,DZA,20200226,0.00,,0.00,,0.00,,0.00,,0.00,,0.00,,0.00,,0.00,0.00,,0.00,0.00,0.00,0.00,,0.00,0.00,0.00,0.00,,1,0,0.00,0.00,0.00,0.00,0.00,0.00,0.00,0.00,0.00,0.00
Algeria,DZA,20200227,0.00,,0.00,,0.00,,0.00,,0.00,,0.00,,0.00,,0.00,0.00,,0.00,0.00,0.00,0.00,,0.00,0.00,0.00,0.00,,1,0,0.00,0.00,0.00,0.00,0.00,0.00,0.00,0.00,0.00,0.00
Algeria,DZA,20200228,0.00,,0.00,,0.00,,0.00,,0.00,,0.00,,0.00,,0.00,0.00,,0.00,0.00,0.00,0.00,,0.00,0.00,0.00,0.00,,1,0,0.00,0.00,0.00,0.00,0.00,0.00,0.00,0.00,0.00,0.00
Algeria,DZA,20200229,0.00,,0.00,,0.00,,0.00,,0.00,,0.00,,0.00,,0.00,0.00,,0.00,0.00,0.00,0.00,,0.00,0.00,0.00,0.00,,1,0,0.00,0.00,0.00,0.00,0.00,0.00,0.00,0.00,0.00,0.00
Algeria,DZA,20200301,0.00,,0.00,,0.00,,0.00,,0.00,,0.00,,0.00,,0.00,0.00,,0.00,0.00,0.00,0.00,,0.00,0.00,0.00,0.00,,3,0,0.00,0.00,0.00,0.00,0.00,0.00,0.00,0.00,0.00,0.00
Algeria,DZA,20200302,0.00,,0.00,,0.00,,0.00,,0.00,,0.00,,0.00,,0.00,0.00,,0.00,0.00,0.00,0.00,,0.00,0.00,0.00,0.00,,3,0,0.00,0.00,0.00,0.00,0.00,0.00,0.00,0.00,0.00,0.00
Algeria,DZA,20200303,0.00,,0.00,,0.00,,0.00,,0.00,,0.00,,0.00,,0.00,0.00,,0.00,0.00,0.00,0.00,,0.00,0.00,0.00,0.00,,,,0.00,0.00,0.00,0.00,0.00,0.00,0.00,0.00,0.00,0.00
Algeria,DZA,20200304,0.00,,0.00,,0.00,,0.00,,0.00,,0.00,,0.00,,0.00,0.00,,0.00,0.00,0.00,0.00,,0.00,0.00,0.00,0.00,,5,0,0.00,0.00,0.00,0.00,0.00,0.00,0.00,0.00,0.00,0.00
Algeria,DZA,20200305,0.00,,0.00,,0.00,,0.00,,0.00,,0.00,,0.00,,0.00,0.00,,0.00,0.00,0.00,1.00,1,0.00,0.00,0.00,0.00,,12,0,5.56,5.56,9.52,9.52,3.85,3.85,4.55,4.55,0.00,0.00
Algeria,DZA,20200306,0.00,,0.00,,0.00,,0.00,,0.00,,0.00,,0.00,,0.00,0.00,,0.00,0.00,0.00,1.00,1,0.00,0.00,0.00,0.00,,17,0,5.56,5.56,9.52,9.52,3.85,3.85,4.55,4.55,0.00,0.00
Algeria,DZA,20200307,0.00,,0.00,,0.00,,0.00,,0.00,,0.00,,0.00,,0.00,0.00,,0.00,0.00,0.00,1.00,1,0.00,0.00,0.00,0.00,,,,5.56,5.56,9.52,9.52,3.85,3.85,4.55,4.55,0.00,0.00
Algeria,DZA,20200308,0.00,,0.00,,0.00,,0.00,,0.00,,0.00,,0.00,,0.00,0.00,,0.00,0.00,0.00,1.00,1,0.00,0.00,0.00,0.00,,,,5.56,5.56,9.52,9.52,3.85,3.85,4.55,4.55,0.00,0.00
Algeria,DZA,20200309,0.00,,0.00,,0.00,,0.00,,0.00,,0.00,,0.00,,0.00,0.00,,0.00,0.00,0.00,1.00,1,0.00,0.00,0.00,0.00,,20,0,5.56,5.56,9.52,9.52,3.85,3.85,4.55,4.55,0.00,0.00
Algeria,DZA,20200310,0.00,,0.00,,2.00,1,0.00,,0.00,,0.00,,0.00,,0.00,0.00,,0.00,0.00,0.00,1.00,1,0.00,0.00,0.00,0.00,,,,16.67,16.67,23.81,23.81,11.54,11.54,13.64,13.64,0.00,0.00
Algeria,DZA,20200311,0.00,,0.00,,2.00,1,0.00,,0.00,,0.00,,0.00,,0.00,0.00,,0.00,0.00,0.00,1.00,1,0.00,0.00,0.00,0.00,,,,16.67,16.67,23.81,23.81,11.54,11.54,13.64,13.64,0.00,0.00
Algeria,DZA,20200312,3.00,1,0.00,,2.00,1,0.00,,0.00,,0.00,,0.00,,1.00,0.00,,0.00,0.00,0.00,1.00,1,0.00,0.00,0.00,0.00,,20,0,30.56,30.56,41.67,41.67,21.15,21.15,25.00,25.00,0.00,0.00
Algeria,DZA,20200313,3.00,1,0.00,,2.00,1,0.00,,0.00,,0.00,,0.00,,1.00,0.00,,0.00,0.00,0.00,1.00,1,0.00,0.00,0.00,0.00,,25,1,30.56,30.56,41.67,41.67,21.15,21.15,25.00,25.00,0.00,0.00
Algeria,DZA,20200314,3.00,1,0.00,,2.00,1,0.00,,0.00,,0.00,,0.00,,3.00,0.00,,0.00,0.00,0.00,1.00,1,0.00,0.00,0.00,0.00,,26,2,36.11,36.11,48.81,48.81,25.00,25.00,29.55,29.55,0.00,0.00
Algeria,DZA,20200315,3.00,1,0.00,,2.00,1,0.00,,0.00,,0.00,,0.00,,3.00,0.00,,0.00,0.00,0.00,1.00,1,0.00,0.00,0.00,0.00,,37,2,36.11,36.11,48.81,48.81,25.00,25.00,29.55,29.55,0.00,0.00
Algeria,DZA,20200316,3.00,1,0.00,,2.00,1,0.00,,0.00,,0.00,,0.00,,3.00,0.00,,0.00,0.00,0.00,1.00,1,0.00,0.00,0.00,0.00,,48,4,36.11,36.11,48.81,48.81,25.00,25.00,29.55,29.55,0.00,0.00
Algeria,DZA,20200317,3.00,1,0.00,,2.00,1,0.00,,0.00,,0.00,,0.00,,4.00,0.00,,0.00,0.00,0.00,1.00,1,0.00,0.00,0.00,0.00,,58,4,38.89,38.89,52.38,52.38,26.92,26.92,31.82,31.82,0.00,0.00
Algeria,DZA,20200318,3.00,1,0.00,,2.00,1,0.00,,0.00,,0.00,,0.00,,4.00,0.00,,0.00,0.00,0.00,1.00,1,0.00,0.00,0.00,0.00,,60,5,38.89,38.89,52.38,52.38,26.92,26.92,31.82,31.82,0.00,0.00
Algeria,DZA,20200319,3.00,1,0.00,,2.00,1,0.00,,0.00,,0.00,,0.00,,4.00,0.00,,0.00,0.00,0.00,1.00,1,0.00,0.00,0.00,0.00,,72,6,38.89,38.89,52.38,52.38,26.92,26.92,31.82,31.82,0.00,0.00
Algeria,DZA,20200320,3.00,1,0.00,,2.00,1,0.00,,0.00,,0.00,,0.00,,4.00,0.00,,0.00,0.00,0.00,1.00,1,0.00,0.00,0.00,0.00,,90,7,38.89,38.89,52.38,52.38,26.92,26.92,31.82,31.82,0.00,0.00
Algeria,DZA,20200321,3.00,1,0.00,,2.00,1,0.00,,0.00,,0.00,,0.00,,4.00,0.00,,0.00,0.00,0.00,1.00,1,0.00,0.00,0.00,0.00,,102,10,38.89,38.89,52.38,52.38,26.92,26.92,31.82,31.82,0.00,0.00
Algeria,DZA,20200322,3.00,1,0.00,,2.00,1,0.00,,0.00,,0.00,,0.00,,4.00,0.00,,0.00,0.00,0.00,1.00,1,0.00,0.00,100000000.00,0.00,,139,15,38.89,38.89,52.38,52.38,26.92,26.92,31.82,31.82,0.00,0.00
Algeria,DZA,20200323,3.00,1,2.00,1,2.00,1,0.00,,2.00,1,3.00,0,2.00,0,4.00,0.00,,0.00,0.00,0.00,1.00,1,0.00,0.00,0.00,0.00,,201,17,75.00,75.00,88.10,88.10,51.92,51.92,61.36,61.36,0.00,0.00
Algeria,DZA,20200324,3.00,1,2.00,1,2.00,1,0.00,,2.00,1,3.00,0,2.00,0,4.00,0.00,,0.00,0.00,0.00,1.00,1,0.00,0.00,0.00,0.00,,230,17,75.00,75.00,88.10,88.10,51.92,51.92,61.36,61.36,0.00,0.00
Algeria,DZA,20200325,3.00,1,2.00,1,2.00,1,0.00,,2.00,1,3.00,0,2.00,0,4.00,0.00,,0.00,0.00,0.00,1.00,1,0.00,0.00,0.00,0.00,,264,19,75.00,75.00,88.10,88.10,51.92,51.92,61.36,61.36,0.00,0.00
Algeria,DZA,20200326,3.00,1,2.00,1,2.00,1,0.00,,2.00,1,3.00,0,2.00,0,4.00,0.00,,0.00,0.00,0.00,1.00,1,0.00,0.00,0.00,0.00,,302,21,75.00,75.00,88.10,88.10,51.92,51.92,61.36,61.36,0.00,0.00
Algeria,DZA,20200327,3.00,1,2.00,1,2.00,1,0.00,,2.00,1,3.00,0,2.00,0,4.00,0.00,,0.00,0.00,0.00,1.00,1,0.00,0.00,0.00,0.00,,367,25,75.00,75.00,88.10,88.10,51.92,51.92,61.36,61.36,0.00,0.00
Algeria,DZA,20200328,3.00,1,2.00,1,2.00,1,0.00,,2.00,1,3.00,0,2.00,0,4.00,0.00,,0.00,0.00,0.00,1.00,1,0.00,0.00,0.00,0.00,,409,26,75.00,75.00,88.10,88.10,51.92,51.92,61.36,61.36,0.00,0.00
Algeria,DZA,20200329,3.00,1,2.00,1,2.00,1,0.00,,2.00,1,3.00,0,2.00,0,4.00,0.00,,0.00,0.00,0.00,1.00,1,0.00,0.00,0.00,0.00,,454,29,75.00,75.00,88.10,88.10,51.92,51.92,61.36,61.36,0.00,0.00
Algeria,DZA,20200330,3.00,1,3.00,0,2.00,1,4.00,0,2.00,1,3.00,0,2.00,0,4.00,0.00,,0.00,0.00,0.00,1.00,1,0.00,0.00,0.00,0.00,,511,31,86.57,86.57,88.10,88.10,59.94,59.94,70.83,70.83,0.00,0.00
Algeria,DZA,20200331,3.00,1,3.00,0,2.00,1,4.00,0,2.00,1,3.00,0,2.00,0,4.00,0.00,,0.00,0.00,0.00,1.00,1,0.00,0.00,0.00,0.00,,584,35,86.57,86.57,88.10,88.10,59.94,59.94,70.83,70.83,0.00,0.00
Algeria,DZA,20200401,3.00,1,3.00,0,2.00,1,4.00,0,2.00,1,3.00,0,2.00,0,4.00,0.00,,0.00,0.00,0.00,1.00,1,0.00,0.00,0.00,0.00,,716,44,86.57,86.57,88.10,88.10,59.94,59.94,70.83,70.83,0.00,0.00
Algeria,DZA,20200402,3.00,1,3.00,0,2.00,1,4.00,0,2.00,1,3.00,0,2.00,0,4.00,0.00,,0.00,0.00,0.00,1.00,1,0.00,0.00,0.00,0.00,,847,58,86.57,86.57,88.10,88.10,59.94,59.94,70.83,70.83,0.00,0.00
Algeria,DZA,20200403,3.00,1,3.00,0,2.00,1,4.00,0,2.00,1,3.00,0,2.00,0,4.00,0.00,,0.00,0.00,0.00,1.00,1,0.00,0.00,0.00,0.00,,986,63,86.57,86.57,88.10,88.10,59.94,59.94,70.83,70.83,0.00,0.00
Algeria,DZA,20200404,3.00,1,3.00,0,2.00,1,4.00,0,2.00,1,3.00,0,2.00,0,4.00,0.00,,1.00,0.00,0.00,1.00,1,0.00,0.00,0.00,0.00,,1171,105,86.57,86.57,88.10,88.10,63.78,63.78,70.83,70.83,25.00,25.00
Algeria,DZA,20200405,3.00,1,3.00,0,2.00,1,4.00,0,2.00,1,3.00,0,2.00,0,4.00,0.00,,1.00,0.00,0.00,1.00,1,0.00,0.00,0.00,0.00,,1251,130,86.57,86.57,88.10,88.10,63.78,63.78,70.83,70.83,25.00,25.00
Algeria,DZA,20200406,3.00,1,3.00,0,2.00,1,4.00,0,2.00,1,3.00,0,2.00,0,4.00,0.00,,1.00,0.00,0.00,1.00,1,0.00,0.00,0.00,0.00,,1320,152,86.57,86.57,88.10,88.10,63.78,63.78,70.83,70.83,25.00,25.00
Algeria,DZA,20200407,3.00,1,3.00,0,2.00,1,4.00,0,2.00,1,3.00,0,2.00,0,4.00,0.00,,1.00,0.00,0.00,1.00,1,0.00,0.00,0.00,0.00,,1423,173,86.57,86.57,88.10,88.10,63.78,63.78,70.83,70.83,25.00,25.00
Algeria,DZA,20200408,3.00,1,3.00,0,2.00,1,4.00,0,2.00,1,3.00,0,2.00,0,4.00,0.00,,1.00,0.00,0.00,1.00,1,0.00,0.00,0.00,0.00,,1468,193,86.57,86.57,88.10,88.10,63.78,63.78,70.83,70.83,25.00,25.00
Algeria,DZA,20200409,3.00,1,3.00,0,2.00,1,4.00,0,2.00,1,3.00,0,2.00,0,4.00,0.00,,1.00,0.00,0.00,1.00,1,0.00,0.00,0.00,0.00,,1572,205,86.57,86.57,88.10,88.10,63.78,63.78,70.83,70.83,25.00,25.00
Algeria,DZA,20200410,3.00,1,3.00,0,2.00,1,4.00,0,2.00,1,3.00,0,2.00,0,4.00,0.00,,1.00,0.00,0.00,1.00,1,0.00,0.00,0.00,0.00,,1666,235,86.57,86.57,88.10,88.10,63.78,63.78,70.83,70.83,25.00,25.00
Algeria,DZA,20200411,3.00,1,3.00,0,2.00,1,4.00,0,2.00,1,3.00,0,2.00,0,4.00,0.00,,1.00,0.00,0.00,1.00,1,0.00,0.00,0.00,0.00,,1761,256,86.57,86.57,88.10,88.10,63.78,63.78,70.83,70.83,25.00,25.00
Algeria,DZA,20200412,3.00,1,3.00,0,2.00,1,4.00,0,2.00,1,3.00,0,2.00,0,4.00,0.00,,1.00,0.00,0.00,1.00,1,0.00,0.00,0.00,0.00,,1825,275,86.57,86.57,88.10,88.10,63.78,63.78,70.83,70.83,25.00,25.00
Algeria,DZA,20200413,3.00,1,3.00,0,2.00,1,4.00,0,2.00,1,3.00,0,2.00,0,4.00,1.00,0,1.00,0.00,0.00,1.00,1,0.00,0.00,0.00,0.00,,1914,293,86.57,86.57,88.10,88.10,65.71,65.71,70.83,70.83,37.50,37.50
Algeria,DZA,20200414,3.00,1,3.00,0,2.00,1,4.00,0,2.00,1,3.00,0,2.00,0,4.00,1.00,0,1.00,0.00,0.00,2.00,1,0.00,0.00,0.00,0.00,,1983,313,92.13,92.13,92.86,92.86,69.55,69.55,75.38,75.38,37.50,37.50
Algeria,DZA,20200415,3.00,1,3.00,0,2.00,1,4.00,0,2.00,1,3.00,0,2.00,0,4.00,1.00,0,1.00,0.00,0.00,2.00,1,0.00,0.00,0.00,0.00,,2070,325,92.13,92.13,92.86,92.86,69.55,69.55,75.38,75.38,37.50,37.50
Algeria,DZA,20200416,3.00,1,3.00,0,2.00,1,4.00,0,2.00,1,3.00,0,2.00,0,4.00,1.00,0,1.00,0.00,0.00,2.00,1,0.00,0.00,0.00,0.00,,2160,336,92.13,92.13,92.86,92.86,69.55,69.55,75.38,75.38,37.50,37.50
Algeria,DZA,20200417,3.00,1,3.00,0,2.00,1,4.00,0,2.00,1,3.00,0,2.00,0,4.00,1.00,0,1.00,0.00,0.00,2.00,1,0.00,0.00,0.00,0.00,,2268,348,92.13,92.13,92.86,92.86,69.55,69.55,75.38,75.38,37.50,37.50
Algeria,DZA,20200418,3.00,1,3.00,0,2.00,1,4.00,0,2.00,1,3.00,0,2.00,0,4.00,1.00,0,1.00,0.00,0.00,2.00,1,0.00,0.00,0.00,0.00,,2418,364,92.13,92.13,92.86,92.86,69.55,69.55,75.38,75.38,37.50,37.50
Algeria,DZA,20200419,3.00,1,3.00,0,2.00,1,4.00,0,2.00,1,3.00,0,2.00,0,4.00,1.00,0,1.00,170534452.00,0.00,2.00,1,0.00,0.00,0.00,0.00,,2535,367,92.13,92.13,92.86,92.86,69.55,69.55,75.38,75.38,37.50,37.50
Algeria,DZA,20200420,3.00,1,3.00,0,2.00,1,4.00,0,2.00,1,3.00,0,2.00,0,4.00,1.00,0,1.00,0.00,0.00,2.00,1,0.00,0.00,0.00,0.00,,2629,375,92.13,92.13,92.86,92.86,69.55,69.55,75.38,75.38,37.50,37.50
Algeria,DZA,20200421,3.00,1,3.00,0,2.00,1,4.00,0,2.00,1,3.00,0,2.00,0,4.00,1.00,0,1.00,0.00,0.00,2.00,1,0.00,0.00,0.00,0.00,,2718,384,92.13,92.13,92.86,92.86,69.55,69.55,75.38,75.38,37.50,37.50
Algeria,DZA,20200422,3.00,1,3.00,0,2.00,1,4.00,0,2.00,1,3.00,0,2.00,0,4.00,1.00,0,1.00,0.00,0.00,2.00,1,0.00,0.00,0.00,0.00,,2811,392,92.13,92.13,92.86,92.86,69.55,69.55,75.38,75.38,37.50,37.50
Algeria,DZA,20200423,3.00,1,3.00,0,2.00,1,4.00,0,2.00,1,3.00,0,2.00,0,4.00,1.00,0,1.00,0.00,0.00,2.00,1,0.00,0.00,0.00,0.00,,2910,402,92.13,92.13,92.86,92.86,69.55,69.55,75.38,75.38,37.50,37.50
Algeria,DZA,20200424,3.00,1,2.00,1,2.00,1,4.00,0,2.00,1,2.00,0,2.00,0,4.00,1.00,0,1.00,0.00,0.00,2.00,1,0.00,0.00,0.00,0.00,,3007,407,86.57,86.57,91.67,91.67,65.71,65.71,70.83,70.83,37.50,37.50
Algeria,DZA,20200425,3.00,1,2.00,1,2.00,1,4.00,0,2.00,1,2.00,0,2.00,0,4.00,1.00,0,1.00,0.00,0.00,2.00,1,0.00,0.00,0.00,0.00,,3127,415,86.57,86.57,91.67,91.67,65.71,65.71,70.83,70.83,37.50,37.50
Algeria,DZA,20200426,3.00,1,2.00,1,2.00,1,4.00,0,2.00,1,2.00,0,2.00,0,4.00,1.00,0,1.00,0.00,0.00,2.00,1,0.00,0.00,0.00,0.00,,3256,419,86.57,86.57,91.67,91.67,65.71,65.71,70.83,70.83,37.50,37.50
Algeria,DZA,20200427,3.00,1,2.00,1,2.00,1,4.00,0,2.00,1,2.00,0,2.00,0,4.00,1.00,0,1.00,0.00,0.00,2.00,1,0.00,0.00,0.00,0.00,,3382,425,86.57,86.57,91.67,91.67,65.71,65.71,70.83,70.83,37.50,37.50
Algeria,DZA,20200428,3.00,1,2.00,1,2.00,1,4.00,0,2.00,1,2.00,0,2.00,0,4.00,1.00,0,1.00,0.00,0.00,2.00,1,0.00,0.00,0.00,0.00,,3517,432,86.57,86.57,91.67,91.67,65.71,65.71,70.83,70.83,37.50,37.50
Algeria,DZA,20200429,3.00,1,2.00,1,2.00,1,4.00,0,2.00,1,2.00,0,2.00,0,4.00,1.00,0,1.00,0.00,0.00,2.00,1,0.00,0.00,0.00,0.00,,3649,437,86.57,86.57,91.67,91.67,65.71,65.71,70.83,70.83,37.50,37.50
Algeria,DZA,20200430,3.00,1,2.00,1,2.00,1,4.00,0,2.00,1,2.00,0,2.00,0,4.00,1.00,0,1.00,0.00,0.00,2.00,1,0.00,0.00,0.00,0.00,,3848,444,86.57,86.57,91.67,91.67,65.71,65.71,70.83,70.83,37.50,37.50
Algeria,DZA,20200501,3.00,1,2.00,1,2.00,1,4.00,0,2.00,1,2.00,0,2.00,0,4.00,1.00,0,1.00,0.00,0.00,2.00,1,0.00,0.00,0.00,0.00,,4006,450,86.57,86.57,91.67,91.67,65.71,65.71,70.83,70.83,37.50,37.50
Algeria,DZA,20200502,3.00,1,2.00,1,2.00,1,4.00,0,2.00,1,2.00,0,2.00,0,4.00,1.00,0,1.00,0.00,0.00,2.00,1,0.00,0.00,0.00,0.00,,4154,453,86.57,86.57,91.67,91.67,65.71,65.71,70.83,70.83,37.50,37.50
Algeria,DZA,20200503,3.00,1,2.00,1,2.00,1,4.00,0,2.00,1,2.00,0,2.00,0,4.00,1.00,0,1.00,0.00,0.00,2.00,1,0.00,0.00,0.00,0.00,,4295,459,86.57,86.57,91.67,91.67,65.71,65.71,70.83,70.83,37.50,37.50
Algeria,DZA,20200504,3.00,1,2.00,1,2.00,1,4.00,0,2.00,1,2.00,0,2.00,0,4.00,1.00,0,1.00,0.00,0.00,2.00,1,0.00,0.00,0.00,0.00,,4474,463,86.57,86.57,91.67,91.67,65.71,65.71,70.83,70.83,37.50,37.50
Algeria,DZA,20200505,3.00,1,2.00,1,2.00,1,4.00,0,2.00,1,2.00,0,2.00,0,4.00,1.00,0,1.00,0.00,0.00,2.00,1,0.00,0.00,0.00,0.00,,4648,465,86.57,86.57,91.67,91.67,65.71,65.71,70.83,70.83,37.50,37.50
Algeria,DZA,20200506,3.00,1,2.00,1,2.00,1,4.00,0,2.00,1,2.00,0,2.00,0,4.00,1.00,0,1.00,0.00,0.00,2.00,1,0.00,0.00,0.00,0.00,,4838,470,86.57,86.57,91.67,91.67,65.71,65.71,70.83,70.83,37.50,37.50
Algeria,DZA,20200507,3.00,1,2.00,1,2.00,1,4.00,0,2.00,1,2.00,0,2.00,0,4.00,1.00,0,1.00,0.00,0.00,2.00,1,0.00,0.00,0.00,0.00,,4997,476,86.57,86.57,91.67,91.67,65.71,65.71,70.83,70.83,37.50,37.50
Algeria,DZA,20200508,3.00,1,2.00,1,2.00,1,4.00,0,2.00,1,2.00,0,2.00,0,4.00,1.00,0,1.00,0.00,0.00,2.00,1,0.00,0.00,0.00,0.00,,5182,483,86.57,86.57,91.67,91.67,65.71,65.71,70.83,70.83,37.50,37.50
Algeria,DZA,20200509,3.00,1,2.00,1,2.00,1,4.00,0,2.00,1,2.00,0,2.00,0,4.00,1.00,0,1.00,0.00,0.00,2.00,1,0.00,0.00,0.00,0.00,,5369,488,86.57,86.57,91.67,91.67,65.71,65.71,70.83,70.83,37.50,37.50
Algeria,DZA,20200510,3.00,1,2.00,1,2.00,1,4.00,0,2.00,1,2.00,0,2.00,0,4.00,1.00,0,1.00,0.00,0.00,2.00,1,0.00,0.00,0.00,0.00,,5558,494,86.57,86.57,91.67,91.67,65.71,65.71,70.83,70.83,37.50,37.50
Algeria,DZA,20200511,3.00,1,2.00,1,2.00,1,4.00,0,2.00,1,2.00,0,2.00,0,4.00,1.00,0,1.00,0.00,0.00,2.00,1,0.00,0.00,100000000.00,0.00,,5723,502,86.57,86.57,91.67,91.67,65.71,65.71,70.83,70.83,37.50,37.50
Algeria,DZA,20200512,3.00,1,2.00,1,2.00,1,4.00,0,2.00,1,2.00,0,2.00,0,4.00,1.00,0,1.00,0.00,0.00,2.00,1,0.00,0.00,0.00,0.00,,5891,507,86.57,86.57,91.67,91.67,65.71,65.71,70.83,70.83,37.50,37.50
Algeria,DZA,20200513,3.00,1,2.00,1,2.00,1,4.00,0,2.00,1,2.00,0,2.00,0,4.00,1.00,0,1.00,0.00,0.00,2.00,1,0.00,0.00,0.00,0.00,,6067,515,86.57,86.57,91.67,91.67,65.71,65.71,70.83,70.83,37.50,37.50
Algeria,DZA,20200514,3.00,1,2.00,1,2.00,1,4.00,0,2.00,1,2.00,0,2.00,0,4.00,1.00,0,1.00,0.00,0.00,2.00,1,0.00,0.00,0.00,0.00,,6253,522,86.57,86.57,91.67,91.67,65.71,65.71,70.83,70.83,37.50,37.50
Algeria,DZA,20200515,3.00,1,2.00,1,2.00,1,4.00,0,2.00,1,2.00,0,2.00,0,4.00,1.00,0,1.00,0.00,0.00,2.00,1,0.00,0.00,0.00,0.00,,6442,529,86.57,86.57,91.67,91.67,65.71,65.71,70.83,70.83,37.50,37.50
Algeria,DZA,20200516,3.00,1,2.00,1,2.00,1,4.00,0,2.00,1,2.00,0,2.00,0,4.00,1.00,0,1.00,0.00,0.00,2.00,1,0.00,0.00,0.00,0.00,,6629,536,86.57,86.57,91.67,91.67,65.71,65.71,70.83,70.83,37.50,37.50
Algeria,DZA,20200517,3.00,1,2.00,1,2.00,1,4.00,0,2.00,1,2.00,0,2.00,0,4.00,1.00,0,1.00,0.00,0.00,2.00,1,0.00,0.00,0.00,0.00,,6821,542,86.57,86.57,91.67,91.67,65.71,65.71,70.83,70.83,37.50,37.50
Algeria,DZA,20200518,3.00,1,2.00,1,2.00,1,4.00,0,2.00,1,2.00,0,2.00,0,4.00,1.00,0,1.00,0.00,0.00,2.00,1,0.00,0.00,0.00,0.00,,7019,548,86.57,86.57,91.67,91.67,65.71,65.71,70.83,70.83,37.50,37.50
Algeria,DZA,20200519,3.00,1,2.00,1,2.00,1,4.00,0,2.00,1,2.00,0,2.00,0,4.00,1.00,0,1.00,0.00,0.00,2.00,1,0.00,0.00,0.00,0.00,,7201,555,86.57,86.57,91.67,91.67,65.71,65.71,70.83,70.83,37.50,37.50
Algeria,DZA,20200520,3.00,1,2.00,1,2.00,1,4.00,0,2.00,1,2.00,0,2.00,0,4.00,1.00,0,1.00,0.00,0.00,2.00,1,0.00,0.00,0.00,0.00,,7377,561,86.57,86.57,91.67,91.67,65.71,65.71,70.83,70.83,37.50,37.50
Algeria,DZA,20200521,3.00,1,2.00,1,2.00,1,4.00,0,2.00,1,2.00,0,2.00,0,4.00,1.00,0,1.00,0.00,0.00,2.00,1,0.00,0.00,0.00,0.00,,7542,568,86.57,86.57,91.67,91.67,65.71,65.71,70.83,70.83,37.50,37.50
Algeria,DZA,20200522,3.00,1,2.00,1,2.00,1,4.00,0,2.00,1,2.00,0,2.00,0,4.00,1.00,0,1.00,0.00,0.00,2.00,1,0.00,0.00,0.00,0.00,,7728,575,86.57,86.57,91.67,91.67,65.71,65.71,70.83,70.83,37.50,37.50
Algeria,DZA,20200523,3.00,1,2.00,1,2.00,1,4.00,0,2.00,1,2.00,0,2.00,0,4.00,1.00,0,1.00,0.00,0.00,2.00,1,0.00,0.00,0.00,0.00,,7918,582,86.57,86.57,91.67,91.67,65.71,65.71,70.83,70.83,37.50,37.50
Algeria,DZA,20200524,3.00,1,2.00,1,2.00,1,4.00,0,2.00,1,2.00,0,2.00,0,4.00,1.00,0,1.00,0.00,0.00,2.00,1,0.00,0.00,0.00,0.00,,8113,592,86.57,86.57,91.67,91.67,65.71,65.71,70.83,70.83,37.50,37.50
Algeria,DZA,20200525,3.00,1,2.00,1,2.00,1,4.00,0,2.00,1,2.00,0,2.00,0,4.00,1.00,0,1.00,0.00,0.00,2.00,1,0.00,0.00,0.00,0.00,,8306,600,86.57,86.57,91.67,91.67,65.71,65.71,70.83,70.83,37.50,37.50
Algeria,DZA,20200526,3.00,1,2.00,1,2.00,1,4.00,0,2.00,1,2.00,0,2.00,0,4.00,1.00,0,1.00,0.00,0.00,2.00,1,0.00,0.00,0.00,0.00,,8503,609,86.57,86.57,91.67,91.67,65.71,65.71,70.83,70.83,37.50,37.50
Algeria,DZA,20200527,3.00,1,2.00,1,2.00,1,4.00,0,2.00,1,2.00,0,2.00,0,4.00,1.00,0,1.00,0.00,0.00,2.00,1,0.00,0.00,0.00,0.00,,8697,617,86.57,86.57,91.67,91.67,65.71,65.71,70.83,70.83,37.50,37.50
Algeria,DZA,20200528,3.00,1,2.00,1,2.00,1,4.00,0,2.00,1,2.00,0,2.00,0,4.00,1.00,0,1.00,0.00,0.00,2.00,1,0.00,0.00,0.00,0.00,,8857,623,86.57,86.57,91.67,91.67,65.71,65.71,70.83,70.83,37.50,37.50
Algeria,DZA,20200529,3.00,1,2.00,1,2.00,1,4.00,0,2.00,1,2.00,0,2.00,0,4.00,1.00,0,1.00,0.00,0.00,2.00,1,0.00,0.00,0.00,0.00,,8997,630,86.57,86.57,91.67,91.67,65.71,65.71,70.83,70.83,37.50,37.50
Algeria,DZA,20200530,3.00,1,2.00,1,2.00,1,4.00,0,2.00,1,2.00,0,2.00,0,4.00,1.00,0,1.00,0.00,0.00,2.00,1,0.00,0.00,0.00,0.00,,9134,638,86.57,86.57,91.67,91.67,65.71,65.71,70.83,70.83,37.50,37.50
Algeria,DZA,20200531,3.00,1,2.00,1,2.00,1,4.00,0,2.00,1,2.00,0,2.00,0,4.00,1.00,0,1.00,0.00,0.00,2.00,1,0.00,0.00,0.00,0.00,,9267,646,86.57,86.57,91.67,91.67,65.71,65.71,70.83,70.83,37.50,37.50
Algeria,DZA,20200601,3.00,1,2.00,1,2.00,1,4.00,0,2.00,1,2.00,0,2.00,0,4.00,1.00,0,1.00,0.00,0.00,2.00,1,0.00,0.00,0.00,0.00,,9394,653,86.57,86.57,91.67,91.67,65.71,65.71,70.83,70.83,37.50,37.50
Algeria,DZA,20200602,3.00,1,2.00,1,2.00,1,4.00,0,2.00,1,2.00,0,2.00,0,4.00,1.00,0,1.00,0.00,0.00,2.00,1,0.00,0.00,0.00,0.00,,9513,661,86.57,86.57,91.67,91.67,65.71,65.71,70.83,70.83,37.50,37.50
Algeria,DZA,20200603,3.00,1,2.00,1,2.00,1,4.00,0,2.00,1,2.00,0,2.00,0,4.00,1.00,0,1.00,0.00,0.00,2.00,1,0.00,0.00,0.00,0.00,,9626,667,86.57,86.57,91.67,91.67,65.71,65.71,70.83,70.83,37.50,37.50
Algeria,DZA,20200604,3.00,1,2.00,1,2.00,1,4.00,0,2.00,1,2.00,0,2.00,0,4.00,1.00,0,1.00,545000000.00,0.00,2.00,1,0.00,0.00,226000000.00,0.00,,9626,667,86.57,86.57,91.67,91.67,65.71,65.71,70.83,70.83,37.50,37.50
Algeria,DZA,20200605,3.00,1,2.00,1,2.00,1,4.00,0,2.00,1,2.00,0,2.00,0,4.00,1.00,0,1.00,0.00,0.00,2.00,1,0.00,0.00,0.00,0.00,,9831,681,86.57,86.57,91.67,91.67,65.71,65.71,70.83,70.83,37.50,37.50
Algeria,DZA,20200606,3.00,1,2.00,1,2.00,1,4.00,0,2.00,1,2.00,0,2.00,0,4.00,1.00,0,1.00,0.00,0.00,2.00,1,0.00,0.00,0.00,0.00,,9935,690,86.57,86.57,91.67,91.67,65.71,65.71,70.83,70.83,37.50,37.50
Algeria,DZA,20200607,3.00,1,2.00,1,2.00,1,4.00,0,2.00,1,2.00,0,2.00,0,4.00,1.00,0,1.00,0.00,0.00,2.00,1,0.00,0.00,0.00,0.00,,10050,698,86.57,86.57,91.67,91.67,65.71,65.71,70.83,70.83,37.50,37.50
Algeria,DZA,20200608,3.00,1,2.00,1,2.00,1,4.00,0,2.00,1,2.00,0,2.00,0,4.00,1.00,0,1.00,0.00,0.00,2.00,1,0.00,0.00,0.00,0.00,,10154,707,86.57,86.57,91.67,91.67,65.71,65.71,70.83,70.83,37.50,37.50
Algeria,DZA,20200609,3.00,1,2.00,1,2.00,1,4.00,0,2.00,1,2.00,0,2.00,0,4.00,1.00,0,1.00,0.00,0.00,2.00,1,0.00,0.00,0.00,0.00,,10265,715,86.57,86.57,91.67,91.67,65.71,65.71,70.83,70.83,37.50,37.50
Algeria,DZA,20200610,3.00,1,2.00,1,2.00,1,4.00,0,2.00,1,2.00,0,2.00,0,4.00,1.00,0,1.00,0.00,0.00,2.00,1,0.00,0.00,0.00,0.00,,10382,724,86.57,86.57,91.67,91.67,65.71,65.71,70.83,70.83,37.50,37.50
Algeria,DZA,20200611,3.00,1,2.00,1,2.00,1,4.00,0,2.00,1,2.00,0,2.00,0,4.00,1.00,0,1.00,0.00,0.00,2.00,1,0.00,0.00,0.00,0.00,,10484,732,86.57,86.57,91.67,91.67,65.71,65.71,70.83,70.83,37.50,37.50
Algeria,DZA,20200612,3.00,1,2.00,1,2.00,1,4.00,0,2.00,1,2.00,0,2.00,0,4.00,1.00,0,1.00,0.00,0.00,2.00,1,0.00,0.00,0.00,0.00,,10589,741,86.57,86.57,91.67,91.67,65.71,65.71,70.83,70.83,37.50,37.50
Algeria,DZA,20200613,3.00,1,2.00,1,2.00,1,4.00,0,2.00,1,2.00,0,2.00,0,4.00,1.00,0,1.00,0.00,0.00,2.00,1,0.00,0.00,0.00,0.00,,10698,751,86.57,86.57,91.67,91.67,65.71,65.71,70.83,70.83,37.50,37.50
Algeria,DZA,20200614,3.00,1,2.00,0,2.00,1,4.00,0,0.00,,2.00,0,0.00,,4.00,0.00,,1.00,0.00,0.00,2.00,1,0.00,0.00,0.00,0.00,,10810,760,65.28,65.28,71.43,71.43,49.04,49.04,53.41,53.41,25.00,25.00
Algeria,DZA,20200615,3.00,1,2.00,0,2.00,1,4.00,0,0.00,,2.00,0,0.00,,4.00,0.00,,1.00,0.00,0.00,2.00,1,0.00,0.00,0.00,0.00,,10919,767,65.28,65.28,71.43,71.43,49.04,49.04,53.41,53.41,25.00,25.00
Algeria,DZA,20200616,3.00,1,2.00,0,2.00,1,4.00,0,0.00,,2.00,0,0.00,,4.00,0.00,,1.00,0.00,0.00,2.00,1,0.00,0.00,0.00,0.00,,11031,777,65.28,65.28,71.43,71.43,49.04,49.04,53.41,53.41,25.00,25.00
Algeria,DZA,20200617,3.00,1,2.00,0,2.00,1,4.00,0,0.00,,2.00,0,0.00,,4.00,0.00,,1.00,0.00,0.00,2.00,1,0.00,0.00,0.00,0.00,,11147,788,65.28,65.28,71.43,71.43,49.04,49.04,53.41,53.41,25.00,25.00
Algeria,DZA,20200618,3.00,1,2.00,0,2.00,1,4.00,0,0.00,,2.00,0,0.00,,4.00,0.00,,1.00,0.00,0.00,2.00,1,0.00,0.00,0.00,0.00,,11268,799,65.28,65.28,71.43,71.43,49.04,49.04,53.41,53.41,25.00,25.00
Algeria,DZA,20200619,3.00,1,2.00,0,2.00,1,4.00,0,0.00,,2.00,0,0.00,,4.00,0.00,,1.00,0.00,0.00,2.00,1,0.00,0.00,0.00,0.00,,11385,811,65.28,65.28,71.43,71.43,49.04,49.04,53.41,53.41,25.00,25.00
Algeria,DZA,20200620,3.00,1,2.00,0,2.00,1,4.00,0,0.00,,2.00,0,0.00,,4.00,0.00,,1.00,0.00,0.00,2.00,1,0.00,0.00,0.00,0.00,,11504,825,65.28,65.28,71.43,71.43,49.04,49.04,53.41,53.41,25.00,25.00
Algeria,DZA,20200621,3.00,1,2.00,0,2.00,1,4.00,0,0.00,,2.00,0,0.00,,4.00,0.00,,1.00,0.00,0.00,2.00,1,0.00,0.00,0.00,0.00,,11631,837,65.28,65.28,71.43,71.43,49.04,49.04,53.41,53.41,25.00,25.00
Algeria,DZA,20200622,3.00,1,2.00,0,2.00,1,4.00,0,0.00,,2.00,0,0.00,,4.00,0.00,,1.00,0.00,0.00,2.00,1,0.00,0.00,0.00,0.00,,11771,845,65.28,65.28,71.43,71.43,49.04,49.04,53.41,53.41,25.00,25.00
Algeria,DZA,20200623,,,,,,,,,,,,,,,,,,1.00,0.00,0.00,2.00,1,0.00,0.00,0.00,0.00,,11920,852,,65.28,,71.43,,49.04,,53.41,,25.00
