Andorra,AND,20200101,0.00,,0.00,,0.00,,0.00,,0.00,,0.00,,0.00,,0.00,0.00,,0.00,0.00,0.00,0.00,,0.00,0.00,0.00,0.00,,,,0.00,0.00,0.00,0.00,0.00,0.00,0.00,0.00,0.00,0.00
Andorra,AND,20200102,0.00,,0.00,,0.00,,0.00,,0.00,,0.00,,0.00,,0.00,0.00,,0.00,0.00,0.00,0.00,,0.00,0.00,0.00,0.00,,,,0.00,0.00,0.00,0.00,0.00,0.00,0.00,0.00,0.00,0.00
Andorra,AND,20200103,0.00,,0.00,,0.00,,0.00,,0.00,,0.00,,0.00,,0.00,0.00,,0.00,0.00,0.00,0.00,,0.00,0.00,0.00,0.00,,,,0.00,0.00,0.00,0.00,0.00,0.00,0.00,0.00,0.00,0.00
Andorra,AND,20200104,0.00,,0.00,,0.00,,0.00,,0.00,,0.00,,0.00,,0.00,0.00,,0.00,0.00,0.00,0.00,,0.00,0.00,0.00,0.00,,,,0.00,0.00,0.00,0.00,0.00,0.00,0.00,0.00,0.00,0.00
Andorra,AND,20200105,0.00,,0.00,,0.00,,0.00,,0.00,,0.00,,0.00,,0.00,0.00,,0.00,0.00,0.00,0.00,,0.00,0.00,0.00,0.00,,,,0.00,0.00,0.00,0.00,0.00,0.00,0.00,0.00,0.00,0.00
Andorra,AND,20200106,0.00,,0.00,,0.00,,0.00,,0.00,,0.00,,0.00,,0.00,0.00,,0.00,0.00,0.00,0.00,,0.00,0.00,0.00,0.00,,,,0.00,0.00,0.00,0.00,0.00,0.00,0.00,0.00,0.00,0.00
Andorra,AND,20200107,0.00,,0.00,,0.00,,0.00,,0.00,,0.00,,0.00,,0.00,0.00,,0.00,0.00,0.00,0.00,,0.00,0.00,0.00,0.00,,,,0.00,0.00,0.00,0.00,0.00,0.00,0.00,0.00,0.00,0.00
Andorra,AND,20200108,0.00,,0.00,,0.00,,0.00,,0.00,,0.00,,0.00,,0.00,0.00,,0.00,0.00,0.00,0.00,,0.00,0.00,0.00,0.00,,,,0.00,0.00,0.00,0.00,0.00,0.00,0.00,0.00,0.00,0.00
Andorra,AND,20200109,0.00,,0.00,,0.00,,0.00,,0.00,,0.00,,0.00,,0.00,0.00,,0.00,0.00,0.00,0.00,,0.00,0.00,0.00,0.00,,,,0.00,0.00,0.00,0.00,0.00,0.00,0.00,0.00,0.00,0.00
Andorra,AND,20200110,0.00,,0.00,,0.00,,0.00,,0.00,,0.00,,0.00,,0.00,0.00,,0.00,0.00,0.00,0.00,,0.00,0.00,0.00,0.00,,,,0.00,0.00,0.00,0.00,0.00,0.00,0.00,0.00,0.00,0.00
Andorra,AND,20200111,0.00,,0.00,,0.00,,0.00,,0.00,,0.00,,0.00,,0.00,0.00,,0.00,0.00,0.00,0.00,,0.00,0.00,0.00,0.00,,,,0.00,0.00,0.00,0.00,0.00,0.00,0.00,0.00,0.00,0.00
Andorra,AND,20200112,0.00,,0.00,,0.00,,0.00,,0.00,,0.00,,0.00,,0.00,0.00,,0.00,0.00,0.00,0.00,,0.00,0.00,0.00,0.00,,,,0.00,0.00,0.00,0.00,0.00,0.00,0.00,0.00,0.00,0.00
Andorra,AND,20200113,0.00,,0.00,,0.00,,0.00,,0.00,,0.00,,0.00,,0.00,0.00,,0.00,0.00,0.00,0.00,,0.00,0.00,0.00,0.00,,,,0.00,0.00,0.00,0.00,0.00,0.00,0.00,0.00,0.00,0.00
Andorra,AND,20200114,0.00,,0.00,,0.00,,0.00,,0.00,,0.00,,0.00,,0.00,0.00,,0.00,0.00,0.00,0.00,,0.00,0.00,0.00,0.00,,,,0.00,0.00,0.00,0.00,0.00,0.00,0.00,0.00,0.00,0.00
Andorra,AND,20200115,0.00,,0.00,,0.00,,0.00,,0.00,,0.00,,0.00,,0.00,0.00,,0.00,0.00,0.00,0.00,,0.00,0.00,0.00,0.00,,,,0.00,0.00,0.00,0.00,0.00,0.00,0.00,0.00,0.00,0.00
Andorra,AND,20200116,0.00,,0.00,,0.00,,0.00,,0.00,,0.00,,0.00,,0.00,0.00,,0.00,0.00,0.00,0.00,,0.00,0.00,0.00,0.00,,,,0.00,0.00,0.00,0.00,0.00,0.00,0.00,0.00,0.00,0.00
Andorra,AND,20200117,0.00,,0.00,,0.00,,0.00,,0.00,,0.00,,0.00,,0.00,0.00,,0.00,0.00,0.00,0.00,,0.00,0.00,0.00,0.00,,,,0.00,0.00,0.00,0.00,0.00,0.00,0.00,0.00,0.00,0.00
Andorra,AND,20200118,0.00,,0.00,,0.00,,0.00,,0.00,,0.00,,0.00,,0.00,0.00,,0.00,0.00,0.00,0.00,,0.00,0.00,0.00,0.00,,,,0.00,0.00,0.00,0.00,0.00,0.00,0.00,0.00,0.00,0.00
Andorra,AND,20200119,0.00,,0.00,,0.00,,0.00,,0.00,,0.00,,0.00,,0.00,0.00,,0.00,0.00,0.00,0.00,,0.00,0.00,0.00,0.00,,,,0.00,0.00,0.00,0.00,0.00,0.00,0.00,0.00,0.00,0.00
Andorra,AND,20200120,0.00,,0.00,,0.00,,0.00,,0.00,,0.00,,0.00,,0.00,0.00,,0.00,0.00,0.00,0.00,,0.00,0.00,0.00,0.00,,,,0.00,0.00,0.00,0.00,0.00,0.00,0.00,0.00,0.00,0.00
Andorra,AND,20200121,0.00,,0.00,,0.00,,0.00,,0.00,,0.00,,0.00,,0.00,0.00,,0.00,0.00,0.00,0.00,,0.00,0.00,0.00,0.00,,,,0.00,0.00,0.00,0.00,0.00,0.00,0.00,0.00,0.00,0.00
Andorra,AND,20200122,0.00,,0.00,,0.00,,0.00,,0.00,,0.00,,0.00,,0.00,0.00,,0.00,0.00,0.00,0.00,,0.00,0.00,0.00,0.00,,,,0.00,0.00,0.00,0.00,0.00,0.00,0.00,0.00,0.00,0.00
Andorra,AND,20200123,0.00,,0.00,,0.00,,0.00,,0.00,,0.00,,0.00,,0.00,0.00,,0.00,0.00,0.00,0.00,,0.00,0.00,0.00,0.00,,,,0.00,0.00,0.00,0.00,0.00,0.00,0.00,0.00,0.00,0.00
Andorra,AND,20200124,0.00,,0.00,,0.00,,0.00,,0.00,,0.00,,0.00,,0.00,0.00,,0.00,0.00,0.00,0.00,,0.00,0.00,0.00,0.00,,,,0.00,0.00,0.00,0.00,0.00,0.00,0.00,0.00,0.00,0.00
Andorra,AND,20200125,0.00,,0.00,,0.00,,0.00,,0.00,,0.00,,0.00,,0.00,0.00,,0.00,0.00,0.00,0.00,,0.00,0.00,0.00,0.00,,,,0.00,0.00,0.00,0.00,0.00,0.00,0.00,0.00,0.00,0.00
Andorra,AND,20200126,0.00,,0.00,,0.00,,0.00,,0.00,,0.00,,0.00,,0.00,0.00,,0.00,0.00,0.00,0.00,,0.00,0.00,0.00,0.00,,,,0.00,0.00,0.00,0.00,0.00,0.00,0.00,0.00,0.00,0.00
Andorra,AND,20200127,0.00,,0.00,,0.00,,0.00,,0.00,,0.00,,0.00,,0.00,0.00,,0.00,0.00,0.00,0.00,,0.00,0.00,0.00,0.00,,,,0.00,0.00,0.00,0.00,0.00,0.00,0.00,0.00,0.00,0.00
Andorra,AND,20200128,0.00,,0.00,,0.00,,0.00,,0.00,,0.00,,0.00,,0.00,0.00,,0.00,0.00,0.00,0.00,,0.00,0.00,0.00,0.00,,,,0.00,0.00,0.00,0.00,0.00,0.00,0.00,0.00,0.00,0.00
Andorra,AND,20200129,0.00,,0.00,,0.00,,0.00,,0.00,,0.00,,0.00,,0.00,0.00,,0.00,0.00,0.00,0.00,,0.00,0.00,0.00,0.00,,,,0.00,0.00,0.00,0.00,0.00,0.00,0.00,0.00,0.00,0.00
Andorra,AND,20200130,0.00,,0.00,,0.00,,0.00,,0.00,,0.00,,0.00,,0.00,0.00,,0.00,0.00,0.00,0.00,,0.00,0.00,0.00,0.00,,,,0.00,0.00,0.00,0.00,0.00,0.00,0.00,0.00,0.00,0.00
Andorra,AND,20200131,0.00,,0.00,,0.00,,0.00,,0.00,,0.00,,0.00,,0.00,0.00,,0.00,0.00,0.00,0.00,,0.00,0.00,0.00,0.00,,,,0.00,0.00,0.00,0.00,0.00,0.00,0.00,0.00,0.00,0.00
Andorra,AND,20200201,0.00,,0.00,,0.00,,0.00,,0.00,,0.00,,0.00,,0.00,0.00,,0.00,0.00,0.00,0.00,,0.00,0.00,0.00,0.00,,,,0.00,0.00,0.00,0.00,0.00,0.00,0.00,0.00,0.00,0.00
Andorra,AND,20200202,0.00,,0.00,,0.00,,0.00,,0.00,,0.00,,0.00,,0.00,0.00,,0.00,0.00,0.00,0.00,,0.00,0.00,0.00,0.00,,,,0.00,0.00,0.00,0.00,0.00,0.00,0.00,0.00,0.00,0.00
Andorra,AND,20200203,0.00,,0.00,,0.00,,0.00,,0.00,,0.00,,0.00,,0.00,0.00,,0.00,0.00,0.00,0.00,,0.00,0.00,0.00,0.00,,,,0.00,0.00,0.00,0.00,0.00,0.00,0.00,0.00,0.00,0.00
Andorra,AND,20200204,0.00,,0.00,,0.00,,0.00,,0.00,,0.00,,0.00,,0.00,0.00,,0.00,0.00,0.00,0.00,,0.00,0.00,0.00,0.00,,,,0.00,0.00,0.00,0.00,0.00,0.00,0.00,0.00,0.00,0.00
Andorra,AND,20200205,0.00,,0.00,,0.00,,0.00,,0.00,,0.00,,0.00,,0.00,0.00,,0.00,0.00,0.00,0.00,,0.00,0.00,0.00,0.00,,,,0.00,0.00,0.00,0.00,0.00,0.00,0.00,0.00,0.00,0.00
Andorra,AND,20200206,0.00,,0.00,,0.00,,0.00,,0.00,,0.00,,0.00,,0.00,0.00,,0.00,0.00,0.00,0.00,,0.00,0.00,0.00,0.00,,,,0.00,0.00,0.00,0.00,0.00,0.00,0.00,0.00,0.00,0.00
Andorra,AND,20200207,0.00,,0.00,,0.00,,0.00,,0.00,,0.00,,0.00,,0.00,0.00,,0.00,0.00,0.00,0.00,,0.00,0.00,0.00,0.00,,,,0.00,0.00,0.00,0.00,0.00,0.00,0.00,0.00,0.00,0.00
Andorra,AND,20200208,0.00,,0.00,,0.00,,0.00,,0.00,,0.00,,0.00,,0.00,0.00,,0.00,0.00,0.00,0.00,,0.00,0.00,0.00,0.00,,,,0.00,0.00,0.00,0.00,0.00,0.00,0.00,0.00,0.00,0.00
Andorra,AND,20200209,0.00,,0.00,,0.00,,0.00,,0.00,,0.00,,0.00,,0.00,0.00,,0.00,0.00,0.00,0.00,,0.00,0.00,0.00,0.00,,,,0.00,0.00,0.00,0.00,0.00,0.00,0.00,0.00,0.00,0.00
Andorra,AND,20200210,0.00,,0.00,,0.00,,0.00,,0.00,,0.00,,0.00,,0.00,0.00,,0.00,0.00,0.00,0.00,,0.00,0.00,0.00,0.00,,,,0.00,0.00,0.00,0.00,0.00,0.00,0.00,0.00,0.00,0.00
Andorra,AND,20200211,0.00,,0.00,,0.00,,0.00,,0.00,,0.00,,0.00,,0.00,0.00,,0.00,0.00,0.00,0.00,,0.00,0.00,0.00,0.00,,,,0.00,0.00,0.00,0.00,0.00,0.00,0.00,0.00,0.00,0.00
Andorra,AND,20200212,0.00,,0.00,,0.00,,0.00,,0.00,,0.00,,0.00,,0.00,0.00,,0.00,0.00,0.00,0.00,,0.00,0.00,0.00,0.00,,,,0.00,0.00,0.00,0.00,0.00,0.00,0.00,0.00,0.00,0.00
Andorra,AND,20200213,0.00,,0.00,,0.00,,0.00,,0.00,,0.00,,0.00,,0.00,0.00,,0.00,0.00,0.00,0.00,,0.00,0.00,0.00,0.00,,,,0.00,0.00,0.00,0.00,0.00,0.00,0.00,0.00,0.00,0.00
Andorra,AND,20200214,0.00,,0.00,,0.00,,0.00,,0.00,,0.00,,0.00,,0.00,0.00,,0.00,0.00,0.00,0.00,,0.00,0.00,0.00,0.00,,,,0.00,0.00,0.00,0.00,0.00,0.00,0.00,0.00,0.00,0.00
Andorra,AND,20200215,0.00,,0.00,,0.00,,0.00,,0.00,,0.00,,0.00,,0.00,0.00,,0.00,0.00,0.00,0.00,,0.00,0.00,0.00,0.00,,,,0.00,0.00,0.00,0.00,0.00,0.00,0.00,0.00,0.00,0.00
Andorra,AND,20200216,0.00,,0.00,,0.00,,0.00,,0.00,,0.00,,0.00,,0.00,0.00,,0.00,0.00,0.00,0.00,,0.00,0.00,0.00,0.00,,,,0.00,0.00,0.00,0.00,0.00,0.00,0.00,0.00,0.00,0.00
Andorra,AND,20200217,0.00,,0.00,,0.00,,0.00,,0.00,,0.00,,0.00,,0.00,0.00,,0.00,0.00,0.00,0.00,,0.00,0.00,0.00,0.00,,,,0.00,0.00,0.00,0.00,0.00,0.00,0.00,0.00,0.00,0.00
Andorra,AND,20200218,0.00,,0.00,,0.00,,0.00,,0.00,,0.00,,0.00,,0.00,0.00,,0.00,0.00,0.00,0.00,,0.00,0.00,0.00,0.00,,,,0.00,0.00,0.00,0.00,0.00,0.00,0.00,0.00,0.00,0.00
Andorra,AND,20200219,0.00,,0.00,,0.00,,0.00,,0.00,,0.00,,0.00,,0.00,0.00,,0.00,0.00,0.00,0.00,,0.00,0.00,0.00,0.00,,,,0.00,0.00,0.00,0.00,0.00,0.00,0.00,0.00,0.00,0.00
Andorra,AND,20200220,0.00,,0.00,,0.00,,0.00,,0.00,,0.00,,0.00,,0.00,0.00,,0.00,0.00,0.00,0.00,,0.00,0.00,0.00,0.00,,,,0.00,0.00,0.00,0.00,0.00,0.00,0.00,0.00,0.00,0.00
Andorra,AND,20200221,0.00,,0.00,,0.00,,0.00,,0.00,,0.00,,0.00,,0.00,0.00,,0.00,0.00,0.00,0.00,,0.00,0.00,0.00,0.00,,,,0.00,0.00,0.00,0.00,0.00,0.00,0.00,0.00,0.00,0.00
Andorra,AND,20200222,0.00,,0.00,,0.00,,0.00,,0.00,,0.00,,0.00,,0.00,0.00,,0.00,0.00,0.00,0.00,,0.00,0.00,0.00,0.00,,,,0.00,0.00,0.00,0.00,0.00,0.00,0.00,0.00,0.00,0.00
Andorra,AND,20200223,0.00,,0.00,,0.00,,0.00,,0.00,,0.00,,0.00,,0.00,0.00,,0.00,0.00,0.00,0.00,,0.00,0.00,0.00,0.00,,,,0.00,0.00,0.00,0.00,0.00,0.00,0.00,0.00,0.00,0.00
Andorra,AND,20200224,0.00,,0.00,,0.00,,0.00,,0.00,,0.00,,0.00,,0.00,0.00,,0.00,0.00,0.00,0.00,,0.00,0.00,0.00,0.00,,,,0.00,0.00,0.00,0.00,0.00,0.00,0.00,0.00,0.00,0.00
Andorra,AND,20200225,0.00,,0.00,,0.00,,0.00,,0.00,,0.00,,0.00,,0.00,0.00,,0.00,0.00,0.00,0.00,,0.00,0.00,0.00,0.00,,,,0.00,0.00,0.00,0.00,0.00,0.00,0.00,0.00,0.00,0.00
Andorra,AND,20200226,0.00,,0.00,,0.00,,0.00,,0.00,,0.00,,0.00,,0.00,0.00,,0.00,0.00,0.00,0.00,,0.00,0.00,0.00,0.00,,,,0.00,0.00,0.00,0.00,0.00,0.00,0.00,0.00,0.00,0.00
Andorra,AND,20200227,0.00,,0.00,,0.00,,0.00,,0.00,,0.00,,0.00,,0.00,0.00,,0.00,141399000.00,0.00,0.00,,0.00,0.00,0.00,0.00,,,,0.00,0.00,0.00,0.00,0.00,0.00,0.00,0.00,0.00,0.00
Andorra,AND,20200228,0.00,,0.00,,0.00,,0.00,,0.00,,0.00,,0.00,,0.00,0.00,,0.00,0.00,0.00,0.00,,0.00,0.00,0.00,0.00,,,,0.00,0.00,0.00,0.00,0.00,0.00,0.00,0.00,0.00,0.00
Andorra,AND,20200229,0.00,,0.00,,0.00,,0.00,,0.00,,0.00,,0.00,,0.00,0.00,,0.00,0.00,0.00,0.00,,0.00,0.00,0.00,0.00,,,,0.00,0.00,0.00,0.00,0.00,0.00,0.00,0.00,0.00,0.00
Andorra,AND,20200301,0.00,,0.00,,0.00,,0.00,,0.00,,0.00,,0.00,,0.00,0.00,,0.00,0.00,0.00,0.00,,0.00,0.00,0.00,0.00,,,,0.00,0.00,0.00,0.00,0.00,0.00,0.00,0.00,0.00,0.00
Andorra,AND,20200302,0.00,,0.00,,0.00,,0.00,,0.00,,0.00,,0.00,,0.00,0.00,,0.00,0.00,0.00,0.00,,1.00,0.00,0.00,0.00,,,,0.00,0.00,0.00,0.00,2.56,2.56,3.03,3.03,0.00,0.00
Andorra,AND,20200303,0.00,,0.00,,0.00,,0.00,,0.00,,0.00,,0.00,,0.00,0.00,,0.00,0.00,0.00,0.00,,1.00,0.00,0.00,0.00,,1,0,0.00,0.00,0.00,0.00,2.56,2.56,3.03,3.03,0.00,0.00
Andorra,AND,20200304,0.00,,0.00,,0.00,,0.00,,0.00,,0.00,,0.00,,0.00,0.00,,0.00,0.00,0.00,0.00,,1.00,0.00,0.00,0.00,,,,0.00,0.00,0.00,0.00,2.56,2.56,3.03,3.03,0.00,0.00
Andorra,AND,20200305,0.00,,0.00,,0.00,,0.00,,0.00,,0.00,,0.00,,0.00,0.00,,0.00,0.00,0.00,0.00,,1.00,0.00,0.00,0.00,,,,0.00,0.00,0.00,0.00,2.56,2.56,3.03,3.03,0.00,0.00
Andorra,AND,20200306,0.00,,0.00,,0.00,,0.00,,0.00,,0.00,,0.00,,0.00,0.00,,0.00,0.00,0.00,0.00,,1.00,0.00,0.00,0.00,,,,0.00,0.00,0.00,0.00,2.56,2.56,3.03,3.03,0.00,0.00
Andorra,AND,20200307,0.00,,0.00,,0.00,,0.00,,0.00,,0.00,,0.00,,0.00,0.00,,0.00,0.00,0.00,0.00,,1.00,0.00,0.00,0.00,,,,0.00,0.00,0.00,0.00,2.56,2.56,3.03,3.03,0.00,0.00
Andorra,AND,20200308,0.00,,0.00,,0.00,,0.00,,0.00,,0.00,,0.00,,0.00,0.00,,0.00,0.00,0.00,0.00,,1.00,0.00,0.00,0.00,,,,0.00,0.00,0.00,0.00,2.56,2.56,3.03,3.03,0.00,0.00
Andorra,AND,20200309,0.00,,0.00,,0.00,,0.00,,0.00,,0.00,,0.00,,0.00,0.00,,0.00,0.00,0.00,0.00,,1.00,0.00,0.00,0.00,,,,0.00,0.00,0.00,0.00,2.56,2.56,3.03,3.03,0.00,0.00
Andorra,AND,20200310,0.00,,0.00,,0.00,,0.00,,0.00,,0.00,,0.00,,0.00,0.00,,0.00,0.00,0.00,0.00,,1.00,0.00,0.00,0.00,,,,0.00,0.00,0.00,0.00,2.56,2.56,3.03,3.03,0.00,0.00
Andorra,AND,20200311,0.00,,0.00,,0.00,,0.00,,0.00,,0.00,,0.00,,0.00,0.00,,0.00,0.00,0.00,0.00,,1.00,0.00,0.00,0.00,,,,0.00,0.00,0.00,0.00,2.56,2.56,3.03,3.03,0.00,0.00
Andorra,AND,20200312,0.00,,0.00,,0.00,,0.00,,0.00,,0.00,,0.00,,0.00,0.00,,0.00,0.00,0.00,0.00,,1.00,0.00,0.00,0.00,,,,0.00,0.00,0.00,0.00,2.56,2.56,3.03,3.03,0.00,0.00
Andorra,AND,20200313,0.00,,0.00,,1.00,1,0.00,,0.00,,1.00,1,0.00,,0.00,2.00,1,0.00,0.00,0.00,0.00,,1.00,0.00,0.00,0.00,,,,9.26,9.26,16.67,16.67,16.67,16.67,10.61,10.61,50.00,50.00
Andorra,AND,20200314,0.00,,3.00,1,1.00,1,0.00,,0.00,,1.00,1,0.00,,0.00,2.00,1,0.00,0.00,0.00,0.00,,1.00,0.00,0.00,0.00,,2,0,20.37,20.37,30.95,30.95,24.36,24.36,19.70,19.70,50.00,50.00
Andorra,AND,20200315,0.00,,3.00,1,1.00,1,0.00,,0.00,,1.00,1,0.00,,0.00,2.00,1,0.00,0.00,0.00,0.00,,1.00,0.00,0.00,0.00,,,,20.37,20.37,30.95,30.95,24.36,24.36,19.70,19.70,50.00,50.00
Andorra,AND,20200316,3.00,1,3.00,1,1.00,1,0.00,,0.00,,1.00,1,0.00,,0.00,2.00,1,0.00,0.00,0.00,0.00,,1.00,0.00,0.00,0.00,,5,0,31.48,31.48,45.24,45.24,32.05,32.05,28.79,28.79,50.00,50.00
Andorra,AND,20200317,3.00,1,3.00,1,1.00,1,0.00,,0.00,,1.00,1,0.00,,0.00,2.00,1,0.00,0.00,0.00,0.00,,1.00,0.00,0.00,0.00,,14,0,31.48,31.48,45.24,45.24,32.05,32.05,28.79,28.79,50.00,50.00
Andorra,AND,20200318,3.00,1,3.00,1,1.00,1,0.00,,0.00,,1.00,1,0.00,,0.00,2.00,1,0.00,0.00,0.00,0.00,,1.00,0.00,0.00,0.00,,14,0,31.48,31.48,45.24,45.24,32.05,32.05,28.79,28.79,50.00,50.00
Andorra,AND,20200319,3.00,1,3.00,1,1.00,1,0.00,,0.00,,1.00,1,0.00,,0.00,2.00,1,0.00,0.00,0.00,0.00,,1.00,0.00,0.00,0.00,,53,0,31.48,31.48,45.24,45.24,32.05,32.05,28.79,28.79,50.00,50.00
Andorra,AND,20200320,3.00,1,3.00,1,1.00,1,0.00,,0.00,,1.00,1,0.00,,0.00,2.00,1,0.00,0.00,0.00,0.00,,1.00,0.00,0.00,0.00,,75,0,31.48,31.48,45.24,45.24,32.05,32.05,28.79,28.79,50.00,50.00
Andorra,AND,20200321,3.00,1,3.00,1,1.00,1,0.00,,0.00,,1.00,1,0.00,,0.00,2.00,1,0.00,0.00,0.00,0.00,,1.00,0.00,0.00,0.00,,75,0,31.48,31.48,45.24,45.24,32.05,32.05,28.79,28.79,50.00,50.00
Andorra,AND,20200322,3.00,1,3.00,1,1.00,1,0.00,,0.00,,1.00,1,0.00,,0.00,2.00,1,0.00,0.00,0.00,0.00,,1.00,0.00,0.00,0.00,,88,0,31.48,31.48,45.24,45.24,32.05,32.05,28.79,28.79,50.00,50.00
Andorra,AND,20200323,3.00,1,3.00,1,1.00,1,0.00,,0.00,,1.00,1,0.00,,0.00,2.00,1,0.00,0.00,0.00,0.00,,1.00,0.00,0.00,0.00,,113,0,31.48,31.48,45.24,45.24,32.05,32.05,28.79,28.79,50.00,50.00
Andorra,AND,20200324,3.00,1,3.00,1,1.00,1,0.00,,0.00,,1.00,1,0.00,,0.00,2.00,1,0.00,0.00,0.00,0.00,,1.00,0.00,0.00,0.00,,133,0,31.48,31.48,45.24,45.24,32.05,32.05,28.79,28.79,50.00,50.00
Andorra,AND,20200325,3.00,1,3.00,1,1.00,1,0.00,,1.00,1,1.00,1,0.00,,0.00,2.00,1,0.00,0.00,0.00,2.00,1,1.00,0.00,0.00,0.00,,164,0,48.15,48.15,69.05,69.05,43.59,43.59,42.42,42.42,50.00,50.00
Andorra,AND,20200326,3.00,1,3.00,1,1.00,1,0.00,,1.00,1,1.00,1,0.00,,0.00,2.00,1,0.00,0.00,0.00,2.00,1,1.00,0.00,0.00,0.00,,188,0,48.15,48.15,69.05,69.05,43.59,43.59,42.42,42.42,50.00,50.00
Andorra,AND,20200327,3.00,1,3.00,1,1.00,1,0.00,,1.00,1,1.00,1,0.00,,0.00,2.00,1,0.00,0.00,0.00,2.00,1,1.00,1.00,0.00,0.00,,224,3,48.15,48.15,69.05,69.05,47.44,47.44,46.97,46.97,50.00,50.00
Andorra,AND,20200328,3.00,1,3.00,1,1.00,1,0.00,,1.00,1,1.00,1,0.00,,0.00,2.00,1,0.00,0.00,0.00,2.00,1,1.00,1.00,0.00,0.00,,267,3,48.15,48.15,69.05,69.05,47.44,47.44,46.97,46.97,50.00,50.00
Andorra,AND,20200329,3.00,1,3.00,1,1.00,1,0.00,,1.00,1,1.00,1,0.00,,0.00,2.00,1,0.00,0.00,0.00,2.00,1,1.00,1.00,0.00,0.00,,308,4,48.15,48.15,69.05,69.05,47.44,47.44,46.97,46.97,50.00,50.00
Andorra,AND,20200330,3.00,1,3.00,1,1.00,1,0.00,,1.00,1,1.00,1,0.00,,0.00,2.00,1,0.00,0.00,0.00,2.00,1,1.00,1.00,2509518.50,0.00,,334,6,48.15,48.15,69.05,69.05,47.44,47.44,46.97,46.97,50.00,50.00
Andorra,AND,20200331,3.00,1,3.00,1,1.00,1,0.00,,1.00,1,1.00,1,0.00,,0.00,2.00,1,0.00,0.00,0.00,2.00,1,1.00,1.00,0.00,0.00,,370,8,48.15,48.15,69.05,69.05,47.44,47.44,46.97,46.97,50.00,50.00
Andorra,AND,20200401,3.00,1,3.00,1,1.00,1,0.00,,1.00,1,1.00,1,0.00,,0.00,2.00,1,0.00,0.00,0.00,2.00,1,1.00,1.00,0.00,0.00,,376,12,48.15,48.15,69.05,69.05,47.44,47.44,46.97,46.97,50.00,50.00
Andorra,AND,20200402,3.00,1,3.00,1,1.00,1,0.00,,1.00,1,1.00,1,0.00,,0.00,2.00,1,0.00,0.00,0.00,2.00,1,1.00,1.00,0.00,0.00,,390,14,48.15,48.15,69.05,69.05,47.44,47.44,46.97,46.97,50.00,50.00
Andorra,AND,20200403,3.00,1,3.00,1,1.00,1,0.00,,1.00,1,1.00,1,0.00,,0.00,2.00,1,0.00,0.00,0.00,2.00,1,1.00,1.00,0.00,0.00,,428,15,48.15,48.15,69.05,69.05,47.44,47.44,46.97,46.97,50.00,50.00
Andorra,AND,20200404,3.00,1,3.00,1,1.00,1,0.00,,1.00,1,1.00,1,0.00,,0.00,2.00,1,0.00,0.00,0.00,2.00,1,1.00,1.00,0.00,0.00,,439,16,48.15,48.15,69.05,69.05,47.44,47.44,46.97,46.97,50.00,50.00
Andorra,AND,20200405,3.00,1,3.00,1,1.00,1,0.00,,1.00,1,1.00,1,0.00,,0.00,2.00,1,0.00,0.00,0.00,2.00,1,1.00,1.00,0.00,0.00,,466,17,48.15,48.15,69.05,69.05,47.44,47.44,46.97,46.97,50.00,50.00
Andorra,AND,20200406,3.00,1,3.00,1,1.00,1,0.00,,1.00,1,1.00,1,0.00,,0.00,2.00,1,0.00,0.00,0.00,2.00,1,1.00,1.00,0.00,0.00,,501,18,48.15,48.15,69.05,69.05,47.44,47.44,46.97,46.97,50.00,50.00
Andorra,AND,20200407,3.00,1,3.00,1,1.00,1,0.00,,1.00,1,1.00,1,0.00,,0.00,2.00,1,0.00,0.00,0.00,2.00,1,1.00,1.00,0.00,0.00,,526,21,48.15,48.15,69.05,69.05,47.44,47.44,46.97,46.97,50.00,50.00
Andorra,AND,20200408,3.00,1,3.00,1,1.00,1,0.00,,1.00,1,1.00,1,0.00,,3.00,2.00,1,0.00,0.00,0.00,2.00,1,1.00,1.00,0.00,0.00,,545,22,56.48,56.48,79.76,79.76,53.21,53.21,53.79,53.79,50.00,50.00
Andorra,AND,20200409,3.00,1,3.00,1,1.00,1,0.00,,1.00,1,1.00,1,0.00,,3.00,2.00,1,0.00,0.00,0.00,2.00,1,1.00,1.00,0.00,0.00,,564,23,56.48,56.48,79.76,79.76,53.21,53.21,53.79,53.79,50.00,50.00
Andorra,AND,20200410,3.00,1,3.00,1,1.00,1,0.00,,1.00,1,1.00,1,0.00,,3.00,2.00,1,0.00,0.00,0.00,2.00,1,1.00,1.00,0.00,0.00,,583,25,56.48,56.48,79.76,79.76,53.21,53.21,53.79,53.79,50.00,50.00
Andorra,AND,20200411,3.00,1,3.00,1,1.00,1,0.00,,1.00,1,1.00,1,0.00,,3.00,2.00,1,0.00,0.00,0.00,2.00,1,1.00,1.00,0.00,0.00,,601,26,56.48,56.48,79.76,79.76,53.21,53.21,53.79,53.79,50.00,50.00
Andorra,AND,20200412,3.00,1,3.00,1,1.00,1,0.00,,1.00,1,1.00,1,0.00,,3.00,2.00,1,0.00,0.00,0.00,2.00,1,1.00,1.00,0.00,0.00,,622,28,56.48,56.48,79.76,79.76,53.21,53.21,53.79,53.79,50.00,50.00
Andorra,AND,20200413,3.00,1,3.00,1,1.00,1,0.00,,1.00,1,1.00,1,0.00,,3.00,2.00,1,0.00,0.00,0.00,2.00,1,1.00,1.00,0.00,0.00,,638,29,56.48,56.48,79.76,79.76,53.21,53.21,53.79,53.79,50.00,50.00
Andorra,AND,20200414,3.00,1,3.00,1,1.00,1,0.00,,1.00,1,1.00,1,0.00,,3.00,2.00,1,0.00,0.00,0.00,2.00,1,1.00,1.00,0.00,0.00,,646,29,56.48,56.48,79.76,79.76,53.21,53.21,53.79,53.79,50.00,50.00
Andorra,AND,20200415,3.00,1,3.00,1,1.00,1,0.00,,1.00,1,1.00,1,0.00,,3.00,2.00,1,0.00,0.00,0.00,2.00,1,1.00,1.00,0.00,0.00,,659,31,56.48,56.48,79.76,79.76,53.21,53.21,53.79,53.79,50.00,50.00
Andorra,AND,20200416,3.00,1,3.00,1,1.00,1,0.00,,1.00,1,1.00,1,0.00,,3.00,2.00,1,0.00,0.00,0.00,2.00,1,1.00,1.00,0.00,0.00,,673,33,56.48,56.48,79.76,79.76,53.21,53.21,53.79,53.79,50.00,50.00
Andorra,AND,20200417,3.00,1,3.00,1,1.00,1,0.00,,1.00,1,1.00,1,0.00,,3.00,2.00,1,0.00,0.00,0.00,2.00,1,1.00,1.00,0.00,0.00,,682,33,56.48,56.48,79.76,79.76,53.21,53.21,53.79,53.79,50.00,50.00
Andorra,AND,20200418,3.00,1,3.00,1,1.00,1,0.00,,1.00,1,1.00,1,0.00,,3.00,2.00,1,0.00,0.00,0.00,2.00,1,3.00,1.00,0.00,0.00,,696,35,56.48,56.48,79.76,79.76,58.33,58.33,59.85,59.85,50.00,50.00
Andorra,AND,20200419,3.00,1,3.00,1,1.00,1,0.00,,1.00,1,1.00,1,0.00,,3.00,2.00,1,0.00,0.00,0.00,2.00,1,3.00,1.00,0.00,0.00,,704,35,56.48,56.48,79.76,79.76,58.33,58.33,59.85,59.85,50.00,50.00
Andorra,AND,20200420,3.00,1,2.00,1,1.00,1,0.00,,1.00,1,1.00,1,0.00,,3.00,2.00,1,0.00,0.00,0.00,2.00,1,3.00,1.00,0.00,0.00,,713,36,52.78,52.78,76.19,76.19,55.77,55.77,56.82,56.82,50.00,50.00
Andorra,AND,20200421,3.00,1,2.00,1,1.00,1,0.00,,1.00,1,1.00,1,0.00,,3.00,2.00,1,0.00,0.00,0.00,2.00,1,3.00,1.00,0.00,0.00,,717,36,52.78,52.78,76.19,76.19,55.77,55.77,56.82,56.82,50.00,50.00
Andorra,AND,20200422,3.00,1,2.00,1,1.00,1,0.00,,1.00,1,1.00,1,0.00,,3.00,2.00,1,0.00,0.00,0.00,2.00,1,3.00,1.00,0.00,0.00,,717,37,52.78,52.78,76.19,76.19,55.77,55.77,56.82,56.82,50.00,50.00
Andorra,AND,20200423,3.00,1,2.00,1,1.00,1,0.00,,1.00,1,1.00,1,0.00,,3.00,2.00,1,0.00,0.00,0.00,2.00,1,3.00,1.00,0.00,0.00,,723,37,52.78,52.78,76.19,76.19,55.77,55.77,56.82,56.82,50.00,50.00
Andorra,AND,20200424,3.00,1,2.00,1,1.00,1,0.00,,1.00,1,1.00,1,0.00,,3.00,2.00,1,0.00,0.00,0.00,2.00,1,3.00,1.00,0.00,0.00,,724,37,52.78,52.78,76.19,76.19,55.77,55.77,56.82,56.82,50.00,50.00
Andorra,AND,20200425,3.00,1,2.00,1,1.00,1,0.00,,1.00,1,1.00,1,0.00,,3.00,2.00,1,0.00,0.00,0.00,2.00,1,3.00,1.00,0.00,0.00,,731,40,52.78,52.78,76.19,76.19,55.77,55.77,56.82,56.82,50.00,50.00
Andorra,AND,20200426,3.00,1,2.00,1,1.00,1,0.00,,1.00,1,1.00,1,0.00,,3.00,2.00,1,0.00,0.00,0.00,2.00,1,3.00,1.00,0.00,0.00,,733,40,52.78,52.78,76.19,76.19,55.77,55.77,56.82,56.82,50.00,50.00
Andorra,AND,20200427,3.00,1,2.00,1,1.00,1,0.00,,1.00,1,1.00,1,0.00,,3.00,2.00,1,0.00,0.00,0.00,2.00,1,3.00,1.00,0.00,0.00,,740,40,52.78,52.78,76.19,76.19,55.77,55.77,56.82,56.82,50.00,50.00
Andorra,AND,20200428,3.00,1,2.00,1,1.00,1,0.00,,1.00,1,1.00,1,0.00,,3.00,2.00,1,0.00,0.00,0.00,2.00,1,3.00,1.00,0.00,0.00,,743,40,52.78,52.78,76.19,76.19,55.77,55.77,56.82,56.82,50.00,50.00
Andorra,AND,20200429,3.00,1,2.00,1,1.00,1,0.00,,1.00,1,1.00,1,0.00,,3.00,2.00,1,0.00,0.00,0.00,2.00,1,3.00,1.00,0.00,0.00,,743,41,52.78,52.78,76.19,76.19,55.77,55.77,56.82,56.82,50.00,50.00
Andorra,AND,20200430,3.00,1,2.00,1,1.00,1,0.00,,1.00,1,1.00,1,0.00,,3.00,2.00,1,0.00,0.00,0.00,2.00,1,3.00,1.00,0.00,0.00,,743,42,52.78,52.78,76.19,76.19,55.77,55.77,56.82,56.82,50.00,50.00
Andorra,AND,20200501,3.00,1,2.00,1,1.00,1,0.00,,1.00,1,1.00,1,0.00,,3.00,2.00,1,0.00,0.00,0.00,2.00,1,3.00,1.00,0.00,0.00,,745,42,52.78,52.78,76.19,76.19,55.77,55.77,56.82,56.82,50.00,50.00
Andorra,AND,20200502,3.00,1,2.00,1,1.00,1,0.00,,1.00,1,1.00,1,0.00,,3.00,2.00,1,0.00,0.00,0.00,2.00,1,3.00,1.00,0.00,0.00,,746,43,52.78,52.78,76.19,76.19,55.77,55.77,56.82,56.82,50.00,50.00
Andorra,AND,20200503,3.00,1,2.00,1,1.00,1,0.00,,1.00,1,1.00,1,0.00,,3.00,2.00,1,0.00,0.00,0.00,2.00,1,3.00,1.00,0.00,0.00,,747,44,52.78,52.78,76.19,76.19,55.77,55.77,56.82,56.82,50.00,50.00
Andorra,AND,20200504,3.00,1,2.00,1,1.00,1,0.00,,1.00,1,1.00,1,0.00,,3.00,2.00,1,0.00,0.00,0.00,2.00,1,3.00,1.00,0.00,0.00,,748,45,52.78,52.78,76.19,76.19,55.77,55.77,56.82,56.82,50.00,50.00
Andorra,AND,20200505,3.00,1,2.00,1,1.00,1,0.00,,1.00,1,1.00,1,0.00,,3.00,2.00,1,0.00,0.00,0.00,2.00,1,3.00,1.00,0.00,0.00,,750,45,52.78,52.78,76.19,76.19,55.77,55.77,56.82,56.82,50.00,50.00
Andorra,AND,20200506,3.00,1,2.00,1,1.00,1,0.00,,1.00,1,1.00,1,0.00,,3.00,2.00,1,0.00,0.00,0.00,2.00,1,3.00,1.00,0.00,0.00,,751,46,52.78,52.78,76.19,76.19,55.77,55.77,56.82,56.82,50.00,50.00
Andorra,AND,20200507,3.00,1,2.00,1,1.00,1,0.00,,1.00,1,1.00,1,0.00,,3.00,2.00,1,0.00,0.00,0.00,2.00,1,3.00,1.00,0.00,,,751,46,52.78,52.78,76.19,76.19,55.77,55.77,56.82,56.82,50.00,50.00
Andorra,AND,20200508,3.00,1,2.00,1,1.00,1,0.00,,1.00,1,1.00,1,0.00,,3.00,2.00,1,0.00,0.00,0.00,2.00,1,3.00,1.00,0.00,,,752,47,52.78,52.78,76.19,76.19,55.77,55.77,56.82,56.82,50.00,50.00
Andorra,AND,20200509,3.00,1,2.00,1,1.00,1,0.00,,1.00,1,1.00,1,0.00,,3.00,2.00,1,2.00,0.00,0.00,2.00,1,3.00,1.00,0.00,0.00,,752,47,52.78,52.78,76.19,76.19,63.46,63.46,56.82,56.82,100.00,100.00
Andorra,AND,20200510,3.00,1,2.00,1,1.00,1,0.00,,1.00,1,1.00,1,0.00,,3.00,2.00,1,2.00,0.00,0.00,2.00,1,3.00,1.00,0.00,0.00,,754,48,52.78,52.78,76.19,76.19,63.46,63.46,56.82,56.82,100.00,100.00
Andorra,AND,20200511,3.00,1,2.00,1,1.00,1,0.00,,1.00,1,1.00,1,0.00,,2.00,2.00,1,2.00,0.00,0.00,2.00,1,3.00,1.00,0.00,0.00,,755,48,50.00,50.00,72.62,72.62,61.54,61.54,54.55,54.55,100.00,100.00
Andorra,AND,20200512,3.00,1,2.00,1,1.00,1,0.00,,1.00,1,1.00,1,0.00,,2.00,2.00,1,2.00,0.00,0.00,2.00,1,3.00,1.00,0.00,0.00,,756,48,50.00,50.00,72.62,72.62,61.54,61.54,54.55,54.55,100.00,100.00
Andorra,AND,20200513,3.00,1,2.00,1,1.00,1,0.00,,1.00,1,1.00,1,0.00,,2.00,2.00,1,2.00,0.00,0.00,2.00,1,3.00,1.00,0.00,0.00,,758,48,50.00,50.00,72.62,72.62,61.54,61.54,54.55,54.55,100.00,100.00
Andorra,AND,20200514,3.00,1,2.00,1,1.00,1,0.00,,1.00,1,1.00,1,0.00,,2.00,2.00,1,2.00,0.00,0.00,2.00,1,3.00,1.00,0.00,0.00,,760,49,50.00,50.00,72.62,72.62,61.54,61.54,54.55,54.55,100.00,100.00
Andorra,AND,20200515,3.00,1,2.00,1,1.00,1,0.00,,1.00,1,1.00,1,0.00,,2.00,2.00,1,2.00,0.00,0.00,2.00,1,3.00,1.00,0.00,0.00,,761,49,50.00,50.00,72.62,72.62,61.54,61.54,54.55,54.55,100.00,100.00
Andorra,AND,20200516,3.00,1,2.00,1,1.00,1,0.00,,1.00,1,1.00,1,0.00,,2.00,2.00,1,2.00,0.00,0.00,2.00,1,3.00,1.00,0.00,0.00,,761,49,50.00,50.00,72.62,72.62,61.54,61.54,54.55,54.55,100.00,100.00
Andorra,AND,20200517,3.00,1,2.00,1,1.00,1,0.00,,1.00,1,1.00,1,0.00,,2.00,2.00,1,2.00,0.00,0.00,2.00,1,3.00,1.00,0.00,0.00,,761,51,50.00,50.00,72.62,72.62,61.54,61.54,54.55,54.55,100.00,100.00
Andorra,AND,20200518,3.00,1,2.00,1,1.00,1,0.00,,1.00,1,1.00,1,0.00,,2.00,2.00,1,2.00,0.00,0.00,2.00,1,3.00,1.00,0.00,0.00,,761,51,50.00,50.00,72.62,72.62,61.54,61.54,54.55,54.55,100.00,100.00
Andorra,AND,20200519,3.00,1,2.00,1,1.00,1,0.00,,1.00,1,1.00,1,0.00,,2.00,2.00,1,2.00,0.00,0.00,2.00,1,3.00,1.00,0.00,0.00,,761,51,50.00,50.00,72.62,72.62,61.54,61.54,54.55,54.55,100.00,100.00
Andorra,AND,20200520,3.00,1,2.00,1,1.00,1,0.00,,1.00,1,1.00,1,0.00,,2.00,2.00,1,2.00,0.00,0.00,2.00,1,3.00,1.00,0.00,0.00,,761,51,50.00,50.00,72.62,72.62,61.54,61.54,54.55,54.55,100.00,100.00
Andorra,AND,20200521,3.00,1,2.00,1,1.00,1,0.00,,1.00,1,1.00,1,0.00,,2.00,2.00,1,2.00,0.00,0.00,2.00,1,3.00,1.00,0.00,0.00,,762,51,50.00,50.00,72.62,72.62,61.54,61.54,54.55,54.55,100.00,100.00
Andorra,AND,20200522,3.00,1,2.00,1,1.00,1,0.00,,1.00,1,1.00,1,0.00,,2.00,2.00,1,2.00,0.00,0.00,2.00,1,3.00,1.00,0.00,0.00,,762,51,50.00,50.00,72.62,72.62,61.54,61.54,54.55,54.55,100.00,100.00
Andorra,AND,20200523,3.00,1,2.00,1,1.00,1,0.00,,1.00,1,1.00,1,0.00,,2.00,2.00,1,2.00,0.00,0.00,2.00,1,3.00,1.00,0.00,0.00,,762,51,50.00,50.00,72.62,72.62,61.54,61.54,54.55,54.55,100.00,100.00
Andorra,AND,20200524,3.00,1,2.00,1,1.00,1,0.00,,1.00,1,1.00,1,0.00,,2.00,2.00,1,2.00,0.00,0.00,2.00,1,3.00,1.00,0.00,0.00,,762,51,50.00,50.00,72.62,72.62,61.54,61.54,54.55,54.55,100.00,100.00
Andorra,AND,20200525,3.00,1,2.00,1,1.00,1,0.00,,1.00,1,1.00,1,0.00,,2.00,2.00,1,2.00,0.00,0.00,2.00,1,3.00,1.00,0.00,0.00,,763,51,50.00,50.00,72.62,72.62,61.54,61.54,54.55,54.55,100.00,100.00
Andorra,AND,20200526,3.00,1,2.00,1,1.00,1,0.00,,1.00,1,1.00,1,0.00,,2.00,2.00,1,2.00,0.00,0.00,2.00,1,3.00,1.00,0.00,0.00,,763,51,50.00,50.00,72.62,72.62,61.54,61.54,54.55,54.55,100.00,100.00
Andorra,AND,20200527,3.00,1,2.00,1,1.00,1,0.00,,1.00,1,1.00,1,0.00,,2.00,2.00,1,2.00,0.00,0.00,2.00,1,3.00,1.00,0.00,0.00,,763,51,50.00,50.00,72.62,72.62,61.54,61.54,54.55,54.55,100.00,100.00
Andorra,AND,20200528,3.00,1,2.00,1,1.00,1,0.00,,1.00,1,1.00,1,0.00,,2.00,2.00,1,2.00,0.00,0.00,2.00,1,3.00,1.00,0.00,0.00,,763,51,50.00,50.00,72.62,72.62,61.54,61.54,54.55,54.55,100.00,100.00
Andorra,AND,20200529,3.00,1,2.00,1,1.00,1,0.00,,1.00,1,1.00,1,0.00,,2.00,2.00,1,2.00,0.00,0.00,2.00,1,3.00,1.00,0.00,0.00,,763,51,50.00,50.00,72.62,72.62,61.54,61.54,54.55,54.55,100.00,100.00
Andorra,AND,20200530,3.00,1,2.00,1,1.00,1,0.00,,1.00,1,1.00,1,0.00,,2.00,2.00,1,2.00,0.00,0.00,2.00,1,3.00,1.00,0.00,0.00,,764,51,50.00,50.00,72.62,72.62,61.54,61.54,54.55,54.55,100.00,100.00
Andorra,AND,20200531,3.00,1,2.00,1,1.00,1,0.00,,1.00,1,1.00,1,0.00,,2.00,2.00,1,2.00,0.00,0.00,2.00,1,3.00,1.00,0.00,0.00,,764,51,50.00,50.00,72.62,72.62,61.54,61.54,54.55,54.55,100.00,100.00
Andorra,AND,20200601,3.00,1,2.00,1,1.00,1,0.00,,1.00,1,1.00,1,0.00,,2.00,2.00,1,2.00,0.00,0.00,2.00,1,3.00,1.00,0.00,0.00,,764,51,50.00,50.00,72.62,72.62,61.54,61.54,54.55,54.55,100.00,100.00
Andorra,AND,20200602,0.00,,2.00,1,1.00,1,0.00,,1.00,1,1.00,1,0.00,,2.00,2.00,1,2.00,0.00,0.00,2.00,1,3.00,1.00,0.00,0.00,,765,51,38.89,38.89,58.33,58.33,53.85,53.85,45.45,45.45,100.00,100.00
Andorra,AND,20200603,0.00,,2.00,1,1.00,1,0.00,,1.00,1,1.00,1,0.00,,2.00,2.00,1,2.00,0.00,0.00,2.00,1,3.00,1.00,0.00,0.00,,844,51,38.89,38.89,58.33,58.33,53.85,53.85,45.45,45.45,100.00,100.00
Andorra,AND,20200604,0.00,,2.00,1,1.00,1,0.00,,1.00,1,1.00,1,0.00,,2.00,2.00,1,2.00,0.00,0.00,2.00,1,3.00,1.00,0.00,0.00,,851,51,38.89,38.89,58.33,58.33,53.85,53.85,45.45,45.45,100.00,100.00
Andorra,AND,20200605,0.00,,2.00,1,1.00,1,0.00,,1.00,1,1.00,1,0.00,,2.00,2.00,1,2.00,0.00,0.00,2.00,1,3.00,1.00,0.00,0.00,,852,51,38.89,38.89,58.33,58.33,53.85,53.85,45.45,45.45,100.00,100.00
Andorra,AND,20200606,0.00,,2.00,1,1.00,1,0.00,,1.00,1,1.00,1,0.00,,2.00,2.00,1,2.00,0.00,0.00,2.00,1,3.00,1.00,0.00,0.00,,852,51,38.89,38.89,58.33,58.33,53.85,53.85,45.45,45.45,100.00,100.00
Andorra,AND,20200607,0.00,,2.00,1,1.00,1,0.00,,1.00,1,1.00,1,0.00,,2.00,2.00,1,2.00,0.00,0.00,2.00,1,3.00,1.00,0.00,0.00,,852,51,38.89,38.89,58.33,58.33,53.85,53.85,45.45,45.45,100.00,100.00
Andorra,AND,20200608,0.00,,2.00,1,1.00,1,0.00,,1.00,1,1.00,1,0.00,,2.00,2.00,1,2.00,0.00,0.00,2.00,1,3.00,1.00,0.00,0.00,,852,51,38.89,38.89,58.33,58.33,53.85,53.85,45.45,45.45,100.00,100.00
Andorra,AND,20200609,0.00,,2.00,1,1.00,1,0.00,,1.00,1,1.00,1,0.00,,2.00,2.00,1,2.00,0.00,0.00,2.00,1,3.00,1.00,0.00,0.00,,852,51,38.89,38.89,58.33,58.33,53.85,53.85,45.45,45.45,100.00,100.00
Andorra,AND,20200610,0.00,,2.00,1,1.00,1,0.00,,1.00,1,1.00,1,0.00,,2.00,2.00,1,2.00,0.00,0.00,2.00,1,3.00,1.00,0.00,0.00,,852,51,38.89,38.89,58.33,58.33,53.85,53.85,45.45,45.45,100.00,100.00
Andorra,AND,20200611,0.00,,2.00,1,1.00,1,0.00,,1.00,1,1.00,1,0.00,,2.00,2.00,1,2.00,0.00,0.00,2.00,1,3.00,1.00,0.00,0.00,,852,51,38.89,38.89,58.33,58.33,53.85,53.85,45.45,45.45,100.00,100.00
Andorra,AND,20200612,0.00,,2.00,1,1.00,1,0.00,,1.00,1,1.00,1,0.00,,2.00,2.00,1,2.00,0.00,0.00,2.00,1,3.00,1.00,0.00,0.00,,852,51,38.89,38.89,58.33,58.33,53.85,53.85,45.45,45.45,100.00,100.00
Andorra,AND,20200613,0.00,,2.00,1,1.00,1,0.00,,1.00,1,1.00,1,0.00,,2.00,2.00,1,2.00,0.00,0.00,2.00,1,3.00,1.00,0.00,0.00,,853,51,38.89,38.89,58.33,58.33,53.85,53.85,45.45,45.45,100.00,100.00
Andorra,AND,20200614,0.00,,2.00,1,1.00,1,0.00,,1.00,1,1.00,1,0.00,,2.00,2.00,1,2.00,0.00,0.00,2.00,1,3.00,1.00,0.00,0.00,,853,51,38.89,38.89,58.33,58.33,53.85,53.85,45.45,45.45,100.00,100.00
Andorra,AND,20200615,0.00,,2.00,1,1.00,1,0.00,,1.00,1,1.00,1,0.00,,2.00,2.00,1,2.00,0.00,0.00,2.00,1,3.00,1.00,0.00,0.00,,853,51,38.89,38.89,58.33,58.33,53.85,53.85,45.45,45.45,100.00,100.00
Andorra,AND,20200616,0.00,,2.00,1,1.00,1,0.00,,1.00,1,1.00,1,0.00,,2.00,2.00,1,2.00,0.00,0.00,2.00,1,3.00,1.00,0.00,0.00,,853,51,38.89,38.89,58.33,58.33,53.85,53.85,45.45,45.45,100.00,100.00
Andorra,AND,20200617,0.00,,2.00,1,1.00,1,0.00,,1.00,1,1.00,1,0.00,,2.00,2.00,1,2.00,0.00,0.00,2.00,1,3.00,1.00,0.00,0.00,,854,52,38.89,38.89,58.33,58.33,53.85,53.85,45.45,45.45,100.00,100.00
Andorra,AND,20200618,0.00,,2.00,1,1.00,1,0.00,,1.00,1,1.00,1,0.00,,2.00,2.00,1,2.00,0.00,0.00,2.00,1,3.00,1.00,0.00,0.00,,854,52,38.89,38.89,58.33,58.33,53.85,53.85,45.45,45.45,100.00,100.00
Andorra,AND,20200619,0.00,,2.00,1,1.00,1,0.00,,1.00,1,1.00,1,0.00,,2.00,2.00,1,2.00,0.00,0.00,2.00,1,3.00,1.00,0.00,0.00,,855,52,38.89,38.89,58.33,58.33,53.85,53.85,45.45,45.45,100.00,100.00
Andorra,AND,20200620,0.00,,2.00,1,1.00,1,0.00,,1.00,1,1.00,1,0.00,,2.00,2.00,1,2.00,0.00,0.00,2.00,1,3.00,1.00,0.00,0.00,,855,52,38.89,38.89,58.33,58.33,53.85,53.85,45.45,45.45,100.00,100.00
Andorra,AND,20200621,0.00,,2.00,1,1.00,1,0.00,,1.00,1,1.00,1,0.00,,2.00,2.00,1,2.00,0.00,0.00,2.00,1,3.00,1.00,0.00,0.00,,855,52,38.89,38.89,58.33,58.33,53.85,53.85,45.45,45.45,100.00,100.00
Andorra,AND,20200622,0.00,,2.00,1,1.00,1,0.00,,1.00,1,1.00,1,0.00,,2.00,2.00,1,2.00,0.00,0.00,2.00,1,3.00,1.00,0.00,0.00,,855,52,38.89,38.89,58.33,58.33,53.85,53.85,45.45,45.45,100.00,100.00
Andorra,AND,20200623,,,,,,,,,,,,,,,,,,,,,,,,,,,,855,52,,38.89,,58.33,,53.85,,45.45,,100.00
