Angola,AGO,20200101,0.00,,0.00,,0.00,,0.00,,0.00,,0.00,,0.00,,0.00,0.00,,0.00,0.00,0.00,0.00,,0.00,0.00,0.00,0.00,,,,0.00,0.00,0.00,0.00,0.00,0.00,0.00,0.00,0.00,0.00
Angola,AGO,20200102,0.00,,0.00,,0.00,,0.00,,0.00,,0.00,,0.00,,0.00,0.00,,0.00,0.00,0.00,0.00,,0.00,0.00,0.00,0.00,,,,0.00,0.00,0.00,0.00,0.00,0.00,0.00,0.00,0.00,0.00
Angola,AGO,20200103,0.00,,0.00,,0.00,,0.00,,0.00,,0.00,,0.00,,0.00,0.00,,0.00,0.00,0.00,0.00,,0.00,0.00,0.00,0.00,,,,0.00,0.00,0.00,0.00,0.00,0.00,0.00,0.00,0.00,0.00
Angola,AGO,20200104,0.00,,0.00,,0.00,,0.00,,0.00,,0.00,,0.00,,0.00,0.00,,0.00,0.00,0.00,0.00,,0.00,0.00,0.00,0.00,,,,0.00,0.00,0.00,0.00,0.00,0.00,0.00,0.00,0.00,0.00
Angola,AGO,20200105,0.00,,0.00,,0.00,,0.00,,0.00,,0.00,,0.00,,0.00,0.00,,0.00,0.00,0.00,0.00,,0.00,0.00,0.00,0.00,,,,0.00,0.00,0.00,0.00,0.00,0.00,0.00,0.00,0.00,0.00
Angola,AGO,20200106,0.00,,0.00,,0.00,,0.00,,0.00,,0.00,,0.00,,0.00,0.00,,0.00,0.00,0.00,0.00,,0.00,0.00,0.00,0.00,,,,0.00,0.00,0.00,0.00,0.00,0.00,0.00,0.00,0.00,0.00
Angola,AGO,20200107,0.00,,0.00,,0.00,,0.00,,0.00,,0.00,,0.00,,0.00,0.00,,0.00,0.00,0.00,0.00,,0.00,0.00,0.00,0.00,,,,0.00,0.00,0.00,0.00,0.00,0.00,0.00,0.00,0.00,0.00
Angola,AGO,20200108,0.00,,0.00,,0.00,,0.00,,0.00,,0.00,,0.00,,0.00,0.00,,0.00,0.00,0.00,0.00,,0.00,0.00,0.00,0.00,,,,0.00,0.00,0.00,0.00,0.00,0.00,0.00,0.00,0.00,0.00
Angola,AGO,20200109,0.00,,0.00,,0.00,,0.00,,0.00,,0.00,,0.00,,0.00,0.00,,0.00,0.00,0.00,0.00,,0.00,0.00,0.00,0.00,,,,0.00,0.00,0.00,0.00,0.00,0.00,0.00,0.00,0.00,0.00
Angola,AGO,20200110,0.00,,0.00,,0.00,,0.00,,0.00,,0.00,,0.00,,0.00,0.00,,0.00,0.00,0.00,0.00,,0.00,0.00,0.00,0.00,,,,0.00,0.00,0.00,0.00,0.00,0.00,0.00,0.00,0.00,0.00
Angola,AGO,20200111,0.00,,0.00,,0.00,,0.00,,0.00,,0.00,,0.00,,0.00,0.00,,0.00,0.00,0.00,0.00,,0.00,0.00,0.00,0.00,,,,0.00,0.00,0.00,0.00,0.00,0.00,0.00,0.00,0.00,0.00
Angola,AGO,20200112,0.00,,0.00,,0.00,,0.00,,0.00,,0.00,,0.00,,0.00,0.00,,0.00,0.00,0.00,0.00,,0.00,0.00,0.00,0.00,,,,0.00,0.00,0.00,0.00,0.00,0.00,0.00,0.00,0.00,0.00
Angola,AGO,20200113,0.00,,0.00,,0.00,,0.00,,0.00,,0.00,,0.00,,0.00,0.00,,0.00,0.00,0.00,0.00,,0.00,0.00,0.00,0.00,,,,0.00,0.00,0.00,0.00,0.00,0.00,0.00,0.00,0.00,0.00
Angola,AGO,20200114,0.00,,0.00,,0.00,,0.00,,0.00,,0.00,,0.00,,0.00,0.00,,0.00,0.00,0.00,0.00,,0.00,0.00,0.00,0.00,,,,0.00,0.00,0.00,0.00,0.00,0.00,0.00,0.00,0.00,0.00
Angola,AGO,20200115,0.00,,0.00,,0.00,,0.00,,0.00,,0.00,,0.00,,0.00,0.00,,0.00,0.00,0.00,0.00,,0.00,0.00,0.00,0.00,,,,0.00,0.00,0.00,0.00,0.00,0.00,0.00,0.00,0.00,0.00
Angola,AGO,20200116,0.00,,0.00,,0.00,,0.00,,0.00,,0.00,,0.00,,0.00,0.00,,0.00,0.00,0.00,0.00,,0.00,0.00,0.00,0.00,,,,0.00,0.00,0.00,0.00,0.00,0.00,0.00,0.00,0.00,0.00
Angola,AGO,20200117,0.00,,0.00,,0.00,,0.00,,0.00,,0.00,,0.00,,0.00,0.00,,0.00,0.00,0.00,0.00,,0.00,0.00,0.00,0.00,,,,0.00,0.00,0.00,0.00,0.00,0.00,0.00,0.00,0.00,0.00
Angola,AGO,20200118,0.00,,0.00,,0.00,,0.00,,0.00,,0.00,,0.00,,0.00,0.00,,0.00,0.00,0.00,0.00,,0.00,0.00,0.00,0.00,,,,0.00,0.00,0.00,0.00,0.00,0.00,0.00,0.00,0.00,0.00
Angola,AGO,20200119,0.00,,0.00,,0.00,,0.00,,0.00,,0.00,,0.00,,0.00,0.00,,0.00,0.00,0.00,0.00,,0.00,0.00,0.00,0.00,,,,0.00,0.00,0.00,0.00,0.00,0.00,0.00,0.00,0.00,0.00
Angola,AGO,20200120,0.00,,0.00,,0.00,,0.00,,0.00,,0.00,,0.00,,0.00,0.00,,0.00,0.00,0.00,0.00,,0.00,0.00,0.00,0.00,,,,0.00,0.00,0.00,0.00,0.00,0.00,0.00,0.00,0.00,0.00
Angola,AGO,20200121,0.00,,0.00,,0.00,,0.00,,0.00,,0.00,,0.00,,0.00,0.00,,0.00,0.00,0.00,0.00,,0.00,0.00,0.00,0.00,,,,0.00,0.00,0.00,0.00,0.00,0.00,0.00,0.00,0.00,0.00
Angola,AGO,20200122,0.00,,0.00,,0.00,,0.00,,0.00,,0.00,,0.00,,0.00,0.00,,0.00,0.00,0.00,0.00,,0.00,0.00,0.00,0.00,,,,0.00,0.00,0.00,0.00,0.00,0.00,0.00,0.00,0.00,0.00
Angola,AGO,20200123,0.00,,0.00,,0.00,,0.00,,0.00,,0.00,,0.00,,0.00,0.00,,0.00,0.00,0.00,0.00,,0.00,0.00,0.00,0.00,,,,0.00,0.00,0.00,0.00,0.00,0.00,0.00,0.00,0.00,0.00
Angola,AGO,20200124,0.00,,0.00,,0.00,,0.00,,0.00,,0.00,,0.00,,0.00,0.00,,0.00,0.00,0.00,0.00,,0.00,0.00,0.00,0.00,,,,0.00,0.00,0.00,0.00,0.00,0.00,0.00,0.00,0.00,0.00
Angola,AGO,20200125,0.00,,0.00,,0.00,,0.00,,0.00,,0.00,,0.00,,0.00,0.00,,0.00,0.00,0.00,0.00,,0.00,0.00,0.00,0.00,,,,0.00,0.00,0.00,0.00,0.00,0.00,0.00,0.00,0.00,0.00
Angola,AGO,20200126,0.00,,0.00,,0.00,,0.00,,0.00,,0.00,,0.00,,0.00,0.00,,0.00,0.00,0.00,0.00,,0.00,0.00,0.00,0.00,,,,0.00,0.00,0.00,0.00,0.00,0.00,0.00,0.00,0.00,0.00
Angola,AGO,20200127,0.00,,0.00,,0.00,,0.00,,0.00,,0.00,,0.00,,0.00,0.00,,0.00,0.00,0.00,0.00,,0.00,0.00,0.00,0.00,,,,0.00,0.00,0.00,0.00,0.00,0.00,0.00,0.00,0.00,0.00
Angola,AGO,20200128,0.00,,0.00,,0.00,,0.00,,0.00,,0.00,,0.00,,0.00,0.00,,0.00,0.00,0.00,0.00,,0.00,0.00,0.00,0.00,,,,0.00,0.00,0.00,0.00,0.00,0.00,0.00,0.00,0.00,0.00
Angola,AGO,20200129,0.00,,0.00,,0.00,,0.00,,0.00,,0.00,,0.00,,0.00,0.00,,0.00,0.00,0.00,0.00,,0.00,0.00,0.00,0.00,,,,0.00,0.00,0.00,0.00,0.00,0.00,0.00,0.00,0.00,0.00
Angola,AGO,20200130,0.00,,0.00,,0.00,,0.00,,0.00,,0.00,,0.00,,0.00,0.00,,0.00,0.00,0.00,0.00,,0.00,0.00,0.00,0.00,,,,0.00,0.00,0.00,0.00,0.00,0.00,0.00,0.00,0.00,0.00
Angola,AGO,20200131,0.00,,0.00,,0.00,,0.00,,0.00,,0.00,,0.00,,0.00,0.00,,0.00,0.00,0.00,0.00,,0.00,0.00,0.00,0.00,,,,0.00,0.00,0.00,0.00,0.00,0.00,0.00,0.00,0.00,0.00
Angola,AGO,20200201,0.00,,0.00,,0.00,,0.00,,0.00,,0.00,,0.00,,0.00,0.00,,0.00,0.00,0.00,0.00,,0.00,0.00,0.00,0.00,,,,0.00,0.00,0.00,0.00,0.00,0.00,0.00,0.00,0.00,0.00
Angola,AGO,20200202,0.00,,0.00,,0.00,,0.00,,0.00,,0.00,,0.00,,0.00,0.00,,0.00,0.00,0.00,0.00,,0.00,0.00,0.00,0.00,,,,0.00,0.00,0.00,0.00,0.00,0.00,0.00,0.00,0.00,0.00
Angola,AGO,20200203,0.00,,0.00,,0.00,,0.00,,0.00,,0.00,,0.00,,0.00,0.00,,0.00,0.00,0.00,0.00,,0.00,0.00,0.00,0.00,,,,0.00,0.00,0.00,0.00,0.00,0.00,0.00,0.00,0.00,0.00
Angola,AGO,20200204,0.00,,0.00,,0.00,,0.00,,0.00,,0.00,,0.00,,0.00,0.00,,0.00,0.00,0.00,0.00,,0.00,0.00,0.00,0.00,,,,0.00,0.00,0.00,0.00,0.00,0.00,0.00,0.00,0.00,0.00
Angola,AGO,20200205,0.00,,0.00,,0.00,,0.00,,0.00,,0.00,,0.00,,0.00,0.00,,0.00,0.00,0.00,0.00,,0.00,0.00,0.00,0.00,,,,0.00,0.00,0.00,0.00,0.00,0.00,0.00,0.00,0.00,0.00
Angola,AGO,20200206,0.00,,0.00,,0.00,,0.00,,0.00,,0.00,,0.00,,2.00,0.00,,0.00,0.00,0.00,0.00,,0.00,0.00,0.00,0.00,,,,5.56,5.56,7.14,7.14,3.85,3.85,4.55,4.55,0.00,0.00
Angola,AGO,20200207,0.00,,0.00,,0.00,,0.00,,0.00,,0.00,,0.00,,2.00,0.00,,0.00,0.00,0.00,0.00,,0.00,0.00,0.00,0.00,,,,5.56,5.56,7.14,7.14,3.85,3.85,4.55,4.55,0.00,0.00
Angola,AGO,20200208,0.00,,0.00,,0.00,,0.00,,0.00,,0.00,,0.00,,2.00,0.00,,0.00,0.00,0.00,0.00,,0.00,0.00,0.00,0.00,,,,5.56,5.56,7.14,7.14,3.85,3.85,4.55,4.55,0.00,0.00
Angola,AGO,20200209,0.00,,0.00,,0.00,,0.00,,0.00,,0.00,,0.00,,2.00,0.00,,0.00,0.00,0.00,0.00,,0.00,0.00,0.00,0.00,,,,5.56,5.56,7.14,7.14,3.85,3.85,4.55,4.55,0.00,0.00
Angola,AGO,20200210,0.00,,0.00,,0.00,,0.00,,0.00,,0.00,,0.00,,2.00,0.00,,0.00,0.00,0.00,0.00,,0.00,0.00,0.00,0.00,,,,5.56,5.56,7.14,7.14,3.85,3.85,4.55,4.55,0.00,0.00
Angola,AGO,20200211,0.00,,0.00,,0.00,,0.00,,0.00,,0.00,,0.00,,2.00,0.00,,0.00,0.00,0.00,0.00,,0.00,0.00,0.00,0.00,,,,5.56,5.56,7.14,7.14,3.85,3.85,4.55,4.55,0.00,0.00
Angola,AGO,20200212,0.00,,0.00,,0.00,,0.00,,0.00,,0.00,,0.00,,2.00,0.00,,0.00,0.00,0.00,0.00,,0.00,0.00,0.00,0.00,,,,5.56,5.56,7.14,7.14,3.85,3.85,4.55,4.55,0.00,0.00
Angola,AGO,20200213,0.00,,0.00,,0.00,,0.00,,0.00,,0.00,,0.00,,2.00,0.00,,0.00,0.00,0.00,0.00,,0.00,0.00,0.00,0.00,,,,5.56,5.56,7.14,7.14,3.85,3.85,4.55,4.55,0.00,0.00
Angola,AGO,20200214,0.00,,0.00,,0.00,,0.00,,0.00,,0.00,,0.00,,2.00,0.00,,0.00,0.00,0.00,0.00,,0.00,0.00,0.00,0.00,,,,5.56,5.56,7.14,7.14,3.85,3.85,4.55,4.55,0.00,0.00
Angola,AGO,20200215,0.00,,0.00,,0.00,,0.00,,0.00,,0.00,,0.00,,2.00,0.00,,0.00,0.00,0.00,0.00,,0.00,0.00,0.00,0.00,,,,5.56,5.56,7.14,7.14,3.85,3.85,4.55,4.55,0.00,0.00
Angola,AGO,20200216,0.00,,0.00,,0.00,,0.00,,0.00,,0.00,,0.00,,2.00,0.00,,0.00,0.00,0.00,0.00,,0.00,0.00,0.00,0.00,,,,5.56,5.56,7.14,7.14,3.85,3.85,4.55,4.55,0.00,0.00
Angola,AGO,20200217,0.00,,0.00,,0.00,,0.00,,0.00,,0.00,,0.00,,2.00,0.00,,0.00,0.00,0.00,0.00,,0.00,0.00,0.00,0.00,,,,5.56,5.56,7.14,7.14,3.85,3.85,4.55,4.55,0.00,0.00
Angola,AGO,20200218,0.00,,0.00,,0.00,,0.00,,0.00,,0.00,,0.00,,2.00,0.00,,0.00,0.00,0.00,0.00,,0.00,0.00,0.00,0.00,,,,5.56,5.56,7.14,7.14,3.85,3.85,4.55,4.55,0.00,0.00
Angola,AGO,20200219,0.00,,0.00,,0.00,,0.00,,0.00,,0.00,,0.00,,2.00,0.00,,0.00,0.00,0.00,0.00,,0.00,0.00,0.00,0.00,,,,5.56,5.56,7.14,7.14,3.85,3.85,4.55,4.55,0.00,0.00
Angola,AGO,20200220,0.00,,0.00,,0.00,,0.00,,0.00,,0.00,,0.00,,2.00,0.00,,0.00,0.00,0.00,0.00,,0.00,0.00,0.00,0.00,,,,5.56,5.56,7.14,7.14,3.85,3.85,4.55,4.55,0.00,0.00
Angola,AGO,20200221,0.00,,0.00,,0.00,,0.00,,0.00,,0.00,,0.00,,2.00,0.00,,0.00,0.00,0.00,0.00,,0.00,0.00,0.00,0.00,,,,5.56,5.56,7.14,7.14,3.85,3.85,4.55,4.55,0.00,0.00
Angola,AGO,20200222,0.00,,0.00,,0.00,,0.00,,0.00,,0.00,,0.00,,2.00,0.00,,0.00,0.00,0.00,0.00,,0.00,0.00,0.00,0.00,,,,5.56,5.56,7.14,7.14,3.85,3.85,4.55,4.55,0.00,0.00
Angola,AGO,20200223,0.00,,0.00,,0.00,,0.00,,0.00,,0.00,,0.00,,2.00,0.00,,0.00,0.00,0.00,0.00,,0.00,0.00,0.00,0.00,,,,5.56,5.56,7.14,7.14,3.85,3.85,4.55,4.55,0.00,0.00
Angola,AGO,20200224,0.00,,0.00,,0.00,,0.00,,0.00,,0.00,,0.00,,2.00,0.00,,0.00,0.00,0.00,0.00,,0.00,0.00,0.00,0.00,,,,5.56,5.56,7.14,7.14,3.85,3.85,4.55,4.55,0.00,0.00
Angola,AGO,20200225,0.00,,0.00,,0.00,,0.00,,0.00,,0.00,,0.00,,2.00,0.00,,0.00,0.00,0.00,0.00,,0.00,0.00,0.00,0.00,,,,5.56,5.56,7.14,7.14,3.85,3.85,4.55,4.55,0.00,0.00
Angola,AGO,20200226,0.00,,0.00,,0.00,,0.00,,0.00,,0.00,,0.00,,2.00,0.00,,0.00,0.00,0.00,0.00,,1.00,0.00,0.00,0.00,,,,5.56,5.56,7.14,7.14,6.41,6.41,7.58,7.58,0.00,0.00
Angola,AGO,20200227,0.00,,0.00,,0.00,,0.00,,0.00,,0.00,,0.00,,2.00,0.00,,0.00,0.00,0.00,0.00,,1.00,0.00,0.00,0.00,,,,5.56,5.56,7.14,7.14,6.41,6.41,7.58,7.58,0.00,0.00
Angola,AGO,20200228,0.00,,0.00,,0.00,,0.00,,0.00,,0.00,,0.00,,2.00,0.00,,0.00,0.00,0.00,0.00,,1.00,0.00,0.00,0.00,,,,5.56,5.56,7.14,7.14,6.41,6.41,7.58,7.58,0.00,0.00
Angola,AGO,20200229,0.00,,0.00,,0.00,,0.00,,0.00,,0.00,,0.00,,2.00,0.00,,0.00,0.00,0.00,0.00,,1.00,0.00,0.00,0.00,,,,5.56,5.56,7.14,7.14,6.41,6.41,7.58,7.58,0.00,0.00
Angola,AGO,20200301,0.00,,0.00,,0.00,,0.00,,0.00,,0.00,,0.00,,3.00,0.00,,0.00,0.00,0.00,0.00,,1.00,0.00,0.00,0.00,,,,8.33,8.33,10.71,10.71,8.33,8.33,9.85,9.85,0.00,0.00
Angola,AGO,20200302,0.00,,0.00,,0.00,,0.00,,0.00,,0.00,,0.00,,3.00,0.00,,0.00,0.00,0.00,0.00,,1.00,0.00,0.00,0.00,,,,8.33,8.33,10.71,10.71,8.33,8.33,9.85,9.85,0.00,0.00
Angola,AGO,20200303,0.00,,0.00,,0.00,,0.00,,0.00,,0.00,,0.00,,3.00,0.00,,0.00,0.00,0.00,0.00,,1.00,0.00,0.00,0.00,,,,8.33,8.33,10.71,10.71,8.33,8.33,9.85,9.85,0.00,0.00
Angola,AGO,20200304,0.00,,0.00,,0.00,,0.00,,0.00,,0.00,,0.00,,3.00,0.00,,0.00,0.00,0.00,0.00,,1.00,0.00,0.00,0.00,,,,8.33,8.33,10.71,10.71,8.33,8.33,9.85,9.85,0.00,0.00
Angola,AGO,20200305,0.00,,0.00,,0.00,,0.00,,0.00,,0.00,,0.00,,3.00,0.00,,0.00,0.00,0.00,0.00,,1.00,0.00,0.00,0.00,,,,8.33,8.33,10.71,10.71,8.33,8.33,9.85,9.85,0.00,0.00
Angola,AGO,20200306,0.00,,0.00,,0.00,,0.00,,0.00,,0.00,,0.00,,3.00,0.00,,0.00,0.00,0.00,0.00,,1.00,0.00,0.00,0.00,,,,8.33,8.33,10.71,10.71,8.33,8.33,9.85,9.85,0.00,0.00
Angola,AGO,20200307,0.00,,0.00,,0.00,,0.00,,0.00,,0.00,,0.00,,3.00,0.00,,0.00,0.00,0.00,0.00,,1.00,0.00,0.00,0.00,,,,8.33,8.33,10.71,10.71,8.33,8.33,9.85,9.85,0.00,0.00
Angola,AGO,20200308,0.00,,0.00,,0.00,,0.00,,0.00,,0.00,,0.00,,3.00,0.00,,0.00,0.00,0.00,0.00,,1.00,0.00,0.00,0.00,,,,8.33,8.33,10.71,10.71,8.33,8.33,9.85,9.85,0.00,0.00
Angola,AGO,20200309,0.00,,0.00,,0.00,,0.00,,0.00,,0.00,,0.00,,3.00,0.00,,0.00,0.00,0.00,0.00,,1.00,0.00,0.00,0.00,,,,8.33,8.33,10.71,10.71,8.33,8.33,9.85,9.85,0.00,0.00
Angola,AGO,20200310,0.00,,0.00,,0.00,,0.00,,0.00,,0.00,,0.00,,3.00,0.00,,0.00,0.00,0.00,0.00,,1.00,0.00,0.00,0.00,,,,8.33,8.33,10.71,10.71,8.33,8.33,9.85,9.85,0.00,0.00
Angola,AGO,20200311,0.00,,0.00,,0.00,,0.00,,0.00,,0.00,,0.00,,3.00,0.00,,0.00,0.00,0.00,0.00,,1.00,0.00,0.00,0.00,,,,8.33,8.33,10.71,10.71,8.33,8.33,9.85,9.85,0.00,0.00
Angola,AGO,20200312,0.00,,0.00,,0.00,,0.00,,0.00,,0.00,,0.00,,3.00,0.00,,0.00,0.00,0.00,0.00,,1.00,0.00,0.00,0.00,,,,8.33,8.33,10.71,10.71,8.33,8.33,9.85,9.85,0.00,0.00
Angola,AGO,20200313,0.00,,0.00,,0.00,,0.00,,0.00,,0.00,,0.00,,3.00,0.00,,0.00,0.00,0.00,0.00,,1.00,0.00,0.00,0.00,,,,8.33,8.33,10.71,10.71,8.33,8.33,9.85,9.85,0.00,0.00
Angola,AGO,20200314,0.00,,0.00,,0.00,,0.00,,0.00,,0.00,,0.00,,3.00,0.00,,0.00,0.00,0.00,0.00,,1.00,0.00,0.00,0.00,,,,8.33,8.33,10.71,10.71,8.33,8.33,9.85,9.85,0.00,0.00
Angola,AGO,20200315,0.00,,0.00,,0.00,,0.00,,0.00,,0.00,,0.00,,3.00,0.00,,0.00,0.00,0.00,0.00,,1.00,0.00,0.00,0.00,,,,8.33,8.33,10.71,10.71,8.33,8.33,9.85,9.85,0.00,0.00
Angola,AGO,20200316,0.00,,0.00,,0.00,,0.00,,0.00,,0.00,,0.00,,3.00,0.00,,0.00,0.00,0.00,0.00,,1.00,0.00,0.00,0.00,,,,8.33,8.33,10.71,10.71,8.33,8.33,9.85,9.85,0.00,0.00
Angola,AGO,20200317,0.00,,0.00,,0.00,,0.00,,0.00,,0.00,,0.00,,3.00,0.00,,0.00,0.00,0.00,0.00,,1.00,0.00,0.00,0.00,,,,8.33,8.33,10.71,10.71,8.33,8.33,9.85,9.85,0.00,0.00
Angola,AGO,20200318,0.00,,0.00,,0.00,,0.00,,0.00,,0.00,,0.00,,3.00,0.00,,0.00,0.00,0.00,0.00,,1.00,0.00,0.00,0.00,,,,8.33,8.33,10.71,10.71,8.33,8.33,9.85,9.85,0.00,0.00
Angola,AGO,20200319,0.00,,0.00,,0.00,,0.00,,0.00,,0.00,,0.00,,3.00,0.00,,0.00,0.00,0.00,0.00,,1.00,0.00,0.00,0.00,,,,8.33,8.33,10.71,10.71,8.33,8.33,9.85,9.85,0.00,0.00
Angola,AGO,20200320,0.00,,0.00,,0.00,,0.00,,0.00,,0.00,,0.00,,4.00,0.00,,0.00,0.00,0.00,0.00,,1.00,0.00,0.00,0.00,,,,11.11,11.11,14.29,14.29,10.26,10.26,12.12,12.12,0.00,0.00
Angola,AGO,20200321,0.00,,0.00,,0.00,,0.00,,0.00,,0.00,,0.00,,4.00,0.00,,0.00,0.00,0.00,0.00,,1.00,0.00,0.00,0.00,,,,11.11,11.11,14.29,14.29,10.26,10.26,12.12,12.12,0.00,0.00
Angola,AGO,20200322,0.00,,0.00,,0.00,,0.00,,0.00,,0.00,,0.00,,4.00,0.00,,0.00,0.00,0.00,0.00,,1.00,0.00,0.00,0.00,,2,0,11.11,11.11,14.29,14.29,10.26,10.26,12.12,12.12,0.00,0.00
Angola,AGO,20200323,0.00,,0.00,,0.00,,0.00,,0.00,,0.00,,0.00,,4.00,0.00,,0.00,0.00,0.00,0.00,,1.00,0.00,0.00,0.00,,2,0,11.11,11.11,14.29,14.29,10.26,10.26,12.12,12.12,0.00,0.00
Angola,AGO,20200324,3.00,1,0.00,,0.00,,2.00,1,0.00,,0.00,,0.00,,4.00,0.00,,0.00,0.00,0.00,1.00,1,1.00,0.00,0.00,0.00,,2,0,33.33,33.33,46.67,46.67,25.64,25.64,30.30,30.30,0.00,0.00
Angola,AGO,20200325,3.00,1,0.00,,0.00,,2.00,1,0.00,,0.00,,0.00,,4.00,0.00,,0.00,0.00,0.00,1.00,1,1.00,0.00,0.00,0.00,,2,0,33.33,33.33,46.67,46.67,25.64,25.64,30.30,30.30,0.00,0.00
Angola,AGO,20200326,3.00,1,0.00,,0.00,,2.00,1,0.00,,0.00,,0.00,,4.00,0.00,,0.00,0.00,0.00,1.00,1,1.00,0.00,0.00,0.00,,2,0,33.33,33.33,46.67,46.67,25.64,25.64,30.30,30.30,0.00,0.00
Angola,AGO,20200327,3.00,1,3.00,1,2.00,1,4.00,1,2.00,1,2.00,1,2.00,1,4.00,0.00,,0.00,0.00,0.00,1.00,1,1.00,0.00,0.00,0.00,,3,0,90.74,90.74,95.24,95.24,65.38,65.38,77.27,77.27,0.00,0.00
Angola,AGO,20200328,3.00,1,3.00,1,2.00,1,4.00,1,2.00,1,2.00,1,2.00,1,4.00,0.00,,0.00,0.00,0.00,1.00,1,1.00,0.00,0.00,0.00,,4,0,90.74,90.74,95.24,95.24,65.38,65.38,77.27,77.27,0.00,0.00
Angola,AGO,20200329,3.00,1,3.00,1,2.00,1,4.00,1,2.00,1,2.00,1,2.00,1,4.00,0.00,,0.00,0.00,0.00,1.00,1,1.00,0.00,0.00,0.00,,4,0,90.74,90.74,95.24,95.24,65.38,65.38,77.27,77.27,0.00,0.00
Angola,AGO,20200330,3.00,1,3.00,1,2.00,1,4.00,1,2.00,1,2.00,1,2.00,1,4.00,0.00,,0.00,0.00,0.00,1.00,1,1.00,0.00,0.00,0.00,,7,2,90.74,90.74,95.24,95.24,65.38,65.38,77.27,77.27,0.00,0.00
Angola,AGO,20200331,3.00,1,3.00,1,2.00,1,4.00,1,2.00,1,2.00,1,2.00,1,4.00,0.00,,0.00,0.00,0.00,1.00,1,1.00,0.00,0.00,0.00,,7,2,90.74,90.74,95.24,95.24,65.38,65.38,77.27,77.27,0.00,0.00
Angola,AGO,20200401,3.00,1,3.00,1,2.00,1,4.00,1,2.00,1,2.00,1,2.00,1,4.00,0.00,,0.00,0.00,0.00,1.00,1,2.00,0.00,0.00,0.00,,7,2,90.74,90.74,95.24,95.24,67.95,67.95,80.30,80.30,0.00,0.00
Angola,AGO,20200402,3.00,1,3.00,1,2.00,1,4.00,1,2.00,1,2.00,1,2.00,1,4.00,0.00,,0.00,0.00,0.00,1.00,1,2.00,0.00,0.00,0.00,,8,2,90.74,90.74,95.24,95.24,67.95,67.95,80.30,80.30,0.00,0.00
Angola,AGO,20200403,3.00,1,3.00,1,2.00,1,4.00,1,2.00,1,2.00,1,2.00,1,4.00,0.00,,0.00,9000000.00,0.00,1.00,1,2.00,0.00,40000000.00,0.00,,8,2,90.74,90.74,95.24,95.24,67.95,67.95,80.30,80.30,0.00,0.00
Angola,AGO,20200404,3.00,1,3.00,1,2.00,1,4.00,1,2.00,1,2.00,1,2.00,1,4.00,0.00,,0.00,0.00,0.00,1.00,1,2.00,0.00,0.00,0.00,,8,2,90.74,90.74,95.24,95.24,67.95,67.95,80.30,80.30,0.00,0.00
Angola,AGO,20200405,3.00,1,3.00,1,2.00,1,4.00,1,2.00,1,2.00,1,2.00,1,4.00,0.00,,0.00,0.00,0.00,1.00,1,2.00,0.00,0.00,0.00,,10,2,90.74,90.74,95.24,95.24,67.95,67.95,80.30,80.30,0.00,0.00
Angola,AGO,20200406,3.00,1,3.00,1,2.00,1,4.00,1,2.00,1,2.00,1,2.00,1,4.00,0.00,,0.00,0.00,0.00,1.00,1,2.00,0.00,0.00,0.00,,14,2,90.74,90.74,95.24,95.24,67.95,67.95,80.30,80.30,0.00,0.00
Angola,AGO,20200407,3.00,1,3.00,1,2.00,1,4.00,1,2.00,1,2.00,1,2.00,1,4.00,0.00,,0.00,0.00,0.00,1.00,1,2.00,0.00,0.00,0.00,,16,2,90.74,90.74,95.24,95.24,67.95,67.95,80.30,80.30,0.00,0.00
Angola,AGO,20200408,3.00,1,3.00,1,2.00,1,4.00,1,2.00,1,2.00,1,2.00,1,4.00,0.00,,0.00,0.00,0.00,1.00,1,2.00,0.00,0.00,0.00,,17,2,90.74,90.74,95.24,95.24,67.95,67.95,80.30,80.30,0.00,0.00
Angola,AGO,20200409,3.00,1,3.00,1,2.00,1,4.00,1,2.00,1,2.00,1,2.00,1,4.00,0.00,,2.00,0.00,0.00,1.00,1,2.00,0.00,0.00,0.00,,19,2,90.74,90.74,95.24,95.24,75.64,75.64,80.30,80.30,50.00,50.00
Angola,AGO,20200410,3.00,1,3.00,1,2.00,1,4.00,1,2.00,1,2.00,1,2.00,1,4.00,0.00,,2.00,0.00,0.00,1.00,1,2.00,0.00,0.00,0.00,,19,2,90.74,90.74,95.24,95.24,75.64,75.64,80.30,80.30,50.00,50.00
Angola,AGO,20200411,3.00,1,3.00,1,2.00,1,4.00,1,2.00,1,2.00,1,2.00,1,4.00,0.00,,2.00,0.00,0.00,1.00,1,2.00,0.00,0.00,0.00,,19,2,90.74,90.74,95.24,95.24,75.64,75.64,80.30,80.30,50.00,50.00
Angola,AGO,20200412,3.00,1,3.00,1,2.00,1,4.00,1,2.00,1,2.00,1,2.00,1,4.00,0.00,,2.00,0.00,0.00,1.00,1,2.00,0.00,0.00,0.00,,19,2,90.74,90.74,95.24,95.24,75.64,75.64,80.30,80.30,50.00,50.00
Angola,AGO,20200413,3.00,1,3.00,1,2.00,1,4.00,1,2.00,1,2.00,1,2.00,1,4.00,0.00,,2.00,0.00,0.00,1.00,1,2.00,0.00,0.00,0.00,,19,2,90.74,90.74,95.24,95.24,75.64,75.64,80.30,80.30,50.00,50.00
Angola,AGO,20200414,3.00,1,3.00,1,2.00,1,4.00,1,2.00,1,2.00,1,2.00,1,4.00,0.00,,2.00,0.00,0.00,1.00,1,2.00,0.00,0.00,0.00,,19,2,90.74,90.74,95.24,95.24,75.64,75.64,80.30,80.30,50.00,50.00
Angola,AGO,20200415,3.00,1,3.00,1,2.00,1,4.00,1,2.00,1,2.00,1,2.00,1,4.00,0.00,,2.00,0.00,0.00,1.00,1,2.00,0.00,0.00,0.00,,19,2,90.74,90.74,95.24,95.24,75.64,75.64,80.30,80.30,50.00,50.00
Angola,AGO,20200416,3.00,1,3.00,1,2.00,1,4.00,1,2.00,1,2.00,1,2.00,1,4.00,0.00,,2.00,0.00,0.00,1.00,1,2.00,0.00,0.00,0.00,,19,2,90.74,90.74,95.24,95.24,75.64,75.64,80.30,80.30,50.00,50.00
Angola,AGO,20200417,3.00,1,3.00,1,2.00,1,4.00,1,2.00,1,2.00,1,2.00,1,4.00,0.00,,2.00,0.00,0.00,1.00,1,2.00,0.00,0.00,0.00,,19,2,90.74,90.74,95.24,95.24,75.64,75.64,80.30,80.30,50.00,50.00
Angola,AGO,20200418,3.00,1,3.00,1,2.00,1,4.00,1,2.00,1,2.00,1,2.00,1,4.00,0.00,,2.00,0.00,0.00,1.00,1,2.00,0.00,0.00,0.00,,19,2,90.74,90.74,95.24,95.24,75.64,75.64,80.30,80.30,50.00,50.00
Angola,AGO,20200419,3.00,1,3.00,1,2.00,1,4.00,1,2.00,1,2.00,1,2.00,1,4.00,0.00,,2.00,0.00,0.00,1.00,1,2.00,0.00,0.00,0.00,,24,2,90.74,90.74,95.24,95.24,75.64,75.64,80.30,80.30,50.00,50.00
Angola,AGO,20200420,3.00,1,3.00,1,2.00,1,4.00,1,2.00,1,2.00,1,2.00,1,4.00,0.00,,2.00,0.00,0.00,1.00,1,2.00,0.00,0.00,0.00,,24,2,90.74,90.74,95.24,95.24,75.64,75.64,80.30,80.30,50.00,50.00
Angola,AGO,20200421,3.00,1,3.00,1,2.00,1,4.00,1,2.00,1,2.00,1,2.00,1,4.00,0.00,,2.00,0.00,0.00,1.00,1,2.00,0.00,0.00,0.00,,24,2,90.74,90.74,95.24,95.24,75.64,75.64,80.30,80.30,50.00,50.00
Angola,AGO,20200422,3.00,1,3.00,1,2.00,1,4.00,1,2.00,1,2.00,1,2.00,1,4.00,0.00,,2.00,0.00,0.00,1.00,1,2.00,0.00,0.00,0.00,,24,2,90.74,90.74,95.24,95.24,75.64,75.64,80.30,80.30,50.00,50.00
Angola,AGO,20200423,3.00,1,2.00,1,2.00,1,4.00,1,1.00,1,2.00,1,2.00,0,4.00,0.00,,2.00,0.00,0.00,1.00,1,2.00,0.00,0.00,0.00,,24,2,78.70,78.70,83.33,83.33,67.31,67.31,70.45,70.45,50.00,50.00
Angola,AGO,20200424,3.00,1,2.00,1,2.00,1,4.00,1,1.00,1,2.00,1,2.00,0,4.00,1.00,1,2.00,0.00,0.00,1.00,1,2.00,0.00,0.00,0.00,,25,2,78.70,78.70,83.33,83.33,71.15,71.15,70.45,70.45,75.00,75.00
Angola,AGO,20200425,3.00,1,2.00,1,2.00,1,4.00,1,1.00,1,2.00,1,2.00,0,4.00,1.00,1,2.00,0.00,0.00,1.00,1,2.00,0.00,0.00,0.00,,25,2,78.70,78.70,83.33,83.33,71.15,71.15,70.45,70.45,75.00,75.00
Angola,AGO,20200426,3.00,1,2.00,1,2.00,1,4.00,1,1.00,1,2.00,1,2.00,0,4.00,1.00,1,2.00,0.00,0.00,1.00,1,2.00,0.00,0.00,0.00,,25,2,78.70,78.70,83.33,83.33,71.15,71.15,70.45,70.45,75.00,75.00
Angola,AGO,20200427,3.00,1,2.00,1,2.00,1,4.00,1,1.00,1,2.00,1,2.00,0,4.00,1.00,1,2.00,0.00,0.00,1.00,1,2.00,0.00,0.00,0.00,,26,2,78.70,78.70,83.33,83.33,71.15,71.15,70.45,70.45,75.00,75.00
Angola,AGO,20200428,3.00,1,2.00,1,2.00,1,4.00,1,1.00,1,2.00,1,2.00,0,4.00,1.00,1,2.00,0.00,0.00,1.00,1,2.00,0.00,0.00,0.00,,27,2,78.70,78.70,83.33,83.33,71.15,71.15,70.45,70.45,75.00,75.00
Angola,AGO,20200429,3.00,1,2.00,1,2.00,1,4.00,1,1.00,1,2.00,1,2.00,0,4.00,1.00,1,2.00,0.00,0.00,1.00,1,2.00,0.00,0.00,0.00,,27,2,78.70,78.70,83.33,83.33,71.15,71.15,70.45,70.45,75.00,75.00
Angola,AGO,20200430,3.00,1,2.00,1,2.00,1,4.00,1,1.00,1,2.00,1,2.00,0,4.00,1.00,1,2.00,0.00,0.00,1.00,1,2.00,0.00,0.00,0.00,,27,2,78.70,78.70,83.33,83.33,71.15,71.15,70.45,70.45,75.00,75.00
Angola,AGO,20200501,3.00,1,2.00,1,2.00,1,4.00,1,1.00,1,2.00,1,2.00,0,4.00,1.00,1,2.00,0.00,0.00,1.00,1,2.00,0.00,0.00,0.00,,27,2,78.70,78.70,83.33,83.33,71.15,71.15,70.45,70.45,75.00,75.00
Angola,AGO,20200502,3.00,1,2.00,1,2.00,1,4.00,1,1.00,1,2.00,1,2.00,0,4.00,1.00,1,2.00,0.00,0.00,1.00,1,2.00,0.00,0.00,0.00,,29,2,78.70,78.70,83.33,83.33,71.15,71.15,70.45,70.45,75.00,75.00
Angola,AGO,20200503,3.00,1,2.00,1,2.00,1,4.00,1,1.00,1,2.00,1,2.00,0,4.00,1.00,1,2.00,0.00,0.00,1.00,1,2.00,0.00,0.00,0.00,,35,2,78.70,78.70,83.33,83.33,71.15,71.15,70.45,70.45,75.00,75.00
Angola,AGO,20200504,3.00,1,2.00,1,2.00,1,4.00,1,1.00,1,2.00,1,2.00,0,4.00,1.00,1,2.00,0.00,0.00,1.00,1,2.00,0.00,0.00,0.00,,35,2,78.70,78.70,83.33,83.33,71.15,71.15,70.45,70.45,75.00,75.00
Angola,AGO,20200505,3.00,1,2.00,1,2.00,1,4.00,1,1.00,1,2.00,1,2.00,0,4.00,1.00,1,2.00,0.00,0.00,1.00,1,2.00,0.00,0.00,0.00,,35,2,78.70,78.70,83.33,83.33,71.15,71.15,70.45,70.45,75.00,75.00
Angola,AGO,20200506,3.00,1,2.00,1,2.00,1,4.00,1,1.00,1,2.00,1,2.00,0,4.00,1.00,1,2.00,0.00,0.00,1.00,1,2.00,0.00,0.00,0.00,,36,2,78.70,78.70,83.33,83.33,71.15,71.15,70.45,70.45,75.00,75.00
Angola,AGO,20200507,3.00,1,2.00,1,2.00,1,4.00,1,1.00,1,2.00,1,2.00,0,4.00,1.00,1,2.00,0.00,0.00,1.00,1,2.00,0.00,0.00,0.00,,36,2,78.70,78.70,83.33,83.33,71.15,71.15,70.45,70.45,75.00,75.00
Angola,AGO,20200508,3.00,1,2.00,1,2.00,1,3.00,1,1.00,1,2.00,1,2.00,0,4.00,1.00,1,2.00,0.00,0.00,1.00,1,2.00,0.00,0.00,0.00,,36,2,75.93,75.93,83.33,83.33,69.23,69.23,68.18,68.18,75.00,75.00
Angola,AGO,20200509,3.00,1,2.00,1,2.00,1,3.00,1,1.00,1,2.00,1,2.00,0,4.00,1.00,1,2.00,0.00,0.00,1.00,1,2.00,0.00,0.00,0.00,,43,2,75.93,75.93,83.33,83.33,69.23,69.23,68.18,68.18,75.00,75.00
Angola,AGO,20200510,3.00,1,2.00,1,2.00,1,3.00,1,1.00,1,2.00,1,2.00,0,4.00,1.00,1,2.00,0.00,0.00,1.00,1,2.00,0.00,0.00,0.00,,43,2,75.93,75.93,83.33,83.33,69.23,69.23,68.18,68.18,75.00,75.00
Angola,AGO,20200511,3.00,1,2.00,1,2.00,1,3.00,1,1.00,1,2.00,1,2.00,0,4.00,1.00,1,2.00,0.00,0.00,1.00,1,2.00,0.00,0.00,0.00,,45,2,75.93,75.93,83.33,83.33,69.23,69.23,68.18,68.18,75.00,75.00
Angola,AGO,20200512,3.00,1,2.00,1,2.00,1,3.00,1,1.00,1,2.00,1,2.00,0,4.00,1.00,1,2.00,0.00,0.00,1.00,1,2.00,0.00,0.00,0.00,,45,2,75.93,75.93,83.33,83.33,69.23,69.23,68.18,68.18,75.00,75.00
Angola,AGO,20200513,3.00,1,2.00,1,2.00,1,3.00,1,1.00,1,2.00,1,2.00,0,4.00,1.00,1,2.00,0.00,0.00,1.00,1,2.00,0.00,0.00,0.00,,45,2,75.93,75.93,83.33,83.33,69.23,69.23,68.18,68.18,75.00,75.00
Angola,AGO,20200514,3.00,1,2.00,1,2.00,1,3.00,1,1.00,1,2.00,1,2.00,0,4.00,1.00,1,2.00,0.00,0.00,1.00,1,2.00,0.00,0.00,0.00,,45,2,75.93,75.93,83.33,83.33,69.23,69.23,68.18,68.18,75.00,75.00
Angola,AGO,20200515,3.00,1,2.00,1,2.00,1,3.00,1,1.00,1,2.00,1,2.00,0,4.00,1.00,1,2.00,0.00,0.00,1.00,1,2.00,0.00,0.00,0.00,,48,2,75.93,75.93,83.33,83.33,69.23,69.23,68.18,68.18,75.00,75.00
Angola,AGO,20200516,3.00,1,2.00,1,2.00,1,3.00,1,1.00,1,2.00,1,2.00,0,4.00,1.00,1,2.00,0.00,0.00,1.00,1,2.00,0.00,0.00,0.00,,48,2,75.93,75.93,83.33,83.33,69.23,69.23,68.18,68.18,75.00,75.00
Angola,AGO,20200517,3.00,1,2.00,1,2.00,1,3.00,1,1.00,1,2.00,1,2.00,0,4.00,1.00,1,2.00,0.00,0.00,2.00,1,2.00,0.00,0.00,0.00,,48,2,81.48,81.48,88.10,88.10,73.08,73.08,72.73,72.73,75.00,75.00
Angola,AGO,20200518,3.00,1,2.00,1,2.00,1,3.00,1,1.00,1,2.00,1,2.00,0,4.00,1.00,1,2.00,0.00,0.00,2.00,1,2.00,0.00,0.00,0.00,,48,2,81.48,81.48,88.10,88.10,73.08,73.08,72.73,72.73,75.00,75.00
Angola,AGO,20200519,3.00,1,2.00,1,2.00,1,3.00,1,1.00,1,2.00,1,2.00,0,4.00,1.00,1,2.00,0.00,0.00,2.00,1,2.00,0.00,0.00,0.00,,48,2,81.48,81.48,88.10,88.10,73.08,73.08,72.73,72.73,75.00,75.00
Angola,AGO,20200520,3.00,1,2.00,1,2.00,1,3.00,1,1.00,1,2.00,1,2.00,0,4.00,1.00,1,2.00,0.00,0.00,2.00,1,2.00,0.00,0.00,0.00,,50,2,81.48,81.48,88.10,88.10,73.08,73.08,72.73,72.73,75.00,75.00
Angola,AGO,20200521,3.00,1,2.00,1,2.00,1,3.00,1,1.00,1,2.00,1,2.00,0,4.00,1.00,1,2.00,0.00,0.00,2.00,1,2.00,0.00,0.00,0.00,,52,3,81.48,81.48,88.10,88.10,73.08,73.08,72.73,72.73,75.00,75.00
Angola,AGO,20200522,3.00,1,2.00,1,2.00,1,3.00,1,1.00,1,2.00,1,2.00,0,4.00,1.00,1,2.00,0.00,0.00,2.00,1,2.00,0.00,0.00,0.00,,58,3,81.48,81.48,88.10,88.10,73.08,73.08,72.73,72.73,75.00,75.00
Angola,AGO,20200523,3.00,1,2.00,1,2.00,1,3.00,1,1.00,1,2.00,1,2.00,0,4.00,1.00,1,2.00,0.00,0.00,2.00,1,2.00,0.00,0.00,0.00,,60,3,81.48,81.48,88.10,88.10,73.08,73.08,72.73,72.73,75.00,75.00
Angola,AGO,20200524,3.00,1,2.00,1,2.00,1,3.00,1,1.00,1,2.00,1,2.00,0,4.00,1.00,1,2.00,0.00,0.00,2.00,1,2.00,0.00,0.00,0.00,,60,3,81.48,81.48,88.10,88.10,73.08,73.08,72.73,72.73,75.00,75.00
Angola,AGO,20200525,3.00,1,2.00,1,2.00,1,3.00,1,1.00,1,2.00,1,2.00,0,4.00,1.00,1,2.00,0.00,0.00,2.00,1,2.00,0.00,0.00,0.00,,69,4,81.48,81.48,88.10,88.10,73.08,73.08,72.73,72.73,75.00,75.00
Angola,AGO,20200526,3.00,1,2.00,1,2.00,1,3.00,1,1.00,1,1.00,1,2.00,0,4.00,1.00,1,2.00,0.00,0.00,2.00,1,2.00,0.00,0.00,0.00,,69,4,77.78,77.78,86.90,86.90,70.51,70.51,69.70,69.70,75.00,75.00
Angola,AGO,20200527,3.00,1,2.00,1,2.00,1,3.00,1,1.00,1,1.00,1,2.00,0,4.00,1.00,1,2.00,0.00,0.00,2.00,1,2.00,0.00,0.00,0.00,,71,4,77.78,77.78,86.90,86.90,70.51,70.51,69.70,69.70,75.00,75.00
Angola,AGO,20200528,3.00,1,2.00,1,2.00,1,3.00,1,1.00,1,1.00,1,2.00,0,4.00,1.00,1,2.00,0.00,0.00,2.00,1,2.00,0.00,0.00,0.00,,71,4,77.78,77.78,86.90,86.90,70.51,70.51,69.70,69.70,75.00,75.00
Angola,AGO,20200529,3.00,1,2.00,1,2.00,1,3.00,1,1.00,1,1.00,1,2.00,0,4.00,1.00,1,2.00,0.00,0.00,2.00,1,2.00,0.00,0.00,0.00,,73,4,77.78,77.78,86.90,86.90,70.51,70.51,69.70,69.70,75.00,75.00
Angola,AGO,20200530,3.00,1,2.00,1,2.00,1,3.00,1,1.00,1,1.00,1,2.00,0,4.00,1.00,1,2.00,0.00,0.00,2.00,1,2.00,0.00,0.00,0.00,,77,4,77.78,77.78,86.90,86.90,70.51,70.51,69.70,69.70,75.00,75.00
Angola,AGO,20200531,3.00,1,2.00,1,2.00,1,3.00,1,1.00,1,1.00,1,2.00,0,4.00,1.00,1,2.00,0.00,0.00,2.00,1,2.00,0.00,0.00,0.00,,84,4,77.78,77.78,86.90,86.90,70.51,70.51,69.70,69.70,75.00,75.00
Angola,AGO,20200601,3.00,1,2.00,1,2.00,1,3.00,1,1.00,1,1.00,1,2.00,0,4.00,1.00,1,2.00,0.00,0.00,2.00,1,2.00,0.00,0.00,0.00,,86,4,77.78,77.78,86.90,86.90,70.51,70.51,69.70,69.70,75.00,75.00
Angola,AGO,20200602,3.00,1,2.00,1,2.00,1,3.00,1,1.00,1,1.00,1,2.00,0,4.00,1.00,1,2.00,0.00,0.00,2.00,1,2.00,0.00,0.00,0.00,,86,4,77.78,77.78,86.90,86.90,70.51,70.51,69.70,69.70,75.00,75.00
Angola,AGO,20200603,3.00,1,2.00,1,2.00,1,3.00,1,1.00,1,1.00,1,2.00,0,4.00,1.00,1,2.00,0.00,0.00,2.00,1,2.00,0.00,0.00,0.00,,86,4,77.78,77.78,86.90,86.90,70.51,70.51,69.70,69.70,75.00,75.00
Angola,AGO,20200604,3.00,1,2.00,1,2.00,1,3.00,1,1.00,1,1.00,1,2.00,0,4.00,1.00,1,2.00,0.00,0.00,2.00,1,2.00,0.00,0.00,0.00,,86,4,77.78,77.78,86.90,86.90,70.51,70.51,69.70,69.70,75.00,75.00
Angola,AGO,20200605,3.00,1,2.00,1,2.00,1,3.00,1,1.00,1,1.00,1,2.00,0,4.00,1.00,1,,0.00,0.00,1.00,1,2.00,0.00,0.00,0.00,,86,4,72.22,72.22,82.14,82.14,58.97,58.97,65.15,65.15,,
Angola,AGO,20200606,3.00,1,2.00,1,2.00,1,3.00,1,1.00,1,1.00,1,2.00,0,4.00,1.00,1,,0.00,0.00,1.00,1,2.00,0.00,0.00,0.00,,86,4,72.22,72.22,82.14,82.14,58.97,58.97,65.15,65.15,,
Angola,AGO,20200607,3.00,1,2.00,1,2.00,1,3.00,1,1.00,1,1.00,1,2.00,0,4.00,1.00,1,,0.00,0.00,1.00,1,2.00,0.00,0.00,0.00,,86,4,72.22,72.22,82.14,82.14,58.97,58.97,65.15,65.15,,
Angola,AGO,20200608,3.00,1,2.00,1,2.00,1,3.00,1,1.00,1,1.00,1,2.00,0,4.00,1.00,1,,0.00,0.00,1.00,1,2.00,0.00,0.00,0.00,,91,4,72.22,72.22,82.14,82.14,58.97,58.97,65.15,65.15,,
Angola,AGO,20200609,3.00,1,2.00,1,2.00,1,3.00,1,1.00,1,1.00,1,2.00,0,4.00,1.00,1,,0.00,0.00,1.00,1,2.00,0.00,0.00,0.00,,92,4,72.22,72.22,82.14,82.14,58.97,58.97,65.15,65.15,,
Angola,AGO,20200610,3.00,1,2.00,1,2.00,1,3.00,1,1.00,1,1.00,1,2.00,0,4.00,1.00,1,,0.00,0.00,1.00,1,2.00,0.00,0.00,0.00,,96,4,72.22,72.22,82.14,82.14,58.97,58.97,65.15,65.15,,
Angola,AGO,20200611,3.00,1,2.00,1,2.00,1,3.00,1,1.00,1,1.00,1,2.00,0,4.00,1.00,1,,0.00,0.00,1.00,1,2.00,0.00,0.00,0.00,,113,4,72.22,72.22,82.14,82.14,58.97,58.97,65.15,65.15,,
Angola,AGO,20200612,3.00,1,2.00,1,2.00,1,3.00,1,1.00,1,1.00,1,2.00,0,4.00,1.00,1,,0.00,0.00,1.00,1,2.00,0.00,0.00,0.00,,118,5,72.22,72.22,82.14,82.14,58.97,58.97,65.15,65.15,,
Angola,AGO,20200613,3.00,1,2.00,1,2.00,1,3.00,1,1.00,1,1.00,1,2.00,0,4.00,1.00,1,,0.00,0.00,1.00,1,2.00,0.00,0.00,0.00,,130,5,72.22,72.22,82.14,82.14,58.97,58.97,65.15,65.15,,
Angola,AGO,20200614,3.00,1,2.00,1,2.00,1,3.00,1,1.00,1,1.00,1,2.00,0,4.00,1.00,1,,0.00,0.00,1.00,1,2.00,0.00,0.00,0.00,,138,6,72.22,72.22,82.14,82.14,58.97,58.97,65.15,65.15,,
Angola,AGO,20200615,3.00,1,2.00,1,2.00,1,3.00,1,1.00,1,1.00,1,2.00,0,4.00,1.00,1,,0.00,0.00,1.00,1,2.00,0.00,0.00,0.00,,140,6,72.22,72.22,82.14,82.14,58.97,58.97,65.15,65.15,,
Angola,AGO,20200616,3.00,1,2.00,1,2.00,1,3.00,1,1.00,1,1.00,1,2.00,0,4.00,1.00,1,,0.00,0.00,1.00,1,2.00,0.00,0.00,0.00,,142,6,72.22,72.22,82.14,82.14,58.97,58.97,65.15,65.15,,
Angola,AGO,20200617,,,,,,,,,,,,,,,,,,,,,,,,,,,,142,6,,72.22,,82.14,,58.97,,65.15,,75.00
Angola,AGO,20200618,,,,,,,,,,,,,,,,,,,,,,,,,,,,155,7,,72.22,,82.14,,58.97,,65.15,,75.00
Angola,AGO,20200619,,,,,,,,,,,,,,,,,,,,,,,,,,,,155,7,,72.22,,82.14,,58.97,,65.15,,75.00
Angola,AGO,20200620,,,,,,,,,,,,,,,,,,,,,,,,,,,,166,8,,72.22,,82.14,,58.97,,65.15,,75.00
Angola,AGO,20200621,,,,,,,,,,,,,,,,,,,,,,,,,,,,172,8,,72.22,,82.14,,58.97,,65.15,,75.00
Angola,AGO,20200622,,,,,,,,,,,,,,,,,,,,,,,,,,,,176,9,,72.22,,82.14,,58.97,,65.15,,75.00
Angola,AGO,20200623,,,,,,,,,,,,,,,,,,,,,,,,,,,,183,9,,72.22,,82.14,,58.97,,65.15,,75.00
