Saudi Arabia,SAU,20200101,0.00,,0.00,,0.00,,0.00,,0.00,,0.00,,0.00,,0.00,0.00,,0.00,0.00,0.00,0.00,,0.00,0.00,0.00,0.00,,,,0.00,0.00,0.00,0.00,0.00,0.00,0.00,0.00,0.00,0.00
Saudi Arabia,SAU,20200102,0.00,,0.00,,0.00,,0.00,,0.00,,0.00,,0.00,,0.00,0.00,,0.00,0.00,0.00,0.00,,0.00,0.00,0.00,0.00,,,,0.00,0.00,0.00,0.00,0.00,0.00,0.00,0.00,0.00,0.00
Saudi Arabia,SAU,20200103,0.00,,0.00,,0.00,,0.00,,0.00,,0.00,,0.00,,0.00,0.00,,0.00,0.00,0.00,0.00,,0.00,0.00,0.00,0.00,,,,0.00,0.00,0.00,0.00,0.00,0.00,0.00,0.00,0.00,0.00
Saudi Arabia,SAU,20200104,0.00,,0.00,,0.00,,0.00,,0.00,,0.00,,0.00,,0.00,0.00,,0.00,0.00,0.00,0.00,,0.00,0.00,0.00,0.00,,,,0.00,0.00,0.00,0.00,0.00,0.00,0.00,0.00,0.00,0.00
Saudi Arabia,SAU,20200105,0.00,,0.00,,0.00,,0.00,,0.00,,0.00,,0.00,,0.00,0.00,,0.00,0.00,0.00,0.00,,0.00,0.00,0.00,0.00,,,,0.00,0.00,0.00,0.00,0.00,0.00,0.00,0.00,0.00,0.00
Saudi Arabia,SAU,20200106,0.00,,0.00,,0.00,,0.00,,0.00,,0.00,,0.00,,0.00,0.00,,0.00,0.00,0.00,0.00,,0.00,0.00,0.00,0.00,,,,0.00,0.00,0.00,0.00,0.00,0.00,0.00,0.00,0.00,0.00
Saudi Arabia,SAU,20200107,0.00,,0.00,,0.00,,0.00,,0.00,,0.00,,0.00,,0.00,0.00,,0.00,0.00,0.00,0.00,,0.00,0.00,0.00,0.00,,,,0.00,0.00,0.00,0.00,0.00,0.00,0.00,0.00,0.00,0.00
Saudi Arabia,SAU,20200108,0.00,,0.00,,0.00,,0.00,,0.00,,0.00,,0.00,,0.00,0.00,,0.00,0.00,0.00,0.00,,0.00,0.00,0.00,0.00,,,,0.00,0.00,0.00,0.00,0.00,0.00,0.00,0.00,0.00,0.00
Saudi Arabia,SAU,20200109,0.00,,0.00,,0.00,,0.00,,0.00,,0.00,,0.00,,0.00,0.00,,0.00,0.00,0.00,0.00,,0.00,0.00,0.00,0.00,,,,0.00,0.00,0.00,0.00,0.00,0.00,0.00,0.00,0.00,0.00
Saudi Arabia,SAU,20200110,0.00,,0.00,,0.00,,0.00,,0.00,,0.00,,0.00,,0.00,0.00,,0.00,0.00,0.00,0.00,,0.00,0.00,0.00,0.00,,,,0.00,0.00,0.00,0.00,0.00,0.00,0.00,0.00,0.00,0.00
Saudi Arabia,SAU,20200111,0.00,,0.00,,0.00,,0.00,,0.00,,0.00,,0.00,,0.00,0.00,,0.00,0.00,0.00,0.00,,0.00,0.00,0.00,0.00,,,,0.00,0.00,0.00,0.00,0.00,0.00,0.00,0.00,0.00,0.00
Saudi Arabia,SAU,20200112,0.00,,0.00,,0.00,,0.00,,0.00,,0.00,,0.00,,0.00,0.00,,0.00,0.00,0.00,0.00,,0.00,0.00,0.00,0.00,,,,0.00,0.00,0.00,0.00,0.00,0.00,0.00,0.00,0.00,0.00
Saudi Arabia,SAU,20200113,0.00,,0.00,,0.00,,0.00,,0.00,,0.00,,0.00,,0.00,0.00,,0.00,0.00,0.00,0.00,,0.00,0.00,0.00,0.00,,,,0.00,0.00,0.00,0.00,0.00,0.00,0.00,0.00,0.00,0.00
Saudi Arabia,SAU,20200114,0.00,,0.00,,0.00,,0.00,,0.00,,0.00,,0.00,,0.00,0.00,,0.00,0.00,0.00,0.00,,0.00,0.00,0.00,0.00,,,,0.00,0.00,0.00,0.00,0.00,0.00,0.00,0.00,0.00,0.00
Saudi Arabia,SAU,20200115,0.00,,0.00,,0.00,,0.00,,0.00,,0.00,,0.00,,0.00,0.00,,0.00,0.00,0.00,0.00,,0.00,0.00,0.00,0.00,,,,0.00,0.00,0.00,0.00,0.00,0.00,0.00,0.00,0.00,0.00
Saudi Arabia,SAU,20200116,0.00,,0.00,,0.00,,0.00,,0.00,,0.00,,0.00,,0.00,0.00,,0.00,0.00,0.00,0.00,,0.00,0.00,0.00,0.00,,,,0.00,0.00,0.00,0.00,0.00,0.00,0.00,0.00,0.00,0.00
Saudi Arabia,SAU,20200117,0.00,,0.00,,0.00,,0.00,,0.00,,0.00,,0.00,,0.00,0.00,,0.00,0.00,0.00,0.00,,0.00,0.00,0.00,0.00,,,,0.00,0.00,0.00,0.00,0.00,0.00,0.00,0.00,0.00,0.00
Saudi Arabia,SAU,20200118,0.00,,0.00,,0.00,,0.00,,0.00,,0.00,,0.00,,0.00,0.00,,0.00,0.00,0.00,0.00,,0.00,0.00,0.00,0.00,,,,0.00,0.00,0.00,0.00,0.00,0.00,0.00,0.00,0.00,0.00
Saudi Arabia,SAU,20200119,0.00,,0.00,,0.00,,0.00,,0.00,,0.00,,0.00,,0.00,0.00,,0.00,0.00,0.00,0.00,,0.00,0.00,0.00,0.00,,,,0.00,0.00,0.00,0.00,0.00,0.00,0.00,0.00,0.00,0.00
Saudi Arabia,SAU,20200120,0.00,,0.00,,0.00,,0.00,,0.00,,0.00,,0.00,,0.00,0.00,,0.00,0.00,0.00,0.00,,0.00,0.00,0.00,0.00,,,,0.00,0.00,0.00,0.00,0.00,0.00,0.00,0.00,0.00,0.00
Saudi Arabia,SAU,20200121,0.00,,0.00,,0.00,,0.00,,0.00,,0.00,,0.00,,0.00,0.00,,0.00,0.00,0.00,0.00,,0.00,0.00,0.00,0.00,,,,0.00,0.00,0.00,0.00,0.00,0.00,0.00,0.00,0.00,0.00
Saudi Arabia,SAU,20200122,0.00,,0.00,,0.00,,0.00,,0.00,,0.00,,0.00,,0.00,0.00,,0.00,0.00,0.00,0.00,,0.00,0.00,0.00,0.00,,,,0.00,0.00,0.00,0.00,0.00,0.00,0.00,0.00,0.00,0.00
Saudi Arabia,SAU,20200123,0.00,,0.00,,0.00,,0.00,,0.00,,0.00,,0.00,,0.00,0.00,,0.00,0.00,0.00,0.00,,0.00,0.00,0.00,0.00,,,,0.00,0.00,0.00,0.00,0.00,0.00,0.00,0.00,0.00,0.00
Saudi Arabia,SAU,20200124,0.00,,0.00,,0.00,,0.00,,0.00,,0.00,,0.00,,0.00,0.00,,0.00,0.00,0.00,0.00,,0.00,0.00,0.00,0.00,,,,0.00,0.00,0.00,0.00,0.00,0.00,0.00,0.00,0.00,0.00
Saudi Arabia,SAU,20200125,0.00,,0.00,,0.00,,0.00,,0.00,,0.00,,0.00,,0.00,0.00,,0.00,0.00,0.00,0.00,,0.00,0.00,0.00,0.00,,,,0.00,0.00,0.00,0.00,0.00,0.00,0.00,0.00,0.00,0.00
Saudi Arabia,SAU,20200126,0.00,,0.00,,0.00,,0.00,,0.00,,0.00,,0.00,,0.00,0.00,,0.00,0.00,0.00,0.00,,0.00,0.00,0.00,0.00,,,,0.00,0.00,0.00,0.00,0.00,0.00,0.00,0.00,0.00,0.00
Saudi Arabia,SAU,20200127,0.00,,0.00,,0.00,,0.00,,0.00,,0.00,,0.00,,0.00,0.00,,0.00,0.00,0.00,0.00,,0.00,0.00,0.00,0.00,,,,0.00,0.00,0.00,0.00,0.00,0.00,0.00,0.00,0.00,0.00
Saudi Arabia,SAU,20200128,0.00,,0.00,,0.00,,0.00,,0.00,,0.00,,0.00,,0.00,0.00,,0.00,0.00,0.00,0.00,,0.00,0.00,0.00,0.00,,,,0.00,0.00,0.00,0.00,0.00,0.00,0.00,0.00,0.00,0.00
Saudi Arabia,SAU,20200129,0.00,,0.00,,0.00,,0.00,,0.00,,0.00,,0.00,,0.00,0.00,,0.00,0.00,0.00,0.00,,0.00,0.00,0.00,0.00,,,,0.00,0.00,0.00,0.00,0.00,0.00,0.00,0.00,0.00,0.00
Saudi Arabia,SAU,20200130,0.00,,0.00,,0.00,,0.00,,0.00,,0.00,,0.00,,0.00,0.00,,0.00,0.00,0.00,2.00,1,0.00,0.00,0.00,0.00,,,,11.11,11.11,14.29,14.29,7.69,7.69,9.09,9.09,0.00,0.00
Saudi Arabia,SAU,20200131,0.00,,0.00,,0.00,,0.00,,0.00,,0.00,,0.00,,0.00,0.00,,0.00,0.00,0.00,2.00,1,0.00,0.00,0.00,0.00,,,,11.11,11.11,14.29,14.29,7.69,7.69,9.09,9.09,0.00,0.00
Saudi Arabia,SAU,20200201,0.00,,0.00,,0.00,,0.00,,0.00,,0.00,,0.00,,0.00,0.00,,0.00,0.00,0.00,2.00,1,0.00,2.00,0.00,0.00,,,,11.11,11.11,14.29,14.29,15.38,15.38,18.18,18.18,0.00,0.00
Saudi Arabia,SAU,20200202,0.00,,0.00,,0.00,,0.00,,0.00,,0.00,,0.00,,0.00,0.00,,0.00,0.00,0.00,2.00,1,0.00,2.00,0.00,0.00,,,,11.11,11.11,14.29,14.29,15.38,15.38,18.18,18.18,0.00,0.00
Saudi Arabia,SAU,20200203,0.00,,0.00,,0.00,,0.00,,0.00,,0.00,,0.00,,0.00,0.00,,0.00,0.00,0.00,2.00,1,0.00,2.00,0.00,0.00,,,,11.11,11.11,14.29,14.29,15.38,15.38,18.18,18.18,0.00,0.00
Saudi Arabia,SAU,20200204,0.00,,0.00,,0.00,,0.00,,0.00,,0.00,,0.00,,0.00,0.00,,0.00,0.00,0.00,2.00,1,0.00,2.00,0.00,0.00,,,,11.11,11.11,14.29,14.29,15.38,15.38,18.18,18.18,0.00,0.00
Saudi Arabia,SAU,20200205,0.00,,0.00,,0.00,,0.00,,0.00,,0.00,,0.00,,0.00,0.00,,0.00,0.00,0.00,2.00,1,0.00,2.00,0.00,0.00,,,,11.11,11.11,14.29,14.29,15.38,15.38,18.18,18.18,0.00,0.00
Saudi Arabia,SAU,20200206,0.00,,0.00,,0.00,,0.00,,0.00,,0.00,,0.00,,0.00,0.00,,0.00,0.00,0.00,2.00,1,0.00,2.00,0.00,0.00,,,,11.11,11.11,14.29,14.29,15.38,15.38,18.18,18.18,0.00,0.00
Saudi Arabia,SAU,20200207,0.00,,0.00,,0.00,,0.00,,0.00,,0.00,,0.00,,0.00,0.00,,0.00,0.00,0.00,2.00,1,0.00,2.00,0.00,0.00,,,,11.11,11.11,14.29,14.29,15.38,15.38,18.18,18.18,0.00,0.00
Saudi Arabia,SAU,20200208,0.00,,0.00,,0.00,,0.00,,0.00,,0.00,,0.00,,0.00,0.00,,0.00,0.00,0.00,2.00,1,0.00,2.00,0.00,0.00,,,,11.11,11.11,14.29,14.29,15.38,15.38,18.18,18.18,0.00,0.00
Saudi Arabia,SAU,20200209,0.00,,0.00,,0.00,,0.00,,0.00,,0.00,,0.00,,0.00,0.00,,0.00,0.00,0.00,2.00,1,0.00,2.00,0.00,0.00,,,,11.11,11.11,14.29,14.29,15.38,15.38,18.18,18.18,0.00,0.00
Saudi Arabia,SAU,20200210,0.00,,0.00,,0.00,,0.00,,0.00,,0.00,,0.00,,0.00,0.00,,0.00,0.00,0.00,2.00,1,0.00,2.00,0.00,0.00,,,,11.11,11.11,14.29,14.29,15.38,15.38,18.18,18.18,0.00,0.00
Saudi Arabia,SAU,20200211,0.00,,0.00,,0.00,,0.00,,0.00,,0.00,,0.00,,0.00,0.00,,0.00,0.00,0.00,2.00,1,0.00,2.00,0.00,0.00,,,,11.11,11.11,14.29,14.29,15.38,15.38,18.18,18.18,0.00,0.00
Saudi Arabia,SAU,20200212,0.00,,0.00,,0.00,,0.00,,0.00,,0.00,,0.00,,0.00,0.00,,0.00,0.00,0.00,2.00,1,0.00,2.00,0.00,0.00,,,,11.11,11.11,14.29,14.29,15.38,15.38,18.18,18.18,0.00,0.00
Saudi Arabia,SAU,20200213,0.00,,0.00,,0.00,,0.00,,0.00,,0.00,,0.00,,0.00,0.00,,0.00,0.00,0.00,2.00,1,0.00,2.00,0.00,0.00,,,,11.11,11.11,14.29,14.29,15.38,15.38,18.18,18.18,0.00,0.00
Saudi Arabia,SAU,20200214,0.00,,0.00,,0.00,,0.00,,0.00,,0.00,,0.00,,0.00,0.00,,0.00,0.00,0.00,2.00,1,0.00,2.00,0.00,0.00,,,,11.11,11.11,14.29,14.29,15.38,15.38,18.18,18.18,0.00,0.00
Saudi Arabia,SAU,20200215,0.00,,0.00,,0.00,,0.00,,0.00,,0.00,,0.00,,0.00,0.00,,0.00,0.00,0.00,2.00,1,0.00,2.00,0.00,0.00,,,,11.11,11.11,14.29,14.29,15.38,15.38,18.18,18.18,0.00,0.00
Saudi Arabia,SAU,20200216,0.00,,0.00,,0.00,,0.00,,0.00,,0.00,,0.00,,0.00,0.00,,0.00,0.00,0.00,2.00,1,0.00,2.00,0.00,0.00,,,,11.11,11.11,14.29,14.29,15.38,15.38,18.18,18.18,0.00,0.00
Saudi Arabia,SAU,20200217,0.00,,0.00,,0.00,,0.00,,0.00,,0.00,,0.00,,0.00,0.00,,0.00,0.00,0.00,2.00,1,0.00,2.00,0.00,0.00,,,,11.11,11.11,14.29,14.29,15.38,15.38,18.18,18.18,0.00,0.00
Saudi Arabia,SAU,20200218,0.00,,0.00,,0.00,,0.00,,0.00,,0.00,,0.00,,0.00,0.00,,0.00,0.00,0.00,2.00,1,0.00,2.00,0.00,0.00,,,,11.11,11.11,14.29,14.29,15.38,15.38,18.18,18.18,0.00,0.00
Saudi Arabia,SAU,20200219,0.00,,0.00,,0.00,,0.00,,0.00,,0.00,,0.00,,0.00,0.00,,0.00,0.00,0.00,2.00,1,0.00,2.00,0.00,0.00,,,,11.11,11.11,14.29,14.29,15.38,15.38,18.18,18.18,0.00,0.00
Saudi Arabia,SAU,20200220,0.00,,0.00,,0.00,,0.00,,0.00,,0.00,,0.00,,0.00,0.00,,0.00,0.00,0.00,2.00,1,0.00,2.00,0.00,0.00,,,,11.11,11.11,14.29,14.29,15.38,15.38,18.18,18.18,0.00,0.00
Saudi Arabia,SAU,20200221,0.00,,0.00,,0.00,,0.00,,0.00,,0.00,,0.00,,0.00,0.00,,0.00,0.00,0.00,2.00,1,0.00,2.00,0.00,0.00,,,,11.11,11.11,14.29,14.29,15.38,15.38,18.18,18.18,0.00,0.00
Saudi Arabia,SAU,20200222,0.00,,0.00,,0.00,,0.00,,0.00,,0.00,,0.00,,0.00,0.00,,0.00,0.00,0.00,2.00,1,0.00,2.00,0.00,0.00,,,,11.11,11.11,14.29,14.29,15.38,15.38,18.18,18.18,0.00,0.00
Saudi Arabia,SAU,20200223,0.00,,0.00,,0.00,,0.00,,0.00,,0.00,,0.00,,0.00,0.00,,0.00,0.00,0.00,2.00,1,0.00,2.00,0.00,0.00,,,,11.11,11.11,14.29,14.29,15.38,15.38,18.18,18.18,0.00,0.00
Saudi Arabia,SAU,20200224,0.00,,0.00,,0.00,,0.00,,0.00,,0.00,,0.00,,0.00,0.00,,0.00,0.00,0.00,2.00,1,0.00,2.00,0.00,0.00,,,,11.11,11.11,14.29,14.29,15.38,15.38,18.18,18.18,0.00,0.00
Saudi Arabia,SAU,20200225,0.00,,0.00,,0.00,,0.00,,0.00,,0.00,,0.00,,0.00,0.00,,0.00,0.00,0.00,2.00,1,0.00,2.00,0.00,0.00,,,,11.11,11.11,14.29,14.29,15.38,15.38,18.18,18.18,0.00,0.00
Saudi Arabia,SAU,20200226,0.00,,0.00,,0.00,,0.00,,0.00,,0.00,,0.00,,0.00,0.00,,0.00,0.00,0.00,2.00,1,0.00,2.00,0.00,0.00,,,,11.11,11.11,14.29,14.29,15.38,15.38,18.18,18.18,0.00,0.00
Saudi Arabia,SAU,20200227,0.00,,0.00,,0.00,,0.00,,0.00,,0.00,,0.00,,0.00,0.00,,0.00,0.00,0.00,2.00,1,0.00,2.00,0.00,0.00,,,,11.11,11.11,14.29,14.29,15.38,15.38,18.18,18.18,0.00,0.00
Saudi Arabia,SAU,20200228,0.00,,0.00,,0.00,,0.00,,0.00,,0.00,,0.00,,0.00,0.00,,0.00,0.00,0.00,2.00,1,0.00,2.00,0.00,0.00,,,,11.11,11.11,14.29,14.29,15.38,15.38,18.18,18.18,0.00,0.00
Saudi Arabia,SAU,20200229,0.00,,0.00,,0.00,,0.00,,0.00,,0.00,,0.00,,0.00,0.00,,0.00,0.00,0.00,2.00,1,0.00,2.00,0.00,0.00,,,,11.11,11.11,14.29,14.29,15.38,15.38,18.18,18.18,0.00,0.00
Saudi Arabia,SAU,20200301,0.00,,0.00,,0.00,,0.00,,0.00,,0.00,,0.00,,0.00,0.00,,0.00,0.00,0.00,2.00,1,0.00,2.00,0.00,0.00,,,,11.11,11.11,14.29,14.29,15.38,15.38,18.18,18.18,0.00,0.00
Saudi Arabia,SAU,20200302,0.00,,0.00,,0.00,,0.00,,0.00,,0.00,,0.00,,0.00,0.00,,0.00,0.00,0.00,2.00,1,0.00,2.00,0.00,0.00,,,,11.11,11.11,14.29,14.29,15.38,15.38,18.18,18.18,0.00,0.00
Saudi Arabia,SAU,20200303,0.00,,0.00,,0.00,,0.00,,0.00,,0.00,,0.00,,0.00,0.00,,0.00,0.00,0.00,2.00,1,0.00,2.00,0.00,0.00,,1,0,11.11,11.11,14.29,14.29,15.38,15.38,18.18,18.18,0.00,0.00
Saudi Arabia,SAU,20200304,0.00,,0.00,,0.00,,0.00,,0.00,,0.00,,0.00,,0.00,0.00,,0.00,0.00,0.00,2.00,1,0.00,2.00,0.00,0.00,,,,11.11,11.11,14.29,14.29,15.38,15.38,18.18,18.18,0.00,0.00
Saudi Arabia,SAU,20200305,0.00,,0.00,,0.00,,0.00,,0.00,,0.00,,0.00,,0.00,0.00,,0.00,0.00,0.00,2.00,1,2.00,2.00,0.00,0.00,,,,11.11,11.11,14.29,14.29,20.51,20.51,24.24,24.24,0.00,0.00
Saudi Arabia,SAU,20200306,0.00,,0.00,,0.00,,0.00,,0.00,,0.00,,0.00,,0.00,0.00,,0.00,0.00,0.00,2.00,1,2.00,2.00,0.00,0.00,,5,0,11.11,11.11,14.29,14.29,20.51,20.51,24.24,24.24,0.00,0.00
Saudi Arabia,SAU,20200307,0.00,,0.00,,0.00,,0.00,,0.00,,0.00,,0.00,,0.00,0.00,,0.00,0.00,0.00,2.00,1,2.00,2.00,0.00,0.00,,,,11.11,11.11,14.29,14.29,20.51,20.51,24.24,24.24,0.00,0.00
Saudi Arabia,SAU,20200308,0.00,,0.00,,0.00,,0.00,,0.00,,0.00,,2.00,0,0.00,0.00,,0.00,0.00,0.00,2.00,1,2.00,2.00,0.00,0.00,,7,0,19.44,19.44,23.81,23.81,26.28,26.28,31.06,31.06,0.00,0.00
Saudi Arabia,SAU,20200309,3.00,1,0.00,,0.00,,0.00,,0.00,,0.00,,2.00,0,0.00,0.00,,0.00,0.00,0.00,2.00,1,2.00,2.00,0.00,0.00,,11,0,30.56,30.56,38.10,38.10,33.97,33.97,40.15,40.15,0.00,0.00
Saudi Arabia,SAU,20200310,3.00,1,0.00,,0.00,,0.00,,0.00,,0.00,,2.00,0,0.00,0.00,,0.00,0.00,0.00,2.00,1,2.00,2.00,0.00,0.00,,15,0,30.56,30.56,38.10,38.10,33.97,33.97,40.15,40.15,0.00,0.00
Saudi Arabia,SAU,20200311,3.00,1,0.00,,0.00,,0.00,,0.00,,0.00,,2.00,0,0.00,0.00,,0.00,0.00,0.00,2.00,1,2.00,2.00,0.00,10000000.00,,20,0,30.56,30.56,38.10,38.10,33.97,33.97,40.15,40.15,0.00,0.00
Saudi Arabia,SAU,20200312,3.00,1,0.00,,0.00,,0.00,,0.00,,0.00,,2.00,0,0.00,0.00,,0.00,0.00,0.00,2.00,1,2.00,2.00,0.00,0.00,,45,0,30.56,30.56,38.10,38.10,33.97,33.97,40.15,40.15,0.00,0.00
Saudi Arabia,SAU,20200313,3.00,1,0.00,,2.00,1,0.00,,0.00,,0.00,,2.00,0,0.00,0.00,,0.00,0.00,0.00,2.00,1,2.00,2.00,0.00,0.00,,62,0,41.67,41.67,52.38,52.38,41.67,41.67,49.24,49.24,0.00,0.00
Saudi Arabia,SAU,20200314,3.00,1,0.00,,2.00,1,0.00,,0.00,,0.00,,2.00,0,0.00,0.00,,0.00,0.00,0.00,2.00,1,2.00,2.00,0.00,0.00,,86,0,41.67,41.67,52.38,52.38,41.67,41.67,49.24,49.24,0.00,0.00
Saudi Arabia,SAU,20200315,3.00,1,0.00,,2.00,1,0.00,,0.00,,0.00,,2.00,0,4.00,0.00,,0.00,13500000000.00,0.00,2.00,1,2.00,2.00,0.00,0.00,,86,0,52.78,52.78,66.67,66.67,49.36,49.36,58.33,58.33,0.00,0.00
Saudi Arabia,SAU,20200316,3.00,1,2.00,1,2.00,1,3.00,1,0.00,,0.00,,2.00,0,4.00,0.00,,0.00,0.00,0.00,2.00,1,2.00,2.00,0.00,0.00,,118,0,68.52,68.52,77.38,77.38,60.26,60.26,71.21,71.21,0.00,0.00
Saudi Arabia,SAU,20200317,3.00,1,2.00,1,2.00,1,3.00,1,0.00,,0.00,,2.00,0,4.00,0.00,,0.00,0.00,0.00,2.00,1,2.00,2.00,0.00,0.00,,133,0,68.52,68.52,77.38,77.38,60.26,60.26,71.21,71.21,0.00,0.00
Saudi Arabia,SAU,20200318,3.00,1,2.00,1,2.00,1,3.00,1,0.00,,0.00,,2.00,0,4.00,0.00,,0.00,0.00,0.00,2.00,1,2.00,2.00,0.00,0.00,,133,0,68.52,68.52,77.38,77.38,60.26,60.26,71.21,71.21,0.00,0.00
Saudi Arabia,SAU,20200319,3.00,1,2.00,1,2.00,1,3.00,1,0.00,,0.00,,2.00,0,4.00,0.00,,0.00,0.00,0.00,2.00,1,2.00,2.00,0.00,0.00,,171,0,68.52,68.52,77.38,77.38,60.26,60.26,71.21,71.21,0.00,0.00
Saudi Arabia,SAU,20200320,3.00,1,2.00,1,2.00,1,3.00,1,0.00,,0.00,,2.00,0,4.00,0.00,,0.00,18600000000.00,0.00,2.00,1,2.00,2.00,0.00,0.00,,238,0,68.52,68.52,77.38,77.38,60.26,60.26,71.21,71.21,0.00,0.00
Saudi Arabia,SAU,20200321,3.00,1,2.00,1,2.00,1,3.00,1,2.00,1,0.00,,2.00,0,4.00,0.00,,0.00,0.00,0.00,2.00,1,2.00,2.00,0.00,0.00,,274,0,79.63,79.63,91.67,91.67,67.95,67.95,80.30,80.30,0.00,0.00
Saudi Arabia,SAU,20200322,3.00,1,2.00,1,2.00,1,3.00,1,2.00,1,0.00,,2.00,0,4.00,0.00,,0.00,0.00,0.00,2.00,1,2.00,2.00,0.00,0.00,,392,0,79.63,79.63,91.67,91.67,67.95,67.95,80.30,80.30,0.00,0.00
Saudi Arabia,SAU,20200323,3.00,1,2.00,1,2.00,1,3.00,1,2.00,1,2.00,1,2.00,0,4.00,0.00,,0.00,0.00,0.00,2.00,1,2.00,2.00,0.00,0.00,,511,0,87.04,87.04,92.86,92.86,73.08,73.08,86.36,86.36,0.00,0.00
Saudi Arabia,SAU,20200324,3.00,1,2.00,1,2.00,1,3.00,1,2.00,1,2.00,1,2.00,0,4.00,0.00,,0.00,0.00,0.00,2.00,1,2.00,2.00,0.00,0.00,,562,0,87.04,87.04,92.86,92.86,73.08,73.08,86.36,86.36,0.00,0.00
Saudi Arabia,SAU,20200325,3.00,1,2.00,1,2.00,1,3.00,1,2.00,1,2.00,1,2.00,1,4.00,0.00,,0.00,0.00,0.00,2.00,1,2.00,2.00,0.00,0.00,,767,1,89.81,89.81,96.43,96.43,75.00,75.00,88.64,88.64,0.00,0.00
Saudi Arabia,SAU,20200326,3.00,1,2.00,1,2.00,1,3.00,1,2.00,1,2.00,1,2.00,1,4.00,0.00,,0.00,0.00,0.00,2.00,1,2.00,2.00,0.00,0.00,,900,2,89.81,89.81,96.43,96.43,75.00,75.00,88.64,88.64,0.00,0.00
Saudi Arabia,SAU,20200327,3.00,1,2.00,1,2.00,1,3.00,1,2.00,1,2.00,1,2.00,1,4.00,0.00,,0.00,0.00,0.00,2.00,1,2.00,2.00,0.00,0.00,,1012,3,89.81,89.81,96.43,96.43,75.00,75.00,88.64,88.64,0.00,0.00
Saudi Arabia,SAU,20200328,3.00,1,2.00,1,2.00,1,3.00,1,2.00,1,2.00,1,2.00,1,4.00,0.00,,0.00,0.00,0.00,2.00,1,2.00,2.00,0.00,0.00,,1104,3,89.81,89.81,96.43,96.43,75.00,75.00,88.64,88.64,0.00,0.00
Saudi Arabia,SAU,20200329,3.00,1,2.00,1,2.00,1,3.00,1,2.00,1,2.00,1,2.00,1,4.00,0.00,,0.00,0.00,0.00,2.00,1,2.00,2.00,0.00,0.00,,1203,4,89.81,89.81,96.43,96.43,75.00,75.00,88.64,88.64,0.00,0.00
Saudi Arabia,SAU,20200330,3.00,1,2.00,1,2.00,1,3.00,1,2.00,1,2.00,1,2.00,1,4.00,0.00,,0.00,0.00,0.00,2.00,1,2.00,2.00,0.00,0.00,,1229,8,89.81,89.81,96.43,96.43,75.00,75.00,88.64,88.64,0.00,0.00
Saudi Arabia,SAU,20200331,3.00,1,2.00,1,2.00,1,3.00,1,2.00,1,2.00,1,2.00,1,4.00,0.00,,0.00,0.00,0.00,2.00,1,2.00,2.00,0.00,0.00,,1453,8,89.81,89.81,96.43,96.43,75.00,75.00,88.64,88.64,0.00,0.00
Saudi Arabia,SAU,20200401,3.00,1,2.00,1,2.00,1,3.00,1,2.00,1,2.00,1,2.00,1,4.00,0.00,,0.00,0.00,0.00,2.00,1,2.00,2.00,139540000.00,0.00,,1563,10,89.81,89.81,96.43,96.43,75.00,75.00,88.64,88.64,0.00,0.00
Saudi Arabia,SAU,20200402,3.00,1,2.00,1,2.00,1,3.00,1,2.00,1,2.00,1,2.00,1,4.00,0.00,,0.00,0.00,0.00,2.00,1,2.00,2.00,0.00,0.00,,1720,16,89.81,89.81,96.43,96.43,75.00,75.00,88.64,88.64,0.00,0.00
Saudi Arabia,SAU,20200403,3.00,1,2.00,1,2.00,1,3.00,1,2.00,1,2.00,1,2.00,1,4.00,2.00,0,0.00,0.00,0.00,2.00,1,2.00,2.00,0.00,0.00,,1885,21,89.81,89.81,96.43,96.43,80.77,80.77,88.64,88.64,37.50,37.50
Saudi Arabia,SAU,20200404,3.00,1,2.00,1,2.00,1,3.00,1,2.00,1,2.00,1,2.00,1,4.00,2.00,0,0.00,0.00,0.00,2.00,1,2.00,2.00,0.00,0.00,,1885,21,89.81,89.81,96.43,96.43,80.77,80.77,88.64,88.64,37.50,37.50
Saudi Arabia,SAU,20200405,3.00,1,2.00,1,2.00,1,3.00,1,2.00,1,2.00,1,2.00,1,4.00,2.00,0,0.00,0.00,0.00,2.00,1,2.00,2.00,0.00,0.00,,2179,29,89.81,89.81,96.43,96.43,80.77,80.77,88.64,88.64,37.50,37.50
Saudi Arabia,SAU,20200406,3.00,1,2.00,1,2.00,1,3.00,1,2.00,1,3.00,0,2.00,1,4.00,2.00,0,0.00,0.00,0.00,2.00,1,2.00,2.00,0.00,0.00,,2385,34,91.67,91.67,96.43,96.43,82.05,82.05,90.15,90.15,37.50,37.50
Saudi Arabia,SAU,20200407,3.00,1,2.00,1,2.00,1,3.00,1,2.00,1,3.00,0,2.00,1,4.00,2.00,0,0.00,0.00,0.00,2.00,1,2.00,2.00,0.00,0.00,,2523,38,91.67,91.67,96.43,96.43,82.05,82.05,90.15,90.15,37.50,37.50
Saudi Arabia,SAU,20200408,3.00,1,2.00,1,2.00,1,3.00,1,2.00,1,3.00,0,2.00,1,4.00,2.00,0,0.00,0.00,0.00,2.00,1,2.00,2.00,0.00,0.00,,2795,41,91.67,91.67,96.43,96.43,82.05,82.05,90.15,90.15,37.50,37.50
Saudi Arabia,SAU,20200409,3.00,1,2.00,1,2.00,1,3.00,1,2.00,1,3.00,0,2.00,1,4.00,2.00,0,0.00,0.00,525000000.00,2.00,1,2.00,2.00,0.00,0.00,,2932,41,91.67,91.67,96.43,96.43,82.05,82.05,90.15,90.15,37.50,37.50
Saudi Arabia,SAU,20200410,3.00,1,2.00,1,2.00,1,3.00,1,2.00,1,3.00,0,2.00,1,4.00,2.00,0,0.00,0.00,0.00,2.00,1,2.00,2.00,0.00,0.00,,3287,44,91.67,91.67,96.43,96.43,82.05,82.05,90.15,90.15,37.50,37.50
Saudi Arabia,SAU,20200411,3.00,1,2.00,1,2.00,1,3.00,1,2.00,1,3.00,0,2.00,1,4.00,2.00,0,1.00,0.00,0.00,2.00,1,2.00,2.00,0.00,0.00,,3651,47,91.67,91.67,96.43,96.43,85.90,85.90,90.15,90.15,62.50,62.50
Saudi Arabia,SAU,20200412,3.00,1,2.00,1,2.00,1,3.00,1,2.00,1,3.00,0,2.00,1,4.00,2.00,0,1.00,0.00,0.00,2.00,1,2.00,2.00,0.00,0.00,,4033,52,91.67,91.67,96.43,96.43,85.90,85.90,90.15,90.15,62.50,62.50
Saudi Arabia,SAU,20200413,3.00,1,2.00,1,2.00,1,3.00,1,2.00,1,3.00,0,2.00,1,4.00,2.00,0,1.00,0.00,0.00,2.00,1,2.00,2.00,0.00,0.00,,4462,59,91.67,91.67,96.43,96.43,85.90,85.90,90.15,90.15,62.50,62.50
Saudi Arabia,SAU,20200414,3.00,1,2.00,1,2.00,1,3.00,1,2.00,1,3.00,0,2.00,1,4.00,2.00,0,1.00,0.00,0.00,2.00,1,2.00,2.00,0.00,0.00,,4934,65,91.67,91.67,96.43,96.43,85.90,85.90,90.15,90.15,62.50,62.50
Saudi Arabia,SAU,20200415,3.00,1,2.00,1,2.00,1,3.00,1,2.00,1,3.00,0,2.00,1,4.00,2.00,0,1.00,0.00,0.00,2.00,1,2.00,2.00,0.00,0.00,,5369,73,91.67,91.67,96.43,96.43,85.90,85.90,90.15,90.15,62.50,62.50
Saudi Arabia,SAU,20200416,3.00,1,2.00,1,2.00,1,3.00,1,2.00,1,3.00,0,2.00,1,4.00,2.00,0,1.00,0.00,0.00,2.00,1,2.00,2.00,0.00,0.00,,5862,79,91.67,91.67,96.43,96.43,85.90,85.90,90.15,90.15,62.50,62.50
Saudi Arabia,SAU,20200417,3.00,1,2.00,1,2.00,1,3.00,1,2.00,1,3.00,0,2.00,1,4.00,2.00,0,1.00,0.00,0.00,2.00,1,2.00,2.00,0.00,0.00,,6380,83,91.67,91.67,96.43,96.43,85.90,85.90,90.15,90.15,62.50,62.50
Saudi Arabia,SAU,20200418,3.00,1,2.00,1,2.00,1,3.00,1,2.00,1,3.00,0,2.00,1,4.00,2.00,0,1.00,0.00,0.00,2.00,1,2.00,2.00,0.00,0.00,,7142,87,91.67,91.67,96.43,96.43,85.90,85.90,90.15,90.15,62.50,62.50
Saudi Arabia,SAU,20200419,3.00,1,2.00,1,2.00,1,3.00,1,2.00,1,3.00,0,2.00,1,4.00,2.00,0,1.00,0.00,0.00,2.00,1,2.00,2.00,0.00,0.00,,8274,92,91.67,91.67,96.43,96.43,85.90,85.90,90.15,90.15,62.50,62.50
Saudi Arabia,SAU,20200420,3.00,1,2.00,1,2.00,1,3.00,1,2.00,1,3.00,0,2.00,1,4.00,2.00,0,1.00,0.00,0.00,2.00,1,2.00,2.00,0.00,0.00,,9362,97,91.67,91.67,96.43,96.43,85.90,85.90,90.15,90.15,62.50,62.50
Saudi Arabia,SAU,20200421,3.00,1,2.00,1,2.00,1,3.00,1,2.00,1,3.00,0,2.00,1,4.00,2.00,0,1.00,0.00,0.00,2.00,1,2.00,2.00,0.00,0.00,,10484,103,91.67,91.67,96.43,96.43,85.90,85.90,90.15,90.15,62.50,62.50
Saudi Arabia,SAU,20200422,3.00,1,2.00,1,2.00,1,3.00,1,2.00,1,3.00,0,2.00,1,4.00,2.00,0,1.00,0.00,0.00,2.00,1,2.00,2.00,0.00,0.00,,11631,109,91.67,91.67,96.43,96.43,85.90,85.90,90.15,90.15,62.50,62.50
Saudi Arabia,SAU,20200423,3.00,1,2.00,1,2.00,1,3.00,1,2.00,1,3.00,0,2.00,1,4.00,2.00,0,1.00,0.00,0.00,2.00,1,2.00,2.00,0.00,0.00,,12772,114,91.67,91.67,96.43,96.43,85.90,85.90,90.15,90.15,62.50,62.50
Saudi Arabia,SAU,20200424,3.00,1,2.00,1,2.00,1,3.00,1,2.00,1,3.00,0,2.00,1,4.00,2.00,0,1.00,0.00,0.00,2.00,1,2.00,2.00,0.00,0.00,,13930,121,91.67,91.67,96.43,96.43,85.90,85.90,90.15,90.15,62.50,62.50
Saudi Arabia,SAU,20200425,3.00,1,2.00,1,2.00,1,3.00,1,2.00,1,3.00,0,2.00,1,4.00,2.00,0,1.00,0.00,0.00,2.00,1,2.00,2.00,0.00,0.00,,15102,127,91.67,91.67,96.43,96.43,85.90,85.90,90.15,90.15,62.50,62.50
Saudi Arabia,SAU,20200426,3.00,1,2.00,1,2.00,1,4.00,1,2.00,1,3.00,0,2.00,1,4.00,2.00,0,1.00,0.00,0.00,2.00,1,2.00,2.00,0.00,0.00,,16299,136,94.44,94.44,96.43,96.43,87.82,87.82,92.42,92.42,62.50,62.50
Saudi Arabia,SAU,20200427,3.00,1,2.00,1,2.00,1,4.00,1,2.00,1,3.00,0,2.00,1,4.00,2.00,0,1.00,0.00,0.00,2.00,1,2.00,2.00,0.00,0.00,,17522,139,94.44,94.44,96.43,96.43,87.82,87.82,92.42,92.42,62.50,62.50
Saudi Arabia,SAU,20200428,3.00,1,2.00,1,2.00,1,4.00,1,2.00,1,3.00,0,2.00,1,4.00,2.00,0,1.00,0.00,0.00,2.00,1,2.00,2.00,0.00,0.00,,18811,144,94.44,94.44,96.43,96.43,87.82,87.82,92.42,92.42,62.50,62.50
Saudi Arabia,SAU,20200429,3.00,1,2.00,1,2.00,1,4.00,1,2.00,1,3.00,0,2.00,1,4.00,2.00,0,1.00,0.00,0.00,2.00,1,2.00,2.00,0.00,0.00,,20077,152,94.44,94.44,96.43,96.43,87.82,87.82,92.42,92.42,62.50,62.50
Saudi Arabia,SAU,20200430,3.00,1,2.00,1,2.00,1,4.00,1,2.00,1,3.00,0,2.00,0,4.00,2.00,0,1.00,0.00,0.00,2.00,1,2.00,2.00,0.00,0.00,,21402,157,91.67,91.67,92.86,92.86,85.90,85.90,90.15,90.15,62.50,62.50
Saudi Arabia,SAU,20200501,3.00,1,2.00,1,2.00,1,4.00,1,2.00,1,3.00,0,2.00,0,4.00,2.00,0,1.00,0.00,0.00,2.00,1,2.00,2.00,0.00,0.00,,22753,162,91.67,91.67,92.86,92.86,85.90,85.90,90.15,90.15,62.50,62.50
Saudi Arabia,SAU,20200502,3.00,1,2.00,1,2.00,1,4.00,1,2.00,1,3.00,0,2.00,0,4.00,2.00,0,1.00,0.00,0.00,2.00,1,2.00,2.00,0.00,0.00,,24097,169,91.67,91.67,92.86,92.86,85.90,85.90,90.15,90.15,62.50,62.50
Saudi Arabia,SAU,20200503,3.00,1,2.00,1,2.00,1,4.00,1,2.00,1,3.00,0,2.00,0,4.00,2.00,0,1.00,0.00,0.00,2.00,1,2.00,2.00,0.00,0.00,,25459,176,91.67,91.67,92.86,92.86,85.90,85.90,90.15,90.15,62.50,62.50
Saudi Arabia,SAU,20200504,3.00,1,2.00,1,2.00,1,4.00,1,2.00,1,3.00,0,2.00,0,4.00,2.00,0,1.00,0.00,0.00,2.00,1,2.00,2.00,0.00,0.00,,27011,184,91.67,91.67,92.86,92.86,85.90,85.90,90.15,90.15,62.50,62.50
Saudi Arabia,SAU,20200505,3.00,1,2.00,1,2.00,1,4.00,1,2.00,1,3.00,0,2.00,0,4.00,2.00,0,1.00,0.00,0.00,2.00,1,2.00,2.00,0.00,0.00,,28656,191,91.67,91.67,92.86,92.86,85.90,85.90,90.15,90.15,62.50,62.50
Saudi Arabia,SAU,20200506,3.00,1,2.00,1,2.00,1,4.00,1,2.00,1,3.00,0,2.00,0,4.00,2.00,0,1.00,0.00,0.00,2.00,1,2.00,2.00,0.00,0.00,,30251,200,91.67,91.67,92.86,92.86,85.90,85.90,90.15,90.15,62.50,62.50
Saudi Arabia,SAU,20200507,3.00,1,2.00,0,2.00,1,4.00,1,2.00,1,3.00,0,2.00,0,4.00,2.00,0,1.00,0.00,0.00,2.00,1,2.00,2.00,0.00,0.00,,31938,209,89.81,89.81,89.29,89.29,84.62,84.62,88.64,88.64,62.50,62.50
Saudi Arabia,SAU,20200508,3.00,1,2.00,0,2.00,1,4.00,1,2.00,1,3.00,0,2.00,0,4.00,2.00,0,1.00,0.00,0.00,2.00,1,2.00,2.00,0.00,0.00,,33731,219,89.81,89.81,89.29,89.29,84.62,84.62,88.64,88.64,62.50,62.50
Saudi Arabia,SAU,20200509,3.00,1,2.00,0,2.00,1,4.00,1,2.00,1,3.00,0,2.00,0,4.00,2.00,0,1.00,0.00,0.00,2.00,1,2.00,2.00,0.00,0.00,,35432,229,89.81,89.81,89.29,89.29,84.62,84.62,88.64,88.64,62.50,62.50
Saudi Arabia,SAU,20200510,3.00,1,2.00,0,2.00,1,4.00,1,2.00,1,3.00,0,2.00,0,4.00,2.00,0,1.00,0.00,0.00,2.00,1,2.00,2.00,0.00,0.00,,37136,239,89.81,89.81,89.29,89.29,84.62,84.62,88.64,88.64,62.50,62.50
Saudi Arabia,SAU,20200511,3.00,1,2.00,0,2.00,1,4.00,1,2.00,1,3.00,0,2.00,0,4.00,2.00,0,1.00,0.00,0.00,2.00,1,2.00,2.00,0.00,0.00,,39048,246,89.81,89.81,89.29,89.29,84.62,84.62,88.64,88.64,62.50,62.50
Saudi Arabia,SAU,20200512,3.00,1,2.00,0,2.00,1,4.00,1,2.00,1,3.00,0,2.00,0,4.00,2.00,0,1.00,0.00,0.00,2.00,1,2.00,2.00,0.00,0.00,,41014,255,89.81,89.81,89.29,89.29,84.62,84.62,88.64,88.64,62.50,62.50
Saudi Arabia,SAU,20200513,3.00,1,2.00,0,2.00,1,4.00,1,2.00,1,3.00,0,2.00,0,4.00,2.00,0,1.00,0.00,0.00,2.00,1,2.00,2.00,0.00,0.00,,42925,264,89.81,89.81,89.29,89.29,84.62,84.62,88.64,88.64,62.50,62.50
Saudi Arabia,SAU,20200514,3.00,1,2.00,0,2.00,1,4.00,1,2.00,1,3.00,0,2.00,0,4.00,2.00,0,1.00,0.00,0.00,2.00,1,2.00,2.00,0.00,0.00,,44830,273,89.81,89.81,89.29,89.29,84.62,84.62,88.64,88.64,62.50,62.50
Saudi Arabia,SAU,20200515,3.00,1,2.00,0,2.00,1,4.00,1,2.00,1,3.00,0,2.00,0,4.00,2.00,0,1.00,0.00,0.00,2.00,1,2.00,2.00,0.00,0.00,,46869,283,89.81,89.81,89.29,89.29,84.62,84.62,88.64,88.64,62.50,62.50
Saudi Arabia,SAU,20200516,3.00,1,2.00,0,2.00,1,4.00,1,2.00,1,3.00,0,2.00,0,4.00,2.00,0,1.00,0.00,0.00,2.00,1,2.00,2.00,0.00,0.00,,49176,292,89.81,89.81,89.29,89.29,84.62,84.62,88.64,88.64,62.50,62.50
Saudi Arabia,SAU,20200517,3.00,1,2.00,0,2.00,1,4.00,1,2.00,1,3.00,0,2.00,0,4.00,2.00,0,1.00,0.00,0.00,2.00,1,2.00,2.00,0.00,0.00,,52016,302,89.81,89.81,89.29,89.29,84.62,84.62,88.64,88.64,62.50,62.50
Saudi Arabia,SAU,20200518,3.00,1,2.00,0,2.00,1,4.00,1,2.00,1,3.00,0,2.00,0,4.00,2.00,0,1.00,0.00,0.00,2.00,1,2.00,2.00,0.00,0.00,,54752,312,89.81,89.81,89.29,89.29,84.62,84.62,88.64,88.64,62.50,62.50
Saudi Arabia,SAU,20200519,3.00,1,2.00,0,2.00,1,4.00,1,2.00,1,3.00,0,2.00,0,4.00,2.00,0,1.00,0.00,0.00,2.00,1,2.00,2.00,0.00,0.00,,57345,320,89.81,89.81,89.29,89.29,84.62,84.62,88.64,88.64,62.50,62.50
Saudi Arabia,SAU,20200520,3.00,1,2.00,0,2.00,1,4.00,1,2.00,1,3.00,0,2.00,0,4.00,2.00,0,1.00,0.00,0.00,2.00,1,2.00,2.00,0.00,0.00,,59854,329,89.81,89.81,89.29,89.29,84.62,84.62,88.64,88.64,62.50,62.50
Saudi Arabia,SAU,20200521,3.00,1,2.00,0,2.00,1,4.00,1,2.00,1,3.00,0,2.00,0,4.00,2.00,0,1.00,0.00,0.00,2.00,1,2.00,2.00,0.00,0.00,,62545,339,89.81,89.81,89.29,89.29,84.62,84.62,88.64,88.64,62.50,62.50
Saudi Arabia,SAU,20200522,3.00,1,2.00,0,2.00,1,4.00,1,2.00,1,3.00,0,2.00,0,4.00,2.00,0,1.00,0.00,0.00,2.00,1,2.00,2.00,0.00,0.00,,65077,351,89.81,89.81,89.29,89.29,84.62,84.62,88.64,88.64,62.50,62.50
Saudi Arabia,SAU,20200523,3.00,1,2.00,0,2.00,1,4.00,1,2.00,1,3.00,1,2.00,0,4.00,2.00,0,1.00,0.00,0.00,2.00,1,2.00,2.00,0.00,0.00,,67719,364,91.67,91.67,92.86,92.86,85.90,85.90,90.15,90.15,62.50,62.50
Saudi Arabia,SAU,20200524,3.00,1,2.00,0,2.00,1,4.00,1,2.00,1,3.00,1,2.00,0,4.00,2.00,0,1.00,0.00,0.00,2.00,1,2.00,2.00,0.00,0.00,,70161,379,91.67,91.67,92.86,92.86,85.90,85.90,90.15,90.15,62.50,62.50
Saudi Arabia,SAU,20200525,3.00,1,2.00,0,2.00,1,4.00,1,2.00,1,3.00,1,2.00,0,4.00,2.00,0,1.00,0.00,0.00,2.00,1,2.00,2.00,0.00,0.00,,72560,390,91.67,91.67,92.86,92.86,85.90,85.90,90.15,90.15,62.50,62.50
Saudi Arabia,SAU,20200526,3.00,1,2.00,0,2.00,1,4.00,1,,,3.00,1,2.00,0,4.00,2.00,0,1.00,0.00,0.00,2.00,1,2.00,2.00,0.00,0.00,,74795,399,80.56,80.56,78.57,78.57,78.21,78.21,81.06,81.06,62.50,62.50
Saudi Arabia,SAU,20200527,3.00,1,2.00,0,2.00,1,4.00,1,,,3.00,1,2.00,0,4.00,2.00,0,1.00,0.00,0.00,2.00,1,3.00,2.00,0.00,0.00,,76726,411,80.56,80.56,78.57,78.57,80.77,80.77,84.09,84.09,62.50,62.50
Saudi Arabia,SAU,20200528,3.00,1,2.00,0,2.00,1,4.00,1,,,3.00,1,2.00,0,4.00,2.00,0,1.00,0.00,0.00,2.00,1,3.00,2.00,0.00,0.00,,78541,425,80.56,80.56,78.57,78.57,80.77,80.77,84.09,84.09,62.50,62.50
Saudi Arabia,SAU,20200529,3.00,1,2.00,0,2.00,1,4.00,1,,,3.00,1,2.00,0,4.00,2.00,0,1.00,0.00,0.00,2.00,1,3.00,2.00,0.00,0.00,,80185,441,80.56,80.56,78.57,78.57,80.77,80.77,84.09,84.09,62.50,62.50
Saudi Arabia,SAU,20200530,3.00,1,2.00,0,2.00,1,4.00,1,,,3.00,1,2.00,0,4.00,2.00,0,1.00,0.00,0.00,2.00,1,3.00,2.00,0.00,0.00,,81766,458,80.56,80.56,78.57,78.57,80.77,80.77,84.09,84.09,62.50,62.50
Saudi Arabia,SAU,20200531,3.00,1,2.00,0,2.00,0,4.00,0,,,1.00,0,2.00,0,4.00,2.00,0,1.00,0.00,0.00,2.00,1,3.00,2.00,0.00,0.00,,83384,480,67.13,67.13,70.95,70.95,71.47,71.47,73.11,73.11,62.50,62.50
Saudi Arabia,SAU,20200601,3.00,1,2.00,0,2.00,0,4.00,0,,,1.00,0,2.00,0,4.00,2.00,0,1.00,0.00,0.00,2.00,1,3.00,2.00,0.00,0.00,,85261,503,67.13,67.13,70.95,70.95,71.47,71.47,73.11,73.11,62.50,62.50
Saudi Arabia,SAU,20200602,3.00,1,2.00,0,2.00,0,4.00,0,,,1.00,0,2.00,0,4.00,2.00,0,1.00,0.00,0.00,2.00,1,3.00,2.00,0.00,0.00,,87142,525,67.13,67.13,70.95,70.95,71.47,71.47,73.11,73.11,62.50,62.50
Saudi Arabia,SAU,20200603,3.00,1,2.00,0,2.00,0,4.00,0,,,1.00,0,2.00,0,4.00,2.00,0,1.00,0.00,0.00,2.00,1,3.00,2.00,0.00,0.00,,89011,549,67.13,67.13,70.95,70.95,71.47,71.47,73.11,73.11,62.50,62.50
Saudi Arabia,SAU,20200604,3.00,1,2.00,0,2.00,0,4.00,0,,,1.00,0,2.00,0,4.00,2.00,0,1.00,0.00,0.00,2.00,1,3.00,2.00,0.00,0.00,,91182,579,67.13,67.13,70.95,70.95,71.47,71.47,73.11,73.11,62.50,62.50
Saudi Arabia,SAU,20200605,3.00,1,2.00,0,2.00,0,4.00,0,,,1.00,0,2.00,0,4.00,2.00,0,1.00,0.00,0.00,2.00,1,3.00,2.00,0.00,0.00,,93157,611,67.13,67.13,70.95,70.95,71.47,71.47,73.11,73.11,62.50,62.50
Saudi Arabia,SAU,20200606,3.00,1,2.00,0,2.00,0,4.00,0,,,1.00,0,2.00,0,3.00,2.00,0,1.00,0.00,0.00,2.00,1,3.00,2.00,0.00,0.00,,95748,642,64.35,64.35,67.38,67.38,69.55,69.55,70.83,70.83,62.50,62.50
Saudi Arabia,SAU,20200607,3.00,1,2.00,0,2.00,0,4.00,0,,,1.00,0,2.00,0,3.00,2.00,0,1.00,0.00,0.00,2.00,1,3.00,2.00,0.00,0.00,,98869,676,64.35,64.35,67.38,67.38,69.55,69.55,70.83,70.83,62.50,62.50
Saudi Arabia,SAU,20200608,3.00,1,2.00,0,2.00,0,3.00,0,,,1.00,0,2.00,0,3.00,2.00,0,1.00,0.00,0.00,2.00,1,3.00,2.00,0.00,0.00,,101914,712,61.57,61.57,65.48,65.48,67.63,67.63,68.56,68.56,62.50,62.50
Saudi Arabia,SAU,20200609,3.00,1,2.00,0,2.00,0,3.00,0,,,1.00,0,2.00,0,3.00,2.00,0,1.00,0.00,0.00,2.00,1,3.00,2.00,0.00,0.00,,105283,746,61.57,61.57,65.48,65.48,67.63,67.63,68.56,68.56,62.50,62.50
Saudi Arabia,SAU,20200610,3.00,1,2.00,0,2.00,0,3.00,0,,,1.00,0,2.00,0,3.00,2.00,0,1.00,0.00,0.00,2.00,1,3.00,2.00,0.00,0.00,,108571,783,61.57,61.57,65.48,65.48,67.63,67.63,68.56,68.56,62.50,62.50
Saudi Arabia,SAU,20200611,3.00,1,2.00,0,2.00,0,3.00,0,,,1.00,0,2.00,0,3.00,2.00,0,1.00,0.00,0.00,2.00,1,3.00,2.00,0.00,0.00,,112288,819,61.57,61.57,65.48,65.48,67.63,67.63,68.56,68.56,62.50,62.50
Saudi Arabia,SAU,20200612,3.00,1,2.00,0,2.00,0,3.00,0,,,1.00,0,2.00,0,3.00,2.00,0,1.00,0.00,0.00,2.00,1,3.00,2.00,0.00,0.00,,116021,857,61.57,61.57,65.48,65.48,67.63,67.63,68.56,68.56,62.50,62.50
Saudi Arabia,SAU,20200613,3.00,1,2.00,0,2.00,0,3.00,0,,,1.00,0,2.00,0,3.00,2.00,0,1.00,0.00,0.00,2.00,1,3.00,2.00,0.00,0.00,,119942,893,61.57,61.57,65.48,65.48,67.63,67.63,68.56,68.56,62.50,62.50
Saudi Arabia,SAU,20200614,,,,,,,,,,,,,,,,,,,,,,,,,,,,123308,932,,,,,,,,,,
Saudi Arabia,SAU,20200615,,,,,,,,,,,,,,,,,,,,,,,,,,,,127541,972,,,,,,,,,,
Saudi Arabia,SAU,20200616,,,,,,,,,,,,,,,,,,,,,,,,,,,,132048,1011,,,,,,,,,,
Saudi Arabia,SAU,20200617,,,,,,,,,,,,,,,,,,,,,,,,,,,,136315,1052,,61.57,,65.48,,67.63,,68.56,,62.50
Saudi Arabia,SAU,20200618,,,,,,,,,,,,,,,,,,,,,,,,,,,,141234,1091,,61.57,,65.48,,67.63,,68.56,,62.50
Saudi Arabia,SAU,20200619,,,,,,,,,,,,,,,,,,,,,,,,,,,,145991,1139,,61.57,,65.48,,67.63,,68.56,,62.50
Saudi Arabia,SAU,20200620,,,,,,,,,,,,,,,,,,,,,,,,,,,,150292,1184,,61.57,,65.48,,67.63,,68.56,,62.50
Saudi Arabia,SAU,20200621,,,,,,,,,,,,,,,,,,,,,,,,,,,,154233,1230,,61.57,,65.48,,67.63,,68.56,,62.50
Saudi Arabia,SAU,20200622,,,,,,,,,,,,,,,,,,,,,,,,,,,,157612,1267,,61.57,,65.48,,67.63,,68.56,,62.50
Saudi Arabia,SAU,20200623,,,,,,,,,,,,,,,,,,,,,,,,,,,,161005,1307,,61.57,,65.48,,67.63,,68.56,,62.50
