Argentina,ARG,20200101,0.00,,0.00,,0.00,,0.00,,0.00,,0.00,,0.00,,0.00,0.00,,0.00,0.00,0.00,0.00,,0.00,0.00,0.00,0.00,,,,0.00,0.00,0.00,0.00,0.00,0.00,0.00,0.00,0.00,0.00
Argentina,ARG,20200102,0.00,,0.00,,0.00,,0.00,,0.00,,0.00,,0.00,,0.00,0.00,,0.00,0.00,0.00,0.00,,0.00,0.00,0.00,0.00,,,,0.00,0.00,0.00,0.00,0.00,0.00,0.00,0.00,0.00,0.00
Argentina,ARG,20200103,0.00,,0.00,,0.00,,0.00,,0.00,,0.00,,0.00,,0.00,0.00,,0.00,0.00,0.00,0.00,,0.00,0.00,0.00,0.00,,,,0.00,0.00,0.00,0.00,0.00,0.00,0.00,0.00,0.00,0.00
Argentina,ARG,20200104,0.00,,0.00,,0.00,,0.00,,0.00,,0.00,,0.00,,0.00,0.00,,0.00,0.00,0.00,0.00,,0.00,0.00,0.00,0.00,,,,0.00,0.00,0.00,0.00,0.00,0.00,0.00,0.00,0.00,0.00
Argentina,ARG,20200105,0.00,,0.00,,0.00,,0.00,,0.00,,0.00,,0.00,,0.00,0.00,,0.00,0.00,0.00,0.00,,0.00,0.00,0.00,0.00,,,,0.00,0.00,0.00,0.00,0.00,0.00,0.00,0.00,0.00,0.00
Argentina,ARG,20200106,0.00,,0.00,,0.00,,0.00,,0.00,,0.00,,0.00,,0.00,0.00,,0.00,0.00,0.00,0.00,,0.00,0.00,0.00,0.00,,,,0.00,0.00,0.00,0.00,0.00,0.00,0.00,0.00,0.00,0.00
Argentina,ARG,20200107,0.00,,0.00,,0.00,,0.00,,0.00,,0.00,,0.00,,0.00,0.00,,0.00,0.00,0.00,0.00,,0.00,0.00,0.00,0.00,,,,0.00,0.00,0.00,0.00,0.00,0.00,0.00,0.00,0.00,0.00
Argentina,ARG,20200108,0.00,,0.00,,0.00,,0.00,,0.00,,0.00,,0.00,,0.00,0.00,,0.00,0.00,0.00,0.00,,0.00,0.00,0.00,0.00,,,,0.00,0.00,0.00,0.00,0.00,0.00,0.00,0.00,0.00,0.00
Argentina,ARG,20200109,0.00,,0.00,,0.00,,0.00,,0.00,,0.00,,0.00,,0.00,0.00,,0.00,0.00,0.00,0.00,,0.00,0.00,0.00,0.00,,,,0.00,0.00,0.00,0.00,0.00,0.00,0.00,0.00,0.00,0.00
Argentina,ARG,20200110,0.00,,0.00,,0.00,,0.00,,0.00,,0.00,,0.00,,0.00,0.00,,0.00,0.00,0.00,0.00,,0.00,0.00,0.00,0.00,,,,0.00,0.00,0.00,0.00,0.00,0.00,0.00,0.00,0.00,0.00
Argentina,ARG,20200111,0.00,,0.00,,0.00,,0.00,,0.00,,0.00,,0.00,,0.00,0.00,,0.00,0.00,0.00,0.00,,0.00,0.00,0.00,0.00,,,,0.00,0.00,0.00,0.00,0.00,0.00,0.00,0.00,0.00,0.00
Argentina,ARG,20200112,0.00,,0.00,,0.00,,0.00,,0.00,,0.00,,0.00,,0.00,0.00,,0.00,0.00,0.00,0.00,,0.00,0.00,0.00,0.00,,,,0.00,0.00,0.00,0.00,0.00,0.00,0.00,0.00,0.00,0.00
Argentina,ARG,20200113,0.00,,0.00,,0.00,,0.00,,0.00,,0.00,,0.00,,0.00,0.00,,0.00,0.00,0.00,0.00,,0.00,0.00,0.00,0.00,,,,0.00,0.00,0.00,0.00,0.00,0.00,0.00,0.00,0.00,0.00
Argentina,ARG,20200114,0.00,,0.00,,0.00,,0.00,,0.00,,0.00,,0.00,,0.00,0.00,,0.00,0.00,0.00,0.00,,0.00,0.00,0.00,0.00,,,,0.00,0.00,0.00,0.00,0.00,0.00,0.00,0.00,0.00,0.00
Argentina,ARG,20200115,0.00,,0.00,,0.00,,0.00,,0.00,,0.00,,0.00,,0.00,0.00,,0.00,0.00,0.00,0.00,,0.00,0.00,0.00,0.00,,,,0.00,0.00,0.00,0.00,0.00,0.00,0.00,0.00,0.00,0.00
Argentina,ARG,20200116,0.00,,0.00,,0.00,,0.00,,0.00,,0.00,,0.00,,0.00,0.00,,0.00,0.00,0.00,0.00,,0.00,0.00,0.00,0.00,,,,0.00,0.00,0.00,0.00,0.00,0.00,0.00,0.00,0.00,0.00
Argentina,ARG,20200117,0.00,,0.00,,0.00,,0.00,,0.00,,0.00,,0.00,,0.00,0.00,,0.00,0.00,0.00,0.00,,0.00,0.00,0.00,0.00,,,,0.00,0.00,0.00,0.00,0.00,0.00,0.00,0.00,0.00,0.00
Argentina,ARG,20200118,0.00,,0.00,,0.00,,0.00,,0.00,,0.00,,0.00,,0.00,0.00,,0.00,0.00,0.00,0.00,,0.00,0.00,0.00,0.00,,,,0.00,0.00,0.00,0.00,0.00,0.00,0.00,0.00,0.00,0.00
Argentina,ARG,20200119,0.00,,0.00,,0.00,,0.00,,0.00,,0.00,,0.00,,0.00,0.00,,0.00,0.00,0.00,0.00,,0.00,0.00,0.00,0.00,,,,0.00,0.00,0.00,0.00,0.00,0.00,0.00,0.00,0.00,0.00
Argentina,ARG,20200120,0.00,,0.00,,0.00,,0.00,,0.00,,0.00,,0.00,,0.00,0.00,,0.00,0.00,0.00,0.00,,0.00,0.00,0.00,0.00,,,,0.00,0.00,0.00,0.00,0.00,0.00,0.00,0.00,0.00,0.00
Argentina,ARG,20200121,0.00,,0.00,,0.00,,0.00,,0.00,,0.00,,0.00,,0.00,0.00,,0.00,0.00,0.00,0.00,,0.00,0.00,0.00,0.00,,,,0.00,0.00,0.00,0.00,0.00,0.00,0.00,0.00,0.00,0.00
Argentina,ARG,20200122,0.00,,0.00,,0.00,,0.00,,0.00,,0.00,,0.00,,0.00,0.00,,0.00,0.00,0.00,0.00,,0.00,0.00,0.00,0.00,,,,0.00,0.00,0.00,0.00,0.00,0.00,0.00,0.00,0.00,0.00
Argentina,ARG,20200123,0.00,,0.00,,0.00,,0.00,,0.00,,0.00,,0.00,,0.00,0.00,,0.00,0.00,0.00,2.00,1,0.00,0.00,0.00,0.00,,,,11.11,11.11,14.29,14.29,7.69,7.69,9.09,9.09,0.00,0.00
Argentina,ARG,20200124,0.00,,0.00,,0.00,,0.00,,0.00,,0.00,,0.00,,0.00,0.00,,0.00,0.00,0.00,2.00,1,0.00,0.00,0.00,0.00,,,,11.11,11.11,14.29,14.29,7.69,7.69,9.09,9.09,0.00,0.00
Argentina,ARG,20200125,0.00,,0.00,,0.00,,0.00,,0.00,,0.00,,0.00,,0.00,0.00,,0.00,0.00,0.00,2.00,1,0.00,0.00,0.00,0.00,,,,11.11,11.11,14.29,14.29,7.69,7.69,9.09,9.09,0.00,0.00
Argentina,ARG,20200126,0.00,,0.00,,0.00,,0.00,,0.00,,0.00,,0.00,,0.00,0.00,,0.00,0.00,0.00,2.00,1,0.00,0.00,0.00,0.00,,,,11.11,11.11,14.29,14.29,7.69,7.69,9.09,9.09,0.00,0.00
Argentina,ARG,20200127,0.00,,0.00,,0.00,,0.00,,0.00,,0.00,,0.00,,0.00,0.00,,0.00,0.00,0.00,2.00,1,0.00,0.00,0.00,0.00,,,,11.11,11.11,14.29,14.29,7.69,7.69,9.09,9.09,0.00,0.00
Argentina,ARG,20200128,0.00,,0.00,,0.00,,0.00,,0.00,,0.00,,0.00,,0.00,0.00,,0.00,0.00,0.00,2.00,1,0.00,0.00,0.00,0.00,,,,11.11,11.11,14.29,14.29,7.69,7.69,9.09,9.09,0.00,0.00
Argentina,ARG,20200129,0.00,,0.00,,0.00,,0.00,,0.00,,0.00,,0.00,,0.00,0.00,,0.00,0.00,0.00,2.00,1,0.00,0.00,0.00,0.00,,,,11.11,11.11,14.29,14.29,7.69,7.69,9.09,9.09,0.00,0.00
Argentina,ARG,20200130,0.00,,0.00,,0.00,,0.00,,0.00,,0.00,,0.00,,0.00,0.00,,0.00,0.00,0.00,2.00,1,0.00,0.00,0.00,0.00,,,,11.11,11.11,14.29,14.29,7.69,7.69,9.09,9.09,0.00,0.00
Argentina,ARG,20200131,0.00,,0.00,,0.00,,0.00,,0.00,,0.00,,0.00,,0.00,0.00,,0.00,0.00,0.00,2.00,1,0.00,0.00,0.00,0.00,,,,11.11,11.11,14.29,14.29,7.69,7.69,9.09,9.09,0.00,0.00
Argentina,ARG,20200201,0.00,,0.00,,0.00,,0.00,,0.00,,0.00,,0.00,,0.00,0.00,,0.00,0.00,0.00,2.00,1,0.00,0.00,0.00,0.00,,,,11.11,11.11,14.29,14.29,7.69,7.69,9.09,9.09,0.00,0.00
Argentina,ARG,20200202,0.00,,0.00,,0.00,,0.00,,0.00,,0.00,,0.00,,0.00,0.00,,0.00,0.00,0.00,2.00,1,0.00,0.00,0.00,0.00,,,,11.11,11.11,14.29,14.29,7.69,7.69,9.09,9.09,0.00,0.00
Argentina,ARG,20200203,0.00,,0.00,,0.00,,0.00,,0.00,,0.00,,0.00,,0.00,0.00,,0.00,0.00,0.00,2.00,1,0.00,0.00,0.00,0.00,,,,11.11,11.11,14.29,14.29,7.69,7.69,9.09,9.09,0.00,0.00
Argentina,ARG,20200204,0.00,,0.00,,0.00,,0.00,,0.00,,0.00,,0.00,,0.00,0.00,,0.00,0.00,0.00,2.00,1,0.00,0.00,0.00,0.00,,,,11.11,11.11,14.29,14.29,7.69,7.69,9.09,9.09,0.00,0.00
Argentina,ARG,20200205,0.00,,0.00,,0.00,,0.00,,0.00,,0.00,,0.00,,0.00,0.00,,0.00,0.00,0.00,2.00,1,0.00,0.00,0.00,0.00,,,,11.11,11.11,14.29,14.29,7.69,7.69,9.09,9.09,0.00,0.00
Argentina,ARG,20200206,0.00,,0.00,,0.00,,0.00,,0.00,,0.00,,0.00,,0.00,0.00,,0.00,0.00,0.00,2.00,1,0.00,0.00,0.00,0.00,,,,11.11,11.11,14.29,14.29,7.69,7.69,9.09,9.09,0.00,0.00
Argentina,ARG,20200207,0.00,,0.00,,0.00,,0.00,,0.00,,0.00,,0.00,,0.00,0.00,,0.00,0.00,0.00,2.00,1,0.00,0.00,0.00,0.00,,,,11.11,11.11,14.29,14.29,7.69,7.69,9.09,9.09,0.00,0.00
Argentina,ARG,20200208,0.00,,0.00,,0.00,,0.00,,0.00,,0.00,,0.00,,0.00,0.00,,0.00,0.00,0.00,2.00,1,0.00,0.00,0.00,0.00,,,,11.11,11.11,14.29,14.29,7.69,7.69,9.09,9.09,0.00,0.00
Argentina,ARG,20200209,0.00,,0.00,,0.00,,0.00,,0.00,,0.00,,0.00,,0.00,0.00,,0.00,0.00,0.00,2.00,1,0.00,0.00,0.00,0.00,,,,11.11,11.11,14.29,14.29,7.69,7.69,9.09,9.09,0.00,0.00
Argentina,ARG,20200210,0.00,,0.00,,0.00,,0.00,,0.00,,0.00,,0.00,,0.00,0.00,,0.00,0.00,0.00,2.00,1,0.00,0.00,0.00,0.00,,,,11.11,11.11,14.29,14.29,7.69,7.69,9.09,9.09,0.00,0.00
Argentina,ARG,20200211,0.00,,0.00,,0.00,,0.00,,0.00,,0.00,,0.00,,0.00,0.00,,0.00,0.00,0.00,2.00,1,0.00,0.00,0.00,0.00,,,,11.11,11.11,14.29,14.29,7.69,7.69,9.09,9.09,0.00,0.00
Argentina,ARG,20200212,0.00,,0.00,,0.00,,0.00,,0.00,,0.00,,0.00,,0.00,0.00,,0.00,0.00,0.00,2.00,1,0.00,0.00,0.00,0.00,,,,11.11,11.11,14.29,14.29,7.69,7.69,9.09,9.09,0.00,0.00
Argentina,ARG,20200213,0.00,,0.00,,0.00,,0.00,,0.00,,0.00,,0.00,,0.00,0.00,,0.00,0.00,0.00,2.00,1,0.00,0.00,0.00,0.00,,,,11.11,11.11,14.29,14.29,7.69,7.69,9.09,9.09,0.00,0.00
Argentina,ARG,20200214,0.00,,0.00,,0.00,,0.00,,0.00,,0.00,,0.00,,0.00,0.00,,0.00,0.00,0.00,2.00,1,0.00,0.00,0.00,0.00,,,,11.11,11.11,14.29,14.29,7.69,7.69,9.09,9.09,0.00,0.00
Argentina,ARG,20200215,0.00,,0.00,,0.00,,0.00,,0.00,,0.00,,0.00,,0.00,0.00,,0.00,0.00,0.00,2.00,1,0.00,0.00,0.00,0.00,,,,11.11,11.11,14.29,14.29,7.69,7.69,9.09,9.09,0.00,0.00
Argentina,ARG,20200216,0.00,,0.00,,0.00,,0.00,,0.00,,0.00,,0.00,,0.00,0.00,,0.00,0.00,0.00,2.00,1,0.00,0.00,0.00,0.00,,,,11.11,11.11,14.29,14.29,7.69,7.69,9.09,9.09,0.00,0.00
Argentina,ARG,20200217,0.00,,0.00,,0.00,,0.00,,0.00,,0.00,,0.00,,0.00,0.00,,0.00,0.00,0.00,2.00,1,0.00,0.00,0.00,0.00,,,,11.11,11.11,14.29,14.29,7.69,7.69,9.09,9.09,0.00,0.00
Argentina,ARG,20200218,0.00,,0.00,,0.00,,0.00,,0.00,,0.00,,0.00,,0.00,0.00,,0.00,0.00,0.00,2.00,1,0.00,0.00,0.00,0.00,,,,11.11,11.11,14.29,14.29,7.69,7.69,9.09,9.09,0.00,0.00
Argentina,ARG,20200219,0.00,,0.00,,0.00,,0.00,,0.00,,0.00,,0.00,,0.00,0.00,,0.00,0.00,0.00,2.00,1,0.00,0.00,0.00,0.00,,,,11.11,11.11,14.29,14.29,7.69,7.69,9.09,9.09,0.00,0.00
Argentina,ARG,20200220,0.00,,0.00,,0.00,,0.00,,0.00,,0.00,,0.00,,0.00,0.00,,0.00,0.00,0.00,2.00,1,0.00,0.00,0.00,0.00,,,,11.11,11.11,14.29,14.29,7.69,7.69,9.09,9.09,0.00,0.00
Argentina,ARG,20200221,0.00,,0.00,,0.00,,0.00,,0.00,,0.00,,0.00,,0.00,0.00,,0.00,0.00,0.00,2.00,1,0.00,0.00,0.00,0.00,,,,11.11,11.11,14.29,14.29,7.69,7.69,9.09,9.09,0.00,0.00
Argentina,ARG,20200222,0.00,,0.00,,0.00,,0.00,,0.00,,0.00,,0.00,,0.00,0.00,,0.00,0.00,0.00,2.00,1,0.00,0.00,0.00,0.00,,,,11.11,11.11,14.29,14.29,7.69,7.69,9.09,9.09,0.00,0.00
Argentina,ARG,20200223,0.00,,0.00,,0.00,,0.00,,0.00,,0.00,,0.00,,0.00,0.00,,0.00,0.00,0.00,2.00,1,0.00,0.00,0.00,0.00,,,,11.11,11.11,14.29,14.29,7.69,7.69,9.09,9.09,0.00,0.00
Argentina,ARG,20200224,0.00,,0.00,,0.00,,0.00,,0.00,,0.00,,0.00,,0.00,0.00,,0.00,0.00,0.00,2.00,1,0.00,0.00,0.00,0.00,,,,11.11,11.11,14.29,14.29,7.69,7.69,9.09,9.09,0.00,0.00
Argentina,ARG,20200225,0.00,,0.00,,0.00,,0.00,,0.00,,0.00,,0.00,,0.00,0.00,,0.00,0.00,0.00,2.00,1,0.00,0.00,0.00,0.00,,,,11.11,11.11,14.29,14.29,7.69,7.69,9.09,9.09,0.00,0.00
Argentina,ARG,20200226,0.00,,0.00,,0.00,,0.00,,0.00,,0.00,,0.00,,0.00,0.00,,0.00,0.00,0.00,2.00,1,0.00,0.00,0.00,0.00,,,,11.11,11.11,14.29,14.29,7.69,7.69,9.09,9.09,0.00,0.00
Argentina,ARG,20200227,0.00,,0.00,,0.00,,0.00,,0.00,,0.00,,0.00,,0.00,0.00,,0.00,0.00,0.00,2.00,1,0.00,0.00,0.00,0.00,,,,11.11,11.11,14.29,14.29,7.69,7.69,9.09,9.09,0.00,0.00
Argentina,ARG,20200228,0.00,,0.00,,0.00,,0.00,,0.00,,0.00,,0.00,,0.00,0.00,,0.00,0.00,0.00,2.00,1,0.00,0.00,0.00,0.00,,,,11.11,11.11,14.29,14.29,7.69,7.69,9.09,9.09,0.00,0.00
Argentina,ARG,20200229,0.00,,0.00,,0.00,,0.00,,0.00,,0.00,,0.00,,0.00,0.00,,0.00,0.00,0.00,2.00,1,0.00,0.00,0.00,0.00,,,,11.11,11.11,14.29,14.29,7.69,7.69,9.09,9.09,0.00,0.00
Argentina,ARG,20200301,0.00,,0.00,,0.00,,0.00,,0.00,,0.00,,0.00,,0.00,0.00,,0.00,0.00,0.00,2.00,1,0.00,0.00,0.00,0.00,,,,11.11,11.11,14.29,14.29,7.69,7.69,9.09,9.09,0.00,0.00
Argentina,ARG,20200302,0.00,,0.00,,0.00,,0.00,,0.00,,0.00,,0.00,,0.00,0.00,,0.00,0.00,0.00,2.00,1,0.00,0.00,0.00,0.00,,,,11.11,11.11,14.29,14.29,7.69,7.69,9.09,9.09,0.00,0.00
Argentina,ARG,20200303,0.00,,0.00,,0.00,,0.00,,0.00,,0.00,,0.00,,0.00,0.00,,0.00,0.00,0.00,2.00,1,0.00,0.00,0.00,0.00,,,,11.11,11.11,14.29,14.29,7.69,7.69,9.09,9.09,0.00,0.00
Argentina,ARG,20200304,0.00,,0.00,,0.00,,0.00,,0.00,,0.00,,0.00,,0.00,0.00,,0.00,0.00,0.00,2.00,1,1.00,2.00,0.00,0.00,,1,0,11.11,11.11,14.29,14.29,17.95,17.95,21.21,21.21,0.00,0.00
Argentina,ARG,20200305,0.00,,0.00,,0.00,,0.00,,0.00,,0.00,,0.00,,0.00,0.00,,0.00,0.00,0.00,2.00,1,1.00,2.00,0.00,0.00,,,,11.11,11.11,14.29,14.29,17.95,17.95,21.21,21.21,0.00,0.00
Argentina,ARG,20200306,0.00,,0.00,,0.00,,0.00,,0.00,,0.00,,0.00,,0.00,0.00,,0.00,0.00,0.00,2.00,1,1.00,2.00,0.00,0.00,,2,0,11.11,11.11,14.29,14.29,17.95,17.95,21.21,21.21,0.00,0.00
Argentina,ARG,20200307,0.00,,0.00,,0.00,,0.00,,0.00,,0.00,,0.00,,0.00,0.00,,0.00,0.00,0.00,2.00,1,1.00,2.00,0.00,0.00,,8,0,11.11,11.11,14.29,14.29,17.95,17.95,21.21,21.21,0.00,0.00
Argentina,ARG,20200308,0.00,,0.00,,0.00,,0.00,,0.00,,0.00,,0.00,,0.00,0.00,,0.00,0.00,0.00,2.00,1,1.00,2.00,0.00,0.00,,9,1,11.11,11.11,14.29,14.29,17.95,17.95,21.21,21.21,0.00,0.00
Argentina,ARG,20200309,0.00,,0.00,,0.00,,0.00,,0.00,,0.00,,0.00,,0.00,0.00,,0.00,0.00,0.00,2.00,1,1.00,2.00,0.00,0.00,,12,1,11.11,11.11,14.29,14.29,17.95,17.95,21.21,21.21,0.00,0.00
Argentina,ARG,20200310,0.00,,0.00,,0.00,,0.00,,0.00,,0.00,,0.00,,0.00,0.00,,0.00,0.00,0.00,2.00,1,1.00,2.00,26000000.00,0.00,,,,11.11,11.11,14.29,14.29,17.95,17.95,21.21,21.21,0.00,0.00
Argentina,ARG,20200311,0.00,,0.00,,2.00,0,0.00,,0.00,,0.00,,0.00,,2.00,0.00,,0.00,0.00,0.00,2.00,1,1.00,2.00,0.00,0.00,,19,1,25.00,25.00,30.95,30.95,27.56,27.56,32.58,32.58,0.00,0.00
Argentina,ARG,20200312,0.00,,0.00,,2.00,0,0.00,,0.00,,0.00,,0.00,,2.00,0.00,,0.00,0.00,0.00,2.00,1,1.00,2.00,0.00,0.00,,,,25.00,25.00,30.95,30.95,27.56,27.56,32.58,32.58,0.00,0.00
Argentina,ARG,20200313,0.00,,0.00,,2.00,0,0.00,,0.00,,0.00,,0.00,,2.00,0.00,,0.00,0.00,0.00,2.00,1,1.00,2.00,0.00,0.00,,31,1,25.00,25.00,30.95,30.95,27.56,27.56,32.58,32.58,0.00,0.00
Argentina,ARG,20200314,0.00,,0.00,,2.00,0,0.00,,0.00,,0.00,,0.00,,2.00,0.00,,0.00,0.00,0.00,2.00,1,1.00,2.00,0.00,0.00,,34,2,25.00,25.00,30.95,30.95,27.56,27.56,32.58,32.58,0.00,0.00
Argentina,ARG,20200315,0.00,,0.00,,2.00,0,0.00,,0.00,,0.00,,0.00,,2.00,0.00,,0.00,0.00,0.00,2.00,1,1.00,2.00,0.00,0.00,,45,2,25.00,25.00,30.95,30.95,27.56,27.56,32.58,32.58,0.00,0.00
Argentina,ARG,20200316,3.00,1,0.00,,2.00,0,0.00,,0.00,,0.00,,0.00,,4.00,0.00,,0.00,0.00,0.00,2.00,1,1.00,2.00,0.00,0.00,,56,2,41.67,41.67,52.38,52.38,39.10,39.10,46.21,46.21,0.00,0.00
Argentina,ARG,20200317,3.00,1,0.00,,2.00,0,0.00,,0.00,,0.00,,0.00,,4.00,0.00,,0.00,10000000000.00,0.00,2.00,1,1.00,2.00,0.00,0.00,,65,2,41.67,41.67,52.38,52.38,39.10,39.10,46.21,46.21,0.00,0.00
Argentina,ARG,20200318,3.00,1,0.00,,2.00,0,0.00,,0.00,,0.00,,0.00,,4.00,0.00,,0.00,0.00,0.00,2.00,1,1.00,2.00,0.00,0.00,,79,2,41.67,41.67,52.38,52.38,39.10,39.10,46.21,46.21,0.00,0.00
Argentina,ARG,20200319,3.00,1,3.00,1,2.00,0,4.00,1,0.00,,3.00,1,0.00,,4.00,0.00,,0.00,0.00,0.00,2.00,1,1.00,2.00,0.00,0.00,,97,2,75.00,75.00,85.71,85.71,62.18,62.18,73.48,73.48,0.00,0.00
Argentina,ARG,20200320,3.00,1,3.00,1,2.00,1,4.00,1,0.00,,3.00,1,2.00,1,4.00,0.00,,0.00,0.00,0.00,2.00,1,1.00,2.00,0.00,0.00,,128,3,88.89,88.89,85.71,85.71,71.79,71.79,84.85,84.85,0.00,0.00
Argentina,ARG,20200321,3.00,1,3.00,1,2.00,1,4.00,1,0.00,,3.00,1,2.00,1,4.00,0.00,,0.00,0.00,0.00,2.00,1,1.00,2.00,0.00,0.00,,158,3,88.89,88.89,85.71,85.71,71.79,71.79,84.85,84.85,0.00,0.00
Argentina,ARG,20200322,3.00,1,3.00,1,2.00,1,4.00,1,0.00,,3.00,1,2.00,1,4.00,0.00,,0.00,0.00,0.00,2.00,1,1.00,2.00,0.00,0.00,,225,4,88.89,88.89,85.71,85.71,71.79,71.79,84.85,84.85,0.00,0.00
Argentina,ARG,20200323,3.00,1,3.00,1,2.00,1,4.00,1,2.00,1,3.00,1,2.00,1,4.00,1.00,1,0.00,0.00,0.00,2.00,1,1.00,2.00,0.00,0.00,,266,4,100.00,100.00,100.00,100.00,83.33,83.33,93.94,93.94,25.00,25.00
Argentina,ARG,20200324,3.00,1,3.00,1,2.00,1,4.00,1,2.00,1,3.00,1,2.00,1,4.00,1.00,1,0.00,0.00,0.00,2.00,1,1.00,2.00,0.00,0.00,,301,4,100.00,100.00,100.00,100.00,83.33,83.33,93.94,93.94,25.00,25.00
Argentina,ARG,20200325,3.00,1,3.00,1,2.00,1,4.00,1,2.00,1,3.00,1,2.00,1,4.00,1.00,1,2.00,0.00,0.00,2.00,1,1.00,2.00,0.00,0.00,,387,6,100.00,100.00,100.00,100.00,91.03,91.03,93.94,93.94,75.00,75.00
Argentina,ARG,20200326,3.00,1,3.00,1,2.00,1,4.00,1,2.00,1,3.00,1,2.00,1,4.00,1.00,1,2.00,0.00,0.00,2.00,1,1.00,2.00,0.00,0.00,,502,8,100.00,100.00,100.00,100.00,91.03,91.03,93.94,93.94,75.00,75.00
Argentina,ARG,20200327,3.00,1,3.00,1,2.00,1,4.00,1,2.00,1,3.00,1,2.00,1,4.00,1.00,1,2.00,0.00,0.00,2.00,1,1.00,2.00,0.00,0.00,,589,12,100.00,100.00,100.00,100.00,91.03,91.03,93.94,93.94,75.00,75.00
Argentina,ARG,20200328,3.00,1,3.00,1,2.00,1,4.00,1,2.00,1,3.00,1,2.00,1,4.00,1.00,1,2.00,0.00,0.00,2.00,1,1.00,2.00,0.00,0.00,,690,17,100.00,100.00,100.00,100.00,91.03,91.03,93.94,93.94,75.00,75.00
Argentina,ARG,20200329,3.00,1,3.00,1,2.00,1,4.00,1,2.00,1,3.00,1,2.00,1,4.00,1.00,1,2.00,0.00,0.00,2.00,1,1.00,2.00,0.00,0.00,,745,19,100.00,100.00,100.00,100.00,91.03,91.03,93.94,93.94,75.00,75.00
Argentina,ARG,20200330,3.00,1,3.00,1,2.00,1,4.00,1,2.00,1,3.00,1,2.00,1,4.00,1.00,1,2.00,0.00,0.00,2.00,1,1.00,2.00,0.00,0.00,,820,20,100.00,100.00,100.00,100.00,91.03,91.03,93.94,93.94,75.00,75.00
Argentina,ARG,20200331,3.00,1,3.00,1,2.00,1,4.00,1,2.00,1,3.00,1,2.00,1,4.00,1.00,1,2.00,465872313.99,0.00,2.00,1,1.00,2.00,0.00,0.00,,966,24,100.00,100.00,100.00,100.00,91.03,91.03,93.94,93.94,75.00,75.00
Argentina,ARG,20200401,3.00,1,3.00,1,2.00,1,4.00,1,2.00,1,3.00,1,2.00,1,4.00,1.00,1,2.00,0.00,0.00,2.00,1,1.00,2.00,0.00,0.00,,966,24,100.00,100.00,100.00,100.00,91.03,91.03,93.94,93.94,75.00,75.00
Argentina,ARG,20200402,3.00,1,3.00,1,2.00,1,4.00,1,2.00,1,3.00,1,2.00,1,4.00,1.00,1,2.00,0.00,0.00,2.00,1,1.00,2.00,0.00,0.00,,1133,31,100.00,100.00,100.00,100.00,91.03,91.03,93.94,93.94,75.00,75.00
Argentina,ARG,20200403,3.00,1,3.00,1,2.00,1,4.00,1,2.00,1,3.00,1,2.00,1,4.00,1.00,1,2.00,0.00,0.00,2.00,1,1.00,2.00,0.00,0.00,,1133,34,100.00,100.00,100.00,100.00,91.03,91.03,93.94,93.94,75.00,75.00
Argentina,ARG,20200404,3.00,1,3.00,1,2.00,1,4.00,1,2.00,1,3.00,1,2.00,1,4.00,1.00,1,2.00,0.00,0.00,2.00,1,1.00,2.00,0.00,0.00,,1265,37,100.00,100.00,100.00,100.00,91.03,91.03,93.94,93.94,75.00,75.00
Argentina,ARG,20200405,3.00,1,3.00,1,2.00,1,4.00,1,2.00,1,3.00,1,2.00,1,4.00,1.00,1,2.00,0.00,0.00,2.00,1,1.00,2.00,0.00,0.00,,1451,43,100.00,100.00,100.00,100.00,91.03,91.03,93.94,93.94,75.00,75.00
Argentina,ARG,20200406,3.00,1,3.00,1,2.00,1,4.00,1,2.00,1,3.00,1,2.00,1,4.00,1.00,1,2.00,0.00,0.00,2.00,1,1.00,2.00,0.00,0.00,,1554,46,100.00,100.00,100.00,100.00,91.03,91.03,93.94,93.94,75.00,75.00
Argentina,ARG,20200407,3.00,1,3.00,1,2.00,1,4.00,1,2.00,1,3.00,1,2.00,1,4.00,1.00,1,2.00,0.00,0.00,2.00,1,1.00,2.00,0.00,0.00,,1628,53,100.00,100.00,100.00,100.00,91.03,91.03,93.94,93.94,75.00,75.00
Argentina,ARG,20200408,3.00,1,3.00,1,2.00,1,4.00,1,2.00,1,3.00,1,2.00,1,4.00,1.00,1,2.00,0.00,0.00,2.00,1,1.00,2.00,0.00,0.00,,1715,60,100.00,100.00,100.00,100.00,91.03,91.03,93.94,93.94,75.00,75.00
Argentina,ARG,20200409,3.00,1,3.00,1,2.00,1,4.00,1,2.00,1,3.00,1,2.00,1,4.00,1.00,1,2.00,0.00,0.00,2.00,1,1.00,2.00,0.00,0.00,,1795,65,100.00,100.00,100.00,100.00,91.03,91.03,93.94,93.94,75.00,75.00
Argentina,ARG,20200410,3.00,1,3.00,1,2.00,1,4.00,1,2.00,1,3.00,1,2.00,1,4.00,1.00,1,2.00,0.00,0.00,2.00,1,1.00,2.00,0.00,0.00,,1894,79,100.00,100.00,100.00,100.00,91.03,91.03,93.94,93.94,75.00,75.00
Argentina,ARG,20200411,3.00,1,3.00,1,2.00,1,4.00,1,2.00,1,3.00,1,2.00,1,4.00,1.00,1,2.00,0.00,0.00,2.00,1,1.00,2.00,0.00,0.00,,1975,82,100.00,100.00,100.00,100.00,91.03,91.03,93.94,93.94,75.00,75.00
Argentina,ARG,20200412,3.00,1,3.00,1,2.00,1,4.00,1,2.00,1,3.00,1,2.00,1,4.00,1.00,1,2.00,0.00,0.00,2.00,1,1.00,2.00,0.00,0.00,,2137,89,100.00,100.00,100.00,100.00,91.03,91.03,93.94,93.94,75.00,75.00
Argentina,ARG,20200413,3.00,1,3.00,1,2.00,1,4.00,1,2.00,1,3.00,1,2.00,1,4.00,1.00,1,2.00,0.00,0.00,2.00,1,1.00,2.00,0.00,0.00,,2203,95,100.00,100.00,100.00,100.00,91.03,91.03,93.94,93.94,75.00,75.00
Argentina,ARG,20200414,3.00,1,3.00,1,2.00,1,4.00,1,2.00,1,3.00,1,2.00,1,4.00,1.00,1,2.00,0.00,0.00,2.00,1,1.00,2.00,0.00,0.00,,2272,98,100.00,100.00,100.00,100.00,91.03,91.03,93.94,93.94,75.00,75.00
Argentina,ARG,20200415,3.00,1,3.00,1,2.00,1,4.00,1,2.00,1,3.00,1,2.00,1,4.00,1.00,1,2.00,0.00,0.00,2.00,1,1.00,2.00,0.00,0.00,,2432,105,100.00,100.00,100.00,100.00,91.03,91.03,93.94,93.94,75.00,75.00
Argentina,ARG,20200416,3.00,1,3.00,1,2.00,1,4.00,1,2.00,1,3.00,1,2.00,1,4.00,1.00,1,2.00,0.00,0.00,2.00,1,1.00,2.00,0.00,0.00,,2432,109,100.00,100.00,100.00,100.00,91.03,91.03,93.94,93.94,75.00,75.00
Argentina,ARG,20200417,3.00,1,3.00,1,2.00,1,4.00,1,2.00,1,3.00,1,2.00,1,4.00,1.00,1,2.00,0.00,0.00,2.00,1,1.00,2.00,0.00,0.00,,2560,115,100.00,100.00,100.00,100.00,91.03,91.03,93.94,93.94,75.00,75.00
Argentina,ARG,20200418,3.00,1,3.00,1,2.00,1,4.00,1,2.00,1,3.00,1,2.00,1,4.00,1.00,1,2.00,0.00,0.00,2.00,1,1.00,2.00,0.00,0.00,,2658,122,100.00,100.00,100.00,100.00,91.03,91.03,93.94,93.94,75.00,75.00
Argentina,ARG,20200419,3.00,1,3.00,1,2.00,1,4.00,1,2.00,1,3.00,1,2.00,1,4.00,1.00,1,2.00,0.00,0.00,2.00,1,1.00,2.00,0.00,0.00,,2828,132,100.00,100.00,100.00,100.00,91.03,91.03,93.94,93.94,75.00,75.00
Argentina,ARG,20200420,3.00,1,3.00,1,2.00,1,4.00,1,2.00,1,3.00,1,2.00,1,4.00,1.00,1,2.00,0.00,0.00,2.00,1,1.00,2.00,0.00,0.00,,2930,134,100.00,100.00,100.00,100.00,91.03,91.03,93.94,93.94,75.00,75.00
Argentina,ARG,20200421,3.00,1,3.00,1,2.00,1,4.00,1,2.00,1,3.00,1,2.00,1,4.00,1.00,1,2.00,0.00,0.00,2.00,1,1.00,2.00,0.00,0.00,,3020,142,100.00,100.00,100.00,100.00,91.03,91.03,93.94,93.94,75.00,75.00
Argentina,ARG,20200422,3.00,1,3.00,1,2.00,1,4.00,1,2.00,1,3.00,1,2.00,1,4.00,1.00,1,2.00,0.00,0.00,2.00,1,1.00,2.00,0.00,0.00,,3132,151,100.00,100.00,100.00,100.00,91.03,91.03,93.94,93.94,75.00,75.00
Argentina,ARG,20200423,3.00,1,3.00,1,2.00,1,4.00,1,2.00,1,3.00,1,2.00,1,4.00,1.00,1,2.00,0.00,0.00,2.00,1,1.00,2.00,0.00,0.00,,3276,159,100.00,100.00,100.00,100.00,91.03,91.03,93.94,93.94,75.00,75.00
Argentina,ARG,20200424,3.00,1,3.00,1,2.00,1,4.00,1,2.00,1,3.00,1,2.00,1,4.00,1.00,1,2.00,0.00,0.00,2.00,1,1.00,2.00,0.00,0.00,,3423,165,100.00,100.00,100.00,100.00,91.03,91.03,93.94,93.94,75.00,75.00
Argentina,ARG,20200425,3.00,1,3.00,1,2.00,1,4.00,1,2.00,1,3.00,1,2.00,1,4.00,1.00,1,2.00,0.00,0.00,2.00,1,1.00,2.00,0.00,0.00,,3423,167,100.00,100.00,100.00,100.00,91.03,91.03,93.94,93.94,75.00,75.00
Argentina,ARG,20200426,3.00,1,3.00,1,2.00,1,4.00,1,2.00,1,3.00,1,2.00,1,4.00,1.00,1,2.00,0.00,0.00,2.00,1,1.00,2.00,0.00,0.00,,3767,185,100.00,100.00,100.00,100.00,91.03,91.03,93.94,93.94,75.00,75.00
Argentina,ARG,20200427,3.00,1,2.00,0,2.00,1,4.00,1,2.00,1,2.00,1,1.00,1,4.00,1.00,1,2.00,0.00,0.00,2.00,1,1.00,2.00,0.00,0.00,,3767,186,85.19,85.19,89.29,89.29,80.77,80.77,81.82,81.82,75.00,75.00
Argentina,ARG,20200428,3.00,1,2.00,0,2.00,1,4.00,1,2.00,1,2.00,1,1.00,1,4.00,1.00,1,2.00,0.00,0.00,2.00,1,1.00,2.00,0.00,0.00,,3990,197,85.19,85.19,89.29,89.29,80.77,80.77,81.82,81.82,75.00,75.00
Argentina,ARG,20200429,3.00,1,2.00,0,2.00,1,4.00,1,2.00,1,2.00,1,1.00,1,4.00,1.00,1,2.00,74971511.00,0.00,2.00,1,1.00,2.00,0.00,0.00,,4114,207,85.19,85.19,89.29,89.29,80.77,80.77,81.82,81.82,75.00,75.00
Argentina,ARG,20200430,3.00,1,2.00,0,2.00,1,4.00,1,2.00,1,2.00,1,1.00,1,4.00,1.00,1,2.00,0.00,0.00,2.00,1,1.00,2.00,0.00,0.00,,4272,214,85.19,85.19,89.29,89.29,80.77,80.77,81.82,81.82,75.00,75.00
Argentina,ARG,20200501,3.00,1,2.00,0,2.00,1,4.00,1,2.00,1,2.00,1,1.00,1,4.00,1.00,1,2.00,0.00,0.00,2.00,1,1.00,2.00,0.00,0.00,,4415,218,85.19,85.19,89.29,89.29,80.77,80.77,81.82,81.82,75.00,75.00
Argentina,ARG,20200502,3.00,1,2.00,0,2.00,1,4.00,1,2.00,1,2.00,1,1.00,1,4.00,1.00,1,2.00,0.00,0.00,2.00,1,1.00,2.00,0.00,0.00,,4519,225,85.19,85.19,89.29,89.29,80.77,80.77,81.82,81.82,75.00,75.00
Argentina,ARG,20200503,3.00,1,2.00,0,2.00,1,4.00,1,2.00,1,2.00,1,1.00,1,4.00,1.00,1,2.00,0.00,0.00,2.00,1,1.00,2.00,0.00,0.00,,4668,237,85.19,85.19,89.29,89.29,80.77,80.77,81.82,81.82,75.00,75.00
Argentina,ARG,20200504,3.00,1,2.00,0,2.00,1,4.00,1,2.00,1,2.00,1,1.00,1,4.00,1.00,1,2.00,0.00,0.00,2.00,1,1.00,2.00,0.00,0.00,,4770,246,85.19,85.19,89.29,89.29,80.77,80.77,81.82,81.82,75.00,75.00
Argentina,ARG,20200505,3.00,1,2.00,0,2.00,1,4.00,1,2.00,1,2.00,1,1.00,1,4.00,1.00,1,2.00,0.00,0.00,2.00,1,1.00,2.00,0.00,0.00,,4874,260,85.19,85.19,89.29,89.29,80.77,80.77,81.82,81.82,75.00,75.00
Argentina,ARG,20200506,3.00,1,2.00,0,2.00,1,4.00,1,2.00,1,2.00,1,1.00,1,4.00,1.00,1,2.00,0.00,0.00,2.00,1,1.00,2.00,0.00,0.00,,5007,264,85.19,85.19,89.29,89.29,80.77,80.77,81.82,81.82,75.00,75.00
Argentina,ARG,20200507,3.00,1,2.00,0,2.00,1,4.00,1,2.00,1,2.00,1,1.00,1,4.00,1.00,1,2.00,0.00,0.00,2.00,1,1.00,2.00,0.00,0.00,,5195,273,85.19,85.19,89.29,89.29,80.77,80.77,81.82,81.82,75.00,75.00
Argentina,ARG,20200508,3.00,1,2.00,0,2.00,1,4.00,1,2.00,1,2.00,1,1.00,1,4.00,1.00,1,2.00,0.00,0.00,2.00,1,1.00,2.00,0.00,0.00,,5358,282,85.19,85.19,89.29,89.29,80.77,80.77,81.82,81.82,75.00,75.00
Argentina,ARG,20200509,3.00,1,2.00,0,2.00,1,4.00,1,2.00,1,2.00,1,1.00,1,4.00,1.00,1,2.00,0.00,0.00,2.00,1,1.00,2.00,0.00,0.00,,5598,293,85.19,85.19,89.29,89.29,80.77,80.77,81.82,81.82,75.00,75.00
Argentina,ARG,20200510,3.00,1,2.00,0,2.00,1,4.00,1,2.00,1,2.00,1,1.00,1,4.00,1.00,1,2.00,0.00,0.00,2.00,1,1.00,2.00,0.00,0.00,,5763,300,85.19,85.19,89.29,89.29,80.77,80.77,81.82,81.82,75.00,75.00
Argentina,ARG,20200511,3.00,1,2.00,0,2.00,1,4.00,1,2.00,1,2.00,1,2.00,1,4.00,1.00,1,2.00,0.00,0.00,2.00,1,1.00,2.00,0.00,0.00,,5776,300,90.74,90.74,92.86,92.86,84.62,84.62,86.36,86.36,75.00,75.00
Argentina,ARG,20200512,3.00,1,2.00,0,2.00,1,4.00,1,2.00,1,2.00,1,2.00,1,4.00,1.00,1,2.00,0.00,0.00,2.00,1,1.00,2.00,0.00,0.00,,6021,305,90.74,90.74,92.86,92.86,84.62,84.62,86.36,86.36,75.00,75.00
Argentina,ARG,20200513,3.00,1,2.00,0,2.00,1,4.00,1,2.00,1,2.00,1,2.00,1,4.00,1.00,1,2.00,0.00,0.00,2.00,1,1.00,2.00,0.00,0.00,,6550,319,90.74,90.74,92.86,92.86,84.62,84.62,86.36,86.36,75.00,75.00
Argentina,ARG,20200514,3.00,1,2.00,0,2.00,1,4.00,1,2.00,1,2.00,1,2.00,1,4.00,1.00,1,2.00,0.00,0.00,2.00,1,1.00,2.00,0.00,0.00,,6866,329,90.74,90.74,92.86,92.86,84.62,84.62,86.36,86.36,75.00,75.00
Argentina,ARG,20200515,3.00,1,2.00,0,2.00,1,4.00,1,2.00,1,2.00,1,2.00,1,4.00,1.00,1,2.00,0.00,0.00,2.00,1,1.00,2.00,0.00,0.00,,7121,353,90.74,90.74,92.86,92.86,84.62,84.62,86.36,86.36,75.00,75.00
Argentina,ARG,20200516,3.00,1,2.00,0,2.00,1,4.00,1,2.00,1,2.00,1,2.00,1,4.00,1.00,1,2.00,0.00,0.00,2.00,1,1.00,2.00,0.00,0.00,,7466,356,90.74,90.74,92.86,92.86,84.62,84.62,86.36,86.36,75.00,75.00
Argentina,ARG,20200517,3.00,1,2.00,0,2.00,1,4.00,1,2.00,1,2.00,1,2.00,1,4.00,1.00,1,2.00,0.00,0.00,2.00,1,1.00,2.00,0.00,0.00,,7792,363,90.74,90.74,92.86,92.86,84.62,84.62,86.36,86.36,75.00,75.00
Argentina,ARG,20200518,3.00,1,2.00,0,2.00,1,4.00,1,2.00,1,2.00,1,2.00,1,4.00,1.00,1,2.00,0.00,0.00,2.00,1,1.00,2.00,0.00,0.00,,7792,366,90.74,90.74,92.86,92.86,84.62,84.62,86.36,86.36,75.00,75.00
Argentina,ARG,20200519,3.00,1,2.00,0,2.00,1,4.00,1,2.00,1,2.00,1,2.00,1,4.00,1.00,1,2.00,0.00,0.00,2.00,1,1.00,2.00,0.00,0.00,,8358,382,90.74,90.74,92.86,92.86,84.62,84.62,86.36,86.36,75.00,75.00
Argentina,ARG,20200520,3.00,1,2.00,0,2.00,1,4.00,1,2.00,1,2.00,1,2.00,1,4.00,1.00,1,2.00,0.00,0.00,2.00,1,1.00,2.00,0.00,0.00,,8796,393,90.74,90.74,92.86,92.86,84.62,84.62,86.36,86.36,75.00,75.00
Argentina,ARG,20200521,3.00,1,2.00,0,2.00,1,4.00,1,2.00,1,2.00,1,2.00,1,4.00,1.00,1,2.00,0.00,0.00,2.00,1,1.00,2.00,0.00,0.00,,9270,403,90.74,90.74,92.86,92.86,84.62,84.62,86.36,86.36,75.00,75.00
Argentina,ARG,20200522,3.00,1,2.00,0,2.00,1,4.00,1,2.00,1,2.00,1,2.00,1,4.00,1.00,1,2.00,0.00,0.00,2.00,1,1.00,2.00,0.00,0.00,,9918,416,90.74,90.74,92.86,92.86,84.62,84.62,86.36,86.36,75.00,75.00
Argentina,ARG,20200523,3.00,1,2.00,0,2.00,1,4.00,1,2.00,1,2.00,1,2.00,1,4.00,1.00,1,2.00,0.00,0.00,2.00,1,1.00,2.00,0.00,0.00,,10636,433,90.74,90.74,92.86,92.86,84.62,84.62,86.36,86.36,75.00,75.00
Argentina,ARG,20200524,3.00,1,2.00,0,2.00,1,4.00,1,2.00,1,2.00,1,2.00,1,4.00,1.00,1,2.00,0.00,0.00,2.00,1,1.00,2.00,0.00,0.00,,11340,445,90.74,90.74,92.86,92.86,84.62,84.62,86.36,86.36,75.00,75.00
Argentina,ARG,20200525,3.00,1,2.00,0,2.00,1,4.00,1,2.00,1,2.00,1,2.00,1,4.00,1.00,1,2.00,0.00,0.00,2.00,1,1.00,2.00,0.00,0.00,,12063,452,90.74,90.74,92.86,92.86,84.62,84.62,86.36,86.36,75.00,75.00
Argentina,ARG,20200526,3.00,1,2.00,0,2.00,1,4.00,1,2.00,1,2.00,1,2.00,1,4.00,1.00,1,2.00,0.00,0.00,2.00,1,1.00,2.00,0.00,0.00,,12615,467,90.74,90.74,92.86,92.86,84.62,84.62,86.36,86.36,75.00,75.00
Argentina,ARG,20200527,3.00,1,2.00,0,2.00,1,4.00,1,2.00,1,2.00,1,2.00,1,4.00,1.00,1,2.00,0.00,0.00,2.00,1,1.00,2.00,0.00,0.00,,13215,484,90.74,90.74,92.86,92.86,84.62,84.62,86.36,86.36,75.00,75.00
Argentina,ARG,20200528,3.00,1,2.00,0,2.00,1,4.00,1,2.00,1,2.00,1,2.00,1,4.00,1.00,1,2.00,0.00,0.00,2.00,1,1.00,2.00,0.00,0.00,,13920,500,90.74,90.74,92.86,92.86,84.62,84.62,86.36,86.36,75.00,75.00
Argentina,ARG,20200529,3.00,1,2.00,0,2.00,1,4.00,1,2.00,1,2.00,1,2.00,1,4.00,1.00,1,2.00,0.00,0.00,2.00,1,1.00,2.00,0.00,0.00,,14689,508,90.74,90.74,92.86,92.86,84.62,84.62,86.36,86.36,75.00,75.00
Argentina,ARG,20200530,3.00,1,2.00,0,2.00,1,4.00,1,2.00,1,2.00,1,2.00,1,4.00,1.00,1,2.00,0.00,0.00,2.00,1,1.00,2.00,0.00,0.00,,15406,520,90.74,90.74,92.86,92.86,84.62,84.62,86.36,86.36,75.00,75.00
Argentina,ARG,20200531,3.00,1,2.00,0,2.00,1,4.00,1,2.00,1,2.00,1,2.00,1,4.00,1.00,1,2.00,0.00,0.00,2.00,1,1.00,2.00,0.00,0.00,,16201,528,90.74,90.74,92.86,92.86,84.62,84.62,86.36,86.36,75.00,75.00
Argentina,ARG,20200601,3.00,1,2.00,0,2.00,1,4.00,1,2.00,1,2.00,1,2.00,1,4.00,1.00,1,2.00,0.00,0.00,2.00,1,1.00,2.00,0.00,0.00,,16838,539,90.74,90.74,92.86,92.86,84.62,84.62,86.36,86.36,75.00,75.00
Argentina,ARG,20200602,3.00,1,2.00,0,2.00,1,4.00,1,2.00,1,2.00,1,2.00,1,4.00,1.00,1,2.00,0.00,0.00,2.00,1,1.00,2.00,0.00,0.00,,17402,556,90.74,90.74,92.86,92.86,84.62,84.62,86.36,86.36,75.00,75.00
Argentina,ARG,20200603,3.00,1,2.00,0,2.00,1,4.00,1,2.00,1,2.00,1,2.00,1,4.00,1.00,1,2.00,0.00,0.00,2.00,1,1.00,2.00,0.00,0.00,,18306,569,90.74,90.74,92.86,92.86,84.62,84.62,86.36,86.36,75.00,75.00
Argentina,ARG,20200604,3.00,1,2.00,0,2.00,1,4.00,1,2.00,1,2.00,1,2.00,1,4.00,1.00,1,2.00,0.00,0.00,2.00,1,1.00,2.00,0.00,0.00,,19255,583,90.74,90.74,92.86,92.86,84.62,84.62,86.36,86.36,75.00,75.00
Argentina,ARG,20200605,3.00,1,2.00,0,2.00,1,4.00,1,2.00,1,2.00,1,2.00,1,4.00,1.00,1,2.00,0.00,0.00,2.00,1,1.00,2.00,0.00,0.00,,19255,588,90.74,90.74,92.86,92.86,84.62,84.62,86.36,86.36,75.00,75.00
Argentina,ARG,20200606,3.00,1,2.00,0,2.00,1,4.00,1,2.00,1,2.00,1,2.00,1,4.00,1.00,1,2.00,0.00,0.00,2.00,1,1.00,2.00,0.00,0.00,,21024,632,90.74,90.74,92.86,92.86,84.62,84.62,86.36,86.36,75.00,75.00
Argentina,ARG,20200607,3.00,1,2.00,0,2.00,1,4.00,1,2.00,1,2.00,1,2.00,1,4.00,1.00,1,2.00,0.00,0.00,2.00,1,1.00,2.00,0.00,0.00,,22007,648,90.74,90.74,92.86,92.86,84.62,84.62,86.36,86.36,75.00,75.00
Argentina,ARG,20200608,3.00,1,2.00,0,2.00,1,4.00,1,2.00,1,2.00,1,2.00,1,4.00,1.00,1,2.00,0.00,0.00,2.00,1,1.00,2.00,0.00,0.00,,22781,664,90.74,90.74,92.86,92.86,84.62,84.62,86.36,86.36,75.00,75.00
Argentina,ARG,20200609,,,,,,,,,,,,,,,,,,,,,,,,,,,,23607,693,,,,,,,,,,
Argentina,ARG,20200610,,,,,,,,,,,,,,,,,,,,,,,,,,,,24748,717,,,,,,,,,,
Argentina,ARG,20200611,,,,,,,,,,,,,,,,,,,,,,,,,,,,25987,735,,,,,,,,,,
Argentina,ARG,20200612,,,,,,,,,,,,,,,,,,,,,,,,,,,,27360,765,,,,,,,,,,
Argentina,ARG,20200613,,,,,,,,,,,,,,,,,,,,,,,,,,,,28751,785,,,,,,,,,,
Argentina,ARG,20200614,,,,,,,,,,,,,,,,,,,,,,,,,,,,30282,815,,,,,,,,,,
Argentina,ARG,20200615,,,,,,,,,,,,,,,,,,,,,,,,,,,,31564,833,,,,,,,,,,
Argentina,ARG,20200616,,,,,,,,,,,,,,,,,,,,,,,,,,,,32772,854,,,,,,,,,,
Argentina,ARG,20200617,,,,,,,,,,,,,,,,,,,,,,,,,,,,34146,878,,90.74,,92.86,,84.62,,86.36,,75.00
Argentina,ARG,20200618,,,,,,,,,,,,,,,,,,,,,,,,,,,,35539,913,,90.74,,92.86,,84.62,,86.36,,75.00
Argentina,ARG,20200619,,,,,,,,,,,,,,,,,,,,,,,,,,,,35539,929,,90.74,,92.86,,84.62,,86.36,,75.00
Argentina,ARG,20200620,,,,,,,,,,,,,,,,,,,,,,,,,,,,39557,979,,90.74,,92.86,,84.62,,86.36,,75.00
Argentina,ARG,20200621,,,,,,,,,,,,,,,,,,,,,,,,,,,,41191,992,,90.74,,92.86,,84.62,,86.36,,75.00
Argentina,ARG,20200622,,,,,,,,,,,,,,,,,,,,,,,,,,,,42772,1011,,90.74,,92.86,,84.62,,86.36,,75.00
Argentina,ARG,20200623,,,,,,,,,,,,,,,,,,,,,,,,,,,,44918,1043,,90.74,,92.86,,84.62,,86.36,,75.00
