Aruba,ABW,20200101,0.00,,0.00,,0.00,,0.00,,0.00,,0.00,,0.00,,0.00,0.00,,0.00,0.00,0.00,0.00,,0.00,0.00,0.00,0.00,,,,0.00,0.00,0.00,0.00,0.00,0.00,0.00,0.00,0.00,0.00
Aruba,ABW,20200102,0.00,,0.00,,0.00,,0.00,,0.00,,0.00,,0.00,,0.00,0.00,,0.00,0.00,0.00,0.00,,0.00,0.00,0.00,0.00,,,,0.00,0.00,0.00,0.00,0.00,0.00,0.00,0.00,0.00,0.00
Aruba,ABW,20200103,0.00,,0.00,,0.00,,0.00,,0.00,,0.00,,0.00,,0.00,0.00,,0.00,0.00,0.00,0.00,,0.00,0.00,0.00,0.00,,,,0.00,0.00,0.00,0.00,0.00,0.00,0.00,0.00,0.00,0.00
Aruba,ABW,20200104,0.00,,0.00,,0.00,,0.00,,0.00,,0.00,,0.00,,0.00,0.00,,0.00,0.00,0.00,0.00,,0.00,0.00,0.00,0.00,,,,0.00,0.00,0.00,0.00,0.00,0.00,0.00,0.00,0.00,0.00
Aruba,ABW,20200105,0.00,,0.00,,0.00,,0.00,,0.00,,0.00,,0.00,,0.00,0.00,,0.00,0.00,0.00,0.00,,0.00,0.00,0.00,0.00,,,,0.00,0.00,0.00,0.00,0.00,0.00,0.00,0.00,0.00,0.00
Aruba,ABW,20200106,0.00,,0.00,,0.00,,0.00,,0.00,,0.00,,0.00,,0.00,0.00,,0.00,0.00,0.00,0.00,,0.00,0.00,0.00,0.00,,,,0.00,0.00,0.00,0.00,0.00,0.00,0.00,0.00,0.00,0.00
Aruba,ABW,20200107,0.00,,0.00,,0.00,,0.00,,0.00,,0.00,,0.00,,0.00,0.00,,0.00,0.00,0.00,0.00,,0.00,0.00,0.00,0.00,,,,0.00,0.00,0.00,0.00,0.00,0.00,0.00,0.00,0.00,0.00
Aruba,ABW,20200108,0.00,,0.00,,0.00,,0.00,,0.00,,0.00,,0.00,,0.00,0.00,,0.00,0.00,0.00,0.00,,0.00,0.00,0.00,0.00,,,,0.00,0.00,0.00,0.00,0.00,0.00,0.00,0.00,0.00,0.00
Aruba,ABW,20200109,0.00,,0.00,,0.00,,0.00,,0.00,,0.00,,0.00,,0.00,0.00,,0.00,0.00,0.00,0.00,,0.00,0.00,0.00,0.00,,,,0.00,0.00,0.00,0.00,0.00,0.00,0.00,0.00,0.00,0.00
Aruba,ABW,20200110,0.00,,0.00,,0.00,,0.00,,0.00,,0.00,,0.00,,0.00,0.00,,0.00,0.00,0.00,0.00,,0.00,0.00,0.00,0.00,,,,0.00,0.00,0.00,0.00,0.00,0.00,0.00,0.00,0.00,0.00
Aruba,ABW,20200111,0.00,,0.00,,0.00,,0.00,,0.00,,0.00,,0.00,,0.00,0.00,,0.00,0.00,0.00,0.00,,0.00,0.00,0.00,0.00,,,,0.00,0.00,0.00,0.00,0.00,0.00,0.00,0.00,0.00,0.00
Aruba,ABW,20200112,0.00,,0.00,,0.00,,0.00,,0.00,,0.00,,0.00,,0.00,0.00,,0.00,0.00,0.00,0.00,,0.00,0.00,0.00,0.00,,,,0.00,0.00,0.00,0.00,0.00,0.00,0.00,0.00,0.00,0.00
Aruba,ABW,20200113,0.00,,0.00,,0.00,,0.00,,0.00,,0.00,,0.00,,0.00,0.00,,0.00,0.00,0.00,0.00,,0.00,0.00,0.00,0.00,,,,0.00,0.00,0.00,0.00,0.00,0.00,0.00,0.00,0.00,0.00
Aruba,ABW,20200114,0.00,,0.00,,0.00,,0.00,,0.00,,0.00,,0.00,,0.00,0.00,,0.00,0.00,0.00,0.00,,0.00,0.00,0.00,0.00,,,,0.00,0.00,0.00,0.00,0.00,0.00,0.00,0.00,0.00,0.00
Aruba,ABW,20200115,0.00,,0.00,,0.00,,0.00,,0.00,,0.00,,0.00,,0.00,0.00,,0.00,0.00,0.00,0.00,,0.00,0.00,0.00,0.00,,,,0.00,0.00,0.00,0.00,0.00,0.00,0.00,0.00,0.00,0.00
Aruba,ABW,20200116,0.00,,0.00,,0.00,,0.00,,0.00,,0.00,,0.00,,0.00,0.00,,0.00,0.00,0.00,0.00,,0.00,0.00,0.00,0.00,,,,0.00,0.00,0.00,0.00,0.00,0.00,0.00,0.00,0.00,0.00
Aruba,ABW,20200117,0.00,,0.00,,0.00,,0.00,,0.00,,0.00,,0.00,,0.00,0.00,,0.00,0.00,0.00,0.00,,0.00,0.00,0.00,0.00,,,,0.00,0.00,0.00,0.00,0.00,0.00,0.00,0.00,0.00,0.00
Aruba,ABW,20200118,0.00,,0.00,,0.00,,0.00,,0.00,,0.00,,0.00,,0.00,0.00,,0.00,0.00,0.00,0.00,,0.00,0.00,0.00,0.00,,,,0.00,0.00,0.00,0.00,0.00,0.00,0.00,0.00,0.00,0.00
Aruba,ABW,20200119,0.00,,0.00,,0.00,,0.00,,0.00,,0.00,,0.00,,0.00,0.00,,0.00,0.00,0.00,0.00,,0.00,0.00,0.00,0.00,,,,0.00,0.00,0.00,0.00,0.00,0.00,0.00,0.00,0.00,0.00
Aruba,ABW,20200120,0.00,,0.00,,0.00,,0.00,,0.00,,0.00,,0.00,,0.00,0.00,,0.00,0.00,0.00,0.00,,0.00,0.00,0.00,0.00,,,,0.00,0.00,0.00,0.00,0.00,0.00,0.00,0.00,0.00,0.00
Aruba,ABW,20200121,0.00,,0.00,,0.00,,0.00,,0.00,,0.00,,0.00,,0.00,0.00,,0.00,0.00,0.00,0.00,,0.00,0.00,0.00,0.00,,,,0.00,0.00,0.00,0.00,0.00,0.00,0.00,0.00,0.00,0.00
Aruba,ABW,20200122,0.00,,0.00,,0.00,,0.00,,0.00,,0.00,,0.00,,0.00,0.00,,0.00,0.00,0.00,0.00,,0.00,0.00,0.00,0.00,,,,0.00,0.00,0.00,0.00,0.00,0.00,0.00,0.00,0.00,0.00
Aruba,ABW,20200123,0.00,,0.00,,0.00,,0.00,,0.00,,0.00,,0.00,,0.00,0.00,,0.00,0.00,0.00,0.00,,0.00,0.00,0.00,0.00,,,,0.00,0.00,0.00,0.00,0.00,0.00,0.00,0.00,0.00,0.00
Aruba,ABW,20200124,0.00,,0.00,,0.00,,0.00,,0.00,,0.00,,0.00,,0.00,0.00,,0.00,0.00,0.00,0.00,,0.00,0.00,0.00,0.00,,,,0.00,0.00,0.00,0.00,0.00,0.00,0.00,0.00,0.00,0.00
Aruba,ABW,20200125,0.00,,0.00,,0.00,,0.00,,0.00,,0.00,,0.00,,0.00,0.00,,0.00,0.00,0.00,0.00,,0.00,0.00,0.00,0.00,,,,0.00,0.00,0.00,0.00,0.00,0.00,0.00,0.00,0.00,0.00
Aruba,ABW,20200126,0.00,,0.00,,0.00,,0.00,,0.00,,0.00,,0.00,,0.00,0.00,,0.00,0.00,0.00,0.00,,0.00,0.00,0.00,0.00,,,,0.00,0.00,0.00,0.00,0.00,0.00,0.00,0.00,0.00,0.00
Aruba,ABW,20200127,0.00,,0.00,,0.00,,0.00,,0.00,,0.00,,0.00,,0.00,0.00,,0.00,0.00,0.00,0.00,,0.00,0.00,0.00,0.00,,,,0.00,0.00,0.00,0.00,0.00,0.00,0.00,0.00,0.00,0.00
Aruba,ABW,20200128,0.00,,0.00,,0.00,,0.00,,0.00,,0.00,,0.00,,0.00,0.00,,0.00,0.00,0.00,0.00,,0.00,0.00,0.00,0.00,,,,0.00,0.00,0.00,0.00,0.00,0.00,0.00,0.00,0.00,0.00
Aruba,ABW,20200129,0.00,,0.00,,0.00,,0.00,,0.00,,0.00,,0.00,,0.00,0.00,,0.00,0.00,0.00,0.00,,0.00,0.00,0.00,0.00,,,,0.00,0.00,0.00,0.00,0.00,0.00,0.00,0.00,0.00,0.00
Aruba,ABW,20200130,0.00,,0.00,,0.00,,0.00,,0.00,,0.00,,0.00,,0.00,0.00,,0.00,0.00,0.00,0.00,,0.00,0.00,0.00,0.00,,,,0.00,0.00,0.00,0.00,0.00,0.00,0.00,0.00,0.00,0.00
Aruba,ABW,20200131,0.00,,0.00,,0.00,,0.00,,0.00,,0.00,,0.00,,0.00,0.00,,0.00,0.00,0.00,0.00,,0.00,0.00,0.00,0.00,,,,0.00,0.00,0.00,0.00,0.00,0.00,0.00,0.00,0.00,0.00
Aruba,ABW,20200201,0.00,,0.00,,0.00,,0.00,,0.00,,0.00,,0.00,,0.00,0.00,,0.00,0.00,0.00,0.00,,0.00,0.00,0.00,0.00,,,,0.00,0.00,0.00,0.00,0.00,0.00,0.00,0.00,0.00,0.00
Aruba,ABW,20200202,0.00,,0.00,,0.00,,0.00,,0.00,,0.00,,0.00,,0.00,0.00,,0.00,0.00,0.00,0.00,,0.00,0.00,0.00,0.00,,,,0.00,0.00,0.00,0.00,0.00,0.00,0.00,0.00,0.00,0.00
Aruba,ABW,20200203,0.00,,0.00,,0.00,,0.00,,0.00,,0.00,,0.00,,0.00,0.00,,0.00,0.00,0.00,0.00,,0.00,0.00,0.00,0.00,,,,0.00,0.00,0.00,0.00,0.00,0.00,0.00,0.00,0.00,0.00
Aruba,ABW,20200204,0.00,,0.00,,0.00,,0.00,,0.00,,0.00,,0.00,,0.00,0.00,,0.00,0.00,0.00,0.00,,0.00,0.00,0.00,0.00,,,,0.00,0.00,0.00,0.00,0.00,0.00,0.00,0.00,0.00,0.00
Aruba,ABW,20200205,0.00,,0.00,,0.00,,0.00,,0.00,,0.00,,0.00,,0.00,0.00,,0.00,0.00,0.00,0.00,,0.00,0.00,0.00,0.00,,,,0.00,0.00,0.00,0.00,0.00,0.00,0.00,0.00,0.00,0.00
Aruba,ABW,20200206,0.00,,0.00,,0.00,,0.00,,0.00,,0.00,,0.00,,0.00,0.00,,0.00,0.00,0.00,0.00,,0.00,0.00,0.00,0.00,,,,0.00,0.00,0.00,0.00,0.00,0.00,0.00,0.00,0.00,0.00
Aruba,ABW,20200207,0.00,,0.00,,0.00,,0.00,,0.00,,0.00,,0.00,,0.00,0.00,,0.00,0.00,0.00,0.00,,0.00,0.00,0.00,0.00,,,,0.00,0.00,0.00,0.00,0.00,0.00,0.00,0.00,0.00,0.00
Aruba,ABW,20200208,0.00,,0.00,,0.00,,0.00,,0.00,,0.00,,0.00,,0.00,0.00,,0.00,0.00,0.00,0.00,,0.00,0.00,0.00,0.00,,,,0.00,0.00,0.00,0.00,0.00,0.00,0.00,0.00,0.00,0.00
Aruba,ABW,20200209,0.00,,0.00,,0.00,,0.00,,0.00,,0.00,,0.00,,0.00,0.00,,0.00,0.00,0.00,0.00,,0.00,0.00,0.00,0.00,,,,0.00,0.00,0.00,0.00,0.00,0.00,0.00,0.00,0.00,0.00
Aruba,ABW,20200210,0.00,,0.00,,0.00,,0.00,,0.00,,0.00,,0.00,,0.00,0.00,,0.00,0.00,0.00,0.00,,0.00,0.00,0.00,0.00,,,,0.00,0.00,0.00,0.00,0.00,0.00,0.00,0.00,0.00,0.00
Aruba,ABW,20200211,0.00,,0.00,,0.00,,0.00,,0.00,,0.00,,0.00,,0.00,0.00,,0.00,0.00,0.00,0.00,,0.00,0.00,0.00,0.00,,,,0.00,0.00,0.00,0.00,0.00,0.00,0.00,0.00,0.00,0.00
Aruba,ABW,20200212,0.00,,0.00,,0.00,,0.00,,0.00,,0.00,,0.00,,0.00,0.00,,0.00,0.00,0.00,0.00,,0.00,0.00,0.00,0.00,,,,0.00,0.00,0.00,0.00,0.00,0.00,0.00,0.00,0.00,0.00
Aruba,ABW,20200213,0.00,,0.00,,0.00,,0.00,,0.00,,0.00,,0.00,,0.00,0.00,,0.00,0.00,0.00,0.00,,0.00,0.00,0.00,0.00,,,,0.00,0.00,0.00,0.00,0.00,0.00,0.00,0.00,0.00,0.00
Aruba,ABW,20200214,0.00,,0.00,,0.00,,0.00,,0.00,,0.00,,0.00,,0.00,0.00,,0.00,0.00,0.00,0.00,,0.00,0.00,0.00,0.00,,,,0.00,0.00,0.00,0.00,0.00,0.00,0.00,0.00,0.00,0.00
Aruba,ABW,20200215,0.00,,0.00,,0.00,,0.00,,0.00,,0.00,,0.00,,0.00,0.00,,0.00,0.00,0.00,0.00,,0.00,0.00,0.00,0.00,,,,0.00,0.00,0.00,0.00,0.00,0.00,0.00,0.00,0.00,0.00
Aruba,ABW,20200216,0.00,,0.00,,0.00,,0.00,,0.00,,0.00,,0.00,,0.00,0.00,,0.00,0.00,0.00,0.00,,0.00,0.00,0.00,0.00,,,,0.00,0.00,0.00,0.00,0.00,0.00,0.00,0.00,0.00,0.00
Aruba,ABW,20200217,0.00,,0.00,,0.00,,0.00,,0.00,,0.00,,0.00,,0.00,0.00,,0.00,0.00,0.00,0.00,,0.00,0.00,0.00,0.00,,,,0.00,0.00,0.00,0.00,0.00,0.00,0.00,0.00,0.00,0.00
Aruba,ABW,20200218,0.00,,0.00,,0.00,,0.00,,0.00,,0.00,,0.00,,0.00,0.00,,0.00,0.00,0.00,0.00,,0.00,0.00,0.00,0.00,,,,0.00,0.00,0.00,0.00,0.00,0.00,0.00,0.00,0.00,0.00
Aruba,ABW,20200219,0.00,,0.00,,0.00,,0.00,,0.00,,0.00,,0.00,,0.00,0.00,,0.00,0.00,0.00,0.00,,0.00,0.00,0.00,0.00,,,,0.00,0.00,0.00,0.00,0.00,0.00,0.00,0.00,0.00,0.00
Aruba,ABW,20200220,0.00,,0.00,,0.00,,0.00,,0.00,,0.00,,0.00,,0.00,0.00,,0.00,0.00,0.00,0.00,,0.00,0.00,0.00,0.00,,,,0.00,0.00,0.00,0.00,0.00,0.00,0.00,0.00,0.00,0.00
Aruba,ABW,20200221,0.00,,0.00,,0.00,,0.00,,0.00,,0.00,,0.00,,0.00,0.00,,0.00,0.00,0.00,0.00,,0.00,0.00,0.00,0.00,,,,0.00,0.00,0.00,0.00,0.00,0.00,0.00,0.00,0.00,0.00
Aruba,ABW,20200222,0.00,,0.00,,0.00,,0.00,,0.00,,0.00,,0.00,,0.00,0.00,,0.00,0.00,0.00,0.00,,0.00,0.00,0.00,0.00,,,,0.00,0.00,0.00,0.00,0.00,0.00,0.00,0.00,0.00,0.00
Aruba,ABW,20200223,0.00,,0.00,,0.00,,0.00,,0.00,,0.00,,0.00,,0.00,0.00,,0.00,0.00,0.00,0.00,,0.00,0.00,0.00,0.00,,,,0.00,0.00,0.00,0.00,0.00,0.00,0.00,0.00,0.00,0.00
Aruba,ABW,20200224,0.00,,0.00,,0.00,,0.00,,0.00,,0.00,,0.00,,0.00,0.00,,0.00,0.00,0.00,0.00,,0.00,0.00,0.00,0.00,,,,0.00,0.00,0.00,0.00,0.00,0.00,0.00,0.00,0.00,0.00
Aruba,ABW,20200225,0.00,,0.00,,0.00,,0.00,,0.00,,0.00,,0.00,,0.00,0.00,,0.00,0.00,0.00,0.00,,0.00,0.00,0.00,0.00,,,,0.00,0.00,0.00,0.00,0.00,0.00,0.00,0.00,0.00,0.00
Aruba,ABW,20200226,0.00,,0.00,,0.00,,0.00,,0.00,,0.00,,0.00,,0.00,0.00,,0.00,0.00,0.00,0.00,,0.00,0.00,0.00,0.00,,,,0.00,0.00,0.00,0.00,0.00,0.00,0.00,0.00,0.00,0.00
Aruba,ABW,20200227,0.00,,0.00,,0.00,,0.00,,0.00,,0.00,,0.00,,0.00,0.00,,0.00,0.00,0.00,0.00,,0.00,0.00,0.00,0.00,,,,0.00,0.00,0.00,0.00,0.00,0.00,0.00,0.00,0.00,0.00
Aruba,ABW,20200228,0.00,,0.00,,0.00,,0.00,,0.00,,0.00,,0.00,,0.00,0.00,,0.00,0.00,0.00,0.00,,0.00,0.00,0.00,0.00,,,,0.00,0.00,0.00,0.00,0.00,0.00,0.00,0.00,0.00,0.00
Aruba,ABW,20200229,0.00,,0.00,,0.00,,0.00,,0.00,,0.00,,0.00,,0.00,0.00,,0.00,0.00,0.00,0.00,,0.00,0.00,0.00,0.00,,,,0.00,0.00,0.00,0.00,0.00,0.00,0.00,0.00,0.00,0.00
Aruba,ABW,20200301,0.00,,0.00,,0.00,,0.00,,0.00,,0.00,,0.00,,0.00,0.00,,0.00,0.00,0.00,0.00,,0.00,0.00,0.00,0.00,,,,0.00,0.00,0.00,0.00,0.00,0.00,0.00,0.00,0.00,0.00
Aruba,ABW,20200302,0.00,,0.00,,0.00,,0.00,,0.00,,0.00,,0.00,,0.00,0.00,,0.00,0.00,0.00,0.00,,0.00,0.00,0.00,0.00,,,,0.00,0.00,0.00,0.00,0.00,0.00,0.00,0.00,0.00,0.00
Aruba,ABW,20200303,0.00,,0.00,,0.00,,0.00,,0.00,,0.00,,0.00,,0.00,0.00,,0.00,0.00,0.00,0.00,,0.00,0.00,0.00,0.00,,,,0.00,0.00,0.00,0.00,0.00,0.00,0.00,0.00,0.00,0.00
Aruba,ABW,20200304,0.00,,0.00,,0.00,,0.00,,0.00,,0.00,,0.00,,0.00,0.00,,0.00,0.00,0.00,0.00,,0.00,0.00,0.00,0.00,,,,0.00,0.00,0.00,0.00,0.00,0.00,0.00,0.00,0.00,0.00
Aruba,ABW,20200305,0.00,,0.00,,0.00,,0.00,,0.00,,0.00,,0.00,,0.00,0.00,,0.00,0.00,0.00,0.00,,0.00,0.00,0.00,0.00,,,,0.00,0.00,0.00,0.00,0.00,0.00,0.00,0.00,0.00,0.00
Aruba,ABW,20200306,0.00,,0.00,,0.00,,0.00,,0.00,,0.00,,0.00,,0.00,0.00,,0.00,0.00,0.00,0.00,,0.00,0.00,0.00,0.00,,,,0.00,0.00,0.00,0.00,0.00,0.00,0.00,0.00,0.00,0.00
Aruba,ABW,20200307,0.00,,0.00,,0.00,,0.00,,0.00,,0.00,,0.00,,0.00,0.00,,0.00,0.00,0.00,0.00,,0.00,0.00,0.00,0.00,,,,0.00,0.00,0.00,0.00,0.00,0.00,0.00,0.00,0.00,0.00
Aruba,ABW,20200308,0.00,,0.00,,0.00,,0.00,,0.00,,0.00,,0.00,,0.00,0.00,,0.00,0.00,0.00,0.00,,0.00,0.00,0.00,0.00,,,,0.00,0.00,0.00,0.00,0.00,0.00,0.00,0.00,0.00,0.00
Aruba,ABW,20200309,0.00,,0.00,,0.00,,0.00,,0.00,,0.00,,0.00,,0.00,0.00,,0.00,0.00,0.00,0.00,,0.00,0.00,0.00,0.00,,,,0.00,0.00,0.00,0.00,0.00,0.00,0.00,0.00,0.00,0.00
Aruba,ABW,20200310,0.00,,0.00,,0.00,,0.00,,0.00,,0.00,,0.00,,0.00,0.00,,0.00,0.00,0.00,0.00,,1.00,0.00,0.00,0.00,,,,0.00,0.00,0.00,0.00,2.56,2.56,3.03,3.03,0.00,0.00
Aruba,ABW,20200311,0.00,,0.00,,0.00,,0.00,,0.00,,0.00,,0.00,,0.00,0.00,,0.00,0.00,0.00,0.00,,1.00,0.00,0.00,0.00,,,,0.00,0.00,0.00,0.00,2.56,2.56,3.03,3.03,0.00,0.00
Aruba,ABW,20200312,0.00,,0.00,,0.00,,0.00,,0.00,,0.00,,0.00,,0.00,0.00,,0.00,0.00,0.00,0.00,,1.00,0.00,0.00,0.00,,,,0.00,0.00,0.00,0.00,2.56,2.56,3.03,3.03,0.00,0.00
Aruba,ABW,20200313,0.00,,0.00,,0.00,,0.00,,0.00,,0.00,,0.00,,0.00,0.00,,0.00,0.00,0.00,0.00,,1.00,0.00,0.00,0.00,,698,7,0.00,0.00,0.00,0.00,2.56,2.56,3.03,3.03,0.00,0.00
Aruba,ABW,20200314,0.00,,0.00,,0.00,,0.00,,0.00,,0.00,,0.00,,0.00,0.00,,0.00,0.00,0.00,0.00,,1.00,0.00,0.00,0.00,,,,0.00,0.00,0.00,0.00,2.56,2.56,3.03,3.03,0.00,0.00
Aruba,ABW,20200315,0.00,,0.00,,0.00,,0.00,,0.00,,0.00,,0.00,,3.00,0.00,,0.00,0.00,0.00,0.00,,1.00,0.00,0.00,0.00,,,,8.33,8.33,10.71,10.71,8.33,8.33,9.85,9.85,0.00,0.00
Aruba,ABW,20200316,3.00,1,0.00,,0.00,,0.00,,0.00,,0.00,,0.00,,3.00,0.00,,0.00,0.00,0.00,0.00,,1.00,0.00,0.00,0.00,,,,19.44,19.44,25.00,25.00,16.03,16.03,18.94,18.94,0.00,0.00
Aruba,ABW,20200317,3.00,1,0.00,,0.00,,0.00,,0.00,,0.00,,0.00,,3.00,0.00,,0.00,0.00,0.00,0.00,,1.00,0.00,0.00,0.00,,,,19.44,19.44,25.00,25.00,16.03,16.03,18.94,18.94,0.00,0.00
Aruba,ABW,20200318,3.00,1,0.00,,0.00,,0.00,,0.00,,0.00,,0.00,,3.00,0.00,,0.00,0.00,0.00,2.00,1,1.00,0.00,0.00,0.00,,,,30.56,30.56,39.29,39.29,23.72,23.72,28.03,28.03,0.00,0.00
Aruba,ABW,20200319,3.00,1,0.00,,0.00,,0.00,,0.00,,0.00,,0.00,,3.00,0.00,,0.00,0.00,0.00,2.00,1,1.00,1.00,0.00,0.00,,,,30.56,30.56,39.29,39.29,27.56,27.56,32.58,32.58,0.00,0.00
Aruba,ABW,20200320,3.00,1,0.00,,0.00,,0.00,,0.00,,0.00,,0.00,,3.00,0.00,,0.00,0.00,0.00,2.00,1,1.00,1.00,0.00,0.00,,700,7,30.56,30.56,39.29,39.29,27.56,27.56,32.58,32.58,0.00,0.00
Aruba,ABW,20200321,3.00,1,2.00,1,0.00,,0.00,,0.00,,1.00,1,0.00,,3.00,0.00,,0.00,0.00,0.00,2.00,1,1.00,1.00,0.00,0.00,,,,41.67,41.67,57.14,57.14,35.26,35.26,41.67,41.67,0.00,0.00
Aruba,ABW,20200322,3.00,1,2.00,1,0.00,,0.00,,0.00,,1.00,1,0.00,,3.00,0.00,,0.00,0.00,0.00,2.00,1,1.00,1.00,0.00,0.00,,,,41.67,41.67,57.14,57.14,35.26,35.26,41.67,41.67,0.00,0.00
Aruba,ABW,20200323,3.00,1,2.00,1,0.00,,0.00,,0.00,,1.00,1,0.00,,3.00,0.00,,0.00,0.00,0.00,2.00,1,1.00,1.00,0.00,0.00,,,,41.67,41.67,57.14,57.14,35.26,35.26,41.67,41.67,0.00,0.00
Aruba,ABW,20200324,3.00,1,2.00,1,0.00,,0.00,,0.00,,1.00,1,0.00,,3.00,0.00,,0.00,0.00,0.00,2.00,1,1.00,1.00,0.00,0.00,,708,7,41.67,41.67,57.14,57.14,35.26,35.26,41.67,41.67,0.00,0.00
Aruba,ABW,20200325,3.00,1,2.00,1,0.00,,0.00,,0.00,,1.00,1,0.00,,3.00,0.00,,0.00,0.00,0.00,2.00,1,1.00,1.00,0.00,0.00,,713,7,41.67,41.67,57.14,57.14,35.26,35.26,41.67,41.67,0.00,0.00
Aruba,ABW,20200326,3.00,1,2.00,1,0.00,,0.00,,0.00,,1.00,1,0.00,,3.00,0.00,,0.00,0.00,0.00,2.00,1,1.00,1.00,0.00,0.00,,715,7,41.67,41.67,57.14,57.14,35.26,35.26,41.67,41.67,0.00,0.00
Aruba,ABW,20200327,3.00,1,2.00,1,0.00,,0.00,,0.00,,1.00,1,0.00,,3.00,0.00,,0.00,0.00,0.00,2.00,1,1.00,1.00,0.00,0.00,,724,7,41.67,41.67,57.14,57.14,35.26,35.26,41.67,41.67,0.00,0.00
Aruba,ABW,20200328,3.00,1,2.00,1,0.00,,0.00,,0.00,,1.00,1,0.00,,3.00,0.00,,0.00,0.00,0.00,2.00,1,1.00,1.00,0.00,0.00,,724,7,41.67,41.67,57.14,57.14,35.26,35.26,41.67,41.67,0.00,0.00
Aruba,ABW,20200329,3.00,1,3.00,1,2.00,1,4.00,1,0.00,,2.00,1,2.00,1,3.00,0.00,,0.00,0.00,0.00,2.00,1,1.00,1.00,0.00,0.00,,724,7,82.41,82.41,82.14,82.14,63.46,63.46,75.00,75.00,0.00,0.00
Aruba,ABW,20200330,3.00,1,3.00,1,2.00,1,4.00,1,0.00,,2.00,1,2.00,1,3.00,0.00,,2.00,0.00,0.56,2.00,1,1.00,1.00,0.00,0.00,,746,7,82.41,82.41,82.14,82.14,71.15,71.15,75.00,75.00,50.00,50.00
Aruba,ABW,20200331,3.00,1,3.00,1,2.00,1,4.00,1,0.00,,2.00,1,2.00,1,3.00,0.00,,2.00,0.00,0.00,2.00,1,1.00,1.00,0.00,0.00,,,,82.41,82.41,82.14,82.14,71.15,71.15,75.00,75.00,50.00,50.00
Aruba,ABW,20200401,3.00,1,3.00,1,2.00,1,4.00,1,0.00,,2.00,1,2.00,1,3.00,2.00,0,2.00,0.00,0.00,2.00,1,1.00,1.00,0.00,0.00,,751,7,82.41,82.41,82.14,82.14,76.92,76.92,75.00,75.00,87.50,87.50
Aruba,ABW,20200402,3.00,1,3.00,1,2.00,1,4.00,1,0.00,,2.00,1,2.00,1,3.00,2.00,0,2.00,0.00,0.00,2.00,1,1.00,1.00,0.00,0.00,,751,7,82.41,82.41,82.14,82.14,76.92,76.92,75.00,75.00,87.50,87.50
Aruba,ABW,20200403,3.00,1,3.00,1,2.00,1,4.00,1,0.00,,2.00,1,2.00,1,3.00,2.00,0,2.00,0.00,0.00,2.00,1,1.00,1.00,0.00,0.00,,756,7,82.41,82.41,82.14,82.14,76.92,76.92,75.00,75.00,87.50,87.50
Aruba,ABW,20200404,3.00,1,3.00,1,2.00,1,4.00,1,0.00,,2.00,1,2.00,1,3.00,2.00,0,2.00,0.00,0.00,2.00,1,1.00,1.00,0.00,0.00,,758,7,82.41,82.41,82.14,82.14,76.92,76.92,75.00,75.00,87.50,87.50
Aruba,ABW,20200405,3.00,1,3.00,1,2.00,1,4.00,1,0.00,,2.00,1,2.00,1,3.00,2.00,0,2.00,0.00,0.00,2.00,1,1.00,1.00,0.00,0.00,,760,7,82.41,82.41,82.14,82.14,76.92,76.92,75.00,75.00,87.50,87.50
Aruba,ABW,20200406,3.00,1,3.00,1,2.00,1,4.00,1,0.00,,2.00,1,2.00,1,3.00,2.00,0,2.00,0.00,0.00,2.00,1,1.00,1.00,0.00,0.00,,760,7,82.41,82.41,82.14,82.14,76.92,76.92,75.00,75.00,87.50,87.50
Aruba,ABW,20200407,3.00,1,3.00,1,2.00,1,4.00,1,0.00,,2.00,1,2.00,1,3.00,2.00,0,2.00,0.00,0.00,2.00,1,1.00,1.00,0.00,0.00,,767,7,82.41,82.41,82.14,82.14,76.92,76.92,75.00,75.00,87.50,87.50
Aruba,ABW,20200408,3.00,1,3.00,1,2.00,1,4.00,1,0.00,,2.00,1,2.00,1,3.00,2.00,0,2.00,0.00,0.00,2.00,1,1.00,1.00,0.00,0.00,,770,7,82.41,82.41,82.14,82.14,76.92,76.92,75.00,75.00,87.50,87.50
Aruba,ABW,20200409,3.00,1,3.00,1,2.00,1,4.00,1,0.00,,2.00,1,2.00,1,3.00,2.00,0,2.00,0.00,0.00,2.00,1,1.00,1.00,0.00,0.00,,773,7,82.41,82.41,82.14,82.14,76.92,76.92,75.00,75.00,87.50,87.50
Aruba,ABW,20200410,3.00,1,3.00,1,2.00,1,4.00,1,0.00,,3.00,1,2.00,1,3.00,2.00,0,2.00,0.00,0.00,2.00,1,1.00,1.00,0.00,0.00,,778,7,86.11,86.11,82.14,82.14,79.49,79.49,78.03,78.03,87.50,87.50
Aruba,ABW,20200411,3.00,1,3.00,1,2.00,1,4.00,1,0.00,,2.00,1,2.00,1,3.00,2.00,0,2.00,0.00,0.00,2.00,1,1.00,1.00,0.00,0.00,,782,7,82.41,82.41,82.14,82.14,76.92,76.92,75.00,75.00,87.50,87.50
Aruba,ABW,20200412,3.00,1,3.00,1,2.00,1,4.00,1,0.00,,3.00,1,2.00,1,3.00,2.00,0,2.00,0.00,0.00,2.00,1,1.00,1.00,0.00,0.00,,788,7,86.11,86.11,82.14,82.14,79.49,79.49,78.03,78.03,87.50,87.50
Aruba,ABW,20200413,3.00,1,3.00,1,2.00,1,4.00,1,0.00,,3.00,1,2.00,1,3.00,2.00,0,2.00,0.00,0.00,2.00,1,1.00,1.00,0.00,0.00,,788,7,86.11,86.11,82.14,82.14,79.49,79.49,78.03,78.03,87.50,87.50
Aruba,ABW,20200414,3.00,1,3.00,1,2.00,1,4.00,1,0.00,,2.00,1,2.00,1,3.00,2.00,0,2.00,0.00,0.00,2.00,1,1.00,1.00,0.00,0.00,,788,7,82.41,82.41,82.14,82.14,76.92,76.92,75.00,75.00,87.50,87.50
Aruba,ABW,20200415,3.00,1,3.00,1,2.00,1,4.00,1,0.00,,2.00,1,2.00,1,3.00,2.00,0,2.00,0.00,0.00,2.00,1,1.00,1.00,0.00,0.00,,788,7,82.41,82.41,82.14,82.14,76.92,76.92,75.00,75.00,87.50,87.50
Aruba,ABW,20200416,3.00,1,3.00,1,2.00,1,4.00,1,0.00,,2.00,1,2.00,1,3.00,2.00,0,2.00,0.00,0.00,2.00,1,1.00,1.00,0.00,0.00,,789,8,82.41,82.41,82.14,82.14,76.92,76.92,75.00,75.00,87.50,87.50
Aruba,ABW,20200417,3.00,1,3.00,1,2.00,1,4.00,1,0.00,,2.00,1,2.00,1,3.00,2.00,0,2.00,0.00,0.00,2.00,1,1.00,1.00,0.00,0.00,,791,8,82.41,82.41,82.14,82.14,76.92,76.92,75.00,75.00,87.50,87.50
Aruba,ABW,20200418,3.00,1,3.00,1,2.00,1,4.00,1,0.00,,2.00,1,2.00,1,4.00,2.00,0,2.00,0.00,0.00,2.00,1,1.00,1.00,0.00,0.00,,792,9,85.19,85.19,85.71,85.71,78.85,78.85,77.27,77.27,87.50,87.50
Aruba,ABW,20200419,3.00,1,3.00,1,2.00,1,4.00,1,0.00,,2.00,1,2.00,1,4.00,2.00,0,2.00,0.00,0.00,2.00,1,1.00,1.00,0.00,0.00,,792,9,85.19,85.19,85.71,85.71,78.85,78.85,77.27,77.27,87.50,87.50
Aruba,ABW,20200420,3.00,1,3.00,1,2.00,1,4.00,1,0.00,,2.00,1,2.00,1,3.00,2.00,0,2.00,0.00,0.00,2.00,1,1.00,1.00,0.00,0.00,,793,9,82.41,82.41,82.14,82.14,76.92,76.92,75.00,75.00,87.50,87.50
Aruba,ABW,20200421,3.00,1,3.00,1,2.00,1,4.00,1,0.00,,2.00,1,2.00,1,3.00,2.00,0,2.00,0.00,0.00,2.00,1,1.00,1.00,0.00,0.00,,793,9,82.41,82.41,82.14,82.14,76.92,76.92,75.00,75.00,87.50,87.50
Aruba,ABW,20200422,3.00,1,3.00,1,2.00,1,4.00,1,0.00,,2.00,1,2.00,1,3.00,2.00,0,2.00,0.00,0.00,2.00,1,1.00,1.00,0.00,0.00,,793,9,82.41,82.41,82.14,82.14,76.92,76.92,75.00,75.00,87.50,87.50
Aruba,ABW,20200423,3.00,1,3.00,1,2.00,1,4.00,1,0.00,,2.00,1,2.00,1,3.00,2.00,0,2.00,0.00,0.00,2.00,1,1.00,1.00,0.00,0.00,,796,9,82.41,82.41,82.14,82.14,76.92,76.92,75.00,75.00,87.50,87.50
Aruba,ABW,20200424,3.00,1,3.00,1,2.00,1,4.00,1,0.00,,2.00,1,2.00,1,3.00,2.00,0,2.00,0.00,0.00,2.00,1,1.00,1.00,0.00,0.00,,796,9,82.41,82.41,82.14,82.14,76.92,76.92,75.00,75.00,87.50,87.50
Aruba,ABW,20200425,3.00,1,3.00,1,2.00,1,4.00,1,0.00,,2.00,1,2.00,1,3.00,2.00,0,2.00,0.00,0.00,2.00,1,1.00,1.00,0.00,0.00,,796,9,82.41,82.41,82.14,82.14,76.92,76.92,75.00,75.00,87.50,87.50
Aruba,ABW,20200426,3.00,1,3.00,1,2.00,1,4.00,1,0.00,,2.00,1,2.00,1,3.00,2.00,0,2.00,0.00,0.00,2.00,1,1.00,1.00,0.00,0.00,,796,9,82.41,82.41,82.14,82.14,76.92,76.92,75.00,75.00,87.50,87.50
Aruba,ABW,20200427,3.00,1,3.00,1,2.00,1,4.00,1,0.00,,2.00,1,2.00,1,3.00,2.00,0,2.00,0.00,0.00,2.00,1,1.00,1.00,0.00,0.00,,796,9,82.41,82.41,82.14,82.14,76.92,76.92,75.00,75.00,87.50,87.50
Aruba,ABW,20200428,3.00,1,3.00,1,2.00,1,4.00,1,0.00,,2.00,1,2.00,1,3.00,2.00,0,2.00,0.00,0.00,2.00,1,1.00,1.00,0.00,0.00,,796,9,82.41,82.41,82.14,82.14,76.92,76.92,75.00,75.00,87.50,87.50
Aruba,ABW,20200429,3.00,1,3.00,1,2.00,1,4.00,1,0.00,,2.00,1,2.00,1,3.00,2.00,0,2.00,0.00,0.00,2.00,1,1.00,1.00,0.00,0.00,,796,9,82.41,82.41,82.14,82.14,76.92,76.92,75.00,75.00,87.50,87.50
Aruba,ABW,20200430,3.00,1,3.00,1,2.00,1,4.00,1,0.00,,2.00,1,2.00,1,3.00,2.00,0,2.00,0.00,0.00,2.00,1,1.00,1.00,0.00,0.00,,796,9,82.41,82.41,82.14,82.14,76.92,76.92,75.00,75.00,87.50,87.50
Aruba,ABW,20200501,3.00,1,3.00,1,2.00,1,4.00,1,0.00,,2.00,1,2.00,1,3.00,2.00,0,2.00,0.00,0.00,2.00,1,1.00,1.00,0.00,0.00,,796,9,82.41,82.41,82.14,82.14,76.92,76.92,75.00,75.00,87.50,87.50
Aruba,ABW,20200502,3.00,1,3.00,1,2.00,1,4.00,1,0.00,,2.00,1,2.00,1,3.00,2.00,0,2.00,0.00,0.00,2.00,1,1.00,1.00,0.00,0.00,,796,9,82.41,82.41,82.14,82.14,76.92,76.92,75.00,75.00,87.50,87.50
Aruba,ABW,20200503,3.00,1,3.00,1,2.00,1,4.00,1,0.00,,2.00,1,2.00,1,3.00,2.00,0,2.00,0.00,0.00,2.00,1,1.00,1.00,0.00,0.00,,796,9,82.41,82.41,82.14,82.14,76.92,76.92,75.00,75.00,87.50,87.50
Aruba,ABW,20200504,3.00,1,2.00,1,2.00,1,4.00,1,0.00,,2.00,1,2.00,1,3.00,2.00,0,2.00,0.00,0.00,2.00,1,1.00,1.00,0.00,0.00,,796,9,78.70,78.70,78.57,78.57,74.36,74.36,71.97,71.97,87.50,87.50
Aruba,ABW,20200505,3.00,1,2.00,1,2.00,1,4.00,1,0.00,,2.00,1,2.00,1,3.00,2.00,0,2.00,0.00,0.00,2.00,1,1.00,1.00,0.00,0.00,,796,9,78.70,78.70,78.57,78.57,74.36,74.36,71.97,71.97,87.50,87.50
Aruba,ABW,20200506,3.00,1,2.00,1,2.00,1,4.00,1,0.00,,2.00,1,2.00,1,3.00,2.00,0,2.00,0.00,0.00,2.00,1,1.00,1.00,0.00,0.00,,796,9,78.70,78.70,78.57,78.57,74.36,74.36,71.97,71.97,87.50,87.50
Aruba,ABW,20200507,3.00,1,2.00,1,2.00,1,4.00,1,0.00,,2.00,1,2.00,1,3.00,2.00,0,2.00,0.00,0.00,2.00,1,1.00,1.00,0.00,0.00,,797,9,78.70,78.70,78.57,78.57,74.36,74.36,71.97,71.97,87.50,87.50
Aruba,ABW,20200508,3.00,1,2.00,1,2.00,1,4.00,1,0.00,,2.00,1,2.00,1,3.00,2.00,0,2.00,0.00,0.00,2.00,1,1.00,1.00,0.00,0.00,,797,10,78.70,78.70,78.57,78.57,74.36,74.36,71.97,71.97,87.50,87.50
Aruba,ABW,20200509,3.00,1,2.00,1,2.00,1,4.00,1,0.00,,2.00,1,2.00,1,3.00,2.00,0,2.00,0.00,0.00,2.00,1,1.00,1.00,0.00,0.00,,797,10,78.70,78.70,78.57,78.57,74.36,74.36,71.97,71.97,87.50,87.50
Aruba,ABW,20200510,3.00,1,2.00,1,2.00,1,4.00,1,0.00,,2.00,1,2.00,1,3.00,2.00,0,2.00,0.00,0.00,2.00,1,1.00,1.00,0.00,0.00,,797,10,78.70,78.70,78.57,78.57,74.36,74.36,71.97,71.97,87.50,87.50
Aruba,ABW,20200511,3.00,1,2.00,1,2.00,1,4.00,1,0.00,,2.00,1,2.00,1,3.00,2.00,0,2.00,0.00,0.00,2.00,1,1.00,1.00,0.00,0.00,,797,10,78.70,78.70,78.57,78.57,74.36,74.36,71.97,71.97,87.50,87.50
Aruba,ABW,20200512,3.00,1,2.00,1,2.00,1,4.00,1,0.00,,2.00,1,2.00,1,3.00,2.00,0,2.00,0.00,0.00,2.00,1,1.00,1.00,0.00,0.00,,797,10,78.70,78.70,78.57,78.57,74.36,74.36,71.97,71.97,87.50,87.50
Aruba,ABW,20200513,3.00,1,2.00,1,2.00,1,4.00,1,0.00,,2.00,1,2.00,1,3.00,2.00,0,2.00,0.00,0.00,2.00,1,1.00,1.00,0.00,0.00,,797,10,78.70,78.70,78.57,78.57,74.36,74.36,71.97,71.97,87.50,87.50
Aruba,ABW,20200514,3.00,1,2.00,1,2.00,1,4.00,1,0.00,,2.00,1,2.00,1,3.00,2.00,0,2.00,0.00,0.00,2.00,1,1.00,1.00,0.00,0.00,,797,10,78.70,78.70,78.57,78.57,74.36,74.36,71.97,71.97,87.50,87.50
Aruba,ABW,20200515,3.00,1,2.00,1,2.00,1,4.00,1,0.00,,2.00,1,2.00,1,3.00,2.00,0,2.00,0.00,0.00,2.00,1,1.00,1.00,0.00,0.00,,797,10,78.70,78.70,78.57,78.57,74.36,74.36,71.97,71.97,87.50,87.50
Aruba,ABW,20200516,3.00,1,2.00,1,2.00,1,4.00,1,0.00,,2.00,1,2.00,1,3.00,2.00,0,2.00,0.00,0.00,2.00,1,1.00,1.00,0.00,0.00,,797,10,78.70,78.70,78.57,78.57,74.36,74.36,71.97,71.97,87.50,87.50
Aruba,ABW,20200517,3.00,1,2.00,1,2.00,1,4.00,1,0.00,,2.00,1,2.00,1,3.00,2.00,0,2.00,0.00,0.00,2.00,1,1.00,1.00,0.00,0.00,,797,10,78.70,78.70,78.57,78.57,74.36,74.36,71.97,71.97,87.50,87.50
Aruba,ABW,20200518,0.00,,2.00,1,0.00,,0.00,,0.00,,2.00,1,2.00,1,3.00,2.00,0,2.00,0.00,0.00,2.00,1,1.00,1.00,0.00,0.00,,797,10,45.37,45.37,50.00,50.00,51.28,51.28,44.70,44.70,87.50,87.50
Aruba,ABW,20200519,0.00,,2.00,1,0.00,,0.00,,0.00,,2.00,1,2.00,1,3.00,2.00,0,2.00,0.00,0.00,2.00,1,1.00,1.00,0.00,0.00,,797,10,45.37,45.37,50.00,50.00,51.28,51.28,44.70,44.70,87.50,87.50
Aruba,ABW,20200520,0.00,,2.00,1,0.00,,0.00,,0.00,,2.00,1,2.00,1,3.00,2.00,0,2.00,0.00,0.00,2.00,1,1.00,1.00,0.00,0.00,,797,10,45.37,45.37,50.00,50.00,51.28,51.28,44.70,44.70,87.50,87.50
Aruba,ABW,20200521,0.00,,2.00,1,0.00,,0.00,,0.00,,2.00,1,2.00,1,3.00,2.00,0,2.00,0.00,0.00,2.00,1,1.00,1.00,0.00,0.00,,797,10,45.37,45.37,50.00,50.00,51.28,51.28,44.70,44.70,87.50,87.50
Aruba,ABW,20200522,0.00,,2.00,1,0.00,,0.00,,0.00,,2.00,1,2.00,1,3.00,2.00,0,2.00,0.00,0.00,2.00,1,1.00,1.00,0.00,0.00,,797,10,45.37,45.37,50.00,50.00,51.28,51.28,44.70,44.70,87.50,87.50
Aruba,ABW,20200523,0.00,,2.00,1,0.00,,0.00,,0.00,,2.00,1,2.00,1,3.00,2.00,0,2.00,0.00,0.00,2.00,1,1.00,1.00,0.00,0.00,,797,10,45.37,45.37,50.00,50.00,51.28,51.28,44.70,44.70,87.50,87.50
Aruba,ABW,20200524,0.00,,2.00,1,0.00,,0.00,,0.00,,2.00,1,2.00,1,3.00,2.00,0,2.00,0.00,0.00,2.00,1,1.00,1.00,0.00,0.00,,797,10,45.37,45.37,50.00,50.00,51.28,51.28,44.70,44.70,87.50,87.50
Aruba,ABW,20200525,0.00,,2.00,1,0.00,,0.00,,0.00,,2.00,1,2.00,1,3.00,2.00,0,2.00,0.00,0.00,2.00,1,1.00,1.00,0.00,0.00,,797,10,45.37,45.37,50.00,50.00,51.28,51.28,44.70,44.70,87.50,87.50
Aruba,ABW,20200526,0.00,,2.00,1,0.00,,0.00,,0.00,,2.00,1,2.00,1,3.00,2.00,0,2.00,0.00,0.00,2.00,1,1.00,1.00,0.00,0.00,,797,10,45.37,45.37,50.00,50.00,51.28,51.28,44.70,44.70,87.50,87.50
Aruba,ABW,20200527,0.00,,2.00,1,0.00,,0.00,,0.00,,2.00,1,2.00,1,3.00,2.00,0,2.00,0.00,0.00,2.00,1,1.00,1.00,0.00,0.00,,797,10,45.37,45.37,50.00,50.00,51.28,51.28,44.70,44.70,87.50,87.50
Aruba,ABW,20200528,0.00,,2.00,1,0.00,,0.00,,0.00,,1.00,1,2.00,1,3.00,2.00,0,2.00,0.00,0.00,2.00,1,1.00,1.00,0.00,0.00,,797,10,41.67,41.67,50.00,50.00,48.72,48.72,41.67,41.67,87.50,87.50
Aruba,ABW,20200529,0.00,,2.00,1,0.00,,0.00,,0.00,,1.00,1,2.00,1,3.00,2.00,0,2.00,0.00,0.00,2.00,1,1.00,1.00,0.00,0.00,,797,10,41.67,41.67,50.00,50.00,48.72,48.72,41.67,41.67,87.50,87.50
Aruba,ABW,20200530,0.00,,2.00,1,0.00,,0.00,,0.00,,1.00,1,2.00,1,3.00,2.00,0,2.00,0.00,0.00,2.00,1,1.00,1.00,0.00,0.00,,797,10,41.67,41.67,50.00,50.00,48.72,48.72,41.67,41.67,87.50,87.50
Aruba,ABW,20200531,0.00,,2.00,1,0.00,,0.00,,0.00,,1.00,1,2.00,1,3.00,2.00,0,2.00,0.00,0.00,2.00,1,1.00,1.00,0.00,0.00,,797,10,41.67,41.67,50.00,50.00,48.72,48.72,41.67,41.67,87.50,87.50
Aruba,ABW,20200601,0.00,,2.00,1,0.00,,0.00,,0.00,,1.00,1,2.00,1,3.00,2.00,0,2.00,0.00,0.00,2.00,1,1.00,1.00,0.00,0.00,,797,10,41.67,41.67,50.00,50.00,48.72,48.72,41.67,41.67,87.50,87.50
Aruba,ABW,20200602,0.00,,2.00,1,0.00,,0.00,,0.00,,1.00,1,2.00,1,3.00,2.00,0,2.00,0.00,0.00,2.00,1,1.00,1.00,0.00,0.00,,797,10,41.67,41.67,50.00,50.00,48.72,48.72,41.67,41.67,87.50,87.50
Aruba,ABW,20200603,0.00,,2.00,1,0.00,,0.00,,0.00,,1.00,1,2.00,1,3.00,2.00,0,2.00,0.00,0.00,2.00,1,1.00,1.00,0.00,0.00,,797,10,41.67,41.67,50.00,50.00,48.72,48.72,41.67,41.67,87.50,87.50
Aruba,ABW,20200604,0.00,,2.00,1,0.00,,0.00,,0.00,,1.00,1,2.00,1,3.00,2.00,0,2.00,0.00,0.00,2.00,1,1.00,1.00,0.00,0.00,,797,10,41.67,41.67,50.00,50.00,48.72,48.72,41.67,41.67,87.50,87.50
Aruba,ABW,20200605,0.00,,2.00,1,0.00,,0.00,,0.00,,1.00,1,2.00,1,3.00,2.00,0,2.00,0.00,0.00,2.00,1,1.00,1.00,0.00,0.00,,797,10,41.67,41.67,50.00,50.00,48.72,48.72,41.67,41.67,87.50,87.50
Aruba,ABW,20200606,0.00,,2.00,1,0.00,,0.00,,0.00,,1.00,1,2.00,1,3.00,2.00,0,2.00,0.00,0.00,2.00,1,1.00,1.00,0.00,0.00,,797,10,41.67,41.67,50.00,50.00,48.72,48.72,41.67,41.67,87.50,87.50
Aruba,ABW,20200607,0.00,,2.00,1,0.00,,0.00,,0.00,,1.00,1,2.00,1,3.00,2.00,0,2.00,0.00,0.00,2.00,1,1.00,1.00,0.00,0.00,,797,10,41.67,41.67,50.00,50.00,48.72,48.72,41.67,41.67,87.50,87.50
Aruba,ABW,20200608,0.00,,2.00,1,0.00,,0.00,,0.00,,1.00,1,2.00,1,3.00,2.00,0,2.00,0.00,0.00,2.00,1,1.00,1.00,0.00,0.00,,797,10,41.67,41.67,50.00,50.00,48.72,48.72,41.67,41.67,87.50,87.50
Aruba,ABW,20200609,0.00,,2.00,1,0.00,,0.00,,0.00,,1.00,1,2.00,1,3.00,2.00,0,2.00,0.00,0.00,2.00,1,1.00,1.00,0.00,0.00,,797,10,41.67,41.67,50.00,50.00,48.72,48.72,41.67,41.67,87.50,87.50
Aruba,ABW,20200610,0.00,,2.00,1,0.00,,0.00,,0.00,,1.00,1,2.00,1,3.00,2.00,0,2.00,0.00,0.00,2.00,1,1.00,1.00,0.00,0.00,,797,10,41.67,41.67,50.00,50.00,48.72,48.72,41.67,41.67,87.50,87.50
Aruba,ABW,20200611,0.00,,2.00,1,0.00,,0.00,,0.00,,1.00,1,2.00,1,3.00,2.00,0,2.00,0.00,0.00,2.00,1,1.00,1.00,0.00,0.00,,797,10,41.67,41.67,50.00,50.00,48.72,48.72,41.67,41.67,87.50,87.50
Aruba,ABW,20200612,,,,,,,,,,,,,,,,,,,,,,,,,,,,797,10,,,,,,,,,,
Aruba,ABW,20200613,,,,,,,,,,,,,,,,,,,,,,,,,,,,797,10,,,,,,,,,,
Aruba,ABW,20200614,,,,,,,,,,,,,,,,,,,,,,,,,,,,797,10,,,,,,,,,,
Aruba,ABW,20200615,,,,,,,,,,,,,,,,,,,,,,,,,,,,797,10,,,,,,,,,,
Aruba,ABW,20200616,,,,,,,,,,,,,,,,,,,,,,,,,,,,797,10,,,,,,,,,,
Aruba,ABW,20200617,,,,,,,,,,,,,,,,,,,,,,,,,,,,797,10,,41.67,,50.00,,48.72,,41.67,,87.50
Aruba,ABW,20200618,,,,,,,,,,,,,,,,,,,,,,,,,,,,797,10,,41.67,,50.00,,48.72,,41.67,,87.50
Aruba,ABW,20200619,,,,,,,,,,,,,,,,,,,,,,,,,,,,797,10,,41.67,,50.00,,48.72,,41.67,,87.50
Aruba,ABW,20200620,,,,,,,,,,,,,,,,,,,,,,,,,,,,797,10,,41.67,,50.00,,48.72,,41.67,,87.50
Aruba,ABW,20200621,,,,,,,,,,,,,,,,,,,,,,,,,,,,797,10,,41.67,,50.00,,48.72,,41.67,,87.50
Aruba,ABW,20200622,,,,,,,,,,,,,,,,,,,,,,,,,,,,797,10,,41.67,,50.00,,48.72,,41.67,,87.50
Aruba,ABW,20200623,,,,,,,,,,,,,,,,,,,,,,,,,,,,797,10,,41.67,,50.00,,48.72,,41.67,,87.50
