Australia,AUS,20200101,0.00,,0.00,,0.00,,0.00,,0.00,,0.00,,0.00,,0.00,0.00,,0.00,0.00,0.00,0.00,,0.00,0.00,0.00,0.00,,0,0,0.00,0.00,0.00,0.00,0.00,0.00,0.00,0.00,0.00,0.00
Australia,AUS,20200102,0.00,,0.00,,0.00,,0.00,,0.00,,0.00,,0.00,,0.00,0.00,,0.00,0.00,0.00,0.00,,0.00,0.00,0.00,0.00,,0,0,0.00,0.00,0.00,0.00,0.00,0.00,0.00,0.00,0.00,0.00
Australia,AUS,20200103,0.00,,0.00,,0.00,,0.00,,0.00,,0.00,,0.00,,0.00,0.00,,0.00,0.00,0.00,0.00,,0.00,0.00,0.00,0.00,,0,0,0.00,0.00,0.00,0.00,0.00,0.00,0.00,0.00,0.00,0.00
Australia,AUS,20200104,0.00,,0.00,,0.00,,0.00,,0.00,,0.00,,0.00,,0.00,0.00,,0.00,0.00,0.00,0.00,,0.00,0.00,0.00,0.00,,0,0,0.00,0.00,0.00,0.00,0.00,0.00,0.00,0.00,0.00,0.00
Australia,AUS,20200105,0.00,,0.00,,0.00,,0.00,,0.00,,0.00,,0.00,,0.00,0.00,,0.00,0.00,0.00,0.00,,0.00,0.00,0.00,0.00,,0,0,0.00,0.00,0.00,0.00,0.00,0.00,0.00,0.00,0.00,0.00
Australia,AUS,20200106,0.00,,0.00,,0.00,,0.00,,0.00,,0.00,,0.00,,0.00,0.00,,0.00,0.00,0.00,0.00,,0.00,0.00,0.00,0.00,,0,0,0.00,0.00,0.00,0.00,0.00,0.00,0.00,0.00,0.00,0.00
Australia,AUS,20200107,0.00,,0.00,,0.00,,0.00,,0.00,,0.00,,0.00,,0.00,0.00,,0.00,0.00,0.00,0.00,,0.00,0.00,0.00,0.00,,0,0,0.00,0.00,0.00,0.00,0.00,0.00,0.00,0.00,0.00,0.00
Australia,AUS,20200108,0.00,,0.00,,0.00,,0.00,,0.00,,0.00,,0.00,,0.00,0.00,,0.00,0.00,0.00,0.00,,0.00,0.00,0.00,0.00,,0,0,0.00,0.00,0.00,0.00,0.00,0.00,0.00,0.00,0.00,0.00
Australia,AUS,20200109,0.00,,0.00,,0.00,,0.00,,0.00,,0.00,,0.00,,0.00,0.00,,0.00,0.00,0.00,0.00,,0.00,0.00,0.00,0.00,,0,0,0.00,0.00,0.00,0.00,0.00,0.00,0.00,0.00,0.00,0.00
Australia,AUS,20200110,0.00,,0.00,,0.00,,0.00,,0.00,,0.00,,0.00,,0.00,0.00,,0.00,0.00,0.00,0.00,,0.00,0.00,0.00,0.00,,0,0,0.00,0.00,0.00,0.00,0.00,0.00,0.00,0.00,0.00,0.00
Australia,AUS,20200111,0.00,,0.00,,0.00,,0.00,,0.00,,0.00,,0.00,,0.00,0.00,,0.00,0.00,0.00,0.00,,0.00,0.00,0.00,0.00,,0,0,0.00,0.00,0.00,0.00,0.00,0.00,0.00,0.00,0.00,0.00
Australia,AUS,20200112,0.00,,0.00,,0.00,,0.00,,0.00,,0.00,,0.00,,0.00,0.00,,0.00,0.00,0.00,0.00,,0.00,0.00,0.00,0.00,,0,0,0.00,0.00,0.00,0.00,0.00,0.00,0.00,0.00,0.00,0.00
Australia,AUS,20200113,0.00,,0.00,,0.00,,0.00,,0.00,,0.00,,0.00,,0.00,0.00,,0.00,0.00,0.00,0.00,,0.00,0.00,0.00,0.00,,0,0,0.00,0.00,0.00,0.00,0.00,0.00,0.00,0.00,0.00,0.00
Australia,AUS,20200114,0.00,,0.00,,0.00,,0.00,,0.00,,0.00,,0.00,,0.00,0.00,,0.00,0.00,0.00,0.00,,0.00,0.00,0.00,0.00,,0,0,0.00,0.00,0.00,0.00,0.00,0.00,0.00,0.00,0.00,0.00
Australia,AUS,20200115,0.00,,0.00,,0.00,,0.00,,0.00,,0.00,,0.00,,0.00,0.00,,0.00,0.00,0.00,0.00,,0.00,0.00,0.00,0.00,,0,0,0.00,0.00,0.00,0.00,0.00,0.00,0.00,0.00,0.00,0.00
Australia,AUS,20200116,0.00,,0.00,,0.00,,0.00,,0.00,,0.00,,0.00,,0.00,0.00,,0.00,0.00,0.00,0.00,,0.00,0.00,0.00,0.00,,0,0,0.00,0.00,0.00,0.00,0.00,0.00,0.00,0.00,0.00,0.00
Australia,AUS,20200117,0.00,,0.00,,0.00,,0.00,,0.00,,0.00,,0.00,,0.00,0.00,,0.00,0.00,0.00,0.00,,0.00,0.00,0.00,0.00,,0,0,0.00,0.00,0.00,0.00,0.00,0.00,0.00,0.00,0.00,0.00
Australia,AUS,20200118,0.00,,0.00,,0.00,,0.00,,0.00,,0.00,,0.00,,0.00,0.00,,0.00,0.00,0.00,0.00,,0.00,0.00,0.00,0.00,,0,0,0.00,0.00,0.00,0.00,0.00,0.00,0.00,0.00,0.00,0.00
Australia,AUS,20200119,0.00,,0.00,,0.00,,0.00,,0.00,,0.00,,0.00,,0.00,0.00,,0.00,0.00,0.00,0.00,,0.00,0.00,0.00,0.00,,0,0,0.00,0.00,0.00,0.00,0.00,0.00,0.00,0.00,0.00,0.00
Australia,AUS,20200120,0.00,,0.00,,0.00,,0.00,,0.00,,0.00,,0.00,,0.00,0.00,,0.00,0.00,0.00,0.00,,0.00,0.00,0.00,0.00,,0,0,0.00,0.00,0.00,0.00,0.00,0.00,0.00,0.00,0.00,0.00
Australia,AUS,20200121,0.00,,0.00,,0.00,,0.00,,0.00,,0.00,,0.00,,0.00,0.00,,0.00,0.00,0.00,0.00,,0.00,0.00,0.00,0.00,,0,0,0.00,0.00,0.00,0.00,0.00,0.00,0.00,0.00,0.00,0.00
Australia,AUS,20200122,0.00,,0.00,,0.00,,0.00,,0.00,,0.00,,0.00,,0.00,0.00,,0.00,0.00,0.00,0.00,,0.00,0.00,0.00,0.00,,0,0,0.00,0.00,0.00,0.00,0.00,0.00,0.00,0.00,0.00,0.00
Australia,AUS,20200123,0.00,,0.00,,0.00,,0.00,,0.00,,0.00,,0.00,,0.00,0.00,,0.00,0.00,0.00,0.00,,0.00,0.00,0.00,0.00,,0,0,0.00,0.00,0.00,0.00,0.00,0.00,0.00,0.00,0.00,0.00
Australia,AUS,20200124,0.00,,0.00,,0.00,,0.00,,0.00,,0.00,,0.00,,0.00,0.00,,0.00,0.00,0.00,0.00,,0.00,0.00,0.00,0.00,,0,0,0.00,0.00,0.00,0.00,0.00,0.00,0.00,0.00,0.00,0.00
Australia,AUS,20200125,0.00,,0.00,,0.00,,0.00,,0.00,,0.00,,0.00,,0.00,0.00,,0.00,0.00,0.00,2.00,0,1.00,2.00,0.00,0.00,,1,0,8.33,8.33,9.52,9.52,16.03,16.03,18.94,18.94,0.00,0.00
Australia,AUS,20200126,0.00,,0.00,,0.00,,0.00,,0.00,,0.00,,0.00,,0.00,0.00,,0.00,0.00,0.00,2.00,0,1.00,2.00,0.00,0.00,,4,0,8.33,8.33,9.52,9.52,16.03,16.03,18.94,18.94,0.00,0.00
Australia,AUS,20200127,0.00,,0.00,,0.00,,0.00,,0.00,,0.00,,0.00,,0.00,0.00,,0.00,0.00,0.00,2.00,0,1.00,2.00,0.00,0.00,,4,0,8.33,8.33,9.52,9.52,16.03,16.03,18.94,18.94,0.00,0.00
Australia,AUS,20200128,0.00,,0.00,,0.00,,0.00,,0.00,,0.00,,0.00,,0.00,0.00,,0.00,0.00,0.00,2.00,0,1.00,2.00,0.00,0.00,,4,0,8.33,8.33,9.52,9.52,16.03,16.03,18.94,18.94,0.00,0.00
Australia,AUS,20200129,0.00,,0.00,,0.00,,0.00,,0.00,,0.00,,0.00,,0.00,0.00,,0.00,0.00,0.00,2.00,0,1.00,2.00,0.00,0.00,,4,0,8.33,8.33,9.52,9.52,16.03,16.03,18.94,18.94,0.00,0.00
Australia,AUS,20200130,0.00,,0.00,,0.00,,0.00,,0.00,,0.00,,0.00,,0.00,0.00,,0.00,0.00,0.00,2.00,0,1.00,2.00,0.00,0.00,,6,0,8.33,8.33,9.52,9.52,16.03,16.03,18.94,18.94,0.00,0.00
Australia,AUS,20200131,0.00,,0.00,,0.00,,0.00,,0.00,,0.00,,0.00,,0.00,0.00,,0.00,0.00,0.00,2.00,0,1.00,2.00,0.00,0.00,,7,0,8.33,8.33,9.52,9.52,16.03,16.03,18.94,18.94,0.00,0.00
Australia,AUS,20200201,0.00,,0.00,,0.00,,0.00,,0.00,,0.00,,0.00,,3.00,0.00,,0.00,0.00,0.00,2.00,0,1.00,2.00,0.00,0.00,,9,0,16.67,16.67,20.24,20.24,21.79,21.79,25.76,25.76,0.00,0.00
Australia,AUS,20200202,0.00,,0.00,,0.00,,0.00,,0.00,,0.00,,0.00,,3.00,0.00,,0.00,0.00,0.00,2.00,0,1.00,2.00,0.00,0.00,,11,0,16.67,16.67,20.24,20.24,21.79,21.79,25.76,25.76,0.00,0.00
Australia,AUS,20200203,0.00,,0.00,,0.00,,0.00,,0.00,,0.00,,0.00,,3.00,0.00,,0.00,0.00,0.00,2.00,1,1.00,2.00,0.00,0.00,,11,0,19.44,19.44,25.00,25.00,23.72,23.72,28.03,28.03,0.00,0.00
Australia,AUS,20200204,0.00,,0.00,,0.00,,0.00,,0.00,,0.00,,0.00,,3.00,0.00,,0.00,0.00,0.00,2.00,1,1.00,2.00,0.00,0.00,,11,0,19.44,19.44,25.00,25.00,23.72,23.72,28.03,28.03,0.00,0.00
Australia,AUS,20200205,0.00,,0.00,,0.00,,0.00,,0.00,,0.00,,0.00,,3.00,0.00,,0.00,0.00,0.00,2.00,1,1.00,2.00,0.00,0.00,,12,0,19.44,19.44,25.00,25.00,23.72,23.72,28.03,28.03,0.00,0.00
Australia,AUS,20200206,0.00,,0.00,,0.00,,0.00,,0.00,,0.00,,0.00,,3.00,0.00,,0.00,0.00,0.00,2.00,1,1.00,2.00,0.00,0.00,,13,0,19.44,19.44,25.00,25.00,23.72,23.72,28.03,28.03,0.00,0.00
Australia,AUS,20200207,0.00,,0.00,,0.00,,0.00,,0.00,,0.00,,0.00,,3.00,0.00,,0.00,0.00,0.00,2.00,1,1.00,2.00,0.00,0.00,,14,0,19.44,19.44,25.00,25.00,23.72,23.72,28.03,28.03,0.00,0.00
Australia,AUS,20200208,0.00,,0.00,,0.00,,0.00,,0.00,,0.00,,0.00,,3.00,0.00,,0.00,0.00,0.00,2.00,1,1.00,2.00,0.00,0.00,,14,0,19.44,19.44,25.00,25.00,23.72,23.72,28.03,28.03,0.00,0.00
Australia,AUS,20200209,0.00,,0.00,,0.00,,0.00,,0.00,,0.00,,0.00,,3.00,0.00,,0.00,0.00,0.00,2.00,1,1.00,2.00,0.00,0.00,,14,0,19.44,19.44,25.00,25.00,23.72,23.72,28.03,28.03,0.00,0.00
Australia,AUS,20200210,0.00,,0.00,,0.00,,0.00,,0.00,,0.00,,0.00,,3.00,0.00,,0.00,0.00,0.00,2.00,1,1.00,2.00,0.00,0.00,,14,0,19.44,19.44,25.00,25.00,23.72,23.72,28.03,28.03,0.00,0.00
Australia,AUS,20200211,0.00,,0.00,,0.00,,0.00,,0.00,,0.00,,0.00,,3.00,0.00,,0.00,0.00,0.00,2.00,1,1.00,2.00,0.00,0.00,,14,0,19.44,19.44,25.00,25.00,23.72,23.72,28.03,28.03,0.00,0.00
Australia,AUS,20200212,0.00,,0.00,,0.00,,0.00,,0.00,,0.00,,0.00,,3.00,0.00,,0.00,0.00,0.00,2.00,1,1.00,2.00,0.00,0.00,,14,0,19.44,19.44,25.00,25.00,23.72,23.72,28.03,28.03,0.00,0.00
Australia,AUS,20200213,0.00,,0.00,,0.00,,0.00,,0.00,,0.00,,0.00,,3.00,0.00,,0.00,0.00,0.00,2.00,1,1.00,2.00,0.00,0.00,,14,0,19.44,19.44,25.00,25.00,23.72,23.72,28.03,28.03,0.00,0.00
Australia,AUS,20200214,0.00,,0.00,,0.00,,0.00,,0.00,,0.00,,0.00,,3.00,0.00,,0.00,0.00,0.00,2.00,1,1.00,2.00,0.00,0.00,,15,0,19.44,19.44,25.00,25.00,23.72,23.72,28.03,28.03,0.00,0.00
Australia,AUS,20200215,0.00,,0.00,,0.00,,0.00,,0.00,,0.00,,0.00,,3.00,0.00,,0.00,0.00,0.00,2.00,1,1.00,2.00,0.00,0.00,,15,0,19.44,19.44,25.00,25.00,23.72,23.72,28.03,28.03,0.00,0.00
Australia,AUS,20200216,0.00,,0.00,,0.00,,0.00,,0.00,,0.00,,0.00,,3.00,0.00,,0.00,0.00,0.00,2.00,1,1.00,2.00,0.00,0.00,,15,0,19.44,19.44,25.00,25.00,23.72,23.72,28.03,28.03,0.00,0.00
Australia,AUS,20200217,0.00,,0.00,,0.00,,0.00,,0.00,,0.00,,0.00,,3.00,0.00,,0.00,0.00,0.00,2.00,1,1.00,2.00,0.00,0.00,,15,0,19.44,19.44,25.00,25.00,23.72,23.72,28.03,28.03,0.00,0.00
Australia,AUS,20200218,0.00,,0.00,,0.00,,0.00,,0.00,,0.00,,0.00,,3.00,0.00,,0.00,0.00,0.00,2.00,1,1.00,2.00,0.00,0.00,,15,0,19.44,19.44,25.00,25.00,23.72,23.72,28.03,28.03,0.00,0.00
Australia,AUS,20200219,0.00,,0.00,,0.00,,0.00,,0.00,,0.00,,0.00,,3.00,0.00,,0.00,0.00,0.00,2.00,1,1.00,2.00,0.00,0.00,,15,0,19.44,19.44,25.00,25.00,23.72,23.72,28.03,28.03,0.00,0.00
Australia,AUS,20200220,0.00,,0.00,,0.00,,0.00,,0.00,,0.00,,0.00,,3.00,0.00,,0.00,0.00,0.00,2.00,1,1.00,2.00,0.00,0.00,,15,0,19.44,19.44,25.00,25.00,23.72,23.72,28.03,28.03,0.00,0.00
Australia,AUS,20200221,0.00,,0.00,,0.00,,0.00,,0.00,,0.00,,0.00,,3.00,0.00,,0.00,0.00,0.00,2.00,1,1.00,2.00,0.00,0.00,,17,0,19.44,19.44,25.00,25.00,23.72,23.72,28.03,28.03,0.00,0.00
Australia,AUS,20200222,0.00,,0.00,,0.00,,0.00,,0.00,,0.00,,0.00,,3.00,0.00,,0.00,0.00,0.00,2.00,1,1.00,2.00,0.00,0.00,,21,0,19.44,19.44,25.00,25.00,23.72,23.72,28.03,28.03,0.00,0.00
Australia,AUS,20200223,0.00,,0.00,,0.00,,0.00,,0.00,,0.00,,0.00,,3.00,0.00,,0.00,0.00,0.00,2.00,1,1.00,2.00,0.00,0.00,,22,0,19.44,19.44,25.00,25.00,23.72,23.72,28.03,28.03,0.00,0.00
Australia,AUS,20200224,0.00,,0.00,,0.00,,0.00,,0.00,,0.00,,0.00,,3.00,0.00,,0.00,0.00,0.00,2.00,1,1.00,2.00,0.00,0.00,,22,0,19.44,19.44,25.00,25.00,23.72,23.72,28.03,28.03,0.00,0.00
Australia,AUS,20200225,0.00,,0.00,,0.00,,0.00,,0.00,,0.00,,0.00,,3.00,0.00,,0.00,0.00,0.00,2.00,1,1.00,2.00,0.00,0.00,,22,0,19.44,19.44,25.00,25.00,23.72,23.72,28.03,28.03,0.00,0.00
Australia,AUS,20200226,0.00,,0.00,,0.00,,0.00,,0.00,,0.00,,0.00,,3.00,0.00,,0.00,0.00,0.00,2.00,1,1.00,2.00,0.00,0.00,,22,0,19.44,19.44,25.00,25.00,23.72,23.72,28.03,28.03,0.00,0.00
Australia,AUS,20200227,0.00,,0.00,,0.00,,0.00,,0.00,,0.00,,0.00,,3.00,0.00,,0.00,0.00,0.00,2.00,1,1.00,2.00,0.00,0.00,,23,0,19.44,19.44,25.00,25.00,23.72,23.72,28.03,28.03,0.00,0.00
Australia,AUS,20200228,0.00,,0.00,,0.00,,0.00,,0.00,,0.00,,0.00,,3.00,0.00,,0.00,0.00,0.00,2.00,1,1.00,2.00,0.00,0.00,,23,0,19.44,19.44,25.00,25.00,23.72,23.72,28.03,28.03,0.00,0.00
Australia,AUS,20200229,0.00,,0.00,,0.00,,0.00,,0.00,,0.00,,0.00,,3.00,0.00,,0.00,0.00,0.00,2.00,1,1.00,2.00,0.00,0.00,,25,0,19.44,19.44,25.00,25.00,23.72,23.72,28.03,28.03,0.00,0.00
Australia,AUS,20200301,0.00,,0.00,,0.00,,0.00,,0.00,,0.00,,0.00,,3.00,0.00,,0.00,0.00,0.00,2.00,1,1.00,2.00,0.00,0.00,,26,1,19.44,19.44,25.00,25.00,23.72,23.72,28.03,28.03,0.00,0.00
Australia,AUS,20200302,0.00,,0.00,,0.00,,0.00,,0.00,,0.00,,0.00,,3.00,0.00,,0.00,0.00,0.00,2.00,1,1.00,2.00,0.00,0.00,,29,1,19.44,19.44,25.00,25.00,23.72,23.72,28.03,28.03,0.00,0.00
Australia,AUS,20200303,0.00,,0.00,,0.00,,0.00,,0.00,,0.00,,0.00,,3.00,0.00,,0.00,0.00,0.00,2.00,1,1.00,2.00,0.00,0.00,,33,1,19.44,19.44,25.00,25.00,23.72,23.72,28.03,28.03,0.00,0.00
Australia,AUS,20200304,0.00,,0.00,,0.00,,0.00,,0.00,,0.00,,0.00,,3.00,0.00,,0.00,0.00,0.00,2.00,1,1.00,2.00,0.00,0.00,,41,1,19.44,19.44,25.00,25.00,23.72,23.72,28.03,28.03,0.00,0.00
Australia,AUS,20200305,0.00,,0.00,,0.00,,0.00,,0.00,,0.00,,0.00,,3.00,0.00,,0.00,0.00,0.00,2.00,1,1.00,2.00,0.00,0.00,,52,2,19.44,19.44,25.00,25.00,23.72,23.72,28.03,28.03,0.00,0.00
Australia,AUS,20200306,0.00,,0.00,,0.00,,0.00,,0.00,,0.00,,0.00,,3.00,0.00,,0.00,0.00,0.00,2.00,1,1.00,2.00,0.00,0.00,,59,2,19.44,19.44,25.00,25.00,23.72,23.72,28.03,28.03,0.00,0.00
Australia,AUS,20200307,0.00,,0.00,,0.00,,0.00,,0.00,,0.00,,0.00,,3.00,0.00,,0.00,0.00,0.00,2.00,1,1.00,2.00,0.00,0.00,,63,2,19.44,19.44,25.00,25.00,23.72,23.72,28.03,28.03,0.00,0.00
Australia,AUS,20200308,0.00,,0.00,,0.00,,0.00,,0.00,,0.00,,0.00,,3.00,0.00,,0.00,0.00,0.00,2.00,1,1.00,2.00,0.00,0.00,,74,3,19.44,19.44,25.00,25.00,23.72,23.72,28.03,28.03,0.00,0.00
Australia,AUS,20200309,0.00,,0.00,,0.00,,0.00,,0.00,,0.00,,0.00,,3.00,0.00,,0.00,0.00,0.00,2.00,1,1.00,2.00,0.00,0.00,,80,3,19.44,19.44,25.00,25.00,23.72,23.72,28.03,28.03,0.00,0.00
Australia,AUS,20200310,0.00,,0.00,,0.00,,0.00,,0.00,,0.00,,0.00,,3.00,0.00,,0.00,0.00,0.00,2.00,1,1.00,2.00,0.00,0.00,,100,3,19.44,19.44,25.00,25.00,23.72,23.72,28.03,28.03,0.00,0.00
Australia,AUS,20200311,0.00,,0.00,,0.00,,0.00,,0.00,,0.00,,0.00,,3.00,0.00,,0.00,0.00,0.00,2.00,1,1.00,2.00,1561787799.00,0.00,,112,3,19.44,19.44,25.00,25.00,23.72,23.72,28.03,28.03,0.00,0.00
Australia,AUS,20200312,0.00,,0.00,,0.00,,0.00,,0.00,,0.00,,0.00,,3.00,1.00,0,0.00,11000000000.00,0.00,2.00,1,1.00,2.00,0.00,0.00,,126,3,19.44,19.44,25.00,25.00,25.64,25.64,28.03,28.03,12.50,12.50
Australia,AUS,20200313,0.00,,0.00,,0.00,,0.00,,0.00,,0.00,,0.00,,3.00,1.00,0,0.00,0.00,0.00,2.00,1,1.00,2.00,0.00,0.00,,156,3,19.44,19.44,25.00,25.00,25.64,25.64,28.03,28.03,12.50,12.50
Australia,AUS,20200314,0.00,,0.00,,0.00,,0.00,,0.00,,0.00,,0.00,,3.00,1.00,0,0.00,0.00,0.00,2.00,1,1.00,2.00,0.00,0.00,,197,3,19.44,19.44,25.00,25.00,25.64,25.64,28.03,28.03,12.50,12.50
Australia,AUS,20200315,0.00,,0.00,,0.00,,0.00,,0.00,,0.00,,0.00,,3.00,1.00,0,0.00,0.00,0.00,2.00,1,1.00,2.00,0.00,0.00,,249,3,19.44,19.44,25.00,25.00,25.64,25.64,28.03,28.03,12.50,12.50
Australia,AUS,20200316,0.00,,0.00,,1.00,0,2.00,1,0.00,,0.00,,0.00,,3.00,1.00,0,0.00,0.00,0.00,2.00,1,1.00,2.00,0.00,0.00,,298,5,27.78,27.78,33.57,33.57,31.41,31.41,34.85,34.85,12.50,12.50
Australia,AUS,20200317,0.00,,0.00,,1.00,0,2.00,1,0.00,,0.00,,0.00,,3.00,1.00,0,0.00,0.00,0.00,2.00,1,1.00,2.00,0.00,0.00,,375,5,27.78,27.78,33.57,33.57,31.41,31.41,34.85,34.85,12.50,12.50
Australia,AUS,20200318,0.00,,0.00,,2.00,0,2.00,1,0.00,,0.00,,0.00,,3.00,1.00,0,0.00,,0.00,2.00,1,1.00,2.00,0.00,0.00,,454,5,33.33,33.33,34.52,34.52,35.26,35.26,39.39,39.39,12.50,12.50
Australia,AUS,20200319,0.00,,0.00,,2.00,0,2.00,1,0.00,,0.00,,2.00,0,3.00,1.00,0,0.00,0.00,0.00,2.00,1,1.00,2.00,0.00,0.00,,565,6,41.67,41.67,44.05,44.05,41.03,41.03,46.21,46.21,12.50,12.50
Australia,AUS,20200320,0.00,,0.00,,2.00,0,2.00,1,0.00,,0.00,,2.00,0,4.00,1.00,0,0.00,,0.00,2.00,1,1.00,2.00,0.00,0.00,,709,6,44.44,44.44,47.62,47.62,42.95,42.95,48.48,48.48,12.50,12.50
Australia,AUS,20200321,0.00,,0.00,,2.00,0,2.00,1,0.00,,0.00,,2.00,0,4.00,1.00,0,0.00,0.00,0.00,2.00,1,1.00,2.00,7530897.00,0.00,,874,7,44.44,44.44,47.62,47.62,42.95,42.95,48.48,48.48,12.50,12.50
Australia,AUS,20200322,0.00,,0.00,,2.00,0,2.00,1,0.00,,0.00,,2.00,0,4.00,1.00,1,0.00,37998624468.00,0.00,2.00,1,1.00,2.00,0.00,7473254.00,,1098,7,44.44,44.44,47.62,47.62,44.87,44.87,48.48,48.48,25.00,25.00
Australia,AUS,20200323,0.00,,2.00,0,2.00,0,2.00,1,0.00,,0.00,,2.00,0,4.00,1.00,1,0.00,0.00,0.00,2.00,1,1.00,1.00,0.00,0.00,,1709,7,50.00,50.00,54.76,54.76,44.87,44.87,48.48,48.48,25.00,25.00
Australia,AUS,20200324,3.00,0,2.00,0,2.00,0,3.00,0,0.00,,1.00,1,2.00,0,4.00,1.00,1,0.00,0.00,0.00,2.00,1,1.00,1.00,0.00,0.00,,1823,7,64.35,64.35,65.48,65.48,54.81,54.81,60.23,60.23,25.00,25.00
Australia,AUS,20200325,3.00,0,2.00,0,2.00,0,3.00,0,0.00,,1.00,1,2.00,0,4.00,1.00,1,2.00,0.00,0.00,2.00,1,1.00,1.00,0.00,0.00,,2423,8,64.35,64.35,65.48,65.48,62.50,62.50,60.23,60.23,75.00,75.00
Australia,AUS,20200326,3.00,0,2.00,0,2.00,0,3.00,0,0.00,,1.00,1,2.00,0,4.00,1.00,1,2.00,0.00,0.00,2.00,1,1.00,1.00,0.00,0.00,,2799,11,64.35,64.35,65.48,65.48,62.50,62.50,60.23,60.23,75.00,75.00
Australia,AUS,20200327,3.00,0,2.00,0,2.00,0,3.00,0,0.00,,1.00,1,2.00,0,4.00,1.00,1,2.00,0.00,0.00,2.00,1,1.00,1.00,0.00,0.00,,3166,13,64.35,64.35,65.48,65.48,62.50,62.50,60.23,60.23,75.00,75.00
Australia,AUS,20200328,3.00,0,2.00,0,2.00,0,3.00,0,0.00,,1.00,1,2.00,0,4.00,1.00,1,2.00,0.00,0.00,2.00,1,1.00,1.00,0.00,0.00,,3378,13,64.35,64.35,65.48,65.48,62.50,62.50,60.23,60.23,75.00,75.00
Australia,AUS,20200329,3.00,0,2.00,0,2.00,1,4.00,1,0.00,,1.00,1,2.00,0,4.00,1.00,1,2.00,663117139.00,0.00,2.00,1,1.00,1.00,0.00,0.00,,3809,14,71.30,71.30,70.24,70.24,67.31,67.31,65.91,65.91,75.00,75.00
Australia,AUS,20200330,3.00,0,2.00,0,2.00,1,4.00,1,0.00,,1.00,1,2.00,0,4.00,1.00,1,2.00,80223000000.00,0.00,2.00,1,1.00,1.00,0.00,0.00,,4093,16,71.30,71.30,70.24,70.24,67.31,67.31,65.91,65.91,75.00,75.00
Australia,AUS,20200331,3.00,0,2.00,0,2.00,1,4.00,1,0.00,,1.00,1,2.00,0,4.00,1.00,1,2.00,0.00,0.00,2.00,1,1.00,1.00,0.00,0.00,,4557,19,71.30,71.30,70.24,70.24,67.31,67.31,65.91,65.91,75.00,75.00
Australia,AUS,20200401,3.00,0,2.00,0,2.00,1,4.00,1,0.00,,1.00,1,2.00,0,4.00,1.00,1,2.00,0.00,,2.00,1,1.00,1.00,0.00,0.00,,4707,20,71.30,71.30,70.24,70.24,67.31,67.31,65.91,65.91,75.00,75.00
Australia,AUS,20200402,3.00,0,2.00,0,2.00,1,4.00,1,0.00,,2.00,0,2.00,0,4.00,1.00,1,2.00,970999874.00,0.00,2.00,1,1.00,1.00,0.00,0.00,,4976,21,73.15,73.15,70.24,70.24,68.59,68.59,67.42,67.42,75.00,75.00
Australia,AUS,20200403,3.00,0,2.00,0,2.00,1,4.00,1,0.00,,2.00,0,2.00,0,4.00,1.00,1,2.00,0.00,0.00,2.00,1,1.00,1.00,0.00,0.00,,5224,23,73.15,73.15,70.24,70.24,68.59,68.59,67.42,67.42,75.00,75.00
Australia,AUS,20200404,3.00,0,2.00,0,2.00,1,4.00,1,0.00,,2.00,0,2.00,0,4.00,1.00,1,2.00,0.00,0.00,2.00,1,1.00,1.00,0.00,0.00,,5548,30,73.15,73.15,70.24,70.24,68.59,68.59,67.42,67.42,75.00,75.00
Australia,AUS,20200405,3.00,0,2.00,0,2.00,1,4.00,1,0.00,,2.00,0,2.00,0,4.00,1.00,1,2.00,0.00,0.00,2.00,1,1.00,1.00,0.00,0.00,,5687,34,73.15,73.15,70.24,70.24,68.59,68.59,67.42,67.42,75.00,75.00
Australia,AUS,20200406,3.00,0,2.00,0,2.00,1,4.00,1,0.00,,2.00,0,2.00,0,4.00,1.00,1,2.00,0.00,0.00,2.00,1,1.00,1.00,0.00,0.00,,5744,36,73.15,73.15,70.24,70.24,68.59,68.59,67.42,67.42,75.00,75.00
Australia,AUS,20200407,3.00,0,2.00,0,2.00,1,4.00,1,0.00,,2.00,0,2.00,0,4.00,1.00,1,2.00,0.00,0.00,2.00,1,1.00,1.00,0.00,0.00,,5844,42,73.15,73.15,70.24,70.24,68.59,68.59,67.42,67.42,75.00,75.00
Australia,AUS,20200408,3.00,0,2.00,0,2.00,1,4.00,1,0.00,,2.00,0,2.00,0,4.00,1.00,1,2.00,0.00,0.00,2.00,1,1.00,1.00,0.00,0.00,,5956,45,73.15,73.15,70.24,70.24,68.59,68.59,67.42,67.42,75.00,75.00
Australia,AUS,20200409,3.00,0,2.00,0,2.00,1,4.00,1,0.00,,2.00,0,2.00,0,4.00,1.00,1,2.00,0.00,0.00,2.00,1,1.00,1.00,0.00,0.00,,6052,50,73.15,73.15,70.24,70.24,68.59,68.59,67.42,67.42,75.00,75.00
Australia,AUS,20200410,3.00,0,2.00,0,2.00,1,4.00,1,0.00,,2.00,0,2.00,0,4.00,1.00,1,2.00,0.00,0.00,2.00,1,1.00,1.00,0.00,0.00,,6152,52,73.15,73.15,70.24,70.24,68.59,68.59,67.42,67.42,75.00,75.00
Australia,AUS,20200411,3.00,0,2.00,0,2.00,1,4.00,1,0.00,,2.00,0,2.00,0,4.00,1.00,1,2.00,0.00,0.00,2.00,1,1.00,1.00,0.00,0.00,,6238,54,73.15,73.15,70.24,70.24,68.59,68.59,67.42,67.42,75.00,75.00
Australia,AUS,20200412,3.00,0,2.00,0,2.00,1,4.00,1,0.00,,2.00,0,2.00,0,4.00,1.00,1,2.00,0.00,0.00,2.00,1,1.00,1.00,0.00,0.00,,6289,57,73.15,73.15,70.24,70.24,68.59,68.59,67.42,67.42,75.00,75.00
Australia,AUS,20200413,3.00,0,2.00,0,2.00,1,4.00,1,0.00,,2.00,0,2.00,0,4.00,1.00,1,2.00,0.00,0.00,2.00,1,1.00,1.00,0.00,0.00,,6322,61,73.15,73.15,70.24,70.24,68.59,68.59,67.42,67.42,75.00,75.00
Australia,AUS,20200414,3.00,0,2.00,0,2.00,1,4.00,1,0.00,,2.00,0,2.00,0,4.00,1.00,1,2.00,0.00,0.00,2.00,1,1.00,1.00,0.00,0.00,,6366,61,73.15,73.15,70.24,70.24,68.59,68.59,67.42,67.42,75.00,75.00
Australia,AUS,20200415,3.00,0,2.00,0,2.00,1,4.00,1,0.00,,2.00,0,2.00,0,4.00,1.00,1,2.00,0.00,0.00,2.00,1,1.00,1.00,0.00,0.00,,6416,61,73.15,73.15,70.24,70.24,68.59,68.59,67.42,67.42,75.00,75.00
Australia,AUS,20200416,3.00,0,2.00,0,2.00,1,4.00,1,0.00,,2.00,0,2.00,0,4.00,1.00,1,2.00,0.00,0.00,2.00,1,1.00,1.00,0.00,0.00,,6458,63,73.15,73.15,70.24,70.24,68.59,68.59,67.42,67.42,75.00,75.00
Australia,AUS,20200417,3.00,0,2.00,0,2.00,1,4.00,1,0.00,,2.00,0,2.00,0,4.00,1.00,1,2.00,0.00,0.00,2.00,1,1.00,1.00,0.00,0.00,,6497,63,73.15,73.15,70.24,70.24,68.59,68.59,67.42,67.42,75.00,75.00
Australia,AUS,20200418,2.00,0,2.00,0,2.00,1,4.00,1,0.00,,2.00,0,2.00,0,4.00,1.00,1,2.00,0.00,0.00,2.00,1,1.00,1.00,0.00,0.00,,6533,67,69.44,69.44,66.67,66.67,66.03,66.03,64.39,64.39,75.00,75.00
Australia,AUS,20200419,2.00,0,2.00,0,2.00,1,4.00,1,0.00,,2.00,0,2.00,0,4.00,1.00,1,2.00,0.00,0.00,2.00,1,1.00,1.00,0.00,0.00,,6586,69,69.44,69.44,66.67,66.67,66.03,66.03,64.39,64.39,75.00,75.00
Australia,AUS,20200420,2.00,0,2.00,0,2.00,1,4.00,1,0.00,,2.00,0,2.00,0,4.00,1.00,1,2.00,0.00,0.00,2.00,1,1.00,1.00,0.00,0.00,,6612,70,69.44,69.44,66.67,66.67,66.03,66.03,64.39,64.39,75.00,75.00
Australia,AUS,20200421,2.00,0,2.00,0,2.00,1,4.00,1,0.00,,2.00,0,2.00,0,4.00,1.00,1,2.00,0.00,0.00,2.00,1,1.00,1.00,0.00,0.00,,6625,71,69.44,69.44,66.67,66.67,66.03,66.03,64.39,64.39,75.00,75.00
Australia,AUS,20200422,2.00,0,2.00,0,2.00,1,4.00,1,0.00,,2.00,0,2.00,0,4.00,1.00,1,2.00,0.00,0.00,2.00,1,1.00,1.00,0.00,0.00,,6647,74,69.44,69.44,66.67,66.67,66.03,66.03,64.39,64.39,75.00,75.00
Australia,AUS,20200423,2.00,0,2.00,0,2.00,1,4.00,1,0.00,,2.00,0,2.00,0,4.00,1.00,1,2.00,0.00,0.00,2.00,1,1.00,1.00,0.00,0.00,,6654,74,69.44,69.44,66.67,66.67,66.03,66.03,64.39,64.39,75.00,75.00
Australia,AUS,20200424,2.00,0,2.00,0,2.00,1,4.00,1,0.00,,2.00,0,2.00,0,4.00,1.00,1,2.00,0.00,0.00,2.00,1,1.00,1.00,0.00,0.00,,6667,75,69.44,69.44,66.67,66.67,66.03,66.03,64.39,64.39,75.00,75.00
Australia,AUS,20200425,2.00,0,2.00,0,2.00,1,4.00,1,0.00,,2.00,0,2.00,0,4.00,1.00,1,2.00,0.00,0.00,2.00,1,1.00,1.00,0.00,0.00,,6687,79,69.44,69.44,66.67,66.67,66.03,66.03,64.39,64.39,75.00,75.00
Australia,AUS,20200426,2.00,0,2.00,0,2.00,1,4.00,1,0.00,,2.00,0,2.00,0,4.00,1.00,1,2.00,0.00,0.00,2.00,1,1.00,1.00,0.00,0.00,,6703,81,69.44,69.44,66.67,66.67,66.03,66.03,64.39,64.39,75.00,75.00
Australia,AUS,20200427,2.00,0,2.00,0,2.00,1,4.00,1,0.00,,2.00,0,2.00,0,4.00,1.00,1,2.00,0.00,0.00,2.00,1,1.00,1.00,0.00,0.00,,6713,83,69.44,69.44,66.67,66.67,66.03,66.03,64.39,64.39,75.00,75.00
Australia,AUS,20200428,2.00,0,2.00,0,2.00,1,4.00,1,0.00,,2.00,0,2.00,0,4.00,1.00,1,2.00,0.00,0.00,2.00,1,1.00,1.00,0.00,0.00,,6725,84,69.44,69.44,66.67,66.67,66.03,66.03,64.39,64.39,75.00,75.00
Australia,AUS,20200429,2.00,0,2.00,0,2.00,1,4.00,1,0.00,,2.00,0,2.00,0,4.00,1.00,1,2.00,0.00,0.00,2.00,1,1.00,1.00,0.00,0.00,,6738,88,69.44,69.44,66.67,66.67,66.03,66.03,64.39,64.39,75.00,75.00
Australia,AUS,20200430,2.00,0,2.00,0,2.00,1,4.00,1,0.00,,2.00,0,2.00,0,4.00,1.00,1,2.00,0.00,0.00,2.00,1,1.00,1.00,0.00,0.00,,6746,90,69.44,69.44,66.67,66.67,66.03,66.03,64.39,64.39,75.00,75.00
Australia,AUS,20200501,2.00,0,2.00,0,2.00,1,4.00,1,0.00,,2.00,0,2.00,0,4.00,1.00,1,2.00,0.00,0.00,2.00,1,1.00,1.00,0.00,0.00,,6762,92,69.44,69.44,66.67,66.67,66.03,66.03,64.39,64.39,75.00,75.00
Australia,AUS,20200502,2.00,0,2.00,0,2.00,1,4.00,1,0.00,,2.00,0,2.00,0,4.00,1.00,1,2.00,0.00,0.00,2.00,1,1.00,1.00,0.00,0.00,,6767,93,69.44,69.44,66.67,66.67,66.03,66.03,64.39,64.39,75.00,75.00
Australia,AUS,20200503,2.00,0,2.00,0,2.00,1,4.00,1,0.00,,2.00,0,2.00,0,4.00,1.00,1,2.00,0.00,0.00,2.00,1,1.00,1.00,0.00,0.00,,6783,93,69.44,69.44,66.67,66.67,66.03,66.03,64.39,64.39,75.00,75.00
Australia,AUS,20200504,2.00,0,2.00,0,2.00,1,4.00,1,0.00,,2.00,0,2.00,0,4.00,1.00,1,2.00,0.00,0.00,2.00,1,1.00,1.00,0.00,0.00,,6801,95,69.44,69.44,66.67,66.67,66.03,66.03,64.39,64.39,75.00,75.00
Australia,AUS,20200505,2.00,0,2.00,0,2.00,1,4.00,1,0.00,,2.00,0,2.00,0,4.00,1.00,1,2.00,0.00,0.00,2.00,1,1.00,1.00,0.00,0.00,,6825,95,69.44,69.44,66.67,66.67,66.03,66.03,64.39,64.39,75.00,75.00
Australia,AUS,20200506,2.00,0,2.00,0,2.00,1,4.00,1,0.00,,2.00,0,2.00,0,4.00,1.00,1,2.00,0.00,0.00,2.00,1,1.00,1.00,0.00,0.00,,6849,96,69.44,69.44,66.67,66.67,66.03,66.03,64.39,64.39,75.00,75.00
Australia,AUS,20200507,2.00,0,2.00,0,2.00,1,4.00,1,0.00,,2.00,0,2.00,0,4.00,1.00,1,2.00,0.00,0.00,2.00,1,1.00,1.00,0.00,0.00,,6875,97,69.44,69.44,66.67,66.67,66.03,66.03,64.39,64.39,75.00,75.00
Australia,AUS,20200508,2.00,0,2.00,0,2.00,1,4.00,1,0.00,,2.00,0,2.00,0,4.00,1.00,1,2.00,0.00,0.00,2.00,1,1.00,1.00,0.00,0.00,,6896,97,69.44,69.44,66.67,66.67,66.03,66.03,64.39,64.39,75.00,75.00
Australia,AUS,20200509,2.00,0,2.00,0,2.00,1,4.00,1,0.00,,2.00,0,2.00,0,4.00,1.00,1,2.00,0.00,0.00,2.00,1,1.00,1.00,0.00,0.00,,6914,97,69.44,69.44,66.67,66.67,66.03,66.03,64.39,64.39,75.00,75.00
Australia,AUS,20200510,2.00,0,2.00,0,2.00,1,4.00,1,0.00,,2.00,0,2.00,0,4.00,1.00,1,2.00,0.00,0.00,2.00,1,1.00,1.00,0.00,0.00,,6929,97,69.44,69.44,66.67,66.67,66.03,66.03,64.39,64.39,75.00,75.00
Australia,AUS,20200511,2.00,0,2.00,0,2.00,1,4.00,1,0.00,,2.00,0,2.00,0,4.00,1.00,1,2.00,0.00,0.00,2.00,1,1.00,1.00,0.00,0.00,,6941,97,69.44,69.44,66.67,66.67,66.03,66.03,64.39,64.39,75.00,75.00
Australia,AUS,20200512,2.00,0,2.00,0,2.00,1,4.00,1,0.00,,2.00,0,2.00,0,4.00,1.00,1,2.00,0.00,0.00,2.00,1,1.00,1.00,0.00,0.00,,6948,97,69.44,69.44,66.67,66.67,66.03,66.03,64.39,64.39,75.00,75.00
Australia,AUS,20200513,2.00,0,2.00,0,2.00,1,4.00,1,0.00,,2.00,0,2.00,0,4.00,1.00,1,2.00,0.00,0.00,2.00,1,1.00,1.00,0.00,0.00,,6964,97,69.44,69.44,66.67,66.67,66.03,66.03,64.39,64.39,75.00,75.00
Australia,AUS,20200514,2.00,0,2.00,0,2.00,1,4.00,1,0.00,,2.00,0,2.00,0,4.00,1.00,1,2.00,0.00,0.00,2.00,1,1.00,1.00,0.00,0.00,,6975,98,69.44,69.44,66.67,66.67,66.03,66.03,64.39,64.39,75.00,75.00
Australia,AUS,20200515,2.00,0,1.00,1,2.00,1,4.00,1,0.00,,1.00,1,2.00,0,4.00,1.00,1,2.00,0.00,0.00,2.00,1,2.00,1.00,0.00,0.00,,6989,98,65.74,65.74,66.67,66.67,66.03,66.03,64.39,64.39,75.00,75.00
Australia,AUS,20200516,2.00,0,1.00,1,2.00,1,4.00,0,0.00,,1.00,1,2.00,0,4.00,1.00,1,2.00,0.00,0.00,2.00,1,2.00,1.00,0.00,0.00,,7019,98,64.35,64.35,66.67,66.67,65.06,65.06,63.26,63.26,75.00,75.00
Australia,AUS,20200517,2.00,0,1.00,1,2.00,1,4.00,0,0.00,,1.00,1,2.00,0,4.00,1.00,1,2.00,0.00,0.00,2.00,1,2.00,1.00,0.00,0.00,,7036,98,64.35,64.35,66.67,66.67,65.06,65.06,63.26,63.26,75.00,75.00
Australia,AUS,20200518,2.00,0,1.00,1,2.00,1,4.00,0,0.00,,1.00,1,2.00,0,4.00,1.00,1,2.00,0.00,0.00,2.00,1,2.00,1.00,0.00,0.00,,7045,98,64.35,64.35,66.67,66.67,65.06,65.06,63.26,63.26,75.00,75.00
Australia,AUS,20200519,2.00,0,1.00,1,2.00,1,4.00,0,0.00,,1.00,1,2.00,0,4.00,1.00,1,2.00,0.00,0.00,2.00,1,2.00,1.00,0.00,0.00,,7060,99,64.35,64.35,66.67,66.67,65.06,65.06,63.26,63.26,75.00,75.00
Australia,AUS,20200520,2.00,0,1.00,1,2.00,1,4.00,0,0.00,,1.00,1,2.00,0,4.00,1.00,1,2.00,0.00,0.00,2.00,1,2.00,1.00,0.00,0.00,,7068,99,64.35,64.35,66.67,66.67,65.06,65.06,63.26,63.26,75.00,75.00
Australia,AUS,20200521,2.00,0,1.00,1,2.00,1,4.00,0,0.00,,1.00,1,2.00,0,4.00,1.00,1,2.00,0.00,0.00,2.00,1,2.00,1.00,0.00,0.00,,7079,100,64.35,64.35,66.67,66.67,65.06,65.06,63.26,63.26,75.00,75.00
Australia,AUS,20200522,2.00,0,1.00,1,2.00,1,4.00,0,0.00,,1.00,1,2.00,0,4.00,1.00,1,2.00,0.00,0.00,2.00,1,2.00,1.00,0.00,0.00,,7081,100,64.35,64.35,66.67,66.67,65.06,65.06,63.26,63.26,75.00,75.00
Australia,AUS,20200523,2.00,0,1.00,1,2.00,1,4.00,0,0.00,,1.00,1,2.00,0,4.00,1.00,1,2.00,0.00,0.00,2.00,1,2.00,1.00,0.00,0.00,,7095,101,64.35,64.35,66.67,66.67,65.06,65.06,63.26,63.26,75.00,75.00
Australia,AUS,20200524,2.00,0,1.00,1,2.00,1,4.00,0,0.00,,1.00,1,2.00,0,4.00,1.00,1,2.00,0.00,0.00,2.00,1,2.00,1.00,0.00,0.00,,7106,102,64.35,64.35,66.67,66.67,65.06,65.06,63.26,63.26,75.00,75.00
Australia,AUS,20200525,2.00,0,1.00,1,2.00,1,4.00,0,0.00,,1.00,0,2.00,0,4.00,1.00,1,2.00,0.00,0.00,2.00,1,2.00,1.00,0.00,0.00,,7109,102,62.50,62.50,66.67,66.67,63.78,63.78,61.74,61.74,75.00,75.00
Australia,AUS,20200526,2.00,0,1.00,1,2.00,1,4.00,0,0.00,,1.00,0,2.00,0,4.00,1.00,1,2.00,0.00,0.00,2.00,1,2.00,1.00,0.00,0.00,,7118,102,62.50,62.50,66.67,66.67,63.78,63.78,61.74,61.74,75.00,75.00
Australia,AUS,20200527,2.00,0,1.00,1,2.00,1,4.00,0,0.00,,1.00,0,2.00,0,4.00,1.00,1,2.00,0.00,0.00,2.00,1,2.00,1.00,0.00,0.00,,7133,102,62.50,62.50,66.67,66.67,63.78,63.78,61.74,61.74,75.00,75.00
Australia,AUS,20200528,2.00,0,1.00,1,2.00,1,4.00,0,0.00,,1.00,0,2.00,0,4.00,1.00,1,2.00,0.00,0.00,2.00,1,2.00,1.00,0.00,0.00,,7139,102,62.50,62.50,66.67,66.67,63.78,63.78,61.74,61.74,75.00,75.00
Australia,AUS,20200529,2.00,0,1.00,1,2.00,1,4.00,0,0.00,,0.00,,2.00,0,4.00,1.00,1,2.00,0.00,185925761.00,2.00,1,2.00,1.00,0.00,0.00,,7150,102,60.65,60.65,66.67,66.67,62.50,62.50,60.23,60.23,75.00,75.00
Australia,AUS,20200530,2.00,0,1.00,1,2.00,1,4.00,0,0.00,,0.00,,2.00,0,4.00,1.00,1,2.00,0.00,0.00,2.00,1,2.00,1.00,0.00,0.00,,7173,102,60.65,60.65,66.67,66.67,62.50,62.50,60.23,60.23,75.00,75.00
Australia,AUS,20200531,2.00,0,1.00,1,2.00,1,4.00,0,0.00,,0.00,,2.00,0,4.00,1.00,1,2.00,0.00,0.00,2.00,1,2.00,1.00,0.00,0.00,,7185,102,60.65,60.65,66.67,66.67,62.50,62.50,60.23,60.23,75.00,75.00
Australia,AUS,20200601,2.00,0,1.00,1,2.00,1,3.00,1,0.00,,0.00,,2.00,0,4.00,1.00,1,2.00,0.00,6123664.00,2.00,1,2.00,1.00,0.00,0.00,,7195,102,59.26,59.26,66.67,66.67,61.54,61.54,59.09,59.09,75.00,75.00
Australia,AUS,20200602,2.00,0,1.00,1,2.00,1,3.00,1,0.00,,0.00,,2.00,0,4.00,1.00,1,2.00,0.00,0.00,2.00,1,2.00,1.00,0.00,39414018.00,,7204,102,59.26,59.26,66.67,66.67,61.54,61.54,59.09,59.09,75.00,75.00
Australia,AUS,20200603,2.00,0,1.00,1,2.00,1,3.00,1,0.00,,0.00,,2.00,0,4.00,1.00,1,2.00,0.00,0.00,2.00,1,2.00,1.00,0.00,0.00,,7221,102,59.26,59.26,66.67,66.67,61.54,61.54,59.09,59.09,75.00,75.00
Australia,AUS,20200604,2.00,0,1.00,1,2.00,1,3.00,1,0.00,,0.00,,2.00,0,4.00,1.00,1,2.00,0.00,0.00,2.00,1,2.00,1.00,0.00,0.00,,7229,102,59.26,59.26,66.67,66.67,61.54,61.54,59.09,59.09,75.00,75.00
Australia,AUS,20200605,2.00,0,1.00,1,2.00,1,3.00,1,0.00,,0.00,,2.00,0,4.00,1.00,1,2.00,0.00,0.00,2.00,1,2.00,1.00,0.00,0.00,,7240,102,59.26,59.26,66.67,66.67,61.54,61.54,59.09,59.09,75.00,75.00
Australia,AUS,20200606,2.00,0,1.00,1,2.00,1,3.00,1,0.00,,0.00,,2.00,0,4.00,1.00,1,2.00,0.00,0.00,2.00,1,2.00,1.00,0.00,0.00,,7251,102,59.26,59.26,66.67,66.67,61.54,61.54,59.09,59.09,75.00,75.00
Australia,AUS,20200607,2.00,0,1.00,1,2.00,1,3.00,1,0.00,,0.00,,2.00,0,4.00,1.00,1,2.00,0.00,0.00,2.00,1,2.00,1.00,0.00,0.00,,7255,102,59.26,59.26,66.67,66.67,61.54,61.54,59.09,59.09,75.00,75.00
Australia,AUS,20200608,2.00,0,1.00,1,2.00,1,3.00,1,0.00,,0.00,,2.00,0,4.00,1.00,1,2.00,0.00,0.00,2.00,1,2.00,1.00,0.00,0.00,,7260,102,59.26,59.26,66.67,66.67,61.54,61.54,59.09,59.09,75.00,75.00
Australia,AUS,20200609,0.00,,1.00,1,2.00,1,3.00,1,0.00,,0.00,,2.00,0,4.00,1.00,1,2.00,0.00,0.00,2.00,1,2.00,1.00,0.00,0.00,,7265,102,53.70,53.70,59.52,59.52,57.69,57.69,54.55,54.55,75.00,75.00
Australia,AUS,20200610,0.00,,1.00,1,2.00,1,3.00,1,0.00,,0.00,,2.00,0,4.00,1.00,1,2.00,0.00,0.00,2.00,1,2.00,1.00,0.00,0.00,,7267,102,53.70,53.70,59.52,59.52,57.69,57.69,54.55,54.55,75.00,75.00
Australia,AUS,20200611,0.00,,1.00,1,2.00,1,3.00,1,0.00,,0.00,,2.00,0,4.00,1.00,1,2.00,0.00,0.00,2.00,1,2.00,1.00,0.00,0.00,,7276,102,53.70,53.70,59.52,59.52,57.69,57.69,54.55,54.55,75.00,75.00
Australia,AUS,20200612,0.00,,1.00,1,1.00,0,2.00,0,0.00,,0.00,,1.00,0,4.00,1.00,1,2.00,0.00,0.00,2.00,1,2.00,1.00,0.00,0.00,,7285,102,35.65,35.65,46.19,46.19,45.19,45.19,39.77,39.77,75.00,75.00
Australia,AUS,20200613,0.00,,1.00,1,1.00,0,2.00,0,0.00,,0.00,,1.00,0,4.00,1.00,1,2.00,0.00,0.00,2.00,1,2.00,1.00,0.00,0.00,,7290,102,35.65,35.65,46.19,46.19,45.19,45.19,39.77,39.77,75.00,75.00
Australia,AUS,20200614,0.00,,1.00,1,1.00,0,2.00,0,0.00,,0.00,,1.00,0,4.00,1.00,1,2.00,0.00,0.00,2.00,1,2.00,1.00,0.00,0.00,,7302,102,35.65,35.65,46.19,46.19,45.19,45.19,39.77,39.77,75.00,75.00
Australia,AUS,20200615,0.00,,1.00,1,1.00,0,2.00,0,0.00,,0.00,,1.00,0,4.00,1.00,1,2.00,0.00,0.00,2.00,1,2.00,1.00,0.00,0.00,,7320,102,35.65,35.65,46.19,46.19,45.19,45.19,39.77,39.77,75.00,75.00
Australia,AUS,20200616,0.00,,1.00,1,1.00,0,2.00,0,0.00,,0.00,,1.00,0,4.00,1.00,1,2.00,344000000.00,0.00,2.00,1,2.00,1.00,267992561.00,0.00,,7335,102,35.65,35.65,46.19,46.19,45.19,45.19,39.77,39.77,75.00,75.00
Australia,AUS,20200617,0.00,,1.00,1,1.00,0,2.00,0,0.00,,0.00,,1.00,0,4.00,1.00,1,2.00,0.00,0.00,2.00,1,2.00,1.00,0.00,0.00,,7347,102,35.65,35.65,46.19,46.19,45.19,45.19,39.77,39.77,75.00,75.00
Australia,AUS,20200618,0.00,,1.00,1,1.00,0,2.00,0,0.00,,0.00,,1.00,0,4.00,1.00,1,2.00,0.00,0.00,2.00,1,2.00,1.00,0.00,0.00,,7370,102,35.65,35.65,46.19,46.19,45.19,45.19,39.77,39.77,75.00,75.00
Australia,AUS,20200619,0.00,,1.00,1,1.00,0,2.00,0,0.00,,0.00,,1.00,0,4.00,1.00,1,2.00,0.00,0.00,2.00,1,2.00,1.00,0.00,0.00,,7391,102,35.65,35.65,46.19,46.19,45.19,45.19,39.77,39.77,75.00,75.00
Australia,AUS,20200620,0.00,,1.00,1,1.00,0,2.00,0,0.00,,0.00,,1.00,0,4.00,1.00,1,2.00,0.00,0.00,2.00,1,2.00,1.00,0.00,0.00,,7409,102,35.65,35.65,46.19,46.19,45.19,45.19,39.77,39.77,75.00,75.00
Australia,AUS,20200621,0.00,,1.00,1,1.00,0,2.00,0,0.00,,0.00,,1.00,0,4.00,1.00,1,2.00,0.00,0.00,2.00,1,2.00,1.00,0.00,0.00,,7436,102,35.65,35.65,46.19,46.19,45.19,45.19,39.77,39.77,75.00,75.00
Australia,AUS,20200622,0.00,,1.00,1,1.00,0,2.00,0,0.00,,0.00,,1.00,0,4.00,1.00,1,2.00,0.00,0.00,2.00,1,2.00,1.00,0.00,0.00,,7461,102,35.65,35.65,46.19,46.19,45.19,45.19,39.77,39.77,75.00,75.00
Australia,AUS,20200623,,,,,,,,,,,,,,,,,,,,,,,,,,,,7474,102,,35.65,,46.19,,45.19,,39.77,,75.00
