Azerbaijan,AZE,20200101,0.00,,0.00,,0.00,,0.00,,0.00,,0.00,,0.00,,0.00,0.00,,0.00,0.00,0.00,0.00,,0.00,0.00,0.00,0.00,,0,0,0.00,0.00,0.00,0.00,0.00,0.00,0.00,0.00,0.00,0.00
Azerbaijan,AZE,20200102,0.00,,0.00,,0.00,,0.00,,0.00,,0.00,,0.00,,0.00,0.00,,0.00,0.00,0.00,0.00,,0.00,0.00,0.00,0.00,,0,0,0.00,0.00,0.00,0.00,0.00,0.00,0.00,0.00,0.00,0.00
Azerbaijan,AZE,20200103,0.00,,0.00,,0.00,,0.00,,0.00,,0.00,,0.00,,0.00,0.00,,0.00,0.00,0.00,0.00,,0.00,0.00,0.00,0.00,,0,0,0.00,0.00,0.00,0.00,0.00,0.00,0.00,0.00,0.00,0.00
Azerbaijan,AZE,20200104,0.00,,0.00,,0.00,,0.00,,0.00,,0.00,,0.00,,0.00,0.00,,0.00,0.00,0.00,0.00,,0.00,0.00,0.00,0.00,,0,0,0.00,0.00,0.00,0.00,0.00,0.00,0.00,0.00,0.00,0.00
Azerbaijan,AZE,20200105,0.00,,0.00,,0.00,,0.00,,0.00,,0.00,,0.00,,0.00,0.00,,0.00,0.00,0.00,0.00,,0.00,0.00,0.00,0.00,,0,0,0.00,0.00,0.00,0.00,0.00,0.00,0.00,0.00,0.00,0.00
Azerbaijan,AZE,20200106,0.00,,0.00,,0.00,,0.00,,0.00,,0.00,,0.00,,0.00,0.00,,0.00,0.00,0.00,0.00,,0.00,0.00,0.00,0.00,,0,0,0.00,0.00,0.00,0.00,0.00,0.00,0.00,0.00,0.00,0.00
Azerbaijan,AZE,20200107,0.00,,0.00,,0.00,,0.00,,0.00,,0.00,,0.00,,0.00,0.00,,0.00,0.00,0.00,0.00,,0.00,0.00,0.00,0.00,,0,0,0.00,0.00,0.00,0.00,0.00,0.00,0.00,0.00,0.00,0.00
Azerbaijan,AZE,20200108,0.00,,0.00,,0.00,,0.00,,0.00,,0.00,,0.00,,0.00,0.00,,0.00,0.00,0.00,0.00,,0.00,0.00,0.00,0.00,,0,0,0.00,0.00,0.00,0.00,0.00,0.00,0.00,0.00,0.00,0.00
Azerbaijan,AZE,20200109,0.00,,0.00,,0.00,,0.00,,0.00,,0.00,,0.00,,0.00,0.00,,0.00,0.00,0.00,0.00,,0.00,0.00,0.00,0.00,,0,0,0.00,0.00,0.00,0.00,0.00,0.00,0.00,0.00,0.00,0.00
Azerbaijan,AZE,20200110,0.00,,0.00,,0.00,,0.00,,0.00,,0.00,,0.00,,0.00,0.00,,0.00,0.00,0.00,0.00,,0.00,0.00,0.00,0.00,,0,0,0.00,0.00,0.00,0.00,0.00,0.00,0.00,0.00,0.00,0.00
Azerbaijan,AZE,20200111,0.00,,0.00,,0.00,,0.00,,0.00,,0.00,,0.00,,0.00,0.00,,0.00,0.00,0.00,0.00,,0.00,0.00,0.00,0.00,,0,0,0.00,0.00,0.00,0.00,0.00,0.00,0.00,0.00,0.00,0.00
Azerbaijan,AZE,20200112,0.00,,0.00,,0.00,,0.00,,0.00,,0.00,,0.00,,0.00,0.00,,0.00,0.00,0.00,0.00,,0.00,0.00,0.00,0.00,,0,0,0.00,0.00,0.00,0.00,0.00,0.00,0.00,0.00,0.00,0.00
Azerbaijan,AZE,20200113,0.00,,0.00,,0.00,,0.00,,0.00,,0.00,,0.00,,0.00,0.00,,0.00,0.00,0.00,0.00,,0.00,0.00,0.00,0.00,,0,0,0.00,0.00,0.00,0.00,0.00,0.00,0.00,0.00,0.00,0.00
Azerbaijan,AZE,20200114,0.00,,0.00,,0.00,,0.00,,0.00,,0.00,,0.00,,0.00,0.00,,0.00,0.00,0.00,0.00,,0.00,0.00,0.00,0.00,,0,0,0.00,0.00,0.00,0.00,0.00,0.00,0.00,0.00,0.00,0.00
Azerbaijan,AZE,20200115,0.00,,0.00,,0.00,,0.00,,0.00,,0.00,,0.00,,0.00,0.00,,0.00,0.00,0.00,0.00,,0.00,0.00,0.00,0.00,,0,0,0.00,0.00,0.00,0.00,0.00,0.00,0.00,0.00,0.00,0.00
Azerbaijan,AZE,20200116,0.00,,0.00,,0.00,,0.00,,0.00,,0.00,,0.00,,0.00,0.00,,0.00,0.00,0.00,0.00,,0.00,0.00,0.00,0.00,,0,0,0.00,0.00,0.00,0.00,0.00,0.00,0.00,0.00,0.00,0.00
Azerbaijan,AZE,20200117,0.00,,0.00,,0.00,,0.00,,0.00,,0.00,,0.00,,0.00,0.00,,0.00,0.00,0.00,0.00,,0.00,0.00,0.00,0.00,,0,0,0.00,0.00,0.00,0.00,0.00,0.00,0.00,0.00,0.00,0.00
Azerbaijan,AZE,20200118,0.00,,0.00,,0.00,,0.00,,0.00,,0.00,,0.00,,0.00,0.00,,0.00,0.00,0.00,0.00,,0.00,0.00,0.00,0.00,,0,0,0.00,0.00,0.00,0.00,0.00,0.00,0.00,0.00,0.00,0.00
Azerbaijan,AZE,20200119,0.00,,0.00,,0.00,,0.00,,0.00,,0.00,,0.00,,0.00,0.00,,0.00,0.00,0.00,0.00,,0.00,0.00,0.00,0.00,,0,0,0.00,0.00,0.00,0.00,0.00,0.00,0.00,0.00,0.00,0.00
Azerbaijan,AZE,20200120,0.00,,0.00,,0.00,,0.00,,0.00,,0.00,,0.00,,0.00,0.00,,0.00,0.00,0.00,0.00,,0.00,0.00,0.00,0.00,,0,0,0.00,0.00,0.00,0.00,0.00,0.00,0.00,0.00,0.00,0.00
Azerbaijan,AZE,20200121,0.00,,0.00,,0.00,,0.00,,0.00,,0.00,,0.00,,0.00,0.00,,0.00,0.00,0.00,0.00,,0.00,0.00,0.00,0.00,,0,0,0.00,0.00,0.00,0.00,0.00,0.00,0.00,0.00,0.00,0.00
Azerbaijan,AZE,20200122,0.00,,0.00,,0.00,,0.00,,0.00,,0.00,,0.00,,0.00,0.00,,0.00,0.00,0.00,0.00,,0.00,0.00,0.00,0.00,,0,0,0.00,0.00,0.00,0.00,0.00,0.00,0.00,0.00,0.00,0.00
Azerbaijan,AZE,20200123,0.00,,0.00,,0.00,,0.00,,0.00,,0.00,,0.00,,0.00,0.00,,0.00,0.00,0.00,0.00,,0.00,0.00,0.00,0.00,,0,0,0.00,0.00,0.00,0.00,0.00,0.00,0.00,0.00,0.00,0.00
Azerbaijan,AZE,20200124,0.00,,0.00,,0.00,,0.00,,0.00,,0.00,,0.00,,0.00,0.00,,0.00,0.00,0.00,0.00,,0.00,0.00,0.00,0.00,,0,0,0.00,0.00,0.00,0.00,0.00,0.00,0.00,0.00,0.00,0.00
Azerbaijan,AZE,20200125,0.00,,0.00,,0.00,,0.00,,0.00,,0.00,,0.00,,0.00,0.00,,0.00,0.00,0.00,0.00,,0.00,0.00,0.00,0.00,,0,0,0.00,0.00,0.00,0.00,0.00,0.00,0.00,0.00,0.00,0.00
Azerbaijan,AZE,20200126,0.00,,0.00,,0.00,,0.00,,0.00,,0.00,,0.00,,0.00,0.00,,0.00,0.00,0.00,0.00,,0.00,0.00,0.00,0.00,,0,0,0.00,0.00,0.00,0.00,0.00,0.00,0.00,0.00,0.00,0.00
Azerbaijan,AZE,20200127,0.00,,0.00,,0.00,,0.00,,0.00,,0.00,,0.00,,0.00,0.00,,0.00,0.00,0.00,0.00,,0.00,0.00,0.00,0.00,,0,0,0.00,0.00,0.00,0.00,0.00,0.00,0.00,0.00,0.00,0.00
Azerbaijan,AZE,20200128,0.00,,0.00,,0.00,,0.00,,0.00,,0.00,,0.00,,0.00,0.00,,0.00,0.00,0.00,0.00,,0.00,0.00,0.00,0.00,,0,0,0.00,0.00,0.00,0.00,0.00,0.00,0.00,0.00,0.00,0.00
Azerbaijan,AZE,20200129,0.00,,0.00,,0.00,,0.00,,0.00,,0.00,,0.00,,0.00,0.00,,0.00,0.00,0.00,0.00,,0.00,0.00,0.00,0.00,,0,0,0.00,0.00,0.00,0.00,0.00,0.00,0.00,0.00,0.00,0.00
Azerbaijan,AZE,20200130,0.00,,0.00,,0.00,,0.00,,0.00,,0.00,,0.00,,1.00,0.00,,0.00,0.00,0.00,0.00,,0.00,0.00,0.00,0.00,,0,0,2.78,2.78,3.57,3.57,1.92,1.92,2.27,2.27,0.00,0.00
Azerbaijan,AZE,20200131,0.00,,0.00,,0.00,,0.00,,0.00,,0.00,,0.00,,1.00,0.00,,0.00,0.00,0.00,0.00,,0.00,0.00,0.00,0.00,,0,0,2.78,2.78,3.57,3.57,1.92,1.92,2.27,2.27,0.00,0.00
Azerbaijan,AZE,20200201,0.00,,0.00,,0.00,,0.00,,0.00,,0.00,,0.00,,1.00,0.00,,0.00,0.00,0.00,0.00,,0.00,0.00,0.00,0.00,,0,0,2.78,2.78,3.57,3.57,1.92,1.92,2.27,2.27,0.00,0.00
Azerbaijan,AZE,20200202,0.00,,0.00,,0.00,,0.00,,0.00,,0.00,,0.00,,1.00,0.00,,0.00,0.00,0.00,0.00,,0.00,0.00,0.00,0.00,,0,0,2.78,2.78,3.57,3.57,1.92,1.92,2.27,2.27,0.00,0.00
Azerbaijan,AZE,20200203,0.00,,0.00,,0.00,,0.00,,0.00,,0.00,,0.00,,1.00,0.00,,0.00,0.00,0.00,0.00,,0.00,0.00,0.00,0.00,,0,0,2.78,2.78,3.57,3.57,1.92,1.92,2.27,2.27,0.00,0.00
Azerbaijan,AZE,20200204,0.00,,0.00,,0.00,,0.00,,0.00,,0.00,,0.00,,1.00,0.00,,0.00,0.00,0.00,0.00,,0.00,0.00,0.00,0.00,,0,0,2.78,2.78,3.57,3.57,1.92,1.92,2.27,2.27,0.00,0.00
Azerbaijan,AZE,20200205,0.00,,0.00,,0.00,,0.00,,0.00,,0.00,,0.00,,1.00,0.00,,0.00,0.00,0.00,0.00,,0.00,0.00,0.00,0.00,,0,0,2.78,2.78,3.57,3.57,1.92,1.92,2.27,2.27,0.00,0.00
Azerbaijan,AZE,20200206,0.00,,0.00,,0.00,,0.00,,0.00,,0.00,,0.00,,1.00,0.00,,0.00,0.00,0.00,0.00,,0.00,0.00,0.00,0.00,,0,0,2.78,2.78,3.57,3.57,1.92,1.92,2.27,2.27,0.00,0.00
Azerbaijan,AZE,20200207,0.00,,0.00,,0.00,,0.00,,0.00,,0.00,,0.00,,1.00,0.00,,0.00,0.00,0.00,0.00,,0.00,0.00,0.00,0.00,,0,0,2.78,2.78,3.57,3.57,1.92,1.92,2.27,2.27,0.00,0.00
Azerbaijan,AZE,20200208,0.00,,0.00,,0.00,,0.00,,0.00,,0.00,,0.00,,1.00,0.00,,0.00,0.00,0.00,0.00,,0.00,0.00,0.00,0.00,,0,0,2.78,2.78,3.57,3.57,1.92,1.92,2.27,2.27,0.00,0.00
Azerbaijan,AZE,20200209,0.00,,0.00,,0.00,,0.00,,0.00,,0.00,,0.00,,1.00,0.00,,0.00,0.00,0.00,0.00,,0.00,0.00,0.00,0.00,,0,0,2.78,2.78,3.57,3.57,1.92,1.92,2.27,2.27,0.00,0.00
Azerbaijan,AZE,20200210,0.00,,0.00,,0.00,,0.00,,0.00,,0.00,,0.00,,1.00,0.00,,0.00,0.00,0.00,0.00,,0.00,0.00,0.00,0.00,,0,0,2.78,2.78,3.57,3.57,1.92,1.92,2.27,2.27,0.00,0.00
Azerbaijan,AZE,20200211,0.00,,0.00,,0.00,,0.00,,0.00,,0.00,,0.00,,1.00,0.00,,0.00,0.00,0.00,0.00,,0.00,0.00,0.00,0.00,,0,0,2.78,2.78,3.57,3.57,1.92,1.92,2.27,2.27,0.00,0.00
Azerbaijan,AZE,20200212,0.00,,0.00,,0.00,,0.00,,0.00,,0.00,,0.00,,1.00,0.00,,0.00,0.00,0.00,0.00,,0.00,0.00,0.00,0.00,,0,0,2.78,2.78,3.57,3.57,1.92,1.92,2.27,2.27,0.00,0.00
Azerbaijan,AZE,20200213,0.00,,0.00,,0.00,,0.00,,0.00,,0.00,,0.00,,1.00,0.00,,0.00,0.00,0.00,0.00,,0.00,0.00,0.00,0.00,,0,0,2.78,2.78,3.57,3.57,1.92,1.92,2.27,2.27,0.00,0.00
Azerbaijan,AZE,20200214,0.00,,0.00,,0.00,,0.00,,0.00,,0.00,,0.00,,1.00,0.00,,0.00,0.00,0.00,0.00,,0.00,0.00,0.00,0.00,,0,0,2.78,2.78,3.57,3.57,1.92,1.92,2.27,2.27,0.00,0.00
Azerbaijan,AZE,20200215,0.00,,0.00,,0.00,,0.00,,0.00,,0.00,,0.00,,1.00,0.00,,0.00,0.00,0.00,0.00,,0.00,0.00,0.00,0.00,,0,0,2.78,2.78,3.57,3.57,1.92,1.92,2.27,2.27,0.00,0.00
Azerbaijan,AZE,20200216,0.00,,0.00,,0.00,,0.00,,0.00,,0.00,,0.00,,1.00,0.00,,0.00,0.00,0.00,0.00,,0.00,0.00,0.00,0.00,,0,0,2.78,2.78,3.57,3.57,1.92,1.92,2.27,2.27,0.00,0.00
Azerbaijan,AZE,20200217,0.00,,0.00,,0.00,,0.00,,0.00,,0.00,,0.00,,1.00,0.00,,0.00,0.00,0.00,0.00,,0.00,0.00,0.00,0.00,,0,0,2.78,2.78,3.57,3.57,1.92,1.92,2.27,2.27,0.00,0.00
Azerbaijan,AZE,20200218,0.00,,0.00,,0.00,,0.00,,0.00,,0.00,,0.00,,1.00,0.00,,0.00,0.00,0.00,0.00,,0.00,0.00,0.00,0.00,,0,0,2.78,2.78,3.57,3.57,1.92,1.92,2.27,2.27,0.00,0.00
Azerbaijan,AZE,20200219,0.00,,0.00,,0.00,,0.00,,0.00,,0.00,,0.00,,1.00,0.00,,0.00,0.00,0.00,0.00,,0.00,0.00,0.00,0.00,,0,0,2.78,2.78,3.57,3.57,1.92,1.92,2.27,2.27,0.00,0.00
Azerbaijan,AZE,20200220,0.00,,0.00,,0.00,,0.00,,0.00,,0.00,,0.00,,1.00,0.00,,0.00,0.00,0.00,0.00,,0.00,0.00,0.00,0.00,,0,0,2.78,2.78,3.57,3.57,1.92,1.92,2.27,2.27,0.00,0.00
Azerbaijan,AZE,20200221,0.00,,0.00,,0.00,,0.00,,0.00,,0.00,,0.00,,1.00,0.00,,0.00,0.00,0.00,0.00,,0.00,0.00,0.00,0.00,,0,0,2.78,2.78,3.57,3.57,1.92,1.92,2.27,2.27,0.00,0.00
Azerbaijan,AZE,20200222,0.00,,0.00,,0.00,,0.00,,0.00,,0.00,,0.00,,1.00,0.00,,0.00,0.00,0.00,0.00,,0.00,0.00,0.00,0.00,,0,0,2.78,2.78,3.57,3.57,1.92,1.92,2.27,2.27,0.00,0.00
Azerbaijan,AZE,20200223,0.00,,0.00,,0.00,,0.00,,0.00,,0.00,,0.00,,1.00,0.00,,0.00,0.00,0.00,0.00,,0.00,0.00,0.00,0.00,,0,0,2.78,2.78,3.57,3.57,1.92,1.92,2.27,2.27,0.00,0.00
Azerbaijan,AZE,20200224,0.00,,0.00,,0.00,,0.00,,0.00,,0.00,,0.00,,1.00,0.00,,0.00,0.00,0.00,0.00,,0.00,0.00,0.00,0.00,,0,0,2.78,2.78,3.57,3.57,1.92,1.92,2.27,2.27,0.00,0.00
Azerbaijan,AZE,20200225,0.00,,0.00,,0.00,,0.00,,0.00,,0.00,,0.00,,1.00,0.00,,0.00,0.00,0.00,0.00,,0.00,0.00,0.00,0.00,,0,0,2.78,2.78,3.57,3.57,1.92,1.92,2.27,2.27,0.00,0.00
Azerbaijan,AZE,20200226,0.00,,0.00,,0.00,,0.00,,0.00,,0.00,,0.00,,1.00,0.00,,0.00,0.00,0.00,0.00,,0.00,0.00,0.00,0.00,,0,0,2.78,2.78,3.57,3.57,1.92,1.92,2.27,2.27,0.00,0.00
Azerbaijan,AZE,20200227,0.00,,0.00,,0.00,,0.00,,0.00,,0.00,,0.00,,1.00,0.00,,0.00,0.00,0.00,2.00,1,1.00,0.00,0.00,0.00,,0,0,13.89,13.89,17.86,17.86,12.18,12.18,14.39,14.39,0.00,0.00
Azerbaijan,AZE,20200228,0.00,,0.00,,0.00,,0.00,,0.00,,0.00,,0.00,,1.00,0.00,,0.00,0.00,0.00,2.00,1,1.00,2.00,0.00,0.00,,0,0,13.89,13.89,17.86,17.86,19.87,19.87,23.48,23.48,0.00,0.00
Azerbaijan,AZE,20200229,0.00,,0.00,,0.00,,0.00,,0.00,,0.00,,0.00,,3.00,0.00,,0.00,0.00,0.00,2.00,1,1.00,2.00,0.00,0.00,,1,0,19.44,19.44,25.00,25.00,23.72,23.72,28.03,28.03,0.00,0.00
Azerbaijan,AZE,20200301,0.00,,0.00,,0.00,,0.00,,0.00,,0.00,,0.00,,3.00,0.00,,0.00,0.00,0.00,2.00,1,1.00,2.00,0.00,0.00,,1,0,19.44,19.44,25.00,25.00,23.72,23.72,28.03,28.03,0.00,0.00
Azerbaijan,AZE,20200302,0.00,,0.00,,0.00,,0.00,,0.00,,0.00,,0.00,,3.00,0.00,,0.00,0.00,0.00,2.00,1,1.00,2.00,0.00,0.00,,3,0,19.44,19.44,25.00,25.00,23.72,23.72,28.03,28.03,0.00,0.00
Azerbaijan,AZE,20200303,3.00,1,0.00,,0.00,,0.00,,0.00,,0.00,,0.00,,3.00,0.00,,0.00,0.00,0.00,2.00,1,2.00,2.00,0.00,0.00,,,,30.56,30.56,39.29,39.29,33.97,33.97,40.15,40.15,0.00,0.00
Azerbaijan,AZE,20200304,3.00,1,0.00,,0.00,,0.00,,0.00,,0.00,,0.00,,3.00,0.00,,0.00,0.00,0.00,2.00,1,2.00,2.00,0.00,0.00,,,,30.56,30.56,39.29,39.29,33.97,33.97,40.15,40.15,0.00,0.00
Azerbaijan,AZE,20200305,3.00,1,0.00,,0.00,,0.00,,0.00,,0.00,,0.00,,3.00,0.00,,0.00,0.00,0.00,2.00,1,2.00,2.00,0.00,0.00,,,,30.56,30.56,39.29,39.29,33.97,33.97,40.15,40.15,0.00,0.00
Azerbaijan,AZE,20200306,3.00,1,0.00,,0.00,,0.00,,0.00,,0.00,,0.00,,3.00,0.00,,0.00,0.00,5000000.00,2.00,1,2.00,2.00,0.00,0.00,,6,0,30.56,30.56,39.29,39.29,33.97,33.97,40.15,40.15,0.00,0.00
Azerbaijan,AZE,20200307,3.00,1,0.00,,0.00,,0.00,,0.00,,0.00,,0.00,,3.00,0.00,,0.00,0.00,0.00,2.00,1,2.00,2.00,0.00,0.00,,9,0,30.56,30.56,39.29,39.29,33.97,33.97,40.15,40.15,0.00,0.00
Azerbaijan,AZE,20200308,3.00,1,0.00,,0.00,,0.00,,0.00,,0.00,,0.00,,3.00,0.00,,0.00,0.00,0.00,2.00,1,2.00,2.00,0.00,0.00,,,,30.56,30.56,39.29,39.29,33.97,33.97,40.15,40.15,0.00,0.00
Azerbaijan,AZE,20200309,3.00,1,0.00,,0.00,,0.00,,0.00,,0.00,,0.00,,3.00,0.00,,0.00,0.00,0.00,2.00,1,2.00,2.00,0.00,0.00,,,,30.56,30.56,39.29,39.29,33.97,33.97,40.15,40.15,0.00,0.00
Azerbaijan,AZE,20200310,3.00,1,0.00,,1.00,1,0.00,,0.00,,0.00,,0.00,,3.00,0.00,,0.00,0.00,0.00,2.00,1,2.00,2.00,0.00,0.00,,,,36.11,36.11,48.81,48.81,37.82,37.82,44.70,44.70,0.00,0.00
Azerbaijan,AZE,20200311,3.00,1,0.00,,1.00,1,0.00,,0.00,,0.00,,0.00,,3.00,0.00,,0.00,0.00,5000000.00,2.00,1,2.00,2.00,0.00,0.00,,11,0,36.11,36.11,48.81,48.81,37.82,37.82,44.70,44.70,0.00,0.00
Azerbaijan,AZE,20200312,3.00,1,0.00,,1.00,1,0.00,,0.00,,0.00,,0.00,,3.00,0.00,,0.00,0.00,0.00,2.00,1,2.00,2.00,0.00,0.00,,13,0,36.11,36.11,48.81,48.81,37.82,37.82,44.70,44.70,0.00,0.00
Azerbaijan,AZE,20200313,3.00,1,0.00,,1.00,1,0.00,,0.00,,0.00,,0.00,,3.00,0.00,,0.00,0.00,0.00,2.00,1,2.00,2.00,0.00,0.00,,13,0,36.11,36.11,48.81,48.81,37.82,37.82,44.70,44.70,0.00,0.00
Azerbaijan,AZE,20200314,3.00,1,0.00,,2.00,1,4.00,1,0.00,,0.00,,0.00,,3.00,0.00,,0.00,0.00,0.00,2.00,1,2.00,2.00,0.00,0.00,,,,52.78,52.78,53.57,53.57,49.36,49.36,58.33,58.33,0.00,0.00
Azerbaijan,AZE,20200315,3.00,1,0.00,,2.00,1,4.00,1,0.00,,0.00,,0.00,,3.00,0.00,,0.00,0.00,0.00,2.00,1,2.00,2.00,0.00,0.00,,19,0,52.78,52.78,53.57,53.57,49.36,49.36,58.33,58.33,0.00,0.00
Azerbaijan,AZE,20200316,3.00,1,0.00,,2.00,1,4.00,1,0.00,,0.00,,0.00,,3.00,0.00,,0.00,0.00,0.00,2.00,1,2.00,2.00,0.00,0.00,,19,0,52.78,52.78,53.57,53.57,49.36,49.36,58.33,58.33,0.00,0.00
Azerbaijan,AZE,20200317,3.00,1,0.00,,2.00,1,4.00,1,0.00,,0.00,,0.00,,3.00,0.00,,0.00,0.00,0.00,2.00,1,2.00,2.00,0.00,0.00,,19,0,52.78,52.78,53.57,53.57,49.36,49.36,58.33,58.33,0.00,0.00
Azerbaijan,AZE,20200318,3.00,1,0.00,,2.00,1,4.00,1,0.00,,0.00,,0.00,,3.00,0.00,,0.00,0.00,0.00,2.00,1,2.00,2.00,0.00,0.00,,28,0,52.78,52.78,53.57,53.57,49.36,49.36,58.33,58.33,0.00,0.00
Azerbaijan,AZE,20200319,3.00,1,0.00,,2.00,1,4.00,1,0.00,,0.00,,2.00,0,3.00,0.00,,0.00,588235290.00,0.00,2.00,1,2.00,2.00,0.00,0.00,,34,0,61.11,61.11,63.10,63.10,55.13,55.13,65.15,65.15,0.00,0.00
Azerbaijan,AZE,20200320,3.00,1,0.00,,2.00,1,4.00,1,0.00,,0.00,,2.00,0,3.00,0.00,,0.00,0.00,0.00,2.00,1,2.00,2.00,0.00,0.00,,44,0,61.11,61.11,63.10,63.10,55.13,55.13,65.15,65.15,0.00,0.00
Azerbaijan,AZE,20200321,3.00,1,0.00,,2.00,1,4.00,1,0.00,,0.00,,2.00,0,3.00,0.00,,0.00,11989705.90,0.00,2.00,1,2.00,2.00,0.00,0.00,,44,1,61.11,61.11,63.10,63.10,55.13,55.13,65.15,65.15,0.00,0.00
Azerbaijan,AZE,20200322,3.00,1,0.00,,2.00,1,4.00,1,0.00,,0.00,,2.00,0,3.00,0.00,,0.00,0.00,0.00,2.00,1,2.00,2.00,0.00,0.00,,53,1,61.11,61.11,63.10,63.10,55.13,55.13,65.15,65.15,0.00,0.00
Azerbaijan,AZE,20200323,3.00,1,2.00,1,2.00,1,4.00,1,0.00,,0.00,,2.00,0,3.00,0.00,,0.00,0.00,0.00,2.00,1,2.00,2.00,0.00,0.00,,65,1,68.52,68.52,73.81,73.81,60.26,60.26,71.21,71.21,0.00,0.00
Azerbaijan,AZE,20200324,3.00,1,2.00,1,2.00,1,4.00,1,0.00,,0.00,,2.00,0,3.00,0.00,,0.00,0.00,0.00,2.00,1,2.00,2.00,0.00,0.00,,72,1,68.52,68.52,73.81,73.81,60.26,60.26,71.21,71.21,0.00,0.00
Azerbaijan,AZE,20200325,3.00,1,2.00,1,2.00,1,4.00,1,0.00,,0.00,,2.00,0,3.00,0.00,,0.00,0.00,0.00,2.00,1,2.00,2.00,0.00,0.00,,87,1,68.52,68.52,73.81,73.81,60.26,60.26,71.21,71.21,0.00,0.00
Azerbaijan,AZE,20200326,3.00,1,2.00,1,2.00,1,4.00,1,0.00,,0.00,,2.00,0,3.00,0.00,,0.00,0.00,0.00,2.00,1,2.00,2.00,0.00,0.00,,93,2,68.52,68.52,73.81,73.81,60.26,60.26,71.21,71.21,0.00,0.00
Azerbaijan,AZE,20200327,3.00,1,2.00,1,2.00,1,4.00,1,0.00,,0.00,,2.00,0,3.00,0.00,,0.00,0.00,0.00,2.00,1,2.00,2.00,0.00,0.00,,122,3,68.52,68.52,73.81,73.81,60.26,60.26,71.21,71.21,0.00,0.00
Azerbaijan,AZE,20200328,3.00,1,2.00,1,2.00,1,4.00,1,0.00,,0.00,,2.00,0,3.00,0.00,,0.00,0.00,0.00,2.00,1,2.00,2.00,0.00,0.00,,165,3,68.52,68.52,73.81,73.81,60.26,60.26,71.21,71.21,0.00,0.00
Azerbaijan,AZE,20200329,3.00,1,2.00,1,2.00,1,4.00,1,0.00,,0.00,,2.00,0,3.00,0.00,,0.00,0.00,0.00,2.00,1,2.00,2.00,0.00,0.00,,182,4,68.52,68.52,73.81,73.81,60.26,60.26,71.21,71.21,0.00,0.00
Azerbaijan,AZE,20200330,3.00,1,2.00,1,2.00,1,4.00,1,0.00,,0.00,,2.00,0,3.00,0.00,,0.00,0.00,0.00,2.00,1,2.00,2.00,0.00,0.00,,209,4,68.52,68.52,73.81,73.81,60.26,60.26,71.21,71.21,0.00,0.00
Azerbaijan,AZE,20200331,3.00,1,3.00,1,2.00,1,4.00,1,1.00,0,3.00,1,2.00,1,3.00,0.00,,0.00,0.00,0.00,2.00,1,2.00,2.00,0.00,0.00,,273,4,88.89,88.89,86.90,86.90,74.36,74.36,87.88,87.88,0.00,0.00
Azerbaijan,AZE,20200401,3.00,1,3.00,1,2.00,1,4.00,1,1.00,0,3.00,1,2.00,1,3.00,0.00,,0.00,0.00,0.00,2.00,1,2.00,2.00,0.00,0.00,,298,5,88.89,88.89,86.90,86.90,74.36,74.36,87.88,87.88,0.00,0.00
Azerbaijan,AZE,20200402,3.00,1,3.00,1,2.00,1,4.00,1,1.00,0,3.00,1,2.00,1,3.00,0.00,,0.00,0.00,0.00,2.00,1,2.00,2.00,0.00,0.00,,359,5,88.89,88.89,86.90,86.90,74.36,74.36,87.88,87.88,0.00,0.00
Azerbaijan,AZE,20200403,3.00,1,3.00,1,2.00,1,4.00,1,1.00,0,3.00,1,2.00,1,3.00,0.00,,0.00,0.00,0.00,2.00,1,2.00,2.00,0.00,0.00,,400,5,88.89,88.89,86.90,86.90,74.36,74.36,87.88,87.88,0.00,0.00
Azerbaijan,AZE,20200404,3.00,1,3.00,1,2.00,1,4.00,1,1.00,0,3.00,1,2.00,1,3.00,0.00,,0.00,0.00,0.00,2.00,1,2.00,2.00,0.00,0.00,,443,5,88.89,88.89,86.90,86.90,74.36,74.36,87.88,87.88,0.00,0.00
Azerbaijan,AZE,20200405,3.00,1,3.00,1,2.00,1,4.00,1,1.00,0,3.00,1,2.00,1,3.00,0.00,,0.00,0.00,0.00,2.00,1,2.00,2.00,0.00,0.00,,521,5,88.89,88.89,86.90,86.90,74.36,74.36,87.88,87.88,0.00,0.00
Azerbaijan,AZE,20200406,3.00,1,3.00,1,2.00,1,4.00,1,1.00,0,3.00,1,2.00,1,3.00,0.00,,0.00,0.00,0.00,2.00,1,2.00,2.00,0.00,0.00,,584,7,88.89,88.89,86.90,86.90,74.36,74.36,87.88,87.88,0.00,0.00
Azerbaijan,AZE,20200407,3.00,1,3.00,1,2.00,1,4.00,1,1.00,0,3.00,1,2.00,1,3.00,0.00,,0.00,0.00,0.00,2.00,1,2.00,2.00,0.00,0.00,,641,7,88.89,88.89,86.90,86.90,74.36,74.36,87.88,87.88,0.00,0.00
Azerbaijan,AZE,20200408,3.00,1,3.00,1,2.00,1,4.00,1,1.00,0,3.00,1,2.00,1,3.00,2.00,1,0.00,0.00,0.00,2.00,1,2.00,2.00,0.00,0.00,,717,8,88.89,88.89,86.90,86.90,82.05,82.05,87.88,87.88,50.00,50.00
Azerbaijan,AZE,20200409,3.00,1,3.00,1,2.00,1,4.00,1,1.00,0,3.00,1,2.00,1,3.00,2.00,1,0.00,0.00,0.00,2.00,1,2.00,2.00,0.00,0.00,,822,8,88.89,88.89,86.90,86.90,82.05,82.05,87.88,87.88,50.00,50.00
Azerbaijan,AZE,20200410,3.00,1,3.00,1,2.00,1,4.00,1,1.00,0,3.00,1,2.00,1,3.00,2.00,1,0.00,0.00,0.00,2.00,1,2.00,2.00,0.00,0.00,,926,9,88.89,88.89,86.90,86.90,82.05,82.05,87.88,87.88,50.00,50.00
Azerbaijan,AZE,20200411,3.00,1,3.00,1,2.00,1,4.00,1,1.00,0,3.00,1,2.00,1,3.00,2.00,1,0.00,0.00,0.00,2.00,1,2.00,2.00,0.00,0.00,,991,10,88.89,88.89,86.90,86.90,82.05,82.05,87.88,87.88,50.00,50.00
Azerbaijan,AZE,20200412,3.00,1,3.00,1,2.00,1,4.00,1,1.00,0,3.00,1,2.00,1,3.00,2.00,1,0.00,0.00,0.00,2.00,1,2.00,2.00,0.00,0.00,,1058,11,88.89,88.89,86.90,86.90,82.05,82.05,87.88,87.88,50.00,50.00
Azerbaijan,AZE,20200413,3.00,1,3.00,1,2.00,1,4.00,1,1.00,0,3.00,1,2.00,1,3.00,2.00,1,0.00,0.00,0.00,2.00,1,2.00,2.00,0.00,0.00,,1098,11,88.89,88.89,86.90,86.90,82.05,82.05,87.88,87.88,50.00,50.00
Azerbaijan,AZE,20200414,3.00,1,3.00,1,2.00,1,4.00,1,1.00,0,3.00,1,2.00,1,3.00,2.00,1,0.00,0.00,0.00,2.00,1,2.00,2.00,0.00,0.00,,1148,12,88.89,88.89,86.90,86.90,82.05,82.05,87.88,87.88,50.00,50.00
Azerbaijan,AZE,20200415,3.00,1,3.00,1,2.00,1,4.00,1,1.00,0,3.00,1,2.00,1,3.00,2.00,1,0.00,0.00,0.00,2.00,1,2.00,2.00,0.00,0.00,,1197,13,88.89,88.89,86.90,86.90,82.05,82.05,87.88,87.88,50.00,50.00
Azerbaijan,AZE,20200416,3.00,1,3.00,1,2.00,1,4.00,1,1.00,0,3.00,1,2.00,1,4.00,2.00,1,0.00,0.00,0.00,2.00,1,2.00,2.00,0.00,0.00,,1253,13,91.67,91.67,90.48,90.48,83.97,83.97,90.15,90.15,50.00,50.00
Azerbaijan,AZE,20200417,3.00,1,3.00,1,2.00,1,4.00,1,1.00,0,3.00,1,2.00,1,4.00,2.00,1,0.00,0.00,0.00,2.00,1,2.00,2.00,0.00,0.00,,1283,15,91.67,91.67,90.48,90.48,83.97,83.97,90.15,90.15,50.00,50.00
Azerbaijan,AZE,20200418,3.00,1,3.00,1,2.00,1,4.00,1,1.00,0,3.00,1,2.00,1,4.00,2.00,1,0.00,0.00,0.00,2.00,1,2.00,2.00,0.00,0.00,,1340,15,91.67,91.67,90.48,90.48,83.97,83.97,90.15,90.15,50.00,50.00
Azerbaijan,AZE,20200419,3.00,1,3.00,1,2.00,1,4.00,1,1.00,0,3.00,1,2.00,1,4.00,2.00,1,0.00,0.00,0.00,2.00,1,2.00,2.00,0.00,0.00,,1373,18,91.67,91.67,90.48,90.48,83.97,83.97,90.15,90.15,50.00,50.00
Azerbaijan,AZE,20200420,3.00,1,3.00,1,2.00,1,4.00,1,1.00,0,3.00,1,2.00,1,4.00,2.00,1,0.00,0.00,0.00,2.00,1,2.00,2.00,0.00,0.00,,1398,19,91.67,91.67,90.48,90.48,83.97,83.97,90.15,90.15,50.00,50.00
Azerbaijan,AZE,20200421,3.00,1,3.00,1,2.00,1,4.00,1,1.00,0,3.00,1,2.00,1,4.00,2.00,1,0.00,0.00,0.00,2.00,1,2.00,2.00,0.00,0.00,,1436,19,91.67,91.67,90.48,90.48,83.97,83.97,90.15,90.15,50.00,50.00
Azerbaijan,AZE,20200422,3.00,1,3.00,1,2.00,1,4.00,1,1.00,0,3.00,1,2.00,1,4.00,2.00,1,0.00,0.00,0.00,2.00,1,2.00,2.00,0.00,0.00,,1480,20,91.67,91.67,90.48,90.48,83.97,83.97,90.15,90.15,50.00,50.00
Azerbaijan,AZE,20200423,3.00,1,3.00,1,2.00,1,4.00,1,1.00,0,3.00,1,2.00,1,4.00,2.00,1,0.00,0.00,0.00,2.00,1,2.00,2.00,0.00,0.00,,1518,20,91.67,91.67,90.48,90.48,83.97,83.97,90.15,90.15,50.00,50.00
Azerbaijan,AZE,20200424,3.00,1,3.00,1,2.00,1,4.00,1,1.00,0,3.00,1,2.00,1,4.00,2.00,1,0.00,0.00,0.00,2.00,1,2.00,2.00,0.00,0.00,,1548,20,91.67,91.67,90.48,90.48,83.97,83.97,90.15,90.15,50.00,50.00
Azerbaijan,AZE,20200425,3.00,1,3.00,1,2.00,1,4.00,1,1.00,0,3.00,1,2.00,1,4.00,2.00,1,0.00,0.00,0.00,2.00,1,2.00,2.00,0.00,0.00,,1592,21,91.67,91.67,90.48,90.48,83.97,83.97,90.15,90.15,50.00,50.00
Azerbaijan,AZE,20200426,3.00,1,3.00,1,2.00,1,4.00,1,1.00,0,3.00,1,2.00,1,4.00,2.00,1,0.00,0.00,0.00,2.00,1,2.00,2.00,0.00,0.00,,1617,21,91.67,91.67,90.48,90.48,83.97,83.97,90.15,90.15,50.00,50.00
Azerbaijan,AZE,20200427,3.00,1,2.00,1,2.00,1,4.00,1,1.00,0,3.00,1,2.00,1,4.00,2.00,1,0.00,0.00,0.00,2.00,1,2.00,2.00,0.00,0.00,,1645,21,87.96,87.96,86.90,86.90,81.41,81.41,87.12,87.12,50.00,50.00
Azerbaijan,AZE,20200428,3.00,1,2.00,1,2.00,1,4.00,1,1.00,0,3.00,1,2.00,1,4.00,2.00,1,0.00,0.00,0.00,2.00,1,2.00,2.00,0.00,0.00,,1678,22,87.96,87.96,86.90,86.90,81.41,81.41,87.12,87.12,50.00,50.00
Azerbaijan,AZE,20200429,3.00,1,2.00,1,2.00,1,4.00,1,1.00,0,3.00,1,2.00,1,4.00,2.00,1,0.00,0.00,0.00,2.00,1,2.00,2.00,0.00,0.00,,1717,22,87.96,87.96,86.90,86.90,81.41,81.41,87.12,87.12,50.00,50.00
Azerbaijan,AZE,20200430,3.00,1,2.00,1,2.00,1,4.00,1,1.00,0,3.00,1,2.00,1,4.00,2.00,1,0.00,0.00,0.00,2.00,1,2.00,2.00,0.00,0.00,,1766,23,87.96,87.96,86.90,86.90,81.41,81.41,87.12,87.12,50.00,50.00
Azerbaijan,AZE,20200501,3.00,1,2.00,1,2.00,1,4.00,1,1.00,0,3.00,1,2.00,1,4.00,2.00,1,0.00,0.00,0.00,2.00,1,2.00,2.00,0.00,0.00,,1804,24,87.96,87.96,86.90,86.90,81.41,81.41,87.12,87.12,50.00,50.00
Azerbaijan,AZE,20200502,3.00,1,2.00,1,2.00,1,4.00,1,1.00,0,3.00,1,2.00,1,4.00,2.00,1,0.00,0.00,0.00,2.00,1,2.00,2.00,0.00,0.00,,1854,25,87.96,87.96,86.90,86.90,81.41,81.41,87.12,87.12,50.00,50.00
Azerbaijan,AZE,20200503,3.00,1,2.00,1,2.00,1,4.00,1,1.00,0,3.00,1,2.00,1,4.00,2.00,1,0.00,0.00,0.00,2.00,1,2.00,2.00,0.00,0.00,,1894,25,87.96,87.96,86.90,86.90,81.41,81.41,87.12,87.12,50.00,50.00
Azerbaijan,AZE,20200504,3.00,1,2.00,1,2.00,1,4.00,1,1.00,0,3.00,1,2.00,1,4.00,2.00,1,0.00,0.00,0.00,2.00,1,2.00,2.00,0.00,0.00,,1932,25,87.96,87.96,86.90,86.90,81.41,81.41,87.12,87.12,50.00,50.00
Azerbaijan,AZE,20200505,3.00,1,2.00,1,2.00,1,4.00,1,1.00,0,3.00,1,2.00,1,4.00,2.00,1,0.00,0.00,0.00,2.00,1,2.00,2.00,0.00,0.00,,1984,26,87.96,87.96,86.90,86.90,81.41,81.41,87.12,87.12,50.00,50.00
Azerbaijan,AZE,20200506,3.00,1,2.00,1,2.00,1,4.00,1,1.00,0,3.00,1,2.00,1,4.00,2.00,1,0.00,0.00,0.00,2.00,1,2.00,2.00,0.00,0.00,,2060,26,87.96,87.96,86.90,86.90,81.41,81.41,87.12,87.12,50.00,50.00
Azerbaijan,AZE,20200507,3.00,1,2.00,1,2.00,1,4.00,1,1.00,0,3.00,1,2.00,1,4.00,2.00,1,0.00,0.00,0.00,2.00,1,2.00,2.00,0.00,0.00,,2127,28,87.96,87.96,86.90,86.90,81.41,81.41,87.12,87.12,50.00,50.00
Azerbaijan,AZE,20200508,3.00,1,2.00,1,2.00,1,4.00,1,1.00,0,3.00,1,2.00,1,4.00,2.00,1,0.00,0.00,0.00,2.00,1,2.00,2.00,0.00,0.00,,2204,28,87.96,87.96,86.90,86.90,81.41,81.41,87.12,87.12,50.00,50.00
Azerbaijan,AZE,20200509,3.00,1,2.00,1,2.00,1,4.00,1,0.00,,3.00,1,2.00,1,4.00,2.00,1,0.00,0.00,0.00,2.00,1,2.00,2.00,0.00,0.00,,2279,28,85.19,85.19,82.14,82.14,79.49,79.49,84.85,84.85,50.00,50.00
Azerbaijan,AZE,20200510,3.00,1,2.00,1,2.00,1,4.00,1,0.00,,3.00,1,2.00,1,4.00,2.00,1,0.00,0.00,0.00,2.00,1,2.00,2.00,0.00,0.00,,2422,31,85.19,85.19,82.14,82.14,79.49,79.49,84.85,84.85,50.00,50.00
Azerbaijan,AZE,20200511,3.00,1,2.00,1,2.00,1,4.00,1,0.00,,3.00,1,2.00,1,4.00,2.00,1,0.00,0.00,0.00,2.00,1,2.00,2.00,0.00,0.00,,2519,32,85.19,85.19,82.14,82.14,79.49,79.49,84.85,84.85,50.00,50.00
Azerbaijan,AZE,20200512,3.00,1,2.00,1,2.00,1,4.00,1,0.00,,3.00,1,2.00,1,4.00,2.00,1,0.00,0.00,0.00,2.00,1,2.00,2.00,0.00,0.00,,2589,32,85.19,85.19,82.14,82.14,79.49,79.49,84.85,84.85,50.00,50.00
Azerbaijan,AZE,20200513,3.00,1,2.00,1,2.00,1,4.00,1,0.00,,3.00,1,2.00,1,4.00,2.00,1,0.00,0.00,0.00,2.00,1,2.00,2.00,0.00,0.00,,2693,33,85.19,85.19,82.14,82.14,79.49,79.49,84.85,84.85,50.00,50.00
Azerbaijan,AZE,20200514,3.00,1,2.00,1,2.00,1,4.00,1,0.00,,3.00,1,2.00,1,4.00,2.00,1,0.00,0.00,0.00,2.00,1,2.00,2.00,0.00,0.00,,2758,35,85.19,85.19,82.14,82.14,79.49,79.49,84.85,84.85,50.00,50.00
Azerbaijan,AZE,20200515,3.00,1,2.00,1,2.00,1,4.00,1,0.00,,3.00,1,2.00,1,4.00,2.00,1,0.00,0.00,0.00,2.00,1,2.00,2.00,0.00,0.00,,2879,35,85.19,85.19,82.14,82.14,79.49,79.49,84.85,84.85,50.00,50.00
Azerbaijan,AZE,20200516,3.00,1,2.00,1,2.00,1,4.00,1,0.00,,3.00,1,2.00,1,4.00,2.00,1,0.00,0.00,0.00,2.00,1,2.00,2.00,0.00,0.00,,2980,36,85.19,85.19,82.14,82.14,79.49,79.49,84.85,84.85,50.00,50.00
Azerbaijan,AZE,20200517,3.00,1,2.00,1,2.00,1,4.00,1,0.00,,3.00,1,2.00,1,4.00,2.00,1,0.00,0.00,0.00,2.00,1,2.00,2.00,0.00,0.00,,3138,36,85.19,85.19,82.14,82.14,79.49,79.49,84.85,84.85,50.00,50.00
Azerbaijan,AZE,20200518,3.00,1,2.00,1,2.00,1,4.00,1,0.00,,1.00,1,2.00,1,4.00,2.00,1,0.00,0.00,0.00,2.00,1,2.00,2.00,0.00,0.00,,3274,39,77.78,77.78,82.14,82.14,74.36,74.36,78.79,78.79,50.00,50.00
Azerbaijan,AZE,20200519,3.00,1,2.00,1,2.00,1,4.00,1,0.00,,1.00,1,2.00,1,4.00,2.00,1,0.00,0.00,0.00,2.00,1,2.00,2.00,0.00,0.00,,3287,40,77.78,77.78,82.14,82.14,74.36,74.36,78.79,78.79,50.00,50.00
Azerbaijan,AZE,20200520,3.00,1,2.00,1,2.00,1,4.00,1,0.00,,1.00,1,2.00,1,4.00,2.00,1,0.00,0.00,0.00,2.00,1,2.00,2.00,0.00,0.00,,3518,41,77.78,77.78,82.14,82.14,74.36,74.36,78.79,78.79,50.00,50.00
Azerbaijan,AZE,20200521,3.00,1,2.00,1,2.00,1,4.00,1,0.00,,1.00,1,2.00,1,4.00,2.00,1,0.00,0.00,0.00,2.00,1,2.00,2.00,0.00,0.00,,3631,43,77.78,77.78,82.14,82.14,74.36,74.36,78.79,78.79,50.00,50.00
Azerbaijan,AZE,20200522,3.00,1,2.00,1,2.00,1,4.00,1,0.00,,1.00,1,2.00,1,4.00,2.00,1,0.00,0.00,0.00,2.00,1,2.00,2.00,0.00,0.00,,3749,44,77.78,77.78,82.14,82.14,74.36,74.36,78.79,78.79,50.00,50.00
Azerbaijan,AZE,20200523,3.00,1,2.00,1,2.00,1,4.00,1,0.00,,1.00,1,2.00,1,4.00,2.00,1,0.00,0.00,0.00,2.00,1,2.00,2.00,0.00,0.00,,3855,46,77.78,77.78,82.14,82.14,74.36,74.36,78.79,78.79,50.00,50.00
Azerbaijan,AZE,20200524,3.00,1,2.00,1,2.00,1,4.00,1,0.00,,1.00,1,2.00,1,4.00,2.00,1,0.00,0.00,0.00,2.00,1,2.00,2.00,0.00,0.00,,3982,49,77.78,77.78,82.14,82.14,74.36,74.36,78.79,78.79,50.00,50.00
Azerbaijan,AZE,20200525,3.00,1,2.00,1,2.00,1,4.00,1,0.00,,1.00,1,2.00,1,4.00,2.00,1,0.00,0.00,0.00,2.00,1,2.00,2.00,0.00,0.00,,4122,49,77.78,77.78,82.14,82.14,74.36,74.36,78.79,78.79,50.00,50.00
Azerbaijan,AZE,20200526,3.00,1,2.00,1,2.00,1,4.00,1,0.00,,1.00,1,2.00,1,4.00,2.00,1,0.00,0.00,0.00,2.00,1,2.00,2.00,0.00,0.00,,4271,51,77.78,77.78,82.14,82.14,74.36,74.36,78.79,78.79,50.00,50.00
Azerbaijan,AZE,20200527,3.00,1,2.00,1,2.00,1,4.00,1,0.00,,1.00,1,2.00,1,4.00,2.00,1,0.00,0.00,0.00,2.00,1,2.00,2.00,0.00,0.00,,4403,52,77.78,77.78,82.14,82.14,74.36,74.36,78.79,78.79,50.00,50.00
Azerbaijan,AZE,20200528,3.00,1,2.00,1,2.00,1,4.00,1,0.00,,1.00,1,2.00,1,4.00,2.00,1,0.00,0.00,0.00,2.00,1,2.00,2.00,0.00,0.00,,4568,54,77.78,77.78,82.14,82.14,74.36,74.36,78.79,78.79,50.00,50.00
Azerbaijan,AZE,20200529,3.00,1,2.00,1,2.00,1,4.00,1,0.00,,1.00,1,2.00,1,4.00,2.00,1,0.00,0.00,0.00,2.00,1,2.00,2.00,0.00,0.00,,4759,56,77.78,77.78,82.14,82.14,74.36,74.36,78.79,78.79,50.00,50.00
Azerbaijan,AZE,20200530,3.00,1,2.00,1,2.00,1,4.00,1,0.00,,1.00,1,2.00,1,4.00,2.00,1,0.00,0.00,0.00,2.00,1,2.00,2.00,0.00,0.00,,4989,58,77.78,77.78,82.14,82.14,74.36,74.36,78.79,78.79,50.00,50.00
Azerbaijan,AZE,20200531,3.00,1,2.00,1,2.00,1,4.00,1,0.00,,1.00,1,2.00,1,4.00,2.00,1,0.00,0.00,0.00,2.00,1,2.00,2.00,0.00,0.00,,5246,61,77.78,77.78,82.14,82.14,74.36,74.36,78.79,78.79,50.00,50.00
Azerbaijan,AZE,20200601,3.00,1,2.00,1,2.00,1,4.00,1,0.00,,1.00,1,2.00,1,4.00,2.00,1,0.00,0.00,0.00,2.00,1,2.00,2.00,0.00,0.00,,5494,63,77.78,77.78,82.14,82.14,74.36,74.36,78.79,78.79,50.00,50.00
Azerbaijan,AZE,20200602,3.00,1,2.00,1,2.00,1,4.00,1,0.00,,1.00,1,2.00,1,4.00,2.00,1,0.00,0.00,0.00,2.00,1,2.00,2.00,0.00,0.00,,5662,68,77.78,77.78,82.14,82.14,74.36,74.36,78.79,78.79,50.00,50.00
Azerbaijan,AZE,20200603,3.00,1,2.00,1,2.00,1,4.00,1,0.00,,3.00,1,2.00,1,4.00,2.00,1,0.00,0.00,0.00,2.00,1,2.00,2.00,0.00,0.00,,5935,71,85.19,85.19,82.14,82.14,79.49,79.49,84.85,84.85,50.00,50.00
Azerbaijan,AZE,20200604,3.00,1,2.00,1,2.00,1,4.00,1,0.00,,3.00,1,2.00,1,4.00,2.00,1,0.00,0.00,0.00,2.00,1,2.00,2.00,0.00,0.00,,6260,76,85.19,85.19,82.14,82.14,79.49,79.49,84.85,84.85,50.00,50.00
Azerbaijan,AZE,20200605,3.00,1,2.00,1,2.00,1,4.00,1,0.00,,3.00,1,2.00,1,4.00,2.00,1,0.00,0.00,0.00,2.00,1,2.00,2.00,0.00,0.00,,6522,78,85.19,85.19,82.14,82.14,79.49,79.49,84.85,84.85,50.00,50.00
Azerbaijan,AZE,20200606,3.00,1,2.00,1,2.00,1,4.00,1,0.00,,3.00,1,2.00,1,4.00,2.00,1,0.00,0.00,0.00,2.00,1,2.00,2.00,0.00,0.00,,6860,82,85.19,85.19,82.14,82.14,79.49,79.49,84.85,84.85,50.00,50.00
Azerbaijan,AZE,20200607,3.00,1,2.00,1,2.00,1,4.00,1,0.00,,3.00,1,2.00,1,4.00,2.00,1,0.00,0.00,0.00,2.00,1,2.00,2.00,0.00,0.00,,7239,84,85.19,85.19,82.14,82.14,79.49,79.49,84.85,84.85,50.00,50.00
Azerbaijan,AZE,20200608,3.00,1,2.00,1,2.00,1,4.00,1,0.00,,1.00,1,2.00,1,4.00,2.00,1,0.00,0.00,0.00,2.00,1,2.00,2.00,0.00,0.00,,7553,88,77.78,77.78,82.14,82.14,74.36,74.36,78.79,78.79,50.00,50.00
Azerbaijan,AZE,20200609,3.00,1,2.00,1,2.00,1,4.00,1,0.00,,1.00,1,2.00,1,4.00,2.00,1,0.00,0.00,0.00,2.00,1,2.00,2.00,0.00,0.00,,7876,93,77.78,77.78,82.14,82.14,74.36,74.36,78.79,78.79,50.00,50.00
Azerbaijan,AZE,20200610,3.00,1,2.00,1,2.00,1,4.00,1,0.00,,1.00,1,2.00,1,4.00,2.00,1,0.00,0.00,0.00,2.00,1,2.00,2.00,0.00,0.00,,8191,98,77.78,77.78,82.14,82.14,74.36,74.36,78.79,78.79,50.00,50.00
Azerbaijan,AZE,20200611,3.00,1,2.00,1,2.00,1,4.00,1,0.00,,1.00,1,2.00,1,4.00,2.00,1,0.00,0.00,0.00,2.00,1,2.00,2.00,0.00,0.00,,8530,102,77.78,77.78,82.14,82.14,74.36,74.36,78.79,78.79,50.00,50.00
Azerbaijan,AZE,20200612,3.00,1,2.00,1,2.00,1,4.00,1,0.00,,1.00,1,2.00,1,4.00,2.00,1,0.00,0.00,0.00,2.00,1,2.00,2.00,0.00,0.00,,8882,108,77.78,77.78,82.14,82.14,74.36,74.36,78.79,78.79,50.00,50.00
Azerbaijan,AZE,20200613,3.00,1,2.00,1,2.00,1,4.00,1,0.00,,1.00,1,2.00,1,4.00,2.00,1,0.00,0.00,0.00,2.00,1,2.00,2.00,0.00,0.00,,9218,113,77.78,77.78,82.14,82.14,74.36,74.36,78.79,78.79,50.00,50.00
Azerbaijan,AZE,20200614,3.00,1,2.00,1,2.00,1,4.00,1,0.00,,3.00,0,2.00,1,4.00,2.00,1,0.00,0.00,0.00,2.00,1,2.00,2.00,0.00,0.00,,9570,115,83.33,83.33,82.14,82.14,78.21,78.21,83.33,83.33,50.00,50.00
Azerbaijan,AZE,20200615,3.00,1,2.00,1,2.00,1,4.00,1,0.00,,3.00,0,2.00,1,4.00,2.00,1,0.00,0.00,0.00,2.00,1,2.00,2.00,0.00,0.00,,9957,119,83.33,83.33,82.14,82.14,78.21,78.21,83.33,83.33,50.00,50.00
Azerbaijan,AZE,20200616,,,,,,,,,,,,,,,,,,,,,,,,2.00,,,,10324,122,,,,,,,,,,
Azerbaijan,AZE,20200617,,,,,,,,,,,,,,,,,,,,,,,,2.00,,,,10662,126,,83.33,,82.14,,78.21,,83.33,,50.00
Azerbaijan,AZE,20200618,,,,,,,,,,,,,,,,,,,,,,,,,,,,10991,133,,83.33,,82.14,,78.21,,83.33,,50.00
Azerbaijan,AZE,20200619,,,,,,,,,,,,,,,,,,,,,,,,,,,,11329,139,,83.33,,82.14,,78.21,,83.33,,50.00
Azerbaijan,AZE,20200620,,,,,,,,,,,,,,,,,,,,,,,,,,,,11329,139,,83.33,,82.14,,78.21,,83.33,,50.00
Azerbaijan,AZE,20200621,,,,,,,,,,,,,,,,,,,,,,,,,,,,12238,148,,83.33,,82.14,,78.21,,83.33,,50.00
Azerbaijan,AZE,20200622,,,,,,,,,,,,,,,,,,,,,,,,,,,,12729,154,,83.33,,82.14,,78.21,,83.33,,50.00
Azerbaijan,AZE,20200623,,,,,,,,,,,,,,,,,,,,,,,,,,,,13207,161,,83.33,,82.14,,78.21,,83.33,,50.00
