Barbados,BRB,20200101,0.00,,0.00,,0.00,,0.00,,0.00,,0.00,,0.00,,0.00,0.00,,0.00,0.00,0.00,0.00,,0.00,0.00,0.00,0.00,,,,0.00,0.00,0.00,0.00,0.00,0.00,0.00,0.00,0.00,0.00
Barbados,BRB,20200102,0.00,,0.00,,0.00,,0.00,,0.00,,0.00,,0.00,,0.00,0.00,,0.00,0.00,0.00,0.00,,0.00,0.00,0.00,0.00,,,,0.00,0.00,0.00,0.00,0.00,0.00,0.00,0.00,0.00,0.00
Barbados,BRB,20200103,0.00,,0.00,,0.00,,0.00,,0.00,,0.00,,0.00,,0.00,0.00,,0.00,0.00,0.00,0.00,,0.00,0.00,0.00,0.00,,,,0.00,0.00,0.00,0.00,0.00,0.00,0.00,0.00,0.00,0.00
Barbados,BRB,20200104,0.00,,0.00,,0.00,,0.00,,0.00,,0.00,,0.00,,0.00,0.00,,0.00,0.00,0.00,0.00,,0.00,0.00,0.00,0.00,,,,0.00,0.00,0.00,0.00,0.00,0.00,0.00,0.00,0.00,0.00
Barbados,BRB,20200105,0.00,,0.00,,0.00,,0.00,,0.00,,0.00,,0.00,,0.00,0.00,,0.00,0.00,0.00,0.00,,0.00,0.00,0.00,0.00,,,,0.00,0.00,0.00,0.00,0.00,0.00,0.00,0.00,0.00,0.00
Barbados,BRB,20200106,0.00,,0.00,,0.00,,0.00,,0.00,,0.00,,0.00,,0.00,0.00,,0.00,0.00,0.00,0.00,,0.00,0.00,0.00,0.00,,,,0.00,0.00,0.00,0.00,0.00,0.00,0.00,0.00,0.00,0.00
Barbados,BRB,20200107,0.00,,0.00,,0.00,,0.00,,0.00,,0.00,,0.00,,0.00,0.00,,0.00,0.00,0.00,0.00,,0.00,0.00,0.00,0.00,,,,0.00,0.00,0.00,0.00,0.00,0.00,0.00,0.00,0.00,0.00
Barbados,BRB,20200108,0.00,,0.00,,0.00,,0.00,,0.00,,0.00,,0.00,,0.00,0.00,,0.00,0.00,0.00,0.00,,0.00,0.00,0.00,0.00,,,,0.00,0.00,0.00,0.00,0.00,0.00,0.00,0.00,0.00,0.00
Barbados,BRB,20200109,0.00,,0.00,,0.00,,0.00,,0.00,,0.00,,0.00,,0.00,0.00,,0.00,0.00,0.00,0.00,,0.00,0.00,0.00,0.00,,,,0.00,0.00,0.00,0.00,0.00,0.00,0.00,0.00,0.00,0.00
Barbados,BRB,20200110,0.00,,0.00,,0.00,,0.00,,0.00,,0.00,,0.00,,0.00,0.00,,0.00,0.00,0.00,0.00,,0.00,0.00,0.00,0.00,,,,0.00,0.00,0.00,0.00,0.00,0.00,0.00,0.00,0.00,0.00
Barbados,BRB,20200111,0.00,,0.00,,0.00,,0.00,,0.00,,0.00,,0.00,,0.00,0.00,,0.00,0.00,0.00,0.00,,0.00,0.00,0.00,0.00,,,,0.00,0.00,0.00,0.00,0.00,0.00,0.00,0.00,0.00,0.00
Barbados,BRB,20200112,0.00,,0.00,,0.00,,0.00,,0.00,,0.00,,0.00,,0.00,0.00,,0.00,0.00,0.00,0.00,,0.00,0.00,0.00,0.00,,,,0.00,0.00,0.00,0.00,0.00,0.00,0.00,0.00,0.00,0.00
Barbados,BRB,20200113,0.00,,0.00,,0.00,,0.00,,0.00,,0.00,,0.00,,0.00,0.00,,0.00,0.00,0.00,0.00,,0.00,0.00,0.00,0.00,,,,0.00,0.00,0.00,0.00,0.00,0.00,0.00,0.00,0.00,0.00
Barbados,BRB,20200114,0.00,,0.00,,0.00,,0.00,,0.00,,0.00,,0.00,,0.00,0.00,,0.00,0.00,0.00,0.00,,0.00,0.00,0.00,0.00,,,,0.00,0.00,0.00,0.00,0.00,0.00,0.00,0.00,0.00,0.00
Barbados,BRB,20200115,0.00,,0.00,,0.00,,0.00,,0.00,,0.00,,0.00,,0.00,0.00,,0.00,0.00,0.00,0.00,,0.00,0.00,0.00,0.00,,,,0.00,0.00,0.00,0.00,0.00,0.00,0.00,0.00,0.00,0.00
Barbados,BRB,20200116,0.00,,0.00,,0.00,,0.00,,0.00,,0.00,,0.00,,0.00,0.00,,0.00,0.00,0.00,0.00,,0.00,0.00,0.00,0.00,,,,0.00,0.00,0.00,0.00,0.00,0.00,0.00,0.00,0.00,0.00
Barbados,BRB,20200117,0.00,,0.00,,0.00,,0.00,,0.00,,0.00,,0.00,,0.00,0.00,,0.00,0.00,0.00,0.00,,0.00,0.00,0.00,0.00,,,,0.00,0.00,0.00,0.00,0.00,0.00,0.00,0.00,0.00,0.00
Barbados,BRB,20200118,0.00,,0.00,,0.00,,0.00,,0.00,,0.00,,0.00,,0.00,0.00,,0.00,0.00,0.00,0.00,,0.00,0.00,0.00,0.00,,,,0.00,0.00,0.00,0.00,0.00,0.00,0.00,0.00,0.00,0.00
Barbados,BRB,20200119,0.00,,0.00,,0.00,,0.00,,0.00,,0.00,,0.00,,0.00,0.00,,0.00,0.00,0.00,0.00,,0.00,0.00,0.00,0.00,,,,0.00,0.00,0.00,0.00,0.00,0.00,0.00,0.00,0.00,0.00
Barbados,BRB,20200120,0.00,,0.00,,0.00,,0.00,,0.00,,0.00,,0.00,,0.00,0.00,,0.00,0.00,0.00,0.00,,0.00,0.00,0.00,0.00,,,,0.00,0.00,0.00,0.00,0.00,0.00,0.00,0.00,0.00,0.00
Barbados,BRB,20200121,0.00,,0.00,,0.00,,0.00,,0.00,,0.00,,0.00,,0.00,0.00,,0.00,0.00,0.00,0.00,,0.00,0.00,0.00,0.00,,,,0.00,0.00,0.00,0.00,0.00,0.00,0.00,0.00,0.00,0.00
Barbados,BRB,20200122,0.00,,0.00,,0.00,,0.00,,0.00,,0.00,,0.00,,0.00,0.00,,0.00,0.00,0.00,2.00,1,0.00,0.00,0.00,0.00,,,,11.11,11.11,14.29,14.29,7.69,7.69,9.09,9.09,0.00,0.00
Barbados,BRB,20200123,0.00,,0.00,,0.00,,0.00,,0.00,,0.00,,0.00,,0.00,0.00,,0.00,0.00,0.00,2.00,1,0.00,0.00,0.00,0.00,,,,11.11,11.11,14.29,14.29,7.69,7.69,9.09,9.09,0.00,0.00
Barbados,BRB,20200124,0.00,,0.00,,0.00,,0.00,,0.00,,0.00,,0.00,,0.00,0.00,,0.00,0.00,0.00,2.00,1,0.00,0.00,0.00,0.00,,,,11.11,11.11,14.29,14.29,7.69,7.69,9.09,9.09,0.00,0.00
Barbados,BRB,20200125,0.00,,0.00,,0.00,,0.00,,0.00,,0.00,,0.00,,0.00,0.00,,0.00,0.00,0.00,2.00,1,0.00,0.00,0.00,0.00,,,,11.11,11.11,14.29,14.29,7.69,7.69,9.09,9.09,0.00,0.00
Barbados,BRB,20200126,0.00,,0.00,,0.00,,0.00,,0.00,,0.00,,0.00,,0.00,0.00,,0.00,0.00,0.00,2.00,1,1.00,0.00,0.00,0.00,,,,11.11,11.11,14.29,14.29,10.26,10.26,12.12,12.12,0.00,0.00
Barbados,BRB,20200127,0.00,,0.00,,0.00,,0.00,,0.00,,0.00,,0.00,,0.00,0.00,,0.00,0.00,0.00,2.00,1,1.00,0.00,0.00,0.00,,,,11.11,11.11,14.29,14.29,10.26,10.26,12.12,12.12,0.00,0.00
Barbados,BRB,20200128,0.00,,0.00,,0.00,,0.00,,0.00,,0.00,,0.00,,0.00,0.00,,0.00,0.00,0.00,2.00,1,1.00,0.00,0.00,0.00,,,,11.11,11.11,14.29,14.29,10.26,10.26,12.12,12.12,0.00,0.00
Barbados,BRB,20200129,0.00,,0.00,,0.00,,0.00,,0.00,,0.00,,0.00,,0.00,0.00,,0.00,0.00,0.00,2.00,1,1.00,0.00,0.00,0.00,,,,11.11,11.11,14.29,14.29,10.26,10.26,12.12,12.12,0.00,0.00
Barbados,BRB,20200130,0.00,,0.00,,0.00,,0.00,,0.00,,0.00,,0.00,,0.00,0.00,,0.00,0.00,0.00,2.00,1,1.00,0.00,0.00,0.00,,,,11.11,11.11,14.29,14.29,10.26,10.26,12.12,12.12,0.00,0.00
Barbados,BRB,20200131,0.00,,0.00,,0.00,,0.00,,0.00,,0.00,,0.00,,0.00,0.00,,0.00,0.00,0.00,2.00,1,1.00,0.00,0.00,0.00,,,,11.11,11.11,14.29,14.29,10.26,10.26,12.12,12.12,0.00,0.00
Barbados,BRB,20200201,0.00,,0.00,,0.00,,0.00,,0.00,,0.00,,0.00,,0.00,0.00,,0.00,0.00,0.00,2.00,1,1.00,0.00,0.00,0.00,,,,11.11,11.11,14.29,14.29,10.26,10.26,12.12,12.12,0.00,0.00
Barbados,BRB,20200202,0.00,,0.00,,0.00,,0.00,,0.00,,0.00,,0.00,,0.00,0.00,,0.00,0.00,0.00,2.00,1,1.00,0.00,0.00,0.00,,,,11.11,11.11,14.29,14.29,10.26,10.26,12.12,12.12,0.00,0.00
Barbados,BRB,20200203,0.00,,0.00,,0.00,,0.00,,0.00,,0.00,,0.00,,0.00,0.00,,0.00,0.00,0.00,2.00,1,1.00,0.00,0.00,0.00,,,,11.11,11.11,14.29,14.29,10.26,10.26,12.12,12.12,0.00,0.00
Barbados,BRB,20200204,0.00,,0.00,,0.00,,0.00,,0.00,,0.00,,0.00,,0.00,0.00,,0.00,0.00,0.00,2.00,1,1.00,0.00,0.00,0.00,,,,11.11,11.11,14.29,14.29,10.26,10.26,12.12,12.12,0.00,0.00
Barbados,BRB,20200205,0.00,,0.00,,0.00,,0.00,,0.00,,0.00,,0.00,,0.00,0.00,,0.00,0.00,0.00,2.00,1,1.00,0.00,0.00,0.00,,,,11.11,11.11,14.29,14.29,10.26,10.26,12.12,12.12,0.00,0.00
Barbados,BRB,20200206,0.00,,0.00,,0.00,,0.00,,0.00,,0.00,,0.00,,0.00,0.00,,0.00,0.00,0.00,2.00,1,1.00,0.00,0.00,0.00,,,,11.11,11.11,14.29,14.29,10.26,10.26,12.12,12.12,0.00,0.00
Barbados,BRB,20200207,0.00,,0.00,,0.00,,0.00,,0.00,,0.00,,0.00,,0.00,0.00,,0.00,0.00,0.00,2.00,1,1.00,0.00,0.00,0.00,,,,11.11,11.11,14.29,14.29,10.26,10.26,12.12,12.12,0.00,0.00
Barbados,BRB,20200208,0.00,,0.00,,0.00,,0.00,,0.00,,0.00,,0.00,,0.00,0.00,,0.00,0.00,0.00,2.00,1,1.00,0.00,0.00,0.00,,,,11.11,11.11,14.29,14.29,10.26,10.26,12.12,12.12,0.00,0.00
Barbados,BRB,20200209,0.00,,0.00,,0.00,,0.00,,0.00,,0.00,,0.00,,0.00,0.00,,0.00,0.00,0.00,2.00,1,1.00,0.00,0.00,0.00,,,,11.11,11.11,14.29,14.29,10.26,10.26,12.12,12.12,0.00,0.00
Barbados,BRB,20200210,0.00,,0.00,,0.00,,0.00,,0.00,,0.00,,0.00,,0.00,0.00,,0.00,0.00,0.00,2.00,1,1.00,0.00,0.00,0.00,,,,11.11,11.11,14.29,14.29,10.26,10.26,12.12,12.12,0.00,0.00
Barbados,BRB,20200211,0.00,,0.00,,0.00,,0.00,,0.00,,0.00,,0.00,,0.00,0.00,,0.00,0.00,0.00,2.00,1,1.00,0.00,0.00,0.00,,,,11.11,11.11,14.29,14.29,10.26,10.26,12.12,12.12,0.00,0.00
Barbados,BRB,20200212,0.00,,0.00,,0.00,,0.00,,0.00,,0.00,,0.00,,0.00,0.00,,0.00,0.00,0.00,2.00,1,1.00,0.00,0.00,0.00,,,,11.11,11.11,14.29,14.29,10.26,10.26,12.12,12.12,0.00,0.00
Barbados,BRB,20200213,0.00,,0.00,,0.00,,0.00,,0.00,,0.00,,0.00,,0.00,0.00,,0.00,0.00,0.00,2.00,1,1.00,0.00,0.00,0.00,,,,11.11,11.11,14.29,14.29,10.26,10.26,12.12,12.12,0.00,0.00
Barbados,BRB,20200214,0.00,,0.00,,0.00,,0.00,,0.00,,0.00,,0.00,,0.00,0.00,,0.00,0.00,0.00,2.00,1,1.00,0.00,0.00,0.00,,,,11.11,11.11,14.29,14.29,10.26,10.26,12.12,12.12,0.00,0.00
Barbados,BRB,20200215,0.00,,0.00,,0.00,,0.00,,0.00,,0.00,,0.00,,1.00,0.00,,0.00,0.00,0.00,2.00,1,1.00,0.00,0.00,0.00,,,,13.89,13.89,17.86,17.86,12.18,12.18,14.39,14.39,0.00,0.00
Barbados,BRB,20200216,0.00,,0.00,,0.00,,0.00,,0.00,,0.00,,0.00,,1.00,0.00,,0.00,0.00,0.00,2.00,1,1.00,0.00,0.00,0.00,,,,13.89,13.89,17.86,17.86,12.18,12.18,14.39,14.39,0.00,0.00
Barbados,BRB,20200217,0.00,,0.00,,0.00,,0.00,,0.00,,0.00,,0.00,,1.00,0.00,,0.00,0.00,0.00,2.00,1,1.00,0.00,0.00,0.00,,,,13.89,13.89,17.86,17.86,12.18,12.18,14.39,14.39,0.00,0.00
Barbados,BRB,20200218,0.00,,0.00,,0.00,,0.00,,0.00,,0.00,,0.00,,1.00,0.00,,0.00,0.00,0.00,2.00,1,1.00,0.00,0.00,0.00,,,,13.89,13.89,17.86,17.86,12.18,12.18,14.39,14.39,0.00,0.00
Barbados,BRB,20200219,0.00,,0.00,,0.00,,0.00,,0.00,,0.00,,0.00,,1.00,0.00,,0.00,0.00,0.00,2.00,1,1.00,0.00,0.00,0.00,,,,13.89,13.89,17.86,17.86,12.18,12.18,14.39,14.39,0.00,0.00
Barbados,BRB,20200220,0.00,,0.00,,0.00,,0.00,,0.00,,0.00,,0.00,,1.00,0.00,,0.00,0.00,0.00,2.00,1,1.00,0.00,0.00,0.00,,,,13.89,13.89,17.86,17.86,12.18,12.18,14.39,14.39,0.00,0.00
Barbados,BRB,20200221,0.00,,0.00,,0.00,,0.00,,0.00,,0.00,,0.00,,1.00,0.00,,0.00,0.00,0.00,2.00,1,1.00,0.00,0.00,0.00,,,,13.89,13.89,17.86,17.86,12.18,12.18,14.39,14.39,0.00,0.00
Barbados,BRB,20200222,0.00,,0.00,,0.00,,0.00,,0.00,,0.00,,0.00,,1.00,0.00,,0.00,0.00,0.00,2.00,1,1.00,0.00,0.00,0.00,,,,13.89,13.89,17.86,17.86,12.18,12.18,14.39,14.39,0.00,0.00
Barbados,BRB,20200223,0.00,,0.00,,0.00,,0.00,,0.00,,0.00,,0.00,,1.00,0.00,,0.00,0.00,0.00,2.00,1,1.00,0.00,0.00,0.00,,,,13.89,13.89,17.86,17.86,12.18,12.18,14.39,14.39,0.00,0.00
Barbados,BRB,20200224,0.00,,0.00,,0.00,,0.00,,0.00,,0.00,,0.00,,1.00,0.00,,0.00,0.00,0.00,2.00,1,1.00,0.00,0.00,0.00,,,,13.89,13.89,17.86,17.86,12.18,12.18,14.39,14.39,0.00,0.00
Barbados,BRB,20200225,0.00,,0.00,,0.00,,0.00,,0.00,,0.00,,0.00,,1.00,0.00,,0.00,0.00,0.00,2.00,1,1.00,0.00,0.00,0.00,,,,13.89,13.89,17.86,17.86,12.18,12.18,14.39,14.39,0.00,0.00
Barbados,BRB,20200226,0.00,,0.00,,0.00,,0.00,,0.00,,0.00,,0.00,,1.00,0.00,,0.00,0.00,0.00,2.00,1,1.00,0.00,0.00,0.00,,,,13.89,13.89,17.86,17.86,12.18,12.18,14.39,14.39,0.00,0.00
Barbados,BRB,20200227,0.00,,0.00,,0.00,,0.00,,0.00,,0.00,,0.00,,1.00,0.00,,0.00,0.00,0.00,2.00,1,1.00,0.00,0.00,0.00,,,,13.89,13.89,17.86,17.86,12.18,12.18,14.39,14.39,0.00,0.00
Barbados,BRB,20200228,0.00,,0.00,,0.00,,0.00,,0.00,,0.00,,0.00,,1.00,0.00,,0.00,0.00,0.00,2.00,1,1.00,0.00,0.00,0.00,,,,13.89,13.89,17.86,17.86,12.18,12.18,14.39,14.39,0.00,0.00
Barbados,BRB,20200229,0.00,,0.00,,0.00,,0.00,,0.00,,0.00,,0.00,,1.00,0.00,,0.00,0.00,0.00,2.00,1,1.00,0.00,0.00,0.00,,,,13.89,13.89,17.86,17.86,12.18,12.18,14.39,14.39,0.00,0.00
Barbados,BRB,20200301,0.00,,0.00,,0.00,,0.00,,0.00,,0.00,,0.00,,1.00,0.00,,0.00,0.00,0.00,2.00,1,1.00,0.00,0.00,0.00,,,,13.89,13.89,17.86,17.86,12.18,12.18,14.39,14.39,0.00,0.00
Barbados,BRB,20200302,0.00,,0.00,,0.00,,0.00,,0.00,,0.00,,0.00,,1.00,0.00,,0.00,0.00,0.00,2.00,1,1.00,0.00,0.00,0.00,,,,13.89,13.89,17.86,17.86,12.18,12.18,14.39,14.39,0.00,0.00
Barbados,BRB,20200303,0.00,,0.00,,0.00,,0.00,,0.00,,0.00,,0.00,,1.00,0.00,,0.00,0.00,0.00,2.00,1,1.00,0.00,0.00,0.00,,,,13.89,13.89,17.86,17.86,12.18,12.18,14.39,14.39,0.00,0.00
Barbados,BRB,20200304,0.00,,0.00,,0.00,,0.00,,0.00,,0.00,,0.00,,2.00,0.00,,0.00,0.00,0.00,2.00,1,1.00,0.00,0.00,0.00,,,,16.67,16.67,21.43,21.43,14.10,14.10,16.67,16.67,0.00,0.00
Barbados,BRB,20200305,0.00,,0.00,,0.00,,0.00,,0.00,,0.00,,0.00,,2.00,0.00,,0.00,0.00,0.00,2.00,1,1.00,0.00,0.00,0.00,,,,16.67,16.67,21.43,21.43,14.10,14.10,16.67,16.67,0.00,0.00
Barbados,BRB,20200306,0.00,,0.00,,0.00,,0.00,,0.00,,0.00,,0.00,,2.00,0.00,,0.00,0.00,0.00,2.00,1,1.00,0.00,0.00,0.00,,,,16.67,16.67,21.43,21.43,14.10,14.10,16.67,16.67,0.00,0.00
Barbados,BRB,20200307,0.00,,0.00,,0.00,,0.00,,0.00,,0.00,,0.00,,2.00,0.00,,0.00,0.00,0.00,2.00,1,1.00,0.00,0.00,0.00,,,,16.67,16.67,21.43,21.43,14.10,14.10,16.67,16.67,0.00,0.00
Barbados,BRB,20200308,0.00,,0.00,,0.00,,0.00,,0.00,,0.00,,0.00,,2.00,0.00,,0.00,0.00,0.00,2.00,1,1.00,0.00,0.00,0.00,,,,16.67,16.67,21.43,21.43,14.10,14.10,16.67,16.67,0.00,0.00
Barbados,BRB,20200309,0.00,,0.00,,0.00,,0.00,,0.00,,0.00,,0.00,,2.00,0.00,,0.00,0.00,0.00,2.00,1,1.00,0.00,0.00,0.00,,,,16.67,16.67,21.43,21.43,14.10,14.10,16.67,16.67,0.00,0.00
Barbados,BRB,20200310,0.00,,0.00,,0.00,,0.00,,0.00,,0.00,,0.00,,2.00,0.00,,0.00,0.00,0.00,2.00,1,1.00,0.00,0.00,0.00,,,,16.67,16.67,21.43,21.43,14.10,14.10,16.67,16.67,0.00,0.00
Barbados,BRB,20200311,0.00,,0.00,,0.00,,0.00,,0.00,,0.00,,0.00,,2.00,0.00,,0.00,0.00,0.00,2.00,1,1.00,0.00,0.00,0.00,,,,16.67,16.67,21.43,21.43,14.10,14.10,16.67,16.67,0.00,0.00
Barbados,BRB,20200312,0.00,,0.00,,0.00,,0.00,,0.00,,0.00,,0.00,,2.00,0.00,,0.00,0.00,0.00,2.00,1,1.00,0.00,0.00,0.00,,,,16.67,16.67,21.43,21.43,14.10,14.10,16.67,16.67,0.00,0.00
Barbados,BRB,20200313,0.00,,0.00,,0.00,,0.00,,0.00,,0.00,,0.00,,2.00,0.00,,0.00,0.00,0.00,2.00,1,1.00,0.00,0.00,0.00,,,,16.67,16.67,21.43,21.43,14.10,14.10,16.67,16.67,0.00,0.00
Barbados,BRB,20200314,0.00,,0.00,,0.00,,0.00,,0.00,,0.00,,0.00,,2.00,0.00,,0.00,0.00,0.00,2.00,1,1.00,0.00,0.00,0.00,,,,16.67,16.67,21.43,21.43,14.10,14.10,16.67,16.67,0.00,0.00
Barbados,BRB,20200315,0.00,,0.00,,0.00,,0.00,,0.00,,0.00,,0.00,,2.00,0.00,,0.00,0.00,0.00,2.00,1,1.00,0.00,0.00,0.00,,,,16.67,16.67,21.43,21.43,14.10,14.10,16.67,16.67,0.00,0.00
Barbados,BRB,20200316,0.00,,0.00,,0.00,,0.00,,0.00,,0.00,,0.00,,2.00,0.00,,0.00,0.00,0.00,2.00,1,1.00,0.00,0.00,0.00,,,,16.67,16.67,21.43,21.43,14.10,14.10,16.67,16.67,0.00,0.00
Barbados,BRB,20200317,0.00,,0.00,,2.00,1,3.00,1,0.00,,0.00,,1.00,0,2.00,0.00,,0.00,0.00,0.00,2.00,1,1.00,0.00,0.00,0.00,,,,38.89,38.89,40.48,40.48,29.49,29.49,34.85,34.85,0.00,0.00
Barbados,BRB,20200318,0.00,,0.00,,2.00,1,3.00,1,0.00,,0.00,,1.00,0,2.00,0.00,,0.00,0.00,0.00,2.00,1,1.00,0.00,0.00,0.00,,1,0,38.89,38.89,40.48,40.48,29.49,29.49,34.85,34.85,0.00,0.00
Barbados,BRB,20200319,3.00,1,0.00,,2.00,1,3.00,1,0.00,,0.00,,1.00,0,2.00,0.00,,0.00,0.00,0.00,2.00,1,1.00,0.00,0.00,0.00,,1,0,50.00,50.00,54.76,54.76,37.18,37.18,43.94,43.94,0.00,0.00
Barbados,BRB,20200320,3.00,1,0.00,,2.00,1,3.00,1,0.00,,0.00,,1.00,0,2.00,0.00,,0.00,0.00,0.00,2.00,1,1.00,2.00,0.00,0.00,,2,0,50.00,50.00,54.76,54.76,44.87,44.87,53.03,53.03,0.00,0.00
Barbados,BRB,20200321,3.00,1,0.00,,2.00,1,3.00,1,0.00,,0.00,,1.00,0,2.00,0.00,,0.00,0.00,0.00,2.00,1,1.00,2.00,0.00,0.00,,6,0,50.00,50.00,54.76,54.76,44.87,44.87,53.03,53.03,0.00,0.00
Barbados,BRB,20200322,3.00,1,0.00,,2.00,1,3.00,1,0.00,,0.00,,1.00,0,2.00,0.00,,0.00,0.00,0.00,2.00,1,1.00,2.00,0.00,0.00,,14,0,50.00,50.00,54.76,54.76,44.87,44.87,53.03,53.03,0.00,0.00
Barbados,BRB,20200323,3.00,1,0.00,,2.00,1,3.00,1,0.00,,0.00,,1.00,0,2.00,0.00,,0.00,10000000.00,0.00,2.00,1,1.00,2.00,0.00,0.00,,17,0,50.00,50.00,54.76,54.76,44.87,44.87,53.03,53.03,0.00,0.00
Barbados,BRB,20200324,3.00,1,0.00,,2.00,1,3.00,1,0.00,,0.00,,1.00,0,2.00,0.00,,0.00,0.00,0.00,2.00,1,1.00,2.00,0.00,0.00,,17,0,50.00,50.00,54.76,54.76,44.87,44.87,53.03,53.03,0.00,0.00
Barbados,BRB,20200325,3.00,1,0.00,,2.00,1,3.00,1,0.00,,0.00,,1.00,0,2.00,0.00,,0.00,0.00,0.00,2.00,1,1.00,2.00,0.00,0.00,,18,0,50.00,50.00,54.76,54.76,44.87,44.87,53.03,53.03,0.00,0.00
Barbados,BRB,20200326,3.00,1,0.00,,2.00,1,3.00,1,0.00,,0.00,,1.00,0,2.00,0.00,,0.00,0.00,0.00,2.00,1,1.00,2.00,0.00,0.00,,18,0,50.00,50.00,54.76,54.76,44.87,44.87,53.03,53.03,0.00,0.00
Barbados,BRB,20200327,3.00,1,0.00,,2.00,1,3.00,1,0.00,,0.00,,1.00,0,2.00,0.00,,0.00,0.00,0.00,2.00,1,1.00,2.00,0.00,0.00,,24,0,50.00,50.00,54.76,54.76,44.87,44.87,53.03,53.03,0.00,0.00
Barbados,BRB,20200328,3.00,1,3.00,1,2.00,1,3.00,1,0.00,,1.00,1,2.00,1,2.00,0.00,,0.00,0.00,0.00,2.00,1,1.00,2.00,0.00,0.00,,24,0,73.15,73.15,78.57,78.57,60.90,60.90,71.97,71.97,0.00,0.00
Barbados,BRB,20200329,3.00,1,3.00,1,2.00,1,3.00,1,0.00,,1.00,1,2.00,1,2.00,0.00,,0.00,0.00,0.00,2.00,1,1.00,2.00,0.00,0.00,,26,0,73.15,73.15,78.57,78.57,60.90,60.90,71.97,71.97,0.00,0.00
Barbados,BRB,20200330,3.00,1,3.00,1,2.00,1,3.00,1,0.00,,1.00,1,2.00,1,2.00,0.00,,0.00,0.00,0.00,2.00,1,1.00,2.00,0.00,0.00,,33,0,73.15,73.15,78.57,78.57,60.90,60.90,71.97,71.97,0.00,0.00
Barbados,BRB,20200331,3.00,1,3.00,1,2.00,1,3.00,1,0.00,,1.00,1,2.00,1,2.00,0.00,,0.00,0.00,0.00,2.00,1,1.00,2.00,0.00,0.00,,34,0,73.15,73.15,78.57,78.57,60.90,60.90,71.97,71.97,0.00,0.00
Barbados,BRB,20200401,3.00,1,3.00,1,2.00,1,3.00,1,0.00,,1.00,1,2.00,1,2.00,1.00,0,1.00,0.00,0.00,2.00,1,1.00,2.00,0.00,0.00,,34,0,73.15,73.15,78.57,78.57,66.67,66.67,71.97,71.97,37.50,37.50
Barbados,BRB,20200402,3.00,1,3.00,1,2.00,1,3.00,1,0.00,,1.00,1,2.00,1,2.00,1.00,0,1.00,0.00,0.00,2.00,1,1.00,2.00,0.00,0.00,,45,0,73.15,73.15,78.57,78.57,66.67,66.67,71.97,71.97,37.50,37.50
Barbados,BRB,20200403,3.00,1,3.00,1,2.00,1,4.00,1,0.00,,3.00,1,2.00,1,2.00,1.00,0,1.00,0.00,0.00,2.00,1,1.00,2.00,0.00,0.00,,45,0,83.33,83.33,78.57,78.57,73.72,73.72,80.30,80.30,37.50,37.50
Barbados,BRB,20200404,3.00,1,3.00,1,2.00,1,4.00,1,0.00,,3.00,1,2.00,1,2.00,1.00,0,1.00,0.00,0.00,2.00,1,1.00,2.00,0.00,0.00,,45,0,83.33,83.33,78.57,78.57,73.72,73.72,80.30,80.30,37.50,37.50
Barbados,BRB,20200405,3.00,1,3.00,1,2.00,1,4.00,1,0.00,,3.00,1,2.00,1,2.00,1.00,0,1.00,0.00,0.00,2.00,1,1.00,2.00,0.00,0.00,,51,0,83.33,83.33,78.57,78.57,73.72,73.72,80.30,80.30,37.50,37.50
Barbados,BRB,20200406,3.00,1,3.00,1,2.00,1,4.00,1,0.00,,3.00,1,2.00,1,2.00,1.00,0,1.00,0.00,0.00,2.00,1,1.00,2.00,0.00,0.00,,56,1,83.33,83.33,78.57,78.57,73.72,73.72,80.30,80.30,37.50,37.50
Barbados,BRB,20200407,3.00,1,3.00,1,2.00,1,4.00,1,0.00,,3.00,1,2.00,1,2.00,1.00,0,1.00,0.00,0.00,2.00,1,1.00,2.00,0.00,0.00,,60,2,83.33,83.33,78.57,78.57,73.72,73.72,80.30,80.30,37.50,37.50
Barbados,BRB,20200408,3.00,1,3.00,1,2.00,1,4.00,1,1.00,1,3.00,1,2.00,1,2.00,1.00,0,1.00,0.00,0.00,2.00,1,1.00,2.00,0.00,0.00,,63,3,88.89,88.89,88.10,88.10,77.56,77.56,84.85,84.85,37.50,37.50
Barbados,BRB,20200409,3.00,1,3.00,1,2.00,1,4.00,1,1.00,1,3.00,1,2.00,1,2.00,1.00,0,1.00,0.00,0.00,2.00,1,1.00,2.00,0.00,0.00,,63,3,88.89,88.89,88.10,88.10,77.56,77.56,84.85,84.85,37.50,37.50
Barbados,BRB,20200410,3.00,1,3.00,1,2.00,1,4.00,1,1.00,1,3.00,1,2.00,1,2.00,1.00,0,1.00,0.00,0.00,2.00,1,1.00,2.00,0.00,0.00,,66,3,88.89,88.89,88.10,88.10,77.56,77.56,84.85,84.85,37.50,37.50
Barbados,BRB,20200411,3.00,1,3.00,1,2.00,1,4.00,1,1.00,1,3.00,1,2.00,1,2.00,1.00,0,1.00,0.00,0.00,2.00,1,1.00,2.00,0.00,0.00,,67,4,88.89,88.89,88.10,88.10,77.56,77.56,84.85,84.85,37.50,37.50
Barbados,BRB,20200412,3.00,1,3.00,1,2.00,1,4.00,1,1.00,1,3.00,1,2.00,1,2.00,1.00,0,1.00,0.00,0.00,2.00,1,1.00,2.00,0.00,0.00,,68,4,88.89,88.89,88.10,88.10,77.56,77.56,84.85,84.85,37.50,37.50
Barbados,BRB,20200413,3.00,1,3.00,1,2.00,1,4.00,1,1.00,1,3.00,1,2.00,1,2.00,1.00,0,1.00,0.00,0.00,2.00,1,1.00,2.00,0.00,0.00,,71,4,88.89,88.89,88.10,88.10,77.56,77.56,84.85,84.85,37.50,37.50
Barbados,BRB,20200414,3.00,1,3.00,1,2.00,1,4.00,1,1.00,1,3.00,1,2.00,1,2.00,1.00,0,1.00,0.00,0.00,2.00,1,1.00,2.00,0.00,0.00,,72,4,88.89,88.89,88.10,88.10,77.56,77.56,84.85,84.85,37.50,37.50
Barbados,BRB,20200415,3.00,1,3.00,1,2.00,1,4.00,1,1.00,1,3.00,1,2.00,1,2.00,1.00,0,1.00,0.00,0.00,2.00,1,1.00,2.00,0.00,0.00,,73,5,88.89,88.89,88.10,88.10,77.56,77.56,84.85,84.85,37.50,37.50
Barbados,BRB,20200416,3.00,1,3.00,1,2.00,1,4.00,1,1.00,1,3.00,1,2.00,1,2.00,1.00,0,1.00,0.00,0.00,2.00,1,1.00,2.00,0.00,0.00,,75,5,88.89,88.89,88.10,88.10,77.56,77.56,84.85,84.85,37.50,37.50
Barbados,BRB,20200417,3.00,1,3.00,1,2.00,1,4.00,1,1.00,1,3.00,1,2.00,1,2.00,1.00,0,1.00,0.00,0.00,2.00,1,1.00,2.00,0.00,0.00,,75,5,88.89,88.89,88.10,88.10,77.56,77.56,84.85,84.85,37.50,37.50
Barbados,BRB,20200418,3.00,1,3.00,1,2.00,1,4.00,1,1.00,1,3.00,1,2.00,1,2.00,1.00,0,1.00,0.00,0.00,2.00,1,1.00,2.00,0.00,0.00,,75,5,88.89,88.89,88.10,88.10,77.56,77.56,84.85,84.85,37.50,37.50
Barbados,BRB,20200419,3.00,1,3.00,1,2.00,1,4.00,1,1.00,1,3.00,1,2.00,1,2.00,1.00,0,1.00,0.00,0.00,2.00,1,2.00,2.00,0.00,0.00,,75,5,88.89,88.89,88.10,88.10,80.13,80.13,87.88,87.88,37.50,37.50
Barbados,BRB,20200420,3.00,1,3.00,1,2.00,1,4.00,1,1.00,1,3.00,1,2.00,1,2.00,1.00,0,1.00,0.00,0.00,2.00,1,2.00,2.00,0.00,0.00,,75,5,88.89,88.89,88.10,88.10,80.13,80.13,87.88,87.88,37.50,37.50
Barbados,BRB,20200421,3.00,1,3.00,1,2.00,1,4.00,1,1.00,1,3.00,1,2.00,1,2.00,1.00,0,1.00,0.00,0.00,2.00,1,2.00,2.00,0.00,0.00,,75,5,88.89,88.89,88.10,88.10,80.13,80.13,87.88,87.88,37.50,37.50
Barbados,BRB,20200422,3.00,1,3.00,1,2.00,1,4.00,1,1.00,1,3.00,1,2.00,1,2.00,1.00,0,1.00,0.00,0.00,2.00,1,2.00,2.00,0.00,0.00,,75,5,88.89,88.89,88.10,88.10,80.13,80.13,87.88,87.88,37.50,37.50
Barbados,BRB,20200423,3.00,1,3.00,1,2.00,1,4.00,1,1.00,1,3.00,1,2.00,1,2.00,1.00,0,1.00,1000000000.00,0.00,2.00,1,2.00,2.00,0.00,0.00,,76,6,88.89,88.89,88.10,88.10,80.13,80.13,87.88,87.88,37.50,37.50
Barbados,BRB,20200424,3.00,1,3.00,1,2.00,1,4.00,1,1.00,1,3.00,1,2.00,1,2.00,1.00,0,1.00,0.00,0.00,2.00,1,2.00,2.00,0.00,0.00,,76,6,88.89,88.89,88.10,88.10,80.13,80.13,87.88,87.88,37.50,37.50
Barbados,BRB,20200425,3.00,1,3.00,1,2.00,1,4.00,1,1.00,1,3.00,1,2.00,1,2.00,1.00,0,1.00,0.00,0.00,2.00,1,2.00,2.00,0.00,0.00,,76,6,88.89,88.89,88.10,88.10,80.13,80.13,87.88,87.88,37.50,37.50
Barbados,BRB,20200426,3.00,1,3.00,1,2.00,1,4.00,1,1.00,1,3.00,1,2.00,1,2.00,1.00,0,1.00,0.00,0.00,2.00,1,2.00,2.00,0.00,0.00,,79,6,88.89,88.89,88.10,88.10,80.13,80.13,87.88,87.88,37.50,37.50
Barbados,BRB,20200427,3.00,1,3.00,1,2.00,1,4.00,1,1.00,1,3.00,1,2.00,1,2.00,1.00,0,1.00,0.00,0.00,2.00,1,2.00,2.00,0.00,0.00,,79,6,88.89,88.89,88.10,88.10,80.13,80.13,87.88,87.88,37.50,37.50
Barbados,BRB,20200428,3.00,1,3.00,1,2.00,1,4.00,1,1.00,1,3.00,1,2.00,1,2.00,1.00,0,1.00,0.00,0.00,2.00,1,2.00,2.00,0.00,0.00,,80,6,88.89,88.89,88.10,88.10,80.13,80.13,87.88,87.88,37.50,37.50
Barbados,BRB,20200429,3.00,1,3.00,1,2.00,1,4.00,1,1.00,1,3.00,1,2.00,1,2.00,1.00,0,1.00,0.00,0.00,2.00,1,2.00,2.00,0.00,0.00,,80,6,88.89,88.89,88.10,88.10,80.13,80.13,87.88,87.88,37.50,37.50
Barbados,BRB,20200430,3.00,1,3.00,1,2.00,1,4.00,1,1.00,1,3.00,1,2.00,1,2.00,1.00,0,1.00,0.00,0.00,2.00,1,2.00,2.00,0.00,0.00,,80,7,88.89,88.89,88.10,88.10,80.13,80.13,87.88,87.88,37.50,37.50
Barbados,BRB,20200501,3.00,1,3.00,1,2.00,1,4.00,1,1.00,1,3.00,1,2.00,1,2.00,1.00,0,1.00,0.00,0.00,2.00,1,2.00,2.00,0.00,0.00,,81,7,88.89,88.89,88.10,88.10,80.13,80.13,87.88,87.88,37.50,37.50
Barbados,BRB,20200502,3.00,1,3.00,1,2.00,1,4.00,1,1.00,1,3.00,1,2.00,1,2.00,1.00,0,1.00,0.00,0.00,2.00,1,2.00,2.00,0.00,0.00,,81,7,88.89,88.89,88.10,88.10,80.13,80.13,87.88,87.88,37.50,37.50
Barbados,BRB,20200503,3.00,1,3.00,1,2.00,1,4.00,1,1.00,1,3.00,1,2.00,1,2.00,1.00,0,1.00,0.00,0.00,2.00,1,2.00,2.00,0.00,0.00,,81,7,88.89,88.89,88.10,88.10,80.13,80.13,87.88,87.88,37.50,37.50
Barbados,BRB,20200504,3.00,1,2.00,1,2.00,1,4.00,1,1.00,1,2.00,1,2.00,1,2.00,1.00,0,1.00,0.00,0.00,2.00,1,2.00,2.00,0.00,0.00,,82,7,81.48,81.48,84.52,84.52,75.00,75.00,81.82,81.82,37.50,37.50
Barbados,BRB,20200505,3.00,1,2.00,1,2.00,1,4.00,1,1.00,1,2.00,1,2.00,1,2.00,1.00,0,1.00,0.00,0.00,2.00,1,2.00,2.00,0.00,0.00,,82,7,81.48,81.48,84.52,84.52,75.00,75.00,81.82,81.82,37.50,37.50
Barbados,BRB,20200506,3.00,1,2.00,1,2.00,1,4.00,1,1.00,1,2.00,1,2.00,1,2.00,1.00,0,1.00,0.00,0.00,2.00,1,2.00,2.00,0.00,0.00,,82,7,81.48,81.48,84.52,84.52,75.00,75.00,81.82,81.82,37.50,37.50
Barbados,BRB,20200507,3.00,1,2.00,1,2.00,1,4.00,1,1.00,1,2.00,1,2.00,1,2.00,1.00,0,1.00,0.00,0.00,2.00,1,2.00,2.00,0.00,0.00,,82,7,81.48,81.48,84.52,84.52,75.00,75.00,81.82,81.82,37.50,37.50
Barbados,BRB,20200508,3.00,1,2.00,1,2.00,1,4.00,1,1.00,1,2.00,1,2.00,1,2.00,1.00,0,1.00,0.00,0.00,2.00,1,2.00,2.00,0.00,0.00,,82,7,81.48,81.48,84.52,84.52,75.00,75.00,81.82,81.82,37.50,37.50
Barbados,BRB,20200509,3.00,1,2.00,1,2.00,1,4.00,1,1.00,1,2.00,1,2.00,1,2.00,1.00,0,1.00,0.00,0.00,2.00,1,2.00,2.00,0.00,0.00,,83,7,81.48,81.48,84.52,84.52,75.00,75.00,81.82,81.82,37.50,37.50
Barbados,BRB,20200510,3.00,1,2.00,1,2.00,1,4.00,1,1.00,1,2.00,1,2.00,1,2.00,1.00,0,1.00,0.00,0.00,2.00,1,2.00,2.00,0.00,0.00,,84,7,81.48,81.48,84.52,84.52,75.00,75.00,81.82,81.82,37.50,37.50
Barbados,BRB,20200511,3.00,1,2.00,1,2.00,1,4.00,1,1.00,1,2.00,1,2.00,1,2.00,1.00,0,1.00,0.00,0.00,2.00,1,2.00,2.00,0.00,0.00,,84,7,81.48,81.48,84.52,84.52,75.00,75.00,81.82,81.82,37.50,37.50
Barbados,BRB,20200512,3.00,1,2.00,1,2.00,1,4.00,1,1.00,1,2.00,1,2.00,1,2.00,1.00,0,1.00,0.00,0.00,2.00,1,2.00,2.00,0.00,0.00,,84,7,81.48,81.48,84.52,84.52,75.00,75.00,81.82,81.82,37.50,37.50
Barbados,BRB,20200513,3.00,1,2.00,1,2.00,1,4.00,1,1.00,1,2.00,1,2.00,1,2.00,1.00,0,1.00,0.00,0.00,2.00,1,2.00,2.00,0.00,0.00,,85,7,81.48,81.48,84.52,84.52,75.00,75.00,81.82,81.82,37.50,37.50
Barbados,BRB,20200514,3.00,1,2.00,1,2.00,1,4.00,1,1.00,1,2.00,1,2.00,1,2.00,1.00,0,1.00,0.00,0.00,2.00,1,2.00,2.00,0.00,0.00,,85,7,81.48,81.48,84.52,84.52,75.00,75.00,81.82,81.82,37.50,37.50
Barbados,BRB,20200515,3.00,1,2.00,1,2.00,1,4.00,1,1.00,1,2.00,1,2.00,1,2.00,1.00,0,1.00,0.00,0.00,2.00,1,2.00,2.00,0.00,0.00,,85,7,81.48,81.48,84.52,84.52,75.00,75.00,81.82,81.82,37.50,37.50
Barbados,BRB,20200516,3.00,1,2.00,1,2.00,1,4.00,1,1.00,1,2.00,1,2.00,1,2.00,1.00,0,1.00,0.00,0.00,2.00,1,2.00,2.00,0.00,0.00,,85,7,81.48,81.48,84.52,84.52,75.00,75.00,81.82,81.82,37.50,37.50
Barbados,BRB,20200517,3.00,1,2.00,1,2.00,1,4.00,1,1.00,1,2.00,1,2.00,1,2.00,1.00,0,1.00,0.00,0.00,2.00,1,2.00,2.00,0.00,0.00,,86,7,81.48,81.48,84.52,84.52,75.00,75.00,81.82,81.82,37.50,37.50
Barbados,BRB,20200518,3.00,1,2.00,1,2.00,1,4.00,1,1.00,1,2.00,1,2.00,1,2.00,1.00,0,1.00,0.00,0.00,2.00,1,2.00,2.00,0.00,0.00,,88,7,81.48,81.48,84.52,84.52,75.00,75.00,81.82,81.82,37.50,37.50
Barbados,BRB,20200519,3.00,1,2.00,1,2.00,1,4.00,1,1.00,1,2.00,1,2.00,1,2.00,1.00,0,1.00,0.00,0.00,2.00,1,2.00,2.00,0.00,0.00,,88,7,81.48,81.48,84.52,84.52,75.00,75.00,81.82,81.82,37.50,37.50
Barbados,BRB,20200520,3.00,1,2.00,1,2.00,1,4.00,1,1.00,1,2.00,1,2.00,1,2.00,1.00,0,1.00,0.00,0.00,2.00,1,2.00,2.00,0.00,0.00,,90,7,81.48,81.48,84.52,84.52,75.00,75.00,81.82,81.82,37.50,37.50
Barbados,BRB,20200521,3.00,1,2.00,1,2.00,1,4.00,1,1.00,1,2.00,1,2.00,1,2.00,1.00,0,1.00,0.00,0.00,2.00,1,2.00,2.00,0.00,0.00,,90,7,81.48,81.48,84.52,84.52,75.00,75.00,81.82,81.82,37.50,37.50
Barbados,BRB,20200522,3.00,1,2.00,1,2.00,1,4.00,1,1.00,1,2.00,1,2.00,1,2.00,1.00,0,1.00,0.00,0.00,2.00,1,2.00,2.00,0.00,0.00,,90,7,81.48,81.48,84.52,84.52,75.00,75.00,81.82,81.82,37.50,37.50
Barbados,BRB,20200523,3.00,1,2.00,1,2.00,1,4.00,1,1.00,1,2.00,1,2.00,1,2.00,1.00,0,1.00,0.00,0.00,2.00,1,2.00,2.00,0.00,0.00,,90,7,81.48,81.48,84.52,84.52,75.00,75.00,81.82,81.82,37.50,37.50
Barbados,BRB,20200524,3.00,1,2.00,1,2.00,1,4.00,1,1.00,1,2.00,1,2.00,1,2.00,1.00,0,1.00,0.00,0.00,2.00,1,2.00,2.00,0.00,0.00,,92,7,81.48,81.48,84.52,84.52,75.00,75.00,81.82,81.82,37.50,37.50
Barbados,BRB,20200525,3.00,1,2.00,1,2.00,1,4.00,1,1.00,1,2.00,1,2.00,1,2.00,1.00,0,1.00,0.00,0.00,2.00,1,2.00,2.00,0.00,0.00,,92,7,81.48,81.48,84.52,84.52,75.00,75.00,81.82,81.82,37.50,37.50
Barbados,BRB,20200526,3.00,1,2.00,1,2.00,1,4.00,1,1.00,1,2.00,1,2.00,1,2.00,1.00,0,1.00,0.00,0.00,2.00,1,2.00,2.00,0.00,0.00,,92,7,81.48,81.48,84.52,84.52,75.00,75.00,81.82,81.82,37.50,37.50
Barbados,BRB,20200527,3.00,1,2.00,1,2.00,1,4.00,1,1.00,1,2.00,1,2.00,1,2.00,1.00,0,1.00,0.00,0.00,2.00,1,2.00,2.00,0.00,0.00,,92,7,81.48,81.48,84.52,84.52,75.00,75.00,81.82,81.82,37.50,37.50
Barbados,BRB,20200528,3.00,1,2.00,1,2.00,1,4.00,1,1.00,1,2.00,1,2.00,1,2.00,1.00,0,1.00,0.00,0.00,2.00,1,2.00,2.00,0.00,0.00,,92,7,81.48,81.48,84.52,84.52,75.00,75.00,81.82,81.82,37.50,37.50
Barbados,BRB,20200529,3.00,1,2.00,1,2.00,1,4.00,1,1.00,1,2.00,1,2.00,1,2.00,1.00,0,1.00,0.00,0.00,2.00,1,2.00,2.00,0.00,0.00,,92,7,81.48,81.48,84.52,84.52,75.00,75.00,81.82,81.82,37.50,37.50
Barbados,BRB,20200530,3.00,1,2.00,1,2.00,1,4.00,1,1.00,1,2.00,1,2.00,1,2.00,1.00,0,1.00,0.00,0.00,2.00,1,2.00,2.00,0.00,0.00,,92,7,81.48,81.48,84.52,84.52,75.00,75.00,81.82,81.82,37.50,37.50
Barbados,BRB,20200531,3.00,1,2.00,1,2.00,1,4.00,1,1.00,1,2.00,1,2.00,1,2.00,1.00,0,1.00,0.00,0.00,2.00,1,2.00,2.00,0.00,0.00,,92,7,81.48,81.48,84.52,84.52,75.00,75.00,81.82,81.82,37.50,37.50
Barbados,BRB,20200601,3.00,1,2.00,1,2.00,1,3.00,1,1.00,1,2.00,1,2.00,1,2.00,1.00,0,1.00,0.00,0.00,2.00,1,2.00,2.00,0.00,0.00,,92,7,78.70,78.70,84.52,84.52,73.08,73.08,79.55,79.55,37.50,37.50
Barbados,BRB,20200602,3.00,1,2.00,1,2.00,1,3.00,1,1.00,1,2.00,1,2.00,1,2.00,1.00,0,1.00,0.00,0.00,2.00,1,2.00,2.00,0.00,0.00,,92,7,78.70,78.70,84.52,84.52,73.08,73.08,79.55,79.55,37.50,37.50
Barbados,BRB,20200603,3.00,1,2.00,1,2.00,1,3.00,1,1.00,1,2.00,1,2.00,1,2.00,1.00,0,1.00,0.00,0.00,2.00,1,2.00,2.00,0.00,0.00,,92,7,78.70,78.70,84.52,84.52,73.08,73.08,79.55,79.55,37.50,37.50
Barbados,BRB,20200604,3.00,1,2.00,1,2.00,1,3.00,1,1.00,1,2.00,1,2.00,1,2.00,1.00,0,1.00,0.00,0.00,2.00,1,2.00,2.00,0.00,0.00,,92,7,78.70,78.70,84.52,84.52,73.08,73.08,79.55,79.55,37.50,37.50
Barbados,BRB,20200605,3.00,1,2.00,1,2.00,1,3.00,1,1.00,1,2.00,1,2.00,1,2.00,1.00,0,1.00,0.00,0.00,2.00,1,2.00,2.00,0.00,0.00,,92,7,78.70,78.70,84.52,84.52,73.08,73.08,79.55,79.55,37.50,37.50
Barbados,BRB,20200606,3.00,1,2.00,1,2.00,1,3.00,1,1.00,1,2.00,1,2.00,1,2.00,1.00,0,1.00,0.00,0.00,2.00,1,2.00,2.00,0.00,0.00,,92,7,78.70,78.70,84.52,84.52,73.08,73.08,79.55,79.55,37.50,37.50
Barbados,BRB,20200607,3.00,1,2.00,1,2.00,1,3.00,1,1.00,1,2.00,1,2.00,1,2.00,1.00,0,1.00,0.00,0.00,2.00,1,2.00,2.00,0.00,0.00,,92,7,78.70,78.70,84.52,84.52,73.08,73.08,79.55,79.55,37.50,37.50
Barbados,BRB,20200608,2.00,1,2.00,1,2.00,1,3.00,1,1.00,1,2.00,1,2.00,1,2.00,1.00,0,1.00,0.00,0.00,2.00,1,2.00,2.00,0.00,0.00,,92,7,75.00,75.00,80.95,80.95,70.51,70.51,76.52,76.52,37.50,37.50
Barbados,BRB,20200609,2.00,1,2.00,1,2.00,1,3.00,1,1.00,1,2.00,1,2.00,1,2.00,1.00,0,1.00,0.00,0.00,2.00,1,2.00,2.00,0.00,0.00,,92,7,75.00,75.00,80.95,80.95,70.51,70.51,76.52,76.52,37.50,37.50
Barbados,BRB,20200610,2.00,1,2.00,1,2.00,1,3.00,1,1.00,1,2.00,1,2.00,1,2.00,1.00,0,1.00,0.00,0.00,2.00,1,2.00,2.00,0.00,0.00,,92,7,75.00,75.00,80.95,80.95,70.51,70.51,76.52,76.52,37.50,37.50
Barbados,BRB,20200611,2.00,1,2.00,1,2.00,1,3.00,1,1.00,1,2.00,1,2.00,1,2.00,1.00,0,1.00,0.00,0.00,2.00,1,2.00,2.00,0.00,0.00,,96,7,75.00,75.00,80.95,80.95,70.51,70.51,76.52,76.52,37.50,37.50
Barbados,BRB,20200612,2.00,1,2.00,1,2.00,1,3.00,1,1.00,1,2.00,1,2.00,1,2.00,1.00,0,1.00,0.00,0.00,2.00,1,2.00,2.00,0.00,0.00,,96,7,75.00,75.00,80.95,80.95,70.51,70.51,76.52,76.52,37.50,37.50
Barbados,BRB,20200613,2.00,1,2.00,1,2.00,1,3.00,1,1.00,1,2.00,1,2.00,1,2.00,1.00,0,1.00,0.00,0.00,2.00,1,2.00,2.00,0.00,0.00,,96,7,75.00,75.00,80.95,80.95,70.51,70.51,76.52,76.52,37.50,37.50
Barbados,BRB,20200614,2.00,1,2.00,1,2.00,1,3.00,1,1.00,1,2.00,1,2.00,1,2.00,1.00,0,1.00,0.00,0.00,2.00,1,2.00,2.00,0.00,0.00,,96,7,75.00,75.00,80.95,80.95,70.51,70.51,76.52,76.52,37.50,37.50
Barbados,BRB,20200615,2.00,1,2.00,1,2.00,1,3.00,1,1.00,1,2.00,1,2.00,1,2.00,1.00,0,1.00,0.00,0.00,2.00,1,2.00,2.00,0.00,0.00,,96,7,75.00,75.00,80.95,80.95,70.51,70.51,76.52,76.52,37.50,37.50
Barbados,BRB,20200616,2.00,1,2.00,1,2.00,1,3.00,1,1.00,1,2.00,1,2.00,1,2.00,1.00,0,1.00,0.00,0.00,2.00,1,2.00,2.00,0.00,0.00,,97,7,75.00,75.00,80.95,80.95,70.51,70.51,76.52,76.52,37.50,37.50
Barbados,BRB,20200617,2.00,1,2.00,1,2.00,1,3.00,1,1.00,1,2.00,1,2.00,1,2.00,1.00,0,1.00,0.00,0.00,2.00,1,2.00,2.00,0.00,0.00,,97,7,75.00,75.00,80.95,80.95,70.51,70.51,76.52,76.52,37.50,37.50
Barbados,BRB,20200618,2.00,1,2.00,1,2.00,1,3.00,1,1.00,1,2.00,1,2.00,1,2.00,1.00,0,1.00,0.00,0.00,2.00,1,2.00,2.00,0.00,0.00,,97,7,75.00,75.00,80.95,80.95,70.51,70.51,76.52,76.52,37.50,37.50
Barbados,BRB,20200619,,,,,,,,,,,,,,,,,,,,,,,,,,,,97,7,,75.00,,80.95,,70.51,,76.52,,37.50
Barbados,BRB,20200620,,,,,,,,,,,,,,,,,,,,,,,,,,,,97,7,,75.00,,80.95,,70.51,,76.52,,37.50
Barbados,BRB,20200621,,,,,,,,,,,,,,,,,,,,,,,,,,,,97,7,,75.00,,80.95,,70.51,,76.52,,37.50
Barbados,BRB,20200622,,,,,,,,,,,,,,,,,,,,,,,,,,,,97,7,,75.00,,80.95,,70.51,,76.52,,37.50
Barbados,BRB,20200623,,,,,,,,,,,,,,,,,,,,,,,,,,,,97,7,,75.00,,80.95,,70.51,,76.52,,37.50
