Bahrain,BHR,20200101,0.00,,0.00,,0.00,,0.00,,0.00,,0.00,,0.00,,0.00,0.00,,0.00,0.00,0.00,0.00,,0.00,0.00,0.00,0.00,,0,0,0.00,0.00,0.00,0.00,0.00,0.00,0.00,0.00,0.00,0.00
Bahrain,BHR,20200102,0.00,,0.00,,0.00,,0.00,,0.00,,0.00,,0.00,,0.00,0.00,,0.00,0.00,0.00,0.00,,0.00,0.00,0.00,0.00,,0,0,0.00,0.00,0.00,0.00,0.00,0.00,0.00,0.00,0.00,0.00
Bahrain,BHR,20200103,0.00,,0.00,,0.00,,0.00,,0.00,,0.00,,0.00,,0.00,0.00,,0.00,0.00,0.00,0.00,,0.00,0.00,0.00,0.00,,0,0,0.00,0.00,0.00,0.00,0.00,0.00,0.00,0.00,0.00,0.00
Bahrain,BHR,20200104,0.00,,0.00,,0.00,,0.00,,0.00,,0.00,,0.00,,0.00,0.00,,0.00,0.00,0.00,0.00,,0.00,0.00,0.00,0.00,,0,0,0.00,0.00,0.00,0.00,0.00,0.00,0.00,0.00,0.00,0.00
Bahrain,BHR,20200105,0.00,,0.00,,0.00,,0.00,,0.00,,0.00,,0.00,,0.00,0.00,,0.00,0.00,0.00,0.00,,0.00,0.00,0.00,0.00,,0,0,0.00,0.00,0.00,0.00,0.00,0.00,0.00,0.00,0.00,0.00
Bahrain,BHR,20200106,0.00,,0.00,,0.00,,0.00,,0.00,,0.00,,0.00,,0.00,0.00,,0.00,0.00,0.00,0.00,,0.00,0.00,0.00,0.00,,0,0,0.00,0.00,0.00,0.00,0.00,0.00,0.00,0.00,0.00,0.00
Bahrain,BHR,20200107,0.00,,0.00,,0.00,,0.00,,0.00,,0.00,,0.00,,0.00,0.00,,0.00,0.00,0.00,0.00,,0.00,0.00,0.00,0.00,,0,0,0.00,0.00,0.00,0.00,0.00,0.00,0.00,0.00,0.00,0.00
Bahrain,BHR,20200108,0.00,,0.00,,0.00,,0.00,,0.00,,0.00,,0.00,,0.00,0.00,,0.00,0.00,0.00,0.00,,0.00,0.00,0.00,0.00,,0,0,0.00,0.00,0.00,0.00,0.00,0.00,0.00,0.00,0.00,0.00
Bahrain,BHR,20200109,0.00,,0.00,,0.00,,0.00,,0.00,,0.00,,0.00,,0.00,0.00,,0.00,0.00,0.00,0.00,,0.00,0.00,0.00,0.00,,0,0,0.00,0.00,0.00,0.00,0.00,0.00,0.00,0.00,0.00,0.00
Bahrain,BHR,20200110,0.00,,0.00,,0.00,,0.00,,0.00,,0.00,,0.00,,0.00,0.00,,0.00,0.00,0.00,0.00,,0.00,0.00,0.00,0.00,,0,0,0.00,0.00,0.00,0.00,0.00,0.00,0.00,0.00,0.00,0.00
Bahrain,BHR,20200111,0.00,,0.00,,0.00,,0.00,,0.00,,0.00,,0.00,,0.00,0.00,,0.00,0.00,0.00,0.00,,0.00,0.00,0.00,0.00,,0,0,0.00,0.00,0.00,0.00,0.00,0.00,0.00,0.00,0.00,0.00
Bahrain,BHR,20200112,0.00,,0.00,,0.00,,0.00,,0.00,,0.00,,0.00,,0.00,0.00,,0.00,0.00,0.00,0.00,,0.00,0.00,0.00,0.00,,0,0,0.00,0.00,0.00,0.00,0.00,0.00,0.00,0.00,0.00,0.00
Bahrain,BHR,20200113,0.00,,0.00,,0.00,,0.00,,0.00,,0.00,,0.00,,0.00,0.00,,0.00,0.00,0.00,0.00,,0.00,0.00,0.00,0.00,,0,0,0.00,0.00,0.00,0.00,0.00,0.00,0.00,0.00,0.00,0.00
Bahrain,BHR,20200114,0.00,,0.00,,0.00,,0.00,,0.00,,0.00,,0.00,,0.00,0.00,,0.00,0.00,0.00,0.00,,0.00,0.00,0.00,0.00,,0,0,0.00,0.00,0.00,0.00,0.00,0.00,0.00,0.00,0.00,0.00
Bahrain,BHR,20200115,0.00,,0.00,,0.00,,0.00,,0.00,,0.00,,0.00,,0.00,0.00,,0.00,0.00,0.00,0.00,,0.00,0.00,0.00,0.00,,0,0,0.00,0.00,0.00,0.00,0.00,0.00,0.00,0.00,0.00,0.00
Bahrain,BHR,20200116,0.00,,0.00,,0.00,,0.00,,0.00,,0.00,,0.00,,0.00,0.00,,0.00,0.00,0.00,0.00,,0.00,0.00,0.00,0.00,,0,0,0.00,0.00,0.00,0.00,0.00,0.00,0.00,0.00,0.00,0.00
Bahrain,BHR,20200117,0.00,,0.00,,0.00,,0.00,,0.00,,0.00,,0.00,,0.00,0.00,,0.00,0.00,0.00,0.00,,0.00,0.00,0.00,0.00,,0,0,0.00,0.00,0.00,0.00,0.00,0.00,0.00,0.00,0.00,0.00
Bahrain,BHR,20200118,0.00,,0.00,,0.00,,0.00,,0.00,,0.00,,0.00,,0.00,0.00,,0.00,0.00,0.00,0.00,,0.00,0.00,0.00,0.00,,0,0,0.00,0.00,0.00,0.00,0.00,0.00,0.00,0.00,0.00,0.00
Bahrain,BHR,20200119,0.00,,0.00,,0.00,,0.00,,0.00,,0.00,,0.00,,0.00,0.00,,0.00,0.00,0.00,0.00,,0.00,0.00,0.00,0.00,,0,0,0.00,0.00,0.00,0.00,0.00,0.00,0.00,0.00,0.00,0.00
Bahrain,BHR,20200120,0.00,,0.00,,0.00,,0.00,,0.00,,0.00,,0.00,,0.00,0.00,,0.00,0.00,0.00,0.00,,0.00,0.00,0.00,0.00,,0,0,0.00,0.00,0.00,0.00,0.00,0.00,0.00,0.00,0.00,0.00
Bahrain,BHR,20200121,0.00,,0.00,,0.00,,0.00,,0.00,,0.00,,0.00,,0.00,0.00,,0.00,0.00,0.00,0.00,,0.00,0.00,0.00,0.00,,0,0,0.00,0.00,0.00,0.00,0.00,0.00,0.00,0.00,0.00,0.00
Bahrain,BHR,20200122,0.00,,0.00,,0.00,,0.00,,0.00,,0.00,,0.00,,0.00,0.00,,0.00,0.00,0.00,2.00,0,0.00,0.00,0.00,0.00,,0,0,8.33,8.33,9.52,9.52,5.77,5.77,6.82,6.82,0.00,0.00
Bahrain,BHR,20200123,0.00,,0.00,,0.00,,0.00,,0.00,,0.00,,0.00,,0.00,0.00,,0.00,0.00,0.00,2.00,0,0.00,0.00,0.00,0.00,,0,0,8.33,8.33,9.52,9.52,5.77,5.77,6.82,6.82,0.00,0.00
Bahrain,BHR,20200124,0.00,,0.00,,0.00,,0.00,,0.00,,0.00,,0.00,,0.00,0.00,,0.00,0.00,0.00,2.00,0,0.00,0.00,0.00,0.00,,0,0,8.33,8.33,9.52,9.52,5.77,5.77,6.82,6.82,0.00,0.00
Bahrain,BHR,20200125,0.00,,0.00,,0.00,,0.00,,0.00,,0.00,,0.00,,0.00,0.00,,0.00,0.00,0.00,2.00,0,0.00,0.00,0.00,0.00,,0,0,8.33,8.33,9.52,9.52,5.77,5.77,6.82,6.82,0.00,0.00
Bahrain,BHR,20200126,0.00,,0.00,,0.00,,0.00,,0.00,,0.00,,0.00,,0.00,0.00,,0.00,0.00,0.00,2.00,0,0.00,0.00,0.00,0.00,,0,0,8.33,8.33,9.52,9.52,5.77,5.77,6.82,6.82,0.00,0.00
Bahrain,BHR,20200127,0.00,,0.00,,0.00,,0.00,,0.00,,0.00,,0.00,,1.00,0.00,,0.00,0.00,0.00,2.00,0,0.00,0.00,0.00,0.00,,0,0,11.11,11.11,13.10,13.10,7.69,7.69,9.09,9.09,0.00,0.00
Bahrain,BHR,20200128,0.00,,0.00,,0.00,,0.00,,0.00,,0.00,,0.00,,1.00,0.00,,0.00,0.00,0.00,2.00,0,0.00,0.00,0.00,0.00,,0,0,11.11,11.11,13.10,13.10,7.69,7.69,9.09,9.09,0.00,0.00
Bahrain,BHR,20200129,0.00,,0.00,,0.00,,0.00,,0.00,,0.00,,0.00,,1.00,0.00,,0.00,0.00,0.00,2.00,0,0.00,0.00,0.00,0.00,,0,0,11.11,11.11,13.10,13.10,7.69,7.69,9.09,9.09,0.00,0.00
Bahrain,BHR,20200130,0.00,,0.00,,0.00,,0.00,,0.00,,0.00,,0.00,,1.00,0.00,,0.00,0.00,0.00,2.00,0,0.00,0.00,0.00,0.00,,0,0,11.11,11.11,13.10,13.10,7.69,7.69,9.09,9.09,0.00,0.00
Bahrain,BHR,20200131,0.00,,0.00,,0.00,,0.00,,0.00,,0.00,,0.00,,1.00,0.00,,0.00,0.00,0.00,2.00,0,0.00,0.00,0.00,0.00,,0,0,11.11,11.11,13.10,13.10,7.69,7.69,9.09,9.09,0.00,0.00
Bahrain,BHR,20200201,0.00,,0.00,,0.00,,0.00,,0.00,,0.00,,0.00,,1.00,0.00,,1.00,0.00,0.00,2.00,0,0.00,0.00,0.00,0.00,,0,0,11.11,11.11,13.10,13.10,11.54,11.54,9.09,9.09,25.00,25.00
Bahrain,BHR,20200202,0.00,,0.00,,0.00,,0.00,,0.00,,0.00,,0.00,,1.00,0.00,,1.00,0.00,0.00,2.00,0,0.00,0.00,0.00,0.00,,0,0,11.11,11.11,13.10,13.10,11.54,11.54,9.09,9.09,25.00,25.00
Bahrain,BHR,20200203,0.00,,0.00,,0.00,,0.00,,0.00,,0.00,,0.00,,1.00,0.00,,1.00,0.00,0.00,2.00,0,0.00,0.00,0.00,0.00,,0,0,11.11,11.11,13.10,13.10,11.54,11.54,9.09,9.09,25.00,25.00
Bahrain,BHR,20200204,0.00,,0.00,,0.00,,0.00,,0.00,,0.00,,0.00,,1.00,0.00,,1.00,0.00,0.00,2.00,0,0.00,0.00,0.00,0.00,,0,0,11.11,11.11,13.10,13.10,11.54,11.54,9.09,9.09,25.00,25.00
Bahrain,BHR,20200205,0.00,,0.00,,0.00,,0.00,,0.00,,0.00,,0.00,,1.00,0.00,,1.00,0.00,0.00,2.00,0,0.00,0.00,0.00,0.00,,0,0,11.11,11.11,13.10,13.10,11.54,11.54,9.09,9.09,25.00,25.00
Bahrain,BHR,20200206,0.00,,0.00,,0.00,,0.00,,0.00,,0.00,,0.00,,1.00,0.00,,1.00,0.00,0.00,2.00,0,0.00,0.00,0.00,0.00,,0,0,11.11,11.11,13.10,13.10,11.54,11.54,9.09,9.09,25.00,25.00
Bahrain,BHR,20200207,0.00,,0.00,,0.00,,0.00,,0.00,,0.00,,0.00,,1.00,0.00,,1.00,0.00,0.00,2.00,0,0.00,0.00,0.00,0.00,,0,0,11.11,11.11,13.10,13.10,11.54,11.54,9.09,9.09,25.00,25.00
Bahrain,BHR,20200208,0.00,,0.00,,0.00,,0.00,,0.00,,0.00,,0.00,,1.00,0.00,,1.00,0.00,0.00,2.00,0,0.00,0.00,0.00,0.00,,0,0,11.11,11.11,13.10,13.10,11.54,11.54,9.09,9.09,25.00,25.00
Bahrain,BHR,20200209,0.00,,0.00,,0.00,,0.00,,0.00,,0.00,,0.00,,1.00,0.00,,1.00,0.00,0.00,2.00,0,1.00,0.00,0.00,0.00,,0,0,11.11,11.11,13.10,13.10,14.10,14.10,12.12,12.12,25.00,25.00
Bahrain,BHR,20200210,0.00,,0.00,,0.00,,0.00,,0.00,,0.00,,0.00,,1.00,0.00,,1.00,0.00,0.00,2.00,0,1.00,0.00,0.00,0.00,,0,0,11.11,11.11,13.10,13.10,14.10,14.10,12.12,12.12,25.00,25.00
Bahrain,BHR,20200211,0.00,,0.00,,0.00,,0.00,,0.00,,0.00,,0.00,,1.00,0.00,,1.00,0.00,0.00,2.00,0,1.00,0.00,0.00,0.00,,0,0,11.11,11.11,13.10,13.10,14.10,14.10,12.12,12.12,25.00,25.00
Bahrain,BHR,20200212,0.00,,0.00,,0.00,,0.00,,0.00,,0.00,,0.00,,3.00,0.00,,1.00,0.00,0.00,2.00,0,1.00,0.00,0.00,0.00,,0,0,16.67,16.67,20.24,20.24,17.95,17.95,16.67,16.67,25.00,25.00
Bahrain,BHR,20200213,0.00,,0.00,,0.00,,0.00,,0.00,,0.00,,0.00,,3.00,0.00,,1.00,0.00,0.00,2.00,0,1.00,0.00,0.00,0.00,,0,0,16.67,16.67,20.24,20.24,17.95,17.95,16.67,16.67,25.00,25.00
Bahrain,BHR,20200214,0.00,,0.00,,0.00,,0.00,,0.00,,0.00,,0.00,,3.00,0.00,,1.00,0.00,0.00,2.00,0,1.00,0.00,0.00,0.00,,0,0,16.67,16.67,20.24,20.24,17.95,17.95,16.67,16.67,25.00,25.00
Bahrain,BHR,20200215,0.00,,0.00,,0.00,,0.00,,0.00,,0.00,,0.00,,3.00,0.00,,1.00,0.00,0.00,2.00,0,1.00,0.00,0.00,0.00,,0,0,16.67,16.67,20.24,20.24,17.95,17.95,16.67,16.67,25.00,25.00
Bahrain,BHR,20200216,0.00,,0.00,,0.00,,0.00,,0.00,,0.00,,0.00,,3.00,0.00,,1.00,0.00,0.00,2.00,0,1.00,0.00,0.00,0.00,,0,0,16.67,16.67,20.24,20.24,17.95,17.95,16.67,16.67,25.00,25.00
Bahrain,BHR,20200217,0.00,,0.00,,0.00,,0.00,,0.00,,0.00,,0.00,,3.00,0.00,,1.00,0.00,0.00,2.00,0,1.00,0.00,0.00,0.00,,0,0,16.67,16.67,20.24,20.24,17.95,17.95,16.67,16.67,25.00,25.00
Bahrain,BHR,20200218,0.00,,0.00,,0.00,,0.00,,0.00,,0.00,,0.00,,3.00,0.00,,1.00,0.00,0.00,2.00,0,1.00,0.00,0.00,0.00,,0,0,16.67,16.67,20.24,20.24,17.95,17.95,16.67,16.67,25.00,25.00
Bahrain,BHR,20200219,0.00,,0.00,,0.00,,0.00,,0.00,,0.00,,0.00,,3.00,0.00,,1.00,0.00,0.00,2.00,1,1.00,0.00,0.00,0.00,,0,0,19.44,19.44,25.00,25.00,19.87,19.87,18.94,18.94,25.00,25.00
Bahrain,BHR,20200220,0.00,,0.00,,0.00,,0.00,,0.00,,0.00,,0.00,,3.00,0.00,,1.00,0.00,0.00,2.00,1,1.00,0.00,0.00,0.00,,0,0,19.44,19.44,25.00,25.00,19.87,19.87,18.94,18.94,25.00,25.00
Bahrain,BHR,20200221,0.00,,0.00,,0.00,,0.00,,0.00,,0.00,,0.00,,3.00,0.00,,1.00,0.00,0.00,2.00,1,1.00,0.00,0.00,0.00,,0,0,19.44,19.44,25.00,25.00,19.87,19.87,18.94,18.94,25.00,25.00
Bahrain,BHR,20200222,0.00,,0.00,,0.00,,0.00,,0.00,,0.00,,0.00,,3.00,0.00,,1.00,0.00,0.00,2.00,1,1.00,0.00,0.00,0.00,,0,0,19.44,19.44,25.00,25.00,19.87,19.87,18.94,18.94,25.00,25.00
Bahrain,BHR,20200223,0.00,,0.00,,0.00,,0.00,,0.00,,0.00,,0.00,,3.00,0.00,,1.00,0.00,0.00,2.00,1,1.00,2.00,0.00,0.00,,0,0,19.44,19.44,25.00,25.00,27.56,27.56,28.03,28.03,25.00,25.00
Bahrain,BHR,20200224,2.00,0,0.00,,0.00,,0.00,,0.00,,0.00,,0.00,,3.00,0.00,,1.00,0.00,0.00,2.00,1,1.00,2.00,0.00,0.00,,1,0,25.00,25.00,32.14,32.14,31.41,31.41,32.58,32.58,25.00,25.00
Bahrain,BHR,20200225,2.00,0,0.00,,0.00,,0.00,,0.00,,0.00,,0.00,,3.00,0.00,,1.00,0.00,0.00,2.00,1,1.00,2.00,0.00,0.00,,2,0,25.00,25.00,32.14,32.14,31.41,31.41,32.58,32.58,25.00,25.00
Bahrain,BHR,20200226,3.00,1,0.00,,0.00,,0.00,,0.00,,0.00,,0.00,,3.00,0.00,,1.00,0.00,0.00,2.00,1,2.00,2.00,0.00,0.00,,23,0,30.56,30.56,39.29,39.29,37.82,37.82,40.15,40.15,25.00,25.00
Bahrain,BHR,20200227,3.00,1,0.00,,0.00,,0.00,,0.00,,0.00,,0.00,,3.00,0.00,,1.00,0.00,0.00,2.00,1,2.00,2.00,0.00,0.00,,33,0,30.56,30.56,39.29,39.29,37.82,37.82,40.15,40.15,25.00,25.00
Bahrain,BHR,20200228,3.00,1,0.00,,0.00,,0.00,,0.00,,0.00,,0.00,,3.00,0.00,,1.00,0.00,0.00,2.00,1,2.00,2.00,0.00,0.00,,33,0,30.56,30.56,39.29,39.29,37.82,37.82,40.15,40.15,25.00,25.00
Bahrain,BHR,20200229,3.00,1,0.00,,0.00,,0.00,,0.00,,0.00,,0.00,,3.00,0.00,,1.00,0.00,0.00,2.00,1,2.00,2.00,0.00,0.00,,38,0,30.56,30.56,39.29,39.29,37.82,37.82,40.15,40.15,25.00,25.00
Bahrain,BHR,20200301,3.00,1,0.00,,0.00,,0.00,,0.00,,0.00,,0.00,,3.00,0.00,,1.00,0.00,0.00,2.00,1,2.00,2.00,0.00,0.00,,41,0,30.56,30.56,39.29,39.29,37.82,37.82,40.15,40.15,25.00,25.00
Bahrain,BHR,20200302,3.00,1,0.00,,0.00,,0.00,,0.00,,0.00,,0.00,,3.00,0.00,,1.00,0.00,0.00,2.00,1,2.00,2.00,0.00,0.00,,47,0,30.56,30.56,39.29,39.29,37.82,37.82,40.15,40.15,25.00,25.00
Bahrain,BHR,20200303,3.00,1,0.00,,0.00,,0.00,,0.00,,0.00,,0.00,,3.00,0.00,,1.00,0.00,0.00,2.00,1,2.00,2.00,0.00,0.00,,,,30.56,30.56,39.29,39.29,37.82,37.82,40.15,40.15,25.00,25.00
Bahrain,BHR,20200304,3.00,1,0.00,,0.00,,0.00,,0.00,,0.00,,0.00,,3.00,0.00,,1.00,0.00,0.00,2.00,1,2.00,2.00,0.00,0.00,,49,0,30.56,30.56,39.29,39.29,37.82,37.82,40.15,40.15,25.00,25.00
Bahrain,BHR,20200305,3.00,1,0.00,,0.00,,0.00,,0.00,,0.00,,0.00,,3.00,0.00,,1.00,0.00,0.00,2.00,1,2.00,2.00,0.00,0.00,,52,0,30.56,30.56,39.29,39.29,37.82,37.82,40.15,40.15,25.00,25.00
Bahrain,BHR,20200306,3.00,1,0.00,,0.00,,0.00,,0.00,,0.00,,0.00,,3.00,0.00,,1.00,0.00,0.00,2.00,1,2.00,2.00,0.00,0.00,,52,0,30.56,30.56,39.29,39.29,37.82,37.82,40.15,40.15,25.00,25.00
Bahrain,BHR,20200307,3.00,1,0.00,,0.00,,0.00,,0.00,,0.00,,0.00,,3.00,0.00,,1.00,0.00,0.00,2.00,1,2.00,2.00,0.00,0.00,,56,0,30.56,30.56,39.29,39.29,37.82,37.82,40.15,40.15,25.00,25.00
Bahrain,BHR,20200308,3.00,1,0.00,,0.00,,0.00,,0.00,,0.00,,0.00,,3.00,0.00,,1.00,0.00,0.00,2.00,1,2.00,2.00,0.00,0.00,,63,0,30.56,30.56,39.29,39.29,37.82,37.82,40.15,40.15,25.00,25.00
Bahrain,BHR,20200309,3.00,1,0.00,,0.00,,0.00,,0.00,,0.00,,0.00,,3.00,0.00,,1.00,0.00,0.00,2.00,1,2.00,2.00,0.00,0.00,,79,0,30.56,30.56,39.29,39.29,37.82,37.82,40.15,40.15,25.00,25.00
Bahrain,BHR,20200310,3.00,1,0.00,,0.00,,0.00,,0.00,,0.00,,0.00,,3.00,0.00,,1.00,0.00,0.00,2.00,1,2.00,2.00,0.00,0.00,,109,0,30.56,30.56,39.29,39.29,37.82,37.82,40.15,40.15,25.00,25.00
Bahrain,BHR,20200311,3.00,1,0.00,,0.00,,0.00,,0.00,,0.00,,0.00,,3.00,0.00,,1.00,0.00,0.00,2.00,1,2.00,2.00,0.00,0.00,,110,0,30.56,30.56,39.29,39.29,37.82,37.82,40.15,40.15,25.00,25.00
Bahrain,BHR,20200312,3.00,1,0.00,,0.00,,0.00,,0.00,,0.00,,0.00,,3.00,0.00,,1.00,0.00,0.00,2.00,1,2.00,2.00,0.00,0.00,,162,0,30.56,30.56,39.29,39.29,37.82,37.82,40.15,40.15,25.00,25.00
Bahrain,BHR,20200313,3.00,1,0.00,,0.00,,0.00,,0.00,,0.00,,0.00,,3.00,0.00,,1.00,0.00,0.00,2.00,1,2.00,2.00,0.00,0.00,,162,0,30.56,30.56,39.29,39.29,37.82,37.82,40.15,40.15,25.00,25.00
Bahrain,BHR,20200314,3.00,1,0.00,,0.00,,0.00,,0.00,,0.00,,0.00,,3.00,0.00,,1.00,0.00,0.00,2.00,1,2.00,2.00,0.00,0.00,,210,0,30.56,30.56,39.29,39.29,37.82,37.82,40.15,40.15,25.00,25.00
Bahrain,BHR,20200315,3.00,1,0.00,,0.00,,0.00,,0.00,,0.00,,0.00,,3.00,0.00,,1.00,0.00,0.00,2.00,1,2.00,2.00,0.00,0.00,,211,0,30.56,30.56,39.29,39.29,37.82,37.82,40.15,40.15,25.00,25.00
Bahrain,BHR,20200316,3.00,1,0.00,,0.00,,0.00,,0.00,,0.00,,0.00,,3.00,0.00,,1.00,0.00,0.00,2.00,1,2.00,2.00,0.00,0.00,,214,0,30.56,30.56,39.29,39.29,37.82,37.82,40.15,40.15,25.00,25.00
Bahrain,BHR,20200317,3.00,1,0.00,,0.00,,0.00,,0.00,,0.00,,0.00,,3.00,0.00,,1.00,11436170212.00,0.00,2.00,1,2.00,2.00,468500000.00,0.00,,221,1,30.56,30.56,39.29,39.29,37.82,37.82,40.15,40.15,25.00,25.00
Bahrain,BHR,20200318,3.00,1,2.00,1,2.00,1,3.00,1,0.00,,1.00,1,1.00,1,3.00,0.00,,1.00,0.00,0.00,2.00,1,2.00,2.00,0.00,0.00,,237,1,66.67,66.67,73.81,73.81,62.82,62.82,69.70,69.70,25.00,25.00
Bahrain,BHR,20200319,3.00,1,2.00,1,2.00,1,3.00,1,0.00,,1.00,1,1.00,1,3.00,0.00,,2.00,0.00,0.00,2.00,1,2.00,2.00,0.00,0.00,,256,1,66.67,66.67,73.81,73.81,66.67,66.67,69.70,69.70,50.00,50.00
Bahrain,BHR,20200320,3.00,1,2.00,1,2.00,1,3.00,1,0.00,,1.00,1,1.00,1,3.00,0.00,,2.00,0.00,0.00,2.00,1,2.00,2.00,0.00,0.00,,269,1,66.67,66.67,73.81,73.81,66.67,66.67,69.70,69.70,50.00,50.00
Bahrain,BHR,20200321,3.00,1,2.00,1,2.00,1,3.00,1,0.00,,1.00,1,1.00,1,3.00,0.00,,2.00,0.00,0.00,2.00,1,2.00,2.00,0.00,0.00,,285,1,66.67,66.67,73.81,73.81,66.67,66.67,69.70,69.70,50.00,50.00
Bahrain,BHR,20200322,3.00,1,2.00,1,2.00,1,4.00,1,0.00,,1.00,1,1.00,1,3.00,0.00,,2.00,0.00,0.00,2.00,1,2.00,2.00,0.00,0.00,,306,1,69.44,69.44,73.81,73.81,68.59,68.59,71.97,71.97,50.00,50.00
Bahrain,BHR,20200323,3.00,1,2.00,1,2.00,1,4.00,1,0.00,,1.00,1,1.00,1,3.00,0.00,,2.00,0.00,0.00,2.00,1,2.00,2.00,0.00,0.00,,334,2,69.44,69.44,73.81,73.81,68.59,68.59,71.97,71.97,50.00,50.00
Bahrain,BHR,20200324,3.00,1,2.00,1,2.00,1,4.00,1,0.00,,1.00,1,1.00,1,3.00,0.00,,2.00,0.00,0.00,2.00,1,2.00,2.00,0.00,0.00,,339,2,69.44,69.44,73.81,73.81,68.59,68.59,71.97,71.97,50.00,50.00
Bahrain,BHR,20200325,3.00,1,2.00,1,2.00,1,4.00,1,0.00,,1.00,1,1.00,1,3.00,0.00,,2.00,0.00,0.00,2.00,1,2.00,2.00,0.00,0.00,,390,3,69.44,69.44,73.81,73.81,68.59,68.59,71.97,71.97,50.00,50.00
Bahrain,BHR,20200326,3.00,1,3.00,1,2.00,1,4.00,1,0.00,,1.00,1,1.00,1,3.00,0.00,,2.00,0.00,0.00,2.00,1,2.00,2.00,0.00,0.00,,419,3,73.15,73.15,77.38,77.38,71.15,71.15,75.00,75.00,50.00,50.00
Bahrain,BHR,20200327,3.00,1,3.00,1,2.00,1,4.00,1,0.00,,1.00,1,1.00,1,3.00,0.00,,2.00,0.00,0.00,2.00,1,2.00,2.00,0.00,0.00,,458,4,73.15,73.15,77.38,77.38,71.15,71.15,75.00,75.00,50.00,50.00
Bahrain,BHR,20200328,3.00,1,3.00,1,2.00,1,4.00,1,1.00,1,1.00,1,1.00,1,3.00,0.00,,2.00,0.00,0.00,2.00,1,2.00,2.00,0.00,0.00,,466,4,78.70,78.70,86.90,86.90,75.00,75.00,79.55,79.55,50.00,50.00
Bahrain,BHR,20200329,3.00,1,3.00,1,2.00,1,4.00,1,1.00,1,1.00,1,1.00,1,3.00,0.00,,2.00,0.00,0.00,2.00,1,2.00,2.00,0.00,0.00,,473,4,78.70,78.70,86.90,86.90,75.00,75.00,79.55,79.55,50.00,50.00
Bahrain,BHR,20200330,3.00,1,3.00,1,2.00,1,4.00,1,1.00,1,1.00,1,1.00,1,3.00,0.00,,2.00,0.00,0.00,2.00,1,2.00,2.00,0.00,0.00,,500,4,78.70,78.70,86.90,86.90,75.00,75.00,79.55,79.55,50.00,50.00
Bahrain,BHR,20200331,3.00,1,3.00,1,2.00,1,4.00,1,1.00,1,1.00,1,1.00,1,3.00,0.00,,2.00,0.00,0.00,2.00,1,3.00,2.00,0.00,0.00,,515,4,78.70,78.70,86.90,86.90,77.56,77.56,82.58,82.58,50.00,50.00
Bahrain,BHR,20200401,3.00,1,3.00,1,2.00,1,4.00,1,1.00,1,1.00,1,1.00,1,3.00,2.00,0,2.00,0.00,0.00,2.00,1,3.00,2.00,0.00,0.00,,567,4,78.70,78.70,86.90,86.90,83.33,83.33,82.58,82.58,87.50,87.50
Bahrain,BHR,20200402,3.00,1,3.00,1,2.00,1,4.00,1,1.00,1,1.00,1,1.00,1,3.00,2.00,0,2.00,0.00,0.00,2.00,1,3.00,2.00,0.00,0.00,,569,4,78.70,78.70,86.90,86.90,83.33,83.33,82.58,82.58,87.50,87.50
Bahrain,BHR,20200403,3.00,1,3.00,1,2.00,1,4.00,1,1.00,1,1.00,1,1.00,1,3.00,2.00,0,2.00,0.00,0.00,2.00,1,3.00,2.00,0.00,0.00,,643,4,78.70,78.70,86.90,86.90,83.33,83.33,82.58,82.58,87.50,87.50
Bahrain,BHR,20200404,3.00,1,3.00,1,2.00,1,4.00,1,1.00,1,1.00,1,1.00,1,3.00,2.00,0,2.00,0.00,0.00,2.00,1,3.00,2.00,0.00,0.00,,643,4,78.70,78.70,86.90,86.90,83.33,83.33,82.58,82.58,87.50,87.50
Bahrain,BHR,20200405,3.00,1,3.00,1,2.00,1,4.00,1,1.00,1,1.00,1,1.00,1,3.00,2.00,0,2.00,0.00,0.00,2.00,1,3.00,2.00,0.00,0.00,,688,4,78.70,78.70,86.90,86.90,83.33,83.33,82.58,82.58,87.50,87.50
Bahrain,BHR,20200406,3.00,1,3.00,1,2.00,1,4.00,1,1.00,1,1.00,1,1.00,1,3.00,2.00,0,2.00,0.00,0.00,2.00,1,3.00,2.00,0.00,0.00,,700,4,78.70,78.70,86.90,86.90,83.33,83.33,82.58,82.58,87.50,87.50
Bahrain,BHR,20200407,3.00,1,3.00,1,2.00,1,4.00,1,1.00,1,1.00,1,1.00,1,3.00,2.00,0,2.00,0.00,0.00,2.00,1,3.00,2.00,0.00,0.00,,756,4,78.70,78.70,86.90,86.90,83.33,83.33,82.58,82.58,87.50,87.50
Bahrain,BHR,20200408,3.00,1,3.00,1,2.00,1,4.00,1,1.00,1,1.00,1,1.00,1,3.00,2.00,0,2.00,0.00,0.00,2.00,1,3.00,2.00,0.00,0.00,,811,5,78.70,78.70,86.90,86.90,83.33,83.33,82.58,82.58,87.50,87.50
Bahrain,BHR,20200409,3.00,1,2.00,1,2.00,1,4.00,1,1.00,1,1.00,1,1.00,1,3.00,2.00,0,2.00,0.00,0.00,2.00,1,3.00,2.00,0.00,0.00,,823,5,75.00,75.00,83.33,83.33,80.77,80.77,79.55,79.55,87.50,87.50
Bahrain,BHR,20200410,3.00,1,2.00,1,2.00,1,4.00,1,1.00,1,1.00,1,1.00,1,3.00,2.00,0,2.00,0.00,0.00,2.00,1,3.00,2.00,0.00,0.00,,887,5,75.00,75.00,83.33,83.33,80.77,80.77,79.55,79.55,87.50,87.50
Bahrain,BHR,20200411,3.00,1,2.00,1,2.00,1,4.00,1,1.00,1,1.00,1,1.00,1,3.00,2.00,0,2.00,0.00,0.00,2.00,1,3.00,2.00,0.00,0.00,,998,6,75.00,75.00,83.33,83.33,80.77,80.77,79.55,79.55,87.50,87.50
Bahrain,BHR,20200412,3.00,1,2.00,1,2.00,1,4.00,1,1.00,1,1.00,1,1.00,1,3.00,2.00,0,2.00,0.00,0.00,2.00,1,3.00,2.00,0.00,0.00,,1040,6,75.00,75.00,83.33,83.33,80.77,80.77,79.55,79.55,87.50,87.50
Bahrain,BHR,20200413,3.00,1,2.00,1,2.00,1,4.00,1,1.00,1,1.00,1,1.00,1,3.00,2.00,0,2.00,0.00,0.00,2.00,1,3.00,2.00,0.00,0.00,,1136,6,75.00,75.00,83.33,83.33,80.77,80.77,79.55,79.55,87.50,87.50
Bahrain,BHR,20200414,3.00,1,2.00,1,2.00,1,4.00,1,1.00,1,1.00,1,1.00,1,3.00,2.00,0,2.00,0.00,0.00,2.00,1,3.00,2.00,0.00,0.00,,1361,7,75.00,75.00,83.33,83.33,80.77,80.77,79.55,79.55,87.50,87.50
Bahrain,BHR,20200415,3.00,1,2.00,1,2.00,1,4.00,1,1.00,1,1.00,1,1.00,1,3.00,2.00,0,2.00,0.00,0.00,2.00,1,3.00,2.00,0.00,0.00,,1528,7,75.00,75.00,83.33,83.33,80.77,80.77,79.55,79.55,87.50,87.50
Bahrain,BHR,20200416,3.00,1,2.00,1,2.00,1,4.00,1,1.00,1,1.00,1,1.00,1,3.00,2.00,0,2.00,0.00,0.00,2.00,1,3.00,2.00,0.00,0.00,,1673,7,75.00,75.00,83.33,83.33,80.77,80.77,79.55,79.55,87.50,87.50
Bahrain,BHR,20200417,3.00,1,2.00,1,2.00,1,4.00,1,1.00,1,1.00,1,1.00,1,3.00,2.00,0,2.00,0.00,0.00,2.00,1,3.00,2.00,0.00,0.00,,1700,7,75.00,75.00,83.33,83.33,80.77,80.77,79.55,79.55,87.50,87.50
Bahrain,BHR,20200418,3.00,1,2.00,1,2.00,1,4.00,1,1.00,1,1.00,1,1.00,1,3.00,2.00,0,2.00,0.00,0.00,2.00,1,3.00,2.00,0.00,0.00,,1744,7,75.00,75.00,83.33,83.33,80.77,80.77,79.55,79.55,87.50,87.50
Bahrain,BHR,20200419,3.00,1,2.00,1,2.00,1,4.00,1,1.00,1,1.00,1,1.00,1,3.00,2.00,0,2.00,0.00,0.00,2.00,1,3.00,2.00,0.00,0.00,,1773,7,75.00,75.00,83.33,83.33,80.77,80.77,79.55,79.55,87.50,87.50
Bahrain,BHR,20200420,3.00,1,2.00,1,2.00,1,4.00,1,1.00,1,1.00,1,1.00,1,3.00,2.00,0,2.00,0.00,0.00,2.00,1,3.00,2.00,0.00,0.00,,1873,7,75.00,75.00,83.33,83.33,80.77,80.77,79.55,79.55,87.50,87.50
Bahrain,BHR,20200421,3.00,1,2.00,1,2.00,1,4.00,1,1.00,1,1.00,1,1.00,1,3.00,2.00,0,2.00,0.00,0.00,2.00,1,3.00,2.00,0.00,0.00,,1907,7,75.00,75.00,83.33,83.33,80.77,80.77,79.55,79.55,87.50,87.50
Bahrain,BHR,20200422,3.00,1,2.00,1,2.00,1,4.00,1,1.00,1,1.00,1,1.00,1,3.00,2.00,0,2.00,0.00,0.00,2.00,1,3.00,2.00,0.00,0.00,,1973,7,75.00,75.00,83.33,83.33,80.77,80.77,79.55,79.55,87.50,87.50
Bahrain,BHR,20200423,3.00,1,2.00,1,2.00,1,4.00,1,1.00,1,1.00,1,1.00,1,3.00,2.00,0,2.00,0.00,0.00,2.00,1,3.00,2.00,0.00,0.00,,2007,7,75.00,75.00,83.33,83.33,80.77,80.77,79.55,79.55,87.50,87.50
Bahrain,BHR,20200424,3.00,1,2.00,1,2.00,1,4.00,1,1.00,1,1.00,1,1.00,1,3.00,2.00,0,2.00,0.00,0.00,2.00,1,3.00,2.00,0.00,0.00,,2217,8,75.00,75.00,83.33,83.33,80.77,80.77,79.55,79.55,87.50,87.50
Bahrain,BHR,20200425,3.00,1,2.00,1,2.00,1,4.00,1,1.00,1,1.00,1,1.00,1,3.00,2.00,0,2.00,0.00,0.00,2.00,1,3.00,2.00,0.00,0.00,,2518,8,75.00,75.00,83.33,83.33,80.77,80.77,79.55,79.55,87.50,87.50
Bahrain,BHR,20200426,3.00,1,2.00,1,2.00,1,4.00,1,1.00,1,1.00,1,1.00,1,3.00,2.00,0,2.00,0.00,0.00,2.00,1,3.00,2.00,0.00,0.00,,2589,8,75.00,75.00,83.33,83.33,80.77,80.77,79.55,79.55,87.50,87.50
Bahrain,BHR,20200427,3.00,1,2.00,1,2.00,1,4.00,1,1.00,1,1.00,1,1.00,1,3.00,2.00,0,2.00,0.00,0.00,2.00,1,3.00,2.00,0.00,0.00,,2647,8,75.00,75.00,83.33,83.33,80.77,80.77,79.55,79.55,87.50,87.50
Bahrain,BHR,20200428,3.00,1,2.00,1,2.00,1,4.00,1,1.00,1,1.00,1,1.00,1,3.00,2.00,0,2.00,0.00,0.00,2.00,1,3.00,2.00,0.00,0.00,,2723,8,75.00,75.00,83.33,83.33,80.77,80.77,79.55,79.55,87.50,87.50
Bahrain,BHR,20200429,3.00,1,2.00,1,2.00,1,4.00,1,1.00,1,1.00,1,1.00,1,3.00,2.00,0,2.00,0.00,0.00,2.00,1,3.00,2.00,0.00,0.00,,2811,8,75.00,75.00,83.33,83.33,80.77,80.77,79.55,79.55,87.50,87.50
Bahrain,BHR,20200430,3.00,1,2.00,1,2.00,1,4.00,1,1.00,1,1.00,1,1.00,1,3.00,2.00,0,2.00,0.00,0.00,2.00,1,3.00,2.00,0.00,0.00,,2921,8,75.00,75.00,83.33,83.33,80.77,80.77,79.55,79.55,87.50,87.50
Bahrain,BHR,20200501,3.00,1,2.00,1,2.00,1,4.00,1,1.00,1,1.00,1,1.00,1,3.00,2.00,0,2.00,0.00,0.00,2.00,1,3.00,2.00,0.00,0.00,,3040,8,75.00,75.00,83.33,83.33,80.77,80.77,79.55,79.55,87.50,87.50
Bahrain,BHR,20200502,3.00,1,2.00,1,2.00,1,4.00,1,1.00,1,1.00,1,1.00,1,3.00,2.00,0,2.00,0.00,0.00,2.00,1,3.00,2.00,0.00,0.00,,3170,8,75.00,75.00,83.33,83.33,80.77,80.77,79.55,79.55,87.50,87.50
Bahrain,BHR,20200503,3.00,1,2.00,1,2.00,1,4.00,1,1.00,1,1.00,1,1.00,1,3.00,2.00,0,2.00,0.00,0.00,2.00,1,3.00,2.00,0.00,0.00,,3284,8,75.00,75.00,83.33,83.33,80.77,80.77,79.55,79.55,87.50,87.50
Bahrain,BHR,20200504,3.00,1,2.00,1,2.00,1,4.00,1,1.00,1,1.00,1,1.00,1,3.00,2.00,0,2.00,0.00,0.00,2.00,1,3.00,2.00,0.00,0.00,,3383,8,75.00,75.00,83.33,83.33,80.77,80.77,79.55,79.55,87.50,87.50
Bahrain,BHR,20200505,3.00,1,2.00,1,2.00,1,4.00,1,1.00,1,1.00,1,1.00,1,3.00,2.00,0,2.00,0.00,0.00,2.00,1,3.00,2.00,0.00,0.00,,3533,8,75.00,75.00,83.33,83.33,80.77,80.77,79.55,79.55,87.50,87.50
Bahrain,BHR,20200506,3.00,1,2.00,1,2.00,1,4.00,1,1.00,1,1.00,1,1.00,1,3.00,2.00,0,2.00,0.00,0.00,2.00,1,3.00,2.00,0.00,0.00,,3720,8,75.00,75.00,83.33,83.33,80.77,80.77,79.55,79.55,87.50,87.50
Bahrain,BHR,20200507,3.00,1,2.00,1,2.00,1,4.00,1,1.00,1,1.00,1,1.00,1,3.00,2.00,0,2.00,0.00,0.00,2.00,1,3.00,2.00,0.00,0.00,,3934,8,75.00,75.00,83.33,83.33,80.77,80.77,79.55,79.55,87.50,87.50
Bahrain,BHR,20200508,3.00,1,2.00,1,2.00,1,4.00,1,1.00,1,1.00,1,1.00,1,3.00,2.00,0,2.00,0.00,0.00,2.00,1,3.00,2.00,0.00,0.00,,4199,8,75.00,75.00,83.33,83.33,80.77,80.77,79.55,79.55,87.50,87.50
Bahrain,BHR,20200509,3.00,1,2.00,1,2.00,1,4.00,1,1.00,1,1.00,1,1.00,1,3.00,2.00,0,2.00,0.00,0.00,2.00,1,3.00,2.00,0.00,0.00,,4444,8,75.00,75.00,83.33,83.33,80.77,80.77,79.55,79.55,87.50,87.50
Bahrain,BHR,20200510,3.00,1,2.00,1,2.00,1,4.00,1,1.00,1,1.00,1,1.00,1,3.00,2.00,0,2.00,0.00,0.00,2.00,1,3.00,2.00,0.00,0.00,,4774,8,75.00,75.00,83.33,83.33,80.77,80.77,79.55,79.55,87.50,87.50
Bahrain,BHR,20200511,3.00,1,2.00,1,2.00,1,4.00,1,1.00,1,1.00,1,1.00,1,3.00,2.00,0,2.00,0.00,0.00,2.00,1,3.00,2.00,0.00,0.00,,4941,8,75.00,75.00,83.33,83.33,80.77,80.77,79.55,79.55,87.50,87.50
Bahrain,BHR,20200512,3.00,1,2.00,1,2.00,1,4.00,1,1.00,1,1.00,1,1.00,1,3.00,2.00,0,2.00,0.00,0.00,2.00,1,3.00,2.00,0.00,0.00,,5236,8,75.00,75.00,83.33,83.33,80.77,80.77,79.55,79.55,87.50,87.50
Bahrain,BHR,20200513,3.00,1,2.00,1,2.00,1,4.00,1,1.00,1,1.00,1,1.00,1,3.00,2.00,0,2.00,0.00,0.00,2.00,1,3.00,2.00,0.00,0.00,,5531,9,75.00,75.00,83.33,83.33,80.77,80.77,79.55,79.55,87.50,87.50
Bahrain,BHR,20200514,3.00,1,2.00,1,2.00,1,4.00,1,1.00,1,1.00,1,1.00,1,3.00,2.00,0,2.00,0.00,0.00,2.00,1,3.00,2.00,0.00,0.00,,5816,10,75.00,75.00,83.33,83.33,80.77,80.77,79.55,79.55,87.50,87.50
Bahrain,BHR,20200515,3.00,1,2.00,1,2.00,1,4.00,1,1.00,1,1.00,1,1.00,1,3.00,2.00,0,2.00,0.00,0.00,2.00,1,3.00,2.00,0.00,0.00,,6198,10,75.00,75.00,83.33,83.33,80.77,80.77,79.55,79.55,87.50,87.50
Bahrain,BHR,20200516,3.00,1,2.00,1,2.00,1,4.00,1,1.00,1,1.00,1,1.00,1,3.00,2.00,0,2.00,0.00,0.00,2.00,1,3.00,2.00,0.00,0.00,,6583,12,75.00,75.00,83.33,83.33,80.77,80.77,79.55,79.55,87.50,87.50
Bahrain,BHR,20200517,3.00,1,2.00,1,2.00,1,4.00,1,1.00,1,1.00,1,1.00,1,3.00,2.00,0,2.00,0.00,0.00,2.00,1,3.00,2.00,0.00,0.00,,6747,12,75.00,75.00,83.33,83.33,80.77,80.77,79.55,79.55,87.50,87.50
Bahrain,BHR,20200518,3.00,1,2.00,1,2.00,1,4.00,1,1.00,1,1.00,1,1.00,1,3.00,2.00,0,2.00,0.00,0.00,2.00,1,3.00,2.00,0.00,0.00,,6956,12,75.00,75.00,83.33,83.33,80.77,80.77,79.55,79.55,87.50,87.50
Bahrain,BHR,20200519,3.00,1,2.00,1,2.00,1,4.00,1,1.00,1,1.00,1,1.00,1,3.00,2.00,0,2.00,0.00,0.00,2.00,1,3.00,2.00,0.00,0.00,,7184,12,75.00,75.00,83.33,83.33,80.77,80.77,79.55,79.55,87.50,87.50
Bahrain,BHR,20200520,3.00,1,2.00,1,2.00,1,4.00,1,1.00,1,1.00,1,1.00,1,3.00,2.00,0,2.00,0.00,0.00,2.00,1,3.00,2.00,0.00,0.00,,7532,12,75.00,75.00,83.33,83.33,80.77,80.77,79.55,79.55,87.50,87.50
Bahrain,BHR,20200521,3.00,1,2.00,1,2.00,1,4.00,1,1.00,1,1.00,1,1.00,1,3.00,2.00,0,2.00,0.00,0.00,2.00,1,3.00,2.00,0.00,0.00,,7888,12,75.00,75.00,83.33,83.33,80.77,80.77,79.55,79.55,87.50,87.50
Bahrain,BHR,20200522,3.00,1,2.00,1,2.00,1,4.00,1,1.00,1,1.00,1,1.00,1,3.00,2.00,0,2.00,0.00,0.00,2.00,1,3.00,2.00,0.00,0.00,,8174,12,75.00,75.00,83.33,83.33,80.77,80.77,79.55,79.55,87.50,87.50
Bahrain,BHR,20200523,3.00,1,2.00,1,2.00,1,4.00,1,1.00,1,1.00,1,1.00,1,3.00,2.00,0,2.00,0.00,0.00,2.00,1,3.00,2.00,0.00,0.00,,8414,12,75.00,75.00,83.33,83.33,80.77,80.77,79.55,79.55,87.50,87.50
Bahrain,BHR,20200524,3.00,1,2.00,1,2.00,1,4.00,1,1.00,1,1.00,1,1.00,1,3.00,2.00,0,2.00,0.00,0.00,2.00,1,3.00,2.00,0.00,0.00,,8802,13,75.00,75.00,83.33,83.33,80.77,80.77,79.55,79.55,87.50,87.50
Bahrain,BHR,20200525,3.00,1,2.00,1,2.00,1,4.00,1,1.00,1,1.00,1,1.00,1,3.00,2.00,0,2.00,0.00,0.00,2.00,1,3.00,2.00,0.00,0.00,,9138,14,75.00,75.00,83.33,83.33,80.77,80.77,79.55,79.55,87.50,87.50
Bahrain,BHR,20200526,3.00,1,2.00,1,2.00,1,4.00,1,1.00,1,1.00,1,1.00,1,3.00,2.00,0,2.00,0.00,0.00,2.00,1,3.00,2.00,0.00,0.00,,9171,14,75.00,75.00,83.33,83.33,80.77,80.77,79.55,79.55,87.50,87.50
Bahrain,BHR,20200527,3.00,1,2.00,1,2.00,1,4.00,1,1.00,1,1.00,1,1.00,1,3.00,2.00,0,2.00,0.00,0.00,2.00,1,3.00,2.00,0.00,0.00,,9366,14,75.00,75.00,83.33,83.33,80.77,80.77,79.55,79.55,87.50,87.50
Bahrain,BHR,20200528,3.00,1,2.00,1,2.00,1,4.00,1,1.00,1,1.00,1,1.00,1,3.00,2.00,0,2.00,0.00,0.00,2.00,1,3.00,2.00,0.00,0.00,,9633,15,75.00,75.00,83.33,83.33,80.77,80.77,79.55,79.55,87.50,87.50
Bahrain,BHR,20200529,3.00,1,2.00,1,2.00,1,4.00,1,1.00,1,1.00,1,1.00,1,3.00,2.00,0,2.00,0.00,0.00,2.00,1,3.00,2.00,0.00,0.00,,10052,15,75.00,75.00,83.33,83.33,80.77,80.77,79.55,79.55,87.50,87.50
Bahrain,BHR,20200530,3.00,1,2.00,1,2.00,1,4.00,1,1.00,1,1.00,1,1.00,1,3.00,2.00,0,2.00,0.00,0.00,2.00,1,3.00,2.00,0.00,0.00,,10449,15,75.00,75.00,83.33,83.33,80.77,80.77,79.55,79.55,87.50,87.50
Bahrain,BHR,20200531,3.00,1,2.00,1,2.00,1,4.00,1,1.00,1,1.00,1,1.00,1,3.00,2.00,0,2.00,0.00,0.00,2.00,1,3.00,2.00,0.00,0.00,,10793,17,75.00,75.00,83.33,83.33,80.77,80.77,79.55,79.55,87.50,87.50
Bahrain,BHR,20200601,3.00,1,2.00,1,2.00,1,4.00,1,1.00,1,1.00,1,1.00,1,3.00,2.00,0,2.00,0.00,0.00,2.00,1,3.00,2.00,0.00,0.00,,11398,19,75.00,75.00,83.33,83.33,80.77,80.77,79.55,79.55,87.50,87.50
Bahrain,BHR,20200602,3.00,1,2.00,1,2.00,1,4.00,1,1.00,1,1.00,1,1.00,1,3.00,2.00,0,2.00,0.00,0.00,2.00,1,3.00,2.00,0.00,0.00,,11804,19,75.00,75.00,83.33,83.33,80.77,80.77,79.55,79.55,87.50,87.50
Bahrain,BHR,20200603,3.00,1,2.00,1,2.00,1,4.00,1,1.00,1,1.00,1,1.00,1,3.00,2.00,0,2.00,0.00,0.00,2.00,1,3.00,2.00,0.00,0.00,,12311,19,75.00,75.00,83.33,83.33,80.77,80.77,79.55,79.55,87.50,87.50
Bahrain,BHR,20200604,3.00,1,2.00,1,2.00,1,4.00,1,1.00,1,1.00,1,1.00,1,3.00,2.00,0,2.00,0.00,0.00,2.00,1,3.00,2.00,0.00,0.00,,12815,20,75.00,75.00,83.33,83.33,80.77,80.77,79.55,79.55,87.50,87.50
Bahrain,BHR,20200605,3.00,1,2.00,1,2.00,1,4.00,1,1.00,1,1.00,1,1.00,1,3.00,2.00,0,2.00,0.00,0.00,2.00,1,3.00,2.00,0.00,0.00,,13296,21,75.00,75.00,83.33,83.33,80.77,80.77,79.55,79.55,87.50,87.50
Bahrain,BHR,20200606,3.00,1,2.00,1,2.00,1,4.00,1,1.00,1,1.00,1,1.00,1,3.00,2.00,0,2.00,0.00,0.00,2.00,1,3.00,2.00,0.00,0.00,,13835,23,75.00,75.00,83.33,83.33,80.77,80.77,79.55,79.55,87.50,87.50
Bahrain,BHR,20200607,3.00,1,2.00,1,2.00,1,4.00,1,1.00,1,1.00,1,1.00,1,3.00,2.00,0,2.00,0.00,0.00,2.00,1,3.00,2.00,0.00,0.00,,14383,24,75.00,75.00,83.33,83.33,80.77,80.77,79.55,79.55,87.50,87.50
Bahrain,BHR,20200608,3.00,1,2.00,1,2.00,1,4.00,1,1.00,1,1.00,1,1.00,1,3.00,2.00,0,2.00,0.00,0.00,2.00,1,3.00,2.00,0.00,0.00,,14763,26,75.00,75.00,83.33,83.33,80.77,80.77,79.55,79.55,87.50,87.50
Bahrain,BHR,20200609,3.00,1,2.00,1,2.00,1,4.00,1,1.00,1,1.00,1,1.00,1,3.00,2.00,0,2.00,0.00,0.00,2.00,1,3.00,2.00,0.00,0.00,,15417,26,75.00,75.00,83.33,83.33,80.77,80.77,79.55,79.55,87.50,87.50
Bahrain,BHR,20200610,3.00,1,2.00,1,2.00,1,4.00,1,1.00,1,1.00,1,1.00,1,3.00,2.00,0,2.00,0.00,0.00,2.00,1,3.00,2.00,0.00,0.00,,16200,29,75.00,75.00,83.33,83.33,80.77,80.77,79.55,79.55,87.50,87.50
Bahrain,BHR,20200611,3.00,1,2.00,1,2.00,1,4.00,1,1.00,1,1.00,1,1.00,1,3.00,2.00,0,2.00,0.00,0.00,2.00,1,3.00,2.00,0.00,0.00,,16200,31,75.00,75.00,83.33,83.33,80.77,80.77,79.55,79.55,87.50,87.50
Bahrain,BHR,20200612,3.00,1,2.00,1,2.00,1,4.00,1,1.00,1,1.00,1,1.00,1,3.00,2.00,0,2.00,0.00,0.00,2.00,1,3.00,2.00,0.00,0.00,,17269,36,75.00,75.00,83.33,83.33,80.77,80.77,79.55,79.55,87.50,87.50
Bahrain,BHR,20200613,3.00,1,2.00,1,2.00,1,4.00,1,1.00,1,1.00,1,1.00,1,3.00,2.00,0,2.00,0.00,0.00,2.00,1,3.00,2.00,0.00,0.00,,17713,36,75.00,75.00,83.33,83.33,80.77,80.77,79.55,79.55,87.50,87.50
Bahrain,BHR,20200614,3.00,1,2.00,1,2.00,1,4.00,1,1.00,1,1.00,1,1.00,1,3.00,2.00,0,2.00,0.00,0.00,2.00,1,3.00,2.00,0.00,0.00,,18227,39,75.00,75.00,83.33,83.33,80.77,80.77,79.55,79.55,87.50,87.50
Bahrain,BHR,20200615,3.00,1,2.00,1,2.00,1,4.00,1,1.00,1,1.00,1,1.00,1,3.00,2.00,0,2.00,0.00,0.00,2.00,1,3.00,2.00,0.00,0.00,,18227,43,75.00,75.00,83.33,83.33,80.77,80.77,79.55,79.55,87.50,87.50
Bahrain,BHR,20200616,3.00,1,2.00,1,2.00,1,4.00,1,1.00,1,1.00,1,1.00,1,3.00,2.00,0,2.00,470700000.00,0.00,2.00,1,3.00,2.00,0.00,0.00,,19013,46,75.00,75.00,83.33,83.33,80.77,80.77,79.55,79.55,87.50,87.50
Bahrain,BHR,20200617,3.00,1,2.00,1,2.00,1,4.00,1,1.00,1,1.00,1,1.00,1,3.00,2.00,0,2.00,0.00,0.00,2.00,1,3.00,2.00,0.00,0.00,,19553,47,75.00,75.00,83.33,83.33,80.77,80.77,79.55,79.55,87.50,87.50
Bahrain,BHR,20200618,3.00,1,2.00,1,2.00,1,4.00,1,1.00,1,1.00,1,1.00,1,3.00,2.00,0,2.00,0.00,0.00,2.00,1,3.00,2.00,0.00,0.00,,19961,49,75.00,75.00,83.33,83.33,80.77,80.77,79.55,79.55,87.50,87.50
Bahrain,BHR,20200619,3.00,1,2.00,1,2.00,1,4.00,1,1.00,1,1.00,1,1.00,1,3.00,2.00,0,2.00,0.00,0.00,2.00,1,3.00,2.00,0.00,0.00,,20430,55,75.00,75.00,83.33,83.33,80.77,80.77,79.55,79.55,87.50,87.50
Bahrain,BHR,20200620,3.00,1,2.00,1,2.00,1,4.00,1,1.00,1,1.00,1,1.00,1,3.00,2.00,0,2.00,0.00,0.00,2.00,1,3.00,2.00,0.00,0.00,,20916,57,75.00,75.00,83.33,83.33,80.77,80.77,79.55,79.55,87.50,87.50
Bahrain,BHR,20200621,3.00,1,2.00,1,2.00,1,4.00,1,1.00,1,1.00,1,1.00,1,3.00,2.00,0,2.00,0.00,0.00,2.00,1,3.00,2.00,0.00,0.00,,21331,60,75.00,75.00,83.33,83.33,80.77,80.77,79.55,79.55,87.50,87.50
Bahrain,BHR,20200622,3.00,1,2.00,1,2.00,1,4.00,1,1.00,1,1.00,1,1.00,1,3.00,2.00,0,2.00,0.00,0.00,2.00,1,3.00,2.00,0.00,0.00,,21764,63,75.00,75.00,83.33,83.33,80.77,80.77,79.55,79.55,87.50,87.50
Bahrain,BHR,20200623,3.00,1,2.00,1,2.00,1,4.00,1,1.00,1,1.00,1,1.00,1,3.00,2.00,0,2.00,0.00,0.00,2.00,1,3.00,2.00,0.00,0.00,,22407,65,75.00,75.00,83.33,83.33,80.77,80.77,79.55,79.55,87.50,87.50
