Belgium,BEL,20200101,0.00,,0.00,,0.00,,0.00,,0.00,,0.00,,0.00,,0.00,0.00,,0.00,0.00,0.00,0.00,,0.00,0.00,0.00,0.00,,0,0,0.00,0.00,0.00,0.00,0.00,0.00,0.00,0.00,0.00,0.00
Belgium,BEL,20200102,0.00,,0.00,,0.00,,0.00,,0.00,,0.00,,0.00,,0.00,0.00,,0.00,0.00,0.00,0.00,,0.00,0.00,0.00,0.00,,0,0,0.00,0.00,0.00,0.00,0.00,0.00,0.00,0.00,0.00,0.00
Belgium,BEL,20200103,0.00,,0.00,,0.00,,0.00,,0.00,,0.00,,0.00,,0.00,0.00,,0.00,0.00,0.00,0.00,,0.00,0.00,0.00,0.00,,0,0,0.00,0.00,0.00,0.00,0.00,0.00,0.00,0.00,0.00,0.00
Belgium,BEL,20200104,0.00,,0.00,,0.00,,0.00,,0.00,,0.00,,0.00,,0.00,0.00,,0.00,0.00,0.00,0.00,,0.00,0.00,0.00,0.00,,0,0,0.00,0.00,0.00,0.00,0.00,0.00,0.00,0.00,0.00,0.00
Belgium,BEL,20200105,0.00,,0.00,,0.00,,0.00,,0.00,,0.00,,0.00,,0.00,0.00,,0.00,0.00,0.00,0.00,,0.00,0.00,0.00,0.00,,0,0,0.00,0.00,0.00,0.00,0.00,0.00,0.00,0.00,0.00,0.00
Belgium,BEL,20200106,0.00,,0.00,,0.00,,0.00,,0.00,,0.00,,0.00,,0.00,0.00,,0.00,0.00,0.00,0.00,,0.00,0.00,0.00,0.00,,0,0,0.00,0.00,0.00,0.00,0.00,0.00,0.00,0.00,0.00,0.00
Belgium,BEL,20200107,0.00,,0.00,,0.00,,0.00,,0.00,,0.00,,0.00,,0.00,0.00,,0.00,0.00,0.00,0.00,,0.00,0.00,0.00,0.00,,0,0,0.00,0.00,0.00,0.00,0.00,0.00,0.00,0.00,0.00,0.00
Belgium,BEL,20200108,0.00,,0.00,,0.00,,0.00,,0.00,,0.00,,0.00,,0.00,0.00,,0.00,0.00,0.00,0.00,,0.00,0.00,0.00,0.00,,0,0,0.00,0.00,0.00,0.00,0.00,0.00,0.00,0.00,0.00,0.00
Belgium,BEL,20200109,0.00,,0.00,,0.00,,0.00,,0.00,,0.00,,0.00,,0.00,0.00,,0.00,0.00,0.00,0.00,,0.00,0.00,0.00,0.00,,0,0,0.00,0.00,0.00,0.00,0.00,0.00,0.00,0.00,0.00,0.00
Belgium,BEL,20200110,0.00,,0.00,,0.00,,0.00,,0.00,,0.00,,0.00,,0.00,0.00,,0.00,0.00,0.00,0.00,,0.00,0.00,0.00,0.00,,0,0,0.00,0.00,0.00,0.00,0.00,0.00,0.00,0.00,0.00,0.00
Belgium,BEL,20200111,0.00,,0.00,,0.00,,0.00,,0.00,,0.00,,0.00,,0.00,0.00,,0.00,0.00,0.00,0.00,,0.00,0.00,0.00,0.00,,0,0,0.00,0.00,0.00,0.00,0.00,0.00,0.00,0.00,0.00,0.00
Belgium,BEL,20200112,0.00,,0.00,,0.00,,0.00,,0.00,,0.00,,0.00,,0.00,0.00,,0.00,0.00,0.00,0.00,,0.00,0.00,0.00,0.00,,0,0,0.00,0.00,0.00,0.00,0.00,0.00,0.00,0.00,0.00,0.00
Belgium,BEL,20200113,0.00,,0.00,,0.00,,0.00,,0.00,,0.00,,0.00,,0.00,0.00,,0.00,0.00,0.00,0.00,,0.00,0.00,0.00,0.00,,0,0,0.00,0.00,0.00,0.00,0.00,0.00,0.00,0.00,0.00,0.00
Belgium,BEL,20200114,0.00,,0.00,,0.00,,0.00,,0.00,,0.00,,0.00,,0.00,0.00,,0.00,0.00,0.00,0.00,,0.00,0.00,0.00,0.00,,0,0,0.00,0.00,0.00,0.00,0.00,0.00,0.00,0.00,0.00,0.00
Belgium,BEL,20200115,0.00,,0.00,,0.00,,0.00,,0.00,,0.00,,0.00,,0.00,0.00,,0.00,0.00,0.00,0.00,,0.00,0.00,0.00,0.00,,0,0,0.00,0.00,0.00,0.00,0.00,0.00,0.00,0.00,0.00,0.00
Belgium,BEL,20200116,0.00,,0.00,,0.00,,0.00,,0.00,,0.00,,0.00,,0.00,0.00,,0.00,0.00,0.00,0.00,,0.00,0.00,0.00,0.00,,0,0,0.00,0.00,0.00,0.00,0.00,0.00,0.00,0.00,0.00,0.00
Belgium,BEL,20200117,0.00,,0.00,,0.00,,0.00,,0.00,,0.00,,0.00,,0.00,0.00,,0.00,0.00,0.00,0.00,,0.00,0.00,0.00,0.00,,0,0,0.00,0.00,0.00,0.00,0.00,0.00,0.00,0.00,0.00,0.00
Belgium,BEL,20200118,0.00,,0.00,,0.00,,0.00,,0.00,,0.00,,0.00,,0.00,0.00,,0.00,0.00,0.00,0.00,,0.00,0.00,0.00,0.00,,0,0,0.00,0.00,0.00,0.00,0.00,0.00,0.00,0.00,0.00,0.00
Belgium,BEL,20200119,0.00,,0.00,,0.00,,0.00,,0.00,,0.00,,0.00,,0.00,0.00,,0.00,0.00,0.00,0.00,,0.00,0.00,0.00,0.00,,0,0,0.00,0.00,0.00,0.00,0.00,0.00,0.00,0.00,0.00,0.00
Belgium,BEL,20200120,0.00,,0.00,,0.00,,0.00,,0.00,,0.00,,0.00,,0.00,0.00,,0.00,0.00,0.00,0.00,,0.00,0.00,0.00,0.00,,0,0,0.00,0.00,0.00,0.00,0.00,0.00,0.00,0.00,0.00,0.00
Belgium,BEL,20200121,0.00,,0.00,,0.00,,0.00,,0.00,,0.00,,0.00,,0.00,0.00,,0.00,0.00,0.00,0.00,,0.00,0.00,0.00,0.00,,0,0,0.00,0.00,0.00,0.00,0.00,0.00,0.00,0.00,0.00,0.00
Belgium,BEL,20200122,0.00,,0.00,,0.00,,0.00,,0.00,,0.00,,0.00,,0.00,0.00,,0.00,0.00,0.00,0.00,,0.00,0.00,0.00,0.00,,0,0,0.00,0.00,0.00,0.00,0.00,0.00,0.00,0.00,0.00,0.00
Belgium,BEL,20200123,0.00,,0.00,,0.00,,0.00,,0.00,,0.00,,0.00,,0.00,0.00,,0.00,0.00,0.00,0.00,,0.00,0.00,0.00,0.00,,0,0,0.00,0.00,0.00,0.00,0.00,0.00,0.00,0.00,0.00,0.00
Belgium,BEL,20200124,0.00,,0.00,,0.00,,0.00,,0.00,,0.00,,0.00,,0.00,0.00,,0.00,0.00,0.00,0.00,,0.00,0.00,0.00,0.00,,0,0,0.00,0.00,0.00,0.00,0.00,0.00,0.00,0.00,0.00,0.00
Belgium,BEL,20200125,0.00,,0.00,,0.00,,0.00,,0.00,,0.00,,0.00,,0.00,0.00,,0.00,0.00,0.00,0.00,,0.00,0.00,0.00,0.00,,0,0,0.00,0.00,0.00,0.00,0.00,0.00,0.00,0.00,0.00,0.00
Belgium,BEL,20200126,0.00,,0.00,,0.00,,0.00,,0.00,,0.00,,0.00,,0.00,0.00,,0.00,0.00,0.00,0.00,,0.00,0.00,0.00,0.00,,0,0,0.00,0.00,0.00,0.00,0.00,0.00,0.00,0.00,0.00,0.00
Belgium,BEL,20200127,0.00,,0.00,,0.00,,0.00,,0.00,,0.00,,0.00,,0.00,0.00,,0.00,0.00,0.00,0.00,,0.00,0.00,0.00,0.00,,0,0,0.00,0.00,0.00,0.00,0.00,0.00,0.00,0.00,0.00,0.00
Belgium,BEL,20200128,0.00,,0.00,,0.00,,0.00,,0.00,,0.00,,0.00,,0.00,0.00,,0.00,0.00,0.00,1.00,1,0.00,0.00,0.00,0.00,,0,0,5.56,5.56,9.52,9.52,3.85,3.85,4.55,4.55,0.00,0.00
Belgium,BEL,20200129,0.00,,0.00,,0.00,,0.00,,0.00,,0.00,,0.00,,0.00,0.00,,0.00,0.00,0.00,1.00,1,0.00,0.00,0.00,0.00,,0,0,5.56,5.56,9.52,9.52,3.85,3.85,4.55,4.55,0.00,0.00
Belgium,BEL,20200130,0.00,,0.00,,0.00,,0.00,,0.00,,0.00,,0.00,,0.00,0.00,,0.00,0.00,0.00,1.00,1,0.00,0.00,0.00,0.00,,0,0,5.56,5.56,9.52,9.52,3.85,3.85,4.55,4.55,0.00,0.00
Belgium,BEL,20200131,0.00,,0.00,,0.00,,0.00,,0.00,,0.00,,0.00,,0.00,0.00,,0.00,0.00,0.00,2.00,1,0.00,0.00,0.00,0.00,,0,0,11.11,11.11,14.29,14.29,7.69,7.69,9.09,9.09,0.00,0.00
Belgium,BEL,20200201,0.00,,0.00,,0.00,,0.00,,0.00,,0.00,,0.00,,0.00,0.00,,0.00,0.00,0.00,2.00,1,0.00,0.00,0.00,0.00,,0,0,11.11,11.11,14.29,14.29,7.69,7.69,9.09,9.09,0.00,0.00
Belgium,BEL,20200202,0.00,,0.00,,0.00,,0.00,,0.00,,0.00,,0.00,,0.00,0.00,,0.00,0.00,0.00,2.00,1,0.00,0.00,0.00,0.00,,0,0,11.11,11.11,14.29,14.29,7.69,7.69,9.09,9.09,0.00,0.00
Belgium,BEL,20200203,0.00,,0.00,,0.00,,0.00,,0.00,,0.00,,0.00,,0.00,0.00,,0.00,0.00,0.00,2.00,1,0.00,0.00,0.00,0.00,,0,0,11.11,11.11,14.29,14.29,7.69,7.69,9.09,9.09,0.00,0.00
Belgium,BEL,20200204,0.00,,0.00,,0.00,,0.00,,0.00,,0.00,,0.00,,0.00,0.00,,0.00,0.00,0.00,2.00,1,0.00,0.00,0.00,0.00,,1,0,11.11,11.11,14.29,14.29,7.69,7.69,9.09,9.09,0.00,0.00
Belgium,BEL,20200205,0.00,,0.00,,0.00,,0.00,,0.00,,0.00,,0.00,,0.00,0.00,,0.00,0.00,0.00,2.00,1,0.00,0.00,0.00,0.00,,1,0,11.11,11.11,14.29,14.29,7.69,7.69,9.09,9.09,0.00,0.00
Belgium,BEL,20200206,0.00,,0.00,,0.00,,0.00,,0.00,,0.00,,0.00,,0.00,0.00,,0.00,0.00,0.00,2.00,1,0.00,0.00,0.00,0.00,,1,0,11.11,11.11,14.29,14.29,7.69,7.69,9.09,9.09,0.00,0.00
Belgium,BEL,20200207,0.00,,0.00,,0.00,,0.00,,0.00,,0.00,,0.00,,0.00,0.00,,0.00,0.00,0.00,2.00,1,0.00,0.00,0.00,0.00,,1,0,11.11,11.11,14.29,14.29,7.69,7.69,9.09,9.09,0.00,0.00
Belgium,BEL,20200208,0.00,,0.00,,0.00,,0.00,,0.00,,0.00,,0.00,,0.00,0.00,,0.00,0.00,0.00,2.00,1,0.00,0.00,0.00,0.00,,1,0,11.11,11.11,14.29,14.29,7.69,7.69,9.09,9.09,0.00,0.00
Belgium,BEL,20200209,0.00,,0.00,,0.00,,0.00,,0.00,,0.00,,0.00,,0.00,0.00,,0.00,0.00,0.00,2.00,1,0.00,0.00,0.00,0.00,,1,0,11.11,11.11,14.29,14.29,7.69,7.69,9.09,9.09,0.00,0.00
Belgium,BEL,20200210,0.00,,0.00,,0.00,,0.00,,0.00,,0.00,,0.00,,0.00,0.00,,0.00,0.00,0.00,2.00,1,0.00,0.00,0.00,0.00,,1,0,11.11,11.11,14.29,14.29,7.69,7.69,9.09,9.09,0.00,0.00
Belgium,BEL,20200211,0.00,,0.00,,0.00,,0.00,,0.00,,0.00,,0.00,,0.00,0.00,,0.00,0.00,0.00,2.00,1,0.00,0.00,0.00,0.00,,1,0,11.11,11.11,14.29,14.29,7.69,7.69,9.09,9.09,0.00,0.00
Belgium,BEL,20200212,0.00,,0.00,,0.00,,0.00,,0.00,,0.00,,0.00,,0.00,0.00,,0.00,0.00,0.00,2.00,1,0.00,0.00,0.00,0.00,,1,0,11.11,11.11,14.29,14.29,7.69,7.69,9.09,9.09,0.00,0.00
Belgium,BEL,20200213,0.00,,0.00,,0.00,,0.00,,0.00,,0.00,,0.00,,0.00,0.00,,0.00,0.00,0.00,2.00,1,0.00,0.00,0.00,0.00,,1,0,11.11,11.11,14.29,14.29,7.69,7.69,9.09,9.09,0.00,0.00
Belgium,BEL,20200214,0.00,,0.00,,0.00,,0.00,,0.00,,0.00,,0.00,,0.00,0.00,,0.00,0.00,0.00,2.00,1,0.00,0.00,0.00,0.00,,1,0,11.11,11.11,14.29,14.29,7.69,7.69,9.09,9.09,0.00,0.00
Belgium,BEL,20200215,0.00,,0.00,,0.00,,0.00,,0.00,,0.00,,0.00,,0.00,0.00,,0.00,0.00,0.00,2.00,1,0.00,0.00,0.00,0.00,,1,0,11.11,11.11,14.29,14.29,7.69,7.69,9.09,9.09,0.00,0.00
Belgium,BEL,20200216,0.00,,0.00,,0.00,,0.00,,0.00,,0.00,,0.00,,0.00,0.00,,0.00,0.00,0.00,2.00,1,0.00,0.00,0.00,0.00,,1,0,11.11,11.11,14.29,14.29,7.69,7.69,9.09,9.09,0.00,0.00
Belgium,BEL,20200217,0.00,,0.00,,0.00,,0.00,,0.00,,0.00,,0.00,,0.00,0.00,,0.00,0.00,0.00,2.00,1,0.00,0.00,0.00,0.00,,1,0,11.11,11.11,14.29,14.29,7.69,7.69,9.09,9.09,0.00,0.00
Belgium,BEL,20200218,0.00,,0.00,,0.00,,0.00,,0.00,,0.00,,0.00,,0.00,0.00,,0.00,0.00,0.00,2.00,1,0.00,0.00,0.00,0.00,,1,0,11.11,11.11,14.29,14.29,7.69,7.69,9.09,9.09,0.00,0.00
Belgium,BEL,20200219,0.00,,0.00,,0.00,,0.00,,0.00,,0.00,,0.00,,0.00,0.00,,0.00,0.00,0.00,2.00,1,0.00,0.00,0.00,0.00,,1,0,11.11,11.11,14.29,14.29,7.69,7.69,9.09,9.09,0.00,0.00
Belgium,BEL,20200220,0.00,,0.00,,0.00,,0.00,,0.00,,0.00,,0.00,,0.00,0.00,,0.00,0.00,0.00,2.00,1,0.00,0.00,0.00,0.00,,1,0,11.11,11.11,14.29,14.29,7.69,7.69,9.09,9.09,0.00,0.00
Belgium,BEL,20200221,0.00,,0.00,,0.00,,0.00,,0.00,,0.00,,0.00,,0.00,0.00,,0.00,0.00,0.00,2.00,1,0.00,0.00,0.00,0.00,,1,0,11.11,11.11,14.29,14.29,7.69,7.69,9.09,9.09,0.00,0.00
Belgium,BEL,20200222,0.00,,0.00,,0.00,,0.00,,0.00,,0.00,,0.00,,0.00,0.00,,0.00,0.00,0.00,2.00,1,0.00,0.00,0.00,0.00,,1,0,11.11,11.11,14.29,14.29,7.69,7.69,9.09,9.09,0.00,0.00
Belgium,BEL,20200223,0.00,,0.00,,0.00,,0.00,,0.00,,0.00,,0.00,,0.00,0.00,,0.00,0.00,0.00,2.00,1,0.00,0.00,0.00,0.00,,1,0,11.11,11.11,14.29,14.29,7.69,7.69,9.09,9.09,0.00,0.00
Belgium,BEL,20200224,0.00,,0.00,,0.00,,0.00,,0.00,,0.00,,0.00,,0.00,0.00,,0.00,0.00,0.00,2.00,1,0.00,0.00,0.00,0.00,,1,0,11.11,11.11,14.29,14.29,7.69,7.69,9.09,9.09,0.00,0.00
Belgium,BEL,20200225,0.00,,0.00,,0.00,,0.00,,0.00,,0.00,,0.00,,0.00,0.00,,0.00,0.00,0.00,2.00,1,0.00,0.00,0.00,0.00,,1,0,11.11,11.11,14.29,14.29,7.69,7.69,9.09,9.09,0.00,0.00
Belgium,BEL,20200226,0.00,,0.00,,0.00,,0.00,,0.00,,0.00,,0.00,,0.00,0.00,,0.00,0.00,0.00,2.00,1,0.00,2.00,0.00,0.00,,1,0,11.11,11.11,14.29,14.29,15.38,15.38,18.18,18.18,0.00,0.00
Belgium,BEL,20200227,0.00,,0.00,,0.00,,0.00,,0.00,,0.00,,0.00,,0.00,0.00,,0.00,0.00,0.00,2.00,1,0.00,2.00,0.00,0.00,,1,0,11.11,11.11,14.29,14.29,15.38,15.38,18.18,18.18,0.00,0.00
Belgium,BEL,20200228,0.00,,0.00,,0.00,,0.00,,0.00,,0.00,,0.00,,0.00,0.00,,0.00,0.00,0.00,2.00,1,0.00,2.00,0.00,0.00,,1,0,11.11,11.11,14.29,14.29,15.38,15.38,18.18,18.18,0.00,0.00
Belgium,BEL,20200229,0.00,,0.00,,0.00,,0.00,,0.00,,0.00,,0.00,,0.00,0.00,,0.00,0.00,0.00,2.00,1,0.00,2.00,0.00,0.00,,1,0,11.11,11.11,14.29,14.29,15.38,15.38,18.18,18.18,0.00,0.00
Belgium,BEL,20200301,0.00,,0.00,,0.00,,0.00,,0.00,,0.00,,0.00,,0.00,0.00,,0.00,0.00,0.00,2.00,1,1.00,2.00,0.00,0.00,,1,0,11.11,11.11,14.29,14.29,17.95,17.95,21.21,21.21,0.00,0.00
Belgium,BEL,20200302,0.00,,0.00,,0.00,,0.00,,0.00,,0.00,,0.00,,0.00,0.00,,0.00,0.00,0.00,2.00,1,1.00,2.00,0.00,0.00,,2,0,11.11,11.11,14.29,14.29,17.95,17.95,21.21,21.21,0.00,0.00
Belgium,BEL,20200303,0.00,,0.00,,0.00,,0.00,,0.00,,0.00,,0.00,,0.00,0.00,,0.00,0.00,0.00,2.00,1,1.00,2.00,0.00,0.00,,8,0,11.11,11.11,14.29,14.29,17.95,17.95,21.21,21.21,0.00,0.00
Belgium,BEL,20200304,0.00,,0.00,,0.00,,0.00,,0.00,,0.00,,0.00,,1.00,0.00,,0.00,0.00,0.00,2.00,1,1.00,2.00,0.00,0.00,,13,0,13.89,13.89,17.86,17.86,19.87,19.87,23.48,23.48,0.00,0.00
Belgium,BEL,20200305,0.00,,0.00,,0.00,,0.00,,0.00,,0.00,,0.00,,1.00,0.00,,0.00,0.00,0.00,2.00,1,1.00,2.00,0.00,0.00,,23,0,13.89,13.89,17.86,17.86,19.87,19.87,23.48,23.48,0.00,0.00
Belgium,BEL,20200306,0.00,,0.00,,0.00,,0.00,,0.00,,0.00,,0.00,,1.00,2.00,0,2.00,0.00,0.00,2.00,1,1.00,2.00,0.00,0.00,,50,0,13.89,13.89,17.86,17.86,33.33,33.33,23.48,23.48,87.50,87.50
Belgium,BEL,20200307,0.00,,0.00,,0.00,,0.00,,0.00,,0.00,,0.00,,1.00,2.00,0,2.00,0.00,0.00,2.00,1,1.00,2.00,0.00,0.00,,109,0,13.89,13.89,17.86,17.86,33.33,33.33,23.48,23.48,87.50,87.50
Belgium,BEL,20200308,0.00,,0.00,,0.00,,0.00,,0.00,,0.00,,0.00,,1.00,2.00,0,2.00,0.00,0.00,2.00,1,1.00,2.00,0.00,0.00,,169,0,13.89,13.89,17.86,17.86,33.33,33.33,23.48,23.48,87.50,87.50
Belgium,BEL,20200309,0.00,,0.00,,0.00,,0.00,,0.00,,0.00,,0.00,,1.00,2.00,0,2.00,0.00,0.00,2.00,1,1.00,2.00,0.00,0.00,,200,0,13.89,13.89,17.86,17.86,33.33,33.33,23.48,23.48,87.50,87.50
Belgium,BEL,20200310,0.00,,0.00,,1.00,1,0.00,,0.00,,0.00,,0.00,,1.00,2.00,0,2.00,0.00,0.00,2.00,1,1.00,2.00,0.00,0.00,,239,0,19.44,19.44,27.38,27.38,37.18,37.18,28.03,28.03,87.50,87.50
Belgium,BEL,20200311,0.00,,0.00,,1.00,1,0.00,,0.00,,0.00,,0.00,,1.00,2.00,0,2.00,0.00,0.00,2.00,1,1.00,2.00,0.00,0.00,,267,0,19.44,19.44,27.38,27.38,37.18,37.18,28.03,28.03,87.50,87.50
Belgium,BEL,20200312,0.00,,0.00,,1.00,1,0.00,,0.00,,0.00,,0.00,,1.00,2.00,0,2.00,0.00,0.00,2.00,1,1.00,2.00,0.00,0.00,,314,3,19.44,19.44,27.38,27.38,37.18,37.18,28.03,28.03,87.50,87.50
Belgium,BEL,20200313,0.00,,1.00,1,1.00,1,0.00,,0.00,,0.00,,0.00,,1.00,2.00,0,2.00,0.00,0.00,2.00,1,1.00,1.00,0.00,0.00,,399,3,23.15,23.15,34.52,34.52,35.90,35.90,26.52,26.52,87.50,87.50
Belgium,BEL,20200314,2.00,1,2.00,1,2.00,1,0.00,,0.00,,0.00,,2.00,1,1.00,2.00,0,2.00,0.00,0.00,2.00,1,1.00,1.00,0.00,0.00,,559,3,50.93,50.93,67.86,67.86,55.13,55.13,49.24,49.24,87.50,87.50
Belgium,BEL,20200315,2.00,1,2.00,1,2.00,1,0.00,,0.00,,0.00,,2.00,1,1.00,2.00,0,2.00,0.00,0.00,2.00,1,1.00,1.00,0.00,0.00,,689,4,50.93,50.93,67.86,67.86,55.13,55.13,49.24,49.24,87.50,87.50
Belgium,BEL,20200316,2.00,1,2.00,1,2.00,1,0.00,,0.00,,0.00,,2.00,1,1.00,2.00,0,2.00,0.00,0.00,2.00,1,1.00,1.00,0.00,0.00,,886,4,50.93,50.93,67.86,67.86,55.13,55.13,49.24,49.24,87.50,87.50
Belgium,BEL,20200317,2.00,1,2.00,1,2.00,1,0.00,,0.00,,0.00,,2.00,1,1.00,2.00,0,2.00,0.00,0.00,2.00,1,1.00,1.00,0.00,0.00,,1085,5,50.93,50.93,67.86,67.86,55.13,55.13,49.24,49.24,87.50,87.50
Belgium,BEL,20200318,2.00,1,3.00,1,2.00,1,4.00,1,0.00,,2.00,1,2.00,1,1.00,2.00,0,2.00,0.00,0.00,2.00,1,1.00,1.00,0.00,0.00,,1243,5,73.15,73.15,71.43,71.43,70.51,70.51,67.42,67.42,87.50,87.50
Belgium,BEL,20200319,2.00,1,3.00,1,2.00,1,4.00,1,0.00,,2.00,1,2.00,1,1.00,2.00,0,2.00,0.00,0.00,2.00,1,1.00,1.00,0.00,0.00,,1486,14,73.15,73.15,71.43,71.43,70.51,70.51,67.42,67.42,87.50,87.50
Belgium,BEL,20200320,2.00,1,3.00,1,2.00,1,4.00,1,0.00,,2.00,1,2.00,1,4.00,2.00,0,2.00,9608192466.00,0.00,2.00,1,1.00,1.00,1076350000.00,0.00,,1795,21,81.48,81.48,82.14,82.14,76.28,76.28,74.24,74.24,87.50,87.50
Belgium,BEL,20200321,2.00,1,3.00,1,2.00,1,4.00,1,0.00,,2.00,1,2.00,1,4.00,2.00,0,2.00,0.00,0.00,2.00,1,1.00,1.00,0.00,0.00,,2257,37,81.48,81.48,82.14,82.14,76.28,76.28,74.24,74.24,87.50,87.50
Belgium,BEL,20200322,2.00,1,3.00,1,2.00,1,4.00,1,0.00,,2.00,1,2.00,1,4.00,2.00,0,2.00,0.00,0.00,2.00,1,1.00,1.00,0.00,0.00,,2815,67,81.48,81.48,82.14,82.14,76.28,76.28,74.24,74.24,87.50,87.50
Belgium,BEL,20200323,2.00,1,3.00,1,2.00,1,4.00,1,0.00,,2.00,1,2.00,1,4.00,2.00,0,2.00,0.00,0.00,2.00,1,1.00,1.00,0.00,0.00,,3401,75,81.48,81.48,82.14,82.14,76.28,76.28,74.24,74.24,87.50,87.50
Belgium,BEL,20200324,2.00,1,3.00,1,2.00,1,4.00,1,0.00,,2.00,1,2.00,1,4.00,2.00,0,2.00,0.00,0.00,2.00,1,1.00,1.00,0.00,0.00,,3743,88,81.48,81.48,82.14,82.14,76.28,76.28,74.24,74.24,87.50,87.50
Belgium,BEL,20200325,2.00,1,3.00,1,2.00,1,4.00,1,0.00,,2.00,1,2.00,1,4.00,2.00,0,2.00,0.00,0.00,2.00,1,1.00,1.00,0.00,0.00,,4269,122,81.48,81.48,82.14,82.14,76.28,76.28,74.24,74.24,87.50,87.50
Belgium,BEL,20200326,2.00,1,3.00,1,2.00,1,4.00,1,0.00,,2.00,1,2.00,1,4.00,2.00,0,2.00,0.00,0.00,2.00,1,1.00,1.00,0.00,0.00,,4937,178,81.48,81.48,82.14,82.14,76.28,76.28,74.24,74.24,87.50,87.50
Belgium,BEL,20200327,2.00,1,3.00,1,2.00,1,4.00,1,0.00,,2.00,1,2.00,1,4.00,2.00,0,2.00,0.00,0.00,2.00,1,1.00,1.00,0.00,0.00,,6235,220,81.48,81.48,82.14,82.14,76.28,76.28,74.24,74.24,87.50,87.50
Belgium,BEL,20200328,2.00,1,3.00,1,2.00,1,4.00,1,0.00,,2.00,1,2.00,1,4.00,2.00,0,2.00,0.00,0.00,2.00,1,1.00,1.00,0.00,0.00,,7284,289,81.48,81.48,82.14,82.14,76.28,76.28,74.24,74.24,87.50,87.50
Belgium,BEL,20200329,2.00,1,3.00,1,2.00,1,4.00,1,0.00,,2.00,1,2.00,1,4.00,2.00,0,2.00,0.00,0.00,2.00,1,1.00,1.00,0.00,0.00,,9134,353,81.48,81.48,82.14,82.14,76.28,76.28,74.24,74.24,87.50,87.50
Belgium,BEL,20200330,2.00,1,3.00,1,2.00,1,4.00,1,0.00,,2.00,1,2.00,1,4.00,2.00,0,2.00,0.00,0.00,2.00,1,1.00,1.00,0.00,0.00,,10836,431,81.48,81.48,82.14,82.14,76.28,76.28,74.24,74.24,87.50,87.50
Belgium,BEL,20200331,2.00,1,3.00,1,2.00,1,4.00,1,0.00,,2.00,1,2.00,1,4.00,2.00,0,2.00,0.00,0.00,2.00,1,1.00,1.00,0.00,0.00,,11899,513,81.48,81.48,82.14,82.14,76.28,76.28,74.24,74.24,87.50,87.50
Belgium,BEL,20200401,2.00,1,3.00,1,2.00,1,4.00,1,0.00,,2.00,1,2.00,1,4.00,2.00,0,2.00,0.00,0.00,2.00,1,1.00,1.00,0.00,0.00,,12775,705,81.48,81.48,82.14,82.14,76.28,76.28,74.24,74.24,87.50,87.50
Belgium,BEL,20200402,2.00,1,3.00,1,2.00,1,4.00,1,0.00,,2.00,1,2.00,1,4.00,2.00,0,2.00,0.00,0.00,2.00,1,1.00,1.00,0.00,0.00,,13964,828,81.48,81.48,82.14,82.14,76.28,76.28,74.24,74.24,87.50,87.50
Belgium,BEL,20200403,2.00,1,3.00,1,2.00,1,4.00,1,0.00,,2.00,1,2.00,1,4.00,2.00,0,2.00,0.00,0.00,2.00,1,1.00,1.00,0.00,0.00,,15348,1011,81.48,81.48,82.14,82.14,76.28,76.28,74.24,74.24,87.50,87.50
Belgium,BEL,20200404,2.00,1,3.00,1,2.00,1,4.00,1,0.00,,2.00,1,2.00,1,4.00,2.00,0,2.00,0.00,0.00,2.00,1,1.00,1.00,0.00,0.00,,16770,1143,81.48,81.48,82.14,82.14,76.28,76.28,74.24,74.24,87.50,87.50
Belgium,BEL,20200405,2.00,1,3.00,1,2.00,1,4.00,1,0.00,,2.00,1,2.00,1,4.00,2.00,0,2.00,0.00,0.00,2.00,1,1.00,1.00,0.00,5427500.00,,18431,1283,81.48,81.48,82.14,82.14,76.28,76.28,74.24,74.24,87.50,87.50
Belgium,BEL,20200406,2.00,1,3.00,1,2.00,1,4.00,1,0.00,,2.00,1,2.00,1,4.00,2.00,0,2.00,0.00,0.00,2.00,1,1.00,1.00,0.00,0.00,,19691,1447,81.48,81.48,82.14,82.14,76.28,76.28,74.24,74.24,87.50,87.50
Belgium,BEL,20200407,2.00,1,3.00,1,2.00,1,4.00,1,0.00,,2.00,1,2.00,1,4.00,2.00,0,2.00,0.00,0.00,2.00,1,1.00,1.00,0.00,0.00,,20814,1632,81.48,81.48,82.14,82.14,76.28,76.28,74.24,74.24,87.50,87.50
Belgium,BEL,20200408,2.00,1,3.00,1,2.00,1,4.00,1,0.00,,2.00,1,2.00,1,4.00,2.00,0,2.00,0.00,0.00,2.00,1,1.00,1.00,0.00,0.00,,22194,2035,81.48,81.48,82.14,82.14,76.28,76.28,74.24,74.24,87.50,87.50
Belgium,BEL,20200409,2.00,1,3.00,1,2.00,1,4.00,1,0.00,,2.00,1,2.00,1,4.00,2.00,0,2.00,0.00,0.00,2.00,1,1.00,1.00,0.00,0.00,,23403,2240,81.48,81.48,82.14,82.14,76.28,76.28,74.24,74.24,87.50,87.50
Belgium,BEL,20200410,2.00,1,3.00,1,2.00,1,4.00,1,0.00,,2.00,1,2.00,1,4.00,2.00,0,2.00,0.00,0.00,2.00,1,1.00,1.00,0.00,0.00,,24983,2523,81.48,81.48,82.14,82.14,76.28,76.28,74.24,74.24,87.50,87.50
Belgium,BEL,20200411,2.00,1,3.00,1,2.00,1,4.00,1,0.00,,2.00,1,2.00,1,4.00,2.00,0,2.00,0.00,0.00,2.00,1,1.00,1.00,0.00,0.00,,26667,3019,81.48,81.48,82.14,82.14,76.28,76.28,74.24,74.24,87.50,87.50
Belgium,BEL,20200412,2.00,1,3.00,1,2.00,1,4.00,1,0.00,,2.00,1,2.00,1,4.00,2.00,0,2.00,0.00,0.00,2.00,1,1.00,1.00,0.00,0.00,,28018,3346,81.48,81.48,82.14,82.14,76.28,76.28,74.24,74.24,87.50,87.50
Belgium,BEL,20200413,2.00,1,3.00,1,2.00,1,4.00,1,0.00,,2.00,1,2.00,1,4.00,2.00,0,2.00,0.00,0.00,2.00,1,1.00,1.00,0.00,0.00,,29647,3600,81.48,81.48,82.14,82.14,76.28,76.28,74.24,74.24,87.50,87.50
Belgium,BEL,20200414,2.00,1,3.00,1,2.00,1,4.00,1,0.00,,2.00,1,2.00,1,4.00,2.00,0,2.00,0.00,0.00,2.00,1,1.00,1.00,0.00,0.00,,30589,3903,81.48,81.48,82.14,82.14,76.28,76.28,74.24,74.24,87.50,87.50
Belgium,BEL,20200415,2.00,1,3.00,1,2.00,1,4.00,1,0.00,,2.00,1,2.00,1,4.00,2.00,0,2.00,0.00,0.00,2.00,1,1.00,1.00,0.00,0.00,,31119,4157,81.48,81.48,82.14,82.14,76.28,76.28,74.24,74.24,87.50,87.50
Belgium,BEL,20200416,2.00,1,3.00,1,2.00,1,4.00,1,0.00,,2.00,1,2.00,1,4.00,2.00,0,2.00,0.00,0.00,2.00,1,1.00,1.00,0.00,0.00,,33573,4440,81.48,81.48,82.14,82.14,76.28,76.28,74.24,74.24,87.50,87.50
Belgium,BEL,20200417,2.00,1,3.00,1,2.00,1,4.00,1,0.00,,2.00,1,2.00,1,4.00,2.00,0,2.00,0.00,0.00,2.00,1,1.00,1.00,0.00,0.00,,34809,4857,81.48,81.48,82.14,82.14,76.28,76.28,74.24,74.24,87.50,87.50
Belgium,BEL,20200418,2.00,1,3.00,1,2.00,1,4.00,1,0.00,,2.00,1,2.00,1,4.00,2.00,0,2.00,0.00,0.00,2.00,1,1.00,1.00,0.00,0.00,,36138,5163,81.48,81.48,82.14,82.14,76.28,76.28,74.24,74.24,87.50,87.50
Belgium,BEL,20200419,2.00,1,3.00,1,2.00,1,4.00,1,0.00,,2.00,1,2.00,1,4.00,2.00,0,2.00,0.00,0.00,2.00,1,1.00,1.00,0.00,0.00,,37183,5453,81.48,81.48,82.14,82.14,76.28,76.28,74.24,74.24,87.50,87.50
Belgium,BEL,20200420,2.00,1,3.00,1,2.00,1,4.00,1,0.00,,2.00,1,2.00,1,4.00,2.00,0,2.00,0.00,0.00,2.00,1,1.00,1.00,0.00,0.00,,38496,5683,81.48,81.48,82.14,82.14,76.28,76.28,74.24,74.24,87.50,87.50
Belgium,BEL,20200421,2.00,1,3.00,1,2.00,1,4.00,1,0.00,,2.00,1,2.00,1,4.00,2.00,0,2.00,0.00,0.00,2.00,1,1.00,1.00,0.00,0.00,,39983,5828,81.48,81.48,82.14,82.14,76.28,76.28,74.24,74.24,87.50,87.50
Belgium,BEL,20200422,2.00,1,3.00,1,2.00,1,4.00,1,0.00,,2.00,1,2.00,1,4.00,2.00,0,2.00,0.00,0.00,2.00,1,1.00,1.00,0.00,0.00,,40956,5998,81.48,81.48,82.14,82.14,76.28,76.28,74.24,74.24,87.50,87.50
Belgium,BEL,20200423,2.00,1,3.00,1,2.00,1,4.00,1,0.00,,2.00,1,2.00,1,4.00,2.00,0,2.00,0.00,0.00,2.00,1,1.00,1.00,0.00,0.00,,41889,6262,81.48,81.48,82.14,82.14,76.28,76.28,74.24,74.24,87.50,87.50
Belgium,BEL,20200424,2.00,1,3.00,1,2.00,1,4.00,1,0.00,,2.00,1,2.00,1,4.00,2.00,0,2.00,0.00,0.00,2.00,1,1.00,1.00,0.00,0.00,,42797,6490,81.48,81.48,82.14,82.14,76.28,76.28,74.24,74.24,87.50,87.50
Belgium,BEL,20200425,2.00,1,3.00,1,2.00,1,4.00,1,0.00,,2.00,1,2.00,1,4.00,2.00,0,2.00,0.00,0.00,2.00,1,1.00,1.00,0.00,0.00,,44293,6679,81.48,81.48,82.14,82.14,76.28,76.28,74.24,74.24,87.50,87.50
Belgium,BEL,20200426,2.00,1,3.00,1,2.00,1,4.00,1,0.00,,2.00,1,2.00,1,4.00,2.00,0,2.00,0.00,0.00,2.00,1,1.00,1.00,0.00,0.00,,45325,6917,81.48,81.48,82.14,82.14,76.28,76.28,74.24,74.24,87.50,87.50
Belgium,BEL,20200427,2.00,1,3.00,1,2.00,1,4.00,1,0.00,,2.00,1,2.00,1,4.00,2.00,0,2.00,0.00,0.00,2.00,1,1.00,1.00,0.00,0.00,,46134,7094,81.48,81.48,82.14,82.14,76.28,76.28,74.24,74.24,87.50,87.50
Belgium,BEL,20200428,2.00,1,3.00,1,2.00,1,4.00,1,0.00,,2.00,1,2.00,1,4.00,2.00,0,2.00,0.00,0.00,2.00,1,1.00,1.00,0.00,0.00,,46687,7207,81.48,81.48,82.14,82.14,76.28,76.28,74.24,74.24,87.50,87.50
Belgium,BEL,20200429,2.00,1,3.00,1,2.00,1,4.00,1,0.00,,2.00,1,2.00,1,4.00,2.00,0,2.00,0.00,0.00,2.00,1,1.00,1.00,0.00,0.00,,47334,7331,81.48,81.48,82.14,82.14,76.28,76.28,74.24,74.24,87.50,87.50
Belgium,BEL,20200430,2.00,1,3.00,1,2.00,1,4.00,1,0.00,,2.00,1,2.00,1,4.00,2.00,0,2.00,0.00,0.00,2.00,1,1.00,1.00,0.00,0.00,,47859,7501,81.48,81.48,82.14,82.14,76.28,76.28,74.24,74.24,87.50,87.50
Belgium,BEL,20200501,2.00,1,3.00,1,2.00,1,4.00,1,0.00,,2.00,1,2.00,1,4.00,2.00,0,2.00,0.00,0.00,2.00,1,1.00,1.00,0.00,0.00,,48519,7594,81.48,81.48,82.14,82.14,76.28,76.28,74.24,74.24,87.50,87.50
Belgium,BEL,20200502,2.00,1,3.00,1,2.00,1,4.00,1,0.00,,2.00,1,2.00,1,4.00,2.00,0,2.00,0.00,0.00,2.00,1,1.00,1.00,0.00,0.00,,49032,7703,81.48,81.48,82.14,82.14,76.28,76.28,74.24,74.24,87.50,87.50
Belgium,BEL,20200503,2.00,1,3.00,1,2.00,1,4.00,1,0.00,,2.00,1,2.00,1,4.00,2.00,0,2.00,0.00,0.00,2.00,1,1.00,1.00,0.00,0.00,,49517,7765,81.48,81.48,82.14,82.14,76.28,76.28,74.24,74.24,87.50,87.50
Belgium,BEL,20200504,2.00,1,3.00,1,2.00,1,4.00,1,0.00,,2.00,1,2.00,1,4.00,2.00,0,2.00,0.00,0.00,2.00,1,2.00,1.00,0.00,0.00,,49906,7844,81.48,81.48,82.14,82.14,78.85,78.85,77.27,77.27,87.50,87.50
Belgium,BEL,20200505,2.00,1,3.00,1,2.00,1,4.00,1,0.00,,2.00,1,2.00,1,3.00,2.00,0,2.00,0.00,0.00,2.00,1,2.00,1.00,0.00,0.00,,50267,7924,78.70,78.70,78.57,78.57,76.92,76.92,75.00,75.00,87.50,87.50
Belgium,BEL,20200506,2.00,1,3.00,1,2.00,1,4.00,1,0.00,,2.00,1,2.00,1,3.00,2.00,0,2.00,0.00,0.00,2.00,1,2.00,1.00,0.00,0.00,,50509,8016,78.70,78.70,78.57,78.57,76.92,76.92,75.00,75.00,87.50,87.50
Belgium,BEL,20200507,2.00,1,3.00,1,2.00,1,4.00,1,0.00,,2.00,1,2.00,1,3.00,2.00,0,2.00,0.00,0.00,2.00,1,2.00,1.00,0.00,0.00,,50781,8339,78.70,78.70,78.57,78.57,76.92,76.92,75.00,75.00,87.50,87.50
Belgium,BEL,20200508,2.00,1,3.00,1,2.00,1,4.00,1,0.00,,2.00,1,2.00,1,3.00,2.00,0,2.00,0.00,0.00,2.00,1,2.00,1.00,0.00,0.00,,51420,8415,78.70,78.70,78.57,78.57,76.92,76.92,75.00,75.00,87.50,87.50
Belgium,BEL,20200509,2.00,1,3.00,1,2.00,1,4.00,1,0.00,,2.00,1,2.00,1,3.00,2.00,0,2.00,0.00,0.00,2.00,1,2.00,1.00,0.00,0.00,,52011,8521,78.70,78.70,78.57,78.57,76.92,76.92,75.00,75.00,87.50,87.50
Belgium,BEL,20200510,2.00,1,3.00,1,2.00,1,4.00,1,0.00,,2.00,1,2.00,1,3.00,2.00,0,2.00,0.00,0.00,2.00,1,2.00,1.00,0.00,22000000.00,,52596,8581,78.70,78.70,78.57,78.57,76.92,76.92,75.00,75.00,87.50,87.50
Belgium,BEL,20200511,2.00,1,2.00,1,2.00,1,4.00,1,0.00,,2.00,1,2.00,1,3.00,2.00,0,2.00,0.00,0.00,2.00,1,2.00,1.00,0.00,0.00,,53081,8656,75.00,75.00,75.00,75.00,74.36,74.36,71.97,71.97,87.50,87.50
Belgium,BEL,20200512,2.00,1,2.00,1,2.00,1,4.00,1,0.00,,2.00,1,2.00,1,3.00,2.00,0,2.00,0.00,0.00,2.00,1,2.00,1.00,0.00,0.00,,53449,8707,75.00,75.00,75.00,75.00,74.36,74.36,71.97,71.97,87.50,87.50
Belgium,BEL,20200513,2.00,1,2.00,1,2.00,1,4.00,1,0.00,,2.00,1,2.00,1,3.00,2.00,0,2.00,0.00,0.00,2.00,1,2.00,1.00,0.00,0.00,,53779,8761,75.00,75.00,75.00,75.00,74.36,74.36,71.97,71.97,87.50,87.50
Belgium,BEL,20200514,2.00,1,2.00,1,2.00,1,4.00,1,0.00,,2.00,1,2.00,1,3.00,2.00,0,2.00,0.00,0.00,2.00,1,2.00,1.00,0.00,0.00,,53981,8843,75.00,75.00,75.00,75.00,74.36,74.36,71.97,71.97,87.50,87.50
Belgium,BEL,20200515,2.00,1,2.00,1,2.00,1,4.00,1,0.00,,2.00,1,2.00,1,3.00,2.00,0,2.00,0.00,0.00,2.00,1,2.00,1.00,0.00,0.00,,54288,8903,75.00,75.00,75.00,75.00,74.36,74.36,71.97,71.97,87.50,87.50
Belgium,BEL,20200516,2.00,1,2.00,1,2.00,1,4.00,1,0.00,,2.00,1,2.00,1,3.00,2.00,0,2.00,0.00,0.00,2.00,1,2.00,1.00,0.00,0.00,,54644,8959,75.00,75.00,75.00,75.00,74.36,74.36,71.97,71.97,87.50,87.50
Belgium,BEL,20200517,2.00,1,2.00,1,2.00,1,4.00,1,0.00,,2.00,1,2.00,1,3.00,2.00,0,2.00,0.00,0.00,2.00,1,2.00,1.00,0.00,0.00,,54989,9005,75.00,75.00,75.00,75.00,74.36,74.36,71.97,71.97,87.50,87.50
Belgium,BEL,20200518,2.00,1,2.00,1,2.00,1,4.00,1,0.00,,2.00,1,2.00,1,3.00,2.00,0,2.00,0.00,0.00,2.00,1,2.00,1.00,0.00,0.00,,55280,9052,75.00,75.00,75.00,75.00,74.36,74.36,71.97,71.97,87.50,87.50
Belgium,BEL,20200519,2.00,1,2.00,1,2.00,1,4.00,1,0.00,,2.00,1,2.00,1,3.00,2.00,0,2.00,0.00,0.00,2.00,1,2.00,1.00,0.00,0.00,,55559,9080,75.00,75.00,75.00,75.00,74.36,74.36,71.97,71.97,87.50,87.50
Belgium,BEL,20200520,2.00,1,2.00,1,2.00,1,4.00,1,0.00,,2.00,1,2.00,1,3.00,2.00,0,2.00,0.00,0.00,2.00,1,2.00,1.00,0.00,0.00,,55791,9108,75.00,75.00,75.00,75.00,74.36,74.36,71.97,71.97,87.50,87.50
Belgium,BEL,20200521,2.00,1,2.00,1,2.00,1,4.00,1,0.00,,2.00,1,2.00,1,3.00,2.00,0,2.00,0.00,0.00,2.00,1,2.00,1.00,0.00,0.00,,55983,9150,75.00,75.00,75.00,75.00,74.36,74.36,71.97,71.97,87.50,87.50
Belgium,BEL,20200522,2.00,1,2.00,1,2.00,1,4.00,1,0.00,,2.00,1,2.00,1,3.00,2.00,0,2.00,0.00,0.00,2.00,1,2.00,1.00,0.00,0.00,,56235,9186,75.00,75.00,75.00,75.00,74.36,74.36,71.97,71.97,87.50,87.50
Belgium,BEL,20200523,2.00,1,2.00,1,2.00,1,4.00,1,0.00,,2.00,1,2.00,1,3.00,2.00,0,2.00,0.00,0.00,2.00,1,2.00,1.00,0.00,0.00,,56511,9212,75.00,75.00,75.00,75.00,74.36,74.36,71.97,71.97,87.50,87.50
Belgium,BEL,20200524,2.00,1,2.00,1,2.00,1,4.00,1,0.00,,2.00,1,2.00,1,3.00,2.00,0,2.00,0.00,0.00,2.00,1,2.00,1.00,0.00,0.00,,56810,9237,75.00,75.00,75.00,75.00,74.36,74.36,71.97,71.97,87.50,87.50
Belgium,BEL,20200525,2.00,1,2.00,1,2.00,1,4.00,1,0.00,,2.00,1,2.00,1,3.00,2.00,0,2.00,0.00,0.00,2.00,1,2.00,1.00,0.00,0.00,,57092,9280,75.00,75.00,75.00,75.00,74.36,74.36,71.97,71.97,87.50,87.50
Belgium,BEL,20200526,2.00,1,2.00,1,2.00,1,4.00,1,0.00,,2.00,1,2.00,1,3.00,2.00,0,2.00,0.00,0.00,2.00,1,2.00,1.00,0.00,0.00,,57342,9312,75.00,75.00,75.00,75.00,74.36,74.36,71.97,71.97,87.50,87.50
Belgium,BEL,20200527,2.00,1,2.00,1,2.00,1,4.00,1,0.00,,2.00,1,2.00,1,3.00,2.00,0,2.00,0.00,0.00,2.00,1,2.00,1.00,0.00,0.00,,57455,9334,75.00,75.00,75.00,75.00,74.36,74.36,71.97,71.97,87.50,87.50
Belgium,BEL,20200528,2.00,1,2.00,1,2.00,1,4.00,1,0.00,,2.00,1,2.00,1,3.00,2.00,0,2.00,0.00,0.00,2.00,1,2.00,1.00,0.00,0.00,,57592,9364,75.00,75.00,75.00,75.00,74.36,74.36,71.97,71.97,87.50,87.50
Belgium,BEL,20200529,2.00,1,2.00,1,2.00,1,4.00,1,0.00,,2.00,1,2.00,1,3.00,2.00,0,2.00,0.00,0.00,2.00,1,2.00,1.00,0.00,0.00,,57849,9388,75.00,75.00,75.00,75.00,74.36,74.36,71.97,71.97,87.50,87.50
Belgium,BEL,20200530,2.00,1,2.00,1,2.00,1,4.00,1,0.00,,2.00,1,2.00,1,3.00,2.00,0,2.00,0.00,0.00,2.00,1,2.00,1.00,0.00,0.00,,58061,9443,75.00,75.00,75.00,75.00,74.36,74.36,71.97,71.97,87.50,87.50
Belgium,BEL,20200531,2.00,1,2.00,1,2.00,1,4.00,1,0.00,,2.00,1,2.00,1,3.00,2.00,0,2.00,0.00,0.00,2.00,1,2.00,1.00,0.00,0.00,,58186,9453,75.00,75.00,75.00,75.00,74.36,74.36,71.97,71.97,87.50,87.50
Belgium,BEL,20200601,2.00,1,2.00,1,2.00,1,4.00,1,0.00,,2.00,1,2.00,1,3.00,2.00,0,2.00,0.00,0.00,2.00,1,2.00,1.00,0.00,0.00,,58381,9467,75.00,75.00,75.00,75.00,74.36,74.36,71.97,71.97,87.50,87.50
Belgium,BEL,20200602,2.00,1,2.00,1,2.00,1,4.00,1,0.00,,2.00,1,2.00,1,3.00,2.00,0,2.00,0.00,0.00,2.00,1,2.00,1.00,0.00,0.00,,58517,9486,75.00,75.00,75.00,75.00,74.36,74.36,71.97,71.97,87.50,87.50
Belgium,BEL,20200603,2.00,1,2.00,1,2.00,1,4.00,1,0.00,,2.00,1,2.00,1,3.00,2.00,0,2.00,0.00,0.00,2.00,1,2.00,1.00,0.00,0.00,,58615,9505,75.00,75.00,75.00,75.00,74.36,74.36,71.97,71.97,87.50,87.50
Belgium,BEL,20200604,2.00,1,2.00,1,2.00,1,4.00,1,0.00,,2.00,1,2.00,1,3.00,2.00,0,2.00,0.00,0.00,2.00,1,2.00,1.00,0.00,0.00,,58685,9522,75.00,75.00,75.00,75.00,74.36,74.36,71.97,71.97,87.50,87.50
Belgium,BEL,20200605,1.00,1,2.00,1,2.00,1,4.00,1,0.00,,2.00,1,2.00,1,3.00,2.00,0,2.00,0.00,0.00,2.00,1,2.00,1.00,0.00,0.00,,58767,9548,71.30,71.30,71.43,71.43,71.79,71.79,68.94,68.94,87.50,87.50
Belgium,BEL,20200606,1.00,1,2.00,1,2.00,1,4.00,1,0.00,,2.00,1,2.00,1,3.00,2.00,0,2.00,3950000000.00,0.00,2.00,1,2.00,1.00,565000000.00,0.00,,58907,9566,71.30,71.30,71.43,71.43,71.79,71.79,68.94,68.94,87.50,87.50
Belgium,BEL,20200607,1.00,1,2.00,1,2.00,1,4.00,1,0.00,,2.00,1,2.00,1,3.00,2.00,0,2.00,0.00,0.00,2.00,1,2.00,1.00,0.00,0.00,,59072,9580,71.30,71.30,71.43,71.43,71.79,71.79,68.94,68.94,87.50,87.50
Belgium,BEL,20200608,1.00,1,2.00,1,2.00,1,3.00,1,0.00,,0.00,,0.00,,3.00,2.00,0,2.00,0.00,0.00,2.00,1,2.00,1.00,0.00,0.00,,59226,9595,50.00,50.00,57.14,57.14,57.05,57.05,51.52,51.52,87.50,87.50
Belgium,BEL,20200609,1.00,1,2.00,1,2.00,1,3.00,1,0.00,,0.00,,0.00,,3.00,2.00,0,2.00,0.00,0.00,2.00,1,2.00,1.00,0.00,0.00,,59348,9609,50.00,50.00,57.14,57.14,57.05,57.05,51.52,51.52,87.50,87.50
Belgium,BEL,20200610,1.00,1,2.00,1,2.00,1,3.00,1,0.00,,0.00,,0.00,,3.00,2.00,0,2.00,0.00,0.00,2.00,1,2.00,1.00,0.00,0.00,,59437,9619,50.00,50.00,57.14,57.14,57.05,57.05,51.52,51.52,87.50,87.50
Belgium,BEL,20200611,1.00,1,2.00,1,2.00,1,3.00,1,0.00,,0.00,,0.00,,3.00,2.00,0,2.00,0.00,0.00,2.00,1,2.00,1.00,0.00,0.00,,59569,9629,50.00,50.00,57.14,57.14,57.05,57.05,51.52,51.52,87.50,87.50
Belgium,BEL,20200612,1.00,1,2.00,1,2.00,1,3.00,1,0.00,,0.00,,0.00,,3.00,2.00,0,2.00,123000000.00,0.00,2.00,1,2.00,1.00,0.00,0.00,,59711,9636,50.00,50.00,57.14,57.14,57.05,57.05,51.52,51.52,87.50,87.50
Belgium,BEL,20200613,1.00,1,2.00,1,2.00,1,3.00,1,0.00,,0.00,,0.00,,3.00,2.00,0,2.00,0.00,0.00,2.00,1,2.00,1.00,0.00,0.00,,59819,9646,50.00,50.00,57.14,57.14,57.05,57.05,51.52,51.52,87.50,87.50
Belgium,BEL,20200614,1.00,1,2.00,1,2.00,1,3.00,1,0.00,,0.00,,0.00,,3.00,2.00,0,2.00,0.00,0.00,2.00,1,2.00,1.00,0.00,0.00,,59918,9650,50.00,50.00,57.14,57.14,57.05,57.05,51.52,51.52,87.50,87.50
Belgium,BEL,20200615,1.00,1,2.00,1,2.00,1,3.00,1,0.00,,0.00,,0.00,,3.00,2.00,0,2.00,0.00,0.00,2.00,1,2.00,1.00,0.00,0.00,,60029,9655,50.00,50.00,57.14,57.14,57.05,57.05,51.52,51.52,87.50,87.50
Belgium,BEL,20200616,1.00,1,2.00,1,2.00,1,3.00,1,0.00,,0.00,,0.00,,3.00,2.00,0,2.00,0.00,0.00,2.00,1,2.00,1.00,0.00,0.00,,60100,9661,50.00,50.00,57.14,57.14,57.05,57.05,51.52,51.52,87.50,87.50
Belgium,BEL,20200617,1.00,1,2.00,1,2.00,1,3.00,1,0.00,,0.00,,0.00,,3.00,2.00,0,2.00,0.00,0.00,2.00,1,2.00,1.00,0.00,0.00,,60155,9663,50.00,50.00,57.14,57.14,57.05,57.05,51.52,51.52,87.50,87.50
Belgium,BEL,20200618,1.00,1,2.00,1,2.00,1,3.00,1,0.00,,0.00,,0.00,,3.00,2.00,0,2.00,0.00,0.00,2.00,1,2.00,1.00,0.00,0.00,,60244,9675,50.00,50.00,57.14,57.14,57.05,57.05,51.52,51.52,87.50,87.50
Belgium,BEL,20200619,1.00,1,2.00,1,2.00,1,3.00,1,0.00,,0.00,,0.00,,3.00,2.00,0,2.00,0.00,0.00,2.00,1,2.00,1.00,0.00,0.00,,60348,9683,50.00,50.00,57.14,57.14,57.05,57.05,51.52,51.52,87.50,87.50
Belgium,BEL,20200620,1.00,1,2.00,1,2.00,1,3.00,1,0.00,,0.00,,0.00,,3.00,2.00,0,2.00,0.00,0.00,2.00,1,2.00,1.00,0.00,0.00,,60476,9695,50.00,50.00,57.14,57.14,57.05,57.05,51.52,51.52,87.50,87.50
Belgium,BEL,20200621,1.00,1,2.00,1,2.00,1,3.00,1,0.00,,0.00,,0.00,,3.00,2.00,0,2.00,0.00,0.00,2.00,1,2.00,1.00,0.00,0.00,,60550,9696,50.00,50.00,57.14,57.14,57.05,57.05,51.52,51.52,87.50,87.50
Belgium,BEL,20200622,,,,,,,,,,,,,,,,,,,,,,,,,,,,60550,9696,,50.00,,57.14,,57.05,,51.52,,87.50
Belgium,BEL,20200623,,,,,,,,,,,,,,,,,,,,,,,,,,,,60550,9696,,50.00,,57.14,,57.05,,51.52,,87.50
