Belize,BLZ,20200101,0.00,,0.00,,0.00,,0.00,,0.00,,0.00,,0.00,,0.00,0.00,,0.00,0.00,0.00,0.00,,0.00,0.00,0.00,0.00,,,,0.00,0.00,0.00,0.00,0.00,0.00,0.00,0.00,0.00,0.00
Belize,BLZ,20200102,0.00,,0.00,,0.00,,0.00,,0.00,,0.00,,0.00,,0.00,0.00,,0.00,0.00,0.00,0.00,,0.00,0.00,0.00,0.00,,,,0.00,0.00,0.00,0.00,0.00,0.00,0.00,0.00,0.00,0.00
Belize,BLZ,20200103,0.00,,0.00,,0.00,,0.00,,0.00,,0.00,,0.00,,0.00,0.00,,0.00,0.00,0.00,0.00,,0.00,0.00,0.00,0.00,,,,0.00,0.00,0.00,0.00,0.00,0.00,0.00,0.00,0.00,0.00
Belize,BLZ,20200104,0.00,,0.00,,0.00,,0.00,,0.00,,0.00,,0.00,,0.00,0.00,,0.00,0.00,0.00,0.00,,0.00,0.00,0.00,0.00,,,,0.00,0.00,0.00,0.00,0.00,0.00,0.00,0.00,0.00,0.00
Belize,BLZ,20200105,0.00,,0.00,,0.00,,0.00,,0.00,,0.00,,0.00,,0.00,0.00,,0.00,0.00,0.00,0.00,,0.00,0.00,0.00,0.00,,,,0.00,0.00,0.00,0.00,0.00,0.00,0.00,0.00,0.00,0.00
Belize,BLZ,20200106,0.00,,0.00,,0.00,,0.00,,0.00,,0.00,,0.00,,0.00,0.00,,0.00,0.00,0.00,0.00,,0.00,0.00,0.00,0.00,,,,0.00,0.00,0.00,0.00,0.00,0.00,0.00,0.00,0.00,0.00
Belize,BLZ,20200107,0.00,,0.00,,0.00,,0.00,,0.00,,0.00,,0.00,,0.00,0.00,,0.00,0.00,0.00,0.00,,0.00,0.00,0.00,0.00,,,,0.00,0.00,0.00,0.00,0.00,0.00,0.00,0.00,0.00,0.00
Belize,BLZ,20200108,0.00,,0.00,,0.00,,0.00,,0.00,,0.00,,0.00,,0.00,0.00,,0.00,0.00,0.00,0.00,,0.00,0.00,0.00,0.00,,,,0.00,0.00,0.00,0.00,0.00,0.00,0.00,0.00,0.00,0.00
Belize,BLZ,20200109,0.00,,0.00,,0.00,,0.00,,0.00,,0.00,,0.00,,0.00,0.00,,0.00,0.00,0.00,0.00,,0.00,0.00,0.00,0.00,,,,0.00,0.00,0.00,0.00,0.00,0.00,0.00,0.00,0.00,0.00
Belize,BLZ,20200110,0.00,,0.00,,0.00,,0.00,,0.00,,0.00,,0.00,,0.00,0.00,,0.00,0.00,0.00,0.00,,0.00,0.00,0.00,0.00,,,,0.00,0.00,0.00,0.00,0.00,0.00,0.00,0.00,0.00,0.00
Belize,BLZ,20200111,0.00,,0.00,,0.00,,0.00,,0.00,,0.00,,0.00,,0.00,0.00,,0.00,0.00,0.00,0.00,,0.00,0.00,0.00,0.00,,,,0.00,0.00,0.00,0.00,0.00,0.00,0.00,0.00,0.00,0.00
Belize,BLZ,20200112,0.00,,0.00,,0.00,,0.00,,0.00,,0.00,,0.00,,0.00,0.00,,0.00,0.00,0.00,0.00,,0.00,0.00,0.00,0.00,,,,0.00,0.00,0.00,0.00,0.00,0.00,0.00,0.00,0.00,0.00
Belize,BLZ,20200113,0.00,,0.00,,0.00,,0.00,,0.00,,0.00,,0.00,,0.00,0.00,,0.00,0.00,0.00,0.00,,0.00,0.00,0.00,0.00,,,,0.00,0.00,0.00,0.00,0.00,0.00,0.00,0.00,0.00,0.00
Belize,BLZ,20200114,0.00,,0.00,,0.00,,0.00,,0.00,,0.00,,0.00,,0.00,0.00,,0.00,0.00,0.00,0.00,,0.00,0.00,0.00,0.00,,,,0.00,0.00,0.00,0.00,0.00,0.00,0.00,0.00,0.00,0.00
Belize,BLZ,20200115,0.00,,0.00,,0.00,,0.00,,0.00,,0.00,,0.00,,0.00,0.00,,0.00,0.00,0.00,0.00,,0.00,0.00,0.00,0.00,,,,0.00,0.00,0.00,0.00,0.00,0.00,0.00,0.00,0.00,0.00
Belize,BLZ,20200116,0.00,,0.00,,0.00,,0.00,,0.00,,0.00,,0.00,,0.00,0.00,,0.00,0.00,0.00,0.00,,0.00,0.00,0.00,0.00,,,,0.00,0.00,0.00,0.00,0.00,0.00,0.00,0.00,0.00,0.00
Belize,BLZ,20200117,0.00,,0.00,,0.00,,0.00,,0.00,,0.00,,0.00,,0.00,0.00,,0.00,0.00,0.00,0.00,,0.00,0.00,0.00,0.00,,,,0.00,0.00,0.00,0.00,0.00,0.00,0.00,0.00,0.00,0.00
Belize,BLZ,20200118,0.00,,0.00,,0.00,,0.00,,0.00,,0.00,,0.00,,0.00,0.00,,0.00,0.00,0.00,0.00,,0.00,0.00,0.00,0.00,,,,0.00,0.00,0.00,0.00,0.00,0.00,0.00,0.00,0.00,0.00
Belize,BLZ,20200119,0.00,,0.00,,0.00,,0.00,,0.00,,0.00,,0.00,,0.00,0.00,,0.00,0.00,0.00,0.00,,0.00,0.00,0.00,0.00,,,,0.00,0.00,0.00,0.00,0.00,0.00,0.00,0.00,0.00,0.00
Belize,BLZ,20200120,0.00,,0.00,,0.00,,0.00,,0.00,,0.00,,0.00,,0.00,0.00,,0.00,0.00,0.00,0.00,,0.00,0.00,0.00,0.00,,,,0.00,0.00,0.00,0.00,0.00,0.00,0.00,0.00,0.00,0.00
Belize,BLZ,20200121,0.00,,0.00,,0.00,,0.00,,0.00,,0.00,,0.00,,0.00,0.00,,0.00,0.00,0.00,0.00,,0.00,0.00,0.00,0.00,,,,0.00,0.00,0.00,0.00,0.00,0.00,0.00,0.00,0.00,0.00
Belize,BLZ,20200122,0.00,,0.00,,0.00,,0.00,,0.00,,0.00,,0.00,,0.00,0.00,,0.00,0.00,0.00,0.00,,0.00,0.00,0.00,0.00,,,,0.00,0.00,0.00,0.00,0.00,0.00,0.00,0.00,0.00,0.00
Belize,BLZ,20200123,0.00,,0.00,,0.00,,0.00,,0.00,,0.00,,0.00,,0.00,0.00,,0.00,0.00,0.00,0.00,,0.00,0.00,0.00,0.00,,,,0.00,0.00,0.00,0.00,0.00,0.00,0.00,0.00,0.00,0.00
Belize,BLZ,20200124,0.00,,0.00,,0.00,,0.00,,0.00,,0.00,,0.00,,0.00,0.00,,0.00,0.00,0.00,0.00,,0.00,0.00,0.00,0.00,,,,0.00,0.00,0.00,0.00,0.00,0.00,0.00,0.00,0.00,0.00
Belize,BLZ,20200125,0.00,,0.00,,0.00,,0.00,,0.00,,0.00,,0.00,,0.00,0.00,,0.00,0.00,0.00,0.00,,0.00,0.00,0.00,0.00,,,,0.00,0.00,0.00,0.00,0.00,0.00,0.00,0.00,0.00,0.00
Belize,BLZ,20200126,0.00,,0.00,,0.00,,0.00,,0.00,,0.00,,0.00,,0.00,0.00,,0.00,0.00,0.00,0.00,,0.00,0.00,0.00,0.00,,,,0.00,0.00,0.00,0.00,0.00,0.00,0.00,0.00,0.00,0.00
Belize,BLZ,20200127,0.00,,0.00,,0.00,,0.00,,0.00,,0.00,,0.00,,0.00,0.00,,0.00,0.00,0.00,0.00,,0.00,0.00,0.00,0.00,,,,0.00,0.00,0.00,0.00,0.00,0.00,0.00,0.00,0.00,0.00
Belize,BLZ,20200128,0.00,,0.00,,0.00,,0.00,,0.00,,0.00,,0.00,,0.00,0.00,,0.00,0.00,0.00,0.00,,0.00,0.00,0.00,0.00,,,,0.00,0.00,0.00,0.00,0.00,0.00,0.00,0.00,0.00,0.00
Belize,BLZ,20200129,0.00,,0.00,,0.00,,0.00,,0.00,,0.00,,0.00,,0.00,0.00,,0.00,0.00,0.00,0.00,,0.00,0.00,0.00,0.00,,,,0.00,0.00,0.00,0.00,0.00,0.00,0.00,0.00,0.00,0.00
Belize,BLZ,20200130,0.00,,0.00,,0.00,,0.00,,0.00,,0.00,,0.00,,0.00,0.00,,0.00,0.00,0.00,0.00,,0.00,0.00,0.00,0.00,,,,0.00,0.00,0.00,0.00,0.00,0.00,0.00,0.00,0.00,0.00
Belize,BLZ,20200131,0.00,,0.00,,0.00,,0.00,,0.00,,0.00,,0.00,,0.00,0.00,,0.00,0.00,0.00,0.00,,0.00,0.00,0.00,0.00,,,,0.00,0.00,0.00,0.00,0.00,0.00,0.00,0.00,0.00,0.00
Belize,BLZ,20200201,0.00,,0.00,,0.00,,0.00,,0.00,,0.00,,0.00,,0.00,0.00,,0.00,0.00,0.00,0.00,,0.00,0.00,0.00,0.00,,,,0.00,0.00,0.00,0.00,0.00,0.00,0.00,0.00,0.00,0.00
Belize,BLZ,20200202,0.00,,0.00,,0.00,,0.00,,0.00,,0.00,,0.00,,0.00,0.00,,0.00,0.00,0.00,0.00,,0.00,0.00,0.00,0.00,,,,0.00,0.00,0.00,0.00,0.00,0.00,0.00,0.00,0.00,0.00
Belize,BLZ,20200203,0.00,,0.00,,0.00,,0.00,,0.00,,0.00,,0.00,,0.00,0.00,,0.00,0.00,0.00,0.00,,0.00,0.00,0.00,0.00,,,,0.00,0.00,0.00,0.00,0.00,0.00,0.00,0.00,0.00,0.00
Belize,BLZ,20200204,0.00,,0.00,,0.00,,0.00,,0.00,,0.00,,0.00,,0.00,0.00,,0.00,0.00,0.00,0.00,,0.00,0.00,0.00,0.00,,,,0.00,0.00,0.00,0.00,0.00,0.00,0.00,0.00,0.00,0.00
Belize,BLZ,20200205,0.00,,0.00,,0.00,,0.00,,0.00,,0.00,,0.00,,0.00,0.00,,0.00,0.00,0.00,0.00,,0.00,0.00,0.00,0.00,,,,0.00,0.00,0.00,0.00,0.00,0.00,0.00,0.00,0.00,0.00
Belize,BLZ,20200206,0.00,,0.00,,0.00,,0.00,,0.00,,0.00,,0.00,,0.00,0.00,,0.00,0.00,0.00,0.00,,0.00,0.00,0.00,0.00,,,,0.00,0.00,0.00,0.00,0.00,0.00,0.00,0.00,0.00,0.00
Belize,BLZ,20200207,0.00,,0.00,,0.00,,0.00,,0.00,,0.00,,0.00,,0.00,0.00,,0.00,0.00,0.00,0.00,,0.00,0.00,0.00,0.00,,,,0.00,0.00,0.00,0.00,0.00,0.00,0.00,0.00,0.00,0.00
Belize,BLZ,20200208,0.00,,0.00,,0.00,,0.00,,0.00,,0.00,,0.00,,0.00,0.00,,0.00,0.00,0.00,0.00,,0.00,0.00,0.00,0.00,,,,0.00,0.00,0.00,0.00,0.00,0.00,0.00,0.00,0.00,0.00
Belize,BLZ,20200209,0.00,,0.00,,0.00,,0.00,,0.00,,0.00,,0.00,,0.00,0.00,,0.00,0.00,0.00,0.00,,0.00,0.00,0.00,0.00,,,,0.00,0.00,0.00,0.00,0.00,0.00,0.00,0.00,0.00,0.00
Belize,BLZ,20200210,0.00,,0.00,,0.00,,0.00,,0.00,,0.00,,0.00,,0.00,0.00,,0.00,0.00,0.00,0.00,,0.00,0.00,0.00,0.00,,,,0.00,0.00,0.00,0.00,0.00,0.00,0.00,0.00,0.00,0.00
Belize,BLZ,20200211,0.00,,0.00,,0.00,,0.00,,0.00,,0.00,,0.00,,0.00,0.00,,0.00,0.00,0.00,0.00,,0.00,0.00,0.00,0.00,,,,0.00,0.00,0.00,0.00,0.00,0.00,0.00,0.00,0.00,0.00
Belize,BLZ,20200212,0.00,,0.00,,0.00,,0.00,,0.00,,0.00,,0.00,,0.00,0.00,,0.00,0.00,0.00,0.00,,0.00,0.00,0.00,0.00,,,,0.00,0.00,0.00,0.00,0.00,0.00,0.00,0.00,0.00,0.00
Belize,BLZ,20200213,0.00,,0.00,,0.00,,0.00,,0.00,,0.00,,0.00,,0.00,0.00,,0.00,0.00,0.00,0.00,,0.00,0.00,0.00,0.00,,,,0.00,0.00,0.00,0.00,0.00,0.00,0.00,0.00,0.00,0.00
Belize,BLZ,20200214,0.00,,0.00,,0.00,,0.00,,0.00,,0.00,,0.00,,0.00,0.00,,0.00,0.00,0.00,0.00,,0.00,0.00,0.00,0.00,,,,0.00,0.00,0.00,0.00,0.00,0.00,0.00,0.00,0.00,0.00
Belize,BLZ,20200215,0.00,,0.00,,0.00,,0.00,,0.00,,0.00,,0.00,,0.00,0.00,,0.00,0.00,0.00,0.00,,0.00,0.00,0.00,0.00,,,,0.00,0.00,0.00,0.00,0.00,0.00,0.00,0.00,0.00,0.00
Belize,BLZ,20200216,0.00,,0.00,,0.00,,0.00,,0.00,,0.00,,0.00,,0.00,0.00,,0.00,0.00,0.00,0.00,,0.00,0.00,0.00,0.00,,,,0.00,0.00,0.00,0.00,0.00,0.00,0.00,0.00,0.00,0.00
Belize,BLZ,20200217,0.00,,0.00,,0.00,,0.00,,0.00,,0.00,,0.00,,0.00,0.00,,0.00,0.00,0.00,0.00,,0.00,0.00,0.00,0.00,,,,0.00,0.00,0.00,0.00,0.00,0.00,0.00,0.00,0.00,0.00
Belize,BLZ,20200218,0.00,,0.00,,0.00,,0.00,,0.00,,0.00,,0.00,,0.00,0.00,,0.00,0.00,0.00,1.00,1,0.00,0.00,0.00,0.00,,,,5.56,5.56,9.52,9.52,3.85,3.85,4.55,4.55,0.00,0.00
Belize,BLZ,20200219,0.00,,0.00,,0.00,,0.00,,0.00,,0.00,,0.00,,0.00,0.00,,0.00,0.00,0.00,1.00,1,0.00,0.00,0.00,0.00,,,,5.56,5.56,9.52,9.52,3.85,3.85,4.55,4.55,0.00,0.00
Belize,BLZ,20200220,0.00,,0.00,,0.00,,0.00,,0.00,,0.00,,0.00,,0.00,0.00,,0.00,0.00,0.00,1.00,1,0.00,0.00,0.00,0.00,,,,5.56,5.56,9.52,9.52,3.85,3.85,4.55,4.55,0.00,0.00
Belize,BLZ,20200221,0.00,,0.00,,0.00,,0.00,,0.00,,0.00,,0.00,,0.00,0.00,,0.00,0.00,0.00,1.00,1,0.00,0.00,0.00,0.00,,,,5.56,5.56,9.52,9.52,3.85,3.85,4.55,4.55,0.00,0.00
Belize,BLZ,20200222,0.00,,0.00,,0.00,,0.00,,0.00,,0.00,,0.00,,0.00,0.00,,0.00,0.00,0.00,1.00,1,0.00,0.00,0.00,0.00,,,,5.56,5.56,9.52,9.52,3.85,3.85,4.55,4.55,0.00,0.00
Belize,BLZ,20200223,0.00,,0.00,,0.00,,0.00,,0.00,,0.00,,0.00,,0.00,0.00,,0.00,0.00,0.00,1.00,1,0.00,0.00,0.00,0.00,,,,5.56,5.56,9.52,9.52,3.85,3.85,4.55,4.55,0.00,0.00
Belize,BLZ,20200224,0.00,,0.00,,0.00,,0.00,,0.00,,0.00,,0.00,,0.00,0.00,,0.00,0.00,0.00,1.00,1,0.00,0.00,0.00,0.00,,,,5.56,5.56,9.52,9.52,3.85,3.85,4.55,4.55,0.00,0.00
Belize,BLZ,20200225,0.00,,0.00,,0.00,,0.00,,0.00,,0.00,,0.00,,0.00,0.00,,0.00,0.00,0.00,1.00,1,0.00,0.00,0.00,0.00,,,,5.56,5.56,9.52,9.52,3.85,3.85,4.55,4.55,0.00,0.00
Belize,BLZ,20200226,0.00,,0.00,,0.00,,0.00,,0.00,,0.00,,0.00,,0.00,0.00,,0.00,0.00,0.00,1.00,1,0.00,0.00,0.00,0.00,,,,5.56,5.56,9.52,9.52,3.85,3.85,4.55,4.55,0.00,0.00
Belize,BLZ,20200227,0.00,,0.00,,0.00,,0.00,,0.00,,0.00,,0.00,,0.00,0.00,,0.00,0.00,0.00,1.00,1,0.00,0.00,0.00,0.00,,,,5.56,5.56,9.52,9.52,3.85,3.85,4.55,4.55,0.00,0.00
Belize,BLZ,20200228,0.00,,0.00,,0.00,,0.00,,0.00,,0.00,,0.00,,0.00,0.00,,0.00,0.00,0.00,2.00,1,0.00,0.00,0.00,0.00,,,,11.11,11.11,14.29,14.29,7.69,7.69,9.09,9.09,0.00,0.00
Belize,BLZ,20200229,0.00,,0.00,,0.00,,0.00,,0.00,,0.00,,0.00,,0.00,0.00,,0.00,0.00,0.00,2.00,1,0.00,0.00,0.00,0.00,,,,11.11,11.11,14.29,14.29,7.69,7.69,9.09,9.09,0.00,0.00
Belize,BLZ,20200301,0.00,,0.00,,0.00,,0.00,,0.00,,0.00,,0.00,,0.00,0.00,,0.00,0.00,0.00,2.00,1,0.00,0.00,0.00,0.00,,,,11.11,11.11,14.29,14.29,7.69,7.69,9.09,9.09,0.00,0.00
Belize,BLZ,20200302,0.00,,0.00,,0.00,,0.00,,0.00,,0.00,,0.00,,0.00,0.00,,0.00,0.00,0.00,2.00,1,0.00,0.00,0.00,0.00,,,,11.11,11.11,14.29,14.29,7.69,7.69,9.09,9.09,0.00,0.00
Belize,BLZ,20200303,0.00,,0.00,,0.00,,0.00,,0.00,,0.00,,0.00,,0.00,0.00,,0.00,0.00,0.00,2.00,1,0.00,0.00,0.00,0.00,,,,11.11,11.11,14.29,14.29,7.69,7.69,9.09,9.09,0.00,0.00
Belize,BLZ,20200304,0.00,,0.00,,0.00,,0.00,,0.00,,0.00,,0.00,,0.00,0.00,,0.00,0.00,0.00,2.00,1,0.00,0.00,0.00,0.00,,,,11.11,11.11,14.29,14.29,7.69,7.69,9.09,9.09,0.00,0.00
Belize,BLZ,20200305,0.00,,0.00,,0.00,,0.00,,0.00,,0.00,,0.00,,0.00,0.00,,0.00,0.00,0.00,2.00,1,0.00,0.00,0.00,0.00,,,,11.11,11.11,14.29,14.29,7.69,7.69,9.09,9.09,0.00,0.00
Belize,BLZ,20200306,0.00,,0.00,,0.00,,0.00,,0.00,,0.00,,0.00,,0.00,0.00,,0.00,0.00,0.00,2.00,1,0.00,0.00,0.00,0.00,,,,11.11,11.11,14.29,14.29,7.69,7.69,9.09,9.09,0.00,0.00
Belize,BLZ,20200307,0.00,,0.00,,0.00,,0.00,,0.00,,0.00,,0.00,,0.00,0.00,,0.00,0.00,0.00,2.00,1,0.00,0.00,0.00,0.00,,,,11.11,11.11,14.29,14.29,7.69,7.69,9.09,9.09,0.00,0.00
Belize,BLZ,20200308,0.00,,0.00,,0.00,,0.00,,0.00,,0.00,,0.00,,0.00,0.00,,0.00,0.00,0.00,2.00,1,0.00,0.00,0.00,0.00,,,,11.11,11.11,14.29,14.29,7.69,7.69,9.09,9.09,0.00,0.00
Belize,BLZ,20200309,0.00,,0.00,,0.00,,0.00,,0.00,,0.00,,0.00,,0.00,0.00,,0.00,0.00,0.00,2.00,1,0.00,0.00,0.00,0.00,,,,11.11,11.11,14.29,14.29,7.69,7.69,9.09,9.09,0.00,0.00
Belize,BLZ,20200310,0.00,,0.00,,0.00,,0.00,,0.00,,0.00,,0.00,,0.00,0.00,,0.00,0.00,0.00,2.00,1,0.00,0.00,0.00,0.00,,,,11.11,11.11,14.29,14.29,7.69,7.69,9.09,9.09,0.00,0.00
Belize,BLZ,20200311,0.00,,0.00,,0.00,,0.00,,0.00,,0.00,,0.00,,1.00,0.00,,0.00,0.00,0.00,2.00,1,0.00,0.00,0.00,0.00,,,,13.89,13.89,17.86,17.86,9.62,9.62,11.36,11.36,0.00,0.00
Belize,BLZ,20200312,0.00,,0.00,,0.00,,0.00,,0.00,,0.00,,0.00,,1.00,0.00,,0.00,0.00,0.00,2.00,1,0.00,0.00,0.00,0.00,,,,13.89,13.89,17.86,17.86,9.62,9.62,11.36,11.36,0.00,0.00
Belize,BLZ,20200313,0.00,,0.00,,0.00,,0.00,,0.00,,0.00,,0.00,,2.00,0.00,,0.00,0.00,0.00,2.00,1,0.00,0.00,0.00,0.00,,,,16.67,16.67,21.43,21.43,11.54,11.54,13.64,13.64,0.00,0.00
Belize,BLZ,20200314,0.00,,0.00,,0.00,,0.00,,0.00,,0.00,,0.00,,2.00,0.00,,0.00,0.00,0.00,2.00,1,0.00,0.00,0.00,0.00,,,,16.67,16.67,21.43,21.43,11.54,11.54,13.64,13.64,0.00,0.00
Belize,BLZ,20200315,0.00,,0.00,,0.00,,0.00,,0.00,,0.00,,0.00,,3.00,0.00,,0.00,0.00,0.00,2.00,1,0.00,0.00,0.00,0.00,,,,19.44,19.44,25.00,25.00,13.46,13.46,15.91,15.91,0.00,0.00
Belize,BLZ,20200316,0.00,,0.00,,2.00,1,3.00,1,0.00,,0.00,,0.00,,3.00,1.00,1,0.00,0.00,0.00,2.00,1,0.00,0.00,0.00,0.00,,,,38.89,38.89,39.29,39.29,30.77,30.77,31.82,31.82,25.00,25.00
Belize,BLZ,20200317,0.00,,0.00,,2.00,1,3.00,1,0.00,,0.00,,0.00,,3.00,1.00,1,0.00,0.00,0.00,2.00,1,0.00,0.00,0.00,0.00,,,,38.89,38.89,39.29,39.29,30.77,30.77,31.82,31.82,25.00,25.00
Belize,BLZ,20200318,0.00,,0.00,,2.00,1,3.00,1,0.00,,0.00,,0.00,,3.00,1.00,1,0.00,0.00,0.00,2.00,1,0.00,0.00,0.00,0.00,,,,38.89,38.89,39.29,39.29,30.77,30.77,31.82,31.82,25.00,25.00
Belize,BLZ,20200319,0.00,,0.00,,2.00,1,3.00,1,0.00,,0.00,,0.00,,3.00,1.00,1,0.00,12500000.00,0.00,2.00,1,0.00,0.00,0.00,0.00,,,,38.89,38.89,39.29,39.29,30.77,30.77,31.82,31.82,25.00,25.00
Belize,BLZ,20200320,3.00,1,1.00,0,2.00,1,3.00,1,0.00,,0.00,,0.00,,4.00,1.00,1,0.00,0.00,0.00,2.00,1,0.00,0.00,0.00,0.00,,,,54.63,54.63,60.71,60.71,41.67,41.67,44.70,44.70,25.00,25.00
Belize,BLZ,20200321,3.00,1,1.00,0,2.00,1,3.00,1,0.00,,0.00,,0.00,,4.00,1.00,1,0.00,0.00,0.00,2.00,1,0.00,0.00,0.00,0.00,,,,54.63,54.63,60.71,60.71,41.67,41.67,44.70,44.70,25.00,25.00
Belize,BLZ,20200322,3.00,1,1.00,0,2.00,1,3.00,1,0.00,,0.00,,0.00,,4.00,1.00,1,0.00,0.00,0.00,2.00,1,0.00,0.00,0.00,0.00,,,,54.63,54.63,60.71,60.71,41.67,41.67,44.70,44.70,25.00,25.00
Belize,BLZ,20200323,3.00,1,1.00,0,2.00,1,3.00,1,0.00,,0.00,,0.00,,4.00,1.00,1,0.00,0.00,0.00,2.00,1,0.00,0.00,0.00,0.00,,,,54.63,54.63,60.71,60.71,41.67,41.67,44.70,44.70,25.00,25.00
Belize,BLZ,20200324,3.00,1,1.00,0,2.00,1,3.00,1,0.00,,0.00,,0.00,,4.00,1.00,1,0.00,0.00,0.00,2.00,1,0.00,0.00,0.00,0.00,,1,0,54.63,54.63,60.71,60.71,41.67,41.67,44.70,44.70,25.00,25.00
Belize,BLZ,20200325,3.00,1,1.00,0,2.00,1,3.00,1,0.00,,0.00,,0.00,,4.00,1.00,1,0.00,0.00,0.00,2.00,1,1.00,2.00,0.00,0.00,,1,0,54.63,54.63,60.71,60.71,51.92,51.92,56.82,56.82,25.00,25.00
Belize,BLZ,20200326,3.00,1,1.00,0,2.00,1,3.00,1,0.00,,0.00,,0.00,,4.00,1.00,1,0.00,0.00,0.00,2.00,1,1.00,2.00,0.00,0.00,,2,0,54.63,54.63,60.71,60.71,51.92,51.92,56.82,56.82,25.00,25.00
Belize,BLZ,20200327,3.00,1,1.00,0,2.00,1,3.00,1,0.00,,0.00,,0.00,,4.00,1.00,1,0.00,0.00,0.00,2.00,1,1.00,2.00,0.00,0.00,,2,0,54.63,54.63,60.71,60.71,51.92,51.92,56.82,56.82,25.00,25.00
Belize,BLZ,20200328,3.00,1,1.00,0,2.00,1,3.00,1,0.00,,0.00,,0.00,,4.00,1.00,1,0.00,0.00,0.00,2.00,1,1.00,2.00,0.00,0.00,,2,0,54.63,54.63,60.71,60.71,51.92,51.92,56.82,56.82,25.00,25.00
Belize,BLZ,20200329,3.00,1,1.00,0,2.00,1,3.00,1,0.00,,0.00,,0.00,,4.00,1.00,1,0.00,0.00,0.00,2.00,1,1.00,2.00,0.00,0.00,,2,0,54.63,54.63,60.71,60.71,51.92,51.92,56.82,56.82,25.00,25.00
Belize,BLZ,20200330,3.00,1,1.00,0,2.00,1,3.00,1,0.00,,0.00,,0.00,,4.00,1.00,1,0.00,0.00,0.00,2.00,1,1.00,2.00,0.00,0.00,,2,0,54.63,54.63,60.71,60.71,51.92,51.92,56.82,56.82,25.00,25.00
Belize,BLZ,20200331,3.00,1,1.00,0,2.00,1,3.00,1,0.00,,0.00,,0.00,,4.00,1.00,1,0.00,0.00,0.00,2.00,1,1.00,2.00,0.00,0.00,,3,0,54.63,54.63,60.71,60.71,51.92,51.92,56.82,56.82,25.00,25.00
Belize,BLZ,20200401,3.00,1,3.00,1,2.00,1,3.00,1,0.00,,0.00,,0.00,,4.00,1.00,1,0.00,0.00,0.00,2.00,1,1.00,2.00,0.00,0.00,,3,0,63.89,63.89,71.43,71.43,58.33,58.33,64.39,64.39,25.00,25.00
Belize,BLZ,20200402,3.00,1,3.00,1,2.00,1,3.00,1,0.00,,0.00,,0.00,,4.00,1.00,1,0.00,0.00,0.00,2.00,1,1.00,2.00,0.00,0.00,,3,0,63.89,63.89,71.43,71.43,58.33,58.33,64.39,64.39,25.00,25.00
Belize,BLZ,20200403,3.00,1,3.00,1,2.00,1,3.00,1,0.00,,0.00,,0.00,,4.00,1.00,1,0.00,12401000.00,0.00,2.00,1,1.00,2.00,0.00,0.00,,3,0,63.89,63.89,71.43,71.43,58.33,58.33,64.39,64.39,25.00,25.00
Belize,BLZ,20200404,3.00,1,3.00,1,2.00,1,3.00,1,0.00,,0.00,,0.00,,4.00,1.00,1,0.00,0.00,0.00,2.00,1,1.00,2.00,0.00,0.00,,4,0,63.89,63.89,71.43,71.43,58.33,58.33,64.39,64.39,25.00,25.00
Belize,BLZ,20200405,3.00,1,3.00,1,2.00,1,3.00,1,0.00,,0.00,,0.00,,4.00,1.00,1,0.00,0.00,0.00,2.00,1,1.00,2.00,0.00,0.00,,4,0,63.89,63.89,71.43,71.43,58.33,58.33,64.39,64.39,25.00,25.00
Belize,BLZ,20200406,3.00,1,3.00,1,2.00,1,3.00,1,0.00,,0.00,,0.00,,4.00,1.00,1,0.00,0.00,0.00,2.00,1,1.00,2.00,0.00,0.00,,5,1,63.89,63.89,71.43,71.43,58.33,58.33,64.39,64.39,25.00,25.00
Belize,BLZ,20200407,3.00,1,3.00,1,2.00,1,3.00,1,0.00,,0.00,,0.00,,4.00,1.00,1,0.00,0.00,0.00,2.00,1,1.00,2.00,0.00,0.00,,7,1,63.89,63.89,71.43,71.43,58.33,58.33,64.39,64.39,25.00,25.00
Belize,BLZ,20200408,3.00,1,3.00,1,2.00,1,3.00,1,0.00,,0.00,,0.00,,4.00,1.00,1,0.00,0.00,0.00,2.00,1,1.00,2.00,0.00,0.00,,7,1,63.89,63.89,71.43,71.43,58.33,58.33,64.39,64.39,25.00,25.00
Belize,BLZ,20200409,3.00,1,3.00,1,2.00,1,3.00,1,0.00,,0.00,,0.00,,4.00,1.00,1,0.00,0.00,0.00,2.00,1,1.00,2.00,0.00,0.00,,8,1,63.89,63.89,71.43,71.43,58.33,58.33,64.39,64.39,25.00,25.00
Belize,BLZ,20200410,3.00,1,3.00,1,2.00,1,3.00,1,0.00,,0.00,,0.00,,4.00,1.00,1,0.00,0.00,0.00,2.00,1,1.00,2.00,0.00,0.00,,9,1,63.89,63.89,71.43,71.43,58.33,58.33,64.39,64.39,25.00,25.00
Belize,BLZ,20200411,3.00,1,3.00,1,2.00,1,3.00,1,0.00,,0.00,,0.00,,4.00,1.00,1,0.00,0.00,0.00,2.00,1,1.00,2.00,0.00,0.00,,10,2,63.89,63.89,71.43,71.43,58.33,58.33,64.39,64.39,25.00,25.00
Belize,BLZ,20200412,3.00,1,3.00,1,2.00,1,3.00,1,0.00,,0.00,,0.00,,4.00,1.00,1,0.00,0.00,0.00,2.00,1,1.00,2.00,0.00,0.00,,13,2,63.89,63.89,71.43,71.43,58.33,58.33,64.39,64.39,25.00,25.00
Belize,BLZ,20200413,3.00,1,3.00,1,2.00,1,3.00,1,0.00,,0.00,,0.00,,4.00,1.00,1,0.00,0.00,0.00,2.00,1,1.00,2.00,0.00,0.00,,14,2,63.89,63.89,71.43,71.43,58.33,58.33,64.39,64.39,25.00,25.00
Belize,BLZ,20200414,3.00,1,3.00,1,2.00,1,3.00,1,0.00,,0.00,,0.00,,4.00,1.00,1,0.00,0.00,0.00,2.00,1,1.00,2.00,0.00,0.00,,18,2,63.89,63.89,71.43,71.43,58.33,58.33,64.39,64.39,25.00,25.00
Belize,BLZ,20200415,3.00,1,3.00,1,2.00,1,3.00,1,0.00,,0.00,,0.00,,4.00,1.00,1,0.00,0.00,0.00,2.00,1,1.00,2.00,0.00,0.00,,18,2,63.89,63.89,71.43,71.43,58.33,58.33,64.39,64.39,25.00,25.00
Belize,BLZ,20200416,3.00,1,3.00,1,2.00,1,3.00,1,0.00,,0.00,,0.00,,4.00,1.00,1,0.00,0.00,0.00,2.00,1,1.00,2.00,0.00,0.00,,18,2,63.89,63.89,71.43,71.43,58.33,58.33,64.39,64.39,25.00,25.00
Belize,BLZ,20200417,3.00,1,3.00,1,2.00,1,3.00,1,0.00,,0.00,,0.00,,4.00,1.00,1,0.00,0.00,0.00,2.00,1,1.00,2.00,0.00,0.00,,18,2,63.89,63.89,71.43,71.43,58.33,58.33,64.39,64.39,25.00,25.00
Belize,BLZ,20200418,3.00,1,3.00,1,2.00,1,3.00,1,0.00,,0.00,,0.00,,4.00,1.00,1,0.00,0.00,0.00,2.00,1,1.00,2.00,0.00,0.00,,18,2,63.89,63.89,71.43,71.43,58.33,58.33,64.39,64.39,25.00,25.00
Belize,BLZ,20200419,3.00,1,3.00,1,2.00,1,3.00,1,0.00,,0.00,,0.00,,4.00,1.00,1,0.00,0.00,0.00,2.00,1,1.00,2.00,0.00,0.00,,18,2,63.89,63.89,71.43,71.43,58.33,58.33,64.39,64.39,25.00,25.00
Belize,BLZ,20200420,3.00,1,3.00,1,2.00,1,3.00,1,0.00,,0.00,,0.00,,4.00,1.00,1,0.00,0.00,0.00,2.00,1,1.00,2.00,0.00,0.00,,18,2,63.89,63.89,71.43,71.43,58.33,58.33,64.39,64.39,25.00,25.00
Belize,BLZ,20200421,3.00,1,3.00,1,2.00,1,3.00,1,0.00,,0.00,,0.00,,4.00,1.00,1,0.00,0.00,0.00,2.00,1,1.00,2.00,0.00,0.00,,18,2,63.89,63.89,71.43,71.43,58.33,58.33,64.39,64.39,25.00,25.00
Belize,BLZ,20200422,3.00,1,3.00,1,2.00,1,3.00,1,0.00,,0.00,,0.00,,4.00,1.00,1,0.00,0.00,0.00,2.00,1,1.00,2.00,0.00,0.00,,18,2,63.89,63.89,71.43,71.43,58.33,58.33,64.39,64.39,25.00,25.00
Belize,BLZ,20200423,3.00,1,3.00,1,2.00,1,3.00,1,0.00,,0.00,,0.00,,4.00,1.00,1,0.00,0.00,0.00,2.00,1,1.00,2.00,0.00,0.00,,18,2,63.89,63.89,71.43,71.43,58.33,58.33,64.39,64.39,25.00,25.00
Belize,BLZ,20200424,3.00,1,3.00,1,2.00,1,3.00,1,0.00,,0.00,,0.00,,4.00,1.00,1,0.00,0.00,0.00,2.00,1,1.00,2.00,0.00,0.00,,18,2,63.89,63.89,71.43,71.43,58.33,58.33,64.39,64.39,25.00,25.00
Belize,BLZ,20200425,3.00,1,3.00,1,2.00,1,3.00,1,0.00,,0.00,,0.00,,4.00,1.00,1,0.00,0.00,0.00,2.00,1,1.00,2.00,0.00,0.00,,18,2,63.89,63.89,71.43,71.43,58.33,58.33,64.39,64.39,25.00,25.00
Belize,BLZ,20200426,3.00,1,3.00,1,2.00,1,3.00,1,0.00,,0.00,,0.00,,4.00,1.00,1,0.00,0.00,0.00,2.00,1,1.00,2.00,0.00,0.00,,18,2,63.89,63.89,71.43,71.43,58.33,58.33,64.39,64.39,25.00,25.00
Belize,BLZ,20200427,3.00,1,1.00,0,2.00,1,3.00,1,1.00,0,2.00,0,2.00,0,4.00,1.00,1,0.00,0.00,0.00,2.00,1,1.00,2.00,0.00,0.00,,18,2,71.30,71.30,75.00,75.00,63.46,63.46,70.45,70.45,25.00,25.00
Belize,BLZ,20200428,3.00,1,1.00,0,2.00,1,3.00,1,1.00,0,2.00,0,2.00,0,4.00,1.00,1,0.00,0.00,0.00,2.00,1,1.00,2.00,0.00,0.00,,18,2,71.30,71.30,75.00,75.00,63.46,63.46,70.45,70.45,25.00,25.00
Belize,BLZ,20200429,3.00,1,1.00,0,2.00,1,3.00,1,1.00,0,2.00,0,2.00,0,4.00,1.00,1,0.00,0.00,0.00,2.00,1,1.00,2.00,0.00,0.00,,18,2,71.30,71.30,75.00,75.00,63.46,63.46,70.45,70.45,25.00,25.00
Belize,BLZ,20200430,3.00,1,1.00,0,2.00,1,3.00,1,1.00,0,2.00,0,2.00,0,4.00,1.00,1,0.00,0.00,0.00,2.00,1,1.00,2.00,0.00,0.00,,18,2,71.30,71.30,75.00,75.00,63.46,63.46,70.45,70.45,25.00,25.00
Belize,BLZ,20200501,3.00,1,1.00,0,2.00,1,3.00,1,1.00,0,2.00,0,2.00,0,4.00,1.00,1,0.00,0.00,0.00,2.00,1,1.00,2.00,0.00,0.00,,18,2,71.30,71.30,75.00,75.00,63.46,63.46,70.45,70.45,25.00,25.00
Belize,BLZ,20200502,3.00,1,1.00,0,2.00,1,3.00,1,1.00,0,2.00,0,2.00,0,4.00,1.00,1,0.00,0.00,0.00,2.00,1,1.00,2.00,0.00,0.00,,18,2,71.30,71.30,75.00,75.00,63.46,63.46,70.45,70.45,25.00,25.00
Belize,BLZ,20200503,3.00,1,1.00,0,2.00,1,3.00,1,1.00,0,2.00,0,2.00,0,4.00,1.00,1,0.00,0.00,0.00,2.00,1,1.00,2.00,0.00,0.00,,18,2,71.30,71.30,75.00,75.00,63.46,63.46,70.45,70.45,25.00,25.00
Belize,BLZ,20200504,3.00,1,1.00,0,2.00,1,3.00,1,1.00,0,2.00,0,2.00,0,4.00,1.00,1,0.00,0.00,0.00,2.00,1,1.00,2.00,0.00,0.00,,18,2,71.30,71.30,75.00,75.00,63.46,63.46,70.45,70.45,25.00,25.00
Belize,BLZ,20200505,3.00,1,1.00,0,2.00,1,3.00,1,1.00,0,2.00,0,2.00,0,4.00,1.00,1,0.00,0.00,0.00,2.00,1,1.00,2.00,0.00,0.00,,18,2,71.30,71.30,75.00,75.00,63.46,63.46,70.45,70.45,25.00,25.00
Belize,BLZ,20200506,3.00,1,1.00,0,2.00,1,3.00,1,1.00,0,2.00,0,2.00,0,4.00,1.00,1,0.00,0.00,0.00,2.00,1,1.00,2.00,0.00,0.00,,18,2,71.30,71.30,75.00,75.00,63.46,63.46,70.45,70.45,25.00,25.00
Belize,BLZ,20200507,3.00,1,1.00,0,2.00,1,3.00,1,1.00,0,2.00,0,2.00,0,4.00,1.00,1,0.00,0.00,0.00,2.00,1,1.00,2.00,0.00,0.00,,18,2,71.30,71.30,75.00,75.00,63.46,63.46,70.45,70.45,25.00,25.00
Belize,BLZ,20200508,3.00,1,1.00,0,2.00,1,3.00,1,1.00,0,2.00,0,2.00,0,4.00,1.00,1,0.00,0.00,0.00,2.00,1,1.00,2.00,0.00,0.00,,18,2,71.30,71.30,75.00,75.00,63.46,63.46,70.45,70.45,25.00,25.00
Belize,BLZ,20200509,3.00,1,1.00,0,2.00,1,3.00,1,1.00,0,2.00,0,2.00,0,4.00,1.00,1,0.00,0.00,0.00,2.00,1,1.00,2.00,0.00,0.00,,18,2,71.30,71.30,75.00,75.00,63.46,63.46,70.45,70.45,25.00,25.00
Belize,BLZ,20200510,3.00,1,1.00,0,2.00,1,3.00,1,1.00,0,2.00,0,2.00,0,4.00,1.00,1,0.00,0.00,0.00,2.00,1,1.00,2.00,0.00,0.00,,18,2,71.30,71.30,75.00,75.00,63.46,63.46,70.45,70.45,25.00,25.00
Belize,BLZ,20200511,3.00,1,1.00,0,2.00,1,3.00,1,1.00,0,2.00,0,2.00,0,4.00,1.00,1,0.00,0.00,0.00,2.00,1,1.00,2.00,0.00,0.00,,18,2,71.30,71.30,75.00,75.00,63.46,63.46,70.45,70.45,25.00,25.00
Belize,BLZ,20200512,3.00,1,1.00,0,2.00,1,3.00,1,1.00,0,2.00,0,2.00,0,4.00,1.00,1,0.00,0.00,0.00,2.00,1,1.00,2.00,0.00,0.00,,18,2,71.30,71.30,75.00,75.00,63.46,63.46,70.45,70.45,25.00,25.00
Belize,BLZ,20200513,3.00,1,1.00,0,2.00,1,3.00,1,1.00,0,2.00,0,2.00,0,4.00,1.00,1,0.00,0.00,0.00,2.00,1,1.00,2.00,0.00,0.00,,18,2,71.30,71.30,75.00,75.00,63.46,63.46,70.45,70.45,25.00,25.00
Belize,BLZ,20200514,3.00,1,1.00,0,2.00,1,3.00,1,1.00,0,2.00,0,2.00,0,4.00,1.00,1,0.00,0.00,0.00,2.00,1,1.00,2.00,0.00,0.00,,18,2,71.30,71.30,75.00,75.00,63.46,63.46,70.45,70.45,25.00,25.00
Belize,BLZ,20200515,3.00,1,3.00,1,2.00,1,4.00,1,1.00,1,2.00,1,2.00,0,4.00,1.00,1,0.00,0.00,0.00,2.00,1,1.00,2.00,0.00,0.00,,18,2,87.96,87.96,91.67,91.67,75.00,75.00,84.09,84.09,25.00,25.00
Belize,BLZ,20200516,3.00,1,3.00,1,2.00,1,4.00,1,1.00,1,2.00,1,2.00,0,4.00,1.00,1,0.00,0.00,0.00,2.00,1,1.00,2.00,0.00,0.00,,18,2,87.96,87.96,91.67,91.67,75.00,75.00,84.09,84.09,25.00,25.00
Belize,BLZ,20200517,3.00,1,3.00,1,2.00,1,4.00,1,1.00,1,2.00,1,2.00,0,4.00,1.00,1,0.00,0.00,0.00,2.00,1,1.00,2.00,0.00,0.00,,18,2,87.96,87.96,91.67,91.67,75.00,75.00,84.09,84.09,25.00,25.00
Belize,BLZ,20200518,3.00,1,3.00,1,2.00,1,4.00,1,1.00,1,2.00,1,2.00,0,4.00,1.00,1,0.00,0.00,0.00,2.00,1,1.00,2.00,0.00,0.00,,18,2,87.96,87.96,91.67,91.67,75.00,75.00,84.09,84.09,25.00,25.00
Belize,BLZ,20200519,3.00,1,3.00,1,2.00,1,4.00,1,1.00,1,2.00,1,2.00,1,4.00,1.00,1,0.00,0.00,0.00,2.00,1,1.00,2.00,0.00,0.00,,18,2,90.74,90.74,95.24,95.24,76.92,76.92,86.36,86.36,25.00,25.00
Belize,BLZ,20200520,3.00,1,3.00,1,2.00,1,4.00,1,1.00,1,2.00,1,2.00,1,4.00,1.00,1,0.00,0.00,0.00,2.00,1,1.00,2.00,0.00,0.00,,18,2,90.74,90.74,95.24,95.24,76.92,76.92,86.36,86.36,25.00,25.00
Belize,BLZ,20200521,3.00,1,3.00,1,2.00,1,4.00,1,1.00,1,2.00,1,2.00,1,4.00,1.00,1,0.00,0.00,0.00,2.00,1,1.00,2.00,0.00,0.00,,18,2,90.74,90.74,95.24,95.24,76.92,76.92,86.36,86.36,25.00,25.00
Belize,BLZ,20200522,3.00,1,3.00,1,2.00,1,4.00,1,1.00,1,2.00,1,2.00,1,4.00,1.00,1,0.00,0.00,0.00,2.00,1,1.00,2.00,0.00,0.00,,18,2,90.74,90.74,95.24,95.24,76.92,76.92,86.36,86.36,25.00,25.00
Belize,BLZ,20200523,3.00,1,3.00,1,2.00,1,4.00,1,1.00,1,2.00,1,2.00,1,4.00,1.00,1,0.00,0.00,0.00,2.00,1,1.00,2.00,0.00,0.00,,18,2,90.74,90.74,95.24,95.24,76.92,76.92,86.36,86.36,25.00,25.00
Belize,BLZ,20200524,3.00,1,3.00,1,2.00,1,4.00,1,1.00,1,2.00,1,2.00,1,4.00,1.00,1,0.00,0.00,0.00,2.00,1,1.00,2.00,0.00,0.00,,18,2,90.74,90.74,95.24,95.24,76.92,76.92,86.36,86.36,25.00,25.00
Belize,BLZ,20200525,3.00,1,3.00,1,2.00,1,4.00,1,1.00,1,2.00,1,2.00,1,4.00,1.00,1,0.00,0.00,0.00,2.00,1,1.00,2.00,0.00,0.00,,18,2,90.74,90.74,95.24,95.24,76.92,76.92,86.36,86.36,25.00,25.00
Belize,BLZ,20200526,3.00,1,3.00,1,2.00,1,4.00,1,1.00,1,2.00,1,2.00,1,4.00,1.00,1,0.00,0.00,0.00,2.00,1,1.00,2.00,0.00,0.00,,18,2,90.74,90.74,95.24,95.24,76.92,76.92,86.36,86.36,25.00,25.00
Belize,BLZ,20200527,3.00,1,3.00,1,2.00,1,4.00,1,1.00,1,2.00,1,2.00,1,4.00,1.00,1,0.00,0.00,0.00,2.00,1,1.00,2.00,0.00,0.00,,18,2,90.74,90.74,95.24,95.24,76.92,76.92,86.36,86.36,25.00,25.00
Belize,BLZ,20200528,3.00,1,3.00,1,2.00,1,4.00,1,1.00,1,2.00,1,2.00,1,4.00,1.00,1,0.00,0.00,0.00,2.00,1,1.00,2.00,0.00,0.00,,18,2,90.74,90.74,95.24,95.24,76.92,76.92,86.36,86.36,25.00,25.00
Belize,BLZ,20200529,3.00,1,3.00,1,2.00,1,4.00,1,1.00,1,2.00,1,2.00,1,4.00,1.00,1,0.00,0.00,0.00,2.00,1,1.00,2.00,0.00,0.00,,18,2,90.74,90.74,95.24,95.24,76.92,76.92,86.36,86.36,25.00,25.00
Belize,BLZ,20200530,3.00,1,3.00,1,2.00,1,4.00,1,1.00,1,2.00,1,2.00,1,4.00,1.00,1,0.00,0.00,0.00,2.00,1,1.00,2.00,0.00,0.00,,18,2,90.74,90.74,95.24,95.24,76.92,76.92,86.36,86.36,25.00,25.00
Belize,BLZ,20200531,3.00,1,3.00,1,2.00,1,4.00,1,1.00,1,2.00,1,2.00,1,4.00,1.00,1,0.00,0.00,0.00,2.00,1,1.00,2.00,0.00,0.00,,18,2,90.74,90.74,95.24,95.24,76.92,76.92,86.36,86.36,25.00,25.00
Belize,BLZ,20200601,3.00,1,2.00,1,2.00,1,4.00,1,0.00,,1.00,1,2.00,1,4.00,1.00,1,0.00,0.00,0.00,2.00,1,1.00,2.00,0.00,0.00,,18,2,77.78,77.78,82.14,82.14,67.95,67.95,75.76,75.76,25.00,25.00
Belize,BLZ,20200602,3.00,1,2.00,1,2.00,1,4.00,1,0.00,,1.00,1,2.00,1,4.00,1.00,1,0.00,0.00,0.00,2.00,1,1.00,2.00,0.00,0.00,,18,2,77.78,77.78,82.14,82.14,67.95,67.95,75.76,75.76,25.00,25.00
Belize,BLZ,20200603,3.00,1,2.00,1,2.00,1,4.00,1,0.00,,1.00,1,2.00,1,4.00,1.00,1,0.00,0.00,0.00,2.00,1,1.00,2.00,0.00,0.00,,18,2,77.78,77.78,82.14,82.14,67.95,67.95,75.76,75.76,25.00,25.00
Belize,BLZ,20200604,3.00,1,2.00,1,2.00,1,4.00,1,0.00,,1.00,1,2.00,1,4.00,1.00,1,0.00,0.00,0.00,2.00,1,1.00,2.00,0.00,0.00,,18,2,77.78,77.78,82.14,82.14,67.95,67.95,75.76,75.76,25.00,25.00
Belize,BLZ,20200605,3.00,1,2.00,1,2.00,1,4.00,1,0.00,,1.00,1,2.00,1,4.00,1.00,1,0.00,0.00,0.00,2.00,1,1.00,2.00,0.00,0.00,,18,2,77.78,77.78,82.14,82.14,67.95,67.95,75.76,75.76,25.00,25.00
Belize,BLZ,20200606,3.00,1,2.00,1,2.00,1,4.00,1,0.00,,1.00,1,2.00,1,4.00,1.00,1,0.00,0.00,0.00,2.00,1,1.00,2.00,0.00,0.00,,18,2,77.78,77.78,82.14,82.14,67.95,67.95,75.76,75.76,25.00,25.00
Belize,BLZ,20200607,3.00,1,2.00,1,2.00,1,4.00,1,0.00,,1.00,1,2.00,1,4.00,1.00,1,0.00,0.00,0.00,2.00,1,1.00,2.00,0.00,0.00,,18,2,77.78,77.78,82.14,82.14,67.95,67.95,75.76,75.76,25.00,25.00
Belize,BLZ,20200608,3.00,1,2.00,1,2.00,1,4.00,1,0.00,,1.00,1,2.00,1,4.00,1.00,1,0.00,0.00,0.00,2.00,1,1.00,2.00,0.00,0.00,,18,2,77.78,77.78,82.14,82.14,67.95,67.95,75.76,75.76,25.00,25.00
Belize,BLZ,20200609,3.00,1,2.00,1,2.00,1,4.00,1,0.00,,1.00,1,2.00,1,4.00,1.00,1,0.00,0.00,0.00,2.00,1,1.00,2.00,0.00,0.00,,19,2,77.78,77.78,82.14,82.14,67.95,67.95,75.76,75.76,25.00,25.00
Belize,BLZ,20200610,3.00,1,2.00,1,2.00,1,4.00,1,0.00,,1.00,1,2.00,1,4.00,1.00,1,0.00,0.00,0.00,2.00,1,1.00,2.00,0.00,0.00,,20,2,77.78,77.78,82.14,82.14,67.95,67.95,75.76,75.76,25.00,25.00
Belize,BLZ,20200611,,,,,,,,,,,,,,,,,,,,,,,,,,,,20,2,,,,,,,,,,
Belize,BLZ,20200612,,,,,,,,,,,,,,,,,,,,,,,,,,,,20,2,,,,,,,,,,
Belize,BLZ,20200613,,,,,,,,,,,,,,,,,,,,,,,,,,,,20,2,,,,,,,,,,
Belize,BLZ,20200614,,,,,,,,,,,,,,,,,,,,,,,,,,,,20,2,,,,,,,,,,
Belize,BLZ,20200615,,,,,,,,,,,,,,,,,,,,,,,,,,,,21,2,,,,,,,,,,
Belize,BLZ,20200616,,,,,,,,,,,,,,,,,,,,,,,,,,,,21,2,,,,,,,,,,
Belize,BLZ,20200617,,,,,,,,,,,,,,,,,,,,,,,,,,,,21,2,,77.78,,82.14,,67.95,,75.76,,25.00
Belize,BLZ,20200618,,,,,,,,,,,,,,,,,,,,,,,,,,,,22,2,,77.78,,82.14,,67.95,,75.76,,25.00
Belize,BLZ,20200619,,,,,,,,,,,,,,,,,,,,,,,,,,,,22,2,,77.78,,82.14,,67.95,,75.76,,25.00
Belize,BLZ,20200620,,,,,,,,,,,,,,,,,,,,,,,,,,,,22,2,,77.78,,82.14,,67.95,,75.76,,25.00
Belize,BLZ,20200621,,,,,,,,,,,,,,,,,,,,,,,,,,,,22,2,,77.78,,82.14,,67.95,,75.76,,25.00
Belize,BLZ,20200622,,,,,,,,,,,,,,,,,,,,,,,,,,,,22,2,,77.78,,82.14,,67.95,,75.76,,25.00
Belize,BLZ,20200623,,,,,,,,,,,,,,,,,,,,,,,,,,,,23,2,,77.78,,82.14,,67.95,,75.76,,25.00
