Myanmar,MMR,20200101,0.00,,0.00,,0.00,,0.00,,0.00,,0.00,,0.00,,0.00,0.00,,0.00,0.00,0.00,0.00,,0.00,0.00,0.00,0.00,,,,0.00,0.00,0.00,0.00,0.00,0.00,0.00,0.00,0.00,0.00
Myanmar,MMR,20200102,0.00,,0.00,,0.00,,0.00,,0.00,,0.00,,0.00,,0.00,0.00,,0.00,0.00,0.00,0.00,,0.00,0.00,0.00,0.00,,,,0.00,0.00,0.00,0.00,0.00,0.00,0.00,0.00,0.00,0.00
Myanmar,MMR,20200103,0.00,,0.00,,0.00,,0.00,,0.00,,0.00,,0.00,,0.00,0.00,,0.00,0.00,0.00,0.00,,0.00,0.00,0.00,0.00,,,,0.00,0.00,0.00,0.00,0.00,0.00,0.00,0.00,0.00,0.00
Myanmar,MMR,20200104,0.00,,0.00,,0.00,,0.00,,0.00,,0.00,,0.00,,0.00,0.00,,0.00,0.00,0.00,0.00,,0.00,0.00,0.00,0.00,,,,0.00,0.00,0.00,0.00,0.00,0.00,0.00,0.00,0.00,0.00
Myanmar,MMR,20200105,0.00,,0.00,,0.00,,0.00,,0.00,,0.00,,0.00,,0.00,0.00,,0.00,0.00,0.00,0.00,,0.00,0.00,0.00,0.00,,,,0.00,0.00,0.00,0.00,0.00,0.00,0.00,0.00,0.00,0.00
Myanmar,MMR,20200106,0.00,,0.00,,0.00,,0.00,,0.00,,0.00,,0.00,,0.00,0.00,,0.00,0.00,0.00,0.00,,0.00,0.00,0.00,0.00,,,,0.00,0.00,0.00,0.00,0.00,0.00,0.00,0.00,0.00,0.00
Myanmar,MMR,20200107,0.00,,0.00,,0.00,,0.00,,0.00,,0.00,,0.00,,0.00,0.00,,0.00,0.00,0.00,0.00,,0.00,0.00,0.00,0.00,,,,0.00,0.00,0.00,0.00,0.00,0.00,0.00,0.00,0.00,0.00
Myanmar,MMR,20200108,0.00,,0.00,,0.00,,0.00,,0.00,,0.00,,0.00,,0.00,0.00,,0.00,0.00,0.00,0.00,,0.00,0.00,0.00,0.00,,,,0.00,0.00,0.00,0.00,0.00,0.00,0.00,0.00,0.00,0.00
Myanmar,MMR,20200109,0.00,,0.00,,0.00,,0.00,,0.00,,0.00,,0.00,,0.00,0.00,,0.00,0.00,0.00,0.00,,0.00,0.00,0.00,0.00,,,,0.00,0.00,0.00,0.00,0.00,0.00,0.00,0.00,0.00,0.00
Myanmar,MMR,20200110,0.00,,0.00,,0.00,,0.00,,0.00,,0.00,,0.00,,0.00,0.00,,0.00,0.00,0.00,0.00,,0.00,0.00,0.00,0.00,,,,0.00,0.00,0.00,0.00,0.00,0.00,0.00,0.00,0.00,0.00
Myanmar,MMR,20200111,0.00,,0.00,,0.00,,0.00,,0.00,,0.00,,0.00,,0.00,0.00,,0.00,0.00,0.00,0.00,,0.00,0.00,0.00,0.00,,,,0.00,0.00,0.00,0.00,0.00,0.00,0.00,0.00,0.00,0.00
Myanmar,MMR,20200112,0.00,,0.00,,0.00,,0.00,,0.00,,0.00,,0.00,,0.00,0.00,,0.00,0.00,0.00,0.00,,0.00,0.00,0.00,0.00,,,,0.00,0.00,0.00,0.00,0.00,0.00,0.00,0.00,0.00,0.00
Myanmar,MMR,20200113,0.00,,0.00,,0.00,,0.00,,0.00,,0.00,,0.00,,0.00,0.00,,0.00,0.00,0.00,0.00,,0.00,0.00,0.00,0.00,,,,0.00,0.00,0.00,0.00,0.00,0.00,0.00,0.00,0.00,0.00
Myanmar,MMR,20200114,0.00,,0.00,,0.00,,0.00,,0.00,,0.00,,0.00,,0.00,0.00,,0.00,0.00,0.00,0.00,,0.00,0.00,0.00,0.00,,,,0.00,0.00,0.00,0.00,0.00,0.00,0.00,0.00,0.00,0.00
Myanmar,MMR,20200115,0.00,,0.00,,0.00,,0.00,,0.00,,0.00,,0.00,,0.00,0.00,,0.00,0.00,0.00,0.00,,0.00,0.00,0.00,0.00,,,,0.00,0.00,0.00,0.00,0.00,0.00,0.00,0.00,0.00,0.00
Myanmar,MMR,20200116,0.00,,0.00,,0.00,,0.00,,0.00,,0.00,,0.00,,0.00,0.00,,0.00,0.00,0.00,0.00,,0.00,0.00,0.00,0.00,,,,0.00,0.00,0.00,0.00,0.00,0.00,0.00,0.00,0.00,0.00
Myanmar,MMR,20200117,0.00,,0.00,,0.00,,0.00,,0.00,,0.00,,0.00,,0.00,0.00,,0.00,0.00,0.00,0.00,,0.00,0.00,0.00,0.00,,,,0.00,0.00,0.00,0.00,0.00,0.00,0.00,0.00,0.00,0.00
Myanmar,MMR,20200118,0.00,,0.00,,0.00,,0.00,,0.00,,0.00,,0.00,,0.00,0.00,,0.00,0.00,0.00,0.00,,0.00,0.00,0.00,0.00,,,,0.00,0.00,0.00,0.00,0.00,0.00,0.00,0.00,0.00,0.00
Myanmar,MMR,20200119,0.00,,0.00,,0.00,,0.00,,0.00,,0.00,,0.00,,0.00,0.00,,0.00,0.00,0.00,0.00,,0.00,0.00,0.00,0.00,,,,0.00,0.00,0.00,0.00,0.00,0.00,0.00,0.00,0.00,0.00
Myanmar,MMR,20200120,0.00,,0.00,,0.00,,0.00,,0.00,,0.00,,0.00,,0.00,0.00,,0.00,0.00,0.00,0.00,,0.00,0.00,0.00,0.00,,,,0.00,0.00,0.00,0.00,0.00,0.00,0.00,0.00,0.00,0.00
Myanmar,MMR,20200121,0.00,,0.00,,0.00,,0.00,,0.00,,0.00,,0.00,,0.00,0.00,,0.00,0.00,0.00,0.00,,0.00,0.00,0.00,0.00,,,,0.00,0.00,0.00,0.00,0.00,0.00,0.00,0.00,0.00,0.00
Myanmar,MMR,20200122,0.00,,0.00,,0.00,,0.00,,0.00,,0.00,,0.00,,0.00,0.00,,0.00,0.00,0.00,0.00,,0.00,0.00,0.00,0.00,,,,0.00,0.00,0.00,0.00,0.00,0.00,0.00,0.00,0.00,0.00
Myanmar,MMR,20200123,0.00,,0.00,,0.00,,0.00,,0.00,,0.00,,0.00,,0.00,0.00,,0.00,0.00,0.00,0.00,,0.00,0.00,0.00,0.00,,,,0.00,0.00,0.00,0.00,0.00,0.00,0.00,0.00,0.00,0.00
Myanmar,MMR,20200124,0.00,,0.00,,0.00,,0.00,,0.00,,0.00,,0.00,,0.00,0.00,,0.00,0.00,0.00,0.00,,0.00,0.00,0.00,0.00,,,,0.00,0.00,0.00,0.00,0.00,0.00,0.00,0.00,0.00,0.00
Myanmar,MMR,20200125,0.00,,0.00,,0.00,,0.00,,0.00,,0.00,,0.00,,0.00,0.00,,0.00,0.00,0.00,0.00,,0.00,0.00,0.00,0.00,,,,0.00,0.00,0.00,0.00,0.00,0.00,0.00,0.00,0.00,0.00
Myanmar,MMR,20200126,0.00,,0.00,,0.00,,0.00,,0.00,,0.00,,0.00,,0.00,0.00,,0.00,0.00,0.00,0.00,,0.00,0.00,0.00,0.00,,,,0.00,0.00,0.00,0.00,0.00,0.00,0.00,0.00,0.00,0.00
Myanmar,MMR,20200127,0.00,,0.00,,0.00,,0.00,,0.00,,0.00,,0.00,,0.00,0.00,,0.00,0.00,0.00,0.00,,0.00,0.00,0.00,0.00,,,,0.00,0.00,0.00,0.00,0.00,0.00,0.00,0.00,0.00,0.00
Myanmar,MMR,20200128,0.00,,0.00,,0.00,,0.00,,0.00,,0.00,,0.00,,0.00,0.00,,0.00,0.00,0.00,0.00,,0.00,0.00,0.00,0.00,,,,0.00,0.00,0.00,0.00,0.00,0.00,0.00,0.00,0.00,0.00
Myanmar,MMR,20200129,0.00,,0.00,,0.00,,0.00,,0.00,,0.00,,0.00,,0.00,0.00,,0.00,0.00,0.00,0.00,,0.00,0.00,0.00,0.00,,,,0.00,0.00,0.00,0.00,0.00,0.00,0.00,0.00,0.00,0.00
Myanmar,MMR,20200130,0.00,,0.00,,0.00,,0.00,,0.00,,0.00,,0.00,,0.00,0.00,,0.00,0.00,0.00,0.00,,0.00,0.00,0.00,0.00,,,,0.00,0.00,0.00,0.00,0.00,0.00,0.00,0.00,0.00,0.00
Myanmar,MMR,20200131,0.00,,0.00,,0.00,,0.00,,0.00,,0.00,,0.00,,0.00,0.00,,0.00,0.00,0.00,0.00,,0.00,0.00,0.00,0.00,,,,0.00,0.00,0.00,0.00,0.00,0.00,0.00,0.00,0.00,0.00
Myanmar,MMR,20200201,0.00,,0.00,,0.00,,0.00,,0.00,,0.00,,0.00,,1.00,0.00,,0.00,0.00,0.00,0.00,,0.00,0.00,0.00,0.00,,,,2.78,2.78,3.57,3.57,1.92,1.92,2.27,2.27,0.00,0.00
Myanmar,MMR,20200202,0.00,,0.00,,0.00,,0.00,,0.00,,0.00,,0.00,,1.00,0.00,,0.00,0.00,0.00,0.00,,0.00,0.00,0.00,0.00,,,,2.78,2.78,3.57,3.57,1.92,1.92,2.27,2.27,0.00,0.00
Myanmar,MMR,20200203,0.00,,0.00,,0.00,,0.00,,0.00,,0.00,,0.00,,1.00,0.00,,0.00,0.00,0.00,0.00,,0.00,0.00,0.00,0.00,,,,2.78,2.78,3.57,3.57,1.92,1.92,2.27,2.27,0.00,0.00
Myanmar,MMR,20200204,0.00,,0.00,,0.00,,0.00,,0.00,,0.00,,0.00,,1.00,0.00,,0.00,0.00,0.00,0.00,,0.00,0.00,0.00,0.00,,,,2.78,2.78,3.57,3.57,1.92,1.92,2.27,2.27,0.00,0.00
Myanmar,MMR,20200205,0.00,,0.00,,0.00,,0.00,,0.00,,0.00,,0.00,,1.00,0.00,,0.00,0.00,0.00,0.00,,0.00,0.00,0.00,0.00,,,,2.78,2.78,3.57,3.57,1.92,1.92,2.27,2.27,0.00,0.00
Myanmar,MMR,20200206,0.00,,0.00,,0.00,,0.00,,0.00,,0.00,,0.00,,1.00,0.00,,0.00,0.00,0.00,0.00,,0.00,0.00,0.00,0.00,,,,2.78,2.78,3.57,3.57,1.92,1.92,2.27,2.27,0.00,0.00
Myanmar,MMR,20200207,0.00,,0.00,,0.00,,0.00,,0.00,,0.00,,0.00,,1.00,0.00,,0.00,0.00,0.00,0.00,,0.00,0.00,0.00,0.00,,,,2.78,2.78,3.57,3.57,1.92,1.92,2.27,2.27,0.00,0.00
Myanmar,MMR,20200208,0.00,,0.00,,0.00,,0.00,,0.00,,0.00,,0.00,,1.00,0.00,,0.00,0.00,0.00,0.00,,0.00,0.00,0.00,0.00,,,,2.78,2.78,3.57,3.57,1.92,1.92,2.27,2.27,0.00,0.00
Myanmar,MMR,20200209,0.00,,0.00,,0.00,,0.00,,0.00,,0.00,,0.00,,1.00,0.00,,0.00,0.00,0.00,0.00,,0.00,0.00,0.00,0.00,,,,2.78,2.78,3.57,3.57,1.92,1.92,2.27,2.27,0.00,0.00
Myanmar,MMR,20200210,0.00,,0.00,,0.00,,0.00,,0.00,,0.00,,0.00,,1.00,0.00,,0.00,0.00,0.00,0.00,,0.00,0.00,0.00,0.00,,,,2.78,2.78,3.57,3.57,1.92,1.92,2.27,2.27,0.00,0.00
Myanmar,MMR,20200211,0.00,,0.00,,0.00,,0.00,,0.00,,0.00,,0.00,,1.00,0.00,,0.00,0.00,0.00,0.00,,0.00,0.00,206000.00,0.00,,,,2.78,2.78,3.57,3.57,1.92,1.92,2.27,2.27,0.00,0.00
Myanmar,MMR,20200212,0.00,,0.00,,0.00,,0.00,,0.00,,0.00,,0.00,,1.00,0.00,,0.00,0.00,0.00,0.00,,0.00,0.00,0.00,0.00,,,,2.78,2.78,3.57,3.57,1.92,1.92,2.27,2.27,0.00,0.00
Myanmar,MMR,20200213,0.00,,0.00,,0.00,,0.00,,0.00,,0.00,,0.00,,1.00,0.00,,0.00,0.00,0.00,0.00,,0.00,0.00,0.00,0.00,,,,2.78,2.78,3.57,3.57,1.92,1.92,2.27,2.27,0.00,0.00
Myanmar,MMR,20200214,0.00,,0.00,,0.00,,0.00,,0.00,,0.00,,0.00,,1.00,0.00,,0.00,0.00,0.00,0.00,,0.00,0.00,0.00,0.00,,,,2.78,2.78,3.57,3.57,1.92,1.92,2.27,2.27,0.00,0.00
Myanmar,MMR,20200215,0.00,,0.00,,0.00,,0.00,,0.00,,0.00,,0.00,,1.00,0.00,,0.00,0.00,0.00,0.00,,0.00,0.00,0.00,0.00,,,,2.78,2.78,3.57,3.57,1.92,1.92,2.27,2.27,0.00,0.00
Myanmar,MMR,20200216,0.00,,0.00,,0.00,,0.00,,0.00,,0.00,,0.00,,1.00,0.00,,0.00,0.00,0.00,0.00,,0.00,0.00,0.00,0.00,,,,2.78,2.78,3.57,3.57,1.92,1.92,2.27,2.27,0.00,0.00
Myanmar,MMR,20200217,0.00,,0.00,,0.00,,0.00,,0.00,,0.00,,0.00,,1.00,0.00,,0.00,0.00,0.00,0.00,,0.00,0.00,0.00,0.00,,,,2.78,2.78,3.57,3.57,1.92,1.92,2.27,2.27,0.00,0.00
Myanmar,MMR,20200218,0.00,,0.00,,0.00,,0.00,,0.00,,0.00,,0.00,,1.00,0.00,,0.00,0.00,0.00,0.00,,0.00,0.00,0.00,0.00,,,,2.78,2.78,3.57,3.57,1.92,1.92,2.27,2.27,0.00,0.00
Myanmar,MMR,20200219,0.00,,0.00,,0.00,,0.00,,0.00,,0.00,,0.00,,1.00,0.00,,0.00,0.00,0.00,0.00,,0.00,0.00,0.00,0.00,,,,2.78,2.78,3.57,3.57,1.92,1.92,2.27,2.27,0.00,0.00
Myanmar,MMR,20200220,0.00,,0.00,,0.00,,0.00,,0.00,,0.00,,0.00,,1.00,0.00,,0.00,0.00,0.00,0.00,,0.00,0.00,0.00,0.00,,,,2.78,2.78,3.57,3.57,1.92,1.92,2.27,2.27,0.00,0.00
Myanmar,MMR,20200221,0.00,,0.00,,0.00,,0.00,,0.00,,0.00,,0.00,,1.00,0.00,,0.00,0.00,0.00,0.00,,0.00,0.00,0.00,0.00,,,,2.78,2.78,3.57,3.57,1.92,1.92,2.27,2.27,0.00,0.00
Myanmar,MMR,20200222,0.00,,0.00,,0.00,,0.00,,0.00,,0.00,,0.00,,1.00,0.00,,0.00,0.00,0.00,0.00,,0.00,0.00,0.00,0.00,,,,2.78,2.78,3.57,3.57,1.92,1.92,2.27,2.27,0.00,0.00
Myanmar,MMR,20200223,0.00,,0.00,,0.00,,0.00,,0.00,,0.00,,0.00,,1.00,0.00,,0.00,0.00,0.00,0.00,,0.00,0.00,0.00,0.00,,,,2.78,2.78,3.57,3.57,1.92,1.92,2.27,2.27,0.00,0.00
Myanmar,MMR,20200224,0.00,,0.00,,0.00,,0.00,,0.00,,0.00,,0.00,,1.00,0.00,,0.00,0.00,0.00,0.00,,0.00,0.00,0.00,0.00,,,,2.78,2.78,3.57,3.57,1.92,1.92,2.27,2.27,0.00,0.00
Myanmar,MMR,20200225,0.00,,0.00,,0.00,,0.00,,0.00,,0.00,,0.00,,1.00,0.00,,0.00,0.00,0.00,0.00,,0.00,0.00,0.00,0.00,,,,2.78,2.78,3.57,3.57,1.92,1.92,2.27,2.27,0.00,0.00
Myanmar,MMR,20200226,0.00,,0.00,,0.00,,0.00,,0.00,,0.00,,0.00,,1.00,0.00,,0.00,0.00,0.00,0.00,,0.00,0.00,0.00,0.00,,,,2.78,2.78,3.57,3.57,1.92,1.92,2.27,2.27,0.00,0.00
Myanmar,MMR,20200227,0.00,,0.00,,0.00,,0.00,,0.00,,0.00,,0.00,,1.00,0.00,,0.00,0.00,0.00,0.00,,0.00,0.00,0.00,0.00,,,,2.78,2.78,3.57,3.57,1.92,1.92,2.27,2.27,0.00,0.00
Myanmar,MMR,20200228,0.00,,0.00,,0.00,,0.00,,0.00,,0.00,,0.00,,1.00,0.00,,0.00,0.00,0.00,0.00,,0.00,0.00,0.00,0.00,,,,2.78,2.78,3.57,3.57,1.92,1.92,2.27,2.27,0.00,0.00
Myanmar,MMR,20200229,0.00,,0.00,,0.00,,0.00,,0.00,,0.00,,0.00,,1.00,0.00,,0.00,0.00,0.00,0.00,,0.00,0.00,0.00,0.00,,,,2.78,2.78,3.57,3.57,1.92,1.92,2.27,2.27,0.00,0.00
Myanmar,MMR,20200301,0.00,,0.00,,0.00,,0.00,,0.00,,0.00,,0.00,,1.00,0.00,,0.00,0.00,0.00,0.00,,0.00,0.00,0.00,0.00,,,,2.78,2.78,3.57,3.57,1.92,1.92,2.27,2.27,0.00,0.00
Myanmar,MMR,20200302,0.00,,0.00,,0.00,,0.00,,0.00,,0.00,,0.00,,1.00,0.00,,0.00,0.00,0.00,0.00,,0.00,0.00,0.00,0.00,,,,2.78,2.78,3.57,3.57,1.92,1.92,2.27,2.27,0.00,0.00
Myanmar,MMR,20200303,0.00,,0.00,,0.00,,0.00,,0.00,,0.00,,0.00,,1.00,0.00,,0.00,0.00,0.00,0.00,,0.00,0.00,0.00,0.00,,,,2.78,2.78,3.57,3.57,1.92,1.92,2.27,2.27,0.00,0.00
Myanmar,MMR,20200304,0.00,,0.00,,0.00,,0.00,,0.00,,0.00,,0.00,,1.00,0.00,,0.00,0.00,0.00,0.00,,0.00,0.00,0.00,0.00,,,,2.78,2.78,3.57,3.57,1.92,1.92,2.27,2.27,0.00,0.00
Myanmar,MMR,20200305,0.00,,0.00,,0.00,,0.00,,0.00,,0.00,,0.00,,1.00,0.00,,0.00,0.00,0.00,0.00,,0.00,0.00,0.00,0.00,,,,2.78,2.78,3.57,3.57,1.92,1.92,2.27,2.27,0.00,0.00
Myanmar,MMR,20200306,0.00,,0.00,,0.00,,0.00,,0.00,,0.00,,0.00,,1.00,0.00,,0.00,0.00,0.00,0.00,,0.00,0.00,0.00,0.00,,,,2.78,2.78,3.57,3.57,1.92,1.92,2.27,2.27,0.00,0.00
Myanmar,MMR,20200307,0.00,,0.00,,0.00,,0.00,,0.00,,0.00,,0.00,,1.00,0.00,,0.00,0.00,0.00,0.00,,0.00,0.00,0.00,0.00,,,,2.78,2.78,3.57,3.57,1.92,1.92,2.27,2.27,0.00,0.00
Myanmar,MMR,20200308,0.00,,0.00,,0.00,,0.00,,0.00,,0.00,,0.00,,1.00,0.00,,0.00,0.00,0.00,0.00,,0.00,0.00,0.00,0.00,,,,2.78,2.78,3.57,3.57,1.92,1.92,2.27,2.27,0.00,0.00
Myanmar,MMR,20200309,0.00,,0.00,,0.00,,0.00,,0.00,,0.00,,0.00,,1.00,0.00,,0.00,0.00,0.00,2.00,1,0.00,0.00,0.00,0.00,,,,13.89,13.89,17.86,17.86,9.62,9.62,11.36,11.36,0.00,0.00
Myanmar,MMR,20200310,0.00,,0.00,,0.00,,0.00,,0.00,,0.00,,0.00,,1.00,0.00,,0.00,0.00,0.00,2.00,1,0.00,0.00,0.00,0.00,,,,13.89,13.89,17.86,17.86,9.62,9.62,11.36,11.36,0.00,0.00
Myanmar,MMR,20200311,0.00,,0.00,,0.00,,0.00,,0.00,,0.00,,0.00,,1.00,0.00,,0.00,0.00,0.00,2.00,1,0.00,0.00,0.00,0.00,,,,13.89,13.89,17.86,17.86,9.62,9.62,11.36,11.36,0.00,0.00
Myanmar,MMR,20200312,0.00,,0.00,,0.00,,0.00,,0.00,,0.00,,0.00,,1.00,0.00,,0.00,0.00,0.00,2.00,1,0.00,0.00,0.00,0.00,,,,13.89,13.89,17.86,17.86,9.62,9.62,11.36,11.36,0.00,0.00
Myanmar,MMR,20200313,0.00,,0.00,,2.00,1,3.00,1,0.00,,0.00,,0.00,,1.00,0.00,,0.00,0.00,0.00,2.00,1,0.00,0.00,0.00,0.00,,,,33.33,33.33,32.14,32.14,23.08,23.08,27.27,27.27,0.00,0.00
Myanmar,MMR,20200314,0.00,,0.00,,2.00,1,3.00,1,0.00,,0.00,,0.00,,1.00,0.00,,0.00,0.00,0.00,2.00,1,0.00,0.00,0.00,0.00,,,,33.33,33.33,32.14,32.14,23.08,23.08,27.27,27.27,0.00,0.00
Myanmar,MMR,20200315,0.00,,0.00,,2.00,1,3.00,1,0.00,,0.00,,0.00,,2.00,0.00,,0.00,0.00,0.00,2.00,1,0.00,0.00,0.00,0.00,,,,36.11,36.11,35.71,35.71,25.00,25.00,29.55,29.55,0.00,0.00
Myanmar,MMR,20200316,2.00,1,0.00,,2.00,1,3.00,1,0.00,,0.00,,0.00,,2.00,0.00,,0.00,0.00,0.00,2.00,1,0.00,0.00,0.00,0.00,,,,43.52,43.52,46.43,46.43,30.13,30.13,35.61,35.61,0.00,0.00
Myanmar,MMR,20200317,2.00,1,0.00,,2.00,1,3.00,1,0.00,,0.00,,0.00,,2.00,0.00,,0.00,0.00,0.00,2.00,1,0.00,0.00,0.00,0.00,,0,0,43.52,43.52,46.43,46.43,30.13,30.13,35.61,35.61,0.00,0.00
Myanmar,MMR,20200318,2.00,1,0.00,,2.00,1,3.00,1,0.00,,0.00,,0.00,,2.00,0.00,,0.00,69985373.00,0.00,2.00,1,0.00,0.00,0.00,0.00,,,,43.52,43.52,46.43,46.43,30.13,30.13,35.61,35.61,0.00,0.00
Myanmar,MMR,20200319,2.00,1,0.00,,2.00,1,3.00,1,0.00,,0.00,,0.00,,2.00,0.00,,0.00,0.00,0.00,2.00,1,0.00,0.00,0.00,0.00,,,,43.52,43.52,46.43,46.43,30.13,30.13,35.61,35.61,0.00,0.00
Myanmar,MMR,20200320,2.00,1,0.00,,2.00,1,3.00,1,0.00,,0.00,,0.00,,2.00,0.00,,0.00,0.00,0.00,2.00,1,2.00,0.00,0.00,0.00,,,,43.52,43.52,46.43,46.43,35.26,35.26,41.67,41.67,0.00,0.00
Myanmar,MMR,20200321,2.00,1,0.00,,2.00,1,3.00,1,0.00,,0.00,,0.00,,2.00,0.00,,0.00,0.00,0.00,2.00,1,2.00,0.00,0.00,0.00,,,,43.52,43.52,46.43,46.43,35.26,35.26,41.67,41.67,0.00,0.00
Myanmar,MMR,20200322,2.00,1,0.00,,2.00,1,3.00,1,0.00,,0.00,,0.00,,2.00,0.00,,0.00,0.00,0.00,2.00,1,2.00,0.00,0.00,0.00,,,,43.52,43.52,46.43,46.43,35.26,35.26,41.67,41.67,0.00,0.00
Myanmar,MMR,20200323,2.00,1,0.00,,2.00,1,3.00,1,0.00,,0.00,,0.00,,2.00,0.00,,0.00,0.00,0.00,2.00,1,2.00,0.00,0.00,0.00,,,,43.52,43.52,46.43,46.43,35.26,35.26,41.67,41.67,0.00,0.00
Myanmar,MMR,20200324,3.00,1,0.00,,2.00,1,3.00,1,0.00,,0.00,,0.00,,2.00,0.00,,0.00,0.00,0.00,2.00,1,2.00,1.00,0.00,0.00,,2,0,47.22,47.22,50.00,50.00,41.67,41.67,49.24,49.24,0.00,0.00
Myanmar,MMR,20200325,3.00,1,0.00,,2.00,1,3.00,1,0.00,,0.00,,0.00,,2.00,0.00,,0.00,0.00,0.00,2.00,1,2.00,1.00,0.00,0.00,,3,0,47.22,47.22,50.00,50.00,41.67,41.67,49.24,49.24,0.00,0.00
Myanmar,MMR,20200326,3.00,1,2.00,1,2.00,1,3.00,1,0.00,,0.00,,0.00,,2.00,0.00,,0.00,0.00,0.00,2.00,1,2.00,1.00,0.00,0.00,,3,0,54.63,54.63,60.71,60.71,46.79,46.79,55.30,55.30,0.00,0.00
Myanmar,MMR,20200327,3.00,1,2.00,1,2.00,1,3.00,1,0.00,,0.00,,0.00,,2.00,0.00,,0.00,0.00,0.00,2.00,1,2.00,1.00,0.00,0.00,,5,0,54.63,54.63,60.71,60.71,46.79,46.79,55.30,55.30,0.00,0.00
Myanmar,MMR,20200328,3.00,1,2.00,1,2.00,1,3.00,1,0.00,,0.00,,0.00,,2.00,0.00,,0.00,0.00,0.00,2.00,1,2.00,1.00,0.00,0.00,,5,0,54.63,54.63,60.71,60.71,46.79,46.79,55.30,55.30,0.00,0.00
Myanmar,MMR,20200329,3.00,1,2.00,1,2.00,1,3.00,1,0.00,,0.00,,0.00,,2.00,0.00,,0.00,0.00,0.00,2.00,1,2.00,1.00,0.00,0.00,,8,0,54.63,54.63,60.71,60.71,46.79,46.79,55.30,55.30,0.00,0.00
Myanmar,MMR,20200330,3.00,1,2.00,1,2.00,1,3.00,1,0.00,,0.00,,0.00,,3.00,0.00,,0.00,0.00,0.00,2.00,1,2.00,1.00,0.00,0.00,,8,0,57.41,57.41,64.29,64.29,48.72,48.72,57.58,57.58,0.00,0.00
Myanmar,MMR,20200331,3.00,1,2.00,1,2.00,1,3.00,1,0.00,,0.00,,0.00,,3.00,0.00,,0.00,0.00,0.00,2.00,1,2.00,1.00,0.00,0.00,,14,0,57.41,57.41,64.29,64.29,48.72,48.72,57.58,57.58,0.00,0.00
Myanmar,MMR,20200401,3.00,1,2.00,1,2.00,1,3.00,1,0.00,,0.00,,2.00,0,3.00,0.00,,0.00,0.00,0.00,2.00,1,2.00,1.00,0.00,0.00,,15,1,65.74,65.74,73.81,73.81,54.49,54.49,64.39,64.39,0.00,0.00
Myanmar,MMR,20200402,3.00,1,2.00,1,2.00,1,3.00,1,0.00,,0.00,,2.00,0,3.00,0.00,,0.00,0.00,0.00,2.00,1,2.00,1.00,0.00,0.00,,16,1,65.74,65.74,73.81,73.81,54.49,54.49,64.39,64.39,0.00,0.00
Myanmar,MMR,20200403,3.00,1,2.00,1,2.00,1,3.00,1,0.00,,0.00,,2.00,0,3.00,0.00,,0.00,0.00,0.00,2.00,1,2.00,1.00,0.00,0.00,,20,1,65.74,65.74,73.81,73.81,54.49,54.49,64.39,64.39,0.00,0.00
Myanmar,MMR,20200404,3.00,1,2.00,1,2.00,1,3.00,1,0.00,,1.00,1,2.00,0,3.00,0.00,,0.00,0.00,0.00,2.00,1,2.00,1.00,0.00,0.00,,20,1,69.44,69.44,73.81,73.81,57.05,57.05,67.42,67.42,0.00,0.00
Myanmar,MMR,20200405,3.00,1,2.00,1,2.00,1,3.00,1,0.00,,1.00,1,2.00,0,3.00,0.00,,0.00,0.00,0.00,2.00,1,2.00,1.00,0.00,0.00,,21,1,69.44,69.44,73.81,73.81,57.05,57.05,67.42,67.42,0.00,0.00
Myanmar,MMR,20200406,3.00,1,2.00,1,2.00,1,3.00,1,0.00,,1.00,1,2.00,0,3.00,0.00,,0.00,0.00,0.00,2.00,1,2.00,1.00,0.00,0.00,,21,1,69.44,69.44,73.81,73.81,57.05,57.05,67.42,67.42,0.00,0.00
Myanmar,MMR,20200407,3.00,1,2.00,1,2.00,1,3.00,1,2.00,0,1.00,1,2.00,0,3.00,0.00,,0.00,0.00,0.00,2.00,1,2.00,1.00,0.00,0.00,,22,1,77.78,77.78,83.33,83.33,62.82,62.82,74.24,74.24,0.00,0.00
Myanmar,MMR,20200408,3.00,1,2.00,1,2.00,1,3.00,1,2.00,0,1.00,1,2.00,0,3.00,0.00,,0.00,0.00,0.00,2.00,1,2.00,1.00,0.00,0.00,,22,1,77.78,77.78,83.33,83.33,62.82,62.82,74.24,74.24,0.00,0.00
Myanmar,MMR,20200409,3.00,1,2.00,1,2.00,1,3.00,1,2.00,0,1.00,1,2.00,0,3.00,0.00,,0.00,0.00,0.00,2.00,1,2.00,1.00,0.00,0.00,,22,3,77.78,77.78,83.33,83.33,62.82,62.82,74.24,74.24,0.00,0.00
Myanmar,MMR,20200410,3.00,1,3.00,0,2.00,1,3.00,1,2.00,0,1.00,1,2.00,0,3.00,0.00,,0.00,0.00,0.00,2.00,1,2.00,1.00,0.00,0.00,,27,3,79.63,79.63,83.33,83.33,64.10,64.10,75.76,75.76,0.00,0.00
Myanmar,MMR,20200411,3.00,1,3.00,0,2.00,1,3.00,1,2.00,0,1.00,1,2.00,0,3.00,0.00,,0.00,0.00,0.00,2.00,1,2.00,1.00,0.00,0.00,,28,3,79.63,79.63,83.33,83.33,64.10,64.10,75.76,75.76,0.00,0.00
Myanmar,MMR,20200412,3.00,1,3.00,1,2.00,1,3.00,1,2.00,0,1.00,1,2.00,0,3.00,0.00,,0.00,0.00,0.00,2.00,1,2.00,1.00,0.00,0.00,,31,3,81.48,81.48,86.90,86.90,65.38,65.38,77.27,77.27,0.00,0.00
Myanmar,MMR,20200413,3.00,1,3.00,1,2.00,1,3.00,1,2.00,0,1.00,1,2.00,0,3.00,0.00,,0.00,0.00,0.00,2.00,1,2.00,1.00,0.00,0.00,,41,4,81.48,81.48,86.90,86.90,65.38,65.38,77.27,77.27,0.00,0.00
Myanmar,MMR,20200414,3.00,1,3.00,1,2.00,1,3.00,1,2.00,0,2.00,0,2.00,0,3.00,0.00,,0.00,0.00,0.00,2.00,1,2.00,1.00,0.00,0.00,,62,4,83.33,83.33,86.90,86.90,66.67,66.67,78.79,78.79,0.00,0.00
Myanmar,MMR,20200415,3.00,1,3.00,1,2.00,1,3.00,1,2.00,0,2.00,0,2.00,0,3.00,0.00,,0.00,0.00,0.00,2.00,1,2.00,1.00,0.00,0.00,,74,4,83.33,83.33,86.90,86.90,66.67,66.67,78.79,78.79,0.00,0.00
Myanmar,MMR,20200416,3.00,1,3.00,1,2.00,1,3.00,1,2.00,0,2.00,0,2.00,0,3.00,0.00,,0.00,0.00,0.00,2.00,1,2.00,1.00,0.00,0.00,,74,4,83.33,83.33,86.90,86.90,66.67,66.67,78.79,78.79,0.00,0.00
Myanmar,MMR,20200417,3.00,1,3.00,1,2.00,1,4.00,1,2.00,0,2.00,0,2.00,0,3.00,0.00,,0.00,0.00,0.00,2.00,1,2.00,1.00,0.00,0.00,,85,4,86.11,86.11,86.90,86.90,68.59,68.59,81.06,81.06,0.00,0.00
Myanmar,MMR,20200418,3.00,1,3.00,1,2.00,1,4.00,1,2.00,0,2.00,0,2.00,0,3.00,0.00,,0.00,0.00,0.00,2.00,1,2.00,1.00,0.00,0.00,,94,5,86.11,86.11,86.90,86.90,68.59,68.59,81.06,81.06,0.00,0.00
Myanmar,MMR,20200419,3.00,1,3.00,1,2.00,1,4.00,1,2.00,0,2.00,0,2.00,0,3.00,0.00,,0.00,0.00,0.00,2.00,1,2.00,1.00,0.00,0.00,,107,5,86.11,86.11,86.90,86.90,68.59,68.59,81.06,81.06,0.00,0.00
Myanmar,MMR,20200420,3.00,1,3.00,1,2.00,1,4.00,1,2.00,0,2.00,0,2.00,0,3.00,0.00,,0.00,0.00,0.00,2.00,1,2.00,1.00,50000000.00,0.00,,111,5,86.11,86.11,86.90,86.90,68.59,68.59,81.06,81.06,0.00,0.00
Myanmar,MMR,20200421,3.00,1,3.00,1,2.00,1,4.00,1,2.00,0,2.00,0,2.00,0,3.00,0.00,,0.00,0.00,0.00,2.00,1,2.00,1.00,0.00,0.00,,119,5,86.11,86.11,86.90,86.90,68.59,68.59,81.06,81.06,0.00,0.00
Myanmar,MMR,20200422,3.00,1,3.00,1,2.00,1,4.00,1,2.00,0,2.00,0,2.00,0,3.00,0.00,,0.00,0.00,0.00,2.00,1,2.00,1.00,0.00,0.00,,121,5,86.11,86.11,86.90,86.90,68.59,68.59,81.06,81.06,0.00,0.00
Myanmar,MMR,20200423,3.00,1,3.00,1,2.00,1,4.00,1,2.00,0,2.00,0,2.00,0,3.00,0.00,,0.00,0.00,0.00,2.00,1,2.00,1.00,0.00,0.00,,127,5,86.11,86.11,86.90,86.90,68.59,68.59,81.06,81.06,0.00,0.00
Myanmar,MMR,20200424,3.00,1,3.00,1,2.00,1,4.00,1,2.00,0,2.00,0,2.00,0,3.00,0.00,,0.00,0.00,0.00,2.00,1,2.00,1.00,0.00,0.00,,132,5,86.11,86.11,86.90,86.90,68.59,68.59,81.06,81.06,0.00,0.00
Myanmar,MMR,20200425,3.00,1,3.00,1,2.00,1,4.00,1,2.00,0,2.00,0,2.00,0,3.00,0.00,,0.00,0.00,0.00,2.00,1,2.00,1.00,0.00,0.00,,144,5,86.11,86.11,86.90,86.90,68.59,68.59,81.06,81.06,0.00,0.00
Myanmar,MMR,20200426,3.00,1,3.00,1,2.00,1,4.00,1,2.00,0,2.00,0,2.00,0,3.00,0.00,,0.00,0.00,0.00,2.00,1,2.00,1.00,0.00,0.00,,146,5,86.11,86.11,86.90,86.90,68.59,68.59,81.06,81.06,0.00,0.00
Myanmar,MMR,20200427,3.00,1,3.00,1,2.00,1,4.00,1,2.00,0,2.00,0,2.00,0,3.00,0.00,,0.00,0.00,0.00,2.00,1,2.00,1.00,0.00,0.00,,146,5,86.11,86.11,86.90,86.90,68.59,68.59,81.06,81.06,0.00,0.00
Myanmar,MMR,20200428,3.00,1,3.00,1,2.00,1,4.00,1,2.00,0,2.00,0,2.00,0,3.00,1.00,0,0.00,0.00,0.00,2.00,1,2.00,1.00,0.00,0.00,,146,5,86.11,86.11,86.90,86.90,70.51,70.51,81.06,81.06,12.50,12.50
Myanmar,MMR,20200429,3.00,1,3.00,1,2.00,1,4.00,1,2.00,0,2.00,0,2.00,0,3.00,1.00,0,0.00,0.00,0.00,2.00,1,2.00,1.00,0.00,0.00,,150,5,86.11,86.11,86.90,86.90,70.51,70.51,81.06,81.06,12.50,12.50
Myanmar,MMR,20200430,3.00,1,3.00,1,2.00,1,4.00,1,2.00,0,2.00,0,2.00,0,3.00,1.00,0,0.00,0.00,0.00,2.00,1,2.00,1.00,0.00,0.00,,150,6,86.11,86.11,86.90,86.90,70.51,70.51,81.06,81.06,12.50,12.50
Myanmar,MMR,20200501,3.00,1,3.00,1,2.00,1,4.00,1,2.00,0,2.00,0,2.00,0,3.00,1.00,0,0.00,0.00,0.00,2.00,1,2.00,1.00,0.00,0.00,,151,6,86.11,86.11,86.90,86.90,70.51,70.51,81.06,81.06,12.50,12.50
Myanmar,MMR,20200502,3.00,1,3.00,1,2.00,1,4.00,1,2.00,0,2.00,0,2.00,0,3.00,1.00,0,0.00,0.00,0.00,2.00,1,2.00,1.00,0.00,0.00,,151,6,86.11,86.11,86.90,86.90,70.51,70.51,81.06,81.06,12.50,12.50
Myanmar,MMR,20200503,3.00,1,3.00,0,2.00,1,4.00,1,2.00,0,2.00,0,2.00,0,3.00,1.00,0,0.00,0.00,0.00,2.00,1,2.00,1.00,0.00,0.00,,151,6,84.26,84.26,83.33,83.33,69.23,69.23,79.55,79.55,12.50,12.50
Myanmar,MMR,20200504,3.00,1,3.00,0,2.00,1,4.00,1,2.00,0,2.00,0,2.00,0,3.00,1.00,0,0.00,0.00,0.00,2.00,1,2.00,1.00,0.00,0.00,,155,6,84.26,84.26,83.33,83.33,69.23,69.23,79.55,79.55,12.50,12.50
Myanmar,MMR,20200505,3.00,1,3.00,0,2.00,1,4.00,1,2.00,0,2.00,0,2.00,0,3.00,1.00,0,0.00,0.00,0.00,2.00,1,2.00,1.00,0.00,0.00,,161,6,84.26,84.26,83.33,83.33,69.23,69.23,79.55,79.55,12.50,12.50
Myanmar,MMR,20200506,3.00,1,3.00,0,2.00,1,4.00,1,2.00,0,2.00,0,2.00,0,3.00,1.00,0,0.00,0.00,0.00,2.00,1,2.00,1.00,0.00,0.00,,161,6,84.26,84.26,83.33,83.33,69.23,69.23,79.55,79.55,12.50,12.50
Myanmar,MMR,20200507,3.00,1,3.00,0,2.00,1,4.00,1,2.00,0,2.00,0,2.00,0,3.00,1.00,0,0.00,0.00,0.00,2.00,1,2.00,1.00,0.00,0.00,,162,6,84.26,84.26,83.33,83.33,69.23,69.23,79.55,79.55,12.50,12.50
Myanmar,MMR,20200508,3.00,1,3.00,0,2.00,1,4.00,1,2.00,0,2.00,0,2.00,0,3.00,1.00,0,0.00,0.00,0.00,2.00,1,2.00,1.00,0.00,0.00,,176,6,84.26,84.26,83.33,83.33,69.23,69.23,79.55,79.55,12.50,12.50
Myanmar,MMR,20200509,3.00,1,3.00,0,2.00,1,4.00,1,2.00,0,2.00,0,2.00,0,3.00,1.00,0,0.00,0.00,0.00,2.00,1,2.00,1.00,0.00,0.00,,177,6,84.26,84.26,83.33,83.33,69.23,69.23,79.55,79.55,12.50,12.50
Myanmar,MMR,20200510,3.00,1,3.00,0,2.00,1,4.00,1,2.00,0,2.00,0,2.00,0,3.00,1.00,0,0.00,0.00,0.00,2.00,1,2.00,1.00,0.00,0.00,,178,6,84.26,84.26,83.33,83.33,69.23,69.23,79.55,79.55,12.50,12.50
Myanmar,MMR,20200511,3.00,1,3.00,0,2.00,1,4.00,1,2.00,0,2.00,0,2.00,0,3.00,1.00,0,0.00,0.00,0.00,2.00,1,2.00,1.00,0.00,0.00,,180,6,84.26,84.26,83.33,83.33,69.23,69.23,79.55,79.55,12.50,12.50
Myanmar,MMR,20200512,3.00,1,3.00,0,2.00,1,4.00,1,2.00,0,2.00,0,2.00,0,3.00,1.00,0,0.00,0.00,0.00,2.00,1,2.00,1.00,0.00,0.00,,180,6,84.26,84.26,83.33,83.33,69.23,69.23,79.55,79.55,12.50,12.50
Myanmar,MMR,20200513,3.00,1,3.00,0,2.00,1,4.00,1,2.00,0,2.00,0,2.00,0,3.00,1.00,0,0.00,0.00,0.00,2.00,1,2.00,1.00,0.00,0.00,,180,6,84.26,84.26,83.33,83.33,69.23,69.23,79.55,79.55,12.50,12.50
Myanmar,MMR,20200514,3.00,1,2.00,0,2.00,1,4.00,1,2.00,0,2.00,0,2.00,0,3.00,1.00,0,0.00,0.00,0.00,2.00,1,2.00,1.00,0.00,0.00,,181,6,80.56,80.56,79.76,79.76,66.67,66.67,76.52,76.52,12.50,12.50
Myanmar,MMR,20200515,3.00,1,2.00,0,2.00,1,4.00,1,2.00,0,2.00,0,2.00,0,3.00,1.00,0,0.00,0.00,0.00,2.00,1,2.00,1.00,0.00,0.00,,181,6,80.56,80.56,79.76,79.76,66.67,66.67,76.52,76.52,12.50,12.50
Myanmar,MMR,20200516,3.00,1,2.00,0,2.00,1,4.00,1,2.00,0,2.00,0,2.00,0,3.00,0.00,,0.00,0.00,0.00,2.00,1,2.00,1.00,0.00,0.00,,182,6,80.56,80.56,79.76,79.76,64.74,64.74,76.52,76.52,0.00,0.00
Myanmar,MMR,20200517,3.00,1,2.00,0,2.00,1,4.00,1,2.00,0,2.00,0,2.00,0,3.00,0.00,,0.00,0.00,0.00,2.00,1,2.00,1.00,0.00,0.00,,182,6,80.56,80.56,79.76,79.76,64.74,64.74,76.52,76.52,0.00,0.00
Myanmar,MMR,20200518,3.00,1,2.00,0,2.00,1,4.00,1,2.00,0,2.00,0,2.00,0,3.00,0.00,,0.00,0.00,0.00,2.00,1,2.00,1.00,0.00,0.00,,187,6,80.56,80.56,79.76,79.76,64.74,64.74,76.52,76.52,0.00,0.00
Myanmar,MMR,20200519,3.00,1,2.00,0,2.00,1,4.00,1,2.00,0,2.00,0,2.00,0,3.00,0.00,,0.00,0.00,0.00,2.00,1,2.00,1.00,0.00,0.00,,191,6,80.56,80.56,79.76,79.76,64.74,64.74,76.52,76.52,0.00,0.00
Myanmar,MMR,20200520,3.00,1,2.00,0,2.00,1,4.00,1,2.00,0,2.00,0,2.00,0,3.00,0.00,,0.00,0.00,0.00,2.00,1,2.00,1.00,0.00,0.00,,193,6,80.56,80.56,79.76,79.76,64.74,64.74,76.52,76.52,0.00,0.00
Myanmar,MMR,20200521,3.00,1,2.00,0,2.00,1,4.00,1,2.00,0,2.00,0,2.00,0,3.00,0.00,,0.00,0.00,0.00,2.00,1,2.00,1.00,0.00,0.00,,199,6,80.56,80.56,79.76,79.76,64.74,64.74,76.52,76.52,0.00,0.00
Myanmar,MMR,20200522,3.00,1,2.00,0,2.00,1,4.00,1,2.00,0,2.00,0,2.00,0,3.00,0.00,,0.00,0.00,0.00,2.00,1,2.00,1.00,0.00,0.00,,199,6,80.56,80.56,79.76,79.76,64.74,64.74,76.52,76.52,0.00,0.00
Myanmar,MMR,20200523,3.00,1,2.00,0,2.00,1,4.00,1,2.00,0,2.00,0,2.00,0,3.00,0.00,,0.00,0.00,0.00,2.00,1,2.00,1.00,0.00,0.00,,201,6,80.56,80.56,79.76,79.76,64.74,64.74,76.52,76.52,0.00,0.00
Myanmar,MMR,20200524,3.00,1,2.00,0,2.00,1,4.00,1,2.00,0,2.00,0,2.00,0,3.00,0.00,,0.00,0.00,0.00,2.00,1,2.00,1.00,0.00,0.00,,201,6,80.56,80.56,79.76,79.76,64.74,64.74,76.52,76.52,0.00,0.00
Myanmar,MMR,20200525,3.00,1,2.00,0,2.00,1,4.00,1,2.00,0,2.00,0,2.00,0,3.00,0.00,,0.00,0.00,0.00,2.00,1,2.00,1.00,0.00,0.00,,201,6,80.56,80.56,79.76,79.76,64.74,64.74,76.52,76.52,0.00,0.00
Myanmar,MMR,20200526,3.00,1,2.00,0,2.00,1,4.00,1,2.00,0,2.00,0,2.00,0,3.00,0.00,,0.00,0.00,0.00,2.00,1,2.00,1.00,0.00,0.00,,203,6,80.56,80.56,79.76,79.76,64.74,64.74,76.52,76.52,0.00,0.00
Myanmar,MMR,20200527,3.00,1,2.00,0,2.00,1,4.00,1,2.00,0,2.00,0,2.00,0,3.00,0.00,,0.00,9000000.00,0.00,2.00,1,2.00,1.00,0.00,0.00,,206,6,80.56,80.56,79.76,79.76,64.74,64.74,76.52,76.52,0.00,0.00
Myanmar,MMR,20200528,3.00,1,2.00,0,2.00,1,4.00,1,2.00,0,2.00,0,2.00,0,3.00,0.00,,0.00,0.00,0.00,2.00,1,2.00,1.00,0.00,0.00,,206,6,80.56,80.56,79.76,79.76,64.74,64.74,76.52,76.52,0.00,0.00
Myanmar,MMR,20200529,3.00,1,2.00,0,2.00,1,4.00,1,2.00,0,2.00,0,2.00,0,3.00,0.00,,0.00,0.00,0.00,2.00,1,2.00,1.00,0.00,0.00,,206,6,80.56,80.56,79.76,79.76,64.74,64.74,76.52,76.52,0.00,0.00
Myanmar,MMR,20200530,3.00,1,2.00,0,2.00,1,4.00,1,2.00,0,2.00,0,2.00,0,3.00,0.00,,0.00,0.00,0.00,2.00,1,2.00,1.00,0.00,0.00,,224,6,80.56,80.56,79.76,79.76,64.74,64.74,76.52,76.52,0.00,0.00
Myanmar,MMR,20200531,3.00,1,2.00,0,2.00,1,4.00,1,2.00,0,2.00,0,2.00,0,3.00,0.00,,0.00,0.00,0.00,2.00,1,2.00,1.00,0.00,0.00,,224,6,80.56,80.56,79.76,79.76,64.74,64.74,76.52,76.52,0.00,0.00
Myanmar,MMR,20200601,3.00,1,2.00,0,2.00,1,4.00,1,2.00,0,2.00,0,2.00,0,3.00,0.00,,0.00,0.00,0.00,2.00,1,2.00,1.00,0.00,0.00,,228,6,80.56,80.56,79.76,79.76,64.74,64.74,76.52,76.52,0.00,0.00
Myanmar,MMR,20200602,3.00,1,2.00,0,2.00,1,4.00,1,2.00,0,2.00,0,2.00,0,3.00,0.00,,0.00,0.00,0.00,2.00,1,2.00,1.00,0.00,0.00,,228,6,80.56,80.56,79.76,79.76,64.74,64.74,76.52,76.52,0.00,0.00
Myanmar,MMR,20200603,3.00,1,2.00,0,2.00,1,4.00,1,2.00,0,2.00,0,2.00,0,3.00,0.00,,0.00,0.00,0.00,2.00,1,2.00,1.00,0.00,0.00,,233,6,80.56,80.56,79.76,79.76,64.74,64.74,76.52,76.52,0.00,0.00
Myanmar,MMR,20200604,3.00,1,2.00,0,2.00,1,4.00,1,2.00,0,2.00,0,2.00,0,3.00,0.00,,0.00,0.00,0.00,2.00,1,2.00,1.00,0.00,0.00,,234,6,80.56,80.56,79.76,79.76,64.74,64.74,76.52,76.52,0.00,0.00
Myanmar,MMR,20200605,3.00,1,2.00,0,2.00,1,4.00,1,2.00,0,2.00,0,2.00,0,3.00,0.00,,0.00,0.00,0.00,2.00,1,2.00,1.00,0.00,0.00,,236,6,80.56,80.56,79.76,79.76,64.74,64.74,76.52,76.52,0.00,0.00
Myanmar,MMR,20200606,3.00,1,2.00,0,2.00,1,4.00,1,2.00,0,2.00,0,2.00,0,3.00,0.00,,0.00,0.00,0.00,2.00,1,2.00,1.00,0.00,0.00,,236,6,80.56,80.56,79.76,79.76,64.74,64.74,76.52,76.52,0.00,0.00
Myanmar,MMR,20200607,3.00,1,2.00,0,2.00,1,4.00,1,2.00,0,2.00,0,2.00,0,3.00,0.00,,0.00,0.00,0.00,2.00,1,2.00,1.00,0.00,0.00,,240,6,80.56,80.56,79.76,79.76,64.74,64.74,76.52,76.52,0.00,0.00
Myanmar,MMR,20200608,3.00,1,2.00,0,2.00,1,4.00,1,2.00,0,2.00,0,2.00,0,3.00,0.00,,0.00,0.00,0.00,2.00,1,2.00,1.00,0.00,0.00,,243,6,80.56,80.56,79.76,79.76,64.74,64.74,76.52,76.52,0.00,0.00
Myanmar,MMR,20200609,3.00,1,2.00,0,2.00,1,4.00,1,2.00,0,2.00,0,2.00,0,3.00,0.00,,0.00,0.00,0.00,2.00,1,2.00,1.00,0.00,0.00,,244,6,80.56,80.56,79.76,79.76,64.74,64.74,76.52,76.52,0.00,0.00
Myanmar,MMR,20200610,3.00,1,2.00,0,2.00,1,4.00,1,2.00,0,2.00,0,2.00,0,3.00,0.00,,0.00,0.00,0.00,2.00,1,2.00,1.00,0.00,0.00,,246,6,80.56,80.56,79.76,79.76,64.74,64.74,76.52,76.52,0.00,0.00
Myanmar,MMR,20200611,3.00,1,2.00,0,2.00,1,4.00,1,2.00,0,2.00,0,2.00,0,3.00,0.00,,0.00,0.00,0.00,2.00,1,2.00,1.00,0.00,0.00,,249,6,80.56,80.56,79.76,79.76,64.74,64.74,76.52,76.52,0.00,0.00
Myanmar,MMR,20200612,3.00,1,2.00,0,2.00,1,4.00,1,2.00,0,2.00,0,2.00,0,3.00,0.00,,0.00,0.00,0.00,2.00,1,2.00,1.00,0.00,0.00,,261,6,80.56,80.56,79.76,79.76,64.74,64.74,76.52,76.52,0.00,0.00
Myanmar,MMR,20200613,3.00,1,2.00,0,2.00,1,4.00,1,2.00,0,2.00,0,2.00,0,3.00,0.00,,0.00,0.00,0.00,2.00,1,2.00,1.00,0.00,0.00,,261,6,80.56,80.56,79.76,79.76,64.74,64.74,76.52,76.52,0.00,0.00
Myanmar,MMR,20200614,3.00,1,2.00,0,2.00,1,4.00,1,2.00,0,2.00,0,2.00,0,3.00,0.00,,0.00,0.00,0.00,2.00,1,2.00,1.00,0.00,0.00,,261,6,80.56,80.56,79.76,79.76,64.74,64.74,76.52,76.52,0.00,0.00
Myanmar,MMR,20200615,3.00,1,2.00,0,2.00,1,4.00,1,2.00,0,2.00,0,2.00,0,3.00,0.00,,0.00,0.00,0.00,2.00,1,2.00,1.00,0.00,0.00,,262,6,80.56,80.56,79.76,79.76,64.74,64.74,76.52,76.52,0.00,0.00
Myanmar,MMR,20200616,3.00,1,2.00,0,2.00,1,4.00,1,2.00,0,2.00,0,2.00,0,3.00,0.00,,0.00,0.00,0.00,2.00,1,2.00,1.00,0.00,0.00,,262,6,80.56,80.56,79.76,79.76,64.74,64.74,76.52,76.52,0.00,0.00
Myanmar,MMR,20200617,,,,,,,,,,,,,,,,,,,,,,,,,,,,262,6,,80.56,,79.76,,64.74,,76.52,,0.00
Myanmar,MMR,20200618,,,,,,,,,,,,,,,,,,,,,,,,,,,,263,6,,80.56,,79.76,,64.74,,76.52,,0.00
Myanmar,MMR,20200619,,,,,,,,,,,,,,,,,,,,,,,,,,,,286,6,,80.56,,79.76,,64.74,,76.52,,0.00
Myanmar,MMR,20200620,,,,,,,,,,,,,,,,,,,,,,,,,,,,286,6,,80.56,,79.76,,64.74,,76.52,,0.00
Myanmar,MMR,20200621,,,,,,,,,,,,,,,,,,,,,,,,,,,,287,6,,80.56,,79.76,,64.74,,76.52,,0.00
Myanmar,MMR,20200622,,,,,,,,,,,,,,,,,,,,,,,,,,,,290,6,,80.56,,79.76,,64.74,,76.52,,0.00
Myanmar,MMR,20200623,,,,,,,,,,,,,,,,,,,,,,,,,,,,291,6,,80.56,,79.76,,64.74,,76.52,,0.00
