Bolivia,BOL,20200101,0.00,,0.00,,0.00,,0.00,,0.00,,0.00,,0.00,,0.00,0.00,,0.00,0.00,0.00,0.00,,0.00,0.00,0.00,0.00,,,,0.00,0.00,0.00,0.00,0.00,0.00,0.00,0.00,0.00,0.00
Bolivia,BOL,20200102,0.00,,0.00,,0.00,,0.00,,0.00,,0.00,,0.00,,0.00,0.00,,0.00,0.00,0.00,0.00,,0.00,0.00,0.00,0.00,,,,0.00,0.00,0.00,0.00,0.00,0.00,0.00,0.00,0.00,0.00
Bolivia,BOL,20200103,0.00,,0.00,,0.00,,0.00,,0.00,,0.00,,0.00,,0.00,0.00,,0.00,0.00,0.00,0.00,,0.00,0.00,0.00,0.00,,,,0.00,0.00,0.00,0.00,0.00,0.00,0.00,0.00,0.00,0.00
Bolivia,BOL,20200104,0.00,,0.00,,0.00,,0.00,,0.00,,0.00,,0.00,,0.00,0.00,,0.00,0.00,0.00,0.00,,0.00,0.00,0.00,0.00,,,,0.00,0.00,0.00,0.00,0.00,0.00,0.00,0.00,0.00,0.00
Bolivia,BOL,20200105,0.00,,0.00,,0.00,,0.00,,0.00,,0.00,,0.00,,0.00,0.00,,0.00,0.00,0.00,0.00,,0.00,0.00,0.00,0.00,,,,0.00,0.00,0.00,0.00,0.00,0.00,0.00,0.00,0.00,0.00
Bolivia,BOL,20200106,0.00,,0.00,,0.00,,0.00,,0.00,,0.00,,0.00,,0.00,0.00,,0.00,0.00,0.00,0.00,,0.00,0.00,0.00,0.00,,,,0.00,0.00,0.00,0.00,0.00,0.00,0.00,0.00,0.00,0.00
Bolivia,BOL,20200107,0.00,,0.00,,0.00,,0.00,,0.00,,0.00,,0.00,,0.00,0.00,,0.00,0.00,0.00,0.00,,0.00,0.00,0.00,0.00,,,,0.00,0.00,0.00,0.00,0.00,0.00,0.00,0.00,0.00,0.00
Bolivia,BOL,20200108,0.00,,0.00,,0.00,,0.00,,0.00,,0.00,,0.00,,0.00,0.00,,0.00,0.00,0.00,0.00,,0.00,0.00,0.00,0.00,,,,0.00,0.00,0.00,0.00,0.00,0.00,0.00,0.00,0.00,0.00
Bolivia,BOL,20200109,0.00,,0.00,,0.00,,0.00,,0.00,,0.00,,0.00,,0.00,0.00,,0.00,0.00,0.00,0.00,,0.00,0.00,0.00,0.00,,,,0.00,0.00,0.00,0.00,0.00,0.00,0.00,0.00,0.00,0.00
Bolivia,BOL,20200110,0.00,,0.00,,0.00,,0.00,,0.00,,0.00,,0.00,,0.00,0.00,,0.00,0.00,0.00,0.00,,0.00,0.00,0.00,0.00,,,,0.00,0.00,0.00,0.00,0.00,0.00,0.00,0.00,0.00,0.00
Bolivia,BOL,20200111,0.00,,0.00,,0.00,,0.00,,0.00,,0.00,,0.00,,0.00,0.00,,0.00,0.00,0.00,0.00,,0.00,0.00,0.00,0.00,,,,0.00,0.00,0.00,0.00,0.00,0.00,0.00,0.00,0.00,0.00
Bolivia,BOL,20200112,0.00,,0.00,,0.00,,0.00,,0.00,,0.00,,0.00,,0.00,0.00,,0.00,0.00,0.00,0.00,,0.00,0.00,0.00,0.00,,,,0.00,0.00,0.00,0.00,0.00,0.00,0.00,0.00,0.00,0.00
Bolivia,BOL,20200113,0.00,,0.00,,0.00,,0.00,,0.00,,0.00,,0.00,,0.00,0.00,,0.00,0.00,0.00,0.00,,0.00,0.00,0.00,0.00,,,,0.00,0.00,0.00,0.00,0.00,0.00,0.00,0.00,0.00,0.00
Bolivia,BOL,20200114,0.00,,0.00,,0.00,,0.00,,0.00,,0.00,,0.00,,0.00,0.00,,0.00,0.00,0.00,0.00,,0.00,0.00,0.00,0.00,,,,0.00,0.00,0.00,0.00,0.00,0.00,0.00,0.00,0.00,0.00
Bolivia,BOL,20200115,0.00,,0.00,,0.00,,0.00,,0.00,,0.00,,0.00,,0.00,0.00,,0.00,0.00,0.00,0.00,,0.00,0.00,0.00,0.00,,,,0.00,0.00,0.00,0.00,0.00,0.00,0.00,0.00,0.00,0.00
Bolivia,BOL,20200116,0.00,,0.00,,0.00,,0.00,,0.00,,0.00,,0.00,,0.00,0.00,,0.00,0.00,0.00,0.00,,0.00,0.00,0.00,0.00,,,,0.00,0.00,0.00,0.00,0.00,0.00,0.00,0.00,0.00,0.00
Bolivia,BOL,20200117,0.00,,0.00,,0.00,,0.00,,0.00,,0.00,,0.00,,0.00,0.00,,0.00,0.00,0.00,0.00,,0.00,0.00,0.00,0.00,,,,0.00,0.00,0.00,0.00,0.00,0.00,0.00,0.00,0.00,0.00
Bolivia,BOL,20200118,0.00,,0.00,,0.00,,0.00,,0.00,,0.00,,0.00,,0.00,0.00,,0.00,0.00,0.00,0.00,,0.00,0.00,0.00,0.00,,,,0.00,0.00,0.00,0.00,0.00,0.00,0.00,0.00,0.00,0.00
Bolivia,BOL,20200119,0.00,,0.00,,0.00,,0.00,,0.00,,0.00,,0.00,,0.00,0.00,,0.00,0.00,0.00,0.00,,0.00,0.00,0.00,0.00,,,,0.00,0.00,0.00,0.00,0.00,0.00,0.00,0.00,0.00,0.00
Bolivia,BOL,20200120,0.00,,0.00,,0.00,,0.00,,0.00,,0.00,,0.00,,0.00,0.00,,0.00,0.00,0.00,0.00,,0.00,0.00,0.00,0.00,,,,0.00,0.00,0.00,0.00,0.00,0.00,0.00,0.00,0.00,0.00
Bolivia,BOL,20200121,0.00,,0.00,,0.00,,0.00,,0.00,,0.00,,0.00,,0.00,0.00,,0.00,0.00,0.00,0.00,,0.00,0.00,0.00,0.00,,,,0.00,0.00,0.00,0.00,0.00,0.00,0.00,0.00,0.00,0.00
Bolivia,BOL,20200122,0.00,,0.00,,0.00,,0.00,,0.00,,0.00,,0.00,,0.00,0.00,,0.00,0.00,0.00,0.00,,0.00,0.00,0.00,0.00,,,,0.00,0.00,0.00,0.00,0.00,0.00,0.00,0.00,0.00,0.00
Bolivia,BOL,20200123,0.00,,0.00,,0.00,,0.00,,0.00,,0.00,,0.00,,0.00,0.00,,0.00,0.00,0.00,0.00,,0.00,0.00,0.00,0.00,,,,0.00,0.00,0.00,0.00,0.00,0.00,0.00,0.00,0.00,0.00
Bolivia,BOL,20200124,0.00,,0.00,,0.00,,0.00,,0.00,,0.00,,0.00,,0.00,0.00,,0.00,0.00,0.00,0.00,,0.00,0.00,0.00,0.00,,,,0.00,0.00,0.00,0.00,0.00,0.00,0.00,0.00,0.00,0.00
Bolivia,BOL,20200125,0.00,,0.00,,0.00,,0.00,,0.00,,0.00,,0.00,,0.00,0.00,,0.00,0.00,0.00,0.00,,0.00,0.00,0.00,0.00,,,,0.00,0.00,0.00,0.00,0.00,0.00,0.00,0.00,0.00,0.00
Bolivia,BOL,20200126,0.00,,0.00,,0.00,,0.00,,0.00,,0.00,,0.00,,0.00,0.00,,0.00,0.00,0.00,0.00,,0.00,0.00,0.00,0.00,,,,0.00,0.00,0.00,0.00,0.00,0.00,0.00,0.00,0.00,0.00
Bolivia,BOL,20200127,0.00,,0.00,,0.00,,0.00,,0.00,,0.00,,0.00,,0.00,0.00,,0.00,0.00,0.00,0.00,,0.00,0.00,0.00,0.00,,,,0.00,0.00,0.00,0.00,0.00,0.00,0.00,0.00,0.00,0.00
Bolivia,BOL,20200128,0.00,,0.00,,0.00,,0.00,,0.00,,0.00,,0.00,,0.00,0.00,,0.00,0.00,0.00,0.00,,0.00,0.00,0.00,0.00,,,,0.00,0.00,0.00,0.00,0.00,0.00,0.00,0.00,0.00,0.00
Bolivia,BOL,20200129,0.00,,0.00,,0.00,,0.00,,0.00,,0.00,,0.00,,0.00,0.00,,0.00,0.00,0.00,0.00,,0.00,0.00,0.00,0.00,,,,0.00,0.00,0.00,0.00,0.00,0.00,0.00,0.00,0.00,0.00
Bolivia,BOL,20200130,0.00,,0.00,,0.00,,0.00,,0.00,,0.00,,0.00,,0.00,0.00,,0.00,0.00,0.00,0.00,,0.00,0.00,0.00,0.00,,,,0.00,0.00,0.00,0.00,0.00,0.00,0.00,0.00,0.00,0.00
Bolivia,BOL,20200131,0.00,,0.00,,0.00,,0.00,,0.00,,0.00,,0.00,,0.00,0.00,,0.00,0.00,0.00,0.00,,0.00,0.00,0.00,0.00,,,,0.00,0.00,0.00,0.00,0.00,0.00,0.00,0.00,0.00,0.00
Bolivia,BOL,20200201,0.00,,0.00,,0.00,,0.00,,0.00,,0.00,,0.00,,0.00,0.00,,0.00,0.00,0.00,0.00,,0.00,0.00,0.00,0.00,,,,0.00,0.00,0.00,0.00,0.00,0.00,0.00,0.00,0.00,0.00
Bolivia,BOL,20200202,0.00,,0.00,,0.00,,0.00,,0.00,,0.00,,0.00,,0.00,0.00,,0.00,0.00,0.00,0.00,,0.00,0.00,0.00,0.00,,,,0.00,0.00,0.00,0.00,0.00,0.00,0.00,0.00,0.00,0.00
Bolivia,BOL,20200203,0.00,,0.00,,0.00,,0.00,,0.00,,0.00,,0.00,,0.00,0.00,,0.00,0.00,0.00,0.00,,0.00,0.00,0.00,0.00,,,,0.00,0.00,0.00,0.00,0.00,0.00,0.00,0.00,0.00,0.00
Bolivia,BOL,20200204,0.00,,0.00,,0.00,,0.00,,0.00,,0.00,,0.00,,0.00,0.00,,0.00,0.00,0.00,0.00,,0.00,0.00,0.00,0.00,,,,0.00,0.00,0.00,0.00,0.00,0.00,0.00,0.00,0.00,0.00
Bolivia,BOL,20200205,0.00,,0.00,,0.00,,0.00,,0.00,,0.00,,0.00,,0.00,0.00,,0.00,0.00,0.00,0.00,,0.00,0.00,0.00,0.00,,,,0.00,0.00,0.00,0.00,0.00,0.00,0.00,0.00,0.00,0.00
Bolivia,BOL,20200206,0.00,,0.00,,0.00,,0.00,,0.00,,0.00,,0.00,,0.00,0.00,,0.00,0.00,0.00,0.00,,0.00,0.00,0.00,0.00,,,,0.00,0.00,0.00,0.00,0.00,0.00,0.00,0.00,0.00,0.00
Bolivia,BOL,20200207,0.00,,0.00,,0.00,,0.00,,0.00,,0.00,,0.00,,0.00,0.00,,0.00,0.00,0.00,0.00,,0.00,0.00,0.00,0.00,,,,0.00,0.00,0.00,0.00,0.00,0.00,0.00,0.00,0.00,0.00
Bolivia,BOL,20200208,0.00,,0.00,,0.00,,0.00,,0.00,,0.00,,0.00,,0.00,0.00,,0.00,0.00,0.00,0.00,,0.00,0.00,0.00,0.00,,,,0.00,0.00,0.00,0.00,0.00,0.00,0.00,0.00,0.00,0.00
Bolivia,BOL,20200209,0.00,,0.00,,0.00,,0.00,,0.00,,0.00,,0.00,,0.00,0.00,,0.00,0.00,0.00,0.00,,0.00,0.00,0.00,0.00,,,,0.00,0.00,0.00,0.00,0.00,0.00,0.00,0.00,0.00,0.00
Bolivia,BOL,20200210,0.00,,0.00,,0.00,,0.00,,0.00,,0.00,,0.00,,0.00,0.00,,0.00,0.00,0.00,0.00,,0.00,0.00,0.00,0.00,,,,0.00,0.00,0.00,0.00,0.00,0.00,0.00,0.00,0.00,0.00
Bolivia,BOL,20200211,0.00,,0.00,,0.00,,0.00,,0.00,,0.00,,0.00,,0.00,0.00,,0.00,0.00,0.00,0.00,,0.00,0.00,0.00,0.00,,,,0.00,0.00,0.00,0.00,0.00,0.00,0.00,0.00,0.00,0.00
Bolivia,BOL,20200212,0.00,,0.00,,0.00,,0.00,,0.00,,0.00,,0.00,,0.00,0.00,,0.00,0.00,0.00,0.00,,0.00,0.00,0.00,0.00,,,,0.00,0.00,0.00,0.00,0.00,0.00,0.00,0.00,0.00,0.00
Bolivia,BOL,20200213,0.00,,0.00,,0.00,,0.00,,0.00,,0.00,,0.00,,0.00,0.00,,0.00,0.00,0.00,0.00,,0.00,0.00,0.00,0.00,,,,0.00,0.00,0.00,0.00,0.00,0.00,0.00,0.00,0.00,0.00
Bolivia,BOL,20200214,0.00,,0.00,,0.00,,0.00,,0.00,,0.00,,0.00,,0.00,0.00,,0.00,0.00,0.00,0.00,,0.00,0.00,0.00,0.00,,,,0.00,0.00,0.00,0.00,0.00,0.00,0.00,0.00,0.00,0.00
Bolivia,BOL,20200215,0.00,,0.00,,0.00,,0.00,,0.00,,0.00,,0.00,,0.00,0.00,,0.00,0.00,0.00,0.00,,0.00,0.00,0.00,0.00,,,,0.00,0.00,0.00,0.00,0.00,0.00,0.00,0.00,0.00,0.00
Bolivia,BOL,20200216,0.00,,0.00,,0.00,,0.00,,0.00,,0.00,,0.00,,0.00,0.00,,0.00,0.00,0.00,0.00,,0.00,0.00,0.00,0.00,,,,0.00,0.00,0.00,0.00,0.00,0.00,0.00,0.00,0.00,0.00
Bolivia,BOL,20200217,0.00,,0.00,,0.00,,0.00,,0.00,,0.00,,0.00,,0.00,0.00,,0.00,0.00,0.00,0.00,,0.00,0.00,0.00,0.00,,,,0.00,0.00,0.00,0.00,0.00,0.00,0.00,0.00,0.00,0.00
Bolivia,BOL,20200218,0.00,,0.00,,0.00,,0.00,,0.00,,0.00,,0.00,,0.00,0.00,,0.00,0.00,0.00,0.00,,0.00,0.00,0.00,0.00,,,,0.00,0.00,0.00,0.00,0.00,0.00,0.00,0.00,0.00,0.00
Bolivia,BOL,20200219,0.00,,0.00,,0.00,,0.00,,0.00,,0.00,,0.00,,0.00,0.00,,0.00,0.00,0.00,0.00,,0.00,0.00,0.00,0.00,,,,0.00,0.00,0.00,0.00,0.00,0.00,0.00,0.00,0.00,0.00
Bolivia,BOL,20200220,0.00,,0.00,,0.00,,0.00,,0.00,,0.00,,0.00,,0.00,0.00,,0.00,0.00,0.00,0.00,,0.00,0.00,0.00,0.00,,,,0.00,0.00,0.00,0.00,0.00,0.00,0.00,0.00,0.00,0.00
Bolivia,BOL,20200221,0.00,,0.00,,0.00,,0.00,,0.00,,0.00,,0.00,,0.00,0.00,,0.00,0.00,0.00,0.00,,0.00,0.00,0.00,0.00,,,,0.00,0.00,0.00,0.00,0.00,0.00,0.00,0.00,0.00,0.00
Bolivia,BOL,20200222,0.00,,0.00,,0.00,,0.00,,0.00,,0.00,,0.00,,0.00,0.00,,0.00,0.00,0.00,0.00,,0.00,0.00,0.00,0.00,,,,0.00,0.00,0.00,0.00,0.00,0.00,0.00,0.00,0.00,0.00
Bolivia,BOL,20200223,0.00,,0.00,,0.00,,0.00,,0.00,,0.00,,0.00,,0.00,0.00,,0.00,0.00,0.00,0.00,,0.00,0.00,0.00,0.00,,,,0.00,0.00,0.00,0.00,0.00,0.00,0.00,0.00,0.00,0.00
Bolivia,BOL,20200224,0.00,,0.00,,0.00,,0.00,,0.00,,0.00,,0.00,,0.00,0.00,,0.00,0.00,0.00,0.00,,0.00,0.00,0.00,0.00,,,,0.00,0.00,0.00,0.00,0.00,0.00,0.00,0.00,0.00,0.00
Bolivia,BOL,20200225,0.00,,0.00,,0.00,,0.00,,0.00,,0.00,,0.00,,0.00,0.00,,0.00,0.00,0.00,0.00,,0.00,0.00,0.00,0.00,,,,0.00,0.00,0.00,0.00,0.00,0.00,0.00,0.00,0.00,0.00
Bolivia,BOL,20200226,0.00,,0.00,,0.00,,0.00,,0.00,,0.00,,0.00,,0.00,0.00,,0.00,0.00,0.00,0.00,,0.00,0.00,0.00,0.00,,,,0.00,0.00,0.00,0.00,0.00,0.00,0.00,0.00,0.00,0.00
Bolivia,BOL,20200227,0.00,,0.00,,0.00,,0.00,,0.00,,0.00,,0.00,,0.00,0.00,,0.00,0.00,0.00,0.00,,0.00,0.00,0.00,0.00,,,,0.00,0.00,0.00,0.00,0.00,0.00,0.00,0.00,0.00,0.00
Bolivia,BOL,20200228,0.00,,0.00,,0.00,,0.00,,0.00,,0.00,,0.00,,0.00,0.00,,0.00,0.00,0.00,0.00,,0.00,0.00,0.00,0.00,,,,0.00,0.00,0.00,0.00,0.00,0.00,0.00,0.00,0.00,0.00
Bolivia,BOL,20200229,0.00,,0.00,,0.00,,0.00,,0.00,,0.00,,0.00,,0.00,0.00,,0.00,0.00,0.00,0.00,,0.00,0.00,0.00,0.00,,,,0.00,0.00,0.00,0.00,0.00,0.00,0.00,0.00,0.00,0.00
Bolivia,BOL,20200301,0.00,,0.00,,0.00,,0.00,,0.00,,0.00,,0.00,,0.00,0.00,,0.00,0.00,0.00,0.00,,0.00,0.00,0.00,0.00,,,,0.00,0.00,0.00,0.00,0.00,0.00,0.00,0.00,0.00,0.00
Bolivia,BOL,20200302,0.00,,0.00,,0.00,,0.00,,0.00,,0.00,,0.00,,0.00,0.00,,0.00,0.00,0.00,0.00,,0.00,0.00,0.00,0.00,,,,0.00,0.00,0.00,0.00,0.00,0.00,0.00,0.00,0.00,0.00
Bolivia,BOL,20200303,0.00,,0.00,,0.00,,0.00,,0.00,,0.00,,0.00,,0.00,0.00,,0.00,0.00,0.00,0.00,,0.00,0.00,0.00,0.00,,,,0.00,0.00,0.00,0.00,0.00,0.00,0.00,0.00,0.00,0.00
Bolivia,BOL,20200304,0.00,,0.00,,0.00,,0.00,,0.00,,0.00,,0.00,,0.00,0.00,,0.00,0.00,0.00,0.00,,0.00,0.00,0.00,0.00,,,,0.00,0.00,0.00,0.00,0.00,0.00,0.00,0.00,0.00,0.00
Bolivia,BOL,20200305,0.00,,0.00,,0.00,,0.00,,0.00,,0.00,,0.00,,0.00,0.00,,0.00,0.00,0.00,0.00,,0.00,0.00,0.00,0.00,,,,0.00,0.00,0.00,0.00,0.00,0.00,0.00,0.00,0.00,0.00
Bolivia,BOL,20200306,0.00,,0.00,,0.00,,0.00,,0.00,,0.00,,0.00,,0.00,0.00,,0.00,0.00,0.00,0.00,,0.00,0.00,0.00,0.00,,,,0.00,0.00,0.00,0.00,0.00,0.00,0.00,0.00,0.00,0.00
Bolivia,BOL,20200307,0.00,,0.00,,0.00,,0.00,,0.00,,0.00,,0.00,,0.00,0.00,,0.00,0.00,0.00,0.00,,0.00,0.00,0.00,0.00,,,,0.00,0.00,0.00,0.00,0.00,0.00,0.00,0.00,0.00,0.00
Bolivia,BOL,20200308,0.00,,0.00,,0.00,,0.00,,0.00,,0.00,,0.00,,0.00,0.00,,0.00,0.00,0.00,0.00,,0.00,0.00,0.00,0.00,,,,0.00,0.00,0.00,0.00,0.00,0.00,0.00,0.00,0.00,0.00
Bolivia,BOL,20200309,0.00,,0.00,,0.00,,0.00,,0.00,,0.00,,0.00,,0.00,0.00,,0.00,0.00,0.00,0.00,,0.00,0.00,0.00,0.00,,,,0.00,0.00,0.00,0.00,0.00,0.00,0.00,0.00,0.00,0.00
Bolivia,BOL,20200310,0.00,,0.00,,0.00,,0.00,,0.00,,0.00,,0.00,,0.00,0.00,,0.00,0.00,0.00,1.00,1,0.00,0.00,0.00,0.00,,,,5.56,5.56,9.52,9.52,3.85,3.85,4.55,4.55,0.00,0.00
Bolivia,BOL,20200311,0.00,,0.00,,0.00,,0.00,,0.00,,0.00,,0.00,,0.00,0.00,,0.00,0.00,0.00,1.00,1,0.00,0.00,0.00,0.00,,,,5.56,5.56,9.52,9.52,3.85,3.85,4.55,4.55,0.00,0.00
Bolivia,BOL,20200312,3.00,1,0.00,,2.00,1,1.00,1,0.00,,0.00,,0.00,,0.00,0.00,,0.00,0.00,0.00,1.00,1,0.00,0.00,0.00,0.00,,2,0,30.56,30.56,38.10,38.10,21.15,21.15,25.00,25.00,0.00,0.00
Bolivia,BOL,20200313,3.00,1,0.00,,2.00,1,1.00,1,0.00,,0.00,,0.00,,3.00,0.00,,0.00,0.00,0.00,2.00,0,0.00,0.00,0.00,0.00,,3,0,41.67,41.67,48.81,48.81,28.85,28.85,34.09,34.09,0.00,0.00
Bolivia,BOL,20200314,3.00,1,0.00,,2.00,1,1.00,1,0.00,,0.00,,0.00,,3.00,0.00,,0.00,0.00,0.00,2.00,1,0.00,0.00,0.00,0.00,,10,0,44.44,44.44,53.57,53.57,30.77,30.77,36.36,36.36,0.00,0.00
Bolivia,BOL,20200315,3.00,1,0.00,,2.00,1,1.00,1,0.00,,0.00,,0.00,,3.00,0.00,,0.00,0.00,0.00,2.00,1,0.00,0.00,0.00,0.00,,10,0,44.44,44.44,53.57,53.57,30.77,30.77,36.36,36.36,0.00,0.00
Bolivia,BOL,20200316,3.00,1,0.00,,2.00,1,1.00,1,2.00,0,0.00,,0.00,,3.00,0.00,,0.00,0.00,0.00,2.00,1,0.00,0.00,0.00,0.00,,,,52.78,52.78,63.10,63.10,36.54,36.54,43.18,43.18,0.00,0.00
Bolivia,BOL,20200317,3.00,1,0.00,,2.00,1,4.00,1,2.00,0,2.00,1,0.00,,3.00,0.00,,0.00,0.00,0.00,2.00,1,0.00,0.00,0.00,0.00,,11,0,68.52,68.52,73.81,73.81,47.44,47.44,56.06,56.06,0.00,0.00
Bolivia,BOL,20200318,3.00,1,1.00,1,2.00,1,4.00,1,2.00,1,2.00,1,0.00,,3.00,0.00,,0.00,0.00,0.00,2.00,1,0.00,0.00,0.00,0.00,,12,0,75.00,75.00,85.71,85.71,51.92,51.92,61.36,61.36,0.00,0.00
Bolivia,BOL,20200319,3.00,1,1.00,1,2.00,1,4.00,1,2.00,0,2.00,1,0.00,,3.00,0.00,,0.00,0.00,0.00,2.00,1,0.00,0.00,0.00,0.00,,12,0,72.22,72.22,80.95,80.95,50.00,50.00,59.09,59.09,0.00,0.00
Bolivia,BOL,20200320,3.00,1,1.00,1,2.00,1,4.00,1,2.00,0,2.00,1,0.00,,3.00,0.00,,0.00,0.00,0.00,2.00,1,0.00,0.00,0.00,0.00,,15,0,72.22,72.22,80.95,80.95,50.00,50.00,59.09,59.09,0.00,0.00
Bolivia,BOL,20200321,3.00,1,1.00,1,2.00,1,4.00,1,2.00,0,2.00,1,2.00,1,3.00,0.00,,0.00,0.00,0.00,2.00,1,0.00,0.00,0.00,0.00,,19,0,83.33,83.33,84.52,84.52,57.69,57.69,68.18,68.18,0.00,0.00
Bolivia,BOL,20200322,3.00,1,3.00,1,2.00,1,4.00,1,2.00,1,2.00,1,2.00,1,3.00,0.00,,0.00,,0.00,2.00,1,0.00,0.00,0.00,0.00,,20,0,93.52,93.52,96.43,96.43,64.74,64.74,76.52,76.52,0.00,0.00
Bolivia,BOL,20200323,3.00,1,3.00,1,2.00,1,4.00,1,2.00,1,2.00,1,2.00,1,3.00,0.00,,0.00,0.00,0.00,2.00,1,0.00,0.00,0.00,0.00,,27,0,93.52,93.52,96.43,96.43,64.74,64.74,76.52,76.52,0.00,0.00
Bolivia,BOL,20200324,3.00,1,3.00,1,2.00,1,4.00,1,2.00,1,2.00,1,2.00,1,3.00,0.00,,0.00,0.00,0.00,2.00,1,0.00,0.00,0.00,0.00,,28,0,93.52,93.52,96.43,96.43,64.74,64.74,76.52,76.52,0.00,0.00
Bolivia,BOL,20200325,3.00,1,3.00,1,2.00,1,4.00,1,2.00,1,2.00,1,2.00,1,3.00,0.00,,0.00,0.00,0.00,2.00,1,0.00,0.00,0.00,0.00,,32,0,93.52,93.52,96.43,96.43,64.74,64.74,76.52,76.52,0.00,0.00
Bolivia,BOL,20200326,3.00,1,3.00,1,2.00,1,4.00,1,2.00,1,2.00,1,2.00,1,3.00,0.00,,0.00,0.00,0.00,2.00,1,0.00,0.00,0.00,0.00,,39,0,93.52,93.52,96.43,96.43,64.74,64.74,76.52,76.52,0.00,0.00
Bolivia,BOL,20200327,3.00,1,3.00,1,2.00,1,4.00,1,2.00,1,2.00,1,2.00,1,3.00,0.00,,0.00,0.00,0.00,2.00,1,0.00,0.00,0.00,0.00,,61,0,93.52,93.52,96.43,96.43,64.74,64.74,76.52,76.52,0.00,0.00
Bolivia,BOL,20200328,3.00,1,3.00,1,2.00,1,4.00,1,2.00,1,2.00,1,2.00,1,3.00,0.00,,0.00,0.00,0.00,2.00,1,0.00,0.00,0.00,0.00,,74,0,93.52,93.52,96.43,96.43,64.74,64.74,76.52,76.52,0.00,0.00
Bolivia,BOL,20200329,3.00,1,3.00,1,2.00,1,4.00,1,2.00,1,2.00,1,2.00,1,3.00,0.00,,0.00,0.00,0.00,2.00,1,0.00,0.00,0.00,0.00,,81,0,93.52,93.52,96.43,96.43,64.74,64.74,76.52,76.52,0.00,0.00
Bolivia,BOL,20200330,3.00,1,3.00,1,2.00,1,4.00,1,2.00,1,2.00,1,2.00,1,3.00,0.00,,0.00,0.00,0.00,2.00,1,0.00,0.00,0.00,0.00,,96,3,93.52,93.52,96.43,96.43,64.74,64.74,76.52,76.52,0.00,0.00
Bolivia,BOL,20200331,3.00,1,3.00,1,2.00,1,4.00,1,2.00,1,2.00,1,2.00,1,4.00,1.00,1,1.00,169813247.00,0.00,2.00,1,0.00,0.00,0.00,0.00,,107,6,96.30,96.30,100.00,100.00,74.36,74.36,78.79,78.79,50.00,50.00
Bolivia,BOL,20200401,3.00,1,3.00,1,2.00,1,4.00,1,2.00,1,2.00,1,2.00,1,4.00,1.00,1,1.00,0.00,0.00,2.00,1,0.00,0.00,0.00,0.00,,115,7,96.30,96.30,100.00,100.00,74.36,74.36,78.79,78.79,50.00,50.00
Bolivia,BOL,20200402,3.00,1,3.00,1,2.00,1,4.00,1,2.00,1,2.00,1,2.00,1,4.00,1.00,1,1.00,0.00,0.00,2.00,1,0.00,0.00,0.00,0.00,,123,8,96.30,96.30,100.00,100.00,74.36,74.36,78.79,78.79,50.00,50.00
Bolivia,BOL,20200403,3.00,1,3.00,1,2.00,1,4.00,1,2.00,1,2.00,1,2.00,1,4.00,1.00,1,1.00,0.00,0.00,2.00,1,0.00,0.00,0.00,0.00,,132,9,96.30,96.30,100.00,100.00,74.36,74.36,78.79,78.79,50.00,50.00
Bolivia,BOL,20200404,3.00,1,3.00,1,2.00,1,4.00,1,2.00,1,2.00,1,2.00,1,4.00,1.00,1,1.00,0.00,0.00,2.00,1,0.00,0.00,0.00,0.00,,139,10,96.30,96.30,100.00,100.00,74.36,74.36,78.79,78.79,50.00,50.00
Bolivia,BOL,20200405,3.00,1,3.00,1,2.00,1,4.00,1,2.00,1,2.00,1,2.00,1,4.00,1.00,1,1.00,0.00,0.00,2.00,1,0.00,0.00,0.00,0.00,,157,10,96.30,96.30,100.00,100.00,74.36,74.36,78.79,78.79,50.00,50.00
Bolivia,BOL,20200406,3.00,1,3.00,1,2.00,1,4.00,1,2.00,1,2.00,1,2.00,1,4.00,1.00,1,1.00,0.00,0.00,2.00,1,0.00,0.00,0.00,0.00,,183,11,96.30,96.30,100.00,100.00,74.36,74.36,78.79,78.79,50.00,50.00
Bolivia,BOL,20200407,3.00,1,3.00,1,2.00,1,4.00,1,2.00,1,2.00,1,2.00,1,4.00,1.00,1,1.00,0.00,0.00,2.00,1,0.00,1.00,0.00,0.00,,194,14,96.30,96.30,100.00,100.00,78.21,78.21,83.33,83.33,50.00,50.00
Bolivia,BOL,20200408,3.00,1,3.00,1,2.00,1,4.00,1,2.00,1,2.00,1,2.00,1,4.00,1.00,1,1.00,0.00,0.00,2.00,1,0.00,1.00,0.00,0.00,,210,15,96.30,96.30,100.00,100.00,78.21,78.21,83.33,83.33,50.00,50.00
Bolivia,BOL,20200409,3.00,1,3.00,1,2.00,1,4.00,1,2.00,1,2.00,1,2.00,1,4.00,1.00,1,1.00,0.19,0.00,2.00,1,0.00,1.00,0.00,0.00,,264,18,96.30,96.30,100.00,100.00,78.21,78.21,83.33,83.33,50.00,50.00
Bolivia,BOL,20200410,3.00,1,3.00,1,2.00,1,4.00,1,2.00,1,2.00,1,2.00,1,4.00,1.00,1,1.00,0.00,0.00,2.00,1,0.00,1.00,0.00,0.00,,268,19,96.30,96.30,100.00,100.00,78.21,78.21,83.33,83.33,50.00,50.00
Bolivia,BOL,20200411,3.00,1,3.00,1,2.00,1,4.00,1,2.00,1,2.00,1,2.00,1,4.00,1.00,1,1.00,0.00,0.00,2.00,1,0.00,1.00,0.00,0.00,,276,20,96.30,96.30,100.00,100.00,78.21,78.21,83.33,83.33,50.00,50.00
Bolivia,BOL,20200412,3.00,1,3.00,1,2.00,1,4.00,1,2.00,1,2.00,1,2.00,1,4.00,1.00,1,1.00,0.00,0.00,2.00,1,0.00,1.00,0.00,0.00,,300,24,96.30,96.30,100.00,100.00,78.21,78.21,83.33,83.33,50.00,50.00
Bolivia,BOL,20200413,3.00,1,3.00,1,2.00,1,4.00,1,2.00,1,2.00,1,2.00,1,4.00,1.00,1,1.00,0.00,0.00,2.00,1,0.00,1.00,0.00,0.00,,330,27,96.30,96.30,100.00,100.00,78.21,78.21,83.33,83.33,50.00,50.00
Bolivia,BOL,20200414,3.00,1,3.00,1,2.00,1,4.00,1,2.00,1,2.00,1,2.00,1,4.00,1.00,1,1.00,215500000.00,0.00,2.00,1,0.00,1.00,0.00,0.00,,354,28,96.30,96.30,100.00,100.00,78.21,78.21,83.33,83.33,50.00,50.00
Bolivia,BOL,20200415,3.00,1,3.00,1,2.00,1,4.00,1,2.00,1,2.00,1,2.00,1,4.00,1.00,1,1.00,201000000.00,0.00,2.00,1,0.00,1.00,0.00,0.00,,397,28,96.30,96.30,100.00,100.00,78.21,78.21,83.33,83.33,50.00,50.00
Bolivia,BOL,20200416,3.00,1,3.00,1,2.00,1,4.00,1,2.00,1,2.00,1,2.00,1,4.00,1.00,1,1.00,0.00,0.00,2.00,1,0.00,1.00,0.00,0.00,,441,29,96.30,96.30,100.00,100.00,78.21,78.21,83.33,83.33,50.00,50.00
Bolivia,BOL,20200417,3.00,1,3.00,1,2.00,1,4.00,1,2.00,1,2.00,1,2.00,1,4.00,1.00,1,1.00,0.00,0.00,2.00,1,0.00,1.00,0.00,0.00,,465,31,96.30,96.30,100.00,100.00,78.21,78.21,83.33,83.33,50.00,50.00
Bolivia,BOL,20200418,3.00,1,3.00,1,2.00,1,4.00,1,2.00,1,2.00,1,2.00,1,4.00,1.00,1,1.00,0.00,0.00,2.00,1,0.00,1.00,0.00,0.00,,493,31,96.30,96.30,100.00,100.00,78.21,78.21,83.33,83.33,50.00,50.00
Bolivia,BOL,20200419,3.00,1,3.00,1,2.00,1,4.00,1,2.00,1,2.00,1,2.00,1,4.00,1.00,1,1.00,0.00,0.00,2.00,1,0.00,1.00,0.00,0.00,,520,32,96.30,96.30,100.00,100.00,78.21,78.21,83.33,83.33,50.00,50.00
Bolivia,BOL,20200420,3.00,1,3.00,1,2.00,1,4.00,1,2.00,1,2.00,1,2.00,1,4.00,1.00,1,1.00,0.00,0.00,2.00,1,0.00,1.00,0.00,0.00,,564,33,96.30,96.30,100.00,100.00,78.21,78.21,83.33,83.33,50.00,50.00
Bolivia,BOL,20200421,3.00,1,3.00,1,2.00,1,4.00,1,2.00,1,2.00,1,2.00,1,4.00,1.00,1,1.00,0.00,0.00,2.00,1,0.00,1.00,0.00,0.00,,598,34,96.30,96.30,100.00,100.00,78.21,78.21,83.33,83.33,50.00,50.00
Bolivia,BOL,20200422,3.00,1,3.00,1,2.00,1,4.00,1,2.00,1,2.00,1,2.00,1,4.00,1.00,1,1.00,0.00,0.00,2.00,1,0.00,1.00,0.00,0.00,,609,37,96.30,96.30,100.00,100.00,78.21,78.21,83.33,83.33,50.00,50.00
Bolivia,BOL,20200423,3.00,1,3.00,1,2.00,1,4.00,1,2.00,1,2.00,1,2.00,1,4.00,1.00,1,1.00,0.00,0.00,2.00,1,0.00,1.00,0.00,0.00,,672,40,96.30,96.30,100.00,100.00,78.21,78.21,83.33,83.33,50.00,50.00
Bolivia,BOL,20200424,3.00,1,3.00,1,2.00,1,4.00,1,2.00,1,2.00,1,2.00,1,4.00,1.00,1,1.00,0.00,0.00,2.00,1,0.00,1.00,0.00,0.00,,703,43,96.30,96.30,100.00,100.00,78.21,78.21,83.33,83.33,50.00,50.00
Bolivia,BOL,20200425,3.00,1,3.00,1,2.00,1,4.00,1,2.00,1,2.00,1,2.00,1,4.00,1.00,1,1.00,0.00,0.00,2.00,1,0.00,1.00,0.00,0.00,,807,44,96.30,96.30,100.00,100.00,78.21,78.21,83.33,83.33,50.00,50.00
Bolivia,BOL,20200426,3.00,1,3.00,1,2.00,1,4.00,1,2.00,1,2.00,1,2.00,1,4.00,1.00,1,1.00,0.00,0.00,2.00,1,0.00,1.00,0.00,0.00,,866,46,96.30,96.30,100.00,100.00,78.21,78.21,83.33,83.33,50.00,50.00
Bolivia,BOL,20200427,3.00,1,3.00,1,2.00,1,4.00,1,2.00,1,2.00,1,2.00,1,4.00,1.00,1,1.00,0.00,0.00,2.00,1,0.00,1.00,0.00,0.00,,950,50,96.30,96.30,100.00,100.00,78.21,78.21,83.33,83.33,50.00,50.00
Bolivia,BOL,20200428,3.00,1,3.00,1,2.00,1,4.00,1,2.00,1,2.00,1,2.00,1,4.00,1.00,1,1.00,0.00,0.00,2.00,1,0.00,1.00,0.00,0.00,,1014,53,96.30,96.30,100.00,100.00,78.21,78.21,83.33,83.33,50.00,50.00
Bolivia,BOL,20200429,3.00,1,3.00,1,2.00,1,4.00,1,2.00,1,2.00,1,2.00,1,4.00,1.00,1,1.00,0.00,0.00,2.00,1,0.00,1.00,0.00,0.00,,1053,55,96.30,96.30,100.00,100.00,78.21,78.21,83.33,83.33,50.00,50.00
Bolivia,BOL,20200430,3.00,1,3.00,1,2.00,1,4.00,1,2.00,1,2.00,1,2.00,1,4.00,1.00,1,1.00,0.00,0.00,2.00,1,0.00,1.00,0.00,0.00,,1110,59,96.30,96.30,100.00,100.00,78.21,78.21,83.33,83.33,50.00,50.00
Bolivia,BOL,20200501,3.00,1,3.00,1,2.00,1,4.00,1,2.00,1,2.00,1,2.00,1,4.00,1.00,1,1.00,0.00,0.00,2.00,1,0.00,1.00,0.00,0.00,,1167,62,96.30,96.30,100.00,100.00,78.21,78.21,83.33,83.33,50.00,50.00
Bolivia,BOL,20200502,3.00,1,3.00,1,2.00,1,4.00,1,2.00,1,2.00,1,2.00,1,4.00,1.00,1,1.00,0.00,0.00,2.00,1,0.00,1.00,0.00,0.00,,1229,66,96.30,96.30,100.00,100.00,78.21,78.21,83.33,83.33,50.00,50.00
Bolivia,BOL,20200503,3.00,1,3.00,1,2.00,1,4.00,1,2.00,1,2.00,1,2.00,1,4.00,1.00,1,1.00,0.00,0.00,2.00,1,0.00,1.00,0.00,0.00,,1470,71,96.30,96.30,100.00,100.00,78.21,78.21,83.33,83.33,50.00,50.00
Bolivia,BOL,20200504,3.00,1,3.00,1,2.00,1,4.00,1,2.00,1,2.00,1,2.00,1,4.00,1.00,1,1.00,0.00,0.00,2.00,1,0.00,1.00,0.00,0.00,,1594,76,96.30,96.30,100.00,100.00,78.21,78.21,83.33,83.33,50.00,50.00
Bolivia,BOL,20200505,3.00,1,3.00,1,2.00,1,4.00,1,2.00,1,2.00,1,2.00,1,4.00,1.00,1,1.00,0.00,0.00,2.00,1,0.00,1.00,0.00,0.00,,1681,82,96.30,96.30,100.00,100.00,78.21,78.21,83.33,83.33,50.00,50.00
Bolivia,BOL,20200506,3.00,1,3.00,1,2.00,1,4.00,1,2.00,1,2.00,1,2.00,1,4.00,1.00,1,1.00,0.00,0.00,2.00,1,0.00,1.00,0.00,0.00,,1802,86,96.30,96.30,100.00,100.00,78.21,78.21,83.33,83.33,50.00,50.00
Bolivia,BOL,20200507,3.00,1,3.00,1,2.00,1,4.00,1,2.00,1,2.00,1,2.00,1,4.00,1.00,1,1.00,0.00,0.00,2.00,1,0.00,1.00,0.00,0.00,,1886,91,96.30,96.30,100.00,100.00,78.21,78.21,83.33,83.33,50.00,50.00
Bolivia,BOL,20200508,3.00,1,3.00,1,2.00,1,4.00,1,2.00,1,2.00,1,2.00,1,4.00,1.00,1,1.00,0.00,0.00,2.00,1,0.00,1.00,0.00,0.00,,2081,102,96.30,96.30,100.00,100.00,78.21,78.21,83.33,83.33,50.00,50.00
Bolivia,BOL,20200509,3.00,1,3.00,1,2.00,1,4.00,1,2.00,1,2.00,1,2.00,1,4.00,1.00,1,1.00,0.00,0.00,2.00,1,0.00,1.00,0.00,0.00,,2266,106,96.30,96.30,100.00,100.00,78.21,78.21,83.33,83.33,50.00,50.00
Bolivia,BOL,20200510,3.00,1,3.00,1,2.00,1,4.00,1,2.00,1,2.00,1,2.00,1,4.00,1.00,1,1.00,0.00,0.00,2.00,1,0.00,1.00,0.00,0.00,,2437,114,96.30,96.30,100.00,100.00,78.21,78.21,83.33,83.33,50.00,50.00
Bolivia,BOL,20200511,3.00,1,3.00,1,2.00,1,4.00,1,2.00,1,2.00,1,2.00,1,4.00,1.00,1,1.00,0.00,0.00,2.00,1,0.00,1.00,0.00,0.00,,2556,118,96.30,96.30,100.00,100.00,78.21,78.21,83.33,83.33,50.00,50.00
Bolivia,BOL,20200512,3.00,1,3.00,1,2.00,1,4.00,1,2.00,1,2.00,1,2.00,1,4.00,1.00,1,1.00,0.00,0.00,2.00,1,0.00,1.00,0.00,0.00,,2831,122,96.30,96.30,100.00,100.00,78.21,78.21,83.33,83.33,50.00,50.00
Bolivia,BOL,20200513,3.00,1,3.00,1,2.00,1,4.00,1,2.00,1,2.00,1,2.00,1,4.00,1.00,1,1.00,0.00,0.00,2.00,1,0.00,1.00,0.00,0.00,,2964,128,96.30,96.30,100.00,100.00,78.21,78.21,83.33,83.33,50.00,50.00
Bolivia,BOL,20200514,3.00,1,3.00,1,2.00,1,4.00,1,2.00,1,2.00,1,2.00,1,4.00,1.00,1,1.00,0.00,0.00,2.00,1,0.00,1.00,0.00,0.00,,3148,142,96.30,96.30,100.00,100.00,78.21,78.21,83.33,83.33,50.00,50.00
Bolivia,BOL,20200515,3.00,1,3.00,1,2.00,1,4.00,1,2.00,1,2.00,1,2.00,1,4.00,1.00,1,1.00,0.00,0.00,2.00,1,0.00,1.00,0.00,0.00,,3372,152,96.30,96.30,100.00,100.00,78.21,78.21,83.33,83.33,50.00,50.00
Bolivia,BOL,20200516,3.00,1,3.00,1,2.00,1,4.00,1,2.00,1,2.00,1,2.00,1,4.00,1.00,1,1.00,0.00,0.00,2.00,1,0.00,1.00,0.00,0.00,,3577,164,96.30,96.30,100.00,100.00,78.21,78.21,83.33,83.33,50.00,50.00
Bolivia,BOL,20200517,3.00,1,3.00,1,2.00,1,4.00,1,2.00,1,2.00,1,2.00,1,4.00,1.00,1,1.00,0.00,0.00,2.00,1,0.00,1.00,0.00,0.00,,3826,165,96.30,96.30,100.00,100.00,78.21,78.21,83.33,83.33,50.00,50.00
Bolivia,BOL,20200518,3.00,1,3.00,1,2.00,1,4.00,1,2.00,1,2.00,1,2.00,1,4.00,1.00,1,1.00,0.00,0.00,2.00,1,0.00,1.00,0.00,0.00,,4088,169,96.30,96.30,100.00,100.00,78.21,78.21,83.33,83.33,50.00,50.00
Bolivia,BOL,20200519,3.00,1,3.00,1,2.00,1,4.00,1,2.00,1,2.00,1,2.00,1,4.00,1.00,1,1.00,0.00,0.00,2.00,1,0.00,1.00,0.00,0.00,,4263,174,96.30,96.30,100.00,100.00,78.21,78.21,83.33,83.33,50.00,50.00
Bolivia,BOL,20200520,3.00,1,3.00,1,2.00,1,4.00,1,2.00,1,2.00,1,2.00,1,4.00,1.00,1,1.00,0.00,0.00,2.00,1,0.00,1.00,0.00,0.00,,4481,189,96.30,96.30,100.00,100.00,78.21,78.21,83.33,83.33,50.00,50.00
Bolivia,BOL,20200521,3.00,1,3.00,1,2.00,1,4.00,1,2.00,1,2.00,1,2.00,1,4.00,1.00,1,1.00,0.00,0.00,2.00,1,0.00,1.00,0.00,0.00,,4919,199,96.30,96.30,100.00,100.00,78.21,78.21,83.33,83.33,50.00,50.00
Bolivia,BOL,20200522,3.00,1,3.00,1,2.00,1,4.00,1,2.00,1,2.00,1,2.00,1,4.00,1.00,1,1.00,0.00,0.00,2.00,1,0.00,1.00,0.00,0.00,,5187,215,96.30,96.30,100.00,100.00,78.21,78.21,83.33,83.33,50.00,50.00
Bolivia,BOL,20200523,3.00,1,3.00,1,2.00,1,4.00,1,2.00,1,2.00,1,2.00,1,4.00,1.00,1,1.00,0.00,0.00,2.00,1,0.00,1.00,0.00,0.00,,5579,230,96.30,96.30,100.00,100.00,78.21,78.21,83.33,83.33,50.00,50.00
Bolivia,BOL,20200524,3.00,1,3.00,1,2.00,1,4.00,1,2.00,1,2.00,1,2.00,1,4.00,1.00,1,1.00,0.00,0.00,2.00,1,0.00,1.00,0.00,0.00,,5915,240,96.30,96.30,100.00,100.00,78.21,78.21,83.33,83.33,50.00,50.00
Bolivia,BOL,20200525,3.00,1,3.00,1,2.00,1,4.00,1,1.00,0,2.00,1,2.00,1,4.00,1.00,1,1.00,0.00,0.00,2.00,1,0.00,1.00,0.00,0.00,,6263,250,87.96,87.96,90.48,90.48,72.44,72.44,76.52,76.52,50.00,50.00
Bolivia,BOL,20200526,3.00,1,3.00,1,2.00,1,4.00,1,1.00,0,2.00,1,2.00,1,4.00,1.00,1,1.00,0.00,0.00,2.00,1,0.00,1.00,0.00,0.00,,6660,261,87.96,87.96,90.48,90.48,72.44,72.44,76.52,76.52,50.00,50.00
Bolivia,BOL,20200527,3.00,1,3.00,1,2.00,1,4.00,1,1.00,0,2.00,1,2.00,1,4.00,1.00,1,1.00,0.00,0.00,2.00,1,0.00,1.00,0.00,0.00,,7136,274,87.96,87.96,90.48,90.48,72.44,72.44,76.52,76.52,50.00,50.00
Bolivia,BOL,20200528,3.00,1,3.00,1,2.00,1,4.00,1,1.00,0,2.00,1,2.00,1,4.00,1.00,1,1.00,0.00,0.00,2.00,1,0.00,1.00,0.00,0.00,,7768,280,87.96,87.96,90.48,90.48,72.44,72.44,76.52,76.52,50.00,50.00
Bolivia,BOL,20200529,3.00,1,3.00,1,2.00,1,4.00,1,1.00,0,2.00,1,2.00,1,4.00,1.00,1,1.00,0.00,0.00,2.00,1,0.00,1.00,0.00,0.00,,8387,293,87.96,87.96,90.48,90.48,72.44,72.44,76.52,76.52,50.00,50.00
Bolivia,BOL,20200530,3.00,1,3.00,1,2.00,1,4.00,1,1.00,0,2.00,1,2.00,1,4.00,1.00,1,1.00,0.00,0.00,2.00,1,0.00,1.00,0.00,0.00,,8731,300,87.96,87.96,90.48,90.48,72.44,72.44,76.52,76.52,50.00,50.00
Bolivia,BOL,20200531,3.00,1,3.00,1,2.00,1,4.00,1,1.00,0,2.00,1,2.00,1,4.00,1.00,1,1.00,0.00,0.00,2.00,1,0.00,1.00,0.00,0.00,,9592,310,87.96,87.96,90.48,90.48,72.44,72.44,76.52,76.52,50.00,50.00
Bolivia,BOL,20200601,3.00,1,3.00,1,2.00,1,4.00,1,1.00,0,2.00,1,2.00,1,4.00,1.00,1,1.00,0.00,0.00,2.00,1,0.00,1.00,0.00,0.00,,9982,313,87.96,87.96,90.48,90.48,72.44,72.44,76.52,76.52,50.00,50.00
Bolivia,BOL,20200602,3.00,1,3.00,1,2.00,1,4.00,1,1.00,0,2.00,1,2.00,1,4.00,1.00,1,1.00,0.00,0.00,2.00,1,0.00,1.00,0.00,0.00,,10531,343,87.96,87.96,90.48,90.48,72.44,72.44,76.52,76.52,50.00,50.00
Bolivia,BOL,20200603,3.00,1,3.00,1,2.00,1,4.00,1,1.00,0,2.00,1,2.00,1,4.00,1.00,1,1.00,0.00,0.00,2.00,1,0.00,1.00,0.00,0.00,,10991,376,87.96,87.96,90.48,90.48,72.44,72.44,76.52,76.52,50.00,50.00
Bolivia,BOL,20200604,3.00,1,3.00,1,2.00,1,4.00,1,1.00,0,2.00,1,2.00,1,4.00,1.00,1,1.00,0.00,0.00,2.00,1,0.00,1.00,0.00,0.00,,11638,400,87.96,87.96,90.48,90.48,72.44,72.44,76.52,76.52,50.00,50.00
Bolivia,BOL,20200605,3.00,1,3.00,1,2.00,1,4.00,1,1.00,0,2.00,1,2.00,1,4.00,1.00,1,1.00,0.00,0.00,2.00,1,0.00,1.00,0.00,0.00,,12245,415,87.96,87.96,90.48,90.48,72.44,72.44,76.52,76.52,50.00,50.00
Bolivia,BOL,20200606,3.00,1,3.00,1,2.00,1,4.00,1,1.00,0,2.00,1,2.00,1,4.00,1.00,1,1.00,0.00,0.00,2.00,1,0.00,1.00,0.00,0.00,,12728,427,87.96,87.96,90.48,90.48,72.44,72.44,76.52,76.52,50.00,50.00
Bolivia,BOL,20200607,3.00,1,3.00,1,2.00,1,4.00,1,1.00,0,2.00,1,2.00,1,4.00,1.00,1,1.00,0.00,0.00,2.00,1,0.00,1.00,0.00,0.00,,13358,454,87.96,87.96,90.48,90.48,72.44,72.44,76.52,76.52,50.00,50.00
Bolivia,BOL,20200608,3.00,1,3.00,1,2.00,1,4.00,1,1.00,0,2.00,1,2.00,1,4.00,1.00,1,1.00,0.00,0.00,2.00,1,2.00,1.00,0.00,0.00,,13643,465,87.96,87.96,90.48,90.48,77.56,77.56,82.58,82.58,50.00,50.00
Bolivia,BOL,20200609,,,,,,,,,,,,,,,,,,1.00,,,,,,,,,,13949,475,,,,,,,,,,
Bolivia,BOL,20200610,,,,,,,,,,,,,,,,,,1.00,,,,,,,,,,14644,487,,,,,,,,,,
Bolivia,BOL,20200611,,,,,,,,,,,,,,,,,,1.00,,,,,,,,,,15281,512,,,,,,,,,,
Bolivia,BOL,20200612,,,,,,,,,,,,,,,,,,1.00,,,,,,,,,,16165,533,,,,,,,,,,
Bolivia,BOL,20200613,,,,,,,,,,,,,,,,,,1.00,,,,,,,,,,16929,559,,,,,,,,,,
Bolivia,BOL,20200614,,,,,,,,,,,,,,,,,,1.00,,,,,,,,,,17842,585,,,,,,,,,,
Bolivia,BOL,20200615,,,,,,,,,,,,,,,,,,1.00,,,,,,,,,,18459,611,,,,,,,,,,
Bolivia,BOL,20200616,,,,,,,,,,,,,,,,,,1.00,,,,,,,,,,19073,632,,,,,,,,,,
Bolivia,BOL,20200617,,,,,,,,,,,,,,,,,,1.00,,,,,,,,,,19883,659,,87.96,,90.48,,77.56,,82.58,,50.00
Bolivia,BOL,20200618,,,,,,,,,,,,,,,,,,1.00,,,,,,,,,,20685,679,,87.96,,90.48,,77.56,,82.58,,50.00
Bolivia,BOL,20200619,,,,,,,,,,,,,,,,,,1.00,,,,,,,,,,21499,697,,87.96,,90.48,,77.56,,82.58,,50.00
Bolivia,BOL,20200620,,,,,,,,,,,,,,,,,,1.00,,,,,,,,,,22476,715,,87.96,,90.48,,77.56,,82.58,,50.00
Bolivia,BOL,20200621,,,,,,,,,,,,,,,,,,1.00,,,,,,,,,,23512,740,,87.96,,90.48,,77.56,,82.58,,50.00
Bolivia,BOL,20200622,,,,,,,,,,,,,,,,,,1.00,,,,,,,,,,24388,773,,87.96,,90.48,,77.56,,82.58,,50.00
Bolivia,BOL,20200623,,,,,,,,,,,,,,,,,,1.00,,,,,,,,,,25493,820,,87.96,,90.48,,77.56,,82.58,,50.00
