Botswana,BWA,20200101,0.00,,0.00,,0.00,,0.00,,0.00,,0.00,,0.00,,0.00,0.00,,0.00,0.00,0.00,1.00,1,0.00,0.00,0.00,0.00,,,,5.56,5.56,9.52,9.52,3.85,3.85,4.55,4.55,0.00,0.00
Botswana,BWA,20200102,0.00,,0.00,,0.00,,0.00,,0.00,,0.00,,0.00,,0.00,0.00,,0.00,0.00,0.00,1.00,1,0.00,0.00,0.00,0.00,,,,5.56,5.56,9.52,9.52,3.85,3.85,4.55,4.55,0.00,0.00
Botswana,BWA,20200103,0.00,,0.00,,0.00,,0.00,,0.00,,0.00,,0.00,,0.00,0.00,,0.00,0.00,0.00,1.00,1,0.00,0.00,0.00,0.00,,,,5.56,5.56,9.52,9.52,3.85,3.85,4.55,4.55,0.00,0.00
Botswana,BWA,20200104,0.00,,0.00,,0.00,,0.00,,0.00,,0.00,,0.00,,0.00,0.00,,0.00,0.00,0.00,1.00,1,0.00,0.00,0.00,0.00,,,,5.56,5.56,9.52,9.52,3.85,3.85,4.55,4.55,0.00,0.00
Botswana,BWA,20200105,0.00,,0.00,,0.00,,0.00,,0.00,,0.00,,0.00,,0.00,0.00,,0.00,0.00,0.00,1.00,1,0.00,0.00,0.00,0.00,,,,5.56,5.56,9.52,9.52,3.85,3.85,4.55,4.55,0.00,0.00
Botswana,BWA,20200106,0.00,,0.00,,0.00,,0.00,,0.00,,0.00,,0.00,,0.00,0.00,,0.00,0.00,0.00,1.00,1,0.00,0.00,0.00,0.00,,,,5.56,5.56,9.52,9.52,3.85,3.85,4.55,4.55,0.00,0.00
Botswana,BWA,20200107,0.00,,0.00,,0.00,,0.00,,0.00,,0.00,,0.00,,0.00,0.00,,0.00,0.00,0.00,1.00,1,0.00,0.00,0.00,0.00,,,,5.56,5.56,9.52,9.52,3.85,3.85,4.55,4.55,0.00,0.00
Botswana,BWA,20200108,0.00,,0.00,,0.00,,0.00,,0.00,,0.00,,0.00,,0.00,0.00,,0.00,0.00,0.00,1.00,1,0.00,0.00,0.00,0.00,,,,5.56,5.56,9.52,9.52,3.85,3.85,4.55,4.55,0.00,0.00
Botswana,BWA,20200109,0.00,,0.00,,0.00,,0.00,,0.00,,0.00,,0.00,,0.00,0.00,,0.00,0.00,0.00,1.00,1,0.00,0.00,0.00,0.00,,,,5.56,5.56,9.52,9.52,3.85,3.85,4.55,4.55,0.00,0.00
Botswana,BWA,20200110,0.00,,0.00,,0.00,,0.00,,0.00,,0.00,,0.00,,0.00,0.00,,0.00,0.00,0.00,1.00,1,0.00,0.00,0.00,0.00,,,,5.56,5.56,9.52,9.52,3.85,3.85,4.55,4.55,0.00,0.00
Botswana,BWA,20200111,0.00,,0.00,,0.00,,0.00,,0.00,,0.00,,0.00,,0.00,0.00,,0.00,0.00,0.00,1.00,1,0.00,0.00,0.00,0.00,,,,5.56,5.56,9.52,9.52,3.85,3.85,4.55,4.55,0.00,0.00
Botswana,BWA,20200112,0.00,,0.00,,0.00,,0.00,,0.00,,0.00,,0.00,,0.00,0.00,,0.00,0.00,0.00,1.00,1,0.00,0.00,0.00,0.00,,,,5.56,5.56,9.52,9.52,3.85,3.85,4.55,4.55,0.00,0.00
Botswana,BWA,20200113,0.00,,0.00,,0.00,,0.00,,0.00,,0.00,,0.00,,0.00,0.00,,0.00,0.00,0.00,1.00,1,0.00,0.00,0.00,0.00,,,,5.56,5.56,9.52,9.52,3.85,3.85,4.55,4.55,0.00,0.00
Botswana,BWA,20200114,0.00,,0.00,,0.00,,0.00,,0.00,,0.00,,0.00,,0.00,0.00,,0.00,0.00,0.00,1.00,1,0.00,0.00,0.00,0.00,,,,5.56,5.56,9.52,9.52,3.85,3.85,4.55,4.55,0.00,0.00
Botswana,BWA,20200115,0.00,,0.00,,0.00,,0.00,,0.00,,0.00,,0.00,,0.00,0.00,,0.00,0.00,0.00,1.00,1,0.00,0.00,0.00,0.00,,,,5.56,5.56,9.52,9.52,3.85,3.85,4.55,4.55,0.00,0.00
Botswana,BWA,20200116,0.00,,0.00,,0.00,,0.00,,0.00,,0.00,,0.00,,0.00,0.00,,0.00,0.00,0.00,1.00,1,0.00,0.00,0.00,0.00,,,,5.56,5.56,9.52,9.52,3.85,3.85,4.55,4.55,0.00,0.00
Botswana,BWA,20200117,0.00,,0.00,,0.00,,0.00,,0.00,,0.00,,0.00,,0.00,0.00,,0.00,0.00,0.00,1.00,1,0.00,0.00,0.00,0.00,,,,5.56,5.56,9.52,9.52,3.85,3.85,4.55,4.55,0.00,0.00
Botswana,BWA,20200118,0.00,,0.00,,0.00,,0.00,,0.00,,0.00,,0.00,,0.00,0.00,,0.00,0.00,0.00,1.00,1,0.00,0.00,0.00,0.00,,,,5.56,5.56,9.52,9.52,3.85,3.85,4.55,4.55,0.00,0.00
Botswana,BWA,20200119,0.00,,0.00,,0.00,,0.00,,0.00,,0.00,,0.00,,0.00,0.00,,0.00,0.00,0.00,1.00,1,0.00,0.00,0.00,0.00,,,,5.56,5.56,9.52,9.52,3.85,3.85,4.55,4.55,0.00,0.00
Botswana,BWA,20200120,0.00,,0.00,,0.00,,0.00,,0.00,,0.00,,0.00,,0.00,0.00,,0.00,0.00,0.00,1.00,1,0.00,0.00,0.00,0.00,,,,5.56,5.56,9.52,9.52,3.85,3.85,4.55,4.55,0.00,0.00
Botswana,BWA,20200121,0.00,,0.00,,0.00,,0.00,,0.00,,0.00,,0.00,,0.00,0.00,,0.00,0.00,0.00,1.00,1,0.00,0.00,0.00,0.00,,,,5.56,5.56,9.52,9.52,3.85,3.85,4.55,4.55,0.00,0.00
Botswana,BWA,20200122,0.00,,0.00,,0.00,,0.00,,0.00,,0.00,,0.00,,0.00,0.00,,0.00,0.00,0.00,1.00,1,0.00,0.00,0.00,0.00,,,,5.56,5.56,9.52,9.52,3.85,3.85,4.55,4.55,0.00,0.00
Botswana,BWA,20200123,0.00,,0.00,,0.00,,0.00,,0.00,,0.00,,0.00,,0.00,0.00,,0.00,0.00,0.00,1.00,1,0.00,0.00,0.00,0.00,,,,5.56,5.56,9.52,9.52,3.85,3.85,4.55,4.55,0.00,0.00
Botswana,BWA,20200124,0.00,,0.00,,0.00,,0.00,,0.00,,0.00,,0.00,,0.00,0.00,,0.00,0.00,0.00,2.00,1,0.00,0.00,0.00,0.00,,,,11.11,11.11,14.29,14.29,7.69,7.69,9.09,9.09,0.00,0.00
Botswana,BWA,20200125,0.00,,0.00,,0.00,,0.00,,0.00,,0.00,,0.00,,0.00,0.00,,0.00,0.00,0.00,2.00,1,0.00,0.00,0.00,0.00,,,,11.11,11.11,14.29,14.29,7.69,7.69,9.09,9.09,0.00,0.00
Botswana,BWA,20200126,0.00,,0.00,,0.00,,0.00,,0.00,,0.00,,0.00,,0.00,0.00,,0.00,0.00,0.00,2.00,1,0.00,0.00,0.00,0.00,,,,11.11,11.11,14.29,14.29,7.69,7.69,9.09,9.09,0.00,0.00
Botswana,BWA,20200127,0.00,,0.00,,0.00,,0.00,,0.00,,0.00,,0.00,,0.00,0.00,,0.00,0.00,0.00,2.00,1,0.00,0.00,0.00,0.00,,,,11.11,11.11,14.29,14.29,7.69,7.69,9.09,9.09,0.00,0.00
Botswana,BWA,20200128,0.00,,0.00,,0.00,,0.00,,0.00,,0.00,,0.00,,1.00,0.00,,0.00,0.00,0.00,2.00,1,0.00,0.00,0.00,0.00,,,,13.89,13.89,17.86,17.86,9.62,9.62,11.36,11.36,0.00,0.00
Botswana,BWA,20200129,0.00,,0.00,,0.00,,0.00,,0.00,,0.00,,0.00,,1.00,0.00,,0.00,0.00,0.00,2.00,1,0.00,0.00,0.00,0.00,,,,13.89,13.89,17.86,17.86,9.62,9.62,11.36,11.36,0.00,0.00
Botswana,BWA,20200130,0.00,,0.00,,0.00,,0.00,,0.00,,0.00,,0.00,,1.00,0.00,,0.00,0.00,0.00,2.00,1,0.00,0.00,0.00,0.00,,,,13.89,13.89,17.86,17.86,9.62,9.62,11.36,11.36,0.00,0.00
Botswana,BWA,20200131,0.00,,0.00,,0.00,,0.00,,0.00,,0.00,,0.00,,1.00,0.00,,0.00,0.00,0.00,2.00,1,0.00,0.00,0.00,0.00,,,,13.89,13.89,17.86,17.86,9.62,9.62,11.36,11.36,0.00,0.00
Botswana,BWA,20200201,0.00,,0.00,,0.00,,0.00,,0.00,,0.00,,0.00,,1.00,0.00,,0.00,0.00,0.00,2.00,1,0.00,0.00,0.00,0.00,,,,13.89,13.89,17.86,17.86,9.62,9.62,11.36,11.36,0.00,0.00
Botswana,BWA,20200202,0.00,,0.00,,0.00,,0.00,,0.00,,0.00,,0.00,,1.00,0.00,,0.00,0.00,0.00,2.00,1,0.00,0.00,0.00,0.00,,,,13.89,13.89,17.86,17.86,9.62,9.62,11.36,11.36,0.00,0.00
Botswana,BWA,20200203,0.00,,0.00,,0.00,,0.00,,0.00,,0.00,,0.00,,1.00,0.00,,0.00,0.00,0.00,2.00,1,0.00,0.00,0.00,0.00,,,,13.89,13.89,17.86,17.86,9.62,9.62,11.36,11.36,0.00,0.00
Botswana,BWA,20200204,0.00,,0.00,,0.00,,0.00,,0.00,,0.00,,0.00,,1.00,0.00,,0.00,0.00,0.00,2.00,1,0.00,0.00,0.00,0.00,,,,13.89,13.89,17.86,17.86,9.62,9.62,11.36,11.36,0.00,0.00
Botswana,BWA,20200205,0.00,,0.00,,0.00,,0.00,,0.00,,0.00,,0.00,,1.00,0.00,,0.00,0.00,0.00,2.00,1,0.00,0.00,0.00,0.00,,,,13.89,13.89,17.86,17.86,9.62,9.62,11.36,11.36,0.00,0.00
Botswana,BWA,20200206,0.00,,0.00,,0.00,,0.00,,0.00,,0.00,,0.00,,1.00,0.00,,0.00,0.00,0.00,2.00,1,0.00,0.00,0.00,0.00,,,,13.89,13.89,17.86,17.86,9.62,9.62,11.36,11.36,0.00,0.00
Botswana,BWA,20200207,0.00,,0.00,,0.00,,0.00,,0.00,,0.00,,0.00,,1.00,0.00,,0.00,0.00,0.00,2.00,1,0.00,0.00,0.00,0.00,,,,13.89,13.89,17.86,17.86,9.62,9.62,11.36,11.36,0.00,0.00
Botswana,BWA,20200208,0.00,,0.00,,0.00,,0.00,,0.00,,0.00,,0.00,,1.00,0.00,,0.00,0.00,0.00,2.00,1,0.00,0.00,0.00,0.00,,,,13.89,13.89,17.86,17.86,9.62,9.62,11.36,11.36,0.00,0.00
Botswana,BWA,20200209,0.00,,0.00,,0.00,,0.00,,0.00,,0.00,,0.00,,1.00,0.00,,0.00,0.00,0.00,2.00,1,0.00,0.00,0.00,0.00,,,,13.89,13.89,17.86,17.86,9.62,9.62,11.36,11.36,0.00,0.00
Botswana,BWA,20200210,0.00,,0.00,,0.00,,0.00,,0.00,,0.00,,0.00,,1.00,0.00,,0.00,0.00,0.00,2.00,1,0.00,0.00,0.00,0.00,,,,13.89,13.89,17.86,17.86,9.62,9.62,11.36,11.36,0.00,0.00
Botswana,BWA,20200211,0.00,,0.00,,0.00,,0.00,,0.00,,0.00,,0.00,,1.00,0.00,,0.00,0.00,0.00,2.00,1,0.00,0.00,0.00,0.00,,,,13.89,13.89,17.86,17.86,9.62,9.62,11.36,11.36,0.00,0.00
Botswana,BWA,20200212,0.00,,0.00,,0.00,,0.00,,0.00,,0.00,,0.00,,1.00,0.00,,0.00,0.00,0.00,2.00,1,0.00,0.00,0.00,0.00,,,,13.89,13.89,17.86,17.86,9.62,9.62,11.36,11.36,0.00,0.00
Botswana,BWA,20200213,0.00,,0.00,,0.00,,0.00,,0.00,,0.00,,0.00,,1.00,0.00,,0.00,0.00,0.00,2.00,1,0.00,0.00,0.00,0.00,,,,13.89,13.89,17.86,17.86,9.62,9.62,11.36,11.36,0.00,0.00
Botswana,BWA,20200214,0.00,,0.00,,0.00,,0.00,,0.00,,0.00,,0.00,,1.00,0.00,,0.00,0.00,0.00,2.00,1,0.00,0.00,0.00,0.00,,,,13.89,13.89,17.86,17.86,9.62,9.62,11.36,11.36,0.00,0.00
Botswana,BWA,20200215,0.00,,0.00,,0.00,,0.00,,0.00,,0.00,,0.00,,1.00,0.00,,0.00,0.00,0.00,2.00,1,0.00,0.00,0.00,0.00,,,,13.89,13.89,17.86,17.86,9.62,9.62,11.36,11.36,0.00,0.00
Botswana,BWA,20200216,0.00,,0.00,,0.00,,0.00,,0.00,,0.00,,0.00,,1.00,0.00,,0.00,0.00,0.00,2.00,1,0.00,0.00,0.00,0.00,,,,13.89,13.89,17.86,17.86,9.62,9.62,11.36,11.36,0.00,0.00
Botswana,BWA,20200217,0.00,,0.00,,0.00,,0.00,,0.00,,0.00,,0.00,,1.00,0.00,,0.00,0.00,0.00,2.00,1,0.00,0.00,0.00,0.00,,,,13.89,13.89,17.86,17.86,9.62,9.62,11.36,11.36,0.00,0.00
Botswana,BWA,20200218,0.00,,0.00,,0.00,,0.00,,0.00,,0.00,,0.00,,1.00,0.00,,0.00,0.00,0.00,2.00,1,0.00,0.00,0.00,0.00,,,,13.89,13.89,17.86,17.86,9.62,9.62,11.36,11.36,0.00,0.00
Botswana,BWA,20200219,0.00,,0.00,,0.00,,0.00,,0.00,,0.00,,0.00,,1.00,0.00,,0.00,0.00,0.00,2.00,1,0.00,0.00,0.00,0.00,,,,13.89,13.89,17.86,17.86,9.62,9.62,11.36,11.36,0.00,0.00
Botswana,BWA,20200220,0.00,,0.00,,0.00,,0.00,,0.00,,0.00,,0.00,,1.00,0.00,,0.00,0.00,0.00,2.00,1,0.00,0.00,0.00,0.00,,,,13.89,13.89,17.86,17.86,9.62,9.62,11.36,11.36,0.00,0.00
Botswana,BWA,20200221,0.00,,0.00,,0.00,,0.00,,0.00,,0.00,,0.00,,1.00,0.00,,0.00,0.00,0.00,2.00,1,0.00,0.00,0.00,0.00,,,,13.89,13.89,17.86,17.86,9.62,9.62,11.36,11.36,0.00,0.00
Botswana,BWA,20200222,0.00,,0.00,,0.00,,0.00,,0.00,,0.00,,0.00,,1.00,0.00,,0.00,0.00,0.00,2.00,1,0.00,0.00,0.00,0.00,,,,13.89,13.89,17.86,17.86,9.62,9.62,11.36,11.36,0.00,0.00
Botswana,BWA,20200223,0.00,,0.00,,0.00,,0.00,,0.00,,0.00,,0.00,,1.00,0.00,,0.00,0.00,0.00,2.00,1,0.00,0.00,0.00,0.00,,,,13.89,13.89,17.86,17.86,9.62,9.62,11.36,11.36,0.00,0.00
Botswana,BWA,20200224,0.00,,0.00,,0.00,,0.00,,0.00,,0.00,,0.00,,1.00,0.00,,0.00,0.00,0.00,2.00,1,0.00,0.00,0.00,0.00,,,,13.89,13.89,17.86,17.86,9.62,9.62,11.36,11.36,0.00,0.00
Botswana,BWA,20200225,0.00,,0.00,,0.00,,0.00,,0.00,,0.00,,0.00,,1.00,0.00,,0.00,0.00,0.00,2.00,1,0.00,0.00,0.00,0.00,,,,13.89,13.89,17.86,17.86,9.62,9.62,11.36,11.36,0.00,0.00
Botswana,BWA,20200226,0.00,,0.00,,0.00,,0.00,,0.00,,0.00,,0.00,,1.00,0.00,,0.00,0.00,0.00,2.00,1,0.00,0.00,0.00,0.00,,,,13.89,13.89,17.86,17.86,9.62,9.62,11.36,11.36,0.00,0.00
Botswana,BWA,20200227,0.00,,0.00,,0.00,,0.00,,0.00,,0.00,,0.00,,1.00,0.00,,0.00,0.00,0.00,2.00,1,0.00,0.00,0.00,0.00,,,,13.89,13.89,17.86,17.86,9.62,9.62,11.36,11.36,0.00,0.00
Botswana,BWA,20200228,0.00,,0.00,,0.00,,0.00,,0.00,,0.00,,0.00,,1.00,0.00,,0.00,0.00,0.00,2.00,1,0.00,0.00,0.00,0.00,,,,13.89,13.89,17.86,17.86,9.62,9.62,11.36,11.36,0.00,0.00
Botswana,BWA,20200229,0.00,,0.00,,0.00,,0.00,,0.00,,0.00,,0.00,,1.00,0.00,,0.00,0.00,0.00,2.00,1,0.00,0.00,0.00,0.00,,,,13.89,13.89,17.86,17.86,9.62,9.62,11.36,11.36,0.00,0.00
Botswana,BWA,20200301,0.00,,0.00,,0.00,,0.00,,0.00,,0.00,,0.00,,1.00,0.00,,0.00,0.00,0.00,2.00,1,0.00,0.00,0.00,0.00,,,,13.89,13.89,17.86,17.86,9.62,9.62,11.36,11.36,0.00,0.00
Botswana,BWA,20200302,0.00,,0.00,,0.00,,0.00,,0.00,,0.00,,0.00,,1.00,0.00,,0.00,0.00,0.00,2.00,1,0.00,0.00,0.00,0.00,,,,13.89,13.89,17.86,17.86,9.62,9.62,11.36,11.36,0.00,0.00
Botswana,BWA,20200303,0.00,,0.00,,0.00,,0.00,,0.00,,0.00,,0.00,,1.00,0.00,,0.00,0.00,0.00,2.00,1,0.00,0.00,0.00,0.00,,,,13.89,13.89,17.86,17.86,9.62,9.62,11.36,11.36,0.00,0.00
Botswana,BWA,20200304,0.00,,0.00,,0.00,,0.00,,0.00,,0.00,,0.00,,1.00,0.00,,0.00,0.00,0.00,2.00,1,0.00,0.00,0.00,0.00,,,,13.89,13.89,17.86,17.86,9.62,9.62,11.36,11.36,0.00,0.00
Botswana,BWA,20200305,0.00,,0.00,,0.00,,0.00,,0.00,,0.00,,0.00,,1.00,0.00,,0.00,0.00,0.00,2.00,1,0.00,0.00,0.00,0.00,,,,13.89,13.89,17.86,17.86,9.62,9.62,11.36,11.36,0.00,0.00
Botswana,BWA,20200306,0.00,,0.00,,0.00,,0.00,,0.00,,0.00,,0.00,,1.00,0.00,,0.00,0.00,0.00,2.00,1,0.00,0.00,0.00,0.00,,,,13.89,13.89,17.86,17.86,9.62,9.62,11.36,11.36,0.00,0.00
Botswana,BWA,20200307,0.00,,0.00,,0.00,,0.00,,0.00,,0.00,,0.00,,1.00,0.00,,0.00,0.00,0.00,2.00,1,0.00,0.00,0.00,0.00,,,,13.89,13.89,17.86,17.86,9.62,9.62,11.36,11.36,0.00,0.00
Botswana,BWA,20200308,0.00,,0.00,,0.00,,0.00,,0.00,,0.00,,0.00,,1.00,0.00,,0.00,0.00,0.00,2.00,1,0.00,0.00,0.00,0.00,,,,13.89,13.89,17.86,17.86,9.62,9.62,11.36,11.36,0.00,0.00
Botswana,BWA,20200309,0.00,,0.00,,0.00,,0.00,,0.00,,0.00,,0.00,,1.00,0.00,,0.00,0.00,0.00,2.00,1,0.00,0.00,0.00,0.00,,,,13.89,13.89,17.86,17.86,9.62,9.62,11.36,11.36,0.00,0.00
Botswana,BWA,20200310,0.00,,0.00,,0.00,,0.00,,0.00,,0.00,,0.00,,1.00,0.00,,0.00,0.00,0.00,2.00,1,0.00,0.00,0.00,0.00,,,,13.89,13.89,17.86,17.86,9.62,9.62,11.36,11.36,0.00,0.00
Botswana,BWA,20200311,0.00,,0.00,,0.00,,0.00,,0.00,,0.00,,0.00,,1.00,0.00,,0.00,0.00,0.00,2.00,1,0.00,0.00,0.00,0.00,,,,13.89,13.89,17.86,17.86,9.62,9.62,11.36,11.36,0.00,0.00
Botswana,BWA,20200312,0.00,,0.00,,0.00,,0.00,,0.00,,0.00,,0.00,,1.00,0.00,,0.00,0.00,0.00,2.00,1,0.00,0.00,0.00,0.00,,,,13.89,13.89,17.86,17.86,9.62,9.62,11.36,11.36,0.00,0.00
Botswana,BWA,20200313,0.00,,0.00,,0.00,,0.00,,0.00,,0.00,,0.00,,1.00,0.00,,0.00,0.00,0.00,2.00,1,0.00,0.00,0.00,0.00,,,,13.89,13.89,17.86,17.86,9.62,9.62,11.36,11.36,0.00,0.00
Botswana,BWA,20200314,0.00,,0.00,,0.00,,0.00,,0.00,,0.00,,0.00,,1.00,0.00,,0.00,0.00,0.00,2.00,1,0.00,0.00,0.00,0.00,,,,13.89,13.89,17.86,17.86,9.62,9.62,11.36,11.36,0.00,0.00
Botswana,BWA,20200315,0.00,,0.00,,0.00,,0.00,,0.00,,0.00,,0.00,,1.00,0.00,,0.00,0.00,0.00,2.00,1,0.00,0.00,0.00,0.00,,,,13.89,13.89,17.86,17.86,9.62,9.62,11.36,11.36,0.00,0.00
Botswana,BWA,20200316,0.00,,0.00,,2.00,1,3.00,1,0.00,,0.00,,1.00,1,3.00,0.00,,0.00,0.00,0.00,2.00,1,0.00,0.00,0.00,0.00,,,,44.44,44.44,48.81,48.81,30.77,30.77,36.36,36.36,0.00,0.00
Botswana,BWA,20200317,0.00,,0.00,,2.00,1,3.00,1,0.00,,0.00,,1.00,1,3.00,0.00,,0.00,0.00,0.00,2.00,1,0.00,0.00,0.00,0.00,,,,44.44,44.44,48.81,48.81,30.77,30.77,36.36,36.36,0.00,0.00
Botswana,BWA,20200318,0.00,,0.00,,2.00,1,3.00,1,0.00,,0.00,,1.00,1,3.00,0.00,,0.00,0.00,0.00,2.00,1,0.00,0.00,0.00,0.00,,,,44.44,44.44,48.81,48.81,30.77,30.77,36.36,36.36,0.00,0.00
Botswana,BWA,20200319,3.00,1,0.00,,2.00,1,3.00,1,0.00,,0.00,,1.00,1,4.00,0.00,,0.00,0.00,0.00,2.00,1,0.00,0.00,0.00,0.00,,,,58.33,58.33,66.67,66.67,40.38,40.38,47.73,47.73,0.00,0.00
Botswana,BWA,20200320,3.00,1,0.00,,2.00,1,3.00,1,0.00,,0.00,,1.00,1,4.00,0.00,,0.00,0.00,0.00,2.00,1,0.00,0.00,0.00,0.00,,,,58.33,58.33,66.67,66.67,40.38,40.38,47.73,47.73,0.00,0.00
Botswana,BWA,20200321,3.00,1,0.00,,2.00,1,3.00,1,0.00,,0.00,,1.00,1,4.00,0.00,,0.00,0.00,0.00,2.00,1,0.00,0.00,0.00,0.00,,,,58.33,58.33,66.67,66.67,40.38,40.38,47.73,47.73,0.00,0.00
Botswana,BWA,20200322,3.00,1,0.00,,2.00,1,3.00,1,0.00,,0.00,,1.00,1,4.00,0.00,,0.00,0.00,0.00,2.00,1,0.00,0.00,0.00,0.00,,,,58.33,58.33,66.67,66.67,40.38,40.38,47.73,47.73,0.00,0.00
Botswana,BWA,20200323,3.00,1,0.00,,2.00,1,3.00,1,0.00,,0.00,,1.00,1,4.00,0.00,,0.00,0.00,0.00,2.00,1,0.00,0.00,0.00,0.00,,,,58.33,58.33,66.67,66.67,40.38,40.38,47.73,47.73,0.00,0.00
Botswana,BWA,20200324,3.00,1,0.00,,2.00,1,3.00,1,0.00,,0.00,,1.00,1,4.00,0.00,,0.00,0.00,0.00,2.00,1,0.00,0.00,0.00,0.00,,,,58.33,58.33,66.67,66.67,40.38,40.38,47.73,47.73,0.00,0.00
Botswana,BWA,20200325,3.00,1,0.00,,2.00,1,3.00,1,1.00,0,0.00,,1.00,1,4.00,0.00,,0.00,0.00,0.00,2.00,1,0.00,0.00,0.00,0.00,,,,61.11,61.11,71.43,71.43,42.31,42.31,50.00,50.00,0.00,0.00
Botswana,BWA,20200326,3.00,1,0.00,,2.00,1,3.00,1,1.00,0,0.00,,1.00,1,4.00,0.00,,0.00,0.00,0.00,2.00,1,0.00,0.00,0.00,0.00,,,,61.11,61.11,71.43,71.43,42.31,42.31,50.00,50.00,0.00,0.00
Botswana,BWA,20200327,3.00,1,0.00,,2.00,1,3.00,1,1.00,0,0.00,,1.00,1,4.00,0.00,,0.00,176163091.00,0.00,2.00,1,0.00,0.00,0.00,0.00,,,,61.11,61.11,71.43,71.43,42.31,42.31,50.00,50.00,0.00,0.00
Botswana,BWA,20200328,3.00,1,0.00,,2.00,1,3.00,1,1.00,0,0.00,,1.00,1,4.00,0.00,,0.00,0.00,0.00,2.00,1,1.00,0.00,0.00,0.00,,,,61.11,61.11,71.43,71.43,44.87,44.87,53.03,53.03,0.00,0.00
Botswana,BWA,20200329,3.00,1,0.00,,2.00,1,3.00,1,1.00,0,0.00,,1.00,1,4.00,0.00,,0.00,0.00,0.00,2.00,1,1.00,0.00,0.00,0.00,,,,61.11,61.11,71.43,71.43,44.87,44.87,53.03,53.03,0.00,0.00
Botswana,BWA,20200330,3.00,1,0.00,,2.00,1,3.00,1,1.00,0,0.00,,1.00,1,4.00,0.00,,0.00,0.00,0.00,2.00,1,1.00,0.00,0.00,0.00,,,,61.11,61.11,71.43,71.43,44.87,44.87,53.03,53.03,0.00,0.00
Botswana,BWA,20200331,3.00,1,0.00,,2.00,1,3.00,1,1.00,0,0.00,,1.00,1,4.00,0.00,,2.00,0.00,0.00,2.00,1,1.00,1.00,0.00,0.00,,,,61.11,61.11,71.43,71.43,56.41,56.41,57.58,57.58,50.00,50.00
Botswana,BWA,20200401,3.00,1,0.00,,2.00,1,3.00,1,1.00,0,0.00,,1.00,1,4.00,1.00,0,2.00,0.00,0.00,2.00,1,1.00,1.00,0.00,0.00,,3,0,61.11,61.11,71.43,71.43,58.33,58.33,57.58,57.58,62.50,62.50
Botswana,BWA,20200402,3.00,1,3.00,1,2.00,1,4.00,1,1.00,1,2.00,0,2.00,0,4.00,1.00,0,2.00,0.00,0.00,2.00,1,1.00,1.00,0.00,0.00,,4,1,86.11,86.11,90.48,90.48,75.64,75.64,78.03,78.03,62.50,62.50
Botswana,BWA,20200403,3.00,1,3.00,1,2.00,1,4.00,1,1.00,1,2.00,0,2.00,0,4.00,1.00,0,2.00,0.00,0.00,2.00,1,1.00,1.00,0.00,0.00,,4,1,86.11,86.11,90.48,90.48,75.64,75.64,78.03,78.03,62.50,62.50
Botswana,BWA,20200404,3.00,1,3.00,1,2.00,1,4.00,1,1.00,1,2.00,0,2.00,0,4.00,1.00,0,2.00,0.00,0.00,2.00,1,1.00,1.00,0.00,0.00,,4,1,86.11,86.11,90.48,90.48,75.64,75.64,78.03,78.03,62.50,62.50
Botswana,BWA,20200405,3.00,1,3.00,1,2.00,1,4.00,1,1.00,1,2.00,0,2.00,0,4.00,1.00,0,2.00,0.00,0.00,2.00,1,1.00,1.00,0.00,0.00,,4,1,86.11,86.11,90.48,90.48,75.64,75.64,78.03,78.03,62.50,62.50
Botswana,BWA,20200406,3.00,1,3.00,1,2.00,1,4.00,1,1.00,1,2.00,0,2.00,0,4.00,1.00,0,2.00,0.00,0.00,2.00,1,1.00,1.00,0.00,0.00,,6,1,86.11,86.11,90.48,90.48,75.64,75.64,78.03,78.03,62.50,62.50
Botswana,BWA,20200407,3.00,1,3.00,1,2.00,1,4.00,1,1.00,1,2.00,0,2.00,0,4.00,1.00,0,2.00,0.00,0.00,2.00,1,1.00,1.00,0.00,0.00,,6,1,86.11,86.11,90.48,90.48,75.64,75.64,78.03,78.03,62.50,62.50
Botswana,BWA,20200408,3.00,1,3.00,1,2.00,1,4.00,1,1.00,1,2.00,0,2.00,0,4.00,1.00,0,2.00,0.00,0.00,2.00,1,1.00,1.00,0.00,0.00,,6,1,86.11,86.11,90.48,90.48,75.64,75.64,78.03,78.03,62.50,62.50
Botswana,BWA,20200409,3.00,1,3.00,1,2.00,1,4.00,1,1.00,1,2.00,0,2.00,0,4.00,1.00,0,2.00,0.00,0.00,2.00,1,1.00,1.00,0.00,0.00,,7,1,86.11,86.11,90.48,90.48,75.64,75.64,78.03,78.03,62.50,62.50
Botswana,BWA,20200410,3.00,1,3.00,1,2.00,1,4.00,1,1.00,1,2.00,0,2.00,0,4.00,1.00,0,2.00,0.00,0.00,2.00,1,1.00,1.00,0.00,0.00,,13,1,86.11,86.11,90.48,90.48,75.64,75.64,78.03,78.03,62.50,62.50
Botswana,BWA,20200411,3.00,1,3.00,1,2.00,1,4.00,1,1.00,1,2.00,0,2.00,0,4.00,1.00,0,2.00,0.00,0.00,2.00,1,1.00,1.00,0.00,0.00,,13,1,86.11,86.11,90.48,90.48,75.64,75.64,78.03,78.03,62.50,62.50
Botswana,BWA,20200412,3.00,1,3.00,1,2.00,1,4.00,1,1.00,1,2.00,0,2.00,0,4.00,1.00,0,2.00,0.00,0.00,2.00,1,1.00,1.00,0.00,0.00,,13,1,86.11,86.11,90.48,90.48,75.64,75.64,78.03,78.03,62.50,62.50
Botswana,BWA,20200413,3.00,1,3.00,1,2.00,1,4.00,1,1.00,1,2.00,0,2.00,0,4.00,1.00,0,2.00,0.00,0.00,2.00,1,1.00,1.00,0.00,0.00,,13,1,86.11,86.11,90.48,90.48,75.64,75.64,78.03,78.03,62.50,62.50
Botswana,BWA,20200414,3.00,1,3.00,1,2.00,1,4.00,1,1.00,1,2.00,0,2.00,0,4.00,1.00,0,2.00,0.00,0.00,2.00,1,1.00,1.00,0.00,0.00,,13,1,86.11,86.11,90.48,90.48,75.64,75.64,78.03,78.03,62.50,62.50
Botswana,BWA,20200415,3.00,1,3.00,1,2.00,1,4.00,1,1.00,1,2.00,0,2.00,0,4.00,1.00,0,2.00,0.00,0.00,2.00,1,1.00,1.00,0.00,0.00,,13,1,86.11,86.11,90.48,90.48,75.64,75.64,78.03,78.03,62.50,62.50
Botswana,BWA,20200416,3.00,1,3.00,1,2.00,1,4.00,1,1.00,1,2.00,0,2.00,0,4.00,1.00,0,2.00,0.00,0.00,2.00,1,1.00,1.00,1500000.00,0.00,,13,1,86.11,86.11,90.48,90.48,75.64,75.64,78.03,78.03,62.50,62.50
Botswana,BWA,20200417,3.00,1,3.00,1,2.00,1,4.00,1,1.00,1,2.00,0,2.00,0,4.00,1.00,0,2.00,0.00,0.00,2.00,1,1.00,1.00,0.00,0.00,,15,1,86.11,86.11,90.48,90.48,75.64,75.64,78.03,78.03,62.50,62.50
Botswana,BWA,20200418,3.00,1,3.00,1,2.00,1,4.00,1,1.00,1,2.00,0,2.00,0,4.00,1.00,0,2.00,0.00,0.00,2.00,1,1.00,1.00,0.00,0.00,,15,1,86.11,86.11,90.48,90.48,75.64,75.64,78.03,78.03,62.50,62.50
Botswana,BWA,20200419,3.00,1,3.00,1,2.00,1,4.00,1,1.00,1,2.00,0,2.00,0,4.00,1.00,0,2.00,0.00,0.00,2.00,1,1.00,1.00,0.00,0.00,,15,1,86.11,86.11,90.48,90.48,75.64,75.64,78.03,78.03,62.50,62.50
Botswana,BWA,20200420,3.00,1,3.00,1,2.00,1,4.00,1,1.00,1,2.00,0,2.00,0,4.00,1.00,0,2.00,0.00,0.00,2.00,1,1.00,1.00,0.00,0.00,,20,1,86.11,86.11,90.48,90.48,75.64,75.64,78.03,78.03,62.50,62.50
Botswana,BWA,20200421,3.00,1,3.00,1,2.00,1,4.00,1,1.00,1,2.00,0,2.00,0,4.00,1.00,0,2.00,0.00,0.00,2.00,1,1.00,1.00,0.00,0.00,,20,1,86.11,86.11,90.48,90.48,75.64,75.64,78.03,78.03,62.50,62.50
Botswana,BWA,20200422,3.00,1,3.00,1,2.00,1,4.00,1,1.00,1,2.00,0,2.00,0,4.00,1.00,0,2.00,0.00,0.00,2.00,1,1.00,1.00,0.00,0.00,,20,1,86.11,86.11,90.48,90.48,75.64,75.64,78.03,78.03,62.50,62.50
Botswana,BWA,20200423,3.00,1,3.00,1,2.00,1,4.00,1,1.00,1,2.00,0,2.00,0,4.00,1.00,0,2.00,0.00,0.00,2.00,1,1.00,1.00,0.00,0.00,,22,1,86.11,86.11,90.48,90.48,75.64,75.64,78.03,78.03,62.50,62.50
Botswana,BWA,20200424,3.00,1,3.00,1,2.00,1,4.00,1,1.00,1,2.00,0,2.00,0,4.00,1.00,0,2.00,0.00,0.00,2.00,1,1.00,1.00,0.00,0.00,,22,1,86.11,86.11,90.48,90.48,75.64,75.64,78.03,78.03,62.50,62.50
Botswana,BWA,20200425,3.00,1,3.00,1,2.00,1,4.00,1,1.00,1,2.00,0,2.00,0,4.00,1.00,0,2.00,0.00,0.00,2.00,1,1.00,1.00,0.00,0.00,,22,1,86.11,86.11,90.48,90.48,75.64,75.64,78.03,78.03,62.50,62.50
Botswana,BWA,20200426,3.00,1,3.00,1,2.00,1,4.00,1,1.00,1,2.00,0,2.00,0,4.00,1.00,0,2.00,0.00,0.00,2.00,1,1.00,1.00,0.00,0.00,,22,1,86.11,86.11,90.48,90.48,75.64,75.64,78.03,78.03,62.50,62.50
Botswana,BWA,20200427,3.00,1,3.00,1,2.00,1,4.00,1,1.00,1,2.00,0,2.00,0,4.00,1.00,0,2.00,0.00,0.00,2.00,1,1.00,1.00,0.00,0.00,,22,1,86.11,86.11,90.48,90.48,75.64,75.64,78.03,78.03,62.50,62.50
Botswana,BWA,20200428,3.00,1,3.00,1,2.00,1,4.00,1,1.00,1,2.00,0,2.00,0,4.00,1.00,0,2.00,0.00,0.00,2.00,1,1.00,1.00,0.00,0.00,,22,1,86.11,86.11,90.48,90.48,75.64,75.64,78.03,78.03,62.50,62.50
Botswana,BWA,20200429,3.00,1,3.00,1,2.00,1,4.00,1,1.00,1,2.00,0,2.00,0,4.00,1.00,0,2.00,0.00,0.00,2.00,1,1.00,1.00,0.00,0.00,,23,1,86.11,86.11,90.48,90.48,75.64,75.64,78.03,78.03,62.50,62.50
Botswana,BWA,20200430,3.00,1,3.00,1,2.00,1,4.00,1,1.00,1,2.00,0,2.00,0,4.00,1.00,0,2.00,0.00,0.00,2.00,1,1.00,1.00,3150000.00,0.00,,23,1,86.11,86.11,90.48,90.48,75.64,75.64,78.03,78.03,62.50,62.50
Botswana,BWA,20200501,3.00,1,3.00,1,2.00,1,4.00,1,1.00,1,2.00,0,2.00,0,4.00,1.00,0,2.00,0.00,0.00,2.00,1,1.00,1.00,0.00,0.00,,23,1,86.11,86.11,90.48,90.48,75.64,75.64,78.03,78.03,62.50,62.50
Botswana,BWA,20200502,3.00,1,3.00,1,2.00,1,4.00,1,1.00,1,2.00,0,2.00,0,4.00,1.00,0,2.00,0.00,0.00,2.00,1,1.00,1.00,0.00,0.00,,23,1,86.11,86.11,90.48,90.48,75.64,75.64,78.03,78.03,62.50,62.50
Botswana,BWA,20200503,3.00,1,3.00,1,2.00,1,4.00,1,1.00,1,2.00,0,2.00,0,4.00,1.00,0,2.00,0.00,0.00,2.00,1,1.00,1.00,0.00,0.00,,23,1,86.11,86.11,90.48,90.48,75.64,75.64,78.03,78.03,62.50,62.50
Botswana,BWA,20200504,3.00,1,3.00,1,2.00,1,4.00,1,1.00,1,2.00,0,2.00,0,4.00,1.00,0,2.00,0.00,0.00,2.00,1,1.00,1.00,0.00,0.00,,23,1,86.11,86.11,90.48,90.48,75.64,75.64,78.03,78.03,62.50,62.50
Botswana,BWA,20200505,3.00,1,3.00,1,2.00,1,4.00,1,1.00,1,2.00,0,2.00,0,4.00,1.00,0,2.00,0.00,0.00,2.00,1,1.00,1.00,0.00,0.00,,23,1,86.11,86.11,90.48,90.48,75.64,75.64,78.03,78.03,62.50,62.50
Botswana,BWA,20200506,3.00,1,3.00,1,2.00,1,4.00,1,1.00,1,2.00,0,2.00,0,4.00,1.00,0,2.00,0.00,0.00,2.00,1,1.00,1.00,0.00,0.00,,23,1,86.11,86.11,90.48,90.48,75.64,75.64,78.03,78.03,62.50,62.50
Botswana,BWA,20200507,3.00,1,3.00,1,2.00,1,4.00,1,1.00,1,2.00,0,2.00,0,4.00,1.00,0,2.00,0.00,0.00,2.00,1,1.00,1.00,0.00,0.00,,23,1,86.11,86.11,90.48,90.48,75.64,75.64,78.03,78.03,62.50,62.50
Botswana,BWA,20200508,3.00,1,2.00,0,2.00,1,4.00,1,1.00,1,2.00,0,2.00,0,4.00,1.00,0,2.00,0.00,0.00,2.00,1,1.00,1.00,0.00,0.00,,23,1,80.56,80.56,83.33,83.33,71.79,71.79,73.48,73.48,62.50,62.50
Botswana,BWA,20200509,3.00,1,2.00,0,2.00,1,4.00,1,1.00,1,2.00,0,2.00,0,4.00,1.00,0,2.00,0.00,0.00,2.00,1,1.00,1.00,0.00,0.00,,23,1,80.56,80.56,83.33,83.33,71.79,71.79,73.48,73.48,62.50,62.50
Botswana,BWA,20200510,3.00,1,2.00,0,2.00,1,4.00,1,1.00,1,2.00,0,2.00,0,4.00,1.00,0,2.00,0.00,0.00,2.00,1,1.00,1.00,0.00,0.00,,23,1,80.56,80.56,83.33,83.33,71.79,71.79,73.48,73.48,62.50,62.50
Botswana,BWA,20200511,3.00,0,2.00,0,2.00,1,4.00,1,1.00,1,2.00,0,2.00,0,4.00,1.00,0,2.00,0.00,0.00,2.00,1,1.00,1.00,0.00,0.00,,23,1,78.70,78.70,79.76,79.76,70.51,70.51,71.97,71.97,62.50,62.50
Botswana,BWA,20200512,3.00,0,2.00,0,2.00,1,4.00,1,1.00,1,2.00,0,2.00,0,4.00,1.00,0,2.00,0.00,0.00,2.00,1,1.00,1.00,0.00,0.00,,24,1,78.70,78.70,79.76,79.76,70.51,70.51,71.97,71.97,62.50,62.50
Botswana,BWA,20200513,3.00,0,2.00,0,2.00,1,4.00,1,1.00,1,2.00,0,2.00,0,4.00,1.00,0,2.00,0.00,0.00,2.00,1,1.00,1.00,0.00,0.00,,24,1,78.70,78.70,79.76,79.76,70.51,70.51,71.97,71.97,62.50,62.50
Botswana,BWA,20200514,3.00,0,2.00,0,2.00,1,4.00,1,1.00,1,2.00,0,2.00,0,4.00,1.00,0,2.00,0.00,0.00,2.00,1,1.00,1.00,0.00,0.00,,24,1,78.70,78.70,79.76,79.76,70.51,70.51,71.97,71.97,62.50,62.50
Botswana,BWA,20200515,3.00,0,2.00,0,2.00,1,4.00,1,1.00,1,2.00,0,2.00,0,4.00,1.00,0,2.00,0.00,0.00,2.00,1,1.00,1.00,0.00,0.00,,24,1,78.70,78.70,79.76,79.76,70.51,70.51,71.97,71.97,62.50,62.50
Botswana,BWA,20200516,3.00,0,2.00,0,2.00,1,4.00,1,1.00,1,2.00,0,2.00,0,4.00,1.00,0,2.00,0.00,0.00,2.00,1,1.00,1.00,0.00,0.00,,24,1,78.70,78.70,79.76,79.76,70.51,70.51,71.97,71.97,62.50,62.50
Botswana,BWA,20200517,3.00,0,2.00,0,2.00,1,4.00,1,1.00,1,2.00,0,2.00,0,4.00,1.00,0,2.00,0.00,0.00,2.00,1,1.00,1.00,0.00,0.00,,24,1,78.70,78.70,79.76,79.76,70.51,70.51,71.97,71.97,62.50,62.50
Botswana,BWA,20200518,3.00,0,2.00,0,2.00,1,4.00,1,1.00,1,2.00,0,2.00,0,4.00,1.00,0,2.00,0.00,0.00,2.00,1,1.00,1.00,0.00,0.00,,25,1,78.70,78.70,79.76,79.76,70.51,70.51,71.97,71.97,62.50,62.50
Botswana,BWA,20200519,3.00,0,2.00,0,2.00,1,4.00,1,1.00,1,2.00,0,2.00,0,4.00,1.00,0,2.00,0.00,0.00,2.00,1,1.00,1.00,0.00,0.00,,25,1,78.70,78.70,79.76,79.76,70.51,70.51,71.97,71.97,62.50,62.50
Botswana,BWA,20200520,3.00,0,1.00,1,1.00,1,3.00,1,1.00,1,1.00,1,2.00,0,4.00,1.00,0,2.00,0.00,0.00,2.00,1,1.00,1.00,0.00,0.00,,25,1,66.67,66.67,76.90,76.90,62.18,62.18,62.12,62.12,62.50,62.50
Botswana,BWA,20200521,3.00,0,1.00,1,1.00,1,3.00,1,1.00,1,1.00,1,2.00,0,4.00,1.00,0,2.00,0.00,0.00,2.00,1,1.00,1.00,0.00,0.00,,29,1,66.67,66.67,76.90,76.90,62.18,62.18,62.12,62.12,62.50,62.50
Botswana,BWA,20200522,3.00,0,1.00,1,1.00,1,3.00,1,0.00,,1.00,1,2.00,0,4.00,1.00,0,2.00,0.00,0.00,2.00,1,1.00,1.00,0.00,0.00,,29,1,61.11,61.11,67.38,67.38,58.33,58.33,57.58,57.58,62.50,62.50
Botswana,BWA,20200523,3.00,0,1.00,1,1.00,1,3.00,1,0.00,,1.00,1,2.00,0,4.00,1.00,0,2.00,0.00,0.00,2.00,1,1.00,1.00,0.00,0.00,,30,1,61.11,61.11,67.38,67.38,58.33,58.33,57.58,57.58,62.50,62.50
Botswana,BWA,20200524,3.00,0,1.00,1,1.00,1,3.00,1,0.00,,1.00,1,2.00,0,4.00,1.00,0,2.00,0.00,0.00,2.00,1,1.00,1.00,0.00,0.00,,30,1,61.11,61.11,67.38,67.38,58.33,58.33,57.58,57.58,62.50,62.50
Botswana,BWA,20200525,3.00,0,1.00,1,1.00,1,3.00,1,0.00,,1.00,1,2.00,0,4.00,1.00,0,2.00,0.00,0.00,2.00,1,1.00,1.00,0.00,0.00,,35,1,61.11,61.11,67.38,67.38,58.33,58.33,57.58,57.58,62.50,62.50
Botswana,BWA,20200526,3.00,0,1.00,1,1.00,1,3.00,1,0.00,,1.00,1,2.00,0,4.00,1.00,0,2.00,0.00,0.00,2.00,1,1.00,1.00,0.00,0.00,,35,1,61.11,61.11,67.38,67.38,58.33,58.33,57.58,57.58,62.50,62.50
Botswana,BWA,20200527,3.00,0,1.00,1,1.00,1,3.00,1,0.00,,1.00,1,2.00,0,4.00,1.00,0,2.00,0.00,0.00,2.00,1,1.00,1.00,0.00,0.00,,35,1,61.11,61.11,67.38,67.38,58.33,58.33,57.58,57.58,62.50,62.50
Botswana,BWA,20200528,3.00,0,1.00,1,1.00,1,3.00,1,0.00,,1.00,1,2.00,0,4.00,1.00,0,2.00,0.00,0.00,2.00,1,1.00,1.00,0.00,0.00,,35,1,61.11,61.11,67.38,67.38,58.33,58.33,57.58,57.58,62.50,62.50
Botswana,BWA,20200529,3.00,0,1.00,1,1.00,1,3.00,1,0.00,,1.00,1,2.00,0,4.00,1.00,0,2.00,0.00,0.00,2.00,1,1.00,1.00,0.00,0.00,,35,1,61.11,61.11,67.38,67.38,58.33,58.33,57.58,57.58,62.50,62.50
Botswana,BWA,20200530,3.00,0,1.00,1,1.00,1,3.00,1,0.00,,1.00,1,2.00,0,4.00,1.00,0,2.00,0.00,0.00,2.00,1,1.00,1.00,0.00,0.00,,35,1,61.11,61.11,67.38,67.38,58.33,58.33,57.58,57.58,62.50,62.50
Botswana,BWA,20200531,3.00,0,1.00,1,1.00,1,3.00,1,0.00,,1.00,1,2.00,0,4.00,1.00,0,2.00,0.00,0.00,2.00,1,1.00,1.00,0.00,0.00,,35,1,61.11,61.11,67.38,67.38,58.33,58.33,57.58,57.58,62.50,62.50
Botswana,BWA,20200601,3.00,0,1.00,1,1.00,1,3.00,1,0.00,,1.00,1,2.00,0,4.00,1.00,0,2.00,0.00,0.00,2.00,1,1.00,1.00,0.00,0.00,,38,1,61.11,61.11,67.38,67.38,58.33,58.33,57.58,57.58,62.50,62.50
Botswana,BWA,20200602,2.00,0,1.00,1,1.00,1,3.00,1,0.00,,1.00,1,2.00,0,4.00,1.00,0,2.00,0.00,0.00,2.00,1,1.00,1.00,0.00,0.00,,38,1,57.41,57.41,63.81,63.81,55.77,55.77,54.55,54.55,62.50,62.50
Botswana,BWA,20200603,2.00,0,1.00,1,1.00,1,3.00,1,0.00,,1.00,1,2.00,0,4.00,1.00,0,2.00,0.00,0.00,2.00,1,1.00,1.00,0.00,0.00,,38,1,57.41,57.41,63.81,63.81,55.77,55.77,54.55,54.55,62.50,62.50
Botswana,BWA,20200604,2.00,0,1.00,1,1.00,1,3.00,1,0.00,,1.00,1,2.00,0,4.00,1.00,0,2.00,0.00,0.00,2.00,1,1.00,1.00,0.00,0.00,,40,1,57.41,57.41,63.81,63.81,55.77,55.77,54.55,54.55,62.50,62.50
Botswana,BWA,20200605,2.00,0,1.00,1,1.00,1,3.00,1,0.00,,1.00,1,2.00,0,4.00,1.00,0,2.00,0.00,0.00,2.00,1,1.00,1.00,0.00,0.00,,40,1,57.41,57.41,63.81,63.81,55.77,55.77,54.55,54.55,62.50,62.50
Botswana,BWA,20200606,2.00,0,1.00,1,1.00,1,3.00,1,0.00,,1.00,1,2.00,0,4.00,1.00,0,2.00,0.00,0.00,2.00,1,1.00,1.00,0.00,0.00,,40,1,57.41,57.41,63.81,63.81,55.77,55.77,54.55,54.55,62.50,62.50
Botswana,BWA,20200607,2.00,0,1.00,1,1.00,1,3.00,1,0.00,,1.00,1,2.00,0,4.00,1.00,0,2.00,0.00,0.00,2.00,1,1.00,1.00,0.00,0.00,,40,1,57.41,57.41,63.81,63.81,55.77,55.77,54.55,54.55,62.50,62.50
Botswana,BWA,20200608,2.00,0,1.00,1,1.00,1,3.00,1,0.00,,1.00,1,2.00,0,4.00,1.00,0,2.00,0.00,0.00,2.00,1,1.00,1.00,0.00,0.00,,40,1,57.41,57.41,63.81,63.81,55.77,55.77,54.55,54.55,62.50,62.50
Botswana,BWA,20200609,2.00,0,1.00,1,1.00,1,3.00,1,0.00,,1.00,1,2.00,0,4.00,1.00,0,2.00,0.00,0.00,2.00,1,1.00,1.00,0.00,0.00,,42,1,57.41,57.41,63.81,63.81,55.77,55.77,54.55,54.55,62.50,62.50
Botswana,BWA,20200610,2.00,0,1.00,1,1.00,1,3.00,1,0.00,,1.00,1,2.00,0,4.00,1.00,0,2.00,0.00,0.00,2.00,1,1.00,1.00,0.00,0.00,,42,1,57.41,57.41,63.81,63.81,55.77,55.77,54.55,54.55,62.50,62.50
Botswana,BWA,20200611,2.00,0,1.00,1,1.00,1,3.00,1,0.00,,1.00,1,2.00,0,4.00,1.00,0,2.00,0.00,0.00,2.00,1,1.00,1.00,0.00,0.00,,48,1,57.41,57.41,63.81,63.81,55.77,55.77,54.55,54.55,62.50,62.50
Botswana,BWA,20200612,2.00,0,1.00,1,1.00,1,3.00,1,0.00,,1.00,1,2.00,0,4.00,1.00,0,2.00,0.00,0.00,2.00,1,1.00,1.00,0.00,0.00,,48,1,57.41,57.41,63.81,63.81,55.77,55.77,54.55,54.55,62.50,62.50
Botswana,BWA,20200613,3.00,0,3.00,0,2.00,1,3.00,1,0.00,,3.00,0,2.00,0,4.00,1.00,0,2.00,0.00,0.00,2.00,1,1.00,1.00,0.00,0.00,,60,1,77.78,77.78,75.00,75.00,69.87,69.87,71.21,71.21,62.50,62.50
Botswana,BWA,20200614,3.00,0,3.00,0,2.00,1,3.00,1,0.00,,3.00,0,2.00,0,4.00,1.00,0,2.00,0.00,0.00,2.00,1,1.00,1.00,0.00,0.00,,60,1,77.78,77.78,75.00,75.00,69.87,69.87,71.21,71.21,62.50,62.50
Botswana,BWA,20200615,3.00,0,3.00,0,2.00,1,3.00,1,0.00,,3.00,0,2.00,0,4.00,1.00,0,2.00,0.00,0.00,2.00,1,1.00,1.00,0.00,0.00,,60,1,77.78,77.78,75.00,75.00,69.87,69.87,71.21,71.21,62.50,62.50
Botswana,BWA,20200616,2.00,0,1.00,1,1.00,1,3.00,1,0.00,,1.00,1,2.00,0,4.00,1.00,0,2.00,0.00,0.00,2.00,1,1.00,1.00,0.00,0.00,,60,1,57.41,57.41,63.81,63.81,55.77,55.77,54.55,54.55,62.50,62.50
Botswana,BWA,20200617,2.00,0,1.00,1,1.00,1,3.00,1,0.00,,1.00,1,2.00,0,4.00,1.00,0,2.00,0.00,0.00,2.00,1,1.00,1.00,0.00,0.00,,60,1,57.41,57.41,63.81,63.81,55.77,55.77,54.55,54.55,62.50,62.50
Botswana,BWA,20200618,2.00,0,1.00,1,1.00,1,3.00,1,0.00,,1.00,1,2.00,0,4.00,1.00,0,2.00,0.00,0.00,2.00,1,1.00,1.00,0.00,0.00,,60,1,57.41,57.41,63.81,63.81,55.77,55.77,54.55,54.55,62.50,62.50
Botswana,BWA,20200619,2.00,0,1.00,1,1.00,1,3.00,1,0.00,,1.00,1,2.00,0,4.00,1.00,0,2.00,0.00,0.00,2.00,1,1.00,1.00,0.00,0.00,,79,1,57.41,57.41,63.81,63.81,55.77,55.77,54.55,54.55,62.50,62.50
Botswana,BWA,20200620,2.00,0,1.00,1,1.00,1,3.00,1,0.00,,1.00,1,2.00,0,4.00,1.00,0,2.00,0.00,0.00,2.00,1,1.00,1.00,0.00,0.00,,89,1,57.41,57.41,63.81,63.81,55.77,55.77,54.55,54.55,62.50,62.50
Botswana,BWA,20200621,2.00,0,1.00,1,1.00,1,3.00,1,0.00,,1.00,1,2.00,0,4.00,1.00,0,2.00,0.00,0.00,2.00,1,1.00,1.00,0.00,0.00,,89,1,57.41,57.41,63.81,63.81,55.77,55.77,54.55,54.55,62.50,62.50
Botswana,BWA,20200622,2.00,0,1.00,1,1.00,1,3.00,1,0.00,,1.00,1,2.00,0,4.00,1.00,0,2.00,0.00,0.00,2.00,1,1.00,1.00,0.00,0.00,,89,1,57.41,57.41,63.81,63.81,55.77,55.77,54.55,54.55,62.50,62.50
Botswana,BWA,20200623,,,,,,,,,,,,,,,,,,,,,,,,,,,,89,1,,57.41,,63.81,,55.77,,54.55,,62.50
