Brazil,BRA,20200101,0.00,,0.00,,0.00,,0.00,,0.00,,0.00,,0.00,,0.00,0.00,,0.00,0.00,0.00,0.00,,0.00,0.00,0.00,0.00,,0,0,0.00,0.00,0.00,0.00,0.00,0.00,0.00,0.00,0.00,0.00
Brazil,BRA,20200102,0.00,,0.00,,0.00,,0.00,,0.00,,0.00,,0.00,,0.00,0.00,,0.00,0.00,0.00,0.00,,0.00,0.00,0.00,0.00,,0,0,0.00,0.00,0.00,0.00,0.00,0.00,0.00,0.00,0.00,0.00
Brazil,BRA,20200103,0.00,,0.00,,0.00,,0.00,,0.00,,0.00,,0.00,,0.00,0.00,,0.00,0.00,0.00,0.00,,0.00,0.00,0.00,0.00,,0,0,0.00,0.00,0.00,0.00,0.00,0.00,0.00,0.00,0.00,0.00
Brazil,BRA,20200104,0.00,,0.00,,0.00,,0.00,,0.00,,0.00,,0.00,,0.00,0.00,,0.00,0.00,0.00,0.00,,0.00,0.00,0.00,0.00,,0,0,0.00,0.00,0.00,0.00,0.00,0.00,0.00,0.00,0.00,0.00
Brazil,BRA,20200105,0.00,,0.00,,0.00,,0.00,,0.00,,0.00,,0.00,,0.00,0.00,,0.00,0.00,0.00,0.00,,0.00,0.00,0.00,0.00,,0,0,0.00,0.00,0.00,0.00,0.00,0.00,0.00,0.00,0.00,0.00
Brazil,BRA,20200106,0.00,,0.00,,0.00,,0.00,,0.00,,0.00,,0.00,,0.00,0.00,,0.00,0.00,0.00,0.00,,0.00,0.00,0.00,0.00,,0,0,0.00,0.00,0.00,0.00,0.00,0.00,0.00,0.00,0.00,0.00
Brazil,BRA,20200107,0.00,,0.00,,0.00,,0.00,,0.00,,0.00,,0.00,,0.00,0.00,,0.00,0.00,0.00,0.00,,0.00,0.00,0.00,0.00,,0,0,0.00,0.00,0.00,0.00,0.00,0.00,0.00,0.00,0.00,0.00
Brazil,BRA,20200108,0.00,,0.00,,0.00,,0.00,,0.00,,0.00,,0.00,,0.00,0.00,,0.00,0.00,0.00,0.00,,0.00,0.00,0.00,0.00,,0,0,0.00,0.00,0.00,0.00,0.00,0.00,0.00,0.00,0.00,0.00
Brazil,BRA,20200109,0.00,,0.00,,0.00,,0.00,,0.00,,0.00,,0.00,,0.00,0.00,,0.00,0.00,0.00,0.00,,0.00,0.00,0.00,0.00,,0,0,0.00,0.00,0.00,0.00,0.00,0.00,0.00,0.00,0.00,0.00
Brazil,BRA,20200110,0.00,,0.00,,0.00,,0.00,,0.00,,0.00,,0.00,,0.00,0.00,,0.00,0.00,0.00,0.00,,0.00,0.00,0.00,0.00,,0,0,0.00,0.00,0.00,0.00,0.00,0.00,0.00,0.00,0.00,0.00
Brazil,BRA,20200111,0.00,,0.00,,0.00,,0.00,,0.00,,0.00,,0.00,,0.00,0.00,,0.00,0.00,0.00,0.00,,0.00,0.00,0.00,0.00,,0,0,0.00,0.00,0.00,0.00,0.00,0.00,0.00,0.00,0.00,0.00
Brazil,BRA,20200112,0.00,,0.00,,0.00,,0.00,,0.00,,0.00,,0.00,,0.00,0.00,,0.00,0.00,0.00,0.00,,0.00,0.00,0.00,0.00,,0,0,0.00,0.00,0.00,0.00,0.00,0.00,0.00,0.00,0.00,0.00
Brazil,BRA,20200113,0.00,,0.00,,0.00,,0.00,,0.00,,0.00,,0.00,,0.00,0.00,,0.00,0.00,0.00,0.00,,0.00,0.00,0.00,0.00,,0,0,0.00,0.00,0.00,0.00,0.00,0.00,0.00,0.00,0.00,0.00
Brazil,BRA,20200114,0.00,,0.00,,0.00,,0.00,,0.00,,0.00,,0.00,,0.00,0.00,,0.00,0.00,0.00,0.00,,0.00,0.00,0.00,0.00,,0,0,0.00,0.00,0.00,0.00,0.00,0.00,0.00,0.00,0.00,0.00
Brazil,BRA,20200115,0.00,,0.00,,0.00,,0.00,,0.00,,0.00,,0.00,,0.00,0.00,,0.00,0.00,0.00,0.00,,0.00,0.00,0.00,0.00,,0,0,0.00,0.00,0.00,0.00,0.00,0.00,0.00,0.00,0.00,0.00
Brazil,BRA,20200116,0.00,,0.00,,0.00,,0.00,,0.00,,0.00,,0.00,,0.00,0.00,,0.00,0.00,0.00,0.00,,0.00,0.00,0.00,0.00,,0,0,0.00,0.00,0.00,0.00,0.00,0.00,0.00,0.00,0.00,0.00
Brazil,BRA,20200117,0.00,,0.00,,0.00,,0.00,,0.00,,0.00,,0.00,,0.00,0.00,,0.00,0.00,0.00,0.00,,0.00,0.00,0.00,0.00,,0,0,0.00,0.00,0.00,0.00,0.00,0.00,0.00,0.00,0.00,0.00
Brazil,BRA,20200118,0.00,,0.00,,0.00,,0.00,,0.00,,0.00,,0.00,,0.00,0.00,,0.00,0.00,0.00,0.00,,0.00,0.00,0.00,0.00,,0,0,0.00,0.00,0.00,0.00,0.00,0.00,0.00,0.00,0.00,0.00
Brazil,BRA,20200119,0.00,,0.00,,0.00,,0.00,,0.00,,0.00,,0.00,,0.00,0.00,,0.00,0.00,0.00,0.00,,0.00,0.00,0.00,0.00,,0,0,0.00,0.00,0.00,0.00,0.00,0.00,0.00,0.00,0.00,0.00
Brazil,BRA,20200120,0.00,,0.00,,0.00,,0.00,,0.00,,0.00,,0.00,,0.00,0.00,,0.00,0.00,0.00,0.00,,0.00,0.00,0.00,0.00,,0,0,0.00,0.00,0.00,0.00,0.00,0.00,0.00,0.00,0.00,0.00
Brazil,BRA,20200121,0.00,,0.00,,0.00,,0.00,,0.00,,0.00,,0.00,,0.00,0.00,,0.00,0.00,0.00,0.00,,0.00,0.00,0.00,0.00,,0,0,0.00,0.00,0.00,0.00,0.00,0.00,0.00,0.00,0.00,0.00
Brazil,BRA,20200122,0.00,,0.00,,0.00,,0.00,,0.00,,0.00,,0.00,,0.00,0.00,,0.00,0.00,0.00,0.00,,0.00,0.00,0.00,0.00,,0,0,0.00,0.00,0.00,0.00,0.00,0.00,0.00,0.00,0.00,0.00
Brazil,BRA,20200123,0.00,,0.00,,0.00,,0.00,,0.00,,0.00,,0.00,,0.00,0.00,,0.00,0.00,0.00,0.00,,1.00,0.00,0.00,0.00,,0,0,0.00,0.00,0.00,0.00,2.56,2.56,3.03,3.03,0.00,0.00
Brazil,BRA,20200124,0.00,,0.00,,0.00,,0.00,,0.00,,0.00,,0.00,,0.00,0.00,,0.00,0.00,0.00,0.00,,1.00,0.00,0.00,0.00,,0,0,0.00,0.00,0.00,0.00,2.56,2.56,3.03,3.03,0.00,0.00
Brazil,BRA,20200125,0.00,,0.00,,0.00,,0.00,,0.00,,0.00,,0.00,,0.00,0.00,,0.00,0.00,0.00,0.00,,1.00,0.00,0.00,0.00,,0,0,0.00,0.00,0.00,0.00,2.56,2.56,3.03,3.03,0.00,0.00
Brazil,BRA,20200126,0.00,,0.00,,0.00,,0.00,,0.00,,0.00,,0.00,,0.00,0.00,,0.00,0.00,0.00,0.00,,1.00,0.00,0.00,0.00,,0,0,0.00,0.00,0.00,0.00,2.56,2.56,3.03,3.03,0.00,0.00
Brazil,BRA,20200127,0.00,,0.00,,0.00,,0.00,,0.00,,0.00,,0.00,,0.00,0.00,,0.00,0.00,0.00,0.00,,1.00,0.00,0.00,0.00,,0,0,0.00,0.00,0.00,0.00,2.56,2.56,3.03,3.03,0.00,0.00
Brazil,BRA,20200128,0.00,,0.00,,0.00,,0.00,,0.00,,0.00,,0.00,,0.00,0.00,,0.00,0.00,0.00,0.00,,1.00,0.00,0.00,0.00,,0,0,0.00,0.00,0.00,0.00,2.56,2.56,3.03,3.03,0.00,0.00
Brazil,BRA,20200129,0.00,,0.00,,0.00,,0.00,,0.00,,0.00,,0.00,,0.00,0.00,,0.00,0.00,0.00,1.00,1,1.00,0.00,0.00,0.00,,0,0,5.56,5.56,9.52,9.52,6.41,6.41,7.58,7.58,0.00,0.00
Brazil,BRA,20200130,0.00,,0.00,,0.00,,0.00,,0.00,,0.00,,0.00,,0.00,0.00,,0.00,0.00,0.00,1.00,1,1.00,0.00,0.00,0.00,,0,0,5.56,5.56,9.52,9.52,6.41,6.41,7.58,7.58,0.00,0.00
Brazil,BRA,20200131,0.00,,0.00,,0.00,,0.00,,0.00,,0.00,,0.00,,0.00,0.00,,0.00,0.00,0.00,1.00,1,1.00,0.00,0.00,0.00,,0,0,5.56,5.56,9.52,9.52,6.41,6.41,7.58,7.58,0.00,0.00
Brazil,BRA,20200201,0.00,,0.00,,0.00,,0.00,,0.00,,0.00,,0.00,,0.00,0.00,,0.00,0.00,0.00,1.00,1,1.00,0.00,0.00,0.00,,0,0,5.56,5.56,9.52,9.52,6.41,6.41,7.58,7.58,0.00,0.00
Brazil,BRA,20200202,0.00,,0.00,,0.00,,0.00,,0.00,,0.00,,0.00,,0.00,0.00,,0.00,0.00,0.00,1.00,1,1.00,0.00,0.00,0.00,,0,0,5.56,5.56,9.52,9.52,6.41,6.41,7.58,7.58,0.00,0.00
Brazil,BRA,20200203,0.00,,0.00,,0.00,,0.00,,0.00,,0.00,,0.00,,0.00,0.00,,0.00,0.00,0.00,1.00,1,1.00,0.00,0.00,0.00,,0,0,5.56,5.56,9.52,9.52,6.41,6.41,7.58,7.58,0.00,0.00
Brazil,BRA,20200204,0.00,,0.00,,0.00,,0.00,,0.00,,0.00,,0.00,,0.00,0.00,,0.00,0.00,0.00,1.00,1,1.00,0.00,0.00,0.00,,0,0,5.56,5.56,9.52,9.52,6.41,6.41,7.58,7.58,0.00,0.00
Brazil,BRA,20200205,0.00,,0.00,,0.00,,0.00,,0.00,,0.00,,0.00,,0.00,0.00,,0.00,0.00,0.00,1.00,1,1.00,0.00,0.00,0.00,,0,0,5.56,5.56,9.52,9.52,6.41,6.41,7.58,7.58,0.00,0.00
Brazil,BRA,20200206,0.00,,0.00,,0.00,,0.00,,0.00,,0.00,,0.00,,0.00,0.00,,0.00,0.00,0.00,1.00,1,1.00,0.00,0.00,0.00,,0,0,5.56,5.56,9.52,9.52,6.41,6.41,7.58,7.58,0.00,0.00
Brazil,BRA,20200207,0.00,,0.00,,0.00,,0.00,,0.00,,0.00,,0.00,,0.00,0.00,,0.00,0.00,0.00,1.00,1,1.00,0.00,0.00,0.00,,0,0,5.56,5.56,9.52,9.52,6.41,6.41,7.58,7.58,0.00,0.00
Brazil,BRA,20200208,0.00,,0.00,,0.00,,0.00,,0.00,,0.00,,0.00,,0.00,0.00,,0.00,0.00,0.00,1.00,1,1.00,0.00,0.00,0.00,,0,0,5.56,5.56,9.52,9.52,6.41,6.41,7.58,7.58,0.00,0.00
Brazil,BRA,20200209,0.00,,0.00,,0.00,,0.00,,0.00,,0.00,,0.00,,0.00,0.00,,0.00,0.00,0.00,1.00,1,1.00,0.00,0.00,0.00,,0,0,5.56,5.56,9.52,9.52,6.41,6.41,7.58,7.58,0.00,0.00
Brazil,BRA,20200210,0.00,,0.00,,0.00,,0.00,,0.00,,0.00,,0.00,,0.00,0.00,,0.00,0.00,0.00,1.00,1,1.00,0.00,0.00,0.00,,0,0,5.56,5.56,9.52,9.52,6.41,6.41,7.58,7.58,0.00,0.00
Brazil,BRA,20200211,0.00,,0.00,,0.00,,0.00,,0.00,,0.00,,0.00,,0.00,0.00,,0.00,0.00,0.00,1.00,1,1.00,0.00,0.00,0.00,,0,0,5.56,5.56,9.52,9.52,6.41,6.41,7.58,7.58,0.00,0.00
Brazil,BRA,20200212,0.00,,0.00,,0.00,,0.00,,0.00,,0.00,,0.00,,0.00,0.00,,0.00,0.00,0.00,1.00,1,1.00,0.00,0.00,0.00,,0,0,5.56,5.56,9.52,9.52,6.41,6.41,7.58,7.58,0.00,0.00
Brazil,BRA,20200213,0.00,,0.00,,0.00,,0.00,,0.00,,0.00,,0.00,,0.00,0.00,,0.00,0.00,0.00,1.00,1,1.00,0.00,0.00,0.00,,0,0,5.56,5.56,9.52,9.52,6.41,6.41,7.58,7.58,0.00,0.00
Brazil,BRA,20200214,0.00,,0.00,,0.00,,0.00,,0.00,,0.00,,0.00,,0.00,0.00,,0.00,0.00,0.00,1.00,1,1.00,0.00,0.00,0.00,,0,0,5.56,5.56,9.52,9.52,6.41,6.41,7.58,7.58,0.00,0.00
Brazil,BRA,20200215,0.00,,0.00,,0.00,,0.00,,0.00,,0.00,,0.00,,0.00,0.00,,0.00,0.00,0.00,1.00,1,1.00,0.00,0.00,0.00,,0,0,5.56,5.56,9.52,9.52,6.41,6.41,7.58,7.58,0.00,0.00
Brazil,BRA,20200216,0.00,,0.00,,0.00,,0.00,,0.00,,0.00,,0.00,,0.00,0.00,,0.00,0.00,0.00,1.00,1,1.00,0.00,0.00,0.00,,0,0,5.56,5.56,9.52,9.52,6.41,6.41,7.58,7.58,0.00,0.00
Brazil,BRA,20200217,0.00,,0.00,,0.00,,0.00,,0.00,,0.00,,0.00,,0.00,0.00,,0.00,0.00,0.00,1.00,1,1.00,0.00,0.00,0.00,,0,0,5.56,5.56,9.52,9.52,6.41,6.41,7.58,7.58,0.00,0.00
Brazil,BRA,20200218,0.00,,0.00,,0.00,,0.00,,0.00,,0.00,,0.00,,0.00,0.00,,0.00,0.00,0.00,1.00,1,1.00,0.00,0.00,0.00,,0,0,5.56,5.56,9.52,9.52,6.41,6.41,7.58,7.58,0.00,0.00
Brazil,BRA,20200219,0.00,,0.00,,0.00,,0.00,,0.00,,0.00,,0.00,,0.00,0.00,,0.00,0.00,0.00,1.00,1,1.00,0.00,0.00,0.00,,0,0,5.56,5.56,9.52,9.52,6.41,6.41,7.58,7.58,0.00,0.00
Brazil,BRA,20200220,0.00,,0.00,,0.00,,0.00,,0.00,,0.00,,0.00,,0.00,0.00,,0.00,0.00,0.00,1.00,1,1.00,0.00,0.00,0.00,,0,0,5.56,5.56,9.52,9.52,6.41,6.41,7.58,7.58,0.00,0.00
Brazil,BRA,20200221,0.00,,0.00,,0.00,,0.00,,0.00,,0.00,,0.00,,0.00,0.00,,0.00,0.00,0.00,1.00,1,1.00,0.00,0.00,0.00,,0,0,5.56,5.56,9.52,9.52,6.41,6.41,7.58,7.58,0.00,0.00
Brazil,BRA,20200222,0.00,,0.00,,0.00,,0.00,,0.00,,0.00,,0.00,,0.00,0.00,,0.00,0.00,0.00,1.00,1,1.00,0.00,0.00,0.00,,0,0,5.56,5.56,9.52,9.52,6.41,6.41,7.58,7.58,0.00,0.00
Brazil,BRA,20200223,0.00,,0.00,,0.00,,0.00,,0.00,,0.00,,0.00,,0.00,0.00,,0.00,0.00,0.00,1.00,1,1.00,0.00,0.00,0.00,,0,0,5.56,5.56,9.52,9.52,6.41,6.41,7.58,7.58,0.00,0.00
Brazil,BRA,20200224,0.00,,0.00,,0.00,,0.00,,0.00,,0.00,,0.00,,0.00,0.00,,0.00,0.00,0.00,1.00,1,1.00,0.00,0.00,0.00,,0,0,5.56,5.56,9.52,9.52,6.41,6.41,7.58,7.58,0.00,0.00
Brazil,BRA,20200225,0.00,,0.00,,0.00,,0.00,,0.00,,0.00,,0.00,,0.00,0.00,,0.00,0.00,0.00,1.00,1,1.00,0.00,0.00,0.00,,0,0,5.56,5.56,9.52,9.52,6.41,6.41,7.58,7.58,0.00,0.00
Brazil,BRA,20200226,0.00,,0.00,,0.00,,0.00,,0.00,,0.00,,0.00,,0.00,0.00,,0.00,0.00,0.00,1.00,1,1.00,0.00,0.00,0.00,,1,0,5.56,5.56,9.52,9.52,6.41,6.41,7.58,7.58,0.00,0.00
Brazil,BRA,20200227,0.00,,0.00,,0.00,,0.00,,0.00,,0.00,,0.00,,0.00,0.00,,0.00,0.00,0.00,1.00,1,1.00,0.00,0.00,0.00,,1,0,5.56,5.56,9.52,9.52,6.41,6.41,7.58,7.58,0.00,0.00
Brazil,BRA,20200228,0.00,,0.00,,0.00,,0.00,,0.00,,0.00,,0.00,,0.00,0.00,,0.00,0.00,0.00,1.00,1,1.00,0.00,0.00,0.00,,1,0,5.56,5.56,9.52,9.52,6.41,6.41,7.58,7.58,0.00,0.00
Brazil,BRA,20200229,0.00,,0.00,,0.00,,0.00,,0.00,,0.00,,0.00,,0.00,0.00,,0.00,0.00,0.00,1.00,1,1.00,0.00,0.00,0.00,,1,0,5.56,5.56,9.52,9.52,6.41,6.41,7.58,7.58,0.00,0.00
Brazil,BRA,20200301,0.00,,0.00,,0.00,,0.00,,0.00,,0.00,,0.00,,0.00,0.00,,0.00,0.00,0.00,1.00,1,1.00,0.00,0.00,0.00,,2,0,5.56,5.56,9.52,9.52,6.41,6.41,7.58,7.58,0.00,0.00
Brazil,BRA,20200302,0.00,,0.00,,0.00,,0.00,,0.00,,0.00,,0.00,,0.00,0.00,,0.00,0.00,0.00,2.00,1,1.00,0.00,0.00,0.00,,2,0,11.11,11.11,14.29,14.29,10.26,10.26,12.12,12.12,0.00,0.00
Brazil,BRA,20200303,0.00,,0.00,,0.00,,0.00,,0.00,,0.00,,0.00,,0.00,0.00,,0.00,0.00,0.00,2.00,1,1.00,0.00,0.00,0.00,,2,0,11.11,11.11,14.29,14.29,10.26,10.26,12.12,12.12,0.00,0.00
Brazil,BRA,20200304,0.00,,0.00,,0.00,,0.00,,0.00,,0.00,,0.00,,0.00,0.00,,0.00,0.00,0.00,2.00,1,1.00,0.00,0.00,0.00,,2,0,11.11,11.11,14.29,14.29,10.26,10.26,12.12,12.12,0.00,0.00
Brazil,BRA,20200305,0.00,,0.00,,0.00,,0.00,,0.00,,0.00,,0.00,,0.00,0.00,,0.00,0.00,0.00,2.00,1,1.00,0.00,0.00,0.00,,3,0,11.11,11.11,14.29,14.29,10.26,10.26,12.12,12.12,0.00,0.00
Brazil,BRA,20200306,0.00,,0.00,,0.00,,0.00,,0.00,,0.00,,0.00,,0.00,0.00,,0.00,0.00,0.00,2.00,1,1.00,0.00,0.00,0.00,,8,0,11.11,11.11,14.29,14.29,10.26,10.26,12.12,12.12,0.00,0.00
Brazil,BRA,20200307,0.00,,0.00,,0.00,,0.00,,0.00,,0.00,,0.00,,0.00,0.00,,0.00,0.00,0.00,2.00,1,1.00,0.00,0.00,0.00,,13,0,11.11,11.11,14.29,14.29,10.26,10.26,12.12,12.12,0.00,0.00
Brazil,BRA,20200308,0.00,,0.00,,0.00,,0.00,,0.00,,0.00,,0.00,,0.00,0.00,,0.00,0.00,0.00,2.00,1,1.00,0.00,0.00,0.00,,13,0,11.11,11.11,14.29,14.29,10.26,10.26,12.12,12.12,0.00,0.00
Brazil,BRA,20200309,0.00,,0.00,,0.00,,0.00,,0.00,,0.00,,0.00,,0.00,0.00,,0.00,0.00,0.00,2.00,1,1.00,0.00,0.00,0.00,,25,0,11.11,11.11,14.29,14.29,10.26,10.26,12.12,12.12,0.00,0.00
Brazil,BRA,20200310,0.00,,0.00,,0.00,,0.00,,0.00,,0.00,,0.00,,0.00,0.00,,0.00,0.00,0.00,2.00,1,1.00,0.00,0.00,0.00,,25,0,11.11,11.11,14.29,14.29,10.26,10.26,12.12,12.12,0.00,0.00
Brazil,BRA,20200311,0.00,,0.00,,0.00,,0.00,,0.00,,0.00,,0.00,,0.00,0.00,,0.00,0.00,0.00,2.00,1,1.00,0.00,0.00,0.00,,34,0,11.11,11.11,14.29,14.29,10.26,10.26,12.12,12.12,0.00,0.00
Brazil,BRA,20200312,3.00,0,0.00,,2.00,0,0.00,,0.00,,0.00,,0.00,,0.00,0.00,,0.00,0.00,0.00,2.00,1,1.00,0.00,0.00,0.00,,52,0,28.70,28.70,34.52,34.52,22.44,22.44,26.52,26.52,0.00,0.00
Brazil,BRA,20200313,3.00,0,1.00,0,2.00,0,0.00,,0.00,,1.00,0,0.00,,2.00,0.00,,0.00,0.00,0.00,2.00,1,1.00,0.00,0.00,0.00,,77,0,37.96,37.96,48.81,48.81,28.85,28.85,34.09,34.09,0.00,0.00
Brazil,BRA,20200314,3.00,0,1.00,0,2.00,0,2.00,0,0.00,,1.00,0,0.00,,2.00,0.00,,0.00,0.00,0.00,2.00,1,1.00,0.00,0.00,0.00,,98,0,42.13,42.13,48.81,48.81,31.73,31.73,37.50,37.50,0.00,0.00
Brazil,BRA,20200315,3.00,0,1.00,0,2.00,0,2.00,0,0.00,,1.00,0,0.00,,2.00,0.00,,0.00,0.00,0.00,2.00,1,1.00,0.00,0.00,0.00,,121,0,42.13,42.13,48.81,48.81,31.73,31.73,37.50,37.50,0.00,0.00
Brazil,BRA,20200316,3.00,0,1.00,0,2.00,0,2.00,0,0.00,,1.00,0,0.00,,2.00,0.00,,0.00,0.00,0.00,2.00,1,1.00,0.00,0.00,0.00,,200,0,42.13,42.13,48.81,48.81,31.73,31.73,37.50,37.50,0.00,0.00
Brazil,BRA,20200317,3.00,0,3.00,0,2.00,0,2.00,0,0.00,,1.00,0,2.00,0,2.00,0.00,,1.00,0.00,0.00,2.00,1,1.00,0.00,0.00,0.00,,234,0,57.87,57.87,61.90,61.90,46.47,46.47,50.38,50.38,25.00,25.00
Brazil,BRA,20200318,3.00,0,3.00,0,2.00,0,3.00,0,0.00,,1.00,0,2.00,0,2.00,0.00,,1.00,32243799400.00,0.00,2.00,1,1.00,0.00,878843714.00,0.00,,291,1,60.65,60.65,61.90,61.90,48.40,48.40,52.65,52.65,25.00,25.00
Brazil,BRA,20200319,3.00,0,3.00,0,2.00,0,3.00,0,1.00,0,1.00,0,2.00,0,3.00,0.00,,1.00,1943482646.00,0.00,2.00,1,1.00,0.00,0.00,0.00,,428,4,66.20,66.20,70.24,70.24,52.24,52.24,57.20,57.20,25.00,25.00
Brazil,BRA,20200320,3.00,0,3.00,0,2.00,0,3.00,0,1.00,0,1.00,0,2.00,0,3.00,0.00,,1.00,0.00,0.00,2.00,1,1.00,0.00,0.00,0.00,,621,6,66.20,66.20,70.24,70.24,52.24,52.24,57.20,57.20,25.00,25.00
Brazil,BRA,20200321,3.00,0,3.00,0,2.00,0,3.00,0,2.00,0,1.00,0,2.00,0,3.00,0.00,,1.00,0.00,0.00,2.00,1,1.00,0.00,0.00,0.00,,904,11,71.76,71.76,75.00,75.00,56.09,56.09,61.74,61.74,25.00,25.00
Brazil,BRA,20200322,3.00,0,3.00,0,2.00,0,3.00,0,2.00,0,1.00,0,2.00,0,3.00,0.00,,1.00,10862120914.00,0.00,2.00,1,1.00,0.00,0.00,0.00,,1128,18,71.76,71.76,75.00,75.00,56.09,56.09,61.74,61.74,25.00,25.00
Brazil,BRA,20200323,3.00,0,3.00,0,2.00,0,3.00,0,2.00,0,1.00,0,2.00,0,3.00,0.00,,1.00,15641501267.00,0.00,2.00,1,1.00,0.00,1560249503.00,0.00,,1546,25,71.76,71.76,75.00,75.00,56.09,56.09,61.74,61.74,25.00,25.00
Brazil,BRA,20200324,3.00,0,3.00,0,2.00,0,3.00,0,2.00,0,1.00,0,2.00,0,3.00,0.00,,1.00,0.00,0.00,2.00,1,1.00,0.00,0.00,0.00,,1891,34,71.76,71.76,75.00,75.00,56.09,56.09,61.74,61.74,25.00,25.00
Brazil,BRA,20200325,3.00,0,3.00,0,2.00,0,3.00,0,2.00,0,1.00,0,2.00,0,3.00,0.00,,1.00,672417811.00,0.00,2.00,1,1.00,0.00,0.00,0.00,,2201,46,71.76,71.76,75.00,75.00,56.09,56.09,61.74,61.74,25.00,25.00
Brazil,BRA,20200326,3.00,0,3.00,0,2.00,0,3.00,0,2.00,0,1.00,0,2.00,0,3.00,0.00,,1.00,0.00,0.00,2.00,1,1.00,0.00,0.00,0.00,,2433,57,71.76,71.76,75.00,75.00,56.09,56.09,61.74,61.74,25.00,25.00
Brazil,BRA,20200327,3.00,0,3.00,0,2.00,0,3.00,0,2.00,0,1.00,0,2.00,0,4.00,0.00,,1.00,0.00,0.00,2.00,1,1.00,0.00,0.00,0.00,,2915,77,74.54,74.54,78.57,78.57,58.01,58.01,64.02,64.02,25.00,25.00
Brazil,BRA,20200328,3.00,0,3.00,0,2.00,0,3.00,0,2.00,0,1.00,0,2.00,0,4.00,0.00,,1.00,0.00,0.00,2.00,1,1.00,0.00,0.00,0.00,,3417,92,74.54,74.54,78.57,78.57,58.01,58.01,64.02,64.02,25.00,25.00
Brazil,BRA,20200329,3.00,0,3.00,0,2.00,0,3.00,0,2.00,0,1.00,0,2.00,0,4.00,0.00,,1.00,0.00,0.00,2.00,1,1.00,0.00,0.00,0.00,,3904,114,74.54,74.54,78.57,78.57,58.01,58.01,64.02,64.02,25.00,25.00
Brazil,BRA,20200330,3.00,0,3.00,0,2.00,0,3.00,0,2.00,0,1.00,0,2.00,0,4.00,0.00,,1.00,0.00,0.00,2.00,1,1.00,0.00,0.00,0.00,,4256,136,74.54,74.54,78.57,78.57,58.01,58.01,64.02,64.02,25.00,25.00
Brazil,BRA,20200331,3.00,0,3.00,0,2.00,0,3.00,0,2.00,0,1.00,0,2.00,0,4.00,0.00,,1.00,0.00,0.00,2.00,1,1.00,0.00,187045000.00,0.00,,4579,159,74.54,74.54,78.57,78.57,58.01,58.01,64.02,64.02,25.00,25.00
Brazil,BRA,20200401,3.00,0,3.00,0,2.00,0,3.00,0,2.00,0,1.00,0,2.00,0,4.00,0.00,,1.00,117839000000.00,0.00,2.00,1,1.00,0.00,0.00,0.00,,5717,201,74.54,74.54,78.57,78.57,58.01,58.01,64.02,64.02,25.00,25.00
Brazil,BRA,20200402,3.00,0,3.00,0,2.00,0,3.00,0,2.00,0,1.00,0,2.00,0,4.00,1.00,1,1.00,125175000.00,0.00,2.00,1,1.00,0.00,9191176.00,0.00,,6836,241,74.54,74.54,78.57,78.57,61.86,61.86,64.02,64.02,50.00,50.00
Brazil,BRA,20200403,3.00,0,3.00,0,2.00,0,3.00,0,2.00,0,1.00,0,2.00,0,4.00,1.00,1,1.00,0.00,0.00,2.00,1,1.00,0.00,1758230000.00,0.00,,7910,299,74.54,74.54,78.57,78.57,61.86,61.86,64.02,64.02,50.00,50.00
Brazil,BRA,20200404,3.00,0,3.00,0,2.00,0,3.00,0,2.00,0,1.00,0,2.00,0,4.00,1.00,1,1.00,0.00,0.00,2.00,1,1.00,0.00,0.00,0.00,,9056,359,74.54,74.54,78.57,78.57,61.86,61.86,64.02,64.02,50.00,50.00
Brazil,BRA,20200405,3.00,0,3.00,0,2.00,0,3.00,0,2.00,0,1.00,0,2.00,0,4.00,1.00,1,1.00,0.00,0.00,2.00,1,1.00,0.00,0.00,0.00,,10278,432,74.54,74.54,78.57,78.57,61.86,61.86,64.02,64.02,50.00,50.00
Brazil,BRA,20200406,3.00,0,3.00,0,2.00,0,3.00,0,2.00,0,1.00,0,2.00,0,4.00,1.00,1,1.00,0.00,0.00,2.00,1,1.00,0.00,0.00,0.00,,11130,486,74.54,74.54,78.57,78.57,61.86,61.86,64.02,64.02,50.00,50.00
Brazil,BRA,20200407,3.00,0,3.00,0,2.00,0,3.00,0,2.00,0,1.00,0,2.00,0,4.00,1.00,1,1.00,0.00,0.00,2.00,1,1.00,0.00,0.00,0.00,,12056,553,74.54,74.54,78.57,78.57,61.86,61.86,64.02,64.02,50.00,50.00
Brazil,BRA,20200408,3.00,0,3.00,0,2.00,0,3.00,0,2.00,0,1.00,0,2.00,0,4.00,1.00,1,1.00,783527.00,0.00,2.00,1,1.00,0.00,63171900.00,0.00,,13717,667,74.54,74.54,78.57,78.57,61.86,61.86,64.02,64.02,50.00,50.00
Brazil,BRA,20200409,3.00,0,3.00,0,2.00,0,3.00,0,2.00,0,1.00,0,2.00,0,4.00,1.00,1,1.00,0.00,0.00,2.00,1,1.00,0.00,1958820.00,0.00,,15927,800,74.54,74.54,78.57,78.57,61.86,61.86,64.02,64.02,50.00,50.00
Brazil,BRA,20200410,3.00,0,3.00,0,2.00,0,3.00,0,2.00,0,1.00,0,2.00,0,4.00,1.00,1,1.00,0.00,0.00,2.00,1,1.00,0.00,783527000.00,0.00,,17857,941,74.54,74.54,78.57,78.57,61.86,61.86,64.02,64.02,50.00,50.00
Brazil,BRA,20200411,3.00,0,3.00,0,2.00,0,3.00,0,2.00,0,1.00,0,2.00,0,4.00,1.00,1,1.00,0.00,0.00,2.00,1,1.00,0.00,2355300.00,0.00,,19638,1056,74.54,74.54,78.57,78.57,61.86,61.86,64.02,64.02,50.00,50.00
Brazil,BRA,20200412,3.00,0,3.00,0,2.00,0,3.00,0,2.00,0,1.00,0,2.00,0,4.00,1.00,1,1.00,0.00,0.00,2.00,1,1.00,0.00,0.00,0.00,,20727,1124,74.54,74.54,78.57,78.57,61.86,61.86,64.02,64.02,50.00,50.00
Brazil,BRA,20200413,3.00,0,3.00,0,2.00,0,3.00,0,2.00,0,1.00,0,2.00,0,4.00,1.00,1,1.00,0.00,0.00,2.00,1,1.00,0.00,50157800.00,0.00,,22169,1223,74.54,74.54,78.57,78.57,61.86,61.86,64.02,64.02,50.00,50.00
Brazil,BRA,20200414,3.00,0,3.00,0,2.00,0,3.00,0,2.00,0,1.00,0,2.00,0,4.00,1.00,1,1.00,0.00,0.00,2.00,1,1.00,0.00,28097700.00,0.00,,23430,1328,74.54,74.54,78.57,78.57,61.86,61.86,64.02,64.02,50.00,50.00
Brazil,BRA,20200415,3.00,0,3.00,0,2.00,0,3.00,0,2.00,0,1.00,0,2.00,0,4.00,1.00,1,1.00,0.00,0.00,2.00,1,1.00,0.00,7973660.00,0.00,,25262,1532,74.54,74.54,78.57,78.57,61.86,61.86,64.02,64.02,50.00,50.00
Brazil,BRA,20200416,3.00,0,3.00,0,2.00,0,3.00,0,2.00,0,1.00,0,2.00,0,4.00,1.00,1,1.00,0.00,0.00,2.00,1,1.00,0.00,227819000.00,0.00,,28320,1736,74.54,74.54,78.57,78.57,61.86,61.86,64.02,64.02,50.00,50.00
Brazil,BRA,20200417,3.00,0,3.00,0,2.00,0,3.00,0,2.00,0,1.00,0,2.00,0,4.00,1.00,1,1.00,113909000.00,0.00,2.00,1,1.00,0.00,0.00,0.00,,30425,1924,74.54,74.54,78.57,78.57,61.86,61.86,64.02,64.02,50.00,50.00
Brazil,BRA,20200418,3.00,0,3.00,0,2.00,0,3.00,0,2.00,0,1.00,0,2.00,0,4.00,1.00,1,1.00,0.00,0.00,2.00,1,1.00,0.00,0.00,0.00,,33682,2141,74.54,74.54,78.57,78.57,61.86,61.86,64.02,64.02,50.00,50.00
Brazil,BRA,20200419,3.00,0,3.00,0,2.00,0,3.00,0,2.00,0,1.00,0,2.00,0,4.00,1.00,1,1.00,0.00,0.00,2.00,1,1.00,0.00,0.00,0.00,,36599,2347,74.54,74.54,78.57,78.57,61.86,61.86,64.02,64.02,50.00,50.00
Brazil,BRA,20200420,3.00,0,3.00,0,2.00,0,3.00,0,2.00,0,1.00,0,2.00,0,4.00,1.00,1,1.00,892291000.00,0.00,2.00,1,1.00,0.00,0.00,0.00,,38654,2462,74.54,74.54,78.57,78.57,61.86,61.86,64.02,64.02,50.00,50.00
Brazil,BRA,20200421,3.00,0,3.00,0,2.00,0,3.00,0,2.00,0,1.00,0,2.00,0,4.00,1.00,1,1.00,0.00,0.00,2.00,1,1.00,0.00,14674800.00,0.00,,40581,2575,74.54,74.54,78.57,78.57,61.86,61.86,64.02,64.02,50.00,50.00
Brazil,BRA,20200422,3.00,0,3.00,0,2.00,0,3.00,0,2.00,0,1.00,0,2.00,0,4.00,1.00,1,1.00,0.00,0.00,2.00,1,1.00,0.00,0.00,0.00,,43079,2741,74.54,74.54,78.57,78.57,61.86,61.86,64.02,64.02,50.00,50.00
Brazil,BRA,20200423,3.00,0,3.00,0,2.00,0,3.00,0,2.00,0,1.00,0,2.00,0,4.00,1.00,1,1.00,0.00,0.00,2.00,1,1.00,0.00,0.00,0.00,,45757,2906,74.54,74.54,78.57,78.57,61.86,61.86,64.02,64.02,50.00,50.00
Brazil,BRA,20200424,3.00,0,3.00,0,2.00,0,3.00,0,2.00,0,1.00,0,2.00,0,4.00,1.00,1,1.00,4528169014.00,0.00,2.00,1,1.00,0.00,0.00,0.00,,49492,3313,74.54,74.54,78.57,78.57,61.86,61.86,64.02,64.02,50.00,50.00
Brazil,BRA,20200425,3.00,0,3.00,0,2.00,0,3.00,0,2.00,0,1.00,0,2.00,0,4.00,1.00,1,1.00,0.00,0.00,2.00,1,1.00,0.00,0.00,0.00,,52995,3670,74.54,74.54,78.57,78.57,61.86,61.86,64.02,64.02,50.00,50.00
Brazil,BRA,20200426,3.00,0,3.00,0,2.00,0,4.00,0,2.00,0,1.00,0,2.00,0,4.00,1.00,1,1.00,0.00,0.00,2.00,1,1.00,0.00,0.00,0.00,,58509,4016,77.31,77.31,80.48,80.48,63.78,63.78,66.29,66.29,50.00,50.00
Brazil,BRA,20200427,3.00,0,3.00,0,2.00,0,4.00,0,2.00,0,1.00,0,2.00,0,4.00,1.00,1,1.00,88183421.27,0.00,2.00,1,1.00,0.00,0.00,0.00,,61888,4205,77.31,77.31,80.48,80.48,63.78,63.78,66.29,66.29,50.00,50.00
Brazil,BRA,20200428,3.00,0,3.00,0,2.00,0,4.00,0,2.00,0,1.00,0,2.00,0,4.00,1.00,1,1.00,0.00,0.00,2.00,1,1.00,0.00,0.00,0.00,,66501,4543,77.31,77.31,80.48,80.48,63.78,63.78,66.29,66.29,50.00,50.00
Brazil,BRA,20200429,3.00,0,3.00,0,2.00,0,4.00,0,2.00,0,1.00,0,2.00,0,4.00,1.00,1,1.00,0.00,0.00,2.00,1,1.00,0.00,0.00,0.00,,71886,5017,77.31,77.31,80.48,80.48,63.78,63.78,66.29,66.29,50.00,50.00
Brazil,BRA,20200430,3.00,0,3.00,0,2.00,0,4.00,0,2.00,0,1.00,0,2.00,0,4.00,1.00,1,1.00,0.00,0.00,2.00,1,1.00,0.00,0.00,0.00,,78162,5466,77.31,77.31,80.48,80.48,63.78,63.78,66.29,66.29,50.00,50.00
Brazil,BRA,20200501,3.00,0,3.00,0,2.00,0,4.00,0,2.00,0,1.00,0,2.00,0,4.00,1.00,1,1.00,0.00,0.00,2.00,1,1.00,0.00,0.00,0.00,,85380,5901,77.31,77.31,80.48,80.48,63.78,63.78,66.29,66.29,50.00,50.00
Brazil,BRA,20200502,3.00,0,3.00,0,2.00,0,4.00,0,2.00,0,1.00,0,2.00,0,4.00,1.00,1,1.00,0.00,0.00,2.00,1,1.00,0.00,0.00,0.00,,91589,6329,77.31,77.31,80.48,80.48,63.78,63.78,66.29,66.29,50.00,50.00
Brazil,BRA,20200503,3.00,0,3.00,0,2.00,0,4.00,0,2.00,0,1.00,0,2.00,0,4.00,1.00,1,1.00,0.00,0.00,2.00,1,1.00,0.00,0.00,0.00,,96559,6750,77.31,77.31,80.48,80.48,63.78,63.78,66.29,66.29,50.00,50.00
Brazil,BRA,20200504,3.00,0,3.00,0,2.00,0,4.00,0,2.00,0,1.00,0,2.00,0,4.00,1.00,1,1.00,0.00,0.00,2.00,1,1.00,0.00,10484739.70,0.00,,101147,7025,77.31,77.31,80.48,80.48,63.78,63.78,66.29,66.29,50.00,50.00
Brazil,BRA,20200505,3.00,0,3.00,0,2.00,0,4.00,0,2.00,0,2.00,0,2.00,0,4.00,1.00,1,1.00,150000.00,0.00,2.00,1,1.00,0.00,0.00,0.00,,107780,7321,81.02,81.02,80.48,80.48,66.35,66.35,69.32,69.32,50.00,50.00
Brazil,BRA,20200506,3.00,0,3.00,0,2.00,0,4.00,0,2.00,0,2.00,0,2.00,0,4.00,1.00,1,1.00,0.00,0.00,2.00,1,1.00,0.00,14978072.61,0.00,,114715,7921,81.02,81.02,80.48,80.48,66.35,66.35,69.32,69.32,50.00,50.00
Brazil,BRA,20200507,3.00,0,3.00,0,2.00,0,4.00,0,2.00,0,2.00,0,2.00,0,4.00,1.00,1,1.00,0.00,0.00,2.00,1,1.00,0.00,0.00,0.00,,125218,8536,81.02,81.02,80.48,80.48,66.35,66.35,69.32,69.32,50.00,50.00
Brazil,BRA,20200508,3.00,0,3.00,0,2.00,0,4.00,0,2.00,0,2.00,0,2.00,0,4.00,1.00,1,1.00,869716472.00,0.00,2.00,1,1.00,0.00,0.00,0.00,,135106,9146,81.02,81.02,80.48,80.48,66.35,66.35,69.32,69.32,50.00,50.00
Brazil,BRA,20200509,3.00,0,3.00,0,2.00,0,4.00,0,2.00,0,2.00,0,2.00,0,4.00,1.00,1,1.00,0.00,0.00,2.00,1,1.00,0.00,0.00,0.00,,145328,9897,81.02,81.02,80.48,80.48,66.35,66.35,69.32,69.32,50.00,50.00
Brazil,BRA,20200510,3.00,0,3.00,0,2.00,0,4.00,0,2.00,0,2.00,0,2.00,0,4.00,1.00,1,1.00,0.00,0.00,2.00,1,1.00,0.00,0.00,0.00,,155939,10627,81.02,81.02,80.48,80.48,66.35,66.35,69.32,69.32,50.00,50.00
Brazil,BRA,20200511,3.00,0,3.00,0,2.00,0,4.00,0,2.00,0,2.00,0,2.00,0,4.00,1.00,1,1.00,0.00,0.00,2.00,1,1.00,0.00,0.00,0.00,,162699,11123,81.02,81.02,80.48,80.48,66.35,66.35,69.32,69.32,50.00,50.00
Brazil,BRA,20200512,3.00,0,3.00,0,2.00,0,4.00,0,2.00,0,2.00,0,2.00,0,4.00,1.00,1,1.00,0.00,0.00,2.00,1,1.00,0.00,0.00,0.00,,168331,11519,81.02,81.02,80.48,80.48,66.35,66.35,69.32,69.32,50.00,50.00
Brazil,BRA,20200513,3.00,0,3.00,0,2.00,0,4.00,0,2.00,0,2.00,0,2.00,0,4.00,1.00,1,1.00,0.00,0.00,2.00,1,1.00,0.00,0.00,0.00,,177589,12400,81.02,81.02,80.48,80.48,66.35,66.35,69.32,69.32,50.00,50.00
Brazil,BRA,20200514,3.00,0,3.00,0,2.00,0,4.00,0,2.00,0,2.00,0,2.00,0,4.00,1.00,1,1.00,0.00,0.00,2.00,1,1.00,0.00,0.00,0.00,,188974,13149,81.02,81.02,80.48,80.48,66.35,66.35,69.32,69.32,50.00,50.00
Brazil,BRA,20200515,3.00,0,3.00,0,2.00,0,4.00,0,2.00,0,2.00,0,2.00,0,4.00,1.00,1,1.00,0.00,0.00,2.00,1,1.00,0.00,0.00,0.00,,202918,13993,81.02,81.02,80.48,80.48,66.35,66.35,69.32,69.32,50.00,50.00
Brazil,BRA,20200516,3.00,0,3.00,0,2.00,0,4.00,0,2.00,0,2.00,0,2.00,0,4.00,1.00,1,1.00,0.00,0.00,2.00,1,1.00,0.00,0.00,0.00,,218223,14817,81.02,81.02,80.48,80.48,66.35,66.35,69.32,69.32,50.00,50.00
Brazil,BRA,20200517,3.00,0,3.00,0,2.00,0,4.00,0,2.00,0,2.00,0,2.00,0,4.00,1.00,1,1.00,0.00,0.00,2.00,1,1.00,0.00,0.00,0.00,,233142,15633,81.02,81.02,80.48,80.48,66.35,66.35,69.32,69.32,50.00,50.00
Brazil,BRA,20200518,3.00,0,3.00,0,2.00,0,4.00,0,2.00,0,2.00,0,2.00,0,4.00,1.00,1,1.00,0.00,0.00,2.00,1,1.00,0.00,0.00,0.00,,241080,16118,81.02,81.02,80.48,80.48,66.35,66.35,69.32,69.32,50.00,50.00
Brazil,BRA,20200519,3.00,0,3.00,0,2.00,0,4.00,0,2.00,0,2.00,0,2.00,0,4.00,1.00,1,1.00,0.00,0.00,2.00,1,1.00,0.00,0.00,0.00,,254220,16792,81.02,81.02,80.48,80.48,66.35,66.35,69.32,69.32,50.00,50.00
Brazil,BRA,20200520,3.00,0,3.00,0,2.00,0,4.00,0,2.00,0,2.00,0,2.00,0,4.00,1.00,1,1.00,0.00,0.00,2.00,1,1.00,0.00,0.00,0.00,,271628,17971,81.02,81.02,80.48,80.48,66.35,66.35,69.32,69.32,50.00,50.00
Brazil,BRA,20200521,3.00,0,3.00,0,2.00,0,4.00,0,2.00,0,2.00,0,2.00,0,4.00,1.00,1,1.00,0.00,0.00,2.00,1,1.00,0.00,0.00,0.00,,291579,18859,81.02,81.02,80.48,80.48,66.35,66.35,69.32,69.32,50.00,50.00
Brazil,BRA,20200522,3.00,0,3.00,0,2.00,0,4.00,0,2.00,0,2.00,0,2.00,0,4.00,1.00,1,1.00,0.00,0.00,2.00,1,1.00,0.00,0.00,0.00,,310087,20047,81.02,81.02,80.48,80.48,66.35,66.35,69.32,69.32,50.00,50.00
Brazil,BRA,20200523,3.00,0,3.00,0,2.00,0,4.00,0,2.00,0,2.00,0,2.00,0,4.00,1.00,1,1.00,0.00,0.00,2.00,1,1.00,0.00,0.00,0.00,,330890,21048,81.02,81.02,80.48,80.48,66.35,66.35,69.32,69.32,50.00,50.00
Brazil,BRA,20200524,3.00,0,3.00,0,2.00,0,4.00,0,2.00,0,2.00,0,2.00,0,4.00,1.00,1,1.00,0.00,0.00,2.00,1,1.00,0.00,0.00,0.00,,347398,22013,81.02,81.02,80.48,80.48,66.35,66.35,69.32,69.32,50.00,50.00
Brazil,BRA,20200525,3.00,0,3.00,0,2.00,0,4.00,0,2.00,0,2.00,0,2.00,0,4.00,1.00,1,1.00,0.00,0.00,2.00,1,2.00,0.00,0.00,0.00,,363211,22666,81.02,81.02,80.48,80.48,68.91,68.91,72.35,72.35,50.00,50.00
Brazil,BRA,20200526,3.00,0,3.00,0,2.00,0,4.00,0,2.00,0,2.00,0,2.00,0,4.00,1.00,1,1.00,0.00,0.00,2.00,1,2.00,0.00,0.00,0.00,,374898,23473,81.02,81.02,80.48,80.48,68.91,68.91,72.35,72.35,50.00,50.00
Brazil,BRA,20200527,3.00,0,3.00,0,2.00,0,4.00,0,2.00,0,2.00,0,2.00,0,4.00,1.00,1,1.00,0.00,0.00,2.00,1,2.00,0.00,0.00,0.00,,391222,24512,81.02,81.02,80.48,80.48,68.91,68.91,72.35,72.35,50.00,50.00
Brazil,BRA,20200528,3.00,0,3.00,0,2.00,0,4.00,0,2.00,0,2.00,0,2.00,0,4.00,1.00,1,1.00,0.00,0.00,2.00,1,2.00,0.00,0.00,0.00,,411821,25598,81.02,81.02,80.48,80.48,68.91,68.91,72.35,72.35,50.00,50.00
Brazil,BRA,20200529,3.00,0,3.00,0,2.00,0,4.00,0,2.00,0,2.00,0,2.00,0,4.00,1.00,1,1.00,0.00,0.00,2.00,1,2.00,0.00,0.00,0.00,,438238,26754,81.02,81.02,80.48,80.48,68.91,68.91,72.35,72.35,50.00,50.00
Brazil,BRA,20200530,3.00,0,3.00,0,2.00,0,4.00,0,2.00,0,2.00,0,2.00,0,4.00,1.00,1,1.00,0.00,0.00,2.00,1,2.00,0.00,0.00,0.00,,465166,27878,81.02,81.02,80.48,80.48,68.91,68.91,72.35,72.35,50.00,50.00
Brazil,BRA,20200531,3.00,0,3.00,0,2.00,0,4.00,0,2.00,0,2.00,0,2.00,0,4.00,1.00,1,1.00,0.00,0.00,2.00,1,2.00,0.00,0.00,0.00,,498440,28834,81.02,81.02,80.48,80.48,68.91,68.91,72.35,72.35,50.00,50.00
Brazil,BRA,20200601,3.00,0,2.00,0,2.00,0,4.00,0,2.00,0,2.00,0,2.00,0,4.00,1.00,1,1.00,0.00,0.00,2.00,1,2.00,0.00,0.00,0.00,,514849,29314,77.31,77.31,76.90,76.90,66.35,66.35,69.32,69.32,50.00,50.00
Brazil,BRA,20200602,3.00,0,2.00,0,2.00,0,4.00,0,2.00,0,2.00,0,2.00,0,4.00,1.00,1,1.00,0.00,0.00,2.00,1,2.00,0.00,0.00,0.00,,526447,29937,77.31,77.31,76.90,76.90,66.35,66.35,69.32,69.32,50.00,50.00
Brazil,BRA,20200603,3.00,0,2.00,0,2.00,0,4.00,0,2.00,0,2.00,0,2.00,0,4.00,1.00,1,1.00,0.00,0.00,2.00,1,2.00,0.00,0.00,0.00,,555383,31199,77.31,77.31,76.90,76.90,66.35,66.35,69.32,69.32,50.00,50.00
Brazil,BRA,20200604,3.00,0,2.00,0,2.00,0,4.00,0,2.00,0,2.00,0,2.00,0,4.00,1.00,1,1.00,0.00,0.00,2.00,1,2.00,0.00,0.00,0.00,,584016,32548,77.31,77.31,76.90,76.90,66.35,66.35,69.32,69.32,50.00,50.00
Brazil,BRA,20200605,3.00,0,2.00,0,2.00,0,4.00,0,2.00,0,2.00,0,2.00,0,4.00,1.00,1,1.00,0.00,0.00,2.00,1,2.00,0.00,0.00,0.00,,614932,34021,77.31,77.31,76.90,76.90,66.35,66.35,69.32,69.32,50.00,50.00
Brazil,BRA,20200606,3.00,0,2.00,0,2.00,0,4.00,0,2.00,0,2.00,0,2.00,0,4.00,1.00,1,1.00,0.00,0.00,2.00,1,2.00,0.00,0.00,0.00,,645762,35026,77.31,77.31,76.90,76.90,66.35,66.35,69.32,69.32,50.00,50.00
Brazil,BRA,20200607,3.00,0,2.00,0,2.00,0,4.00,0,2.00,0,2.00,0,2.00,0,4.00,1.00,1,1.00,0.00,0.00,2.00,1,2.00,0.00,0.00,0.00,,672837,35930,77.31,77.31,76.90,76.90,66.35,66.35,69.32,69.32,50.00,50.00
Brazil,BRA,20200608,3.00,0,2.00,0,2.00,0,4.00,0,2.00,0,2.00,0,2.00,0,4.00,1.00,1,1.00,0.00,0.00,2.00,1,2.00,0.00,0.00,0.00,,691758,36455,77.31,77.31,76.90,76.90,66.35,66.35,69.32,69.32,50.00,50.00
Brazil,BRA,20200609,3.00,0,2.00,0,2.00,0,4.00,0,2.00,0,2.00,0,2.00,0,4.00,1.00,1,1.00,0.00,0.00,2.00,1,2.00,0.00,0.00,0.00,,707412,37134,77.31,77.31,76.90,76.90,66.35,66.35,69.32,69.32,50.00,50.00
Brazil,BRA,20200610,3.00,0,2.00,0,2.00,0,4.00,0,2.00,0,2.00,0,2.00,0,4.00,1.00,1,1.00,0.00,0.00,2.00,1,2.00,0.00,0.00,0.00,,739503,38406,77.31,77.31,76.90,76.90,66.35,66.35,69.32,69.32,50.00,50.00
Brazil,BRA,20200611,3.00,0,2.00,0,2.00,0,4.00,0,2.00,0,2.00,0,2.00,0,4.00,1.00,1,1.00,0.00,0.00,2.00,1,2.00,0.00,0.00,0.00,,772416,39680,77.31,77.31,76.90,76.90,66.35,66.35,69.32,69.32,50.00,50.00
Brazil,BRA,20200612,3.00,0,2.00,0,2.00,0,4.00,0,2.00,0,2.00,0,2.00,0,4.00,1.00,1,1.00,0.00,0.00,2.00,1,2.00,0.00,0.00,0.00,,802828,40919,77.31,77.31,76.90,76.90,66.35,66.35,69.32,69.32,50.00,50.00
Brazil,BRA,20200613,3.00,0,2.00,0,2.00,0,4.00,0,2.00,0,2.00,0,2.00,0,4.00,1.00,1,1.00,0.00,0.00,2.00,1,2.00,0.00,0.00,0.00,,828810,41828,77.31,77.31,76.90,76.90,66.35,66.35,69.32,69.32,50.00,50.00
Brazil,BRA,20200614,3.00,0,2.00,0,2.00,0,4.00,0,2.00,0,2.00,0,2.00,0,4.00,1.00,1,1.00,0.00,0.00,2.00,1,2.00,0.00,0.00,0.00,,850514,42720,77.31,77.31,76.90,76.90,66.35,66.35,69.32,69.32,50.00,50.00
Brazil,BRA,20200615,3.00,0,2.00,0,2.00,0,4.00,0,2.00,0,2.00,0,2.00,0,4.00,1.00,1,1.00,0.00,0.00,2.00,1,2.00,0.00,0.00,0.00,,867624,43332,77.31,77.31,76.90,76.90,66.35,66.35,69.32,69.32,50.00,50.00
Brazil,BRA,20200616,3.00,0,2.00,0,2.00,0,4.00,0,2.00,0,2.00,0,2.00,0,4.00,1.00,1,1.00,0.00,0.00,2.00,1,2.00,0.00,0.00,0.00,,888271,43959,77.31,77.31,76.90,76.90,66.35,66.35,69.32,69.32,50.00,50.00
Brazil,BRA,20200617,3.00,0,2.00,0,2.00,0,4.00,0,2.00,0,2.00,0,2.00,0,4.00,1.00,1,1.00,0.00,0.00,2.00,1,2.00,0.00,0.00,0.00,,923189,45241,77.31,77.31,76.90,76.90,66.35,66.35,69.32,69.32,50.00,50.00
Brazil,BRA,20200618,3.00,0,2.00,0,2.00,0,4.00,0,2.00,0,2.00,0,2.00,0,4.00,1.00,1,1.00,0.00,0.00,2.00,1,2.00,0.00,0.00,0.00,,955377,46510,77.31,77.31,76.90,76.90,66.35,66.35,69.32,69.32,50.00,50.00
Brazil,BRA,20200619,3.00,0,2.00,0,2.00,0,4.00,0,2.00,0,2.00,0,2.00,0,4.00,1.00,1,1.00,0.00,0.00,2.00,1,2.00,0.00,0.00,0.00,,978142,47748,77.31,77.31,76.90,76.90,66.35,66.35,69.32,69.32,50.00,50.00
Brazil,BRA,20200620,3.00,0,2.00,0,2.00,0,4.00,0,2.00,0,2.00,0,2.00,0,4.00,1.00,1,1.00,0.00,0.00,2.00,1,2.00,0.00,0.00,0.00,,1032913,48954,77.31,77.31,76.90,76.90,66.35,66.35,69.32,69.32,50.00,50.00
Brazil,BRA,20200621,3.00,0,2.00,0,2.00,0,4.00,0,2.00,0,2.00,0,2.00,0,4.00,1.00,1,1.00,0.00,0.00,2.00,1,2.00,0.00,0.00,0.00,,1067579,49976,77.31,77.31,76.90,76.90,66.35,66.35,69.32,69.32,50.00,50.00
Brazil,BRA,20200622,,,,,,,,,,,,,,,,1.00,1,,,,,,,,,,,1085038,50617,,77.31,,76.90,,66.35,,69.32,,50.00
Brazil,BRA,20200623,,,,,,,,,,,,,,,,1.00,1,,,,,,,,,,,1106470,51271,,77.31,,76.90,,66.35,,69.32,,50.00
