Benin,BEN,20200101,0.00,,0.00,,0.00,,0.00,,0.00,,0.00,,0.00,,0.00,0.00,,0.00,0.00,0.00,0.00,,0.00,0.00,0.00,0.00,,,,0.00,0.00,0.00,0.00,0.00,0.00,0.00,0.00,0.00,0.00
Benin,BEN,20200102,0.00,,0.00,,0.00,,0.00,,0.00,,0.00,,0.00,,0.00,0.00,,0.00,0.00,0.00,0.00,,0.00,0.00,0.00,0.00,,,,0.00,0.00,0.00,0.00,0.00,0.00,0.00,0.00,0.00,0.00
Benin,BEN,20200103,0.00,,0.00,,0.00,,0.00,,0.00,,0.00,,0.00,,0.00,0.00,,0.00,0.00,0.00,0.00,,0.00,0.00,0.00,0.00,,,,0.00,0.00,0.00,0.00,0.00,0.00,0.00,0.00,0.00,0.00
Benin,BEN,20200104,0.00,,0.00,,0.00,,0.00,,0.00,,0.00,,0.00,,0.00,0.00,,0.00,0.00,0.00,0.00,,0.00,0.00,0.00,0.00,,,,0.00,0.00,0.00,0.00,0.00,0.00,0.00,0.00,0.00,0.00
Benin,BEN,20200105,0.00,,0.00,,0.00,,0.00,,0.00,,0.00,,0.00,,0.00,0.00,,0.00,0.00,0.00,0.00,,0.00,0.00,0.00,0.00,,,,0.00,0.00,0.00,0.00,0.00,0.00,0.00,0.00,0.00,0.00
Benin,BEN,20200106,0.00,,0.00,,0.00,,0.00,,0.00,,0.00,,0.00,,0.00,0.00,,0.00,0.00,0.00,0.00,,0.00,0.00,0.00,0.00,,,,0.00,0.00,0.00,0.00,0.00,0.00,0.00,0.00,0.00,0.00
Benin,BEN,20200107,0.00,,0.00,,0.00,,0.00,,0.00,,0.00,,0.00,,0.00,0.00,,0.00,0.00,0.00,0.00,,0.00,0.00,0.00,0.00,,,,0.00,0.00,0.00,0.00,0.00,0.00,0.00,0.00,0.00,0.00
Benin,BEN,20200108,0.00,,0.00,,0.00,,0.00,,0.00,,0.00,,0.00,,0.00,0.00,,0.00,0.00,0.00,0.00,,0.00,0.00,0.00,0.00,,,,0.00,0.00,0.00,0.00,0.00,0.00,0.00,0.00,0.00,0.00
Benin,BEN,20200109,0.00,,0.00,,0.00,,0.00,,0.00,,0.00,,0.00,,0.00,0.00,,0.00,0.00,0.00,0.00,,0.00,0.00,0.00,0.00,,,,0.00,0.00,0.00,0.00,0.00,0.00,0.00,0.00,0.00,0.00
Benin,BEN,20200110,0.00,,0.00,,0.00,,0.00,,0.00,,0.00,,0.00,,0.00,0.00,,0.00,0.00,0.00,0.00,,0.00,0.00,0.00,0.00,,,,0.00,0.00,0.00,0.00,0.00,0.00,0.00,0.00,0.00,0.00
Benin,BEN,20200111,0.00,,0.00,,0.00,,0.00,,0.00,,0.00,,0.00,,0.00,0.00,,0.00,0.00,0.00,0.00,,0.00,0.00,0.00,0.00,,,,0.00,0.00,0.00,0.00,0.00,0.00,0.00,0.00,0.00,0.00
Benin,BEN,20200112,0.00,,0.00,,0.00,,0.00,,0.00,,0.00,,0.00,,0.00,0.00,,0.00,0.00,0.00,0.00,,0.00,0.00,0.00,0.00,,,,0.00,0.00,0.00,0.00,0.00,0.00,0.00,0.00,0.00,0.00
Benin,BEN,20200113,0.00,,0.00,,0.00,,0.00,,0.00,,0.00,,0.00,,0.00,0.00,,0.00,0.00,0.00,0.00,,0.00,0.00,0.00,0.00,,,,0.00,0.00,0.00,0.00,0.00,0.00,0.00,0.00,0.00,0.00
Benin,BEN,20200114,0.00,,0.00,,0.00,,0.00,,0.00,,0.00,,0.00,,0.00,0.00,,0.00,0.00,0.00,0.00,,0.00,0.00,0.00,0.00,,,,0.00,0.00,0.00,0.00,0.00,0.00,0.00,0.00,0.00,0.00
Benin,BEN,20200115,0.00,,0.00,,0.00,,0.00,,0.00,,0.00,,0.00,,0.00,0.00,,0.00,0.00,0.00,0.00,,0.00,0.00,0.00,0.00,,,,0.00,0.00,0.00,0.00,0.00,0.00,0.00,0.00,0.00,0.00
Benin,BEN,20200116,0.00,,0.00,,0.00,,0.00,,0.00,,0.00,,0.00,,0.00,0.00,,0.00,0.00,0.00,0.00,,0.00,0.00,0.00,0.00,,,,0.00,0.00,0.00,0.00,0.00,0.00,0.00,0.00,0.00,0.00
Benin,BEN,20200117,0.00,,0.00,,0.00,,0.00,,0.00,,0.00,,0.00,,0.00,0.00,,0.00,0.00,0.00,0.00,,0.00,0.00,0.00,0.00,,,,0.00,0.00,0.00,0.00,0.00,0.00,0.00,0.00,0.00,0.00
Benin,BEN,20200118,0.00,,0.00,,0.00,,0.00,,0.00,,0.00,,0.00,,0.00,0.00,,0.00,0.00,0.00,0.00,,0.00,0.00,0.00,0.00,,,,0.00,0.00,0.00,0.00,0.00,0.00,0.00,0.00,0.00,0.00
Benin,BEN,20200119,0.00,,0.00,,0.00,,0.00,,0.00,,0.00,,0.00,,0.00,0.00,,0.00,0.00,0.00,0.00,,0.00,0.00,0.00,0.00,,,,0.00,0.00,0.00,0.00,0.00,0.00,0.00,0.00,0.00,0.00
Benin,BEN,20200120,0.00,,0.00,,0.00,,0.00,,0.00,,0.00,,0.00,,0.00,0.00,,0.00,0.00,0.00,0.00,,0.00,0.00,0.00,0.00,,,,0.00,0.00,0.00,0.00,0.00,0.00,0.00,0.00,0.00,0.00
Benin,BEN,20200121,0.00,,0.00,,0.00,,0.00,,0.00,,0.00,,0.00,,0.00,0.00,,0.00,0.00,0.00,0.00,,0.00,0.00,0.00,0.00,,,,0.00,0.00,0.00,0.00,0.00,0.00,0.00,0.00,0.00,0.00
Benin,BEN,20200122,0.00,,0.00,,0.00,,0.00,,0.00,,0.00,,0.00,,0.00,0.00,,0.00,0.00,0.00,0.00,,0.00,0.00,0.00,0.00,,,,0.00,0.00,0.00,0.00,0.00,0.00,0.00,0.00,0.00,0.00
Benin,BEN,20200123,0.00,,0.00,,0.00,,0.00,,0.00,,0.00,,0.00,,0.00,0.00,,0.00,0.00,0.00,0.00,,0.00,0.00,0.00,0.00,,,,0.00,0.00,0.00,0.00,0.00,0.00,0.00,0.00,0.00,0.00
Benin,BEN,20200124,0.00,,0.00,,0.00,,0.00,,0.00,,0.00,,0.00,,0.00,0.00,,0.00,0.00,0.00,0.00,,0.00,0.00,0.00,0.00,,,,0.00,0.00,0.00,0.00,0.00,0.00,0.00,0.00,0.00,0.00
Benin,BEN,20200125,0.00,,0.00,,0.00,,0.00,,0.00,,0.00,,0.00,,0.00,0.00,,0.00,0.00,0.00,0.00,,0.00,0.00,0.00,0.00,,,,0.00,0.00,0.00,0.00,0.00,0.00,0.00,0.00,0.00,0.00
Benin,BEN,20200126,0.00,,0.00,,0.00,,0.00,,0.00,,0.00,,0.00,,0.00,0.00,,0.00,0.00,0.00,0.00,,0.00,0.00,0.00,0.00,,,,0.00,0.00,0.00,0.00,0.00,0.00,0.00,0.00,0.00,0.00
Benin,BEN,20200127,0.00,,0.00,,0.00,,0.00,,0.00,,0.00,,0.00,,0.00,0.00,,0.00,0.00,0.00,0.00,,0.00,0.00,0.00,0.00,,,,0.00,0.00,0.00,0.00,0.00,0.00,0.00,0.00,0.00,0.00
Benin,BEN,20200128,0.00,,0.00,,0.00,,0.00,,0.00,,0.00,,0.00,,0.00,0.00,,0.00,0.00,0.00,0.00,,0.00,0.00,0.00,0.00,,,,0.00,0.00,0.00,0.00,0.00,0.00,0.00,0.00,0.00,0.00
Benin,BEN,20200129,0.00,,0.00,,0.00,,0.00,,0.00,,0.00,,0.00,,0.00,0.00,,0.00,0.00,0.00,0.00,,0.00,0.00,0.00,0.00,,,,0.00,0.00,0.00,0.00,0.00,0.00,0.00,0.00,0.00,0.00
Benin,BEN,20200130,0.00,,0.00,,0.00,,0.00,,0.00,,0.00,,0.00,,0.00,0.00,,0.00,0.00,0.00,0.00,,0.00,0.00,0.00,0.00,,,,0.00,0.00,0.00,0.00,0.00,0.00,0.00,0.00,0.00,0.00
Benin,BEN,20200131,0.00,,0.00,,0.00,,0.00,,0.00,,0.00,,0.00,,0.00,0.00,,0.00,0.00,0.00,0.00,,0.00,0.00,0.00,0.00,,,,0.00,0.00,0.00,0.00,0.00,0.00,0.00,0.00,0.00,0.00
Benin,BEN,20200201,0.00,,0.00,,0.00,,0.00,,0.00,,0.00,,0.00,,1.00,0.00,,0.00,0.00,0.00,0.00,,0.00,0.00,0.00,0.00,,,,2.78,2.78,3.57,3.57,1.92,1.92,2.27,2.27,0.00,0.00
Benin,BEN,20200202,0.00,,0.00,,0.00,,0.00,,0.00,,0.00,,0.00,,1.00,0.00,,0.00,0.00,0.00,0.00,,0.00,0.00,0.00,0.00,,,,2.78,2.78,3.57,3.57,1.92,1.92,2.27,2.27,0.00,0.00
Benin,BEN,20200203,0.00,,0.00,,0.00,,0.00,,0.00,,0.00,,0.00,,1.00,0.00,,0.00,0.00,0.00,0.00,,0.00,0.00,0.00,0.00,,,,2.78,2.78,3.57,3.57,1.92,1.92,2.27,2.27,0.00,0.00
Benin,BEN,20200204,0.00,,0.00,,0.00,,0.00,,0.00,,0.00,,0.00,,1.00,0.00,,0.00,0.00,0.00,0.00,,0.00,0.00,0.00,0.00,,,,2.78,2.78,3.57,3.57,1.92,1.92,2.27,2.27,0.00,0.00
Benin,BEN,20200205,0.00,,0.00,,0.00,,0.00,,0.00,,0.00,,0.00,,1.00,0.00,,0.00,0.00,0.00,0.00,,0.00,0.00,0.00,0.00,,,,2.78,2.78,3.57,3.57,1.92,1.92,2.27,2.27,0.00,0.00
Benin,BEN,20200206,0.00,,0.00,,0.00,,0.00,,0.00,,0.00,,0.00,,1.00,0.00,,0.00,0.00,0.00,0.00,,0.00,0.00,0.00,0.00,,,,2.78,2.78,3.57,3.57,1.92,1.92,2.27,2.27,0.00,0.00
Benin,BEN,20200207,0.00,,0.00,,0.00,,0.00,,0.00,,0.00,,0.00,,1.00,0.00,,0.00,0.00,0.00,0.00,,0.00,0.00,0.00,0.00,,,,2.78,2.78,3.57,3.57,1.92,1.92,2.27,2.27,0.00,0.00
Benin,BEN,20200208,0.00,,0.00,,0.00,,0.00,,0.00,,0.00,,0.00,,1.00,0.00,,0.00,0.00,0.00,0.00,,0.00,0.00,0.00,0.00,,,,2.78,2.78,3.57,3.57,1.92,1.92,2.27,2.27,0.00,0.00
Benin,BEN,20200209,0.00,,0.00,,0.00,,0.00,,0.00,,0.00,,0.00,,1.00,0.00,,0.00,0.00,0.00,0.00,,0.00,0.00,0.00,0.00,,,,2.78,2.78,3.57,3.57,1.92,1.92,2.27,2.27,0.00,0.00
Benin,BEN,20200210,0.00,,0.00,,0.00,,0.00,,0.00,,0.00,,0.00,,1.00,0.00,,0.00,0.00,0.00,0.00,,0.00,0.00,0.00,0.00,,,,2.78,2.78,3.57,3.57,1.92,1.92,2.27,2.27,0.00,0.00
Benin,BEN,20200211,0.00,,0.00,,0.00,,0.00,,0.00,,0.00,,0.00,,1.00,0.00,,0.00,0.00,0.00,0.00,,0.00,0.00,0.00,0.00,,,,2.78,2.78,3.57,3.57,1.92,1.92,2.27,2.27,0.00,0.00
Benin,BEN,20200212,0.00,,0.00,,0.00,,0.00,,0.00,,0.00,,0.00,,1.00,0.00,,0.00,0.00,0.00,0.00,,0.00,0.00,0.00,0.00,,,,2.78,2.78,3.57,3.57,1.92,1.92,2.27,2.27,0.00,0.00
Benin,BEN,20200213,0.00,,0.00,,0.00,,0.00,,0.00,,0.00,,0.00,,1.00,0.00,,0.00,0.00,0.00,0.00,,0.00,0.00,0.00,0.00,,,,2.78,2.78,3.57,3.57,1.92,1.92,2.27,2.27,0.00,0.00
Benin,BEN,20200214,0.00,,0.00,,0.00,,0.00,,0.00,,0.00,,0.00,,1.00,0.00,,0.00,0.00,0.00,0.00,,0.00,0.00,0.00,0.00,,,,2.78,2.78,3.57,3.57,1.92,1.92,2.27,2.27,0.00,0.00
Benin,BEN,20200215,0.00,,0.00,,0.00,,0.00,,0.00,,0.00,,0.00,,1.00,0.00,,0.00,0.00,0.00,0.00,,0.00,0.00,0.00,0.00,,,,2.78,2.78,3.57,3.57,1.92,1.92,2.27,2.27,0.00,0.00
Benin,BEN,20200216,0.00,,0.00,,0.00,,0.00,,0.00,,0.00,,0.00,,1.00,0.00,,0.00,0.00,0.00,0.00,,0.00,0.00,0.00,0.00,,,,2.78,2.78,3.57,3.57,1.92,1.92,2.27,2.27,0.00,0.00
Benin,BEN,20200217,0.00,,0.00,,0.00,,0.00,,0.00,,0.00,,0.00,,1.00,0.00,,0.00,0.00,0.00,0.00,,0.00,0.00,0.00,0.00,,,,2.78,2.78,3.57,3.57,1.92,1.92,2.27,2.27,0.00,0.00
Benin,BEN,20200218,0.00,,0.00,,0.00,,0.00,,0.00,,0.00,,0.00,,1.00,0.00,,0.00,0.00,0.00,0.00,,0.00,0.00,0.00,0.00,,,,2.78,2.78,3.57,3.57,1.92,1.92,2.27,2.27,0.00,0.00
Benin,BEN,20200219,0.00,,0.00,,0.00,,0.00,,0.00,,0.00,,0.00,,1.00,0.00,,0.00,0.00,0.00,0.00,,0.00,0.00,0.00,0.00,,,,2.78,2.78,3.57,3.57,1.92,1.92,2.27,2.27,0.00,0.00
Benin,BEN,20200220,0.00,,0.00,,0.00,,0.00,,0.00,,0.00,,0.00,,1.00,0.00,,0.00,0.00,0.00,0.00,,0.00,0.00,0.00,0.00,,,,2.78,2.78,3.57,3.57,1.92,1.92,2.27,2.27,0.00,0.00
Benin,BEN,20200221,0.00,,0.00,,0.00,,0.00,,0.00,,0.00,,0.00,,1.00,0.00,,0.00,0.00,0.00,0.00,,0.00,0.00,0.00,0.00,,,,2.78,2.78,3.57,3.57,1.92,1.92,2.27,2.27,0.00,0.00
Benin,BEN,20200222,0.00,,0.00,,0.00,,0.00,,0.00,,0.00,,0.00,,1.00,0.00,,0.00,0.00,0.00,1.00,1,0.00,0.00,0.00,0.00,,,,8.33,8.33,13.10,13.10,5.77,5.77,6.82,6.82,0.00,0.00
Benin,BEN,20200223,0.00,,0.00,,0.00,,0.00,,0.00,,0.00,,0.00,,1.00,0.00,,0.00,0.00,0.00,1.00,1,0.00,0.00,0.00,0.00,,,,8.33,8.33,13.10,13.10,5.77,5.77,6.82,6.82,0.00,0.00
Benin,BEN,20200224,0.00,,0.00,,0.00,,0.00,,0.00,,0.00,,0.00,,1.00,0.00,,0.00,0.00,0.00,1.00,1,0.00,0.00,0.00,0.00,,,,8.33,8.33,13.10,13.10,5.77,5.77,6.82,6.82,0.00,0.00
Benin,BEN,20200225,0.00,,0.00,,0.00,,0.00,,0.00,,0.00,,0.00,,1.00,0.00,,0.00,0.00,0.00,1.00,1,0.00,0.00,0.00,0.00,,,,8.33,8.33,13.10,13.10,5.77,5.77,6.82,6.82,0.00,0.00
Benin,BEN,20200226,0.00,,0.00,,0.00,,0.00,,0.00,,0.00,,0.00,,1.00,0.00,,0.00,0.00,0.00,1.00,1,0.00,0.00,0.00,0.00,,,,8.33,8.33,13.10,13.10,5.77,5.77,6.82,6.82,0.00,0.00
Benin,BEN,20200227,0.00,,0.00,,0.00,,0.00,,0.00,,0.00,,0.00,,1.00,0.00,,0.00,0.00,0.00,1.00,1,0.00,0.00,0.00,0.00,,,,8.33,8.33,13.10,13.10,5.77,5.77,6.82,6.82,0.00,0.00
Benin,BEN,20200228,0.00,,0.00,,0.00,,0.00,,0.00,,0.00,,0.00,,1.00,0.00,,0.00,0.00,0.00,1.00,1,0.00,0.00,0.00,0.00,,,,8.33,8.33,13.10,13.10,5.77,5.77,6.82,6.82,0.00,0.00
Benin,BEN,20200229,0.00,,0.00,,0.00,,0.00,,0.00,,0.00,,0.00,,1.00,0.00,,0.00,0.00,0.00,1.00,1,0.00,0.00,0.00,0.00,,,,8.33,8.33,13.10,13.10,5.77,5.77,6.82,6.82,0.00,0.00
Benin,BEN,20200301,0.00,,0.00,,0.00,,0.00,,0.00,,0.00,,0.00,,1.00,0.00,,0.00,0.00,0.00,2.00,1,0.00,0.00,0.00,0.00,,,,13.89,13.89,17.86,17.86,9.62,9.62,11.36,11.36,0.00,0.00
Benin,BEN,20200302,0.00,,0.00,,0.00,,0.00,,0.00,,0.00,,0.00,,1.00,0.00,,0.00,0.00,0.00,2.00,1,0.00,0.00,0.00,0.00,,,,13.89,13.89,17.86,17.86,9.62,9.62,11.36,11.36,0.00,0.00
Benin,BEN,20200303,0.00,,0.00,,0.00,,0.00,,0.00,,0.00,,0.00,,1.00,0.00,,0.00,0.00,0.00,2.00,1,0.00,0.00,0.00,0.00,,,,13.89,13.89,17.86,17.86,9.62,9.62,11.36,11.36,0.00,0.00
Benin,BEN,20200304,0.00,,0.00,,0.00,,0.00,,0.00,,0.00,,0.00,,1.00,0.00,,0.00,0.00,0.00,2.00,1,0.00,0.00,0.00,0.00,,,,13.89,13.89,17.86,17.86,9.62,9.62,11.36,11.36,0.00,0.00
Benin,BEN,20200305,0.00,,0.00,,0.00,,0.00,,0.00,,0.00,,0.00,,1.00,0.00,,0.00,0.00,0.00,2.00,1,0.00,0.00,0.00,0.00,,,,13.89,13.89,17.86,17.86,9.62,9.62,11.36,11.36,0.00,0.00
Benin,BEN,20200306,0.00,,0.00,,0.00,,0.00,,0.00,,0.00,,0.00,,1.00,0.00,,0.00,0.00,0.00,2.00,1,0.00,0.00,0.00,0.00,,,,13.89,13.89,17.86,17.86,9.62,9.62,11.36,11.36,0.00,0.00
Benin,BEN,20200307,0.00,,0.00,,0.00,,0.00,,0.00,,0.00,,0.00,,1.00,0.00,,0.00,0.00,0.00,2.00,1,0.00,2.00,0.00,0.00,,,,13.89,13.89,17.86,17.86,17.31,17.31,20.45,20.45,0.00,0.00
Benin,BEN,20200308,0.00,,0.00,,0.00,,0.00,,0.00,,0.00,,0.00,,1.00,0.00,,0.00,0.00,0.00,2.00,1,1.00,2.00,12066590.00,0.00,,,,13.89,13.89,17.86,17.86,19.87,19.87,23.48,23.48,0.00,0.00
Benin,BEN,20200309,0.00,,0.00,,0.00,,0.00,,0.00,,0.00,,0.00,,1.00,0.00,,0.00,0.00,0.00,2.00,1,1.00,2.00,0.00,0.00,,,,13.89,13.89,17.86,17.86,19.87,19.87,23.48,23.48,0.00,0.00
Benin,BEN,20200310,0.00,,0.00,,0.00,,0.00,,0.00,,0.00,,0.00,,2.00,0.00,,0.00,0.00,0.00,2.00,1,1.00,2.00,0.00,0.00,,,,16.67,16.67,21.43,21.43,21.79,21.79,25.76,25.76,0.00,0.00
Benin,BEN,20200311,0.00,,0.00,,0.00,,0.00,,0.00,,0.00,,0.00,,2.00,0.00,,0.00,0.00,0.00,2.00,1,1.00,2.00,0.00,0.00,,,,16.67,16.67,21.43,21.43,21.79,21.79,25.76,25.76,0.00,0.00
Benin,BEN,20200312,0.00,,0.00,,0.00,,0.00,,0.00,,0.00,,0.00,,2.00,0.00,,0.00,0.00,0.00,2.00,1,1.00,2.00,0.00,0.00,,,,16.67,16.67,21.43,21.43,21.79,21.79,25.76,25.76,0.00,0.00
Benin,BEN,20200313,0.00,,0.00,,0.00,,0.00,,0.00,,0.00,,0.00,,2.00,0.00,,0.00,0.00,0.00,2.00,1,1.00,2.00,0.00,0.00,,,,16.67,16.67,21.43,21.43,21.79,21.79,25.76,25.76,0.00,0.00
Benin,BEN,20200314,0.00,,0.00,,0.00,,0.00,,0.00,,0.00,,0.00,,2.00,0.00,,0.00,0.00,0.00,2.00,1,1.00,2.00,0.00,0.00,,,,16.67,16.67,21.43,21.43,21.79,21.79,25.76,25.76,0.00,0.00
Benin,BEN,20200315,0.00,,0.00,,0.00,,0.00,,0.00,,0.00,,0.00,,2.00,0.00,,0.00,0.00,0.00,2.00,1,1.00,2.00,0.00,0.00,,,,16.67,16.67,21.43,21.43,21.79,21.79,25.76,25.76,0.00,0.00
Benin,BEN,20200316,0.00,,0.00,,0.00,,0.00,,0.00,,0.00,,0.00,,2.00,0.00,,0.00,0.00,0.00,2.00,1,1.00,2.00,0.00,0.00,,,,16.67,16.67,21.43,21.43,21.79,21.79,25.76,25.76,0.00,0.00
Benin,BEN,20200317,0.00,,0.00,,2.00,1,0.00,,0.00,,0.00,,0.00,,2.00,0.00,,0.00,0.00,0.00,2.00,1,1.00,2.00,0.00,0.00,,1,0,27.78,27.78,35.71,35.71,29.49,29.49,34.85,34.85,0.00,0.00
Benin,BEN,20200318,0.00,,0.00,,2.00,1,0.00,,0.00,,0.00,,0.00,,2.00,0.00,,0.00,0.00,0.00,2.00,1,1.00,2.00,0.00,0.00,,1,0,27.78,27.78,35.71,35.71,29.49,29.49,34.85,34.85,0.00,0.00
Benin,BEN,20200319,0.00,,0.00,,2.00,1,0.00,,0.00,,0.00,,0.00,,2.00,0.00,,0.00,0.00,0.00,2.00,1,1.00,2.00,0.00,0.00,,1,0,27.78,27.78,35.71,35.71,29.49,29.49,34.85,34.85,0.00,0.00
Benin,BEN,20200320,0.00,,0.00,,2.00,1,0.00,,0.00,,0.00,,0.00,,2.00,0.00,,0.00,0.00,0.00,2.00,1,1.00,2.00,0.00,0.00,,2,0,27.78,27.78,35.71,35.71,29.49,29.49,34.85,34.85,0.00,0.00
Benin,BEN,20200321,0.00,,0.00,,2.00,1,0.00,,0.00,,0.00,,0.00,,2.00,0.00,,0.00,0.00,0.00,2.00,1,1.00,2.00,0.00,0.00,,2,0,27.78,27.78,35.71,35.71,29.49,29.49,34.85,34.85,0.00,0.00
Benin,BEN,20200322,0.00,,0.00,,2.00,1,0.00,,0.00,,0.00,,0.00,,2.00,0.00,,0.00,0.00,0.00,2.00,1,1.00,2.00,0.00,0.00,,2,0,27.78,27.78,35.71,35.71,29.49,29.49,34.85,34.85,0.00,0.00
Benin,BEN,20200323,0.00,,0.00,,2.00,1,0.00,,0.00,,0.00,,0.00,,2.00,0.00,,0.00,0.00,0.00,2.00,1,1.00,2.00,0.00,0.00,,2,0,27.78,27.78,35.71,35.71,29.49,29.49,34.85,34.85,0.00,0.00
Benin,BEN,20200324,0.00,,0.00,,2.00,1,0.00,,0.00,,0.00,,0.00,,2.00,0.00,,0.00,0.00,0.00,2.00,1,1.00,2.00,0.00,0.00,,5,0,27.78,27.78,35.71,35.71,29.49,29.49,34.85,34.85,0.00,0.00
Benin,BEN,20200325,0.00,,0.00,,2.00,1,0.00,,0.00,,0.00,,0.00,,2.00,0.00,,0.00,0.00,0.00,2.00,1,1.00,2.00,0.00,0.00,,5,0,27.78,27.78,35.71,35.71,29.49,29.49,34.85,34.85,0.00,0.00
Benin,BEN,20200326,0.00,,0.00,,2.00,1,0.00,,0.00,,0.00,,0.00,,2.00,0.00,,0.00,0.00,0.00,2.00,1,1.00,2.00,0.00,0.00,,5,0,27.78,27.78,35.71,35.71,29.49,29.49,34.85,34.85,0.00,0.00
Benin,BEN,20200327,0.00,,0.00,,2.00,1,0.00,,0.00,,0.00,,0.00,,2.00,0.00,,0.00,0.00,0.00,2.00,1,1.00,2.00,0.00,0.00,,6,0,27.78,27.78,35.71,35.71,29.49,29.49,34.85,34.85,0.00,0.00
Benin,BEN,20200328,0.00,,0.00,,2.00,1,0.00,,0.00,,0.00,,0.00,,2.00,0.00,,0.00,0.00,0.00,2.00,1,1.00,2.00,0.00,0.00,,6,0,27.78,27.78,35.71,35.71,29.49,29.49,34.85,34.85,0.00,0.00
Benin,BEN,20200329,0.00,,0.00,,2.00,1,0.00,,0.00,,0.00,,0.00,,2.00,0.00,,0.00,0.00,0.00,2.00,1,1.00,2.00,0.00,0.00,,6,0,27.78,27.78,35.71,35.71,29.49,29.49,34.85,34.85,0.00,0.00
Benin,BEN,20200330,3.00,1,2.00,0,2.00,1,4.00,0,2.00,0,0.00,,2.00,0,2.00,0.00,,0.00,0.00,0.00,2.00,1,1.00,2.00,0.00,0.00,,6,0,70.83,70.83,76.19,76.19,59.29,59.29,70.08,70.08,0.00,0.00
Benin,BEN,20200331,3.00,1,2.00,0,2.00,1,4.00,0,2.00,0,0.00,,2.00,0,2.00,0.00,,0.00,0.00,0.00,2.00,1,1.00,2.00,0.00,0.00,,6,0,70.83,70.83,76.19,76.19,59.29,59.29,70.08,70.08,0.00,0.00
Benin,BEN,20200401,3.00,1,2.00,0,2.00,1,4.00,0,2.00,0,0.00,,2.00,0,2.00,0.00,,0.00,0.00,0.00,2.00,1,1.00,2.00,0.00,0.00,,8,0,70.83,70.83,76.19,76.19,59.29,59.29,70.08,70.08,0.00,0.00
Benin,BEN,20200402,3.00,1,2.00,0,2.00,1,4.00,0,2.00,0,0.00,,2.00,0,2.00,0.00,,0.00,0.00,0.00,2.00,1,1.00,2.00,0.00,0.00,,13,0,70.83,70.83,76.19,76.19,59.29,59.29,70.08,70.08,0.00,0.00
Benin,BEN,20200403,3.00,1,2.00,0,2.00,1,4.00,0,2.00,0,0.00,,2.00,0,2.00,0.00,,0.00,0.00,0.00,2.00,1,1.00,2.00,0.00,0.00,,13,0,70.83,70.83,76.19,76.19,59.29,59.29,70.08,70.08,0.00,0.00
Benin,BEN,20200404,3.00,1,2.00,0,2.00,1,4.00,0,2.00,0,0.00,,2.00,0,2.00,0.00,,0.00,0.00,0.00,2.00,1,1.00,2.00,0.00,0.00,,16,0,70.83,70.83,76.19,76.19,59.29,59.29,70.08,70.08,0.00,0.00
Benin,BEN,20200405,3.00,1,2.00,0,2.00,1,4.00,0,2.00,0,0.00,,2.00,0,2.00,0.00,,0.00,0.00,0.00,2.00,1,1.00,2.00,0.00,0.00,,16,0,70.83,70.83,76.19,76.19,59.29,59.29,70.08,70.08,0.00,0.00
Benin,BEN,20200406,3.00,1,2.00,0,2.00,1,4.00,0,2.00,0,0.00,,2.00,0,2.00,0.00,,0.00,0.00,0.00,2.00,1,1.00,2.00,0.00,0.00,,22,0,70.83,70.83,76.19,76.19,59.29,59.29,70.08,70.08,0.00,0.00
Benin,BEN,20200407,3.00,1,2.00,0,2.00,1,4.00,0,2.00,0,0.00,,2.00,0,2.00,0.00,,0.00,0.00,0.00,2.00,1,1.00,2.00,0.00,0.00,,26,1,70.83,70.83,76.19,76.19,59.29,59.29,70.08,70.08,0.00,0.00
Benin,BEN,20200408,3.00,1,2.00,0,2.00,1,4.00,0,2.00,0,0.00,,2.00,0,2.00,0.00,,0.00,0.00,0.00,2.00,1,1.00,2.00,0.00,0.00,,26,1,70.83,70.83,76.19,76.19,59.29,59.29,70.08,70.08,0.00,0.00
Benin,BEN,20200409,3.00,1,2.00,0,2.00,1,4.00,0,2.00,0,0.00,,2.00,0,2.00,0.00,,0.00,0.00,0.00,2.00,1,1.00,2.00,0.00,0.00,,26,1,70.83,70.83,76.19,76.19,59.29,59.29,70.08,70.08,0.00,0.00
Benin,BEN,20200410,3.00,1,2.00,0,2.00,1,4.00,0,2.00,0,0.00,,2.00,0,2.00,0.00,,0.00,0.00,0.00,2.00,1,1.00,2.00,0.00,0.00,,30,1,70.83,70.83,76.19,76.19,59.29,59.29,70.08,70.08,0.00,0.00
Benin,BEN,20200411,3.00,1,2.00,0,2.00,1,4.00,0,2.00,0,0.00,,2.00,0,2.00,0.00,,0.00,0.00,0.00,2.00,1,1.00,2.00,0.00,0.00,,35,1,70.83,70.83,76.19,76.19,59.29,59.29,70.08,70.08,0.00,0.00
Benin,BEN,20200412,3.00,1,2.00,0,2.00,1,4.00,0,2.00,0,0.00,,2.00,0,2.00,0.00,,0.00,0.00,0.00,2.00,1,1.00,2.00,0.00,0.00,,35,1,70.83,70.83,76.19,76.19,59.29,59.29,70.08,70.08,0.00,0.00
Benin,BEN,20200413,3.00,1,2.00,0,2.00,1,4.00,0,2.00,0,0.00,,2.00,0,2.00,0.00,,0.00,0.00,0.00,2.00,1,1.00,2.00,0.00,0.00,,35,1,70.83,70.83,76.19,76.19,59.29,59.29,70.08,70.08,0.00,0.00
Benin,BEN,20200414,3.00,1,2.00,0,2.00,1,4.00,0,2.00,0,0.00,,2.00,0,2.00,0.00,,0.00,0.00,0.00,2.00,1,1.00,2.00,0.00,0.00,,35,1,70.83,70.83,76.19,76.19,59.29,59.29,70.08,70.08,0.00,0.00
Benin,BEN,20200415,3.00,1,2.00,0,2.00,1,4.00,0,2.00,0,0.00,,2.00,0,2.00,0.00,,0.00,0.00,0.00,2.00,1,1.00,2.00,0.00,0.00,,35,1,70.83,70.83,76.19,76.19,59.29,59.29,70.08,70.08,0.00,0.00
Benin,BEN,20200416,3.00,1,2.00,0,2.00,1,4.00,0,2.00,0,0.00,,2.00,0,2.00,0.00,,0.00,0.00,0.00,2.00,1,1.00,2.00,0.00,0.00,,35,1,70.83,70.83,76.19,76.19,59.29,59.29,70.08,70.08,0.00,0.00
Benin,BEN,20200417,3.00,1,2.00,0,2.00,1,4.00,0,2.00,0,0.00,,2.00,0,2.00,0.00,,0.00,0.00,0.00,2.00,1,1.00,2.00,0.00,0.00,,37,1,70.83,70.83,76.19,76.19,59.29,59.29,70.08,70.08,0.00,0.00
Benin,BEN,20200418,3.00,1,2.00,0,2.00,1,4.00,0,2.00,0,0.00,,2.00,0,2.00,0.00,,0.00,0.00,0.00,2.00,1,1.00,2.00,0.00,0.00,,37,1,70.83,70.83,76.19,76.19,59.29,59.29,70.08,70.08,0.00,0.00
Benin,BEN,20200419,3.00,1,2.00,0,2.00,1,4.00,0,2.00,0,0.00,,2.00,0,2.00,0.00,,0.00,0.00,0.00,2.00,1,1.00,2.00,0.00,0.00,,37,1,70.83,70.83,76.19,76.19,59.29,59.29,70.08,70.08,0.00,0.00
Benin,BEN,20200420,3.00,1,2.00,0,2.00,1,4.00,0,2.00,0,0.00,,2.00,0,2.00,0.00,,0.00,0.00,0.00,2.00,1,2.00,2.00,0.00,0.00,,37,1,70.83,70.83,76.19,76.19,61.86,61.86,73.11,73.11,0.00,0.00
Benin,BEN,20200421,3.00,1,2.00,0,2.00,1,4.00,0,2.00,0,0.00,,2.00,0,2.00,0.00,,0.00,0.00,0.00,2.00,1,2.00,2.00,0.00,0.00,,54,1,70.83,70.83,76.19,76.19,61.86,61.86,73.11,73.11,0.00,0.00
Benin,BEN,20200422,3.00,1,2.00,0,2.00,1,4.00,0,2.00,0,0.00,,2.00,0,2.00,0.00,,0.00,0.00,0.00,2.00,1,2.00,2.00,0.00,0.00,,54,1,70.83,70.83,76.19,76.19,61.86,61.86,73.11,73.11,0.00,0.00
Benin,BEN,20200423,3.00,1,2.00,0,2.00,1,4.00,0,2.00,0,0.00,,2.00,0,2.00,0.00,,0.00,0.00,0.00,2.00,1,2.00,2.00,0.00,0.00,,54,1,70.83,70.83,76.19,76.19,61.86,61.86,73.11,73.11,0.00,0.00
Benin,BEN,20200424,3.00,1,2.00,0,2.00,1,4.00,0,2.00,0,0.00,,2.00,0,2.00,0.00,,0.00,0.00,0.00,2.00,1,2.00,2.00,0.00,0.00,,58,1,70.83,70.83,76.19,76.19,61.86,61.86,73.11,73.11,0.00,0.00
Benin,BEN,20200425,3.00,1,2.00,0,2.00,1,4.00,0,2.00,0,0.00,,2.00,0,2.00,0.00,,0.00,0.00,0.00,2.00,1,2.00,2.00,0.00,0.00,,58,1,70.83,70.83,76.19,76.19,61.86,61.86,73.11,73.11,0.00,0.00
Benin,BEN,20200426,3.00,1,2.00,0,2.00,1,4.00,0,2.00,0,0.00,,2.00,0,2.00,0.00,,0.00,0.00,0.00,2.00,1,2.00,2.00,0.00,0.00,,58,1,70.83,70.83,76.19,76.19,61.86,61.86,73.11,73.11,0.00,0.00
Benin,BEN,20200427,3.00,1,2.00,0,2.00,1,4.00,0,2.00,0,0.00,,2.00,0,2.00,0.00,,0.00,0.00,0.00,2.00,1,2.00,2.00,0.00,0.00,,64,1,70.83,70.83,76.19,76.19,61.86,61.86,73.11,73.11,0.00,0.00
Benin,BEN,20200428,3.00,1,2.00,0,2.00,1,4.00,0,2.00,0,0.00,,2.00,0,2.00,0.00,,0.00,0.00,0.00,2.00,1,2.00,2.00,0.00,0.00,,64,1,70.83,70.83,76.19,76.19,61.86,61.86,73.11,73.11,0.00,0.00
Benin,BEN,20200429,3.00,1,2.00,0,2.00,1,4.00,0,2.00,0,0.00,,2.00,0,2.00,0.00,,0.00,0.00,0.00,2.00,1,2.00,2.00,0.00,0.00,,64,1,70.83,70.83,76.19,76.19,61.86,61.86,73.11,73.11,0.00,0.00
Benin,BEN,20200430,3.00,1,2.00,0,2.00,1,4.00,0,2.00,0,0.00,,2.00,0,2.00,0.00,,0.00,0.00,0.00,2.00,1,2.00,2.00,3170720.00,0.00,,69,2,70.83,70.83,76.19,76.19,61.86,61.86,73.11,73.11,0.00,0.00
Benin,BEN,20200501,3.00,1,2.00,0,2.00,1,4.00,0,2.00,0,0.00,,2.00,0,2.00,0.00,,0.00,0.00,0.00,2.00,1,2.00,2.00,0.00,0.00,,84,2,70.83,70.83,76.19,76.19,61.86,61.86,73.11,73.11,0.00,0.00
Benin,BEN,20200502,3.00,1,2.00,0,2.00,1,4.00,0,2.00,0,0.00,,2.00,0,2.00,0.00,,0.00,0.00,0.00,2.00,1,2.00,2.00,0.00,0.00,,90,2,70.83,70.83,76.19,76.19,61.86,61.86,73.11,73.11,0.00,0.00
Benin,BEN,20200503,3.00,1,2.00,0,2.00,1,4.00,0,2.00,0,0.00,,2.00,0,2.00,0.00,,0.00,0.00,0.00,2.00,1,2.00,2.00,0.00,0.00,,90,2,70.83,70.83,76.19,76.19,61.86,61.86,73.11,73.11,0.00,0.00
Benin,BEN,20200504,3.00,1,2.00,0,2.00,1,4.00,0,2.00,0,0.00,,2.00,0,2.00,0.00,,0.00,0.00,0.00,2.00,1,2.00,2.00,0.00,0.00,,90,2,70.83,70.83,76.19,76.19,61.86,61.86,73.11,73.11,0.00,0.00
Benin,BEN,20200505,3.00,1,2.00,0,2.00,1,4.00,0,2.00,0,0.00,,2.00,0,2.00,0.00,,0.00,0.00,0.00,2.00,1,2.00,2.00,0.00,0.00,,96,2,70.83,70.83,76.19,76.19,61.86,61.86,73.11,73.11,0.00,0.00
Benin,BEN,20200506,3.00,1,2.00,0,2.00,1,4.00,0,2.00,0,0.00,,2.00,0,2.00,0.00,,0.00,0.00,0.00,2.00,1,2.00,2.00,0.00,0.00,,96,2,70.83,70.83,76.19,76.19,61.86,61.86,73.11,73.11,0.00,0.00
Benin,BEN,20200507,3.00,1,2.00,0,2.00,1,4.00,0,2.00,0,0.00,,2.00,0,2.00,0.00,,0.00,0.00,0.00,2.00,1,2.00,2.00,3508784.00,0.00,,102,2,70.83,70.83,76.19,76.19,61.86,61.86,73.11,73.11,0.00,0.00
Benin,BEN,20200508,3.00,1,2.00,0,2.00,1,4.00,0,2.00,0,0.00,,2.00,0,2.00,0.00,,0.00,0.00,0.00,2.00,1,2.00,2.00,0.00,0.00,,140,2,70.83,70.83,76.19,76.19,61.86,61.86,73.11,73.11,0.00,0.00
Benin,BEN,20200509,3.00,1,2.00,0,2.00,1,4.00,0,2.00,0,0.00,,2.00,0,2.00,0.00,,0.00,0.00,0.00,2.00,1,2.00,2.00,0.00,0.00,,242,2,70.83,70.83,76.19,76.19,61.86,61.86,73.11,73.11,0.00,0.00
Benin,BEN,20200510,3.00,1,2.00,0,2.00,1,4.00,0,2.00,0,0.00,,2.00,0,2.00,0.00,,0.00,0.00,0.00,2.00,1,2.00,2.00,0.00,0.00,,284,2,70.83,70.83,76.19,76.19,61.86,61.86,73.11,73.11,0.00,0.00
Benin,BEN,20200511,2.00,1,2.00,0,2.00,1,3.00,1,2.00,0,0.00,,0.00,,2.00,0.00,,0.00,0.00,0.00,2.00,1,2.00,2.00,0.00,0.00,,319,2,57.41,57.41,63.10,63.10,52.56,52.56,62.12,62.12,0.00,0.00
Benin,BEN,20200512,2.00,1,2.00,0,2.00,1,3.00,1,2.00,0,0.00,,0.00,,2.00,0.00,,0.00,0.00,0.00,2.00,1,2.00,2.00,0.00,0.00,,319,2,57.41,57.41,63.10,63.10,52.56,52.56,62.12,62.12,0.00,0.00
Benin,BEN,20200513,2.00,1,2.00,0,2.00,1,3.00,1,2.00,0,0.00,,0.00,,2.00,0.00,,0.00,0.00,0.00,2.00,1,2.00,2.00,0.00,0.00,,327,2,57.41,57.41,63.10,63.10,52.56,52.56,62.12,62.12,0.00,0.00
Benin,BEN,20200514,2.00,1,2.00,0,2.00,1,3.00,1,2.00,0,0.00,,0.00,,2.00,0.00,,0.00,0.00,0.00,2.00,1,2.00,2.00,0.00,0.00,,327,2,57.41,57.41,63.10,63.10,52.56,52.56,62.12,62.12,0.00,0.00
Benin,BEN,20200515,2.00,1,2.00,0,2.00,1,3.00,1,2.00,0,0.00,,0.00,,2.00,0.00,,0.00,0.00,0.00,2.00,1,2.00,2.00,0.00,0.00,,339,2,57.41,57.41,63.10,63.10,52.56,52.56,62.12,62.12,0.00,0.00
Benin,BEN,20200516,2.00,1,2.00,0,2.00,1,3.00,1,2.00,0,0.00,,0.00,,2.00,0.00,,0.00,0.00,0.00,2.00,1,2.00,2.00,0.00,0.00,,339,2,57.41,57.41,63.10,63.10,52.56,52.56,62.12,62.12,0.00,0.00
Benin,BEN,20200517,2.00,1,2.00,0,2.00,1,3.00,1,2.00,0,0.00,,0.00,,4.00,0.00,,0.00,0.00,0.00,2.00,1,2.00,2.00,0.00,0.00,,339,2,62.96,62.96,70.24,70.24,56.41,56.41,66.67,66.67,0.00,0.00
Benin,BEN,20200518,2.00,1,2.00,0,2.00,1,3.00,1,2.00,0,0.00,,0.00,,2.00,0.00,,0.00,0.00,0.00,2.00,1,2.00,2.00,0.00,0.00,,339,2,57.41,57.41,63.10,63.10,52.56,52.56,62.12,62.12,0.00,0.00
Benin,BEN,20200519,2.00,1,2.00,0,2.00,1,3.00,1,2.00,0,0.00,,0.00,,2.00,0.00,,0.00,0.00,0.00,2.00,1,2.00,2.00,0.00,0.00,,339,2,57.41,57.41,63.10,63.10,52.56,52.56,62.12,62.12,0.00,0.00
Benin,BEN,20200520,2.00,1,2.00,0,2.00,1,3.00,1,2.00,0,0.00,,0.00,,2.00,0.00,,0.00,0.00,0.00,2.00,1,2.00,2.00,0.00,0.00,,130,2,57.41,57.41,63.10,63.10,52.56,52.56,62.12,62.12,0.00,0.00
Benin,BEN,20200521,2.00,1,2.00,0,2.00,1,3.00,1,2.00,0,0.00,,0.00,,2.00,0.00,,0.00,0.00,0.00,2.00,1,2.00,2.00,0.00,0.00,,130,2,57.41,57.41,63.10,63.10,52.56,52.56,62.12,62.12,0.00,0.00
Benin,BEN,20200522,2.00,1,2.00,0,2.00,1,3.00,1,2.00,0,0.00,,0.00,,2.00,0.00,,0.00,0.00,0.00,2.00,1,2.00,2.00,0.00,0.00,,135,3,57.41,57.41,63.10,63.10,52.56,52.56,62.12,62.12,0.00,0.00
Benin,BEN,20200523,2.00,1,2.00,0,2.00,1,3.00,1,2.00,0,0.00,,0.00,,2.00,0.00,,0.00,0.00,0.00,2.00,1,2.00,2.00,0.00,0.00,,135,3,57.41,57.41,63.10,63.10,52.56,52.56,62.12,62.12,0.00,0.00
Benin,BEN,20200524,2.00,1,2.00,0,2.00,1,3.00,1,2.00,0,0.00,,0.00,,2.00,0.00,,0.00,0.00,0.00,2.00,1,2.00,2.00,0.00,0.00,,135,3,57.41,57.41,63.10,63.10,52.56,52.56,62.12,62.12,0.00,0.00
Benin,BEN,20200525,2.00,1,2.00,0,2.00,1,3.00,1,2.00,0,0.00,,0.00,,2.00,0.00,,0.00,0.00,0.00,2.00,1,2.00,2.00,0.00,0.00,,191,3,57.41,57.41,63.10,63.10,52.56,52.56,62.12,62.12,0.00,0.00
Benin,BEN,20200526,2.00,1,2.00,0,2.00,1,3.00,1,2.00,0,0.00,,0.00,,2.00,0.00,,0.00,0.00,0.00,2.00,1,2.00,2.00,0.00,0.00,,191,3,57.41,57.41,63.10,63.10,52.56,52.56,62.12,62.12,0.00,0.00
Benin,BEN,20200527,2.00,1,2.00,0,2.00,1,3.00,1,2.00,0,0.00,,0.00,,2.00,0.00,,0.00,0.00,0.00,2.00,1,2.00,2.00,0.00,0.00,,208,3,57.41,57.41,63.10,63.10,52.56,52.56,62.12,62.12,0.00,0.00
Benin,BEN,20200528,2.00,1,2.00,0,2.00,1,3.00,1,2.00,0,0.00,,0.00,,2.00,0.00,,0.00,0.00,0.00,2.00,1,2.00,2.00,0.00,0.00,,210,3,57.41,57.41,63.10,63.10,52.56,52.56,62.12,62.12,0.00,0.00
Benin,BEN,20200529,2.00,1,2.00,0,2.00,1,3.00,1,2.00,0,0.00,,0.00,,2.00,0.00,,0.00,0.00,0.00,2.00,1,2.00,2.00,0.00,0.00,,210,3,57.41,57.41,63.10,63.10,52.56,52.56,62.12,62.12,0.00,0.00
Benin,BEN,20200530,2.00,1,2.00,0,2.00,1,3.00,1,2.00,0,0.00,,0.00,,2.00,0.00,,0.00,0.00,0.00,2.00,1,2.00,2.00,0.00,0.00,,224,3,57.41,57.41,63.10,63.10,52.56,52.56,62.12,62.12,0.00,0.00
Benin,BEN,20200531,2.00,1,2.00,0,2.00,1,3.00,1,2.00,0,0.00,,0.00,,2.00,0.00,,0.00,0.00,0.00,2.00,1,2.00,2.00,0.00,0.00,,232,3,57.41,57.41,63.10,63.10,52.56,52.56,62.12,62.12,0.00,0.00
Benin,BEN,20200601,2.00,1,2.00,0,2.00,1,3.00,1,2.00,0,0.00,,0.00,,2.00,0.00,,0.00,0.00,0.00,2.00,1,2.00,2.00,0.00,0.00,,232,3,57.41,57.41,63.10,63.10,52.56,52.56,62.12,62.12,0.00,0.00
Benin,BEN,20200602,2.00,1,2.00,0,2.00,1,3.00,1,0.00,,0.00,,0.00,,2.00,0.00,,0.00,0.00,0.00,2.00,1,2.00,2.00,0.00,0.00,,243,3,49.07,49.07,53.57,53.57,46.79,46.79,55.30,55.30,0.00,0.00
Benin,BEN,20200603,2.00,1,2.00,0,2.00,1,3.00,1,0.00,,0.00,,0.00,,2.00,0.00,,0.00,0.00,0.00,2.00,1,2.00,2.00,0.00,0.00,,244,3,49.07,49.07,53.57,53.57,46.79,46.79,55.30,55.30,0.00,0.00
Benin,BEN,20200604,2.00,1,2.00,0,2.00,1,3.00,1,0.00,,0.00,,0.00,,2.00,0.00,,0.00,0.00,0.00,2.00,1,2.00,2.00,0.00,0.00,,244,3,49.07,49.07,53.57,53.57,46.79,46.79,55.30,55.30,0.00,0.00
Benin,BEN,20200605,2.00,1,2.00,0,2.00,1,3.00,1,0.00,,0.00,,0.00,,2.00,0.00,,0.00,0.00,0.00,2.00,1,2.00,2.00,0.00,0.00,,261,3,49.07,49.07,53.57,53.57,46.79,46.79,55.30,55.30,0.00,0.00
Benin,BEN,20200606,2.00,1,2.00,0,2.00,1,3.00,1,0.00,,0.00,,0.00,,2.00,0.00,,0.00,0.00,0.00,2.00,1,2.00,2.00,0.00,0.00,,261,3,49.07,49.07,53.57,53.57,46.79,46.79,55.30,55.30,0.00,0.00
Benin,BEN,20200607,2.00,1,2.00,0,2.00,1,3.00,1,0.00,,0.00,,0.00,,2.00,0.00,,0.00,0.00,0.00,2.00,1,2.00,2.00,0.00,0.00,,268,4,49.07,49.07,53.57,53.57,46.79,46.79,55.30,55.30,0.00,0.00
Benin,BEN,20200608,2.00,1,2.00,0,2.00,1,3.00,1,0.00,,0.00,,0.00,,2.00,0.00,,0.00,0.00,0.00,2.00,1,2.00,2.00,0.00,0.00,,268,4,49.07,49.07,53.57,53.57,46.79,46.79,55.30,55.30,0.00,0.00
Benin,BEN,20200609,2.00,1,2.00,0,2.00,1,3.00,1,0.00,,0.00,,0.00,,2.00,0.00,,0.00,0.00,0.00,2.00,1,2.00,2.00,0.00,0.00,,305,4,49.07,49.07,53.57,53.57,46.79,46.79,55.30,55.30,0.00,0.00
Benin,BEN,20200610,2.00,1,2.00,0,2.00,1,3.00,1,0.00,,0.00,,0.00,,2.00,0.00,,0.00,0.00,0.00,2.00,1,2.00,2.00,0.00,0.00,,305,4,49.07,49.07,53.57,53.57,46.79,46.79,55.30,55.30,0.00,0.00
Benin,BEN,20200611,2.00,1,2.00,0,2.00,1,3.00,1,0.00,,0.00,,0.00,,2.00,0.00,,0.00,0.00,0.00,2.00,1,2.00,2.00,0.00,0.00,,305,4,49.07,49.07,53.57,53.57,46.79,46.79,55.30,55.30,0.00,0.00
Benin,BEN,20200612,,,,,,,,,,,,,,,,,,,,,,,,,,,,305,4,,,,,,,,,,
Benin,BEN,20200613,,,,,,,,,,,,,,,,,,,,,,,,,,,,388,5,,,,,,,,,,
Benin,BEN,20200614,,,,,,,,,,,,,,,,,,,,,,,,,,,,412,6,,,,,,,,,,
Benin,BEN,20200615,,,,,,,,,,,,,,,,,,,,,,,,,,,,470,7,,,,,,,,,,
Benin,BEN,20200616,,,,,,,,,,,,,,,,,,,,,,,,,,,,483,9,,,,,,,,,,
Benin,BEN,20200617,,,,,,,,,,,,,,,,,,,,,,,,,,,,532,9,,49.07,,53.57,,46.79,,55.30,,0.00
Benin,BEN,20200618,,,,,,,,,,,,,,,,,,,,,,,,,,,,572,9,,49.07,,53.57,,46.79,,55.30,,0.00
Benin,BEN,20200619,,,,,,,,,,,,,,,,,,,,,,,,,,,,597,11,,49.07,,53.57,,46.79,,55.30,,0.00
Benin,BEN,20200620,,,,,,,,,,,,,,,,,,,,,,,,,,,,650,11,,49.07,,53.57,,46.79,,55.30,,0.00
Benin,BEN,20200621,,,,,,,,,,,,,,,,,,,,,,,,,,,,650,11,,49.07,,53.57,,46.79,,55.30,,0.00
Benin,BEN,20200622,,,,,,,,,,,,,,,,,,,,,,,,,,,,765,13,,49.07,,53.57,,46.79,,55.30,,0.00
Benin,BEN,20200623,,,,,,,,,,,,,,,,,,,,,,,,,,,,807,13,,49.07,,53.57,,46.79,,55.30,,0.00
