Cameroon,CMR,20200101,0.00,,0.00,,0.00,,0.00,,0.00,,0.00,,0.00,,0.00,0.00,,0.00,0.00,0.00,0.00,,0.00,0.00,0.00,0.00,,,,0.00,0.00,0.00,0.00,0.00,0.00,0.00,0.00,0.00,0.00
Cameroon,CMR,20200102,0.00,,0.00,,0.00,,0.00,,0.00,,0.00,,0.00,,0.00,0.00,,0.00,0.00,0.00,0.00,,0.00,0.00,0.00,0.00,,,,0.00,0.00,0.00,0.00,0.00,0.00,0.00,0.00,0.00,0.00
Cameroon,CMR,20200103,0.00,,0.00,,0.00,,0.00,,0.00,,0.00,,0.00,,0.00,0.00,,0.00,0.00,0.00,0.00,,0.00,0.00,0.00,0.00,,,,0.00,0.00,0.00,0.00,0.00,0.00,0.00,0.00,0.00,0.00
Cameroon,CMR,20200104,0.00,,0.00,,0.00,,0.00,,0.00,,0.00,,0.00,,0.00,0.00,,0.00,0.00,0.00,0.00,,0.00,0.00,0.00,0.00,,,,0.00,0.00,0.00,0.00,0.00,0.00,0.00,0.00,0.00,0.00
Cameroon,CMR,20200105,0.00,,0.00,,0.00,,0.00,,0.00,,0.00,,0.00,,0.00,0.00,,0.00,0.00,0.00,0.00,,0.00,0.00,0.00,0.00,,,,0.00,0.00,0.00,0.00,0.00,0.00,0.00,0.00,0.00,0.00
Cameroon,CMR,20200106,0.00,,0.00,,0.00,,0.00,,0.00,,0.00,,0.00,,0.00,0.00,,0.00,0.00,0.00,0.00,,0.00,0.00,0.00,0.00,,,,0.00,0.00,0.00,0.00,0.00,0.00,0.00,0.00,0.00,0.00
Cameroon,CMR,20200107,0.00,,0.00,,0.00,,0.00,,0.00,,0.00,,0.00,,0.00,0.00,,0.00,0.00,0.00,0.00,,0.00,0.00,0.00,0.00,,,,0.00,0.00,0.00,0.00,0.00,0.00,0.00,0.00,0.00,0.00
Cameroon,CMR,20200108,0.00,,0.00,,0.00,,0.00,,0.00,,0.00,,0.00,,0.00,0.00,,0.00,0.00,0.00,0.00,,0.00,0.00,0.00,0.00,,,,0.00,0.00,0.00,0.00,0.00,0.00,0.00,0.00,0.00,0.00
Cameroon,CMR,20200109,0.00,,0.00,,0.00,,0.00,,0.00,,0.00,,0.00,,0.00,0.00,,0.00,0.00,0.00,0.00,,0.00,0.00,0.00,0.00,,,,0.00,0.00,0.00,0.00,0.00,0.00,0.00,0.00,0.00,0.00
Cameroon,CMR,20200110,0.00,,0.00,,0.00,,0.00,,0.00,,0.00,,0.00,,0.00,0.00,,0.00,0.00,0.00,0.00,,0.00,0.00,0.00,0.00,,,,0.00,0.00,0.00,0.00,0.00,0.00,0.00,0.00,0.00,0.00
Cameroon,CMR,20200111,0.00,,0.00,,0.00,,0.00,,0.00,,0.00,,0.00,,0.00,0.00,,0.00,0.00,0.00,0.00,,0.00,0.00,0.00,0.00,,,,0.00,0.00,0.00,0.00,0.00,0.00,0.00,0.00,0.00,0.00
Cameroon,CMR,20200112,0.00,,0.00,,0.00,,0.00,,0.00,,0.00,,0.00,,0.00,0.00,,0.00,0.00,0.00,0.00,,0.00,0.00,0.00,0.00,,,,0.00,0.00,0.00,0.00,0.00,0.00,0.00,0.00,0.00,0.00
Cameroon,CMR,20200113,0.00,,0.00,,0.00,,0.00,,0.00,,0.00,,0.00,,0.00,0.00,,0.00,0.00,0.00,0.00,,0.00,0.00,0.00,0.00,,,,0.00,0.00,0.00,0.00,0.00,0.00,0.00,0.00,0.00,0.00
Cameroon,CMR,20200114,0.00,,0.00,,0.00,,0.00,,0.00,,0.00,,0.00,,0.00,0.00,,0.00,0.00,0.00,0.00,,0.00,0.00,0.00,0.00,,,,0.00,0.00,0.00,0.00,0.00,0.00,0.00,0.00,0.00,0.00
Cameroon,CMR,20200115,0.00,,0.00,,0.00,,0.00,,0.00,,0.00,,0.00,,0.00,0.00,,0.00,0.00,0.00,0.00,,0.00,0.00,0.00,0.00,,,,0.00,0.00,0.00,0.00,0.00,0.00,0.00,0.00,0.00,0.00
Cameroon,CMR,20200116,0.00,,0.00,,0.00,,0.00,,0.00,,0.00,,0.00,,0.00,0.00,,0.00,0.00,0.00,0.00,,0.00,0.00,0.00,0.00,,,,0.00,0.00,0.00,0.00,0.00,0.00,0.00,0.00,0.00,0.00
Cameroon,CMR,20200117,0.00,,0.00,,0.00,,0.00,,0.00,,0.00,,0.00,,0.00,0.00,,0.00,0.00,0.00,0.00,,0.00,0.00,0.00,0.00,,,,0.00,0.00,0.00,0.00,0.00,0.00,0.00,0.00,0.00,0.00
Cameroon,CMR,20200118,0.00,,0.00,,0.00,,0.00,,0.00,,0.00,,0.00,,0.00,0.00,,0.00,0.00,0.00,0.00,,0.00,0.00,0.00,0.00,,,,0.00,0.00,0.00,0.00,0.00,0.00,0.00,0.00,0.00,0.00
Cameroon,CMR,20200119,0.00,,0.00,,0.00,,0.00,,0.00,,0.00,,0.00,,0.00,0.00,,0.00,0.00,0.00,0.00,,0.00,0.00,0.00,0.00,,,,0.00,0.00,0.00,0.00,0.00,0.00,0.00,0.00,0.00,0.00
Cameroon,CMR,20200120,0.00,,0.00,,0.00,,0.00,,0.00,,0.00,,0.00,,0.00,0.00,,0.00,0.00,0.00,0.00,,0.00,0.00,0.00,0.00,,,,0.00,0.00,0.00,0.00,0.00,0.00,0.00,0.00,0.00,0.00
Cameroon,CMR,20200121,0.00,,0.00,,0.00,,0.00,,0.00,,0.00,,0.00,,0.00,0.00,,0.00,0.00,0.00,0.00,,0.00,0.00,0.00,0.00,,,,0.00,0.00,0.00,0.00,0.00,0.00,0.00,0.00,0.00,0.00
Cameroon,CMR,20200122,0.00,,0.00,,0.00,,0.00,,0.00,,0.00,,0.00,,0.00,0.00,,0.00,0.00,0.00,0.00,,0.00,0.00,0.00,0.00,,,,0.00,0.00,0.00,0.00,0.00,0.00,0.00,0.00,0.00,0.00
Cameroon,CMR,20200123,0.00,,0.00,,0.00,,0.00,,0.00,,0.00,,0.00,,0.00,0.00,,0.00,0.00,0.00,0.00,,0.00,0.00,0.00,0.00,,,,0.00,0.00,0.00,0.00,0.00,0.00,0.00,0.00,0.00,0.00
Cameroon,CMR,20200124,0.00,,0.00,,0.00,,0.00,,0.00,,0.00,,0.00,,0.00,0.00,,0.00,0.00,0.00,0.00,,0.00,0.00,0.00,0.00,,,,0.00,0.00,0.00,0.00,0.00,0.00,0.00,0.00,0.00,0.00
Cameroon,CMR,20200125,0.00,,0.00,,0.00,,0.00,,0.00,,0.00,,0.00,,0.00,0.00,,0.00,0.00,0.00,0.00,,0.00,0.00,0.00,0.00,,,,0.00,0.00,0.00,0.00,0.00,0.00,0.00,0.00,0.00,0.00
Cameroon,CMR,20200126,0.00,,0.00,,0.00,,0.00,,0.00,,0.00,,0.00,,0.00,0.00,,0.00,0.00,0.00,0.00,,0.00,0.00,0.00,0.00,,,,0.00,0.00,0.00,0.00,0.00,0.00,0.00,0.00,0.00,0.00
Cameroon,CMR,20200127,0.00,,0.00,,0.00,,0.00,,0.00,,0.00,,0.00,,0.00,0.00,,0.00,0.00,0.00,0.00,,0.00,0.00,0.00,0.00,,,,0.00,0.00,0.00,0.00,0.00,0.00,0.00,0.00,0.00,0.00
Cameroon,CMR,20200128,0.00,,0.00,,0.00,,0.00,,0.00,,0.00,,0.00,,0.00,0.00,,0.00,0.00,0.00,0.00,,0.00,0.00,0.00,0.00,,,,0.00,0.00,0.00,0.00,0.00,0.00,0.00,0.00,0.00,0.00
Cameroon,CMR,20200129,0.00,,0.00,,0.00,,0.00,,0.00,,0.00,,0.00,,0.00,0.00,,0.00,0.00,0.00,0.00,,0.00,0.00,0.00,0.00,,,,0.00,0.00,0.00,0.00,0.00,0.00,0.00,0.00,0.00,0.00
Cameroon,CMR,20200130,0.00,,0.00,,0.00,,0.00,,0.00,,0.00,,0.00,,0.00,0.00,,0.00,0.00,0.00,0.00,,0.00,0.00,0.00,0.00,,,,0.00,0.00,0.00,0.00,0.00,0.00,0.00,0.00,0.00,0.00
Cameroon,CMR,20200131,0.00,,0.00,,0.00,,0.00,,0.00,,0.00,,0.00,,0.00,0.00,,0.00,0.00,0.00,0.00,,0.00,0.00,0.00,0.00,,,,0.00,0.00,0.00,0.00,0.00,0.00,0.00,0.00,0.00,0.00
Cameroon,CMR,20200201,0.00,,0.00,,0.00,,0.00,,0.00,,0.00,,0.00,,0.00,0.00,,0.00,0.00,0.00,0.00,,0.00,0.00,0.00,0.00,,,,0.00,0.00,0.00,0.00,0.00,0.00,0.00,0.00,0.00,0.00
Cameroon,CMR,20200202,0.00,,0.00,,0.00,,0.00,,0.00,,0.00,,0.00,,0.00,0.00,,0.00,0.00,0.00,0.00,,0.00,0.00,0.00,0.00,,,,0.00,0.00,0.00,0.00,0.00,0.00,0.00,0.00,0.00,0.00
Cameroon,CMR,20200203,0.00,,0.00,,0.00,,0.00,,0.00,,0.00,,0.00,,0.00,0.00,,0.00,0.00,0.00,0.00,,0.00,0.00,0.00,0.00,,,,0.00,0.00,0.00,0.00,0.00,0.00,0.00,0.00,0.00,0.00
Cameroon,CMR,20200204,0.00,,0.00,,0.00,,0.00,,0.00,,0.00,,0.00,,0.00,0.00,,0.00,0.00,0.00,0.00,,0.00,0.00,0.00,0.00,,,,0.00,0.00,0.00,0.00,0.00,0.00,0.00,0.00,0.00,0.00
Cameroon,CMR,20200205,0.00,,0.00,,0.00,,0.00,,0.00,,0.00,,0.00,,0.00,0.00,,0.00,0.00,0.00,0.00,,0.00,0.00,0.00,0.00,,,,0.00,0.00,0.00,0.00,0.00,0.00,0.00,0.00,0.00,0.00
Cameroon,CMR,20200206,0.00,,0.00,,0.00,,0.00,,0.00,,0.00,,0.00,,0.00,0.00,,0.00,0.00,0.00,0.00,,0.00,0.00,0.00,0.00,,,,0.00,0.00,0.00,0.00,0.00,0.00,0.00,0.00,0.00,0.00
Cameroon,CMR,20200207,0.00,,0.00,,0.00,,0.00,,0.00,,0.00,,0.00,,0.00,0.00,,0.00,0.00,0.00,0.00,,0.00,0.00,0.00,0.00,,,,0.00,0.00,0.00,0.00,0.00,0.00,0.00,0.00,0.00,0.00
Cameroon,CMR,20200208,0.00,,0.00,,0.00,,0.00,,0.00,,0.00,,0.00,,0.00,0.00,,0.00,0.00,0.00,0.00,,0.00,0.00,0.00,0.00,,,,0.00,0.00,0.00,0.00,0.00,0.00,0.00,0.00,0.00,0.00
Cameroon,CMR,20200209,0.00,,0.00,,0.00,,0.00,,0.00,,0.00,,0.00,,0.00,0.00,,0.00,0.00,0.00,0.00,,0.00,0.00,0.00,0.00,,,,0.00,0.00,0.00,0.00,0.00,0.00,0.00,0.00,0.00,0.00
Cameroon,CMR,20200210,0.00,,0.00,,0.00,,0.00,,0.00,,0.00,,0.00,,0.00,0.00,,0.00,0.00,0.00,0.00,,0.00,0.00,0.00,0.00,,,,0.00,0.00,0.00,0.00,0.00,0.00,0.00,0.00,0.00,0.00
Cameroon,CMR,20200211,0.00,,0.00,,0.00,,0.00,,0.00,,0.00,,0.00,,0.00,0.00,,0.00,0.00,0.00,0.00,,0.00,0.00,0.00,0.00,,,,0.00,0.00,0.00,0.00,0.00,0.00,0.00,0.00,0.00,0.00
Cameroon,CMR,20200212,0.00,,0.00,,0.00,,0.00,,0.00,,0.00,,0.00,,0.00,0.00,,0.00,0.00,0.00,0.00,,0.00,0.00,0.00,0.00,,,,0.00,0.00,0.00,0.00,0.00,0.00,0.00,0.00,0.00,0.00
Cameroon,CMR,20200213,0.00,,0.00,,0.00,,0.00,,0.00,,0.00,,0.00,,0.00,0.00,,0.00,0.00,0.00,0.00,,0.00,0.00,0.00,0.00,,,,0.00,0.00,0.00,0.00,0.00,0.00,0.00,0.00,0.00,0.00
Cameroon,CMR,20200214,0.00,,0.00,,0.00,,0.00,,0.00,,0.00,,0.00,,0.00,0.00,,0.00,0.00,0.00,0.00,,0.00,0.00,0.00,0.00,,,,0.00,0.00,0.00,0.00,0.00,0.00,0.00,0.00,0.00,0.00
Cameroon,CMR,20200215,0.00,,0.00,,0.00,,0.00,,0.00,,0.00,,0.00,,0.00,0.00,,0.00,0.00,0.00,0.00,,0.00,0.00,0.00,0.00,,,,0.00,0.00,0.00,0.00,0.00,0.00,0.00,0.00,0.00,0.00
Cameroon,CMR,20200216,0.00,,0.00,,0.00,,0.00,,0.00,,0.00,,0.00,,0.00,0.00,,0.00,0.00,0.00,0.00,,0.00,0.00,0.00,0.00,,,,0.00,0.00,0.00,0.00,0.00,0.00,0.00,0.00,0.00,0.00
Cameroon,CMR,20200217,0.00,,0.00,,0.00,,0.00,,0.00,,0.00,,0.00,,0.00,0.00,,0.00,0.00,0.00,0.00,,0.00,0.00,0.00,0.00,,,,0.00,0.00,0.00,0.00,0.00,0.00,0.00,0.00,0.00,0.00
Cameroon,CMR,20200218,0.00,,0.00,,0.00,,0.00,,0.00,,0.00,,0.00,,0.00,0.00,,0.00,0.00,0.00,0.00,,0.00,0.00,0.00,0.00,,,,0.00,0.00,0.00,0.00,0.00,0.00,0.00,0.00,0.00,0.00
Cameroon,CMR,20200219,0.00,,0.00,,0.00,,0.00,,0.00,,0.00,,0.00,,0.00,0.00,,0.00,0.00,0.00,0.00,,0.00,0.00,0.00,0.00,,,,0.00,0.00,0.00,0.00,0.00,0.00,0.00,0.00,0.00,0.00
Cameroon,CMR,20200220,0.00,,0.00,,0.00,,0.00,,0.00,,0.00,,0.00,,0.00,0.00,,0.00,0.00,0.00,0.00,,0.00,0.00,0.00,0.00,,,,0.00,0.00,0.00,0.00,0.00,0.00,0.00,0.00,0.00,0.00
Cameroon,CMR,20200221,0.00,,0.00,,0.00,,0.00,,0.00,,0.00,,0.00,,0.00,0.00,,0.00,0.00,0.00,0.00,,0.00,0.00,0.00,0.00,,,,0.00,0.00,0.00,0.00,0.00,0.00,0.00,0.00,0.00,0.00
Cameroon,CMR,20200222,0.00,,0.00,,0.00,,0.00,,0.00,,0.00,,0.00,,0.00,0.00,,0.00,0.00,0.00,0.00,,0.00,0.00,0.00,0.00,,,,0.00,0.00,0.00,0.00,0.00,0.00,0.00,0.00,0.00,0.00
Cameroon,CMR,20200223,0.00,,0.00,,0.00,,0.00,,0.00,,0.00,,0.00,,0.00,0.00,,0.00,0.00,0.00,0.00,,0.00,0.00,0.00,0.00,,,,0.00,0.00,0.00,0.00,0.00,0.00,0.00,0.00,0.00,0.00
Cameroon,CMR,20200224,0.00,,0.00,,0.00,,0.00,,0.00,,0.00,,0.00,,0.00,0.00,,0.00,0.00,0.00,0.00,,0.00,1.00,0.00,0.00,,,,0.00,0.00,0.00,0.00,3.85,3.85,4.55,4.55,0.00,0.00
Cameroon,CMR,20200225,0.00,,0.00,,0.00,,0.00,,0.00,,0.00,,0.00,,0.00,0.00,,0.00,0.00,0.00,0.00,,0.00,1.00,0.00,0.00,,,,0.00,0.00,0.00,0.00,3.85,3.85,4.55,4.55,0.00,0.00
Cameroon,CMR,20200226,0.00,,0.00,,0.00,,0.00,,0.00,,0.00,,0.00,,0.00,0.00,,0.00,0.00,0.00,0.00,,0.00,1.00,0.00,0.00,,,,0.00,0.00,0.00,0.00,3.85,3.85,4.55,4.55,0.00,0.00
Cameroon,CMR,20200227,0.00,,0.00,,0.00,,0.00,,0.00,,0.00,,0.00,,0.00,0.00,,0.00,0.00,0.00,0.00,,0.00,1.00,0.00,0.00,,,,0.00,0.00,0.00,0.00,3.85,3.85,4.55,4.55,0.00,0.00
Cameroon,CMR,20200228,0.00,,0.00,,0.00,,0.00,,0.00,,0.00,,0.00,,0.00,0.00,,0.00,0.00,0.00,0.00,,0.00,1.00,0.00,0.00,,,,0.00,0.00,0.00,0.00,3.85,3.85,4.55,4.55,0.00,0.00
Cameroon,CMR,20200229,0.00,,0.00,,0.00,,0.00,,0.00,,0.00,,0.00,,0.00,0.00,,0.00,0.00,0.00,0.00,,0.00,1.00,0.00,0.00,,,,0.00,0.00,0.00,0.00,3.85,3.85,4.55,4.55,0.00,0.00
Cameroon,CMR,20200301,0.00,,0.00,,0.00,,0.00,,0.00,,0.00,,0.00,,0.00,0.00,,0.00,0.00,0.00,0.00,,0.00,1.00,0.00,0.00,,,,0.00,0.00,0.00,0.00,3.85,3.85,4.55,4.55,0.00,0.00
Cameroon,CMR,20200302,0.00,,0.00,,0.00,,0.00,,0.00,,0.00,,0.00,,0.00,0.00,,0.00,0.00,0.00,0.00,,0.00,1.00,0.00,0.00,,,,0.00,0.00,0.00,0.00,3.85,3.85,4.55,4.55,0.00,0.00
Cameroon,CMR,20200303,0.00,,0.00,,0.00,,0.00,,0.00,,0.00,,0.00,,0.00,0.00,,0.00,0.00,0.00,0.00,,0.00,1.00,0.00,0.00,,,,0.00,0.00,0.00,0.00,3.85,3.85,4.55,4.55,0.00,0.00
Cameroon,CMR,20200304,0.00,,0.00,,0.00,,0.00,,0.00,,0.00,,0.00,,0.00,0.00,,0.00,0.00,0.00,0.00,,0.00,1.00,0.00,0.00,,,,0.00,0.00,0.00,0.00,3.85,3.85,4.55,4.55,0.00,0.00
Cameroon,CMR,20200305,0.00,,0.00,,0.00,,0.00,,0.00,,0.00,,0.00,,0.00,0.00,,0.00,0.00,0.00,0.00,,0.00,1.00,0.00,0.00,,,,0.00,0.00,0.00,0.00,3.85,3.85,4.55,4.55,0.00,0.00
Cameroon,CMR,20200306,0.00,,0.00,,0.00,,0.00,,0.00,,0.00,,0.00,,0.00,0.00,,0.00,0.00,0.00,0.00,,0.00,1.00,0.00,0.00,,,,0.00,0.00,0.00,0.00,3.85,3.85,4.55,4.55,0.00,0.00
Cameroon,CMR,20200307,0.00,,0.00,,0.00,,0.00,,0.00,,0.00,,0.00,,0.00,0.00,,0.00,0.00,0.00,0.00,,0.00,1.00,0.00,0.00,,1,0,0.00,0.00,0.00,0.00,3.85,3.85,4.55,4.55,0.00,0.00
Cameroon,CMR,20200308,0.00,,0.00,,0.00,,0.00,,0.00,,0.00,,0.00,,0.00,0.00,,0.00,0.00,0.00,0.00,,0.00,1.00,0.00,0.00,,,,0.00,0.00,0.00,0.00,3.85,3.85,4.55,4.55,0.00,0.00
Cameroon,CMR,20200309,0.00,,0.00,,0.00,,0.00,,0.00,,0.00,,0.00,,0.00,0.00,,0.00,0.00,0.00,0.00,,0.00,1.00,0.00,0.00,,2,0,0.00,0.00,0.00,0.00,3.85,3.85,4.55,4.55,0.00,0.00
Cameroon,CMR,20200310,0.00,,0.00,,0.00,,0.00,,0.00,,0.00,,0.00,,0.00,0.00,,0.00,0.00,0.00,0.00,,0.00,1.00,0.00,0.00,,,,0.00,0.00,0.00,0.00,3.85,3.85,4.55,4.55,0.00,0.00
Cameroon,CMR,20200311,0.00,,0.00,,0.00,,0.00,,0.00,,0.00,,0.00,,0.00,0.00,,0.00,0.00,0.00,0.00,,0.00,1.00,0.00,0.00,,,,0.00,0.00,0.00,0.00,3.85,3.85,4.55,4.55,0.00,0.00
Cameroon,CMR,20200312,0.00,,0.00,,0.00,,0.00,,0.00,,0.00,,0.00,,0.00,0.00,,0.00,0.00,0.00,0.00,,0.00,1.00,0.00,0.00,,,,0.00,0.00,0.00,0.00,3.85,3.85,4.55,4.55,0.00,0.00
Cameroon,CMR,20200313,0.00,,0.00,,0.00,,0.00,,0.00,,0.00,,0.00,,1.00,0.00,,0.00,0.00,0.00,0.00,,0.00,1.00,0.00,0.00,,,,2.78,2.78,3.57,3.57,5.77,5.77,6.82,6.82,0.00,0.00
Cameroon,CMR,20200314,0.00,,0.00,,0.00,,0.00,,0.00,,0.00,,0.00,,1.00,0.00,,0.00,0.00,0.00,0.00,,0.00,1.00,0.00,0.00,,,,2.78,2.78,3.57,3.57,5.77,5.77,6.82,6.82,0.00,0.00
Cameroon,CMR,20200315,0.00,,0.00,,0.00,,0.00,,0.00,,0.00,,0.00,,1.00,0.00,,0.00,0.00,0.00,0.00,,0.00,1.00,0.00,0.00,,3,0,2.78,2.78,3.57,3.57,5.77,5.77,6.82,6.82,0.00,0.00
Cameroon,CMR,20200316,0.00,,0.00,,0.00,,0.00,,0.00,,0.00,,0.00,,1.00,0.00,,0.00,0.00,0.00,0.00,,0.00,1.00,0.00,0.00,,4,0,2.78,2.78,3.57,3.57,5.77,5.77,6.82,6.82,0.00,0.00
Cameroon,CMR,20200317,0.00,,0.00,,0.00,,0.00,,0.00,,0.00,,0.00,,1.00,0.00,,0.00,0.00,0.00,0.00,,0.00,1.00,0.00,0.00,,4,0,2.78,2.78,3.57,3.57,5.77,5.77,6.82,6.82,0.00,0.00
Cameroon,CMR,20200318,3.00,1,2.00,1,2.00,1,3.00,1,1.00,1,0.00,,1.00,1,3.00,0.00,,0.00,0.00,0.00,0.00,,0.00,1.00,0.00,0.00,,10,0,57.41,57.41,69.05,69.05,43.59,43.59,51.52,51.52,0.00,0.00
Cameroon,CMR,20200319,3.00,1,2.00,1,2.00,1,3.00,1,1.00,1,0.00,,1.00,1,3.00,0.00,,0.00,0.00,0.00,0.00,,0.00,1.00,0.00,0.00,,10,0,57.41,57.41,69.05,69.05,43.59,43.59,51.52,51.52,0.00,0.00
Cameroon,CMR,20200320,3.00,1,2.00,1,2.00,1,3.00,1,1.00,1,0.00,,1.00,1,3.00,0.00,,0.00,0.00,0.00,0.00,,0.00,1.00,0.00,0.00,,14,0,57.41,57.41,69.05,69.05,43.59,43.59,51.52,51.52,0.00,0.00
Cameroon,CMR,20200321,3.00,1,2.00,1,2.00,1,3.00,1,1.00,1,0.00,,1.00,1,3.00,0.00,,0.00,0.00,0.00,0.00,,0.00,1.00,0.00,0.00,,27,0,57.41,57.41,69.05,69.05,43.59,43.59,51.52,51.52,0.00,0.00
Cameroon,CMR,20200322,3.00,1,2.00,1,2.00,1,3.00,1,1.00,1,0.00,,1.00,1,3.00,0.00,,0.00,0.00,0.00,0.00,,0.00,1.00,0.00,0.00,,27,0,57.41,57.41,69.05,69.05,43.59,43.59,51.52,51.52,0.00,0.00
Cameroon,CMR,20200323,3.00,1,2.00,1,2.00,1,3.00,1,1.00,1,0.00,,1.00,1,3.00,0.00,,0.00,0.00,0.00,0.00,,0.00,1.00,0.00,0.00,,27,0,57.41,57.41,69.05,69.05,43.59,43.59,51.52,51.52,0.00,0.00
Cameroon,CMR,20200324,3.00,1,2.00,1,2.00,1,3.00,1,1.00,1,0.00,,1.00,1,3.00,0.00,,0.00,0.00,0.00,0.00,,0.00,1.00,0.00,0.00,,56,0,57.41,57.41,69.05,69.05,43.59,43.59,51.52,51.52,0.00,0.00
Cameroon,CMR,20200325,3.00,1,2.00,1,2.00,1,3.00,1,1.00,1,0.00,,1.00,1,3.00,0.00,,0.00,0.00,0.00,0.00,,0.00,1.00,0.00,0.00,,72,1,57.41,57.41,69.05,69.05,43.59,43.59,51.52,51.52,0.00,0.00
Cameroon,CMR,20200326,3.00,1,2.00,1,2.00,1,3.00,1,1.00,1,0.00,,1.00,1,3.00,0.00,,0.00,0.00,0.00,0.00,,0.00,1.00,0.00,0.00,,72,1,57.41,57.41,69.05,69.05,43.59,43.59,51.52,51.52,0.00,0.00
Cameroon,CMR,20200327,3.00,1,2.00,1,2.00,1,3.00,1,1.00,1,0.00,,1.00,1,3.00,0.00,,0.00,0.00,0.00,0.00,,0.00,1.00,0.00,0.00,,88,1,57.41,57.41,69.05,69.05,43.59,43.59,51.52,51.52,0.00,0.00
Cameroon,CMR,20200328,3.00,1,2.00,1,2.00,1,3.00,1,1.00,1,0.00,,1.00,1,3.00,0.00,,0.00,0.00,0.00,0.00,,0.00,1.00,0.00,0.00,,88,1,57.41,57.41,69.05,69.05,43.59,43.59,51.52,51.52,0.00,0.00
Cameroon,CMR,20200329,3.00,1,2.00,1,2.00,1,3.00,1,1.00,1,0.00,,1.00,1,3.00,0.00,,0.00,0.00,0.00,0.00,,0.00,1.00,0.00,0.00,,99,2,57.41,57.41,69.05,69.05,43.59,43.59,51.52,51.52,0.00,0.00
Cameroon,CMR,20200330,3.00,1,2.00,1,2.00,1,3.00,1,1.00,1,0.00,,1.00,1,3.00,0.00,,0.00,0.00,0.00,0.00,,0.00,1.00,0.00,0.00,,99,2,57.41,57.41,69.05,69.05,43.59,43.59,51.52,51.52,0.00,0.00
Cameroon,CMR,20200331,3.00,1,2.00,1,2.00,1,3.00,1,1.00,1,0.00,,1.00,1,3.00,0.00,,0.00,0.00,0.00,0.00,,0.00,1.00,1670000.00,0.00,,142,2,57.41,57.41,69.05,69.05,43.59,43.59,51.52,51.52,0.00,0.00
Cameroon,CMR,20200401,3.00,1,2.00,1,2.00,1,3.00,1,1.00,1,0.00,,1.00,1,3.00,0.00,,0.00,0.00,0.00,0.00,,0.00,1.00,0.00,0.00,,193,6,57.41,57.41,69.05,69.05,43.59,43.59,51.52,51.52,0.00,0.00
Cameroon,CMR,20200402,3.00,1,2.00,1,2.00,1,3.00,1,1.00,1,0.00,,1.00,1,3.00,0.00,,0.00,0.00,0.00,0.00,,0.00,1.00,0.00,0.00,,233,6,57.41,57.41,69.05,69.05,43.59,43.59,51.52,51.52,0.00,0.00
Cameroon,CMR,20200403,3.00,1,2.00,1,2.00,1,3.00,1,1.00,1,0.00,,1.00,1,3.00,0.00,,0.00,0.00,0.00,0.00,,0.00,1.00,0.00,0.00,,271,7,57.41,57.41,69.05,69.05,43.59,43.59,51.52,51.52,0.00,0.00
Cameroon,CMR,20200404,3.00,1,2.00,1,2.00,1,3.00,1,1.00,1,0.00,,1.00,1,3.00,0.00,,0.00,0.00,0.00,2.00,1,0.00,1.00,0.00,0.00,,509,8,68.52,68.52,83.33,83.33,51.28,51.28,60.61,60.61,0.00,0.00
Cameroon,CMR,20200405,3.00,1,2.00,1,2.00,1,3.00,1,1.00,1,0.00,,1.00,1,3.00,0.00,,0.00,0.00,0.00,2.00,1,0.00,1.00,0.00,0.00,,555,9,68.52,68.52,83.33,83.33,51.28,51.28,60.61,60.61,0.00,0.00
Cameroon,CMR,20200406,3.00,1,2.00,1,2.00,1,3.00,1,1.00,1,0.00,,1.00,1,3.00,0.00,,0.00,0.00,0.00,2.00,1,2.00,1.00,0.00,0.00,,650,9,68.52,68.52,83.33,83.33,56.41,56.41,66.67,66.67,0.00,0.00
Cameroon,CMR,20200407,3.00,1,2.00,1,2.00,1,3.00,1,1.00,1,0.00,,1.00,1,3.00,0.00,,0.00,0.00,0.00,2.00,1,2.00,1.00,0.00,0.00,,658,9,68.52,68.52,83.33,83.33,56.41,56.41,66.67,66.67,0.00,0.00
Cameroon,CMR,20200408,3.00,1,2.00,1,2.00,1,3.00,1,1.00,1,0.00,,1.00,1,3.00,0.00,,0.00,0.00,0.00,2.00,1,2.00,1.00,0.00,0.00,,685,9,68.52,68.52,83.33,83.33,56.41,56.41,66.67,66.67,0.00,0.00
Cameroon,CMR,20200409,3.00,1,2.00,1,2.00,1,3.00,1,1.00,1,0.00,,1.00,1,3.00,0.00,,0.00,0.00,0.00,2.00,1,2.00,1.00,0.00,0.00,,730,10,68.52,68.52,83.33,83.33,56.41,56.41,66.67,66.67,0.00,0.00
Cameroon,CMR,20200410,3.00,1,2.00,1,2.00,1,3.00,1,1.00,1,0.00,,1.00,1,3.00,0.00,,0.00,0.00,0.00,2.00,1,2.00,1.00,0.00,0.00,,730,10,68.52,68.52,83.33,83.33,56.41,56.41,66.67,66.67,0.00,0.00
Cameroon,CMR,20200411,3.00,1,2.00,1,2.00,1,3.00,1,1.00,1,0.00,,1.00,1,3.00,0.00,,0.00,0.00,0.00,2.00,1,2.00,1.00,0.00,0.00,,803,10,68.52,68.52,83.33,83.33,56.41,56.41,66.67,66.67,0.00,0.00
Cameroon,CMR,20200412,3.00,1,2.00,1,2.00,1,3.00,1,1.00,1,0.00,,1.00,1,3.00,0.00,,0.00,0.00,0.00,2.00,1,2.00,1.00,0.00,0.00,,820,11,68.52,68.52,83.33,83.33,56.41,56.41,66.67,66.67,0.00,0.00
Cameroon,CMR,20200413,3.00,1,2.00,1,2.00,1,3.00,1,1.00,1,0.00,,1.00,1,3.00,0.00,,0.00,0.00,0.00,2.00,1,2.00,1.00,0.00,0.00,,820,12,68.52,68.52,83.33,83.33,56.41,56.41,66.67,66.67,0.00,0.00
Cameroon,CMR,20200414,3.00,1,2.00,1,2.00,1,3.00,1,1.00,1,0.00,,1.00,1,3.00,0.00,,0.00,0.00,0.00,2.00,1,2.00,1.00,0.00,0.00,,820,12,68.52,68.52,83.33,83.33,56.41,56.41,66.67,66.67,0.00,0.00
Cameroon,CMR,20200415,3.00,1,2.00,1,2.00,1,3.00,1,1.00,1,0.00,,1.00,1,3.00,0.00,,0.00,0.00,0.00,2.00,1,2.00,1.00,0.00,0.00,,855,17,68.52,68.52,83.33,83.33,56.41,56.41,66.67,66.67,0.00,0.00
Cameroon,CMR,20200416,3.00,1,2.00,1,2.00,1,3.00,1,1.00,1,0.00,,1.00,1,3.00,0.00,,0.00,0.00,0.00,2.00,1,2.00,1.00,0.00,0.00,,855,17,68.52,68.52,83.33,83.33,56.41,56.41,66.67,66.67,0.00,0.00
Cameroon,CMR,20200417,3.00,1,2.00,1,2.00,1,3.00,1,1.00,1,0.00,,1.00,1,3.00,0.00,,0.00,0.00,0.00,2.00,1,2.00,1.00,0.00,0.00,,855,21,68.52,68.52,83.33,83.33,56.41,56.41,66.67,66.67,0.00,0.00
Cameroon,CMR,20200418,3.00,1,2.00,1,2.00,1,3.00,1,1.00,1,0.00,,1.00,1,4.00,0.00,,0.00,0.00,0.00,2.00,1,2.00,1.00,0.00,0.00,,1016,21,71.30,71.30,86.90,86.90,58.33,58.33,68.94,68.94,0.00,0.00
Cameroon,CMR,20200419,3.00,1,2.00,1,2.00,1,3.00,1,1.00,1,0.00,,1.00,1,4.00,0.00,,0.00,0.00,0.00,2.00,1,2.00,1.00,0.00,0.00,,1016,21,71.30,71.30,86.90,86.90,58.33,58.33,68.94,68.94,0.00,0.00
Cameroon,CMR,20200420,3.00,1,2.00,1,2.00,1,3.00,1,1.00,1,0.00,,1.00,1,4.00,0.00,,0.00,0.00,0.00,2.00,1,2.00,1.00,0.00,0.00,,1016,42,71.30,71.30,86.90,86.90,58.33,58.33,68.94,68.94,0.00,0.00
Cameroon,CMR,20200421,3.00,1,2.00,1,2.00,1,3.00,1,1.00,1,0.00,,1.00,1,4.00,0.00,,0.00,0.00,0.00,2.00,1,2.00,1.00,0.00,0.00,,1017,42,71.30,71.30,86.90,86.90,58.33,58.33,68.94,68.94,0.00,0.00
Cameroon,CMR,20200422,3.00,1,2.00,1,2.00,1,3.00,1,1.00,1,0.00,,1.00,1,4.00,0.00,,0.00,0.00,0.00,2.00,1,2.00,1.00,0.00,0.00,,1163,42,71.30,71.30,86.90,86.90,58.33,58.33,68.94,68.94,0.00,0.00
Cameroon,CMR,20200423,3.00,1,2.00,1,2.00,1,3.00,1,1.00,1,0.00,,1.00,1,4.00,0.00,,0.00,0.00,0.00,2.00,1,2.00,1.00,0.00,0.00,,1163,43,71.30,71.30,86.90,86.90,58.33,58.33,68.94,68.94,0.00,0.00
Cameroon,CMR,20200424,3.00,1,2.00,1,2.00,1,3.00,1,1.00,1,0.00,,1.00,1,4.00,0.00,,0.00,0.00,0.00,2.00,1,2.00,1.00,0.00,0.00,,1401,49,71.30,71.30,86.90,86.90,58.33,58.33,68.94,68.94,0.00,0.00
Cameroon,CMR,20200425,3.00,1,2.00,1,2.00,1,3.00,1,1.00,1,0.00,,1.00,1,4.00,0.00,,0.00,0.00,0.00,2.00,1,2.00,1.00,0.00,0.00,,1403,49,71.30,71.30,86.90,86.90,58.33,58.33,68.94,68.94,0.00,0.00
Cameroon,CMR,20200426,3.00,1,2.00,1,2.00,1,3.00,1,1.00,1,0.00,,1.00,1,4.00,0.00,,0.00,0.00,0.00,2.00,1,2.00,1.00,0.00,0.00,,1518,53,71.30,71.30,86.90,86.90,58.33,58.33,68.94,68.94,0.00,0.00
Cameroon,CMR,20200427,3.00,1,2.00,1,2.00,1,3.00,1,1.00,1,0.00,,1.00,1,4.00,0.00,,0.00,0.00,0.00,2.00,1,2.00,1.00,0.00,0.00,,1621,56,71.30,71.30,86.90,86.90,58.33,58.33,68.94,68.94,0.00,0.00
Cameroon,CMR,20200428,3.00,1,2.00,1,2.00,1,3.00,1,1.00,1,0.00,,1.00,1,4.00,0.00,,0.00,0.00,0.00,2.00,1,2.00,1.00,0.00,0.00,,1621,58,71.30,71.30,86.90,86.90,58.33,58.33,68.94,68.94,0.00,0.00
Cameroon,CMR,20200429,3.00,1,2.00,1,2.00,1,3.00,1,1.00,1,0.00,,1.00,1,4.00,0.00,,0.00,0.00,0.00,2.00,1,2.00,1.00,0.00,0.00,,1806,59,71.30,71.30,86.90,86.90,58.33,58.33,68.94,68.94,0.00,0.00
Cameroon,CMR,20200430,3.00,1,2.00,1,2.00,1,3.00,1,1.00,1,0.00,,1.00,1,4.00,0.00,,0.00,0.00,0.00,2.00,1,2.00,1.00,0.00,0.00,,1832,61,71.30,71.30,86.90,86.90,58.33,58.33,68.94,68.94,0.00,0.00
Cameroon,CMR,20200501,3.00,1,0.00,,2.00,1,3.00,1,1.00,1,0.00,,1.00,1,4.00,0.00,,0.00,0.00,0.00,2.00,1,2.00,1.00,0.00,0.00,,1832,61,63.89,63.89,76.19,76.19,53.21,53.21,62.88,62.88,0.00,0.00
Cameroon,CMR,20200502,3.00,1,0.00,,2.00,1,3.00,1,1.00,1,0.00,,1.00,1,4.00,0.00,,0.00,0.00,0.00,2.00,1,2.00,1.00,0.00,0.00,,2069,61,63.89,63.89,76.19,76.19,53.21,53.21,62.88,62.88,0.00,0.00
Cameroon,CMR,20200503,3.00,1,0.00,,2.00,1,3.00,1,1.00,1,0.00,,1.00,1,4.00,0.00,,0.00,0.00,0.00,2.00,1,2.00,1.00,0.00,0.00,,2077,64,63.89,63.89,76.19,76.19,53.21,53.21,62.88,62.88,0.00,0.00
Cameroon,CMR,20200504,3.00,1,0.00,,2.00,1,3.00,1,1.00,1,0.00,,1.00,1,4.00,0.00,,0.00,0.00,0.00,2.00,1,2.00,1.00,0.00,0.00,,2077,64,63.89,63.89,76.19,76.19,53.21,53.21,62.88,62.88,0.00,0.00
Cameroon,CMR,20200505,3.00,1,0.00,,2.00,1,3.00,1,1.00,1,0.00,,1.00,1,4.00,0.00,,0.00,0.00,0.00,2.00,1,2.00,1.00,0.00,0.00,,2104,64,63.89,63.89,76.19,76.19,53.21,53.21,62.88,62.88,0.00,0.00
Cameroon,CMR,20200506,3.00,1,0.00,,2.00,1,3.00,1,1.00,1,0.00,,1.00,1,4.00,0.00,,0.00,0.00,0.00,2.00,1,2.00,1.00,0.00,0.00,,2104,64,63.89,63.89,76.19,76.19,53.21,53.21,62.88,62.88,0.00,0.00
Cameroon,CMR,20200507,3.00,1,0.00,,2.00,1,3.00,1,1.00,1,0.00,,1.00,1,4.00,0.00,,0.00,0.00,0.00,2.00,1,2.00,1.00,0.00,0.00,,2265,108,63.89,63.89,76.19,76.19,53.21,53.21,62.88,62.88,0.00,0.00
Cameroon,CMR,20200508,3.00,1,0.00,,2.00,1,3.00,1,1.00,1,0.00,,1.00,1,4.00,0.00,,0.00,0.00,0.00,2.00,1,2.00,1.00,0.00,0.00,,2265,108,63.89,63.89,76.19,76.19,53.21,53.21,62.88,62.88,0.00,0.00
Cameroon,CMR,20200509,3.00,1,0.00,,2.00,1,3.00,1,1.00,1,0.00,,1.00,1,4.00,0.00,,0.00,0.00,0.00,2.00,1,2.00,1.00,0.00,0.00,,2265,108,63.89,63.89,76.19,76.19,53.21,53.21,62.88,62.88,0.00,0.00
Cameroon,CMR,20200510,3.00,1,0.00,,2.00,1,3.00,1,1.00,1,0.00,,1.00,1,4.00,0.00,,0.00,0.00,0.00,2.00,1,2.00,1.00,0.00,0.00,,2274,108,63.89,63.89,76.19,76.19,53.21,53.21,62.88,62.88,0.00,0.00
Cameroon,CMR,20200511,3.00,1,0.00,,2.00,1,3.00,1,1.00,1,0.00,,1.00,1,4.00,0.00,,0.00,0.00,0.00,2.00,1,2.00,1.00,0.00,0.00,,2579,114,63.89,63.89,76.19,76.19,53.21,53.21,62.88,62.88,0.00,0.00
Cameroon,CMR,20200512,3.00,1,0.00,,2.00,1,3.00,1,1.00,1,0.00,,1.00,1,4.00,0.00,,0.00,0.00,0.00,2.00,1,2.00,1.00,0.00,0.00,,2689,125,63.89,63.89,76.19,76.19,53.21,53.21,62.88,62.88,0.00,0.00
Cameroon,CMR,20200513,3.00,1,0.00,,2.00,1,3.00,1,1.00,1,0.00,,1.00,1,4.00,0.00,,0.00,0.00,0.00,2.00,1,2.00,1.00,0.00,0.00,,2689,125,63.89,63.89,76.19,76.19,53.21,53.21,62.88,62.88,0.00,0.00
Cameroon,CMR,20200514,3.00,1,0.00,,2.00,1,3.00,1,1.00,1,0.00,,1.00,1,4.00,0.00,,0.00,0.00,0.00,2.00,1,2.00,1.00,0.00,0.00,,2800,136,63.89,63.89,76.19,76.19,53.21,53.21,62.88,62.88,0.00,0.00
Cameroon,CMR,20200515,3.00,1,0.00,,2.00,1,3.00,1,1.00,1,0.00,,1.00,1,4.00,0.00,,0.00,0.00,0.00,2.00,1,2.00,1.00,0.00,0.00,,2954,139,63.89,63.89,76.19,76.19,53.21,53.21,62.88,62.88,0.00,0.00
Cameroon,CMR,20200516,3.00,1,0.00,,2.00,1,3.00,1,1.00,1,0.00,,1.00,1,4.00,0.00,,0.00,0.00,0.00,2.00,1,2.00,1.00,0.00,0.00,,3105,140,63.89,63.89,76.19,76.19,53.21,53.21,62.88,62.88,0.00,0.00
Cameroon,CMR,20200517,3.00,1,0.00,,2.00,1,3.00,1,1.00,1,0.00,,1.00,1,4.00,0.00,,0.00,0.00,0.00,2.00,1,2.00,1.00,0.00,0.00,,3292,140,63.89,63.89,76.19,76.19,53.21,53.21,62.88,62.88,0.00,0.00
Cameroon,CMR,20200518,3.00,1,0.00,,2.00,1,3.00,1,1.00,1,0.00,,1.00,1,4.00,0.00,,0.00,0.00,0.00,2.00,1,2.00,1.00,0.00,0.00,,3292,140,63.89,63.89,76.19,76.19,53.21,53.21,62.88,62.88,0.00,0.00
Cameroon,CMR,20200519,3.00,1,0.00,,2.00,1,3.00,1,1.00,1,0.00,,1.00,1,4.00,0.00,,0.00,0.00,0.00,2.00,1,2.00,1.00,0.00,0.00,,3292,140,63.89,63.89,76.19,76.19,53.21,53.21,62.88,62.88,0.00,0.00
Cameroon,CMR,20200520,3.00,1,0.00,,2.00,1,3.00,1,1.00,1,0.00,,1.00,1,4.00,0.00,,0.00,0.00,0.00,2.00,1,2.00,1.00,0.00,0.00,,3529,140,63.89,63.89,76.19,76.19,53.21,53.21,62.88,62.88,0.00,0.00
Cameroon,CMR,20200521,3.00,1,0.00,,2.00,1,3.00,1,1.00,1,0.00,,1.00,1,4.00,0.00,,0.00,0.00,0.00,2.00,1,2.00,1.00,0.00,0.00,,3733,146,63.89,63.89,76.19,76.19,53.21,53.21,62.88,62.88,0.00,0.00
Cameroon,CMR,20200522,3.00,1,0.00,,2.00,1,3.00,1,1.00,1,0.00,,1.00,1,4.00,0.00,,0.00,0.00,0.00,2.00,1,2.00,1.00,0.00,0.00,,4288,156,63.89,63.89,76.19,76.19,53.21,53.21,62.88,62.88,0.00,0.00
Cameroon,CMR,20200523,3.00,1,0.00,,2.00,1,3.00,1,1.00,1,0.00,,1.00,1,4.00,0.00,,0.00,0.00,0.00,2.00,1,2.00,1.00,0.00,0.00,,4400,159,63.89,63.89,76.19,76.19,53.21,53.21,62.88,62.88,0.00,0.00
Cameroon,CMR,20200524,3.00,1,0.00,,2.00,1,3.00,1,1.00,1,0.00,,1.00,1,4.00,0.00,,0.00,0.00,0.00,2.00,1,2.00,1.00,0.00,0.00,,4597,159,63.89,63.89,76.19,76.19,53.21,53.21,62.88,62.88,0.00,0.00
Cameroon,CMR,20200525,3.00,1,0.00,,2.00,1,3.00,1,1.00,1,0.00,,1.00,1,4.00,0.00,,0.00,0.00,0.00,2.00,1,2.00,1.00,0.00,0.00,,4890,165,63.89,63.89,76.19,76.19,53.21,53.21,62.88,62.88,0.00,0.00
Cameroon,CMR,20200526,3.00,1,0.00,,2.00,1,3.00,1,1.00,1,0.00,,1.00,1,4.00,0.00,,0.00,0.00,0.00,2.00,1,2.00,1.00,0.00,0.00,,5044,171,63.89,63.89,76.19,76.19,53.21,53.21,62.88,62.88,0.00,0.00
Cameroon,CMR,20200527,3.00,1,0.00,,2.00,1,3.00,1,1.00,1,0.00,,1.00,1,4.00,0.00,,0.00,0.00,0.00,2.00,1,2.00,1.00,0.00,0.00,,5356,175,63.89,63.89,76.19,76.19,53.21,53.21,62.88,62.88,0.00,0.00
Cameroon,CMR,20200528,3.00,1,0.00,,2.00,1,3.00,1,1.00,1,0.00,,1.00,1,4.00,0.00,,0.00,0.00,0.00,2.00,1,2.00,1.00,0.00,0.00,,5356,177,63.89,63.89,76.19,76.19,53.21,53.21,62.88,62.88,0.00,0.00
Cameroon,CMR,20200529,3.00,1,0.00,,2.00,1,3.00,1,1.00,1,0.00,,1.00,1,4.00,0.00,,0.00,0.00,0.00,2.00,1,2.00,1.00,0.00,0.00,,5356,177,63.89,63.89,76.19,76.19,53.21,53.21,62.88,62.88,0.00,0.00
Cameroon,CMR,20200530,3.00,1,0.00,,2.00,1,3.00,1,1.00,1,0.00,,1.00,1,4.00,0.00,,0.00,0.00,0.00,2.00,1,2.00,1.00,0.00,0.00,,5436,177,63.89,63.89,76.19,76.19,53.21,53.21,62.88,62.88,0.00,0.00
Cameroon,CMR,20200531,3.00,1,0.00,,2.00,1,3.00,1,1.00,1,0.00,,1.00,1,4.00,0.00,,0.00,0.00,0.00,2.00,1,2.00,1.00,0.00,0.00,,5904,191,63.89,63.89,76.19,76.19,53.21,53.21,62.88,62.88,0.00,0.00
Cameroon,CMR,20200601,2.00,1,0.00,,2.00,1,3.00,1,1.00,1,0.00,,1.00,1,4.00,1.00,0,1.00,0.00,0.00,2.00,1,2.00,1.00,0.00,0.00,,5904,191,60.19,60.19,72.62,72.62,56.41,56.41,59.85,59.85,37.50,37.50
Cameroon,CMR,20200602,2.00,1,0.00,,2.00,1,3.00,1,1.00,1,0.00,,1.00,1,4.00,1.00,0,1.00,0.00,0.00,2.00,1,2.00,1.00,0.00,0.00,,6397,199,60.19,60.19,72.62,72.62,56.41,56.41,59.85,59.85,37.50,37.50
Cameroon,CMR,20200603,2.00,1,0.00,,2.00,1,3.00,1,1.00,1,0.00,,1.00,1,4.00,1.00,0,1.00,0.00,0.00,2.00,1,2.00,1.00,0.00,0.00,,6585,200,60.19,60.19,72.62,72.62,56.41,56.41,59.85,59.85,37.50,37.50
Cameroon,CMR,20200604,2.00,1,0.00,,2.00,1,3.00,1,1.00,1,0.00,,1.00,1,4.00,1.00,0,1.00,0.00,0.00,2.00,1,2.00,1.00,0.00,0.00,,6752,200,60.19,60.19,72.62,72.62,56.41,56.41,59.85,59.85,37.50,37.50
Cameroon,CMR,20200605,2.00,1,0.00,,2.00,1,3.00,1,1.00,1,0.00,,1.00,1,4.00,1.00,0,1.00,0.00,0.00,2.00,1,2.00,1.00,0.00,0.00,,6789,203,60.19,60.19,72.62,72.62,56.41,56.41,59.85,59.85,37.50,37.50
Cameroon,CMR,20200606,2.00,1,0.00,,2.00,1,3.00,1,1.00,1,0.00,,1.00,1,4.00,1.00,0,1.00,0.00,0.00,2.00,1,2.00,1.00,0.00,0.00,,7599,203,60.19,60.19,72.62,72.62,56.41,56.41,59.85,59.85,37.50,37.50
Cameroon,CMR,20200607,2.00,1,0.00,,2.00,1,3.00,1,1.00,1,0.00,,1.00,1,4.00,1.00,0,1.00,0.00,0.00,2.00,1,2.00,1.00,0.00,0.00,,7599,203,60.19,60.19,72.62,72.62,56.41,56.41,59.85,59.85,37.50,37.50
Cameroon,CMR,20200608,2.00,1,0.00,,2.00,1,3.00,1,1.00,1,0.00,,1.00,1,4.00,1.00,0,1.00,0.00,0.00,2.00,1,2.00,1.00,0.00,0.00,,7908,203,60.19,60.19,72.62,72.62,56.41,56.41,59.85,59.85,37.50,37.50
Cameroon,CMR,20200609,2.00,1,0.00,,2.00,1,3.00,1,1.00,1,0.00,,1.00,1,4.00,1.00,0,1.00,0.00,0.00,2.00,1,2.00,1.00,0.00,0.00,,8312,208,60.19,60.19,72.62,72.62,56.41,56.41,59.85,59.85,37.50,37.50
Cameroon,CMR,20200610,2.00,1,0.00,,2.00,1,3.00,1,1.00,1,0.00,,1.00,1,4.00,1.00,0,1.00,0.00,0.00,2.00,1,2.00,1.00,0.00,0.00,,8681,208,60.19,60.19,72.62,72.62,56.41,56.41,59.85,59.85,37.50,37.50
Cameroon,CMR,20200611,2.00,1,0.00,,2.00,1,3.00,1,1.00,1,0.00,,1.00,1,4.00,1.00,0,1.00,0.00,0.00,2.00,1,2.00,1.00,0.00,0.00,,8929,214,60.19,60.19,72.62,72.62,56.41,56.41,59.85,59.85,37.50,37.50
Cameroon,CMR,20200612,2.00,1,0.00,,2.00,1,3.00,1,1.00,1,0.00,,1.00,1,4.00,1.00,0,1.00,0.00,0.00,2.00,1,2.00,1.00,0.00,0.00,,8929,214,60.19,60.19,72.62,72.62,56.41,56.41,59.85,59.85,37.50,37.50
Cameroon,CMR,20200613,2.00,1,0.00,,2.00,1,3.00,1,1.00,1,0.00,,1.00,1,4.00,1.00,0,1.00,0.00,0.00,2.00,1,2.00,1.00,0.00,0.00,,9196,273,60.19,60.19,72.62,72.62,56.41,56.41,59.85,59.85,37.50,37.50
Cameroon,CMR,20200614,2.00,1,0.00,,2.00,1,3.00,1,1.00,1,0.00,,1.00,1,4.00,1.00,0,1.00,0.00,0.00,2.00,1,2.00,1.00,0.00,0.00,,9572,275,60.19,60.19,72.62,72.62,56.41,56.41,59.85,59.85,37.50,37.50
Cameroon,CMR,20200615,2.00,1,0.00,,2.00,1,3.00,1,1.00,1,0.00,,1.00,1,4.00,1.00,0,1.00,0.00,0.00,2.00,1,2.00,1.00,0.00,0.00,,9864,276,60.19,60.19,72.62,72.62,56.41,56.41,59.85,59.85,37.50,37.50
Cameroon,CMR,20200616,2.00,1,0.00,,2.00,1,3.00,1,1.00,1,0.00,,1.00,1,4.00,1.00,0,1.00,0.00,0.00,2.00,1,2.00,1.00,0.00,0.00,,9864,276,60.19,60.19,72.62,72.62,56.41,56.41,59.85,59.85,37.50,37.50
Cameroon,CMR,20200617,2.00,1,0.00,,2.00,1,3.00,1,1.00,1,0.00,,1.00,1,4.00,1.00,0,1.00,0.00,0.00,2.00,1,2.00,1.00,0.00,0.00,,9864,276,60.19,60.19,72.62,72.62,56.41,56.41,59.85,59.85,37.50,37.50
Cameroon,CMR,20200618,2.00,1,0.00,,2.00,1,3.00,1,1.00,1,0.00,,1.00,1,4.00,1.00,0,1.00,0.00,0.00,2.00,1,2.00,1.00,0.00,0.00,,9864,276,60.19,60.19,72.62,72.62,56.41,56.41,59.85,59.85,37.50,37.50
Cameroon,CMR,20200619,2.00,1,0.00,,2.00,1,3.00,1,1.00,1,0.00,,1.00,1,4.00,1.00,0,1.00,0.00,0.00,2.00,1,2.00,1.00,0.00,0.00,,10638,282,60.19,60.19,72.62,72.62,56.41,56.41,59.85,59.85,37.50,37.50
Cameroon,CMR,20200620,2.00,1,0.00,,2.00,1,3.00,1,1.00,1,0.00,,1.00,1,4.00,1.00,0,1.00,0.00,0.00,2.00,1,2.00,1.00,0.00,0.00,,11281,300,60.19,60.19,72.62,72.62,56.41,56.41,59.85,59.85,37.50,37.50
Cameroon,CMR,20200621,2.00,1,0.00,,2.00,1,3.00,1,1.00,1,0.00,,1.00,1,4.00,1.00,0,1.00,0.00,0.00,2.00,1,2.00,1.00,0.00,0.00,,11281,300,60.19,60.19,72.62,72.62,56.41,56.41,59.85,59.85,37.50,37.50
Cameroon,CMR,20200622,,,,,,,,,,,,,,,,,,,,,,,,,,,,11610,301,,60.19,,72.62,,56.41,,59.85,,37.50
Cameroon,CMR,20200623,,,,,,,,,,,,,,,,,,,,,,,,,,,,11892,303,,60.19,,72.62,,56.41,,59.85,,37.50
