Canada,CAN,20200101,0.00,,0.00,,0.00,,0.00,,0.00,,0.00,,0.00,,0.00,0.00,,0.00,0.00,0.00,0.00,,0.00,1.00,0.00,0.00,,0,0,0.00,0.00,0.00,0.00,3.85,3.85,4.55,4.55,0.00,0.00
Canada,CAN,20200102,0.00,,0.00,,0.00,,0.00,,0.00,,0.00,,0.00,,0.00,0.00,,0.00,0.00,0.00,0.00,,0.00,1.00,0.00,0.00,,0,0,0.00,0.00,0.00,0.00,3.85,3.85,4.55,4.55,0.00,0.00
Canada,CAN,20200103,0.00,,0.00,,0.00,,0.00,,0.00,,0.00,,0.00,,0.00,0.00,,0.00,0.00,0.00,0.00,,0.00,1.00,0.00,0.00,,0,0,0.00,0.00,0.00,0.00,3.85,3.85,4.55,4.55,0.00,0.00
Canada,CAN,20200104,0.00,,0.00,,0.00,,0.00,,0.00,,0.00,,0.00,,0.00,0.00,,0.00,0.00,0.00,0.00,,0.00,1.00,0.00,0.00,,0,0,0.00,0.00,0.00,0.00,3.85,3.85,4.55,4.55,0.00,0.00
Canada,CAN,20200105,0.00,,0.00,,0.00,,0.00,,0.00,,0.00,,0.00,,0.00,0.00,,0.00,0.00,0.00,0.00,,0.00,1.00,0.00,0.00,,0,0,0.00,0.00,0.00,0.00,3.85,3.85,4.55,4.55,0.00,0.00
Canada,CAN,20200106,0.00,,0.00,,0.00,,0.00,,0.00,,0.00,,0.00,,0.00,0.00,,0.00,0.00,0.00,0.00,,0.00,1.00,0.00,0.00,,0,0,0.00,0.00,0.00,0.00,3.85,3.85,4.55,4.55,0.00,0.00
Canada,CAN,20200107,0.00,,0.00,,0.00,,0.00,,0.00,,0.00,,0.00,,0.00,0.00,,0.00,0.00,0.00,0.00,,0.00,1.00,0.00,0.00,,0,0,0.00,0.00,0.00,0.00,3.85,3.85,4.55,4.55,0.00,0.00
Canada,CAN,20200108,0.00,,0.00,,0.00,,0.00,,0.00,,0.00,,0.00,,0.00,0.00,,0.00,0.00,0.00,0.00,,0.00,1.00,0.00,0.00,,0,0,0.00,0.00,0.00,0.00,3.85,3.85,4.55,4.55,0.00,0.00
Canada,CAN,20200109,0.00,,0.00,,0.00,,0.00,,0.00,,0.00,,0.00,,0.00,0.00,,0.00,0.00,0.00,0.00,,0.00,1.00,0.00,0.00,,0,0,0.00,0.00,0.00,0.00,3.85,3.85,4.55,4.55,0.00,0.00
Canada,CAN,20200110,0.00,,0.00,,0.00,,0.00,,0.00,,0.00,,0.00,,0.00,0.00,,0.00,0.00,0.00,0.00,,0.00,1.00,0.00,0.00,,0,0,0.00,0.00,0.00,0.00,3.85,3.85,4.55,4.55,0.00,0.00
Canada,CAN,20200111,0.00,,0.00,,0.00,,0.00,,0.00,,0.00,,0.00,,0.00,0.00,,0.00,0.00,0.00,0.00,,0.00,1.00,0.00,0.00,,0,0,0.00,0.00,0.00,0.00,3.85,3.85,4.55,4.55,0.00,0.00
Canada,CAN,20200112,0.00,,0.00,,0.00,,0.00,,0.00,,0.00,,0.00,,0.00,0.00,,0.00,0.00,0.00,0.00,,0.00,1.00,0.00,0.00,,0,0,0.00,0.00,0.00,0.00,3.85,3.85,4.55,4.55,0.00,0.00
Canada,CAN,20200113,0.00,,0.00,,0.00,,0.00,,0.00,,0.00,,0.00,,0.00,0.00,,0.00,0.00,0.00,0.00,,0.00,1.00,0.00,0.00,,0,0,0.00,0.00,0.00,0.00,3.85,3.85,4.55,4.55,0.00,0.00
Canada,CAN,20200114,0.00,,0.00,,0.00,,0.00,,0.00,,0.00,,0.00,,0.00,0.00,,0.00,0.00,0.00,0.00,,0.00,1.00,0.00,0.00,,0,0,0.00,0.00,0.00,0.00,3.85,3.85,4.55,4.55,0.00,0.00
Canada,CAN,20200115,0.00,,0.00,,0.00,,0.00,,0.00,,0.00,,0.00,,0.00,0.00,,0.00,0.00,0.00,0.00,,0.00,1.00,0.00,0.00,,0,0,0.00,0.00,0.00,0.00,3.85,3.85,4.55,4.55,0.00,0.00
Canada,CAN,20200116,0.00,,0.00,,0.00,,0.00,,0.00,,0.00,,0.00,,0.00,0.00,,0.00,0.00,0.00,0.00,,0.00,1.00,0.00,0.00,,0,0,0.00,0.00,0.00,0.00,3.85,3.85,4.55,4.55,0.00,0.00
Canada,CAN,20200117,0.00,,0.00,,0.00,,0.00,,0.00,,0.00,,0.00,,0.00,0.00,,0.00,0.00,0.00,0.00,,0.00,1.00,0.00,0.00,,0,0,0.00,0.00,0.00,0.00,3.85,3.85,4.55,4.55,0.00,0.00
Canada,CAN,20200118,0.00,,0.00,,0.00,,0.00,,0.00,,0.00,,0.00,,0.00,0.00,,0.00,0.00,0.00,0.00,,0.00,1.00,0.00,0.00,,0,0,0.00,0.00,0.00,0.00,3.85,3.85,4.55,4.55,0.00,0.00
Canada,CAN,20200119,0.00,,0.00,,0.00,,0.00,,0.00,,0.00,,0.00,,0.00,0.00,,0.00,0.00,0.00,0.00,,0.00,1.00,0.00,0.00,,0,0,0.00,0.00,0.00,0.00,3.85,3.85,4.55,4.55,0.00,0.00
Canada,CAN,20200120,0.00,,0.00,,0.00,,0.00,,0.00,,0.00,,0.00,,0.00,0.00,,0.00,0.00,0.00,0.00,,0.00,1.00,0.00,0.00,,0,0,0.00,0.00,0.00,0.00,3.85,3.85,4.55,4.55,0.00,0.00
Canada,CAN,20200121,0.00,,0.00,,0.00,,0.00,,0.00,,0.00,,0.00,,0.00,0.00,,0.00,0.00,0.00,0.00,,0.00,1.00,0.00,0.00,,0,0,0.00,0.00,0.00,0.00,3.85,3.85,4.55,4.55,0.00,0.00
Canada,CAN,20200122,0.00,,0.00,,0.00,,0.00,,0.00,,0.00,,0.00,,1.00,0.00,,0.00,0.00,0.00,0.00,,0.00,1.00,0.00,0.00,,0,0,2.78,2.78,3.57,3.57,5.77,5.77,6.82,6.82,0.00,0.00
Canada,CAN,20200123,0.00,,0.00,,0.00,,0.00,,0.00,,0.00,,0.00,,1.00,0.00,,0.00,0.00,0.00,0.00,,0.00,1.00,0.00,0.00,,0,0,2.78,2.78,3.57,3.57,5.77,5.77,6.82,6.82,0.00,0.00
Canada,CAN,20200124,0.00,,0.00,,0.00,,0.00,,0.00,,0.00,,0.00,,1.00,0.00,,0.00,0.00,0.00,0.00,,0.00,1.00,0.00,0.00,,0,0,2.78,2.78,3.57,3.57,5.77,5.77,6.82,6.82,0.00,0.00
Canada,CAN,20200125,0.00,,0.00,,0.00,,0.00,,0.00,,0.00,,0.00,,1.00,0.00,,0.00,0.00,0.00,0.00,,1.00,1.00,0.00,0.00,,0,0,2.78,2.78,3.57,3.57,8.33,8.33,9.85,9.85,0.00,0.00
Canada,CAN,20200126,0.00,,0.00,,0.00,,0.00,,0.00,,0.00,,0.00,,1.00,0.00,,0.00,0.00,0.00,0.00,,1.00,1.00,0.00,0.00,,1,0,2.78,2.78,3.57,3.57,8.33,8.33,9.85,9.85,0.00,0.00
Canada,CAN,20200127,0.00,,0.00,,0.00,,0.00,,0.00,,0.00,,0.00,,1.00,0.00,,0.00,0.00,0.00,0.00,,1.00,1.00,0.00,0.00,,1,0,2.78,2.78,3.57,3.57,8.33,8.33,9.85,9.85,0.00,0.00
Canada,CAN,20200128,0.00,,0.00,,0.00,,0.00,,0.00,,0.00,,0.00,,1.00,0.00,,0.00,0.00,0.00,0.00,,1.00,1.00,0.00,0.00,,2,0,2.78,2.78,3.57,3.57,8.33,8.33,9.85,9.85,0.00,0.00
Canada,CAN,20200129,0.00,,0.00,,0.00,,0.00,,0.00,,0.00,,0.00,,1.00,0.00,,0.00,0.00,0.00,0.00,,1.00,1.00,0.00,0.00,,3,0,2.78,2.78,3.57,3.57,8.33,8.33,9.85,9.85,0.00,0.00
Canada,CAN,20200130,0.00,,0.00,,0.00,,0.00,,0.00,,0.00,,0.00,,1.00,0.00,,0.00,0.00,0.00,0.00,,1.00,1.00,0.00,0.00,,3,0,2.78,2.78,3.57,3.57,8.33,8.33,9.85,9.85,0.00,0.00
Canada,CAN,20200131,0.00,,0.00,,0.00,,0.00,,0.00,,0.00,,0.00,,1.00,0.00,,0.00,0.00,0.00,0.00,,1.00,1.00,0.00,0.00,,3,0,2.78,2.78,3.57,3.57,8.33,8.33,9.85,9.85,0.00,0.00
Canada,CAN,20200201,0.00,,0.00,,0.00,,0.00,,0.00,,0.00,,0.00,,1.00,0.00,,0.00,0.00,0.00,0.00,,1.00,1.00,35.00,0.00,,4,0,2.78,2.78,3.57,3.57,8.33,8.33,9.85,9.85,0.00,0.00
Canada,CAN,20200202,0.00,,0.00,,0.00,,0.00,,0.00,,0.00,,0.00,,1.00,0.00,,0.00,0.00,0.00,0.00,,1.00,1.00,35.00,0.00,,4,0,2.78,2.78,3.57,3.57,8.33,8.33,9.85,9.85,0.00,0.00
Canada,CAN,20200203,0.00,,0.00,,0.00,,0.00,,0.00,,0.00,,0.00,,1.00,0.00,,0.00,0.00,0.00,0.00,,1.00,1.00,35.00,0.00,,4,0,2.78,2.78,3.57,3.57,8.33,8.33,9.85,9.85,0.00,0.00
Canada,CAN,20200204,0.00,,0.00,,0.00,,0.00,,0.00,,0.00,,0.00,,1.00,0.00,,0.00,0.00,0.00,0.00,,1.00,1.00,35.00,0.00,,4,0,2.78,2.78,3.57,3.57,8.33,8.33,9.85,9.85,0.00,0.00
Canada,CAN,20200205,0.00,,0.00,,0.00,,0.00,,0.00,,0.00,,0.00,,1.00,0.00,,0.00,0.00,0.00,0.00,,1.00,1.00,35.00,0.00,,5,0,2.78,2.78,3.57,3.57,8.33,8.33,9.85,9.85,0.00,0.00
Canada,CAN,20200206,0.00,,0.00,,0.00,,0.00,,0.00,,0.00,,0.00,,1.00,0.00,,0.00,0.00,0.00,0.00,,1.00,1.00,35.00,0.00,,5,0,2.78,2.78,3.57,3.57,8.33,8.33,9.85,9.85,0.00,0.00
Canada,CAN,20200207,0.00,,0.00,,0.00,,0.00,,0.00,,0.00,,0.00,,1.00,0.00,,0.00,0.00,0.00,0.00,,1.00,1.00,35.00,0.00,,7,0,2.78,2.78,3.57,3.57,8.33,8.33,9.85,9.85,0.00,0.00
Canada,CAN,20200208,0.00,,0.00,,0.00,,0.00,,0.00,,0.00,,0.00,,1.00,0.00,,0.00,0.00,0.00,0.00,,1.00,1.00,35.00,0.00,,7,0,2.78,2.78,3.57,3.57,8.33,8.33,9.85,9.85,0.00,0.00
Canada,CAN,20200209,0.00,,0.00,,0.00,,0.00,,0.00,,0.00,,0.00,,1.00,0.00,,0.00,0.00,0.00,0.00,,1.00,1.00,35.00,0.00,,7,0,2.78,2.78,3.57,3.57,8.33,8.33,9.85,9.85,0.00,0.00
Canada,CAN,20200210,0.00,,0.00,,0.00,,0.00,,0.00,,0.00,,0.00,,1.00,0.00,,0.00,0.00,0.00,0.00,,1.00,1.00,35.00,0.00,,7,0,2.78,2.78,3.57,3.57,8.33,8.33,9.85,9.85,0.00,0.00
Canada,CAN,20200211,0.00,,0.00,,0.00,,0.00,,0.00,,0.00,,0.00,,1.00,0.00,,0.00,0.00,0.00,0.00,,1.00,1.00,35.00,0.00,,7,0,2.78,2.78,3.57,3.57,8.33,8.33,9.85,9.85,0.00,0.00
Canada,CAN,20200212,0.00,,0.00,,0.00,,0.00,,0.00,,0.00,,0.00,,1.00,0.00,,0.00,0.00,0.00,0.00,,1.00,1.00,35.00,0.00,,7,0,2.78,2.78,3.57,3.57,8.33,8.33,9.85,9.85,0.00,0.00
Canada,CAN,20200213,0.00,,0.00,,0.00,,0.00,,0.00,,0.00,,0.00,,1.00,0.00,,0.00,0.00,0.00,0.00,,1.00,1.00,35.00,0.00,,7,0,2.78,2.78,3.57,3.57,8.33,8.33,9.85,9.85,0.00,0.00
Canada,CAN,20200214,0.00,,0.00,,0.00,,0.00,,0.00,,0.00,,0.00,,1.00,0.00,,0.00,0.00,0.00,0.00,,1.00,1.00,35.00,0.00,,7,0,2.78,2.78,3.57,3.57,8.33,8.33,9.85,9.85,0.00,0.00
Canada,CAN,20200215,0.00,,0.00,,0.00,,0.00,,0.00,,0.00,,0.00,,1.00,0.00,,0.00,0.00,0.00,0.00,,1.00,1.00,35.00,0.00,,8,0,2.78,2.78,3.57,3.57,8.33,8.33,9.85,9.85,0.00,0.00
Canada,CAN,20200216,0.00,,0.00,,0.00,,0.00,,0.00,,0.00,,0.00,,1.00,0.00,,0.00,0.00,0.00,0.00,,1.00,1.00,35.00,0.00,,8,0,2.78,2.78,3.57,3.57,8.33,8.33,9.85,9.85,0.00,0.00
Canada,CAN,20200217,0.00,,0.00,,0.00,,0.00,,0.00,,0.00,,0.00,,1.00,0.00,,0.00,0.00,0.00,0.00,,1.00,1.00,35.00,0.00,,8,0,2.78,2.78,3.57,3.57,8.33,8.33,9.85,9.85,0.00,0.00
Canada,CAN,20200218,0.00,,0.00,,0.00,,0.00,,0.00,,0.00,,0.00,,1.00,0.00,,0.00,0.00,0.00,0.00,,1.00,1.00,35.00,0.00,,8,0,2.78,2.78,3.57,3.57,8.33,8.33,9.85,9.85,0.00,0.00
Canada,CAN,20200219,0.00,,0.00,,0.00,,0.00,,0.00,,0.00,,0.00,,1.00,0.00,,0.00,0.00,0.00,0.00,,1.00,1.00,35.00,0.00,,8,0,2.78,2.78,3.57,3.57,8.33,8.33,9.85,9.85,0.00,0.00
Canada,CAN,20200220,0.00,,0.00,,0.00,,0.00,,0.00,,0.00,,0.00,,1.00,0.00,,0.00,0.00,0.00,0.00,,1.00,1.00,35.00,0.00,,8,0,2.78,2.78,3.57,3.57,8.33,8.33,9.85,9.85,0.00,0.00
Canada,CAN,20200221,0.00,,0.00,,0.00,,0.00,,0.00,,0.00,,0.00,,1.00,0.00,,0.00,0.00,0.00,0.00,,1.00,1.00,35.00,0.00,,9,0,2.78,2.78,3.57,3.57,8.33,8.33,9.85,9.85,0.00,0.00
Canada,CAN,20200222,0.00,,0.00,,0.00,,0.00,,0.00,,0.00,,0.00,,1.00,0.00,,0.00,0.00,0.00,0.00,,1.00,1.00,35.00,0.00,,9,0,2.78,2.78,3.57,3.57,8.33,8.33,9.85,9.85,0.00,0.00
Canada,CAN,20200223,0.00,,0.00,,0.00,,0.00,,0.00,,0.00,,0.00,,1.00,0.00,,0.00,0.00,0.00,0.00,,1.00,1.00,35.00,0.00,,9,0,2.78,2.78,3.57,3.57,8.33,8.33,9.85,9.85,0.00,0.00
Canada,CAN,20200224,0.00,,0.00,,0.00,,0.00,,0.00,,0.00,,0.00,,1.00,0.00,,0.00,0.00,0.00,0.00,,1.00,1.00,35.00,0.00,,9,0,2.78,2.78,3.57,3.57,8.33,8.33,9.85,9.85,0.00,0.00
Canada,CAN,20200225,0.00,,0.00,,0.00,,0.00,,0.00,,0.00,,0.00,,1.00,0.00,,0.00,0.00,0.00,0.00,,1.00,1.00,35.00,0.00,,11,0,2.78,2.78,3.57,3.57,8.33,8.33,9.85,9.85,0.00,0.00
Canada,CAN,20200226,0.00,,0.00,,0.00,,0.00,,0.00,,0.00,,0.00,,1.00,0.00,,0.00,0.00,0.00,0.00,,1.00,1.00,35.00,0.00,,11,0,2.78,2.78,3.57,3.57,8.33,8.33,9.85,9.85,0.00,0.00
Canada,CAN,20200227,0.00,,0.00,,0.00,,0.00,,0.00,,0.00,,0.00,,1.00,0.00,,0.00,0.00,0.00,0.00,,1.00,1.00,35.00,0.00,,12,0,2.78,2.78,3.57,3.57,8.33,8.33,9.85,9.85,0.00,0.00
Canada,CAN,20200228,0.00,,0.00,,0.00,,0.00,,0.00,,0.00,,0.00,,1.00,0.00,,0.00,0.00,0.00,0.00,,1.00,1.00,35.00,0.00,,14,0,2.78,2.78,3.57,3.57,8.33,8.33,9.85,9.85,0.00,0.00
Canada,CAN,20200229,0.00,,0.00,,0.00,,0.00,,0.00,,0.00,,0.00,,1.00,0.00,,0.00,0.00,0.00,0.00,,1.00,1.00,35.00,0.00,,16,0,2.78,2.78,3.57,3.57,8.33,8.33,9.85,9.85,0.00,0.00
Canada,CAN,20200301,0.00,,0.00,,0.00,,0.00,,0.00,,0.00,,0.00,,1.00,0.00,,0.00,0.00,0.00,0.00,,1.00,1.00,35.00,0.00,,20,0,2.78,2.78,3.57,3.57,8.33,8.33,9.85,9.85,0.00,0.00
Canada,CAN,20200302,0.00,,0.00,,0.00,,0.00,,0.00,,0.00,,0.00,,1.00,0.00,,0.00,0.00,0.00,0.00,,1.00,1.00,35.00,0.00,,24,0,2.78,2.78,3.57,3.57,8.33,8.33,9.85,9.85,0.00,0.00
Canada,CAN,20200303,0.00,,0.00,,0.00,,0.00,,0.00,,0.00,,0.00,,1.00,0.00,,0.00,0.00,0.00,0.00,,1.00,1.00,35.00,0.00,,27,0,2.78,2.78,3.57,3.57,8.33,8.33,9.85,9.85,0.00,0.00
Canada,CAN,20200304,0.00,,0.00,,0.00,,0.00,,0.00,,0.00,,0.00,,1.00,0.00,,0.00,0.00,0.00,0.00,,1.00,1.00,35.00,0.00,,30,0,2.78,2.78,3.57,3.57,8.33,8.33,9.85,9.85,0.00,0.00
Canada,CAN,20200305,0.00,,0.00,,0.00,,0.00,,0.00,,0.00,,0.00,,1.00,0.00,,0.00,0.00,0.00,0.00,,1.00,1.00,35.00,0.00,,33,0,2.78,2.78,3.57,3.57,8.33,8.33,9.85,9.85,0.00,0.00
Canada,CAN,20200306,0.00,,0.00,,0.00,,0.00,,0.00,,0.00,,0.00,,1.00,0.00,,0.00,0.00,0.00,0.00,,1.00,1.00,35.00,0.00,,45,0,2.78,2.78,3.57,3.57,8.33,8.33,9.85,9.85,0.00,0.00
Canada,CAN,20200307,0.00,,0.00,,0.00,,0.00,,0.00,,0.00,,0.00,,1.00,0.00,,0.00,0.00,0.00,0.00,,1.00,1.00,35.00,0.00,,51,0,2.78,2.78,3.57,3.57,8.33,8.33,9.85,9.85,0.00,0.00
Canada,CAN,20200308,0.00,,0.00,,0.00,,0.00,,0.00,,0.00,,0.00,,1.00,0.00,,0.00,0.00,0.00,0.00,,1.00,1.00,35.00,0.00,,57,0,2.78,2.78,3.57,3.57,8.33,8.33,9.85,9.85,0.00,0.00
Canada,CAN,20200309,0.00,,0.00,,0.00,,0.00,,0.00,,0.00,,0.00,,1.00,0.00,,0.00,0.00,0.00,0.00,,2.00,1.00,35.00,0.00,,62,0,2.78,2.78,3.57,3.57,10.90,10.90,12.88,12.88,0.00,0.00
Canada,CAN,20200310,0.00,,0.00,,0.00,,0.00,,0.00,,0.00,,0.00,,1.00,0.00,,0.00,0.00,0.00,0.00,,2.00,1.00,35.00,0.00,,77,1,2.78,2.78,3.57,3.57,10.90,10.90,12.88,12.88,0.00,0.00
Canada,CAN,20200311,0.00,,0.00,,0.00,,0.00,,0.00,,0.00,,0.00,,1.00,0.00,,0.00,11000000.00,0.00,2.00,1,2.00,1.00,562.00,200000000.00,,93,1,13.89,13.89,17.86,17.86,18.59,18.59,21.97,21.97,0.00,0.00
Canada,CAN,20200312,0.00,,0.00,,2.00,0,0.00,,0.00,,0.00,,0.00,,1.00,0.00,,0.00,0.00,0.00,2.00,1,2.00,1.00,562.00,191.00,,103,1,22.22,22.22,27.38,27.38,24.36,24.36,28.79,28.79,0.00,0.00
Canada,CAN,20200313,0.00,,0.00,,2.00,0,0.00,,0.00,,0.00,,0.00,,1.00,0.00,,0.00,0.00,0.00,2.00,1,2.00,1.00,562.00,191.00,,138,1,22.22,22.22,27.38,27.38,24.36,24.36,28.79,28.79,0.00,0.00
Canada,CAN,20200314,0.00,,0.00,,2.00,0,0.00,,0.00,,1.00,0,0.00,,1.00,0.00,,0.00,0.00,0.00,2.00,1,2.00,1.00,562.00,191.00,,176,1,24.07,24.07,30.95,30.95,25.64,25.64,30.30,30.30,0.00,0.00
Canada,CAN,20200315,0.00,,0.00,,2.00,0,0.00,,0.00,,1.00,0,0.00,,1.00,2.00,1,0.00,0.00,0.00,2.00,1,2.00,1.00,562.00,191.00,,244,1,24.07,24.07,30.95,30.95,33.33,33.33,30.30,30.30,50.00,50.00
Canada,CAN,20200316,3.00,0,0.00,,2.00,0,3.00,1,0.00,,1.00,1,0.00,,1.00,2.00,1,0.00,0.00,0.00,2.00,1,2.00,1.00,562.00,191.00,,304,1,43.52,43.52,47.14,47.14,46.79,46.79,46.21,46.21,50.00,50.00
Canada,CAN,20200317,3.00,0,0.00,,2.00,0,3.00,1,0.00,,1.00,1,0.00,,1.00,2.00,1,0.00,0.00,0.00,2.00,1,2.00,1.00,562.00,191.00,,424,4,43.52,43.52,47.14,47.14,46.79,46.79,46.21,46.21,50.00,50.00
Canada,CAN,20200318,3.00,0,3.00,0,2.00,0,3.00,1,0.00,,1.00,1,0.00,,4.00,2.00,1,1.00,367000000.00,0.00,2.00,1,2.00,1.00,562.00,191.00,,569,8,61.11,61.11,68.57,68.57,62.82,62.82,60.61,60.61,75.00,75.00
Canada,CAN,20200319,3.00,0,3.00,0,2.00,0,3.00,1,0.00,,1.00,1,0.00,,4.00,2.00,1,1.00,0.00,0.00,2.00,1,3.00,1.00,562.00,191.00,,690,9,61.11,61.11,68.57,68.57,65.38,65.38,63.64,63.64,75.00,75.00
Canada,CAN,20200320,3.00,1,3.00,0,2.00,0,3.00,1,0.00,,1.00,1,2.00,0,4.00,2.00,1,1.00,0.00,0.00,2.00,1,3.00,1.00,562.00,191.00,,846,10,71.30,71.30,74.52,74.52,72.44,72.44,71.97,71.97,75.00,75.00
Canada,CAN,20200321,3.00,1,3.00,0,2.00,0,3.00,1,0.00,,1.00,1,2.00,0,4.00,2.00,1,1.00,0.00,0.00,2.00,1,3.00,1.00,562.00,191.00,,971,12,71.30,71.30,74.52,74.52,72.44,72.44,71.97,71.97,75.00,75.00
Canada,CAN,20200322,3.00,1,3.00,0,2.00,0,3.00,1,0.00,,1.00,1,2.00,0,4.00,2.00,1,1.00,0.00,0.00,2.00,1,3.00,1.00,562.00,191.00,,1302,18,71.30,71.30,74.52,74.52,72.44,72.44,71.97,71.97,75.00,75.00
Canada,CAN,20200323,3.00,1,3.00,0,2.00,0,4.00,0,0.00,,1.00,1,2.00,0,4.00,2.00,1,1.00,0.00,0.00,2.00,1,3.00,1.00,562.00,191.00,,1430,20,72.69,72.69,74.52,74.52,73.40,73.40,73.11,73.11,75.00,75.00
Canada,CAN,20200324,3.00,1,3.00,0,2.00,0,4.00,0,0.00,,1.00,1,2.00,0,4.00,2.00,1,1.00,0.00,0.00,2.00,1,3.00,1.00,562.00,191.00,,1646,24,72.69,72.69,74.52,74.52,73.40,73.40,73.11,73.11,75.00,75.00
Canada,CAN,20200325,3.00,1,3.00,0,2.00,0,4.00,0,0.00,,1.00,1,2.00,0,4.00,2.00,1,1.00,0.00,0.00,2.00,1,3.00,1.00,562.00,191.00,,1959,27,72.69,72.69,74.52,74.52,73.40,73.40,73.11,73.11,75.00,75.00
Canada,CAN,20200326,3.00,1,3.00,0,2.00,0,4.00,0,0.00,,1.00,1,2.00,0,4.00,2.00,1,1.00,0.00,0.00,2.00,1,3.00,1.00,562.00,191.00,,3385,35,72.69,72.69,74.52,74.52,73.40,73.40,73.11,73.11,75.00,75.00
Canada,CAN,20200327,3.00,1,3.00,0,2.00,0,4.00,0,0.00,,1.00,1,2.00,0,4.00,2.00,1,1.00,0.00,0.00,2.00,1,3.00,1.00,562.00,191.00,,4018,39,72.69,72.69,74.52,74.52,73.40,73.40,73.11,73.11,75.00,75.00
Canada,CAN,20200328,3.00,1,3.00,0,2.00,0,4.00,0,0.00,,1.00,1,2.00,0,4.00,2.00,1,1.00,0.00,0.00,2.00,1,3.00,1.00,562.00,191.00,,4675,53,72.69,72.69,74.52,74.52,73.40,73.40,73.11,73.11,75.00,75.00
Canada,CAN,20200329,3.00,1,3.00,0,2.00,0,4.00,0,0.00,,1.00,1,2.00,0,4.00,2.00,1,1.00,0.00,0.00,2.00,1,3.00,1.00,562.00,191.00,,5386,60,72.69,72.69,74.52,74.52,73.40,73.40,73.11,73.11,75.00,75.00
Canada,CAN,20200330,3.00,1,3.00,0,2.00,0,4.00,0,0.00,,1.00,1,2.00,0,4.00,2.00,1,1.00,0.00,0.00,2.00,1,3.00,1.00,562.00,191.00,,6255,61,72.69,72.69,74.52,74.52,73.40,73.40,73.11,73.11,75.00,75.00
Canada,CAN,20200331,3.00,1,3.00,0,2.00,0,4.00,0,0.00,,1.00,1,2.00,0,4.00,2.00,1,1.00,229000000.00,0.00,2.00,1,3.00,1.00,1951.00,191.00,,7424,89,72.69,72.69,74.52,74.52,73.40,73.40,73.11,73.11,75.00,75.00
Canada,CAN,20200401,3.00,1,3.00,1,2.00,0,4.00,0,0.00,,1.00,1,2.00,0,4.00,2.00,1,1.00,0.00,0.00,2.00,1,3.00,1.00,1951.00,191.00,,8536,96,74.54,74.54,78.10,78.10,74.68,74.68,74.62,74.62,75.00,75.00
Canada,CAN,20200402,3.00,1,3.00,1,2.00,0,4.00,0,0.00,,1.00,1,2.00,0,4.00,2.00,1,1.00,0.00,0.00,2.00,1,3.00,1.00,0.00,0.00,,9595,109,74.54,74.54,78.10,78.10,74.68,74.68,74.62,74.62,75.00,75.00
Canada,CAN,20200403,3.00,1,3.00,1,2.00,0,4.00,0,0.00,,1.00,1,2.00,0,4.00,2.00,1,1.00,0.00,0.00,2.00,1,3.00,1.00,70800000.00,0.00,,11268,138,74.54,74.54,78.10,78.10,74.68,74.68,74.62,74.62,75.00,75.00
Canada,CAN,20200404,3.00,1,3.00,0,2.00,0,4.00,0,0.00,,1.00,1,2.00,0,4.00,2.00,1,1.00,0.00,0.00,2.00,1,3.00,1.00,0.00,0.00,,12519,187,72.69,72.69,74.52,74.52,73.40,73.40,73.11,73.11,75.00,75.00
Canada,CAN,20200405,3.00,1,3.00,0,2.00,0,4.00,0,0.00,,1.00,1,2.00,0,4.00,2.00,1,1.00,0.00,30000000.00,2.00,1,3.00,1.00,0.00,0.00,,13882,231,72.69,72.69,74.52,74.52,73.40,73.40,73.11,73.11,75.00,75.00
Canada,CAN,20200406,3.00,1,3.00,0,2.00,0,4.00,0,0.00,,1.00,1,2.00,0,4.00,2.00,1,1.00,0.00,0.00,2.00,1,3.00,1.00,0.00,0.00,,15496,280,72.69,72.69,74.52,74.52,73.40,73.40,73.11,73.11,75.00,75.00
Canada,CAN,20200407,3.00,1,3.00,0,2.00,0,4.00,0,0.00,,1.00,1,2.00,0,4.00,2.00,1,1.00,0.00,0.00,2.00,1,3.00,1.00,0.00,0.00,,16653,323,72.69,72.69,74.52,74.52,73.40,73.40,73.11,73.11,75.00,75.00
Canada,CAN,20200408,3.00,1,3.00,0,2.00,0,4.00,0,0.00,,1.00,1,2.00,0,4.00,2.00,1,1.00,0.00,0.00,2.00,1,3.00,1.00,0.00,3567205.00,,17883,380,72.69,72.69,74.52,74.52,73.40,73.40,73.11,73.11,75.00,75.00
Canada,CAN,20200409,3.00,1,3.00,0,2.00,0,4.00,0,0.00,,1.00,1,2.00,0,4.00,2.00,1,1.00,0.00,0.00,2.00,1,3.00,1.00,0.00,0.00,,19274,435,72.69,72.69,74.52,74.52,73.40,73.40,73.11,73.11,75.00,75.00
Canada,CAN,20200410,3.00,1,3.00,0,2.00,0,4.00,0,0.00,,1.00,1,2.00,0,4.00,2.00,1,1.00,0.00,0.00,2.00,1,3.00,1.00,0.00,0.00,,20748,509,72.69,72.69,74.52,74.52,73.40,73.40,73.11,73.11,75.00,75.00
Canada,CAN,20200411,3.00,1,3.00,0,2.00,0,4.00,0,0.00,,1.00,1,2.00,0,4.00,2.00,1,1.00,0.00,0.00,2.00,1,3.00,1.00,0.00,0.00,,22133,569,72.69,72.69,74.52,74.52,73.40,73.40,73.11,73.11,75.00,75.00
Canada,CAN,20200412,3.00,1,3.00,0,2.00,0,4.00,0,0.00,,1.00,1,2.00,0,4.00,2.00,1,1.00,0.00,0.00,2.00,1,3.00,1.00,0.00,0.00,,23301,653,72.69,72.69,74.52,74.52,73.40,73.40,73.11,73.11,75.00,75.00
Canada,CAN,20200413,3.00,1,3.00,0,2.00,0,4.00,0,0.00,,1.00,1,2.00,0,4.00,2.00,1,1.00,0.00,0.00,2.00,1,3.00,1.00,0.00,0.00,,24365,717,72.69,72.69,74.52,74.52,73.40,73.40,73.11,73.11,75.00,75.00
Canada,CAN,20200414,3.00,1,3.00,0,2.00,0,4.00,0,0.00,,1.00,1,2.00,0,4.00,2.00,1,1.00,90000000.00,0.00,2.00,1,3.00,1.00,0.00,0.00,,25663,780,72.69,72.69,74.52,74.52,73.40,73.40,73.11,73.11,75.00,75.00
Canada,CAN,20200415,3.00,1,3.00,0,2.00,0,4.00,0,0.00,,1.00,1,2.00,0,4.00,2.00,1,1.00,0.00,0.00,2.00,1,3.00,1.00,0.00,0.00,,27046,903,72.69,72.69,74.52,74.52,73.40,73.40,73.11,73.11,75.00,75.00
Canada,CAN,20200416,3.00,1,3.00,0,2.00,0,4.00,0,0.00,,1.00,1,2.00,0,4.00,2.00,1,1.00,0.00,0.00,2.00,1,3.00,1.00,0.00,0.00,,28364,1010,72.69,72.69,74.52,74.52,73.40,73.40,73.11,73.11,75.00,75.00
Canada,CAN,20200417,3.00,1,3.00,0,2.00,0,4.00,0,0.00,,1.00,1,2.00,0,4.00,2.00,1,1.00,0.00,0.00,2.00,1,3.00,1.00,0.00,0.00,,30081,1193,72.69,72.69,74.52,74.52,73.40,73.40,73.11,73.11,75.00,75.00
Canada,CAN,20200418,3.00,1,3.00,0,2.00,0,4.00,0,0.00,,1.00,1,2.00,0,4.00,2.00,1,1.00,0.00,0.00,2.00,1,3.00,1.00,0.00,14250060.00,,31872,1309,72.69,72.69,74.52,74.52,73.40,73.40,73.11,73.11,75.00,75.00
Canada,CAN,20200419,3.00,1,3.00,0,2.00,0,4.00,0,0.00,,1.00,1,2.00,0,4.00,2.00,1,1.00,0.00,0.00,2.00,1,3.00,1.00,0.00,0.00,,33341,1467,72.69,72.69,74.52,74.52,73.40,73.40,73.11,73.11,75.00,75.00
Canada,CAN,20200420,3.00,1,3.00,0,2.00,0,4.00,0,0.00,,1.00,1,2.00,0,4.00,2.00,1,1.00,0.00,0.00,2.00,1,3.00,1.00,0.00,0.00,,34777,1580,72.69,72.69,74.52,74.52,73.40,73.40,73.11,73.11,75.00,75.00
Canada,CAN,20200421,3.00,1,3.00,0,2.00,0,4.00,0,0.00,,1.00,1,2.00,0,4.00,2.00,1,1.00,962000000.00,0.00,2.00,1,3.00,1.00,0.00,0.00,,36823,1690,72.69,72.69,74.52,74.52,73.40,73.40,73.11,73.11,75.00,75.00
Canada,CAN,20200422,3.00,1,3.00,0,2.00,0,4.00,0,0.00,,1.00,1,2.00,0,4.00,2.00,1,1.00,0.00,0.00,2.00,1,3.00,1.00,0.00,0.00,,38413,1834,72.69,72.69,74.52,74.52,73.40,73.40,73.11,73.11,75.00,75.00
Canada,CAN,20200423,3.00,1,3.00,0,2.00,0,4.00,0,0.00,,1.00,1,2.00,0,4.00,2.00,1,1.00,0.00,0.00,2.00,1,3.00,1.00,0.00,586265166.60,,40179,1974,72.69,72.69,74.52,74.52,73.40,73.40,73.11,73.11,75.00,75.00
Canada,CAN,20200424,3.00,1,3.00,0,2.00,0,4.00,0,0.00,,1.00,1,2.00,0,4.00,2.00,1,1.00,0.00,0.00,2.00,1,3.00,1.00,0.00,0.00,,42099,2146,72.69,72.69,74.52,74.52,73.40,73.40,73.11,73.11,75.00,75.00
Canada,CAN,20200425,3.00,1,3.00,0,2.00,0,4.00,0,0.00,,1.00,1,2.00,0,4.00,2.00,1,1.00,0.00,0.00,2.00,1,3.00,1.00,0.00,0.00,,43877,2302,72.69,72.69,74.52,74.52,73.40,73.40,73.11,73.11,75.00,75.00
Canada,CAN,20200426,3.00,1,3.00,0,2.00,0,4.00,0,0.00,,1.00,1,2.00,0,4.00,2.00,1,1.00,0.00,0.00,2.00,1,3.00,1.00,0.00,0.00,,45341,2465,72.69,72.69,74.52,74.52,73.40,73.40,73.11,73.11,75.00,75.00
Canada,CAN,20200427,3.00,1,3.00,0,2.00,0,4.00,0,0.00,,1.00,1,2.00,0,4.00,2.00,1,1.00,0.00,0.00,2.00,1,3.00,1.00,0.00,0.00,,46884,2560,72.69,72.69,74.52,74.52,73.40,73.40,73.11,73.11,75.00,75.00
Canada,CAN,20200428,3.00,1,3.00,0,2.00,0,4.00,0,0.00,,1.00,1,2.00,0,4.00,2.00,1,1.00,0.00,0.00,2.00,1,3.00,1.00,0.00,0.00,,48489,2707,72.69,72.69,74.52,74.52,73.40,73.40,73.11,73.11,75.00,75.00
Canada,CAN,20200429,3.00,1,3.00,0,2.00,0,4.00,0,0.00,,1.00,1,2.00,0,4.00,2.00,1,1.00,0.00,0.00,2.00,1,3.00,1.00,0.00,0.00,,50015,2859,72.69,72.69,74.52,74.52,73.40,73.40,73.11,73.11,75.00,75.00
Canada,CAN,20200430,3.00,1,3.00,0,2.00,0,4.00,0,0.00,,1.00,1,2.00,0,4.00,2.00,1,1.00,0.00,0.00,2.00,1,3.00,1.00,0.00,0.00,,51587,2996,72.69,72.69,74.52,74.52,73.40,73.40,73.11,73.11,75.00,75.00
Canada,CAN,20200501,3.00,1,3.00,0,2.00,0,4.00,0,0.00,,1.00,1,2.00,0,4.00,2.00,1,1.00,0.00,0.00,2.00,1,3.00,1.00,0.00,0.00,,53236,3184,72.69,72.69,74.52,74.52,73.40,73.40,73.11,73.11,75.00,75.00
Canada,CAN,20200502,3.00,1,3.00,0,2.00,0,4.00,0,0.00,,1.00,1,2.00,0,4.00,2.00,1,1.00,0.00,0.00,2.00,1,3.00,1.00,0.00,0.00,,55061,3391,72.69,72.69,74.52,74.52,73.40,73.40,73.11,73.11,75.00,75.00
Canada,CAN,20200503,3.00,1,3.00,0,2.00,0,4.00,0,0.00,,1.00,1,2.00,0,4.00,2.00,1,1.00,0.00,0.00,2.00,1,3.00,1.00,170351275.68,0.00,,56714,3566,72.69,72.69,74.52,74.52,73.40,73.40,73.11,73.11,75.00,75.00
Canada,CAN,20200504,3.00,1,3.00,0,2.00,0,4.00,0,0.00,,1.00,1,2.00,0,4.00,2.00,1,1.00,0.00,0.00,2.00,1,3.00,1.00,0.00,0.00,,59474,3682,72.69,72.69,74.52,74.52,73.40,73.40,73.11,73.11,75.00,75.00
Canada,CAN,20200505,3.00,1,3.00,0,2.00,0,4.00,0,0.00,,1.00,1,2.00,0,4.00,2.00,1,1.00,178860000.00,0.00,2.00,1,3.00,1.00,0.00,0.00,,60772,3854,72.69,72.69,74.52,74.52,73.40,73.40,73.11,73.11,75.00,75.00
Canada,CAN,20200506,3.00,1,3.00,0,2.00,0,4.00,0,0.00,,1.00,1,2.00,0,4.00,2.00,1,1.00,0.00,0.00,2.00,1,3.00,1.00,0.00,0.00,,62046,4043,72.69,72.69,74.52,74.52,73.40,73.40,73.11,73.11,75.00,75.00
Canada,CAN,20200507,3.00,1,3.00,0,2.00,0,4.00,0,0.00,,1.00,1,2.00,0,4.00,2.00,1,1.00,0.00,0.00,2.00,1,3.00,1.00,0.00,0.00,,63496,4232,72.69,72.69,74.52,74.52,73.40,73.40,73.11,73.11,75.00,75.00
Canada,CAN,20200508,3.00,1,3.00,0,2.00,0,4.00,0,0.00,,1.00,1,2.00,0,4.00,2.00,1,1.00,0.00,0.00,2.00,1,3.00,1.00,0.00,0.00,,64922,4408,72.69,72.69,74.52,74.52,73.40,73.40,73.11,73.11,75.00,75.00
Canada,CAN,20200509,3.00,1,3.00,0,2.00,0,4.00,0,0.00,,1.00,1,2.00,0,4.00,2.00,1,1.00,0.00,0.00,2.00,1,3.00,1.00,0.00,0.00,,66434,4569,72.69,72.69,74.52,74.52,73.40,73.40,73.11,73.11,75.00,75.00
Canada,CAN,20200510,3.00,1,3.00,0,2.00,0,4.00,0,0.00,,1.00,1,2.00,0,4.00,2.00,1,1.00,0.00,0.00,2.00,1,3.00,1.00,0.00,0.00,,67702,4693,72.69,72.69,74.52,74.52,73.40,73.40,73.11,73.11,75.00,75.00
Canada,CAN,20200511,3.00,0,3.00,0,2.00,0,4.00,0,0.00,,1.00,1,2.00,0,4.00,2.00,1,1.00,0.00,0.00,2.00,1,3.00,1.00,0.00,0.00,,68848,4871,70.83,70.83,70.95,70.95,72.12,72.12,71.59,71.59,75.00,75.00
Canada,CAN,20200512,3.00,0,3.00,0,2.00,0,4.00,0,0.00,,1.00,1,2.00,0,4.00,2.00,1,1.00,0.00,0.00,2.00,1,3.00,1.00,0.00,0.00,,69981,4993,70.83,70.83,70.95,70.95,72.12,72.12,71.59,71.59,75.00,75.00
Canada,CAN,20200513,3.00,0,3.00,0,2.00,0,4.00,0,0.00,,1.00,1,2.00,0,4.00,2.00,1,1.00,0.00,0.00,2.00,1,3.00,1.00,0.00,0.00,,71157,5169,70.83,70.83,70.95,70.95,72.12,72.12,71.59,71.59,75.00,75.00
Canada,CAN,20200514,3.00,0,3.00,0,2.00,0,4.00,0,0.00,,1.00,1,2.00,0,4.00,2.00,1,1.00,0.00,0.00,2.00,1,3.00,1.00,0.00,0.00,,72278,5304,70.83,70.83,70.95,70.95,72.12,72.12,71.59,71.59,75.00,75.00
Canada,CAN,20200515,3.00,0,3.00,0,2.00,0,4.00,0,0.00,,1.00,1,2.00,0,4.00,2.00,1,1.00,0.00,0.00,2.00,1,3.00,1.00,0.00,0.00,,73401,5472,70.83,70.83,70.95,70.95,72.12,72.12,71.59,71.59,75.00,75.00
Canada,CAN,20200516,3.00,0,3.00,0,2.00,0,4.00,0,0.00,,1.00,1,2.00,0,4.00,2.00,1,1.00,0.00,0.00,2.00,1,3.00,1.00,71695000.00,0.00,,74602,5562,70.83,70.83,70.95,70.95,72.12,72.12,71.59,71.59,75.00,75.00
Canada,CAN,20200517,3.00,0,3.00,0,2.00,0,4.00,0,0.00,,1.00,1,2.00,0,4.00,2.00,1,1.00,0.00,0.00,2.00,1,3.00,1.00,0.00,0.00,,75853,5679,70.83,70.83,70.95,70.95,72.12,72.12,71.59,71.59,75.00,75.00
Canada,CAN,20200518,3.00,0,3.00,0,2.00,0,4.00,0,0.00,,1.00,1,2.00,0,4.00,2.00,1,1.00,0.00,0.00,2.00,1,3.00,1.00,0.00,0.00,,76991,5782,70.83,70.83,70.95,70.95,72.12,72.12,71.59,71.59,75.00,75.00
Canada,CAN,20200519,3.00,0,3.00,0,2.00,0,4.00,0,0.00,,1.00,1,2.00,0,4.00,2.00,1,1.00,0.00,0.00,2.00,1,3.00,1.00,0.00,0.00,,78061,5842,70.83,70.83,70.95,70.95,72.12,72.12,71.59,71.59,75.00,75.00
Canada,CAN,20200520,3.00,0,3.00,0,2.00,0,4.00,0,0.00,,1.00,1,2.00,0,4.00,2.00,1,1.00,0.00,0.00,2.00,1,3.00,1.00,0.00,0.00,,79101,5912,70.83,70.83,70.95,70.95,72.12,72.12,71.59,71.59,75.00,75.00
Canada,CAN,20200521,3.00,0,3.00,0,2.00,0,4.00,0,0.00,,1.00,1,2.00,0,4.00,2.00,1,1.00,0.00,0.00,2.00,1,3.00,1.00,53777641.00,0.00,,80091,6030,70.83,70.83,70.95,70.95,72.12,72.12,71.59,71.59,75.00,75.00
Canada,CAN,20200522,3.00,0,3.00,0,2.00,0,4.00,0,0.00,,1.00,1,2.00,0,4.00,2.00,1,1.00,0.00,0.00,2.00,1,3.00,1.00,0.00,0.00,,81313,6152,70.83,70.83,70.95,70.95,72.12,72.12,71.59,71.59,75.00,75.00
Canada,CAN,20200523,3.00,0,3.00,0,2.00,0,4.00,0,0.00,,1.00,1,2.00,0,4.00,2.00,1,1.00,0.00,0.00,2.00,1,3.00,1.00,0.00,0.00,,82469,6250,70.83,70.83,70.95,70.95,72.12,72.12,71.59,71.59,75.00,75.00
Canada,CAN,20200524,3.00,0,3.00,0,2.00,0,4.00,0,0.00,,1.00,1,2.00,0,4.00,2.00,1,1.00,0.00,0.00,2.00,1,3.00,1.00,0.00,0.00,,83610,6355,70.83,70.83,70.95,70.95,72.12,72.12,71.59,71.59,75.00,75.00
Canada,CAN,20200525,3.00,0,3.00,0,2.00,0,4.00,0,0.00,,1.00,1,2.00,0,4.00,2.00,1,1.00,0.00,0.00,2.00,1,3.00,1.00,0.00,0.00,,84688,6424,70.83,70.83,70.95,70.95,72.12,72.12,71.59,71.59,75.00,75.00
Canada,CAN,20200526,3.00,0,3.00,0,2.00,0,4.00,0,0.00,,1.00,1,2.00,0,4.00,2.00,1,1.00,0.00,0.00,2.00,1,3.00,1.00,0.00,0.00,,85700,6545,70.83,70.83,70.95,70.95,72.12,72.12,71.59,71.59,75.00,75.00
Canada,CAN,20200527,3.00,0,3.00,0,2.00,0,4.00,0,0.00,,1.00,1,2.00,0,4.00,2.00,1,1.00,0.00,0.00,2.00,1,3.00,1.00,0.00,0.00,,86636,6639,70.83,70.83,70.95,70.95,72.12,72.12,71.59,71.59,75.00,75.00
Canada,CAN,20200528,3.00,0,3.00,0,2.00,0,4.00,0,0.00,,1.00,1,2.00,0,4.00,2.00,1,1.00,0.00,0.00,2.00,1,3.00,1.00,0.00,0.00,,87508,6765,70.83,70.83,70.95,70.95,72.12,72.12,71.59,71.59,75.00,75.00
Canada,CAN,20200529,3.00,0,3.00,0,2.00,0,4.00,0,0.00,,1.00,1,2.00,0,4.00,2.00,1,1.00,0.00,0.00,2.00,1,3.00,1.00,206400000.00,0.00,,88501,6877,70.83,70.83,70.95,70.95,72.12,72.12,71.59,71.59,75.00,75.00
Canada,CAN,20200530,3.00,0,3.00,0,2.00,0,4.00,0,0.00,,1.00,1,2.00,0,4.00,2.00,1,1.00,0.00,0.00,2.00,1,3.00,1.00,0.00,0.00,,89407,6979,70.83,70.83,70.95,70.95,72.12,72.12,71.59,71.59,75.00,75.00
Canada,CAN,20200531,3.00,0,3.00,0,2.00,0,4.00,0,0.00,,1.00,1,2.00,0,4.00,2.00,1,1.00,0.00,0.00,2.00,1,3.00,1.00,0.00,0.00,,90179,7073,70.83,70.83,70.95,70.95,72.12,72.12,71.59,71.59,75.00,75.00
Canada,CAN,20200601,3.00,0,3.00,0,2.00,0,4.00,0,0.00,,1.00,1,2.00,0,4.00,2.00,1,1.00,46000000.00,0.00,2.00,1,3.00,1.00,0.00,0.00,,90936,7295,70.83,70.83,70.95,70.95,72.12,72.12,71.59,71.59,75.00,75.00
Canada,CAN,20200602,3.00,0,3.00,0,2.00,0,4.00,0,0.00,,1.00,1,2.00,0,4.00,2.00,1,1.00,0.00,0.00,2.00,1,3.00,1.00,0.00,0.00,,91694,7326,70.83,70.83,70.95,70.95,72.12,72.12,71.59,71.59,75.00,75.00
Canada,CAN,20200603,3.00,0,3.00,0,2.00,0,4.00,0,0.00,,1.00,1,2.00,0,4.00,2.00,1,1.00,0.00,0.00,2.00,1,3.00,1.00,0.00,0.00,,92399,7395,70.83,70.83,70.95,70.95,72.12,72.12,71.59,71.59,75.00,75.00
Canada,CAN,20200604,3.00,0,3.00,0,2.00,0,4.00,0,0.00,,1.00,1,2.00,0,4.00,2.00,1,1.00,0.00,0.00,2.00,1,3.00,1.00,0.00,600000000.00,,93074,7498,70.83,70.83,70.95,70.95,72.12,72.12,71.59,71.59,75.00,75.00
Canada,CAN,20200605,3.00,0,3.00,0,2.00,0,4.00,0,0.00,,1.00,1,2.00,0,4.00,2.00,1,1.00,0.00,0.00,2.00,1,3.00,1.00,0.00,0.00,,93715,7637,70.83,70.83,70.95,70.95,72.12,72.12,71.59,71.59,75.00,75.00
Canada,CAN,20200606,3.00,0,3.00,0,2.00,0,4.00,0,0.00,,1.00,1,2.00,0,4.00,2.00,1,1.00,1100000.00,0.00,2.00,1,3.00,1.00,0.00,0.00,,94324,7703,70.83,70.83,70.95,70.95,72.12,72.12,71.59,71.59,75.00,75.00
Canada,CAN,20200607,3.00,0,3.00,0,2.00,0,4.00,0,0.00,,1.00,1,2.00,0,4.00,2.00,1,1.00,0.00,0.00,2.00,1,3.00,1.00,0.00,0.00,,95046,7773,70.83,70.83,70.95,70.95,72.12,72.12,71.59,71.59,75.00,75.00
Canada,CAN,20200608,3.00,0,3.00,0,2.00,0,4.00,0,0.00,,1.00,1,2.00,0,4.00,2.00,1,1.00,50000000.00,0.00,2.00,1,3.00,1.00,0.00,0.00,,95688,7800,70.83,70.83,70.95,70.95,72.12,72.12,71.59,71.59,75.00,75.00
Canada,CAN,20200609,3.00,0,3.00,0,2.00,0,4.00,0,0.00,,1.00,1,2.00,0,4.00,2.00,1,1.00,0.00,0.00,2.00,1,3.00,1.00,0.00,0.00,,96233,7835,70.83,70.83,70.95,70.95,72.12,72.12,71.59,71.59,75.00,75.00
Canada,CAN,20200610,3.00,0,3.00,0,2.00,0,4.00,0,0.00,,1.00,1,2.00,0,4.00,2.00,1,1.00,173000000.00,0.00,2.00,1,3.00,1.00,0.00,0.00,,96642,7897,70.83,70.83,70.95,70.95,72.12,72.12,71.59,71.59,75.00,75.00
Canada,CAN,20200611,3.00,0,3.00,0,2.00,0,4.00,0,0.00,,1.00,1,2.00,0,4.00,2.00,1,1.00,0.00,0.00,2.00,1,3.00,1.00,0.00,0.00,,97114,7960,70.83,70.83,70.95,70.95,72.12,72.12,71.59,71.59,75.00,75.00
Canada,CAN,20200612,,,,,,,,,,,,,,,,,,,,,,,,,,,,97519,7994,,,,,,,,,,
Canada,CAN,20200613,,,,,,,,,,,,,,,,,,,,,,,,,,,,97932,8049,,,,,,,,,,
Canada,CAN,20200614,,,,,,,,,,,,,,,,,,,,,,,,,,,,98399,8107,,,,,,,,,,
Canada,CAN,20200615,,,,,,,,,,,,,,,,,,,,,,,,,,,,98776,8146,,,,,,,,,,
Canada,CAN,20200616,,,,,,,,,,,,,,,,,,,,,,,,,,,,99136,8175,,,,,,,,,,
Canada,CAN,20200617,,,,,,,,,,,,,,,,,,,,,,,,,,,,99456,8213,,70.83,,70.95,,72.12,,71.59,,75.00
Canada,CAN,20200618,,,,,,,,,,,,,,,,,,,,,,,,,,,,99842,8254,,70.83,,70.95,,72.12,,71.59,,75.00
Canada,CAN,20200619,,,,,,,,,,,,,,,,,,,,,,,,,,,,100209,8300,,70.83,,70.95,,72.12,,71.59,,75.00
Canada,CAN,20200620,,,,,,,,,,,,,,,,,,,,,,,,,,,,100618,8346,,70.83,,70.95,,72.12,,71.59,,75.00
Canada,CAN,20200621,,,,,,,,,,,,,,,,,,,,,,,,,,,,101008,8410,,70.83,,70.95,,72.12,,71.59,,75.00
Canada,CAN,20200622,,,,,,,,,,,,,,,,,,,,,,,,,,,,101326,8430,,70.83,,70.95,,72.12,,71.59,,75.00
Canada,CAN,20200623,,,,,,,,,,,,,,,,,,,,,,,,,,,,101637,8436,,70.83,,70.95,,72.12,,71.59,,75.00
