Cyprus,CYP,20200101,0.00,,0.00,,0.00,,0.00,,0.00,,0.00,,0.00,,0.00,0.00,,0.00,0.00,0.00,0.00,,0.00,0.00,0.00,0.00,,,,0.00,0.00,0.00,0.00,0.00,0.00,0.00,0.00,0.00,0.00
Cyprus,CYP,20200102,0.00,,0.00,,0.00,,0.00,,0.00,,0.00,,0.00,,0.00,0.00,,0.00,0.00,0.00,0.00,,0.00,0.00,0.00,0.00,,,,0.00,0.00,0.00,0.00,0.00,0.00,0.00,0.00,0.00,0.00
Cyprus,CYP,20200103,0.00,,0.00,,0.00,,0.00,,0.00,,0.00,,0.00,,0.00,0.00,,0.00,0.00,0.00,0.00,,0.00,0.00,0.00,0.00,,,,0.00,0.00,0.00,0.00,0.00,0.00,0.00,0.00,0.00,0.00
Cyprus,CYP,20200104,0.00,,0.00,,0.00,,0.00,,0.00,,0.00,,0.00,,0.00,0.00,,0.00,0.00,0.00,0.00,,0.00,0.00,0.00,0.00,,,,0.00,0.00,0.00,0.00,0.00,0.00,0.00,0.00,0.00,0.00
Cyprus,CYP,20200105,0.00,,0.00,,0.00,,0.00,,0.00,,0.00,,0.00,,0.00,0.00,,0.00,0.00,0.00,0.00,,0.00,0.00,0.00,0.00,,,,0.00,0.00,0.00,0.00,0.00,0.00,0.00,0.00,0.00,0.00
Cyprus,CYP,20200106,0.00,,0.00,,0.00,,0.00,,0.00,,0.00,,0.00,,0.00,0.00,,0.00,0.00,0.00,0.00,,0.00,0.00,0.00,0.00,,,,0.00,0.00,0.00,0.00,0.00,0.00,0.00,0.00,0.00,0.00
Cyprus,CYP,20200107,0.00,,0.00,,0.00,,0.00,,0.00,,0.00,,0.00,,0.00,0.00,,0.00,0.00,0.00,0.00,,0.00,0.00,0.00,0.00,,,,0.00,0.00,0.00,0.00,0.00,0.00,0.00,0.00,0.00,0.00
Cyprus,CYP,20200108,0.00,,0.00,,0.00,,0.00,,0.00,,0.00,,0.00,,0.00,0.00,,0.00,0.00,0.00,0.00,,0.00,0.00,0.00,0.00,,,,0.00,0.00,0.00,0.00,0.00,0.00,0.00,0.00,0.00,0.00
Cyprus,CYP,20200109,0.00,,0.00,,0.00,,0.00,,0.00,,0.00,,0.00,,0.00,0.00,,0.00,0.00,0.00,0.00,,0.00,0.00,0.00,0.00,,,,0.00,0.00,0.00,0.00,0.00,0.00,0.00,0.00,0.00,0.00
Cyprus,CYP,20200110,0.00,,0.00,,0.00,,0.00,,0.00,,0.00,,0.00,,0.00,0.00,,0.00,0.00,0.00,0.00,,0.00,0.00,0.00,0.00,,,,0.00,0.00,0.00,0.00,0.00,0.00,0.00,0.00,0.00,0.00
Cyprus,CYP,20200111,0.00,,0.00,,0.00,,0.00,,0.00,,0.00,,0.00,,0.00,0.00,,0.00,0.00,0.00,0.00,,0.00,0.00,0.00,0.00,,,,0.00,0.00,0.00,0.00,0.00,0.00,0.00,0.00,0.00,0.00
Cyprus,CYP,20200112,0.00,,0.00,,0.00,,0.00,,0.00,,0.00,,0.00,,0.00,0.00,,0.00,0.00,0.00,0.00,,0.00,0.00,0.00,0.00,,,,0.00,0.00,0.00,0.00,0.00,0.00,0.00,0.00,0.00,0.00
Cyprus,CYP,20200113,0.00,,0.00,,0.00,,0.00,,0.00,,0.00,,0.00,,0.00,0.00,,0.00,0.00,0.00,0.00,,0.00,0.00,0.00,0.00,,,,0.00,0.00,0.00,0.00,0.00,0.00,0.00,0.00,0.00,0.00
Cyprus,CYP,20200114,0.00,,0.00,,0.00,,0.00,,0.00,,0.00,,0.00,,0.00,0.00,,0.00,0.00,0.00,0.00,,0.00,0.00,0.00,0.00,,,,0.00,0.00,0.00,0.00,0.00,0.00,0.00,0.00,0.00,0.00
Cyprus,CYP,20200115,0.00,,0.00,,0.00,,0.00,,0.00,,0.00,,0.00,,0.00,0.00,,0.00,0.00,0.00,0.00,,0.00,0.00,0.00,0.00,,,,0.00,0.00,0.00,0.00,0.00,0.00,0.00,0.00,0.00,0.00
Cyprus,CYP,20200116,0.00,,0.00,,0.00,,0.00,,0.00,,0.00,,0.00,,0.00,0.00,,0.00,0.00,0.00,0.00,,0.00,0.00,0.00,0.00,,,,0.00,0.00,0.00,0.00,0.00,0.00,0.00,0.00,0.00,0.00
Cyprus,CYP,20200117,0.00,,0.00,,0.00,,0.00,,0.00,,0.00,,0.00,,0.00,0.00,,0.00,0.00,0.00,0.00,,0.00,0.00,0.00,0.00,,,,0.00,0.00,0.00,0.00,0.00,0.00,0.00,0.00,0.00,0.00
Cyprus,CYP,20200118,0.00,,0.00,,0.00,,0.00,,0.00,,0.00,,0.00,,0.00,0.00,,0.00,0.00,0.00,0.00,,0.00,0.00,0.00,0.00,,,,0.00,0.00,0.00,0.00,0.00,0.00,0.00,0.00,0.00,0.00
Cyprus,CYP,20200119,0.00,,0.00,,0.00,,0.00,,0.00,,0.00,,0.00,,0.00,0.00,,0.00,0.00,0.00,0.00,,0.00,0.00,0.00,0.00,,,,0.00,0.00,0.00,0.00,0.00,0.00,0.00,0.00,0.00,0.00
Cyprus,CYP,20200120,0.00,,0.00,,0.00,,0.00,,0.00,,0.00,,0.00,,0.00,0.00,,0.00,0.00,0.00,0.00,,0.00,0.00,0.00,0.00,,,,0.00,0.00,0.00,0.00,0.00,0.00,0.00,0.00,0.00,0.00
Cyprus,CYP,20200121,0.00,,0.00,,0.00,,0.00,,0.00,,0.00,,0.00,,0.00,0.00,,0.00,0.00,0.00,0.00,,0.00,0.00,0.00,0.00,,,,0.00,0.00,0.00,0.00,0.00,0.00,0.00,0.00,0.00,0.00
Cyprus,CYP,20200122,0.00,,0.00,,0.00,,0.00,,0.00,,0.00,,0.00,,0.00,0.00,,0.00,0.00,0.00,0.00,,0.00,0.00,0.00,0.00,,,,0.00,0.00,0.00,0.00,0.00,0.00,0.00,0.00,0.00,0.00
Cyprus,CYP,20200123,0.00,,0.00,,0.00,,0.00,,0.00,,0.00,,0.00,,0.00,0.00,,0.00,0.00,0.00,0.00,,0.00,0.00,0.00,0.00,,,,0.00,0.00,0.00,0.00,0.00,0.00,0.00,0.00,0.00,0.00
Cyprus,CYP,20200124,0.00,,0.00,,0.00,,0.00,,0.00,,0.00,,0.00,,0.00,0.00,,0.00,0.00,0.00,0.00,,0.00,0.00,0.00,0.00,,,,0.00,0.00,0.00,0.00,0.00,0.00,0.00,0.00,0.00,0.00
Cyprus,CYP,20200125,0.00,,0.00,,0.00,,0.00,,0.00,,0.00,,0.00,,0.00,0.00,,0.00,0.00,0.00,0.00,,0.00,0.00,0.00,0.00,,,,0.00,0.00,0.00,0.00,0.00,0.00,0.00,0.00,0.00,0.00
Cyprus,CYP,20200126,0.00,,0.00,,0.00,,0.00,,0.00,,0.00,,0.00,,0.00,0.00,,0.00,0.00,0.00,0.00,,0.00,0.00,0.00,0.00,,,,0.00,0.00,0.00,0.00,0.00,0.00,0.00,0.00,0.00,0.00
Cyprus,CYP,20200127,0.00,,0.00,,0.00,,0.00,,0.00,,0.00,,0.00,,0.00,0.00,,0.00,0.00,0.00,0.00,,0.00,0.00,0.00,0.00,,,,0.00,0.00,0.00,0.00,0.00,0.00,0.00,0.00,0.00,0.00
Cyprus,CYP,20200128,0.00,,0.00,,0.00,,0.00,,0.00,,0.00,,0.00,,0.00,0.00,,0.00,0.00,0.00,0.00,,0.00,0.00,0.00,0.00,,,,0.00,0.00,0.00,0.00,0.00,0.00,0.00,0.00,0.00,0.00
Cyprus,CYP,20200129,0.00,,0.00,,0.00,,0.00,,0.00,,0.00,,0.00,,0.00,0.00,,0.00,0.00,0.00,0.00,,0.00,0.00,0.00,0.00,,,,0.00,0.00,0.00,0.00,0.00,0.00,0.00,0.00,0.00,0.00
Cyprus,CYP,20200130,0.00,,0.00,,0.00,,0.00,,0.00,,0.00,,0.00,,0.00,0.00,,0.00,0.00,0.00,0.00,,0.00,0.00,0.00,0.00,,,,0.00,0.00,0.00,0.00,0.00,0.00,0.00,0.00,0.00,0.00
Cyprus,CYP,20200131,0.00,,0.00,,0.00,,0.00,,0.00,,0.00,,0.00,,0.00,0.00,,0.00,0.00,0.00,0.00,,0.00,0.00,0.00,0.00,,,,0.00,0.00,0.00,0.00,0.00,0.00,0.00,0.00,0.00,0.00
Cyprus,CYP,20200201,0.00,,0.00,,0.00,,0.00,,0.00,,0.00,,0.00,,0.00,0.00,,0.00,0.00,0.00,0.00,,0.00,0.00,0.00,0.00,,,,0.00,0.00,0.00,0.00,0.00,0.00,0.00,0.00,0.00,0.00
Cyprus,CYP,20200202,0.00,,0.00,,0.00,,0.00,,0.00,,0.00,,0.00,,0.00,0.00,,0.00,0.00,0.00,0.00,,0.00,0.00,0.00,0.00,,,,0.00,0.00,0.00,0.00,0.00,0.00,0.00,0.00,0.00,0.00
Cyprus,CYP,20200203,0.00,,0.00,,0.00,,0.00,,0.00,,0.00,,0.00,,0.00,0.00,,0.00,0.00,0.00,0.00,,0.00,0.00,0.00,0.00,,,,0.00,0.00,0.00,0.00,0.00,0.00,0.00,0.00,0.00,0.00
Cyprus,CYP,20200204,0.00,,0.00,,0.00,,0.00,,0.00,,0.00,,0.00,,0.00,0.00,,0.00,0.00,0.00,0.00,,0.00,0.00,0.00,0.00,,,,0.00,0.00,0.00,0.00,0.00,0.00,0.00,0.00,0.00,0.00
Cyprus,CYP,20200205,0.00,,0.00,,0.00,,0.00,,0.00,,0.00,,0.00,,0.00,0.00,,0.00,0.00,0.00,0.00,,0.00,0.00,0.00,0.00,,,,0.00,0.00,0.00,0.00,0.00,0.00,0.00,0.00,0.00,0.00
Cyprus,CYP,20200206,0.00,,0.00,,0.00,,0.00,,0.00,,0.00,,0.00,,0.00,0.00,,0.00,0.00,0.00,0.00,,0.00,0.00,0.00,0.00,,,,0.00,0.00,0.00,0.00,0.00,0.00,0.00,0.00,0.00,0.00
Cyprus,CYP,20200207,0.00,,0.00,,0.00,,0.00,,0.00,,0.00,,0.00,,0.00,0.00,,0.00,0.00,0.00,0.00,,0.00,0.00,0.00,0.00,,,,0.00,0.00,0.00,0.00,0.00,0.00,0.00,0.00,0.00,0.00
Cyprus,CYP,20200208,0.00,,0.00,,0.00,,0.00,,0.00,,0.00,,0.00,,0.00,0.00,,0.00,0.00,0.00,0.00,,0.00,0.00,0.00,0.00,,,,0.00,0.00,0.00,0.00,0.00,0.00,0.00,0.00,0.00,0.00
Cyprus,CYP,20200209,0.00,,0.00,,0.00,,0.00,,0.00,,0.00,,0.00,,0.00,0.00,,0.00,0.00,0.00,0.00,,0.00,0.00,0.00,0.00,,,,0.00,0.00,0.00,0.00,0.00,0.00,0.00,0.00,0.00,0.00
Cyprus,CYP,20200210,0.00,,0.00,,0.00,,0.00,,0.00,,0.00,,0.00,,0.00,0.00,,0.00,0.00,0.00,0.00,,0.00,0.00,0.00,0.00,,,,0.00,0.00,0.00,0.00,0.00,0.00,0.00,0.00,0.00,0.00
Cyprus,CYP,20200211,0.00,,0.00,,0.00,,0.00,,0.00,,0.00,,0.00,,0.00,0.00,,0.00,0.00,0.00,0.00,,0.00,0.00,0.00,0.00,,,,0.00,0.00,0.00,0.00,0.00,0.00,0.00,0.00,0.00,0.00
Cyprus,CYP,20200212,0.00,,0.00,,0.00,,0.00,,0.00,,0.00,,0.00,,0.00,0.00,,0.00,0.00,0.00,0.00,,0.00,0.00,0.00,0.00,,,,0.00,0.00,0.00,0.00,0.00,0.00,0.00,0.00,0.00,0.00
Cyprus,CYP,20200213,0.00,,0.00,,0.00,,0.00,,0.00,,0.00,,0.00,,0.00,0.00,,0.00,0.00,0.00,0.00,,0.00,0.00,0.00,0.00,,,,0.00,0.00,0.00,0.00,0.00,0.00,0.00,0.00,0.00,0.00
Cyprus,CYP,20200214,0.00,,0.00,,0.00,,0.00,,0.00,,0.00,,0.00,,0.00,0.00,,0.00,0.00,0.00,0.00,,0.00,0.00,0.00,0.00,,,,0.00,0.00,0.00,0.00,0.00,0.00,0.00,0.00,0.00,0.00
Cyprus,CYP,20200215,0.00,,0.00,,0.00,,0.00,,0.00,,0.00,,0.00,,0.00,0.00,,0.00,0.00,0.00,0.00,,0.00,0.00,0.00,0.00,,,,0.00,0.00,0.00,0.00,0.00,0.00,0.00,0.00,0.00,0.00
Cyprus,CYP,20200216,0.00,,0.00,,0.00,,0.00,,0.00,,0.00,,0.00,,0.00,0.00,,0.00,0.00,0.00,0.00,,0.00,0.00,0.00,0.00,,,,0.00,0.00,0.00,0.00,0.00,0.00,0.00,0.00,0.00,0.00
Cyprus,CYP,20200217,0.00,,0.00,,0.00,,0.00,,0.00,,0.00,,0.00,,0.00,0.00,,0.00,0.00,0.00,0.00,,0.00,0.00,0.00,0.00,,,,0.00,0.00,0.00,0.00,0.00,0.00,0.00,0.00,0.00,0.00
Cyprus,CYP,20200218,0.00,,0.00,,0.00,,0.00,,0.00,,0.00,,0.00,,0.00,0.00,,0.00,0.00,0.00,0.00,,0.00,0.00,0.00,0.00,,,,0.00,0.00,0.00,0.00,0.00,0.00,0.00,0.00,0.00,0.00
Cyprus,CYP,20200219,0.00,,0.00,,0.00,,0.00,,0.00,,0.00,,0.00,,0.00,0.00,,0.00,0.00,0.00,0.00,,0.00,0.00,0.00,0.00,,,,0.00,0.00,0.00,0.00,0.00,0.00,0.00,0.00,0.00,0.00
Cyprus,CYP,20200220,0.00,,0.00,,0.00,,0.00,,0.00,,0.00,,0.00,,0.00,0.00,,0.00,0.00,0.00,0.00,,0.00,0.00,0.00,0.00,,,,0.00,0.00,0.00,0.00,0.00,0.00,0.00,0.00,0.00,0.00
Cyprus,CYP,20200221,0.00,,0.00,,0.00,,0.00,,0.00,,0.00,,0.00,,0.00,0.00,,0.00,0.00,0.00,0.00,,0.00,0.00,0.00,0.00,,,,0.00,0.00,0.00,0.00,0.00,0.00,0.00,0.00,0.00,0.00
Cyprus,CYP,20200222,0.00,,0.00,,0.00,,0.00,,0.00,,0.00,,0.00,,0.00,0.00,,0.00,0.00,0.00,0.00,,0.00,0.00,0.00,0.00,,,,0.00,0.00,0.00,0.00,0.00,0.00,0.00,0.00,0.00,0.00
Cyprus,CYP,20200223,0.00,,0.00,,0.00,,0.00,,0.00,,0.00,,0.00,,0.00,0.00,,0.00,0.00,0.00,0.00,,0.00,0.00,0.00,0.00,,,,0.00,0.00,0.00,0.00,0.00,0.00,0.00,0.00,0.00,0.00
Cyprus,CYP,20200224,0.00,,0.00,,0.00,,0.00,,0.00,,0.00,,0.00,,0.00,0.00,,0.00,0.00,0.00,0.00,,0.00,0.00,0.00,0.00,,,,0.00,0.00,0.00,0.00,0.00,0.00,0.00,0.00,0.00,0.00
Cyprus,CYP,20200225,0.00,,0.00,,0.00,,0.00,,0.00,,0.00,,0.00,,0.00,0.00,,0.00,0.00,0.00,0.00,,0.00,0.00,0.00,0.00,,,,0.00,0.00,0.00,0.00,0.00,0.00,0.00,0.00,0.00,0.00
Cyprus,CYP,20200226,0.00,,0.00,,0.00,,0.00,,0.00,,0.00,,0.00,,0.00,0.00,,0.00,0.00,0.00,0.00,,0.00,0.00,0.00,0.00,,,,0.00,0.00,0.00,0.00,0.00,0.00,0.00,0.00,0.00,0.00
Cyprus,CYP,20200227,0.00,,0.00,,0.00,,0.00,,0.00,,0.00,,0.00,,0.00,0.00,,0.00,0.00,0.00,0.00,,0.00,0.00,0.00,0.00,,,,0.00,0.00,0.00,0.00,0.00,0.00,0.00,0.00,0.00,0.00
Cyprus,CYP,20200228,0.00,,0.00,,0.00,,0.00,,0.00,,0.00,,0.00,,0.00,0.00,,0.00,0.00,0.00,0.00,,0.00,0.00,0.00,0.00,,,,0.00,0.00,0.00,0.00,0.00,0.00,0.00,0.00,0.00,0.00
Cyprus,CYP,20200229,0.00,,0.00,,0.00,,0.00,,0.00,,0.00,,0.00,,0.00,0.00,,0.00,0.00,0.00,0.00,,0.00,0.00,0.00,0.00,,,,0.00,0.00,0.00,0.00,0.00,0.00,0.00,0.00,0.00,0.00
Cyprus,CYP,20200301,0.00,,0.00,,0.00,,0.00,,0.00,,0.00,,0.00,,0.00,0.00,,2.00,0.00,0.00,0.00,,0.00,0.00,0.00,0.00,,,,0.00,0.00,0.00,0.00,7.69,7.69,0.00,0.00,50.00,50.00
Cyprus,CYP,20200302,0.00,,0.00,,0.00,,0.00,,0.00,,0.00,,0.00,,0.00,0.00,,2.00,0.00,0.00,0.00,,0.00,0.00,0.00,0.00,,,,0.00,0.00,0.00,0.00,7.69,7.69,0.00,0.00,50.00,50.00
Cyprus,CYP,20200303,0.00,,0.00,,0.00,,0.00,,0.00,,0.00,,0.00,,0.00,0.00,,2.00,0.00,0.00,0.00,,0.00,0.00,0.00,0.00,,,,0.00,0.00,0.00,0.00,7.69,7.69,0.00,0.00,50.00,50.00
Cyprus,CYP,20200304,0.00,,0.00,,0.00,,0.00,,0.00,,0.00,,0.00,,0.00,0.00,,2.00,0.00,0.00,0.00,,0.00,0.00,0.00,0.00,,,,0.00,0.00,0.00,0.00,7.69,7.69,0.00,0.00,50.00,50.00
Cyprus,CYP,20200305,0.00,,0.00,,0.00,,0.00,,0.00,,0.00,,0.00,,0.00,0.00,,2.00,0.00,0.00,2.00,1,0.00,0.00,0.00,0.00,,,,11.11,11.11,14.29,14.29,15.38,15.38,9.09,9.09,50.00,50.00
Cyprus,CYP,20200306,0.00,,0.00,,0.00,,0.00,,0.00,,0.00,,0.00,,0.00,0.00,,2.00,0.00,0.00,2.00,1,0.00,0.00,0.00,0.00,,,,11.11,11.11,14.29,14.29,15.38,15.38,9.09,9.09,50.00,50.00
Cyprus,CYP,20200307,0.00,,0.00,,0.00,,0.00,,0.00,,0.00,,0.00,,0.00,0.00,,2.00,0.00,0.00,2.00,1,0.00,0.00,0.00,0.00,,,,11.11,11.11,14.29,14.29,15.38,15.38,9.09,9.09,50.00,50.00
Cyprus,CYP,20200308,0.00,,0.00,,0.00,,0.00,,0.00,,0.00,,0.00,,0.00,0.00,,2.00,0.00,0.00,2.00,1,0.00,0.00,0.00,0.00,,,,11.11,11.11,14.29,14.29,15.38,15.38,9.09,9.09,50.00,50.00
Cyprus,CYP,20200309,0.00,,0.00,,0.00,,0.00,,0.00,,0.00,,0.00,,0.00,0.00,,2.00,0.00,0.00,2.00,1,0.00,0.00,0.00,0.00,,,,11.11,11.11,14.29,14.29,15.38,15.38,9.09,9.09,50.00,50.00
Cyprus,CYP,20200310,0.00,,0.00,,2.00,1,0.00,,0.00,,0.00,,0.00,,0.00,0.00,,2.00,0.00,0.00,2.00,1,0.00,0.00,0.00,0.00,,2,0,22.22,22.22,28.57,28.57,23.08,23.08,18.18,18.18,50.00,50.00
Cyprus,CYP,20200311,0.00,,0.00,,2.00,1,0.00,,0.00,,0.00,,0.00,,0.00,0.00,,2.00,0.00,0.00,2.00,1,0.00,0.00,0.00,0.00,,,,22.22,22.22,28.57,28.57,23.08,23.08,18.18,18.18,50.00,50.00
Cyprus,CYP,20200312,0.00,,0.00,,2.00,1,0.00,,0.00,,0.00,,0.00,,0.00,0.00,,2.00,0.00,0.00,2.00,1,0.00,1.00,0.00,0.00,,6,0,22.22,22.22,28.57,28.57,26.92,26.92,22.73,22.73,50.00,50.00
Cyprus,CYP,20200313,3.00,1,0.00,,2.00,1,0.00,,0.00,,0.00,,0.00,,2.00,0.00,,2.00,0.00,0.00,2.00,1,0.00,1.00,0.00,0.00,,,,38.89,38.89,50.00,50.00,38.46,38.46,36.36,36.36,50.00,50.00
Cyprus,CYP,20200314,3.00,1,0.00,,2.00,1,0.00,,0.00,,0.00,,0.00,,2.00,0.00,,2.00,0.00,0.00,2.00,1,0.00,1.00,0.00,0.00,,14,0,38.89,38.89,50.00,50.00,38.46,38.46,36.36,36.36,50.00,50.00
Cyprus,CYP,20200315,3.00,1,0.00,,2.00,1,0.00,,0.00,,0.00,,0.00,,4.00,2.00,1,2.00,778334236.00,0.00,2.00,1,0.00,1.00,109760500.00,0.00,,21,0,44.44,44.44,57.14,57.14,50.00,50.00,40.91,40.91,100.00,100.00
Cyprus,CYP,20200316,3.00,1,2.00,1,2.00,1,0.00,,0.00,,0.00,,0.00,,4.00,2.00,1,2.00,0.00,0.00,2.00,1,0.00,1.00,0.00,0.00,,30,0,51.85,51.85,67.86,67.86,55.13,55.13,46.97,46.97,100.00,100.00
Cyprus,CYP,20200317,3.00,1,2.00,1,2.00,1,0.00,,0.00,,0.00,,0.00,,4.00,2.00,1,2.00,0.00,0.00,2.00,1,0.00,1.00,0.00,0.00,,40,0,51.85,51.85,67.86,67.86,55.13,55.13,46.97,46.97,100.00,100.00
Cyprus,CYP,20200318,3.00,1,2.00,1,2.00,1,0.00,,0.00,,0.00,,0.00,,4.00,2.00,1,2.00,0.00,0.00,2.00,1,0.00,1.00,0.00,0.00,,40,0,51.85,51.85,67.86,67.86,55.13,55.13,46.97,46.97,100.00,100.00
Cyprus,CYP,20200319,3.00,1,2.00,1,2.00,1,0.00,,0.00,,0.00,,0.00,,4.00,2.00,1,2.00,0.00,0.00,2.00,1,0.00,1.00,0.00,0.00,,58,0,51.85,51.85,67.86,67.86,55.13,55.13,46.97,46.97,100.00,100.00
Cyprus,CYP,20200320,3.00,1,2.00,1,2.00,1,0.00,,0.00,,0.00,,0.00,,4.00,2.00,1,2.00,0.00,0.00,2.00,1,0.00,1.00,0.00,0.00,,58,0,51.85,51.85,67.86,67.86,55.13,55.13,46.97,46.97,100.00,100.00
Cyprus,CYP,20200321,3.00,1,2.00,1,2.00,1,0.00,,0.00,,0.00,,0.00,,4.00,2.00,1,2.00,0.00,0.00,2.00,1,0.00,1.00,0.00,0.00,,67,0,51.85,51.85,67.86,67.86,55.13,55.13,46.97,46.97,100.00,100.00
Cyprus,CYP,20200322,3.00,1,2.00,1,2.00,1,0.00,,0.00,,0.00,,0.00,,4.00,2.00,1,2.00,0.00,0.00,2.00,1,0.00,1.00,0.00,0.00,,84,0,51.85,51.85,67.86,67.86,55.13,55.13,46.97,46.97,100.00,100.00
Cyprus,CYP,20200323,3.00,1,2.00,1,2.00,1,4.00,1,0.00,,0.00,,0.00,,4.00,2.00,1,2.00,0.00,0.00,2.00,1,1.00,1.00,0.00,0.00,,95,0,62.96,62.96,67.86,67.86,65.38,65.38,59.09,59.09,100.00,100.00
Cyprus,CYP,20200324,3.00,1,2.00,1,2.00,1,4.00,1,2.00,1,2.00,1,2.00,1,4.00,2.00,1,2.00,0.00,0.00,2.00,1,1.00,1.00,0.00,0.00,,116,0,92.59,92.59,96.43,96.43,85.90,85.90,83.33,83.33,100.00,100.00
Cyprus,CYP,20200325,3.00,1,2.00,1,2.00,1,4.00,1,2.00,1,2.00,1,2.00,1,4.00,2.00,1,2.00,0.00,0.00,2.00,1,1.00,1.00,0.00,0.00,,124,3,92.59,92.59,96.43,96.43,85.90,85.90,83.33,83.33,100.00,100.00
Cyprus,CYP,20200326,3.00,1,2.00,1,2.00,1,4.00,1,2.00,1,2.00,1,2.00,1,4.00,2.00,1,2.00,0.00,0.00,2.00,1,1.00,1.00,0.00,0.00,,132,3,92.59,92.59,96.43,96.43,85.90,85.90,83.33,83.33,100.00,100.00
Cyprus,CYP,20200327,3.00,1,2.00,1,2.00,1,4.00,1,2.00,1,2.00,1,2.00,1,4.00,2.00,1,2.00,0.00,0.00,2.00,1,1.00,1.00,0.00,0.00,,146,3,92.59,92.59,96.43,96.43,85.90,85.90,83.33,83.33,100.00,100.00
Cyprus,CYP,20200328,3.00,1,2.00,1,2.00,1,4.00,1,2.00,1,2.00,1,2.00,1,4.00,2.00,1,2.00,0.00,0.00,2.00,1,1.00,1.00,0.00,0.00,,162,5,92.59,92.59,96.43,96.43,85.90,85.90,83.33,83.33,100.00,100.00
Cyprus,CYP,20200329,3.00,1,2.00,1,2.00,1,4.00,1,2.00,1,2.00,1,2.00,1,4.00,2.00,1,2.00,0.00,0.00,2.00,1,1.00,1.00,0.00,0.00,,179,5,92.59,92.59,96.43,96.43,85.90,85.90,83.33,83.33,100.00,100.00
Cyprus,CYP,20200330,3.00,1,2.00,1,2.00,1,4.00,1,2.00,1,2.00,1,2.00,1,4.00,2.00,1,2.00,0.00,0.00,2.00,1,1.00,1.00,0.00,0.00,,214,6,92.59,92.59,96.43,96.43,85.90,85.90,83.33,83.33,100.00,100.00
Cyprus,CYP,20200331,3.00,1,2.00,1,2.00,1,4.00,1,2.00,1,2.00,1,2.00,1,4.00,2.00,1,2.00,0.00,0.00,2.00,1,1.00,1.00,0.00,0.00,,230,7,92.59,92.59,96.43,96.43,85.90,85.90,83.33,83.33,100.00,100.00
Cyprus,CYP,20200401,3.00,1,2.00,1,2.00,1,4.00,1,2.00,1,2.00,1,2.00,1,4.00,2.00,1,2.00,0.00,0.00,2.00,1,1.00,1.00,0.00,0.00,,262,8,92.59,92.59,96.43,96.43,85.90,85.90,83.33,83.33,100.00,100.00
Cyprus,CYP,20200402,3.00,1,2.00,1,2.00,1,4.00,1,2.00,1,2.00,1,2.00,1,4.00,2.00,1,2.00,0.00,0.00,2.00,1,1.00,1.00,0.00,0.00,,320,9,92.59,92.59,96.43,96.43,85.90,85.90,83.33,83.33,100.00,100.00
Cyprus,CYP,20200403,3.00,1,2.00,1,2.00,1,4.00,1,2.00,1,2.00,1,2.00,1,4.00,2.00,1,2.00,0.00,0.00,2.00,1,1.00,1.00,0.00,0.00,,356,9,92.59,92.59,96.43,96.43,85.90,85.90,83.33,83.33,100.00,100.00
Cyprus,CYP,20200404,3.00,1,2.00,1,2.00,1,4.00,1,2.00,1,2.00,1,2.00,1,4.00,2.00,1,2.00,0.00,0.00,2.00,1,1.00,1.00,0.00,0.00,,396,9,92.59,92.59,96.43,96.43,85.90,85.90,83.33,83.33,100.00,100.00
Cyprus,CYP,20200405,3.00,1,2.00,1,2.00,1,4.00,1,2.00,1,2.00,1,2.00,1,4.00,2.00,1,2.00,0.00,0.00,2.00,1,1.00,1.00,0.00,0.00,,426,9,92.59,92.59,96.43,96.43,85.90,85.90,83.33,83.33,100.00,100.00
Cyprus,CYP,20200406,3.00,1,2.00,1,2.00,1,4.00,1,2.00,1,2.00,1,2.00,1,4.00,2.00,1,2.00,0.00,0.00,2.00,1,1.00,1.00,0.00,0.00,,446,9,92.59,92.59,96.43,96.43,85.90,85.90,83.33,83.33,100.00,100.00
Cyprus,CYP,20200407,3.00,1,2.00,1,2.00,1,4.00,1,2.00,1,2.00,1,2.00,1,4.00,2.00,1,2.00,0.00,0.00,2.00,1,1.00,1.00,0.00,0.00,,465,9,92.59,92.59,96.43,96.43,85.90,85.90,83.33,83.33,100.00,100.00
Cyprus,CYP,20200408,3.00,1,2.00,1,2.00,1,4.00,1,2.00,1,2.00,1,2.00,1,4.00,2.00,1,2.00,0.00,0.00,2.00,1,1.00,1.00,0.00,0.00,,494,9,92.59,92.59,96.43,96.43,85.90,85.90,83.33,83.33,100.00,100.00
Cyprus,CYP,20200409,3.00,1,2.00,1,2.00,1,4.00,1,2.00,1,2.00,1,2.00,1,4.00,2.00,1,2.00,0.00,0.00,2.00,1,1.00,1.00,0.00,0.00,,526,9,92.59,92.59,96.43,96.43,85.90,85.90,83.33,83.33,100.00,100.00
Cyprus,CYP,20200410,3.00,1,2.00,1,2.00,1,4.00,1,2.00,1,2.00,1,2.00,1,4.00,2.00,1,2.00,0.00,0.00,2.00,1,1.00,1.00,0.00,0.00,,564,10,92.59,92.59,96.43,96.43,85.90,85.90,83.33,83.33,100.00,100.00
Cyprus,CYP,20200411,3.00,1,2.00,1,2.00,1,4.00,1,2.00,1,2.00,1,2.00,1,4.00,2.00,1,2.00,0.00,0.00,2.00,1,3.00,1.00,0.00,0.00,,595,10,92.59,92.59,96.43,96.43,91.03,91.03,89.39,89.39,100.00,100.00
Cyprus,CYP,20200412,3.00,1,2.00,1,2.00,1,4.00,1,2.00,1,2.00,1,2.00,1,4.00,2.00,1,2.00,0.00,0.00,2.00,1,3.00,1.00,0.00,0.00,,616,10,92.59,92.59,96.43,96.43,91.03,91.03,89.39,89.39,100.00,100.00
Cyprus,CYP,20200413,3.00,1,2.00,1,2.00,1,4.00,1,2.00,1,2.00,1,2.00,1,4.00,2.00,1,2.00,0.00,0.00,2.00,1,3.00,1.00,0.00,0.00,,633,11,92.59,92.59,96.43,96.43,91.03,91.03,89.39,89.39,100.00,100.00
Cyprus,CYP,20200414,3.00,1,2.00,1,2.00,1,4.00,1,2.00,1,2.00,1,2.00,1,4.00,2.00,1,2.00,0.00,0.00,2.00,1,3.00,1.00,0.00,0.00,,662,12,92.59,92.59,96.43,96.43,91.03,91.03,89.39,89.39,100.00,100.00
Cyprus,CYP,20200415,3.00,1,2.00,1,2.00,1,4.00,1,2.00,1,2.00,1,2.00,1,4.00,2.00,1,2.00,0.00,0.00,2.00,1,3.00,1.00,0.00,0.00,,695,12,92.59,92.59,96.43,96.43,91.03,91.03,89.39,89.39,100.00,100.00
Cyprus,CYP,20200416,3.00,1,3.00,0,2.00,1,4.00,1,2.00,1,2.00,1,2.00,1,4.00,2.00,1,2.00,0.00,0.00,2.00,1,3.00,2.00,0.00,0.00,,715,12,94.44,94.44,96.43,96.43,96.15,96.15,95.45,95.45,100.00,100.00
Cyprus,CYP,20200417,3.00,1,3.00,0,2.00,1,4.00,1,2.00,1,2.00,1,2.00,1,4.00,2.00,1,2.00,0.00,0.00,2.00,1,3.00,2.00,0.00,0.00,,735,12,94.44,94.44,96.43,96.43,96.15,96.15,95.45,95.45,100.00,100.00
Cyprus,CYP,20200418,3.00,1,3.00,0,2.00,1,4.00,1,2.00,1,2.00,1,2.00,1,4.00,2.00,1,2.00,0.00,0.00,2.00,1,3.00,2.00,0.00,0.00,,735,12,94.44,94.44,96.43,96.43,96.15,96.15,95.45,95.45,100.00,100.00
Cyprus,CYP,20200419,3.00,1,3.00,0,2.00,1,4.00,1,2.00,1,2.00,1,2.00,1,4.00,2.00,1,2.00,0.00,0.00,2.00,1,3.00,2.00,0.00,0.00,,761,12,94.44,94.44,96.43,96.43,96.15,96.15,95.45,95.45,100.00,100.00
Cyprus,CYP,20200420,3.00,1,3.00,0,2.00,1,4.00,1,2.00,1,2.00,1,2.00,1,4.00,2.00,1,2.00,0.00,0.00,2.00,1,3.00,2.00,0.00,0.00,,767,12,94.44,94.44,96.43,96.43,96.15,96.15,95.45,95.45,100.00,100.00
Cyprus,CYP,20200421,3.00,1,3.00,0,2.00,1,4.00,1,2.00,1,2.00,1,2.00,1,4.00,2.00,1,2.00,0.00,0.00,2.00,1,3.00,2.00,0.00,0.00,,772,12,94.44,94.44,96.43,96.43,96.15,96.15,95.45,95.45,100.00,100.00
Cyprus,CYP,20200422,3.00,1,3.00,0,2.00,1,4.00,1,2.00,1,2.00,1,2.00,1,4.00,2.00,1,2.00,0.00,0.00,2.00,1,3.00,2.00,0.00,0.00,,784,12,94.44,94.44,96.43,96.43,96.15,96.15,95.45,95.45,100.00,100.00
Cyprus,CYP,20200423,3.00,1,3.00,0,2.00,1,4.00,1,2.00,1,2.00,1,2.00,1,4.00,2.00,1,2.00,0.00,0.00,2.00,1,3.00,2.00,0.00,0.00,,790,14,94.44,94.44,96.43,96.43,96.15,96.15,95.45,95.45,100.00,100.00
Cyprus,CYP,20200424,3.00,1,3.00,0,2.00,1,4.00,1,2.00,1,2.00,1,2.00,1,4.00,2.00,1,2.00,0.00,0.00,2.00,1,3.00,2.00,0.00,0.00,,795,14,94.44,94.44,96.43,96.43,96.15,96.15,95.45,95.45,100.00,100.00
Cyprus,CYP,20200425,3.00,1,3.00,0,2.00,1,4.00,1,2.00,1,2.00,1,2.00,1,4.00,2.00,1,2.00,0.00,0.00,2.00,1,3.00,2.00,0.00,0.00,,804,14,94.44,94.44,96.43,96.43,96.15,96.15,95.45,95.45,100.00,100.00
Cyprus,CYP,20200426,3.00,1,3.00,0,2.00,1,4.00,1,2.00,1,2.00,1,2.00,1,4.00,2.00,1,2.00,0.00,0.00,2.00,1,3.00,2.00,0.00,0.00,,810,14,94.44,94.44,96.43,96.43,96.15,96.15,95.45,95.45,100.00,100.00
Cyprus,CYP,20200427,3.00,1,3.00,0,2.00,1,4.00,1,2.00,1,2.00,1,2.00,1,4.00,2.00,1,2.00,0.00,0.00,2.00,1,3.00,2.00,0.00,0.00,,817,14,94.44,94.44,96.43,96.43,96.15,96.15,95.45,95.45,100.00,100.00
Cyprus,CYP,20200428,3.00,1,3.00,0,2.00,1,4.00,1,2.00,1,2.00,1,2.00,1,4.00,2.00,1,2.00,0.00,0.00,2.00,1,3.00,2.00,0.00,0.00,,822,15,94.44,94.44,96.43,96.43,96.15,96.15,95.45,95.45,100.00,100.00
Cyprus,CYP,20200429,3.00,1,3.00,0,2.00,1,4.00,1,2.00,1,2.00,1,2.00,1,4.00,2.00,1,2.00,0.00,0.00,2.00,1,3.00,2.00,0.00,0.00,,837,15,94.44,94.44,96.43,96.43,96.15,96.15,95.45,95.45,100.00,100.00
Cyprus,CYP,20200430,3.00,1,3.00,0,2.00,1,4.00,1,2.00,1,2.00,1,2.00,1,4.00,2.00,1,2.00,0.00,0.00,2.00,1,3.00,2.00,0.00,0.00,,843,15,94.44,94.44,96.43,96.43,96.15,96.15,95.45,95.45,100.00,100.00
Cyprus,CYP,20200501,3.00,1,3.00,0,2.00,1,4.00,1,2.00,1,2.00,1,2.00,1,4.00,2.00,1,2.00,0.00,0.00,2.00,1,3.00,2.00,0.00,0.00,,850,15,94.44,94.44,96.43,96.43,96.15,96.15,95.45,95.45,100.00,100.00
Cyprus,CYP,20200502,3.00,1,3.00,0,2.00,1,4.00,1,2.00,1,2.00,1,2.00,1,4.00,2.00,1,2.00,0.00,0.00,2.00,1,3.00,2.00,0.00,0.00,,857,15,94.44,94.44,96.43,96.43,96.15,96.15,95.45,95.45,100.00,100.00
Cyprus,CYP,20200503,3.00,1,3.00,0,2.00,1,4.00,1,2.00,1,2.00,1,2.00,1,4.00,2.00,1,2.00,0.00,0.00,2.00,1,3.00,2.00,0.00,0.00,,864,15,94.44,94.44,96.43,96.43,96.15,96.15,95.45,95.45,100.00,100.00
Cyprus,CYP,20200504,3.00,1,3.00,0,2.00,1,4.00,1,2.00,1,2.00,1,2.00,1,4.00,2.00,1,2.00,0.00,0.00,2.00,1,3.00,2.00,0.00,0.00,,872,15,94.44,94.44,96.43,96.43,96.15,96.15,95.45,95.45,100.00,100.00
Cyprus,CYP,20200505,3.00,1,3.00,0,2.00,1,4.00,1,2.00,1,2.00,1,2.00,1,4.00,2.00,1,2.00,0.00,0.00,2.00,1,3.00,2.00,0.00,0.00,,874,15,94.44,94.44,96.43,96.43,96.15,96.15,95.45,95.45,100.00,100.00
Cyprus,CYP,20200506,3.00,1,3.00,0,2.00,1,4.00,1,2.00,1,2.00,1,2.00,1,4.00,2.00,1,2.00,0.00,0.00,2.00,1,3.00,2.00,0.00,0.00,,878,15,94.44,94.44,96.43,96.43,96.15,96.15,95.45,95.45,100.00,100.00
Cyprus,CYP,20200507,3.00,1,3.00,0,2.00,1,4.00,1,2.00,1,2.00,1,2.00,1,4.00,2.00,1,2.00,0.00,0.00,2.00,1,3.00,2.00,0.00,0.00,,883,15,94.44,94.44,96.43,96.43,96.15,96.15,95.45,95.45,100.00,100.00
Cyprus,CYP,20200508,3.00,1,3.00,0,2.00,1,4.00,1,2.00,1,2.00,1,2.00,1,4.00,2.00,1,2.00,0.00,0.00,2.00,1,3.00,2.00,0.00,0.00,,889,15,94.44,94.44,96.43,96.43,96.15,96.15,95.45,95.45,100.00,100.00
Cyprus,CYP,20200509,3.00,1,3.00,0,2.00,1,4.00,1,2.00,1,2.00,1,2.00,1,4.00,2.00,1,2.00,0.00,0.00,2.00,1,3.00,2.00,0.00,0.00,,891,15,94.44,94.44,96.43,96.43,96.15,96.15,95.45,95.45,100.00,100.00
Cyprus,CYP,20200510,3.00,1,3.00,0,2.00,1,4.00,1,2.00,1,2.00,1,2.00,1,4.00,2.00,1,2.00,0.00,0.00,2.00,1,3.00,2.00,0.00,0.00,,892,15,94.44,94.44,96.43,96.43,96.15,96.15,95.45,95.45,100.00,100.00
Cyprus,CYP,20200511,3.00,1,3.00,0,2.00,1,4.00,1,2.00,1,2.00,1,2.00,1,4.00,2.00,1,2.00,0.00,0.00,2.00,1,3.00,2.00,0.00,0.00,,898,16,94.44,94.44,96.43,96.43,96.15,96.15,95.45,95.45,100.00,100.00
Cyprus,CYP,20200512,3.00,1,3.00,0,2.00,1,4.00,1,2.00,1,2.00,1,2.00,1,4.00,2.00,1,2.00,0.00,0.00,2.00,1,3.00,2.00,0.00,0.00,,901,16,94.44,94.44,96.43,96.43,96.15,96.15,95.45,95.45,100.00,100.00
Cyprus,CYP,20200513,3.00,1,3.00,0,2.00,1,4.00,1,2.00,1,2.00,1,2.00,1,4.00,2.00,1,2.00,0.00,0.00,2.00,1,3.00,2.00,0.00,0.00,,903,16,94.44,94.44,96.43,96.43,96.15,96.15,95.45,95.45,100.00,100.00
Cyprus,CYP,20200514,3.00,1,3.00,0,2.00,1,4.00,1,2.00,1,2.00,1,2.00,1,4.00,2.00,1,2.00,0.00,0.00,2.00,1,3.00,2.00,0.00,0.00,,905,17,94.44,94.44,96.43,96.43,96.15,96.15,95.45,95.45,100.00,100.00
Cyprus,CYP,20200515,3.00,1,3.00,0,2.00,1,4.00,1,2.00,1,2.00,1,2.00,1,4.00,2.00,1,2.00,0.00,0.00,2.00,1,3.00,2.00,0.00,0.00,,907,17,94.44,94.44,96.43,96.43,96.15,96.15,95.45,95.45,100.00,100.00
Cyprus,CYP,20200516,3.00,1,3.00,0,2.00,1,4.00,1,2.00,1,2.00,1,2.00,1,4.00,2.00,1,2.00,0.00,0.00,2.00,1,3.00,2.00,0.00,0.00,,910,17,94.44,94.44,96.43,96.43,96.15,96.15,95.45,95.45,100.00,100.00
Cyprus,CYP,20200517,3.00,1,3.00,0,2.00,1,4.00,1,2.00,1,2.00,1,2.00,1,4.00,2.00,1,2.00,0.00,0.00,2.00,1,3.00,2.00,0.00,0.00,,914,17,94.44,94.44,96.43,96.43,96.15,96.15,95.45,95.45,100.00,100.00
Cyprus,CYP,20200518,3.00,1,3.00,0,2.00,1,4.00,1,2.00,1,2.00,1,2.00,1,4.00,2.00,1,2.00,0.00,0.00,2.00,1,3.00,2.00,0.00,0.00,,916,17,94.44,94.44,96.43,96.43,96.15,96.15,95.45,95.45,100.00,100.00
Cyprus,CYP,20200519,3.00,1,3.00,0,2.00,1,4.00,1,2.00,1,2.00,1,2.00,1,4.00,2.00,1,2.00,0.00,0.00,2.00,1,3.00,2.00,0.00,0.00,,917,17,94.44,94.44,96.43,96.43,96.15,96.15,95.45,95.45,100.00,100.00
Cyprus,CYP,20200520,3.00,1,3.00,0,2.00,1,4.00,1,2.00,1,2.00,1,2.00,1,4.00,2.00,1,2.00,0.00,0.00,2.00,1,3.00,2.00,0.00,0.00,,918,17,94.44,94.44,96.43,96.43,96.15,96.15,95.45,95.45,100.00,100.00
Cyprus,CYP,20200521,2.00,1,2.00,1,2.00,1,3.00,1,2.00,1,1.00,1,2.00,1,4.00,2.00,1,2.00,0.00,0.00,2.00,1,3.00,2.00,0.00,0.00,,922,17,82.41,82.41,92.86,92.86,87.82,87.82,85.61,85.61,100.00,100.00
Cyprus,CYP,20200522,2.00,1,2.00,1,2.00,1,3.00,1,2.00,1,1.00,1,2.00,1,4.00,2.00,1,2.00,94324711.00,0.00,2.00,1,3.00,2.00,0.00,0.00,,923,17,82.41,82.41,92.86,92.86,87.82,87.82,85.61,85.61,100.00,100.00
Cyprus,CYP,20200523,2.00,1,2.00,1,2.00,1,3.00,1,2.00,1,1.00,1,2.00,1,4.00,2.00,1,2.00,0.00,0.00,2.00,1,3.00,2.00,0.00,0.00,,927,17,82.41,82.41,92.86,92.86,87.82,87.82,85.61,85.61,100.00,100.00
Cyprus,CYP,20200524,2.00,1,2.00,1,2.00,1,3.00,1,2.00,1,1.00,1,2.00,1,4.00,2.00,1,2.00,0.00,0.00,2.00,1,3.00,2.00,0.00,0.00,,927,17,82.41,82.41,92.86,92.86,87.82,87.82,85.61,85.61,100.00,100.00
Cyprus,CYP,20200525,2.00,1,2.00,1,2.00,1,3.00,1,2.00,1,1.00,1,2.00,1,4.00,2.00,1,2.00,0.00,0.00,2.00,1,3.00,2.00,0.00,0.00,,935,17,82.41,82.41,92.86,92.86,87.82,87.82,85.61,85.61,100.00,100.00
Cyprus,CYP,20200526,2.00,1,2.00,1,2.00,1,3.00,1,2.00,1,1.00,1,2.00,1,4.00,2.00,1,2.00,0.00,0.00,2.00,1,3.00,2.00,0.00,0.00,,937,17,82.41,82.41,92.86,92.86,87.82,87.82,85.61,85.61,100.00,100.00
Cyprus,CYP,20200527,2.00,1,2.00,1,2.00,1,3.00,1,2.00,1,1.00,1,2.00,1,4.00,2.00,1,2.00,1370822320.00,0.00,2.00,1,3.00,2.00,0.00,0.00,,939,17,82.41,82.41,92.86,92.86,87.82,87.82,85.61,85.61,100.00,100.00
Cyprus,CYP,20200528,2.00,1,2.00,1,2.00,1,3.00,1,2.00,1,1.00,1,2.00,1,4.00,2.00,1,2.00,0.00,0.00,2.00,1,3.00,2.00,0.00,0.00,,939,17,82.41,82.41,92.86,92.86,87.82,87.82,85.61,85.61,100.00,100.00
Cyprus,CYP,20200529,2.00,1,2.00,1,2.00,1,3.00,1,2.00,1,1.00,1,2.00,1,4.00,2.00,1,2.00,0.00,0.00,2.00,1,3.00,2.00,0.00,0.00,,941,17,82.41,82.41,92.86,92.86,87.82,87.82,85.61,85.61,100.00,100.00
Cyprus,CYP,20200530,2.00,1,2.00,1,2.00,1,3.00,1,2.00,1,1.00,1,2.00,1,4.00,2.00,1,2.00,0.00,0.00,2.00,1,3.00,2.00,0.00,0.00,,941,17,82.41,82.41,92.86,92.86,87.82,87.82,85.61,85.61,100.00,100.00
Cyprus,CYP,20200531,2.00,1,2.00,1,2.00,1,3.00,1,2.00,1,1.00,1,2.00,1,4.00,2.00,1,2.00,0.00,0.00,2.00,1,3.00,2.00,0.00,0.00,,943,17,82.41,82.41,92.86,92.86,87.82,87.82,85.61,85.61,100.00,100.00
Cyprus,CYP,20200601,2.00,1,2.00,1,2.00,1,3.00,1,2.00,1,1.00,1,2.00,1,4.00,2.00,1,2.00,0.00,0.00,2.00,1,3.00,2.00,0.00,0.00,,944,17,82.41,82.41,92.86,92.86,87.82,87.82,85.61,85.61,100.00,100.00
Cyprus,CYP,20200602,2.00,1,2.00,1,2.00,1,3.00,1,2.00,1,1.00,1,2.00,1,4.00,2.00,1,2.00,0.00,0.00,2.00,1,3.00,2.00,0.00,0.00,,949,17,82.41,82.41,92.86,92.86,87.82,87.82,85.61,85.61,100.00,100.00
Cyprus,CYP,20200603,2.00,1,2.00,1,2.00,1,3.00,1,2.00,1,1.00,1,2.00,1,4.00,2.00,1,2.00,0.00,0.00,2.00,1,3.00,2.00,0.00,0.00,,952,17,82.41,82.41,92.86,92.86,87.82,87.82,85.61,85.61,100.00,100.00
Cyprus,CYP,20200604,2.00,1,2.00,1,2.00,1,3.00,1,2.00,1,1.00,1,2.00,1,4.00,2.00,1,2.00,0.00,0.00,2.00,1,3.00,2.00,0.00,0.00,,958,17,82.41,82.41,92.86,92.86,87.82,87.82,85.61,85.61,100.00,100.00
Cyprus,CYP,20200605,2.00,1,2.00,1,2.00,1,3.00,1,2.00,1,1.00,1,2.00,1,4.00,2.00,1,2.00,0.00,0.00,2.00,1,3.00,2.00,0.00,0.00,,958,17,82.41,82.41,92.86,92.86,87.82,87.82,85.61,85.61,100.00,100.00
Cyprus,CYP,20200606,2.00,1,2.00,1,2.00,1,3.00,1,2.00,1,1.00,1,2.00,1,4.00,2.00,1,2.00,0.00,0.00,2.00,1,3.00,2.00,0.00,0.00,,960,17,82.41,82.41,92.86,92.86,87.82,87.82,85.61,85.61,100.00,100.00
Cyprus,CYP,20200607,2.00,1,2.00,1,2.00,1,3.00,1,2.00,1,1.00,1,2.00,1,4.00,2.00,1,2.00,0.00,0.00,2.00,1,3.00,2.00,0.00,0.00,,960,18,82.41,82.41,92.86,92.86,87.82,87.82,85.61,85.61,100.00,100.00
Cyprus,CYP,20200608,2.00,1,2.00,1,2.00,1,3.00,1,2.00,1,1.00,1,2.00,1,4.00,2.00,1,2.00,0.00,0.00,2.00,1,3.00,2.00,0.00,0.00,,964,18,82.41,82.41,92.86,92.86,87.82,87.82,85.61,85.61,100.00,100.00
Cyprus,CYP,20200609,2.00,1,2.00,1,2.00,1,3.00,1,2.00,1,1.00,1,2.00,1,3.00,2.00,1,2.00,0.00,0.00,2.00,1,3.00,2.00,0.00,0.00,,970,18,79.63,79.63,89.29,89.29,85.90,85.90,83.33,83.33,100.00,100.00
Cyprus,CYP,20200610,2.00,1,2.00,1,2.00,1,3.00,1,2.00,1,1.00,1,2.00,1,3.00,2.00,1,2.00,0.00,0.00,2.00,1,3.00,2.00,0.00,0.00,,972,18,79.63,79.63,89.29,89.29,85.90,85.90,83.33,83.33,100.00,100.00
Cyprus,CYP,20200611,2.00,1,2.00,1,2.00,1,3.00,1,2.00,1,1.00,1,2.00,1,3.00,2.00,1,2.00,0.00,0.00,2.00,1,3.00,2.00,0.00,0.00,,974,18,79.63,79.63,89.29,89.29,85.90,85.90,83.33,83.33,100.00,100.00
Cyprus,CYP,20200612,2.00,1,2.00,1,2.00,1,3.00,1,2.00,1,1.00,1,2.00,1,3.00,2.00,1,2.00,0.00,0.00,2.00,1,3.00,2.00,0.00,0.00,,975,18,79.63,79.63,89.29,89.29,85.90,85.90,83.33,83.33,100.00,100.00
Cyprus,CYP,20200613,2.00,1,2.00,1,2.00,1,3.00,1,2.00,1,1.00,1,2.00,1,3.00,2.00,1,2.00,0.00,0.00,2.00,1,3.00,2.00,0.00,0.00,,980,18,79.63,79.63,89.29,89.29,85.90,85.90,83.33,83.33,100.00,100.00
Cyprus,CYP,20200614,2.00,1,2.00,1,2.00,1,3.00,1,2.00,1,1.00,1,2.00,1,3.00,2.00,1,2.00,0.00,0.00,2.00,1,3.00,2.00,0.00,0.00,,980,18,79.63,79.63,89.29,89.29,85.90,85.90,83.33,83.33,100.00,100.00
Cyprus,CYP,20200615,2.00,1,2.00,1,2.00,1,3.00,1,2.00,1,1.00,1,2.00,1,3.00,2.00,1,2.00,0.00,0.00,2.00,1,3.00,2.00,0.00,0.00,,983,18,79.63,79.63,89.29,89.29,85.90,85.90,83.33,83.33,100.00,100.00
Cyprus,CYP,20200616,2.00,1,2.00,1,2.00,1,3.00,1,2.00,1,1.00,1,2.00,1,3.00,2.00,1,2.00,0.00,0.00,2.00,1,3.00,2.00,0.00,0.00,,985,18,79.63,79.63,89.29,89.29,85.90,85.90,83.33,83.33,100.00,100.00
Cyprus,CYP,20200617,2.00,1,2.00,1,2.00,1,3.00,1,2.00,1,1.00,1,2.00,1,3.00,2.00,1,2.00,0.00,0.00,2.00,1,3.00,2.00,0.00,0.00,,985,18,79.63,79.63,89.29,89.29,85.90,85.90,83.33,83.33,100.00,100.00
Cyprus,CYP,20200618,2.00,1,2.00,1,2.00,1,3.00,1,2.00,1,1.00,1,2.00,1,3.00,2.00,1,2.00,0.00,0.00,2.00,1,3.00,2.00,0.00,0.00,,985,18,79.63,79.63,89.29,89.29,85.90,85.90,83.33,83.33,100.00,100.00
Cyprus,CYP,20200619,,,,,,,,,,,,,,,,,,,,,,,,,,,,985,19,,79.63,,89.29,,85.90,,83.33,,100.00
Cyprus,CYP,20200620,,,,,,,,,,,,,,,,,,,,,,,,,,,,985,19,,79.63,,89.29,,85.90,,83.33,,100.00
Cyprus,CYP,20200621,,,,,,,,,,,,,,,,,,,,,,,,,,,,985,19,,79.63,,89.29,,85.90,,83.33,,100.00
Cyprus,CYP,20200622,,,,,,,,,,,,,,,,,,,,,,,,,,,,986,19,,79.63,,89.29,,85.90,,83.33,,100.00
Cyprus,CYP,20200623,,,,,,,,,,,,,,,,,,,,,,,,,,,,988,19,,79.63,,89.29,,85.90,,83.33,,100.00
