Colombia,COL,20200101,0.00,,0.00,,0.00,,0.00,,0.00,,0.00,,0.00,,0.00,0.00,,0.00,0.00,0.00,0.00,,0.00,0.00,0.00,0.00,,,,0.00,0.00,0.00,0.00,0.00,0.00,0.00,0.00,0.00,0.00
Colombia,COL,20200102,0.00,,0.00,,0.00,,0.00,,0.00,,0.00,,0.00,,0.00,0.00,,0.00,0.00,0.00,0.00,,0.00,0.00,0.00,0.00,,,,0.00,0.00,0.00,0.00,0.00,0.00,0.00,0.00,0.00,0.00
Colombia,COL,20200103,0.00,,0.00,,0.00,,0.00,,0.00,,0.00,,0.00,,0.00,0.00,,0.00,0.00,0.00,0.00,,0.00,0.00,0.00,0.00,,,,0.00,0.00,0.00,0.00,0.00,0.00,0.00,0.00,0.00,0.00
Colombia,COL,20200104,0.00,,0.00,,0.00,,0.00,,0.00,,0.00,,0.00,,0.00,0.00,,0.00,0.00,0.00,0.00,,0.00,0.00,0.00,0.00,,,,0.00,0.00,0.00,0.00,0.00,0.00,0.00,0.00,0.00,0.00
Colombia,COL,20200105,0.00,,0.00,,0.00,,0.00,,0.00,,0.00,,0.00,,0.00,0.00,,0.00,0.00,0.00,0.00,,0.00,0.00,0.00,0.00,,,,0.00,0.00,0.00,0.00,0.00,0.00,0.00,0.00,0.00,0.00
Colombia,COL,20200106,0.00,,0.00,,0.00,,0.00,,0.00,,0.00,,0.00,,0.00,0.00,,0.00,0.00,0.00,0.00,,0.00,0.00,0.00,0.00,,,,0.00,0.00,0.00,0.00,0.00,0.00,0.00,0.00,0.00,0.00
Colombia,COL,20200107,0.00,,0.00,,0.00,,0.00,,0.00,,0.00,,0.00,,0.00,0.00,,0.00,0.00,0.00,0.00,,0.00,0.00,0.00,0.00,,,,0.00,0.00,0.00,0.00,0.00,0.00,0.00,0.00,0.00,0.00
Colombia,COL,20200108,0.00,,0.00,,0.00,,0.00,,0.00,,0.00,,0.00,,0.00,0.00,,0.00,0.00,0.00,0.00,,0.00,0.00,0.00,0.00,,,,0.00,0.00,0.00,0.00,0.00,0.00,0.00,0.00,0.00,0.00
Colombia,COL,20200109,0.00,,0.00,,0.00,,0.00,,0.00,,0.00,,0.00,,0.00,0.00,,0.00,0.00,0.00,0.00,,0.00,0.00,0.00,0.00,,,,0.00,0.00,0.00,0.00,0.00,0.00,0.00,0.00,0.00,0.00
Colombia,COL,20200110,0.00,,0.00,,0.00,,0.00,,0.00,,0.00,,0.00,,0.00,0.00,,0.00,0.00,0.00,0.00,,0.00,0.00,0.00,0.00,,,,0.00,0.00,0.00,0.00,0.00,0.00,0.00,0.00,0.00,0.00
Colombia,COL,20200111,0.00,,0.00,,0.00,,0.00,,0.00,,0.00,,0.00,,0.00,0.00,,0.00,0.00,0.00,0.00,,0.00,0.00,0.00,0.00,,,,0.00,0.00,0.00,0.00,0.00,0.00,0.00,0.00,0.00,0.00
Colombia,COL,20200112,0.00,,0.00,,0.00,,0.00,,0.00,,0.00,,0.00,,0.00,0.00,,0.00,0.00,0.00,0.00,,0.00,0.00,0.00,0.00,,,,0.00,0.00,0.00,0.00,0.00,0.00,0.00,0.00,0.00,0.00
Colombia,COL,20200113,0.00,,0.00,,0.00,,0.00,,0.00,,0.00,,0.00,,0.00,0.00,,0.00,0.00,0.00,0.00,,0.00,0.00,0.00,0.00,,,,0.00,0.00,0.00,0.00,0.00,0.00,0.00,0.00,0.00,0.00
Colombia,COL,20200114,0.00,,0.00,,0.00,,0.00,,0.00,,0.00,,0.00,,0.00,0.00,,0.00,0.00,0.00,0.00,,0.00,0.00,0.00,0.00,,,,0.00,0.00,0.00,0.00,0.00,0.00,0.00,0.00,0.00,0.00
Colombia,COL,20200115,0.00,,0.00,,0.00,,0.00,,0.00,,0.00,,0.00,,0.00,0.00,,0.00,0.00,0.00,0.00,,0.00,0.00,0.00,0.00,,,,0.00,0.00,0.00,0.00,0.00,0.00,0.00,0.00,0.00,0.00
Colombia,COL,20200116,0.00,,0.00,,0.00,,0.00,,0.00,,0.00,,0.00,,0.00,0.00,,0.00,0.00,0.00,0.00,,0.00,0.00,0.00,0.00,,,,0.00,0.00,0.00,0.00,0.00,0.00,0.00,0.00,0.00,0.00
Colombia,COL,20200117,0.00,,0.00,,0.00,,0.00,,0.00,,0.00,,0.00,,0.00,0.00,,0.00,0.00,0.00,0.00,,0.00,0.00,0.00,0.00,,,,0.00,0.00,0.00,0.00,0.00,0.00,0.00,0.00,0.00,0.00
Colombia,COL,20200118,0.00,,0.00,,0.00,,0.00,,0.00,,0.00,,0.00,,0.00,0.00,,0.00,0.00,0.00,0.00,,0.00,0.00,0.00,0.00,,,,0.00,0.00,0.00,0.00,0.00,0.00,0.00,0.00,0.00,0.00
Colombia,COL,20200119,0.00,,0.00,,0.00,,0.00,,0.00,,0.00,,0.00,,0.00,0.00,,0.00,0.00,0.00,0.00,,0.00,0.00,0.00,0.00,,,,0.00,0.00,0.00,0.00,0.00,0.00,0.00,0.00,0.00,0.00
Colombia,COL,20200120,0.00,,0.00,,0.00,,0.00,,0.00,,0.00,,0.00,,0.00,0.00,,0.00,0.00,0.00,0.00,,0.00,0.00,0.00,0.00,,,,0.00,0.00,0.00,0.00,0.00,0.00,0.00,0.00,0.00,0.00
Colombia,COL,20200121,0.00,,0.00,,0.00,,0.00,,0.00,,0.00,,0.00,,0.00,0.00,,0.00,0.00,0.00,2.00,0,0.00,0.00,0.00,0.00,,,,8.33,8.33,9.52,9.52,5.77,5.77,6.82,6.82,0.00,0.00
Colombia,COL,20200122,0.00,,0.00,,0.00,,0.00,,0.00,,0.00,,0.00,,0.00,0.00,,0.00,0.00,0.00,2.00,0,0.00,0.00,0.00,0.00,,,,8.33,8.33,9.52,9.52,5.77,5.77,6.82,6.82,0.00,0.00
Colombia,COL,20200123,0.00,,0.00,,0.00,,0.00,,0.00,,0.00,,0.00,,0.00,0.00,,0.00,0.00,0.00,2.00,0,0.00,0.00,0.00,0.00,,,,8.33,8.33,9.52,9.52,5.77,5.77,6.82,6.82,0.00,0.00
Colombia,COL,20200124,0.00,,0.00,,0.00,,0.00,,0.00,,0.00,,0.00,,0.00,0.00,,0.00,0.00,0.00,2.00,0,0.00,0.00,0.00,0.00,,,,8.33,8.33,9.52,9.52,5.77,5.77,6.82,6.82,0.00,0.00
Colombia,COL,20200125,0.00,,0.00,,0.00,,0.00,,0.00,,0.00,,0.00,,0.00,0.00,,0.00,0.00,0.00,2.00,0,0.00,0.00,0.00,0.00,,,,8.33,8.33,9.52,9.52,5.77,5.77,6.82,6.82,0.00,0.00
Colombia,COL,20200126,0.00,,0.00,,0.00,,0.00,,0.00,,0.00,,0.00,,0.00,0.00,,0.00,0.00,0.00,2.00,0,0.00,0.00,0.00,0.00,,,,8.33,8.33,9.52,9.52,5.77,5.77,6.82,6.82,0.00,0.00
Colombia,COL,20200127,0.00,,0.00,,0.00,,0.00,,0.00,,0.00,,0.00,,0.00,0.00,,0.00,0.00,0.00,2.00,0,0.00,0.00,0.00,0.00,,,,8.33,8.33,9.52,9.52,5.77,5.77,6.82,6.82,0.00,0.00
Colombia,COL,20200128,0.00,,0.00,,0.00,,0.00,,0.00,,0.00,,0.00,,0.00,0.00,,0.00,0.00,0.00,2.00,0,0.00,0.00,0.00,0.00,,,,8.33,8.33,9.52,9.52,5.77,5.77,6.82,6.82,0.00,0.00
Colombia,COL,20200129,0.00,,0.00,,0.00,,0.00,,0.00,,0.00,,0.00,,0.00,0.00,,0.00,0.00,0.00,2.00,0,0.00,0.00,0.00,0.00,,,,8.33,8.33,9.52,9.52,5.77,5.77,6.82,6.82,0.00,0.00
Colombia,COL,20200130,0.00,,0.00,,0.00,,0.00,,0.00,,0.00,,0.00,,0.00,0.00,,0.00,0.00,0.00,2.00,0,0.00,0.00,0.00,0.00,,,,8.33,8.33,9.52,9.52,5.77,5.77,6.82,6.82,0.00,0.00
Colombia,COL,20200131,0.00,,0.00,,0.00,,0.00,,0.00,,0.00,,0.00,,0.00,0.00,,0.00,0.00,0.00,2.00,0,2.00,0.00,0.00,0.00,,,,8.33,8.33,9.52,9.52,10.90,10.90,12.88,12.88,0.00,0.00
Colombia,COL,20200201,0.00,,0.00,,0.00,,0.00,,0.00,,0.00,,0.00,,0.00,0.00,,0.00,0.00,0.00,2.00,0,2.00,0.00,0.00,0.00,,,,8.33,8.33,9.52,9.52,10.90,10.90,12.88,12.88,0.00,0.00
Colombia,COL,20200202,0.00,,0.00,,0.00,,0.00,,0.00,,0.00,,0.00,,0.00,0.00,,0.00,0.00,0.00,2.00,0,2.00,0.00,0.00,0.00,,,,8.33,8.33,9.52,9.52,10.90,10.90,12.88,12.88,0.00,0.00
Colombia,COL,20200203,0.00,,0.00,,0.00,,0.00,,0.00,,0.00,,0.00,,0.00,0.00,,0.00,0.00,0.00,2.00,0,2.00,0.00,0.00,0.00,,,,8.33,8.33,9.52,9.52,10.90,10.90,12.88,12.88,0.00,0.00
Colombia,COL,20200204,0.00,,0.00,,0.00,,0.00,,0.00,,0.00,,0.00,,0.00,0.00,,0.00,0.00,0.00,2.00,0,2.00,0.00,0.00,0.00,,,,8.33,8.33,9.52,9.52,10.90,10.90,12.88,12.88,0.00,0.00
Colombia,COL,20200205,0.00,,0.00,,0.00,,0.00,,0.00,,0.00,,0.00,,0.00,0.00,,0.00,0.00,0.00,2.00,0,2.00,0.00,0.00,0.00,,,,8.33,8.33,9.52,9.52,10.90,10.90,12.88,12.88,0.00,0.00
Colombia,COL,20200206,0.00,,0.00,,0.00,,0.00,,0.00,,0.00,,0.00,,0.00,0.00,,0.00,0.00,0.00,2.00,0,2.00,0.00,0.00,0.00,,,,8.33,8.33,9.52,9.52,10.90,10.90,12.88,12.88,0.00,0.00
Colombia,COL,20200207,0.00,,0.00,,0.00,,0.00,,0.00,,0.00,,0.00,,0.00,0.00,,0.00,0.00,0.00,2.00,0,2.00,0.00,0.00,0.00,,,,8.33,8.33,9.52,9.52,10.90,10.90,12.88,12.88,0.00,0.00
Colombia,COL,20200208,0.00,,0.00,,0.00,,0.00,,0.00,,0.00,,0.00,,0.00,0.00,,0.00,0.00,0.00,2.00,0,2.00,0.00,0.00,0.00,,,,8.33,8.33,9.52,9.52,10.90,10.90,12.88,12.88,0.00,0.00
Colombia,COL,20200209,0.00,,0.00,,0.00,,0.00,,0.00,,0.00,,0.00,,0.00,0.00,,0.00,0.00,0.00,2.00,0,2.00,0.00,0.00,0.00,,,,8.33,8.33,9.52,9.52,10.90,10.90,12.88,12.88,0.00,0.00
Colombia,COL,20200210,0.00,,0.00,,0.00,,0.00,,0.00,,0.00,,0.00,,0.00,0.00,,0.00,0.00,0.00,2.00,0,2.00,0.00,0.00,0.00,,,,8.33,8.33,9.52,9.52,10.90,10.90,12.88,12.88,0.00,0.00
Colombia,COL,20200211,0.00,,0.00,,0.00,,0.00,,0.00,,0.00,,0.00,,0.00,0.00,,0.00,0.00,0.00,2.00,0,2.00,0.00,0.00,0.00,,,,8.33,8.33,9.52,9.52,10.90,10.90,12.88,12.88,0.00,0.00
Colombia,COL,20200212,0.00,,0.00,,0.00,,0.00,,0.00,,0.00,,0.00,,0.00,0.00,,0.00,0.00,0.00,2.00,0,2.00,0.00,0.00,0.00,,,,8.33,8.33,9.52,9.52,10.90,10.90,12.88,12.88,0.00,0.00
Colombia,COL,20200213,0.00,,0.00,,0.00,,0.00,,0.00,,0.00,,0.00,,0.00,0.00,,0.00,0.00,0.00,2.00,0,2.00,0.00,0.00,0.00,,,,8.33,8.33,9.52,9.52,10.90,10.90,12.88,12.88,0.00,0.00
Colombia,COL,20200214,0.00,,0.00,,0.00,,0.00,,0.00,,0.00,,0.00,,0.00,0.00,,0.00,0.00,0.00,2.00,0,2.00,0.00,0.00,0.00,,,,8.33,8.33,9.52,9.52,10.90,10.90,12.88,12.88,0.00,0.00
Colombia,COL,20200215,0.00,,0.00,,0.00,,0.00,,0.00,,0.00,,0.00,,0.00,0.00,,0.00,0.00,0.00,2.00,0,2.00,0.00,0.00,0.00,,,,8.33,8.33,9.52,9.52,10.90,10.90,12.88,12.88,0.00,0.00
Colombia,COL,20200216,0.00,,0.00,,0.00,,0.00,,0.00,,0.00,,0.00,,0.00,0.00,,0.00,0.00,0.00,2.00,0,2.00,0.00,0.00,0.00,,,,8.33,8.33,9.52,9.52,10.90,10.90,12.88,12.88,0.00,0.00
Colombia,COL,20200217,0.00,,0.00,,0.00,,0.00,,0.00,,0.00,,0.00,,0.00,0.00,,0.00,0.00,0.00,2.00,0,2.00,0.00,0.00,0.00,,,,8.33,8.33,9.52,9.52,10.90,10.90,12.88,12.88,0.00,0.00
Colombia,COL,20200218,0.00,,0.00,,0.00,,0.00,,0.00,,0.00,,0.00,,0.00,0.00,,0.00,0.00,0.00,2.00,0,2.00,0.00,0.00,0.00,,,,8.33,8.33,9.52,9.52,10.90,10.90,12.88,12.88,0.00,0.00
Colombia,COL,20200219,0.00,,0.00,,0.00,,0.00,,0.00,,0.00,,0.00,,0.00,0.00,,0.00,0.00,0.00,2.00,0,2.00,0.00,0.00,0.00,,,,8.33,8.33,9.52,9.52,10.90,10.90,12.88,12.88,0.00,0.00
Colombia,COL,20200220,0.00,,0.00,,0.00,,0.00,,0.00,,0.00,,0.00,,0.00,0.00,,0.00,0.00,0.00,2.00,0,2.00,0.00,0.00,0.00,,,,8.33,8.33,9.52,9.52,10.90,10.90,12.88,12.88,0.00,0.00
Colombia,COL,20200221,0.00,,0.00,,0.00,,0.00,,0.00,,0.00,,0.00,,0.00,0.00,,0.00,0.00,0.00,2.00,0,2.00,0.00,0.00,0.00,,,,8.33,8.33,9.52,9.52,10.90,10.90,12.88,12.88,0.00,0.00
Colombia,COL,20200222,0.00,,0.00,,0.00,,0.00,,0.00,,0.00,,0.00,,0.00,0.00,,0.00,0.00,0.00,2.00,0,2.00,0.00,0.00,0.00,,,,8.33,8.33,9.52,9.52,10.90,10.90,12.88,12.88,0.00,0.00
Colombia,COL,20200223,0.00,,0.00,,0.00,,0.00,,0.00,,0.00,,0.00,,0.00,0.00,,0.00,0.00,0.00,2.00,0,2.00,0.00,0.00,0.00,,,,8.33,8.33,9.52,9.52,10.90,10.90,12.88,12.88,0.00,0.00
Colombia,COL,20200224,0.00,,1.00,1,0.00,,0.00,,0.00,,0.00,,0.00,,0.00,0.00,,0.00,0.00,0.00,2.00,0,2.00,0.00,0.00,0.00,,,,12.04,12.04,16.67,16.67,13.46,13.46,15.91,15.91,0.00,0.00
Colombia,COL,20200225,0.00,,1.00,1,0.00,,0.00,,0.00,,0.00,,0.00,,0.00,0.00,,0.00,0.00,0.00,2.00,0,2.00,0.00,0.00,0.00,,,,12.04,12.04,16.67,16.67,13.46,13.46,15.91,15.91,0.00,0.00
Colombia,COL,20200226,0.00,,1.00,1,0.00,,0.00,,0.00,,0.00,,0.00,,0.00,0.00,,0.00,0.00,0.00,2.00,0,2.00,0.00,0.00,0.00,,,,12.04,12.04,16.67,16.67,13.46,13.46,15.91,15.91,0.00,0.00
Colombia,COL,20200227,0.00,,1.00,1,0.00,,0.00,,0.00,,0.00,,0.00,,0.00,0.00,,0.00,0.00,0.00,2.00,0,2.00,0.00,0.00,0.00,,,,12.04,12.04,16.67,16.67,13.46,13.46,15.91,15.91,0.00,0.00
Colombia,COL,20200228,0.00,,1.00,1,0.00,,0.00,,0.00,,0.00,,0.00,,0.00,0.00,,0.00,0.00,0.00,2.00,0,2.00,0.00,0.00,0.00,,,,12.04,12.04,16.67,16.67,13.46,13.46,15.91,15.91,0.00,0.00
Colombia,COL,20200229,0.00,,1.00,1,0.00,,0.00,,0.00,,0.00,,0.00,,0.00,0.00,,0.00,0.00,0.00,2.00,0,2.00,0.00,0.00,0.00,,,,12.04,12.04,16.67,16.67,13.46,13.46,15.91,15.91,0.00,0.00
Colombia,COL,20200301,0.00,,1.00,1,0.00,,0.00,,0.00,,0.00,,0.00,,0.00,0.00,,0.00,0.00,0.00,2.00,0,2.00,0.00,0.00,0.00,,,,12.04,12.04,16.67,16.67,13.46,13.46,15.91,15.91,0.00,0.00
Colombia,COL,20200302,0.00,,1.00,1,0.00,,0.00,,0.00,,0.00,,0.00,,0.00,0.00,,0.00,0.00,0.00,2.00,0,2.00,0.00,0.00,0.00,,,,12.04,12.04,16.67,16.67,13.46,13.46,15.91,15.91,0.00,0.00
Colombia,COL,20200303,0.00,,1.00,1,0.00,,0.00,,0.00,,0.00,,0.00,,0.00,0.00,,0.00,0.00,0.00,2.00,0,2.00,0.00,0.00,0.00,,,,12.04,12.04,16.67,16.67,13.46,13.46,15.91,15.91,0.00,0.00
Colombia,COL,20200304,0.00,,1.00,1,0.00,,0.00,,0.00,,0.00,,0.00,,0.00,0.00,,0.00,0.00,0.00,2.00,0,2.00,0.00,0.00,0.00,,,,12.04,12.04,16.67,16.67,13.46,13.46,15.91,15.91,0.00,0.00
Colombia,COL,20200305,0.00,,1.00,1,0.00,,0.00,,0.00,,0.00,,0.00,,0.00,0.00,,0.00,0.00,0.00,2.00,0,2.00,0.00,0.00,0.00,,,,12.04,12.04,16.67,16.67,13.46,13.46,15.91,15.91,0.00,0.00
Colombia,COL,20200306,0.00,,1.00,1,0.00,,0.00,,0.00,,0.00,,0.00,,0.00,0.00,,0.00,0.00,0.00,2.00,0,2.00,0.00,0.00,0.00,,,,12.04,12.04,16.67,16.67,13.46,13.46,15.91,15.91,0.00,0.00
Colombia,COL,20200307,0.00,,1.00,1,0.00,,0.00,,0.00,,0.00,,0.00,,0.00,0.00,,0.00,0.00,0.00,2.00,0,2.00,0.00,0.00,0.00,,1,0,12.04,12.04,16.67,16.67,13.46,13.46,15.91,15.91,0.00,0.00
Colombia,COL,20200308,0.00,,1.00,1,0.00,,0.00,,0.00,,0.00,,0.00,,0.00,0.00,,0.00,0.00,0.00,2.00,0,2.00,0.00,0.00,0.00,,,,12.04,12.04,16.67,16.67,13.46,13.46,15.91,15.91,0.00,0.00
Colombia,COL,20200309,0.00,,1.00,1,0.00,,0.00,,0.00,,0.00,,0.00,,0.00,0.00,,0.00,0.00,0.00,2.00,1,2.00,0.00,0.00,0.00,,,,14.81,14.81,21.43,21.43,15.38,15.38,18.18,18.18,0.00,0.00
Colombia,COL,20200310,0.00,,1.00,1,0.00,,0.00,,0.00,,0.00,,0.00,,0.00,0.00,,0.00,0.00,0.00,2.00,1,2.00,0.00,0.00,0.00,,3,0,14.81,14.81,21.43,21.43,15.38,15.38,18.18,18.18,0.00,0.00
Colombia,COL,20200311,0.00,,1.00,1,0.00,,0.00,,0.00,,0.00,,0.00,,0.00,0.00,,0.00,0.00,0.00,2.00,1,2.00,0.00,0.00,0.00,,,,14.81,14.81,21.43,21.43,15.38,15.38,18.18,18.18,0.00,0.00
Colombia,COL,20200312,0.00,,1.00,1,2.00,0,2.00,1,0.00,,0.00,,0.00,,2.00,0.00,,0.00,0.00,0.00,2.00,1,2.00,0.00,0.00,0.00,,9,0,34.26,34.26,38.10,38.10,28.85,28.85,34.09,34.09,0.00,0.00
Colombia,COL,20200313,0.00,,1.00,1,2.00,0,2.00,1,0.00,,0.00,,0.00,,2.00,0.00,,0.00,0.00,0.00,2.00,1,2.00,0.00,0.00,0.00,,,,34.26,34.26,38.10,38.10,28.85,28.85,34.09,34.09,0.00,0.00
Colombia,COL,20200314,0.00,,1.00,1,2.00,0,2.00,1,0.00,,0.00,,0.00,,2.00,0.00,,0.00,0.00,0.00,2.00,1,2.00,0.00,0.00,0.00,,16,0,34.26,34.26,38.10,38.10,28.85,28.85,34.09,34.09,0.00,0.00
Colombia,COL,20200315,0.00,,1.00,1,2.00,0,2.00,1,0.00,,0.00,,0.00,,2.00,0.00,,0.00,0.00,0.00,2.00,1,2.00,0.00,0.00,0.00,,34,0,34.26,34.26,38.10,38.10,28.85,28.85,34.09,34.09,0.00,0.00
Colombia,COL,20200316,3.00,1,1.00,1,2.00,0,2.00,1,0.00,,0.00,,0.00,,2.00,0.00,,0.00,0.00,0.00,2.00,1,2.00,0.00,0.00,0.00,,45,0,45.37,45.37,52.38,52.38,36.54,36.54,43.18,43.18,0.00,0.00
Colombia,COL,20200317,3.00,1,1.00,1,2.00,1,3.00,1,0.00,,0.00,,0.00,,2.00,0.00,,2.00,0.00,0.00,2.00,1,2.00,0.00,0.00,0.00,,57,0,50.93,50.93,57.14,57.14,48.08,48.08,47.73,47.73,50.00,50.00
Colombia,COL,20200318,3.00,1,1.00,1,2.00,1,3.00,1,0.00,,0.00,,0.00,,2.00,0.00,,2.00,0.00,0.00,2.00,1,2.00,0.00,0.00,0.00,,65,0,50.93,50.93,57.14,57.14,48.08,48.08,47.73,47.73,50.00,50.00
Colombia,COL,20200319,3.00,1,1.00,1,2.00,1,3.00,1,0.00,,0.00,,0.00,,2.00,0.00,,2.00,0.00,0.00,2.00,1,2.00,0.00,0.00,0.00,,102,0,50.93,50.93,57.14,57.14,48.08,48.08,47.73,47.73,50.00,50.00
Colombia,COL,20200320,3.00,1,1.00,1,2.00,1,3.00,1,0.00,,0.00,,0.00,,2.00,0.00,,2.00,0.00,0.00,2.00,1,2.00,0.00,0.00,0.00,,128,0,50.93,50.93,57.14,57.14,48.08,48.08,47.73,47.73,50.00,50.00
Colombia,COL,20200321,3.00,1,1.00,1,2.00,1,3.00,1,0.00,,0.00,,0.00,,2.00,0.00,,2.00,0.00,0.00,2.00,1,2.00,0.00,0.00,0.00,,158,0,50.93,50.93,57.14,57.14,48.08,48.08,47.73,47.73,50.00,50.00
Colombia,COL,20200322,3.00,1,1.00,1,2.00,1,3.00,1,0.00,,0.00,,0.00,,2.00,0.00,,2.00,0.00,0.00,2.00,1,2.00,0.00,0.00,0.00,,210,1,50.93,50.93,57.14,57.14,48.08,48.08,47.73,47.73,50.00,50.00
Colombia,COL,20200323,3.00,1,1.00,1,2.00,1,3.00,1,0.00,,0.00,,0.00,,3.00,0.00,,2.00,0.00,0.00,2.00,1,2.00,0.00,0.00,0.00,,235,2,53.70,53.70,60.71,60.71,50.00,50.00,50.00,50.00,50.00,50.00
Colombia,COL,20200324,3.00,1,1.00,1,2.00,1,3.00,1,0.00,,0.00,,0.00,,3.00,0.00,,2.00,0.00,0.00,2.00,1,2.00,0.00,0.00,0.00,,306,3,53.70,53.70,60.71,60.71,50.00,50.00,50.00,50.00,50.00,50.00
Colombia,COL,20200325,3.00,1,3.00,1,2.00,1,3.00,1,1.00,1,2.00,1,2.00,1,4.00,0.00,,2.00,0.00,0.00,2.00,1,2.00,0.00,0.00,0.00,,378,3,87.96,87.96,95.24,95.24,73.72,73.72,78.03,78.03,50.00,50.00
Colombia,COL,20200326,3.00,1,3.00,1,2.00,1,3.00,1,1.00,1,2.00,1,2.00,1,4.00,0.00,,2.00,0.00,0.00,2.00,1,2.00,1.00,0.00,0.00,,470,4,87.96,87.96,95.24,95.24,77.56,77.56,82.58,82.58,50.00,50.00
Colombia,COL,20200327,3.00,1,3.00,1,2.00,1,3.00,1,1.00,1,2.00,1,2.00,1,4.00,0.00,,2.00,17000000000.00,0.00,2.00,1,2.00,1.00,0.00,0.00,,491,6,87.96,87.96,95.24,95.24,77.56,77.56,82.58,82.58,50.00,50.00
Colombia,COL,20200328,3.00,1,3.00,1,2.00,1,3.00,1,1.00,1,2.00,1,2.00,1,4.00,0.00,,2.00,0.00,0.00,2.00,1,2.00,1.00,0.00,0.00,,539,6,87.96,87.96,95.24,95.24,77.56,77.56,82.58,82.58,50.00,50.00
Colombia,COL,20200329,3.00,1,3.00,1,2.00,1,3.00,1,1.00,1,2.00,1,2.00,1,4.00,0.00,,2.00,0.00,0.00,2.00,1,2.00,1.00,0.00,0.00,,608,6,87.96,87.96,95.24,95.24,77.56,77.56,82.58,82.58,50.00,50.00
Colombia,COL,20200330,3.00,1,3.00,1,2.00,1,3.00,1,1.00,1,2.00,1,2.00,1,4.00,0.00,,2.00,0.00,0.00,2.00,1,2.00,1.00,0.00,0.00,,702,10,87.96,87.96,95.24,95.24,77.56,77.56,82.58,82.58,50.00,50.00
Colombia,COL,20200331,3.00,1,3.00,1,2.00,1,3.00,1,1.00,1,2.00,1,2.00,1,4.00,0.00,,2.00,0.00,0.00,2.00,1,2.00,1.00,0.00,0.00,,798,14,87.96,87.96,95.24,95.24,77.56,77.56,82.58,82.58,50.00,50.00
Colombia,COL,20200401,3.00,1,3.00,1,2.00,1,3.00,1,1.00,1,2.00,1,2.00,1,4.00,0.00,,2.00,0.00,0.00,2.00,1,2.00,1.00,0.00,0.00,,906,16,87.96,87.96,95.24,95.24,77.56,77.56,82.58,82.58,50.00,50.00
Colombia,COL,20200402,3.00,1,3.00,1,2.00,1,3.00,1,1.00,1,2.00,1,2.00,1,4.00,0.00,,2.00,0.00,0.00,2.00,1,2.00,1.00,0.00,0.00,,1065,17,87.96,87.96,95.24,95.24,77.56,77.56,82.58,82.58,50.00,50.00
Colombia,COL,20200403,3.00,1,3.00,1,2.00,1,3.00,1,1.00,1,2.00,1,2.00,1,4.00,0.00,,2.00,0.00,0.00,2.00,1,2.00,2.00,0.00,0.00,,1161,19,87.96,87.96,95.24,95.24,81.41,81.41,87.12,87.12,50.00,50.00
Colombia,COL,20200404,3.00,1,3.00,1,2.00,1,3.00,1,1.00,1,2.00,1,2.00,1,4.00,0.00,,2.00,7429659624.00,0.00,2.00,1,2.00,2.00,0.00,0.00,,1267,25,87.96,87.96,95.24,95.24,81.41,81.41,87.12,87.12,50.00,50.00
Colombia,COL,20200405,3.00,1,3.00,1,2.00,1,3.00,1,1.00,1,2.00,1,2.00,1,4.00,0.00,,2.00,0.00,0.00,2.00,1,2.00,2.00,0.00,0.00,,1406,32,87.96,87.96,95.24,95.24,81.41,81.41,87.12,87.12,50.00,50.00
Colombia,COL,20200406,3.00,1,3.00,1,2.00,1,3.00,1,1.00,1,2.00,1,2.00,1,4.00,0.00,,2.00,0.00,0.00,2.00,1,2.00,2.00,0.00,0.00,,1485,35,87.96,87.96,95.24,95.24,81.41,81.41,87.12,87.12,50.00,50.00
Colombia,COL,20200407,3.00,1,3.00,1,2.00,1,3.00,1,1.00,1,2.00,1,2.00,1,4.00,1.00,1,2.00,0.00,0.00,2.00,1,2.00,2.00,0.00,0.00,,1579,46,87.96,87.96,95.24,95.24,85.26,85.26,87.12,87.12,75.00,75.00
Colombia,COL,20200408,3.00,1,3.00,1,2.00,1,3.00,1,1.00,1,2.00,1,2.00,1,4.00,1.00,1,2.00,0.00,0.00,2.00,1,2.00,2.00,0.00,0.00,,1780,50,87.96,87.96,95.24,95.24,85.26,85.26,87.12,87.12,75.00,75.00
Colombia,COL,20200409,3.00,1,3.00,1,2.00,1,3.00,1,1.00,1,2.00,1,2.00,1,4.00,1.00,1,2.00,0.00,0.00,2.00,1,2.00,2.00,0.00,0.00,,2054,55,87.96,87.96,95.24,95.24,85.26,85.26,87.12,87.12,75.00,75.00
Colombia,COL,20200410,3.00,1,3.00,1,2.00,1,3.00,1,1.00,1,2.00,1,2.00,1,4.00,1.00,1,2.00,0.00,0.00,2.00,1,2.00,2.00,0.00,0.00,,2223,69,87.96,87.96,95.24,95.24,85.26,85.26,87.12,87.12,75.00,75.00
Colombia,COL,20200411,3.00,1,3.00,1,2.00,1,3.00,1,1.00,1,2.00,1,2.00,1,4.00,1.00,1,2.00,0.00,0.00,2.00,1,2.00,2.00,0.00,0.00,,2473,80,87.96,87.96,95.24,95.24,85.26,85.26,87.12,87.12,75.00,75.00
Colombia,COL,20200412,3.00,1,3.00,1,2.00,1,3.00,1,1.00,1,2.00,1,2.00,1,4.00,1.00,1,2.00,0.00,0.00,2.00,1,2.00,2.00,,0.00,,2709,100,87.96,87.96,95.24,95.24,85.26,85.26,87.12,87.12,75.00,75.00
Colombia,COL,20200413,3.00,1,3.00,1,2.00,1,3.00,1,1.00,1,2.00,1,2.00,1,4.00,1.00,1,2.00,0.00,0.00,2.00,1,2.00,2.00,0.00,0.00,,2776,109,87.96,87.96,95.24,95.24,85.26,85.26,87.12,87.12,75.00,75.00
Colombia,COL,20200414,3.00,1,2.00,1,2.00,1,3.00,1,1.00,1,2.00,1,2.00,1,4.00,1.00,1,2.00,0.00,0.00,2.00,1,2.00,2.00,0.00,0.00,,2852,112,84.26,84.26,91.67,91.67,82.69,82.69,84.09,84.09,75.00,75.00
Colombia,COL,20200415,3.00,1,2.00,1,2.00,1,3.00,1,1.00,1,2.00,1,2.00,1,4.00,1.00,1,2.00,0.00,0.00,2.00,1,2.00,2.00,0.00,0.00,,2979,127,84.26,84.26,91.67,91.67,82.69,82.69,84.09,84.09,75.00,75.00
Colombia,COL,20200416,3.00,1,2.00,1,2.00,1,3.00,1,1.00,1,2.00,1,2.00,1,4.00,1.00,1,2.00,0.00,0.00,2.00,1,2.00,2.00,0.00,0.00,,3105,131,84.26,84.26,91.67,91.67,82.69,82.69,84.09,84.09,75.00,75.00
Colombia,COL,20200417,3.00,1,2.00,1,2.00,1,3.00,1,1.00,1,2.00,1,2.00,1,4.00,1.00,1,2.00,0.00,0.00,2.00,1,2.00,2.00,0.00,0.00,,3233,144,84.26,84.26,91.67,91.67,82.69,82.69,84.09,84.09,75.00,75.00
Colombia,COL,20200418,3.00,1,2.00,1,2.00,1,3.00,1,1.00,1,2.00,1,2.00,1,4.00,1.00,1,2.00,0.00,0.00,2.00,1,2.00,2.00,0.00,0.00,,3439,153,84.26,84.26,91.67,91.67,82.69,82.69,84.09,84.09,75.00,75.00
Colombia,COL,20200419,3.00,1,2.00,1,2.00,1,3.00,1,1.00,1,2.00,1,2.00,1,4.00,1.00,1,2.00,0.00,0.00,2.00,1,2.00,2.00,0.00,0.00,,3621,166,84.26,84.26,91.67,91.67,82.69,82.69,84.09,84.09,75.00,75.00
Colombia,COL,20200420,3.00,1,2.00,1,2.00,1,3.00,1,1.00,1,2.00,1,2.00,1,4.00,1.00,1,2.00,0.00,0.00,2.00,1,2.00,2.00,0.00,0.00,,3792,179,84.26,84.26,91.67,91.67,82.69,82.69,84.09,84.09,75.00,75.00
Colombia,COL,20200421,3.00,1,2.00,1,2.00,1,3.00,1,1.00,1,2.00,1,2.00,1,4.00,1.00,1,2.00,0.00,0.00,2.00,1,2.00,2.00,0.00,0.00,,3977,189,84.26,84.26,91.67,91.67,82.69,82.69,84.09,84.09,75.00,75.00
Colombia,COL,20200422,3.00,1,2.00,1,2.00,1,3.00,1,1.00,1,2.00,1,2.00,1,4.00,1.00,1,2.00,0.00,0.00,2.00,1,2.00,2.00,0.00,0.00,,4149,196,84.26,84.26,91.67,91.67,82.69,82.69,84.09,84.09,75.00,75.00
Colombia,COL,20200423,3.00,1,2.00,1,2.00,1,3.00,1,1.00,1,2.00,1,2.00,1,4.00,1.00,1,2.00,0.00,0.00,2.00,1,2.00,2.00,0.00,0.00,,4356,206,84.26,84.26,91.67,91.67,82.69,82.69,84.09,84.09,75.00,75.00
Colombia,COL,20200424,3.00,1,2.00,1,2.00,1,4.00,1,1.00,1,2.00,1,2.00,1,4.00,1.00,1,2.00,0.00,0.00,2.00,1,2.00,2.00,0.00,0.00,,4561,215,87.04,87.04,91.67,91.67,84.62,84.62,86.36,86.36,75.00,75.00
Colombia,COL,20200425,3.00,1,2.00,1,2.00,1,4.00,1,1.00,1,2.00,1,2.00,1,4.00,1.00,1,2.00,0.00,0.00,2.00,1,2.00,2.00,0.00,0.00,,4881,225,87.04,87.04,91.67,91.67,84.62,84.62,86.36,86.36,75.00,75.00
Colombia,COL,20200426,3.00,1,2.00,1,2.00,1,4.00,1,1.00,1,2.00,1,2.00,1,4.00,1.00,1,2.00,0.00,0.00,2.00,1,2.00,2.00,0.00,0.00,,5142,233,87.04,87.04,91.67,91.67,84.62,84.62,86.36,86.36,75.00,75.00
Colombia,COL,20200427,3.00,1,3.00,1,2.00,1,4.00,1,1.00,1,2.00,1,2.00,1,4.00,1.00,1,2.00,0.00,0.00,2.00,1,2.00,2.00,0.00,0.00,,5379,243,90.74,90.74,95.24,95.24,87.18,87.18,89.39,89.39,75.00,75.00
Colombia,COL,20200428,3.00,1,3.00,1,2.00,1,4.00,1,1.00,1,2.00,1,2.00,1,4.00,1.00,1,2.00,0.00,0.00,2.00,1,2.00,2.00,0.00,0.00,,5597,253,90.74,90.74,95.24,95.24,87.18,87.18,89.39,89.39,75.00,75.00
Colombia,COL,20200429,3.00,1,3.00,1,2.00,1,4.00,1,1.00,1,2.00,1,2.00,1,4.00,1.00,1,2.00,0.00,0.00,2.00,1,2.00,2.00,0.00,0.00,,5949,269,90.74,90.74,95.24,95.24,87.18,87.18,89.39,89.39,75.00,75.00
Colombia,COL,20200430,3.00,1,3.00,1,2.00,1,4.00,1,1.00,1,2.00,1,2.00,1,4.00,1.00,1,2.00,0.00,0.00,2.00,1,2.00,2.00,0.00,0.00,,6211,278,90.74,90.74,95.24,95.24,87.18,87.18,89.39,89.39,75.00,75.00
Colombia,COL,20200501,3.00,1,3.00,1,2.00,1,4.00,1,1.00,1,2.00,1,2.00,1,4.00,1.00,1,2.00,0.00,0.00,2.00,1,2.00,2.00,0.00,0.00,,6507,293,90.74,90.74,95.24,95.24,87.18,87.18,89.39,89.39,75.00,75.00
Colombia,COL,20200502,3.00,1,3.00,1,2.00,1,4.00,1,1.00,1,2.00,1,2.00,1,4.00,1.00,1,2.00,0.00,0.00,2.00,1,2.00,2.00,0.00,0.00,,7006,314,90.74,90.74,95.24,95.24,87.18,87.18,89.39,89.39,75.00,75.00
Colombia,COL,20200503,3.00,1,3.00,1,2.00,1,4.00,1,1.00,1,2.00,1,2.00,1,4.00,1.00,1,2.00,0.00,0.00,2.00,1,2.00,2.00,0.00,0.00,,7285,324,90.74,90.74,95.24,95.24,87.18,87.18,89.39,89.39,75.00,75.00
Colombia,COL,20200504,3.00,1,3.00,1,2.00,1,4.00,1,1.00,1,2.00,1,2.00,1,4.00,1.00,1,2.00,0.00,0.00,2.00,1,2.00,2.00,0.00,0.00,,7668,340,90.74,90.74,95.24,95.24,87.18,87.18,89.39,89.39,75.00,75.00
Colombia,COL,20200505,3.00,1,3.00,1,2.00,1,4.00,1,1.00,1,2.00,1,2.00,1,4.00,1.00,1,2.00,0.00,0.00,2.00,1,2.00,2.00,0.00,0.00,,7973,358,90.74,90.74,95.24,95.24,87.18,87.18,89.39,89.39,75.00,75.00
Colombia,COL,20200506,3.00,1,2.00,1,2.00,1,4.00,1,1.00,1,2.00,1,2.00,1,4.00,1.00,1,2.00,0.00,0.00,2.00,1,2.00,2.00,0.00,0.00,,8613,378,87.04,87.04,91.67,91.67,84.62,84.62,86.36,86.36,75.00,75.00
Colombia,COL,20200507,3.00,1,2.00,1,2.00,1,4.00,1,1.00,1,2.00,1,2.00,1,4.00,1.00,1,2.00,0.00,0.00,2.00,1,2.00,2.00,0.00,0.00,,8959,397,87.04,87.04,91.67,91.67,84.62,84.62,86.36,86.36,75.00,75.00
Colombia,COL,20200508,3.00,1,2.00,1,2.00,1,4.00,1,1.00,1,2.00,1,2.00,1,4.00,1.00,1,2.00,0.00,0.00,2.00,1,2.00,2.00,0.00,0.00,,9456,407,87.04,87.04,91.67,91.67,84.62,84.62,86.36,86.36,75.00,75.00
Colombia,COL,20200509,3.00,1,2.00,1,2.00,1,4.00,1,1.00,1,2.00,1,2.00,1,4.00,1.00,1,2.00,0.00,0.00,2.00,1,2.00,2.00,0.00,0.00,,10051,428,87.04,87.04,91.67,91.67,84.62,84.62,86.36,86.36,75.00,75.00
Colombia,COL,20200510,3.00,1,2.00,1,2.00,1,4.00,1,1.00,1,2.00,1,2.00,1,4.00,1.00,1,2.00,0.00,0.00,2.00,1,2.00,2.00,0.00,0.00,,10495,445,87.04,87.04,91.67,91.67,84.62,84.62,86.36,86.36,75.00,75.00
Colombia,COL,20200511,3.00,1,2.00,1,2.00,1,4.00,1,1.00,1,2.00,1,2.00,1,4.00,1.00,1,2.00,0.00,0.00,2.00,1,2.00,2.00,6152881698.00,0.00,,11063,463,87.04,87.04,91.67,91.67,84.62,84.62,86.36,86.36,75.00,75.00
Colombia,COL,20200512,3.00,1,2.00,1,2.00,1,4.00,1,1.00,1,2.00,1,2.00,1,4.00,1.00,1,2.00,0.00,0.00,2.00,1,2.00,2.00,0.00,0.00,,11613,479,87.04,87.04,91.67,91.67,84.62,84.62,86.36,86.36,75.00,75.00
Colombia,COL,20200513,3.00,1,2.00,1,2.00,1,4.00,1,1.00,1,2.00,1,2.00,1,4.00,1.00,1,2.00,640858464.00,0.00,2.00,1,2.00,2.00,0.00,0.00,,12272,493,87.04,87.04,91.67,91.67,84.62,84.62,86.36,86.36,75.00,75.00
Colombia,COL,20200514,3.00,1,2.00,1,2.00,1,4.00,1,1.00,1,2.00,1,2.00,1,4.00,1.00,1,2.00,0.00,0.00,2.00,1,2.00,2.00,0.00,0.00,,12930,509,87.04,87.04,91.67,91.67,84.62,84.62,86.36,86.36,75.00,75.00
Colombia,COL,20200515,3.00,1,2.00,1,2.00,1,4.00,1,1.00,1,2.00,1,2.00,1,4.00,1.00,1,2.00,0.00,0.00,2.00,1,2.00,2.00,0.00,0.00,,13610,525,87.04,87.04,91.67,91.67,84.62,84.62,86.36,86.36,75.00,75.00
Colombia,COL,20200516,3.00,1,2.00,1,2.00,1,4.00,1,1.00,1,2.00,1,2.00,1,4.00,1.00,1,2.00,0.00,0.00,2.00,1,2.00,2.00,0.00,0.00,,14216,546,87.04,87.04,91.67,91.67,84.62,84.62,86.36,86.36,75.00,75.00
Colombia,COL,20200517,3.00,1,2.00,1,2.00,1,4.00,1,1.00,1,2.00,1,2.00,1,4.00,1.00,1,2.00,0.00,0.00,2.00,1,2.00,2.00,0.00,0.00,,14939,562,87.04,87.04,91.67,91.67,84.62,84.62,86.36,86.36,75.00,75.00
Colombia,COL,20200518,3.00,1,2.00,1,2.00,1,4.00,1,1.00,1,2.00,1,2.00,1,4.00,1.00,1,2.00,0.00,0.00,2.00,1,2.00,2.00,0.00,0.00,,15574,574,87.04,87.04,91.67,91.67,84.62,84.62,86.36,86.36,75.00,75.00
Colombia,COL,20200519,3.00,1,2.00,1,2.00,1,4.00,1,1.00,1,2.00,1,2.00,1,4.00,1.00,1,2.00,0.00,0.00,2.00,1,2.00,2.00,0.00,0.00,,16295,592,87.04,87.04,91.67,91.67,84.62,84.62,86.36,86.36,75.00,75.00
Colombia,COL,20200520,3.00,1,2.00,1,2.00,1,4.00,1,1.00,1,2.00,1,2.00,1,4.00,1.00,1,2.00,0.00,0.00,2.00,1,2.00,2.00,0.00,0.00,,16935,613,87.04,87.04,91.67,91.67,84.62,84.62,86.36,86.36,75.00,75.00
Colombia,COL,20200521,3.00,1,2.00,1,2.00,1,4.00,1,1.00,1,2.00,1,2.00,1,4.00,1.00,1,2.00,0.00,0.00,2.00,1,2.00,2.00,0.00,0.00,,17687,630,87.04,87.04,91.67,91.67,84.62,84.62,86.36,86.36,75.00,75.00
Colombia,COL,20200522,3.00,1,2.00,1,2.00,1,4.00,1,1.00,1,2.00,1,2.00,1,4.00,1.00,1,2.00,0.00,0.00,2.00,1,2.00,2.00,0.00,0.00,,18330,652,87.04,87.04,91.67,91.67,84.62,84.62,86.36,86.36,75.00,75.00
Colombia,COL,20200523,3.00,1,2.00,1,2.00,1,4.00,1,1.00,1,2.00,1,2.00,1,4.00,1.00,1,2.00,0.00,0.00,2.00,1,2.00,2.00,0.00,0.00,,19131,682,87.04,87.04,91.67,91.67,84.62,84.62,86.36,86.36,75.00,75.00
Colombia,COL,20200524,3.00,1,2.00,1,2.00,1,4.00,1,1.00,1,2.00,1,2.00,1,4.00,1.00,1,2.00,0.00,0.00,2.00,1,2.00,2.00,0.00,0.00,,20177,705,87.04,87.04,91.67,91.67,84.62,84.62,86.36,86.36,75.00,75.00
Colombia,COL,20200525,3.00,1,2.00,1,2.00,1,4.00,1,1.00,1,2.00,1,2.00,1,4.00,1.00,1,2.00,0.00,0.00,2.00,1,2.00,2.00,0.00,0.00,,21175,727,87.04,87.04,91.67,91.67,84.62,84.62,86.36,86.36,75.00,75.00
Colombia,COL,20200526,3.00,1,2.00,1,2.00,1,4.00,1,1.00,1,2.00,1,2.00,1,4.00,1.00,1,2.00,0.00,0.00,2.00,1,2.00,2.00,0.00,0.00,,21981,750,87.04,87.04,91.67,91.67,84.62,84.62,86.36,86.36,75.00,75.00
Colombia,COL,20200527,3.00,1,2.00,1,2.00,1,4.00,1,1.00,1,2.00,1,2.00,1,4.00,1.00,1,2.00,0.00,0.00,2.00,1,2.00,2.00,0.00,0.00,,23003,776,87.04,87.04,91.67,91.67,84.62,84.62,86.36,86.36,75.00,75.00
Colombia,COL,20200528,3.00,1,2.00,1,2.00,1,4.00,1,1.00,1,2.00,1,2.00,1,4.00,1.00,1,2.00,0.00,0.00,2.00,1,2.00,2.00,0.00,0.00,,24104,803,87.04,87.04,91.67,91.67,84.62,84.62,86.36,86.36,75.00,75.00
Colombia,COL,20200529,3.00,1,2.00,1,2.00,1,4.00,1,1.00,1,2.00,1,2.00,1,4.00,1.00,1,2.00,0.00,0.00,2.00,1,2.00,2.00,0.00,0.00,,25366,822,87.04,87.04,91.67,91.67,84.62,84.62,86.36,86.36,75.00,75.00
Colombia,COL,20200530,3.00,1,2.00,1,2.00,1,4.00,1,1.00,1,2.00,1,2.00,1,4.00,1.00,1,2.00,0.00,0.00,2.00,1,2.00,2.00,0.00,0.00,,26688,853,87.04,87.04,91.67,91.67,84.62,84.62,86.36,86.36,75.00,75.00
Colombia,COL,20200531,3.00,1,2.00,1,2.00,1,4.00,1,1.00,1,2.00,1,2.00,1,4.00,1.00,1,2.00,0.00,0.00,2.00,1,2.00,2.00,0.00,0.00,,28236,890,87.04,87.04,91.67,91.67,84.62,84.62,86.36,86.36,75.00,75.00
Colombia,COL,20200601,3.00,1,2.00,1,2.00,1,4.00,1,1.00,1,2.00,1,2.00,1,4.00,1.00,1,2.00,0.00,0.00,2.00,1,2.00,2.00,0.00,0.00,,29383,939,87.04,87.04,91.67,91.67,84.62,84.62,86.36,86.36,75.00,75.00
Colombia,COL,20200602,3.00,1,2.00,1,2.00,1,4.00,1,1.00,1,2.00,1,2.00,1,4.00,1.00,1,2.00,0.00,0.00,2.00,1,2.00,2.00,0.00,0.00,,30493,969,87.04,87.04,91.67,91.67,84.62,84.62,86.36,86.36,75.00,75.00
Colombia,COL,20200603,3.00,1,2.00,1,2.00,1,4.00,1,1.00,1,2.00,1,2.00,1,4.00,1.00,1,2.00,0.00,0.00,2.00,1,2.00,2.00,0.00,0.00,,31833,1009,87.04,87.04,91.67,91.67,84.62,84.62,86.36,86.36,75.00,75.00
Colombia,COL,20200604,3.00,1,2.00,1,2.00,1,4.00,1,1.00,1,2.00,1,2.00,1,4.00,1.00,1,2.00,0.00,0.00,2.00,1,2.00,2.00,0.00,0.00,,33354,1045,87.04,87.04,91.67,91.67,84.62,84.62,86.36,86.36,75.00,75.00
Colombia,COL,20200605,3.00,1,2.00,1,2.00,1,4.00,1,1.00,1,2.00,1,2.00,1,4.00,1.00,1,2.00,0.00,0.00,2.00,1,2.00,2.00,0.00,0.00,,35120,1087,87.04,87.04,91.67,91.67,84.62,84.62,86.36,86.36,75.00,75.00
Colombia,COL,20200606,3.00,1,2.00,1,2.00,1,4.00,1,1.00,1,2.00,1,2.00,1,4.00,1.00,1,2.00,0.00,0.00,2.00,1,2.00,2.00,0.00,0.00,,36635,1145,87.04,87.04,91.67,91.67,84.62,84.62,86.36,86.36,75.00,75.00
Colombia,COL,20200607,3.00,1,2.00,1,2.00,1,4.00,1,1.00,1,2.00,1,2.00,1,4.00,1.00,1,2.00,0.00,0.00,2.00,1,2.00,2.00,0.00,0.00,,38027,1205,87.04,87.04,91.67,91.67,84.62,84.62,86.36,86.36,75.00,75.00
Colombia,COL,20200608,3.00,1,2.00,1,2.00,1,4.00,1,1.00,1,2.00,1,2.00,1,4.00,1.00,1,2.00,0.00,0.00,2.00,1,2.00,2.00,0.00,0.00,,39236,1259,87.04,87.04,91.67,91.67,84.62,84.62,86.36,86.36,75.00,75.00
Colombia,COL,20200609,3.00,1,2.00,1,2.00,1,4.00,1,1.00,1,2.00,1,2.00,1,4.00,1.00,1,2.00,0.00,0.00,2.00,1,2.00,2.00,0.00,0.00,,40719,1308,87.04,87.04,91.67,91.67,84.62,84.62,86.36,86.36,75.00,75.00
Colombia,COL,20200610,3.00,1,2.00,1,2.00,1,4.00,1,1.00,1,2.00,1,2.00,1,4.00,1.00,1,2.00,0.00,0.00,2.00,1,2.00,2.00,0.00,0.00,,42078,1372,87.04,87.04,91.67,91.67,84.62,84.62,86.36,86.36,75.00,75.00
Colombia,COL,20200611,3.00,1,2.00,1,2.00,1,4.00,1,1.00,1,2.00,1,2.00,1,4.00,1.00,1,2.00,0.00,0.00,2.00,1,2.00,2.00,0.00,0.00,,43682,1433,87.04,87.04,91.67,91.67,84.62,84.62,86.36,86.36,75.00,75.00
Colombia,COL,20200612,3.00,1,2.00,1,2.00,1,4.00,1,1.00,1,2.00,1,2.00,1,4.00,1.00,1,2.00,0.00,0.00,2.00,1,2.00,2.00,0.00,0.00,,43682,1433,87.04,87.04,91.67,91.67,84.62,84.62,86.36,86.36,75.00,75.00
Colombia,COL,20200613,3.00,1,2.00,1,2.00,1,4.00,1,1.00,1,2.00,1,2.00,1,4.00,1.00,1,2.00,0.00,0.00,2.00,1,2.00,2.00,0.00,0.00,,46858,1545,87.04,87.04,91.67,91.67,84.62,84.62,86.36,86.36,75.00,75.00
Colombia,COL,20200614,3.00,1,2.00,1,2.00,1,4.00,1,1.00,1,2.00,1,2.00,1,4.00,1.00,1,2.00,0.00,0.00,2.00,1,2.00,2.00,0.00,0.00,,48746,1592,87.04,87.04,91.67,91.67,84.62,84.62,86.36,86.36,75.00,75.00
Colombia,COL,20200615,3.00,1,2.00,1,2.00,1,4.00,1,1.00,1,2.00,1,2.00,1,4.00,1.00,1,2.00,0.00,0.00,2.00,1,2.00,2.00,0.00,0.00,,50939,1667,87.04,87.04,91.67,91.67,84.62,84.62,86.36,86.36,75.00,75.00
Colombia,COL,20200616,3.00,1,2.00,1,2.00,1,4.00,1,1.00,1,2.00,1,2.00,1,4.00,1.00,1,2.00,0.00,0.00,2.00,1,2.00,2.00,0.00,0.00,,53063,1726,87.04,87.04,91.67,91.67,84.62,84.62,86.36,86.36,75.00,75.00
Colombia,COL,20200617,3.00,1,2.00,1,2.00,1,4.00,1,1.00,1,2.00,1,2.00,1,4.00,1.00,1,2.00,0.00,0.00,2.00,1,2.00,2.00,0.00,0.00,,54931,1801,87.04,87.04,91.67,91.67,84.62,84.62,86.36,86.36,75.00,75.00
Colombia,COL,20200618,,,,,,,,,,,,,,,,,,,,,,,,,,,,57046,1864,,87.04,,91.67,,84.62,,86.36,,75.00
Colombia,COL,20200619,,,,,,,,,,,,,,,,,,,,,,,,,,,,60217,1950,,87.04,,91.67,,84.62,,86.36,,75.00
Colombia,COL,20200620,,,,,,,,,,,,,,,,,,,,,,,,,,,,63276,2045,,87.04,,91.67,,84.62,,86.36,,75.00
Colombia,COL,20200621,,,,,,,,,,,,,,,,,,,,,,,,,,,,65633,2126,,87.04,,91.67,,84.62,,86.36,,75.00
Colombia,COL,20200622,,,,,,,,,,,,,,,,,,,,,,,,,,,,68652,2237,,87.04,,91.67,,84.62,,86.36,,75.00
Colombia,COL,20200623,,,,,,,,,,,,,,,,,,,,,,,,,,,,71183,2310,,87.04,,91.67,,84.62,,86.36,,75.00
