South Korea,KOR,20200101,0.00,,0.00,,0.00,,0.00,,0.00,,0.00,,0.00,,0.00,0.00,,0.00,0.00,0.00,0.00,,0.00,0.00,0.00,0.00,,0,0,0.00,0.00,0.00,0.00,0.00,0.00,0.00,0.00,0.00,0.00
South Korea,KOR,20200102,0.00,,0.00,,0.00,,0.00,,0.00,,0.00,,0.00,,0.00,0.00,,0.00,0.00,0.00,0.00,,0.00,0.00,0.00,0.00,,0,0,0.00,0.00,0.00,0.00,0.00,0.00,0.00,0.00,0.00,0.00
South Korea,KOR,20200103,0.00,,0.00,,0.00,,0.00,,0.00,,0.00,,0.00,,0.00,0.00,,0.00,0.00,0.00,0.00,,0.00,0.00,0.00,0.00,,0,0,0.00,0.00,0.00,0.00,0.00,0.00,0.00,0.00,0.00,0.00
South Korea,KOR,20200104,0.00,,0.00,,0.00,,0.00,,0.00,,0.00,,0.00,,0.00,0.00,,0.00,0.00,0.00,0.00,,0.00,0.00,0.00,0.00,,0,0,0.00,0.00,0.00,0.00,0.00,0.00,0.00,0.00,0.00,0.00
South Korea,KOR,20200105,0.00,,0.00,,0.00,,0.00,,0.00,,0.00,,0.00,,0.00,0.00,,0.00,0.00,0.00,0.00,,0.00,0.00,0.00,0.00,,0,0,0.00,0.00,0.00,0.00,0.00,0.00,0.00,0.00,0.00,0.00
South Korea,KOR,20200106,0.00,,0.00,,0.00,,0.00,,0.00,,0.00,,0.00,,0.00,0.00,,0.00,0.00,0.00,0.00,,0.00,0.00,0.00,0.00,,0,0,0.00,0.00,0.00,0.00,0.00,0.00,0.00,0.00,0.00,0.00
South Korea,KOR,20200107,0.00,,0.00,,0.00,,0.00,,0.00,,0.00,,0.00,,0.00,0.00,,0.00,0.00,0.00,0.00,,0.00,0.00,0.00,0.00,,0,0,0.00,0.00,0.00,0.00,0.00,0.00,0.00,0.00,0.00,0.00
South Korea,KOR,20200108,0.00,,0.00,,0.00,,0.00,,0.00,,0.00,,0.00,,0.00,0.00,,0.00,0.00,0.00,0.00,,0.00,0.00,0.00,0.00,,0,0,0.00,0.00,0.00,0.00,0.00,0.00,0.00,0.00,0.00,0.00
South Korea,KOR,20200109,0.00,,0.00,,0.00,,0.00,,0.00,,0.00,,0.00,,0.00,0.00,,0.00,0.00,0.00,0.00,,0.00,0.00,0.00,0.00,,0,0,0.00,0.00,0.00,0.00,0.00,0.00,0.00,0.00,0.00,0.00
South Korea,KOR,20200110,0.00,,0.00,,0.00,,0.00,,0.00,,0.00,,0.00,,0.00,0.00,,0.00,0.00,0.00,0.00,,0.00,0.00,0.00,0.00,,0,0,0.00,0.00,0.00,0.00,0.00,0.00,0.00,0.00,0.00,0.00
South Korea,KOR,20200111,0.00,,0.00,,0.00,,0.00,,0.00,,0.00,,0.00,,0.00,0.00,,0.00,0.00,0.00,0.00,,0.00,0.00,0.00,0.00,,0,0,0.00,0.00,0.00,0.00,0.00,0.00,0.00,0.00,0.00,0.00
South Korea,KOR,20200112,0.00,,0.00,,0.00,,0.00,,0.00,,0.00,,0.00,,0.00,0.00,,0.00,0.00,0.00,0.00,,0.00,0.00,0.00,0.00,,0,0,0.00,0.00,0.00,0.00,0.00,0.00,0.00,0.00,0.00,0.00
South Korea,KOR,20200113,0.00,,0.00,,0.00,,0.00,,0.00,,0.00,,0.00,,0.00,0.00,,0.00,0.00,0.00,0.00,,0.00,0.00,0.00,0.00,,0,0,0.00,0.00,0.00,0.00,0.00,0.00,0.00,0.00,0.00,0.00
South Korea,KOR,20200114,0.00,,0.00,,0.00,,0.00,,0.00,,0.00,,0.00,,0.00,0.00,,0.00,0.00,0.00,0.00,,0.00,0.00,0.00,0.00,,0,0,0.00,0.00,0.00,0.00,0.00,0.00,0.00,0.00,0.00,0.00
South Korea,KOR,20200115,0.00,,0.00,,0.00,,0.00,,0.00,,0.00,,0.00,,0.00,0.00,,0.00,0.00,0.00,0.00,,0.00,0.00,0.00,0.00,,0,0,0.00,0.00,0.00,0.00,0.00,0.00,0.00,0.00,0.00,0.00
South Korea,KOR,20200116,0.00,,0.00,,0.00,,0.00,,0.00,,0.00,,0.00,,0.00,0.00,,0.00,0.00,0.00,0.00,,0.00,0.00,0.00,0.00,,0,0,0.00,0.00,0.00,0.00,0.00,0.00,0.00,0.00,0.00,0.00
South Korea,KOR,20200117,0.00,,0.00,,0.00,,0.00,,0.00,,0.00,,0.00,,0.00,0.00,,0.00,0.00,0.00,0.00,,0.00,0.00,0.00,0.00,,0,0,0.00,0.00,0.00,0.00,0.00,0.00,0.00,0.00,0.00,0.00
South Korea,KOR,20200118,0.00,,0.00,,0.00,,0.00,,0.00,,0.00,,0.00,,0.00,0.00,,0.00,0.00,0.00,0.00,,0.00,0.00,0.00,0.00,,0,0,0.00,0.00,0.00,0.00,0.00,0.00,0.00,0.00,0.00,0.00
South Korea,KOR,20200119,0.00,,0.00,,0.00,,0.00,,0.00,,0.00,,0.00,,0.00,0.00,,0.00,0.00,0.00,0.00,,0.00,0.00,0.00,0.00,,0,0,0.00,0.00,0.00,0.00,0.00,0.00,0.00,0.00,0.00,0.00
South Korea,KOR,20200120,0.00,,0.00,,0.00,,0.00,,0.00,,0.00,,0.00,,0.00,0.00,,0.00,0.00,0.00,0.00,,0.00,0.00,0.00,0.00,,1,0,0.00,0.00,0.00,0.00,0.00,0.00,0.00,0.00,0.00,0.00
South Korea,KOR,20200121,0.00,,0.00,,0.00,,0.00,,0.00,,0.00,,0.00,,0.00,0.00,,0.00,0.00,0.00,0.00,,1.00,0.00,0.00,0.00,,1,0,0.00,0.00,0.00,0.00,2.56,2.56,3.03,3.03,0.00,0.00
South Korea,KOR,20200122,0.00,,0.00,,0.00,,0.00,,0.00,,0.00,,0.00,,0.00,0.00,,0.00,0.00,0.00,0.00,,1.00,0.00,0.00,0.00,,1,0,0.00,0.00,0.00,0.00,2.56,2.56,3.03,3.03,0.00,0.00
South Korea,KOR,20200123,0.00,,0.00,,0.00,,0.00,,0.00,,0.00,,0.00,,0.00,0.00,,0.00,0.00,0.00,0.00,,1.00,0.00,0.00,0.00,,1,0,0.00,0.00,0.00,0.00,2.56,2.56,3.03,3.03,0.00,0.00
South Korea,KOR,20200124,0.00,,0.00,,0.00,,0.00,,0.00,,0.00,,0.00,,0.00,0.00,,0.00,0.00,0.00,0.00,,1.00,0.00,0.00,0.00,,2,0,0.00,0.00,0.00,0.00,2.56,2.56,3.03,3.03,0.00,0.00
South Korea,KOR,20200125,0.00,,0.00,,0.00,,0.00,,0.00,,0.00,,0.00,,0.00,0.00,,0.00,0.00,0.00,0.00,,1.00,0.00,0.00,0.00,,2,0,0.00,0.00,0.00,0.00,2.56,2.56,3.03,3.03,0.00,0.00
South Korea,KOR,20200126,0.00,,0.00,,0.00,,0.00,,0.00,,0.00,,0.00,,0.00,0.00,,0.00,0.00,0.00,0.00,,1.00,0.00,0.00,0.00,,3,0,0.00,0.00,0.00,0.00,2.56,2.56,3.03,3.03,0.00,0.00
South Korea,KOR,20200127,0.00,,0.00,,0.00,,0.00,,0.00,,0.00,,0.00,,0.00,0.00,,0.00,0.00,0.00,0.00,,1.00,0.00,0.00,0.00,,4,0,0.00,0.00,0.00,0.00,2.56,2.56,3.03,3.03,0.00,0.00
South Korea,KOR,20200128,0.00,,0.00,,0.00,,0.00,,0.00,,0.00,,0.00,,0.00,0.00,,0.00,0.00,0.00,0.00,,1.00,0.00,17700000.00,0.00,,4,0,0.00,0.00,0.00,0.00,2.56,2.56,3.03,3.03,0.00,0.00
South Korea,KOR,20200129,0.00,,0.00,,0.00,,0.00,,0.00,,0.00,,0.00,,0.00,0.00,,0.00,0.00,0.00,0.00,,1.00,1.00,0.00,0.00,,4,0,0.00,0.00,0.00,0.00,6.41,6.41,7.58,7.58,0.00,0.00
South Korea,KOR,20200130,0.00,,0.00,,0.00,,0.00,,0.00,,0.00,,0.00,,0.00,0.00,,0.00,0.00,0.00,0.00,,1.00,1.00,0.00,0.00,,4,0,0.00,0.00,0.00,0.00,6.41,6.41,7.58,7.58,0.00,0.00
South Korea,KOR,20200131,0.00,,0.00,,1.00,0,0.00,,0.00,,0.00,,0.00,,0.00,0.00,,0.00,0.00,0.00,0.00,,1.00,1.00,0.00,0.00,,7,0,2.78,2.78,4.76,4.76,8.33,8.33,9.85,9.85,0.00,0.00
South Korea,KOR,20200201,0.00,,0.00,,1.00,0,0.00,,0.00,,0.00,,0.00,,0.00,0.00,,0.00,0.00,0.00,2.00,1,1.00,1.00,0.00,0.00,,12,0,13.89,13.89,19.05,19.05,16.03,16.03,18.94,18.94,0.00,0.00
South Korea,KOR,20200202,0.00,,0.00,,1.00,0,0.00,,0.00,,0.00,,0.00,,0.00,0.00,,0.00,0.00,0.00,2.00,1,1.00,1.00,0.00,0.00,,15,0,13.89,13.89,19.05,19.05,16.03,16.03,18.94,18.94,0.00,0.00
South Korea,KOR,20200203,2.00,0,0.00,,1.00,0,0.00,,0.00,,0.00,,0.00,,0.00,0.00,,0.00,0.00,0.00,2.00,1,1.00,1.00,0.00,0.00,,15,0,19.44,19.44,26.19,26.19,19.87,19.87,23.48,23.48,0.00,0.00
South Korea,KOR,20200204,2.00,0,0.00,,1.00,0,0.00,,0.00,,0.00,,0.00,,3.00,0.00,,0.00,0.00,0.00,2.00,1,1.00,1.00,0.00,0.00,,16,0,27.78,27.78,36.90,36.90,25.64,25.64,30.30,30.30,0.00,0.00
South Korea,KOR,20200205,2.00,0,0.00,,1.00,0,0.00,,0.00,,0.00,,0.00,,3.00,0.00,,0.00,0.00,0.00,2.00,1,1.00,1.00,0.00,0.00,,18,0,27.78,27.78,36.90,36.90,25.64,25.64,30.30,30.30,0.00,0.00
South Korea,KOR,20200206,3.00,0,0.00,,1.00,0,0.00,,0.00,,0.00,,0.00,,3.00,0.00,,0.00,0.00,0.00,2.00,1,1.00,1.00,0.00,0.00,,23,0,31.48,31.48,40.48,40.48,28.21,28.21,33.33,33.33,0.00,0.00
South Korea,KOR,20200207,3.00,0,0.00,,1.00,0,0.00,,0.00,,0.00,,0.00,,3.00,0.00,,0.00,0.00,0.00,2.00,1,3.00,1.00,0.00,0.00,,24,0,31.48,31.48,40.48,40.48,33.33,33.33,39.39,39.39,0.00,0.00
South Korea,KOR,20200208,3.00,0,0.00,,1.00,0,0.00,,0.00,,0.00,,0.00,,3.00,0.00,,0.00,0.00,0.00,2.00,1,3.00,1.00,0.00,0.00,,24,0,31.48,31.48,40.48,40.48,33.33,33.33,39.39,39.39,0.00,0.00
South Korea,KOR,20200209,3.00,0,0.00,,1.00,0,0.00,,0.00,,0.00,,0.00,,3.00,0.00,,0.00,0.00,0.00,2.00,1,3.00,1.00,0.00,0.00,,25,0,31.48,31.48,40.48,40.48,33.33,33.33,39.39,39.39,0.00,0.00
South Korea,KOR,20200210,3.00,0,0.00,,1.00,0,0.00,,0.00,,0.00,,0.00,,3.00,0.00,,0.00,0.00,0.00,2.00,1,3.00,1.00,0.00,0.00,,27,0,31.48,31.48,40.48,40.48,33.33,33.33,39.39,39.39,0.00,0.00
South Korea,KOR,20200211,3.00,0,0.00,,1.00,0,0.00,,0.00,,0.00,,0.00,,3.00,0.00,,0.00,0.00,0.00,2.00,1,3.00,2.00,0.00,0.00,,28,0,31.48,31.48,40.48,40.48,37.18,37.18,43.94,43.94,0.00,0.00
South Korea,KOR,20200212,3.00,0,0.00,,1.00,0,0.00,,0.00,,0.00,,0.00,,3.00,0.00,,0.00,0.00,0.00,2.00,1,3.00,2.00,0.00,0.00,,28,0,31.48,31.48,40.48,40.48,37.18,37.18,43.94,43.94,0.00,0.00
South Korea,KOR,20200213,3.00,0,0.00,,1.00,0,0.00,,0.00,,0.00,,0.00,,3.00,0.00,,0.00,0.00,0.00,2.00,1,3.00,2.00,0.00,0.00,,28,0,31.48,31.48,40.48,40.48,37.18,37.18,43.94,43.94,0.00,0.00
South Korea,KOR,20200214,3.00,0,0.00,,1.00,0,0.00,,0.00,,0.00,,0.00,,3.00,0.00,,0.00,0.00,0.00,2.00,1,3.00,2.00,0.00,0.00,,28,0,31.48,31.48,40.48,40.48,37.18,37.18,43.94,43.94,0.00,0.00
South Korea,KOR,20200215,3.00,0,0.00,,1.00,0,0.00,,0.00,,0.00,,0.00,,3.00,0.00,,0.00,0.00,0.00,2.00,1,3.00,2.00,0.00,0.00,,28,0,31.48,31.48,40.48,40.48,37.18,37.18,43.94,43.94,0.00,0.00
South Korea,KOR,20200216,3.00,0,0.00,,1.00,0,0.00,,0.00,,0.00,,0.00,,3.00,0.00,,0.00,0.00,0.00,2.00,1,3.00,2.00,0.00,0.00,,29,0,31.48,31.48,40.48,40.48,37.18,37.18,43.94,43.94,0.00,0.00
South Korea,KOR,20200217,3.00,0,0.00,,1.00,0,0.00,,0.00,,0.00,,0.00,,3.00,0.00,,0.00,0.00,0.00,2.00,1,3.00,2.00,0.00,0.00,,30,0,31.48,31.48,40.48,40.48,37.18,37.18,43.94,43.94,0.00,0.00
South Korea,KOR,20200218,3.00,0,0.00,,1.00,0,0.00,,0.00,,0.00,,0.00,,3.00,0.00,,0.00,356000000.00,0.00,2.00,1,3.00,2.00,0.00,0.00,,31,0,31.48,31.48,40.48,40.48,37.18,37.18,43.94,43.94,0.00,0.00
South Korea,KOR,20200219,3.00,0,0.00,,1.00,0,0.00,,0.00,,0.00,,0.00,,3.00,0.00,,0.00,0.00,0.00,2.00,1,3.00,2.00,0.00,0.00,,46,0,31.48,31.48,40.48,40.48,37.18,37.18,43.94,43.94,0.00,0.00
South Korea,KOR,20200220,3.00,0,0.00,,1.00,0,0.00,,0.00,,0.00,,0.00,,3.00,0.00,,0.00,0.00,0.00,2.00,1,3.00,2.00,0.00,0.00,,80,0,31.48,31.48,40.48,40.48,37.18,37.18,43.94,43.94,0.00,0.00
South Korea,KOR,20200221,3.00,0,0.00,,2.00,1,2.00,1,0.00,,0.00,,0.00,,3.00,0.00,,0.00,0.00,0.00,2.00,1,3.00,2.00,0.00,0.00,,155,1,45.37,45.37,50.00,50.00,46.79,46.79,55.30,55.30,0.00,0.00
South Korea,KOR,20200222,3.00,0,0.00,,2.00,1,2.00,1,0.00,,0.00,,0.00,,3.00,0.00,,0.00,0.00,0.00,2.00,1,3.00,2.00,0.00,0.00,,345,2,45.37,45.37,50.00,50.00,46.79,46.79,55.30,55.30,0.00,0.00
South Korea,KOR,20200223,3.00,0,0.00,,2.00,1,2.00,1,0.00,,1.00,0,1.00,0,3.00,0.00,,0.00,0.00,0.00,2.00,1,3.00,2.00,0.00,0.00,,601,5,50.00,50.00,54.76,54.76,50.00,50.00,59.09,59.09,0.00,0.00
South Korea,KOR,20200224,3.00,1,1.00,1,2.00,1,2.00,1,0.00,,1.00,0,1.00,0,3.00,0.00,,0.00,0.00,0.00,2.00,1,3.00,2.00,0.00,0.00,,762,7,55.56,55.56,65.48,65.48,53.85,53.85,63.64,63.64,0.00,0.00
South Korea,KOR,20200225,3.00,1,1.00,1,2.00,1,2.00,1,0.00,,1.00,0,1.00,0,3.00,0.00,,0.00,0.00,0.00,2.00,1,3.00,2.00,0.00,0.00,,892,8,55.56,55.56,65.48,65.48,53.85,53.85,63.64,63.64,0.00,0.00
South Korea,KOR,20200226,3.00,1,1.00,1,2.00,1,2.00,1,0.00,,1.00,0,1.00,0,3.00,0.00,,0.00,0.00,0.00,2.00,1,3.00,2.00,0.00,0.00,,1146,11,55.56,55.56,65.48,65.48,53.85,53.85,63.64,63.64,0.00,0.00
South Korea,KOR,20200227,3.00,1,1.00,1,2.00,1,2.00,1,0.00,,1.00,0,1.00,0,3.00,0.00,,0.00,0.00,0.00,2.00,1,3.00,2.00,0.00,0.00,,1595,12,55.56,55.56,65.48,65.48,53.85,53.85,63.64,63.64,0.00,0.00
South Korea,KOR,20200228,3.00,1,1.00,1,2.00,1,2.00,1,0.00,,1.00,0,1.00,0,3.00,0.00,,0.00,0.00,0.00,2.00,1,3.00,2.00,0.00,0.00,,2022,13,55.56,55.56,65.48,65.48,53.85,53.85,63.64,63.64,0.00,0.00
South Korea,KOR,20200229,3.00,1,1.00,1,2.00,1,2.00,1,0.00,,1.00,0,1.00,0,3.00,0.00,,0.00,0.00,0.00,2.00,1,3.00,2.00,0.00,0.00,,2931,16,55.56,55.56,65.48,65.48,53.85,53.85,63.64,63.64,0.00,0.00
South Korea,KOR,20200301,3.00,1,1.00,1,2.00,1,2.00,1,0.00,,1.00,0,1.00,0,3.00,0.00,,0.00,0.00,0.00,2.00,1,3.00,2.00,0.00,0.00,,3526,17,55.56,55.56,65.48,65.48,53.85,53.85,63.64,63.64,0.00,0.00
South Korea,KOR,20200302,3.00,1,1.00,1,2.00,1,2.00,1,0.00,,1.00,0,1.00,0,3.00,0.00,,0.00,0.00,0.00,2.00,1,3.00,2.00,0.00,0.00,,4212,22,55.56,55.56,65.48,65.48,53.85,53.85,63.64,63.64,0.00,0.00
South Korea,KOR,20200303,3.00,1,1.00,1,2.00,1,2.00,1,0.00,,1.00,0,1.00,0,3.00,0.00,,0.00,0.00,0.00,2.00,1,3.00,2.00,0.00,0.00,,4812,28,55.56,55.56,65.48,65.48,53.85,53.85,63.64,63.64,0.00,0.00
South Korea,KOR,20200304,3.00,1,1.00,1,2.00,1,2.00,1,0.00,,1.00,0,1.00,0,3.00,0.00,,0.00,9800000000.00,0.00,2.00,1,3.00,2.00,0.00,0.00,,5328,32,55.56,55.56,65.48,65.48,53.85,53.85,63.64,63.64,0.00,0.00
South Korea,KOR,20200305,3.00,1,1.00,1,2.00,1,2.00,1,0.00,,1.00,0,1.00,0,3.00,0.00,,0.00,0.00,0.00,2.00,1,3.00,2.00,0.00,0.00,,5766,35,55.56,55.56,65.48,65.48,53.85,53.85,63.64,63.64,0.00,0.00
South Korea,KOR,20200306,3.00,1,1.00,1,2.00,1,2.00,1,0.00,,1.00,0,1.00,0,3.00,0.00,,0.00,0.00,0.00,2.00,1,3.00,2.00,0.00,0.00,,6284,42,55.56,55.56,65.48,65.48,53.85,53.85,63.64,63.64,0.00,0.00
South Korea,KOR,20200307,3.00,1,1.00,1,2.00,1,2.00,1,0.00,,1.00,0,1.00,0,3.00,0.00,,0.00,0.00,0.00,2.00,1,3.00,2.00,0.00,0.00,,6767,44,55.56,55.56,65.48,65.48,53.85,53.85,63.64,63.64,0.00,0.00
South Korea,KOR,20200308,3.00,1,1.00,1,2.00,1,2.00,1,0.00,,1.00,0,1.00,0,3.00,0.00,,0.00,0.00,0.00,2.00,1,3.00,2.00,0.00,0.00,,7134,50,55.56,55.56,65.48,65.48,53.85,53.85,63.64,63.64,0.00,0.00
South Korea,KOR,20200309,3.00,1,1.00,1,2.00,1,2.00,1,0.00,,1.00,0,1.00,0,3.00,0.00,,0.00,0.00,0.00,2.00,1,3.00,2.00,0.00,0.00,,7382,51,55.56,55.56,65.48,65.48,53.85,53.85,63.64,63.64,0.00,0.00
South Korea,KOR,20200310,3.00,1,1.00,1,2.00,1,2.00,1,0.00,,1.00,0,1.00,0,3.00,0.00,,0.00,0.00,0.00,2.00,1,3.00,2.00,0.00,0.00,,7513,54,55.56,55.56,65.48,65.48,53.85,53.85,63.64,63.64,0.00,0.00
South Korea,KOR,20200311,3.00,1,1.00,1,2.00,1,2.00,1,0.00,,1.00,0,1.00,0,3.00,0.00,,0.00,0.00,0.00,2.00,1,3.00,2.00,0.00,0.00,,7755,60,55.56,55.56,65.48,65.48,53.85,53.85,63.64,63.64,0.00,0.00
South Korea,KOR,20200312,3.00,1,1.00,1,2.00,1,2.00,1,0.00,,1.00,0,1.00,0,3.00,0.00,,0.00,0.00,0.00,2.00,1,3.00,2.00,0.00,0.00,,7869,66,55.56,55.56,65.48,65.48,53.85,53.85,63.64,63.64,0.00,0.00
South Korea,KOR,20200313,3.00,1,1.00,1,2.00,1,2.00,1,0.00,,1.00,0,1.00,0,3.00,0.00,,0.00,0.00,0.00,2.00,1,3.00,2.00,0.00,0.00,,7979,67,55.56,55.56,65.48,65.48,53.85,53.85,63.64,63.64,0.00,0.00
South Korea,KOR,20200314,3.00,1,1.00,1,2.00,1,2.00,1,0.00,,1.00,0,1.00,0,3.00,0.00,,0.00,0.00,0.00,2.00,1,3.00,2.00,0.00,0.00,,8086,72,55.56,55.56,65.48,65.48,53.85,53.85,63.64,63.64,0.00,0.00
South Korea,KOR,20200315,3.00,1,1.00,1,2.00,1,2.00,1,0.00,,1.00,0,1.00,0,3.00,0.00,,0.00,0.00,0.00,2.00,1,3.00,2.00,0.00,0.00,,8162,75,55.56,55.56,65.48,65.48,53.85,53.85,63.64,63.64,0.00,0.00
South Korea,KOR,20200316,3.00,1,1.00,1,2.00,1,2.00,1,0.00,,1.00,0,1.00,0,3.00,0.00,,0.00,0.00,0.00,2.00,1,3.00,2.00,0.00,0.00,,8236,75,55.56,55.56,65.48,65.48,53.85,53.85,63.64,63.64,0.00,0.00
South Korea,KOR,20200317,3.00,1,1.00,1,2.00,1,2.00,1,0.00,,1.00,0,1.00,0,3.00,0.00,,1.00,0.00,0.00,2.00,1,3.00,2.00,0.00,0.00,,8320,81,55.56,55.56,65.48,65.48,57.69,57.69,63.64,63.64,25.00,25.00
South Korea,KOR,20200318,3.00,1,1.00,1,2.00,1,2.00,1,0.00,,1.00,0,1.00,0,3.00,0.00,,1.00,0.00,0.00,2.00,1,3.00,2.00,0.00,0.00,,8413,86,55.56,55.56,65.48,65.48,57.69,57.69,63.64,63.64,25.00,25.00
South Korea,KOR,20200319,3.00,1,1.00,1,2.00,1,2.00,1,0.00,,1.00,0,1.00,0,3.00,0.00,,1.00,0.00,0.00,2.00,1,3.00,2.00,0.00,0.00,,8565,91,55.56,55.56,65.48,65.48,57.69,57.69,63.64,63.64,25.00,25.00
South Korea,KOR,20200320,3.00,1,1.00,1,2.00,1,2.00,1,0.00,,1.00,0,1.00,0,3.00,0.00,,1.00,0.00,0.00,2.00,1,3.00,2.00,0.00,0.00,,8652,100,55.56,55.56,65.48,65.48,57.69,57.69,63.64,63.64,25.00,25.00
South Korea,KOR,20200321,3.00,1,1.00,1,2.00,1,2.00,1,0.00,,2.00,1,2.00,1,3.00,0.00,,1.00,0.00,0.00,2.00,1,3.00,2.00,0.00,0.00,,8799,103,69.44,69.44,75.00,75.00,67.31,67.31,75.00,75.00,25.00,25.00
South Korea,KOR,20200322,3.00,1,2.00,1,2.00,1,3.00,1,0.00,,2.00,1,2.00,1,3.00,0.00,,1.00,0.00,0.00,2.00,1,3.00,2.00,0.00,0.00,,8897,104,75.93,75.93,78.57,78.57,71.79,71.79,80.30,80.30,25.00,25.00
South Korea,KOR,20200323,3.00,1,2.00,1,2.00,1,3.00,1,0.00,,2.00,1,2.00,1,3.00,0.00,,1.00,0.00,0.00,2.00,1,3.00,2.00,0.00,0.00,,8961,113,75.93,75.93,78.57,78.57,71.79,71.79,80.30,80.30,25.00,25.00
South Korea,KOR,20200324,3.00,1,2.00,1,2.00,1,3.00,1,0.00,,2.00,1,2.00,1,3.00,0.00,,1.00,80669710999.00,0.00,2.00,1,3.00,2.00,0.00,0.00,,9037,120,75.93,75.93,78.57,78.57,71.79,71.79,80.30,80.30,25.00,25.00
South Korea,KOR,20200325,3.00,1,2.00,1,2.00,1,3.00,1,0.00,,2.00,1,2.00,1,3.00,0.00,,1.00,0.00,0.00,2.00,1,3.00,2.00,0.00,0.00,,9137,126,75.93,75.93,78.57,78.57,71.79,71.79,80.30,80.30,25.00,25.00
South Korea,KOR,20200326,3.00,1,2.00,1,2.00,1,3.00,1,0.00,,2.00,1,2.00,1,3.00,0.00,,1.00,0.00,0.00,2.00,1,3.00,2.00,0.00,0.00,,9241,131,75.93,75.93,78.57,78.57,71.79,71.79,80.30,80.30,25.00,25.00
South Korea,KOR,20200327,3.00,1,2.00,1,2.00,1,3.00,1,0.00,,2.00,1,2.00,1,3.00,0.00,,1.00,0.00,0.00,2.00,1,3.00,2.00,0.00,0.00,,9332,139,75.93,75.93,78.57,78.57,71.79,71.79,80.30,80.30,25.00,25.00
South Korea,KOR,20200328,3.00,1,2.00,1,2.00,1,3.00,1,0.00,,2.00,1,2.00,1,3.00,0.00,,1.00,0.00,0.00,2.00,1,3.00,2.00,0.00,0.00,,9478,144,75.93,75.93,78.57,78.57,71.79,71.79,80.30,80.30,25.00,25.00
South Korea,KOR,20200329,3.00,1,2.00,1,2.00,1,3.00,1,0.00,,2.00,1,2.00,1,3.00,0.00,,1.00,0.00,0.00,2.00,1,3.00,2.00,0.00,0.00,,9583,152,75.93,75.93,78.57,78.57,71.79,71.79,80.30,80.30,25.00,25.00
South Korea,KOR,20200330,3.00,1,2.00,1,2.00,1,3.00,1,0.00,,2.00,1,2.00,1,3.00,1.00,1,1.00,7400000000.00,0.00,2.00,1,3.00,2.00,0.00,0.00,,9661,158,75.93,75.93,78.57,78.57,75.64,75.64,80.30,80.30,50.00,50.00
South Korea,KOR,20200331,3.00,1,2.00,1,2.00,1,3.00,1,0.00,,2.00,1,2.00,1,3.00,1.00,1,1.00,0.00,0.00,2.00,1,3.00,2.00,0.00,0.00,,9786,163,75.93,75.93,78.57,78.57,75.64,75.64,80.30,80.30,50.00,50.00
South Korea,KOR,20200401,3.00,1,2.00,1,2.00,1,3.00,1,0.00,,2.00,1,2.00,1,3.00,1.00,1,1.00,0.00,0.00,2.00,1,3.00,2.00,0.00,0.00,,9786,163,75.93,75.93,78.57,78.57,75.64,75.64,80.30,80.30,50.00,50.00
South Korea,KOR,20200402,3.00,1,2.00,1,2.00,1,3.00,1,0.00,,2.00,1,2.00,1,3.00,1.00,1,1.00,0.00,0.00,2.00,1,3.00,2.00,0.00,174100000.00,,9976,169,75.93,75.93,78.57,78.57,75.64,75.64,80.30,80.30,50.00,50.00
South Korea,KOR,20200403,3.00,1,2.00,1,2.00,1,3.00,1,0.00,,2.00,1,2.00,1,3.00,1.00,1,1.00,0.00,0.00,2.00,1,3.00,2.00,0.00,0.00,,10062,174,75.93,75.93,78.57,78.57,75.64,75.64,80.30,80.30,50.00,50.00
South Korea,KOR,20200404,3.00,1,2.00,1,2.00,1,4.00,1,0.00,,2.00,1,2.00,1,3.00,1.00,1,1.00,0.00,0.00,2.00,1,3.00,2.00,0.00,0.00,,10156,177,78.70,78.70,78.57,78.57,77.56,77.56,82.58,82.58,50.00,50.00
South Korea,KOR,20200405,3.00,1,2.00,1,2.00,1,4.00,1,0.00,,2.00,1,2.00,1,3.00,1.00,1,1.00,0.00,0.00,2.00,1,3.00,2.00,0.00,0.00,,10237,183,78.70,78.70,78.57,78.57,77.56,77.56,82.58,82.58,50.00,50.00
South Korea,KOR,20200406,3.00,1,3.00,1,2.00,1,4.00,1,0.00,,2.00,1,2.00,1,3.00,1.00,1,1.00,0.00,0.00,2.00,1,3.00,2.00,0.00,0.00,,10284,186,82.41,82.41,82.14,82.14,80.13,80.13,85.61,85.61,50.00,50.00
South Korea,KOR,20200407,3.00,1,3.00,1,2.00,1,4.00,1,0.00,,2.00,1,2.00,1,3.00,1.00,1,1.00,0.00,0.00,2.00,1,3.00,2.00,0.00,0.00,,10331,192,82.41,82.41,82.14,82.14,80.13,80.13,85.61,85.61,50.00,50.00
South Korea,KOR,20200408,3.00,1,3.00,1,2.00,1,4.00,1,0.00,,2.00,1,2.00,1,3.00,1.00,1,1.00,45094368448.52,0.00,2.00,1,3.00,2.00,0.00,0.00,,10384,200,82.41,82.41,82.14,82.14,80.13,80.13,85.61,85.61,50.00,50.00
South Korea,KOR,20200409,3.00,1,3.00,1,2.00,1,4.00,1,0.00,,2.00,1,2.00,1,3.00,1.00,1,1.00,0.00,0.00,2.00,1,3.00,2.00,0.00,0.00,,10423,204,82.41,82.41,82.14,82.14,80.13,80.13,85.61,85.61,50.00,50.00
South Korea,KOR,20200410,3.00,1,3.00,1,2.00,1,4.00,1,0.00,,2.00,1,2.00,1,3.00,1.00,1,1.00,0.00,0.00,2.00,1,3.00,2.00,0.00,0.00,,10450,208,82.41,82.41,82.14,82.14,80.13,80.13,85.61,85.61,50.00,50.00
South Korea,KOR,20200411,3.00,1,3.00,1,2.00,1,4.00,1,0.00,,2.00,1,2.00,1,3.00,1.00,1,1.00,0.00,0.00,2.00,1,3.00,2.00,0.00,0.00,,10450,208,82.41,82.41,82.14,82.14,80.13,80.13,85.61,85.61,50.00,50.00
South Korea,KOR,20200412,3.00,1,3.00,1,2.00,1,4.00,1,0.00,,2.00,1,2.00,1,3.00,1.00,1,1.00,0.00,0.00,2.00,1,3.00,2.00,0.00,0.00,,10512,214,82.41,82.41,82.14,82.14,80.13,80.13,85.61,85.61,50.00,50.00
South Korea,KOR,20200413,3.00,1,3.00,1,2.00,1,4.00,1,0.00,,2.00,1,2.00,1,3.00,1.00,1,1.00,0.00,0.00,2.00,1,3.00,2.00,0.00,0.00,,10537,217,82.41,82.41,82.14,82.14,80.13,80.13,85.61,85.61,50.00,50.00
South Korea,KOR,20200414,3.00,1,3.00,1,2.00,1,4.00,1,0.00,,2.00,1,2.00,1,3.00,1.00,1,1.00,0.00,0.00,2.00,1,3.00,2.00,0.00,0.00,,10564,222,82.41,82.41,82.14,82.14,80.13,80.13,85.61,85.61,50.00,50.00
South Korea,KOR,20200415,3.00,1,3.00,1,2.00,1,4.00,1,0.00,,2.00,1,2.00,1,3.00,1.00,1,1.00,0.00,0.00,2.00,1,3.00,2.00,0.00,0.00,,10591,225,82.41,82.41,82.14,82.14,80.13,80.13,85.61,85.61,50.00,50.00
South Korea,KOR,20200416,3.00,1,3.00,1,2.00,1,4.00,1,0.00,,2.00,1,2.00,1,3.00,1.00,1,1.00,6192157573.26,0.00,2.00,1,3.00,2.00,0.00,0.00,,10613,229,82.41,82.41,82.14,82.14,80.13,80.13,85.61,85.61,50.00,50.00
South Korea,KOR,20200417,3.00,1,3.00,1,2.00,1,4.00,1,0.00,,2.00,1,2.00,1,3.00,1.00,1,1.00,0.00,0.00,2.00,1,3.00,2.00,0.00,0.00,,10635,230,82.41,82.41,82.14,82.14,80.13,80.13,85.61,85.61,50.00,50.00
South Korea,KOR,20200418,3.00,1,3.00,1,2.00,1,4.00,1,0.00,,1.00,1,1.00,1,3.00,1.00,1,1.00,0.00,0.00,2.00,1,3.00,2.00,0.00,0.00,,10653,232,73.15,73.15,77.38,77.38,73.72,73.72,78.03,78.03,50.00,50.00
South Korea,KOR,20200419,3.00,1,3.00,1,2.00,1,4.00,1,0.00,,1.00,1,1.00,1,3.00,1.00,1,1.00,0.00,0.00,2.00,1,3.00,2.00,0.00,0.00,,10661,234,73.15,73.15,77.38,77.38,73.72,73.72,78.03,78.03,50.00,50.00
South Korea,KOR,20200420,3.00,1,2.00,1,1.00,1,0.00,,0.00,,0.00,,0.00,,3.00,1.00,1,1.00,0.00,0.00,2.00,1,3.00,2.00,0.00,0.00,,10674,236,43.52,43.52,59.52,59.52,53.21,53.21,53.79,53.79,50.00,50.00
South Korea,KOR,20200421,3.00,1,2.00,1,1.00,1,0.00,,0.00,,0.00,,0.00,,3.00,1.00,1,1.00,0.00,0.00,2.00,1,3.00,2.00,0.00,0.00,,10683,237,43.52,43.52,59.52,59.52,53.21,53.21,53.79,53.79,50.00,50.00
South Korea,KOR,20200422,3.00,1,2.00,1,1.00,1,0.00,,0.00,,0.00,,0.00,,3.00,1.00,1,1.00,70000000000.00,0.00,2.00,1,3.00,2.00,0.00,0.00,,10694,238,43.52,43.52,59.52,59.52,53.21,53.21,53.79,53.79,50.00,50.00
South Korea,KOR,20200423,3.00,1,2.00,1,1.00,1,0.00,,0.00,,0.00,,0.00,,3.00,1.00,1,1.00,0.00,0.00,2.00,1,3.00,2.00,0.00,0.00,,10702,240,43.52,43.52,59.52,59.52,53.21,53.21,53.79,53.79,50.00,50.00
South Korea,KOR,20200424,3.00,1,2.00,1,1.00,1,0.00,,0.00,,0.00,,0.00,,3.00,1.00,1,1.00,0.00,0.00,2.00,1,3.00,2.00,0.00,0.00,,10708,240,43.52,43.52,59.52,59.52,53.21,53.21,53.79,53.79,50.00,50.00
South Korea,KOR,20200425,3.00,1,2.00,1,1.00,1,0.00,,0.00,,0.00,,0.00,,3.00,1.00,1,1.00,0.00,800000.00,2.00,1,3.00,2.00,0.00,0.00,,10718,240,43.52,43.52,59.52,59.52,53.21,53.21,53.79,53.79,50.00,50.00
South Korea,KOR,20200426,3.00,1,2.00,1,1.00,1,0.00,,0.00,,0.00,,0.00,,3.00,1.00,1,1.00,0.00,0.00,2.00,1,3.00,2.00,0.00,0.00,,10728,242,43.52,43.52,59.52,59.52,53.21,53.21,53.79,53.79,50.00,50.00
South Korea,KOR,20200427,3.00,1,2.00,1,1.00,1,0.00,,0.00,,0.00,,0.00,,3.00,1.00,1,1.00,0.00,2800000.00,2.00,1,3.00,2.00,0.00,0.00,,10738,243,43.52,43.52,59.52,59.52,53.21,53.21,53.79,53.79,50.00,50.00
South Korea,KOR,20200428,3.00,1,2.00,1,1.00,1,0.00,,0.00,,0.00,,0.00,,3.00,1.00,1,1.00,0.00,0.00,2.00,1,3.00,2.00,0.00,0.00,,10752,244,43.52,43.52,59.52,59.52,53.21,53.21,53.79,53.79,50.00,50.00
South Korea,KOR,20200429,3.00,1,2.00,1,1.00,1,0.00,,0.00,,0.00,,0.00,,3.00,1.00,1,1.00,0.00,0.00,2.00,1,3.00,2.00,0.00,0.00,,10761,246,43.52,43.52,59.52,59.52,53.21,53.21,53.79,53.79,50.00,50.00
South Korea,KOR,20200430,3.00,1,2.00,1,1.00,1,0.00,,0.00,,0.00,,0.00,,3.00,1.00,1,1.00,0.00,0.00,2.00,1,3.00,2.00,0.00,0.00,,10765,247,43.52,43.52,59.52,59.52,53.21,53.21,53.79,53.79,50.00,50.00
South Korea,KOR,20200501,3.00,1,2.00,1,1.00,1,0.00,,0.00,,0.00,,0.00,,3.00,1.00,1,1.00,0.00,0.00,2.00,1,3.00,2.00,0.00,0.00,,10774,248,43.52,43.52,59.52,59.52,53.21,53.21,53.79,53.79,50.00,50.00
South Korea,KOR,20200502,3.00,1,2.00,1,1.00,1,0.00,,0.00,,0.00,,0.00,,3.00,1.00,1,1.00,0.00,0.00,2.00,1,3.00,2.00,0.00,0.00,,10780,250,43.52,43.52,59.52,59.52,53.21,53.21,53.79,53.79,50.00,50.00
South Korea,KOR,20200503,3.00,1,2.00,1,1.00,1,0.00,,0.00,,0.00,,0.00,,3.00,1.00,1,1.00,0.00,0.00,2.00,1,3.00,2.00,0.00,0.00,,10793,250,43.52,43.52,59.52,59.52,53.21,53.21,53.79,53.79,50.00,50.00
South Korea,KOR,20200504,3.00,1,2.00,1,1.00,1,0.00,,0.00,,0.00,,0.00,,3.00,1.00,1,1.00,0.00,0.00,2.00,1,3.00,2.00,0.00,0.00,,10801,252,43.52,43.52,59.52,59.52,53.21,53.21,53.79,53.79,50.00,50.00
South Korea,KOR,20200505,3.00,1,2.00,1,1.00,1,0.00,,0.00,,0.00,,0.00,,3.00,1.00,1,1.00,0.00,0.00,2.00,1,3.00,2.00,0.00,0.00,,10804,254,43.52,43.52,59.52,59.52,53.21,53.21,53.79,53.79,50.00,50.00
South Korea,KOR,20200506,3.00,1,2.00,1,1.00,1,0.00,,0.00,,0.00,,0.00,,3.00,1.00,1,1.00,0.00,0.00,2.00,1,3.00,2.00,0.00,0.00,,10806,255,43.52,43.52,59.52,59.52,53.21,53.21,53.79,53.79,50.00,50.00
South Korea,KOR,20200507,3.00,1,2.00,1,1.00,1,0.00,,0.00,,0.00,,0.00,,3.00,1.00,1,1.00,0.00,0.00,2.00,1,3.00,2.00,0.00,0.00,,10810,256,43.52,43.52,59.52,59.52,53.21,53.21,53.79,53.79,50.00,50.00
South Korea,KOR,20200508,3.00,1,2.00,1,1.00,1,0.00,,0.00,,0.00,,0.00,,3.00,1.00,1,1.00,0.00,0.00,2.00,1,3.00,2.00,0.00,0.00,,10822,256,43.52,43.52,59.52,59.52,53.21,53.21,53.79,53.79,50.00,50.00
South Korea,KOR,20200509,3.00,1,2.00,1,1.00,1,0.00,,0.00,,0.00,,0.00,,3.00,1.00,1,1.00,0.00,0.00,2.00,1,3.00,2.00,0.00,0.00,,10840,256,43.52,43.52,59.52,59.52,53.21,53.21,53.79,53.79,50.00,50.00
South Korea,KOR,20200510,3.00,1,2.00,1,1.00,1,0.00,,0.00,,0.00,,0.00,,3.00,1.00,1,1.00,0.00,0.00,2.00,1,3.00,2.00,0.00,0.00,,10874,256,43.52,43.52,59.52,59.52,53.21,53.21,53.79,53.79,50.00,50.00
South Korea,KOR,20200511,3.00,1,2.00,1,1.00,1,0.00,,0.00,,0.00,,0.00,,3.00,1.00,1,1.00,0.00,0.00,2.00,1,3.00,2.00,0.00,0.00,,10909,256,43.52,43.52,59.52,59.52,53.21,53.21,53.79,53.79,50.00,50.00
South Korea,KOR,20200512,3.00,1,2.00,1,1.00,1,0.00,,0.00,,0.00,,0.00,,3.00,1.00,1,1.00,0.00,0.00,2.00,1,3.00,2.00,0.00,0.00,,10936,258,43.52,43.52,59.52,59.52,53.21,53.21,53.79,53.79,50.00,50.00
South Korea,KOR,20200513,3.00,1,2.00,1,1.00,1,0.00,,0.00,,0.00,,0.00,,3.00,1.00,1,1.00,0.00,0.00,2.00,1,3.00,2.00,0.00,0.00,,10962,259,43.52,43.52,59.52,59.52,53.21,53.21,53.79,53.79,50.00,50.00
South Korea,KOR,20200514,3.00,1,2.00,1,1.00,1,0.00,,0.00,,0.00,,0.00,,3.00,1.00,1,1.00,0.00,0.00,2.00,1,3.00,2.00,0.00,0.00,,10991,260,43.52,43.52,59.52,59.52,53.21,53.21,53.79,53.79,50.00,50.00
South Korea,KOR,20200515,3.00,1,2.00,1,1.00,1,0.00,,0.00,,0.00,,0.00,,3.00,1.00,1,1.00,0.00,0.00,2.00,1,3.00,2.00,0.00,0.00,,11018,260,43.52,43.52,59.52,59.52,53.21,53.21,53.79,53.79,50.00,50.00
South Korea,KOR,20200516,3.00,1,2.00,1,1.00,1,0.00,,0.00,,0.00,,0.00,,3.00,1.00,1,1.00,0.00,0.00,2.00,1,3.00,2.00,0.00,0.00,,11037,262,43.52,43.52,59.52,59.52,53.21,53.21,53.79,53.79,50.00,50.00
South Korea,KOR,20200517,3.00,1,2.00,1,1.00,1,0.00,,0.00,,0.00,,0.00,,3.00,1.00,1,1.00,0.00,0.00,2.00,1,3.00,2.00,0.00,0.00,,11050,262,43.52,43.52,59.52,59.52,53.21,53.21,53.79,53.79,50.00,50.00
South Korea,KOR,20200518,3.00,1,2.00,1,1.00,1,0.00,,0.00,,0.00,,0.00,,3.00,1.00,1,1.00,0.00,53000000.00,2.00,1,3.00,2.00,0.00,0.00,,11065,263,43.52,43.52,59.52,59.52,53.21,53.21,53.79,53.79,50.00,50.00
South Korea,KOR,20200519,3.00,1,2.00,1,1.00,1,0.00,,0.00,,0.00,,0.00,,3.00,1.00,1,1.00,0.00,0.00,2.00,1,3.00,2.00,0.00,0.00,,11078,263,43.52,43.52,59.52,59.52,53.21,53.21,53.79,53.79,50.00,50.00
South Korea,KOR,20200520,2.00,1,2.00,1,1.00,1,0.00,,0.00,,0.00,,0.00,,3.00,1.00,1,1.00,0.00,0.00,2.00,1,3.00,2.00,0.00,0.00,,11110,263,39.81,39.81,55.95,55.95,50.64,50.64,50.76,50.76,50.00,50.00
South Korea,KOR,20200521,2.00,1,2.00,1,1.00,1,0.00,,0.00,,0.00,,0.00,,3.00,1.00,1,1.00,0.00,0.00,2.00,1,3.00,2.00,0.00,0.00,,11122,264,39.81,39.81,55.95,55.95,50.64,50.64,50.76,50.76,50.00,50.00
South Korea,KOR,20200522,2.00,1,2.00,1,1.00,1,0.00,,0.00,,0.00,,0.00,,3.00,1.00,1,1.00,0.00,0.00,2.00,1,3.00,2.00,0.00,0.00,,11142,264,39.81,39.81,55.95,55.95,50.64,50.64,50.76,50.76,50.00,50.00
South Korea,KOR,20200523,2.00,1,2.00,1,1.00,1,0.00,,0.00,,0.00,,0.00,,3.00,1.00,1,1.00,0.00,0.00,2.00,1,3.00,2.00,0.00,0.00,,11165,266,39.81,39.81,55.95,55.95,50.64,50.64,50.76,50.76,50.00,50.00
South Korea,KOR,20200524,2.00,1,2.00,1,1.00,1,0.00,,0.00,,0.00,,0.00,,3.00,1.00,1,1.00,0.00,0.00,2.00,1,3.00,2.00,0.00,0.00,,11190,266,39.81,39.81,55.95,55.95,50.64,50.64,50.76,50.76,50.00,50.00
South Korea,KOR,20200525,2.00,1,2.00,1,1.00,1,0.00,,0.00,,0.00,,0.00,,3.00,1.00,1,1.00,0.00,0.00,2.00,1,3.00,2.00,0.00,0.00,,11206,267,39.81,39.81,55.95,55.95,50.64,50.64,50.76,50.76,50.00,50.00
South Korea,KOR,20200526,2.00,1,2.00,1,1.00,1,0.00,,0.00,,0.00,,0.00,,3.00,1.00,1,1.00,0.00,0.00,2.00,1,3.00,2.00,0.00,0.00,,11225,269,39.81,39.81,55.95,55.95,50.64,50.64,50.76,50.76,50.00,50.00
South Korea,KOR,20200527,2.00,1,2.00,1,1.00,1,0.00,,0.00,,0.00,,0.00,,3.00,1.00,1,1.00,0.00,0.00,2.00,1,3.00,2.00,0.00,0.00,,11265,269,39.81,39.81,55.95,55.95,50.64,50.64,50.76,50.76,50.00,50.00
South Korea,KOR,20200528,2.00,1,2.00,1,1.00,1,0.00,,0.00,,0.00,,0.00,,3.00,1.00,1,1.00,0.00,0.00,2.00,1,3.00,2.00,0.00,0.00,,11344,269,39.81,39.81,55.95,55.95,50.64,50.64,50.76,50.76,50.00,50.00
South Korea,KOR,20200529,3.00,0,2.00,0,2.00,0,4.00,0,0.00,,1.00,0,1.00,0,3.00,1.00,1,1.00,0.00,0.00,2.00,1,3.00,2.00,0.00,0.00,,11402,269,56.94,56.94,59.05,59.05,62.50,62.50,64.77,64.77,50.00,50.00
South Korea,KOR,20200530,3.00,0,2.00,0,2.00,0,4.00,0,0.00,,1.00,0,1.00,0,3.00,1.00,1,1.00,0.00,0.00,2.00,1,3.00,2.00,0.00,0.00,,11441,269,56.94,56.94,59.05,59.05,62.50,62.50,64.77,64.77,50.00,50.00
South Korea,KOR,20200531,3.00,0,2.00,0,2.00,0,4.00,0,0.00,,1.00,0,1.00,0,3.00,1.00,1,1.00,0.00,0.00,2.00,1,3.00,2.00,0.00,0.00,,11468,270,56.94,56.94,59.05,59.05,62.50,62.50,64.77,64.77,50.00,50.00
South Korea,KOR,20200601,3.00,0,2.00,0,2.00,0,4.00,0,0.00,,1.00,0,1.00,0,3.00,1.00,1,1.00,0.00,0.00,2.00,1,3.00,2.00,0.00,0.00,,11503,271,56.94,56.94,59.05,59.05,62.50,62.50,64.77,64.77,50.00,50.00
South Korea,KOR,20200602,3.00,0,2.00,0,2.00,0,4.00,0,0.00,,1.00,0,1.00,0,3.00,1.00,1,1.00,0.00,0.00,2.00,1,3.00,2.00,0.00,0.00,,11541,272,56.94,56.94,59.05,59.05,62.50,62.50,64.77,64.77,50.00,50.00
South Korea,KOR,20200603,3.00,0,2.00,0,2.00,0,4.00,0,0.00,,1.00,0,1.00,0,3.00,1.00,1,1.00,40400000000.00,0.00,2.00,1,3.00,2.00,0.00,0.00,,11590,273,56.94,56.94,59.05,59.05,62.50,62.50,64.77,64.77,50.00,50.00
South Korea,KOR,20200604,3.00,0,2.00,0,2.00,0,4.00,0,0.00,,1.00,0,1.00,0,3.00,1.00,1,1.00,0.00,0.00,2.00,1,3.00,2.00,0.00,0.00,,11629,273,56.94,56.94,59.05,59.05,62.50,62.50,64.77,64.77,50.00,50.00
South Korea,KOR,20200605,3.00,0,2.00,0,2.00,0,4.00,0,0.00,,1.00,0,1.00,0,3.00,1.00,1,1.00,0.00,0.00,2.00,1,3.00,2.00,0.00,0.00,,11668,273,56.94,56.94,59.05,59.05,62.50,62.50,64.77,64.77,50.00,50.00
South Korea,KOR,20200606,3.00,0,2.00,0,2.00,0,4.00,0,0.00,,1.00,0,1.00,0,3.00,1.00,1,1.00,0.00,0.00,2.00,1,3.00,2.00,0.00,0.00,,11719,273,56.94,56.94,59.05,59.05,62.50,62.50,64.77,64.77,50.00,50.00
South Korea,KOR,20200607,3.00,0,2.00,0,2.00,0,4.00,0,0.00,,1.00,0,1.00,0,3.00,1.00,1,1.00,0.00,0.00,2.00,1,3.00,2.00,0.00,0.00,,11776,273,56.94,56.94,59.05,59.05,62.50,62.50,64.77,64.77,50.00,50.00
South Korea,KOR,20200608,3.00,0,2.00,0,2.00,0,4.00,0,0.00,,1.00,0,1.00,0,3.00,1.00,1,1.00,0.00,0.00,2.00,1,3.00,2.00,0.00,0.00,,11814,273,56.94,56.94,59.05,59.05,62.50,62.50,64.77,64.77,50.00,50.00
South Korea,KOR,20200609,3.00,0,2.00,0,2.00,0,4.00,0,0.00,,1.00,0,1.00,0,3.00,1.00,1,1.00,0.00,0.00,2.00,1,3.00,2.00,0.00,0.00,,11852,274,56.94,56.94,59.05,59.05,62.50,62.50,64.77,64.77,50.00,50.00
South Korea,KOR,20200610,3.00,0,2.00,0,2.00,0,4.00,0,0.00,,1.00,0,1.00,0,3.00,1.00,1,1.00,0.00,0.00,2.00,1,3.00,2.00,0.00,0.00,,11902,276,56.94,56.94,59.05,59.05,62.50,62.50,64.77,64.77,50.00,50.00
South Korea,KOR,20200611,3.00,0,2.00,0,2.00,0,4.00,0,0.00,,1.00,0,1.00,0,3.00,1.00,1,1.00,0.00,0.00,2.00,1,3.00,2.00,0.00,0.00,,11947,276,56.94,56.94,59.05,59.05,62.50,62.50,64.77,64.77,50.00,50.00
South Korea,KOR,20200612,3.00,0,2.00,0,2.00,0,4.00,0,0.00,,1.00,0,1.00,0,3.00,1.00,1,1.00,0.00,0.00,2.00,1,3.00,2.00,0.00,0.00,,12003,277,56.94,56.94,59.05,59.05,62.50,62.50,64.77,64.77,50.00,50.00
South Korea,KOR,20200613,3.00,0,2.00,0,2.00,0,4.00,0,0.00,,1.00,0,1.00,0,3.00,1.00,1,1.00,0.00,0.00,2.00,1,3.00,2.00,0.00,0.00,,12051,277,56.94,56.94,59.05,59.05,62.50,62.50,64.77,64.77,50.00,50.00
South Korea,KOR,20200614,3.00,0,2.00,0,2.00,0,4.00,0,0.00,,1.00,0,1.00,0,3.00,1.00,1,1.00,0.00,0.00,2.00,1,3.00,2.00,0.00,0.00,,12084,277,56.94,56.94,59.05,59.05,62.50,62.50,64.77,64.77,50.00,50.00
South Korea,KOR,20200615,3.00,0,2.00,0,2.00,0,4.00,0,0.00,,1.00,0,1.00,0,3.00,1.00,1,1.00,0.00,0.00,2.00,1,3.00,2.00,0.00,0.00,,12121,277,56.94,56.94,59.05,59.05,62.50,62.50,64.77,64.77,50.00,50.00
South Korea,KOR,20200616,3.00,0,2.00,0,2.00,0,4.00,0,0.00,,1.00,0,1.00,0,3.00,1.00,1,1.00,0.00,0.00,2.00,1,3.00,2.00,0.00,0.00,,12155,278,56.94,56.94,59.05,59.05,62.50,62.50,64.77,64.77,50.00,50.00
South Korea,KOR,20200617,3.00,0,2.00,0,2.00,0,4.00,0,0.00,,1.00,0,1.00,0,3.00,1.00,1,1.00,0.00,0.00,2.00,1,3.00,2.00,0.00,0.00,,12198,279,56.94,56.94,59.05,59.05,62.50,62.50,64.77,64.77,50.00,50.00
South Korea,KOR,20200618,,,,,,,,,,,,,,,3.00,,,1.00,,,,,,,,,,12257,280,,56.94,,59.05,,62.50,,64.77,,50.00
South Korea,KOR,20200619,,,,,,,,,,,,,,,3.00,,,1.00,,,,,,,,,,12306,280,,56.94,,59.05,,62.50,,64.77,,50.00
South Korea,KOR,20200620,,,,,,,,,,,,,,,3.00,,,1.00,,,,,,,,,,12373,280,,56.94,,59.05,,62.50,,64.77,,50.00
South Korea,KOR,20200621,,,,,,,,,,,,,,,3.00,,,1.00,,,,,,,,,,12421,280,,56.94,,59.05,,62.50,,64.77,,50.00
South Korea,KOR,20200622,,,,,,,,,,,,,,,,,,1.00,,,,,,,,,,12438,280,,56.94,,59.05,,62.50,,64.77,,50.00
South Korea,KOR,20200623,,,,,,,,,,,,,,,,,,1.00,,,,,,,,,,12484,281,,56.94,,59.05,,62.50,,64.77,,50.00
