Costa Rica,CRI,20200101,0.00,,0.00,,0.00,,0.00,,0.00,,0.00,,0.00,,0.00,0.00,,0.00,0.00,0.00,0.00,,0.00,0.00,0.00,0.00,,,,0.00,0.00,0.00,0.00,0.00,0.00,0.00,0.00,0.00,0.00
Costa Rica,CRI,20200102,0.00,,0.00,,0.00,,0.00,,0.00,,0.00,,0.00,,0.00,0.00,,0.00,0.00,0.00,0.00,,0.00,0.00,0.00,0.00,,,,0.00,0.00,0.00,0.00,0.00,0.00,0.00,0.00,0.00,0.00
Costa Rica,CRI,20200103,0.00,,0.00,,0.00,,0.00,,0.00,,0.00,,0.00,,0.00,0.00,,0.00,0.00,0.00,0.00,,0.00,0.00,0.00,0.00,,,,0.00,0.00,0.00,0.00,0.00,0.00,0.00,0.00,0.00,0.00
Costa Rica,CRI,20200104,0.00,,0.00,,0.00,,0.00,,0.00,,0.00,,0.00,,0.00,0.00,,0.00,0.00,0.00,0.00,,0.00,0.00,0.00,0.00,,,,0.00,0.00,0.00,0.00,0.00,0.00,0.00,0.00,0.00,0.00
Costa Rica,CRI,20200105,0.00,,0.00,,0.00,,0.00,,0.00,,0.00,,0.00,,0.00,0.00,,0.00,0.00,0.00,0.00,,0.00,0.00,0.00,0.00,,,,0.00,0.00,0.00,0.00,0.00,0.00,0.00,0.00,0.00,0.00
Costa Rica,CRI,20200106,0.00,,0.00,,0.00,,0.00,,0.00,,0.00,,0.00,,0.00,0.00,,0.00,0.00,0.00,0.00,,0.00,0.00,0.00,0.00,,,,0.00,0.00,0.00,0.00,0.00,0.00,0.00,0.00,0.00,0.00
Costa Rica,CRI,20200107,0.00,,0.00,,0.00,,0.00,,0.00,,0.00,,0.00,,0.00,0.00,,0.00,0.00,0.00,0.00,,0.00,0.00,0.00,0.00,,,,0.00,0.00,0.00,0.00,0.00,0.00,0.00,0.00,0.00,0.00
Costa Rica,CRI,20200108,0.00,,0.00,,0.00,,0.00,,0.00,,0.00,,0.00,,0.00,0.00,,0.00,0.00,0.00,0.00,,0.00,0.00,0.00,0.00,,,,0.00,0.00,0.00,0.00,0.00,0.00,0.00,0.00,0.00,0.00
Costa Rica,CRI,20200109,0.00,,0.00,,0.00,,0.00,,0.00,,0.00,,0.00,,0.00,0.00,,0.00,0.00,0.00,0.00,,0.00,0.00,0.00,0.00,,,,0.00,0.00,0.00,0.00,0.00,0.00,0.00,0.00,0.00,0.00
Costa Rica,CRI,20200110,0.00,,0.00,,0.00,,0.00,,0.00,,0.00,,0.00,,0.00,0.00,,0.00,0.00,0.00,0.00,,0.00,0.00,0.00,0.00,,,,0.00,0.00,0.00,0.00,0.00,0.00,0.00,0.00,0.00,0.00
Costa Rica,CRI,20200111,0.00,,0.00,,0.00,,0.00,,0.00,,0.00,,0.00,,0.00,0.00,,0.00,0.00,0.00,0.00,,0.00,0.00,0.00,0.00,,,,0.00,0.00,0.00,0.00,0.00,0.00,0.00,0.00,0.00,0.00
Costa Rica,CRI,20200112,0.00,,0.00,,0.00,,0.00,,0.00,,0.00,,0.00,,0.00,0.00,,0.00,0.00,0.00,0.00,,0.00,0.00,0.00,0.00,,,,0.00,0.00,0.00,0.00,0.00,0.00,0.00,0.00,0.00,0.00
Costa Rica,CRI,20200113,0.00,,0.00,,0.00,,0.00,,0.00,,0.00,,0.00,,0.00,0.00,,0.00,0.00,0.00,0.00,,0.00,0.00,0.00,0.00,,,,0.00,0.00,0.00,0.00,0.00,0.00,0.00,0.00,0.00,0.00
Costa Rica,CRI,20200114,0.00,,0.00,,0.00,,0.00,,0.00,,0.00,,0.00,,0.00,0.00,,0.00,0.00,0.00,0.00,,0.00,0.00,0.00,0.00,,,,0.00,0.00,0.00,0.00,0.00,0.00,0.00,0.00,0.00,0.00
Costa Rica,CRI,20200115,0.00,,0.00,,0.00,,0.00,,0.00,,0.00,,0.00,,0.00,0.00,,0.00,0.00,0.00,0.00,,0.00,0.00,0.00,0.00,,,,0.00,0.00,0.00,0.00,0.00,0.00,0.00,0.00,0.00,0.00
Costa Rica,CRI,20200116,0.00,,0.00,,0.00,,0.00,,0.00,,0.00,,0.00,,0.00,0.00,,0.00,0.00,0.00,0.00,,0.00,0.00,0.00,0.00,,,,0.00,0.00,0.00,0.00,0.00,0.00,0.00,0.00,0.00,0.00
Costa Rica,CRI,20200117,0.00,,0.00,,0.00,,0.00,,0.00,,0.00,,0.00,,0.00,0.00,,0.00,0.00,0.00,0.00,,0.00,0.00,0.00,0.00,,,,0.00,0.00,0.00,0.00,0.00,0.00,0.00,0.00,0.00,0.00
Costa Rica,CRI,20200118,0.00,,0.00,,0.00,,0.00,,0.00,,0.00,,0.00,,0.00,0.00,,0.00,0.00,0.00,0.00,,0.00,0.00,0.00,0.00,,,,0.00,0.00,0.00,0.00,0.00,0.00,0.00,0.00,0.00,0.00
Costa Rica,CRI,20200119,0.00,,0.00,,0.00,,0.00,,0.00,,0.00,,0.00,,0.00,0.00,,0.00,0.00,0.00,0.00,,0.00,0.00,0.00,0.00,,,,0.00,0.00,0.00,0.00,0.00,0.00,0.00,0.00,0.00,0.00
Costa Rica,CRI,20200120,0.00,,0.00,,0.00,,0.00,,0.00,,0.00,,0.00,,0.00,0.00,,0.00,0.00,0.00,0.00,,0.00,0.00,0.00,0.00,,,,0.00,0.00,0.00,0.00,0.00,0.00,0.00,0.00,0.00,0.00
Costa Rica,CRI,20200121,0.00,,0.00,,0.00,,0.00,,0.00,,0.00,,0.00,,0.00,0.00,,0.00,0.00,0.00,0.00,,0.00,0.00,0.00,0.00,,,,0.00,0.00,0.00,0.00,0.00,0.00,0.00,0.00,0.00,0.00
Costa Rica,CRI,20200122,0.00,,0.00,,0.00,,0.00,,0.00,,0.00,,0.00,,0.00,0.00,,0.00,0.00,0.00,0.00,,1.00,2.00,0.00,0.00,,,,0.00,0.00,0.00,0.00,10.26,10.26,12.12,12.12,0.00,0.00
Costa Rica,CRI,20200123,0.00,,0.00,,0.00,,0.00,,0.00,,0.00,,0.00,,0.00,0.00,,0.00,0.00,0.00,0.00,,1.00,2.00,0.00,0.00,,,,0.00,0.00,0.00,0.00,10.26,10.26,12.12,12.12,0.00,0.00
Costa Rica,CRI,20200124,0.00,,0.00,,0.00,,0.00,,0.00,,0.00,,0.00,,0.00,0.00,,0.00,0.00,0.00,0.00,,1.00,2.00,0.00,0.00,,,,0.00,0.00,0.00,0.00,10.26,10.26,12.12,12.12,0.00,0.00
Costa Rica,CRI,20200125,0.00,,0.00,,0.00,,0.00,,0.00,,0.00,,0.00,,0.00,0.00,,0.00,0.00,0.00,0.00,,1.00,2.00,0.00,0.00,,,,0.00,0.00,0.00,0.00,10.26,10.26,12.12,12.12,0.00,0.00
Costa Rica,CRI,20200126,0.00,,0.00,,0.00,,0.00,,0.00,,0.00,,0.00,,0.00,0.00,,0.00,0.00,0.00,0.00,,1.00,2.00,0.00,0.00,,,,0.00,0.00,0.00,0.00,10.26,10.26,12.12,12.12,0.00,0.00
Costa Rica,CRI,20200127,0.00,,0.00,,0.00,,0.00,,0.00,,0.00,,0.00,,0.00,0.00,,0.00,0.00,0.00,0.00,,1.00,2.00,0.00,0.00,,,,0.00,0.00,0.00,0.00,10.26,10.26,12.12,12.12,0.00,0.00
Costa Rica,CRI,20200128,0.00,,0.00,,0.00,,0.00,,0.00,,0.00,,0.00,,0.00,0.00,,0.00,0.00,0.00,0.00,,1.00,2.00,0.00,0.00,,,,0.00,0.00,0.00,0.00,10.26,10.26,12.12,12.12,0.00,0.00
Costa Rica,CRI,20200129,0.00,,0.00,,0.00,,0.00,,0.00,,0.00,,0.00,,0.00,0.00,,0.00,0.00,0.00,0.00,,1.00,2.00,0.00,0.00,,,,0.00,0.00,0.00,0.00,10.26,10.26,12.12,12.12,0.00,0.00
Costa Rica,CRI,20200130,0.00,,0.00,,0.00,,0.00,,0.00,,0.00,,0.00,,0.00,0.00,,0.00,0.00,0.00,0.00,,1.00,2.00,0.00,0.00,,,,0.00,0.00,0.00,0.00,10.26,10.26,12.12,12.12,0.00,0.00
Costa Rica,CRI,20200131,0.00,,0.00,,0.00,,0.00,,0.00,,0.00,,0.00,,0.00,0.00,,0.00,0.00,0.00,0.00,,1.00,2.00,0.00,0.00,,,,0.00,0.00,0.00,0.00,10.26,10.26,12.12,12.12,0.00,0.00
Costa Rica,CRI,20200201,0.00,,0.00,,0.00,,0.00,,0.00,,0.00,,0.00,,0.00,0.00,,0.00,0.00,0.00,0.00,,1.00,2.00,0.00,0.00,,,,0.00,0.00,0.00,0.00,10.26,10.26,12.12,12.12,0.00,0.00
Costa Rica,CRI,20200202,0.00,,0.00,,0.00,,0.00,,0.00,,0.00,,0.00,,0.00,0.00,,0.00,0.00,0.00,0.00,,1.00,2.00,0.00,0.00,,,,0.00,0.00,0.00,0.00,10.26,10.26,12.12,12.12,0.00,0.00
Costa Rica,CRI,20200203,0.00,,0.00,,0.00,,0.00,,0.00,,0.00,,0.00,,0.00,0.00,,0.00,0.00,0.00,2.00,1,1.00,2.00,0.00,0.00,,,,11.11,11.11,14.29,14.29,17.95,17.95,21.21,21.21,0.00,0.00
Costa Rica,CRI,20200204,0.00,,0.00,,0.00,,0.00,,0.00,,0.00,,0.00,,0.00,0.00,,0.00,0.00,0.00,2.00,1,1.00,2.00,0.00,0.00,,,,11.11,11.11,14.29,14.29,17.95,17.95,21.21,21.21,0.00,0.00
Costa Rica,CRI,20200205,0.00,,0.00,,0.00,,0.00,,0.00,,0.00,,0.00,,0.00,0.00,,0.00,0.00,0.00,2.00,1,1.00,2.00,0.00,0.00,,,,11.11,11.11,14.29,14.29,17.95,17.95,21.21,21.21,0.00,0.00
Costa Rica,CRI,20200206,0.00,,0.00,,0.00,,0.00,,0.00,,0.00,,0.00,,0.00,0.00,,0.00,0.00,0.00,2.00,1,1.00,2.00,0.00,0.00,,,,11.11,11.11,14.29,14.29,17.95,17.95,21.21,21.21,0.00,0.00
Costa Rica,CRI,20200207,0.00,,0.00,,0.00,,0.00,,0.00,,0.00,,0.00,,0.00,0.00,,0.00,0.00,0.00,2.00,1,1.00,2.00,0.00,0.00,,,,11.11,11.11,14.29,14.29,17.95,17.95,21.21,21.21,0.00,0.00
Costa Rica,CRI,20200208,0.00,,0.00,,0.00,,0.00,,0.00,,0.00,,0.00,,0.00,0.00,,0.00,0.00,0.00,2.00,1,1.00,2.00,0.00,0.00,,,,11.11,11.11,14.29,14.29,17.95,17.95,21.21,21.21,0.00,0.00
Costa Rica,CRI,20200209,0.00,,0.00,,0.00,,0.00,,0.00,,0.00,,0.00,,0.00,0.00,,0.00,0.00,0.00,2.00,1,1.00,2.00,0.00,0.00,,,,11.11,11.11,14.29,14.29,17.95,17.95,21.21,21.21,0.00,0.00
Costa Rica,CRI,20200210,0.00,,0.00,,0.00,,0.00,,0.00,,0.00,,0.00,,0.00,0.00,,0.00,0.00,0.00,2.00,1,1.00,2.00,0.00,0.00,,,,11.11,11.11,14.29,14.29,17.95,17.95,21.21,21.21,0.00,0.00
Costa Rica,CRI,20200211,0.00,,0.00,,0.00,,0.00,,0.00,,0.00,,0.00,,0.00,0.00,,0.00,0.00,0.00,2.00,1,1.00,2.00,0.00,0.00,,,,11.11,11.11,14.29,14.29,17.95,17.95,21.21,21.21,0.00,0.00
Costa Rica,CRI,20200212,0.00,,0.00,,0.00,,0.00,,0.00,,0.00,,0.00,,0.00,0.00,,0.00,0.00,0.00,2.00,1,1.00,2.00,0.00,0.00,,,,11.11,11.11,14.29,14.29,17.95,17.95,21.21,21.21,0.00,0.00
Costa Rica,CRI,20200213,0.00,,0.00,,0.00,,0.00,,0.00,,0.00,,0.00,,0.00,0.00,,0.00,0.00,0.00,2.00,1,1.00,2.00,0.00,0.00,,,,11.11,11.11,14.29,14.29,17.95,17.95,21.21,21.21,0.00,0.00
Costa Rica,CRI,20200214,0.00,,0.00,,0.00,,0.00,,0.00,,0.00,,0.00,,0.00,0.00,,0.00,0.00,0.00,2.00,1,1.00,2.00,0.00,0.00,,,,11.11,11.11,14.29,14.29,17.95,17.95,21.21,21.21,0.00,0.00
Costa Rica,CRI,20200215,0.00,,0.00,,0.00,,0.00,,0.00,,0.00,,0.00,,0.00,0.00,,0.00,0.00,0.00,2.00,1,1.00,2.00,0.00,0.00,,,,11.11,11.11,14.29,14.29,17.95,17.95,21.21,21.21,0.00,0.00
Costa Rica,CRI,20200216,0.00,,0.00,,0.00,,0.00,,0.00,,0.00,,0.00,,0.00,0.00,,0.00,0.00,0.00,2.00,1,1.00,2.00,0.00,0.00,,,,11.11,11.11,14.29,14.29,17.95,17.95,21.21,21.21,0.00,0.00
Costa Rica,CRI,20200217,0.00,,0.00,,0.00,,0.00,,0.00,,0.00,,0.00,,0.00,0.00,,0.00,0.00,0.00,2.00,1,1.00,2.00,0.00,0.00,,,,11.11,11.11,14.29,14.29,17.95,17.95,21.21,21.21,0.00,0.00
Costa Rica,CRI,20200218,0.00,,0.00,,0.00,,0.00,,0.00,,0.00,,0.00,,0.00,0.00,,0.00,0.00,0.00,2.00,1,1.00,2.00,0.00,0.00,,,,11.11,11.11,14.29,14.29,17.95,17.95,21.21,21.21,0.00,0.00
Costa Rica,CRI,20200219,0.00,,0.00,,0.00,,0.00,,0.00,,0.00,,0.00,,0.00,0.00,,0.00,0.00,0.00,2.00,1,1.00,2.00,0.00,0.00,,,,11.11,11.11,14.29,14.29,17.95,17.95,21.21,21.21,0.00,0.00
Costa Rica,CRI,20200220,0.00,,0.00,,0.00,,0.00,,0.00,,0.00,,0.00,,0.00,0.00,,0.00,0.00,0.00,2.00,1,1.00,2.00,0.00,0.00,,,,11.11,11.11,14.29,14.29,17.95,17.95,21.21,21.21,0.00,0.00
Costa Rica,CRI,20200221,0.00,,0.00,,0.00,,0.00,,0.00,,0.00,,0.00,,0.00,0.00,,0.00,0.00,0.00,2.00,1,1.00,2.00,0.00,0.00,,,,11.11,11.11,14.29,14.29,17.95,17.95,21.21,21.21,0.00,0.00
Costa Rica,CRI,20200222,0.00,,0.00,,0.00,,0.00,,0.00,,0.00,,0.00,,0.00,0.00,,0.00,0.00,0.00,2.00,1,1.00,2.00,0.00,0.00,,,,11.11,11.11,14.29,14.29,17.95,17.95,21.21,21.21,0.00,0.00
Costa Rica,CRI,20200223,0.00,,0.00,,0.00,,0.00,,0.00,,0.00,,0.00,,0.00,0.00,,0.00,0.00,0.00,2.00,1,1.00,2.00,0.00,0.00,,,,11.11,11.11,14.29,14.29,17.95,17.95,21.21,21.21,0.00,0.00
Costa Rica,CRI,20200224,0.00,,0.00,,0.00,,0.00,,0.00,,0.00,,0.00,,0.00,0.00,,0.00,0.00,0.00,2.00,1,1.00,2.00,0.00,0.00,,,,11.11,11.11,14.29,14.29,17.95,17.95,21.21,21.21,0.00,0.00
Costa Rica,CRI,20200225,0.00,,0.00,,0.00,,0.00,,0.00,,0.00,,0.00,,0.00,0.00,,0.00,0.00,0.00,2.00,1,1.00,2.00,0.00,0.00,,,,11.11,11.11,14.29,14.29,17.95,17.95,21.21,21.21,0.00,0.00
Costa Rica,CRI,20200226,0.00,,0.00,,0.00,,0.00,,0.00,,0.00,,0.00,,0.00,0.00,,0.00,0.00,0.00,2.00,1,1.00,2.00,0.00,0.00,,,,11.11,11.11,14.29,14.29,17.95,17.95,21.21,21.21,0.00,0.00
Costa Rica,CRI,20200227,0.00,,0.00,,0.00,,0.00,,0.00,,0.00,,0.00,,0.00,0.00,,0.00,0.00,0.00,2.00,1,1.00,2.00,0.00,0.00,,,,11.11,11.11,14.29,14.29,17.95,17.95,21.21,21.21,0.00,0.00
Costa Rica,CRI,20200228,0.00,,0.00,,0.00,,0.00,,0.00,,0.00,,0.00,,0.00,0.00,,0.00,0.00,0.00,2.00,1,1.00,2.00,0.00,0.00,,,,11.11,11.11,14.29,14.29,17.95,17.95,21.21,21.21,0.00,0.00
Costa Rica,CRI,20200229,0.00,,0.00,,0.00,,0.00,,0.00,,0.00,,0.00,,0.00,0.00,,0.00,0.00,0.00,2.00,1,1.00,2.00,0.00,0.00,,,,11.11,11.11,14.29,14.29,17.95,17.95,21.21,21.21,0.00,0.00
Costa Rica,CRI,20200301,0.00,,0.00,,0.00,,0.00,,0.00,,0.00,,0.00,,0.00,0.00,,0.00,0.00,0.00,2.00,1,1.00,2.00,0.00,0.00,,,,11.11,11.11,14.29,14.29,17.95,17.95,21.21,21.21,0.00,0.00
Costa Rica,CRI,20200302,0.00,,0.00,,0.00,,0.00,,0.00,,0.00,,0.00,,0.00,0.00,,0.00,0.00,0.00,2.00,1,1.00,2.00,0.00,0.00,,,,11.11,11.11,14.29,14.29,17.95,17.95,21.21,21.21,0.00,0.00
Costa Rica,CRI,20200303,0.00,,0.00,,0.00,,0.00,,0.00,,0.00,,0.00,,0.00,0.00,,0.00,0.00,0.00,2.00,1,1.00,2.00,0.00,0.00,,,,11.11,11.11,14.29,14.29,17.95,17.95,21.21,21.21,0.00,0.00
Costa Rica,CRI,20200304,0.00,,0.00,,0.00,,0.00,,0.00,,0.00,,0.00,,0.00,0.00,,0.00,0.00,0.00,2.00,1,1.00,2.00,0.00,0.00,,,,11.11,11.11,14.29,14.29,17.95,17.95,21.21,21.21,0.00,0.00
Costa Rica,CRI,20200305,0.00,,0.00,,0.00,,0.00,,0.00,,0.00,,0.00,,0.00,0.00,,0.00,0.00,0.00,2.00,1,1.00,2.00,0.00,0.00,,,,11.11,11.11,14.29,14.29,17.95,17.95,21.21,21.21,0.00,0.00
Costa Rica,CRI,20200306,0.00,,0.00,,0.00,,0.00,,0.00,,0.00,,0.00,,0.00,0.00,,0.00,0.00,0.00,2.00,1,1.00,2.00,0.00,0.00,,,,11.11,11.11,14.29,14.29,17.95,17.95,21.21,21.21,0.00,0.00
Costa Rica,CRI,20200307,0.00,,0.00,,0.00,,0.00,,0.00,,0.00,,0.00,,0.00,0.00,,0.00,0.00,0.00,2.00,1,1.00,2.00,0.00,0.00,,1,0,11.11,11.11,14.29,14.29,17.95,17.95,21.21,21.21,0.00,0.00
Costa Rica,CRI,20200308,0.00,,0.00,,0.00,,0.00,,0.00,,0.00,,0.00,,0.00,0.00,,0.00,0.00,0.00,2.00,1,1.00,2.00,0.00,0.00,,,,11.11,11.11,14.29,14.29,17.95,17.95,21.21,21.21,0.00,0.00
Costa Rica,CRI,20200309,0.00,,0.00,,0.00,,0.00,,0.00,,0.00,,0.00,,0.00,0.00,,0.00,0.00,0.00,2.00,1,1.00,2.00,0.00,0.00,,5,0,11.11,11.11,14.29,14.29,17.95,17.95,21.21,21.21,0.00,0.00
Costa Rica,CRI,20200310,0.00,,2.00,1,2.00,1,0.00,,0.00,,0.00,,0.00,,0.00,0.00,,0.00,0.00,0.00,2.00,1,1.00,2.00,0.00,0.00,,9,0,29.63,29.63,39.29,39.29,30.77,30.77,36.36,36.36,0.00,0.00
Costa Rica,CRI,20200311,0.00,,2.00,1,2.00,1,0.00,,0.00,,0.00,,0.00,,0.00,0.00,,0.00,0.00,0.00,2.00,1,1.00,2.00,0.00,0.00,,13,0,29.63,29.63,39.29,39.29,30.77,30.77,36.36,36.36,0.00,0.00
Costa Rica,CRI,20200312,2.00,1,2.00,1,2.00,1,0.00,,0.00,,0.00,,0.00,,0.00,0.00,,0.00,0.00,0.00,2.00,1,1.00,2.00,0.00,0.00,,22,0,37.04,37.04,50.00,50.00,35.90,35.90,42.42,42.42,0.00,0.00
Costa Rica,CRI,20200313,2.00,1,2.00,1,2.00,1,0.00,,0.00,,0.00,,0.00,,0.00,0.00,,0.00,0.00,0.00,2.00,1,1.00,2.00,0.00,0.00,,23,0,37.04,37.04,50.00,50.00,35.90,35.90,42.42,42.42,0.00,0.00
Costa Rica,CRI,20200314,2.00,1,2.00,1,2.00,1,0.00,,0.00,,0.00,,0.00,,0.00,0.00,,0.00,0.00,0.00,2.00,1,1.00,2.00,0.00,0.00,,26,0,37.04,37.04,50.00,50.00,35.90,35.90,42.42,42.42,0.00,0.00
Costa Rica,CRI,20200315,2.00,1,2.00,1,2.00,1,0.00,,0.00,,0.00,,0.00,,0.00,0.00,,0.00,0.00,0.00,2.00,1,1.00,2.00,0.00,0.00,,27,0,37.04,37.04,50.00,50.00,35.90,35.90,42.42,42.42,0.00,0.00
Costa Rica,CRI,20200316,2.00,1,2.00,1,2.00,1,0.00,,0.00,,0.00,,0.00,,0.00,0.00,,0.00,0.00,0.00,2.00,1,1.00,2.00,0.00,0.00,,35,0,37.04,37.04,50.00,50.00,35.90,35.90,42.42,42.42,0.00,0.00
Costa Rica,CRI,20200317,3.00,1,2.00,1,2.00,1,0.00,,0.00,,0.00,,2.00,1,4.00,0.00,,0.00,0.00,0.00,2.00,1,1.00,2.00,0.00,0.00,,41,0,62.96,62.96,82.14,82.14,53.85,53.85,63.64,63.64,0.00,0.00
Costa Rica,CRI,20200318,3.00,1,2.00,1,2.00,1,0.00,,0.00,,0.00,,2.00,1,4.00,0.00,,0.00,0.00,0.00,2.00,1,1.00,2.00,0.00,0.00,,50,0,62.96,62.96,82.14,82.14,53.85,53.85,63.64,63.64,0.00,0.00
Costa Rica,CRI,20200319,3.00,1,2.00,1,2.00,1,0.00,,0.00,,0.00,,2.00,1,4.00,0.00,,0.00,0.00,0.00,2.00,1,1.00,2.00,0.00,0.00,,69,1,62.96,62.96,82.14,82.14,53.85,53.85,63.64,63.64,0.00,0.00
Costa Rica,CRI,20200320,3.00,1,2.00,1,2.00,1,0.00,,0.00,,0.00,,2.00,1,4.00,0.00,,1.00,0.00,0.00,2.00,1,1.00,2.00,0.00,0.00,,87,1,62.96,62.96,82.14,82.14,57.69,57.69,63.64,63.64,25.00,25.00
Costa Rica,CRI,20200321,3.00,1,2.00,1,2.00,1,0.00,,2.00,0,0.00,,2.00,1,4.00,0.00,,1.00,0.00,0.00,2.00,1,1.00,2.00,0.00,0.00,,113,2,71.30,71.30,91.67,91.67,63.46,63.46,70.45,70.45,25.00,25.00
Costa Rica,CRI,20200322,3.00,1,2.00,1,2.00,1,0.00,,2.00,0,0.00,,2.00,1,4.00,0.00,,1.00,0.00,0.00,2.00,1,1.00,2.00,0.00,0.00,,117,2,71.30,71.30,91.67,91.67,63.46,63.46,70.45,70.45,25.00,25.00
Costa Rica,CRI,20200323,3.00,1,2.00,1,2.00,1,0.00,,2.00,0,0.00,,2.00,1,4.00,0.00,,1.00,0.00,0.00,2.00,1,1.00,2.00,0.00,0.00,,134,2,71.30,71.30,91.67,91.67,63.46,63.46,70.45,70.45,25.00,25.00
Costa Rica,CRI,20200324,3.00,1,2.00,1,2.00,1,0.00,,2.00,0,0.00,,2.00,1,4.00,0.00,,1.00,0.00,0.00,2.00,1,1.00,2.00,0.00,0.00,,158,2,71.30,71.30,91.67,91.67,63.46,63.46,70.45,70.45,25.00,25.00
Costa Rica,CRI,20200325,3.00,1,2.00,1,2.00,1,0.00,,2.00,0,0.00,,2.00,1,4.00,0.00,,1.00,0.00,0.00,2.00,1,1.00,2.00,0.00,0.00,,177,2,71.30,71.30,91.67,91.67,63.46,63.46,70.45,70.45,25.00,25.00
Costa Rica,CRI,20200326,3.00,1,2.00,1,2.00,1,0.00,,2.00,0,0.00,,2.00,1,4.00,0.00,,1.00,0.00,0.00,2.00,1,1.00,2.00,0.00,0.00,,201,2,71.30,71.30,91.67,91.67,63.46,63.46,70.45,70.45,25.00,25.00
Costa Rica,CRI,20200327,3.00,1,2.00,1,2.00,1,0.00,,2.00,0,0.00,,2.00,1,4.00,0.00,,1.00,0.00,0.00,2.00,1,1.00,2.00,0.00,0.00,,231,2,71.30,71.30,91.67,91.67,63.46,63.46,70.45,70.45,25.00,25.00
Costa Rica,CRI,20200328,3.00,1,2.00,1,2.00,1,0.00,,2.00,0,0.00,,2.00,1,4.00,0.00,,1.00,0.00,0.00,2.00,1,1.00,2.00,0.00,0.00,,263,2,71.30,71.30,91.67,91.67,63.46,63.46,70.45,70.45,25.00,25.00
Costa Rica,CRI,20200329,3.00,1,2.00,1,2.00,1,0.00,,2.00,0,0.00,,2.00,1,4.00,0.00,,1.00,0.00,0.00,2.00,1,1.00,2.00,0.00,0.00,,295,2,71.30,71.30,91.67,91.67,63.46,63.46,70.45,70.45,25.00,25.00
Costa Rica,CRI,20200330,3.00,1,2.00,1,2.00,1,0.00,,2.00,0,0.00,,2.00,1,4.00,0.00,,1.00,0.00,0.00,2.00,1,1.00,2.00,0.00,0.00,,314,2,71.30,71.30,91.67,91.67,63.46,63.46,70.45,70.45,25.00,25.00
Costa Rica,CRI,20200331,3.00,1,2.00,1,2.00,1,0.00,,2.00,0,0.00,,2.00,1,4.00,0.00,,1.00,0.00,0.00,2.00,1,1.00,2.00,0.00,0.00,,330,2,71.30,71.30,91.67,91.67,63.46,63.46,70.45,70.45,25.00,25.00
Costa Rica,CRI,20200401,3.00,1,2.00,1,2.00,1,0.00,,2.00,0,1.00,1,2.00,1,4.00,0.00,,1.00,0.00,0.00,2.00,1,1.00,2.00,0.00,0.00,,347,2,75.00,75.00,91.67,91.67,66.03,66.03,73.48,73.48,25.00,25.00
Costa Rica,CRI,20200402,3.00,1,2.00,1,2.00,1,0.00,,2.00,0,1.00,1,2.00,1,4.00,0.00,,1.00,0.00,0.00,2.00,1,1.00,2.00,0.00,0.00,,375,2,75.00,75.00,91.67,91.67,66.03,66.03,73.48,73.48,25.00,25.00
Costa Rica,CRI,20200403,3.00,1,2.00,1,2.00,1,0.00,,2.00,0,1.00,1,2.00,1,4.00,0.00,,1.00,0.00,0.00,2.00,1,1.00,2.00,0.00,0.00,,396,2,75.00,75.00,91.67,91.67,66.03,66.03,73.48,73.48,25.00,25.00
Costa Rica,CRI,20200404,3.00,1,2.00,1,2.00,1,0.00,,2.00,0,1.00,1,2.00,1,4.00,0.00,,1.00,0.00,0.00,2.00,1,1.00,2.00,0.00,0.00,,416,2,75.00,75.00,91.67,91.67,66.03,66.03,73.48,73.48,25.00,25.00
Costa Rica,CRI,20200405,3.00,1,2.00,1,2.00,1,0.00,,2.00,0,1.00,1,2.00,1,4.00,0.00,,1.00,0.00,0.00,2.00,1,1.00,2.00,0.00,0.00,,435,2,75.00,75.00,91.67,91.67,66.03,66.03,73.48,73.48,25.00,25.00
Costa Rica,CRI,20200406,3.00,1,2.00,1,2.00,1,0.00,,2.00,0,1.00,1,2.00,1,4.00,0.00,,1.00,0.00,0.00,2.00,1,1.00,2.00,0.00,0.00,,454,2,75.00,75.00,91.67,91.67,66.03,66.03,73.48,73.48,25.00,25.00
Costa Rica,CRI,20200407,3.00,1,2.00,1,2.00,1,0.00,,2.00,0,1.00,1,2.00,1,4.00,0.00,,1.00,0.00,0.00,2.00,1,1.00,2.00,0.00,0.00,,467,2,75.00,75.00,91.67,91.67,66.03,66.03,73.48,73.48,25.00,25.00
Costa Rica,CRI,20200408,3.00,1,2.00,1,2.00,1,0.00,,2.00,1,1.00,1,2.00,1,4.00,0.00,,1.00,503200000.00,0.00,2.00,1,1.00,2.00,0.00,0.00,,483,2,77.78,77.78,96.43,96.43,67.95,67.95,75.76,75.76,25.00,25.00
Costa Rica,CRI,20200409,3.00,1,2.00,1,2.00,1,0.00,,2.00,1,1.00,1,2.00,1,4.00,1.00,1,1.00,0.00,0.00,2.00,1,1.00,2.00,0.00,0.00,,502,2,77.78,77.78,96.43,96.43,71.79,71.79,75.76,75.76,50.00,50.00
Costa Rica,CRI,20200410,3.00,1,2.00,1,2.00,1,0.00,,2.00,1,1.00,1,2.00,1,4.00,1.00,1,1.00,0.00,0.00,2.00,1,1.00,2.00,0.00,0.00,,539,3,77.78,77.78,96.43,96.43,71.79,71.79,75.76,75.76,50.00,50.00
Costa Rica,CRI,20200411,3.00,1,2.00,1,2.00,1,0.00,,2.00,1,1.00,1,2.00,1,4.00,1.00,1,1.00,0.00,0.00,2.00,1,1.00,2.00,0.00,0.00,,558,3,77.78,77.78,96.43,96.43,71.79,71.79,75.76,75.76,50.00,50.00
Costa Rica,CRI,20200412,3.00,1,2.00,1,2.00,1,0.00,,2.00,1,1.00,1,2.00,1,4.00,1.00,1,1.00,0.00,0.00,2.00,1,1.00,2.00,0.00,0.00,,577,3,77.78,77.78,96.43,96.43,71.79,71.79,75.76,75.76,50.00,50.00
Costa Rica,CRI,20200413,3.00,1,3.00,1,2.00,1,0.00,,1.00,1,1.00,1,2.00,1,4.00,1.00,1,1.00,0.00,0.00,2.00,1,1.00,2.00,0.00,0.00,,595,3,75.93,75.93,95.24,95.24,70.51,70.51,74.24,74.24,50.00,50.00
Costa Rica,CRI,20200414,3.00,1,3.00,1,2.00,1,0.00,,1.00,1,1.00,1,2.00,1,4.00,1.00,1,1.00,0.00,0.00,2.00,1,1.00,2.00,0.00,0.00,,612,3,75.93,75.93,95.24,95.24,70.51,70.51,74.24,74.24,50.00,50.00
Costa Rica,CRI,20200415,3.00,1,3.00,1,2.00,1,0.00,,1.00,1,1.00,1,2.00,1,4.00,1.00,1,1.00,0.00,0.00,2.00,1,1.00,2.00,0.00,0.00,,618,3,75.93,75.93,95.24,95.24,70.51,70.51,74.24,74.24,50.00,50.00
Costa Rica,CRI,20200416,3.00,1,3.00,1,2.00,1,0.00,,1.00,1,1.00,1,2.00,1,4.00,1.00,1,1.00,0.00,0.00,2.00,1,1.00,2.00,0.00,0.00,,626,4,75.93,75.93,95.24,95.24,70.51,70.51,74.24,74.24,50.00,50.00
Costa Rica,CRI,20200417,3.00,1,3.00,1,2.00,1,0.00,,1.00,1,1.00,1,2.00,1,4.00,1.00,1,1.00,0.00,0.00,2.00,1,1.00,2.00,0.00,0.00,,642,4,75.93,75.93,95.24,95.24,70.51,70.51,74.24,74.24,50.00,50.00
Costa Rica,CRI,20200418,3.00,1,3.00,1,2.00,1,0.00,,1.00,1,1.00,1,2.00,1,4.00,1.00,1,1.00,0.00,0.00,2.00,1,1.00,2.00,0.00,0.00,,649,4,75.93,75.93,95.24,95.24,70.51,70.51,74.24,74.24,50.00,50.00
Costa Rica,CRI,20200419,3.00,1,3.00,1,2.00,1,0.00,,1.00,1,1.00,1,2.00,1,4.00,1.00,1,1.00,0.00,0.00,2.00,1,1.00,2.00,0.00,0.00,,655,4,75.93,75.93,95.24,95.24,70.51,70.51,74.24,74.24,50.00,50.00
Costa Rica,CRI,20200420,3.00,1,3.00,1,2.00,1,0.00,,1.00,1,1.00,1,2.00,1,4.00,1.00,1,1.00,0.00,0.00,2.00,1,1.00,2.00,0.00,0.00,,660,4,75.93,75.93,95.24,95.24,70.51,70.51,74.24,74.24,50.00,50.00
Costa Rica,CRI,20200421,3.00,1,3.00,1,2.00,1,0.00,,1.00,1,1.00,1,2.00,1,4.00,1.00,1,1.00,0.00,0.00,2.00,1,1.00,2.00,0.00,0.00,,662,6,75.93,75.93,95.24,95.24,70.51,70.51,74.24,74.24,50.00,50.00
Costa Rica,CRI,20200422,3.00,1,3.00,1,2.00,1,0.00,,1.00,1,1.00,1,2.00,1,4.00,1.00,1,1.00,0.00,0.00,2.00,1,1.00,2.00,0.00,0.00,,669,6,75.93,75.93,95.24,95.24,70.51,70.51,74.24,74.24,50.00,50.00
Costa Rica,CRI,20200423,3.00,1,3.00,1,2.00,1,0.00,,1.00,1,1.00,1,2.00,1,4.00,1.00,1,1.00,0.00,0.00,2.00,1,1.00,2.00,0.00,0.00,,681,6,75.93,75.93,95.24,95.24,70.51,70.51,74.24,74.24,50.00,50.00
Costa Rica,CRI,20200424,3.00,1,3.00,1,2.00,1,0.00,,1.00,1,1.00,1,2.00,1,4.00,1.00,1,1.00,0.00,0.00,2.00,1,1.00,2.00,0.00,0.00,,687,6,75.93,75.93,95.24,95.24,70.51,70.51,74.24,74.24,50.00,50.00
Costa Rica,CRI,20200425,3.00,1,3.00,1,2.00,1,0.00,,1.00,1,1.00,1,2.00,1,4.00,1.00,1,1.00,0.00,0.00,2.00,1,1.00,2.00,0.00,0.00,,687,6,75.93,75.93,95.24,95.24,70.51,70.51,74.24,74.24,50.00,50.00
Costa Rica,CRI,20200426,3.00,1,3.00,1,2.00,1,0.00,,1.00,1,1.00,1,2.00,1,4.00,1.00,1,1.00,0.00,0.00,2.00,1,1.00,2.00,0.00,0.00,,693,6,75.93,75.93,95.24,95.24,70.51,70.51,74.24,74.24,50.00,50.00
Costa Rica,CRI,20200427,3.00,1,3.00,1,2.00,1,2.00,1,1.00,1,1.00,1,2.00,1,4.00,1.00,1,1.00,0.00,0.00,2.00,1,1.00,2.00,0.00,0.00,,695,6,81.48,81.48,95.24,95.24,74.36,74.36,78.79,78.79,50.00,50.00
Costa Rica,CRI,20200428,3.00,1,3.00,1,2.00,1,2.00,1,1.00,1,1.00,1,2.00,1,4.00,1.00,1,1.00,0.00,0.00,2.00,1,1.00,2.00,0.00,0.00,,697,6,81.48,81.48,95.24,95.24,74.36,74.36,78.79,78.79,50.00,50.00
Costa Rica,CRI,20200429,3.00,1,3.00,1,2.00,1,2.00,1,1.00,1,1.00,1,2.00,1,4.00,1.00,1,1.00,0.00,0.00,2.00,1,1.00,2.00,0.00,0.00,,705,6,81.48,81.48,95.24,95.24,74.36,74.36,78.79,78.79,50.00,50.00
Costa Rica,CRI,20200430,3.00,1,3.00,1,2.00,1,2.00,1,1.00,1,1.00,1,2.00,1,4.00,1.00,1,1.00,0.00,0.00,2.00,1,1.00,2.00,0.00,0.00,,713,6,81.48,81.48,95.24,95.24,74.36,74.36,78.79,78.79,50.00,50.00
Costa Rica,CRI,20200501,3.00,1,2.00,1,2.00,1,2.00,1,0.00,,1.00,1,2.00,1,4.00,1.00,1,1.00,0.00,0.00,2.00,1,1.00,2.00,0.00,0.00,,719,6,72.22,72.22,82.14,82.14,67.95,67.95,71.21,71.21,50.00,50.00
Costa Rica,CRI,20200502,3.00,1,2.00,1,2.00,1,2.00,1,0.00,,1.00,1,2.00,1,4.00,1.00,1,1.00,0.00,0.00,2.00,1,1.00,2.00,0.00,0.00,,725,6,72.22,72.22,82.14,82.14,67.95,67.95,71.21,71.21,50.00,50.00
Costa Rica,CRI,20200503,3.00,1,2.00,1,2.00,1,2.00,1,0.00,,1.00,1,2.00,1,4.00,1.00,1,1.00,0.00,0.00,2.00,1,1.00,2.00,0.00,0.00,,733,6,72.22,72.22,82.14,82.14,67.95,67.95,71.21,71.21,50.00,50.00
Costa Rica,CRI,20200504,3.00,1,2.00,1,2.00,1,2.00,1,0.00,,1.00,1,2.00,1,4.00,1.00,1,1.00,0.00,0.00,2.00,1,1.00,2.00,0.00,0.00,,739,6,72.22,72.22,82.14,82.14,67.95,67.95,71.21,71.21,50.00,50.00
Costa Rica,CRI,20200505,3.00,1,2.00,1,2.00,1,2.00,1,0.00,,1.00,1,2.00,1,4.00,1.00,1,1.00,0.00,0.00,2.00,1,1.00,2.00,0.00,0.00,,742,6,72.22,72.22,82.14,82.14,67.95,67.95,71.21,71.21,50.00,50.00
Costa Rica,CRI,20200506,3.00,1,2.00,1,2.00,1,2.00,1,0.00,,1.00,1,2.00,1,4.00,1.00,1,1.00,0.00,0.00,2.00,1,1.00,2.00,0.00,0.00,,755,6,72.22,72.22,82.14,82.14,67.95,67.95,71.21,71.21,50.00,50.00
Costa Rica,CRI,20200507,3.00,1,2.00,1,2.00,1,2.00,1,0.00,,1.00,1,2.00,1,4.00,1.00,1,1.00,0.00,0.00,2.00,1,1.00,2.00,0.00,0.00,,761,6,72.22,72.22,82.14,82.14,67.95,67.95,71.21,71.21,50.00,50.00
Costa Rica,CRI,20200508,3.00,1,2.00,1,2.00,1,2.00,1,0.00,,1.00,1,2.00,1,4.00,1.00,1,1.00,1552961.00,0.00,2.00,1,1.00,2.00,0.00,0.00,,765,6,72.22,72.22,82.14,82.14,67.95,67.95,71.21,71.21,50.00,50.00
Costa Rica,CRI,20200509,3.00,1,2.00,1,2.00,1,2.00,1,0.00,,1.00,1,2.00,1,4.00,1.00,1,1.00,0.00,0.00,2.00,1,1.00,2.00,0.00,0.00,,773,6,72.22,72.22,82.14,82.14,67.95,67.95,71.21,71.21,50.00,50.00
Costa Rica,CRI,20200510,3.00,1,2.00,1,2.00,1,2.00,1,0.00,,1.00,1,2.00,1,4.00,1.00,1,1.00,0.00,0.00,2.00,1,1.00,2.00,0.00,0.00,,780,6,72.22,72.22,82.14,82.14,67.95,67.95,71.21,71.21,50.00,50.00
Costa Rica,CRI,20200511,3.00,1,2.00,1,2.00,1,2.00,1,0.00,,1.00,1,2.00,1,4.00,1.00,1,1.00,0.00,0.00,2.00,1,1.00,2.00,0.00,0.00,,792,6,72.22,72.22,82.14,82.14,67.95,67.95,71.21,71.21,50.00,50.00
Costa Rica,CRI,20200512,3.00,1,2.00,1,2.00,1,2.00,1,0.00,,1.00,1,2.00,1,4.00,1.00,1,1.00,0.00,0.00,2.00,1,1.00,2.00,0.00,0.00,,801,7,72.22,72.22,82.14,82.14,67.95,67.95,71.21,71.21,50.00,50.00
Costa Rica,CRI,20200513,3.00,1,2.00,1,2.00,1,2.00,1,0.00,,1.00,1,2.00,1,4.00,1.00,1,1.00,0.00,0.00,2.00,1,1.00,2.00,0.00,0.00,,804,7,72.22,72.22,82.14,82.14,67.95,67.95,71.21,71.21,50.00,50.00
Costa Rica,CRI,20200514,3.00,1,2.00,1,2.00,1,2.00,1,0.00,,1.00,1,2.00,1,4.00,1.00,1,1.00,0.00,0.00,2.00,1,1.00,2.00,0.00,0.00,,815,7,72.22,72.22,82.14,82.14,67.95,67.95,71.21,71.21,50.00,50.00
Costa Rica,CRI,20200515,3.00,1,2.00,1,2.00,1,2.00,1,0.00,,1.00,1,2.00,1,4.00,1.00,1,1.00,0.00,0.00,2.00,1,1.00,2.00,0.00,0.00,,830,8,72.22,72.22,82.14,82.14,67.95,67.95,71.21,71.21,50.00,50.00
Costa Rica,CRI,20200516,3.00,1,2.00,1,2.00,1,2.00,1,0.00,,1.00,1,2.00,1,4.00,1.00,1,1.00,0.00,0.00,2.00,1,1.00,2.00,0.00,0.00,,843,8,72.22,72.22,82.14,82.14,67.95,67.95,71.21,71.21,50.00,50.00
Costa Rica,CRI,20200517,3.00,1,2.00,1,2.00,1,2.00,1,0.00,,1.00,1,2.00,1,4.00,1.00,1,1.00,0.00,0.00,2.00,1,1.00,2.00,0.00,0.00,,853,10,72.22,72.22,82.14,82.14,67.95,67.95,71.21,71.21,50.00,50.00
Costa Rica,CRI,20200518,3.00,1,2.00,1,2.00,1,2.00,1,0.00,,1.00,1,2.00,1,4.00,1.00,1,1.00,0.00,0.00,2.00,1,1.00,2.00,0.00,0.00,,863,10,72.22,72.22,82.14,82.14,67.95,67.95,71.21,71.21,50.00,50.00
Costa Rica,CRI,20200519,3.00,1,2.00,1,2.00,1,2.00,1,0.00,,1.00,1,2.00,1,4.00,1.00,1,1.00,0.00,0.00,2.00,1,1.00,2.00,0.00,0.00,,866,10,72.22,72.22,82.14,82.14,67.95,67.95,71.21,71.21,50.00,50.00
Costa Rica,CRI,20200520,3.00,1,2.00,1,2.00,1,2.00,1,0.00,,1.00,1,2.00,1,4.00,1.00,1,1.00,0.00,0.00,2.00,1,1.00,2.00,0.00,0.00,,882,10,72.22,72.22,82.14,82.14,67.95,67.95,71.21,71.21,50.00,50.00
Costa Rica,CRI,20200521,3.00,1,2.00,1,2.00,1,2.00,1,0.00,,1.00,1,2.00,1,4.00,1.00,1,1.00,0.00,0.00,2.00,1,1.00,2.00,0.00,0.00,,897,10,72.22,72.22,82.14,82.14,67.95,67.95,71.21,71.21,50.00,50.00
Costa Rica,CRI,20200522,3.00,1,2.00,1,2.00,1,2.00,1,0.00,,1.00,1,2.00,1,4.00,1.00,1,1.00,0.00,0.00,2.00,1,1.00,2.00,0.00,0.00,,903,10,72.22,72.22,82.14,82.14,67.95,67.95,71.21,71.21,50.00,50.00
Costa Rica,CRI,20200523,3.00,1,2.00,1,2.00,1,2.00,1,0.00,,1.00,1,2.00,1,4.00,1.00,1,1.00,0.00,0.00,2.00,1,1.00,2.00,0.00,0.00,,911,10,72.22,72.22,82.14,82.14,67.95,67.95,71.21,71.21,50.00,50.00
Costa Rica,CRI,20200524,3.00,1,2.00,1,2.00,1,2.00,1,0.00,,1.00,1,2.00,1,4.00,1.00,1,1.00,0.00,0.00,2.00,1,1.00,2.00,0.00,0.00,,918,10,72.22,72.22,82.14,82.14,67.95,67.95,71.21,71.21,50.00,50.00
Costa Rica,CRI,20200525,3.00,1,2.00,1,2.00,1,2.00,1,0.00,,1.00,1,2.00,1,4.00,1.00,1,1.00,0.00,0.00,2.00,1,1.00,2.00,0.00,0.00,,930,10,72.22,72.22,82.14,82.14,67.95,67.95,71.21,71.21,50.00,50.00
Costa Rica,CRI,20200526,3.00,1,2.00,1,2.00,1,2.00,1,0.00,,1.00,1,2.00,1,4.00,1.00,1,1.00,0.00,0.00,2.00,1,1.00,2.00,0.00,0.00,,951,10,72.22,72.22,82.14,82.14,67.95,67.95,71.21,71.21,50.00,50.00
Costa Rica,CRI,20200527,3.00,1,2.00,1,2.00,1,2.00,1,0.00,,1.00,1,2.00,1,4.00,1.00,1,1.00,0.00,0.00,2.00,1,1.00,2.00,0.00,0.00,,956,10,72.22,72.22,82.14,82.14,67.95,67.95,71.21,71.21,50.00,50.00
Costa Rica,CRI,20200528,3.00,1,2.00,1,2.00,1,2.00,1,0.00,,1.00,1,2.00,1,4.00,1.00,1,1.00,0.00,0.00,2.00,1,1.00,2.00,0.00,0.00,,984,10,72.22,72.22,82.14,82.14,67.95,67.95,71.21,71.21,50.00,50.00
Costa Rica,CRI,20200529,3.00,1,2.00,1,2.00,1,2.00,1,0.00,,1.00,1,2.00,1,4.00,1.00,1,1.00,0.00,0.00,2.00,1,1.00,2.00,0.00,0.00,,1000,10,72.22,72.22,82.14,82.14,67.95,67.95,71.21,71.21,50.00,50.00
Costa Rica,CRI,20200530,3.00,1,2.00,1,2.00,1,2.00,1,0.00,,1.00,1,2.00,1,4.00,1.00,1,1.00,0.00,0.00,2.00,1,1.00,2.00,0.00,0.00,,1022,10,72.22,72.22,82.14,82.14,67.95,67.95,71.21,71.21,50.00,50.00
Costa Rica,CRI,20200531,3.00,1,2.00,1,2.00,1,2.00,1,0.00,,1.00,1,2.00,1,4.00,1.00,1,1.00,0.00,0.00,2.00,1,1.00,2.00,0.00,0.00,,1047,10,72.22,72.22,82.14,82.14,67.95,67.95,71.21,71.21,50.00,50.00
Costa Rica,CRI,20200601,3.00,1,2.00,1,2.00,1,2.00,1,0.00,,1.00,1,2.00,1,4.00,1.00,1,1.00,0.00,0.00,2.00,1,1.00,2.00,0.00,0.00,,1056,10,72.22,72.22,82.14,82.14,67.95,67.95,71.21,71.21,50.00,50.00
Costa Rica,CRI,20200602,3.00,1,2.00,1,2.00,1,2.00,1,0.00,,1.00,1,2.00,1,4.00,1.00,1,1.00,0.00,0.00,2.00,1,1.00,2.00,0.00,0.00,,1084,10,72.22,72.22,82.14,82.14,67.95,67.95,71.21,71.21,50.00,50.00
Costa Rica,CRI,20200603,3.00,1,2.00,1,2.00,1,2.00,1,0.00,,1.00,1,2.00,1,4.00,1.00,1,1.00,0.00,0.00,2.00,1,1.00,2.00,0.00,0.00,,1105,10,72.22,72.22,82.14,82.14,67.95,67.95,71.21,71.21,50.00,50.00
Costa Rica,CRI,20200604,3.00,1,2.00,1,2.00,1,2.00,1,0.00,,1.00,1,2.00,1,4.00,1.00,1,1.00,0.00,0.00,2.00,1,1.00,2.00,0.00,0.00,,1157,10,72.22,72.22,82.14,82.14,67.95,67.95,71.21,71.21,50.00,50.00
Costa Rica,CRI,20200605,3.00,1,2.00,1,2.00,1,2.00,1,0.00,,1.00,1,2.00,1,4.00,1.00,1,1.00,0.00,0.00,2.00,1,1.00,2.00,0.00,0.00,,1194,10,72.22,72.22,82.14,82.14,67.95,67.95,71.21,71.21,50.00,50.00
Costa Rica,CRI,20200606,3.00,1,2.00,1,2.00,1,2.00,1,0.00,,1.00,1,2.00,1,4.00,1.00,1,1.00,0.00,0.00,2.00,1,1.00,2.00,0.00,0.00,,1228,10,72.22,72.22,82.14,82.14,67.95,67.95,71.21,71.21,50.00,50.00
Costa Rica,CRI,20200607,3.00,1,2.00,1,2.00,1,2.00,1,0.00,,1.00,1,2.00,1,4.00,1.00,1,1.00,0.00,0.00,2.00,1,1.00,2.00,0.00,0.00,,1263,10,72.22,72.22,82.14,82.14,67.95,67.95,71.21,71.21,50.00,50.00
Costa Rica,CRI,20200608,3.00,1,2.00,1,2.00,1,2.00,1,0.00,,1.00,1,2.00,1,4.00,1.00,1,1.00,0.00,0.00,2.00,1,1.00,2.00,0.00,0.00,,1318,10,72.22,72.22,82.14,82.14,67.95,67.95,71.21,71.21,50.00,50.00
Costa Rica,CRI,20200609,3.00,1,2.00,1,2.00,1,2.00,1,0.00,,1.00,1,2.00,1,4.00,1.00,1,1.00,0.00,0.00,2.00,1,1.00,2.00,0.00,0.00,,1342,10,72.22,72.22,82.14,82.14,67.95,67.95,71.21,71.21,50.00,50.00
Costa Rica,CRI,20200610,3.00,1,2.00,1,2.00,1,2.00,1,0.00,,1.00,1,2.00,1,4.00,1.00,1,1.00,0.00,0.00,2.00,1,1.00,2.00,0.00,0.00,,1375,11,72.22,72.22,82.14,82.14,67.95,67.95,71.21,71.21,50.00,50.00
Costa Rica,CRI,20200611,3.00,1,2.00,1,2.00,1,2.00,1,0.00,,1.00,1,2.00,1,4.00,1.00,1,1.00,0.00,0.00,2.00,1,1.00,2.00,0.00,0.00,,1461,12,72.22,72.22,82.14,82.14,67.95,67.95,71.21,71.21,50.00,50.00
Costa Rica,CRI,20200612,3.00,1,2.00,1,2.00,1,2.00,1,0.00,,1.00,1,2.00,1,4.00,1.00,1,1.00,0.00,0.00,2.00,1,1.00,2.00,0.00,0.00,,1538,12,72.22,72.22,82.14,82.14,67.95,67.95,71.21,71.21,50.00,50.00
Costa Rica,CRI,20200613,3.00,1,2.00,1,2.00,1,2.00,1,0.00,,1.00,1,2.00,1,4.00,1.00,1,1.00,0.00,0.00,2.00,1,1.00,2.00,0.00,0.00,,1612,12,72.22,72.22,82.14,82.14,67.95,67.95,71.21,71.21,50.00,50.00
Costa Rica,CRI,20200614,3.00,1,2.00,1,2.00,1,2.00,1,0.00,,1.00,1,2.00,1,4.00,1.00,1,1.00,0.00,0.00,2.00,1,1.00,2.00,0.00,0.00,,1662,12,72.22,72.22,82.14,82.14,67.95,67.95,71.21,71.21,50.00,50.00
Costa Rica,CRI,20200615,3.00,1,2.00,1,2.00,1,2.00,1,0.00,,1.00,1,2.00,1,4.00,1.00,1,1.00,0.00,0.00,2.00,1,1.00,2.00,0.00,0.00,,1715,12,72.22,72.22,82.14,82.14,67.95,67.95,71.21,71.21,50.00,50.00
Costa Rica,CRI,20200616,3.00,1,2.00,1,2.00,1,2.00,1,0.00,,1.00,1,2.00,1,4.00,1.00,1,1.00,0.00,0.00,2.00,1,1.00,2.00,0.00,0.00,,1744,12,72.22,72.22,82.14,82.14,67.95,67.95,71.21,71.21,50.00,50.00
Costa Rica,CRI,20200617,3.00,1,2.00,1,2.00,1,2.00,1,0.00,,1.00,1,2.00,1,4.00,1.00,1,1.00,0.00,0.00,2.00,1,1.00,2.00,0.00,0.00,,1769,12,72.22,72.22,82.14,82.14,67.95,67.95,71.21,71.21,50.00,50.00
Costa Rica,CRI,20200618,3.00,1,2.00,1,2.00,1,2.00,1,0.00,,1.00,1,2.00,1,4.00,1.00,1,1.00,0.00,0.00,2.00,1,1.00,2.00,0.00,0.00,,1871,12,72.22,72.22,82.14,82.14,67.95,67.95,71.21,71.21,50.00,50.00
Costa Rica,CRI,20200619,3.00,1,2.00,1,2.00,1,2.00,1,0.00,,1.00,1,2.00,1,4.00,1.00,1,1.00,0.00,0.00,2.00,1,1.00,2.00,0.00,0.00,,1871,12,72.22,72.22,82.14,82.14,67.95,67.95,71.21,71.21,50.00,50.00
Costa Rica,CRI,20200620,3.00,1,2.00,1,2.00,1,2.00,1,0.00,,1.00,1,2.00,1,4.00,1.00,1,1.00,0.00,0.00,2.00,1,1.00,2.00,0.00,0.00,,2058,12,72.22,72.22,82.14,82.14,67.95,67.95,71.21,71.21,50.00,50.00
Costa Rica,CRI,20200621,3.00,1,2.00,1,2.00,1,2.00,1,0.00,,1.00,1,2.00,1,4.00,1.00,1,1.00,0.00,0.00,2.00,1,1.00,2.00,0.00,0.00,,2127,12,72.22,72.22,82.14,82.14,67.95,67.95,71.21,71.21,50.00,50.00
Costa Rica,CRI,20200622,3.00,1,2.00,1,2.00,1,2.00,1,0.00,,1.00,1,2.00,1,4.00,1.00,1,1.00,0.00,0.00,2.00,1,1.00,2.00,0.00,0.00,,2213,12,72.22,72.22,82.14,82.14,67.95,67.95,71.21,71.21,50.00,50.00
Costa Rica,CRI,20200623,,,,,,,,,,,,,,,,,,,,,,,,,,,,2277,12,,72.22,,82.14,,67.95,,71.21,,50.00
