Cuba,CUB,20200101,0.00,,0.00,,0.00,,0.00,,0.00,,0.00,,0.00,,0.00,0.00,,0.00,0.00,0.00,0.00,,0.00,0.00,0.00,0.00,,,,0.00,0.00,0.00,0.00,0.00,0.00,0.00,0.00,0.00,0.00
Cuba,CUB,20200102,0.00,,0.00,,0.00,,0.00,,0.00,,0.00,,0.00,,0.00,0.00,,0.00,0.00,0.00,0.00,,0.00,0.00,0.00,0.00,,,,0.00,0.00,0.00,0.00,0.00,0.00,0.00,0.00,0.00,0.00
Cuba,CUB,20200103,0.00,,0.00,,0.00,,0.00,,0.00,,0.00,,0.00,,0.00,0.00,,0.00,0.00,0.00,0.00,,0.00,0.00,0.00,0.00,,,,0.00,0.00,0.00,0.00,0.00,0.00,0.00,0.00,0.00,0.00
Cuba,CUB,20200104,0.00,,0.00,,0.00,,0.00,,0.00,,0.00,,0.00,,0.00,0.00,,0.00,0.00,0.00,0.00,,0.00,0.00,0.00,0.00,,,,0.00,0.00,0.00,0.00,0.00,0.00,0.00,0.00,0.00,0.00
Cuba,CUB,20200105,0.00,,0.00,,0.00,,0.00,,0.00,,0.00,,0.00,,0.00,0.00,,0.00,0.00,0.00,0.00,,0.00,0.00,0.00,0.00,,,,0.00,0.00,0.00,0.00,0.00,0.00,0.00,0.00,0.00,0.00
Cuba,CUB,20200106,0.00,,0.00,,0.00,,0.00,,0.00,,0.00,,0.00,,0.00,0.00,,0.00,0.00,0.00,0.00,,0.00,0.00,0.00,0.00,,,,0.00,0.00,0.00,0.00,0.00,0.00,0.00,0.00,0.00,0.00
Cuba,CUB,20200107,0.00,,0.00,,0.00,,0.00,,0.00,,0.00,,0.00,,0.00,0.00,,0.00,0.00,0.00,0.00,,0.00,0.00,0.00,0.00,,,,0.00,0.00,0.00,0.00,0.00,0.00,0.00,0.00,0.00,0.00
Cuba,CUB,20200108,0.00,,0.00,,0.00,,0.00,,0.00,,0.00,,0.00,,0.00,0.00,,0.00,0.00,0.00,0.00,,0.00,0.00,0.00,0.00,,,,0.00,0.00,0.00,0.00,0.00,0.00,0.00,0.00,0.00,0.00
Cuba,CUB,20200109,0.00,,0.00,,0.00,,0.00,,0.00,,0.00,,0.00,,0.00,0.00,,0.00,0.00,0.00,0.00,,0.00,0.00,0.00,0.00,,,,0.00,0.00,0.00,0.00,0.00,0.00,0.00,0.00,0.00,0.00
Cuba,CUB,20200110,0.00,,0.00,,0.00,,0.00,,0.00,,0.00,,0.00,,0.00,0.00,,0.00,0.00,0.00,0.00,,0.00,0.00,0.00,0.00,,,,0.00,0.00,0.00,0.00,0.00,0.00,0.00,0.00,0.00,0.00
Cuba,CUB,20200111,0.00,,0.00,,0.00,,0.00,,0.00,,0.00,,0.00,,0.00,0.00,,0.00,0.00,0.00,0.00,,0.00,0.00,0.00,0.00,,,,0.00,0.00,0.00,0.00,0.00,0.00,0.00,0.00,0.00,0.00
Cuba,CUB,20200112,0.00,,0.00,,0.00,,0.00,,0.00,,0.00,,0.00,,0.00,0.00,,0.00,0.00,0.00,0.00,,0.00,0.00,0.00,0.00,,,,0.00,0.00,0.00,0.00,0.00,0.00,0.00,0.00,0.00,0.00
Cuba,CUB,20200113,0.00,,0.00,,0.00,,0.00,,0.00,,0.00,,0.00,,0.00,0.00,,0.00,0.00,0.00,0.00,,0.00,0.00,0.00,0.00,,,,0.00,0.00,0.00,0.00,0.00,0.00,0.00,0.00,0.00,0.00
Cuba,CUB,20200114,0.00,,0.00,,0.00,,0.00,,0.00,,0.00,,0.00,,0.00,0.00,,0.00,0.00,0.00,0.00,,0.00,0.00,0.00,0.00,,,,0.00,0.00,0.00,0.00,0.00,0.00,0.00,0.00,0.00,0.00
Cuba,CUB,20200115,0.00,,0.00,,0.00,,0.00,,0.00,,0.00,,0.00,,0.00,0.00,,0.00,0.00,0.00,0.00,,0.00,0.00,0.00,0.00,,,,0.00,0.00,0.00,0.00,0.00,0.00,0.00,0.00,0.00,0.00
Cuba,CUB,20200116,0.00,,0.00,,0.00,,0.00,,0.00,,0.00,,0.00,,0.00,0.00,,0.00,0.00,0.00,0.00,,0.00,0.00,0.00,0.00,,,,0.00,0.00,0.00,0.00,0.00,0.00,0.00,0.00,0.00,0.00
Cuba,CUB,20200117,0.00,,0.00,,0.00,,0.00,,0.00,,0.00,,0.00,,0.00,0.00,,0.00,0.00,0.00,0.00,,0.00,0.00,0.00,0.00,,,,0.00,0.00,0.00,0.00,0.00,0.00,0.00,0.00,0.00,0.00
Cuba,CUB,20200118,0.00,,0.00,,0.00,,0.00,,0.00,,0.00,,0.00,,0.00,0.00,,0.00,0.00,0.00,0.00,,0.00,0.00,0.00,0.00,,,,0.00,0.00,0.00,0.00,0.00,0.00,0.00,0.00,0.00,0.00
Cuba,CUB,20200119,0.00,,0.00,,0.00,,0.00,,0.00,,0.00,,0.00,,0.00,0.00,,0.00,0.00,0.00,0.00,,0.00,0.00,0.00,0.00,,,,0.00,0.00,0.00,0.00,0.00,0.00,0.00,0.00,0.00,0.00
Cuba,CUB,20200120,0.00,,0.00,,0.00,,0.00,,0.00,,0.00,,0.00,,0.00,0.00,,0.00,0.00,0.00,0.00,,0.00,0.00,0.00,0.00,,,,0.00,0.00,0.00,0.00,0.00,0.00,0.00,0.00,0.00,0.00
Cuba,CUB,20200121,0.00,,0.00,,0.00,,0.00,,0.00,,0.00,,0.00,,0.00,0.00,,0.00,0.00,0.00,0.00,,0.00,0.00,0.00,0.00,,,,0.00,0.00,0.00,0.00,0.00,0.00,0.00,0.00,0.00,0.00
Cuba,CUB,20200122,0.00,,0.00,,0.00,,0.00,,0.00,,0.00,,0.00,,0.00,0.00,,0.00,0.00,0.00,0.00,,0.00,0.00,0.00,0.00,,,,0.00,0.00,0.00,0.00,0.00,0.00,0.00,0.00,0.00,0.00
Cuba,CUB,20200123,0.00,,0.00,,0.00,,0.00,,0.00,,0.00,,0.00,,0.00,0.00,,0.00,0.00,0.00,0.00,,0.00,0.00,0.00,0.00,,,,0.00,0.00,0.00,0.00,0.00,0.00,0.00,0.00,0.00,0.00
Cuba,CUB,20200124,0.00,,0.00,,0.00,,0.00,,0.00,,0.00,,0.00,,0.00,0.00,,0.00,0.00,0.00,0.00,,0.00,0.00,0.00,0.00,,,,0.00,0.00,0.00,0.00,0.00,0.00,0.00,0.00,0.00,0.00
Cuba,CUB,20200125,0.00,,0.00,,0.00,,0.00,,0.00,,0.00,,0.00,,0.00,0.00,,0.00,0.00,0.00,0.00,,0.00,0.00,0.00,0.00,,,,0.00,0.00,0.00,0.00,0.00,0.00,0.00,0.00,0.00,0.00
Cuba,CUB,20200126,0.00,,0.00,,0.00,,0.00,,0.00,,0.00,,0.00,,0.00,0.00,,0.00,0.00,0.00,0.00,,0.00,0.00,0.00,0.00,,,,0.00,0.00,0.00,0.00,0.00,0.00,0.00,0.00,0.00,0.00
Cuba,CUB,20200127,0.00,,0.00,,0.00,,0.00,,0.00,,0.00,,0.00,,0.00,0.00,,0.00,0.00,0.00,0.00,,0.00,0.00,0.00,0.00,,,,0.00,0.00,0.00,0.00,0.00,0.00,0.00,0.00,0.00,0.00
Cuba,CUB,20200128,0.00,,0.00,,0.00,,0.00,,0.00,,0.00,,0.00,,0.00,0.00,,0.00,0.00,0.00,2.00,1,0.00,0.00,0.00,0.00,,,,11.11,11.11,14.29,14.29,7.69,7.69,9.09,9.09,0.00,0.00
Cuba,CUB,20200129,0.00,,0.00,,0.00,,0.00,,0.00,,0.00,,0.00,,0.00,0.00,,0.00,0.00,0.00,2.00,1,0.00,0.00,0.00,0.00,,,,11.11,11.11,14.29,14.29,7.69,7.69,9.09,9.09,0.00,0.00
Cuba,CUB,20200130,0.00,,0.00,,0.00,,0.00,,0.00,,0.00,,0.00,,0.00,0.00,,0.00,0.00,0.00,2.00,1,0.00,0.00,0.00,0.00,,,,11.11,11.11,14.29,14.29,7.69,7.69,9.09,9.09,0.00,0.00
Cuba,CUB,20200131,0.00,,0.00,,0.00,,0.00,,0.00,,0.00,,0.00,,0.00,0.00,,0.00,0.00,0.00,2.00,1,0.00,0.00,0.00,0.00,,,,11.11,11.11,14.29,14.29,7.69,7.69,9.09,9.09,0.00,0.00
Cuba,CUB,20200201,0.00,,0.00,,0.00,,0.00,,0.00,,0.00,,0.00,,0.00,0.00,,0.00,0.00,0.00,2.00,1,0.00,0.00,0.00,0.00,,,,11.11,11.11,14.29,14.29,7.69,7.69,9.09,9.09,0.00,0.00
Cuba,CUB,20200202,0.00,,0.00,,0.00,,0.00,,0.00,,0.00,,0.00,,0.00,0.00,,0.00,0.00,0.00,2.00,1,0.00,0.00,0.00,0.00,,,,11.11,11.11,14.29,14.29,7.69,7.69,9.09,9.09,0.00,0.00
Cuba,CUB,20200203,0.00,,0.00,,0.00,,0.00,,0.00,,0.00,,0.00,,0.00,0.00,,0.00,0.00,0.00,2.00,1,0.00,0.00,0.00,0.00,,,,11.11,11.11,14.29,14.29,7.69,7.69,9.09,9.09,0.00,0.00
Cuba,CUB,20200204,0.00,,0.00,,0.00,,0.00,,0.00,,0.00,,0.00,,0.00,0.00,,0.00,0.00,0.00,2.00,1,0.00,0.00,0.00,0.00,,,,11.11,11.11,14.29,14.29,7.69,7.69,9.09,9.09,0.00,0.00
Cuba,CUB,20200205,0.00,,0.00,,0.00,,0.00,,0.00,,0.00,,0.00,,0.00,0.00,,0.00,0.00,0.00,2.00,1,0.00,0.00,0.00,0.00,,,,11.11,11.11,14.29,14.29,7.69,7.69,9.09,9.09,0.00,0.00
Cuba,CUB,20200206,0.00,,0.00,,0.00,,0.00,,0.00,,0.00,,0.00,,0.00,0.00,,0.00,0.00,0.00,2.00,1,0.00,0.00,0.00,0.00,,,,11.11,11.11,14.29,14.29,7.69,7.69,9.09,9.09,0.00,0.00
Cuba,CUB,20200207,0.00,,0.00,,0.00,,0.00,,0.00,,0.00,,0.00,,0.00,0.00,,0.00,0.00,0.00,2.00,1,0.00,0.00,0.00,0.00,,,,11.11,11.11,14.29,14.29,7.69,7.69,9.09,9.09,0.00,0.00
Cuba,CUB,20200208,0.00,,0.00,,0.00,,0.00,,0.00,,0.00,,0.00,,0.00,0.00,,0.00,0.00,0.00,2.00,1,0.00,0.00,0.00,0.00,,,,11.11,11.11,14.29,14.29,7.69,7.69,9.09,9.09,0.00,0.00
Cuba,CUB,20200209,0.00,,0.00,,0.00,,0.00,,0.00,,0.00,,0.00,,0.00,0.00,,0.00,0.00,0.00,2.00,1,0.00,0.00,0.00,0.00,,,,11.11,11.11,14.29,14.29,7.69,7.69,9.09,9.09,0.00,0.00
Cuba,CUB,20200210,0.00,,0.00,,0.00,,0.00,,0.00,,0.00,,0.00,,0.00,0.00,,0.00,0.00,0.00,2.00,1,0.00,0.00,0.00,0.00,,,,11.11,11.11,14.29,14.29,7.69,7.69,9.09,9.09,0.00,0.00
Cuba,CUB,20200211,0.00,,0.00,,0.00,,0.00,,0.00,,0.00,,0.00,,0.00,0.00,,0.00,0.00,0.00,2.00,1,0.00,0.00,0.00,0.00,,,,11.11,11.11,14.29,14.29,7.69,7.69,9.09,9.09,0.00,0.00
Cuba,CUB,20200212,0.00,,0.00,,0.00,,0.00,,0.00,,0.00,,0.00,,0.00,0.00,,0.00,0.00,0.00,2.00,1,0.00,0.00,0.00,0.00,,,,11.11,11.11,14.29,14.29,7.69,7.69,9.09,9.09,0.00,0.00
Cuba,CUB,20200213,0.00,,0.00,,0.00,,0.00,,0.00,,0.00,,0.00,,0.00,0.00,,0.00,0.00,0.00,2.00,1,0.00,0.00,0.00,0.00,,,,11.11,11.11,14.29,14.29,7.69,7.69,9.09,9.09,0.00,0.00
Cuba,CUB,20200214,0.00,,0.00,,0.00,,0.00,,0.00,,0.00,,0.00,,0.00,0.00,,0.00,0.00,0.00,2.00,1,0.00,0.00,0.00,0.00,,,,11.11,11.11,14.29,14.29,7.69,7.69,9.09,9.09,0.00,0.00
Cuba,CUB,20200215,0.00,,0.00,,0.00,,0.00,,0.00,,0.00,,0.00,,0.00,0.00,,0.00,0.00,0.00,2.00,1,0.00,0.00,0.00,0.00,,,,11.11,11.11,14.29,14.29,7.69,7.69,9.09,9.09,0.00,0.00
Cuba,CUB,20200216,0.00,,0.00,,0.00,,0.00,,0.00,,0.00,,0.00,,0.00,0.00,,0.00,0.00,0.00,2.00,1,0.00,0.00,0.00,0.00,,,,11.11,11.11,14.29,14.29,7.69,7.69,9.09,9.09,0.00,0.00
Cuba,CUB,20200217,0.00,,0.00,,0.00,,0.00,,0.00,,0.00,,0.00,,0.00,0.00,,0.00,0.00,0.00,2.00,1,0.00,0.00,0.00,0.00,,,,11.11,11.11,14.29,14.29,7.69,7.69,9.09,9.09,0.00,0.00
Cuba,CUB,20200218,0.00,,0.00,,0.00,,0.00,,0.00,,0.00,,0.00,,0.00,0.00,,0.00,0.00,0.00,2.00,1,0.00,0.00,0.00,0.00,,,,11.11,11.11,14.29,14.29,7.69,7.69,9.09,9.09,0.00,0.00
Cuba,CUB,20200219,0.00,,0.00,,0.00,,0.00,,0.00,,0.00,,0.00,,0.00,0.00,,0.00,0.00,0.00,2.00,1,0.00,0.00,0.00,0.00,,,,11.11,11.11,14.29,14.29,7.69,7.69,9.09,9.09,0.00,0.00
Cuba,CUB,20200220,0.00,,0.00,,0.00,,0.00,,0.00,,0.00,,0.00,,0.00,0.00,,0.00,0.00,0.00,2.00,1,0.00,0.00,0.00,0.00,,,,11.11,11.11,14.29,14.29,7.69,7.69,9.09,9.09,0.00,0.00
Cuba,CUB,20200221,0.00,,0.00,,0.00,,0.00,,0.00,,0.00,,0.00,,1.00,0.00,,0.00,0.00,0.00,2.00,1,0.00,0.00,0.00,0.00,,,,13.89,13.89,17.86,17.86,9.62,9.62,11.36,11.36,0.00,0.00
Cuba,CUB,20200222,0.00,,0.00,,0.00,,0.00,,0.00,,0.00,,0.00,,1.00,0.00,,0.00,0.00,0.00,2.00,1,0.00,0.00,0.00,0.00,,,,13.89,13.89,17.86,17.86,9.62,9.62,11.36,11.36,0.00,0.00
Cuba,CUB,20200223,0.00,,0.00,,0.00,,0.00,,0.00,,0.00,,0.00,,1.00,0.00,,0.00,0.00,0.00,2.00,1,0.00,0.00,0.00,0.00,,,,13.89,13.89,17.86,17.86,9.62,9.62,11.36,11.36,0.00,0.00
Cuba,CUB,20200224,0.00,,0.00,,0.00,,0.00,,0.00,,0.00,,0.00,,1.00,0.00,,0.00,0.00,0.00,2.00,1,0.00,0.00,0.00,0.00,,,,13.89,13.89,17.86,17.86,9.62,9.62,11.36,11.36,0.00,0.00
Cuba,CUB,20200225,0.00,,0.00,,0.00,,0.00,,0.00,,0.00,,0.00,,1.00,0.00,,0.00,0.00,0.00,2.00,1,0.00,0.00,0.00,0.00,,,,13.89,13.89,17.86,17.86,9.62,9.62,11.36,11.36,0.00,0.00
Cuba,CUB,20200226,0.00,,0.00,,0.00,,0.00,,0.00,,0.00,,0.00,,1.00,0.00,,0.00,0.00,0.00,2.00,1,0.00,0.00,0.00,0.00,,,,13.89,13.89,17.86,17.86,9.62,9.62,11.36,11.36,0.00,0.00
Cuba,CUB,20200227,0.00,,0.00,,0.00,,0.00,,0.00,,0.00,,0.00,,1.00,0.00,,0.00,0.00,0.00,2.00,1,0.00,0.00,0.00,0.00,,,,13.89,13.89,17.86,17.86,9.62,9.62,11.36,11.36,0.00,0.00
Cuba,CUB,20200228,0.00,,0.00,,0.00,,0.00,,0.00,,0.00,,0.00,,1.00,0.00,,0.00,0.00,0.00,2.00,1,0.00,0.00,0.00,0.00,,,,13.89,13.89,17.86,17.86,9.62,9.62,11.36,11.36,0.00,0.00
Cuba,CUB,20200229,0.00,,0.00,,0.00,,0.00,,0.00,,0.00,,0.00,,1.00,0.00,,0.00,0.00,0.00,2.00,1,0.00,0.00,0.00,0.00,,,,13.89,13.89,17.86,17.86,9.62,9.62,11.36,11.36,0.00,0.00
Cuba,CUB,20200301,0.00,,0.00,,0.00,,0.00,,0.00,,0.00,,0.00,,1.00,0.00,,0.00,0.00,0.00,2.00,1,0.00,0.00,0.00,0.00,,,,13.89,13.89,17.86,17.86,9.62,9.62,11.36,11.36,0.00,0.00
Cuba,CUB,20200302,0.00,,0.00,,0.00,,0.00,,0.00,,0.00,,0.00,,1.00,0.00,,0.00,0.00,0.00,2.00,1,0.00,0.00,0.00,0.00,,,,13.89,13.89,17.86,17.86,9.62,9.62,11.36,11.36,0.00,0.00
Cuba,CUB,20200303,0.00,,0.00,,0.00,,0.00,,0.00,,0.00,,0.00,,1.00,0.00,,0.00,0.00,0.00,2.00,1,0.00,0.00,0.00,0.00,,,,13.89,13.89,17.86,17.86,9.62,9.62,11.36,11.36,0.00,0.00
Cuba,CUB,20200304,0.00,,0.00,,0.00,,0.00,,0.00,,0.00,,0.00,,1.00,0.00,,0.00,0.00,0.00,2.00,1,0.00,0.00,0.00,0.00,,,,13.89,13.89,17.86,17.86,9.62,9.62,11.36,11.36,0.00,0.00
Cuba,CUB,20200305,0.00,,0.00,,0.00,,0.00,,0.00,,0.00,,0.00,,1.00,0.00,,0.00,0.00,0.00,2.00,1,0.00,0.00,0.00,0.00,,,,13.89,13.89,17.86,17.86,9.62,9.62,11.36,11.36,0.00,0.00
Cuba,CUB,20200306,0.00,,0.00,,0.00,,0.00,,0.00,,0.00,,0.00,,1.00,0.00,,0.00,0.00,0.00,2.00,1,0.00,0.00,0.00,0.00,,,,13.89,13.89,17.86,17.86,9.62,9.62,11.36,11.36,0.00,0.00
Cuba,CUB,20200307,0.00,,0.00,,0.00,,0.00,,0.00,,0.00,,0.00,,1.00,0.00,,0.00,0.00,0.00,2.00,1,0.00,0.00,0.00,0.00,,,,13.89,13.89,17.86,17.86,9.62,9.62,11.36,11.36,0.00,0.00
Cuba,CUB,20200308,0.00,,0.00,,0.00,,0.00,,0.00,,0.00,,0.00,,1.00,0.00,,0.00,0.00,0.00,2.00,1,0.00,0.00,0.00,0.00,,,,13.89,13.89,17.86,17.86,9.62,9.62,11.36,11.36,0.00,0.00
Cuba,CUB,20200309,0.00,,0.00,,0.00,,0.00,,0.00,,0.00,,0.00,,1.00,0.00,,0.00,0.00,0.00,2.00,1,0.00,0.00,0.00,0.00,,,,13.89,13.89,17.86,17.86,9.62,9.62,11.36,11.36,0.00,0.00
Cuba,CUB,20200310,0.00,,0.00,,0.00,,0.00,,0.00,,0.00,,0.00,,1.00,0.00,,0.00,0.00,0.00,2.00,1,2.00,1.00,0.00,0.00,,,,13.89,13.89,17.86,17.86,18.59,18.59,21.97,21.97,0.00,0.00
Cuba,CUB,20200311,0.00,,0.00,,0.00,,0.00,,0.00,,0.00,,0.00,,1.00,0.00,,0.00,0.00,0.00,2.00,1,2.00,1.00,0.00,0.00,,,,13.89,13.89,17.86,17.86,18.59,18.59,21.97,21.97,0.00,0.00
Cuba,CUB,20200312,0.00,,0.00,,0.00,,0.00,,0.00,,0.00,,0.00,,1.00,0.00,,0.00,0.00,0.00,2.00,1,2.00,1.00,0.00,0.00,,3,0,13.89,13.89,17.86,17.86,18.59,18.59,21.97,21.97,0.00,0.00
Cuba,CUB,20200313,0.00,,0.00,,0.00,,0.00,,0.00,,0.00,,0.00,,1.00,0.00,,0.00,0.00,0.00,2.00,1,2.00,1.00,0.00,0.00,,,,13.89,13.89,17.86,17.86,18.59,18.59,21.97,21.97,0.00,0.00
Cuba,CUB,20200314,0.00,,0.00,,0.00,,0.00,,0.00,,0.00,,0.00,,1.00,0.00,,0.00,0.00,0.00,2.00,1,2.00,1.00,0.00,0.00,,4,0,13.89,13.89,17.86,17.86,18.59,18.59,21.97,21.97,0.00,0.00
Cuba,CUB,20200315,0.00,,0.00,,0.00,,0.00,,0.00,,0.00,,0.00,,1.00,0.00,,0.00,0.00,0.00,2.00,1,2.00,1.00,0.00,0.00,,4,0,13.89,13.89,17.86,17.86,18.59,18.59,21.97,21.97,0.00,0.00
Cuba,CUB,20200316,0.00,,0.00,,0.00,,0.00,,0.00,,0.00,,0.00,,1.00,0.00,,0.00,0.00,0.00,2.00,1,2.00,1.00,0.00,0.00,,,,13.89,13.89,17.86,17.86,18.59,18.59,21.97,21.97,0.00,0.00
Cuba,CUB,20200317,0.00,,0.00,,0.00,,0.00,,0.00,,0.00,,0.00,,1.00,0.00,,0.00,0.00,0.00,2.00,1,2.00,1.00,0.00,0.00,,,,13.89,13.89,17.86,17.86,18.59,18.59,21.97,21.97,0.00,0.00
Cuba,CUB,20200318,0.00,,0.00,,0.00,,0.00,,0.00,,0.00,,0.00,,1.00,0.00,,0.00,0.00,0.00,2.00,1,2.00,1.00,0.00,0.00,,7,0,13.89,13.89,17.86,17.86,18.59,18.59,21.97,21.97,0.00,0.00
Cuba,CUB,20200319,0.00,,0.00,,0.00,,0.00,,0.00,,0.00,,0.00,,1.00,0.00,,0.00,0.00,0.00,2.00,1,2.00,1.00,0.00,0.00,,11,1,13.89,13.89,17.86,17.86,18.59,18.59,21.97,21.97,0.00,0.00
Cuba,CUB,20200320,0.00,,0.00,,2.00,1,0.00,,0.00,,0.00,,0.00,,3.00,0.00,,0.00,0.00,0.00,2.00,1,2.00,1.00,0.00,0.00,,16,1,30.56,30.56,39.29,39.29,30.13,30.13,35.61,35.61,0.00,0.00
Cuba,CUB,20200321,0.00,,0.00,,2.00,1,0.00,,0.00,,0.00,,0.00,,3.00,0.00,,0.00,0.00,0.00,2.00,1,2.00,1.00,0.00,0.00,,21,1,30.56,30.56,39.29,39.29,30.13,30.13,35.61,35.61,0.00,0.00
Cuba,CUB,20200322,0.00,,0.00,,2.00,1,0.00,,0.00,,0.00,,0.00,,3.00,0.00,,0.00,0.00,0.00,2.00,1,2.00,1.00,0.00,0.00,,25,1,30.56,30.56,39.29,39.29,30.13,30.13,35.61,35.61,0.00,0.00
Cuba,CUB,20200323,0.00,,0.00,,2.00,1,0.00,,0.00,,0.00,,2.00,1,3.00,0.00,,0.00,0.00,0.00,2.00,1,2.00,1.00,0.00,0.00,,35,1,41.67,41.67,53.57,53.57,37.82,37.82,44.70,44.70,0.00,0.00
Cuba,CUB,20200324,3.00,1,0.00,,2.00,1,0.00,,2.00,0,2.00,0,2.00,1,3.00,0.00,,0.00,0.00,0.00,2.00,1,2.00,1.00,0.00,0.00,,40,1,66.67,66.67,77.38,77.38,55.13,55.13,65.15,65.15,0.00,0.00
Cuba,CUB,20200325,3.00,1,0.00,,2.00,1,0.00,,2.00,0,2.00,0,2.00,1,3.00,0.00,,0.00,0.00,0.00,2.00,1,2.00,1.00,0.00,0.00,,48,1,66.67,66.67,77.38,77.38,55.13,55.13,65.15,65.15,0.00,0.00
Cuba,CUB,20200326,3.00,1,0.00,,2.00,1,0.00,,2.00,0,2.00,0,2.00,1,3.00,0.00,,0.00,0.00,0.00,2.00,1,2.00,1.00,0.00,0.00,,57,1,66.67,66.67,77.38,77.38,55.13,55.13,65.15,65.15,0.00,0.00
Cuba,CUB,20200327,3.00,1,0.00,,2.00,1,0.00,,2.00,0,2.00,0,2.00,1,3.00,0.00,,0.00,0.00,0.00,2.00,1,2.00,1.00,0.00,0.00,,67,2,66.67,66.67,77.38,77.38,55.13,55.13,65.15,65.15,0.00,0.00
Cuba,CUB,20200328,3.00,1,0.00,,2.00,1,0.00,,2.00,0,2.00,0,2.00,1,3.00,0.00,,0.00,0.00,0.00,2.00,1,2.00,1.00,0.00,0.00,,80,2,66.67,66.67,77.38,77.38,55.13,55.13,65.15,65.15,0.00,0.00
Cuba,CUB,20200329,3.00,1,0.00,,2.00,1,0.00,,2.00,0,2.00,0,2.00,1,3.00,0.00,,0.00,0.00,0.00,2.00,1,2.00,1.00,0.00,0.00,,119,3,66.67,66.67,77.38,77.38,55.13,55.13,65.15,65.15,0.00,0.00
Cuba,CUB,20200330,3.00,1,0.00,,2.00,1,0.00,,2.00,0,2.00,0,2.00,1,3.00,0.00,,0.00,0.00,0.00,2.00,1,2.00,1.00,0.00,0.00,,139,3,66.67,66.67,77.38,77.38,55.13,55.13,65.15,65.15,0.00,0.00
Cuba,CUB,20200331,3.00,1,0.00,,2.00,1,0.00,,2.00,0,2.00,0,2.00,1,3.00,0.00,,0.00,0.00,0.00,2.00,1,2.00,1.00,0.00,0.00,,170,4,66.67,66.67,77.38,77.38,55.13,55.13,65.15,65.15,0.00,0.00
Cuba,CUB,20200401,3.00,1,0.00,,2.00,1,0.00,,2.00,0,2.00,0,2.00,1,3.00,0.00,,0.00,0.00,0.00,2.00,1,2.00,1.00,0.00,0.00,,186,6,66.67,66.67,77.38,77.38,55.13,55.13,65.15,65.15,0.00,0.00
Cuba,CUB,20200402,3.00,1,0.00,,2.00,1,0.00,,2.00,0,2.00,0,2.00,1,3.00,0.00,,0.00,0.00,0.00,2.00,1,2.00,1.00,0.00,0.00,,212,6,66.67,66.67,77.38,77.38,55.13,55.13,65.15,65.15,0.00,0.00
Cuba,CUB,20200403,3.00,1,0.00,,2.00,1,0.00,,2.00,0,2.00,0,2.00,1,3.00,0.00,,0.00,0.00,0.00,2.00,1,2.00,1.00,0.00,0.00,,233,6,66.67,66.67,77.38,77.38,55.13,55.13,65.15,65.15,0.00,0.00
Cuba,CUB,20200404,3.00,1,0.00,,2.00,1,0.00,,2.00,0,2.00,0,2.00,1,3.00,0.00,,0.00,0.00,0.00,2.00,1,2.00,1.00,0.00,0.00,,269,6,66.67,66.67,77.38,77.38,55.13,55.13,65.15,65.15,0.00,0.00
Cuba,CUB,20200405,3.00,1,0.00,,2.00,1,0.00,,2.00,0,2.00,0,2.00,1,3.00,0.00,,0.00,0.00,0.00,2.00,1,2.00,1.00,0.00,0.00,,288,6,66.67,66.67,77.38,77.38,55.13,55.13,65.15,65.15,0.00,0.00
Cuba,CUB,20200406,3.00,1,0.00,,2.00,1,0.00,,2.00,0,2.00,0,2.00,1,3.00,0.00,,0.00,0.00,0.00,2.00,1,2.00,1.00,0.00,0.00,,320,8,66.67,66.67,77.38,77.38,55.13,55.13,65.15,65.15,0.00,0.00
Cuba,CUB,20200407,3.00,1,1.00,1,2.00,1,0.00,,2.00,0,2.00,0,2.00,1,3.00,0.00,,0.00,0.00,0.00,2.00,1,2.00,1.00,0.00,0.00,,350,9,70.37,70.37,84.52,84.52,57.69,57.69,68.18,68.18,0.00,0.00
Cuba,CUB,20200408,3.00,1,1.00,1,2.00,1,0.00,,2.00,0,2.00,0,2.00,1,3.00,0.00,,0.00,0.00,0.00,2.00,1,2.00,1.00,,,,396,11,70.37,70.37,84.52,84.52,57.69,57.69,68.18,68.18,0.00,0.00
Cuba,CUB,20200409,3.00,1,1.00,1,2.00,1,0.00,,2.00,0,2.00,0,2.00,1,3.00,0.00,,2.00,0.00,0.00,2.00,1,2.00,1.00,0.00,0.00,,457,12,70.37,70.37,84.52,84.52,65.38,65.38,68.18,68.18,50.00,50.00
Cuba,CUB,20200410,3.00,1,1.00,1,2.00,1,0.00,,2.00,0,2.00,0,2.00,1,3.00,0.00,,2.00,0.00,0.00,2.00,1,2.00,1.00,0.00,0.00,,515,15,70.37,70.37,84.52,84.52,65.38,65.38,68.18,68.18,50.00,50.00
Cuba,CUB,20200411,3.00,1,1.00,1,2.00,1,0.00,,2.00,1,2.00,0,2.00,1,3.00,0.00,,2.00,0.00,0.00,2.00,1,2.00,1.00,0.00,0.00,,564,15,73.15,73.15,89.29,89.29,67.31,67.31,70.45,70.45,50.00,50.00
Cuba,CUB,20200412,3.00,1,1.00,1,2.00,1,0.00,,2.00,1,2.00,0,2.00,1,3.00,0.00,,2.00,0.00,0.00,2.00,1,2.00,1.00,0.00,0.00,,620,16,73.15,73.15,89.29,89.29,67.31,67.31,70.45,70.45,50.00,50.00
Cuba,CUB,20200413,3.00,1,1.00,1,2.00,1,0.00,,2.00,1,2.00,0,2.00,1,3.00,0.00,,2.00,0.00,0.00,2.00,1,2.00,1.00,0.00,0.00,,669,18,73.15,73.15,89.29,89.29,67.31,67.31,70.45,70.45,50.00,50.00
Cuba,CUB,20200414,3.00,1,1.00,1,2.00,1,0.00,,2.00,1,2.00,0,2.00,1,3.00,0.00,,2.00,0.00,0.00,2.00,1,2.00,1.00,0.00,0.00,,726,21,73.15,73.15,89.29,89.29,67.31,67.31,70.45,70.45,50.00,50.00
Cuba,CUB,20200415,3.00,1,1.00,1,2.00,1,0.00,,2.00,1,2.00,0,2.00,1,3.00,1.00,0,2.00,0.00,0.00,2.00,1,2.00,1.00,0.00,0.00,,766,21,73.15,73.15,89.29,89.29,69.23,69.23,70.45,70.45,62.50,62.50
Cuba,CUB,20200416,3.00,1,1.00,1,2.00,1,0.00,,2.00,1,2.00,0,2.00,1,3.00,1.00,0,2.00,0.00,0.00,2.00,1,2.00,1.00,0.00,0.00,,814,24,73.15,73.15,89.29,89.29,69.23,69.23,70.45,70.45,62.50,62.50
Cuba,CUB,20200417,3.00,1,3.00,1,2.00,1,0.00,,2.00,1,2.00,0,2.00,1,4.00,1.00,0,2.00,0.00,0.00,2.00,1,2.00,1.00,0.00,0.00,,862,27,83.33,83.33,100.00,100.00,76.28,76.28,78.79,78.79,62.50,62.50
Cuba,CUB,20200418,3.00,1,3.00,1,2.00,1,0.00,,2.00,1,2.00,0,2.00,1,4.00,1.00,0,2.00,0.00,0.00,2.00,1,2.00,1.00,0.00,0.00,,923,31,83.33,83.33,100.00,100.00,76.28,76.28,78.79,78.79,62.50,62.50
Cuba,CUB,20200419,3.00,1,3.00,1,2.00,1,0.00,,2.00,1,2.00,0,2.00,1,4.00,1.00,0,2.00,0.00,0.00,2.00,1,2.00,1.00,0.00,0.00,,986,32,83.33,83.33,100.00,100.00,76.28,76.28,78.79,78.79,62.50,62.50
Cuba,CUB,20200420,3.00,1,3.00,1,2.00,1,0.00,,2.00,1,2.00,0,2.00,1,4.00,1.00,0,2.00,0.00,0.00,2.00,1,2.00,1.00,0.00,0.00,,1035,34,83.33,83.33,100.00,100.00,76.28,76.28,78.79,78.79,62.50,62.50
Cuba,CUB,20200421,3.00,1,3.00,1,2.00,1,0.00,,2.00,1,2.00,0,2.00,1,4.00,1.00,0,2.00,0.00,0.00,2.00,1,2.00,1.00,0.00,0.00,,1087,36,83.33,83.33,100.00,100.00,76.28,76.28,78.79,78.79,62.50,62.50
Cuba,CUB,20200422,3.00,1,3.00,1,2.00,1,0.00,,2.00,1,2.00,0,2.00,1,4.00,1.00,0,2.00,0.00,0.00,2.00,1,2.00,1.00,0.00,0.00,,1137,38,83.33,83.33,100.00,100.00,76.28,76.28,78.79,78.79,62.50,62.50
Cuba,CUB,20200423,3.00,1,3.00,1,2.00,1,0.00,,2.00,1,2.00,0,2.00,1,4.00,1.00,0,2.00,0.00,0.00,2.00,1,2.00,1.00,0.00,0.00,,1189,40,83.33,83.33,100.00,100.00,76.28,76.28,78.79,78.79,62.50,62.50
Cuba,CUB,20200424,3.00,1,3.00,1,2.00,1,0.00,,2.00,1,2.00,0,2.00,1,4.00,1.00,0,2.00,0.00,0.00,2.00,1,2.00,1.00,0.00,0.00,,1235,43,83.33,83.33,100.00,100.00,76.28,76.28,78.79,78.79,62.50,62.50
Cuba,CUB,20200425,3.00,1,3.00,1,2.00,1,0.00,,2.00,1,2.00,0,2.00,1,4.00,1.00,0,2.00,0.00,0.00,2.00,1,2.00,1.00,0.00,0.00,,1285,49,83.33,83.33,100.00,100.00,76.28,76.28,78.79,78.79,62.50,62.50
Cuba,CUB,20200426,3.00,1,3.00,1,2.00,1,0.00,,2.00,1,2.00,0,2.00,1,4.00,1.00,0,2.00,0.00,0.00,2.00,1,2.00,1.00,0.00,0.00,,1337,51,83.33,83.33,100.00,100.00,76.28,76.28,78.79,78.79,62.50,62.50
Cuba,CUB,20200427,3.00,1,3.00,1,2.00,1,0.00,,2.00,1,2.00,0,2.00,1,4.00,1.00,0,2.00,0.00,0.00,2.00,1,2.00,1.00,0.00,0.00,,1369,54,83.33,83.33,100.00,100.00,76.28,76.28,78.79,78.79,62.50,62.50
Cuba,CUB,20200428,3.00,1,3.00,1,2.00,1,0.00,,2.00,1,2.00,0,2.00,1,4.00,1.00,0,2.00,0.00,0.00,2.00,1,2.00,1.00,0.00,0.00,,1389,56,83.33,83.33,100.00,100.00,76.28,76.28,78.79,78.79,62.50,62.50
Cuba,CUB,20200429,3.00,1,3.00,1,2.00,1,0.00,,2.00,1,2.00,0,2.00,1,4.00,1.00,0,2.00,0.00,0.00,2.00,1,2.00,1.00,0.00,0.00,,1437,58,83.33,83.33,100.00,100.00,76.28,76.28,78.79,78.79,62.50,62.50
Cuba,CUB,20200430,3.00,1,3.00,1,2.00,1,0.00,,2.00,1,2.00,0,2.00,1,4.00,1.00,0,2.00,0.00,0.00,2.00,1,2.00,1.00,0.00,0.00,,1467,58,83.33,83.33,100.00,100.00,76.28,76.28,78.79,78.79,62.50,62.50
Cuba,CUB,20200501,3.00,1,3.00,1,2.00,1,0.00,,2.00,1,2.00,0,2.00,1,4.00,1.00,0,2.00,0.00,0.00,2.00,1,2.00,1.00,0.00,0.00,,1501,61,83.33,83.33,100.00,100.00,76.28,76.28,78.79,78.79,62.50,62.50
Cuba,CUB,20200502,3.00,1,3.00,1,2.00,1,0.00,,2.00,1,2.00,0,2.00,1,4.00,1.00,0,2.00,0.00,0.00,2.00,1,2.00,1.00,0.00,0.00,,1537,64,83.33,83.33,100.00,100.00,76.28,76.28,78.79,78.79,62.50,62.50
Cuba,CUB,20200503,3.00,1,3.00,1,2.00,1,0.00,,2.00,1,2.00,0,2.00,1,4.00,1.00,0,2.00,0.00,0.00,2.00,1,2.00,1.00,0.00,0.00,,1611,66,83.33,83.33,100.00,100.00,76.28,76.28,78.79,78.79,62.50,62.50
Cuba,CUB,20200504,3.00,1,3.00,1,2.00,1,0.00,,2.00,1,2.00,0,2.00,1,4.00,0.00,,2.00,0.00,0.00,2.00,1,2.00,1.00,0.00,0.00,,1649,67,83.33,83.33,100.00,100.00,74.36,74.36,78.79,78.79,50.00,50.00
Cuba,CUB,20200505,3.00,1,3.00,1,2.00,1,0.00,,2.00,1,2.00,1,2.00,1,4.00,0.00,,2.00,0.00,0.00,2.00,1,1.00,2.00,0.00,0.00,,1668,69,85.19,85.19,100.00,100.00,76.92,76.92,81.82,81.82,50.00,50.00
Cuba,CUB,20200506,3.00,1,3.00,1,2.00,1,0.00,,2.00,1,2.00,1,2.00,1,4.00,0.00,,2.00,0.00,0.00,2.00,1,1.00,2.00,0.00,0.00,,1685,69,85.19,85.19,100.00,100.00,76.92,76.92,81.82,81.82,50.00,50.00
Cuba,CUB,20200507,3.00,1,3.00,1,2.00,1,0.00,,2.00,1,2.00,1,2.00,1,4.00,0.00,,2.00,0.00,0.00,2.00,1,1.00,2.00,0.00,0.00,,1703,69,85.19,85.19,100.00,100.00,76.92,76.92,81.82,81.82,50.00,50.00
Cuba,CUB,20200508,3.00,1,3.00,1,2.00,1,0.00,,2.00,1,2.00,1,2.00,1,4.00,0.00,,2.00,0.00,0.00,2.00,1,1.00,2.00,0.00,0.00,,1729,73,85.19,85.19,100.00,100.00,76.92,76.92,81.82,81.82,50.00,50.00
Cuba,CUB,20200509,3.00,1,3.00,1,2.00,1,0.00,,2.00,1,2.00,1,2.00,1,4.00,0.00,,2.00,0.00,0.00,2.00,1,1.00,2.00,0.00,0.00,,1741,74,85.19,85.19,100.00,100.00,76.92,76.92,81.82,81.82,50.00,50.00
Cuba,CUB,20200510,3.00,1,3.00,1,2.00,1,0.00,,2.00,1,2.00,1,2.00,1,4.00,0.00,,2.00,0.00,0.00,2.00,1,1.00,2.00,0.00,0.00,,1754,74,85.19,85.19,100.00,100.00,76.92,76.92,81.82,81.82,50.00,50.00
Cuba,CUB,20200511,3.00,1,3.00,1,2.00,1,4.00,1,2.00,1,3.00,1,2.00,1,4.00,0.00,,2.00,0.00,0.00,2.00,1,1.00,2.00,0.00,0.00,,1766,77,100.00,100.00,100.00,100.00,87.18,87.18,93.94,93.94,50.00,50.00
Cuba,CUB,20200512,3.00,1,3.00,1,2.00,1,4.00,1,2.00,1,3.00,1,2.00,1,4.00,0.00,,2.00,0.00,0.00,2.00,1,1.00,2.00,0.00,0.00,,1783,77,100.00,100.00,100.00,100.00,87.18,87.18,93.94,93.94,50.00,50.00
Cuba,CUB,20200513,3.00,1,3.00,1,2.00,1,4.00,1,2.00,1,3.00,1,2.00,1,4.00,0.00,,2.00,0.00,0.00,2.00,1,1.00,2.00,0.00,0.00,,1804,78,100.00,100.00,100.00,100.00,87.18,87.18,93.94,93.94,50.00,50.00
Cuba,CUB,20200514,3.00,1,3.00,1,2.00,1,4.00,1,2.00,1,3.00,1,2.00,1,4.00,0.00,,2.00,0.00,0.00,2.00,1,1.00,2.00,0.00,0.00,,1810,79,100.00,100.00,100.00,100.00,87.18,87.18,93.94,93.94,50.00,50.00
Cuba,CUB,20200515,3.00,1,3.00,1,2.00,1,4.00,1,2.00,1,3.00,1,2.00,1,4.00,0.00,,2.00,0.00,0.00,2.00,1,1.00,2.00,0.00,0.00,,1830,79,100.00,100.00,100.00,100.00,87.18,87.18,93.94,93.94,50.00,50.00
Cuba,CUB,20200516,3.00,1,3.00,1,2.00,1,4.00,1,2.00,1,3.00,1,2.00,1,4.00,0.00,,2.00,0.00,0.00,2.00,1,1.00,2.00,0.00,0.00,,1840,79,100.00,100.00,100.00,100.00,87.18,87.18,93.94,93.94,50.00,50.00
Cuba,CUB,20200517,3.00,1,3.00,1,2.00,1,4.00,1,2.00,1,3.00,1,2.00,1,4.00,0.00,,2.00,0.00,0.00,2.00,1,1.00,2.00,0.00,0.00,,1862,79,100.00,100.00,100.00,100.00,87.18,87.18,93.94,93.94,50.00,50.00
Cuba,CUB,20200518,3.00,1,3.00,1,2.00,1,4.00,1,2.00,1,3.00,1,2.00,1,4.00,0.00,,2.00,0.00,0.00,2.00,1,1.00,2.00,0.00,0.00,,1872,79,100.00,100.00,100.00,100.00,87.18,87.18,93.94,93.94,50.00,50.00
Cuba,CUB,20200519,3.00,1,3.00,1,2.00,1,4.00,1,2.00,1,3.00,1,2.00,1,4.00,0.00,,2.00,0.00,0.00,2.00,1,1.00,2.00,0.00,0.00,,1881,79,100.00,100.00,100.00,100.00,87.18,87.18,93.94,93.94,50.00,50.00
Cuba,CUB,20200520,3.00,1,3.00,1,2.00,1,4.00,1,2.00,1,3.00,1,2.00,1,4.00,0.00,,2.00,0.00,0.00,2.00,1,1.00,2.00,0.00,0.00,,1887,79,100.00,100.00,100.00,100.00,87.18,87.18,93.94,93.94,50.00,50.00
Cuba,CUB,20200521,3.00,1,3.00,1,2.00,1,4.00,1,2.00,1,3.00,1,2.00,1,4.00,0.00,,2.00,0.00,0.00,2.00,1,1.00,2.00,0.00,0.00,,1900,79,100.00,100.00,100.00,100.00,87.18,87.18,93.94,93.94,50.00,50.00
Cuba,CUB,20200522,3.00,1,3.00,1,2.00,1,4.00,1,2.00,1,3.00,1,2.00,1,4.00,0.00,,2.00,0.00,0.00,2.00,1,1.00,2.00,0.00,0.00,,1908,80,100.00,100.00,100.00,100.00,87.18,87.18,93.94,93.94,50.00,50.00
Cuba,CUB,20200523,3.00,1,3.00,1,2.00,1,4.00,1,2.00,1,3.00,1,2.00,1,4.00,0.00,,2.00,0.00,0.00,2.00,1,1.00,2.00,0.00,0.00,,1916,81,100.00,100.00,100.00,100.00,87.18,87.18,93.94,93.94,50.00,50.00
Cuba,CUB,20200524,3.00,1,3.00,1,2.00,1,4.00,1,2.00,1,3.00,1,2.00,1,4.00,0.00,,2.00,0.00,0.00,2.00,1,1.00,2.00,0.00,0.00,,1931,81,100.00,100.00,100.00,100.00,87.18,87.18,93.94,93.94,50.00,50.00
Cuba,CUB,20200525,3.00,1,3.00,1,2.00,1,4.00,1,2.00,1,3.00,1,2.00,1,4.00,0.00,,2.00,0.00,0.00,2.00,1,1.00,2.00,0.00,0.00,,1941,82,100.00,100.00,100.00,100.00,87.18,87.18,93.94,93.94,50.00,50.00
Cuba,CUB,20200526,3.00,1,3.00,1,2.00,1,4.00,1,2.00,1,3.00,1,2.00,1,4.00,0.00,,2.00,0.00,0.00,2.00,1,1.00,2.00,0.00,0.00,,1947,82,100.00,100.00,100.00,100.00,87.18,87.18,93.94,93.94,50.00,50.00
Cuba,CUB,20200527,3.00,1,3.00,1,2.00,1,4.00,1,2.00,1,3.00,1,2.00,1,4.00,0.00,,2.00,0.00,0.00,2.00,1,1.00,2.00,0.00,0.00,,1963,82,100.00,100.00,100.00,100.00,87.18,87.18,93.94,93.94,50.00,50.00
Cuba,CUB,20200528,3.00,1,3.00,1,2.00,1,4.00,1,2.00,1,3.00,1,2.00,1,4.00,0.00,,2.00,0.00,0.00,2.00,1,1.00,2.00,0.00,0.00,,1974,82,100.00,100.00,100.00,100.00,87.18,87.18,93.94,93.94,50.00,50.00
Cuba,CUB,20200529,3.00,1,3.00,1,2.00,1,4.00,1,2.00,1,3.00,1,2.00,1,4.00,0.00,,2.00,0.00,0.00,2.00,1,1.00,2.00,0.00,0.00,,1983,82,100.00,100.00,100.00,100.00,87.18,87.18,93.94,93.94,50.00,50.00
Cuba,CUB,20200530,3.00,1,3.00,1,2.00,1,4.00,1,2.00,1,3.00,1,2.00,1,4.00,0.00,,2.00,0.00,0.00,2.00,1,1.00,2.00,0.00,0.00,,2005,82,100.00,100.00,100.00,100.00,87.18,87.18,93.94,93.94,50.00,50.00
Cuba,CUB,20200531,3.00,1,3.00,1,2.00,1,4.00,1,2.00,1,3.00,1,2.00,1,4.00,0.00,,2.00,0.00,0.00,2.00,1,1.00,2.00,0.00,0.00,,2025,83,100.00,100.00,100.00,100.00,87.18,87.18,93.94,93.94,50.00,50.00
Cuba,CUB,20200601,3.00,1,3.00,1,2.00,1,4.00,1,2.00,1,3.00,1,2.00,1,4.00,0.00,,2.00,0.00,0.00,2.00,1,1.00,2.00,0.00,0.00,,2045,83,100.00,100.00,100.00,100.00,87.18,87.18,93.94,93.94,50.00,50.00
Cuba,CUB,20200602,3.00,1,3.00,1,2.00,1,4.00,1,2.00,1,3.00,1,2.00,1,4.00,0.00,,2.00,0.00,0.00,2.00,1,1.00,2.00,0.00,0.00,,2083,83,100.00,100.00,100.00,100.00,87.18,87.18,93.94,93.94,50.00,50.00
Cuba,CUB,20200603,3.00,1,3.00,1,2.00,1,4.00,1,2.00,1,3.00,1,2.00,1,4.00,0.00,,2.00,0.00,0.00,2.00,1,1.00,2.00,0.00,0.00,,2092,83,100.00,100.00,100.00,100.00,87.18,87.18,93.94,93.94,50.00,50.00
Cuba,CUB,20200604,3.00,1,3.00,1,2.00,1,4.00,1,2.00,1,3.00,1,2.00,1,4.00,0.00,,2.00,0.00,0.00,2.00,1,1.00,2.00,0.00,0.00,,2107,83,100.00,100.00,100.00,100.00,87.18,87.18,93.94,93.94,50.00,50.00
Cuba,CUB,20200605,3.00,1,3.00,1,2.00,1,4.00,1,2.00,1,3.00,1,2.00,1,4.00,0.00,,2.00,0.00,0.00,2.00,1,1.00,2.00,0.00,0.00,,2119,83,100.00,100.00,100.00,100.00,87.18,87.18,93.94,93.94,50.00,50.00
Cuba,CUB,20200606,3.00,1,3.00,1,2.00,1,4.00,1,2.00,1,3.00,1,2.00,1,4.00,0.00,,2.00,0.00,0.00,2.00,1,1.00,2.00,0.00,0.00,,2133,83,100.00,100.00,100.00,100.00,87.18,87.18,93.94,93.94,50.00,50.00
Cuba,CUB,20200607,3.00,1,3.00,1,2.00,1,4.00,1,2.00,1,3.00,1,2.00,1,4.00,0.00,,2.00,0.00,0.00,2.00,1,1.00,2.00,0.00,0.00,,2173,83,100.00,100.00,100.00,100.00,87.18,87.18,93.94,93.94,50.00,50.00
Cuba,CUB,20200608,3.00,1,3.00,1,2.00,1,4.00,1,2.00,1,3.00,1,2.00,1,4.00,0.00,,2.00,0.00,0.00,2.00,1,1.00,2.00,0.00,0.00,,2191,83,100.00,100.00,100.00,100.00,87.18,87.18,93.94,93.94,50.00,50.00
Cuba,CUB,20200609,3.00,1,3.00,1,2.00,1,4.00,1,2.00,1,3.00,1,2.00,1,4.00,0.00,,2.00,0.00,0.00,2.00,1,1.00,2.00,0.00,0.00,,2200,83,100.00,100.00,100.00,100.00,87.18,87.18,93.94,93.94,50.00,50.00
Cuba,CUB,20200610,3.00,1,3.00,1,2.00,1,4.00,1,2.00,1,3.00,1,2.00,1,4.00,0.00,,2.00,0.00,0.00,2.00,1,1.00,2.00,0.00,0.00,,2205,83,100.00,100.00,100.00,100.00,87.18,87.18,93.94,93.94,50.00,50.00
Cuba,CUB,20200611,3.00,1,3.00,1,2.00,1,4.00,1,2.00,1,3.00,1,2.00,1,4.00,0.00,,2.00,0.00,0.00,2.00,1,1.00,2.00,0.00,0.00,,2211,83,100.00,100.00,100.00,100.00,87.18,87.18,93.94,93.94,50.00,50.00
Cuba,CUB,20200612,3.00,1,3.00,1,2.00,1,4.00,1,2.00,1,3.00,1,2.00,1,4.00,0.00,,2.00,0.00,0.00,2.00,1,1.00,2.00,0.00,0.00,,2219,84,100.00,100.00,100.00,100.00,87.18,87.18,93.94,93.94,50.00,50.00
Cuba,CUB,20200613,3.00,1,3.00,1,2.00,1,4.00,1,2.00,1,3.00,1,2.00,1,4.00,0.00,,2.00,0.00,0.00,2.00,1,1.00,2.00,0.00,0.00,,2233,84,100.00,100.00,100.00,100.00,87.18,87.18,93.94,93.94,50.00,50.00
Cuba,CUB,20200614,3.00,1,3.00,1,2.00,1,4.00,1,2.00,1,3.00,1,2.00,1,4.00,0.00,,2.00,0.00,0.00,2.00,1,1.00,2.00,0.00,0.00,,2238,84,100.00,100.00,100.00,100.00,87.18,87.18,93.94,93.94,50.00,50.00
Cuba,CUB,20200615,3.00,1,3.00,1,2.00,1,4.00,1,2.00,1,3.00,1,2.00,1,4.00,0.00,,2.00,0.00,0.00,2.00,1,1.00,2.00,0.00,0.00,,2248,84,100.00,100.00,100.00,100.00,87.18,87.18,93.94,93.94,50.00,50.00
Cuba,CUB,20200616,3.00,1,3.00,1,2.00,1,4.00,1,2.00,1,3.00,1,2.00,1,4.00,0.00,,2.00,0.00,0.00,2.00,1,1.00,2.00,0.00,0.00,,2262,84,100.00,100.00,100.00,100.00,87.18,87.18,93.94,93.94,50.00,50.00
Cuba,CUB,20200617,3.00,1,3.00,1,2.00,1,4.00,1,2.00,1,3.00,1,2.00,1,4.00,0.00,,2.00,0.00,0.00,2.00,1,1.00,2.00,0.00,0.00,,2273,84,100.00,100.00,100.00,100.00,87.18,87.18,93.94,93.94,50.00,50.00
Cuba,CUB,20200618,3.00,1,3.00,1,2.00,1,4.00,1,2.00,1,3.00,1,2.00,1,4.00,0.00,,2.00,0.00,0.00,2.00,1,1.00,2.00,0.00,0.00,,2280,84,100.00,100.00,100.00,100.00,87.18,87.18,93.94,93.94,50.00,50.00
Cuba,CUB,20200619,,,,,,,,,,,,,,,,,,,,,,,,,,,,2295,85,,100.00,,100.00,,87.18,,93.94,,50.00
Cuba,CUB,20200620,,,,,,,,,,,,,,,,,,,,,,,,,,,,2305,85,,100.00,,100.00,,87.18,,93.94,,50.00
Cuba,CUB,20200621,,,,,,,,,,,,,,,,,,,,,,,,,,,,2309,85,,100.00,,100.00,,87.18,,93.94,,50.00
Cuba,CUB,20200622,,,,,,,,,,,,,,,,,,,,,,,,,,,,2312,85,,100.00,,100.00,,87.18,,93.94,,50.00
Cuba,CUB,20200623,,,,,,,,,,,,,,,,,,,,,,,,,,,,2315,85,,100.00,,100.00,,87.18,,93.94,,50.00
