Cote d'Ivoire,CIV,20200101,0.00,,0.00,,0.00,,0.00,,0.00,,0.00,,0.00,,0.00,0.00,,0.00,0.00,0.00,0.00,,0.00,0.00,0.00,0.00,,,,0.00,0.00,0.00,0.00,0.00,0.00,0.00,0.00,0.00,0.00
Cote d'Ivoire,CIV,20200102,0.00,,0.00,,0.00,,0.00,,0.00,,0.00,,0.00,,0.00,0.00,,0.00,0.00,0.00,0.00,,0.00,0.00,0.00,0.00,,,,0.00,0.00,0.00,0.00,0.00,0.00,0.00,0.00,0.00,0.00
Cote d'Ivoire,CIV,20200103,0.00,,0.00,,0.00,,0.00,,0.00,,0.00,,0.00,,0.00,0.00,,0.00,0.00,0.00,0.00,,0.00,0.00,0.00,0.00,,,,0.00,0.00,0.00,0.00,0.00,0.00,0.00,0.00,0.00,0.00
Cote d'Ivoire,CIV,20200104,0.00,,0.00,,0.00,,0.00,,0.00,,0.00,,0.00,,0.00,0.00,,0.00,0.00,0.00,0.00,,0.00,0.00,0.00,0.00,,,,0.00,0.00,0.00,0.00,0.00,0.00,0.00,0.00,0.00,0.00
Cote d'Ivoire,CIV,20200105,0.00,,0.00,,0.00,,0.00,,0.00,,0.00,,0.00,,0.00,0.00,,0.00,0.00,0.00,0.00,,0.00,0.00,0.00,0.00,,,,0.00,0.00,0.00,0.00,0.00,0.00,0.00,0.00,0.00,0.00
Cote d'Ivoire,CIV,20200106,0.00,,0.00,,0.00,,0.00,,0.00,,0.00,,0.00,,0.00,0.00,,0.00,0.00,0.00,0.00,,0.00,0.00,0.00,0.00,,,,0.00,0.00,0.00,0.00,0.00,0.00,0.00,0.00,0.00,0.00
Cote d'Ivoire,CIV,20200107,0.00,,0.00,,0.00,,0.00,,0.00,,0.00,,0.00,,0.00,0.00,,0.00,0.00,0.00,0.00,,0.00,0.00,0.00,0.00,,,,0.00,0.00,0.00,0.00,0.00,0.00,0.00,0.00,0.00,0.00
Cote d'Ivoire,CIV,20200108,0.00,,0.00,,0.00,,0.00,,0.00,,0.00,,0.00,,0.00,0.00,,0.00,0.00,0.00,0.00,,0.00,0.00,0.00,0.00,,,,0.00,0.00,0.00,0.00,0.00,0.00,0.00,0.00,0.00,0.00
Cote d'Ivoire,CIV,20200109,0.00,,0.00,,0.00,,0.00,,0.00,,0.00,,0.00,,0.00,0.00,,0.00,0.00,0.00,0.00,,0.00,0.00,0.00,0.00,,,,0.00,0.00,0.00,0.00,0.00,0.00,0.00,0.00,0.00,0.00
Cote d'Ivoire,CIV,20200110,0.00,,0.00,,0.00,,0.00,,0.00,,0.00,,0.00,,0.00,0.00,,0.00,0.00,0.00,0.00,,0.00,0.00,0.00,0.00,,,,0.00,0.00,0.00,0.00,0.00,0.00,0.00,0.00,0.00,0.00
Cote d'Ivoire,CIV,20200111,0.00,,0.00,,0.00,,0.00,,0.00,,0.00,,0.00,,0.00,0.00,,0.00,0.00,0.00,0.00,,0.00,0.00,0.00,0.00,,,,0.00,0.00,0.00,0.00,0.00,0.00,0.00,0.00,0.00,0.00
Cote d'Ivoire,CIV,20200112,0.00,,0.00,,0.00,,0.00,,0.00,,0.00,,0.00,,0.00,0.00,,0.00,0.00,0.00,0.00,,0.00,0.00,0.00,0.00,,,,0.00,0.00,0.00,0.00,0.00,0.00,0.00,0.00,0.00,0.00
Cote d'Ivoire,CIV,20200113,0.00,,0.00,,0.00,,0.00,,0.00,,0.00,,0.00,,0.00,0.00,,0.00,0.00,0.00,0.00,,0.00,0.00,0.00,0.00,,,,0.00,0.00,0.00,0.00,0.00,0.00,0.00,0.00,0.00,0.00
Cote d'Ivoire,CIV,20200114,0.00,,0.00,,0.00,,0.00,,0.00,,0.00,,0.00,,0.00,0.00,,0.00,0.00,0.00,0.00,,0.00,0.00,0.00,0.00,,,,0.00,0.00,0.00,0.00,0.00,0.00,0.00,0.00,0.00,0.00
Cote d'Ivoire,CIV,20200115,0.00,,0.00,,0.00,,0.00,,0.00,,0.00,,0.00,,0.00,0.00,,0.00,0.00,0.00,0.00,,0.00,0.00,0.00,0.00,,,,0.00,0.00,0.00,0.00,0.00,0.00,0.00,0.00,0.00,0.00
Cote d'Ivoire,CIV,20200116,0.00,,0.00,,0.00,,0.00,,0.00,,0.00,,0.00,,0.00,0.00,,0.00,0.00,0.00,0.00,,0.00,0.00,0.00,0.00,,,,0.00,0.00,0.00,0.00,0.00,0.00,0.00,0.00,0.00,0.00
Cote d'Ivoire,CIV,20200117,0.00,,0.00,,0.00,,0.00,,0.00,,0.00,,0.00,,0.00,0.00,,0.00,0.00,0.00,0.00,,0.00,0.00,0.00,0.00,,,,0.00,0.00,0.00,0.00,0.00,0.00,0.00,0.00,0.00,0.00
Cote d'Ivoire,CIV,20200118,0.00,,0.00,,0.00,,0.00,,0.00,,0.00,,0.00,,0.00,0.00,,0.00,0.00,0.00,0.00,,0.00,0.00,0.00,0.00,,,,0.00,0.00,0.00,0.00,0.00,0.00,0.00,0.00,0.00,0.00
Cote d'Ivoire,CIV,20200119,0.00,,0.00,,0.00,,0.00,,0.00,,0.00,,0.00,,0.00,0.00,,0.00,0.00,0.00,0.00,,0.00,0.00,0.00,0.00,,,,0.00,0.00,0.00,0.00,0.00,0.00,0.00,0.00,0.00,0.00
Cote d'Ivoire,CIV,20200120,0.00,,0.00,,0.00,,0.00,,0.00,,0.00,,0.00,,0.00,0.00,,0.00,0.00,0.00,0.00,,0.00,0.00,0.00,0.00,,,,0.00,0.00,0.00,0.00,0.00,0.00,0.00,0.00,0.00,0.00
Cote d'Ivoire,CIV,20200121,0.00,,0.00,,0.00,,0.00,,0.00,,0.00,,0.00,,0.00,0.00,,0.00,0.00,0.00,0.00,,0.00,0.00,0.00,0.00,,,,0.00,0.00,0.00,0.00,0.00,0.00,0.00,0.00,0.00,0.00
Cote d'Ivoire,CIV,20200122,0.00,,0.00,,0.00,,0.00,,0.00,,0.00,,0.00,,0.00,0.00,,0.00,0.00,0.00,0.00,,0.00,0.00,0.00,0.00,,,,0.00,0.00,0.00,0.00,0.00,0.00,0.00,0.00,0.00,0.00
Cote d'Ivoire,CIV,20200123,0.00,,0.00,,0.00,,0.00,,0.00,,0.00,,0.00,,0.00,0.00,,0.00,0.00,0.00,0.00,,0.00,0.00,0.00,0.00,,,,0.00,0.00,0.00,0.00,0.00,0.00,0.00,0.00,0.00,0.00
Cote d'Ivoire,CIV,20200124,0.00,,0.00,,0.00,,0.00,,0.00,,0.00,,0.00,,0.00,0.00,,0.00,0.00,0.00,0.00,,0.00,0.00,0.00,0.00,,,,0.00,0.00,0.00,0.00,0.00,0.00,0.00,0.00,0.00,0.00
Cote d'Ivoire,CIV,20200125,0.00,,0.00,,0.00,,0.00,,0.00,,0.00,,0.00,,0.00,0.00,,0.00,0.00,0.00,0.00,,0.00,0.00,0.00,0.00,,,,0.00,0.00,0.00,0.00,0.00,0.00,0.00,0.00,0.00,0.00
Cote d'Ivoire,CIV,20200126,0.00,,0.00,,0.00,,0.00,,0.00,,0.00,,0.00,,0.00,0.00,,0.00,0.00,0.00,0.00,,0.00,0.00,0.00,0.00,,,,0.00,0.00,0.00,0.00,0.00,0.00,0.00,0.00,0.00,0.00
Cote d'Ivoire,CIV,20200127,0.00,,0.00,,0.00,,0.00,,0.00,,0.00,,0.00,,0.00,0.00,,0.00,0.00,0.00,0.00,,0.00,0.00,0.00,0.00,,,,0.00,0.00,0.00,0.00,0.00,0.00,0.00,0.00,0.00,0.00
Cote d'Ivoire,CIV,20200128,0.00,,0.00,,0.00,,0.00,,0.00,,0.00,,0.00,,0.00,0.00,,0.00,0.00,0.00,0.00,,0.00,0.00,0.00,0.00,,,,0.00,0.00,0.00,0.00,0.00,0.00,0.00,0.00,0.00,0.00
Cote d'Ivoire,CIV,20200129,0.00,,0.00,,0.00,,0.00,,0.00,,0.00,,0.00,,0.00,0.00,,0.00,0.00,0.00,0.00,,0.00,0.00,0.00,0.00,,,,0.00,0.00,0.00,0.00,0.00,0.00,0.00,0.00,0.00,0.00
Cote d'Ivoire,CIV,20200130,0.00,,0.00,,0.00,,0.00,,0.00,,0.00,,0.00,,0.00,0.00,,0.00,0.00,0.00,0.00,,0.00,0.00,0.00,0.00,,,,0.00,0.00,0.00,0.00,0.00,0.00,0.00,0.00,0.00,0.00
Cote d'Ivoire,CIV,20200131,0.00,,0.00,,0.00,,0.00,,0.00,,0.00,,0.00,,0.00,0.00,,0.00,0.00,0.00,0.00,,0.00,0.00,0.00,0.00,,,,0.00,0.00,0.00,0.00,0.00,0.00,0.00,0.00,0.00,0.00
Cote d'Ivoire,CIV,20200201,0.00,,0.00,,0.00,,0.00,,0.00,,0.00,,0.00,,0.00,0.00,,0.00,0.00,0.00,0.00,,0.00,0.00,0.00,0.00,,,,0.00,0.00,0.00,0.00,0.00,0.00,0.00,0.00,0.00,0.00
Cote d'Ivoire,CIV,20200202,0.00,,0.00,,0.00,,0.00,,0.00,,0.00,,0.00,,0.00,0.00,,0.00,0.00,0.00,0.00,,0.00,0.00,0.00,0.00,,,,0.00,0.00,0.00,0.00,0.00,0.00,0.00,0.00,0.00,0.00
Cote d'Ivoire,CIV,20200203,0.00,,0.00,,0.00,,0.00,,0.00,,0.00,,0.00,,0.00,0.00,,0.00,0.00,0.00,0.00,,0.00,0.00,0.00,0.00,,,,0.00,0.00,0.00,0.00,0.00,0.00,0.00,0.00,0.00,0.00
Cote d'Ivoire,CIV,20200204,0.00,,0.00,,0.00,,0.00,,0.00,,0.00,,0.00,,0.00,0.00,,0.00,0.00,0.00,0.00,,0.00,0.00,0.00,0.00,,,,0.00,0.00,0.00,0.00,0.00,0.00,0.00,0.00,0.00,0.00
Cote d'Ivoire,CIV,20200205,0.00,,0.00,,0.00,,0.00,,0.00,,0.00,,0.00,,0.00,0.00,,0.00,0.00,0.00,0.00,,0.00,0.00,0.00,0.00,,,,0.00,0.00,0.00,0.00,0.00,0.00,0.00,0.00,0.00,0.00
Cote d'Ivoire,CIV,20200206,0.00,,0.00,,0.00,,0.00,,0.00,,0.00,,0.00,,0.00,0.00,,0.00,0.00,0.00,0.00,,0.00,0.00,0.00,0.00,,,,0.00,0.00,0.00,0.00,0.00,0.00,0.00,0.00,0.00,0.00
Cote d'Ivoire,CIV,20200207,0.00,,0.00,,0.00,,0.00,,0.00,,0.00,,0.00,,0.00,0.00,,0.00,0.00,0.00,0.00,,0.00,0.00,0.00,0.00,,,,0.00,0.00,0.00,0.00,0.00,0.00,0.00,0.00,0.00,0.00
Cote d'Ivoire,CIV,20200208,0.00,,0.00,,0.00,,0.00,,0.00,,0.00,,0.00,,0.00,0.00,,0.00,0.00,0.00,0.00,,0.00,0.00,0.00,0.00,,,,0.00,0.00,0.00,0.00,0.00,0.00,0.00,0.00,0.00,0.00
Cote d'Ivoire,CIV,20200209,0.00,,0.00,,0.00,,0.00,,0.00,,0.00,,0.00,,0.00,0.00,,0.00,0.00,0.00,0.00,,0.00,0.00,0.00,0.00,,,,0.00,0.00,0.00,0.00,0.00,0.00,0.00,0.00,0.00,0.00
Cote d'Ivoire,CIV,20200210,0.00,,0.00,,0.00,,0.00,,0.00,,0.00,,0.00,,0.00,0.00,,0.00,0.00,0.00,0.00,,0.00,0.00,0.00,0.00,,,,0.00,0.00,0.00,0.00,0.00,0.00,0.00,0.00,0.00,0.00
Cote d'Ivoire,CIV,20200211,0.00,,0.00,,0.00,,0.00,,0.00,,0.00,,0.00,,0.00,0.00,,0.00,0.00,0.00,0.00,,0.00,0.00,0.00,0.00,,,,0.00,0.00,0.00,0.00,0.00,0.00,0.00,0.00,0.00,0.00
Cote d'Ivoire,CIV,20200212,0.00,,0.00,,0.00,,0.00,,0.00,,0.00,,0.00,,0.00,0.00,,0.00,0.00,0.00,0.00,,0.00,0.00,0.00,0.00,,,,0.00,0.00,0.00,0.00,0.00,0.00,0.00,0.00,0.00,0.00
Cote d'Ivoire,CIV,20200213,0.00,,0.00,,0.00,,0.00,,0.00,,0.00,,0.00,,0.00,0.00,,0.00,0.00,0.00,0.00,,0.00,0.00,0.00,0.00,,,,0.00,0.00,0.00,0.00,0.00,0.00,0.00,0.00,0.00,0.00
Cote d'Ivoire,CIV,20200214,0.00,,0.00,,0.00,,0.00,,0.00,,0.00,,0.00,,0.00,0.00,,0.00,0.00,0.00,0.00,,0.00,0.00,0.00,0.00,,,,0.00,0.00,0.00,0.00,0.00,0.00,0.00,0.00,0.00,0.00
Cote d'Ivoire,CIV,20200215,0.00,,0.00,,0.00,,0.00,,0.00,,0.00,,0.00,,0.00,0.00,,0.00,0.00,0.00,0.00,,0.00,0.00,0.00,0.00,,,,0.00,0.00,0.00,0.00,0.00,0.00,0.00,0.00,0.00,0.00
Cote d'Ivoire,CIV,20200216,0.00,,0.00,,0.00,,0.00,,0.00,,0.00,,0.00,,0.00,0.00,,0.00,0.00,0.00,0.00,,0.00,0.00,0.00,0.00,,,,0.00,0.00,0.00,0.00,0.00,0.00,0.00,0.00,0.00,0.00
Cote d'Ivoire,CIV,20200217,0.00,,0.00,,0.00,,0.00,,0.00,,0.00,,0.00,,0.00,0.00,,0.00,0.00,0.00,0.00,,0.00,0.00,0.00,0.00,,,,0.00,0.00,0.00,0.00,0.00,0.00,0.00,0.00,0.00,0.00
Cote d'Ivoire,CIV,20200218,0.00,,0.00,,0.00,,0.00,,0.00,,0.00,,0.00,,0.00,0.00,,0.00,0.00,0.00,0.00,,0.00,0.00,0.00,0.00,,,,0.00,0.00,0.00,0.00,0.00,0.00,0.00,0.00,0.00,0.00
Cote d'Ivoire,CIV,20200219,0.00,,0.00,,0.00,,0.00,,0.00,,0.00,,0.00,,0.00,0.00,,0.00,0.00,0.00,0.00,,0.00,0.00,0.00,0.00,,,,0.00,0.00,0.00,0.00,0.00,0.00,0.00,0.00,0.00,0.00
Cote d'Ivoire,CIV,20200220,0.00,,0.00,,0.00,,0.00,,0.00,,0.00,,0.00,,0.00,0.00,,0.00,0.00,0.00,0.00,,0.00,0.00,0.00,0.00,,,,0.00,0.00,0.00,0.00,0.00,0.00,0.00,0.00,0.00,0.00
Cote d'Ivoire,CIV,20200221,0.00,,0.00,,0.00,,0.00,,0.00,,0.00,,0.00,,0.00,0.00,,0.00,0.00,0.00,0.00,,0.00,0.00,0.00,0.00,,,,0.00,0.00,0.00,0.00,0.00,0.00,0.00,0.00,0.00,0.00
Cote d'Ivoire,CIV,20200222,0.00,,0.00,,0.00,,0.00,,0.00,,0.00,,0.00,,0.00,0.00,,0.00,0.00,0.00,0.00,,0.00,0.00,0.00,0.00,,,,0.00,0.00,0.00,0.00,0.00,0.00,0.00,0.00,0.00,0.00
Cote d'Ivoire,CIV,20200223,0.00,,0.00,,0.00,,0.00,,0.00,,0.00,,0.00,,0.00,0.00,,0.00,0.00,0.00,0.00,,0.00,0.00,0.00,0.00,,,,0.00,0.00,0.00,0.00,0.00,0.00,0.00,0.00,0.00,0.00
Cote d'Ivoire,CIV,20200224,0.00,,0.00,,0.00,,0.00,,0.00,,0.00,,0.00,,0.00,0.00,,0.00,0.00,0.00,0.00,,0.00,0.00,0.00,0.00,,,,0.00,0.00,0.00,0.00,0.00,0.00,0.00,0.00,0.00,0.00
Cote d'Ivoire,CIV,20200225,0.00,,0.00,,0.00,,0.00,,0.00,,0.00,,0.00,,0.00,0.00,,0.00,0.00,0.00,0.00,,0.00,0.00,0.00,0.00,,,,0.00,0.00,0.00,0.00,0.00,0.00,0.00,0.00,0.00,0.00
Cote d'Ivoire,CIV,20200226,0.00,,0.00,,0.00,,0.00,,0.00,,0.00,,0.00,,0.00,0.00,,0.00,0.00,0.00,0.00,,0.00,0.00,0.00,0.00,,,,0.00,0.00,0.00,0.00,0.00,0.00,0.00,0.00,0.00,0.00
Cote d'Ivoire,CIV,20200227,0.00,,0.00,,0.00,,0.00,,0.00,,0.00,,0.00,,0.00,0.00,,0.00,0.00,0.00,0.00,,0.00,0.00,0.00,0.00,,,,0.00,0.00,0.00,0.00,0.00,0.00,0.00,0.00,0.00,0.00
Cote d'Ivoire,CIV,20200228,0.00,,0.00,,0.00,,0.00,,0.00,,0.00,,0.00,,0.00,0.00,,0.00,0.00,0.00,0.00,,0.00,0.00,0.00,0.00,,,,0.00,0.00,0.00,0.00,0.00,0.00,0.00,0.00,0.00,0.00
Cote d'Ivoire,CIV,20200229,0.00,,0.00,,0.00,,0.00,,0.00,,0.00,,0.00,,0.00,0.00,,0.00,0.00,0.00,0.00,,0.00,0.00,0.00,0.00,,,,0.00,0.00,0.00,0.00,0.00,0.00,0.00,0.00,0.00,0.00
Cote d'Ivoire,CIV,20200301,0.00,,0.00,,0.00,,0.00,,0.00,,0.00,,0.00,,0.00,0.00,,0.00,0.00,0.00,0.00,,0.00,0.00,0.00,0.00,,,,0.00,0.00,0.00,0.00,0.00,0.00,0.00,0.00,0.00,0.00
Cote d'Ivoire,CIV,20200302,0.00,,0.00,,0.00,,0.00,,0.00,,0.00,,0.00,,0.00,0.00,,0.00,0.00,0.00,0.00,,0.00,0.00,0.00,0.00,,,,0.00,0.00,0.00,0.00,0.00,0.00,0.00,0.00,0.00,0.00
Cote d'Ivoire,CIV,20200303,0.00,,0.00,,0.00,,0.00,,0.00,,0.00,,0.00,,0.00,0.00,,0.00,0.00,0.00,0.00,,0.00,0.00,0.00,0.00,,,,0.00,0.00,0.00,0.00,0.00,0.00,0.00,0.00,0.00,0.00
Cote d'Ivoire,CIV,20200304,0.00,,0.00,,0.00,,0.00,,0.00,,0.00,,0.00,,0.00,0.00,,0.00,0.00,0.00,0.00,,0.00,0.00,1104400.00,0.00,,,,0.00,0.00,0.00,0.00,0.00,0.00,0.00,0.00,0.00,0.00
Cote d'Ivoire,CIV,20200305,0.00,,0.00,,0.00,,0.00,,0.00,,0.00,,0.00,,0.00,0.00,,0.00,0.00,0.00,0.00,,0.00,0.00,0.00,0.00,,,,0.00,0.00,0.00,0.00,0.00,0.00,0.00,0.00,0.00,0.00
Cote d'Ivoire,CIV,20200306,0.00,,0.00,,0.00,,0.00,,0.00,,0.00,,0.00,,0.00,0.00,,0.00,0.00,0.00,0.00,,0.00,0.00,0.00,0.00,,,,0.00,0.00,0.00,0.00,0.00,0.00,0.00,0.00,0.00,0.00
Cote d'Ivoire,CIV,20200307,0.00,,0.00,,0.00,,0.00,,0.00,,0.00,,0.00,,0.00,0.00,,0.00,0.00,0.00,0.00,,0.00,0.00,0.00,0.00,,,,0.00,0.00,0.00,0.00,0.00,0.00,0.00,0.00,0.00,0.00
Cote d'Ivoire,CIV,20200308,0.00,,0.00,,0.00,,0.00,,0.00,,0.00,,0.00,,0.00,0.00,,0.00,0.00,0.00,0.00,,0.00,0.00,0.00,0.00,,,,0.00,0.00,0.00,0.00,0.00,0.00,0.00,0.00,0.00,0.00
Cote d'Ivoire,CIV,20200309,0.00,,0.00,,0.00,,0.00,,0.00,,0.00,,0.00,,0.00,0.00,,0.00,0.00,0.00,0.00,,0.00,0.00,0.00,0.00,,,,0.00,0.00,0.00,0.00,0.00,0.00,0.00,0.00,0.00,0.00
Cote d'Ivoire,CIV,20200310,0.00,,0.00,,0.00,,0.00,,0.00,,0.00,,0.00,,0.00,0.00,,0.00,0.00,0.00,0.00,,0.00,0.00,0.00,0.00,,,,0.00,0.00,0.00,0.00,0.00,0.00,0.00,0.00,0.00,0.00
Cote d'Ivoire,CIV,20200311,0.00,,0.00,,0.00,,0.00,,0.00,,0.00,,0.00,,0.00,0.00,,0.00,0.00,0.00,0.00,,0.00,1.00,0.00,0.00,,,,0.00,0.00,0.00,0.00,3.85,3.85,4.55,4.55,0.00,0.00
Cote d'Ivoire,CIV,20200312,0.00,,0.00,,0.00,,0.00,,0.00,,0.00,,0.00,,0.00,0.00,,0.00,0.00,0.00,2.00,1,0.00,1.00,0.00,0.00,,1,0,11.11,11.11,14.29,14.29,11.54,11.54,13.64,13.64,0.00,0.00
Cote d'Ivoire,CIV,20200313,0.00,,0.00,,0.00,,0.00,,0.00,,0.00,,0.00,,0.00,0.00,,0.00,0.00,0.00,2.00,1,0.00,1.00,0.00,0.00,,,,11.11,11.11,14.29,14.29,11.54,11.54,13.64,13.64,0.00,0.00
Cote d'Ivoire,CIV,20200314,0.00,,0.00,,0.00,,0.00,,0.00,,0.00,,0.00,,0.00,0.00,,0.00,0.00,0.00,2.00,1,0.00,1.00,0.00,0.00,,,,11.11,11.11,14.29,14.29,11.54,11.54,13.64,13.64,0.00,0.00
Cote d'Ivoire,CIV,20200315,0.00,,0.00,,0.00,,0.00,,0.00,,0.00,,0.00,,0.00,0.00,,0.00,0.00,0.00,2.00,1,0.00,1.00,0.00,0.00,,4,0,11.11,11.11,14.29,14.29,11.54,11.54,13.64,13.64,0.00,0.00
Cote d'Ivoire,CIV,20200316,3.00,1,0.00,,0.00,,0.00,,0.00,,0.00,,0.00,,3.00,0.00,,0.00,0.00,0.00,2.00,1,2.00,1.00,0.00,0.00,,4,0,30.56,30.56,39.29,39.29,30.13,30.13,35.61,35.61,0.00,0.00
Cote d'Ivoire,CIV,20200317,3.00,1,0.00,,0.00,,0.00,,0.00,,0.00,,0.00,,3.00,0.00,,0.00,0.00,0.00,2.00,1,2.00,1.00,0.00,0.00,,5,0,30.56,30.56,39.29,39.29,30.13,30.13,35.61,35.61,0.00,0.00
Cote d'Ivoire,CIV,20200318,3.00,1,0.00,,0.00,,0.00,,0.00,,0.00,,0.00,,3.00,0.00,,0.00,0.00,0.00,2.00,1,2.00,1.00,0.00,0.00,,5,0,30.56,30.56,39.29,39.29,30.13,30.13,35.61,35.61,0.00,0.00
Cote d'Ivoire,CIV,20200319,3.00,1,2.00,1,2.00,1,3.00,1,0.00,,0.00,,0.00,,3.00,0.00,,0.00,0.00,0.00,2.00,1,2.00,1.00,0.00,0.00,,6,0,57.41,57.41,64.29,64.29,48.72,48.72,57.58,57.58,0.00,0.00
Cote d'Ivoire,CIV,20200320,3.00,1,2.00,1,2.00,1,3.00,1,0.00,,0.00,,0.00,,3.00,0.00,,0.00,0.00,0.00,2.00,1,2.00,1.00,0.00,0.00,,9,0,57.41,57.41,64.29,64.29,48.72,48.72,57.58,57.58,0.00,0.00
Cote d'Ivoire,CIV,20200321,3.00,1,2.00,1,2.00,1,3.00,1,0.00,,0.00,,0.00,,3.00,0.00,,0.00,0.00,0.00,2.00,1,2.00,1.00,0.00,0.00,,14,0,57.41,57.41,64.29,64.29,48.72,48.72,57.58,57.58,0.00,0.00
Cote d'Ivoire,CIV,20200322,3.00,1,2.00,1,2.00,1,3.00,1,0.00,,0.00,,0.00,,4.00,0.00,,0.00,0.00,0.00,2.00,1,2.00,1.00,0.00,0.00,,17,0,60.19,60.19,67.86,67.86,50.64,50.64,59.85,59.85,0.00,0.00
Cote d'Ivoire,CIV,20200323,3.00,1,2.00,1,2.00,1,3.00,1,0.00,,1.00,1,0.00,,4.00,0.00,,0.00,0.00,0.00,2.00,1,2.00,1.00,0.00,0.00,,25,0,63.89,63.89,75.00,75.00,53.21,53.21,62.88,62.88,0.00,0.00
Cote d'Ivoire,CIV,20200324,3.00,1,2.00,1,2.00,1,3.00,1,1.00,1,1.00,1,2.00,1,4.00,0.00,,0.00,0.00,0.00,2.00,1,2.00,1.00,0.00,0.00,,25,0,80.56,80.56,91.67,91.67,64.74,64.74,76.52,76.52,0.00,0.00
Cote d'Ivoire,CIV,20200325,3.00,1,2.00,1,2.00,1,3.00,1,1.00,1,1.00,1,2.00,1,4.00,0.00,,0.00,0.00,0.00,2.00,1,2.00,1.00,0.00,0.00,,73,0,80.56,80.56,91.67,91.67,64.74,64.74,76.52,76.52,0.00,0.00
Cote d'Ivoire,CIV,20200326,3.00,1,2.00,1,2.00,1,3.00,1,1.00,1,1.00,1,2.00,1,4.00,0.00,,0.00,0.00,0.00,2.00,1,2.00,1.00,0.00,0.00,,80,0,80.56,80.56,91.67,91.67,64.74,64.74,76.52,76.52,0.00,0.00
Cote d'Ivoire,CIV,20200327,3.00,1,2.00,1,2.00,1,3.00,1,1.00,1,1.00,1,2.00,1,4.00,0.00,,0.00,0.00,0.00,2.00,1,2.00,1.00,0.00,0.00,,96,0,80.56,80.56,91.67,91.67,64.74,64.74,76.52,76.52,0.00,0.00
Cote d'Ivoire,CIV,20200328,3.00,1,2.00,1,2.00,1,3.00,1,1.00,1,1.00,1,2.00,1,4.00,0.00,,0.00,0.00,0.00,2.00,1,2.00,1.00,0.00,0.00,,101,0,80.56,80.56,91.67,91.67,64.74,64.74,76.52,76.52,0.00,0.00
Cote d'Ivoire,CIV,20200329,3.00,1,2.00,1,2.00,1,3.00,1,1.00,1,1.00,1,2.00,1,4.00,0.00,,0.00,0.00,0.00,2.00,1,2.00,1.00,0.00,0.00,,140,0,80.56,80.56,91.67,91.67,64.74,64.74,76.52,76.52,0.00,0.00
Cote d'Ivoire,CIV,20200330,3.00,1,2.00,1,2.00,1,3.00,1,1.00,1,1.00,1,2.00,1,4.00,0.00,,0.00,0.00,0.00,2.00,1,2.00,1.00,0.00,0.00,,165,1,80.56,80.56,91.67,91.67,64.74,64.74,76.52,76.52,0.00,0.00
Cote d'Ivoire,CIV,20200331,3.00,1,2.00,1,2.00,1,3.00,1,1.00,1,1.00,1,2.00,1,4.00,0.00,,1.00,,0.00,2.00,1,2.00,1.00,42140700.00,0.00,,168,1,80.56,80.56,91.67,91.67,68.59,68.59,76.52,76.52,25.00,25.00
Cote d'Ivoire,CIV,20200401,3.00,1,2.00,1,2.00,1,3.00,1,1.00,1,1.00,1,2.00,1,4.00,0.00,,1.00,0.00,0.00,2.00,1,2.00,1.00,0.00,0.00,,168,1,80.56,80.56,91.67,91.67,68.59,68.59,76.52,76.52,25.00,25.00
Cote d'Ivoire,CIV,20200402,3.00,1,2.00,1,2.00,1,3.00,1,1.00,1,1.00,1,2.00,1,4.00,0.00,,1.00,0.00,0.00,2.00,1,2.00,1.00,0.00,0.00,,190,1,80.56,80.56,91.67,91.67,68.59,68.59,76.52,76.52,25.00,25.00
Cote d'Ivoire,CIV,20200403,3.00,1,2.00,1,2.00,1,3.00,1,1.00,1,1.00,1,2.00,1,4.00,0.00,,1.00,0.00,0.00,2.00,1,2.00,1.00,0.00,0.00,,194,1,80.56,80.56,91.67,91.67,68.59,68.59,76.52,76.52,25.00,25.00
Cote d'Ivoire,CIV,20200404,3.00,1,2.00,1,2.00,1,3.00,1,1.00,1,1.00,1,2.00,1,4.00,0.00,,1.00,0.00,0.00,2.00,1,2.00,1.00,0.00,0.00,,218,1,80.56,80.56,91.67,91.67,68.59,68.59,76.52,76.52,25.00,25.00
Cote d'Ivoire,CIV,20200405,3.00,1,2.00,1,2.00,1,3.00,1,1.00,1,1.00,1,2.00,1,4.00,0.00,,1.00,0.00,0.00,2.00,1,2.00,1.00,0.00,0.00,,245,2,80.56,80.56,91.67,91.67,68.59,68.59,76.52,76.52,25.00,25.00
Cote d'Ivoire,CIV,20200406,3.00,1,2.00,1,2.00,1,3.00,1,1.00,1,1.00,1,2.00,1,4.00,0.00,,1.00,0.00,0.00,2.00,1,2.00,1.00,0.00,0.00,,261,3,80.56,80.56,91.67,91.67,68.59,68.59,76.52,76.52,25.00,25.00
Cote d'Ivoire,CIV,20200407,3.00,1,2.00,1,2.00,1,3.00,1,1.00,1,1.00,1,2.00,1,4.00,0.00,,1.00,0.00,0.00,2.00,1,2.00,1.00,0.00,0.00,,323,3,80.56,80.56,91.67,91.67,68.59,68.59,76.52,76.52,25.00,25.00
Cote d'Ivoire,CIV,20200408,3.00,1,2.00,1,2.00,1,3.00,1,1.00,1,1.00,1,2.00,1,4.00,0.00,,1.00,497023.00,0.00,2.00,1,2.00,1.00,0.00,0.00,,349,3,80.56,80.56,91.67,91.67,68.59,68.59,76.52,76.52,25.00,25.00
Cote d'Ivoire,CIV,20200409,3.00,1,2.00,1,2.00,1,3.00,1,1.00,1,1.00,1,2.00,1,4.00,0.00,,1.00,0.00,0.00,2.00,1,2.00,1.00,0.00,0.00,,384,3,80.56,80.56,91.67,91.67,68.59,68.59,76.52,76.52,25.00,25.00
Cote d'Ivoire,CIV,20200410,3.00,1,2.00,1,2.00,1,3.00,1,1.00,1,1.00,1,2.00,1,4.00,0.00,,1.00,0.00,0.00,2.00,1,2.00,1.00,0.00,0.00,,444,3,80.56,80.56,91.67,91.67,68.59,68.59,76.52,76.52,25.00,25.00
Cote d'Ivoire,CIV,20200411,3.00,1,2.00,1,2.00,1,3.00,1,1.00,1,1.00,1,2.00,1,4.00,0.00,,1.00,0.00,0.00,2.00,1,2.00,1.00,0.00,0.00,,480,3,80.56,80.56,91.67,91.67,68.59,68.59,76.52,76.52,25.00,25.00
Cote d'Ivoire,CIV,20200412,3.00,1,2.00,1,2.00,1,3.00,1,1.00,1,1.00,1,2.00,1,4.00,0.00,,1.00,0.00,0.00,2.00,1,2.00,1.00,0.00,0.00,,533,4,80.56,80.56,91.67,91.67,68.59,68.59,76.52,76.52,25.00,25.00
Cote d'Ivoire,CIV,20200413,3.00,1,2.00,1,2.00,1,3.00,1,1.00,1,1.00,1,2.00,1,4.00,0.00,,1.00,0.00,0.00,2.00,1,2.00,1.00,0.00,0.00,,574,5,80.56,80.56,91.67,91.67,68.59,68.59,76.52,76.52,25.00,25.00
Cote d'Ivoire,CIV,20200414,3.00,1,2.00,1,2.00,1,3.00,1,1.00,1,1.00,1,2.00,1,4.00,0.00,,1.00,0.00,0.00,2.00,1,2.00,1.00,0.00,0.00,,626,6,80.56,80.56,91.67,91.67,68.59,68.59,76.52,76.52,25.00,25.00
Cote d'Ivoire,CIV,20200415,3.00,1,2.00,1,2.00,1,3.00,1,1.00,1,1.00,1,2.00,1,4.00,0.00,,1.00,0.00,0.00,2.00,1,2.00,1.00,0.00,0.00,,626,6,80.56,80.56,91.67,91.67,68.59,68.59,76.52,76.52,25.00,25.00
Cote d'Ivoire,CIV,20200416,3.00,1,2.00,1,2.00,1,3.00,1,1.00,1,1.00,1,2.00,1,4.00,0.00,,1.00,0.00,0.00,2.00,1,2.00,1.00,0.00,0.00,,654,6,80.56,80.56,91.67,91.67,68.59,68.59,76.52,76.52,25.00,25.00
Cote d'Ivoire,CIV,20200417,3.00,1,2.00,1,2.00,1,3.00,1,1.00,1,1.00,1,2.00,1,4.00,0.00,,1.00,0.00,0.00,2.00,1,2.00,1.00,0.00,0.00,,688,6,80.56,80.56,91.67,91.67,68.59,68.59,76.52,76.52,25.00,25.00
Cote d'Ivoire,CIV,20200418,3.00,1,2.00,1,2.00,1,3.00,1,1.00,1,1.00,1,2.00,1,4.00,0.00,,1.00,0.00,0.00,2.00,1,2.00,1.00,0.00,0.00,,742,6,80.56,80.56,91.67,91.67,68.59,68.59,76.52,76.52,25.00,25.00
Cote d'Ivoire,CIV,20200419,3.00,1,2.00,1,2.00,1,3.00,1,1.00,1,1.00,1,2.00,1,4.00,0.00,,1.00,0.00,0.00,2.00,1,2.00,1.00,0.00,0.00,,801,8,80.56,80.56,91.67,91.67,68.59,68.59,76.52,76.52,25.00,25.00
Cote d'Ivoire,CIV,20200420,3.00,1,2.00,1,2.00,1,3.00,1,1.00,1,1.00,1,2.00,1,4.00,0.00,,1.00,0.00,0.00,2.00,1,2.00,1.00,0.00,0.00,,847,9,80.56,80.56,91.67,91.67,68.59,68.59,76.52,76.52,25.00,25.00
Cote d'Ivoire,CIV,20200421,3.00,1,2.00,1,2.00,1,3.00,1,1.00,1,1.00,1,2.00,1,4.00,0.00,,1.00,0.00,0.00,2.00,1,2.00,1.00,0.00,0.00,,879,10,80.56,80.56,91.67,91.67,68.59,68.59,76.52,76.52,25.00,25.00
Cote d'Ivoire,CIV,20200422,3.00,1,2.00,1,2.00,1,3.00,1,1.00,1,1.00,1,2.00,1,4.00,0.00,,1.00,0.00,0.00,2.00,1,2.00,1.00,0.00,0.00,,916,13,80.56,80.56,91.67,91.67,68.59,68.59,76.52,76.52,25.00,25.00
Cote d'Ivoire,CIV,20200423,3.00,1,2.00,1,2.00,1,3.00,1,1.00,1,1.00,1,2.00,1,4.00,0.00,,1.00,0.00,0.00,2.00,1,2.00,1.00,0.00,0.00,,952,14,80.56,80.56,91.67,91.67,68.59,68.59,76.52,76.52,25.00,25.00
Cote d'Ivoire,CIV,20200424,3.00,1,2.00,1,2.00,1,3.00,1,1.00,1,1.00,1,2.00,1,4.00,0.00,,1.00,0.00,0.00,2.00,1,2.00,1.00,0.00,0.00,,1004,14,80.56,80.56,91.67,91.67,68.59,68.59,76.52,76.52,25.00,25.00
Cote d'Ivoire,CIV,20200425,3.00,1,2.00,1,2.00,1,3.00,1,1.00,1,1.00,1,2.00,1,4.00,0.00,,1.00,0.00,0.00,2.00,1,2.00,1.00,0.00,0.00,,1077,14,80.56,80.56,91.67,91.67,68.59,68.59,76.52,76.52,25.00,25.00
Cote d'Ivoire,CIV,20200426,3.00,1,2.00,1,2.00,1,3.00,1,1.00,1,1.00,1,2.00,1,4.00,0.00,,1.00,0.00,0.00,2.00,1,2.00,1.00,0.00,0.00,,1111,14,80.56,80.56,91.67,91.67,68.59,68.59,76.52,76.52,25.00,25.00
Cote d'Ivoire,CIV,20200427,3.00,1,2.00,1,2.00,1,3.00,1,1.00,1,1.00,1,2.00,1,4.00,0.00,,1.00,0.00,0.00,2.00,1,2.00,1.00,0.00,0.00,,1150,14,80.56,80.56,91.67,91.67,68.59,68.59,76.52,76.52,25.00,25.00
Cote d'Ivoire,CIV,20200428,3.00,1,2.00,1,2.00,1,3.00,1,1.00,1,1.00,1,2.00,1,4.00,0.00,,1.00,0.00,0.00,2.00,1,2.00,1.00,0.00,0.00,,1164,14,80.56,80.56,91.67,91.67,68.59,68.59,76.52,76.52,25.00,25.00
Cote d'Ivoire,CIV,20200429,3.00,1,2.00,1,2.00,1,3.00,1,1.00,1,1.00,1,2.00,1,4.00,0.00,,1.00,0.00,0.00,2.00,1,2.00,1.00,0.00,0.00,,1183,14,80.56,80.56,91.67,91.67,68.59,68.59,76.52,76.52,25.00,25.00
Cote d'Ivoire,CIV,20200430,3.00,1,2.00,1,2.00,1,3.00,1,1.00,1,1.00,1,2.00,1,4.00,0.00,,1.00,0.00,0.00,2.00,1,2.00,1.00,0.00,0.00,,1238,14,80.56,80.56,91.67,91.67,68.59,68.59,76.52,76.52,25.00,25.00
Cote d'Ivoire,CIV,20200501,3.00,1,2.00,1,2.00,1,3.00,1,1.00,1,1.00,1,2.00,1,4.00,0.00,,1.00,0.00,0.00,2.00,1,2.00,1.00,0.00,0.00,,1275,14,80.56,80.56,91.67,91.67,68.59,68.59,76.52,76.52,25.00,25.00
Cote d'Ivoire,CIV,20200502,3.00,1,2.00,1,2.00,1,3.00,1,1.00,1,1.00,1,2.00,1,4.00,0.00,,1.00,0.00,0.00,2.00,1,2.00,1.00,0.00,0.00,,1333,15,80.56,80.56,91.67,91.67,68.59,68.59,76.52,76.52,25.00,25.00
Cote d'Ivoire,CIV,20200503,3.00,1,2.00,1,2.00,1,3.00,1,1.00,1,1.00,1,2.00,1,4.00,0.00,,1.00,0.00,0.00,2.00,1,2.00,1.00,0.00,0.00,,1362,15,80.56,80.56,91.67,91.67,68.59,68.59,76.52,76.52,25.00,25.00
Cote d'Ivoire,CIV,20200504,3.00,1,2.00,1,2.00,1,3.00,1,1.00,1,1.00,1,2.00,1,4.00,0.00,,1.00,0.00,0.00,2.00,1,2.00,1.00,0.00,0.00,,1398,17,80.56,80.56,91.67,91.67,68.59,68.59,76.52,76.52,25.00,25.00
Cote d'Ivoire,CIV,20200505,3.00,1,2.00,1,2.00,1,3.00,1,1.00,1,1.00,1,2.00,1,4.00,0.00,,1.00,313191000.00,0.00,2.00,1,2.00,1.00,34957700.00,0.00,,1432,17,80.56,80.56,91.67,91.67,68.59,68.59,76.52,76.52,25.00,25.00
Cote d'Ivoire,CIV,20200506,3.00,1,2.00,1,2.00,1,3.00,1,1.00,1,1.00,1,2.00,1,4.00,0.00,,1.00,0.00,0.00,2.00,1,2.00,1.00,0.00,0.00,,1464,18,80.56,80.56,91.67,91.67,68.59,68.59,76.52,76.52,25.00,25.00
Cote d'Ivoire,CIV,20200507,3.00,1,2.00,1,2.00,1,3.00,1,1.00,1,1.00,1,2.00,1,4.00,0.00,,1.00,0.00,0.00,2.00,1,2.00,1.00,0.00,0.00,,1516,18,80.56,80.56,91.67,91.67,68.59,68.59,76.52,76.52,25.00,25.00
Cote d'Ivoire,CIV,20200508,3.00,0,2.00,0,2.00,0,3.00,0,1.00,1,1.00,1,2.00,0,4.00,0.00,,1.00,0.00,0.00,2.00,1,2.00,1.00,0.00,0.00,,1571,20,69.91,69.91,75.00,75.00,61.22,61.22,67.80,67.80,25.00,25.00
Cote d'Ivoire,CIV,20200509,3.00,0,2.00,0,2.00,0,3.00,0,1.00,1,1.00,1,2.00,0,4.00,0.00,,1.00,0.00,0.00,2.00,1,2.00,1.00,0.00,0.00,,1602,20,69.91,69.91,75.00,75.00,61.22,61.22,67.80,67.80,25.00,25.00
Cote d'Ivoire,CIV,20200510,3.00,0,2.00,0,2.00,0,3.00,0,1.00,1,1.00,1,2.00,0,4.00,0.00,,1.00,0.00,0.00,2.00,1,2.00,1.00,0.00,0.00,,1667,21,69.91,69.91,75.00,75.00,61.22,61.22,67.80,67.80,25.00,25.00
Cote d'Ivoire,CIV,20200511,3.00,0,2.00,0,2.00,0,3.00,0,1.00,1,1.00,1,2.00,0,4.00,0.00,,1.00,0.00,0.00,2.00,1,2.00,1.00,0.00,0.00,,1700,21,69.91,69.91,75.00,75.00,61.22,61.22,67.80,67.80,25.00,25.00
Cote d'Ivoire,CIV,20200512,3.00,0,2.00,0,2.00,0,3.00,0,1.00,1,1.00,1,2.00,0,4.00,0.00,,1.00,0.00,0.00,2.00,1,2.00,1.00,0.00,0.00,,1730,21,69.91,69.91,75.00,75.00,61.22,61.22,67.80,67.80,25.00,25.00
Cote d'Ivoire,CIV,20200513,3.00,0,2.00,0,2.00,0,3.00,0,1.00,1,1.00,1,2.00,0,4.00,0.00,,1.00,0.00,0.00,2.00,1,2.00,1.00,0.00,0.00,,1857,21,69.91,69.91,75.00,75.00,61.22,61.22,67.80,67.80,25.00,25.00
Cote d'Ivoire,CIV,20200514,3.00,0,2.00,0,2.00,0,3.00,0,1.00,1,1.00,1,2.00,0,4.00,0.00,,1.00,0.00,0.00,2.00,1,2.00,1.00,0.00,0.00,,1912,24,69.91,69.91,75.00,75.00,61.22,61.22,67.80,67.80,25.00,25.00
Cote d'Ivoire,CIV,20200515,3.00,0,2.00,0,2.00,0,3.00,0,1.00,1,1.00,1,2.00,0,4.00,0.00,,1.00,0.00,0.00,2.00,1,2.00,1.00,0.00,0.00,,1971,24,69.91,69.91,75.00,75.00,61.22,61.22,67.80,67.80,25.00,25.00
Cote d'Ivoire,CIV,20200516,2.00,0,2.00,0,2.00,1,2.00,1,1.00,0,1.00,1,2.00,0,4.00,0.00,,1.00,0.00,0.00,2.00,1,2.00,1.00,0.00,0.00,,2017,24,64.81,64.81,71.43,71.43,57.69,57.69,63.64,63.64,25.00,25.00
Cote d'Ivoire,CIV,20200517,2.00,0,2.00,0,2.00,1,2.00,1,1.00,0,1.00,1,2.00,0,4.00,0.00,,1.00,0.00,0.00,2.00,1,2.00,1.00,0.00,0.00,,2061,25,64.81,64.81,71.43,71.43,57.69,57.69,63.64,63.64,25.00,25.00
Cote d'Ivoire,CIV,20200518,2.00,0,2.00,0,2.00,1,2.00,1,1.00,0,1.00,1,2.00,0,4.00,0.00,,1.00,0.00,0.00,2.00,1,2.00,1.00,0.00,0.00,,2109,27,64.81,64.81,71.43,71.43,57.69,57.69,63.64,63.64,25.00,25.00
Cote d'Ivoire,CIV,20200519,2.00,0,2.00,0,2.00,1,2.00,1,1.00,0,1.00,1,2.00,0,4.00,0.00,,1.00,0.00,0.00,2.00,1,2.00,1.00,0.00,0.00,,2119,28,64.81,64.81,71.43,71.43,57.69,57.69,63.64,63.64,25.00,25.00
Cote d'Ivoire,CIV,20200520,2.00,0,2.00,0,2.00,1,2.00,1,1.00,0,1.00,1,2.00,0,4.00,0.00,,1.00,0.00,1600000.00,2.00,1,2.00,1.00,0.00,0.00,,2153,28,64.81,64.81,71.43,71.43,57.69,57.69,63.64,63.64,25.00,25.00
Cote d'Ivoire,CIV,20200521,2.00,0,2.00,0,2.00,1,2.00,1,1.00,0,1.00,1,2.00,0,4.00,0.00,,1.00,0.00,0.00,2.00,1,2.00,1.00,0.00,0.00,,2231,29,64.81,64.81,71.43,71.43,57.69,57.69,63.64,63.64,25.00,25.00
Cote d'Ivoire,CIV,20200522,2.00,0,2.00,0,2.00,1,2.00,1,1.00,0,1.00,1,2.00,0,4.00,0.00,,1.00,0.00,0.00,2.00,1,2.00,1.00,0.00,0.00,,2231,29,64.81,64.81,71.43,71.43,57.69,57.69,63.64,63.64,25.00,25.00
Cote d'Ivoire,CIV,20200523,2.00,0,2.00,0,2.00,1,2.00,1,1.00,0,1.00,1,2.00,0,4.00,0.00,,1.00,0.00,0.00,2.00,1,2.00,1.00,0.00,0.00,,2301,29,64.81,64.81,71.43,71.43,57.69,57.69,63.64,63.64,25.00,25.00
Cote d'Ivoire,CIV,20200524,2.00,0,2.00,0,2.00,1,2.00,1,1.00,0,1.00,1,2.00,0,4.00,0.00,,1.00,0.00,0.00,2.00,1,2.00,1.00,0.00,0.00,,2366,30,64.81,64.81,71.43,71.43,57.69,57.69,63.64,63.64,25.00,25.00
Cote d'Ivoire,CIV,20200525,0.00,,2.00,0,2.00,1,2.00,1,1.00,0,1.00,1,2.00,0,4.00,0.00,,1.00,0.00,0.00,2.00,1,2.00,1.00,0.00,0.00,,2376,30,59.26,59.26,64.29,64.29,53.85,53.85,59.09,59.09,25.00,25.00
Cote d'Ivoire,CIV,20200526,0.00,,2.00,0,2.00,1,2.00,1,1.00,0,1.00,1,2.00,0,4.00,0.00,,1.00,0.00,0.00,2.00,1,2.00,1.00,0.00,0.00,,2423,30,59.26,59.26,64.29,64.29,53.85,53.85,59.09,59.09,25.00,25.00
Cote d'Ivoire,CIV,20200527,0.00,,2.00,0,2.00,1,2.00,1,1.00,0,1.00,1,2.00,0,4.00,0.00,,1.00,0.00,0.00,2.00,1,2.00,1.00,0.00,0.00,,2477,30,59.26,59.26,64.29,64.29,53.85,53.85,59.09,59.09,25.00,25.00
Cote d'Ivoire,CIV,20200528,0.00,,2.00,0,2.00,1,2.00,1,1.00,0,1.00,1,2.00,0,4.00,0.00,,1.00,0.00,0.00,2.00,1,2.00,1.00,0.00,0.00,,2556,31,59.26,59.26,64.29,64.29,53.85,53.85,59.09,59.09,25.00,25.00
Cote d'Ivoire,CIV,20200529,0.00,,2.00,0,2.00,1,2.00,1,1.00,0,1.00,1,2.00,0,4.00,0.00,,1.00,0.00,0.00,2.00,1,2.00,1.00,0.00,0.00,,2641,32,59.26,59.26,64.29,64.29,53.85,53.85,59.09,59.09,25.00,25.00
Cote d'Ivoire,CIV,20200530,0.00,,2.00,0,2.00,1,2.00,1,1.00,0,1.00,1,2.00,0,4.00,0.00,,1.00,0.00,0.00,2.00,1,2.00,1.00,0.00,0.00,,2750,32,59.26,59.26,64.29,64.29,53.85,53.85,59.09,59.09,25.00,25.00
Cote d'Ivoire,CIV,20200531,0.00,,2.00,0,2.00,1,2.00,1,1.00,0,1.00,1,2.00,0,4.00,0.00,,1.00,0.00,0.00,2.00,1,2.00,1.00,0.00,0.00,,2799,33,59.26,59.26,64.29,64.29,53.85,53.85,59.09,59.09,25.00,25.00
Cote d'Ivoire,CIV,20200601,0.00,,2.00,0,2.00,1,2.00,1,1.00,0,1.00,1,2.00,0,4.00,0.00,,1.00,0.00,0.00,2.00,1,2.00,1.00,1531025.00,0.00,,2833,33,59.26,59.26,64.29,64.29,53.85,53.85,59.09,59.09,25.00,25.00
Cote d'Ivoire,CIV,20200602,0.00,,2.00,0,2.00,1,2.00,1,1.00,0,1.00,1,2.00,0,4.00,0.00,,1.00,0.00,0.00,2.00,1,2.00,1.00,0.00,0.00,,2951,33,59.26,59.26,64.29,64.29,53.85,53.85,59.09,59.09,25.00,25.00
Cote d'Ivoire,CIV,20200603,0.00,,2.00,0,2.00,1,2.00,1,1.00,0,1.00,1,2.00,0,4.00,0.00,,1.00,0.00,0.00,2.00,1,2.00,1.00,0.00,0.00,,3024,33,59.26,59.26,64.29,64.29,53.85,53.85,59.09,59.09,25.00,25.00
Cote d'Ivoire,CIV,20200604,0.00,,2.00,0,2.00,1,2.00,1,1.00,0,1.00,1,2.00,0,4.00,0.00,,1.00,0.00,0.00,2.00,1,2.00,1.00,0.00,0.00,,3024,33,59.26,59.26,64.29,64.29,53.85,53.85,59.09,59.09,25.00,25.00
Cote d'Ivoire,CIV,20200605,0.00,,2.00,0,2.00,1,2.00,1,1.00,0,1.00,1,2.00,0,4.00,0.00,,1.00,0.00,0.00,2.00,1,2.00,1.00,0.00,0.00,,3262,35,59.26,59.26,64.29,64.29,53.85,53.85,59.09,59.09,25.00,25.00
Cote d'Ivoire,CIV,20200606,0.00,,2.00,0,2.00,1,2.00,1,1.00,0,1.00,1,2.00,0,4.00,0.00,,1.00,0.00,0.00,2.00,1,2.00,1.00,0.00,0.00,,3431,36,59.26,59.26,64.29,64.29,53.85,53.85,59.09,59.09,25.00,25.00
Cote d'Ivoire,CIV,20200607,0.00,,2.00,0,2.00,1,2.00,1,1.00,0,1.00,1,2.00,0,4.00,0.00,,1.00,0.00,0.00,2.00,1,2.00,1.00,0.00,0.00,,3557,36,59.26,59.26,64.29,64.29,53.85,53.85,59.09,59.09,25.00,25.00
Cote d'Ivoire,CIV,20200608,0.00,,2.00,0,2.00,1,2.00,1,1.00,0,1.00,1,2.00,0,4.00,0.00,,1.00,0.00,0.00,2.00,1,2.00,1.00,0.00,0.00,,3739,36,59.26,59.26,64.29,64.29,53.85,53.85,59.09,59.09,25.00,25.00
Cote d'Ivoire,CIV,20200609,0.00,,2.00,0,2.00,1,2.00,1,1.00,0,1.00,1,2.00,0,4.00,0.00,,1.00,0.00,0.00,2.00,1,2.00,1.00,0.00,0.00,,3881,38,59.26,59.26,64.29,64.29,53.85,53.85,59.09,59.09,25.00,25.00
Cote d'Ivoire,CIV,20200610,0.00,,2.00,0,2.00,1,2.00,1,1.00,0,1.00,1,2.00,0,4.00,0.00,,1.00,0.00,0.00,2.00,1,2.00,1.00,0.00,0.00,,3995,38,59.26,59.26,64.29,64.29,53.85,53.85,59.09,59.09,25.00,25.00
Cote d'Ivoire,CIV,20200611,0.00,,2.00,0,2.00,1,2.00,1,1.00,0,1.00,1,2.00,0,4.00,1.00,1,1.00,0.00,0.00,2.00,1,2.00,1.00,0.00,0.00,,4181,41,59.26,59.26,64.29,64.29,57.69,57.69,59.09,59.09,50.00,50.00
Cote d'Ivoire,CIV,20200612,0.00,,2.00,0,2.00,1,2.00,1,1.00,0,1.00,1,2.00,0,4.00,,,,0.00,,2.00,1,2.00,1.00,0.00,0.00,,4404,41,59.26,59.26,64.29,64.29,,,59.09,59.09,,
Cote d'Ivoire,CIV,20200613,,,,,,,,,,,,,,,,,,,,,,,,,,,,4684,45,,,,,,,,,,
Cote d'Ivoire,CIV,20200614,,,,,,,,,,,,,,,,,,,,,,,,,,,,4848,45,,,,,,,,,,
Cote d'Ivoire,CIV,20200615,,,,,,,,,,,,,,,,,,,,,,,,,,,,5084,45,,,,,,,,,,
Cote d'Ivoire,CIV,20200616,,,,,,,,,,,,,,,,,,,,,,,,,,,,5439,46,,,,,,,,,,
Cote d'Ivoire,CIV,20200617,,,,,,,,,,,,,,,,,,,,,,,,,,,,5679,46,,59.26,,64.29,,57.69,,59.09,,50.00
Cote d'Ivoire,CIV,20200618,,,,,,,,,,,,,,,,,,,,,,,,,,,,6063,48,,59.26,,64.29,,57.69,,59.09,,50.00
Cote d'Ivoire,CIV,20200619,,,,,,,,,,,,,,,,,,,,,,,,,,,,6063,48,,59.26,,64.29,,57.69,,59.09,,50.00
Cote d'Ivoire,CIV,20200620,,,,,,,,,,,,,,,,,,,,,,,,,,,,6444,49,,59.26,,64.29,,57.69,,59.09,,50.00
Cote d'Ivoire,CIV,20200621,,,,,,,,,,,,,,,,,,,,,,,,,,,,6874,49,,59.26,,64.29,,57.69,,59.09,,50.00
Cote d'Ivoire,CIV,20200622,,,,,,,,,,,,,,,,,,,,,,,,,,,,7492,51,,59.26,,64.29,,57.69,,59.09,,50.00
Cote d'Ivoire,CIV,20200623,,,,,,,,,,,,,,,,,,,,,,,,,,,,7492,54,,59.26,,64.29,,57.69,,59.09,,50.00
