Denmark,DNK,20200101,0.00,,0.00,,0.00,,0.00,,0.00,,0.00,,0.00,,0.00,0.00,,0.00,0.00,0.00,0.00,,0.00,0.00,0.00,0.00,,0,0,0.00,0.00,0.00,0.00,0.00,0.00,0.00,0.00,0.00,0.00
Denmark,DNK,20200102,0.00,,0.00,,0.00,,0.00,,0.00,,0.00,,0.00,,0.00,0.00,,0.00,0.00,0.00,0.00,,0.00,0.00,0.00,0.00,,0,0,0.00,0.00,0.00,0.00,0.00,0.00,0.00,0.00,0.00,0.00
Denmark,DNK,20200103,0.00,,0.00,,0.00,,0.00,,0.00,,0.00,,0.00,,0.00,0.00,,0.00,0.00,0.00,0.00,,0.00,0.00,0.00,0.00,,0,0,0.00,0.00,0.00,0.00,0.00,0.00,0.00,0.00,0.00,0.00
Denmark,DNK,20200104,0.00,,0.00,,0.00,,0.00,,0.00,,0.00,,0.00,,0.00,0.00,,0.00,0.00,0.00,0.00,,0.00,0.00,0.00,0.00,,0,0,0.00,0.00,0.00,0.00,0.00,0.00,0.00,0.00,0.00,0.00
Denmark,DNK,20200105,0.00,,0.00,,0.00,,0.00,,0.00,,0.00,,0.00,,0.00,0.00,,0.00,0.00,0.00,0.00,,0.00,0.00,0.00,0.00,,0,0,0.00,0.00,0.00,0.00,0.00,0.00,0.00,0.00,0.00,0.00
Denmark,DNK,20200106,0.00,,0.00,,0.00,,0.00,,0.00,,0.00,,0.00,,0.00,0.00,,0.00,0.00,0.00,0.00,,0.00,0.00,0.00,0.00,,0,0,0.00,0.00,0.00,0.00,0.00,0.00,0.00,0.00,0.00,0.00
Denmark,DNK,20200107,0.00,,0.00,,0.00,,0.00,,0.00,,0.00,,0.00,,0.00,0.00,,0.00,0.00,0.00,0.00,,0.00,0.00,0.00,0.00,,0,0,0.00,0.00,0.00,0.00,0.00,0.00,0.00,0.00,0.00,0.00
Denmark,DNK,20200108,0.00,,0.00,,0.00,,0.00,,0.00,,0.00,,0.00,,0.00,0.00,,0.00,0.00,0.00,0.00,,0.00,0.00,0.00,0.00,,0,0,0.00,0.00,0.00,0.00,0.00,0.00,0.00,0.00,0.00,0.00
Denmark,DNK,20200109,0.00,,0.00,,0.00,,0.00,,0.00,,0.00,,0.00,,0.00,0.00,,0.00,0.00,0.00,0.00,,0.00,0.00,0.00,0.00,,0,0,0.00,0.00,0.00,0.00,0.00,0.00,0.00,0.00,0.00,0.00
Denmark,DNK,20200110,0.00,,0.00,,0.00,,0.00,,0.00,,0.00,,0.00,,0.00,0.00,,0.00,0.00,0.00,0.00,,0.00,0.00,0.00,0.00,,0,0,0.00,0.00,0.00,0.00,0.00,0.00,0.00,0.00,0.00,0.00
Denmark,DNK,20200111,0.00,,0.00,,0.00,,0.00,,0.00,,0.00,,0.00,,0.00,0.00,,0.00,0.00,0.00,0.00,,0.00,0.00,0.00,0.00,,0,0,0.00,0.00,0.00,0.00,0.00,0.00,0.00,0.00,0.00,0.00
Denmark,DNK,20200112,0.00,,0.00,,0.00,,0.00,,0.00,,0.00,,0.00,,0.00,0.00,,0.00,0.00,0.00,0.00,,0.00,0.00,0.00,0.00,,0,0,0.00,0.00,0.00,0.00,0.00,0.00,0.00,0.00,0.00,0.00
Denmark,DNK,20200113,0.00,,0.00,,0.00,,0.00,,0.00,,0.00,,0.00,,0.00,0.00,,0.00,0.00,0.00,0.00,,0.00,0.00,0.00,0.00,,0,0,0.00,0.00,0.00,0.00,0.00,0.00,0.00,0.00,0.00,0.00
Denmark,DNK,20200114,0.00,,0.00,,0.00,,0.00,,0.00,,0.00,,0.00,,0.00,0.00,,0.00,0.00,0.00,0.00,,0.00,0.00,0.00,0.00,,0,0,0.00,0.00,0.00,0.00,0.00,0.00,0.00,0.00,0.00,0.00
Denmark,DNK,20200115,0.00,,0.00,,0.00,,0.00,,0.00,,0.00,,0.00,,0.00,0.00,,0.00,0.00,0.00,0.00,,0.00,0.00,0.00,0.00,,0,0,0.00,0.00,0.00,0.00,0.00,0.00,0.00,0.00,0.00,0.00
Denmark,DNK,20200116,0.00,,0.00,,0.00,,0.00,,0.00,,0.00,,0.00,,0.00,0.00,,0.00,0.00,0.00,0.00,,0.00,0.00,0.00,0.00,,0,0,0.00,0.00,0.00,0.00,0.00,0.00,0.00,0.00,0.00,0.00
Denmark,DNK,20200117,0.00,,0.00,,0.00,,0.00,,0.00,,0.00,,0.00,,0.00,0.00,,0.00,0.00,0.00,0.00,,0.00,0.00,0.00,0.00,,0,0,0.00,0.00,0.00,0.00,0.00,0.00,0.00,0.00,0.00,0.00
Denmark,DNK,20200118,0.00,,0.00,,0.00,,0.00,,0.00,,0.00,,0.00,,0.00,0.00,,0.00,0.00,0.00,0.00,,0.00,0.00,0.00,0.00,,0,0,0.00,0.00,0.00,0.00,0.00,0.00,0.00,0.00,0.00,0.00
Denmark,DNK,20200119,0.00,,0.00,,0.00,,0.00,,0.00,,0.00,,0.00,,0.00,0.00,,0.00,0.00,0.00,0.00,,0.00,0.00,0.00,0.00,,0,0,0.00,0.00,0.00,0.00,0.00,0.00,0.00,0.00,0.00,0.00
Denmark,DNK,20200120,0.00,,0.00,,0.00,,0.00,,0.00,,0.00,,0.00,,0.00,0.00,,0.00,0.00,0.00,0.00,,0.00,0.00,0.00,0.00,,0,0,0.00,0.00,0.00,0.00,0.00,0.00,0.00,0.00,0.00,0.00
Denmark,DNK,20200121,0.00,,0.00,,0.00,,0.00,,0.00,,0.00,,0.00,,0.00,0.00,,0.00,0.00,0.00,0.00,,0.00,0.00,0.00,0.00,,0,0,0.00,0.00,0.00,0.00,0.00,0.00,0.00,0.00,0.00,0.00
Denmark,DNK,20200122,0.00,,0.00,,0.00,,0.00,,0.00,,0.00,,0.00,,0.00,0.00,,0.00,0.00,0.00,0.00,,0.00,0.00,0.00,0.00,,0,0,0.00,0.00,0.00,0.00,0.00,0.00,0.00,0.00,0.00,0.00
Denmark,DNK,20200123,0.00,,0.00,,0.00,,0.00,,0.00,,0.00,,0.00,,0.00,0.00,,0.00,0.00,0.00,0.00,,0.00,0.00,0.00,0.00,,0,0,0.00,0.00,0.00,0.00,0.00,0.00,0.00,0.00,0.00,0.00
Denmark,DNK,20200124,0.00,,0.00,,0.00,,0.00,,0.00,,0.00,,0.00,,0.00,0.00,,0.00,0.00,0.00,0.00,,0.00,0.00,0.00,0.00,,0,0,0.00,0.00,0.00,0.00,0.00,0.00,0.00,0.00,0.00,0.00
Denmark,DNK,20200125,0.00,,0.00,,0.00,,0.00,,0.00,,0.00,,0.00,,0.00,0.00,,0.00,0.00,0.00,0.00,,0.00,0.00,0.00,0.00,,0,0,0.00,0.00,0.00,0.00,0.00,0.00,0.00,0.00,0.00,0.00
Denmark,DNK,20200126,0.00,,0.00,,0.00,,0.00,,0.00,,0.00,,0.00,,0.00,0.00,,0.00,0.00,0.00,0.00,,0.00,0.00,0.00,0.00,,0,0,0.00,0.00,0.00,0.00,0.00,0.00,0.00,0.00,0.00,0.00
Denmark,DNK,20200127,0.00,,0.00,,0.00,,0.00,,0.00,,0.00,,0.00,,0.00,0.00,,0.00,0.00,0.00,0.00,,0.00,0.00,0.00,0.00,,0,0,0.00,0.00,0.00,0.00,0.00,0.00,0.00,0.00,0.00,0.00
Denmark,DNK,20200128,0.00,,0.00,,0.00,,0.00,,0.00,,0.00,,0.00,,0.00,0.00,,0.00,0.00,0.00,0.00,,0.00,0.00,0.00,0.00,,0,0,0.00,0.00,0.00,0.00,0.00,0.00,0.00,0.00,0.00,0.00
Denmark,DNK,20200129,0.00,,0.00,,0.00,,0.00,,0.00,,0.00,,0.00,,0.00,0.00,,0.00,0.00,0.00,0.00,,0.00,0.00,0.00,0.00,,0,0,0.00,0.00,0.00,0.00,0.00,0.00,0.00,0.00,0.00,0.00
Denmark,DNK,20200130,0.00,,0.00,,0.00,,0.00,,0.00,,0.00,,0.00,,0.00,0.00,,0.00,0.00,0.00,0.00,,0.00,0.00,0.00,0.00,,0,0,0.00,0.00,0.00,0.00,0.00,0.00,0.00,0.00,0.00,0.00
Denmark,DNK,20200131,0.00,,0.00,,0.00,,0.00,,0.00,,0.00,,0.00,,0.00,0.00,,0.00,0.00,0.00,0.00,,0.00,0.00,0.00,0.00,,0,0,0.00,0.00,0.00,0.00,0.00,0.00,0.00,0.00,0.00,0.00
Denmark,DNK,20200201,0.00,,0.00,,0.00,,0.00,,0.00,,0.00,,0.00,,0.00,0.00,,0.00,0.00,0.00,0.00,,0.00,0.00,0.00,0.00,,0,0,0.00,0.00,0.00,0.00,0.00,0.00,0.00,0.00,0.00,0.00
Denmark,DNK,20200202,0.00,,0.00,,0.00,,0.00,,0.00,,0.00,,0.00,,0.00,0.00,,0.00,0.00,0.00,0.00,,0.00,0.00,0.00,0.00,,0,0,0.00,0.00,0.00,0.00,0.00,0.00,0.00,0.00,0.00,0.00
Denmark,DNK,20200203,0.00,,0.00,,0.00,,0.00,,0.00,,0.00,,0.00,,0.00,0.00,,0.00,0.00,0.00,0.00,,0.00,0.00,0.00,0.00,,0,0,0.00,0.00,0.00,0.00,0.00,0.00,0.00,0.00,0.00,0.00
Denmark,DNK,20200204,0.00,,0.00,,0.00,,0.00,,0.00,,0.00,,0.00,,0.00,0.00,,0.00,0.00,0.00,0.00,,0.00,0.00,0.00,0.00,,0,0,0.00,0.00,0.00,0.00,0.00,0.00,0.00,0.00,0.00,0.00
Denmark,DNK,20200205,0.00,,0.00,,0.00,,0.00,,0.00,,0.00,,0.00,,0.00,0.00,,0.00,0.00,0.00,0.00,,0.00,0.00,0.00,0.00,,0,0,0.00,0.00,0.00,0.00,0.00,0.00,0.00,0.00,0.00,0.00
Denmark,DNK,20200206,0.00,,0.00,,0.00,,0.00,,0.00,,0.00,,0.00,,0.00,0.00,,0.00,0.00,0.00,0.00,,0.00,0.00,0.00,0.00,,0,0,0.00,0.00,0.00,0.00,0.00,0.00,0.00,0.00,0.00,0.00
Denmark,DNK,20200207,0.00,,0.00,,0.00,,0.00,,0.00,,0.00,,0.00,,0.00,0.00,,0.00,0.00,0.00,0.00,,0.00,0.00,0.00,0.00,,0,0,0.00,0.00,0.00,0.00,0.00,0.00,0.00,0.00,0.00,0.00
Denmark,DNK,20200208,0.00,,0.00,,0.00,,0.00,,0.00,,0.00,,0.00,,0.00,0.00,,0.00,0.00,0.00,0.00,,0.00,0.00,0.00,0.00,,0,0,0.00,0.00,0.00,0.00,0.00,0.00,0.00,0.00,0.00,0.00
Denmark,DNK,20200209,0.00,,0.00,,0.00,,0.00,,0.00,,0.00,,0.00,,0.00,0.00,,0.00,0.00,0.00,0.00,,0.00,0.00,0.00,0.00,,0,0,0.00,0.00,0.00,0.00,0.00,0.00,0.00,0.00,0.00,0.00
Denmark,DNK,20200210,0.00,,0.00,,0.00,,0.00,,0.00,,0.00,,0.00,,0.00,0.00,,0.00,0.00,0.00,0.00,,0.00,0.00,0.00,0.00,,0,0,0.00,0.00,0.00,0.00,0.00,0.00,0.00,0.00,0.00,0.00
Denmark,DNK,20200211,0.00,,0.00,,0.00,,0.00,,0.00,,0.00,,0.00,,0.00,0.00,,0.00,0.00,0.00,0.00,,0.00,0.00,0.00,0.00,,0,0,0.00,0.00,0.00,0.00,0.00,0.00,0.00,0.00,0.00,0.00
Denmark,DNK,20200212,0.00,,0.00,,0.00,,0.00,,0.00,,0.00,,0.00,,0.00,0.00,,0.00,0.00,0.00,0.00,,0.00,0.00,0.00,0.00,,0,0,0.00,0.00,0.00,0.00,0.00,0.00,0.00,0.00,0.00,0.00
Denmark,DNK,20200213,0.00,,0.00,,0.00,,0.00,,0.00,,0.00,,0.00,,0.00,0.00,,0.00,0.00,0.00,0.00,,0.00,0.00,0.00,0.00,,0,0,0.00,0.00,0.00,0.00,0.00,0.00,0.00,0.00,0.00,0.00
Denmark,DNK,20200214,0.00,,0.00,,0.00,,0.00,,0.00,,0.00,,0.00,,0.00,0.00,,0.00,0.00,0.00,0.00,,0.00,0.00,0.00,0.00,,0,0,0.00,0.00,0.00,0.00,0.00,0.00,0.00,0.00,0.00,0.00
Denmark,DNK,20200215,0.00,,0.00,,0.00,,0.00,,0.00,,0.00,,0.00,,0.00,0.00,,0.00,0.00,0.00,0.00,,0.00,0.00,0.00,0.00,,0,0,0.00,0.00,0.00,0.00,0.00,0.00,0.00,0.00,0.00,0.00
Denmark,DNK,20200216,0.00,,0.00,,0.00,,0.00,,0.00,,0.00,,0.00,,0.00,0.00,,0.00,0.00,0.00,0.00,,0.00,0.00,0.00,0.00,,0,0,0.00,0.00,0.00,0.00,0.00,0.00,0.00,0.00,0.00,0.00
Denmark,DNK,20200217,0.00,,0.00,,0.00,,0.00,,0.00,,0.00,,0.00,,0.00,0.00,,0.00,0.00,0.00,0.00,,0.00,0.00,0.00,0.00,,0,0,0.00,0.00,0.00,0.00,0.00,0.00,0.00,0.00,0.00,0.00
Denmark,DNK,20200218,0.00,,0.00,,0.00,,0.00,,0.00,,0.00,,0.00,,0.00,0.00,,0.00,0.00,0.00,0.00,,0.00,0.00,0.00,0.00,,0,0,0.00,0.00,0.00,0.00,0.00,0.00,0.00,0.00,0.00,0.00
Denmark,DNK,20200219,0.00,,0.00,,0.00,,0.00,,0.00,,0.00,,0.00,,0.00,0.00,,0.00,0.00,0.00,0.00,,0.00,0.00,0.00,0.00,,0,0,0.00,0.00,0.00,0.00,0.00,0.00,0.00,0.00,0.00,0.00
Denmark,DNK,20200220,0.00,,0.00,,0.00,,0.00,,0.00,,0.00,,0.00,,0.00,0.00,,0.00,0.00,0.00,0.00,,0.00,0.00,0.00,0.00,,0,0,0.00,0.00,0.00,0.00,0.00,0.00,0.00,0.00,0.00,0.00
Denmark,DNK,20200221,0.00,,0.00,,0.00,,0.00,,0.00,,0.00,,0.00,,0.00,0.00,,0.00,0.00,0.00,0.00,,0.00,0.00,0.00,0.00,,0,0,0.00,0.00,0.00,0.00,0.00,0.00,0.00,0.00,0.00,0.00
Denmark,DNK,20200222,0.00,,0.00,,0.00,,0.00,,0.00,,0.00,,0.00,,0.00,0.00,,0.00,0.00,0.00,0.00,,0.00,0.00,0.00,0.00,,0,0,0.00,0.00,0.00,0.00,0.00,0.00,0.00,0.00,0.00,0.00
Denmark,DNK,20200223,0.00,,0.00,,0.00,,0.00,,0.00,,0.00,,0.00,,0.00,0.00,,0.00,0.00,0.00,0.00,,0.00,0.00,0.00,0.00,,0,0,0.00,0.00,0.00,0.00,0.00,0.00,0.00,0.00,0.00,0.00
Denmark,DNK,20200224,0.00,,0.00,,0.00,,0.00,,0.00,,0.00,,0.00,,0.00,0.00,,0.00,0.00,0.00,0.00,,0.00,0.00,0.00,0.00,,0,0,0.00,0.00,0.00,0.00,0.00,0.00,0.00,0.00,0.00,0.00
Denmark,DNK,20200225,0.00,,0.00,,0.00,,0.00,,0.00,,0.00,,0.00,,0.00,0.00,,0.00,0.00,0.00,0.00,,0.00,0.00,0.00,0.00,,0,0,0.00,0.00,0.00,0.00,0.00,0.00,0.00,0.00,0.00,0.00
Denmark,DNK,20200226,0.00,,0.00,,0.00,,0.00,,0.00,,0.00,,0.00,,0.00,0.00,,0.00,0.00,0.00,0.00,,0.00,0.00,0.00,0.00,,0,0,0.00,0.00,0.00,0.00,0.00,0.00,0.00,0.00,0.00,0.00
Denmark,DNK,20200227,0.00,,0.00,,0.00,,0.00,,0.00,,0.00,,0.00,,0.00,0.00,,0.00,0.00,0.00,2.00,1,0.00,1.00,0.00,0.00,,1,0,11.11,11.11,14.29,14.29,11.54,11.54,13.64,13.64,0.00,0.00
Denmark,DNK,20200228,0.00,,0.00,,0.00,,0.00,,0.00,,0.00,,0.00,,0.00,0.00,,0.00,0.00,0.00,2.00,1,0.00,1.00,0.00,0.00,,1,0,11.11,11.11,14.29,14.29,11.54,11.54,13.64,13.64,0.00,0.00
Denmark,DNK,20200229,0.00,,0.00,,0.00,,0.00,,0.00,,0.00,,0.00,,0.00,0.00,,0.00,0.00,0.00,2.00,1,0.00,1.00,0.00,0.00,,2,0,11.11,11.11,14.29,14.29,11.54,11.54,13.64,13.64,0.00,0.00
Denmark,DNK,20200301,0.00,,0.00,,0.00,,0.00,,0.00,,0.00,,0.00,,0.00,0.00,,0.00,0.00,0.00,2.00,1,0.00,1.00,0.00,0.00,,3,0,11.11,11.11,14.29,14.29,11.54,11.54,13.64,13.64,0.00,0.00
Denmark,DNK,20200302,0.00,,0.00,,0.00,,0.00,,0.00,,0.00,,0.00,,0.00,0.00,,0.00,0.00,0.00,2.00,1,0.00,1.00,0.00,0.00,,4,0,11.11,11.11,14.29,14.29,11.54,11.54,13.64,13.64,0.00,0.00
Denmark,DNK,20200303,0.00,,0.00,,0.00,,0.00,,0.00,,1.00,1,0.00,,2.00,0.00,,0.00,0.00,0.00,2.00,1,0.00,1.00,0.00,0.00,,5,0,20.37,20.37,28.57,28.57,17.95,17.95,21.21,21.21,0.00,0.00
Denmark,DNK,20200304,0.00,,0.00,,0.00,,0.00,,0.00,,1.00,1,0.00,,2.00,0.00,,0.00,0.00,0.00,2.00,1,0.00,1.00,0.00,0.00,,8,0,20.37,20.37,28.57,28.57,17.95,17.95,21.21,21.21,0.00,0.00
Denmark,DNK,20200305,0.00,,0.00,,0.00,,0.00,,0.00,,1.00,1,0.00,,2.00,0.00,,0.00,0.00,0.00,2.00,1,0.00,1.00,0.00,0.00,,10,0,20.37,20.37,28.57,28.57,17.95,17.95,21.21,21.21,0.00,0.00
Denmark,DNK,20200306,0.00,,0.00,,1.00,1,0.00,,0.00,,1.00,1,0.00,,2.00,0.00,,0.00,0.00,0.00,2.00,1,0.00,1.00,0.00,0.00,,20,0,25.93,25.93,38.10,38.10,21.79,21.79,25.76,25.76,0.00,0.00
Denmark,DNK,20200307,0.00,,0.00,,1.00,1,0.00,,0.00,,1.00,1,0.00,,2.00,0.00,,0.00,0.00,0.00,2.00,1,0.00,1.00,0.00,0.00,,23,0,25.93,25.93,38.10,38.10,21.79,21.79,25.76,25.76,0.00,0.00
Denmark,DNK,20200308,0.00,,0.00,,1.00,1,0.00,,0.00,,1.00,1,0.00,,2.00,0.00,,0.00,0.00,0.00,2.00,1,0.00,1.00,0.00,0.00,,31,0,25.93,25.93,38.10,38.10,21.79,21.79,25.76,25.76,0.00,0.00
Denmark,DNK,20200309,0.00,,0.00,,1.00,1,0.00,,0.00,,1.00,1,0.00,,2.00,2.00,0,0.00,0.00,0.00,2.00,1,0.00,1.00,0.00,0.00,,38,0,25.93,25.93,38.10,38.10,27.56,27.56,25.76,25.76,37.50,37.50
Denmark,DNK,20200310,0.00,,0.00,,1.00,1,0.00,,1.00,1,1.00,1,0.00,,2.00,2.00,0,0.00,0.00,0.00,2.00,1,0.00,1.00,0.00,0.00,,113,0,31.48,31.48,47.62,47.62,31.41,31.41,30.30,30.30,37.50,37.50
Denmark,DNK,20200311,0.00,,1.00,1,1.00,1,0.00,,1.00,1,1.00,1,0.00,,3.00,2.00,0,0.00,0.00,0.00,2.00,1,1.00,1.00,0.00,0.00,,264,0,37.96,37.96,58.33,58.33,38.46,38.46,38.64,38.64,37.50,37.50
Denmark,DNK,20200312,0.00,,1.00,1,1.00,1,0.00,,1.00,1,1.00,1,0.00,,3.00,2.00,0,0.00,0.00,0.00,2.00,1,1.00,1.00,0.00,0.00,,516,0,37.96,37.96,58.33,58.33,38.46,38.46,38.64,38.64,37.50,37.50
Denmark,DNK,20200313,3.00,1,1.00,1,1.00,1,3.00,1,1.00,1,1.00,1,1.00,1,3.00,2.00,0,0.00,1112519935.90,0.00,2.00,1,1.00,1.00,0.00,0.00,,676,0,62.96,62.96,76.90,76.90,55.77,55.77,59.09,59.09,37.50,37.50
Denmark,DNK,20200314,3.00,1,1.00,1,1.00,1,3.00,1,1.00,1,1.00,1,1.00,1,4.00,2.00,0,0.00,0.00,0.00,2.00,1,1.00,1.00,0.00,0.00,,804,0,65.74,65.74,80.48,80.48,57.69,57.69,61.36,61.36,37.50,37.50
Denmark,DNK,20200315,3.00,1,1.00,1,1.00,1,3.00,1,1.00,1,1.00,1,1.00,1,4.00,2.00,0,0.00,0.00,0.00,2.00,1,1.00,1.00,0.00,0.00,,827,0,65.74,65.74,80.48,80.48,57.69,57.69,61.36,61.36,37.50,37.50
Denmark,DNK,20200316,3.00,1,1.00,1,1.00,1,3.00,1,1.00,1,1.00,1,1.00,1,4.00,2.00,0,0.00,0.00,0.00,2.00,1,1.00,1.00,0.00,0.00,,875,1,65.74,65.74,80.48,80.48,57.69,57.69,61.36,61.36,37.50,37.50
Denmark,DNK,20200317,3.00,1,1.00,1,1.00,1,3.00,1,1.00,1,1.00,1,1.00,1,4.00,2.00,0,0.00,0.00,0.00,2.00,1,1.00,1.00,0.00,0.00,,932,1,65.74,65.74,80.48,80.48,57.69,57.69,61.36,61.36,37.50,37.50
Denmark,DNK,20200318,3.00,1,2.00,1,1.00,1,4.00,1,1.00,1,1.00,1,1.00,1,4.00,2.00,0,0.00,0.00,0.00,2.00,1,1.00,1.00,0.00,0.00,,1024,4,72.22,72.22,86.90,86.90,62.18,62.18,66.67,66.67,37.50,37.50
Denmark,DNK,20200319,3.00,1,2.00,1,1.00,1,4.00,1,1.00,1,1.00,1,1.00,1,4.00,2.00,0,0.00,0.00,0.00,2.00,1,1.00,1.00,0.00,0.00,,1115,4,72.22,72.22,86.90,86.90,62.18,62.18,66.67,66.67,37.50,37.50
Denmark,DNK,20200320,3.00,1,2.00,1,1.00,1,4.00,1,1.00,1,1.00,1,1.00,1,4.00,2.00,0,0.00,0.00,0.00,2.00,1,1.00,1.00,0.00,0.00,,1151,6,72.22,72.22,86.90,86.90,62.18,62.18,66.67,66.67,37.50,37.50
Denmark,DNK,20200321,3.00,1,2.00,1,1.00,1,4.00,1,1.00,1,1.00,1,1.00,1,4.00,2.00,0,0.00,0.00,0.00,2.00,1,1.00,1.00,0.00,0.00,,1255,9,72.22,72.22,86.90,86.90,62.18,62.18,66.67,66.67,37.50,37.50
Denmark,DNK,20200322,3.00,1,2.00,1,1.00,1,4.00,1,1.00,1,1.00,1,1.00,1,4.00,2.00,0,0.00,0.00,0.00,2.00,1,1.00,1.00,0.00,0.00,,1326,13,72.22,72.22,86.90,86.90,62.18,62.18,66.67,66.67,37.50,37.50
Denmark,DNK,20200323,3.00,1,2.00,1,1.00,1,4.00,1,1.00,1,1.00,1,1.00,1,4.00,2.00,0,0.00,0.00,0.00,2.00,1,1.00,1.00,0.00,0.00,,1395,13,72.22,72.22,86.90,86.90,62.18,62.18,66.67,66.67,37.50,37.50
Denmark,DNK,20200324,3.00,1,2.00,1,1.00,1,4.00,1,1.00,1,1.00,1,1.00,1,4.00,2.00,0,0.00,0.00,0.00,2.00,1,1.00,1.00,0.00,0.00,,1460,24,72.22,72.22,86.90,86.90,62.18,62.18,66.67,66.67,37.50,37.50
Denmark,DNK,20200325,3.00,1,2.00,1,1.00,1,4.00,1,1.00,1,1.00,1,1.00,1,4.00,2.00,0,0.00,0.00,0.00,2.00,1,1.00,1.00,0.00,0.00,,1591,32,72.22,72.22,86.90,86.90,62.18,62.18,66.67,66.67,37.50,37.50
Denmark,DNK,20200326,3.00,1,2.00,1,1.00,1,4.00,1,1.00,1,1.00,1,1.00,1,4.00,2.00,0,0.00,42066226711.27,0.00,2.00,1,1.00,1.00,0.00,0.00,,1724,34,72.22,72.22,86.90,86.90,62.18,62.18,66.67,66.67,37.50,37.50
Denmark,DNK,20200327,3.00,1,2.00,1,1.00,1,4.00,1,1.00,1,1.00,1,1.00,1,4.00,2.00,0,0.00,0.00,0.00,2.00,1,1.00,1.00,0.00,0.00,,1877,41,72.22,72.22,86.90,86.90,62.18,62.18,66.67,66.67,37.50,37.50
Denmark,DNK,20200328,3.00,1,2.00,1,1.00,1,4.00,1,1.00,1,1.00,1,1.00,1,4.00,2.00,0,0.00,0.00,0.00,2.00,1,1.00,1.00,0.00,0.00,,2046,52,72.22,72.22,86.90,86.90,62.18,62.18,66.67,66.67,37.50,37.50
Denmark,DNK,20200329,3.00,1,2.00,1,1.00,1,4.00,1,1.00,1,1.00,1,1.00,1,4.00,2.00,0,0.00,0.00,0.00,2.00,1,1.00,1.00,0.00,0.00,,2201,65,72.22,72.22,86.90,86.90,62.18,62.18,66.67,66.67,37.50,37.50
Denmark,DNK,20200330,3.00,1,2.00,1,1.00,1,4.00,1,1.00,1,1.00,1,1.00,1,4.00,2.00,0,0.00,0.00,0.00,2.00,1,1.00,1.00,0.00,0.00,,2395,72,72.22,72.22,86.90,86.90,62.18,62.18,66.67,66.67,37.50,37.50
Denmark,DNK,20200331,3.00,1,2.00,1,1.00,1,4.00,1,1.00,1,1.00,1,1.00,1,4.00,2.00,0,0.00,0.00,0.00,2.00,1,1.00,1.00,0.00,0.00,,2577,77,72.22,72.22,86.90,86.90,62.18,62.18,66.67,66.67,37.50,37.50
Denmark,DNK,20200401,3.00,1,2.00,1,1.00,1,4.00,1,1.00,1,1.00,1,1.00,1,4.00,2.00,0,0.00,0.00,0.00,2.00,1,1.00,1.00,0.00,0.00,,2860,90,72.22,72.22,86.90,86.90,62.18,62.18,66.67,66.67,37.50,37.50
Denmark,DNK,20200402,3.00,1,2.00,1,1.00,1,4.00,1,1.00,1,1.00,1,1.00,1,4.00,2.00,0,0.00,0.00,94575000.00,2.00,1,1.00,1.00,94575000.00,0.00,,3107,104,72.22,72.22,86.90,86.90,62.18,62.18,66.67,66.67,37.50,37.50
Denmark,DNK,20200403,3.00,1,2.00,1,1.00,1,4.00,1,1.00,1,1.00,1,1.00,1,4.00,2.00,0,0.00,0.00,0.00,2.00,1,1.00,1.00,0.00,0.00,,3386,123,72.22,72.22,86.90,86.90,62.18,62.18,66.67,66.67,37.50,37.50
Denmark,DNK,20200404,3.00,1,2.00,1,1.00,1,4.00,1,1.00,1,1.00,1,1.00,1,4.00,2.00,0,0.00,0.00,0.00,2.00,1,1.00,1.00,0.00,0.00,,3757,139,72.22,72.22,86.90,86.90,62.18,62.18,66.67,66.67,37.50,37.50
Denmark,DNK,20200405,3.00,1,2.00,1,1.00,1,4.00,1,1.00,1,1.00,1,1.00,1,4.00,2.00,0,0.00,0.00,0.00,2.00,1,1.00,1.00,0.00,0.00,,4077,161,72.22,72.22,86.90,86.90,62.18,62.18,66.67,66.67,37.50,37.50
Denmark,DNK,20200406,3.00,1,2.00,1,1.00,1,4.00,1,1.00,1,1.00,1,1.00,1,4.00,2.00,0,0.00,0.00,0.00,2.00,1,1.00,1.00,0.00,0.00,,4369,179,72.22,72.22,86.90,86.90,62.18,62.18,66.67,66.67,37.50,37.50
Denmark,DNK,20200407,3.00,1,2.00,1,1.00,1,4.00,1,1.00,1,1.00,1,1.00,1,4.00,2.00,0,0.00,0.00,0.00,2.00,1,1.00,1.00,0.00,0.00,,4681,187,72.22,72.22,86.90,86.90,62.18,62.18,66.67,66.67,37.50,37.50
Denmark,DNK,20200408,3.00,1,2.00,1,1.00,1,4.00,1,1.00,1,1.00,1,1.00,1,4.00,2.00,0,0.00,0.00,1091655.00,2.00,1,1.00,1.00,1142352.00,0.00,,5071,203,72.22,72.22,86.90,86.90,62.18,62.18,66.67,66.67,37.50,37.50
Denmark,DNK,20200409,3.00,1,2.00,1,1.00,1,4.00,1,1.00,1,1.00,1,1.00,1,4.00,2.00,0,0.00,0.00,0.00,2.00,1,1.00,1.00,0.00,0.00,,5402,218,72.22,72.22,86.90,86.90,62.18,62.18,66.67,66.67,37.50,37.50
Denmark,DNK,20200410,3.00,1,2.00,1,1.00,1,4.00,1,1.00,1,1.00,1,1.00,1,4.00,2.00,0,0.00,0.00,0.00,2.00,1,1.00,1.00,0.00,0.00,,5635,237,72.22,72.22,86.90,86.90,62.18,62.18,66.67,66.67,37.50,37.50
Denmark,DNK,20200411,3.00,1,2.00,1,1.00,1,4.00,1,1.00,1,1.00,1,1.00,1,4.00,2.00,0,0.00,0.00,0.00,2.00,1,1.00,1.00,0.00,0.00,,5819,247,72.22,72.22,86.90,86.90,62.18,62.18,66.67,66.67,37.50,37.50
Denmark,DNK,20200412,3.00,1,2.00,1,1.00,1,4.00,1,1.00,1,1.00,1,1.00,1,4.00,2.00,0,0.00,0.00,0.00,2.00,1,1.00,1.00,0.00,0.00,,5996,260,72.22,72.22,86.90,86.90,62.18,62.18,66.67,66.67,37.50,37.50
Denmark,DNK,20200413,3.00,1,2.00,1,1.00,1,4.00,1,1.00,1,1.00,1,1.00,1,4.00,2.00,0,0.00,0.00,0.00,2.00,1,1.00,1.00,0.00,0.00,,6174,273,72.22,72.22,86.90,86.90,62.18,62.18,66.67,66.67,37.50,37.50
Denmark,DNK,20200414,3.00,1,2.00,1,1.00,1,4.00,1,1.00,1,1.00,1,1.00,1,4.00,2.00,0,0.00,0.00,0.00,2.00,1,1.00,1.00,0.00,0.00,,6318,285,72.22,72.22,86.90,86.90,62.18,62.18,66.67,66.67,37.50,37.50
Denmark,DNK,20200415,2.00,1,2.00,1,1.00,1,4.00,1,1.00,1,1.00,1,1.00,1,4.00,2.00,0,0.00,0.00,0.00,2.00,1,1.00,1.00,0.00,0.00,,6511,299,68.52,68.52,83.33,83.33,59.62,59.62,63.64,63.64,37.50,37.50
Denmark,DNK,20200416,2.00,1,2.00,1,1.00,1,4.00,1,1.00,1,1.00,1,1.00,1,4.00,2.00,0,0.00,0.00,0.00,2.00,1,1.00,1.00,0.00,0.00,,6681,309,68.52,68.52,83.33,83.33,59.62,59.62,63.64,63.64,37.50,37.50
Denmark,DNK,20200417,2.00,1,2.00,1,1.00,1,4.00,1,1.00,1,1.00,1,1.00,1,4.00,2.00,0,0.00,0.00,0.00,2.00,1,1.00,1.00,0.00,0.00,,6879,321,68.52,68.52,83.33,83.33,59.62,59.62,63.64,63.64,37.50,37.50
Denmark,DNK,20200418,2.00,1,2.00,1,1.00,1,4.00,1,1.00,1,1.00,1,1.00,1,4.00,2.00,0,2.00,0.00,0.00,2.00,1,1.00,1.00,0.00,0.00,,7073,336,68.52,68.52,83.33,83.33,67.31,67.31,63.64,63.64,87.50,87.50
Denmark,DNK,20200419,2.00,1,2.00,1,1.00,1,4.00,1,1.00,1,1.00,1,1.00,1,4.00,2.00,0,2.00,0.00,0.00,2.00,1,1.00,1.00,0.00,0.00,,7242,346,68.52,68.52,83.33,83.33,67.31,67.31,63.64,63.64,87.50,87.50
Denmark,DNK,20200420,2.00,1,2.00,1,1.00,1,4.00,1,1.00,1,1.00,1,1.00,1,4.00,2.00,0,2.00,0.00,0.00,2.00,1,2.00,1.00,0.00,0.00,,7384,355,68.52,68.52,83.33,83.33,69.87,69.87,66.67,66.67,87.50,87.50
Denmark,DNK,20200421,2.00,1,2.00,1,1.00,1,4.00,1,1.00,1,1.00,1,1.00,1,4.00,2.00,0,2.00,0.00,0.00,2.00,1,2.00,1.00,0.00,0.00,,7515,364,68.52,68.52,83.33,83.33,69.87,69.87,66.67,66.67,87.50,87.50
Denmark,DNK,20200422,2.00,1,2.00,1,1.00,1,4.00,1,1.00,1,1.00,1,1.00,1,4.00,2.00,0,2.00,2175900.00,0.00,2.00,1,2.00,1.00,0.00,0.00,,7695,370,68.52,68.52,83.33,83.33,69.87,69.87,66.67,66.67,87.50,87.50
Denmark,DNK,20200423,2.00,1,2.00,1,1.00,1,4.00,1,1.00,1,1.00,1,1.00,1,4.00,2.00,0,2.00,0.00,0.00,2.00,1,2.00,2.00,0.00,0.00,,7912,384,68.52,68.52,83.33,83.33,73.72,73.72,71.21,71.21,87.50,87.50
Denmark,DNK,20200424,2.00,1,2.00,1,1.00,1,4.00,1,1.00,1,1.00,1,1.00,1,4.00,2.00,0,2.00,0.00,0.00,2.00,1,2.00,2.00,0.00,0.00,,8073,394,68.52,68.52,83.33,83.33,73.72,73.72,71.21,71.21,87.50,87.50
Denmark,DNK,20200425,2.00,1,2.00,1,1.00,1,4.00,1,1.00,1,1.00,1,1.00,1,4.00,2.00,0,2.00,0.00,0.00,2.00,1,2.00,2.00,0.00,0.00,,8210,403,68.52,68.52,83.33,83.33,73.72,73.72,71.21,71.21,87.50,87.50
Denmark,DNK,20200426,2.00,1,2.00,1,1.00,1,4.00,1,1.00,1,1.00,1,1.00,1,4.00,2.00,0,2.00,0.00,0.00,2.00,1,2.00,2.00,0.00,0.00,,8445,418,68.52,68.52,83.33,83.33,73.72,73.72,71.21,71.21,87.50,87.50
Denmark,DNK,20200427,2.00,1,2.00,1,1.00,1,4.00,1,1.00,1,1.00,1,1.00,1,4.00,2.00,0,2.00,0.00,0.00,2.00,1,2.00,2.00,0.00,0.00,,8575,422,68.52,68.52,83.33,83.33,73.72,73.72,71.21,71.21,87.50,87.50
Denmark,DNK,20200428,2.00,1,2.00,1,1.00,1,4.00,1,1.00,1,1.00,1,1.00,1,4.00,2.00,0,2.00,0.00,0.00,2.00,1,2.00,2.00,0.00,0.00,,8698,427,68.52,68.52,83.33,83.33,73.72,73.72,71.21,71.21,87.50,87.50
Denmark,DNK,20200429,2.00,1,2.00,1,1.00,1,4.00,1,1.00,1,1.00,1,1.00,1,4.00,2.00,0,2.00,0.00,0.00,2.00,1,2.00,2.00,0.00,0.00,,8851,434,68.52,68.52,83.33,83.33,73.72,73.72,71.21,71.21,87.50,87.50
Denmark,DNK,20200430,2.00,1,2.00,1,1.00,1,4.00,1,1.00,1,1.00,1,1.00,1,4.00,2.00,0,2.00,0.00,0.00,2.00,1,2.00,2.00,0.00,0.00,,9008,443,68.52,68.52,83.33,83.33,73.72,73.72,71.21,71.21,87.50,87.50
Denmark,DNK,20200501,2.00,1,2.00,1,1.00,1,4.00,1,1.00,1,1.00,1,1.00,1,4.00,2.00,0,2.00,0.00,0.00,2.00,1,2.00,2.00,0.00,0.00,,9158,452,68.52,68.52,83.33,83.33,73.72,73.72,71.21,71.21,87.50,87.50
Denmark,DNK,20200502,2.00,1,2.00,1,1.00,1,4.00,1,1.00,1,1.00,1,1.00,1,4.00,2.00,0,2.00,0.00,0.00,2.00,1,2.00,2.00,0.00,0.00,,9311,462,68.52,68.52,83.33,83.33,73.72,73.72,71.21,71.21,87.50,87.50
Denmark,DNK,20200503,2.00,1,2.00,1,1.00,1,4.00,1,1.00,1,1.00,1,1.00,1,4.00,2.00,0,2.00,0.00,0.00,2.00,1,2.00,2.00,0.00,0.00,,9407,473,68.52,68.52,83.33,83.33,73.72,73.72,71.21,71.21,87.50,87.50
Denmark,DNK,20200504,2.00,1,2.00,1,1.00,1,4.00,1,1.00,1,1.00,1,1.00,1,4.00,2.00,0,2.00,0.00,0.00,2.00,1,2.00,2.00,0.00,0.00,,9523,481,68.52,68.52,83.33,83.33,73.72,73.72,71.21,71.21,87.50,87.50
Denmark,DNK,20200505,2.00,1,2.00,1,1.00,1,4.00,1,1.00,1,1.00,1,1.00,1,4.00,2.00,0,2.00,0.00,0.00,2.00,1,2.00,2.00,0.00,0.00,,9670,490,68.52,68.52,83.33,83.33,73.72,73.72,71.21,71.21,87.50,87.50
Denmark,DNK,20200506,2.00,1,2.00,1,1.00,1,4.00,1,1.00,1,1.00,1,1.00,1,4.00,2.00,0,2.00,0.00,0.00,2.00,1,2.00,2.00,0.00,0.00,,9821,497,68.52,68.52,83.33,83.33,73.72,73.72,71.21,71.21,87.50,87.50
Denmark,DNK,20200507,2.00,1,2.00,1,1.00,1,4.00,1,1.00,1,1.00,1,1.00,1,4.00,2.00,0,2.00,0.00,0.00,2.00,1,2.00,2.00,0.00,0.00,,9983,500,68.52,68.52,83.33,83.33,73.72,73.72,71.21,71.21,87.50,87.50
Denmark,DNK,20200508,2.00,1,2.00,1,1.00,1,3.00,1,1.00,1,1.00,1,1.00,1,4.00,2.00,0,2.00,0.00,0.00,2.00,1,2.00,2.00,0.00,0.00,,10083,506,65.74,65.74,80.48,80.48,71.79,71.79,68.94,68.94,87.50,87.50
Denmark,DNK,20200509,2.00,1,2.00,1,1.00,1,3.00,1,1.00,1,1.00,1,1.00,1,4.00,2.00,0,2.00,0.00,0.00,2.00,1,2.00,2.00,0.00,0.00,,10218,512,65.74,65.74,80.48,80.48,71.79,71.79,68.94,68.94,87.50,87.50
Denmark,DNK,20200510,2.00,1,2.00,1,1.00,1,3.00,1,1.00,1,1.00,1,1.00,1,4.00,2.00,0,2.00,0.00,0.00,2.00,1,2.00,2.00,0.00,0.00,,10319,516,65.74,65.74,80.48,80.48,71.79,71.79,68.94,68.94,87.50,87.50
Denmark,DNK,20200511,2.00,1,2.00,1,1.00,1,3.00,1,1.00,1,1.00,1,1.00,1,4.00,2.00,0,2.00,0.00,0.00,2.00,1,2.00,2.00,0.00,0.00,,10429,519,65.74,65.74,80.48,80.48,71.79,71.79,68.94,68.94,87.50,87.50
Denmark,DNK,20200512,2.00,1,2.00,1,1.00,1,3.00,1,1.00,1,1.00,1,1.00,1,4.00,2.00,0,2.00,0.00,0.00,2.00,1,3.00,2.00,0.00,0.00,,10513,524,65.74,65.74,80.48,80.48,74.36,74.36,71.97,71.97,87.50,87.50
Denmark,DNK,20200513,2.00,1,2.00,1,1.00,1,3.00,1,1.00,1,1.00,1,1.00,1,4.00,2.00,0,2.00,0.00,0.00,2.00,1,3.00,2.00,0.00,0.00,,10591,528,65.74,65.74,80.48,80.48,74.36,74.36,71.97,71.97,87.50,87.50
Denmark,DNK,20200514,2.00,1,2.00,1,1.00,1,3.00,1,1.00,1,1.00,1,1.00,1,4.00,2.00,0,2.00,0.00,0.00,2.00,1,3.00,2.00,0.00,0.00,,10667,534,65.74,65.74,80.48,80.48,74.36,74.36,71.97,71.97,87.50,87.50
Denmark,DNK,20200515,2.00,1,2.00,1,1.00,1,3.00,1,1.00,1,1.00,1,1.00,1,4.00,2.00,0,2.00,0.00,0.00,2.00,1,3.00,2.00,0.00,0.00,,10713,538,65.74,65.74,80.48,80.48,74.36,74.36,71.97,71.97,87.50,87.50
Denmark,DNK,20200516,2.00,1,2.00,1,1.00,1,3.00,1,1.00,1,1.00,1,1.00,1,4.00,2.00,0,2.00,0.00,0.00,2.00,1,3.00,2.00,0.00,0.00,,10791,538,65.74,65.74,80.48,80.48,74.36,74.36,71.97,71.97,87.50,87.50
Denmark,DNK,20200517,2.00,1,2.00,1,1.00,1,3.00,1,1.00,1,1.00,1,1.00,1,4.00,2.00,0,2.00,0.00,0.00,2.00,1,3.00,2.00,0.00,0.00,,10858,543,65.74,65.74,80.48,80.48,74.36,74.36,71.97,71.97,87.50,87.50
Denmark,DNK,20200518,2.00,1,2.00,1,1.00,1,3.00,1,1.00,1,1.00,1,1.00,1,4.00,2.00,0,2.00,0.00,0.00,2.00,1,3.00,2.00,0.00,0.00,,10927,547,65.74,65.74,80.48,80.48,74.36,74.36,71.97,71.97,87.50,87.50
Denmark,DNK,20200519,2.00,1,2.00,1,1.00,1,3.00,1,1.00,1,1.00,1,1.00,1,4.00,2.00,0,2.00,0.00,0.00,2.00,1,3.00,2.00,0.00,0.00,,10968,548,65.74,65.74,80.48,80.48,74.36,74.36,71.97,71.97,87.50,87.50
Denmark,DNK,20200520,2.00,1,2.00,1,1.00,1,3.00,1,1.00,1,1.00,1,1.00,1,4.00,2.00,0,2.00,0.00,0.00,2.00,1,3.00,2.00,0.00,0.00,,11044,551,65.74,65.74,80.48,80.48,74.36,74.36,71.97,71.97,87.50,87.50
Denmark,DNK,20200521,2.00,1,2.00,1,1.00,1,3.00,1,1.00,1,1.00,1,1.00,1,4.00,2.00,0,2.00,0.00,0.00,2.00,1,3.00,2.00,0.00,0.00,,11117,554,65.74,65.74,80.48,80.48,74.36,74.36,71.97,71.97,87.50,87.50
Denmark,DNK,20200522,2.00,1,2.00,1,1.00,1,3.00,1,1.00,1,1.00,1,1.00,1,4.00,2.00,0,2.00,0.00,0.00,2.00,1,3.00,2.00,0.00,0.00,,11182,561,65.74,65.74,80.48,80.48,74.36,74.36,71.97,71.97,87.50,87.50
Denmark,DNK,20200523,2.00,1,2.00,1,1.00,1,3.00,1,1.00,1,1.00,1,1.00,1,4.00,2.00,0,2.00,0.00,0.00,2.00,1,3.00,2.00,0.00,0.00,,11230,561,65.74,65.74,80.48,80.48,74.36,74.36,71.97,71.97,87.50,87.50
Denmark,DNK,20200524,2.00,1,2.00,1,1.00,1,3.00,1,1.00,1,1.00,1,1.00,1,4.00,2.00,0,2.00,0.00,0.00,2.00,1,3.00,2.00,0.00,0.00,,11289,561,65.74,65.74,80.48,80.48,74.36,74.36,71.97,71.97,87.50,87.50
Denmark,DNK,20200525,2.00,1,2.00,1,1.00,1,3.00,1,1.00,1,1.00,1,1.00,1,3.00,2.00,0,2.00,0.00,0.00,2.00,1,3.00,2.00,0.00,0.00,,11360,562,62.96,62.96,76.90,76.90,72.44,72.44,69.70,69.70,87.50,87.50
Denmark,DNK,20200526,2.00,1,2.00,1,1.00,1,3.00,1,1.00,1,1.00,1,1.00,1,3.00,2.00,0,2.00,0.00,0.00,2.00,1,3.00,2.00,0.00,0.00,,11387,563,62.96,62.96,76.90,76.90,72.44,72.44,69.70,69.70,87.50,87.50
Denmark,DNK,20200527,2.00,1,2.00,1,1.00,1,3.00,1,1.00,1,1.00,1,1.00,1,3.00,2.00,0,2.00,0.00,0.00,2.00,1,3.00,2.00,0.00,0.00,,11428,563,62.96,62.96,76.90,76.90,72.44,72.44,69.70,69.70,87.50,87.50
Denmark,DNK,20200528,2.00,1,2.00,1,1.00,1,3.00,1,1.00,1,1.00,1,1.00,1,3.00,2.00,0,2.00,0.00,0.00,2.00,1,3.00,2.00,0.00,0.00,,11480,565,62.96,62.96,76.90,76.90,72.44,72.44,69.70,69.70,87.50,87.50
Denmark,DNK,20200529,2.00,1,2.00,1,1.00,1,3.00,1,1.00,1,1.00,1,1.00,1,3.00,2.00,0,2.00,3219069854.00,0.00,2.00,1,3.00,2.00,0.00,0.00,,11512,568,62.96,62.96,76.90,76.90,72.44,72.44,69.70,69.70,87.50,87.50
Denmark,DNK,20200530,2.00,1,2.00,1,1.00,1,3.00,1,1.00,1,1.00,1,1.00,1,3.00,2.00,0,2.00,0.00,0.00,2.00,1,3.00,2.00,0.00,0.00,,11593,568,62.96,62.96,76.90,76.90,72.44,72.44,69.70,69.70,87.50,87.50
Denmark,DNK,20200531,2.00,1,2.00,1,1.00,1,3.00,1,1.00,1,1.00,1,1.00,1,3.00,2.00,0,2.00,0.00,0.00,2.00,1,3.00,2.00,0.00,0.00,,11633,571,62.96,62.96,76.90,76.90,72.44,72.44,69.70,69.70,87.50,87.50
Denmark,DNK,20200601,2.00,1,2.00,1,1.00,1,3.00,1,1.00,1,1.00,1,1.00,1,3.00,2.00,0,2.00,0.00,0.00,2.00,1,3.00,2.00,0.00,0.00,,11669,574,62.96,62.96,76.90,76.90,72.44,72.44,69.70,69.70,87.50,87.50
Denmark,DNK,20200602,2.00,1,2.00,1,1.00,1,3.00,1,1.00,1,1.00,1,1.00,1,3.00,2.00,0,2.00,0.00,0.00,2.00,1,3.00,2.00,0.00,0.00,,11699,576,62.96,62.96,76.90,76.90,72.44,72.44,69.70,69.70,87.50,87.50
Denmark,DNK,20200603,2.00,1,2.00,1,1.00,1,3.00,1,1.00,1,1.00,1,1.00,1,3.00,2.00,0,2.00,0.00,0.00,2.00,1,3.00,2.00,0.00,0.00,,11734,580,62.96,62.96,76.90,76.90,72.44,72.44,69.70,69.70,87.50,87.50
Denmark,DNK,20200604,2.00,1,2.00,1,1.00,1,3.00,1,1.00,1,1.00,1,1.00,1,3.00,2.00,0,2.00,0.00,0.00,2.00,1,3.00,2.00,0.00,0.00,,11771,580,62.96,62.96,76.90,76.90,72.44,72.44,69.70,69.70,87.50,87.50
Denmark,DNK,20200605,2.00,1,2.00,1,1.00,1,3.00,1,1.00,1,1.00,1,1.00,1,3.00,2.00,0,2.00,0.00,0.00,2.00,1,3.00,2.00,0.00,0.00,,11811,582,62.96,62.96,76.90,76.90,72.44,72.44,69.70,69.70,87.50,87.50
Denmark,DNK,20200606,2.00,1,2.00,1,1.00,1,3.00,1,1.00,1,1.00,1,1.00,1,3.00,2.00,0,2.00,0.00,0.00,2.00,1,3.00,2.00,0.00,0.00,,11875,586,62.96,62.96,76.90,76.90,72.44,72.44,69.70,69.70,87.50,87.50
Denmark,DNK,20200607,2.00,1,2.00,1,1.00,1,3.00,1,1.00,1,1.00,1,1.00,1,3.00,2.00,0,2.00,0.00,0.00,2.00,1,3.00,2.00,0.00,0.00,,11924,587,62.96,62.96,76.90,76.90,72.44,72.44,69.70,69.70,87.50,87.50
Denmark,DNK,20200608,2.00,1,2.00,1,1.00,1,3.00,1,1.00,1,1.00,1,1.00,1,3.00,2.00,0,2.00,0.00,0.00,2.00,1,3.00,2.00,0.00,0.00,,11948,589,62.96,62.96,76.90,76.90,72.44,72.44,69.70,69.70,87.50,87.50
Denmark,DNK,20200609,2.00,1,2.00,1,1.00,1,3.00,1,1.00,1,1.00,1,1.00,1,3.00,2.00,0,2.00,0.00,0.00,2.00,1,3.00,2.00,0.00,0.00,,11962,593,62.96,62.96,76.90,76.90,72.44,72.44,69.70,69.70,87.50,87.50
Denmark,DNK,20200610,2.00,1,2.00,1,1.00,1,3.00,1,1.00,1,1.00,1,1.00,1,3.00,2.00,0,2.00,0.00,0.00,2.00,1,3.00,2.00,0.00,0.00,,12001,593,62.96,62.96,76.90,76.90,72.44,72.44,69.70,69.70,87.50,87.50
Denmark,DNK,20200611,2.00,1,2.00,1,1.00,1,3.00,1,1.00,1,1.00,1,1.00,1,3.00,2.00,0,2.00,0.00,0.00,2.00,1,3.00,2.00,0.00,0.00,,12016,593,62.96,62.96,76.90,76.90,72.44,72.44,69.70,69.70,87.50,87.50
Denmark,DNK,20200612,2.00,1,2.00,1,1.00,1,3.00,1,1.00,1,1.00,1,1.00,1,3.00,2.00,0,2.00,0.00,0.00,2.00,1,3.00,2.00,0.00,0.00,,12035,593,62.96,62.96,76.90,76.90,72.44,72.44,69.70,69.70,87.50,87.50
Denmark,DNK,20200613,2.00,1,2.00,1,1.00,1,3.00,1,1.00,1,1.00,1,1.00,1,3.00,2.00,0,2.00,0.00,0.00,2.00,1,3.00,2.00,0.00,0.00,,12099,594,62.96,62.96,76.90,76.90,72.44,72.44,69.70,69.70,87.50,87.50
Denmark,DNK,20200614,2.00,1,2.00,1,1.00,1,3.00,1,1.00,1,1.00,1,1.00,1,3.00,2.00,0,2.00,0.00,0.00,2.00,1,3.00,2.00,0.00,0.00,,12139,597,62.96,62.96,76.90,76.90,72.44,72.44,69.70,69.70,87.50,87.50
Denmark,DNK,20200615,2.00,1,2.00,1,1.00,1,3.00,1,1.00,1,1.00,1,1.00,1,3.00,2.00,0,2.00,0.00,0.00,2.00,1,3.00,2.00,0.00,0.00,,12193,597,62.96,62.96,76.90,76.90,72.44,72.44,69.70,69.70,87.50,87.50
Denmark,DNK,20200616,2.00,1,2.00,1,1.00,1,3.00,1,1.00,1,1.00,1,1.00,1,3.00,2.00,0,2.00,0.00,0.00,2.00,1,3.00,2.00,0.00,0.00,,12217,598,62.96,62.96,76.90,76.90,72.44,72.44,69.70,69.70,87.50,87.50
Denmark,DNK,20200617,2.00,1,2.00,1,1.00,1,3.00,1,1.00,1,1.00,1,1.00,1,3.00,2.00,0,2.00,0.00,0.00,2.00,1,3.00,2.00,0.00,0.00,,12250,598,62.96,62.96,76.90,76.90,72.44,72.44,69.70,69.70,87.50,87.50
Denmark,DNK,20200618,2.00,1,2.00,1,1.00,1,3.00,1,1.00,1,1.00,1,1.00,1,3.00,2.00,0,2.00,0.00,0.00,2.00,1,3.00,2.00,0.00,0.00,,12294,598,62.96,62.96,76.90,76.90,72.44,72.44,69.70,69.70,87.50,87.50
Denmark,DNK,20200619,,,,,,,,,,,,,,,,,,,,,,,,,,,,12344,600,,62.96,,76.90,,72.44,,69.70,,87.50
Denmark,DNK,20200620,,,,,,,,,,,,,,,,,,,,,,,,,,,,12391,600,,62.96,,76.90,,72.44,,69.70,,87.50
Denmark,DNK,20200621,,,,,,,,,,,,,,,,,,,,,,,,,,,,12391,600,,62.96,,76.90,,72.44,,69.70,,87.50
Denmark,DNK,20200622,,,,,,,,,,,,,,,,,,,,,,,,,,,,12391,600,,62.96,,76.90,,72.44,,69.70,,87.50
Denmark,DNK,20200623,,,,,,,,,,,,,,,,,,,,,,,,,,,,12527,602,,62.96,,76.90,,72.44,,69.70,,87.50
