Dominica,DMA,20200101,0.00,,0.00,,0.00,,0.00,,0.00,,0.00,,0.00,,0.00,0.00,,0.00,0.00,0.00,0.00,,0.00,0.00,0.00,0.00,,,,0.00,0.00,0.00,0.00,0.00,0.00,0.00,0.00,0.00,0.00
Dominica,DMA,20200102,0.00,,0.00,,0.00,,0.00,,0.00,,0.00,,0.00,,0.00,0.00,,0.00,0.00,0.00,0.00,,0.00,0.00,0.00,0.00,,,,0.00,0.00,0.00,0.00,0.00,0.00,0.00,0.00,0.00,0.00
Dominica,DMA,20200103,0.00,,0.00,,0.00,,0.00,,0.00,,0.00,,0.00,,0.00,0.00,,0.00,0.00,0.00,0.00,,0.00,0.00,0.00,0.00,,,,0.00,0.00,0.00,0.00,0.00,0.00,0.00,0.00,0.00,0.00
Dominica,DMA,20200104,0.00,,0.00,,0.00,,0.00,,0.00,,0.00,,0.00,,0.00,0.00,,0.00,0.00,0.00,0.00,,0.00,0.00,0.00,0.00,,,,0.00,0.00,0.00,0.00,0.00,0.00,0.00,0.00,0.00,0.00
Dominica,DMA,20200105,0.00,,0.00,,0.00,,0.00,,0.00,,0.00,,0.00,,0.00,0.00,,0.00,0.00,0.00,0.00,,0.00,0.00,0.00,0.00,,,,0.00,0.00,0.00,0.00,0.00,0.00,0.00,0.00,0.00,0.00
Dominica,DMA,20200106,0.00,,0.00,,0.00,,0.00,,0.00,,0.00,,0.00,,0.00,0.00,,0.00,0.00,0.00,0.00,,0.00,0.00,0.00,0.00,,,,0.00,0.00,0.00,0.00,0.00,0.00,0.00,0.00,0.00,0.00
Dominica,DMA,20200107,0.00,,0.00,,0.00,,0.00,,0.00,,0.00,,0.00,,0.00,0.00,,0.00,0.00,0.00,0.00,,0.00,0.00,0.00,0.00,,,,0.00,0.00,0.00,0.00,0.00,0.00,0.00,0.00,0.00,0.00
Dominica,DMA,20200108,0.00,,0.00,,0.00,,0.00,,0.00,,0.00,,0.00,,0.00,0.00,,0.00,0.00,0.00,0.00,,0.00,0.00,0.00,0.00,,,,0.00,0.00,0.00,0.00,0.00,0.00,0.00,0.00,0.00,0.00
Dominica,DMA,20200109,0.00,,0.00,,0.00,,0.00,,0.00,,0.00,,0.00,,0.00,0.00,,0.00,0.00,0.00,0.00,,0.00,0.00,0.00,0.00,,,,0.00,0.00,0.00,0.00,0.00,0.00,0.00,0.00,0.00,0.00
Dominica,DMA,20200110,0.00,,0.00,,0.00,,0.00,,0.00,,0.00,,0.00,,0.00,0.00,,0.00,0.00,0.00,0.00,,0.00,0.00,0.00,0.00,,,,0.00,0.00,0.00,0.00,0.00,0.00,0.00,0.00,0.00,0.00
Dominica,DMA,20200111,0.00,,0.00,,0.00,,0.00,,0.00,,0.00,,0.00,,0.00,0.00,,0.00,0.00,0.00,0.00,,0.00,0.00,0.00,0.00,,,,0.00,0.00,0.00,0.00,0.00,0.00,0.00,0.00,0.00,0.00
Dominica,DMA,20200112,0.00,,0.00,,0.00,,0.00,,0.00,,0.00,,0.00,,0.00,0.00,,0.00,0.00,0.00,0.00,,0.00,0.00,0.00,0.00,,,,0.00,0.00,0.00,0.00,0.00,0.00,0.00,0.00,0.00,0.00
Dominica,DMA,20200113,0.00,,0.00,,0.00,,0.00,,0.00,,0.00,,0.00,,0.00,0.00,,0.00,0.00,0.00,0.00,,0.00,0.00,0.00,0.00,,,,0.00,0.00,0.00,0.00,0.00,0.00,0.00,0.00,0.00,0.00
Dominica,DMA,20200114,0.00,,0.00,,0.00,,0.00,,0.00,,0.00,,0.00,,0.00,0.00,,0.00,0.00,0.00,0.00,,0.00,0.00,0.00,0.00,,,,0.00,0.00,0.00,0.00,0.00,0.00,0.00,0.00,0.00,0.00
Dominica,DMA,20200115,0.00,,0.00,,0.00,,0.00,,0.00,,0.00,,0.00,,0.00,0.00,,0.00,0.00,0.00,0.00,,0.00,0.00,0.00,0.00,,,,0.00,0.00,0.00,0.00,0.00,0.00,0.00,0.00,0.00,0.00
Dominica,DMA,20200116,0.00,,0.00,,0.00,,0.00,,0.00,,0.00,,0.00,,0.00,0.00,,0.00,0.00,0.00,0.00,,0.00,0.00,0.00,0.00,,,,0.00,0.00,0.00,0.00,0.00,0.00,0.00,0.00,0.00,0.00
Dominica,DMA,20200117,0.00,,0.00,,0.00,,0.00,,0.00,,0.00,,0.00,,0.00,0.00,,0.00,0.00,0.00,0.00,,0.00,0.00,0.00,0.00,,,,0.00,0.00,0.00,0.00,0.00,0.00,0.00,0.00,0.00,0.00
Dominica,DMA,20200118,0.00,,0.00,,0.00,,0.00,,0.00,,0.00,,0.00,,0.00,0.00,,0.00,0.00,0.00,0.00,,0.00,0.00,0.00,0.00,,,,0.00,0.00,0.00,0.00,0.00,0.00,0.00,0.00,0.00,0.00
Dominica,DMA,20200119,0.00,,0.00,,0.00,,0.00,,0.00,,0.00,,0.00,,0.00,0.00,,0.00,0.00,0.00,0.00,,0.00,0.00,0.00,0.00,,,,0.00,0.00,0.00,0.00,0.00,0.00,0.00,0.00,0.00,0.00
Dominica,DMA,20200120,0.00,,0.00,,0.00,,0.00,,0.00,,0.00,,0.00,,0.00,0.00,,0.00,0.00,0.00,0.00,,0.00,0.00,0.00,0.00,,,,0.00,0.00,0.00,0.00,0.00,0.00,0.00,0.00,0.00,0.00
Dominica,DMA,20200121,0.00,,0.00,,0.00,,0.00,,0.00,,0.00,,0.00,,0.00,0.00,,0.00,0.00,0.00,0.00,,0.00,0.00,0.00,0.00,,,,0.00,0.00,0.00,0.00,0.00,0.00,0.00,0.00,0.00,0.00
Dominica,DMA,20200122,0.00,,0.00,,0.00,,0.00,,0.00,,0.00,,0.00,,0.00,0.00,,0.00,0.00,0.00,0.00,,0.00,0.00,0.00,0.00,,,,0.00,0.00,0.00,0.00,0.00,0.00,0.00,0.00,0.00,0.00
Dominica,DMA,20200123,0.00,,0.00,,0.00,,0.00,,0.00,,0.00,,0.00,,0.00,0.00,,0.00,0.00,0.00,0.00,,0.00,0.00,0.00,0.00,,,,0.00,0.00,0.00,0.00,0.00,0.00,0.00,0.00,0.00,0.00
Dominica,DMA,20200124,0.00,,0.00,,0.00,,0.00,,0.00,,0.00,,0.00,,0.00,0.00,,0.00,0.00,0.00,0.00,,0.00,0.00,0.00,0.00,,,,0.00,0.00,0.00,0.00,0.00,0.00,0.00,0.00,0.00,0.00
Dominica,DMA,20200125,0.00,,0.00,,0.00,,0.00,,0.00,,0.00,,0.00,,0.00,0.00,,0.00,0.00,0.00,0.00,,0.00,0.00,0.00,0.00,,,,0.00,0.00,0.00,0.00,0.00,0.00,0.00,0.00,0.00,0.00
Dominica,DMA,20200126,0.00,,0.00,,0.00,,0.00,,0.00,,0.00,,0.00,,0.00,0.00,,0.00,0.00,0.00,0.00,,0.00,0.00,0.00,0.00,,,,0.00,0.00,0.00,0.00,0.00,0.00,0.00,0.00,0.00,0.00
Dominica,DMA,20200127,0.00,,0.00,,0.00,,0.00,,0.00,,0.00,,0.00,,0.00,0.00,,0.00,0.00,0.00,0.00,,0.00,0.00,0.00,0.00,,,,0.00,0.00,0.00,0.00,0.00,0.00,0.00,0.00,0.00,0.00
Dominica,DMA,20200128,0.00,,0.00,,0.00,,0.00,,0.00,,0.00,,0.00,,0.00,0.00,,0.00,0.00,0.00,0.00,,0.00,0.00,0.00,0.00,,,,0.00,0.00,0.00,0.00,0.00,0.00,0.00,0.00,0.00,0.00
Dominica,DMA,20200129,0.00,,0.00,,0.00,,0.00,,0.00,,0.00,,0.00,,0.00,0.00,,0.00,0.00,0.00,0.00,,0.00,0.00,0.00,0.00,,,,0.00,0.00,0.00,0.00,0.00,0.00,0.00,0.00,0.00,0.00
Dominica,DMA,20200130,0.00,,0.00,,0.00,,0.00,,0.00,,0.00,,0.00,,0.00,0.00,,0.00,0.00,0.00,0.00,,0.00,0.00,0.00,0.00,,,,0.00,0.00,0.00,0.00,0.00,0.00,0.00,0.00,0.00,0.00
Dominica,DMA,20200131,0.00,,0.00,,0.00,,0.00,,0.00,,0.00,,0.00,,0.00,0.00,,0.00,0.00,0.00,0.00,,0.00,0.00,0.00,0.00,,,,0.00,0.00,0.00,0.00,0.00,0.00,0.00,0.00,0.00,0.00
Dominica,DMA,20200201,0.00,,0.00,,0.00,,0.00,,0.00,,0.00,,0.00,,0.00,0.00,,0.00,0.00,0.00,0.00,,0.00,0.00,0.00,0.00,,,,0.00,0.00,0.00,0.00,0.00,0.00,0.00,0.00,0.00,0.00
Dominica,DMA,20200202,0.00,,0.00,,0.00,,0.00,,0.00,,0.00,,0.00,,0.00,0.00,,0.00,0.00,0.00,0.00,,0.00,0.00,0.00,0.00,,,,0.00,0.00,0.00,0.00,0.00,0.00,0.00,0.00,0.00,0.00
Dominica,DMA,20200203,0.00,,0.00,,0.00,,0.00,,0.00,,0.00,,0.00,,0.00,0.00,,0.00,0.00,0.00,0.00,,0.00,0.00,0.00,0.00,,,,0.00,0.00,0.00,0.00,0.00,0.00,0.00,0.00,0.00,0.00
Dominica,DMA,20200204,0.00,,0.00,,0.00,,0.00,,0.00,,0.00,,0.00,,0.00,0.00,,0.00,0.00,0.00,0.00,,0.00,0.00,0.00,0.00,,,,0.00,0.00,0.00,0.00,0.00,0.00,0.00,0.00,0.00,0.00
Dominica,DMA,20200205,0.00,,0.00,,0.00,,0.00,,0.00,,0.00,,0.00,,0.00,0.00,,0.00,0.00,0.00,0.00,,0.00,0.00,0.00,0.00,,,,0.00,0.00,0.00,0.00,0.00,0.00,0.00,0.00,0.00,0.00
Dominica,DMA,20200206,0.00,,0.00,,0.00,,0.00,,0.00,,0.00,,0.00,,0.00,0.00,,0.00,0.00,0.00,0.00,,0.00,0.00,0.00,0.00,,,,0.00,0.00,0.00,0.00,0.00,0.00,0.00,0.00,0.00,0.00
Dominica,DMA,20200207,0.00,,0.00,,0.00,,0.00,,0.00,,0.00,,0.00,,0.00,0.00,,0.00,0.00,0.00,0.00,,0.00,0.00,0.00,0.00,,,,0.00,0.00,0.00,0.00,0.00,0.00,0.00,0.00,0.00,0.00
Dominica,DMA,20200208,0.00,,0.00,,0.00,,0.00,,0.00,,0.00,,0.00,,0.00,0.00,,0.00,0.00,0.00,0.00,,0.00,0.00,0.00,0.00,,,,0.00,0.00,0.00,0.00,0.00,0.00,0.00,0.00,0.00,0.00
Dominica,DMA,20200209,0.00,,0.00,,0.00,,0.00,,0.00,,0.00,,0.00,,0.00,0.00,,0.00,0.00,0.00,0.00,,0.00,0.00,0.00,0.00,,,,0.00,0.00,0.00,0.00,0.00,0.00,0.00,0.00,0.00,0.00
Dominica,DMA,20200210,0.00,,0.00,,0.00,,0.00,,0.00,,0.00,,0.00,,0.00,0.00,,0.00,0.00,0.00,0.00,,0.00,0.00,0.00,0.00,,,,0.00,0.00,0.00,0.00,0.00,0.00,0.00,0.00,0.00,0.00
Dominica,DMA,20200211,0.00,,0.00,,0.00,,0.00,,0.00,,0.00,,0.00,,0.00,0.00,,0.00,0.00,0.00,0.00,,0.00,0.00,0.00,0.00,,,,0.00,0.00,0.00,0.00,0.00,0.00,0.00,0.00,0.00,0.00
Dominica,DMA,20200212,0.00,,0.00,,0.00,,0.00,,0.00,,0.00,,0.00,,0.00,0.00,,0.00,0.00,0.00,0.00,,0.00,0.00,0.00,0.00,,,,0.00,0.00,0.00,0.00,0.00,0.00,0.00,0.00,0.00,0.00
Dominica,DMA,20200213,0.00,,0.00,,0.00,,0.00,,0.00,,0.00,,0.00,,0.00,0.00,,0.00,0.00,0.00,0.00,,0.00,0.00,0.00,0.00,,,,0.00,0.00,0.00,0.00,0.00,0.00,0.00,0.00,0.00,0.00
Dominica,DMA,20200214,0.00,,0.00,,0.00,,0.00,,0.00,,0.00,,0.00,,0.00,0.00,,0.00,0.00,0.00,0.00,,0.00,0.00,0.00,0.00,,,,0.00,0.00,0.00,0.00,0.00,0.00,0.00,0.00,0.00,0.00
Dominica,DMA,20200215,0.00,,0.00,,0.00,,0.00,,0.00,,0.00,,0.00,,0.00,0.00,,0.00,0.00,0.00,0.00,,0.00,0.00,0.00,0.00,,,,0.00,0.00,0.00,0.00,0.00,0.00,0.00,0.00,0.00,0.00
Dominica,DMA,20200216,0.00,,0.00,,0.00,,0.00,,0.00,,0.00,,0.00,,0.00,0.00,,0.00,0.00,0.00,0.00,,0.00,0.00,0.00,0.00,,,,0.00,0.00,0.00,0.00,0.00,0.00,0.00,0.00,0.00,0.00
Dominica,DMA,20200217,0.00,,0.00,,0.00,,0.00,,0.00,,0.00,,0.00,,0.00,0.00,,0.00,0.00,0.00,0.00,,0.00,0.00,0.00,0.00,,,,0.00,0.00,0.00,0.00,0.00,0.00,0.00,0.00,0.00,0.00
Dominica,DMA,20200218,0.00,,0.00,,0.00,,0.00,,0.00,,0.00,,0.00,,0.00,0.00,,0.00,0.00,0.00,0.00,,0.00,0.00,0.00,0.00,,,,0.00,0.00,0.00,0.00,0.00,0.00,0.00,0.00,0.00,0.00
Dominica,DMA,20200219,0.00,,0.00,,0.00,,0.00,,0.00,,0.00,,0.00,,0.00,0.00,,0.00,0.00,0.00,0.00,,0.00,0.00,0.00,0.00,,,,0.00,0.00,0.00,0.00,0.00,0.00,0.00,0.00,0.00,0.00
Dominica,DMA,20200220,0.00,,0.00,,0.00,,0.00,,0.00,,0.00,,0.00,,0.00,0.00,,0.00,0.00,0.00,0.00,,0.00,0.00,0.00,0.00,,,,0.00,0.00,0.00,0.00,0.00,0.00,0.00,0.00,0.00,0.00
Dominica,DMA,20200221,0.00,,0.00,,0.00,,0.00,,0.00,,0.00,,0.00,,0.00,0.00,,0.00,0.00,0.00,0.00,,0.00,0.00,0.00,0.00,,,,0.00,0.00,0.00,0.00,0.00,0.00,0.00,0.00,0.00,0.00
Dominica,DMA,20200222,0.00,,0.00,,0.00,,0.00,,0.00,,0.00,,0.00,,0.00,0.00,,0.00,0.00,0.00,0.00,,0.00,0.00,0.00,0.00,,,,0.00,0.00,0.00,0.00,0.00,0.00,0.00,0.00,0.00,0.00
Dominica,DMA,20200223,0.00,,0.00,,0.00,,0.00,,0.00,,0.00,,0.00,,0.00,0.00,,0.00,0.00,0.00,0.00,,0.00,0.00,0.00,0.00,,,,0.00,0.00,0.00,0.00,0.00,0.00,0.00,0.00,0.00,0.00
Dominica,DMA,20200224,0.00,,0.00,,0.00,,0.00,,0.00,,0.00,,0.00,,0.00,0.00,,0.00,0.00,0.00,0.00,,0.00,0.00,0.00,0.00,,,,0.00,0.00,0.00,0.00,0.00,0.00,0.00,0.00,0.00,0.00
Dominica,DMA,20200225,0.00,,0.00,,0.00,,0.00,,0.00,,0.00,,0.00,,0.00,0.00,,0.00,0.00,0.00,0.00,,0.00,0.00,0.00,0.00,,,,0.00,0.00,0.00,0.00,0.00,0.00,0.00,0.00,0.00,0.00
Dominica,DMA,20200226,0.00,,0.00,,0.00,,0.00,,0.00,,0.00,,0.00,,0.00,0.00,,0.00,0.00,0.00,0.00,,0.00,0.00,0.00,0.00,,,,0.00,0.00,0.00,0.00,0.00,0.00,0.00,0.00,0.00,0.00
Dominica,DMA,20200227,0.00,,0.00,,0.00,,0.00,,0.00,,0.00,,0.00,,0.00,0.00,,0.00,0.00,0.00,0.00,,0.00,0.00,0.00,0.00,,,,0.00,0.00,0.00,0.00,0.00,0.00,0.00,0.00,0.00,0.00
Dominica,DMA,20200228,0.00,,0.00,,0.00,,0.00,,0.00,,0.00,,0.00,,0.00,0.00,,0.00,0.00,0.00,0.00,,0.00,0.00,0.00,0.00,,,,0.00,0.00,0.00,0.00,0.00,0.00,0.00,0.00,0.00,0.00
Dominica,DMA,20200229,0.00,,0.00,,0.00,,0.00,,0.00,,0.00,,0.00,,0.00,0.00,,0.00,0.00,0.00,0.00,,0.00,0.00,0.00,0.00,,,,0.00,0.00,0.00,0.00,0.00,0.00,0.00,0.00,0.00,0.00
Dominica,DMA,20200301,0.00,,0.00,,0.00,,0.00,,0.00,,0.00,,0.00,,0.00,0.00,,0.00,0.00,0.00,0.00,,0.00,0.00,0.00,0.00,,,,0.00,0.00,0.00,0.00,0.00,0.00,0.00,0.00,0.00,0.00
Dominica,DMA,20200302,0.00,,0.00,,0.00,,0.00,,0.00,,0.00,,0.00,,0.00,0.00,,0.00,0.00,0.00,0.00,,0.00,0.00,0.00,0.00,,,,0.00,0.00,0.00,0.00,0.00,0.00,0.00,0.00,0.00,0.00
Dominica,DMA,20200303,0.00,,0.00,,0.00,,0.00,,0.00,,0.00,,0.00,,0.00,0.00,,0.00,0.00,0.00,0.00,,0.00,0.00,0.00,0.00,,,,0.00,0.00,0.00,0.00,0.00,0.00,0.00,0.00,0.00,0.00
Dominica,DMA,20200304,0.00,,0.00,,0.00,,0.00,,0.00,,0.00,,0.00,,0.00,0.00,,0.00,0.00,0.00,0.00,,0.00,0.00,0.00,0.00,,,,0.00,0.00,0.00,0.00,0.00,0.00,0.00,0.00,0.00,0.00
Dominica,DMA,20200305,0.00,,0.00,,0.00,,0.00,,0.00,,0.00,,0.00,,0.00,0.00,,0.00,0.00,0.00,0.00,,0.00,0.00,0.00,0.00,,,,0.00,0.00,0.00,0.00,0.00,0.00,0.00,0.00,0.00,0.00
Dominica,DMA,20200306,0.00,,0.00,,0.00,,0.00,,0.00,,0.00,,0.00,,0.00,0.00,,0.00,0.00,0.00,0.00,,0.00,0.00,0.00,0.00,,,,0.00,0.00,0.00,0.00,0.00,0.00,0.00,0.00,0.00,0.00
Dominica,DMA,20200307,0.00,,0.00,,0.00,,0.00,,0.00,,0.00,,0.00,,0.00,0.00,,0.00,0.00,0.00,0.00,,0.00,0.00,0.00,0.00,,,,0.00,0.00,0.00,0.00,0.00,0.00,0.00,0.00,0.00,0.00
Dominica,DMA,20200308,0.00,,0.00,,0.00,,0.00,,0.00,,0.00,,0.00,,0.00,0.00,,0.00,0.00,0.00,0.00,,0.00,0.00,0.00,0.00,,,,0.00,0.00,0.00,0.00,0.00,0.00,0.00,0.00,0.00,0.00
Dominica,DMA,20200309,0.00,,0.00,,0.00,,0.00,,0.00,,0.00,,0.00,,0.00,0.00,,0.00,0.00,0.00,0.00,,0.00,0.00,0.00,0.00,,,,0.00,0.00,0.00,0.00,0.00,0.00,0.00,0.00,0.00,0.00
Dominica,DMA,20200310,0.00,,0.00,,0.00,,0.00,,0.00,,0.00,,0.00,,0.00,0.00,,0.00,0.00,0.00,0.00,,0.00,0.00,0.00,0.00,,,,0.00,0.00,0.00,0.00,0.00,0.00,0.00,0.00,0.00,0.00
Dominica,DMA,20200311,0.00,,0.00,,0.00,,0.00,,0.00,,0.00,,0.00,,0.00,0.00,,0.00,0.00,0.00,0.00,,0.00,0.00,0.00,0.00,,,,0.00,0.00,0.00,0.00,0.00,0.00,0.00,0.00,0.00,0.00
Dominica,DMA,20200312,0.00,,0.00,,0.00,,0.00,,0.00,,0.00,,0.00,,0.00,0.00,,0.00,0.00,0.00,0.00,,0.00,0.00,0.00,0.00,,,,0.00,0.00,0.00,0.00,0.00,0.00,0.00,0.00,0.00,0.00
Dominica,DMA,20200313,0.00,,0.00,,0.00,,0.00,,0.00,,0.00,,0.00,,0.00,0.00,,0.00,0.00,0.00,0.00,,0.00,0.00,0.00,0.00,,,,0.00,0.00,0.00,0.00,0.00,0.00,0.00,0.00,0.00,0.00
Dominica,DMA,20200314,0.00,,0.00,,0.00,,0.00,,0.00,,0.00,,0.00,,0.00,0.00,,0.00,0.00,0.00,0.00,,0.00,0.00,0.00,0.00,,,,0.00,0.00,0.00,0.00,0.00,0.00,0.00,0.00,0.00,0.00
Dominica,DMA,20200315,0.00,,0.00,,0.00,,0.00,,0.00,,0.00,,0.00,,0.00,0.00,,0.00,0.00,0.00,0.00,,0.00,0.00,0.00,0.00,,,,0.00,0.00,0.00,0.00,0.00,0.00,0.00,0.00,0.00,0.00
Dominica,DMA,20200316,0.00,,0.00,,0.00,,0.00,,0.00,,0.00,,0.00,,0.00,0.00,,0.00,0.00,0.00,0.00,,0.00,0.00,0.00,0.00,,,,0.00,0.00,0.00,0.00,0.00,0.00,0.00,0.00,0.00,0.00
Dominica,DMA,20200317,0.00,,0.00,,0.00,,0.00,,0.00,,0.00,,0.00,,0.00,0.00,,0.00,0.00,0.00,0.00,,0.00,0.00,0.00,0.00,,,,0.00,0.00,0.00,0.00,0.00,0.00,0.00,0.00,0.00,0.00
Dominica,DMA,20200318,0.00,,0.00,,0.00,,0.00,,0.00,,0.00,,0.00,,0.00,0.00,,0.00,0.00,0.00,0.00,,0.00,0.00,0.00,0.00,,,,0.00,0.00,0.00,0.00,0.00,0.00,0.00,0.00,0.00,0.00
Dominica,DMA,20200319,0.00,,0.00,,0.00,,0.00,,0.00,,0.00,,0.00,,0.00,0.00,,0.00,0.00,0.00,0.00,,0.00,0.00,0.00,0.00,,,,0.00,0.00,0.00,0.00,0.00,0.00,0.00,0.00,0.00,0.00
Dominica,DMA,20200320,0.00,,0.00,,0.00,,0.00,,0.00,,0.00,,0.00,,0.00,0.00,,0.00,0.00,0.00,0.00,,0.00,0.00,0.00,0.00,,,,0.00,0.00,0.00,0.00,0.00,0.00,0.00,0.00,0.00,0.00
Dominica,DMA,20200321,0.00,,0.00,,0.00,,0.00,,0.00,,0.00,,0.00,,0.00,0.00,,0.00,0.00,0.00,0.00,,0.00,0.00,0.00,0.00,,,,0.00,0.00,0.00,0.00,0.00,0.00,0.00,0.00,0.00,0.00
Dominica,DMA,20200322,0.00,,0.00,,0.00,,0.00,,0.00,,0.00,,0.00,,1.00,0.00,,0.00,0.00,0.00,2.00,1,2.00,2.00,0.00,0.00,,,,13.89,13.89,17.86,17.86,22.44,22.44,26.52,26.52,0.00,0.00
Dominica,DMA,20200323,3.00,1,0.00,,0.00,,0.00,,0.00,,0.00,,0.00,,1.00,0.00,,0.00,0.00,0.00,2.00,1,2.00,2.00,0.00,0.00,,1,0,25.00,25.00,32.14,32.14,30.13,30.13,35.61,35.61,0.00,0.00
Dominica,DMA,20200324,3.00,1,0.00,,0.00,,0.00,,0.00,,0.00,,0.00,,1.00,0.00,,0.00,0.00,0.00,2.00,1,2.00,2.00,0.00,0.00,,1,0,25.00,25.00,32.14,32.14,30.13,30.13,35.61,35.61,0.00,0.00
Dominica,DMA,20200325,3.00,1,0.00,,0.00,,0.00,,0.00,,0.00,,0.00,,1.00,0.00,,0.00,0.00,0.00,2.00,1,2.00,2.00,0.00,0.00,,2,0,25.00,25.00,32.14,32.14,30.13,30.13,35.61,35.61,0.00,0.00
Dominica,DMA,20200326,3.00,1,0.00,,0.00,,0.00,,0.00,,0.00,,0.00,,1.00,0.00,,0.00,0.00,0.00,2.00,1,2.00,2.00,0.00,0.00,,7,0,25.00,25.00,32.14,32.14,30.13,30.13,35.61,35.61,0.00,0.00
Dominica,DMA,20200327,3.00,1,0.00,,0.00,,0.00,,0.00,,0.00,,0.00,,1.00,0.00,,0.00,0.00,0.00,2.00,1,2.00,2.00,0.00,0.00,,11,0,25.00,25.00,32.14,32.14,30.13,30.13,35.61,35.61,0.00,0.00
Dominica,DMA,20200328,3.00,1,0.00,,0.00,,0.00,,0.00,,0.00,,0.00,,3.00,0.00,,0.00,0.00,0.00,2.00,1,2.00,2.00,0.00,0.00,,11,0,30.56,30.56,39.29,39.29,33.97,33.97,40.15,40.15,0.00,0.00
Dominica,DMA,20200329,3.00,1,0.00,,0.00,,0.00,,0.00,,0.00,,0.00,,3.00,0.00,,0.00,0.00,0.00,2.00,1,2.00,2.00,0.00,0.00,,11,0,30.56,30.56,39.29,39.29,33.97,33.97,40.15,40.15,0.00,0.00
Dominica,DMA,20200330,3.00,1,0.00,,0.00,,0.00,,0.00,,0.00,,0.00,,3.00,0.00,,0.00,0.00,0.00,2.00,1,2.00,2.00,0.00,0.00,,11,0,30.56,30.56,39.29,39.29,33.97,33.97,40.15,40.15,0.00,0.00
Dominica,DMA,20200331,3.00,1,0.00,,0.00,,0.00,,0.00,,0.00,,0.00,,3.00,0.00,,0.00,0.00,0.00,2.00,1,2.00,2.00,0.00,0.00,,11,0,30.56,30.56,39.29,39.29,33.97,33.97,40.15,40.15,0.00,0.00
Dominica,DMA,20200401,3.00,1,3.00,1,2.00,1,4.00,1,0.00,,2.00,1,2.00,1,4.00,0.00,,0.00,0.00,0.00,2.00,1,2.00,2.00,0.00,0.00,,11,0,85.19,85.19,85.71,85.71,71.79,71.79,84.85,84.85,0.00,0.00
Dominica,DMA,20200402,3.00,1,3.00,1,2.00,1,4.00,1,0.00,,2.00,1,2.00,1,4.00,0.00,,0.00,0.00,0.00,2.00,1,2.00,2.00,0.00,0.00,,12,0,85.19,85.19,85.71,85.71,71.79,71.79,84.85,84.85,0.00,0.00
Dominica,DMA,20200403,3.00,1,3.00,1,2.00,1,4.00,1,0.00,,2.00,1,2.00,1,4.00,0.00,,0.00,0.00,0.00,2.00,1,2.00,2.00,0.00,0.00,,12,0,85.19,85.19,85.71,85.71,71.79,71.79,84.85,84.85,0.00,0.00
Dominica,DMA,20200404,3.00,1,3.00,1,2.00,1,4.00,1,0.00,,2.00,1,2.00,1,4.00,0.00,,0.00,0.00,0.00,2.00,1,2.00,2.00,0.00,0.00,,14,0,85.19,85.19,85.71,85.71,71.79,71.79,84.85,84.85,0.00,0.00
Dominica,DMA,20200405,3.00,1,3.00,1,2.00,1,4.00,1,0.00,,2.00,1,2.00,1,4.00,0.00,,0.00,0.00,0.00,2.00,1,2.00,2.00,0.00,0.00,,14,0,85.19,85.19,85.71,85.71,71.79,71.79,84.85,84.85,0.00,0.00
Dominica,DMA,20200406,3.00,1,3.00,1,2.00,1,4.00,1,0.00,,2.00,1,2.00,1,4.00,0.00,,0.00,0.00,0.00,2.00,1,2.00,2.00,0.00,0.00,,14,0,85.19,85.19,85.71,85.71,71.79,71.79,84.85,84.85,0.00,0.00
Dominica,DMA,20200407,3.00,1,3.00,1,2.00,1,4.00,1,0.00,,2.00,1,2.00,1,4.00,0.00,,0.00,0.00,0.00,2.00,1,2.00,2.00,0.00,0.00,,15,0,85.19,85.19,85.71,85.71,71.79,71.79,84.85,84.85,0.00,0.00
Dominica,DMA,20200408,3.00,1,3.00,1,2.00,1,4.00,1,0.00,,2.00,1,2.00,1,4.00,0.00,,0.00,0.00,0.00,2.00,1,2.00,2.00,0.00,0.00,,15,0,85.19,85.19,85.71,85.71,71.79,71.79,84.85,84.85,0.00,0.00
Dominica,DMA,20200409,3.00,1,3.00,1,2.00,1,4.00,1,0.00,,2.00,1,2.00,1,4.00,0.00,,0.00,0.00,0.00,2.00,1,2.00,2.00,0.00,0.00,,15,0,85.19,85.19,85.71,85.71,71.79,71.79,84.85,84.85,0.00,0.00
Dominica,DMA,20200410,3.00,1,3.00,1,2.00,1,4.00,1,0.00,,2.00,1,2.00,1,4.00,0.00,,0.00,0.00,0.00,2.00,1,2.00,2.00,0.00,0.00,,16,0,85.19,85.19,85.71,85.71,71.79,71.79,84.85,84.85,0.00,0.00
Dominica,DMA,20200411,3.00,1,3.00,1,2.00,1,4.00,1,0.00,,2.00,1,2.00,1,4.00,0.00,,0.00,0.00,0.00,2.00,1,2.00,2.00,0.00,0.00,,16,0,85.19,85.19,85.71,85.71,71.79,71.79,84.85,84.85,0.00,0.00
Dominica,DMA,20200412,3.00,1,3.00,1,2.00,1,4.00,1,0.00,,2.00,1,2.00,1,4.00,0.00,,0.00,0.00,0.00,2.00,1,2.00,2.00,0.00,0.00,,16,0,85.19,85.19,85.71,85.71,71.79,71.79,84.85,84.85,0.00,0.00
Dominica,DMA,20200413,3.00,1,3.00,1,2.00,1,4.00,1,0.00,,2.00,1,2.00,1,4.00,0.00,,0.00,0.00,0.00,2.00,1,2.00,2.00,0.00,0.00,,16,0,85.19,85.19,85.71,85.71,71.79,71.79,84.85,84.85,0.00,0.00
Dominica,DMA,20200414,3.00,1,3.00,1,2.00,1,4.00,1,0.00,,2.00,1,2.00,1,4.00,0.00,,0.00,0.00,0.00,2.00,1,2.00,2.00,0.00,0.00,,16,0,85.19,85.19,85.71,85.71,71.79,71.79,84.85,84.85,0.00,0.00
Dominica,DMA,20200415,3.00,1,3.00,1,2.00,1,4.00,1,0.00,,2.00,1,2.00,1,4.00,0.00,,0.00,0.00,0.00,2.00,1,2.00,2.00,0.00,0.00,,16,0,85.19,85.19,85.71,85.71,71.79,71.79,84.85,84.85,0.00,0.00
Dominica,DMA,20200416,3.00,1,3.00,1,2.00,1,4.00,1,0.00,,2.00,1,2.00,1,4.00,0.00,,0.00,0.00,0.00,2.00,1,2.00,2.00,0.00,0.00,,16,0,85.19,85.19,85.71,85.71,71.79,71.79,84.85,84.85,0.00,0.00
Dominica,DMA,20200417,3.00,1,3.00,1,2.00,1,4.00,1,0.00,,2.00,1,2.00,1,4.00,0.00,,0.00,0.00,0.00,2.00,1,2.00,2.00,0.00,0.00,,16,0,85.19,85.19,85.71,85.71,71.79,71.79,84.85,84.85,0.00,0.00
Dominica,DMA,20200418,3.00,1,3.00,1,2.00,1,4.00,1,0.00,,2.00,1,2.00,1,4.00,0.00,,0.00,0.00,0.00,2.00,1,2.00,2.00,0.00,0.00,,16,0,85.19,85.19,85.71,85.71,71.79,71.79,84.85,84.85,0.00,0.00
Dominica,DMA,20200419,3.00,1,3.00,1,2.00,1,4.00,1,0.00,,2.00,1,2.00,1,4.00,0.00,,0.00,0.00,0.00,2.00,1,2.00,2.00,0.00,0.00,,16,0,85.19,85.19,85.71,85.71,71.79,71.79,84.85,84.85,0.00,0.00
Dominica,DMA,20200420,3.00,1,3.00,1,2.00,1,4.00,1,0.00,,2.00,1,2.00,1,4.00,0.00,,0.00,0.00,0.00,2.00,1,3.00,2.00,0.00,0.00,,16,0,85.19,85.19,85.71,85.71,74.36,74.36,87.88,87.88,0.00,0.00
Dominica,DMA,20200421,3.00,1,3.00,1,2.00,1,4.00,1,0.00,,2.00,1,2.00,1,4.00,0.00,,0.00,0.00,0.00,2.00,1,3.00,2.00,0.00,0.00,,16,0,85.19,85.19,85.71,85.71,74.36,74.36,87.88,87.88,0.00,0.00
Dominica,DMA,20200422,3.00,1,3.00,1,2.00,1,4.00,1,0.00,,2.00,1,2.00,1,4.00,0.00,,0.00,0.00,0.00,2.00,1,3.00,2.00,0.00,0.00,,16,0,85.19,85.19,85.71,85.71,74.36,74.36,87.88,87.88,0.00,0.00
Dominica,DMA,20200423,3.00,1,3.00,1,2.00,1,4.00,1,0.00,,2.00,1,2.00,1,4.00,0.00,,0.00,0.00,0.00,2.00,1,3.00,2.00,0.00,0.00,,16,0,85.19,85.19,85.71,85.71,74.36,74.36,87.88,87.88,0.00,0.00
Dominica,DMA,20200424,3.00,1,3.00,1,2.00,1,4.00,1,0.00,,2.00,1,2.00,1,4.00,0.00,,0.00,0.00,0.00,2.00,1,3.00,2.00,0.00,0.00,,16,0,85.19,85.19,85.71,85.71,74.36,74.36,87.88,87.88,0.00,0.00
Dominica,DMA,20200425,3.00,1,3.00,1,2.00,1,4.00,1,0.00,,2.00,1,2.00,1,4.00,0.00,,0.00,0.00,0.00,2.00,1,3.00,2.00,0.00,0.00,,16,0,85.19,85.19,85.71,85.71,74.36,74.36,87.88,87.88,0.00,0.00
Dominica,DMA,20200426,3.00,1,3.00,1,2.00,1,4.00,1,0.00,,2.00,1,2.00,1,4.00,0.00,,0.00,0.00,0.00,2.00,1,3.00,2.00,0.00,0.00,,16,0,85.19,85.19,85.71,85.71,74.36,74.36,87.88,87.88,0.00,0.00
Dominica,DMA,20200427,3.00,1,3.00,1,2.00,1,4.00,1,0.00,,2.00,1,2.00,1,4.00,0.00,,0.00,0.00,0.00,2.00,1,3.00,2.00,0.00,0.00,,16,0,85.19,85.19,85.71,85.71,74.36,74.36,87.88,87.88,0.00,0.00
Dominica,DMA,20200428,3.00,1,3.00,1,2.00,1,4.00,1,0.00,,2.00,1,2.00,1,4.00,0.00,,0.00,0.00,0.00,2.00,1,3.00,2.00,0.00,0.00,,16,0,85.19,85.19,85.71,85.71,74.36,74.36,87.88,87.88,0.00,0.00
Dominica,DMA,20200429,3.00,1,3.00,1,2.00,1,4.00,1,0.00,,2.00,1,2.00,1,4.00,0.00,,0.00,0.00,0.00,2.00,1,3.00,2.00,0.00,0.00,,16,0,85.19,85.19,85.71,85.71,74.36,74.36,87.88,87.88,0.00,0.00
Dominica,DMA,20200430,3.00,1,3.00,1,2.00,1,4.00,1,0.00,,2.00,1,2.00,1,4.00,0.00,,0.00,0.00,0.00,2.00,1,3.00,2.00,0.00,0.00,,16,0,85.19,85.19,85.71,85.71,74.36,74.36,87.88,87.88,0.00,0.00
Dominica,DMA,20200501,3.00,1,3.00,1,2.00,1,4.00,1,0.00,,2.00,1,2.00,1,4.00,0.00,,0.00,0.00,0.00,2.00,1,3.00,2.00,0.00,0.00,,16,0,85.19,85.19,85.71,85.71,74.36,74.36,87.88,87.88,0.00,0.00
Dominica,DMA,20200502,3.00,1,3.00,1,2.00,1,4.00,1,0.00,,2.00,1,2.00,1,4.00,0.00,,0.00,0.00,0.00,2.00,1,3.00,2.00,0.00,0.00,,16,0,85.19,85.19,85.71,85.71,74.36,74.36,87.88,87.88,0.00,0.00
Dominica,DMA,20200503,3.00,1,3.00,1,2.00,1,4.00,1,0.00,,2.00,1,2.00,1,4.00,0.00,,0.00,0.00,0.00,2.00,1,3.00,2.00,0.00,0.00,,16,0,85.19,85.19,85.71,85.71,74.36,74.36,87.88,87.88,0.00,0.00
Dominica,DMA,20200504,3.00,1,3.00,1,2.00,1,4.00,1,0.00,,2.00,1,2.00,1,4.00,0.00,,0.00,0.00,0.00,2.00,1,3.00,2.00,0.00,0.00,,16,0,85.19,85.19,85.71,85.71,74.36,74.36,87.88,87.88,0.00,0.00
Dominica,DMA,20200505,3.00,1,3.00,1,2.00,1,4.00,1,0.00,,2.00,1,2.00,1,4.00,0.00,,0.00,0.00,0.00,2.00,1,3.00,2.00,0.00,0.00,,16,0,85.19,85.19,85.71,85.71,74.36,74.36,87.88,87.88,0.00,0.00
Dominica,DMA,20200506,3.00,1,3.00,1,2.00,1,4.00,1,0.00,,2.00,1,2.00,1,4.00,0.00,,0.00,0.00,0.00,2.00,1,3.00,2.00,0.00,0.00,,16,0,85.19,85.19,85.71,85.71,74.36,74.36,87.88,87.88,0.00,0.00
Dominica,DMA,20200507,3.00,1,2.00,1,2.00,1,4.00,1,0.00,,2.00,1,2.00,1,4.00,0.00,,0.00,0.00,0.00,2.00,1,3.00,2.00,0.00,0.00,,16,0,81.48,81.48,82.14,82.14,71.79,71.79,84.85,84.85,0.00,0.00
Dominica,DMA,20200508,3.00,1,2.00,1,2.00,1,4.00,1,0.00,,2.00,1,2.00,1,4.00,0.00,,0.00,0.00,0.00,2.00,1,3.00,2.00,0.00,0.00,,16,0,81.48,81.48,82.14,82.14,71.79,71.79,84.85,84.85,0.00,0.00
Dominica,DMA,20200509,3.00,1,2.00,1,2.00,1,4.00,1,0.00,,2.00,1,2.00,1,4.00,0.00,,0.00,0.00,0.00,2.00,1,3.00,2.00,0.00,0.00,,16,0,81.48,81.48,82.14,82.14,71.79,71.79,84.85,84.85,0.00,0.00
Dominica,DMA,20200510,3.00,1,2.00,1,2.00,1,4.00,1,0.00,,2.00,1,2.00,1,4.00,0.00,,0.00,0.00,0.00,2.00,1,3.00,2.00,0.00,0.00,,16,0,81.48,81.48,82.14,82.14,71.79,71.79,84.85,84.85,0.00,0.00
Dominica,DMA,20200511,3.00,1,2.00,1,2.00,1,4.00,1,0.00,,2.00,1,2.00,1,4.00,0.00,,0.00,0.00,0.00,2.00,1,3.00,2.00,0.00,0.00,,16,0,81.48,81.48,82.14,82.14,71.79,71.79,84.85,84.85,0.00,0.00
Dominica,DMA,20200512,3.00,1,2.00,1,2.00,1,4.00,1,0.00,,1.00,1,2.00,1,4.00,0.00,,0.00,0.00,0.00,2.00,1,3.00,2.00,0.00,0.00,,16,0,77.78,77.78,82.14,82.14,69.23,69.23,81.82,81.82,0.00,0.00
Dominica,DMA,20200513,3.00,1,2.00,1,2.00,1,4.00,1,0.00,,1.00,1,2.00,1,4.00,0.00,,0.00,0.00,0.00,2.00,1,3.00,2.00,0.00,0.00,,16,0,77.78,77.78,82.14,82.14,69.23,69.23,81.82,81.82,0.00,0.00
Dominica,DMA,20200514,3.00,1,2.00,1,2.00,1,4.00,1,0.00,,1.00,1,2.00,1,4.00,0.00,,0.00,0.00,0.00,2.00,1,3.00,2.00,0.00,0.00,,16,0,77.78,77.78,82.14,82.14,69.23,69.23,81.82,81.82,0.00,0.00
Dominica,DMA,20200515,3.00,1,2.00,1,2.00,1,4.00,1,0.00,,1.00,1,2.00,1,4.00,0.00,,0.00,0.00,0.00,2.00,1,3.00,2.00,0.00,0.00,,16,0,77.78,77.78,82.14,82.14,69.23,69.23,81.82,81.82,0.00,0.00
Dominica,DMA,20200516,3.00,1,2.00,1,2.00,1,4.00,1,0.00,,1.00,1,2.00,1,4.00,0.00,,0.00,0.00,0.00,2.00,1,3.00,2.00,0.00,0.00,,16,0,77.78,77.78,82.14,82.14,69.23,69.23,81.82,81.82,0.00,0.00
Dominica,DMA,20200517,3.00,1,2.00,1,2.00,1,4.00,1,0.00,,1.00,1,2.00,1,4.00,0.00,,0.00,0.00,0.00,2.00,1,3.00,2.00,0.00,0.00,,16,0,77.78,77.78,82.14,82.14,69.23,69.23,81.82,81.82,0.00,0.00
Dominica,DMA,20200518,3.00,1,2.00,1,2.00,1,4.00,1,0.00,,1.00,1,2.00,1,4.00,0.00,,0.00,0.00,0.00,2.00,1,3.00,2.00,0.00,0.00,,16,0,77.78,77.78,82.14,82.14,69.23,69.23,81.82,81.82,0.00,0.00
Dominica,DMA,20200519,3.00,1,2.00,1,2.00,1,4.00,1,0.00,,1.00,1,2.00,1,4.00,1.00,1,2.00,8000000.00,0.00,2.00,1,3.00,2.00,0.00,0.00,,16,0,77.78,77.78,82.14,82.14,80.77,80.77,81.82,81.82,75.00,75.00
Dominica,DMA,20200520,3.00,1,2.00,1,2.00,1,4.00,1,0.00,,1.00,1,2.00,1,4.00,1.00,1,2.00,0.00,0.00,2.00,1,3.00,2.00,0.00,0.00,,16,0,77.78,77.78,82.14,82.14,80.77,80.77,81.82,81.82,75.00,75.00
Dominica,DMA,20200521,3.00,1,2.00,1,2.00,1,4.00,1,0.00,,1.00,1,2.00,1,4.00,1.00,1,2.00,0.00,0.00,2.00,1,3.00,2.00,0.00,0.00,,16,0,77.78,77.78,82.14,82.14,80.77,80.77,81.82,81.82,75.00,75.00
Dominica,DMA,20200522,3.00,1,2.00,1,2.00,1,4.00,1,0.00,,1.00,1,2.00,1,4.00,1.00,1,2.00,0.00,0.00,2.00,1,3.00,2.00,0.00,0.00,,16,0,77.78,77.78,82.14,82.14,80.77,80.77,81.82,81.82,75.00,75.00
Dominica,DMA,20200523,3.00,1,2.00,1,2.00,1,4.00,1,0.00,,1.00,1,2.00,1,4.00,1.00,1,2.00,0.00,0.00,2.00,1,3.00,2.00,0.00,0.00,,16,0,77.78,77.78,82.14,82.14,80.77,80.77,81.82,81.82,75.00,75.00
Dominica,DMA,20200524,3.00,1,2.00,1,2.00,1,4.00,1,0.00,,1.00,1,2.00,1,4.00,1.00,1,2.00,0.00,0.00,2.00,1,3.00,2.00,0.00,0.00,,16,0,77.78,77.78,82.14,82.14,80.77,80.77,81.82,81.82,75.00,75.00
Dominica,DMA,20200525,3.00,1,1.00,1,2.00,1,4.00,1,0.00,,1.00,1,2.00,1,4.00,1.00,1,2.00,0.00,0.00,2.00,1,3.00,2.00,0.00,0.00,,16,0,74.07,74.07,78.57,78.57,78.21,78.21,78.79,78.79,75.00,75.00
Dominica,DMA,20200526,3.00,1,1.00,1,2.00,1,4.00,1,0.00,,1.00,1,2.00,1,4.00,1.00,1,2.00,0.00,0.00,2.00,1,3.00,2.00,0.00,0.00,,16,0,74.07,74.07,78.57,78.57,78.21,78.21,78.79,78.79,75.00,75.00
Dominica,DMA,20200527,3.00,1,1.00,1,2.00,1,4.00,1,0.00,,1.00,1,2.00,1,4.00,1.00,1,2.00,0.00,0.00,2.00,1,3.00,2.00,0.00,0.00,,16,0,74.07,74.07,78.57,78.57,78.21,78.21,78.79,78.79,75.00,75.00
Dominica,DMA,20200528,3.00,1,1.00,1,2.00,1,4.00,1,0.00,,1.00,1,2.00,1,4.00,1.00,1,2.00,0.00,0.00,2.00,1,3.00,2.00,0.00,0.00,,16,0,74.07,74.07,78.57,78.57,78.21,78.21,78.79,78.79,75.00,75.00
Dominica,DMA,20200529,3.00,1,1.00,1,2.00,1,4.00,1,0.00,,1.00,1,2.00,1,4.00,1.00,1,2.00,0.00,0.00,2.00,1,3.00,2.00,0.00,0.00,,16,0,74.07,74.07,78.57,78.57,78.21,78.21,78.79,78.79,75.00,75.00
Dominica,DMA,20200530,3.00,1,1.00,1,2.00,1,4.00,1,0.00,,1.00,1,2.00,1,4.00,1.00,1,2.00,0.00,0.00,2.00,1,3.00,2.00,0.00,0.00,,16,0,74.07,74.07,78.57,78.57,78.21,78.21,78.79,78.79,75.00,75.00
Dominica,DMA,20200531,3.00,1,1.00,1,2.00,1,4.00,1,0.00,,1.00,1,2.00,1,4.00,1.00,1,2.00,0.00,0.00,2.00,1,3.00,2.00,0.00,0.00,,16,0,74.07,74.07,78.57,78.57,78.21,78.21,78.79,78.79,75.00,75.00
Dominica,DMA,20200601,3.00,1,1.00,1,2.00,1,4.00,1,0.00,,1.00,1,2.00,1,4.00,1.00,1,2.00,0.00,0.00,2.00,1,3.00,2.00,0.00,0.00,,16,0,74.07,74.07,78.57,78.57,78.21,78.21,78.79,78.79,75.00,75.00
Dominica,DMA,20200602,3.00,1,1.00,1,2.00,1,4.00,1,0.00,,1.00,1,2.00,1,4.00,1.00,1,2.00,0.00,0.00,2.00,1,3.00,2.00,0.00,0.00,,18,0,74.07,74.07,78.57,78.57,78.21,78.21,78.79,78.79,75.00,75.00
Dominica,DMA,20200603,3.00,1,1.00,1,2.00,1,4.00,1,0.00,,1.00,1,2.00,1,4.00,1.00,1,2.00,0.00,0.00,2.00,1,3.00,2.00,0.00,0.00,,18,0,74.07,74.07,78.57,78.57,78.21,78.21,78.79,78.79,75.00,75.00
Dominica,DMA,20200604,3.00,1,1.00,1,2.00,1,4.00,1,0.00,,1.00,1,2.00,1,4.00,1.00,1,2.00,0.00,0.00,2.00,1,3.00,2.00,0.00,0.00,,18,0,74.07,74.07,78.57,78.57,78.21,78.21,78.79,78.79,75.00,75.00
Dominica,DMA,20200605,3.00,1,1.00,1,2.00,1,4.00,1,0.00,,1.00,1,2.00,1,4.00,1.00,1,2.00,0.00,0.00,2.00,1,3.00,2.00,0.00,0.00,,18,0,74.07,74.07,78.57,78.57,78.21,78.21,78.79,78.79,75.00,75.00
Dominica,DMA,20200606,3.00,1,1.00,1,2.00,1,4.00,1,0.00,,1.00,1,2.00,1,4.00,1.00,1,2.00,0.00,0.00,2.00,1,3.00,2.00,0.00,0.00,,18,0,74.07,74.07,78.57,78.57,78.21,78.21,78.79,78.79,75.00,75.00
Dominica,DMA,20200607,3.00,1,1.00,1,2.00,1,4.00,1,0.00,,1.00,1,2.00,1,4.00,1.00,1,2.00,0.00,0.00,2.00,1,3.00,2.00,0.00,0.00,,18,0,74.07,74.07,78.57,78.57,78.21,78.21,78.79,78.79,75.00,75.00
Dominica,DMA,20200608,3.00,1,1.00,1,2.00,1,4.00,1,0.00,,1.00,1,2.00,1,4.00,1.00,1,2.00,0.00,0.00,2.00,1,3.00,2.00,0.00,0.00,,18,0,74.07,74.07,78.57,78.57,78.21,78.21,78.79,78.79,75.00,75.00
Dominica,DMA,20200609,3.00,1,1.00,1,2.00,1,4.00,1,0.00,,1.00,1,2.00,1,4.00,1.00,1,2.00,0.00,0.00,2.00,1,3.00,2.00,0.00,0.00,,18,0,74.07,74.07,78.57,78.57,78.21,78.21,78.79,78.79,75.00,75.00
Dominica,DMA,20200610,3.00,1,1.00,1,2.00,1,4.00,1,0.00,,1.00,1,2.00,1,4.00,1.00,1,2.00,0.00,0.00,2.00,1,3.00,2.00,0.00,0.00,,18,0,74.07,74.07,78.57,78.57,78.21,78.21,78.79,78.79,75.00,75.00
Dominica,DMA,20200611,3.00,1,1.00,1,2.00,1,4.00,1,0.00,,1.00,1,2.00,1,4.00,1.00,1,2.00,0.00,0.00,2.00,1,3.00,2.00,0.00,0.00,,18,0,74.07,74.07,78.57,78.57,78.21,78.21,78.79,78.79,75.00,75.00
Dominica,DMA,20200612,3.00,1,1.00,1,2.00,1,4.00,1,0.00,,1.00,1,2.00,1,4.00,1.00,1,2.00,0.00,0.00,2.00,1,3.00,2.00,0.00,0.00,,18,0,74.07,74.07,78.57,78.57,78.21,78.21,78.79,78.79,75.00,75.00
Dominica,DMA,20200613,3.00,1,1.00,1,2.00,1,4.00,1,0.00,,1.00,1,2.00,1,4.00,1.00,1,2.00,0.00,0.00,2.00,1,3.00,2.00,0.00,0.00,,18,0,74.07,74.07,78.57,78.57,78.21,78.21,78.79,78.79,75.00,75.00
Dominica,DMA,20200614,3.00,1,1.00,1,2.00,1,4.00,1,0.00,,1.00,1,2.00,1,4.00,1.00,1,2.00,0.00,0.00,2.00,1,3.00,2.00,0.00,0.00,,18,0,74.07,74.07,78.57,78.57,78.21,78.21,78.79,78.79,75.00,75.00
Dominica,DMA,20200615,3.00,1,1.00,1,2.00,1,4.00,1,0.00,,1.00,1,2.00,1,4.00,1.00,1,2.00,0.00,0.00,2.00,1,3.00,2.00,0.00,0.00,,18,0,74.07,74.07,78.57,78.57,78.21,78.21,78.79,78.79,75.00,75.00
Dominica,DMA,20200616,3.00,1,1.00,1,2.00,1,4.00,1,0.00,,1.00,1,2.00,1,4.00,1.00,1,2.00,0.00,0.00,2.00,1,3.00,2.00,0.00,0.00,,18,0,74.07,74.07,78.57,78.57,78.21,78.21,78.79,78.79,75.00,75.00
Dominica,DMA,20200617,3.00,1,1.00,1,2.00,1,4.00,1,0.00,,1.00,1,2.00,1,4.00,1.00,1,2.00,0.00,0.00,2.00,1,3.00,2.00,0.00,0.00,,18,0,74.07,74.07,78.57,78.57,78.21,78.21,78.79,78.79,75.00,75.00
Dominica,DMA,20200618,3.00,1,1.00,1,2.00,1,4.00,1,0.00,,1.00,1,2.00,1,4.00,1.00,1,2.00,0.00,0.00,2.00,1,3.00,2.00,0.00,0.00,,18,0,74.07,74.07,78.57,78.57,78.21,78.21,78.79,78.79,75.00,75.00
Dominica,DMA,20200619,,,,,,,,,,,,,,,,,,,,,,,,,,,,18,0,,74.07,,78.57,,78.21,,78.79,,75.00
Dominica,DMA,20200620,,,,,,,,,,,,,,,,,,,,,,,,,,,,18,0,,74.07,,78.57,,78.21,,78.79,,75.00
Dominica,DMA,20200621,,,,,,,,,,,,,,,,,,,,,,,,,,,,18,0,,74.07,,78.57,,78.21,,78.79,,75.00
Dominica,DMA,20200622,,,,,,,,,,,,,,,,,,,,,,,,,,,,18,0,,74.07,,78.57,,78.21,,78.79,,75.00
Dominica,DMA,20200623,,,,,,,,,,,,,,,,,,,,,,,,,,,,18,0,,74.07,,78.57,,78.21,,78.79,,75.00
