Spain,ESP,20200101,0.00,,0.00,,0.00,,0.00,,0.00,,0.00,,0.00,,0.00,0.00,,0.00,0.00,0.00,0.00,,0.00,0.00,0.00,0.00,,0,0,0.00,0.00,0.00,0.00,0.00,0.00,0.00,0.00,0.00,0.00
Spain,ESP,20200102,0.00,,0.00,,0.00,,0.00,,0.00,,0.00,,0.00,,0.00,0.00,,0.00,0.00,0.00,0.00,,0.00,0.00,0.00,0.00,,0,0,0.00,0.00,0.00,0.00,0.00,0.00,0.00,0.00,0.00,0.00
Spain,ESP,20200103,0.00,,0.00,,0.00,,0.00,,0.00,,0.00,,0.00,,0.00,0.00,,0.00,0.00,0.00,0.00,,0.00,0.00,0.00,0.00,,0,0,0.00,0.00,0.00,0.00,0.00,0.00,0.00,0.00,0.00,0.00
Spain,ESP,20200104,0.00,,0.00,,0.00,,0.00,,0.00,,0.00,,0.00,,0.00,0.00,,0.00,0.00,0.00,0.00,,0.00,0.00,0.00,0.00,,0,0,0.00,0.00,0.00,0.00,0.00,0.00,0.00,0.00,0.00,0.00
Spain,ESP,20200105,0.00,,0.00,,0.00,,0.00,,0.00,,0.00,,0.00,,0.00,0.00,,0.00,0.00,0.00,0.00,,0.00,0.00,0.00,0.00,,0,0,0.00,0.00,0.00,0.00,0.00,0.00,0.00,0.00,0.00,0.00
Spain,ESP,20200106,0.00,,0.00,,0.00,,0.00,,0.00,,0.00,,0.00,,0.00,0.00,,0.00,0.00,0.00,0.00,,0.00,0.00,0.00,0.00,,0,0,0.00,0.00,0.00,0.00,0.00,0.00,0.00,0.00,0.00,0.00
Spain,ESP,20200107,0.00,,0.00,,0.00,,0.00,,0.00,,0.00,,0.00,,0.00,0.00,,0.00,0.00,0.00,0.00,,0.00,0.00,0.00,0.00,,0,0,0.00,0.00,0.00,0.00,0.00,0.00,0.00,0.00,0.00,0.00
Spain,ESP,20200108,0.00,,0.00,,0.00,,0.00,,0.00,,0.00,,0.00,,0.00,0.00,,0.00,0.00,0.00,0.00,,0.00,0.00,0.00,0.00,,0,0,0.00,0.00,0.00,0.00,0.00,0.00,0.00,0.00,0.00,0.00
Spain,ESP,20200109,0.00,,0.00,,0.00,,0.00,,0.00,,0.00,,0.00,,0.00,0.00,,0.00,0.00,0.00,0.00,,0.00,0.00,0.00,0.00,,0,0,0.00,0.00,0.00,0.00,0.00,0.00,0.00,0.00,0.00,0.00
Spain,ESP,20200110,0.00,,0.00,,0.00,,0.00,,0.00,,0.00,,0.00,,0.00,0.00,,0.00,0.00,0.00,0.00,,0.00,0.00,0.00,0.00,,0,0,0.00,0.00,0.00,0.00,0.00,0.00,0.00,0.00,0.00,0.00
Spain,ESP,20200111,0.00,,0.00,,0.00,,0.00,,0.00,,0.00,,0.00,,0.00,0.00,,0.00,0.00,0.00,0.00,,0.00,0.00,0.00,0.00,,0,0,0.00,0.00,0.00,0.00,0.00,0.00,0.00,0.00,0.00,0.00
Spain,ESP,20200112,0.00,,0.00,,0.00,,0.00,,0.00,,0.00,,0.00,,0.00,0.00,,0.00,0.00,0.00,0.00,,0.00,0.00,0.00,0.00,,0,0,0.00,0.00,0.00,0.00,0.00,0.00,0.00,0.00,0.00,0.00
Spain,ESP,20200113,0.00,,0.00,,0.00,,0.00,,0.00,,0.00,,0.00,,0.00,0.00,,0.00,0.00,0.00,0.00,,0.00,0.00,0.00,0.00,,0,0,0.00,0.00,0.00,0.00,0.00,0.00,0.00,0.00,0.00,0.00
Spain,ESP,20200114,0.00,,0.00,,0.00,,0.00,,0.00,,0.00,,0.00,,0.00,0.00,,0.00,0.00,0.00,0.00,,0.00,0.00,0.00,0.00,,0,0,0.00,0.00,0.00,0.00,0.00,0.00,0.00,0.00,0.00,0.00
Spain,ESP,20200115,0.00,,0.00,,0.00,,0.00,,0.00,,0.00,,0.00,,0.00,0.00,,0.00,0.00,0.00,0.00,,0.00,0.00,0.00,0.00,,0,0,0.00,0.00,0.00,0.00,0.00,0.00,0.00,0.00,0.00,0.00
Spain,ESP,20200116,0.00,,0.00,,0.00,,0.00,,0.00,,0.00,,0.00,,0.00,0.00,,0.00,0.00,0.00,0.00,,0.00,0.00,0.00,0.00,,0,0,0.00,0.00,0.00,0.00,0.00,0.00,0.00,0.00,0.00,0.00
Spain,ESP,20200117,0.00,,0.00,,0.00,,0.00,,0.00,,0.00,,0.00,,0.00,0.00,,0.00,0.00,0.00,0.00,,0.00,0.00,0.00,0.00,,0,0,0.00,0.00,0.00,0.00,0.00,0.00,0.00,0.00,0.00,0.00
Spain,ESP,20200118,0.00,,0.00,,0.00,,0.00,,0.00,,0.00,,0.00,,0.00,0.00,,0.00,0.00,0.00,0.00,,0.00,0.00,0.00,0.00,,0,0,0.00,0.00,0.00,0.00,0.00,0.00,0.00,0.00,0.00,0.00
Spain,ESP,20200119,0.00,,0.00,,0.00,,0.00,,0.00,,0.00,,0.00,,0.00,0.00,,0.00,0.00,0.00,0.00,,0.00,0.00,0.00,0.00,,0,0,0.00,0.00,0.00,0.00,0.00,0.00,0.00,0.00,0.00,0.00
Spain,ESP,20200120,0.00,,0.00,,0.00,,0.00,,0.00,,0.00,,0.00,,0.00,0.00,,0.00,0.00,0.00,0.00,,0.00,0.00,0.00,0.00,,0,0,0.00,0.00,0.00,0.00,0.00,0.00,0.00,0.00,0.00,0.00
Spain,ESP,20200121,0.00,,0.00,,0.00,,0.00,,0.00,,0.00,,0.00,,0.00,0.00,,0.00,0.00,0.00,0.00,,0.00,0.00,0.00,0.00,,0,0,0.00,0.00,0.00,0.00,0.00,0.00,0.00,0.00,0.00,0.00
Spain,ESP,20200122,0.00,,0.00,,0.00,,0.00,,0.00,,0.00,,0.00,,0.00,0.00,,0.00,0.00,0.00,0.00,,0.00,0.00,0.00,0.00,,0,0,0.00,0.00,0.00,0.00,0.00,0.00,0.00,0.00,0.00,0.00
Spain,ESP,20200123,0.00,,0.00,,0.00,,0.00,,0.00,,0.00,,0.00,,0.00,0.00,,0.00,0.00,0.00,0.00,,0.00,0.00,0.00,0.00,,0,0,0.00,0.00,0.00,0.00,0.00,0.00,0.00,0.00,0.00,0.00
Spain,ESP,20200124,0.00,,0.00,,0.00,,0.00,,0.00,,0.00,,0.00,,0.00,0.00,,0.00,0.00,0.00,0.00,,1.00,0.00,0.00,0.00,,0,0,0.00,0.00,0.00,0.00,2.56,2.56,3.03,3.03,0.00,0.00
Spain,ESP,20200125,0.00,,0.00,,0.00,,0.00,,0.00,,0.00,,0.00,,0.00,0.00,,0.00,0.00,0.00,0.00,,1.00,0.00,0.00,0.00,,0,0,0.00,0.00,0.00,0.00,2.56,2.56,3.03,3.03,0.00,0.00
Spain,ESP,20200126,0.00,,0.00,,0.00,,0.00,,0.00,,0.00,,0.00,,0.00,0.00,,0.00,0.00,0.00,0.00,,1.00,0.00,0.00,0.00,,0,0,0.00,0.00,0.00,0.00,2.56,2.56,3.03,3.03,0.00,0.00
Spain,ESP,20200127,0.00,,0.00,,0.00,,0.00,,0.00,,0.00,,0.00,,0.00,0.00,,0.00,0.00,0.00,0.00,,1.00,0.00,0.00,0.00,,0,0,0.00,0.00,0.00,0.00,2.56,2.56,3.03,3.03,0.00,0.00
Spain,ESP,20200128,0.00,,0.00,,0.00,,0.00,,0.00,,0.00,,0.00,,0.00,0.00,,0.00,0.00,0.00,0.00,,1.00,0.00,0.00,0.00,,0,0,0.00,0.00,0.00,0.00,2.56,2.56,3.03,3.03,0.00,0.00
Spain,ESP,20200129,0.00,,0.00,,0.00,,0.00,,0.00,,0.00,,0.00,,0.00,0.00,,0.00,0.00,0.00,0.00,,1.00,0.00,0.00,0.00,,0,0,0.00,0.00,0.00,0.00,2.56,2.56,3.03,3.03,0.00,0.00
Spain,ESP,20200130,0.00,,0.00,,0.00,,0.00,,0.00,,0.00,,0.00,,0.00,0.00,,0.00,0.00,0.00,0.00,,1.00,0.00,0.00,0.00,,0,0,0.00,0.00,0.00,0.00,2.56,2.56,3.03,3.03,0.00,0.00
Spain,ESP,20200131,0.00,,0.00,,0.00,,0.00,,0.00,,0.00,,0.00,,0.00,0.00,,0.00,0.00,0.00,2.00,1,1.00,2.00,0.00,246961.00,,0,0,11.11,11.11,14.29,14.29,17.95,17.95,21.21,21.21,0.00,0.00
Spain,ESP,20200201,0.00,,0.00,,0.00,,0.00,,0.00,,0.00,,0.00,,0.00,0.00,,0.00,0.00,0.00,2.00,1,1.00,2.00,0.00,0.00,,1,0,11.11,11.11,14.29,14.29,17.95,17.95,21.21,21.21,0.00,0.00
Spain,ESP,20200202,0.00,,0.00,,0.00,,0.00,,0.00,,0.00,,0.00,,0.00,0.00,,0.00,0.00,0.00,2.00,1,1.00,2.00,0.00,0.00,,1,0,11.11,11.11,14.29,14.29,17.95,17.95,21.21,21.21,0.00,0.00
Spain,ESP,20200203,0.00,,0.00,,0.00,,0.00,,0.00,,0.00,,0.00,,0.00,0.00,,0.00,0.00,0.00,2.00,1,1.00,2.00,0.00,0.00,,1,0,11.11,11.11,14.29,14.29,17.95,17.95,21.21,21.21,0.00,0.00
Spain,ESP,20200204,0.00,,0.00,,0.00,,0.00,,0.00,,0.00,,0.00,,0.00,0.00,,0.00,0.00,0.00,2.00,1,1.00,2.00,0.00,0.00,,1,0,11.11,11.11,14.29,14.29,17.95,17.95,21.21,21.21,0.00,0.00
Spain,ESP,20200205,0.00,,0.00,,0.00,,0.00,,0.00,,0.00,,0.00,,0.00,0.00,,0.00,0.00,0.00,2.00,1,1.00,2.00,0.00,0.00,,1,0,11.11,11.11,14.29,14.29,17.95,17.95,21.21,21.21,0.00,0.00
Spain,ESP,20200206,0.00,,0.00,,0.00,,0.00,,0.00,,0.00,,0.00,,0.00,0.00,,0.00,0.00,0.00,2.00,1,1.00,2.00,0.00,0.00,,1,0,11.11,11.11,14.29,14.29,17.95,17.95,21.21,21.21,0.00,0.00
Spain,ESP,20200207,0.00,,0.00,,0.00,,0.00,,0.00,,0.00,,0.00,,0.00,0.00,,0.00,0.00,0.00,2.00,1,1.00,2.00,0.00,0.00,,1,0,11.11,11.11,14.29,14.29,17.95,17.95,21.21,21.21,0.00,0.00
Spain,ESP,20200208,0.00,,0.00,,0.00,,0.00,,0.00,,0.00,,0.00,,0.00,0.00,,0.00,0.00,0.00,2.00,1,1.00,2.00,0.00,0.00,,1,0,11.11,11.11,14.29,14.29,17.95,17.95,21.21,21.21,0.00,0.00
Spain,ESP,20200209,0.00,,0.00,,0.00,,0.00,,0.00,,0.00,,0.00,,0.00,0.00,,0.00,0.00,0.00,2.00,1,1.00,2.00,0.00,0.00,,1,0,11.11,11.11,14.29,14.29,17.95,17.95,21.21,21.21,0.00,0.00
Spain,ESP,20200210,0.00,,0.00,,0.00,,0.00,,0.00,,0.00,,0.00,,0.00,0.00,,0.00,0.00,0.00,2.00,1,1.00,2.00,0.00,0.00,,2,0,11.11,11.11,14.29,14.29,17.95,17.95,21.21,21.21,0.00,0.00
Spain,ESP,20200211,0.00,,0.00,,0.00,,0.00,,0.00,,0.00,,0.00,,0.00,0.00,,0.00,0.00,0.00,2.00,1,1.00,2.00,0.00,0.00,,2,0,11.11,11.11,14.29,14.29,17.95,17.95,21.21,21.21,0.00,0.00
Spain,ESP,20200212,0.00,,0.00,,0.00,,0.00,,0.00,,0.00,,0.00,,0.00,0.00,,0.00,0.00,0.00,2.00,1,1.00,2.00,0.00,0.00,,2,0,11.11,11.11,14.29,14.29,17.95,17.95,21.21,21.21,0.00,0.00
Spain,ESP,20200213,0.00,,0.00,,0.00,,0.00,,0.00,,0.00,,0.00,,0.00,0.00,,0.00,0.00,0.00,2.00,1,1.00,2.00,0.00,0.00,,2,0,11.11,11.11,14.29,14.29,17.95,17.95,21.21,21.21,0.00,0.00
Spain,ESP,20200214,0.00,,0.00,,0.00,,0.00,,0.00,,0.00,,0.00,,0.00,0.00,,0.00,0.00,0.00,2.00,1,1.00,2.00,0.00,0.00,,2,0,11.11,11.11,14.29,14.29,17.95,17.95,21.21,21.21,0.00,0.00
Spain,ESP,20200215,0.00,,0.00,,0.00,,0.00,,0.00,,0.00,,0.00,,0.00,0.00,,0.00,0.00,0.00,2.00,1,1.00,2.00,0.00,0.00,,2,0,11.11,11.11,14.29,14.29,17.95,17.95,21.21,21.21,0.00,0.00
Spain,ESP,20200216,0.00,,0.00,,0.00,,0.00,,0.00,,0.00,,0.00,,0.00,0.00,,0.00,0.00,0.00,2.00,1,1.00,2.00,0.00,0.00,,2,0,11.11,11.11,14.29,14.29,17.95,17.95,21.21,21.21,0.00,0.00
Spain,ESP,20200217,0.00,,0.00,,0.00,,0.00,,0.00,,0.00,,0.00,,0.00,0.00,,0.00,0.00,0.00,2.00,1,1.00,2.00,0.00,0.00,,2,0,11.11,11.11,14.29,14.29,17.95,17.95,21.21,21.21,0.00,0.00
Spain,ESP,20200218,0.00,,0.00,,0.00,,0.00,,0.00,,0.00,,0.00,,0.00,0.00,,0.00,0.00,0.00,2.00,1,1.00,2.00,0.00,0.00,,2,0,11.11,11.11,14.29,14.29,17.95,17.95,21.21,21.21,0.00,0.00
Spain,ESP,20200219,0.00,,0.00,,0.00,,0.00,,0.00,,0.00,,0.00,,0.00,0.00,,0.00,0.00,0.00,2.00,1,1.00,2.00,0.00,0.00,,2,0,11.11,11.11,14.29,14.29,17.95,17.95,21.21,21.21,0.00,0.00
Spain,ESP,20200220,0.00,,0.00,,0.00,,0.00,,0.00,,0.00,,0.00,,0.00,0.00,,0.00,0.00,0.00,2.00,1,1.00,2.00,0.00,0.00,,2,0,11.11,11.11,14.29,14.29,17.95,17.95,21.21,21.21,0.00,0.00
Spain,ESP,20200221,0.00,,0.00,,0.00,,0.00,,0.00,,0.00,,0.00,,0.00,0.00,,0.00,0.00,0.00,2.00,1,1.00,2.00,0.00,0.00,,2,0,11.11,11.11,14.29,14.29,17.95,17.95,21.21,21.21,0.00,0.00
Spain,ESP,20200222,0.00,,0.00,,0.00,,0.00,,0.00,,0.00,,0.00,,0.00,0.00,,0.00,0.00,0.00,2.00,1,1.00,2.00,0.00,0.00,,2,0,11.11,11.11,14.29,14.29,17.95,17.95,21.21,21.21,0.00,0.00
Spain,ESP,20200223,0.00,,0.00,,0.00,,0.00,,0.00,,0.00,,0.00,,0.00,0.00,,0.00,0.00,0.00,2.00,1,1.00,2.00,0.00,0.00,,2,0,11.11,11.11,14.29,14.29,17.95,17.95,21.21,21.21,0.00,0.00
Spain,ESP,20200224,0.00,,0.00,,0.00,,0.00,,0.00,,0.00,,0.00,,0.00,0.00,,0.00,0.00,0.00,2.00,1,1.00,1.00,0.00,0.00,,2,0,11.11,11.11,14.29,14.29,14.10,14.10,16.67,16.67,0.00,0.00
Spain,ESP,20200225,0.00,,0.00,,0.00,,0.00,,0.00,,0.00,,0.00,,0.00,0.00,,0.00,0.00,0.00,2.00,1,1.00,1.00,0.00,0.00,,3,0,11.11,11.11,14.29,14.29,14.10,14.10,16.67,16.67,0.00,0.00
Spain,ESP,20200226,0.00,,0.00,,0.00,,0.00,,0.00,,0.00,,0.00,,0.00,0.00,,0.00,0.00,0.00,2.00,1,1.00,1.00,0.00,0.00,,9,0,11.11,11.11,14.29,14.29,14.10,14.10,16.67,16.67,0.00,0.00
Spain,ESP,20200227,0.00,,0.00,,0.00,,0.00,,0.00,,0.00,,0.00,,0.00,0.00,,0.00,0.00,0.00,2.00,1,1.00,1.00,0.00,0.00,,17,0,11.11,11.11,14.29,14.29,14.10,14.10,16.67,16.67,0.00,0.00
Spain,ESP,20200228,0.00,,0.00,,0.00,,0.00,,0.00,,0.00,,0.00,,0.00,0.00,,0.00,0.00,0.00,2.00,1,1.00,1.00,0.00,0.00,,35,0,11.11,11.11,14.29,14.29,14.10,14.10,16.67,16.67,0.00,0.00
Spain,ESP,20200229,0.00,,0.00,,0.00,,0.00,,0.00,,0.00,,0.00,,0.00,0.00,,0.00,0.00,0.00,2.00,1,1.00,1.00,0.00,0.00,,54,0,11.11,11.11,14.29,14.29,14.10,14.10,16.67,16.67,0.00,0.00
Spain,ESP,20200301,0.00,,0.00,,0.00,,0.00,,0.00,,0.00,,0.00,,0.00,0.00,,0.00,0.00,0.00,2.00,1,1.00,1.00,0.00,0.00,,82,0,11.11,11.11,14.29,14.29,14.10,14.10,16.67,16.67,0.00,0.00
Spain,ESP,20200302,0.00,,0.00,,0.00,,0.00,,0.00,,0.00,,0.00,,0.00,0.00,,0.00,0.00,0.00,2.00,1,1.00,1.00,0.00,0.00,,136,0,11.11,11.11,14.29,14.29,14.10,14.10,16.67,16.67,0.00,0.00
Spain,ESP,20200303,0.00,,0.00,,0.00,,0.00,,0.00,,0.00,,0.00,,0.00,0.00,,0.00,0.00,0.00,2.00,1,1.00,1.00,0.00,0.00,,192,0,11.11,11.11,14.29,14.29,14.10,14.10,16.67,16.67,0.00,0.00
Spain,ESP,20200304,0.00,,0.00,,0.00,,0.00,,0.00,,0.00,,0.00,,0.00,0.00,,0.00,0.00,0.00,2.00,1,1.00,1.00,0.00,0.00,,267,0,11.11,11.11,14.29,14.29,14.10,14.10,16.67,16.67,0.00,0.00
Spain,ESP,20200305,0.00,,0.00,,0.00,,0.00,,0.00,,0.00,,0.00,,0.00,0.00,,0.00,0.00,0.00,2.00,1,1.00,1.00,0.00,0.00,,348,1,11.11,11.11,14.29,14.29,14.10,14.10,16.67,16.67,0.00,0.00
Spain,ESP,20200306,0.00,,0.00,,0.00,,0.00,,0.00,,0.00,,0.00,,0.00,0.00,,0.00,0.00,0.00,2.00,1,1.00,1.00,0.00,0.00,,531,3,11.11,11.11,14.29,14.29,14.10,14.10,16.67,16.67,0.00,0.00
Spain,ESP,20200307,0.00,,0.00,,0.00,,0.00,,0.00,,0.00,,0.00,,0.00,0.00,,0.00,0.00,0.00,2.00,1,1.00,1.00,0.00,0.00,,764,5,11.11,11.11,14.29,14.29,14.10,14.10,16.67,16.67,0.00,0.00
Spain,ESP,20200308,0.00,,0.00,,0.00,,0.00,,0.00,,0.00,,0.00,,0.00,0.00,,0.00,0.00,0.00,2.00,1,1.00,1.00,0.00,0.00,,1094,5,11.11,11.11,14.29,14.29,14.10,14.10,16.67,16.67,0.00,0.00
Spain,ESP,20200309,3.00,0,1.00,0,0.00,,0.00,,0.00,,0.00,,1.00,0,0.00,0.00,,0.00,0.00,0.00,2.00,1,1.00,1.00,0.00,0.00,,1527,5,25.00,25.00,33.33,33.33,23.72,23.72,28.03,28.03,0.00,0.00
Spain,ESP,20200310,3.00,0,1.00,0,2.00,1,1.00,0,0.00,,0.00,,1.00,0,3.00,0.00,,0.00,0.00,0.00,2.00,1,1.00,1.00,0.00,0.00,,2299,28,45.83,45.83,58.33,58.33,38.14,38.14,45.08,45.08,0.00,0.00
Spain,ESP,20200311,3.00,0,1.00,0,2.00,1,1.00,0,0.00,,0.00,,1.00,0,3.00,0.00,,0.00,0.00,0.00,2.00,1,1.00,1.00,0.00,0.00,,3274,35,45.83,45.83,58.33,58.33,38.14,38.14,45.08,45.08,0.00,0.00
Spain,ESP,20200312,3.00,0,1.00,0,2.00,1,1.00,0,0.00,,0.00,,1.00,0,3.00,0.00,,0.00,15999493380.00,0.00,2.00,1,1.00,1.00,4213310800.00,0.00,,4427,47,45.83,45.83,58.33,58.33,38.14,38.14,45.08,45.08,0.00,0.00
Spain,ESP,20200313,3.00,0,1.00,0,2.00,1,1.00,0,0.00,,0.00,,1.00,0,3.00,0.00,,0.00,0.00,0.00,2.00,1,1.00,1.00,0.00,0.00,,5958,84,45.83,45.83,58.33,58.33,38.14,38.14,45.08,45.08,0.00,0.00
Spain,ESP,20200314,3.00,0,2.00,1,2.00,1,1.00,0,1.00,1,2.00,1,1.00,1,3.00,0.00,,0.00,0.00,0.00,2.00,1,1.00,1.00,0.00,0.00,,7641,121,67.13,67.13,80.95,80.95,52.88,52.88,62.50,62.50,0.00,0.00
Spain,ESP,20200315,3.00,0,2.00,1,2.00,1,1.00,0,1.00,1,2.00,1,1.00,1,3.00,0.00,,0.00,0.00,0.00,2.00,1,1.00,1.00,0.00,0.00,,9785,136,67.13,67.13,80.95,80.95,52.88,52.88,62.50,62.50,0.00,0.00
Spain,ESP,20200316,3.00,1,2.00,1,2.00,1,1.00,0,1.00,1,2.00,1,1.00,1,3.00,0.00,,0.00,0.00,0.00,2.00,1,1.00,1.00,0.00,0.00,,11491,288,68.98,68.98,84.52,84.52,54.17,54.17,64.02,64.02,0.00,0.00
Spain,ESP,20200317,3.00,1,2.00,1,2.00,1,1.00,0,1.00,1,2.00,1,1.00,1,4.00,0.00,,1.00,238509566500.00,0.00,2.00,1,1.00,1.00,0.00,26342520.00,,13994,309,71.76,71.76,88.10,88.10,59.94,59.94,66.29,66.29,25.00,25.00
Spain,ESP,20200318,3.00,1,2.00,1,2.00,1,1.00,0,1.00,1,2.00,1,1.00,1,4.00,2.00,0,1.00,0.00,0.00,2.00,1,1.00,1.00,0.00,0.00,,17688,491,71.76,71.76,88.10,88.10,65.71,65.71,66.29,66.29,62.50,62.50
Spain,ESP,20200319,3.00,1,2.00,1,2.00,1,1.00,0,1.00,1,2.00,1,1.00,1,4.00,2.00,0,1.00,0.00,0.00,2.00,1,1.00,1.00,0.00,0.00,,21735,598,71.76,71.76,88.10,88.10,65.71,65.71,66.29,66.29,62.50,62.50
Spain,ESP,20200320,3.00,1,2.00,1,2.00,1,1.00,0,1.00,1,2.00,1,1.00,1,4.00,2.00,0,1.00,0.00,0.00,2.00,1,1.00,1.00,0.00,0.00,,26304,767,71.76,71.76,88.10,88.10,65.71,65.71,66.29,66.29,62.50,62.50
Spain,ESP,20200321,3.00,1,2.00,1,2.00,1,1.00,0,1.00,1,2.00,1,1.00,1,4.00,2.00,0,1.00,0.00,0.00,2.00,1,1.00,1.00,0.00,0.00,,31750,1002,71.76,71.76,88.10,88.10,65.71,65.71,66.29,66.29,62.50,62.50
Spain,ESP,20200322,3.00,1,2.00,1,2.00,1,1.00,0,1.00,1,2.00,1,1.00,1,4.00,2.00,0,1.00,0.00,0.00,2.00,1,1.00,1.00,0.00,0.00,,36616,1326,71.76,71.76,88.10,88.10,65.71,65.71,66.29,66.29,62.50,62.50
Spain,ESP,20200323,3.00,1,2.00,1,2.00,1,1.00,0,1.00,1,2.00,1,1.00,1,4.00,2.00,0,1.00,0.00,0.00,2.00,1,1.00,1.00,0.00,0.00,,41262,1720,71.76,71.76,88.10,88.10,65.71,65.71,66.29,66.29,62.50,62.50
Spain,ESP,20200324,3.00,1,2.00,1,2.00,1,1.00,0,1.00,1,2.00,1,1.00,1,4.00,2.00,0,1.00,0.00,0.00,2.00,1,1.00,1.00,0.00,0.00,,48953,2182,71.76,71.76,88.10,88.10,65.71,65.71,66.29,66.29,62.50,62.50
Spain,ESP,20200325,3.00,1,2.00,1,2.00,1,1.00,0,1.00,1,2.00,1,1.00,1,4.00,2.00,0,1.00,0.00,0.00,2.00,1,1.00,1.00,0.00,0.00,,57506,2696,71.76,71.76,88.10,88.10,65.71,65.71,66.29,66.29,62.50,62.50
Spain,ESP,20200326,3.00,1,2.00,1,2.00,1,1.00,0,1.00,1,2.00,1,1.00,1,4.00,2.00,0,1.00,0.00,0.00,2.00,1,1.00,1.00,0.00,0.00,,66460,3434,71.76,71.76,88.10,88.10,65.71,65.71,66.29,66.29,62.50,62.50
Spain,ESP,20200327,3.00,1,2.00,1,2.00,1,1.00,0,1.00,1,2.00,1,1.00,1,4.00,2.00,0,1.00,0.00,0.00,2.00,1,1.00,1.00,0.00,0.00,,75641,4089,71.76,71.76,88.10,88.10,65.71,65.71,66.29,66.29,62.50,62.50
Spain,ESP,20200328,3.00,1,2.00,1,2.00,1,1.00,0,1.00,1,2.00,1,1.00,1,4.00,2.00,0,1.00,0.00,0.00,2.00,1,1.00,1.00,0.00,0.00,,83885,4858,71.76,71.76,88.10,88.10,65.71,65.71,66.29,66.29,62.50,62.50
Spain,ESP,20200329,3.00,1,2.00,1,2.00,1,1.00,0,1.00,1,2.00,1,1.00,1,4.00,2.00,0,1.00,0.00,0.00,2.00,1,1.00,1.00,0.00,0.00,,90309,5690,71.76,71.76,88.10,88.10,65.71,65.71,66.29,66.29,62.50,62.50
Spain,ESP,20200330,3.00,1,3.00,1,2.00,1,4.00,1,1.00,1,2.00,1,1.00,1,4.00,2.00,0,1.00,0.00,0.00,2.00,1,1.00,1.00,0.00,0.00,,96122,6528,85.19,85.19,91.67,91.67,75.00,75.00,77.27,77.27,62.50,62.50
Spain,ESP,20200331,3.00,1,3.00,1,2.00,1,4.00,1,1.00,1,2.00,1,1.00,1,4.00,2.00,0,2.00,0.00,0.00,2.00,1,1.00,1.00,0.00,0.00,,104267,7340,85.19,85.19,91.67,91.67,78.85,78.85,77.27,77.27,87.50,87.50
Spain,ESP,20200401,3.00,1,3.00,1,2.00,1,4.00,1,1.00,1,2.00,1,1.00,1,4.00,2.00,0,2.00,0.00,0.00,2.00,1,1.00,1.00,0.00,0.00,,111680,8189,85.19,85.19,91.67,91.67,78.85,78.85,77.27,77.27,87.50,87.50
Spain,ESP,20200402,3.00,1,3.00,1,2.00,1,4.00,1,1.00,1,2.00,1,1.00,1,4.00,2.00,0,2.00,0.00,0.00,2.00,1,1.00,1.00,0.00,0.00,,119263,9053,85.19,85.19,91.67,91.67,78.85,78.85,77.27,77.27,87.50,87.50
Spain,ESP,20200403,3.00,1,3.00,1,2.00,1,4.00,1,1.00,1,2.00,1,1.00,1,4.00,2.00,0,2.00,0.00,0.00,2.00,1,1.00,1.00,0.00,0.00,,126535,10003,85.19,85.19,91.67,91.67,78.85,78.85,77.27,77.27,87.50,87.50
Spain,ESP,20200404,3.00,1,3.00,1,2.00,1,4.00,1,1.00,1,2.00,1,1.00,1,4.00,2.00,0,2.00,0.00,0.00,2.00,1,1.00,1.00,0.00,0.00,,133198,10935,85.19,85.19,91.67,91.67,78.85,78.85,77.27,77.27,87.50,87.50
Spain,ESP,20200405,3.00,1,3.00,1,2.00,1,4.00,1,1.00,1,2.00,1,1.00,1,4.00,2.00,0,2.00,0.00,0.00,2.00,1,2.00,1.00,0.00,0.00,,138731,11744,85.19,85.19,91.67,91.67,81.41,81.41,80.30,80.30,87.50,87.50
Spain,ESP,20200406,3.00,1,3.00,1,2.00,1,4.00,1,1.00,1,2.00,1,1.00,1,4.00,2.00,0,2.00,0.00,0.00,2.00,1,2.00,1.00,0.00,0.00,,142398,12418,85.19,85.19,91.67,91.67,81.41,81.41,80.30,80.30,87.50,87.50
Spain,ESP,20200407,3.00,1,3.00,1,2.00,1,4.00,1,1.00,1,2.00,1,1.00,1,4.00,2.00,0,2.00,0.00,0.00,2.00,1,2.00,1.00,0.00,0.00,,147607,13055,85.19,85.19,91.67,91.67,81.41,81.41,80.30,80.30,87.50,87.50
Spain,ESP,20200408,3.00,1,3.00,1,2.00,1,4.00,1,1.00,1,2.00,1,1.00,1,4.00,2.00,0,2.00,0.00,0.00,2.00,1,2.00,1.00,0.00,0.00,,153190,13798,85.19,85.19,91.67,91.67,81.41,81.41,80.30,80.30,87.50,87.50
Spain,ESP,20200409,3.00,1,3.00,1,2.00,1,4.00,1,1.00,1,2.00,1,1.00,1,4.00,2.00,0,2.00,0.00,0.00,2.00,1,2.00,1.00,0.00,0.00,,158935,14555,85.19,85.19,91.67,91.67,81.41,81.41,80.30,80.30,87.50,87.50
Spain,ESP,20200410,3.00,1,3.00,1,2.00,1,4.00,1,1.00,1,2.00,1,1.00,1,4.00,2.00,0,2.00,0.00,0.00,2.00,1,2.00,1.00,0.00,0.00,,163472,15238,85.19,85.19,91.67,91.67,81.41,81.41,80.30,80.30,87.50,87.50
Spain,ESP,20200411,3.00,1,3.00,1,2.00,1,4.00,1,1.00,1,2.00,1,1.00,1,4.00,2.00,0,2.00,0.00,0.00,2.00,1,1.00,1.00,0.00,0.00,,168022,15843,85.19,85.19,91.67,91.67,78.85,78.85,77.27,77.27,87.50,87.50
Spain,ESP,20200412,3.00,1,3.00,1,2.00,1,4.00,1,1.00,1,2.00,1,1.00,1,4.00,2.00,0,2.00,0.00,0.00,2.00,1,1.00,1.00,0.00,0.00,,171921,16353,85.19,85.19,91.67,91.67,78.85,78.85,77.27,77.27,87.50,87.50
Spain,ESP,20200413,3.00,1,3.00,1,2.00,1,4.00,1,1.00,1,2.00,1,1.00,1,4.00,2.00,0,2.00,0.00,0.00,2.00,1,1.00,1.00,179954.25,0.00,,174951,16972,85.19,85.19,91.67,91.67,78.85,78.85,77.27,77.27,87.50,87.50
Spain,ESP,20200414,3.00,1,3.00,1,2.00,1,4.00,1,1.00,1,2.00,1,1.00,1,4.00,2.00,0,2.00,0.00,0.00,2.00,1,1.00,1.00,0.00,0.00,,178067,17489,85.19,85.19,91.67,91.67,78.85,78.85,77.27,77.27,87.50,87.50
Spain,ESP,20200415,3.00,1,3.00,1,2.00,1,4.00,1,1.00,1,2.00,1,1.00,1,4.00,2.00,0,2.00,0.00,0.00,2.00,1,1.00,1.00,0.00,0.00,,182491,18276,85.19,85.19,91.67,91.67,78.85,78.85,77.27,77.27,87.50,87.50
Spain,ESP,20200416,3.00,1,3.00,1,2.00,1,4.00,1,1.00,1,2.00,1,1.00,1,4.00,2.00,0,2.00,0.00,0.00,2.00,1,1.00,1.00,0.00,0.00,,186311,18893,85.19,85.19,91.67,91.67,78.85,78.85,77.27,77.27,87.50,87.50
Spain,ESP,20200417,3.00,1,3.00,1,2.00,1,4.00,1,1.00,1,2.00,1,1.00,1,4.00,2.00,0,2.00,0.00,0.00,2.00,1,1.00,1.00,0.00,0.00,,190129,19478,85.19,85.19,91.67,91.67,78.85,78.85,77.27,77.27,87.50,87.50
Spain,ESP,20200418,3.00,1,3.00,1,2.00,1,4.00,1,1.00,1,2.00,1,1.00,1,4.00,2.00,0,2.00,0.00,0.00,2.00,1,1.00,1.00,0.00,0.00,,193965,20043,85.19,85.19,91.67,91.67,78.85,78.85,77.27,77.27,87.50,87.50
Spain,ESP,20200419,3.00,1,3.00,1,2.00,1,4.00,1,1.00,1,2.00,1,1.00,1,4.00,2.00,0,2.00,0.00,0.00,2.00,1,1.00,1.00,0.00,0.00,,193252,20453,85.19,85.19,91.67,91.67,78.85,78.85,77.27,77.27,87.50,87.50
Spain,ESP,20200420,3.00,1,3.00,1,2.00,1,4.00,1,1.00,1,2.00,1,1.00,1,4.00,2.00,0,2.00,0.00,0.00,2.00,1,1.00,1.00,0.00,0.00,,195470,20852,85.19,85.19,91.67,91.67,78.85,78.85,77.27,77.27,87.50,87.50
Spain,ESP,20200421,3.00,1,3.00,1,2.00,1,4.00,1,1.00,1,2.00,1,1.00,1,4.00,2.00,0,2.00,0.00,0.00,2.00,1,1.00,1.00,0.00,0.00,,198421,21282,85.19,85.19,91.67,91.67,78.85,78.85,77.27,77.27,87.50,87.50
Spain,ESP,20200422,3.00,1,3.00,1,2.00,1,4.00,1,1.00,1,2.00,1,1.00,1,4.00,2.00,0,2.00,0.00,0.00,2.00,1,1.00,1.00,0.00,0.00,,200733,21717,85.19,85.19,91.67,91.67,78.85,78.85,77.27,77.27,87.50,87.50
Spain,ESP,20200423,3.00,1,3.00,1,2.00,1,4.00,1,1.00,1,2.00,1,1.00,1,4.00,2.00,0,2.00,0.00,0.00,2.00,1,1.00,1.00,0.00,0.00,,203649,22157,85.19,85.19,91.67,91.67,78.85,78.85,77.27,77.27,87.50,87.50
Spain,ESP,20200424,3.00,1,3.00,1,2.00,1,4.00,1,1.00,1,2.00,1,1.00,1,4.00,2.00,0,2.00,0.00,0.00,2.00,1,1.00,1.00,0.00,0.00,,205763,22524,85.19,85.19,91.67,91.67,78.85,78.85,77.27,77.27,87.50,87.50
Spain,ESP,20200425,3.00,1,3.00,1,2.00,1,4.00,1,1.00,1,2.00,1,1.00,1,4.00,2.00,0,2.00,0.00,0.00,2.00,1,1.00,1.00,0.00,0.00,,208269,22902,85.19,85.19,91.67,91.67,78.85,78.85,77.27,77.27,87.50,87.50
Spain,ESP,20200426,3.00,1,3.00,1,2.00,1,4.00,1,1.00,1,2.00,1,1.00,1,4.00,2.00,0,2.00,0.00,0.00,2.00,1,1.00,1.00,0.00,0.00,,209910,23190,85.19,85.19,91.67,91.67,78.85,78.85,77.27,77.27,87.50,87.50
Spain,ESP,20200427,3.00,1,3.00,1,2.00,1,4.00,1,1.00,1,2.00,1,1.00,1,4.00,2.00,0,2.00,0.00,0.00,2.00,1,1.00,1.00,0.00,0.00,,211570,23190,85.19,85.19,91.67,91.67,78.85,78.85,77.27,77.27,87.50,87.50
Spain,ESP,20200428,3.00,1,3.00,1,2.00,1,4.00,1,1.00,1,2.00,1,1.00,1,4.00,2.00,0,2.00,0.00,0.00,2.00,1,1.00,1.00,0.00,0.00,,213095,23822,85.19,85.19,91.67,91.67,78.85,78.85,77.27,77.27,87.50,87.50
Spain,ESP,20200429,3.00,1,3.00,1,2.00,1,4.00,1,1.00,1,2.00,1,1.00,1,4.00,2.00,0,2.00,0.00,0.00,2.00,1,1.00,1.00,0.00,0.00,,213942,24275,85.19,85.19,91.67,91.67,78.85,78.85,77.27,77.27,87.50,87.50
Spain,ESP,20200430,3.00,1,3.00,1,2.00,1,4.00,1,1.00,1,2.00,1,1.00,1,4.00,2.00,0,2.00,0.00,0.00,2.00,1,1.00,1.00,0.00,0.00,,215183,24543,85.19,85.19,91.67,91.67,78.85,78.85,77.27,77.27,87.50,87.50
Spain,ESP,20200501,3.00,1,3.00,1,2.00,1,4.00,1,1.00,1,2.00,1,1.00,1,4.00,2.00,0,2.00,0.00,0.00,2.00,1,1.00,1.00,0.00,0.00,,216570,24824,85.19,85.19,91.67,91.67,78.85,78.85,77.27,77.27,87.50,87.50
Spain,ESP,20200502,3.00,1,3.00,1,2.00,1,4.00,1,1.00,1,2.00,1,1.00,1,4.00,2.00,0,2.00,0.00,0.00,2.00,1,1.00,1.00,0.00,0.00,,217804,25100,85.19,85.19,91.67,91.67,78.85,78.85,77.27,77.27,87.50,87.50
Spain,ESP,20200503,3.00,1,3.00,1,2.00,1,4.00,1,1.00,1,2.00,1,1.00,1,4.00,2.00,0,2.00,0.00,0.00,2.00,1,1.00,1.00,0.00,0.00,,218739,25264,85.19,85.19,91.67,91.67,78.85,78.85,77.27,77.27,87.50,87.50
Spain,ESP,20200504,3.00,1,3.00,0,2.00,1,4.00,0,1.00,1,2.00,1,1.00,1,4.00,1.00,1,2.00,25742242.00,0.00,2.00,1,1.00,1.00,0.00,0.00,,219205,25428,81.94,81.94,88.10,88.10,74.68,74.68,74.62,74.62,75.00,75.00
Spain,ESP,20200505,3.00,1,3.00,0,2.00,1,4.00,0,1.00,1,2.00,1,1.00,1,4.00,1.00,1,2.00,0.00,0.00,2.00,1,1.00,1.00,0.00,0.00,,220244,25613,81.94,81.94,88.10,88.10,74.68,74.68,74.62,74.62,75.00,75.00
Spain,ESP,20200506,3.00,1,3.00,0,2.00,1,4.00,0,1.00,1,2.00,1,1.00,1,4.00,1.00,1,2.00,0.00,0.00,2.00,1,1.00,1.00,0.00,0.00,,221124,25857,81.94,81.94,88.10,88.10,74.68,74.68,74.62,74.62,75.00,75.00
Spain,ESP,20200507,3.00,1,3.00,0,2.00,1,4.00,0,1.00,1,2.00,1,1.00,1,4.00,1.00,1,2.00,0.00,0.00,2.00,1,1.00,1.00,0.00,0.00,,222045,26070,81.94,81.94,88.10,88.10,74.68,74.68,74.62,74.62,75.00,75.00
Spain,ESP,20200508,3.00,1,3.00,0,2.00,1,4.00,0,1.00,1,2.00,1,1.00,1,4.00,1.00,1,2.00,0.00,0.00,2.00,1,1.00,1.00,0.00,0.00,,223218,26251,81.94,81.94,88.10,88.10,74.68,74.68,74.62,74.62,75.00,75.00
Spain,ESP,20200509,3.00,1,3.00,0,2.00,1,4.00,0,1.00,1,2.00,1,1.00,1,4.00,1.00,1,2.00,0.00,0.00,2.00,1,1.00,1.00,0.00,0.00,,223961,26478,81.94,81.94,88.10,88.10,74.68,74.68,74.62,74.62,75.00,75.00
Spain,ESP,20200510,3.00,1,3.00,0,2.00,1,4.00,0,1.00,1,2.00,1,1.00,1,4.00,1.00,1,2.00,0.00,0.00,2.00,1,1.00,1.00,0.00,0.00,,227377,26621,81.94,81.94,88.10,88.10,74.68,74.68,74.62,74.62,75.00,75.00
Spain,ESP,20200511,3.00,1,3.00,0,2.00,1,4.00,0,1.00,1,2.00,1,1.00,1,4.00,2.00,0,2.00,0.00,0.00,2.00,1,1.00,1.00,0.00,0.00,,227770,26744,81.94,81.94,88.10,88.10,76.60,76.60,74.62,74.62,87.50,87.50
Spain,ESP,20200512,3.00,1,3.00,0,2.00,1,4.00,0,1.00,1,2.00,1,1.00,1,4.00,2.00,0,2.00,0.00,0.00,2.00,1,1.00,1.00,0.00,0.00,,228252,26920,81.94,81.94,88.10,88.10,76.60,76.60,74.62,74.62,87.50,87.50
Spain,ESP,20200513,3.00,1,3.00,0,2.00,1,4.00,1,1.00,1,2.00,1,1.00,1,4.00,2.00,0,2.00,0.00,0.00,2.00,1,2.00,1.00,0.00,0.00,,228691,27104,83.33,83.33,88.10,88.10,80.13,80.13,78.79,78.79,87.50,87.50
Spain,ESP,20200514,3.00,1,3.00,0,2.00,1,4.00,1,1.00,1,2.00,1,1.00,1,4.00,2.00,0,2.00,0.00,0.00,2.00,1,2.00,1.00,0.00,0.00,,229540,27321,83.33,83.33,88.10,88.10,80.13,80.13,78.79,78.79,87.50,87.50
Spain,ESP,20200515,3.00,1,3.00,0,2.00,1,4.00,1,1.00,1,2.00,1,1.00,1,4.00,2.00,0,2.00,0.00,0.00,2.00,1,2.00,1.00,0.00,0.00,,230183,27459,83.33,83.33,88.10,88.10,80.13,80.13,78.79,78.79,87.50,87.50
Spain,ESP,20200516,3.00,1,3.00,0,2.00,1,4.00,1,1.00,1,2.00,1,1.00,1,4.00,2.00,0,2.00,0.00,0.00,2.00,1,2.00,1.00,0.00,0.00,,230698,27563,83.33,83.33,88.10,88.10,80.13,80.13,78.79,78.79,87.50,87.50
Spain,ESP,20200517,3.00,1,3.00,0,2.00,0,4.00,0,1.00,1,2.00,1,1.00,1,4.00,2.00,0,2.00,0.00,0.00,2.00,1,2.00,1.00,0.00,0.00,,231350,27650,79.17,79.17,85.24,85.24,77.24,77.24,75.38,75.38,87.50,87.50
Spain,ESP,20200518,3.00,1,3.00,0,2.00,0,4.00,0,1.00,1,2.00,1,1.00,1,4.00,2.00,0,2.00,0.00,0.00,2.00,1,2.00,1.00,0.00,0.00,,231606,27709,79.17,79.17,85.24,85.24,77.24,77.24,75.38,75.38,87.50,87.50
Spain,ESP,20200519,3.00,1,3.00,0,2.00,0,4.00,0,1.00,1,2.00,1,1.00,1,4.00,2.00,0,2.00,0.00,0.00,2.00,1,2.00,1.00,0.00,0.00,,232037,27778,79.17,79.17,85.24,85.24,77.24,77.24,75.38,75.38,87.50,87.50
Spain,ESP,20200520,3.00,1,3.00,0,2.00,0,4.00,0,1.00,1,2.00,1,1.00,1,4.00,2.00,0,2.00,0.00,0.00,2.00,1,2.00,1.00,0.00,0.00,,232555,27888,79.17,79.17,85.24,85.24,77.24,77.24,75.38,75.38,87.50,87.50
Spain,ESP,20200521,3.00,1,3.00,0,2.00,0,4.00,0,1.00,1,2.00,1,1.00,1,4.00,2.00,0,2.00,0.00,0.00,2.00,1,2.00,1.00,0.00,0.00,,233037,27940,79.17,79.17,85.24,85.24,77.24,77.24,75.38,75.38,87.50,87.50
Spain,ESP,20200522,3.00,1,2.00,0,2.00,0,4.00,0,1.00,1,2.00,1,1.00,1,4.00,2.00,0,2.00,0.00,0.00,2.00,1,2.00,1.00,0.00,0.00,,234824,28628,75.46,75.46,81.67,81.67,74.68,74.68,72.35,72.35,87.50,87.50
Spain,ESP,20200523,3.00,1,2.00,0,2.00,0,4.00,0,1.00,1,2.00,1,1.00,1,4.00,2.00,0,2.00,0.00,0.00,2.00,1,2.00,1.00,0.00,0.00,,235290,28678,75.46,75.46,81.67,81.67,74.68,74.68,72.35,72.35,87.50,87.50
Spain,ESP,20200524,3.00,1,2.00,0,2.00,0,4.00,0,1.00,1,2.00,1,1.00,1,4.00,2.00,0,2.00,0.00,0.00,2.00,1,2.00,1.00,0.00,0.00,,235772,28752,75.46,75.46,81.67,81.67,74.68,74.68,72.35,72.35,87.50,87.50
Spain,ESP,20200525,3.00,1,2.00,0,2.00,0,4.00,0,1.00,1,2.00,1,1.00,1,4.00,2.00,0,2.00,0.00,0.00,2.00,1,2.00,1.00,0.00,0.00,,235400,26834,75.46,75.46,81.67,81.67,74.68,74.68,72.35,72.35,87.50,87.50
Spain,ESP,20200526,3.00,1,2.00,0,2.00,0,4.00,0,1.00,1,2.00,1,1.00,1,4.00,2.00,0,2.00,0.00,0.00,2.00,1,2.00,1.00,0.00,0.00,,236259,27117,75.46,75.46,81.67,81.67,74.68,74.68,72.35,72.35,87.50,87.50
Spain,ESP,20200527,3.00,1,2.00,0,2.00,0,4.00,0,1.00,1,1.00,1,1.00,1,4.00,2.00,0,2.00,0.00,0.00,2.00,1,2.00,1.00,0.00,0.00,,236769,27118,71.76,71.76,80.48,80.48,72.12,72.12,69.32,69.32,87.50,87.50
Spain,ESP,20200528,3.00,1,2.00,0,2.00,0,4.00,0,1.00,1,1.00,1,1.00,1,4.00,2.00,0,2.00,0.00,0.00,2.00,1,2.00,1.00,0.00,0.00,,237906,27119,71.76,71.76,80.48,80.48,72.12,72.12,69.32,69.32,87.50,87.50
Spain,ESP,20200529,3.00,1,2.00,0,2.00,0,4.00,0,1.00,1,1.00,1,1.00,1,4.00,2.00,0,2.00,0.00,0.00,2.00,1,2.00,1.00,0.00,0.00,,238564,27121,71.76,71.76,80.48,80.48,72.12,72.12,69.32,69.32,87.50,87.50
Spain,ESP,20200530,3.00,1,2.00,0,2.00,0,4.00,0,1.00,1,1.00,1,1.00,1,4.00,2.00,0,2.00,0.00,0.00,2.00,1,2.00,1.00,0.00,0.00,,239228,27125,71.76,71.76,80.48,80.48,72.12,72.12,69.32,69.32,87.50,87.50
Spain,ESP,20200531,3.00,1,2.00,0,2.00,0,4.00,0,1.00,1,1.00,1,1.00,1,4.00,2.00,0,2.00,0.00,0.00,2.00,1,2.00,1.00,0.00,0.00,,239429,27127,71.76,71.76,80.48,80.48,72.12,72.12,69.32,69.32,87.50,87.50
Spain,ESP,20200601,3.00,1,2.00,0,2.00,0,3.00,1,1.00,1,1.00,1,1.00,1,4.00,2.00,0,2.00,0.00,0.00,2.00,1,2.00,1.00,0.00,0.00,,239638,27127,70.37,70.37,80.48,80.48,71.15,71.15,68.18,68.18,87.50,87.50
Spain,ESP,20200602,3.00,1,2.00,0,2.00,0,3.00,1,1.00,1,1.00,1,1.00,1,4.00,2.00,0,2.00,0.00,0.00,2.00,1,2.00,1.00,0.00,0.00,,239932,27127,70.37,70.37,80.48,80.48,71.15,71.15,68.18,68.18,87.50,87.50
Spain,ESP,20200603,3.00,1,2.00,0,2.00,0,3.00,1,1.00,1,1.00,1,1.00,1,4.00,2.00,0,2.00,0.00,0.00,2.00,1,2.00,1.00,0.00,0.00,,240326,27128,70.37,70.37,80.48,80.48,71.15,71.15,68.18,68.18,87.50,87.50
Spain,ESP,20200604,3.00,1,2.00,0,2.00,0,3.00,1,1.00,1,1.00,1,1.00,1,4.00,2.00,0,2.00,0.00,0.00,2.00,1,2.00,1.00,0.00,0.00,,240660,27133,70.37,70.37,80.48,80.48,71.15,71.15,68.18,68.18,87.50,87.50
Spain,ESP,20200605,3.00,1,2.00,0,2.00,0,3.00,1,1.00,1,1.00,1,1.00,1,4.00,2.00,0,2.00,0.00,0.00,2.00,1,2.00,1.00,0.00,0.00,,240978,27134,70.37,70.37,80.48,80.48,71.15,71.15,68.18,68.18,87.50,87.50
Spain,ESP,20200606,3.00,1,2.00,0,2.00,0,3.00,1,1.00,1,1.00,1,1.00,1,4.00,2.00,0,2.00,0.00,0.00,2.00,1,2.00,1.00,0.00,0.00,,241310,27135,70.37,70.37,80.48,80.48,71.15,71.15,68.18,68.18,87.50,87.50
Spain,ESP,20200607,3.00,1,2.00,0,2.00,0,3.00,1,1.00,1,1.00,1,1.00,1,4.00,2.00,0,2.00,0.00,0.00,2.00,1,2.00,1.00,0.00,0.00,,241550,27136,70.37,70.37,80.48,80.48,71.15,71.15,68.18,68.18,87.50,87.50
Spain,ESP,20200608,3.00,1,1.00,0,2.00,0,3.00,1,0.00,,1.00,1,1.00,1,4.00,2.00,0,2.00,0.00,0.00,2.00,1,2.00,1.00,0.00,0.00,,241717,27136,61.11,61.11,67.38,67.38,64.74,64.74,60.61,60.61,87.50,87.50
Spain,ESP,20200609,3.00,1,1.00,0,2.00,0,3.00,1,0.00,,1.00,1,1.00,1,4.00,2.00,0,2.00,0.00,0.00,2.00,1,2.00,1.00,0.00,0.00,,241966,27136,61.11,61.11,67.38,67.38,64.74,64.74,60.61,60.61,87.50,87.50
Spain,ESP,20200610,3.00,1,1.00,0,2.00,0,3.00,1,0.00,,1.00,1,1.00,1,4.00,2.00,0,2.00,0.00,0.00,2.00,1,2.00,1.00,0.00,0.00,,242280,27136,61.11,61.11,67.38,67.38,64.74,64.74,60.61,60.61,87.50,87.50
Spain,ESP,20200611,3.00,1,1.00,0,2.00,0,3.00,1,0.00,,1.00,1,1.00,1,4.00,2.00,0,2.00,0.00,0.00,2.00,1,2.00,1.00,0.00,0.00,,242707,27136,61.11,61.11,67.38,67.38,64.74,64.74,60.61,60.61,87.50,87.50
Spain,ESP,20200612,,,,,,,,,,,,,,,,2.00,0,,,,,,,,,,,243209,27136,,,,,,,,,,
Spain,ESP,20200613,,,,,,,,,,,,,,,,2.00,0,,,,,,,,,,,243605,27136,,,,,,,,,,
Spain,ESP,20200614,,,,,,,,,,,,,,,,2.00,0,,,,,,,,,,,243928,27136,,,,,,,,,,
Spain,ESP,20200615,,,,,,,,,,,,,,,,2.00,0,,,,,,,,,,,244109,27136,,,,,,,,,,
Spain,ESP,20200616,,,,,,,,,,,,,,,,2.00,0,,,,,,,,,,,244328,27136,,,,,,,,,,
Spain,ESP,20200617,,,,,,,,,,,,,,,,2.00,0,,,,,,,,,,,244683,27136,,61.11,,67.38,,64.74,,60.61,,87.50
Spain,ESP,20200618,,,,,,,,,,,,,,,,2.00,0,,,,,,,,,,,245268,27136,,61.11,,67.38,,64.74,,60.61,,87.50
Spain,ESP,20200619,,,,,,,,,,,,,,,,2.00,0,,,,,,,,,,,245575,28315,,61.11,,67.38,,64.74,,60.61,,87.50
Spain,ESP,20200620,,,,,,,,,,,,,,,,2.00,0,,,,,,,,,,,245938,28322,,61.11,,67.38,,64.74,,60.61,,87.50
Spain,ESP,20200621,,,,,,,,,,,,,,,,2.00,0,,,,,,,,,,,246272,28323,,61.11,,67.38,,64.74,,60.61,,87.50
Spain,ESP,20200622,,,,,,,,,,,,,,,,2.00,0,,,,,,,,,,,246504,28324,,61.11,,67.38,,64.74,,60.61,,87.50
Spain,ESP,20200623,,,,,,,,,,,,,,,,2.00,0,,,,,,,,,,,,,,61.11,,67.38,,64.74,,60.61,,87.50
