Estonia,EST,20200101,0.00,,0.00,,0.00,,0.00,,0.00,,0.00,,0.00,,0.00,0.00,,0.00,0.00,0.00,0.00,,0.00,0.00,0.00,0.00,,0,0,0.00,0.00,0.00,0.00,0.00,0.00,0.00,0.00,0.00,0.00
Estonia,EST,20200102,0.00,,0.00,,0.00,,0.00,,0.00,,0.00,,0.00,,0.00,0.00,,0.00,0.00,0.00,0.00,,0.00,0.00,0.00,0.00,,0,0,0.00,0.00,0.00,0.00,0.00,0.00,0.00,0.00,0.00,0.00
Estonia,EST,20200103,0.00,,0.00,,0.00,,0.00,,0.00,,0.00,,0.00,,0.00,0.00,,0.00,0.00,0.00,0.00,,0.00,0.00,0.00,0.00,,0,0,0.00,0.00,0.00,0.00,0.00,0.00,0.00,0.00,0.00,0.00
Estonia,EST,20200104,0.00,,0.00,,0.00,,0.00,,0.00,,0.00,,0.00,,0.00,0.00,,0.00,0.00,0.00,0.00,,0.00,0.00,0.00,0.00,,0,0,0.00,0.00,0.00,0.00,0.00,0.00,0.00,0.00,0.00,0.00
Estonia,EST,20200105,0.00,,0.00,,0.00,,0.00,,0.00,,0.00,,0.00,,0.00,0.00,,0.00,0.00,0.00,0.00,,0.00,0.00,0.00,0.00,,0,0,0.00,0.00,0.00,0.00,0.00,0.00,0.00,0.00,0.00,0.00
Estonia,EST,20200106,0.00,,0.00,,0.00,,0.00,,0.00,,0.00,,0.00,,0.00,0.00,,0.00,0.00,0.00,0.00,,0.00,0.00,0.00,0.00,,0,0,0.00,0.00,0.00,0.00,0.00,0.00,0.00,0.00,0.00,0.00
Estonia,EST,20200107,0.00,,0.00,,0.00,,0.00,,0.00,,0.00,,0.00,,0.00,0.00,,0.00,0.00,0.00,0.00,,0.00,0.00,0.00,0.00,,0,0,0.00,0.00,0.00,0.00,0.00,0.00,0.00,0.00,0.00,0.00
Estonia,EST,20200108,0.00,,0.00,,0.00,,0.00,,0.00,,0.00,,0.00,,0.00,0.00,,0.00,0.00,0.00,0.00,,0.00,0.00,0.00,0.00,,0,0,0.00,0.00,0.00,0.00,0.00,0.00,0.00,0.00,0.00,0.00
Estonia,EST,20200109,0.00,,0.00,,0.00,,0.00,,0.00,,0.00,,0.00,,0.00,0.00,,0.00,0.00,0.00,0.00,,0.00,0.00,0.00,0.00,,0,0,0.00,0.00,0.00,0.00,0.00,0.00,0.00,0.00,0.00,0.00
Estonia,EST,20200110,0.00,,0.00,,0.00,,0.00,,0.00,,0.00,,0.00,,0.00,0.00,,0.00,0.00,0.00,0.00,,0.00,0.00,0.00,0.00,,0,0,0.00,0.00,0.00,0.00,0.00,0.00,0.00,0.00,0.00,0.00
Estonia,EST,20200111,0.00,,0.00,,0.00,,0.00,,0.00,,0.00,,0.00,,0.00,0.00,,0.00,0.00,0.00,0.00,,0.00,0.00,0.00,0.00,,0,0,0.00,0.00,0.00,0.00,0.00,0.00,0.00,0.00,0.00,0.00
Estonia,EST,20200112,0.00,,0.00,,0.00,,0.00,,0.00,,0.00,,0.00,,0.00,0.00,,0.00,0.00,0.00,0.00,,0.00,0.00,0.00,0.00,,0,0,0.00,0.00,0.00,0.00,0.00,0.00,0.00,0.00,0.00,0.00
Estonia,EST,20200113,0.00,,0.00,,0.00,,0.00,,0.00,,0.00,,0.00,,0.00,0.00,,0.00,0.00,0.00,0.00,,0.00,0.00,0.00,0.00,,0,0,0.00,0.00,0.00,0.00,0.00,0.00,0.00,0.00,0.00,0.00
Estonia,EST,20200114,0.00,,0.00,,0.00,,0.00,,0.00,,0.00,,0.00,,0.00,0.00,,0.00,0.00,0.00,0.00,,0.00,0.00,0.00,0.00,,0,0,0.00,0.00,0.00,0.00,0.00,0.00,0.00,0.00,0.00,0.00
Estonia,EST,20200115,0.00,,0.00,,0.00,,0.00,,0.00,,0.00,,0.00,,0.00,0.00,,0.00,0.00,0.00,0.00,,0.00,0.00,0.00,0.00,,0,0,0.00,0.00,0.00,0.00,0.00,0.00,0.00,0.00,0.00,0.00
Estonia,EST,20200116,0.00,,0.00,,0.00,,0.00,,0.00,,0.00,,0.00,,0.00,0.00,,0.00,0.00,0.00,0.00,,0.00,0.00,0.00,0.00,,0,0,0.00,0.00,0.00,0.00,0.00,0.00,0.00,0.00,0.00,0.00
Estonia,EST,20200117,0.00,,0.00,,0.00,,0.00,,0.00,,0.00,,0.00,,0.00,0.00,,0.00,0.00,0.00,0.00,,0.00,0.00,0.00,0.00,,0,0,0.00,0.00,0.00,0.00,0.00,0.00,0.00,0.00,0.00,0.00
Estonia,EST,20200118,0.00,,0.00,,0.00,,0.00,,0.00,,0.00,,0.00,,0.00,0.00,,0.00,0.00,0.00,0.00,,0.00,0.00,0.00,0.00,,0,0,0.00,0.00,0.00,0.00,0.00,0.00,0.00,0.00,0.00,0.00
Estonia,EST,20200119,0.00,,0.00,,0.00,,0.00,,0.00,,0.00,,0.00,,0.00,0.00,,0.00,0.00,0.00,0.00,,0.00,0.00,0.00,0.00,,0,0,0.00,0.00,0.00,0.00,0.00,0.00,0.00,0.00,0.00,0.00
Estonia,EST,20200120,0.00,,0.00,,0.00,,0.00,,0.00,,0.00,,0.00,,0.00,0.00,,0.00,0.00,0.00,0.00,,0.00,0.00,0.00,0.00,,0,0,0.00,0.00,0.00,0.00,0.00,0.00,0.00,0.00,0.00,0.00
Estonia,EST,20200121,0.00,,0.00,,0.00,,0.00,,0.00,,0.00,,0.00,,0.00,0.00,,0.00,0.00,0.00,0.00,,0.00,0.00,0.00,0.00,,0,0,0.00,0.00,0.00,0.00,0.00,0.00,0.00,0.00,0.00,0.00
Estonia,EST,20200122,0.00,,0.00,,0.00,,0.00,,0.00,,0.00,,0.00,,0.00,0.00,,0.00,0.00,0.00,0.00,,0.00,0.00,0.00,0.00,,0,0,0.00,0.00,0.00,0.00,0.00,0.00,0.00,0.00,0.00,0.00
Estonia,EST,20200123,0.00,,0.00,,0.00,,0.00,,0.00,,0.00,,0.00,,0.00,0.00,,0.00,0.00,0.00,0.00,,0.00,0.00,0.00,0.00,,0,0,0.00,0.00,0.00,0.00,0.00,0.00,0.00,0.00,0.00,0.00
Estonia,EST,20200124,0.00,,0.00,,0.00,,0.00,,0.00,,0.00,,0.00,,0.00,0.00,,0.00,0.00,0.00,0.00,,0.00,0.00,0.00,0.00,,0,0,0.00,0.00,0.00,0.00,0.00,0.00,0.00,0.00,0.00,0.00
Estonia,EST,20200125,0.00,,0.00,,0.00,,0.00,,0.00,,0.00,,0.00,,0.00,0.00,,0.00,0.00,0.00,0.00,,0.00,0.00,0.00,0.00,,0,0,0.00,0.00,0.00,0.00,0.00,0.00,0.00,0.00,0.00,0.00
Estonia,EST,20200126,0.00,,0.00,,0.00,,0.00,,0.00,,0.00,,0.00,,0.00,0.00,,0.00,0.00,0.00,0.00,,0.00,0.00,0.00,0.00,,0,0,0.00,0.00,0.00,0.00,0.00,0.00,0.00,0.00,0.00,0.00
Estonia,EST,20200127,0.00,,0.00,,0.00,,0.00,,0.00,,0.00,,0.00,,0.00,0.00,,0.00,0.00,0.00,0.00,,0.00,0.00,0.00,0.00,,0,0,0.00,0.00,0.00,0.00,0.00,0.00,0.00,0.00,0.00,0.00
Estonia,EST,20200128,0.00,,0.00,,0.00,,0.00,,0.00,,0.00,,0.00,,0.00,0.00,,0.00,0.00,0.00,0.00,,0.00,0.00,0.00,0.00,,0,0,0.00,0.00,0.00,0.00,0.00,0.00,0.00,0.00,0.00,0.00
Estonia,EST,20200129,0.00,,0.00,,0.00,,0.00,,0.00,,0.00,,0.00,,0.00,0.00,,0.00,0.00,0.00,0.00,,0.00,0.00,0.00,0.00,,0,0,0.00,0.00,0.00,0.00,0.00,0.00,0.00,0.00,0.00,0.00
Estonia,EST,20200130,0.00,,0.00,,0.00,,0.00,,0.00,,0.00,,0.00,,0.00,0.00,,0.00,0.00,0.00,0.00,,0.00,0.00,0.00,0.00,,0,0,0.00,0.00,0.00,0.00,0.00,0.00,0.00,0.00,0.00,0.00
Estonia,EST,20200131,0.00,,0.00,,0.00,,0.00,,0.00,,0.00,,0.00,,0.00,0.00,,0.00,0.00,0.00,0.00,,0.00,0.00,0.00,0.00,,0,0,0.00,0.00,0.00,0.00,0.00,0.00,0.00,0.00,0.00,0.00
Estonia,EST,20200201,0.00,,0.00,,0.00,,0.00,,0.00,,0.00,,0.00,,0.00,0.00,,0.00,0.00,0.00,0.00,,0.00,0.00,0.00,0.00,,0,0,0.00,0.00,0.00,0.00,0.00,0.00,0.00,0.00,0.00,0.00
Estonia,EST,20200202,0.00,,0.00,,0.00,,0.00,,0.00,,0.00,,0.00,,0.00,0.00,,0.00,0.00,0.00,0.00,,0.00,0.00,0.00,0.00,,0,0,0.00,0.00,0.00,0.00,0.00,0.00,0.00,0.00,0.00,0.00
Estonia,EST,20200203,0.00,,0.00,,0.00,,0.00,,0.00,,0.00,,0.00,,0.00,0.00,,0.00,0.00,0.00,0.00,,0.00,0.00,0.00,0.00,,0,0,0.00,0.00,0.00,0.00,0.00,0.00,0.00,0.00,0.00,0.00
Estonia,EST,20200204,0.00,,0.00,,0.00,,0.00,,0.00,,0.00,,0.00,,0.00,0.00,,0.00,0.00,0.00,0.00,,0.00,0.00,0.00,0.00,,0,0,0.00,0.00,0.00,0.00,0.00,0.00,0.00,0.00,0.00,0.00
Estonia,EST,20200205,0.00,,0.00,,0.00,,0.00,,0.00,,0.00,,0.00,,0.00,0.00,,0.00,0.00,0.00,0.00,,0.00,0.00,0.00,0.00,,0,0,0.00,0.00,0.00,0.00,0.00,0.00,0.00,0.00,0.00,0.00
Estonia,EST,20200206,0.00,,0.00,,0.00,,0.00,,0.00,,0.00,,0.00,,0.00,0.00,,0.00,0.00,0.00,0.00,,0.00,0.00,0.00,0.00,,0,0,0.00,0.00,0.00,0.00,0.00,0.00,0.00,0.00,0.00,0.00
Estonia,EST,20200207,0.00,,0.00,,0.00,,0.00,,0.00,,0.00,,0.00,,0.00,0.00,,0.00,0.00,0.00,0.00,,0.00,0.00,0.00,0.00,,0,0,0.00,0.00,0.00,0.00,0.00,0.00,0.00,0.00,0.00,0.00
Estonia,EST,20200208,0.00,,0.00,,0.00,,0.00,,0.00,,0.00,,0.00,,0.00,0.00,,0.00,0.00,0.00,0.00,,0.00,0.00,0.00,0.00,,0,0,0.00,0.00,0.00,0.00,0.00,0.00,0.00,0.00,0.00,0.00
Estonia,EST,20200209,0.00,,0.00,,0.00,,0.00,,0.00,,0.00,,0.00,,0.00,0.00,,0.00,0.00,0.00,0.00,,0.00,0.00,0.00,0.00,,0,0,0.00,0.00,0.00,0.00,0.00,0.00,0.00,0.00,0.00,0.00
Estonia,EST,20200210,0.00,,0.00,,0.00,,0.00,,0.00,,0.00,,0.00,,0.00,0.00,,0.00,0.00,0.00,0.00,,0.00,0.00,0.00,0.00,,0,0,0.00,0.00,0.00,0.00,0.00,0.00,0.00,0.00,0.00,0.00
Estonia,EST,20200211,0.00,,0.00,,0.00,,0.00,,0.00,,0.00,,0.00,,0.00,0.00,,0.00,0.00,0.00,0.00,,0.00,0.00,0.00,0.00,,0,0,0.00,0.00,0.00,0.00,0.00,0.00,0.00,0.00,0.00,0.00
Estonia,EST,20200212,0.00,,0.00,,0.00,,0.00,,0.00,,0.00,,0.00,,0.00,0.00,,0.00,0.00,0.00,0.00,,0.00,0.00,0.00,0.00,,0,0,0.00,0.00,0.00,0.00,0.00,0.00,0.00,0.00,0.00,0.00
Estonia,EST,20200213,0.00,,0.00,,0.00,,0.00,,0.00,,0.00,,0.00,,0.00,0.00,,0.00,0.00,0.00,0.00,,0.00,0.00,0.00,0.00,,0,0,0.00,0.00,0.00,0.00,0.00,0.00,0.00,0.00,0.00,0.00
Estonia,EST,20200214,0.00,,0.00,,0.00,,0.00,,0.00,,0.00,,0.00,,0.00,0.00,,0.00,0.00,0.00,0.00,,0.00,0.00,0.00,0.00,,0,0,0.00,0.00,0.00,0.00,0.00,0.00,0.00,0.00,0.00,0.00
Estonia,EST,20200215,0.00,,0.00,,0.00,,0.00,,0.00,,0.00,,0.00,,0.00,0.00,,0.00,0.00,0.00,0.00,,0.00,0.00,0.00,0.00,,0,0,0.00,0.00,0.00,0.00,0.00,0.00,0.00,0.00,0.00,0.00
Estonia,EST,20200216,0.00,,0.00,,0.00,,0.00,,0.00,,0.00,,0.00,,0.00,0.00,,0.00,0.00,0.00,0.00,,0.00,0.00,0.00,0.00,,0,0,0.00,0.00,0.00,0.00,0.00,0.00,0.00,0.00,0.00,0.00
Estonia,EST,20200217,0.00,,0.00,,0.00,,0.00,,0.00,,0.00,,0.00,,0.00,0.00,,0.00,0.00,0.00,0.00,,0.00,0.00,0.00,0.00,,0,0,0.00,0.00,0.00,0.00,0.00,0.00,0.00,0.00,0.00,0.00
Estonia,EST,20200218,0.00,,0.00,,0.00,,0.00,,0.00,,0.00,,0.00,,0.00,0.00,,0.00,0.00,0.00,0.00,,0.00,0.00,0.00,0.00,,0,0,0.00,0.00,0.00,0.00,0.00,0.00,0.00,0.00,0.00,0.00
Estonia,EST,20200219,0.00,,0.00,,0.00,,0.00,,0.00,,0.00,,0.00,,0.00,0.00,,0.00,0.00,0.00,0.00,,0.00,0.00,0.00,0.00,,0,0,0.00,0.00,0.00,0.00,0.00,0.00,0.00,0.00,0.00,0.00
Estonia,EST,20200220,0.00,,0.00,,0.00,,0.00,,0.00,,0.00,,0.00,,0.00,0.00,,0.00,0.00,0.00,0.00,,0.00,0.00,0.00,0.00,,0,0,0.00,0.00,0.00,0.00,0.00,0.00,0.00,0.00,0.00,0.00
Estonia,EST,20200221,0.00,,0.00,,0.00,,0.00,,0.00,,0.00,,0.00,,0.00,0.00,,0.00,0.00,0.00,0.00,,0.00,0.00,0.00,0.00,,0,0,0.00,0.00,0.00,0.00,0.00,0.00,0.00,0.00,0.00,0.00
Estonia,EST,20200222,0.00,,0.00,,0.00,,0.00,,0.00,,0.00,,0.00,,0.00,0.00,,0.00,0.00,0.00,0.00,,0.00,0.00,0.00,0.00,,0,0,0.00,0.00,0.00,0.00,0.00,0.00,0.00,0.00,0.00,0.00
Estonia,EST,20200223,0.00,,0.00,,0.00,,0.00,,0.00,,0.00,,0.00,,0.00,0.00,,0.00,0.00,0.00,0.00,,0.00,0.00,0.00,0.00,,0,0,0.00,0.00,0.00,0.00,0.00,0.00,0.00,0.00,0.00,0.00
Estonia,EST,20200224,0.00,,0.00,,0.00,,0.00,,0.00,,0.00,,0.00,,0.00,0.00,,0.00,0.00,0.00,0.00,,0.00,0.00,0.00,0.00,,0,0,0.00,0.00,0.00,0.00,0.00,0.00,0.00,0.00,0.00,0.00
Estonia,EST,20200225,0.00,,0.00,,0.00,,0.00,,0.00,,0.00,,0.00,,0.00,0.00,,0.00,0.00,0.00,0.00,,0.00,0.00,0.00,0.00,,0,0,0.00,0.00,0.00,0.00,0.00,0.00,0.00,0.00,0.00,0.00
Estonia,EST,20200226,0.00,,0.00,,0.00,,0.00,,0.00,,0.00,,0.00,,0.00,0.00,,0.00,0.00,0.00,0.00,,0.00,0.00,0.00,0.00,,0,0,0.00,0.00,0.00,0.00,0.00,0.00,0.00,0.00,0.00,0.00
Estonia,EST,20200227,0.00,,0.00,,0.00,,0.00,,0.00,,0.00,,0.00,,0.00,0.00,,0.00,0.00,0.00,0.00,,0.00,0.00,0.00,0.00,,0,0,0.00,0.00,0.00,0.00,0.00,0.00,0.00,0.00,0.00,0.00
Estonia,EST,20200228,0.00,,0.00,,0.00,,0.00,,0.00,,0.00,,0.00,,0.00,0.00,,0.00,0.00,0.00,0.00,,0.00,0.00,0.00,0.00,,1,0,0.00,0.00,0.00,0.00,0.00,0.00,0.00,0.00,0.00,0.00
Estonia,EST,20200229,0.00,,0.00,,0.00,,0.00,,0.00,,0.00,,0.00,,0.00,0.00,,0.00,0.00,0.00,0.00,,0.00,0.00,0.00,0.00,,1,0,0.00,0.00,0.00,0.00,0.00,0.00,0.00,0.00,0.00,0.00
Estonia,EST,20200301,0.00,,0.00,,0.00,,0.00,,0.00,,0.00,,0.00,,0.00,0.00,,0.00,0.00,0.00,0.00,,0.00,0.00,0.00,0.00,,1,0,0.00,0.00,0.00,0.00,0.00,0.00,0.00,0.00,0.00,0.00
Estonia,EST,20200302,0.00,,0.00,,0.00,,0.00,,0.00,,0.00,,0.00,,0.00,0.00,,0.00,0.00,0.00,0.00,,0.00,0.00,0.00,0.00,,1,0,0.00,0.00,0.00,0.00,0.00,0.00,0.00,0.00,0.00,0.00
Estonia,EST,20200303,0.00,,0.00,,0.00,,0.00,,0.00,,0.00,,0.00,,0.00,0.00,,0.00,0.00,0.00,0.00,,0.00,0.00,0.00,0.00,,,,0.00,0.00,0.00,0.00,0.00,0.00,0.00,0.00,0.00,0.00
Estonia,EST,20200304,0.00,,0.00,,0.00,,0.00,,0.00,,0.00,,0.00,,0.00,0.00,,0.00,0.00,0.00,0.00,,0.00,0.00,0.00,0.00,,2,0,0.00,0.00,0.00,0.00,0.00,0.00,0.00,0.00,0.00,0.00
Estonia,EST,20200305,0.00,,0.00,,0.00,,0.00,,0.00,,0.00,,0.00,,0.00,0.00,,0.00,0.00,0.00,0.00,,0.00,0.00,0.00,0.00,,,,0.00,0.00,0.00,0.00,0.00,0.00,0.00,0.00,0.00,0.00
Estonia,EST,20200306,0.00,,0.00,,0.00,,0.00,,0.00,,0.00,,0.00,,0.00,0.00,,0.00,0.00,0.00,0.00,,0.00,0.00,0.00,0.00,,5,0,0.00,0.00,0.00,0.00,0.00,0.00,0.00,0.00,0.00,0.00
Estonia,EST,20200307,0.00,,0.00,,0.00,,0.00,,0.00,,0.00,,0.00,,0.00,0.00,,0.00,0.00,0.00,0.00,,0.00,0.00,0.00,0.00,,10,0,0.00,0.00,0.00,0.00,0.00,0.00,0.00,0.00,0.00,0.00
Estonia,EST,20200308,0.00,,0.00,,0.00,,0.00,,0.00,,0.00,,0.00,,0.00,0.00,,0.00,0.00,0.00,0.00,,0.00,0.00,0.00,0.00,,,,0.00,0.00,0.00,0.00,0.00,0.00,0.00,0.00,0.00,0.00
Estonia,EST,20200309,0.00,,0.00,,0.00,,0.00,,0.00,,0.00,,0.00,,0.00,0.00,,0.00,0.00,0.00,0.00,,0.00,0.00,0.00,0.00,,,,0.00,0.00,0.00,0.00,0.00,0.00,0.00,0.00,0.00,0.00
Estonia,EST,20200310,0.00,,0.00,,0.00,,0.00,,0.00,,0.00,,0.00,,0.00,0.00,,0.00,0.00,0.00,0.00,,0.00,0.00,0.00,0.00,,,,0.00,0.00,0.00,0.00,0.00,0.00,0.00,0.00,0.00,0.00
Estonia,EST,20200311,0.00,,0.00,,0.00,,0.00,,0.00,,0.00,,0.00,,0.00,0.00,,0.00,0.00,0.00,0.00,,0.00,0.00,0.00,0.00,,13,0,0.00,0.00,0.00,0.00,0.00,0.00,0.00,0.00,0.00,0.00
Estonia,EST,20200312,0.00,,0.00,,2.00,1,0.00,,0.00,,0.00,,0.00,,1.00,0.00,,0.00,0.00,0.00,2.00,1,1.00,0.00,0.00,0.00,,16,0,25.00,25.00,32.14,32.14,19.87,19.87,23.48,23.48,0.00,0.00
Estonia,EST,20200313,0.00,,0.00,,2.00,1,0.00,,0.00,,0.00,,0.00,,1.00,0.00,,1.00,0.00,0.00,2.00,1,1.00,0.00,0.00,0.00,,27,0,25.00,25.00,32.14,32.14,23.72,23.72,23.48,23.48,25.00,25.00
Estonia,EST,20200314,0.00,,0.00,,2.00,1,0.00,,0.00,,0.00,,2.00,0,1.00,0.00,,1.00,0.00,0.00,2.00,1,1.00,0.00,0.00,0.00,,79,0,33.33,33.33,41.67,41.67,29.49,29.49,30.30,30.30,25.00,25.00
Estonia,EST,20200315,0.00,,0.00,,2.00,1,0.00,,0.00,,0.00,,2.00,0,1.00,0.00,,1.00,0.00,0.00,2.00,1,1.00,0.00,0.00,0.00,,115,0,33.33,33.33,41.67,41.67,29.49,29.49,30.30,30.30,25.00,25.00
Estonia,EST,20200316,3.00,1,0.00,,2.00,1,0.00,,0.00,,0.00,,2.00,0,1.00,0.00,,1.00,434.00,0.00,2.00,1,1.00,0.00,0.00,0.00,,171,0,44.44,44.44,55.95,55.95,37.18,37.18,39.39,39.39,25.00,25.00
Estonia,EST,20200317,3.00,1,0.00,,2.00,1,0.00,,0.00,,0.00,,2.00,0,3.00,0.00,,1.00,0.00,0.00,2.00,1,1.00,0.00,0.00,0.00,,205,0,50.00,50.00,63.10,63.10,41.03,41.03,43.94,43.94,25.00,25.00
Estonia,EST,20200318,3.00,1,0.00,,2.00,1,0.00,,0.00,,0.00,,2.00,0,3.00,0.00,,1.00,0.00,0.00,2.00,1,1.00,0.00,0.00,0.00,,225,0,50.00,50.00,63.10,63.10,41.03,41.03,43.94,43.94,25.00,25.00
Estonia,EST,20200319,3.00,1,0.00,,2.00,1,0.00,,0.00,,0.00,,2.00,0,3.00,0.00,,1.00,2160000000.00,0.00,2.00,1,1.00,0.00,0.00,0.00,,258,0,50.00,50.00,63.10,63.10,41.03,41.03,43.94,43.94,25.00,25.00
Estonia,EST,20200320,3.00,1,0.00,,2.00,1,0.00,,0.00,,0.00,,2.00,0,3.00,0.00,,1.00,0.00,0.00,2.00,1,1.00,0.00,0.00,0.00,,267,0,50.00,50.00,63.10,63.10,41.03,41.03,43.94,43.94,25.00,25.00
Estonia,EST,20200321,3.00,1,0.00,,2.00,1,0.00,,0.00,,0.00,,2.00,0,3.00,0.00,,1.00,0.00,0.00,2.00,1,1.00,0.00,0.00,0.00,,283,0,50.00,50.00,63.10,63.10,41.03,41.03,43.94,43.94,25.00,25.00
Estonia,EST,20200322,3.00,1,0.00,,2.00,1,0.00,,0.00,,0.00,,2.00,0,3.00,0.00,,1.00,0.00,0.00,2.00,1,1.00,0.00,0.00,0.00,,306,0,50.00,50.00,63.10,63.10,41.03,41.03,43.94,43.94,25.00,25.00
Estonia,EST,20200323,3.00,1,0.00,,2.00,1,0.00,,0.00,,0.00,,2.00,0,3.00,0.00,,1.00,0.00,0.00,2.00,1,1.00,0.00,0.00,0.00,,326,0,50.00,50.00,63.10,63.10,41.03,41.03,43.94,43.94,25.00,25.00
Estonia,EST,20200324,3.00,1,0.00,,2.00,1,0.00,,0.00,,0.00,,2.00,0,3.00,0.00,,1.00,0.00,0.00,2.00,1,1.00,0.00,0.00,0.00,,352,0,50.00,50.00,63.10,63.10,41.03,41.03,43.94,43.94,25.00,25.00
Estonia,EST,20200325,3.00,1,0.00,,2.00,1,4.00,1,0.00,,0.00,,2.00,0,3.00,0.00,,1.00,0.00,0.00,2.00,1,1.00,0.00,0.00,0.00,,369,0,61.11,61.11,63.10,63.10,48.72,48.72,53.03,53.03,25.00,25.00
Estonia,EST,20200326,3.00,1,0.00,,2.00,1,4.00,1,0.00,,0.00,,2.00,0,3.00,0.00,,1.00,0.00,0.00,2.00,1,1.00,0.00,0.00,0.00,,404,1,61.11,61.11,63.10,63.10,48.72,48.72,53.03,53.03,25.00,25.00
Estonia,EST,20200327,3.00,1,3.00,1,2.00,1,4.00,1,0.00,,0.00,,2.00,0,3.00,0.00,,1.00,0.00,0.00,2.00,1,1.00,0.00,0.00,0.00,,538,1,72.22,72.22,77.38,77.38,56.41,56.41,62.12,62.12,25.00,25.00
Estonia,EST,20200328,3.00,1,3.00,1,2.00,1,4.00,1,0.00,,0.00,,2.00,0,3.00,0.00,,1.00,0.00,0.00,2.00,1,1.00,0.00,0.00,0.00,,575,1,72.22,72.22,77.38,77.38,56.41,56.41,62.12,62.12,25.00,25.00
Estonia,EST,20200329,3.00,1,3.00,1,2.00,1,4.00,1,0.00,,2.00,0,2.00,0,3.00,0.00,,1.00,0.00,0.00,2.00,1,1.00,0.00,0.00,0.00,,640,1,77.78,77.78,77.38,77.38,60.26,60.26,66.67,66.67,25.00,25.00
Estonia,EST,20200330,3.00,1,3.00,1,2.00,1,4.00,1,0.00,,2.00,0,2.00,0,3.00,0.00,,1.00,0.00,0.00,2.00,1,1.00,0.00,0.00,0.00,,679,3,77.78,77.78,77.38,77.38,60.26,60.26,66.67,66.67,25.00,25.00
Estonia,EST,20200331,3.00,1,3.00,1,2.00,1,4.00,1,0.00,,2.00,0,2.00,0,3.00,0.00,,1.00,0.00,0.00,2.00,1,1.00,0.00,0.00,0.00,,715,3,77.78,77.78,77.38,77.38,60.26,60.26,66.67,66.67,25.00,25.00
Estonia,EST,20200401,3.00,1,3.00,1,2.00,1,4.00,1,0.00,,2.00,0,2.00,0,3.00,0.00,,1.00,0.00,0.00,2.00,1,1.00,0.00,0.00,0.00,,745,4,77.78,77.78,77.38,77.38,60.26,60.26,66.67,66.67,25.00,25.00
Estonia,EST,20200402,3.00,1,3.00,1,2.00,1,4.00,1,0.00,,2.00,0,2.00,0,3.00,0.00,,1.00,0.00,0.00,2.00,1,1.00,0.00,0.00,0.00,,779,5,77.78,77.78,77.38,77.38,60.26,60.26,66.67,66.67,25.00,25.00
Estonia,EST,20200403,3.00,1,3.00,1,2.00,1,4.00,1,0.00,,2.00,0,2.00,0,3.00,0.00,,1.00,0.00,0.00,2.00,1,1.00,0.00,0.00,0.00,,858,11,77.78,77.78,77.38,77.38,60.26,60.26,66.67,66.67,25.00,25.00
Estonia,EST,20200404,3.00,1,3.00,1,2.00,1,4.00,1,0.00,,2.00,0,2.00,0,3.00,0.00,,1.00,0.00,0.00,2.00,1,1.00,0.00,0.00,0.00,,961,12,77.78,77.78,77.38,77.38,60.26,60.26,66.67,66.67,25.00,25.00
Estonia,EST,20200405,3.00,1,3.00,1,2.00,1,4.00,1,0.00,,2.00,0,2.00,0,3.00,0.00,,1.00,0.00,0.00,2.00,1,1.00,0.00,0.00,0.00,,1018,13,77.78,77.78,77.38,77.38,60.26,60.26,66.67,66.67,25.00,25.00
Estonia,EST,20200406,3.00,1,3.00,1,2.00,1,4.00,1,0.00,,2.00,0,2.00,0,3.00,0.00,,1.00,0.00,0.00,2.00,1,1.00,0.00,0.00,0.00,,1097,15,77.78,77.78,77.38,77.38,60.26,60.26,66.67,66.67,25.00,25.00
Estonia,EST,20200407,3.00,1,3.00,1,2.00,1,4.00,1,0.00,,2.00,0,2.00,0,3.00,0.00,,1.00,0.00,0.00,2.00,1,1.00,0.00,0.00,0.00,,1108,19,77.78,77.78,77.38,77.38,60.26,60.26,66.67,66.67,25.00,25.00
Estonia,EST,20200408,3.00,1,3.00,1,2.00,1,4.00,1,0.00,,2.00,0,2.00,0,3.00,0.00,,1.00,0.00,0.00,2.00,1,2.00,0.00,0.00,0.00,,1149,21,77.78,77.78,77.38,77.38,62.82,62.82,69.70,69.70,25.00,25.00
Estonia,EST,20200409,3.00,1,3.00,1,2.00,1,4.00,1,0.00,,2.00,0,2.00,0,3.00,0.00,,1.00,0.00,0.00,2.00,1,2.00,0.00,0.00,0.00,,1185,24,77.78,77.78,77.38,77.38,62.82,62.82,69.70,69.70,25.00,25.00
Estonia,EST,20200410,3.00,1,3.00,1,2.00,1,4.00,1,0.00,,2.00,0,2.00,0,3.00,0.00,,1.00,0.00,0.00,2.00,1,2.00,0.00,0.00,0.00,,1207,24,77.78,77.78,77.38,77.38,62.82,62.82,69.70,69.70,25.00,25.00
Estonia,EST,20200411,3.00,1,3.00,1,2.00,1,4.00,1,0.00,,2.00,0,2.00,0,3.00,0.00,,1.00,0.00,0.00,2.00,1,2.00,0.00,0.00,0.00,,1258,24,77.78,77.78,77.38,77.38,62.82,62.82,69.70,69.70,25.00,25.00
Estonia,EST,20200412,3.00,1,3.00,1,2.00,1,4.00,1,0.00,,2.00,0,2.00,0,3.00,0.00,,1.00,0.00,111000.00,2.00,1,2.00,0.00,0.00,0.00,,1304,24,77.78,77.78,77.38,77.38,62.82,62.82,69.70,69.70,25.00,25.00
Estonia,EST,20200413,3.00,1,3.00,1,2.00,1,4.00,1,0.00,,2.00,0,2.00,0,3.00,0.00,,1.00,0.00,0.00,2.00,1,2.00,0.00,0.00,0.00,,1309,25,77.78,77.78,77.38,77.38,62.82,62.82,69.70,69.70,25.00,25.00
Estonia,EST,20200414,3.00,1,3.00,1,2.00,1,4.00,1,0.00,,2.00,0,2.00,0,3.00,0.00,,1.00,0.00,0.00,2.00,1,2.00,0.00,0.00,0.00,,1332,28,77.78,77.78,77.38,77.38,62.82,62.82,69.70,69.70,25.00,25.00
Estonia,EST,20200415,3.00,1,3.00,1,2.00,1,4.00,1,0.00,,2.00,0,2.00,0,3.00,0.00,,1.00,0.00,0.00,2.00,1,2.00,0.00,0.00,0.00,,1373,31,77.78,77.78,77.38,77.38,62.82,62.82,69.70,69.70,25.00,25.00
Estonia,EST,20200416,3.00,1,3.00,1,2.00,1,4.00,1,0.00,,2.00,0,2.00,0,3.00,0.00,,1.00,0.00,0.00,2.00,1,2.00,0.00,325949.00,0.00,,1402,35,77.78,77.78,77.38,77.38,62.82,62.82,69.70,69.70,25.00,25.00
Estonia,EST,20200417,3.00,1,3.00,1,2.00,1,4.00,1,0.00,,2.00,0,2.00,0,3.00,0.00,,1.00,0.00,220000.00,2.00,1,2.00,0.00,0.00,0.00,,1434,36,77.78,77.78,77.38,77.38,62.82,62.82,69.70,69.70,25.00,25.00
Estonia,EST,20200418,3.00,1,3.00,1,2.00,1,4.00,1,0.00,,2.00,0,2.00,0,3.00,0.00,,1.00,0.00,0.00,2.00,1,2.00,0.00,0.00,0.00,,1459,38,77.78,77.78,77.38,77.38,62.82,62.82,69.70,69.70,25.00,25.00
Estonia,EST,20200419,3.00,1,3.00,1,2.00,1,4.00,1,0.00,,2.00,0,2.00,0,3.00,0.00,,1.00,0.00,0.00,2.00,1,2.00,0.00,0.00,0.00,,1512,38,77.78,77.78,77.38,77.38,62.82,62.82,69.70,69.70,25.00,25.00
Estonia,EST,20200420,3.00,1,3.00,1,2.00,1,4.00,1,0.00,,2.00,0,2.00,0,3.00,0.00,,1.00,0.00,0.00,2.00,1,2.00,0.00,0.00,0.00,,1528,40,77.78,77.78,77.38,77.38,62.82,62.82,69.70,69.70,25.00,25.00
Estonia,EST,20200421,3.00,1,3.00,1,2.00,1,4.00,1,0.00,,2.00,0,2.00,0,3.00,0.00,,1.00,0.00,0.00,2.00,1,2.00,0.00,0.00,0.00,,1535,40,77.78,77.78,77.38,77.38,62.82,62.82,69.70,69.70,25.00,25.00
Estonia,EST,20200422,3.00,1,3.00,1,2.00,1,4.00,1,0.00,,2.00,0,2.00,0,3.00,0.00,,1.00,0.00,0.00,2.00,1,2.00,0.00,0.00,0.00,,1552,43,77.78,77.78,77.38,77.38,62.82,62.82,69.70,69.70,25.00,25.00
Estonia,EST,20200423,3.00,1,3.00,1,2.00,1,4.00,1,0.00,,2.00,0,2.00,0,3.00,0.00,,1.00,0.00,0.00,2.00,1,2.00,0.00,0.00,0.00,,1559,44,77.78,77.78,77.38,77.38,62.82,62.82,69.70,69.70,25.00,25.00
Estonia,EST,20200424,3.00,1,3.00,1,2.00,1,4.00,1,0.00,,2.00,0,2.00,0,3.00,0.00,,1.00,569170000.00,0.00,2.00,1,2.00,0.00,0.00,0.00,,1592,45,77.78,77.78,77.38,77.38,62.82,62.82,69.70,69.70,25.00,25.00
Estonia,EST,20200425,3.00,1,3.00,1,2.00,1,4.00,1,0.00,,2.00,0,2.00,0,3.00,0.00,,1.00,0.00,0.00,2.00,1,2.00,0.00,0.00,0.00,,1605,46,77.78,77.78,77.38,77.38,62.82,62.82,69.70,69.70,25.00,25.00
Estonia,EST,20200426,3.00,1,3.00,1,2.00,1,4.00,1,0.00,,2.00,0,2.00,0,3.00,0.00,,1.00,0.00,0.00,2.00,1,2.00,0.00,0.00,0.00,,1635,46,77.78,77.78,77.38,77.38,62.82,62.82,69.70,69.70,25.00,25.00
Estonia,EST,20200427,3.00,1,3.00,1,2.00,1,4.00,1,0.00,,2.00,0,2.00,0,2.00,0.00,,2.00,0.00,0.00,2.00,1,2.00,0.00,0.00,0.00,,1643,49,75.00,75.00,73.81,73.81,64.74,64.74,67.42,67.42,50.00,50.00
Estonia,EST,20200428,3.00,1,3.00,1,2.00,1,4.00,1,0.00,,2.00,0,2.00,0,2.00,0.00,,2.00,37815296.00,0.00,2.00,1,2.00,0.00,0.00,0.00,,1647,50,75.00,75.00,73.81,73.81,64.74,64.74,67.42,67.42,50.00,50.00
Estonia,EST,20200429,3.00,1,3.00,1,2.00,1,4.00,1,0.00,,2.00,0,2.00,0,2.00,0.00,,2.00,0.00,0.00,2.00,1,2.00,0.00,0.00,0.00,,1660,50,75.00,75.00,73.81,73.81,64.74,64.74,67.42,67.42,50.00,50.00
Estonia,EST,20200430,3.00,1,3.00,1,2.00,1,4.00,1,0.00,,2.00,0,2.00,0,2.00,0.00,,2.00,0.00,0.00,2.00,1,2.00,0.00,0.00,0.00,,1666,50,75.00,75.00,73.81,73.81,64.74,64.74,67.42,67.42,50.00,50.00
Estonia,EST,20200501,3.00,1,3.00,1,2.00,1,4.00,1,0.00,,2.00,0,2.00,0,2.00,0.00,,2.00,0.00,0.00,2.00,1,2.00,0.00,0.00,0.00,,1689,52,75.00,75.00,73.81,73.81,64.74,64.74,67.42,67.42,50.00,50.00
Estonia,EST,20200502,3.00,1,3.00,1,2.00,1,4.00,1,0.00,,2.00,0,2.00,0,2.00,0.00,,2.00,0.00,0.00,2.00,1,2.00,0.00,0.00,0.00,,1694,52,75.00,75.00,73.81,73.81,64.74,64.74,67.42,67.42,50.00,50.00
Estonia,EST,20200503,3.00,1,3.00,1,2.00,1,4.00,1,0.00,,2.00,0,2.00,0,2.00,0.00,,2.00,0.00,0.00,2.00,1,2.00,0.00,0.00,0.00,,1699,53,75.00,75.00,73.81,73.81,64.74,64.74,67.42,67.42,50.00,50.00
Estonia,EST,20200504,3.00,1,3.00,1,2.00,1,4.00,1,0.00,,2.00,0,2.00,0,2.00,0.00,,2.00,0.00,0.00,2.00,1,2.00,0.00,0.00,0.00,,1700,55,75.00,75.00,73.81,73.81,64.74,64.74,67.42,67.42,50.00,50.00
Estonia,EST,20200505,3.00,1,3.00,1,2.00,1,4.00,1,0.00,,2.00,0,2.00,0,2.00,0.00,,2.00,0.00,0.00,2.00,1,2.00,0.00,0.00,0.00,,1703,55,75.00,75.00,73.81,73.81,64.74,64.74,67.42,67.42,50.00,50.00
Estonia,EST,20200506,3.00,1,3.00,1,2.00,1,4.00,1,0.00,,2.00,0,2.00,0,2.00,0.00,,2.00,11884807.00,0.00,2.00,1,2.00,0.00,0.00,0.00,,1711,55,75.00,75.00,73.81,73.81,64.74,64.74,67.42,67.42,50.00,50.00
Estonia,EST,20200507,3.00,1,3.00,1,2.00,1,4.00,1,0.00,,2.00,0,2.00,0,2.00,0.00,,2.00,0.00,0.00,2.00,1,2.00,0.00,0.00,0.00,,1713,55,75.00,75.00,73.81,73.81,64.74,64.74,67.42,67.42,50.00,50.00
Estonia,EST,20200508,3.00,1,3.00,1,2.00,1,4.00,1,0.00,,2.00,0,0.00,,2.00,0.00,,2.00,0.00,0.00,2.00,1,2.00,0.00,0.00,0.00,,1720,56,66.67,66.67,71.43,71.43,58.97,58.97,60.61,60.61,50.00,50.00
Estonia,EST,20200509,3.00,1,3.00,1,2.00,1,4.00,1,0.00,,2.00,0,0.00,,2.00,0.00,,2.00,0.00,0.00,2.00,1,2.00,0.00,0.00,0.00,,1725,56,66.67,66.67,71.43,71.43,58.97,58.97,60.61,60.61,50.00,50.00
Estonia,EST,20200510,3.00,1,3.00,1,2.00,1,4.00,1,0.00,,2.00,0,0.00,,2.00,0.00,,2.00,0.00,0.00,2.00,1,2.00,0.00,0.00,0.00,,1733,60,66.67,66.67,71.43,71.43,58.97,58.97,60.61,60.61,50.00,50.00
Estonia,EST,20200511,3.00,1,2.00,1,2.00,1,4.00,1,0.00,,2.00,0,0.00,,2.00,0.00,,2.00,0.00,0.00,2.00,1,2.00,0.00,0.00,0.00,,1739,60,62.96,62.96,67.86,67.86,56.41,56.41,57.58,57.58,50.00,50.00
Estonia,EST,20200512,3.00,1,2.00,1,2.00,1,4.00,1,0.00,,2.00,0,0.00,,2.00,0.00,,2.00,0.00,0.00,2.00,1,2.00,0.00,0.00,0.00,,1741,61,62.96,62.96,67.86,67.86,56.41,56.41,57.58,57.58,50.00,50.00
Estonia,EST,20200513,3.00,1,2.00,1,2.00,1,4.00,1,0.00,,2.00,0,0.00,,2.00,0.00,,2.00,0.00,0.00,2.00,1,2.00,0.00,0.00,0.00,,1746,61,62.96,62.96,67.86,67.86,56.41,56.41,57.58,57.58,50.00,50.00
Estonia,EST,20200514,3.00,1,2.00,1,2.00,1,4.00,1,0.00,,2.00,0,0.00,,2.00,0.00,,2.00,76600000.00,0.00,2.00,1,2.00,0.00,0.00,0.00,,1751,61,62.96,62.96,67.86,67.86,56.41,56.41,57.58,57.58,50.00,50.00
Estonia,EST,20200515,1.00,1,2.00,1,2.00,1,4.00,1,0.00,,2.00,0,0.00,,2.00,0.00,,2.00,0.00,0.00,2.00,1,2.00,0.00,0.00,0.00,,1758,62,55.56,55.56,60.71,60.71,51.28,51.28,51.52,51.52,50.00,50.00
Estonia,EST,20200516,1.00,1,2.00,1,2.00,1,4.00,1,0.00,,2.00,0,0.00,,2.00,0.00,,2.00,0.00,0.00,2.00,1,2.00,0.00,0.00,0.00,,1766,63,55.56,55.56,60.71,60.71,51.28,51.28,51.52,51.52,50.00,50.00
Estonia,EST,20200517,1.00,1,2.00,1,2.00,1,4.00,1,0.00,,2.00,0,0.00,,2.00,0.00,,2.00,0.00,0.00,2.00,1,2.00,0.00,0.00,0.00,,1770,63,55.56,55.56,60.71,60.71,51.28,51.28,51.52,51.52,50.00,50.00
Estonia,EST,20200518,1.00,1,2.00,1,2.00,1,4.00,1,0.00,,0.00,,0.00,,2.00,0.00,,2.00,0.00,0.00,2.00,1,2.00,0.00,0.00,0.00,,1774,63,50.00,50.00,53.57,53.57,47.44,47.44,46.97,46.97,50.00,50.00
Estonia,EST,20200519,1.00,1,2.00,1,2.00,1,4.00,1,0.00,,0.00,,0.00,,2.00,0.00,,2.00,0.00,0.00,2.00,1,2.00,0.00,0.00,0.00,,1784,64,50.00,50.00,53.57,53.57,47.44,47.44,46.97,46.97,50.00,50.00
Estonia,EST,20200520,1.00,1,2.00,1,2.00,1,4.00,1,0.00,,0.00,,0.00,,2.00,0.00,,2.00,0.00,0.00,2.00,1,2.00,0.00,0.00,0.00,,1791,64,50.00,50.00,53.57,53.57,47.44,47.44,46.97,46.97,50.00,50.00
Estonia,EST,20200521,1.00,1,2.00,1,2.00,1,4.00,1,0.00,,0.00,,0.00,,2.00,0.00,,2.00,161260000.00,0.00,2.00,1,2.00,0.00,0.00,0.00,,1794,64,50.00,50.00,53.57,53.57,47.44,47.44,46.97,46.97,50.00,50.00
Estonia,EST,20200522,1.00,1,2.00,1,2.00,1,4.00,1,0.00,,0.00,,0.00,,2.00,0.00,,2.00,0.00,0.00,2.00,1,2.00,0.00,0.00,0.00,,1800,64,50.00,50.00,53.57,53.57,47.44,47.44,46.97,46.97,50.00,50.00
Estonia,EST,20200523,1.00,1,2.00,1,2.00,1,4.00,1,0.00,,0.00,,0.00,,2.00,0.00,,2.00,0.00,0.00,2.00,1,2.00,0.00,0.00,0.00,,1807,64,50.00,50.00,53.57,53.57,47.44,47.44,46.97,46.97,50.00,50.00
Estonia,EST,20200524,1.00,1,2.00,1,2.00,1,4.00,1,0.00,,0.00,,0.00,,2.00,0.00,,2.00,0.00,0.00,2.00,1,2.00,0.00,0.00,0.00,,1821,64,50.00,50.00,53.57,53.57,47.44,47.44,46.97,46.97,50.00,50.00
Estonia,EST,20200525,1.00,1,2.00,1,2.00,1,4.00,1,0.00,,0.00,,0.00,,2.00,0.00,,2.00,0.00,0.00,2.00,1,2.00,0.00,0.00,0.00,,1823,64,50.00,50.00,53.57,53.57,47.44,47.44,46.97,46.97,50.00,50.00
Estonia,EST,20200526,1.00,1,2.00,1,2.00,1,4.00,1,0.00,,0.00,,0.00,,2.00,0.00,,2.00,0.00,0.00,2.00,1,2.00,0.00,0.00,0.00,,1824,65,50.00,50.00,53.57,53.57,47.44,47.44,46.97,46.97,50.00,50.00
Estonia,EST,20200527,1.00,1,2.00,1,2.00,1,4.00,1,0.00,,0.00,,0.00,,2.00,0.00,,2.00,0.00,0.00,2.00,1,2.00,0.00,0.00,0.00,,1834,65,50.00,50.00,53.57,53.57,47.44,47.44,46.97,46.97,50.00,50.00
Estonia,EST,20200528,1.00,1,2.00,1,2.00,1,4.00,1,0.00,,0.00,,0.00,,2.00,0.00,,2.00,0.00,0.00,2.00,1,2.00,0.00,0.00,0.00,,1840,66,50.00,50.00,53.57,53.57,47.44,47.44,46.97,46.97,50.00,50.00
Estonia,EST,20200529,1.00,1,2.00,1,2.00,1,4.00,1,0.00,,0.00,,0.00,,2.00,0.00,,2.00,0.00,0.00,2.00,1,2.00,0.00,0.00,0.00,,1851,66,50.00,50.00,53.57,53.57,47.44,47.44,46.97,46.97,50.00,50.00
Estonia,EST,20200530,1.00,1,2.00,1,2.00,1,4.00,1,0.00,,0.00,,0.00,,2.00,0.00,,2.00,0.00,0.00,2.00,1,2.00,0.00,0.00,0.00,,1859,67,50.00,50.00,53.57,53.57,47.44,47.44,46.97,46.97,50.00,50.00
Estonia,EST,20200531,1.00,1,2.00,1,2.00,1,4.00,1,0.00,,0.00,,0.00,,2.00,0.00,,2.00,0.00,0.00,2.00,1,2.00,0.00,0.00,0.00,,1865,67,50.00,50.00,53.57,53.57,47.44,47.44,46.97,46.97,50.00,50.00
Estonia,EST,20200601,0.00,,2.00,1,1.00,1,3.00,1,0.00,,0.00,,0.00,,2.00,0.00,,2.00,0.00,0.00,2.00,1,2.00,0.00,0.00,0.00,,1869,68,37.96,37.96,43.57,43.57,39.10,39.10,37.12,37.12,50.00,50.00
Estonia,EST,20200602,0.00,,2.00,1,1.00,1,3.00,1,0.00,,0.00,,0.00,,2.00,0.00,,2.00,0.00,0.00,2.00,1,2.00,0.00,0.00,0.00,,1870,68,37.96,37.96,43.57,43.57,39.10,39.10,37.12,37.12,50.00,50.00
Estonia,EST,20200603,0.00,,2.00,1,1.00,1,3.00,1,0.00,,0.00,,0.00,,2.00,0.00,,2.00,0.00,0.00,2.00,1,2.00,0.00,0.00,0.00,,1870,68,37.96,37.96,43.57,43.57,39.10,39.10,37.12,37.12,50.00,50.00
Estonia,EST,20200604,0.00,,2.00,1,1.00,1,3.00,1,0.00,,0.00,,0.00,,2.00,0.00,,2.00,0.00,0.00,2.00,1,2.00,0.00,0.00,0.00,,1880,69,37.96,37.96,43.57,43.57,39.10,39.10,37.12,37.12,50.00,50.00
Estonia,EST,20200605,0.00,,2.00,1,1.00,1,3.00,1,0.00,,0.00,,0.00,,2.00,0.00,,2.00,0.00,0.00,2.00,1,2.00,0.00,0.00,0.00,,1890,69,37.96,37.96,43.57,43.57,39.10,39.10,37.12,37.12,50.00,50.00
Estonia,EST,20200606,0.00,,2.00,1,1.00,1,3.00,1,0.00,,0.00,,0.00,,2.00,0.00,,2.00,0.00,0.00,2.00,1,2.00,0.00,0.00,0.00,,1910,69,37.96,37.96,43.57,43.57,39.10,39.10,37.12,37.12,50.00,50.00
Estonia,EST,20200607,0.00,,2.00,1,1.00,1,3.00,1,0.00,,0.00,,0.00,,2.00,0.00,,2.00,0.00,0.00,2.00,1,2.00,0.00,0.00,0.00,,1931,69,37.96,37.96,43.57,43.57,39.10,39.10,37.12,37.12,50.00,50.00
Estonia,EST,20200608,0.00,,2.00,1,1.00,1,3.00,1,0.00,,0.00,,0.00,,2.00,0.00,,2.00,0.00,0.00,2.00,1,2.00,0.00,0.00,0.00,,1939,69,37.96,37.96,43.57,43.57,39.10,39.10,37.12,37.12,50.00,50.00
Estonia,EST,20200609,0.00,,2.00,1,1.00,1,3.00,1,0.00,,0.00,,0.00,,2.00,0.00,,2.00,0.00,0.00,2.00,1,2.00,0.00,0.00,0.00,,1940,69,37.96,37.96,43.57,43.57,39.10,39.10,37.12,37.12,50.00,50.00
Estonia,EST,20200610,0.00,,2.00,1,1.00,1,3.00,1,0.00,,0.00,,0.00,,2.00,0.00,,2.00,0.00,0.00,2.00,1,2.00,0.00,0.00,0.00,,1947,69,37.96,37.96,43.57,43.57,39.10,39.10,37.12,37.12,50.00,50.00
Estonia,EST,20200611,0.00,,2.00,1,1.00,1,3.00,1,0.00,,0.00,,0.00,,2.00,0.00,,2.00,0.00,0.00,2.00,1,2.00,0.00,0.00,0.00,,1958,69,37.96,37.96,43.57,43.57,39.10,39.10,37.12,37.12,50.00,50.00
Estonia,EST,20200612,,,,,,,,,,,,,,,,,,,,,,,,,,,,1965,69,,,,,,,,,,
Estonia,EST,20200613,,,,,,,,,,,,,,,,,,,,,,,,,,,,1970,69,,,,,,,,,,
Estonia,EST,20200614,,,,,,,,,,,,,,,,,,,,,,,,,,,,1973,69,,,,,,,,,,
Estonia,EST,20200615,,,,,,,,,,,,,,,,,,,,,,,,,,,,1973,69,,,,,,,,,,
Estonia,EST,20200616,,,,,,,,,,,,,,,,,,,,,,,,,,,,1974,69,,,,,,,,,,
Estonia,EST,20200617,,,,,,,,,,,,,,,,,,,,,,,,,,,,1975,69,,37.96,,43.57,,39.10,,37.12,,50.00
Estonia,EST,20200618,,,,,,,,,,,,,,,,,,,,,,,,,,,,1977,69,,37.96,,43.57,,39.10,,37.12,,50.00
Estonia,EST,20200619,,,,,,,,,,,,,,,,,,,,,,,,,,,,1977,69,,37.96,,43.57,,39.10,,37.12,,50.00
Estonia,EST,20200620,,,,,,,,,,,,,,,,,,,,,,,,,,,,1979,69,,37.96,,43.57,,39.10,,37.12,,50.00
Estonia,EST,20200621,,,,,,,,,,,,,,,,,,,,,,,,,,,,1981,69,,37.96,,43.57,,39.10,,37.12,,50.00
Estonia,EST,20200622,,,,,,,,,,,,,,,,,,,,,,,,,,,,1981,69,,37.96,,43.57,,39.10,,37.12,,50.00
Estonia,EST,20200623,,,,,,,,,,,,,,,,,,,,,,,,,,,,1981,69,,37.96,,43.57,,39.10,,37.12,,50.00
