Fiji,FJI,20200101,0.00,,0.00,,0.00,,0.00,,0.00,,0.00,,0.00,,0.00,0.00,,0.00,0.00,0.00,0.00,,0.00,0.00,0.00,0.00,,,,0.00,0.00,0.00,0.00,0.00,0.00,0.00,0.00,0.00,0.00
Fiji,FJI,20200102,0.00,,0.00,,0.00,,0.00,,0.00,,0.00,,0.00,,0.00,0.00,,0.00,0.00,0.00,0.00,,0.00,0.00,0.00,0.00,,,,0.00,0.00,0.00,0.00,0.00,0.00,0.00,0.00,0.00,0.00
Fiji,FJI,20200103,0.00,,0.00,,0.00,,0.00,,0.00,,0.00,,0.00,,0.00,0.00,,0.00,0.00,0.00,0.00,,0.00,0.00,0.00,0.00,,,,0.00,0.00,0.00,0.00,0.00,0.00,0.00,0.00,0.00,0.00
Fiji,FJI,20200104,0.00,,0.00,,0.00,,0.00,,0.00,,0.00,,0.00,,0.00,0.00,,0.00,0.00,0.00,0.00,,0.00,0.00,0.00,0.00,,,,0.00,0.00,0.00,0.00,0.00,0.00,0.00,0.00,0.00,0.00
Fiji,FJI,20200105,0.00,,0.00,,0.00,,0.00,,0.00,,0.00,,0.00,,0.00,0.00,,0.00,0.00,0.00,0.00,,0.00,0.00,0.00,0.00,,,,0.00,0.00,0.00,0.00,0.00,0.00,0.00,0.00,0.00,0.00
Fiji,FJI,20200106,0.00,,0.00,,0.00,,0.00,,0.00,,0.00,,0.00,,0.00,0.00,,0.00,0.00,0.00,0.00,,0.00,0.00,0.00,0.00,,,,0.00,0.00,0.00,0.00,0.00,0.00,0.00,0.00,0.00,0.00
Fiji,FJI,20200107,0.00,,0.00,,0.00,,0.00,,0.00,,0.00,,0.00,,0.00,0.00,,0.00,0.00,0.00,0.00,,0.00,0.00,0.00,0.00,,,,0.00,0.00,0.00,0.00,0.00,0.00,0.00,0.00,0.00,0.00
Fiji,FJI,20200108,0.00,,0.00,,0.00,,0.00,,0.00,,0.00,,0.00,,0.00,0.00,,0.00,0.00,0.00,0.00,,0.00,0.00,0.00,0.00,,,,0.00,0.00,0.00,0.00,0.00,0.00,0.00,0.00,0.00,0.00
Fiji,FJI,20200109,0.00,,0.00,,0.00,,0.00,,0.00,,0.00,,0.00,,0.00,0.00,,0.00,0.00,0.00,0.00,,0.00,0.00,0.00,0.00,,,,0.00,0.00,0.00,0.00,0.00,0.00,0.00,0.00,0.00,0.00
Fiji,FJI,20200110,0.00,,0.00,,0.00,,0.00,,0.00,,0.00,,0.00,,0.00,0.00,,0.00,0.00,0.00,0.00,,0.00,0.00,0.00,0.00,,,,0.00,0.00,0.00,0.00,0.00,0.00,0.00,0.00,0.00,0.00
Fiji,FJI,20200111,0.00,,0.00,,0.00,,0.00,,0.00,,0.00,,0.00,,0.00,0.00,,0.00,0.00,0.00,0.00,,0.00,0.00,0.00,0.00,,,,0.00,0.00,0.00,0.00,0.00,0.00,0.00,0.00,0.00,0.00
Fiji,FJI,20200112,0.00,,0.00,,0.00,,0.00,,0.00,,0.00,,0.00,,0.00,0.00,,0.00,0.00,0.00,0.00,,0.00,0.00,0.00,0.00,,,,0.00,0.00,0.00,0.00,0.00,0.00,0.00,0.00,0.00,0.00
Fiji,FJI,20200113,0.00,,0.00,,0.00,,0.00,,0.00,,0.00,,0.00,,0.00,0.00,,0.00,0.00,0.00,0.00,,0.00,0.00,0.00,0.00,,,,0.00,0.00,0.00,0.00,0.00,0.00,0.00,0.00,0.00,0.00
Fiji,FJI,20200114,0.00,,0.00,,0.00,,0.00,,0.00,,0.00,,0.00,,0.00,0.00,,0.00,0.00,0.00,0.00,,0.00,0.00,0.00,0.00,,,,0.00,0.00,0.00,0.00,0.00,0.00,0.00,0.00,0.00,0.00
Fiji,FJI,20200115,0.00,,0.00,,0.00,,0.00,,0.00,,0.00,,0.00,,0.00,0.00,,0.00,0.00,0.00,0.00,,0.00,0.00,0.00,0.00,,,,0.00,0.00,0.00,0.00,0.00,0.00,0.00,0.00,0.00,0.00
Fiji,FJI,20200116,0.00,,0.00,,0.00,,0.00,,0.00,,0.00,,0.00,,0.00,0.00,,0.00,0.00,0.00,0.00,,0.00,0.00,0.00,0.00,,,,0.00,0.00,0.00,0.00,0.00,0.00,0.00,0.00,0.00,0.00
Fiji,FJI,20200117,0.00,,0.00,,0.00,,0.00,,0.00,,0.00,,0.00,,0.00,0.00,,0.00,0.00,0.00,0.00,,0.00,0.00,0.00,0.00,,,,0.00,0.00,0.00,0.00,0.00,0.00,0.00,0.00,0.00,0.00
Fiji,FJI,20200118,0.00,,0.00,,0.00,,0.00,,0.00,,0.00,,0.00,,0.00,0.00,,0.00,0.00,0.00,0.00,,0.00,0.00,0.00,0.00,,,,0.00,0.00,0.00,0.00,0.00,0.00,0.00,0.00,0.00,0.00
Fiji,FJI,20200119,0.00,,0.00,,0.00,,0.00,,0.00,,0.00,,0.00,,0.00,0.00,,0.00,0.00,0.00,0.00,,0.00,0.00,0.00,0.00,,,,0.00,0.00,0.00,0.00,0.00,0.00,0.00,0.00,0.00,0.00
Fiji,FJI,20200120,0.00,,0.00,,0.00,,0.00,,0.00,,0.00,,0.00,,0.00,0.00,,0.00,0.00,0.00,0.00,,0.00,0.00,0.00,0.00,,,,0.00,0.00,0.00,0.00,0.00,0.00,0.00,0.00,0.00,0.00
Fiji,FJI,20200121,0.00,,0.00,,0.00,,0.00,,0.00,,0.00,,0.00,,0.00,0.00,,0.00,0.00,0.00,0.00,,0.00,0.00,0.00,0.00,,,,0.00,0.00,0.00,0.00,0.00,0.00,0.00,0.00,0.00,0.00
Fiji,FJI,20200122,0.00,,0.00,,0.00,,0.00,,0.00,,0.00,,0.00,,0.00,0.00,,0.00,0.00,0.00,2.00,1,0.00,0.00,0.00,0.00,,,,11.11,11.11,14.29,14.29,7.69,7.69,9.09,9.09,0.00,0.00
Fiji,FJI,20200123,0.00,,0.00,,0.00,,0.00,,0.00,,0.00,,0.00,,0.00,0.00,,0.00,0.00,0.00,2.00,1,0.00,0.00,0.00,0.00,,,,11.11,11.11,14.29,14.29,7.69,7.69,9.09,9.09,0.00,0.00
Fiji,FJI,20200124,0.00,,0.00,,0.00,,0.00,,0.00,,0.00,,0.00,,0.00,0.00,,0.00,0.00,0.00,2.00,1,0.00,0.00,0.00,0.00,,,,11.11,11.11,14.29,14.29,7.69,7.69,9.09,9.09,0.00,0.00
Fiji,FJI,20200125,0.00,,0.00,,0.00,,0.00,,0.00,,0.00,,0.00,,0.00,0.00,,0.00,0.00,0.00,2.00,1,0.00,0.00,0.00,0.00,,,,11.11,11.11,14.29,14.29,7.69,7.69,9.09,9.09,0.00,0.00
Fiji,FJI,20200126,0.00,,0.00,,0.00,,0.00,,0.00,,0.00,,0.00,,0.00,0.00,,0.00,0.00,0.00,2.00,1,0.00,0.00,0.00,0.00,,,,11.11,11.11,14.29,14.29,7.69,7.69,9.09,9.09,0.00,0.00
Fiji,FJI,20200127,0.00,,0.00,,0.00,,0.00,,0.00,,0.00,,0.00,,0.00,0.00,,0.00,0.00,0.00,2.00,1,0.00,0.00,0.00,0.00,,,,11.11,11.11,14.29,14.29,7.69,7.69,9.09,9.09,0.00,0.00
Fiji,FJI,20200128,0.00,,0.00,,0.00,,0.00,,0.00,,0.00,,0.00,,0.00,0.00,,0.00,0.00,0.00,2.00,1,0.00,0.00,0.00,0.00,,,,11.11,11.11,14.29,14.29,7.69,7.69,9.09,9.09,0.00,0.00
Fiji,FJI,20200129,0.00,,0.00,,0.00,,0.00,,0.00,,0.00,,0.00,,0.00,0.00,,0.00,0.00,0.00,2.00,1,0.00,0.00,0.00,0.00,,,,11.11,11.11,14.29,14.29,7.69,7.69,9.09,9.09,0.00,0.00
Fiji,FJI,20200130,0.00,,0.00,,0.00,,0.00,,0.00,,0.00,,0.00,,0.00,0.00,,0.00,0.00,0.00,2.00,1,0.00,0.00,0.00,0.00,,,,11.11,11.11,14.29,14.29,7.69,7.69,9.09,9.09,0.00,0.00
Fiji,FJI,20200131,0.00,,0.00,,0.00,,0.00,,0.00,,0.00,,0.00,,0.00,0.00,,0.00,0.00,0.00,2.00,1,0.00,0.00,0.00,0.00,,,,11.11,11.11,14.29,14.29,7.69,7.69,9.09,9.09,0.00,0.00
Fiji,FJI,20200201,0.00,,0.00,,0.00,,0.00,,0.00,,0.00,,0.00,,0.00,0.00,,0.00,0.00,0.00,2.00,1,0.00,0.00,0.00,0.00,,,,11.11,11.11,14.29,14.29,7.69,7.69,9.09,9.09,0.00,0.00
Fiji,FJI,20200202,0.00,,0.00,,0.00,,0.00,,0.00,,0.00,,0.00,,0.00,0.00,,0.00,0.00,0.00,2.00,1,0.00,0.00,0.00,0.00,,,,11.11,11.11,14.29,14.29,7.69,7.69,9.09,9.09,0.00,0.00
Fiji,FJI,20200203,0.00,,0.00,,0.00,,0.00,,0.00,,0.00,,0.00,,3.00,0.00,,0.00,0.00,0.00,2.00,1,0.00,0.00,0.00,0.00,,,,19.44,19.44,25.00,25.00,13.46,13.46,15.91,15.91,0.00,0.00
Fiji,FJI,20200204,0.00,,0.00,,0.00,,0.00,,0.00,,0.00,,0.00,,3.00,0.00,,0.00,0.00,0.00,2.00,1,0.00,0.00,0.00,0.00,,,,19.44,19.44,25.00,25.00,13.46,13.46,15.91,15.91,0.00,0.00
Fiji,FJI,20200205,0.00,,0.00,,0.00,,0.00,,0.00,,0.00,,0.00,,3.00,0.00,,0.00,0.00,0.00,2.00,1,0.00,0.00,0.00,0.00,,,,19.44,19.44,25.00,25.00,13.46,13.46,15.91,15.91,0.00,0.00
Fiji,FJI,20200206,0.00,,0.00,,0.00,,0.00,,0.00,,0.00,,0.00,,3.00,0.00,,0.00,0.00,0.00,2.00,1,0.00,0.00,0.00,0.00,,,,19.44,19.44,25.00,25.00,13.46,13.46,15.91,15.91,0.00,0.00
Fiji,FJI,20200207,0.00,,0.00,,0.00,,0.00,,0.00,,0.00,,0.00,,3.00,0.00,,0.00,0.00,0.00,2.00,1,0.00,0.00,0.00,0.00,,,,19.44,19.44,25.00,25.00,13.46,13.46,15.91,15.91,0.00,0.00
Fiji,FJI,20200208,0.00,,0.00,,0.00,,0.00,,0.00,,0.00,,0.00,,3.00,0.00,,0.00,0.00,0.00,2.00,1,0.00,0.00,0.00,0.00,,,,19.44,19.44,25.00,25.00,13.46,13.46,15.91,15.91,0.00,0.00
Fiji,FJI,20200209,0.00,,0.00,,0.00,,0.00,,0.00,,0.00,,0.00,,3.00,0.00,,0.00,0.00,0.00,2.00,1,0.00,0.00,0.00,0.00,,,,19.44,19.44,25.00,25.00,13.46,13.46,15.91,15.91,0.00,0.00
Fiji,FJI,20200210,0.00,,0.00,,0.00,,0.00,,0.00,,0.00,,0.00,,3.00,0.00,,0.00,0.00,0.00,2.00,1,0.00,0.00,0.00,0.00,,,,19.44,19.44,25.00,25.00,13.46,13.46,15.91,15.91,0.00,0.00
Fiji,FJI,20200211,0.00,,0.00,,0.00,,0.00,,0.00,,0.00,,0.00,,3.00,0.00,,0.00,0.00,0.00,2.00,1,0.00,0.00,0.00,0.00,,,,19.44,19.44,25.00,25.00,13.46,13.46,15.91,15.91,0.00,0.00
Fiji,FJI,20200212,0.00,,0.00,,0.00,,0.00,,0.00,,0.00,,0.00,,3.00,0.00,,0.00,0.00,0.00,2.00,1,0.00,0.00,0.00,0.00,,,,19.44,19.44,25.00,25.00,13.46,13.46,15.91,15.91,0.00,0.00
Fiji,FJI,20200213,0.00,,0.00,,0.00,,0.00,,0.00,,0.00,,0.00,,3.00,0.00,,0.00,0.00,0.00,2.00,1,0.00,0.00,0.00,0.00,,,,19.44,19.44,25.00,25.00,13.46,13.46,15.91,15.91,0.00,0.00
Fiji,FJI,20200214,0.00,,0.00,,0.00,,0.00,,0.00,,0.00,,0.00,,3.00,0.00,,0.00,0.00,0.00,2.00,1,0.00,0.00,0.00,0.00,,,,19.44,19.44,25.00,25.00,13.46,13.46,15.91,15.91,0.00,0.00
Fiji,FJI,20200215,0.00,,0.00,,0.00,,0.00,,0.00,,0.00,,0.00,,3.00,0.00,,0.00,0.00,0.00,2.00,1,0.00,0.00,0.00,0.00,,,,19.44,19.44,25.00,25.00,13.46,13.46,15.91,15.91,0.00,0.00
Fiji,FJI,20200216,0.00,,0.00,,0.00,,0.00,,0.00,,0.00,,0.00,,3.00,0.00,,0.00,0.00,0.00,2.00,1,0.00,0.00,0.00,0.00,,,,19.44,19.44,25.00,25.00,13.46,13.46,15.91,15.91,0.00,0.00
Fiji,FJI,20200217,0.00,,0.00,,0.00,,0.00,,0.00,,0.00,,0.00,,3.00,0.00,,0.00,0.00,0.00,2.00,1,0.00,0.00,0.00,0.00,,,,19.44,19.44,25.00,25.00,13.46,13.46,15.91,15.91,0.00,0.00
Fiji,FJI,20200218,0.00,,0.00,,0.00,,0.00,,0.00,,0.00,,0.00,,3.00,0.00,,0.00,0.00,0.00,2.00,1,0.00,0.00,0.00,0.00,,,,19.44,19.44,25.00,25.00,13.46,13.46,15.91,15.91,0.00,0.00
Fiji,FJI,20200219,0.00,,0.00,,0.00,,0.00,,0.00,,0.00,,0.00,,3.00,0.00,,0.00,0.00,0.00,2.00,1,0.00,0.00,0.00,0.00,,,,19.44,19.44,25.00,25.00,13.46,13.46,15.91,15.91,0.00,0.00
Fiji,FJI,20200220,0.00,,0.00,,0.00,,0.00,,0.00,,0.00,,0.00,,3.00,0.00,,0.00,0.00,0.00,2.00,1,0.00,0.00,0.00,0.00,,,,19.44,19.44,25.00,25.00,13.46,13.46,15.91,15.91,0.00,0.00
Fiji,FJI,20200221,0.00,,0.00,,0.00,,0.00,,0.00,,0.00,,0.00,,3.00,0.00,,0.00,0.00,0.00,2.00,1,0.00,0.00,0.00,0.00,,,,19.44,19.44,25.00,25.00,13.46,13.46,15.91,15.91,0.00,0.00
Fiji,FJI,20200222,0.00,,0.00,,0.00,,0.00,,0.00,,0.00,,0.00,,3.00,0.00,,0.00,0.00,0.00,2.00,1,0.00,0.00,0.00,0.00,,,,19.44,19.44,25.00,25.00,13.46,13.46,15.91,15.91,0.00,0.00
Fiji,FJI,20200223,0.00,,0.00,,0.00,,0.00,,0.00,,0.00,,0.00,,3.00,0.00,,0.00,0.00,0.00,2.00,1,0.00,0.00,0.00,0.00,,,,19.44,19.44,25.00,25.00,13.46,13.46,15.91,15.91,0.00,0.00
Fiji,FJI,20200224,0.00,,0.00,,0.00,,0.00,,0.00,,0.00,,0.00,,3.00,0.00,,0.00,0.00,0.00,2.00,1,0.00,0.00,0.00,0.00,,,,19.44,19.44,25.00,25.00,13.46,13.46,15.91,15.91,0.00,0.00
Fiji,FJI,20200225,0.00,,0.00,,0.00,,0.00,,0.00,,0.00,,0.00,,3.00,0.00,,0.00,0.00,0.00,2.00,1,0.00,0.00,0.00,0.00,,,,19.44,19.44,25.00,25.00,13.46,13.46,15.91,15.91,0.00,0.00
Fiji,FJI,20200226,0.00,,0.00,,0.00,,0.00,,0.00,,0.00,,0.00,,3.00,0.00,,0.00,0.00,0.00,2.00,1,0.00,0.00,0.00,0.00,,,,19.44,19.44,25.00,25.00,13.46,13.46,15.91,15.91,0.00,0.00
Fiji,FJI,20200227,0.00,,0.00,,0.00,,0.00,,0.00,,0.00,,0.00,,3.00,0.00,,0.00,0.00,0.00,2.00,1,0.00,0.00,0.00,0.00,,,,19.44,19.44,25.00,25.00,13.46,13.46,15.91,15.91,0.00,0.00
Fiji,FJI,20200228,0.00,,0.00,,0.00,,0.00,,0.00,,0.00,,0.00,,3.00,0.00,,0.00,0.00,0.00,2.00,1,0.00,0.00,0.00,0.00,,,,19.44,19.44,25.00,25.00,13.46,13.46,15.91,15.91,0.00,0.00
Fiji,FJI,20200229,0.00,,0.00,,0.00,,0.00,,0.00,,0.00,,0.00,,3.00,0.00,,0.00,0.00,0.00,2.00,1,0.00,0.00,0.00,0.00,,,,19.44,19.44,25.00,25.00,13.46,13.46,15.91,15.91,0.00,0.00
Fiji,FJI,20200301,0.00,,0.00,,0.00,,0.00,,0.00,,0.00,,0.00,,3.00,0.00,,0.00,0.00,0.00,2.00,1,0.00,0.00,0.00,0.00,,,,19.44,19.44,25.00,25.00,13.46,13.46,15.91,15.91,0.00,0.00
Fiji,FJI,20200302,0.00,,0.00,,0.00,,0.00,,0.00,,0.00,,0.00,,3.00,0.00,,0.00,0.00,0.00,2.00,1,0.00,0.00,0.00,0.00,,,,19.44,19.44,25.00,25.00,13.46,13.46,15.91,15.91,0.00,0.00
Fiji,FJI,20200303,0.00,,0.00,,0.00,,0.00,,0.00,,0.00,,0.00,,3.00,0.00,,0.00,0.00,0.00,2.00,1,0.00,0.00,0.00,0.00,,,,19.44,19.44,25.00,25.00,13.46,13.46,15.91,15.91,0.00,0.00
Fiji,FJI,20200304,0.00,,0.00,,0.00,,0.00,,0.00,,0.00,,0.00,,3.00,0.00,,0.00,0.00,0.00,2.00,1,0.00,0.00,0.00,0.00,,,,19.44,19.44,25.00,25.00,13.46,13.46,15.91,15.91,0.00,0.00
Fiji,FJI,20200305,0.00,,0.00,,0.00,,0.00,,0.00,,0.00,,0.00,,3.00,0.00,,0.00,0.00,0.00,2.00,1,0.00,0.00,0.00,0.00,,,,19.44,19.44,25.00,25.00,13.46,13.46,15.91,15.91,0.00,0.00
Fiji,FJI,20200306,0.00,,0.00,,0.00,,0.00,,0.00,,0.00,,0.00,,3.00,0.00,,0.00,0.00,0.00,2.00,1,0.00,0.00,0.00,0.00,,,,19.44,19.44,25.00,25.00,13.46,13.46,15.91,15.91,0.00,0.00
Fiji,FJI,20200307,0.00,,0.00,,0.00,,0.00,,0.00,,0.00,,0.00,,3.00,0.00,,0.00,0.00,0.00,2.00,1,0.00,0.00,0.00,0.00,,,,19.44,19.44,25.00,25.00,13.46,13.46,15.91,15.91,0.00,0.00
Fiji,FJI,20200308,0.00,,0.00,,0.00,,0.00,,0.00,,0.00,,0.00,,3.00,0.00,,0.00,0.00,0.00,2.00,1,0.00,0.00,0.00,0.00,,,,19.44,19.44,25.00,25.00,13.46,13.46,15.91,15.91,0.00,0.00
Fiji,FJI,20200309,0.00,,0.00,,0.00,,0.00,,0.00,,0.00,,0.00,,3.00,0.00,,0.00,0.00,0.00,2.00,1,0.00,0.00,0.00,0.00,,,,19.44,19.44,25.00,25.00,13.46,13.46,15.91,15.91,0.00,0.00
Fiji,FJI,20200310,0.00,,0.00,,0.00,,0.00,,0.00,,0.00,,0.00,,3.00,0.00,,0.00,0.00,0.00,2.00,1,0.00,0.00,0.00,0.00,,,,19.44,19.44,25.00,25.00,13.46,13.46,15.91,15.91,0.00,0.00
Fiji,FJI,20200311,0.00,,0.00,,0.00,,0.00,,0.00,,0.00,,0.00,,3.00,0.00,,0.00,0.00,0.00,2.00,1,2.00,0.00,0.00,0.00,,,,19.44,19.44,25.00,25.00,18.59,18.59,21.97,21.97,0.00,0.00
Fiji,FJI,20200312,0.00,,0.00,,0.00,,0.00,,0.00,,0.00,,0.00,,3.00,0.00,,0.00,0.00,0.00,2.00,1,2.00,0.00,0.00,0.00,,,,19.44,19.44,25.00,25.00,18.59,18.59,21.97,21.97,0.00,0.00
Fiji,FJI,20200313,0.00,,0.00,,0.00,,0.00,,0.00,,0.00,,0.00,,3.00,0.00,,0.00,0.00,0.00,2.00,1,2.00,0.00,0.00,0.00,,,,19.44,19.44,25.00,25.00,18.59,18.59,21.97,21.97,0.00,0.00
Fiji,FJI,20200314,0.00,,0.00,,0.00,,0.00,,0.00,,0.00,,0.00,,3.00,0.00,,0.00,0.00,0.00,2.00,1,2.00,0.00,0.00,0.00,,,,19.44,19.44,25.00,25.00,18.59,18.59,21.97,21.97,0.00,0.00
Fiji,FJI,20200315,0.00,,0.00,,0.00,,0.00,,0.00,,0.00,,0.00,,3.00,0.00,,0.00,0.00,0.00,2.00,1,2.00,0.00,0.00,0.00,,,,19.44,19.44,25.00,25.00,18.59,18.59,21.97,21.97,0.00,0.00
Fiji,FJI,20200316,0.00,,0.00,,2.00,1,0.00,,0.00,,0.00,,0.00,,3.00,0.00,,0.00,0.00,0.00,2.00,1,2.00,0.00,0.00,0.00,,,,30.56,30.56,39.29,39.29,26.28,26.28,31.06,31.06,0.00,0.00
Fiji,FJI,20200317,0.00,,0.00,,2.00,1,0.00,,0.00,,0.00,,0.00,,3.00,0.00,,0.00,0.00,0.00,2.00,1,2.00,0.00,0.00,0.00,,,,30.56,30.56,39.29,39.29,26.28,26.28,31.06,31.06,0.00,0.00
Fiji,FJI,20200318,0.00,,0.00,,2.00,1,0.00,,0.00,,0.00,,0.00,,3.00,0.00,,0.00,0.00,0.00,2.00,1,2.00,0.00,0.00,0.00,,,,30.56,30.56,39.29,39.29,26.28,26.28,31.06,31.06,0.00,0.00
Fiji,FJI,20200319,3.00,0,3.00,0,2.00,1,3.00,1,2.00,0,2.00,0,2.00,0,3.00,0.00,,0.00,0.00,0.00,2.00,1,2.00,2.00,0.00,0.00,,,,79.63,79.63,79.76,79.76,67.95,67.95,80.30,80.30,0.00,0.00
Fiji,FJI,20200320,3.00,0,3.00,0,2.00,1,3.00,1,2.00,0,2.00,0,2.00,0,3.00,0.00,,0.00,0.00,0.00,2.00,1,2.00,2.00,0.00,0.00,,1,0,79.63,79.63,79.76,79.76,67.95,67.95,80.30,80.30,0.00,0.00
Fiji,FJI,20200321,3.00,0,3.00,0,2.00,1,3.00,1,2.00,0,2.00,0,2.00,0,3.00,0.00,,0.00,0.00,0.00,2.00,1,2.00,2.00,0.00,0.00,,1,0,79.63,79.63,79.76,79.76,67.95,67.95,80.30,80.30,0.00,0.00
Fiji,FJI,20200322,3.00,0,3.00,0,2.00,1,3.00,1,2.00,0,2.00,0,2.00,0,3.00,0.00,,0.00,0.00,0.00,2.00,1,2.00,2.00,0.00,0.00,,2,0,79.63,79.63,79.76,79.76,67.95,67.95,80.30,80.30,0.00,0.00
Fiji,FJI,20200323,3.00,1,3.00,0,2.00,1,3.00,1,2.00,0,2.00,0,2.00,0,3.00,0.00,,0.00,0.00,0.00,2.00,1,2.00,2.00,0.00,0.00,,3,0,81.48,81.48,83.33,83.33,69.23,69.23,81.82,81.82,0.00,0.00
Fiji,FJI,20200324,3.00,1,3.00,0,2.00,1,3.00,1,2.00,0,2.00,0,2.00,0,3.00,0.00,,0.00,0.00,0.00,2.00,1,2.00,2.00,0.00,0.00,,4,0,81.48,81.48,83.33,83.33,69.23,69.23,81.82,81.82,0.00,0.00
Fiji,FJI,20200325,3.00,1,3.00,0,2.00,1,3.00,1,2.00,0,2.00,0,2.00,0,3.00,0.00,,0.00,0.00,0.00,2.00,1,2.00,2.00,0.00,0.00,,5,0,81.48,81.48,83.33,83.33,69.23,69.23,81.82,81.82,0.00,0.00
Fiji,FJI,20200326,3.00,1,3.00,0,2.00,1,3.00,1,2.00,0,2.00,0,2.00,0,3.00,0.00,,2.00,400000000.00,,2.00,1,2.00,2.00,40000000.00,0.00,,5,0,81.48,81.48,83.33,83.33,76.92,76.92,81.82,81.82,50.00,50.00
Fiji,FJI,20200327,3.00,1,3.00,0,2.00,1,3.00,1,2.00,0,2.00,0,2.00,0,3.00,1.00,1,2.00,0.00,0.00,2.00,1,2.00,2.00,0.00,0.00,,5,0,81.48,81.48,83.33,83.33,80.77,80.77,81.82,81.82,75.00,75.00
Fiji,FJI,20200328,3.00,1,3.00,0,2.00,1,3.00,1,2.00,0,2.00,0,2.00,0,3.00,1.00,1,2.00,0.00,0.00,2.00,1,2.00,2.00,0.00,0.00,,5,0,81.48,81.48,83.33,83.33,80.77,80.77,81.82,81.82,75.00,75.00
Fiji,FJI,20200329,3.00,1,3.00,0,2.00,1,3.00,1,2.00,0,2.00,0,2.00,0,4.00,1.00,1,2.00,0.00,0.00,2.00,1,2.00,2.00,0.00,0.00,,5,0,84.26,84.26,86.90,86.90,82.69,82.69,84.09,84.09,75.00,75.00
Fiji,FJI,20200330,3.00,1,3.00,0,2.00,1,3.00,1,2.00,0,2.00,1,2.00,1,4.00,1.00,1,2.00,0.00,0.00,2.00,1,2.00,2.00,0.00,0.00,,5,0,88.89,88.89,91.67,91.67,85.90,85.90,87.88,87.88,75.00,75.00
Fiji,FJI,20200331,3.00,1,3.00,0,2.00,1,3.00,1,2.00,0,2.00,1,2.00,1,4.00,1.00,1,2.00,0.00,0.00,2.00,1,2.00,2.00,0.00,0.00,,5,0,88.89,88.89,91.67,91.67,85.90,85.90,87.88,87.88,75.00,75.00
Fiji,FJI,20200401,3.00,1,3.00,0,2.00,1,3.00,1,2.00,0,2.00,1,2.00,1,4.00,1.00,1,2.00,0.00,0.00,2.00,1,2.00,2.00,0.00,0.00,,5,0,88.89,88.89,91.67,91.67,85.90,85.90,87.88,87.88,75.00,75.00
Fiji,FJI,20200402,3.00,1,3.00,0,2.00,1,3.00,1,2.00,0,2.00,1,2.00,1,4.00,1.00,1,2.00,0.00,0.00,2.00,1,2.00,2.00,0.00,0.00,,7,0,88.89,88.89,91.67,91.67,85.90,85.90,87.88,87.88,75.00,75.00
Fiji,FJI,20200403,3.00,1,3.00,0,2.00,1,3.00,1,2.00,0,2.00,1,2.00,1,4.00,1.00,1,2.00,0.00,0.00,2.00,1,2.00,2.00,0.00,0.00,,7,0,88.89,88.89,91.67,91.67,85.90,85.90,87.88,87.88,75.00,75.00
Fiji,FJI,20200404,3.00,1,3.00,0,2.00,1,3.00,1,2.00,0,2.00,1,2.00,1,4.00,1.00,1,2.00,0.00,0.00,2.00,1,2.00,2.00,0.00,0.00,,12,0,88.89,88.89,91.67,91.67,85.90,85.90,87.88,87.88,75.00,75.00
Fiji,FJI,20200405,3.00,1,3.00,0,2.00,1,3.00,1,2.00,0,2.00,1,2.00,1,4.00,1.00,1,2.00,0.00,0.00,2.00,1,2.00,2.00,0.00,0.00,,12,0,88.89,88.89,91.67,91.67,85.90,85.90,87.88,87.88,75.00,75.00
Fiji,FJI,20200406,3.00,1,3.00,0,2.00,1,3.00,1,2.00,0,2.00,1,2.00,1,4.00,1.00,1,2.00,0.00,0.00,2.00,1,2.00,2.00,0.00,0.00,,14,0,88.89,88.89,91.67,91.67,85.90,85.90,87.88,87.88,75.00,75.00
Fiji,FJI,20200407,3.00,1,3.00,0,2.00,1,3.00,1,2.00,0,2.00,1,2.00,1,4.00,1.00,1,2.00,0.00,0.00,2.00,1,2.00,2.00,0.00,0.00,,14,0,88.89,88.89,91.67,91.67,85.90,85.90,87.88,87.88,75.00,75.00
Fiji,FJI,20200408,3.00,1,3.00,0,2.00,1,3.00,1,2.00,0,2.00,1,2.00,1,4.00,1.00,1,2.00,0.00,0.00,2.00,1,2.00,2.00,0.00,0.00,,15,0,88.89,88.89,91.67,91.67,85.90,85.90,87.88,87.88,75.00,75.00
Fiji,FJI,20200409,3.00,1,3.00,0,2.00,1,3.00,1,2.00,0,2.00,1,2.00,1,4.00,1.00,1,2.00,0.00,0.00,2.00,1,2.00,2.00,0.00,0.00,,15,0,88.89,88.89,91.67,91.67,85.90,85.90,87.88,87.88,75.00,75.00
Fiji,FJI,20200410,3.00,1,3.00,0,2.00,1,3.00,1,2.00,0,2.00,1,2.00,1,4.00,1.00,1,2.00,0.00,0.00,2.00,1,2.00,2.00,0.00,0.00,,15,0,88.89,88.89,91.67,91.67,85.90,85.90,87.88,87.88,75.00,75.00
Fiji,FJI,20200411,3.00,1,3.00,0,2.00,1,3.00,1,2.00,0,2.00,1,2.00,1,4.00,1.00,1,2.00,0.00,0.00,2.00,1,2.00,2.00,0.00,0.00,,16,0,88.89,88.89,91.67,91.67,85.90,85.90,87.88,87.88,75.00,75.00
Fiji,FJI,20200412,3.00,1,3.00,0,2.00,1,3.00,1,2.00,0,2.00,1,2.00,1,4.00,1.00,1,2.00,0.00,0.00,2.00,1,2.00,2.00,0.00,0.00,,16,0,88.89,88.89,91.67,91.67,85.90,85.90,87.88,87.88,75.00,75.00
Fiji,FJI,20200413,3.00,1,3.00,0,2.00,1,3.00,1,2.00,0,2.00,1,2.00,1,4.00,1.00,1,2.00,0.00,0.00,2.00,1,2.00,2.00,0.00,0.00,,16,0,88.89,88.89,91.67,91.67,85.90,85.90,87.88,87.88,75.00,75.00
Fiji,FJI,20200414,3.00,1,3.00,0,2.00,1,3.00,1,2.00,0,2.00,1,2.00,1,4.00,1.00,1,2.00,0.00,0.00,2.00,1,2.00,2.00,0.00,0.00,,16,0,88.89,88.89,91.67,91.67,85.90,85.90,87.88,87.88,75.00,75.00
Fiji,FJI,20200415,3.00,1,3.00,0,2.00,1,3.00,1,2.00,0,2.00,1,2.00,1,4.00,1.00,1,2.00,0.00,0.00,2.00,1,2.00,2.00,0.00,0.00,,16,0,88.89,88.89,91.67,91.67,85.90,85.90,87.88,87.88,75.00,75.00
Fiji,FJI,20200416,3.00,1,3.00,0,2.00,1,3.00,1,2.00,0,2.00,1,2.00,1,4.00,1.00,1,2.00,0.00,0.00,2.00,1,2.00,2.00,0.00,0.00,,16,0,88.89,88.89,91.67,91.67,85.90,85.90,87.88,87.88,75.00,75.00
Fiji,FJI,20200417,3.00,1,3.00,0,2.00,1,3.00,1,2.00,0,2.00,1,2.00,1,4.00,1.00,1,2.00,0.00,0.00,2.00,1,3.00,2.00,0.00,0.00,,17,0,88.89,88.89,91.67,91.67,88.46,88.46,90.91,90.91,75.00,75.00
Fiji,FJI,20200418,3.00,1,3.00,0,2.00,1,3.00,1,2.00,0,2.00,1,2.00,1,4.00,1.00,1,2.00,0.00,0.00,2.00,1,3.00,2.00,0.00,0.00,,17,0,88.89,88.89,91.67,91.67,88.46,88.46,90.91,90.91,75.00,75.00
Fiji,FJI,20200419,3.00,1,3.00,0,2.00,1,3.00,1,2.00,0,2.00,1,2.00,1,4.00,1.00,1,2.00,0.00,0.00,2.00,1,3.00,2.00,0.00,0.00,,17,0,88.89,88.89,91.67,91.67,88.46,88.46,90.91,90.91,75.00,75.00
Fiji,FJI,20200420,3.00,1,3.00,0,2.00,1,3.00,1,2.00,0,2.00,1,2.00,1,4.00,1.00,1,2.00,0.00,0.00,2.00,1,3.00,2.00,0.00,0.00,,17,0,88.89,88.89,91.67,91.67,88.46,88.46,90.91,90.91,75.00,75.00
Fiji,FJI,20200421,3.00,1,3.00,0,2.00,1,3.00,1,2.00,0,2.00,1,2.00,1,4.00,1.00,1,2.00,0.00,0.00,2.00,1,3.00,2.00,0.00,0.00,,18,0,88.89,88.89,91.67,91.67,88.46,88.46,90.91,90.91,75.00,75.00
Fiji,FJI,20200422,3.00,1,3.00,0,2.00,1,3.00,1,2.00,0,2.00,1,2.00,1,4.00,1.00,1,2.00,0.00,0.00,2.00,1,3.00,2.00,0.00,0.00,,18,0,88.89,88.89,91.67,91.67,88.46,88.46,90.91,90.91,75.00,75.00
Fiji,FJI,20200423,3.00,1,3.00,0,2.00,1,3.00,1,2.00,0,2.00,1,2.00,1,4.00,1.00,1,2.00,0.00,0.00,2.00,1,3.00,2.00,0.00,0.00,,18,0,88.89,88.89,91.67,91.67,88.46,88.46,90.91,90.91,75.00,75.00
Fiji,FJI,20200424,3.00,1,3.00,0,2.00,1,3.00,1,2.00,0,2.00,1,2.00,1,4.00,1.00,1,2.00,0.00,0.00,2.00,1,3.00,2.00,0.00,0.00,,18,0,88.89,88.89,91.67,91.67,88.46,88.46,90.91,90.91,75.00,75.00
Fiji,FJI,20200425,3.00,1,3.00,0,2.00,1,3.00,1,2.00,0,2.00,1,2.00,1,4.00,1.00,1,2.00,0.00,0.00,2.00,1,3.00,2.00,0.00,0.00,,18,0,88.89,88.89,91.67,91.67,88.46,88.46,90.91,90.91,75.00,75.00
Fiji,FJI,20200426,3.00,1,3.00,0,2.00,1,3.00,1,2.00,0,2.00,1,2.00,1,4.00,1.00,1,2.00,0.00,0.00,2.00,1,3.00,2.00,0.00,0.00,,18,0,88.89,88.89,91.67,91.67,88.46,88.46,90.91,90.91,75.00,75.00
Fiji,FJI,20200427,3.00,1,3.00,0,2.00,1,3.00,1,2.00,0,2.00,1,2.00,1,4.00,1.00,1,2.00,0.00,0.00,2.00,1,3.00,2.00,0.00,0.00,,18,0,88.89,88.89,91.67,91.67,88.46,88.46,90.91,90.91,75.00,75.00
Fiji,FJI,20200428,3.00,1,3.00,0,2.00,1,3.00,1,2.00,0,2.00,1,2.00,1,4.00,1.00,1,2.00,0.00,0.00,2.00,1,3.00,2.00,0.00,0.00,,18,0,88.89,88.89,91.67,91.67,88.46,88.46,90.91,90.91,75.00,75.00
Fiji,FJI,20200429,3.00,1,3.00,0,2.00,1,3.00,1,2.00,0,2.00,1,2.00,1,4.00,1.00,1,2.00,0.00,0.00,2.00,1,3.00,2.00,0.00,0.00,,18,0,88.89,88.89,91.67,91.67,88.46,88.46,90.91,90.91,75.00,75.00
Fiji,FJI,20200430,3.00,1,3.00,0,2.00,1,3.00,1,2.00,0,2.00,1,2.00,1,4.00,1.00,1,2.00,0.00,0.00,2.00,1,3.00,2.00,0.00,0.00,,18,0,88.89,88.89,91.67,91.67,88.46,88.46,90.91,90.91,75.00,75.00
Fiji,FJI,20200501,3.00,1,3.00,0,2.00,1,3.00,1,2.00,0,2.00,1,2.00,1,4.00,1.00,1,2.00,0.00,0.00,2.00,1,3.00,2.00,0.00,0.00,,18,0,88.89,88.89,91.67,91.67,88.46,88.46,90.91,90.91,75.00,75.00
Fiji,FJI,20200502,3.00,1,3.00,0,2.00,1,3.00,1,2.00,0,2.00,1,2.00,1,4.00,1.00,1,2.00,0.00,0.00,2.00,1,3.00,2.00,0.00,0.00,,18,0,88.89,88.89,91.67,91.67,88.46,88.46,90.91,90.91,75.00,75.00
Fiji,FJI,20200503,3.00,1,3.00,0,2.00,1,3.00,1,2.00,0,2.00,1,2.00,1,4.00,1.00,1,2.00,0.00,0.00,2.00,1,3.00,2.00,0.00,0.00,,18,0,88.89,88.89,91.67,91.67,88.46,88.46,90.91,90.91,75.00,75.00
Fiji,FJI,20200504,3.00,1,3.00,0,2.00,1,3.00,1,2.00,0,2.00,1,2.00,1,4.00,1.00,1,2.00,0.00,0.00,2.00,1,3.00,2.00,0.00,0.00,,18,0,88.89,88.89,91.67,91.67,88.46,88.46,90.91,90.91,75.00,75.00
Fiji,FJI,20200505,3.00,1,3.00,0,2.00,1,3.00,1,2.00,0,2.00,1,2.00,1,4.00,1.00,1,2.00,0.00,0.00,2.00,1,3.00,2.00,0.00,0.00,,18,0,88.89,88.89,91.67,91.67,88.46,88.46,90.91,90.91,75.00,75.00
Fiji,FJI,20200506,3.00,1,3.00,0,2.00,1,3.00,1,2.00,0,2.00,1,2.00,1,4.00,1.00,1,2.00,0.00,0.00,2.00,1,3.00,2.00,0.00,0.00,,18,0,88.89,88.89,91.67,91.67,88.46,88.46,90.91,90.91,75.00,75.00
Fiji,FJI,20200507,3.00,1,3.00,0,2.00,1,3.00,1,2.00,0,2.00,1,2.00,1,4.00,1.00,1,2.00,0.00,0.00,2.00,1,3.00,2.00,0.00,0.00,,18,0,88.89,88.89,91.67,91.67,88.46,88.46,90.91,90.91,75.00,75.00
Fiji,FJI,20200508,3.00,1,3.00,0,2.00,1,3.00,1,2.00,0,2.00,1,2.00,1,4.00,1.00,1,2.00,0.00,0.00,2.00,1,3.00,2.00,0.00,0.00,,18,0,88.89,88.89,91.67,91.67,88.46,88.46,90.91,90.91,75.00,75.00
Fiji,FJI,20200509,3.00,1,3.00,0,2.00,1,3.00,1,2.00,0,2.00,1,2.00,1,4.00,1.00,1,2.00,0.00,0.00,2.00,1,3.00,2.00,0.00,0.00,,18,0,88.89,88.89,91.67,91.67,88.46,88.46,90.91,90.91,75.00,75.00
Fiji,FJI,20200510,3.00,1,3.00,0,2.00,1,3.00,1,2.00,0,2.00,1,2.00,1,4.00,1.00,1,2.00,0.00,0.00,2.00,1,3.00,2.00,0.00,0.00,,18,0,88.89,88.89,91.67,91.67,88.46,88.46,90.91,90.91,75.00,75.00
Fiji,FJI,20200511,3.00,1,3.00,0,2.00,1,3.00,1,2.00,0,2.00,1,2.00,1,4.00,1.00,1,2.00,0.00,0.00,2.00,1,3.00,2.00,0.00,0.00,,18,0,88.89,88.89,91.67,91.67,88.46,88.46,90.91,90.91,75.00,75.00
Fiji,FJI,20200512,3.00,1,3.00,0,2.00,1,3.00,1,2.00,0,2.00,1,2.00,1,4.00,1.00,1,2.00,0.00,0.00,2.00,1,3.00,2.00,0.00,0.00,,18,0,88.89,88.89,91.67,91.67,88.46,88.46,90.91,90.91,75.00,75.00
Fiji,FJI,20200513,3.00,1,3.00,0,2.00,1,3.00,1,2.00,0,2.00,1,2.00,1,4.00,1.00,1,2.00,0.00,0.00,2.00,1,3.00,2.00,0.00,0.00,,18,0,88.89,88.89,91.67,91.67,88.46,88.46,90.91,90.91,75.00,75.00
Fiji,FJI,20200514,3.00,1,3.00,0,2.00,1,3.00,1,2.00,0,2.00,1,2.00,1,4.00,1.00,1,2.00,0.00,0.00,2.00,1,3.00,2.00,0.00,0.00,,18,0,88.89,88.89,91.67,91.67,88.46,88.46,90.91,90.91,75.00,75.00
Fiji,FJI,20200515,3.00,1,2.00,1,2.00,1,3.00,1,0.00,,2.00,1,2.00,1,4.00,1.00,1,2.00,0.00,0.00,2.00,1,3.00,2.00,0.00,0.00,,18,0,78.70,78.70,82.14,82.14,81.41,81.41,82.58,82.58,75.00,75.00
Fiji,FJI,20200516,3.00,1,2.00,1,2.00,1,3.00,1,0.00,,2.00,1,2.00,1,4.00,1.00,1,2.00,0.00,0.00,2.00,1,3.00,2.00,0.00,0.00,,18,0,78.70,78.70,82.14,82.14,81.41,81.41,82.58,82.58,75.00,75.00
Fiji,FJI,20200517,3.00,1,2.00,1,2.00,1,3.00,1,0.00,,2.00,1,2.00,1,4.00,1.00,1,2.00,0.00,0.00,2.00,1,3.00,2.00,0.00,0.00,,18,0,78.70,78.70,82.14,82.14,81.41,81.41,82.58,82.58,75.00,75.00
Fiji,FJI,20200518,3.00,1,2.00,1,2.00,1,3.00,1,0.00,,2.00,1,2.00,1,4.00,1.00,1,2.00,0.00,0.00,2.00,1,3.00,2.00,0.00,0.00,,18,0,78.70,78.70,82.14,82.14,81.41,81.41,82.58,82.58,75.00,75.00
Fiji,FJI,20200519,3.00,1,2.00,1,2.00,1,3.00,1,0.00,,2.00,1,2.00,1,4.00,1.00,1,2.00,0.00,0.00,2.00,1,3.00,2.00,0.00,0.00,,18,0,78.70,78.70,82.14,82.14,81.41,81.41,82.58,82.58,75.00,75.00
Fiji,FJI,20200520,3.00,1,2.00,1,2.00,1,3.00,1,0.00,,2.00,1,2.00,1,4.00,1.00,1,2.00,0.00,0.00,2.00,1,3.00,2.00,0.00,0.00,,18,0,78.70,78.70,82.14,82.14,81.41,81.41,82.58,82.58,75.00,75.00
Fiji,FJI,20200521,3.00,1,2.00,1,2.00,1,3.00,1,0.00,,2.00,1,2.00,1,4.00,1.00,1,2.00,0.00,0.00,2.00,1,3.00,2.00,0.00,0.00,,18,0,78.70,78.70,82.14,82.14,81.41,81.41,82.58,82.58,75.00,75.00
Fiji,FJI,20200522,3.00,1,2.00,1,2.00,1,3.00,1,0.00,,2.00,1,2.00,1,4.00,1.00,1,2.00,0.00,0.00,2.00,1,3.00,2.00,0.00,0.00,,18,0,78.70,78.70,82.14,82.14,81.41,81.41,82.58,82.58,75.00,75.00
Fiji,FJI,20200523,3.00,1,2.00,1,2.00,1,3.00,1,0.00,,2.00,1,2.00,1,4.00,1.00,1,2.00,0.00,0.00,2.00,1,3.00,2.00,0.00,0.00,,18,0,78.70,78.70,82.14,82.14,81.41,81.41,82.58,82.58,75.00,75.00
Fiji,FJI,20200524,3.00,1,2.00,1,2.00,1,3.00,1,0.00,,2.00,1,2.00,1,4.00,1.00,1,2.00,0.00,0.00,2.00,1,3.00,2.00,0.00,0.00,,18,0,78.70,78.70,82.14,82.14,81.41,81.41,82.58,82.58,75.00,75.00
Fiji,FJI,20200525,3.00,1,2.00,1,2.00,1,3.00,1,0.00,,2.00,1,2.00,1,4.00,1.00,1,2.00,0.00,0.00,2.00,1,3.00,2.00,0.00,0.00,,18,0,78.70,78.70,82.14,82.14,81.41,81.41,82.58,82.58,75.00,75.00
Fiji,FJI,20200526,3.00,1,2.00,1,2.00,1,3.00,1,0.00,,2.00,1,2.00,1,4.00,1.00,1,2.00,0.00,0.00,2.00,1,3.00,2.00,0.00,0.00,,18,0,78.70,78.70,82.14,82.14,81.41,81.41,82.58,82.58,75.00,75.00
Fiji,FJI,20200527,3.00,1,2.00,1,2.00,1,3.00,1,0.00,,2.00,1,2.00,1,4.00,1.00,1,2.00,0.00,0.00,2.00,1,3.00,2.00,0.00,0.00,,18,0,78.70,78.70,82.14,82.14,81.41,81.41,82.58,82.58,75.00,75.00
Fiji,FJI,20200528,3.00,1,2.00,1,2.00,1,3.00,1,0.00,,2.00,1,2.00,1,4.00,1.00,1,2.00,0.00,0.00,2.00,1,3.00,2.00,0.00,0.00,,18,0,78.70,78.70,82.14,82.14,81.41,81.41,82.58,82.58,75.00,75.00
Fiji,FJI,20200529,3.00,1,2.00,1,2.00,1,3.00,1,0.00,,2.00,1,2.00,1,4.00,1.00,1,2.00,0.00,0.00,2.00,1,3.00,2.00,0.00,0.00,,18,0,78.70,78.70,82.14,82.14,81.41,81.41,82.58,82.58,75.00,75.00
Fiji,FJI,20200530,3.00,1,2.00,1,2.00,1,3.00,1,0.00,,2.00,1,2.00,1,4.00,1.00,1,2.00,0.00,0.00,2.00,1,3.00,2.00,0.00,0.00,,18,0,78.70,78.70,82.14,82.14,81.41,81.41,82.58,82.58,75.00,75.00
Fiji,FJI,20200531,3.00,1,2.00,1,2.00,1,3.00,1,0.00,,2.00,1,2.00,1,4.00,1.00,1,2.00,0.00,0.00,2.00,1,3.00,2.00,0.00,0.00,,18,0,78.70,78.70,82.14,82.14,81.41,81.41,82.58,82.58,75.00,75.00
Fiji,FJI,20200601,3.00,1,2.00,1,2.00,1,3.00,1,0.00,,2.00,1,2.00,1,4.00,1.00,1,2.00,0.00,0.00,2.00,1,3.00,2.00,0.00,0.00,,18,0,78.70,78.70,82.14,82.14,81.41,81.41,82.58,82.58,75.00,75.00
Fiji,FJI,20200602,3.00,1,2.00,1,2.00,1,3.00,1,0.00,,2.00,1,2.00,1,4.00,1.00,1,2.00,0.00,0.00,2.00,1,3.00,2.00,0.00,0.00,,18,0,78.70,78.70,82.14,82.14,81.41,81.41,82.58,82.58,75.00,75.00
Fiji,FJI,20200603,3.00,1,2.00,1,2.00,1,3.00,1,0.00,,2.00,1,2.00,1,4.00,1.00,1,2.00,0.00,0.00,2.00,1,3.00,2.00,0.00,0.00,,18,0,78.70,78.70,82.14,82.14,81.41,81.41,82.58,82.58,75.00,75.00
Fiji,FJI,20200604,3.00,1,2.00,1,2.00,1,3.00,1,0.00,,2.00,1,2.00,1,4.00,1.00,1,2.00,0.00,0.00,2.00,1,3.00,2.00,0.00,0.00,,18,0,78.70,78.70,82.14,82.14,81.41,81.41,82.58,82.58,75.00,75.00
Fiji,FJI,20200605,3.00,1,2.00,1,2.00,1,3.00,1,0.00,,2.00,1,2.00,1,4.00,1.00,1,2.00,0.00,0.00,2.00,1,3.00,2.00,0.00,0.00,,18,0,78.70,78.70,82.14,82.14,81.41,81.41,82.58,82.58,75.00,75.00
Fiji,FJI,20200606,3.00,1,2.00,1,2.00,1,3.00,1,0.00,,2.00,1,2.00,1,4.00,1.00,1,2.00,0.00,0.00,2.00,1,3.00,2.00,0.00,0.00,,18,0,78.70,78.70,82.14,82.14,81.41,81.41,82.58,82.58,75.00,75.00
Fiji,FJI,20200607,3.00,1,2.00,1,2.00,1,3.00,1,0.00,,2.00,1,2.00,1,4.00,1.00,1,2.00,0.00,0.00,2.00,1,3.00,2.00,0.00,0.00,,18,0,78.70,78.70,82.14,82.14,81.41,81.41,82.58,82.58,75.00,75.00
Fiji,FJI,20200608,3.00,1,2.00,1,2.00,1,3.00,1,0.00,,2.00,1,2.00,1,4.00,1.00,1,2.00,0.00,0.00,2.00,1,3.00,2.00,0.00,0.00,,18,0,78.70,78.70,82.14,82.14,81.41,81.41,82.58,82.58,75.00,75.00
Fiji,FJI,20200609,3.00,1,2.00,1,2.00,1,3.00,1,0.00,,2.00,1,2.00,1,4.00,1.00,1,2.00,0.00,0.00,2.00,1,3.00,2.00,0.00,0.00,,18,0,78.70,78.70,82.14,82.14,81.41,81.41,82.58,82.58,75.00,75.00
Fiji,FJI,20200610,3.00,1,2.00,1,2.00,1,3.00,1,0.00,,2.00,1,2.00,1,4.00,1.00,1,2.00,0.00,0.00,2.00,1,3.00,2.00,0.00,0.00,,18,0,78.70,78.70,82.14,82.14,81.41,81.41,82.58,82.58,75.00,75.00
Fiji,FJI,20200611,3.00,1,2.00,1,2.00,1,3.00,1,0.00,,2.00,1,2.00,1,4.00,1.00,1,2.00,0.00,0.00,2.00,1,3.00,2.00,0.00,0.00,,18,0,78.70,78.70,82.14,82.14,81.41,81.41,82.58,82.58,75.00,75.00
Fiji,FJI,20200612,3.00,1,2.00,1,2.00,1,3.00,1,0.00,,2.00,1,2.00,1,4.00,1.00,1,2.00,0.00,0.00,2.00,1,3.00,2.00,0.00,0.00,,18,0,78.70,78.70,82.14,82.14,81.41,81.41,82.58,82.58,75.00,75.00
Fiji,FJI,20200613,3.00,1,2.00,1,2.00,1,3.00,1,0.00,,2.00,1,2.00,1,4.00,1.00,1,2.00,0.00,0.00,2.00,1,3.00,2.00,0.00,0.00,,18,0,78.70,78.70,82.14,82.14,81.41,81.41,82.58,82.58,75.00,75.00
Fiji,FJI,20200614,3.00,1,2.00,1,2.00,1,3.00,1,0.00,,2.00,1,2.00,1,4.00,1.00,1,2.00,0.00,0.00,2.00,1,3.00,2.00,0.00,0.00,,18,0,78.70,78.70,82.14,82.14,81.41,81.41,82.58,82.58,75.00,75.00
Fiji,FJI,20200615,3.00,1,2.00,1,2.00,1,3.00,1,0.00,,2.00,1,2.00,1,4.00,1.00,1,2.00,0.00,0.00,2.00,1,3.00,2.00,0.00,0.00,,18,0,78.70,78.70,82.14,82.14,81.41,81.41,82.58,82.58,75.00,75.00
Fiji,FJI,20200616,3.00,1,2.00,1,2.00,1,3.00,1,0.00,,2.00,1,2.00,1,4.00,1.00,1,2.00,0.00,0.00,2.00,1,3.00,2.00,0.00,0.00,,18,0,78.70,78.70,82.14,82.14,81.41,81.41,82.58,82.58,75.00,75.00
Fiji,FJI,20200617,3.00,1,2.00,1,2.00,1,3.00,1,0.00,,2.00,1,2.00,1,4.00,1.00,1,2.00,0.00,0.00,2.00,1,3.00,2.00,0.00,0.00,,18,0,78.70,78.70,82.14,82.14,81.41,81.41,82.58,82.58,75.00,75.00
Fiji,FJI,20200618,3.00,1,2.00,1,2.00,1,3.00,1,0.00,,2.00,1,2.00,1,4.00,1.00,1,2.00,0.00,0.00,2.00,1,3.00,2.00,0.00,0.00,,18,0,78.70,78.70,82.14,82.14,81.41,81.41,82.58,82.58,75.00,75.00
Fiji,FJI,20200619,3.00,1,2.00,1,2.00,1,3.00,1,0.00,,2.00,1,2.00,1,4.00,1.00,1,2.00,0.00,0.00,2.00,1,3.00,2.00,0.00,0.00,,18,0,78.70,78.70,82.14,82.14,81.41,81.41,82.58,82.58,75.00,75.00
Fiji,FJI,20200620,3.00,1,2.00,1,2.00,1,3.00,1,0.00,,2.00,1,2.00,1,4.00,1.00,1,2.00,0.00,0.00,2.00,1,3.00,2.00,0.00,0.00,,18,0,78.70,78.70,82.14,82.14,81.41,81.41,82.58,82.58,75.00,75.00
Fiji,FJI,20200621,3.00,1,2.00,1,2.00,1,3.00,1,0.00,,2.00,1,2.00,1,4.00,1.00,1,2.00,0.00,0.00,2.00,1,3.00,2.00,0.00,0.00,,18,0,78.70,78.70,82.14,82.14,81.41,81.41,82.58,82.58,75.00,75.00
Fiji,FJI,20200622,3.00,1,2.00,1,2.00,1,3.00,1,0.00,,2.00,1,2.00,1,4.00,1.00,1,2.00,0.00,0.00,2.00,1,3.00,2.00,0.00,0.00,,18,0,78.70,78.70,82.14,82.14,81.41,81.41,82.58,82.58,75.00,75.00
Fiji,FJI,20200623,,,,,,,,,,,,,,,,,,,,,,,,,,,,18,0,,78.70,,82.14,,81.41,,82.58,,75.00
