France,FRA,20200101,0.00,,0.00,,0.00,,0.00,,0.00,,0.00,,0.00,,0.00,0.00,,0.00,0.00,0.00,0.00,,0.00,0.00,0.00,0.00,,0,0,0.00,0.00,0.00,0.00,0.00,0.00,0.00,0.00,0.00,0.00
France,FRA,20200102,0.00,,0.00,,0.00,,0.00,,0.00,,0.00,,0.00,,0.00,0.00,,0.00,0.00,0.00,0.00,,0.00,0.00,0.00,0.00,,0,0,0.00,0.00,0.00,0.00,0.00,0.00,0.00,0.00,0.00,0.00
France,FRA,20200103,0.00,,0.00,,0.00,,0.00,,0.00,,0.00,,0.00,,0.00,0.00,,0.00,0.00,0.00,0.00,,0.00,0.00,0.00,0.00,,0,0,0.00,0.00,0.00,0.00,0.00,0.00,0.00,0.00,0.00,0.00
France,FRA,20200104,0.00,,0.00,,0.00,,0.00,,0.00,,0.00,,0.00,,0.00,0.00,,0.00,0.00,0.00,0.00,,0.00,0.00,0.00,0.00,,0,0,0.00,0.00,0.00,0.00,0.00,0.00,0.00,0.00,0.00,0.00
France,FRA,20200105,0.00,,0.00,,0.00,,0.00,,0.00,,0.00,,0.00,,0.00,0.00,,0.00,0.00,0.00,0.00,,0.00,0.00,0.00,0.00,,0,0,0.00,0.00,0.00,0.00,0.00,0.00,0.00,0.00,0.00,0.00
France,FRA,20200106,0.00,,0.00,,0.00,,0.00,,0.00,,0.00,,0.00,,0.00,0.00,,0.00,0.00,0.00,0.00,,0.00,0.00,0.00,0.00,,0,0,0.00,0.00,0.00,0.00,0.00,0.00,0.00,0.00,0.00,0.00
France,FRA,20200107,0.00,,0.00,,0.00,,0.00,,0.00,,0.00,,0.00,,0.00,0.00,,0.00,0.00,0.00,0.00,,0.00,0.00,0.00,0.00,,0,0,0.00,0.00,0.00,0.00,0.00,0.00,0.00,0.00,0.00,0.00
France,FRA,20200108,0.00,,0.00,,0.00,,0.00,,0.00,,0.00,,0.00,,0.00,0.00,,0.00,0.00,0.00,0.00,,0.00,0.00,0.00,0.00,,0,0,0.00,0.00,0.00,0.00,0.00,0.00,0.00,0.00,0.00,0.00
France,FRA,20200109,0.00,,0.00,,0.00,,0.00,,0.00,,0.00,,0.00,,0.00,0.00,,0.00,0.00,0.00,0.00,,0.00,0.00,0.00,0.00,,0,0,0.00,0.00,0.00,0.00,0.00,0.00,0.00,0.00,0.00,0.00
France,FRA,20200110,0.00,,0.00,,0.00,,0.00,,0.00,,0.00,,0.00,,0.00,0.00,,0.00,0.00,0.00,0.00,,0.00,0.00,0.00,0.00,,0,0,0.00,0.00,0.00,0.00,0.00,0.00,0.00,0.00,0.00,0.00
France,FRA,20200111,0.00,,0.00,,0.00,,0.00,,0.00,,0.00,,0.00,,0.00,0.00,,0.00,0.00,0.00,0.00,,0.00,0.00,0.00,0.00,,0,0,0.00,0.00,0.00,0.00,0.00,0.00,0.00,0.00,0.00,0.00
France,FRA,20200112,0.00,,0.00,,0.00,,0.00,,0.00,,0.00,,0.00,,0.00,0.00,,0.00,0.00,0.00,0.00,,0.00,0.00,0.00,0.00,,0,0,0.00,0.00,0.00,0.00,0.00,0.00,0.00,0.00,0.00,0.00
France,FRA,20200113,0.00,,0.00,,0.00,,0.00,,0.00,,0.00,,0.00,,0.00,0.00,,0.00,0.00,0.00,0.00,,0.00,0.00,0.00,0.00,,0,0,0.00,0.00,0.00,0.00,0.00,0.00,0.00,0.00,0.00,0.00
France,FRA,20200114,0.00,,0.00,,0.00,,0.00,,0.00,,0.00,,0.00,,0.00,0.00,,0.00,0.00,0.00,0.00,,0.00,0.00,0.00,0.00,,0,0,0.00,0.00,0.00,0.00,0.00,0.00,0.00,0.00,0.00,0.00
France,FRA,20200115,0.00,,0.00,,0.00,,0.00,,0.00,,0.00,,0.00,,0.00,0.00,,0.00,0.00,0.00,0.00,,0.00,0.00,0.00,0.00,,0,0,0.00,0.00,0.00,0.00,0.00,0.00,0.00,0.00,0.00,0.00
France,FRA,20200116,0.00,,0.00,,0.00,,0.00,,0.00,,0.00,,0.00,,0.00,0.00,,0.00,0.00,0.00,0.00,,0.00,0.00,0.00,0.00,,0,0,0.00,0.00,0.00,0.00,0.00,0.00,0.00,0.00,0.00,0.00
France,FRA,20200117,0.00,,0.00,,0.00,,0.00,,0.00,,0.00,,0.00,,0.00,0.00,,0.00,0.00,0.00,0.00,,0.00,0.00,0.00,0.00,,0,0,0.00,0.00,0.00,0.00,0.00,0.00,0.00,0.00,0.00,0.00
France,FRA,20200118,0.00,,0.00,,0.00,,0.00,,0.00,,0.00,,0.00,,0.00,0.00,,0.00,0.00,0.00,0.00,,0.00,0.00,0.00,0.00,,0,0,0.00,0.00,0.00,0.00,0.00,0.00,0.00,0.00,0.00,0.00
France,FRA,20200119,0.00,,0.00,,0.00,,0.00,,0.00,,0.00,,0.00,,0.00,0.00,,0.00,0.00,0.00,0.00,,0.00,0.00,0.00,0.00,,0,0,0.00,0.00,0.00,0.00,0.00,0.00,0.00,0.00,0.00,0.00
France,FRA,20200120,0.00,,0.00,,0.00,,0.00,,0.00,,0.00,,0.00,,0.00,0.00,,0.00,0.00,0.00,0.00,,0.00,0.00,0.00,0.00,,0,0,0.00,0.00,0.00,0.00,0.00,0.00,0.00,0.00,0.00,0.00
France,FRA,20200121,0.00,,0.00,,0.00,,0.00,,0.00,,0.00,,0.00,,0.00,0.00,,0.00,0.00,0.00,0.00,,0.00,0.00,0.00,0.00,,0,0,0.00,0.00,0.00,0.00,0.00,0.00,0.00,0.00,0.00,0.00
France,FRA,20200122,0.00,,0.00,,0.00,,0.00,,0.00,,0.00,,0.00,,0.00,0.00,,0.00,0.00,0.00,0.00,,0.00,0.00,0.00,0.00,,0,0,0.00,0.00,0.00,0.00,0.00,0.00,0.00,0.00,0.00,0.00
France,FRA,20200123,0.00,,0.00,,0.00,,0.00,,0.00,,0.00,,0.00,,1.00,0.00,,0.00,0.00,0.00,0.00,,0.00,0.00,0.00,0.00,,0,0,2.78,2.78,3.57,3.57,1.92,1.92,2.27,2.27,0.00,0.00
France,FRA,20200124,0.00,,0.00,,0.00,,0.00,,0.00,,0.00,,0.00,,1.00,0.00,,0.00,0.00,0.00,2.00,0,0.00,0.00,0.00,0.00,,0,0,11.11,11.11,13.10,13.10,7.69,7.69,9.09,9.09,0.00,0.00
France,FRA,20200125,0.00,,0.00,,0.00,,0.00,,0.00,,0.00,,0.00,,1.00,0.00,,0.00,0.00,0.00,2.00,0,0.00,0.00,0.00,0.00,,3,0,11.11,11.11,13.10,13.10,7.69,7.69,9.09,9.09,0.00,0.00
France,FRA,20200126,0.00,,0.00,,0.00,,0.00,,0.00,,0.00,,0.00,,1.00,0.00,,0.00,0.00,0.00,2.00,0,0.00,0.00,0.00,0.00,,3,0,11.11,11.11,13.10,13.10,7.69,7.69,9.09,9.09,0.00,0.00
France,FRA,20200127,0.00,,0.00,,0.00,,0.00,,0.00,,0.00,,0.00,,1.00,0.00,,0.00,0.00,0.00,2.00,0,0.00,0.00,0.00,0.00,,3,0,11.11,11.11,13.10,13.10,7.69,7.69,9.09,9.09,0.00,0.00
France,FRA,20200128,0.00,,0.00,,0.00,,0.00,,0.00,,0.00,,0.00,,1.00,0.00,,0.00,0.00,0.00,2.00,0,0.00,0.00,0.00,0.00,,3,0,11.11,11.11,13.10,13.10,7.69,7.69,9.09,9.09,0.00,0.00
France,FRA,20200129,0.00,,0.00,,0.00,,0.00,,0.00,,0.00,,0.00,,1.00,0.00,,0.00,0.00,0.00,2.00,0,0.00,0.00,0.00,0.00,,4,0,11.11,11.11,13.10,13.10,7.69,7.69,9.09,9.09,0.00,0.00
France,FRA,20200130,0.00,,0.00,,0.00,,0.00,,0.00,,0.00,,0.00,,1.00,0.00,,0.00,0.00,0.00,2.00,0,0.00,0.00,0.00,0.00,,5,0,11.11,11.11,13.10,13.10,7.69,7.69,9.09,9.09,0.00,0.00
France,FRA,20200131,0.00,,0.00,,0.00,,0.00,,0.00,,0.00,,0.00,,2.00,0.00,,0.00,0.00,0.00,2.00,0,0.00,0.00,0.00,0.00,,6,0,13.89,13.89,16.67,16.67,9.62,9.62,11.36,11.36,0.00,0.00
France,FRA,20200201,0.00,,0.00,,0.00,,0.00,,0.00,,0.00,,0.00,,2.00,0.00,,0.00,0.00,0.00,2.00,0,0.00,0.00,0.00,0.00,,6,0,13.89,13.89,16.67,16.67,9.62,9.62,11.36,11.36,0.00,0.00
France,FRA,20200202,0.00,,0.00,,0.00,,0.00,,0.00,,0.00,,0.00,,2.00,0.00,,0.00,0.00,0.00,2.00,0,0.00,0.00,0.00,0.00,,6,0,13.89,13.89,16.67,16.67,9.62,9.62,11.36,11.36,0.00,0.00
France,FRA,20200203,0.00,,0.00,,0.00,,0.00,,0.00,,0.00,,0.00,,2.00,0.00,,0.00,0.00,0.00,2.00,0,0.00,0.00,0.00,0.00,,6,0,13.89,13.89,16.67,16.67,9.62,9.62,11.36,11.36,0.00,0.00
France,FRA,20200204,0.00,,0.00,,0.00,,0.00,,0.00,,0.00,,0.00,,2.00,0.00,,0.00,0.00,0.00,2.00,0,0.00,0.00,0.00,0.00,,6,0,13.89,13.89,16.67,16.67,9.62,9.62,11.36,11.36,0.00,0.00
France,FRA,20200205,0.00,,0.00,,0.00,,0.00,,0.00,,0.00,,0.00,,2.00,0.00,,0.00,0.00,0.00,2.00,0,0.00,0.00,0.00,0.00,,6,0,13.89,13.89,16.67,16.67,9.62,9.62,11.36,11.36,0.00,0.00
France,FRA,20200206,0.00,,0.00,,0.00,,0.00,,0.00,,0.00,,0.00,,2.00,0.00,,0.00,0.00,0.00,2.00,0,0.00,0.00,0.00,0.00,,6,0,13.89,13.89,16.67,16.67,9.62,9.62,11.36,11.36,0.00,0.00
France,FRA,20200207,0.00,,0.00,,0.00,,0.00,,0.00,,0.00,,0.00,,2.00,0.00,,0.00,0.00,0.00,2.00,0,0.00,0.00,0.00,0.00,,6,0,13.89,13.89,16.67,16.67,9.62,9.62,11.36,11.36,0.00,0.00
France,FRA,20200208,0.00,,0.00,,0.00,,0.00,,0.00,,0.00,,0.00,,2.00,0.00,,0.00,0.00,0.00,2.00,0,0.00,0.00,0.00,0.00,,11,0,13.89,13.89,16.67,16.67,9.62,9.62,11.36,11.36,0.00,0.00
France,FRA,20200209,0.00,,0.00,,0.00,,0.00,,0.00,,0.00,,0.00,,2.00,0.00,,0.00,0.00,0.00,2.00,0,0.00,0.00,0.00,0.00,,11,0,13.89,13.89,16.67,16.67,9.62,9.62,11.36,11.36,0.00,0.00
France,FRA,20200210,0.00,,0.00,,0.00,,0.00,,0.00,,0.00,,0.00,,2.00,0.00,,0.00,0.00,0.00,2.00,0,0.00,0.00,0.00,0.00,,11,0,13.89,13.89,16.67,16.67,9.62,9.62,11.36,11.36,0.00,0.00
France,FRA,20200211,0.00,,0.00,,0.00,,0.00,,0.00,,0.00,,0.00,,2.00,0.00,,0.00,0.00,0.00,2.00,0,0.00,0.00,0.00,0.00,,11,0,13.89,13.89,16.67,16.67,9.62,9.62,11.36,11.36,0.00,0.00
France,FRA,20200212,0.00,,0.00,,0.00,,0.00,,0.00,,0.00,,0.00,,2.00,0.00,,0.00,0.00,0.00,2.00,0,0.00,0.00,0.00,0.00,,11,0,13.89,13.89,16.67,16.67,9.62,9.62,11.36,11.36,0.00,0.00
France,FRA,20200213,0.00,,0.00,,0.00,,0.00,,0.00,,0.00,,0.00,,2.00,0.00,,0.00,0.00,0.00,2.00,0,0.00,0.00,0.00,0.00,,11,0,13.89,13.89,16.67,16.67,9.62,9.62,11.36,11.36,0.00,0.00
France,FRA,20200214,0.00,,0.00,,0.00,,0.00,,0.00,,0.00,,0.00,,2.00,0.00,,0.00,0.00,0.00,2.00,0,0.00,0.00,0.00,0.00,,11,0,13.89,13.89,16.67,16.67,9.62,9.62,11.36,11.36,0.00,0.00
France,FRA,20200215,0.00,,0.00,,0.00,,0.00,,0.00,,0.00,,0.00,,2.00,0.00,,0.00,0.00,0.00,2.00,0,0.00,0.00,0.00,0.00,,11,1,13.89,13.89,16.67,16.67,9.62,9.62,11.36,11.36,0.00,0.00
France,FRA,20200216,0.00,,0.00,,0.00,,0.00,,0.00,,0.00,,0.00,,2.00,0.00,,0.00,0.00,0.00,2.00,0,0.00,0.00,0.00,0.00,,11,1,13.89,13.89,16.67,16.67,9.62,9.62,11.36,11.36,0.00,0.00
France,FRA,20200217,0.00,,0.00,,0.00,,0.00,,0.00,,0.00,,0.00,,2.00,0.00,,0.00,0.00,0.00,2.00,0,0.00,0.00,0.00,0.00,,12,1,13.89,13.89,16.67,16.67,9.62,9.62,11.36,11.36,0.00,0.00
France,FRA,20200218,0.00,,0.00,,0.00,,0.00,,0.00,,0.00,,0.00,,2.00,0.00,,0.00,0.00,0.00,2.00,0,0.00,0.00,0.00,0.00,,12,1,13.89,13.89,16.67,16.67,9.62,9.62,11.36,11.36,0.00,0.00
France,FRA,20200219,0.00,,0.00,,0.00,,0.00,,0.00,,0.00,,0.00,,2.00,0.00,,0.00,0.00,0.00,2.00,0,0.00,0.00,0.00,0.00,,12,1,13.89,13.89,16.67,16.67,9.62,9.62,11.36,11.36,0.00,0.00
France,FRA,20200220,0.00,,0.00,,0.00,,0.00,,0.00,,0.00,,0.00,,2.00,0.00,,0.00,0.00,0.00,2.00,0,0.00,0.00,0.00,0.00,,12,1,13.89,13.89,16.67,16.67,9.62,9.62,11.36,11.36,0.00,0.00
France,FRA,20200221,0.00,,0.00,,0.00,,0.00,,0.00,,0.00,,0.00,,2.00,0.00,,0.00,0.00,0.00,2.00,0,0.00,0.00,0.00,0.00,,12,1,13.89,13.89,16.67,16.67,9.62,9.62,11.36,11.36,0.00,0.00
France,FRA,20200222,0.00,,0.00,,0.00,,0.00,,0.00,,0.00,,0.00,,2.00,0.00,,0.00,0.00,0.00,2.00,0,0.00,0.00,0.00,0.00,,12,1,13.89,13.89,16.67,16.67,9.62,9.62,11.36,11.36,0.00,0.00
France,FRA,20200223,0.00,,0.00,,0.00,,0.00,,0.00,,0.00,,0.00,,2.00,0.00,,0.00,0.00,0.00,2.00,0,0.00,0.00,0.00,0.00,,12,1,13.89,13.89,16.67,16.67,9.62,9.62,11.36,11.36,0.00,0.00
France,FRA,20200224,0.00,,0.00,,0.00,,0.00,,0.00,,0.00,,0.00,,2.00,0.00,,0.00,0.00,0.00,2.00,0,0.00,0.00,0.00,0.00,,12,1,13.89,13.89,16.67,16.67,9.62,9.62,11.36,11.36,0.00,0.00
France,FRA,20200225,0.00,,0.00,,0.00,,0.00,,0.00,,0.00,,0.00,,2.00,0.00,,0.00,0.00,0.00,2.00,1,2.00,0.00,0.00,0.00,,12,1,16.67,16.67,21.43,21.43,16.67,16.67,19.70,19.70,0.00,0.00
France,FRA,20200226,0.00,,0.00,,0.00,,0.00,,0.00,,0.00,,0.00,,2.00,0.00,,0.00,0.00,0.00,2.00,1,2.00,1.00,0.00,0.00,,14,1,16.67,16.67,21.43,21.43,20.51,20.51,24.24,24.24,0.00,0.00
France,FRA,20200227,0.00,,0.00,,0.00,,0.00,,0.00,,0.00,,0.00,,2.00,0.00,,0.00,0.00,0.00,2.00,1,2.00,1.00,0.00,0.00,,17,2,16.67,16.67,21.43,21.43,20.51,20.51,24.24,24.24,0.00,0.00
France,FRA,20200228,0.00,,0.00,,0.00,,0.00,,0.00,,0.00,,0.00,,2.00,0.00,,0.00,0.00,0.00,2.00,1,2.00,1.00,0.00,0.00,,38,2,16.67,16.67,21.43,21.43,20.51,20.51,24.24,24.24,0.00,0.00
France,FRA,20200229,0.00,,0.00,,0.00,,1.00,1,0.00,,0.00,,0.00,,2.00,0.00,,0.00,0.00,0.00,2.00,1,2.00,1.00,0.00,0.00,,57,2,19.44,19.44,27.14,27.14,22.44,22.44,26.52,26.52,0.00,0.00
France,FRA,20200301,0.00,,0.00,,0.00,,1.00,1,0.00,,0.00,,0.00,,2.00,0.00,,0.00,0.00,0.00,2.00,1,2.00,1.00,0.00,0.00,,100,2,19.44,19.44,27.14,27.14,22.44,22.44,26.52,26.52,0.00,0.00
France,FRA,20200302,3.00,0,0.00,,0.00,,1.00,1,0.00,,0.00,,0.00,,2.00,0.00,,0.00,0.00,0.00,2.00,1,2.00,1.00,0.00,0.00,,130,2,28.70,28.70,37.86,37.86,28.85,28.85,34.09,34.09,0.00,0.00
France,FRA,20200303,3.00,0,0.00,,0.00,,1.00,1,0.00,,0.00,,0.00,,2.00,0.00,,0.00,0.00,0.00,2.00,1,2.00,1.00,0.00,0.00,,178,3,28.70,28.70,37.86,37.86,28.85,28.85,34.09,34.09,0.00,0.00
France,FRA,20200304,3.00,0,0.00,,0.00,,1.00,1,0.00,,0.00,,0.00,,2.00,0.00,,0.00,0.00,0.00,2.00,1,2.00,1.00,0.00,0.00,,212,4,28.70,28.70,37.86,37.86,28.85,28.85,34.09,34.09,0.00,0.00
France,FRA,20200305,3.00,0,0.00,,0.00,,1.00,1,0.00,,0.00,,0.00,,2.00,0.00,,0.00,0.00,0.00,2.00,1,2.00,1.00,0.00,0.00,,285,4,28.70,28.70,37.86,37.86,28.85,28.85,34.09,34.09,0.00,0.00
France,FRA,20200306,3.00,0,0.00,,0.00,,1.00,1,0.00,,0.00,,0.00,,2.00,0.00,,0.00,0.00,0.00,2.00,1,2.00,1.00,0.00,0.00,,423,7,28.70,28.70,37.86,37.86,28.85,28.85,34.09,34.09,0.00,0.00
France,FRA,20200307,3.00,0,0.00,,0.00,,1.00,1,0.00,,0.00,,0.00,,2.00,0.00,,0.00,0.00,0.00,2.00,1,2.00,1.00,0.00,0.00,,613,9,28.70,28.70,37.86,37.86,28.85,28.85,34.09,34.09,0.00,0.00
France,FRA,20200308,3.00,0,0.00,,0.00,,1.00,1,0.00,,0.00,,0.00,,2.00,0.00,,0.00,0.00,0.00,2.00,1,2.00,1.00,0.00,0.00,,716,10,28.70,28.70,37.86,37.86,28.85,28.85,34.09,34.09,0.00,0.00
France,FRA,20200309,3.00,0,0.00,,0.00,,1.00,1,0.00,,0.00,,0.00,,2.00,0.00,,0.00,0.00,0.00,2.00,1,2.00,1.00,0.00,0.00,,1126,19,28.70,28.70,37.86,37.86,28.85,28.85,34.09,34.09,0.00,0.00
France,FRA,20200310,3.00,0,0.00,,0.00,,1.00,1,0.00,,0.00,,0.00,,2.00,0.00,,0.00,0.00,0.00,2.00,1,2.00,1.00,0.00,0.00,,1412,30,28.70,28.70,37.86,37.86,28.85,28.85,34.09,34.09,0.00,0.00
France,FRA,20200311,3.00,0,0.00,,0.00,,1.00,1,0.00,,0.00,,0.00,,2.00,0.00,,0.00,0.00,0.00,2.00,1,2.00,1.00,0.00,0.00,,1784,33,28.70,28.70,37.86,37.86,28.85,28.85,34.09,34.09,0.00,0.00
France,FRA,20200312,3.00,0,0.00,,0.00,,1.00,1,0.00,,0.00,,0.00,,2.00,0.00,,0.00,0.00,0.00,2.00,1,2.00,1.00,0.00,0.00,,2281,48,28.70,28.70,37.86,37.86,28.85,28.85,34.09,34.09,0.00,0.00
France,FRA,20200313,3.00,0,0.00,,2.00,1,2.00,1,0.00,,0.00,,0.00,,2.00,0.00,,0.00,0.00,0.00,2.00,1,2.00,1.00,0.00,0.00,,2876,61,42.59,42.59,46.43,46.43,38.46,38.46,45.45,45.45,0.00,0.00
France,FRA,20200314,3.00,0,0.00,,2.00,1,2.00,1,0.00,,0.00,,1.00,1,2.00,0.00,,0.00,0.00,0.00,2.00,1,2.00,1.00,0.00,0.00,,3661,79,48.15,48.15,55.95,55.95,42.31,42.31,50.00,50.00,0.00,0.00
France,FRA,20200315,3.00,0,0.00,,2.00,1,2.00,1,0.00,,0.00,,1.00,1,2.00,0.00,,0.00,0.00,0.00,2.00,1,2.00,1.00,0.00,0.00,,4499,91,48.15,48.15,55.95,55.95,42.31,42.31,50.00,50.00,0.00,0.00
France,FRA,20200316,3.00,1,0.00,,2.00,1,2.00,1,1.00,1,0.00,,1.00,1,2.00,2.00,1,2.00,0.00,0.00,2.00,1,2.00,1.00,0.00,0.00,,5423,127,55.56,55.56,69.05,69.05,62.82,62.82,56.06,56.06,100.00,100.00
France,FRA,20200317,3.00,1,3.00,1,2.00,1,4.00,1,1.00,1,2.00,1,2.00,1,4.00,2.00,1,2.00,0.00,0.00,2.00,1,1.00,1.00,0.00,0.00,,6633,148,90.74,90.74,95.24,95.24,84.62,84.62,81.82,81.82,100.00,100.00
France,FRA,20200318,3.00,1,3.00,1,2.00,1,4.00,1,1.00,1,2.00,1,2.00,1,4.00,2.00,1,2.00,48768705000.00,0.00,2.00,1,1.00,1.00,0.00,0.00,,7730,175,90.74,90.74,95.24,95.24,84.62,84.62,81.82,81.82,100.00,100.00
France,FRA,20200319,3.00,1,3.00,1,2.00,1,4.00,1,1.00,1,2.00,1,2.00,1,4.00,2.00,1,2.00,0.00,0.00,2.00,1,1.00,1.00,0.00,0.00,,9134,244,90.74,90.74,95.24,95.24,84.62,84.62,81.82,81.82,100.00,100.00
France,FRA,20200320,3.00,1,3.00,1,2.00,1,4.00,1,1.00,1,2.00,1,2.00,1,4.00,2.00,1,2.00,0.00,0.00,2.00,1,1.00,1.00,0.00,54880244.00,,10995,372,90.74,90.74,95.24,95.24,84.62,84.62,81.82,81.82,100.00,100.00
France,FRA,20200321,3.00,1,3.00,1,2.00,1,4.00,1,1.00,1,2.00,1,2.00,1,4.00,2.00,1,2.00,0.00,0.00,2.00,1,1.00,1.00,0.00,0.00,,12612,450,90.74,90.74,95.24,95.24,84.62,84.62,81.82,81.82,100.00,100.00
France,FRA,20200322,3.00,1,3.00,1,2.00,1,4.00,1,1.00,1,2.00,1,2.00,1,4.00,2.00,1,2.00,0.00,0.00,2.00,1,1.00,1.00,0.00,0.00,,14459,562,90.74,90.74,95.24,95.24,84.62,84.62,81.82,81.82,100.00,100.00
France,FRA,20200323,3.00,1,3.00,1,2.00,1,4.00,1,1.00,1,2.00,1,2.00,1,4.00,2.00,1,2.00,0.00,0.00,2.00,1,1.00,1.00,0.00,0.00,,16018,674,90.74,90.74,95.24,95.24,84.62,84.62,81.82,81.82,100.00,100.00
France,FRA,20200324,3.00,1,3.00,1,2.00,1,4.00,1,1.00,1,2.00,1,2.00,1,4.00,2.00,1,2.00,0.00,0.00,2.00,1,1.00,1.00,0.00,0.00,,19856,860,90.74,90.74,95.24,95.24,84.62,84.62,81.82,81.82,100.00,100.00
France,FRA,20200325,3.00,1,3.00,1,2.00,1,4.00,1,1.00,1,2.00,1,2.00,1,4.00,2.00,1,2.00,0.00,0.00,2.00,1,1.00,1.00,0.00,0.00,,22302,1100,90.74,90.74,95.24,95.24,84.62,84.62,81.82,81.82,100.00,100.00
France,FRA,20200326,3.00,1,3.00,1,2.00,1,4.00,1,1.00,1,2.00,1,2.00,1,4.00,2.00,1,2.00,0.00,0.00,2.00,1,1.00,1.00,0.00,0.00,,25233,1331,90.74,90.74,95.24,95.24,84.62,84.62,81.82,81.82,100.00,100.00
France,FRA,20200327,3.00,1,3.00,1,2.00,1,4.00,1,1.00,1,2.00,1,2.00,1,4.00,2.00,1,2.00,0.00,0.00,2.00,1,1.00,1.00,0.00,0.00,,29155,1696,90.74,90.74,95.24,95.24,84.62,84.62,81.82,81.82,100.00,100.00
France,FRA,20200328,3.00,1,3.00,1,2.00,1,4.00,1,1.00,1,2.00,1,2.00,1,4.00,2.00,1,2.00,0.00,0.00,2.00,1,1.00,1.00,0.00,0.00,,32964,1995,90.74,90.74,95.24,95.24,84.62,84.62,81.82,81.82,100.00,100.00
France,FRA,20200329,3.00,1,3.00,1,2.00,1,4.00,1,1.00,1,2.00,1,2.00,1,4.00,2.00,1,2.00,0.00,0.00,2.00,1,1.00,1.00,0.00,0.00,,37575,2314,90.74,90.74,95.24,95.24,84.62,84.62,81.82,81.82,100.00,100.00
France,FRA,20200330,3.00,1,3.00,1,2.00,1,4.00,1,1.00,1,2.00,1,2.00,1,4.00,2.00,1,2.00,0.00,0.00,2.00,1,1.00,1.00,0.00,0.00,,40174,2606,90.74,90.74,95.24,95.24,84.62,84.62,81.82,81.82,100.00,100.00
France,FRA,20200331,3.00,1,3.00,1,2.00,1,4.00,1,1.00,1,2.00,1,2.00,1,4.00,2.00,1,2.00,0.00,0.00,2.00,1,1.00,1.00,4409436000.00,0.00,,44550,3024,90.74,90.74,95.24,95.24,84.62,84.62,81.82,81.82,100.00,100.00
France,FRA,20200401,3.00,1,3.00,1,2.00,1,4.00,1,1.00,1,2.00,1,2.00,1,4.00,2.00,1,2.00,0.00,0.00,2.00,1,1.00,1.00,0.00,0.00,,52128,3523,90.74,90.74,95.24,95.24,84.62,84.62,81.82,81.82,100.00,100.00
France,FRA,20200402,3.00,1,3.00,1,2.00,1,4.00,1,1.00,1,2.00,1,2.00,1,4.00,2.00,1,2.00,0.00,0.00,2.00,1,1.00,1.00,0.00,0.00,,56989,4032,90.74,90.74,95.24,95.24,84.62,84.62,81.82,81.82,100.00,100.00
France,FRA,20200403,3.00,1,3.00,1,2.00,1,4.00,1,1.00,1,2.00,1,2.00,1,4.00,2.00,1,2.00,0.00,0.00,2.00,1,1.00,1.00,0.00,0.00,,59105,4503,90.74,90.74,95.24,95.24,84.62,84.62,81.82,81.82,100.00,100.00
France,FRA,20200404,3.00,1,3.00,1,2.00,1,4.00,1,1.00,1,2.00,1,2.00,1,4.00,2.00,1,2.00,0.00,0.00,2.00,1,1.00,1.00,1080970.91,0.00,,64338,6507,90.74,90.74,95.24,95.24,84.62,84.62,81.82,81.82,100.00,100.00
France,FRA,20200405,3.00,1,3.00,1,2.00,1,4.00,1,1.00,1,2.00,1,2.00,1,4.00,2.00,1,2.00,0.00,0.00,2.00,1,1.00,1.00,0.00,0.00,,68605,7560,90.74,90.74,95.24,95.24,84.62,84.62,81.82,81.82,100.00,100.00
France,FRA,20200406,3.00,1,3.00,1,2.00,1,4.00,1,1.00,1,2.00,1,2.00,1,4.00,2.00,1,2.00,0.00,0.00,2.00,1,1.00,1.00,0.00,0.00,,70478,8078,90.74,90.74,95.24,95.24,84.62,84.62,81.82,81.82,100.00,100.00
France,FRA,20200407,3.00,1,3.00,1,2.00,1,4.00,1,1.00,1,2.00,1,2.00,1,4.00,2.00,1,2.00,0.00,0.00,2.00,1,1.00,1.00,0.00,0.00,,74390,8911,90.74,90.74,95.24,95.24,84.62,84.62,81.82,81.82,100.00,100.00
France,FRA,20200408,3.00,1,3.00,1,2.00,1,4.00,1,1.00,1,2.00,1,2.00,1,4.00,2.00,1,2.00,0.00,0.00,2.00,1,1.00,1.00,0.00,0.00,,78167,10328,90.74,90.74,95.24,95.24,84.62,84.62,81.82,81.82,100.00,100.00
France,FRA,20200409,3.00,1,3.00,1,2.00,1,4.00,1,1.00,1,2.00,1,2.00,1,4.00,2.00,1,2.00,0.00,1311754455.00,2.00,1,1.00,1.00,0.00,0.00,,82048,10869,90.74,90.74,95.24,95.24,84.62,84.62,81.82,81.82,100.00,100.00
France,FRA,20200410,3.00,1,3.00,1,2.00,1,4.00,1,1.00,1,2.00,1,2.00,1,4.00,2.00,1,2.00,0.00,0.00,2.00,1,1.00,1.00,0.00,0.00,,86334,12210,90.74,90.74,95.24,95.24,84.62,84.62,81.82,81.82,100.00,100.00
France,FRA,20200411,3.00,1,3.00,1,2.00,1,4.00,1,1.00,1,2.00,1,2.00,1,4.00,2.00,1,2.00,0.00,0.00,2.00,1,1.00,1.00,0.00,0.00,,90676,13197,90.74,90.74,95.24,95.24,84.62,84.62,81.82,81.82,100.00,100.00
France,FRA,20200412,3.00,1,3.00,1,2.00,1,4.00,1,1.00,1,2.00,1,2.00,1,4.00,2.00,1,2.00,0.00,0.00,2.00,1,1.00,1.00,0.00,0.00,,93790,13832,90.74,90.74,95.24,95.24,84.62,84.62,81.82,81.82,100.00,100.00
France,FRA,20200413,3.00,1,3.00,1,2.00,1,4.00,1,1.00,1,2.00,1,2.00,1,4.00,2.00,1,2.00,0.00,0.00,2.00,1,1.00,1.00,0.00,0.00,,95403,14393,90.74,90.74,95.24,95.24,84.62,84.62,81.82,81.82,100.00,100.00
France,FRA,20200414,3.00,1,3.00,1,2.00,1,4.00,1,1.00,1,2.00,1,2.00,1,4.00,2.00,1,2.00,0.00,0.00,2.00,1,1.00,1.00,0.00,0.00,,98076,14967,90.74,90.74,95.24,95.24,84.62,84.62,81.82,81.82,100.00,100.00
France,FRA,20200415,3.00,1,3.00,1,2.00,1,4.00,1,1.00,1,2.00,1,2.00,1,4.00,2.00,1,2.00,709275922528.00,0.00,2.00,1,1.00,1.00,0.00,0.00,,103573,15729,90.74,90.74,95.24,95.24,84.62,84.62,81.82,81.82,100.00,100.00
France,FRA,20200416,3.00,1,3.00,1,2.00,1,4.00,1,1.00,1,2.00,1,2.00,1,4.00,2.00,1,2.00,0.00,0.00,2.00,1,1.00,1.00,0.00,0.00,,106206,17167,90.74,90.74,95.24,95.24,84.62,84.62,81.82,81.82,100.00,100.00
France,FRA,20200417,3.00,1,3.00,1,2.00,1,4.00,1,1.00,1,2.00,1,2.00,1,4.00,2.00,1,2.00,0.00,0.00,2.00,1,1.00,1.00,0.00,0.00,,108847,17920,90.74,90.74,95.24,95.24,84.62,84.62,81.82,81.82,100.00,100.00
France,FRA,20200418,3.00,1,3.00,1,2.00,1,4.00,1,1.00,1,2.00,1,2.00,1,4.00,2.00,1,2.00,0.00,0.00,2.00,1,1.00,1.00,0.00,0.00,,109252,18681,90.74,90.74,95.24,95.24,84.62,84.62,81.82,81.82,100.00,100.00
France,FRA,20200419,3.00,1,3.00,1,2.00,1,4.00,1,1.00,1,2.00,1,2.00,1,4.00,2.00,1,2.00,0.00,0.00,2.00,1,1.00,1.00,0.00,0.00,,111821,19323,90.74,90.74,95.24,95.24,84.62,84.62,81.82,81.82,100.00,100.00
France,FRA,20200420,3.00,1,3.00,1,2.00,1,4.00,1,1.00,1,2.00,1,2.00,1,4.00,2.00,1,2.00,0.00,0.00,2.00,1,1.00,1.00,0.00,0.00,,112606,19718,90.74,90.74,95.24,95.24,84.62,84.62,81.82,81.82,100.00,100.00
France,FRA,20200421,3.00,1,3.00,1,2.00,1,4.00,1,1.00,1,2.00,1,2.00,1,4.00,2.00,1,2.00,0.00,0.00,2.00,1,1.00,1.00,0.00,0.00,,114657,20265,90.74,90.74,95.24,95.24,84.62,84.62,81.82,81.82,100.00,100.00
France,FRA,20200422,3.00,1,3.00,1,2.00,1,4.00,1,1.00,1,2.00,1,2.00,1,4.00,2.00,1,2.00,0.00,0.00,2.00,1,1.00,1.00,0.00,0.00,,117324,20796,90.74,90.74,95.24,95.24,84.62,84.62,81.82,81.82,100.00,100.00
France,FRA,20200423,3.00,1,3.00,1,2.00,1,4.00,1,1.00,1,2.00,1,2.00,1,4.00,2.00,1,2.00,0.00,0.00,2.00,1,1.00,1.00,0.00,0.00,,119151,21340,90.74,90.74,95.24,95.24,84.62,84.62,81.82,81.82,100.00,100.00
France,FRA,20200424,3.00,1,3.00,1,2.00,1,4.00,1,1.00,1,2.00,1,2.00,1,4.00,2.00,1,2.00,0.00,0.00,2.00,1,1.00,1.00,0.00,0.00,,120804,21856,90.74,90.74,95.24,95.24,84.62,84.62,81.82,81.82,100.00,100.00
France,FRA,20200425,3.00,1,3.00,1,2.00,1,4.00,1,1.00,1,2.00,1,2.00,1,4.00,2.00,1,2.00,0.00,0.00,2.00,1,1.00,1.00,0.00,0.00,,122577,22245,90.74,90.74,95.24,95.24,84.62,84.62,81.82,81.82,100.00,100.00
France,FRA,20200426,3.00,1,3.00,1,2.00,1,4.00,1,1.00,1,2.00,1,2.00,1,4.00,2.00,1,2.00,0.00,0.00,2.00,1,1.00,1.00,0.00,0.00,,124114,22614,90.74,90.74,95.24,95.24,84.62,84.62,81.82,81.82,100.00,100.00
France,FRA,20200427,3.00,1,3.00,1,2.00,1,4.00,1,1.00,1,2.00,1,2.00,1,4.00,2.00,1,2.00,0.00,0.00,2.00,1,1.00,1.00,0.00,0.00,,124575,22856,90.74,90.74,95.24,95.24,84.62,84.62,81.82,81.82,100.00,100.00
France,FRA,20200428,3.00,1,3.00,1,2.00,1,4.00,1,1.00,1,2.00,1,2.00,1,4.00,2.00,1,2.00,0.00,0.00,2.00,1,1.00,1.00,0.00,0.00,,125770,23293,90.74,90.74,95.24,95.24,84.62,84.62,81.82,81.82,100.00,100.00
France,FRA,20200429,3.00,1,3.00,1,2.00,1,4.00,1,1.00,1,2.00,1,2.00,1,4.00,2.00,1,2.00,0.00,0.00,2.00,1,1.00,1.00,0.00,0.00,,126835,23660,90.74,90.74,95.24,95.24,84.62,84.62,81.82,81.82,100.00,100.00
France,FRA,20200430,3.00,1,3.00,1,2.00,1,4.00,1,1.00,1,2.00,1,2.00,1,4.00,2.00,1,2.00,0.00,0.00,2.00,1,1.00,1.00,0.00,0.00,,128442,24087,90.74,90.74,95.24,95.24,84.62,84.62,81.82,81.82,100.00,100.00
France,FRA,20200501,3.00,1,3.00,1,2.00,1,4.00,1,1.00,1,2.00,1,2.00,1,4.00,2.00,1,2.00,0.00,0.00,2.00,1,1.00,1.00,0.00,0.00,,129581,24376,90.74,90.74,95.24,95.24,84.62,84.62,81.82,81.82,100.00,100.00
France,FRA,20200502,3.00,1,3.00,1,2.00,1,4.00,1,1.00,1,2.00,1,2.00,1,4.00,2.00,1,2.00,0.00,0.00,2.00,1,1.00,1.00,0.00,0.00,,130185,24594,90.74,90.74,95.24,95.24,84.62,84.62,81.82,81.82,100.00,100.00
France,FRA,20200503,3.00,1,3.00,1,2.00,1,4.00,1,1.00,1,2.00,1,2.00,1,4.00,2.00,1,2.00,0.00,0.00,2.00,1,1.00,1.00,0.00,0.00,,130979,24760,90.74,90.74,95.24,95.24,84.62,84.62,81.82,81.82,100.00,100.00
France,FRA,20200504,3.00,1,3.00,1,2.00,1,4.00,1,1.00,1,2.00,1,2.00,1,4.00,2.00,1,2.00,0.00,0.00,2.00,1,1.00,1.00,0.00,544911500.00,,131287,24895,90.74,90.74,95.24,95.24,84.62,84.62,81.82,81.82,100.00,100.00
France,FRA,20200505,3.00,1,3.00,1,2.00,1,4.00,1,1.00,1,2.00,1,2.00,1,4.00,2.00,1,2.00,0.00,0.00,2.00,1,1.00,1.00,0.00,0.00,,131863,25201,90.74,90.74,95.24,95.24,84.62,84.62,81.82,81.82,100.00,100.00
France,FRA,20200506,3.00,1,3.00,1,2.00,1,4.00,1,1.00,1,2.00,1,2.00,1,4.00,2.00,1,2.00,0.00,0.00,2.00,1,1.00,1.00,0.00,0.00,,132967,25531,90.74,90.74,95.24,95.24,84.62,84.62,81.82,81.82,100.00,100.00
France,FRA,20200507,3.00,1,3.00,1,2.00,1,4.00,1,1.00,1,2.00,1,2.00,1,4.00,2.00,1,2.00,0.00,0.00,2.00,1,1.00,1.00,0.00,0.00,,137150,25809,90.74,90.74,95.24,95.24,84.62,84.62,81.82,81.82,100.00,100.00
France,FRA,20200508,3.00,1,3.00,1,2.00,1,4.00,1,1.00,1,2.00,1,2.00,1,4.00,2.00,1,2.00,0.00,0.00,2.00,1,1.00,1.00,0.00,0.00,,137779,25987,90.74,90.74,95.24,95.24,84.62,84.62,81.82,81.82,100.00,100.00
France,FRA,20200509,3.00,1,3.00,1,2.00,1,4.00,1,1.00,1,2.00,1,2.00,1,4.00,2.00,1,2.00,0.00,0.00,2.00,1,1.00,1.00,0.00,0.00,,138421,26230,90.74,90.74,95.24,95.24,84.62,84.62,81.82,81.82,100.00,100.00
France,FRA,20200510,3.00,1,3.00,1,2.00,1,4.00,1,1.00,1,2.00,1,2.00,1,4.00,2.00,1,2.00,0.00,0.00,2.00,1,1.00,1.00,0.00,0.00,,138854,26310,90.74,90.74,95.24,95.24,84.62,84.62,81.82,81.82,100.00,100.00
France,FRA,20200511,2.00,1,2.00,1,2.00,1,3.00,1,1.00,1,1.00,1,2.00,1,4.00,2.00,1,2.00,0.00,0.00,2.00,1,2.00,2.00,0.00,0.00,,139063,26380,76.85,76.85,88.10,88.10,81.41,81.41,78.03,78.03,100.00,100.00
France,FRA,20200512,2.00,1,2.00,1,2.00,1,3.00,1,1.00,1,1.00,1,2.00,1,4.00,2.00,1,2.00,0.00,0.00,2.00,1,2.00,2.00,0.00,0.00,,139519,26643,76.85,76.85,88.10,88.10,81.41,81.41,78.03,78.03,100.00,100.00
France,FRA,20200513,2.00,1,2.00,1,2.00,1,3.00,1,1.00,1,1.00,1,2.00,1,4.00,2.00,1,2.00,0.00,0.00,2.00,1,2.00,2.00,0.00,0.00,,140227,26991,76.85,76.85,88.10,88.10,81.41,81.41,78.03,78.03,100.00,100.00
France,FRA,20200514,2.00,1,2.00,1,2.00,1,3.00,1,1.00,1,1.00,1,2.00,1,4.00,2.00,1,2.00,3239199160.00,0.00,2.00,1,2.00,2.00,0.00,0.00,,140734,27074,76.85,76.85,88.10,88.10,81.41,81.41,78.03,78.03,100.00,100.00
France,FRA,20200515,2.00,1,2.00,1,2.00,1,3.00,1,1.00,1,1.00,1,2.00,1,4.00,2.00,1,2.00,0.00,0.00,2.00,1,2.00,2.00,0.00,0.00,,141356,27425,76.85,76.85,88.10,88.10,81.41,81.41,78.03,78.03,100.00,100.00
France,FRA,20200516,2.00,1,2.00,1,2.00,1,3.00,1,1.00,1,1.00,1,2.00,1,4.00,2.00,1,2.00,0.00,0.00,2.00,1,2.00,2.00,0.00,0.00,,141919,27555,76.85,76.85,88.10,88.10,81.41,81.41,78.03,78.03,100.00,100.00
France,FRA,20200517,2.00,1,2.00,1,2.00,1,3.00,1,1.00,1,1.00,1,2.00,1,4.00,2.00,1,2.00,0.00,0.00,2.00,1,2.00,2.00,0.00,0.00,,142291,27643,76.85,76.85,88.10,88.10,81.41,81.41,78.03,78.03,100.00,100.00
France,FRA,20200518,2.00,1,2.00,1,2.00,1,3.00,1,1.00,1,1.00,1,2.00,1,4.00,2.00,1,2.00,0.00,0.00,2.00,1,2.00,2.00,0.00,0.00,,142411,27711,76.85,76.85,88.10,88.10,81.41,81.41,78.03,78.03,100.00,100.00
France,FRA,20200519,2.00,1,2.00,1,2.00,1,3.00,1,1.00,1,1.00,1,2.00,1,4.00,2.00,1,2.00,0.00,0.00,2.00,1,2.00,2.00,0.00,0.00,,142903,27897,76.85,76.85,88.10,88.10,81.41,81.41,78.03,78.03,100.00,100.00
France,FRA,20200520,2.00,1,2.00,1,2.00,1,3.00,1,1.00,1,1.00,1,2.00,1,4.00,2.00,1,2.00,0.00,0.00,2.00,1,2.00,2.00,0.00,0.00,,143427,28022,76.85,76.85,88.10,88.10,81.41,81.41,78.03,78.03,100.00,100.00
France,FRA,20200521,2.00,1,2.00,1,2.00,1,3.00,1,1.00,1,1.00,1,2.00,1,4.00,2.00,1,2.00,0.00,0.00,2.00,1,2.00,2.00,0.00,0.00,,143845,28132,76.85,76.85,88.10,88.10,81.41,81.41,78.03,78.03,100.00,100.00
France,FRA,20200522,2.00,1,2.00,1,2.00,1,3.00,1,1.00,1,1.00,1,2.00,1,4.00,2.00,1,2.00,0.00,0.00,2.00,1,2.00,2.00,0.00,0.00,,144163,28215,76.85,76.85,88.10,88.10,81.41,81.41,78.03,78.03,100.00,100.00
France,FRA,20200523,2.00,1,2.00,1,2.00,1,3.00,1,1.00,1,1.00,1,2.00,1,4.00,2.00,1,2.00,0.00,0.00,2.00,1,2.00,2.00,0.00,0.00,,144566,28289,76.85,76.85,88.10,88.10,81.41,81.41,78.03,78.03,100.00,100.00
France,FRA,20200524,2.00,1,2.00,1,2.00,1,3.00,1,1.00,1,1.00,1,2.00,1,4.00,2.00,1,2.00,0.00,0.00,2.00,1,2.00,2.00,0.00,0.00,,144806,28332,76.85,76.85,88.10,88.10,81.41,81.41,78.03,78.03,100.00,100.00
France,FRA,20200525,2.00,1,2.00,1,2.00,1,3.00,1,1.00,1,1.00,1,2.00,1,4.00,2.00,1,2.00,0.00,0.00,2.00,1,2.00,2.00,0.00,0.00,,144921,28367,76.85,76.85,88.10,88.10,81.41,81.41,78.03,78.03,100.00,100.00
France,FRA,20200526,2.00,1,2.00,0,2.00,1,3.00,1,1.00,1,1.00,1,2.00,1,4.00,2.00,1,1.00,8777839981.00,0.00,2.00,1,2.00,2.00,0.00,0.00,,145279,28432,75.00,75.00,84.52,84.52,76.28,76.28,76.52,76.52,75.00,75.00
France,FRA,20200527,2.00,1,2.00,0,2.00,1,3.00,1,1.00,1,1.00,1,2.00,1,4.00,2.00,1,1.00,0.00,0.00,2.00,1,2.00,2.00,0.00,0.00,,145555,28530,75.00,75.00,84.52,84.52,76.28,76.28,76.52,76.52,75.00,75.00
France,FRA,20200528,2.00,1,2.00,0,2.00,1,3.00,1,1.00,1,1.00,1,2.00,1,4.00,2.00,1,1.00,0.00,0.00,2.00,1,2.00,2.00,0.00,0.00,,145746,28596,75.00,75.00,84.52,84.52,76.28,76.28,76.52,76.52,75.00,75.00
France,FRA,20200529,2.00,1,2.00,0,2.00,1,3.00,1,1.00,1,1.00,1,2.00,1,4.00,2.00,1,1.00,0.00,0.00,2.00,1,2.00,2.00,0.00,0.00,,149071,28662,75.00,75.00,84.52,84.52,76.28,76.28,76.52,76.52,75.00,75.00
France,FRA,20200530,2.00,1,2.00,0,2.00,1,3.00,1,1.00,1,1.00,1,2.00,1,4.00,2.00,1,1.00,0.00,0.00,2.00,1,2.00,2.00,0.00,0.00,,149668,28714,75.00,75.00,84.52,84.52,76.28,76.28,76.52,76.52,75.00,75.00
France,FRA,20200531,2.00,1,2.00,0,2.00,1,3.00,1,1.00,1,1.00,1,2.00,1,4.00,2.00,1,1.00,0.00,0.00,2.00,1,2.00,2.00,0.00,0.00,,151496,28771,75.00,75.00,84.52,84.52,76.28,76.28,76.52,76.52,75.00,75.00
France,FRA,20200601,2.00,1,2.00,0,2.00,1,3.00,1,1.00,1,1.00,1,2.00,1,4.00,2.00,1,1.00,0.00,0.00,2.00,1,2.00,2.00,0.00,0.00,,151753,28802,75.00,75.00,84.52,84.52,76.28,76.28,76.52,76.52,75.00,75.00
France,FRA,20200602,2.00,1,2.00,0,2.00,1,3.00,1,1.00,1,0.00,,2.00,0,3.00,2.00,1,1.00,0.00,0.00,2.00,1,2.00,2.00,0.00,0.00,,152091,28833,65.74,65.74,76.19,76.19,69.87,69.87,68.94,68.94,75.00,75.00
France,FRA,20200603,2.00,1,2.00,0,2.00,1,3.00,1,1.00,1,0.00,,2.00,0,3.00,2.00,1,1.00,0.00,0.00,2.00,1,2.00,2.00,0.00,0.00,,151325,28940,65.74,65.74,76.19,76.19,69.87,69.87,68.94,68.94,75.00,75.00
France,FRA,20200604,2.00,1,2.00,0,2.00,1,3.00,1,1.00,1,0.00,,2.00,0,3.00,2.00,1,1.00,0.00,0.00,2.00,1,2.00,2.00,0.00,0.00,,151677,29021,65.74,65.74,76.19,76.19,69.87,69.87,68.94,68.94,75.00,75.00
France,FRA,20200605,2.00,1,2.00,0,2.00,1,3.00,1,1.00,1,0.00,,2.00,0,3.00,2.00,1,1.00,0.00,0.00,2.00,1,2.00,2.00,0.00,0.00,,152444,29065,65.74,65.74,76.19,76.19,69.87,69.87,68.94,68.94,75.00,75.00
France,FRA,20200606,2.00,1,2.00,0,2.00,1,3.00,1,1.00,1,0.00,,2.00,0,3.00,2.00,1,1.00,0.00,0.00,2.00,1,2.00,2.00,0.00,0.00,,153055,29111,65.74,65.74,76.19,76.19,69.87,69.87,68.94,68.94,75.00,75.00
France,FRA,20200607,2.00,1,2.00,0,2.00,1,3.00,1,1.00,1,0.00,,2.00,0,3.00,2.00,1,1.00,0.00,0.00,2.00,1,2.00,2.00,0.00,0.00,,153634,29142,65.74,65.74,76.19,76.19,69.87,69.87,68.94,68.94,75.00,75.00
France,FRA,20200608,2.00,1,2.00,0,2.00,1,3.00,1,1.00,1,0.00,,2.00,0,3.00,2.00,1,1.00,0.00,0.00,2.00,1,2.00,2.00,0.00,0.00,,153977,29155,65.74,65.74,76.19,76.19,69.87,69.87,68.94,68.94,75.00,75.00
France,FRA,20200609,2.00,1,2.00,0,2.00,1,3.00,1,1.00,1,0.00,,2.00,0,3.00,2.00,1,1.00,0.00,0.00,2.00,1,2.00,2.00,0.00,0.00,,154188,29209,65.74,65.74,76.19,76.19,69.87,69.87,68.94,68.94,75.00,75.00
France,FRA,20200610,2.00,1,2.00,0,2.00,1,3.00,1,1.00,1,0.00,,2.00,0,3.00,2.00,1,1.00,0.00,0.00,2.00,1,2.00,2.00,0.00,0.00,,154591,29296,65.74,65.74,76.19,76.19,69.87,69.87,68.94,68.94,75.00,75.00
France,FRA,20200611,2.00,1,2.00,0,2.00,1,3.00,1,1.00,1,0.00,,2.00,0,3.00,2.00,1,1.00,0.00,0.00,2.00,1,2.00,2.00,0.00,0.00,,155136,29319,65.74,65.74,76.19,76.19,69.87,69.87,68.94,68.94,75.00,75.00
France,FRA,20200612,2.00,1,2.00,0,2.00,1,3.00,1,1.00,1,0.00,,2.00,0,3.00,2.00,1,1.00,0.00,0.00,2.00,1,2.00,2.00,0.00,0.00,,155561,29346,65.74,65.74,76.19,76.19,69.87,69.87,68.94,68.94,75.00,75.00
France,FRA,20200613,2.00,1,2.00,0,2.00,1,3.00,1,1.00,1,0.00,,2.00,0,3.00,2.00,1,1.00,0.00,0.00,2.00,1,2.00,2.00,0.00,0.00,,156287,29374,65.74,65.74,76.19,76.19,69.87,69.87,68.94,68.94,75.00,75.00
France,FRA,20200614,2.00,1,2.00,0,2.00,1,3.00,1,1.00,1,0.00,,2.00,0,3.00,2.00,1,1.00,0.00,0.00,2.00,1,2.00,2.00,0.00,0.00,,156813,29398,65.74,65.74,76.19,76.19,69.87,69.87,68.94,68.94,75.00,75.00
France,FRA,20200615,2.00,1,2.00,0,2.00,1,3.00,1,1.00,1,0.00,,2.00,0,3.00,2.00,1,1.00,0.00,0.00,2.00,1,2.00,2.00,0.00,0.00,,157220,29407,65.74,65.74,76.19,76.19,69.87,69.87,68.94,68.94,75.00,75.00
France,FRA,20200616,2.00,1,2.00,0,2.00,1,3.00,1,1.00,1,0.00,,2.00,0,3.00,2.00,1,1.00,0.00,0.00,2.00,1,2.00,2.00,0.00,0.00,,157372,29436,65.74,65.74,76.19,76.19,69.87,69.87,68.94,68.94,75.00,75.00
France,FRA,20200617,2.00,1,2.00,0,2.00,1,3.00,1,1.00,1,0.00,,2.00,0,3.00,2.00,1,1.00,0.00,0.00,2.00,1,2.00,2.00,0.00,0.00,,157716,29547,65.74,65.74,76.19,76.19,69.87,69.87,68.94,68.94,75.00,75.00
France,FRA,20200618,2.00,1,2.00,0,2.00,1,3.00,1,1.00,1,0.00,,2.00,0,3.00,2.00,1,1.00,0.00,0.00,2.00,1,2.00,2.00,0.00,0.00,,158174,29575,65.74,65.74,76.19,76.19,69.87,69.87,68.94,68.94,75.00,75.00
France,FRA,20200619,,,,,,,,,,,,,,,,,,,,,,,,,,,,158641,29603,,65.74,,76.19,,69.87,,68.94,,75.00
France,FRA,20200620,,,,,,,,,,,,,,,,,,,,,,,,,,,,159452,29617,,65.74,,76.19,,69.87,,68.94,,75.00
France,FRA,20200621,,,,,,,,,,,,,,,,,,,,,,,,,,,,160093,29633,,65.74,,76.19,,69.87,,68.94,,75.00
France,FRA,20200622,,,,,,,,,,,,,,,,,,,,,,,,,,,,160377,29640,,65.74,,76.19,,69.87,,68.94,,75.00
France,FRA,20200623,,,,,,,,,,,,,,,,,,,,,,,,,,,,160750,29663,,65.74,,76.19,,69.87,,68.94,,75.00
