Greenland,GRL,20200101,0.00,,0.00,,0.00,,0.00,,0.00,,0.00,,0.00,,0.00,0.00,,0.00,0.00,0.00,0.00,,0.00,0.00,0.00,0.00,,,,0.00,0.00,0.00,0.00,0.00,0.00,0.00,0.00,0.00,0.00
Greenland,GRL,20200102,0.00,,0.00,,0.00,,0.00,,0.00,,0.00,,0.00,,0.00,0.00,,0.00,0.00,0.00,0.00,,0.00,0.00,0.00,0.00,,,,0.00,0.00,0.00,0.00,0.00,0.00,0.00,0.00,0.00,0.00
Greenland,GRL,20200103,0.00,,0.00,,0.00,,0.00,,0.00,,0.00,,0.00,,0.00,0.00,,0.00,0.00,0.00,0.00,,0.00,0.00,0.00,0.00,,,,0.00,0.00,0.00,0.00,0.00,0.00,0.00,0.00,0.00,0.00
Greenland,GRL,20200104,0.00,,0.00,,0.00,,0.00,,0.00,,0.00,,0.00,,0.00,0.00,,0.00,0.00,0.00,0.00,,0.00,0.00,0.00,0.00,,,,0.00,0.00,0.00,0.00,0.00,0.00,0.00,0.00,0.00,0.00
Greenland,GRL,20200105,0.00,,0.00,,0.00,,0.00,,0.00,,0.00,,0.00,,0.00,0.00,,0.00,0.00,0.00,0.00,,0.00,0.00,0.00,0.00,,,,0.00,0.00,0.00,0.00,0.00,0.00,0.00,0.00,0.00,0.00
Greenland,GRL,20200106,0.00,,0.00,,0.00,,0.00,,0.00,,0.00,,0.00,,0.00,0.00,,0.00,0.00,0.00,0.00,,0.00,0.00,0.00,0.00,,,,0.00,0.00,0.00,0.00,0.00,0.00,0.00,0.00,0.00,0.00
Greenland,GRL,20200107,0.00,,0.00,,0.00,,0.00,,0.00,,0.00,,0.00,,0.00,0.00,,0.00,0.00,0.00,0.00,,0.00,0.00,0.00,0.00,,,,0.00,0.00,0.00,0.00,0.00,0.00,0.00,0.00,0.00,0.00
Greenland,GRL,20200108,0.00,,0.00,,0.00,,0.00,,0.00,,0.00,,0.00,,0.00,0.00,,0.00,0.00,0.00,0.00,,0.00,0.00,0.00,0.00,,,,0.00,0.00,0.00,0.00,0.00,0.00,0.00,0.00,0.00,0.00
Greenland,GRL,20200109,0.00,,0.00,,0.00,,0.00,,0.00,,0.00,,0.00,,0.00,0.00,,0.00,0.00,0.00,0.00,,0.00,0.00,0.00,0.00,,,,0.00,0.00,0.00,0.00,0.00,0.00,0.00,0.00,0.00,0.00
Greenland,GRL,20200110,0.00,,0.00,,0.00,,0.00,,0.00,,0.00,,0.00,,0.00,0.00,,0.00,0.00,0.00,0.00,,0.00,0.00,0.00,0.00,,,,0.00,0.00,0.00,0.00,0.00,0.00,0.00,0.00,0.00,0.00
Greenland,GRL,20200111,0.00,,0.00,,0.00,,0.00,,0.00,,0.00,,0.00,,0.00,0.00,,0.00,0.00,0.00,0.00,,0.00,0.00,0.00,0.00,,,,0.00,0.00,0.00,0.00,0.00,0.00,0.00,0.00,0.00,0.00
Greenland,GRL,20200112,0.00,,0.00,,0.00,,0.00,,0.00,,0.00,,0.00,,0.00,0.00,,0.00,0.00,0.00,0.00,,0.00,0.00,0.00,0.00,,,,0.00,0.00,0.00,0.00,0.00,0.00,0.00,0.00,0.00,0.00
Greenland,GRL,20200113,0.00,,0.00,,0.00,,0.00,,0.00,,0.00,,0.00,,0.00,0.00,,0.00,0.00,0.00,0.00,,0.00,0.00,0.00,0.00,,,,0.00,0.00,0.00,0.00,0.00,0.00,0.00,0.00,0.00,0.00
Greenland,GRL,20200114,0.00,,0.00,,0.00,,0.00,,0.00,,0.00,,0.00,,0.00,0.00,,0.00,0.00,0.00,0.00,,0.00,0.00,0.00,0.00,,,,0.00,0.00,0.00,0.00,0.00,0.00,0.00,0.00,0.00,0.00
Greenland,GRL,20200115,0.00,,0.00,,0.00,,0.00,,0.00,,0.00,,0.00,,0.00,0.00,,0.00,0.00,0.00,0.00,,0.00,0.00,0.00,0.00,,,,0.00,0.00,0.00,0.00,0.00,0.00,0.00,0.00,0.00,0.00
Greenland,GRL,20200116,0.00,,0.00,,0.00,,0.00,,0.00,,0.00,,0.00,,0.00,0.00,,0.00,0.00,0.00,0.00,,0.00,0.00,0.00,0.00,,,,0.00,0.00,0.00,0.00,0.00,0.00,0.00,0.00,0.00,0.00
Greenland,GRL,20200117,0.00,,0.00,,0.00,,0.00,,0.00,,0.00,,0.00,,0.00,0.00,,0.00,0.00,0.00,0.00,,0.00,0.00,0.00,0.00,,,,0.00,0.00,0.00,0.00,0.00,0.00,0.00,0.00,0.00,0.00
Greenland,GRL,20200118,0.00,,0.00,,0.00,,0.00,,0.00,,0.00,,0.00,,0.00,0.00,,0.00,0.00,0.00,0.00,,0.00,0.00,0.00,0.00,,,,0.00,0.00,0.00,0.00,0.00,0.00,0.00,0.00,0.00,0.00
Greenland,GRL,20200119,0.00,,0.00,,0.00,,0.00,,0.00,,0.00,,0.00,,0.00,0.00,,0.00,0.00,0.00,0.00,,0.00,0.00,0.00,0.00,,,,0.00,0.00,0.00,0.00,0.00,0.00,0.00,0.00,0.00,0.00
Greenland,GRL,20200120,0.00,,0.00,,0.00,,0.00,,0.00,,0.00,,0.00,,0.00,0.00,,0.00,0.00,0.00,0.00,,0.00,0.00,0.00,0.00,,,,0.00,0.00,0.00,0.00,0.00,0.00,0.00,0.00,0.00,0.00
Greenland,GRL,20200121,0.00,,0.00,,0.00,,0.00,,0.00,,0.00,,0.00,,0.00,0.00,,0.00,0.00,0.00,0.00,,0.00,0.00,0.00,0.00,,,,0.00,0.00,0.00,0.00,0.00,0.00,0.00,0.00,0.00,0.00
Greenland,GRL,20200122,0.00,,0.00,,0.00,,0.00,,0.00,,0.00,,0.00,,0.00,0.00,,0.00,0.00,0.00,0.00,,0.00,0.00,0.00,0.00,,,,0.00,0.00,0.00,0.00,0.00,0.00,0.00,0.00,0.00,0.00
Greenland,GRL,20200123,0.00,,0.00,,0.00,,0.00,,0.00,,0.00,,0.00,,0.00,0.00,,0.00,0.00,0.00,0.00,,0.00,0.00,0.00,0.00,,,,0.00,0.00,0.00,0.00,0.00,0.00,0.00,0.00,0.00,0.00
Greenland,GRL,20200124,0.00,,0.00,,0.00,,0.00,,0.00,,0.00,,0.00,,0.00,0.00,,0.00,0.00,0.00,0.00,,0.00,0.00,0.00,0.00,,,,0.00,0.00,0.00,0.00,0.00,0.00,0.00,0.00,0.00,0.00
Greenland,GRL,20200125,0.00,,0.00,,0.00,,0.00,,0.00,,0.00,,0.00,,0.00,0.00,,0.00,0.00,0.00,0.00,,0.00,0.00,0.00,0.00,,,,0.00,0.00,0.00,0.00,0.00,0.00,0.00,0.00,0.00,0.00
Greenland,GRL,20200126,0.00,,0.00,,0.00,,0.00,,0.00,,0.00,,0.00,,0.00,0.00,,0.00,0.00,0.00,0.00,,0.00,0.00,0.00,0.00,,,,0.00,0.00,0.00,0.00,0.00,0.00,0.00,0.00,0.00,0.00
Greenland,GRL,20200127,0.00,,0.00,,0.00,,0.00,,0.00,,0.00,,0.00,,0.00,0.00,,0.00,0.00,0.00,0.00,,0.00,0.00,0.00,0.00,,,,0.00,0.00,0.00,0.00,0.00,0.00,0.00,0.00,0.00,0.00
Greenland,GRL,20200128,0.00,,0.00,,0.00,,0.00,,0.00,,0.00,,0.00,,0.00,0.00,,0.00,0.00,0.00,0.00,,0.00,0.00,0.00,0.00,,,,0.00,0.00,0.00,0.00,0.00,0.00,0.00,0.00,0.00,0.00
Greenland,GRL,20200129,0.00,,0.00,,0.00,,0.00,,0.00,,0.00,,0.00,,0.00,0.00,,0.00,0.00,0.00,0.00,,0.00,0.00,0.00,0.00,,,,0.00,0.00,0.00,0.00,0.00,0.00,0.00,0.00,0.00,0.00
Greenland,GRL,20200130,0.00,,0.00,,0.00,,0.00,,0.00,,0.00,,0.00,,0.00,0.00,,0.00,0.00,0.00,0.00,,0.00,0.00,0.00,0.00,,,,0.00,0.00,0.00,0.00,0.00,0.00,0.00,0.00,0.00,0.00
Greenland,GRL,20200131,0.00,,0.00,,0.00,,0.00,,0.00,,0.00,,0.00,,0.00,0.00,,0.00,0.00,0.00,0.00,,0.00,0.00,0.00,0.00,,,,0.00,0.00,0.00,0.00,0.00,0.00,0.00,0.00,0.00,0.00
Greenland,GRL,20200201,0.00,,0.00,,0.00,,0.00,,0.00,,0.00,,0.00,,0.00,0.00,,0.00,0.00,0.00,0.00,,0.00,0.00,0.00,0.00,,,,0.00,0.00,0.00,0.00,0.00,0.00,0.00,0.00,0.00,0.00
Greenland,GRL,20200202,0.00,,0.00,,0.00,,0.00,,0.00,,0.00,,0.00,,0.00,0.00,,0.00,0.00,0.00,0.00,,0.00,0.00,0.00,0.00,,,,0.00,0.00,0.00,0.00,0.00,0.00,0.00,0.00,0.00,0.00
Greenland,GRL,20200203,0.00,,0.00,,0.00,,0.00,,0.00,,0.00,,0.00,,0.00,0.00,,0.00,0.00,0.00,0.00,,0.00,0.00,0.00,0.00,,,,0.00,0.00,0.00,0.00,0.00,0.00,0.00,0.00,0.00,0.00
Greenland,GRL,20200204,0.00,,0.00,,0.00,,0.00,,0.00,,0.00,,0.00,,0.00,0.00,,0.00,0.00,0.00,0.00,,0.00,0.00,0.00,0.00,,,,0.00,0.00,0.00,0.00,0.00,0.00,0.00,0.00,0.00,0.00
Greenland,GRL,20200205,0.00,,0.00,,0.00,,0.00,,0.00,,0.00,,0.00,,0.00,0.00,,0.00,0.00,0.00,0.00,,0.00,0.00,0.00,0.00,,,,0.00,0.00,0.00,0.00,0.00,0.00,0.00,0.00,0.00,0.00
Greenland,GRL,20200206,0.00,,0.00,,0.00,,0.00,,0.00,,0.00,,0.00,,0.00,0.00,,0.00,0.00,0.00,0.00,,0.00,0.00,0.00,0.00,,,,0.00,0.00,0.00,0.00,0.00,0.00,0.00,0.00,0.00,0.00
Greenland,GRL,20200207,0.00,,0.00,,0.00,,0.00,,0.00,,0.00,,0.00,,0.00,0.00,,0.00,0.00,0.00,0.00,,0.00,0.00,0.00,0.00,,,,0.00,0.00,0.00,0.00,0.00,0.00,0.00,0.00,0.00,0.00
Greenland,GRL,20200208,0.00,,0.00,,0.00,,0.00,,0.00,,0.00,,0.00,,0.00,0.00,,0.00,0.00,0.00,0.00,,0.00,0.00,0.00,0.00,,,,0.00,0.00,0.00,0.00,0.00,0.00,0.00,0.00,0.00,0.00
Greenland,GRL,20200209,0.00,,0.00,,0.00,,0.00,,0.00,,0.00,,0.00,,0.00,0.00,,0.00,0.00,0.00,0.00,,0.00,0.00,0.00,0.00,,,,0.00,0.00,0.00,0.00,0.00,0.00,0.00,0.00,0.00,0.00
Greenland,GRL,20200210,0.00,,0.00,,0.00,,0.00,,0.00,,0.00,,0.00,,0.00,0.00,,0.00,0.00,0.00,0.00,,0.00,0.00,0.00,0.00,,,,0.00,0.00,0.00,0.00,0.00,0.00,0.00,0.00,0.00,0.00
Greenland,GRL,20200211,0.00,,0.00,,0.00,,0.00,,0.00,,0.00,,0.00,,0.00,0.00,,0.00,0.00,0.00,0.00,,0.00,0.00,0.00,0.00,,,,0.00,0.00,0.00,0.00,0.00,0.00,0.00,0.00,0.00,0.00
Greenland,GRL,20200212,0.00,,0.00,,0.00,,0.00,,0.00,,0.00,,0.00,,0.00,0.00,,0.00,0.00,0.00,0.00,,0.00,0.00,0.00,0.00,,,,0.00,0.00,0.00,0.00,0.00,0.00,0.00,0.00,0.00,0.00
Greenland,GRL,20200213,0.00,,0.00,,0.00,,0.00,,0.00,,0.00,,0.00,,0.00,0.00,,0.00,0.00,0.00,0.00,,0.00,0.00,0.00,0.00,,,,0.00,0.00,0.00,0.00,0.00,0.00,0.00,0.00,0.00,0.00
Greenland,GRL,20200214,0.00,,0.00,,0.00,,0.00,,0.00,,0.00,,0.00,,0.00,0.00,,0.00,0.00,0.00,0.00,,0.00,0.00,0.00,0.00,,,,0.00,0.00,0.00,0.00,0.00,0.00,0.00,0.00,0.00,0.00
Greenland,GRL,20200215,0.00,,0.00,,0.00,,0.00,,0.00,,0.00,,0.00,,0.00,0.00,,0.00,0.00,0.00,0.00,,0.00,0.00,0.00,0.00,,,,0.00,0.00,0.00,0.00,0.00,0.00,0.00,0.00,0.00,0.00
Greenland,GRL,20200216,0.00,,0.00,,0.00,,0.00,,0.00,,0.00,,0.00,,0.00,0.00,,0.00,0.00,0.00,0.00,,0.00,0.00,0.00,0.00,,,,0.00,0.00,0.00,0.00,0.00,0.00,0.00,0.00,0.00,0.00
Greenland,GRL,20200217,0.00,,0.00,,0.00,,0.00,,0.00,,0.00,,0.00,,0.00,0.00,,0.00,0.00,0.00,0.00,,0.00,0.00,0.00,0.00,,,,0.00,0.00,0.00,0.00,0.00,0.00,0.00,0.00,0.00,0.00
Greenland,GRL,20200218,0.00,,0.00,,0.00,,0.00,,0.00,,0.00,,0.00,,0.00,0.00,,0.00,0.00,0.00,0.00,,0.00,0.00,0.00,0.00,,,,0.00,0.00,0.00,0.00,0.00,0.00,0.00,0.00,0.00,0.00
Greenland,GRL,20200219,0.00,,0.00,,0.00,,0.00,,0.00,,0.00,,0.00,,0.00,0.00,,0.00,0.00,0.00,0.00,,0.00,0.00,0.00,0.00,,,,0.00,0.00,0.00,0.00,0.00,0.00,0.00,0.00,0.00,0.00
Greenland,GRL,20200220,0.00,,0.00,,0.00,,0.00,,0.00,,0.00,,0.00,,0.00,0.00,,0.00,0.00,0.00,0.00,,0.00,0.00,0.00,0.00,,,,0.00,0.00,0.00,0.00,0.00,0.00,0.00,0.00,0.00,0.00
Greenland,GRL,20200221,0.00,,0.00,,0.00,,0.00,,0.00,,0.00,,0.00,,0.00,0.00,,0.00,0.00,0.00,0.00,,0.00,0.00,0.00,0.00,,,,0.00,0.00,0.00,0.00,0.00,0.00,0.00,0.00,0.00,0.00
Greenland,GRL,20200222,0.00,,0.00,,0.00,,0.00,,0.00,,0.00,,0.00,,0.00,0.00,,0.00,0.00,0.00,0.00,,0.00,0.00,0.00,0.00,,,,0.00,0.00,0.00,0.00,0.00,0.00,0.00,0.00,0.00,0.00
Greenland,GRL,20200223,0.00,,0.00,,0.00,,0.00,,0.00,,0.00,,0.00,,0.00,0.00,,0.00,0.00,0.00,0.00,,0.00,0.00,0.00,0.00,,,,0.00,0.00,0.00,0.00,0.00,0.00,0.00,0.00,0.00,0.00
Greenland,GRL,20200224,0.00,,0.00,,0.00,,0.00,,0.00,,0.00,,0.00,,0.00,0.00,,0.00,0.00,0.00,0.00,,0.00,0.00,0.00,0.00,,,,0.00,0.00,0.00,0.00,0.00,0.00,0.00,0.00,0.00,0.00
Greenland,GRL,20200225,0.00,,0.00,,0.00,,0.00,,0.00,,0.00,,0.00,,0.00,0.00,,0.00,0.00,0.00,0.00,,0.00,0.00,0.00,0.00,,,,0.00,0.00,0.00,0.00,0.00,0.00,0.00,0.00,0.00,0.00
Greenland,GRL,20200226,0.00,,0.00,,0.00,,0.00,,0.00,,0.00,,0.00,,0.00,0.00,,0.00,0.00,0.00,0.00,,0.00,0.00,0.00,0.00,,,,0.00,0.00,0.00,0.00,0.00,0.00,0.00,0.00,0.00,0.00
Greenland,GRL,20200227,0.00,,0.00,,0.00,,0.00,,0.00,,0.00,,0.00,,0.00,0.00,,0.00,0.00,0.00,0.00,,0.00,0.00,0.00,0.00,,,,0.00,0.00,0.00,0.00,0.00,0.00,0.00,0.00,0.00,0.00
Greenland,GRL,20200228,0.00,,0.00,,0.00,,0.00,,0.00,,0.00,,0.00,,0.00,0.00,,0.00,0.00,0.00,0.00,,0.00,0.00,0.00,0.00,,,,0.00,0.00,0.00,0.00,0.00,0.00,0.00,0.00,0.00,0.00
Greenland,GRL,20200229,0.00,,0.00,,0.00,,0.00,,0.00,,0.00,,0.00,,0.00,0.00,,0.00,0.00,0.00,0.00,,0.00,0.00,0.00,0.00,,,,0.00,0.00,0.00,0.00,0.00,0.00,0.00,0.00,0.00,0.00
Greenland,GRL,20200301,0.00,,0.00,,0.00,,0.00,,0.00,,0.00,,0.00,,0.00,0.00,,0.00,0.00,0.00,0.00,,3.00,1.00,0.00,0.00,,,,0.00,0.00,0.00,0.00,11.54,11.54,13.64,13.64,0.00,0.00
Greenland,GRL,20200302,0.00,,0.00,,0.00,,0.00,,0.00,,0.00,,0.00,,0.00,0.00,,0.00,0.00,0.00,1.00,1,3.00,1.00,0.00,0.00,,,,5.56,5.56,9.52,9.52,15.38,15.38,18.18,18.18,0.00,0.00
Greenland,GRL,20200303,0.00,,0.00,,0.00,,0.00,,0.00,,0.00,,0.00,,0.00,0.00,,0.00,0.00,0.00,1.00,1,3.00,1.00,0.00,0.00,,,,5.56,5.56,9.52,9.52,15.38,15.38,18.18,18.18,0.00,0.00
Greenland,GRL,20200304,0.00,,0.00,,0.00,,0.00,,0.00,,0.00,,0.00,,0.00,0.00,,0.00,0.00,0.00,1.00,1,3.00,1.00,0.00,0.00,,,,5.56,5.56,9.52,9.52,15.38,15.38,18.18,18.18,0.00,0.00
Greenland,GRL,20200305,0.00,,0.00,,0.00,,0.00,,0.00,,0.00,,0.00,,0.00,0.00,,0.00,0.00,0.00,1.00,1,3.00,1.00,0.00,0.00,,,,5.56,5.56,9.52,9.52,15.38,15.38,18.18,18.18,0.00,0.00
Greenland,GRL,20200306,0.00,,0.00,,0.00,,0.00,,0.00,,0.00,,0.00,,0.00,0.00,,0.00,0.00,0.00,1.00,1,3.00,1.00,0.00,0.00,,,,5.56,5.56,9.52,9.52,15.38,15.38,18.18,18.18,0.00,0.00
Greenland,GRL,20200307,0.00,,0.00,,0.00,,0.00,,0.00,,0.00,,0.00,,0.00,0.00,,0.00,0.00,0.00,1.00,1,3.00,1.00,0.00,0.00,,,,5.56,5.56,9.52,9.52,15.38,15.38,18.18,18.18,0.00,0.00
Greenland,GRL,20200308,0.00,,0.00,,0.00,,0.00,,0.00,,0.00,,0.00,,0.00,0.00,,0.00,0.00,0.00,1.00,1,3.00,1.00,0.00,0.00,,,,5.56,5.56,9.52,9.52,15.38,15.38,18.18,18.18,0.00,0.00
Greenland,GRL,20200309,0.00,,0.00,,0.00,,0.00,,0.00,,0.00,,0.00,,0.00,0.00,,0.00,0.00,0.00,1.00,1,3.00,1.00,0.00,0.00,,,,5.56,5.56,9.52,9.52,15.38,15.38,18.18,18.18,0.00,0.00
Greenland,GRL,20200310,0.00,,0.00,,0.00,,0.00,,0.00,,0.00,,0.00,,0.00,0.00,,0.00,0.00,0.00,1.00,1,3.00,1.00,0.00,0.00,,,,5.56,5.56,9.52,9.52,15.38,15.38,18.18,18.18,0.00,0.00
Greenland,GRL,20200311,0.00,,0.00,,0.00,,0.00,,0.00,,0.00,,0.00,,0.00,0.00,,0.00,0.00,0.00,1.00,1,3.00,1.00,0.00,0.00,,,,5.56,5.56,9.52,9.52,15.38,15.38,18.18,18.18,0.00,0.00
Greenland,GRL,20200312,0.00,,0.00,,0.00,,0.00,,0.00,,0.00,,0.00,,0.00,0.00,,0.00,0.00,0.00,1.00,1,3.00,1.00,0.00,0.00,,,,5.56,5.56,9.52,9.52,15.38,15.38,18.18,18.18,0.00,0.00
Greenland,GRL,20200313,0.00,,0.00,,0.00,,2.00,1,1.00,1,0.00,,1.00,1,4.00,0.00,,0.00,0.00,0.00,1.00,1,3.00,1.00,0.00,0.00,,,,33.33,33.33,51.43,51.43,34.62,34.62,40.91,40.91,0.00,0.00
Greenland,GRL,20200314,0.00,,0.00,,0.00,,2.00,1,1.00,1,0.00,,1.00,1,4.00,0.00,,0.00,0.00,0.00,1.00,1,3.00,1.00,0.00,0.00,,,,33.33,33.33,51.43,51.43,34.62,34.62,40.91,40.91,0.00,0.00
Greenland,GRL,20200315,0.00,,0.00,,0.00,,2.00,1,1.00,1,0.00,,1.00,1,4.00,0.00,,0.00,0.00,0.00,1.00,1,3.00,1.00,0.00,0.00,,,,33.33,33.33,51.43,51.43,34.62,34.62,40.91,40.91,0.00,0.00
Greenland,GRL,20200316,0.00,,0.00,,0.00,,2.00,1,1.00,1,0.00,,1.00,1,4.00,0.00,,0.00,0.00,0.00,1.00,1,3.00,1.00,0.00,0.00,,,,33.33,33.33,51.43,51.43,34.62,34.62,40.91,40.91,0.00,0.00
Greenland,GRL,20200317,0.00,,0.00,,0.00,,2.00,1,1.00,1,0.00,,1.00,1,4.00,0.00,,0.00,0.00,0.00,1.00,1,3.00,1.00,0.00,0.00,,,,33.33,33.33,51.43,51.43,34.62,34.62,40.91,40.91,0.00,0.00
Greenland,GRL,20200318,0.00,,2.00,1,2.00,1,3.00,1,1.00,1,1.00,1,2.00,0,4.00,0.00,,0.00,0.00,0.00,1.00,1,3.00,1.00,0.00,0.00,,,,61.11,61.11,67.86,67.86,53.85,53.85,63.64,63.64,0.00,0.00
Greenland,GRL,20200319,3.00,1,2.00,1,2.00,1,3.00,1,1.00,1,1.00,1,2.00,0,4.00,0.00,,0.00,0.00,0.00,1.00,1,3.00,1.00,0.00,0.00,,,,72.22,72.22,82.14,82.14,61.54,61.54,72.73,72.73,0.00,0.00
Greenland,GRL,20200320,3.00,1,2.00,1,2.00,1,3.00,1,1.00,1,1.00,1,2.00,0,4.00,0.00,,0.00,0.00,0.00,1.00,1,3.00,1.00,0.00,0.00,,2,0,72.22,72.22,82.14,82.14,61.54,61.54,72.73,72.73,0.00,0.00
Greenland,GRL,20200321,3.00,1,2.00,1,2.00,1,3.00,1,1.00,1,1.00,1,2.00,0,4.00,0.00,,0.00,0.00,0.00,1.00,1,3.00,1.00,0.00,0.00,,2,0,72.22,72.22,82.14,82.14,61.54,61.54,72.73,72.73,0.00,0.00
Greenland,GRL,20200322,3.00,1,2.00,1,2.00,1,3.00,1,1.00,1,1.00,1,2.00,0,4.00,0.00,,0.00,0.00,0.00,1.00,1,3.00,1.00,0.00,0.00,,2,0,72.22,72.22,82.14,82.14,61.54,61.54,72.73,72.73,0.00,0.00
Greenland,GRL,20200323,3.00,1,2.00,1,2.00,1,3.00,1,1.00,1,1.00,1,2.00,0,4.00,0.00,,0.00,0.00,0.00,1.00,1,3.00,1.00,0.00,0.00,,2,0,72.22,72.22,82.14,82.14,61.54,61.54,72.73,72.73,0.00,0.00
Greenland,GRL,20200324,3.00,1,2.00,1,2.00,1,3.00,1,1.00,1,1.00,1,2.00,0,4.00,0.00,,0.00,0.00,0.00,1.00,1,3.00,2.00,0.00,0.00,,4,0,72.22,72.22,82.14,82.14,65.38,65.38,77.27,77.27,0.00,0.00
Greenland,GRL,20200325,3.00,1,2.00,1,2.00,1,3.00,1,1.00,1,1.00,1,2.00,0,4.00,0.00,,0.00,0.00,0.00,1.00,1,3.00,2.00,0.00,0.00,,4,0,72.22,72.22,82.14,82.14,65.38,65.38,77.27,77.27,0.00,0.00
Greenland,GRL,20200326,3.00,1,2.00,1,2.00,1,3.00,1,1.00,1,1.00,1,2.00,0,4.00,0.00,,0.00,0.00,0.00,2.00,1,3.00,2.00,0.00,0.00,,5,0,77.78,77.78,86.90,86.90,69.23,69.23,81.82,81.82,0.00,0.00
Greenland,GRL,20200327,3.00,1,2.00,1,2.00,1,3.00,1,1.00,1,1.00,1,2.00,0,4.00,0.00,,0.00,0.00,0.00,2.00,1,3.00,2.00,0.00,0.00,,6,0,77.78,77.78,86.90,86.90,69.23,69.23,81.82,81.82,0.00,0.00
Greenland,GRL,20200328,3.00,1,2.00,1,2.00,1,3.00,1,1.00,1,1.00,1,2.00,0,4.00,0.00,,0.00,0.00,0.00,2.00,1,3.00,2.00,298569.72,0.00,,9,0,77.78,77.78,86.90,86.90,69.23,69.23,81.82,81.82,0.00,0.00
Greenland,GRL,20200329,3.00,1,2.00,1,2.00,1,3.00,1,1.00,1,1.00,1,2.00,0,4.00,0.00,,0.00,0.00,0.00,2.00,1,3.00,2.00,0.00,0.00,,10,0,77.78,77.78,86.90,86.90,69.23,69.23,81.82,81.82,0.00,0.00
Greenland,GRL,20200330,3.00,1,2.00,1,2.00,1,3.00,1,1.00,1,1.00,1,2.00,0,4.00,0.00,,0.00,0.00,0.00,2.00,1,3.00,2.00,0.00,0.00,,10,0,77.78,77.78,86.90,86.90,69.23,69.23,81.82,81.82,0.00,0.00
Greenland,GRL,20200331,3.00,1,2.00,1,2.00,1,3.00,1,1.00,1,1.00,1,2.00,0,4.00,0.00,,0.00,0.00,0.00,2.00,1,3.00,2.00,0.00,0.00,,10,0,77.78,77.78,86.90,86.90,69.23,69.23,81.82,81.82,0.00,0.00
Greenland,GRL,20200401,3.00,1,2.00,1,2.00,1,3.00,1,1.00,1,1.00,1,2.00,0,4.00,0.00,,0.00,0.00,0.00,2.00,1,3.00,2.00,0.00,0.00,,10,0,77.78,77.78,86.90,86.90,69.23,69.23,81.82,81.82,0.00,0.00
Greenland,GRL,20200402,3.00,1,2.00,1,2.00,1,3.00,1,1.00,1,1.00,1,2.00,0,4.00,0.00,,0.00,0.00,0.00,2.00,1,3.00,2.00,0.00,0.00,,10,0,77.78,77.78,86.90,86.90,69.23,69.23,81.82,81.82,0.00,0.00
Greenland,GRL,20200403,3.00,1,2.00,1,2.00,1,3.00,1,1.00,1,1.00,1,2.00,0,4.00,0.00,,0.00,0.00,0.00,2.00,1,3.00,2.00,0.00,0.00,,10,0,77.78,77.78,86.90,86.90,69.23,69.23,81.82,81.82,0.00,0.00
Greenland,GRL,20200404,3.00,1,2.00,1,2.00,1,3.00,1,1.00,1,1.00,1,2.00,0,4.00,0.00,,0.00,0.00,0.00,2.00,1,3.00,2.00,0.00,0.00,,10,0,77.78,77.78,86.90,86.90,69.23,69.23,81.82,81.82,0.00,0.00
Greenland,GRL,20200405,3.00,1,2.00,1,2.00,1,3.00,1,1.00,1,1.00,1,2.00,0,4.00,0.00,,0.00,0.00,0.00,2.00,1,3.00,2.00,0.00,0.00,,10,0,77.78,77.78,86.90,86.90,69.23,69.23,81.82,81.82,0.00,0.00
Greenland,GRL,20200406,3.00,1,2.00,1,2.00,1,3.00,1,1.00,1,1.00,1,2.00,0,4.00,0.00,,0.00,0.00,0.00,2.00,1,3.00,2.00,0.00,0.00,,11,0,77.78,77.78,86.90,86.90,69.23,69.23,81.82,81.82,0.00,0.00
Greenland,GRL,20200407,3.00,1,2.00,1,2.00,1,3.00,1,1.00,1,1.00,1,2.00,0,4.00,0.00,,0.00,0.00,0.00,2.00,1,3.00,2.00,0.00,0.00,,11,0,77.78,77.78,86.90,86.90,69.23,69.23,81.82,81.82,0.00,0.00
Greenland,GRL,20200408,3.00,1,2.00,1,2.00,1,3.00,1,1.00,1,1.00,1,2.00,0,4.00,0.00,,0.00,0.00,0.00,2.00,1,3.00,2.00,0.00,0.00,,11,0,77.78,77.78,86.90,86.90,69.23,69.23,81.82,81.82,0.00,0.00
Greenland,GRL,20200409,3.00,1,2.00,1,2.00,1,3.00,1,1.00,1,1.00,1,2.00,0,4.00,0.00,,0.00,0.00,0.00,2.00,1,3.00,2.00,0.00,0.00,,11,0,77.78,77.78,86.90,86.90,69.23,69.23,81.82,81.82,0.00,0.00
Greenland,GRL,20200410,3.00,1,2.00,1,2.00,1,3.00,1,1.00,1,1.00,1,2.00,0,4.00,0.00,,0.00,0.00,0.00,2.00,1,3.00,2.00,0.00,0.00,,11,0,77.78,77.78,86.90,86.90,69.23,69.23,81.82,81.82,0.00,0.00
Greenland,GRL,20200411,3.00,1,2.00,1,2.00,1,3.00,1,1.00,1,1.00,1,2.00,0,4.00,0.00,,0.00,0.00,0.00,2.00,1,3.00,2.00,0.00,0.00,,11,0,77.78,77.78,86.90,86.90,69.23,69.23,81.82,81.82,0.00,0.00
Greenland,GRL,20200412,3.00,1,2.00,1,2.00,1,3.00,1,1.00,1,1.00,1,2.00,0,4.00,0.00,,0.00,0.00,0.00,2.00,1,3.00,2.00,0.00,0.00,,11,0,77.78,77.78,86.90,86.90,69.23,69.23,81.82,81.82,0.00,0.00
Greenland,GRL,20200413,3.00,1,2.00,1,2.00,1,3.00,1,1.00,1,1.00,1,2.00,0,4.00,0.00,,0.00,0.00,0.00,2.00,1,3.00,2.00,0.00,0.00,,11,0,77.78,77.78,86.90,86.90,69.23,69.23,81.82,81.82,0.00,0.00
Greenland,GRL,20200414,3.00,0,2.00,1,2.00,1,3.00,1,1.00,1,1.00,1,2.00,0,4.00,0.00,,0.00,0.00,0.00,2.00,1,3.00,2.00,0.00,0.00,,11,0,75.93,75.93,83.33,83.33,67.95,67.95,80.30,80.30,0.00,0.00
Greenland,GRL,20200415,3.00,0,2.00,1,2.00,1,3.00,1,1.00,1,1.00,1,2.00,0,4.00,0.00,,0.00,0.00,0.00,2.00,1,3.00,2.00,0.00,0.00,,11,0,75.93,75.93,83.33,83.33,67.95,67.95,80.30,80.30,0.00,0.00
Greenland,GRL,20200416,3.00,0,2.00,1,2.00,1,3.00,1,1.00,1,1.00,1,2.00,0,4.00,0.00,,0.00,0.00,0.00,2.00,1,3.00,2.00,0.00,0.00,,11,0,75.93,75.93,83.33,83.33,67.95,67.95,80.30,80.30,0.00,0.00
Greenland,GRL,20200417,3.00,0,2.00,1,2.00,1,3.00,1,1.00,1,1.00,1,2.00,0,4.00,0.00,,0.00,0.00,0.00,2.00,1,3.00,2.00,0.00,0.00,,11,0,75.93,75.93,83.33,83.33,67.95,67.95,80.30,80.30,0.00,0.00
Greenland,GRL,20200418,3.00,0,2.00,1,2.00,1,3.00,1,2.00,1,1.00,1,2.00,0,4.00,0.00,,0.00,0.00,0.00,2.00,1,3.00,2.00,0.00,0.00,,11,0,81.48,81.48,88.10,88.10,71.79,71.79,84.85,84.85,0.00,0.00
Greenland,GRL,20200419,3.00,0,2.00,1,2.00,1,3.00,1,2.00,1,1.00,1,2.00,0,4.00,0.00,,0.00,0.00,0.00,2.00,1,3.00,2.00,0.00,0.00,,11,0,81.48,81.48,88.10,88.10,71.79,71.79,84.85,84.85,0.00,0.00
Greenland,GRL,20200420,3.00,0,2.00,1,2.00,1,3.00,1,2.00,1,1.00,1,2.00,0,4.00,0.00,,0.00,0.00,0.00,2.00,1,3.00,2.00,0.00,0.00,,11,0,81.48,81.48,88.10,88.10,71.79,71.79,84.85,84.85,0.00,0.00
Greenland,GRL,20200421,3.00,0,2.00,1,2.00,1,3.00,1,2.00,1,1.00,1,2.00,0,4.00,0.00,,0.00,0.00,0.00,2.00,1,3.00,2.00,0.00,0.00,,11,0,81.48,81.48,88.10,88.10,71.79,71.79,84.85,84.85,0.00,0.00
Greenland,GRL,20200422,3.00,0,2.00,1,2.00,1,3.00,1,2.00,1,1.00,1,1.00,1,4.00,0.00,,0.00,0.00,0.00,2.00,1,3.00,2.00,0.00,0.00,,11,0,78.70,78.70,88.10,88.10,69.87,69.87,82.58,82.58,0.00,0.00
Greenland,GRL,20200423,3.00,0,2.00,1,2.00,1,3.00,1,2.00,1,1.00,1,1.00,1,4.00,0.00,,0.00,0.00,0.00,2.00,1,3.00,2.00,0.00,0.00,,11,0,78.70,78.70,88.10,88.10,69.87,69.87,82.58,82.58,0.00,0.00
Greenland,GRL,20200424,3.00,0,2.00,1,2.00,1,3.00,1,2.00,1,1.00,1,1.00,1,4.00,0.00,,0.00,0.00,0.00,2.00,1,3.00,2.00,0.00,0.00,,11,0,78.70,78.70,88.10,88.10,69.87,69.87,82.58,82.58,0.00,0.00
Greenland,GRL,20200425,3.00,0,2.00,1,2.00,1,2.00,1,2.00,1,1.00,1,1.00,1,4.00,0.00,,0.00,0.00,0.00,2.00,1,3.00,2.00,0.00,0.00,,11,0,75.93,75.93,88.10,88.10,67.95,67.95,80.30,80.30,0.00,0.00
Greenland,GRL,20200426,3.00,0,2.00,1,2.00,1,2.00,1,2.00,1,1.00,1,1.00,1,4.00,0.00,,0.00,0.00,0.00,2.00,1,3.00,2.00,0.00,0.00,,11,0,75.93,75.93,88.10,88.10,67.95,67.95,80.30,80.30,0.00,0.00
Greenland,GRL,20200427,3.00,0,2.00,1,2.00,1,2.00,1,2.00,1,1.00,1,1.00,1,4.00,0.00,,0.00,0.00,0.00,2.00,1,3.00,2.00,0.00,0.00,,11,0,75.93,75.93,88.10,88.10,67.95,67.95,80.30,80.30,0.00,0.00
Greenland,GRL,20200428,3.00,0,2.00,1,2.00,1,2.00,1,2.00,1,1.00,1,1.00,1,4.00,0.00,,0.00,0.00,0.00,2.00,1,3.00,2.00,0.00,0.00,,11,0,75.93,75.93,88.10,88.10,67.95,67.95,80.30,80.30,0.00,0.00
Greenland,GRL,20200429,3.00,0,2.00,1,2.00,1,2.00,1,2.00,1,1.00,1,1.00,1,4.00,0.00,,0.00,0.00,0.00,2.00,1,3.00,2.00,0.00,0.00,,11,0,75.93,75.93,88.10,88.10,67.95,67.95,80.30,80.30,0.00,0.00
Greenland,GRL,20200430,3.00,0,2.00,1,2.00,1,2.00,1,0.00,,1.00,1,1.00,1,4.00,0.00,,0.00,0.00,0.00,2.00,1,3.00,2.00,0.00,0.00,,11,0,64.81,64.81,73.81,73.81,60.26,60.26,71.21,71.21,0.00,0.00
Greenland,GRL,20200501,3.00,0,2.00,1,2.00,1,2.00,1,0.00,,1.00,1,1.00,1,4.00,0.00,,0.00,0.00,0.00,2.00,1,3.00,2.00,0.00,0.00,,11,0,64.81,64.81,73.81,73.81,60.26,60.26,71.21,71.21,0.00,0.00
Greenland,GRL,20200502,3.00,0,2.00,1,2.00,1,2.00,1,0.00,,1.00,1,1.00,1,4.00,0.00,,0.00,0.00,0.00,2.00,1,3.00,2.00,0.00,0.00,,11,0,64.81,64.81,73.81,73.81,60.26,60.26,71.21,71.21,0.00,0.00
Greenland,GRL,20200503,3.00,0,2.00,1,2.00,1,2.00,1,0.00,,1.00,1,1.00,1,4.00,0.00,,0.00,0.00,0.00,2.00,1,3.00,2.00,0.00,0.00,,11,0,64.81,64.81,73.81,73.81,60.26,60.26,71.21,71.21,0.00,0.00
Greenland,GRL,20200504,3.00,0,2.00,1,2.00,1,2.00,1,0.00,,1.00,1,1.00,1,4.00,0.00,,0.00,0.00,0.00,2.00,1,3.00,2.00,0.00,0.00,,11,0,64.81,64.81,73.81,73.81,60.26,60.26,71.21,71.21,0.00,0.00
Greenland,GRL,20200505,3.00,0,2.00,1,2.00,1,2.00,1,0.00,,1.00,1,1.00,1,4.00,0.00,,0.00,0.00,0.00,2.00,1,3.00,2.00,0.00,0.00,,11,0,64.81,64.81,73.81,73.81,60.26,60.26,71.21,71.21,0.00,0.00
Greenland,GRL,20200506,3.00,0,2.00,1,2.00,1,2.00,1,0.00,,1.00,1,1.00,1,4.00,0.00,,0.00,0.00,0.00,2.00,1,3.00,2.00,0.00,0.00,,11,0,64.81,64.81,73.81,73.81,60.26,60.26,71.21,71.21,0.00,0.00
Greenland,GRL,20200507,3.00,0,2.00,1,2.00,1,2.00,1,0.00,,1.00,1,1.00,1,4.00,0.00,,0.00,0.00,0.00,2.00,1,3.00,2.00,0.00,0.00,,11,0,64.81,64.81,73.81,73.81,60.26,60.26,71.21,71.21,0.00,0.00
Greenland,GRL,20200508,3.00,0,2.00,1,2.00,1,2.00,1,0.00,,1.00,1,1.00,1,4.00,0.00,,0.00,0.00,0.00,2.00,1,3.00,2.00,0.00,0.00,,11,0,64.81,64.81,73.81,73.81,60.26,60.26,71.21,71.21,0.00,0.00
Greenland,GRL,20200509,3.00,0,2.00,1,2.00,1,2.00,1,0.00,,1.00,1,1.00,1,4.00,0.00,,0.00,0.00,0.00,2.00,1,3.00,2.00,0.00,0.00,,11,0,64.81,64.81,73.81,73.81,60.26,60.26,71.21,71.21,0.00,0.00
Greenland,GRL,20200510,3.00,0,2.00,1,2.00,1,2.00,1,0.00,,1.00,1,1.00,1,4.00,0.00,,0.00,0.00,0.00,2.00,1,3.00,2.00,0.00,0.00,,11,0,64.81,64.81,73.81,73.81,60.26,60.26,71.21,71.21,0.00,0.00
Greenland,GRL,20200511,3.00,0,2.00,1,2.00,1,2.00,1,0.00,,1.00,1,1.00,1,4.00,0.00,,0.00,0.00,0.00,2.00,1,3.00,2.00,0.00,0.00,,11,0,64.81,64.81,73.81,73.81,60.26,60.26,71.21,71.21,0.00,0.00
Greenland,GRL,20200512,3.00,0,2.00,1,2.00,1,2.00,1,0.00,,1.00,1,1.00,1,4.00,0.00,,0.00,0.00,0.00,2.00,1,3.00,2.00,0.00,0.00,,11,0,64.81,64.81,73.81,73.81,60.26,60.26,71.21,71.21,0.00,0.00
Greenland,GRL,20200513,3.00,0,2.00,1,2.00,1,2.00,1,0.00,,1.00,1,1.00,1,4.00,0.00,,0.00,0.00,0.00,2.00,1,3.00,2.00,0.00,0.00,,11,0,64.81,64.81,73.81,73.81,60.26,60.26,71.21,71.21,0.00,0.00
Greenland,GRL,20200514,3.00,0,2.00,1,2.00,1,2.00,1,0.00,,1.00,1,1.00,1,4.00,0.00,,0.00,0.00,0.00,2.00,1,3.00,2.00,0.00,0.00,,11,0,64.81,64.81,73.81,73.81,60.26,60.26,71.21,71.21,0.00,0.00
Greenland,GRL,20200515,3.00,0,2.00,1,2.00,1,2.00,1,0.00,,1.00,1,1.00,1,4.00,0.00,,0.00,0.00,0.00,2.00,1,3.00,2.00,0.00,0.00,,11,0,64.81,64.81,73.81,73.81,60.26,60.26,71.21,71.21,0.00,0.00
Greenland,GRL,20200516,3.00,0,2.00,1,2.00,1,2.00,1,0.00,,1.00,1,1.00,1,4.00,0.00,,0.00,0.00,0.00,2.00,1,3.00,2.00,0.00,0.00,,11,0,64.81,64.81,73.81,73.81,60.26,60.26,71.21,71.21,0.00,0.00
Greenland,GRL,20200517,3.00,0,2.00,1,2.00,1,2.00,1,0.00,,1.00,1,1.00,1,4.00,0.00,,0.00,0.00,0.00,2.00,1,3.00,2.00,0.00,0.00,,11,0,64.81,64.81,73.81,73.81,60.26,60.26,71.21,71.21,0.00,0.00
Greenland,GRL,20200518,2.00,1,2.00,1,1.00,1,2.00,1,0.00,,1.00,1,1.00,1,4.00,0.00,,0.00,0.00,0.00,2.00,1,3.00,2.00,0.00,0.00,,11,0,57.41,57.41,69.05,69.05,55.13,55.13,65.15,65.15,0.00,0.00
Greenland,GRL,20200519,2.00,1,0.00,,1.00,1,2.00,1,0.00,,1.00,1,1.00,1,4.00,0.00,,0.00,0.00,0.00,2.00,1,3.00,2.00,0.00,0.00,,11,0,50.00,50.00,58.33,58.33,50.00,50.00,59.09,59.09,0.00,0.00
Greenland,GRL,20200520,2.00,1,0.00,,1.00,1,2.00,1,0.00,,1.00,1,1.00,1,4.00,0.00,,0.00,0.00,0.00,2.00,1,3.00,2.00,0.00,0.00,,11,0,50.00,50.00,58.33,58.33,50.00,50.00,59.09,59.09,0.00,0.00
Greenland,GRL,20200521,2.00,1,0.00,,1.00,1,2.00,1,0.00,,1.00,1,1.00,1,4.00,0.00,,0.00,0.00,0.00,2.00,1,3.00,2.00,0.00,0.00,,11,0,50.00,50.00,58.33,58.33,50.00,50.00,59.09,59.09,0.00,0.00
Greenland,GRL,20200522,2.00,1,0.00,,1.00,1,2.00,1,0.00,,1.00,1,1.00,1,4.00,0.00,,0.00,0.00,0.00,2.00,1,3.00,2.00,0.00,0.00,,11,0,50.00,50.00,58.33,58.33,50.00,50.00,59.09,59.09,0.00,0.00
Greenland,GRL,20200523,2.00,1,0.00,,1.00,1,2.00,1,0.00,,1.00,1,1.00,1,4.00,0.00,,0.00,0.00,0.00,2.00,1,3.00,2.00,0.00,0.00,,11,0,50.00,50.00,58.33,58.33,50.00,50.00,59.09,59.09,0.00,0.00
Greenland,GRL,20200524,2.00,1,0.00,,1.00,1,2.00,1,0.00,,1.00,1,1.00,1,4.00,0.00,,0.00,0.00,0.00,2.00,1,3.00,2.00,0.00,0.00,,11,0,50.00,50.00,58.33,58.33,50.00,50.00,59.09,59.09,0.00,0.00
Greenland,GRL,20200525,2.00,1,0.00,,1.00,1,2.00,1,0.00,,1.00,1,1.00,1,4.00,0.00,,0.00,0.00,0.00,2.00,1,3.00,2.00,0.00,0.00,,11,0,50.00,50.00,58.33,58.33,50.00,50.00,59.09,59.09,0.00,0.00
Greenland,GRL,20200526,2.00,1,0.00,,1.00,1,2.00,1,0.00,,1.00,1,1.00,1,4.00,0.00,,0.00,0.00,0.00,2.00,1,3.00,2.00,0.00,0.00,,12,0,50.00,50.00,58.33,58.33,50.00,50.00,59.09,59.09,0.00,0.00
Greenland,GRL,20200527,2.00,1,0.00,,1.00,1,2.00,1,0.00,,1.00,1,1.00,1,4.00,0.00,,0.00,0.00,0.00,2.00,1,3.00,2.00,0.00,0.00,,12,0,50.00,50.00,58.33,58.33,50.00,50.00,59.09,59.09,0.00,0.00
Greenland,GRL,20200528,2.00,1,0.00,,1.00,1,2.00,1,0.00,,1.00,1,1.00,1,4.00,0.00,,0.00,0.00,0.00,2.00,1,3.00,2.00,0.00,0.00,,12,0,50.00,50.00,58.33,58.33,50.00,50.00,59.09,59.09,0.00,0.00
Greenland,GRL,20200529,2.00,1,0.00,,1.00,1,2.00,1,0.00,,1.00,1,1.00,1,4.00,0.00,,0.00,0.00,0.00,2.00,1,3.00,2.00,0.00,0.00,,13,0,50.00,50.00,58.33,58.33,50.00,50.00,59.09,59.09,0.00,0.00
Greenland,GRL,20200530,2.00,1,0.00,,1.00,1,2.00,1,0.00,,1.00,1,1.00,1,4.00,0.00,,0.00,0.00,0.00,2.00,1,3.00,2.00,0.00,0.00,,13,0,50.00,50.00,58.33,58.33,50.00,50.00,59.09,59.09,0.00,0.00
Greenland,GRL,20200531,2.00,1,0.00,,1.00,1,2.00,1,0.00,,1.00,1,1.00,1,4.00,0.00,,0.00,0.00,0.00,2.00,1,3.00,2.00,0.00,0.00,,13,0,50.00,50.00,58.33,58.33,50.00,50.00,59.09,59.09,0.00,0.00
Greenland,GRL,20200601,2.00,1,0.00,,1.00,1,2.00,1,0.00,,1.00,1,1.00,1,4.00,0.00,,0.00,0.00,0.00,2.00,1,3.00,2.00,0.00,0.00,,13,0,50.00,50.00,58.33,58.33,50.00,50.00,59.09,59.09,0.00,0.00
Greenland,GRL,20200602,2.00,1,0.00,,1.00,1,2.00,1,0.00,,1.00,1,1.00,1,4.00,0.00,,0.00,0.00,0.00,2.00,1,3.00,2.00,0.00,0.00,,13,0,50.00,50.00,58.33,58.33,50.00,50.00,59.09,59.09,0.00,0.00
Greenland,GRL,20200603,2.00,1,0.00,,1.00,1,2.00,1,0.00,,1.00,1,1.00,1,4.00,0.00,,0.00,0.00,0.00,2.00,1,3.00,2.00,0.00,0.00,,13,0,50.00,50.00,58.33,58.33,50.00,50.00,59.09,59.09,0.00,0.00
Greenland,GRL,20200604,2.00,1,0.00,,1.00,1,2.00,1,0.00,,1.00,1,1.00,1,4.00,0.00,,0.00,0.00,0.00,2.00,1,3.00,2.00,0.00,0.00,,13,0,50.00,50.00,58.33,58.33,50.00,50.00,59.09,59.09,0.00,0.00
Greenland,GRL,20200605,2.00,1,0.00,,1.00,1,2.00,1,0.00,,1.00,1,1.00,1,4.00,0.00,,0.00,0.00,0.00,2.00,1,3.00,2.00,0.00,0.00,,13,0,50.00,50.00,58.33,58.33,50.00,50.00,59.09,59.09,0.00,0.00
Greenland,GRL,20200606,2.00,1,0.00,,1.00,1,2.00,1,0.00,,1.00,1,1.00,1,4.00,0.00,,0.00,0.00,0.00,2.00,1,3.00,2.00,0.00,0.00,,13,0,50.00,50.00,58.33,58.33,50.00,50.00,59.09,59.09,0.00,0.00
Greenland,GRL,20200607,2.00,1,0.00,,1.00,1,2.00,1,0.00,,1.00,1,1.00,1,4.00,0.00,,0.00,0.00,0.00,2.00,1,3.00,2.00,0.00,0.00,,13,0,50.00,50.00,58.33,58.33,50.00,50.00,59.09,59.09,0.00,0.00
Greenland,GRL,20200608,2.00,1,0.00,,1.00,1,2.00,1,0.00,,1.00,1,1.00,1,4.00,0.00,,0.00,0.00,0.00,2.00,1,3.00,2.00,0.00,0.00,,13,0,50.00,50.00,58.33,58.33,50.00,50.00,59.09,59.09,0.00,0.00
Greenland,GRL,20200609,2.00,1,0.00,,1.00,1,2.00,1,0.00,,1.00,1,1.00,1,4.00,0.00,,0.00,0.00,0.00,2.00,1,3.00,2.00,0.00,0.00,,13,0,50.00,50.00,58.33,58.33,50.00,50.00,59.09,59.09,0.00,0.00
Greenland,GRL,20200610,2.00,1,0.00,,1.00,1,2.00,1,0.00,,1.00,1,1.00,1,4.00,0.00,,0.00,0.00,0.00,2.00,1,3.00,2.00,0.00,0.00,,13,0,50.00,50.00,58.33,58.33,50.00,50.00,59.09,59.09,0.00,0.00
Greenland,GRL,20200611,2.00,1,0.00,,1.00,1,2.00,1,0.00,,1.00,1,1.00,1,4.00,0.00,,0.00,0.00,0.00,2.00,1,3.00,2.00,0.00,0.00,,13,0,50.00,50.00,58.33,58.33,50.00,50.00,59.09,59.09,0.00,0.00
Greenland,GRL,20200612,2.00,1,0.00,,1.00,1,2.00,1,0.00,,1.00,1,1.00,1,4.00,0.00,,0.00,0.00,0.00,2.00,1,3.00,2.00,0.00,0.00,,13,0,50.00,50.00,58.33,58.33,50.00,50.00,59.09,59.09,0.00,0.00
Greenland,GRL,20200613,2.00,1,0.00,,1.00,1,2.00,1,0.00,,1.00,1,1.00,1,4.00,0.00,,0.00,0.00,0.00,2.00,1,3.00,2.00,0.00,0.00,,13,0,50.00,50.00,58.33,58.33,50.00,50.00,59.09,59.09,0.00,0.00
Greenland,GRL,20200614,2.00,1,0.00,,1.00,1,2.00,1,0.00,,1.00,1,1.00,1,4.00,0.00,,0.00,0.00,0.00,2.00,1,3.00,2.00,0.00,0.00,,13,0,50.00,50.00,58.33,58.33,50.00,50.00,59.09,59.09,0.00,0.00
Greenland,GRL,20200615,2.00,1,0.00,,1.00,1,2.00,1,0.00,,1.00,1,1.00,1,2.00,0.00,,0.00,0.00,0.00,2.00,1,3.00,2.00,0.00,0.00,,13,0,44.44,44.44,51.19,51.19,46.15,46.15,54.55,54.55,0.00,0.00
Greenland,GRL,20200616,2.00,1,0.00,,1.00,1,2.00,1,0.00,,1.00,1,1.00,1,2.00,0.00,,0.00,0.00,0.00,2.00,1,3.00,2.00,0.00,0.00,,13,0,44.44,44.44,51.19,51.19,46.15,46.15,54.55,54.55,0.00,0.00
Greenland,GRL,20200617,,,,,,,,,,,,,,,,,,,,,,,,,,,,13,0,,44.44,,51.19,,46.15,,54.55,,0.00
Greenland,GRL,20200618,,,,,,,,,,,,,,,,,,,,,,,,,,,,13,0,,44.44,,51.19,,46.15,,54.55,,0.00
Greenland,GRL,20200619,,,,,,,,,,,,,,,,,,,,,,,,,,,,13,0,,44.44,,51.19,,46.15,,54.55,,0.00
Greenland,GRL,20200620,,,,,,,,,,,,,,,,,,,,,,,,,,,,13,0,,44.44,,51.19,,46.15,,54.55,,0.00
Greenland,GRL,20200621,,,,,,,,,,,,,,,,,,,,,,,,,,,,13,0,,44.44,,51.19,,46.15,,54.55,,0.00
Greenland,GRL,20200622,,,,,,,,,,,,,,,,,,,,,,,,,,,,13,0,,44.44,,51.19,,46.15,,54.55,,0.00
Greenland,GRL,20200623,,,,,,,,,,,,,,,,,,,,,,,,,,,,13,0,,44.44,,51.19,,46.15,,54.55,,0.00
