Greece,GRC,20200101,0.00,,0.00,,0.00,,0.00,,0.00,,0.00,,0.00,,0.00,0.00,,0.00,0.00,0.00,0.00,,0.00,0.00,0.00,0.00,,0,0,0.00,0.00,0.00,0.00,0.00,0.00,0.00,0.00,0.00,0.00
Greece,GRC,20200102,0.00,,0.00,,0.00,,0.00,,0.00,,0.00,,0.00,,0.00,0.00,,0.00,0.00,0.00,0.00,,0.00,0.00,0.00,0.00,,0,0,0.00,0.00,0.00,0.00,0.00,0.00,0.00,0.00,0.00,0.00
Greece,GRC,20200103,0.00,,0.00,,0.00,,0.00,,0.00,,0.00,,0.00,,0.00,0.00,,0.00,0.00,0.00,0.00,,0.00,0.00,0.00,0.00,,0,0,0.00,0.00,0.00,0.00,0.00,0.00,0.00,0.00,0.00,0.00
Greece,GRC,20200104,0.00,,0.00,,0.00,,0.00,,0.00,,0.00,,0.00,,0.00,0.00,,0.00,0.00,0.00,0.00,,0.00,0.00,0.00,0.00,,0,0,0.00,0.00,0.00,0.00,0.00,0.00,0.00,0.00,0.00,0.00
Greece,GRC,20200105,0.00,,0.00,,0.00,,0.00,,0.00,,0.00,,0.00,,0.00,0.00,,0.00,0.00,0.00,0.00,,0.00,0.00,0.00,0.00,,0,0,0.00,0.00,0.00,0.00,0.00,0.00,0.00,0.00,0.00,0.00
Greece,GRC,20200106,0.00,,0.00,,0.00,,0.00,,0.00,,0.00,,0.00,,0.00,0.00,,0.00,0.00,0.00,0.00,,0.00,0.00,0.00,0.00,,0,0,0.00,0.00,0.00,0.00,0.00,0.00,0.00,0.00,0.00,0.00
Greece,GRC,20200107,0.00,,0.00,,0.00,,0.00,,0.00,,0.00,,0.00,,0.00,0.00,,0.00,0.00,0.00,0.00,,0.00,0.00,0.00,0.00,,0,0,0.00,0.00,0.00,0.00,0.00,0.00,0.00,0.00,0.00,0.00
Greece,GRC,20200108,0.00,,0.00,,0.00,,0.00,,0.00,,0.00,,0.00,,0.00,0.00,,0.00,0.00,0.00,0.00,,0.00,0.00,0.00,0.00,,0,0,0.00,0.00,0.00,0.00,0.00,0.00,0.00,0.00,0.00,0.00
Greece,GRC,20200109,0.00,,0.00,,0.00,,0.00,,0.00,,0.00,,0.00,,0.00,0.00,,0.00,0.00,0.00,0.00,,0.00,0.00,0.00,0.00,,0,0,0.00,0.00,0.00,0.00,0.00,0.00,0.00,0.00,0.00,0.00
Greece,GRC,20200110,0.00,,0.00,,0.00,,0.00,,0.00,,0.00,,0.00,,0.00,0.00,,0.00,0.00,0.00,0.00,,0.00,0.00,0.00,0.00,,0,0,0.00,0.00,0.00,0.00,0.00,0.00,0.00,0.00,0.00,0.00
Greece,GRC,20200111,0.00,,0.00,,0.00,,0.00,,0.00,,0.00,,0.00,,0.00,0.00,,0.00,0.00,0.00,0.00,,0.00,0.00,0.00,0.00,,0,0,0.00,0.00,0.00,0.00,0.00,0.00,0.00,0.00,0.00,0.00
Greece,GRC,20200112,0.00,,0.00,,0.00,,0.00,,0.00,,0.00,,0.00,,0.00,0.00,,0.00,0.00,0.00,0.00,,0.00,0.00,0.00,0.00,,0,0,0.00,0.00,0.00,0.00,0.00,0.00,0.00,0.00,0.00,0.00
Greece,GRC,20200113,0.00,,0.00,,0.00,,0.00,,0.00,,0.00,,0.00,,0.00,0.00,,0.00,0.00,0.00,0.00,,0.00,0.00,0.00,0.00,,0,0,0.00,0.00,0.00,0.00,0.00,0.00,0.00,0.00,0.00,0.00
Greece,GRC,20200114,0.00,,0.00,,0.00,,0.00,,0.00,,0.00,,0.00,,0.00,0.00,,0.00,0.00,0.00,0.00,,0.00,0.00,0.00,0.00,,0,0,0.00,0.00,0.00,0.00,0.00,0.00,0.00,0.00,0.00,0.00
Greece,GRC,20200115,0.00,,0.00,,0.00,,0.00,,0.00,,0.00,,0.00,,0.00,0.00,,0.00,0.00,0.00,0.00,,0.00,0.00,0.00,0.00,,0,0,0.00,0.00,0.00,0.00,0.00,0.00,0.00,0.00,0.00,0.00
Greece,GRC,20200116,0.00,,0.00,,0.00,,0.00,,0.00,,0.00,,0.00,,0.00,0.00,,0.00,0.00,0.00,0.00,,0.00,0.00,0.00,0.00,,0,0,0.00,0.00,0.00,0.00,0.00,0.00,0.00,0.00,0.00,0.00
Greece,GRC,20200117,0.00,,0.00,,0.00,,0.00,,0.00,,0.00,,0.00,,0.00,0.00,,0.00,0.00,0.00,0.00,,0.00,0.00,0.00,0.00,,0,0,0.00,0.00,0.00,0.00,0.00,0.00,0.00,0.00,0.00,0.00
Greece,GRC,20200118,0.00,,0.00,,0.00,,0.00,,0.00,,0.00,,0.00,,0.00,0.00,,0.00,0.00,0.00,0.00,,0.00,0.00,0.00,0.00,,0,0,0.00,0.00,0.00,0.00,0.00,0.00,0.00,0.00,0.00,0.00
Greece,GRC,20200119,0.00,,0.00,,0.00,,0.00,,0.00,,0.00,,0.00,,0.00,0.00,,0.00,0.00,0.00,0.00,,0.00,0.00,0.00,0.00,,0,0,0.00,0.00,0.00,0.00,0.00,0.00,0.00,0.00,0.00,0.00
Greece,GRC,20200120,0.00,,0.00,,0.00,,0.00,,0.00,,0.00,,0.00,,0.00,0.00,,0.00,0.00,0.00,0.00,,0.00,0.00,0.00,0.00,,0,0,0.00,0.00,0.00,0.00,0.00,0.00,0.00,0.00,0.00,0.00
Greece,GRC,20200121,0.00,,0.00,,0.00,,0.00,,0.00,,0.00,,0.00,,0.00,0.00,,0.00,0.00,0.00,0.00,,0.00,0.00,0.00,0.00,,0,0,0.00,0.00,0.00,0.00,0.00,0.00,0.00,0.00,0.00,0.00
Greece,GRC,20200122,0.00,,0.00,,0.00,,0.00,,0.00,,0.00,,0.00,,0.00,0.00,,0.00,0.00,0.00,0.00,,0.00,0.00,0.00,0.00,,0,0,0.00,0.00,0.00,0.00,0.00,0.00,0.00,0.00,0.00,0.00
Greece,GRC,20200123,0.00,,0.00,,0.00,,0.00,,0.00,,0.00,,0.00,,0.00,0.00,,0.00,0.00,0.00,0.00,,0.00,0.00,0.00,0.00,,0,0,0.00,0.00,0.00,0.00,0.00,0.00,0.00,0.00,0.00,0.00
Greece,GRC,20200124,0.00,,0.00,,0.00,,0.00,,0.00,,0.00,,0.00,,0.00,0.00,,0.00,0.00,0.00,0.00,,0.00,0.00,0.00,0.00,,0,0,0.00,0.00,0.00,0.00,0.00,0.00,0.00,0.00,0.00,0.00
Greece,GRC,20200125,0.00,,0.00,,0.00,,0.00,,0.00,,0.00,,0.00,,0.00,0.00,,0.00,0.00,0.00,0.00,,0.00,0.00,0.00,0.00,,0,0,0.00,0.00,0.00,0.00,0.00,0.00,0.00,0.00,0.00,0.00
Greece,GRC,20200126,0.00,,0.00,,0.00,,0.00,,0.00,,0.00,,0.00,,0.00,0.00,,0.00,0.00,0.00,0.00,,0.00,0.00,0.00,0.00,,0,0,0.00,0.00,0.00,0.00,0.00,0.00,0.00,0.00,0.00,0.00
Greece,GRC,20200127,0.00,,0.00,,0.00,,0.00,,0.00,,0.00,,0.00,,0.00,0.00,,0.00,0.00,0.00,0.00,,0.00,0.00,0.00,0.00,,0,0,0.00,0.00,0.00,0.00,0.00,0.00,0.00,0.00,0.00,0.00
Greece,GRC,20200128,0.00,,0.00,,0.00,,0.00,,0.00,,0.00,,0.00,,0.00,0.00,,0.00,0.00,0.00,0.00,,0.00,0.00,0.00,0.00,,0,0,0.00,0.00,0.00,0.00,0.00,0.00,0.00,0.00,0.00,0.00
Greece,GRC,20200129,0.00,,0.00,,0.00,,0.00,,0.00,,0.00,,0.00,,0.00,0.00,,0.00,0.00,0.00,0.00,,0.00,0.00,0.00,0.00,,0,0,0.00,0.00,0.00,0.00,0.00,0.00,0.00,0.00,0.00,0.00
Greece,GRC,20200130,0.00,,0.00,,0.00,,0.00,,0.00,,0.00,,0.00,,0.00,0.00,,0.00,0.00,0.00,0.00,,0.00,0.00,0.00,0.00,,0,0,0.00,0.00,0.00,0.00,0.00,0.00,0.00,0.00,0.00,0.00
Greece,GRC,20200131,0.00,,0.00,,0.00,,0.00,,0.00,,0.00,,0.00,,0.00,0.00,,0.00,0.00,0.00,0.00,,0.00,0.00,0.00,0.00,,0,0,0.00,0.00,0.00,0.00,0.00,0.00,0.00,0.00,0.00,0.00
Greece,GRC,20200201,0.00,,0.00,,0.00,,0.00,,0.00,,0.00,,0.00,,0.00,0.00,,0.00,0.00,0.00,0.00,,0.00,0.00,0.00,0.00,,0,0,0.00,0.00,0.00,0.00,0.00,0.00,0.00,0.00,0.00,0.00
Greece,GRC,20200202,0.00,,0.00,,0.00,,0.00,,0.00,,0.00,,0.00,,0.00,0.00,,0.00,0.00,0.00,0.00,,0.00,0.00,0.00,0.00,,0,0,0.00,0.00,0.00,0.00,0.00,0.00,0.00,0.00,0.00,0.00
Greece,GRC,20200203,0.00,,0.00,,0.00,,0.00,,0.00,,0.00,,0.00,,0.00,0.00,,0.00,0.00,0.00,0.00,,0.00,0.00,0.00,0.00,,0,0,0.00,0.00,0.00,0.00,0.00,0.00,0.00,0.00,0.00,0.00
Greece,GRC,20200204,0.00,,0.00,,0.00,,0.00,,0.00,,0.00,,0.00,,0.00,0.00,,0.00,0.00,0.00,0.00,,0.00,0.00,0.00,0.00,,0,0,0.00,0.00,0.00,0.00,0.00,0.00,0.00,0.00,0.00,0.00
Greece,GRC,20200205,0.00,,0.00,,0.00,,0.00,,0.00,,0.00,,0.00,,0.00,0.00,,0.00,0.00,0.00,0.00,,0.00,0.00,0.00,0.00,,0,0,0.00,0.00,0.00,0.00,0.00,0.00,0.00,0.00,0.00,0.00
Greece,GRC,20200206,0.00,,0.00,,0.00,,0.00,,0.00,,0.00,,0.00,,0.00,0.00,,0.00,0.00,0.00,0.00,,0.00,0.00,0.00,0.00,,0,0,0.00,0.00,0.00,0.00,0.00,0.00,0.00,0.00,0.00,0.00
Greece,GRC,20200207,0.00,,0.00,,0.00,,0.00,,0.00,,0.00,,0.00,,0.00,0.00,,0.00,0.00,0.00,0.00,,0.00,0.00,0.00,0.00,,0,0,0.00,0.00,0.00,0.00,0.00,0.00,0.00,0.00,0.00,0.00
Greece,GRC,20200208,0.00,,0.00,,0.00,,0.00,,0.00,,0.00,,0.00,,0.00,0.00,,0.00,0.00,0.00,0.00,,0.00,0.00,0.00,0.00,,0,0,0.00,0.00,0.00,0.00,0.00,0.00,0.00,0.00,0.00,0.00
Greece,GRC,20200209,0.00,,0.00,,0.00,,0.00,,0.00,,0.00,,0.00,,0.00,0.00,,0.00,0.00,0.00,0.00,,0.00,0.00,0.00,0.00,,0,0,0.00,0.00,0.00,0.00,0.00,0.00,0.00,0.00,0.00,0.00
Greece,GRC,20200210,0.00,,0.00,,0.00,,0.00,,0.00,,0.00,,0.00,,0.00,0.00,,0.00,0.00,0.00,0.00,,0.00,0.00,0.00,0.00,,0,0,0.00,0.00,0.00,0.00,0.00,0.00,0.00,0.00,0.00,0.00
Greece,GRC,20200211,0.00,,0.00,,0.00,,0.00,,0.00,,0.00,,0.00,,0.00,0.00,,0.00,0.00,0.00,0.00,,0.00,0.00,0.00,0.00,,0,0,0.00,0.00,0.00,0.00,0.00,0.00,0.00,0.00,0.00,0.00
Greece,GRC,20200212,0.00,,0.00,,0.00,,0.00,,0.00,,0.00,,0.00,,0.00,0.00,,0.00,0.00,0.00,0.00,,0.00,0.00,0.00,0.00,,0,0,0.00,0.00,0.00,0.00,0.00,0.00,0.00,0.00,0.00,0.00
Greece,GRC,20200213,0.00,,0.00,,0.00,,0.00,,0.00,,0.00,,0.00,,0.00,0.00,,0.00,0.00,0.00,0.00,,0.00,0.00,0.00,0.00,,0,0,0.00,0.00,0.00,0.00,0.00,0.00,0.00,0.00,0.00,0.00
Greece,GRC,20200214,0.00,,0.00,,0.00,,0.00,,0.00,,0.00,,0.00,,0.00,0.00,,0.00,0.00,0.00,0.00,,0.00,0.00,0.00,0.00,,0,0,0.00,0.00,0.00,0.00,0.00,0.00,0.00,0.00,0.00,0.00
Greece,GRC,20200215,0.00,,0.00,,0.00,,0.00,,0.00,,0.00,,0.00,,0.00,0.00,,0.00,0.00,0.00,0.00,,0.00,0.00,0.00,0.00,,0,0,0.00,0.00,0.00,0.00,0.00,0.00,0.00,0.00,0.00,0.00
Greece,GRC,20200216,0.00,,0.00,,0.00,,0.00,,0.00,,0.00,,0.00,,0.00,0.00,,0.00,0.00,0.00,0.00,,0.00,0.00,0.00,0.00,,0,0,0.00,0.00,0.00,0.00,0.00,0.00,0.00,0.00,0.00,0.00
Greece,GRC,20200217,0.00,,0.00,,0.00,,0.00,,0.00,,0.00,,0.00,,0.00,0.00,,0.00,0.00,0.00,0.00,,0.00,0.00,0.00,0.00,,0,0,0.00,0.00,0.00,0.00,0.00,0.00,0.00,0.00,0.00,0.00
Greece,GRC,20200218,0.00,,0.00,,0.00,,0.00,,0.00,,0.00,,0.00,,0.00,0.00,,0.00,0.00,0.00,0.00,,0.00,0.00,0.00,0.00,,0,0,0.00,0.00,0.00,0.00,0.00,0.00,0.00,0.00,0.00,0.00
Greece,GRC,20200219,0.00,,0.00,,0.00,,0.00,,0.00,,0.00,,0.00,,0.00,0.00,,0.00,0.00,0.00,0.00,,0.00,0.00,0.00,0.00,,0,0,0.00,0.00,0.00,0.00,0.00,0.00,0.00,0.00,0.00,0.00
Greece,GRC,20200220,0.00,,0.00,,0.00,,0.00,,0.00,,0.00,,0.00,,0.00,0.00,,0.00,0.00,0.00,0.00,,0.00,0.00,0.00,0.00,,0,0,0.00,0.00,0.00,0.00,0.00,0.00,0.00,0.00,0.00,0.00
Greece,GRC,20200221,0.00,,0.00,,0.00,,0.00,,0.00,,0.00,,0.00,,0.00,0.00,,0.00,0.00,0.00,0.00,,0.00,0.00,0.00,0.00,,0,0,0.00,0.00,0.00,0.00,0.00,0.00,0.00,0.00,0.00,0.00
Greece,GRC,20200222,0.00,,0.00,,0.00,,0.00,,0.00,,0.00,,0.00,,0.00,0.00,,0.00,0.00,0.00,0.00,,0.00,0.00,0.00,0.00,,0,0,0.00,0.00,0.00,0.00,0.00,0.00,0.00,0.00,0.00,0.00
Greece,GRC,20200223,0.00,,0.00,,0.00,,0.00,,0.00,,0.00,,0.00,,0.00,0.00,,0.00,0.00,0.00,0.00,,0.00,0.00,0.00,0.00,,0,0,0.00,0.00,0.00,0.00,0.00,0.00,0.00,0.00,0.00,0.00
Greece,GRC,20200224,0.00,,0.00,,0.00,,0.00,,0.00,,0.00,,0.00,,0.00,0.00,,0.00,0.00,0.00,0.00,,0.00,0.00,0.00,0.00,,0,0,0.00,0.00,0.00,0.00,0.00,0.00,0.00,0.00,0.00,0.00
Greece,GRC,20200225,0.00,,0.00,,0.00,,0.00,,0.00,,0.00,,0.00,,0.00,0.00,,0.00,0.00,0.00,2.00,1,0.00,0.00,0.00,0.00,,0,0,11.11,11.11,14.29,14.29,7.69,7.69,9.09,9.09,0.00,0.00
Greece,GRC,20200226,0.00,,0.00,,0.00,,0.00,,0.00,,0.00,,0.00,,0.00,0.00,,0.00,0.00,0.00,2.00,1,0.00,0.00,0.00,0.00,,0,0,11.11,11.11,14.29,14.29,7.69,7.69,9.09,9.09,0.00,0.00
Greece,GRC,20200227,0.00,,0.00,,0.00,,0.00,,0.00,,0.00,,0.00,,0.00,0.00,,0.00,0.00,0.00,2.00,1,0.00,0.00,0.00,0.00,,1,0,11.11,11.11,14.29,14.29,7.69,7.69,9.09,9.09,0.00,0.00
Greece,GRC,20200228,0.00,,0.00,,0.00,,0.00,,0.00,,0.00,,0.00,,0.00,0.00,,0.00,0.00,0.00,2.00,1,0.00,0.00,0.00,0.00,,3,0,11.11,11.11,14.29,14.29,7.69,7.69,9.09,9.09,0.00,0.00
Greece,GRC,20200229,0.00,,0.00,,2.00,0,0.00,,0.00,,0.00,,0.00,,0.00,0.00,,0.00,0.00,0.00,2.00,1,0.00,0.00,0.00,0.00,,4,0,19.44,19.44,23.81,23.81,13.46,13.46,15.91,15.91,0.00,0.00
Greece,GRC,20200301,0.00,,0.00,,2.00,0,0.00,,0.00,,0.00,,0.00,,0.00,0.00,,0.00,0.00,0.00,2.00,1,0.00,0.00,0.00,0.00,,7,0,19.44,19.44,23.81,23.81,13.46,13.46,15.91,15.91,0.00,0.00
Greece,GRC,20200302,0.00,,0.00,,2.00,0,0.00,,0.00,,0.00,,0.00,,0.00,0.00,,0.00,0.00,0.00,2.00,1,0.00,0.00,0.00,0.00,,7,0,19.44,19.44,23.81,23.81,13.46,13.46,15.91,15.91,0.00,0.00
Greece,GRC,20200303,0.00,,0.00,,2.00,0,0.00,,0.00,,0.00,,0.00,,0.00,0.00,,0.00,0.00,0.00,2.00,1,0.00,0.00,0.00,0.00,,,,19.44,19.44,23.81,23.81,13.46,13.46,15.91,15.91,0.00,0.00
Greece,GRC,20200304,0.00,,0.00,,2.00,0,0.00,,0.00,,0.00,,0.00,,0.00,0.00,,0.00,0.00,0.00,2.00,1,0.00,0.00,0.00,0.00,,,,19.44,19.44,23.81,23.81,13.46,13.46,15.91,15.91,0.00,0.00
Greece,GRC,20200305,3.00,0,0.00,,2.00,0,0.00,,0.00,,0.00,,0.00,,0.00,0.00,,0.00,0.00,0.00,2.00,1,0.00,0.00,0.00,0.00,,10,0,28.70,28.70,34.52,34.52,19.87,19.87,23.48,23.48,0.00,0.00
Greece,GRC,20200306,3.00,0,0.00,,2.00,0,0.00,,0.00,,0.00,,0.00,,0.00,0.00,,0.00,0.00,0.00,2.00,1,0.00,0.00,0.00,0.00,,32,0,28.70,28.70,34.52,34.52,19.87,19.87,23.48,23.48,0.00,0.00
Greece,GRC,20200307,3.00,0,0.00,,2.00,0,0.00,,0.00,,0.00,,0.00,,0.00,0.00,,0.00,0.00,0.00,2.00,1,0.00,0.00,0.00,0.00,,45,0,28.70,28.70,34.52,34.52,19.87,19.87,23.48,23.48,0.00,0.00
Greece,GRC,20200308,3.00,0,0.00,,2.00,0,0.00,,0.00,,0.00,,0.00,,0.00,0.00,,0.00,0.00,0.00,2.00,1,0.00,0.00,0.00,0.00,,66,0,28.70,28.70,34.52,34.52,19.87,19.87,23.48,23.48,0.00,0.00
Greece,GRC,20200309,3.00,0,0.00,,2.00,1,0.00,,0.00,,0.00,,0.00,,0.00,0.00,,0.00,0.00,0.00,2.00,1,0.00,0.00,0.00,0.00,,73,0,31.48,31.48,39.29,39.29,21.79,21.79,25.76,25.76,0.00,0.00
Greece,GRC,20200310,3.00,1,0.00,,2.00,1,0.00,,0.00,,0.00,,0.00,,0.00,0.00,,0.00,0.00,0.00,2.00,1,0.00,0.00,0.00,0.00,,84,0,33.33,33.33,42.86,42.86,23.08,23.08,27.27,27.27,0.00,0.00
Greece,GRC,20200311,3.00,1,0.00,,2.00,1,0.00,,0.00,,0.00,,0.00,,0.00,0.00,,0.00,0.00,0.00,2.00,1,0.00,0.00,0.00,0.00,,90,0,33.33,33.33,42.86,42.86,23.08,23.08,27.27,27.27,0.00,0.00
Greece,GRC,20200312,3.00,1,2.00,1,2.00,1,0.00,,0.00,,0.00,,0.00,,0.00,0.00,,0.00,0.00,0.00,2.00,1,0.00,0.00,0.00,0.00,,99,1,40.74,40.74,53.57,53.57,28.21,28.21,33.33,33.33,0.00,0.00
Greece,GRC,20200313,3.00,1,2.00,1,2.00,1,0.00,,0.00,,0.00,,0.00,,0.00,0.00,,0.00,0.00,0.00,2.00,1,0.00,0.00,0.00,0.00,,133,1,40.74,40.74,53.57,53.57,28.21,28.21,33.33,33.33,0.00,0.00
Greece,GRC,20200314,3.00,1,2.00,1,2.00,1,0.00,,1.00,1,0.00,,0.00,,3.00,0.00,,0.00,0.00,0.00,2.00,1,0.00,0.00,0.00,0.00,,190,1,54.63,54.63,73.81,73.81,37.82,37.82,44.70,44.70,0.00,0.00
Greece,GRC,20200315,3.00,1,2.00,1,2.00,1,0.00,,1.00,1,0.00,,0.00,,3.00,0.00,,0.00,0.00,0.00,2.00,1,0.00,0.00,0.00,0.00,,228,3,54.63,54.63,73.81,73.81,37.82,37.82,44.70,44.70,0.00,0.00
Greece,GRC,20200316,3.00,1,2.00,1,2.00,1,0.00,,1.00,1,0.00,,0.00,,3.00,0.00,,0.00,0.00,0.00,2.00,1,0.00,0.00,0.00,0.00,,331,4,54.63,54.63,73.81,73.81,37.82,37.82,44.70,44.70,0.00,0.00
Greece,GRC,20200317,3.00,1,2.00,1,2.00,1,0.00,,1.00,1,0.00,,0.00,,3.00,0.00,,0.00,0.00,0.00,2.00,1,0.00,0.00,0.00,0.00,,352,4,54.63,54.63,73.81,73.81,37.82,37.82,44.70,44.70,0.00,0.00
Greece,GRC,20200318,3.00,1,2.00,1,2.00,1,4.00,1,1.00,1,0.00,,0.00,,3.00,1.00,0,0.00,4118246200.00,0.00,2.00,1,0.00,0.00,0.00,0.00,,387,5,65.74,65.74,73.81,73.81,47.44,47.44,53.79,53.79,12.50,12.50
Greece,GRC,20200319,3.00,1,2.00,1,2.00,1,4.00,1,1.00,1,0.00,,0.00,,3.00,1.00,0,0.00,3200000000.00,0.00,2.00,1,0.00,0.00,0.00,0.00,,418,5,65.74,65.74,73.81,73.81,47.44,47.44,53.79,53.79,12.50,12.50
Greece,GRC,20200320,3.00,1,2.00,1,2.00,1,4.00,1,1.00,1,0.00,,0.00,,3.00,1.00,0,0.00,0.00,0.00,2.00,1,0.00,0.00,0.00,0.00,,464,5,65.74,65.74,73.81,73.81,47.44,47.44,53.79,53.79,12.50,12.50
Greece,GRC,20200321,3.00,1,2.00,1,2.00,1,4.00,1,1.00,1,0.00,,2.00,0,3.00,1.00,0,0.00,0.00,0.00,2.00,1,0.00,0.00,0.00,0.00,,495,8,74.07,74.07,83.33,83.33,53.21,53.21,60.61,60.61,12.50,12.50
Greece,GRC,20200322,3.00,1,2.00,1,2.00,1,4.00,1,1.00,1,0.00,,2.00,0,3.00,1.00,0,0.00,0.00,0.00,2.00,1,0.00,0.00,0.00,0.00,,530,13,74.07,74.07,83.33,83.33,53.21,53.21,60.61,60.61,12.50,12.50
Greece,GRC,20200323,3.00,1,2.00,1,2.00,1,4.00,1,1.00,1,2.00,1,2.00,1,3.00,1.00,0,0.00,0.00,0.00,2.00,1,0.00,0.00,0.00,0.00,,624,15,84.26,84.26,88.10,88.10,60.26,60.26,68.94,68.94,12.50,12.50
Greece,GRC,20200324,3.00,1,2.00,1,2.00,1,4.00,1,1.00,1,2.00,1,2.00,1,3.00,1.00,0,0.00,0.00,0.00,2.00,1,0.00,0.00,0.00,0.00,,695,17,84.26,84.26,88.10,88.10,60.26,60.26,68.94,68.94,12.50,12.50
Greece,GRC,20200325,3.00,1,2.00,1,2.00,1,4.00,1,1.00,1,2.00,1,2.00,1,3.00,1.00,1,1.00,0.00,0.00,2.00,1,0.00,0.00,0.00,0.00,,743,20,84.26,84.26,88.10,88.10,66.03,66.03,68.94,68.94,50.00,50.00
Greece,GRC,20200326,3.00,1,2.00,1,2.00,1,4.00,1,1.00,1,2.00,1,2.00,1,3.00,1.00,1,1.00,0.00,0.00,2.00,1,0.00,0.00,0.00,0.00,,821,22,84.26,84.26,88.10,88.10,66.03,66.03,68.94,68.94,50.00,50.00
Greece,GRC,20200327,3.00,1,2.00,1,2.00,1,4.00,1,1.00,1,2.00,1,2.00,1,3.00,1.00,1,1.00,0.00,0.00,2.00,1,0.00,0.00,0.00,0.00,,892,26,84.26,84.26,88.10,88.10,66.03,66.03,68.94,68.94,50.00,50.00
Greece,GRC,20200328,3.00,1,2.00,1,2.00,1,4.00,1,1.00,1,2.00,1,2.00,1,3.00,1.00,1,1.00,0.00,0.00,2.00,1,0.00,0.00,0.00,0.00,,966,28,84.26,84.26,88.10,88.10,66.03,66.03,68.94,68.94,50.00,50.00
Greece,GRC,20200329,3.00,1,2.00,1,2.00,1,4.00,1,1.00,1,2.00,1,2.00,1,3.00,1.00,1,1.00,0.00,0.00,2.00,1,0.00,0.00,0.00,0.00,,1061,32,84.26,84.26,88.10,88.10,66.03,66.03,68.94,68.94,50.00,50.00
Greece,GRC,20200330,3.00,1,2.00,1,2.00,1,4.00,1,1.00,1,2.00,1,2.00,1,3.00,1.00,1,1.00,0.00,0.00,2.00,1,0.00,0.00,0.00,0.00,,1156,38,84.26,84.26,88.10,88.10,66.03,66.03,68.94,68.94,50.00,50.00
Greece,GRC,20200331,3.00,1,2.00,1,2.00,1,4.00,1,1.00,1,2.00,1,2.00,1,3.00,1.00,1,1.00,0.00,0.00,2.00,1,0.00,0.00,0.00,0.00,,1212,43,84.26,84.26,88.10,88.10,66.03,66.03,68.94,68.94,50.00,50.00
Greece,GRC,20200401,3.00,1,2.00,1,2.00,1,4.00,1,1.00,1,2.00,1,2.00,1,3.00,1.00,1,1.00,0.00,0.00,2.00,1,0.00,0.00,0.00,0.00,,1314,49,84.26,84.26,88.10,88.10,66.03,66.03,68.94,68.94,50.00,50.00
Greece,GRC,20200402,3.00,1,2.00,1,2.00,1,4.00,1,1.00,1,2.00,1,2.00,1,3.00,1.00,1,1.00,0.00,0.00,2.00,1,0.00,0.00,0.00,0.00,,1375,50,84.26,84.26,88.10,88.10,66.03,66.03,68.94,68.94,50.00,50.00
Greece,GRC,20200403,3.00,1,2.00,1,2.00,1,4.00,1,1.00,1,2.00,1,2.00,1,3.00,1.00,1,1.00,0.00,0.00,2.00,1,0.00,0.00,0.00,0.00,,1514,53,84.26,84.26,88.10,88.10,66.03,66.03,68.94,68.94,50.00,50.00
Greece,GRC,20200404,3.00,1,2.00,1,2.00,1,4.00,1,1.00,1,2.00,1,2.00,1,3.00,1.00,1,1.00,0.00,0.00,2.00,1,0.00,0.00,0.00,0.00,,1613,59,84.26,84.26,88.10,88.10,66.03,66.03,68.94,68.94,50.00,50.00
Greece,GRC,20200405,3.00,1,2.00,1,2.00,1,4.00,1,1.00,1,2.00,1,2.00,1,3.00,1.00,1,1.00,0.00,0.00,2.00,1,0.00,0.00,0.00,0.00,,1673,68,84.26,84.26,88.10,88.10,66.03,66.03,68.94,68.94,50.00,50.00
Greece,GRC,20200406,3.00,1,2.00,1,2.00,1,4.00,1,1.00,1,2.00,1,2.00,1,3.00,1.00,1,1.00,0.00,0.00,2.00,1,0.00,0.00,0.00,0.00,,1735,73,84.26,84.26,88.10,88.10,66.03,66.03,68.94,68.94,50.00,50.00
Greece,GRC,20200407,3.00,1,2.00,1,2.00,1,4.00,1,1.00,1,2.00,1,2.00,1,3.00,1.00,1,1.00,0.00,0.00,2.00,1,0.00,0.00,0.00,0.00,,1755,79,84.26,84.26,88.10,88.10,66.03,66.03,68.94,68.94,50.00,50.00
Greece,GRC,20200408,3.00,1,2.00,1,2.00,1,4.00,1,1.00,1,2.00,1,2.00,1,3.00,1.00,1,1.00,0.00,0.00,2.00,1,2.00,0.00,0.00,0.00,,1832,81,84.26,84.26,88.10,88.10,71.15,71.15,75.00,75.00,50.00,50.00
Greece,GRC,20200409,3.00,1,2.00,1,2.00,1,4.00,1,1.00,1,2.00,1,2.00,1,3.00,1.00,1,1.00,0.00,0.00,2.00,1,2.00,0.00,0.00,0.00,,1884,83,84.26,84.26,88.10,88.10,71.15,71.15,75.00,75.00,50.00,50.00
Greece,GRC,20200410,3.00,1,2.00,1,2.00,1,4.00,1,1.00,1,2.00,1,2.00,1,3.00,1.00,1,1.00,0.00,0.00,2.00,1,2.00,0.00,0.00,0.00,,1955,86,84.26,84.26,88.10,88.10,71.15,71.15,75.00,75.00,50.00,50.00
Greece,GRC,20200411,3.00,1,2.00,1,2.00,1,4.00,1,1.00,1,2.00,1,2.00,1,3.00,1.00,1,1.00,0.00,0.00,2.00,1,2.00,0.00,0.00,0.00,,2011,90,84.26,84.26,88.10,88.10,71.15,71.15,75.00,75.00,50.00,50.00
Greece,GRC,20200412,3.00,1,2.00,1,2.00,1,4.00,1,1.00,1,2.00,1,2.00,1,3.00,1.00,1,1.00,0.00,0.00,2.00,1,2.00,0.00,0.00,0.00,,2081,93,84.26,84.26,88.10,88.10,71.15,71.15,75.00,75.00,50.00,50.00
Greece,GRC,20200413,3.00,1,2.00,1,2.00,1,4.00,1,1.00,1,2.00,1,2.00,1,3.00,1.00,1,1.00,0.00,0.00,2.00,1,2.00,0.00,0.00,0.00,,2114,98,84.26,84.26,88.10,88.10,71.15,71.15,75.00,75.00,50.00,50.00
Greece,GRC,20200414,3.00,1,2.00,1,2.00,1,4.00,1,1.00,1,2.00,1,2.00,1,3.00,1.00,1,1.00,0.00,0.00,2.00,1,2.00,0.00,0.00,0.00,,2145,99,84.26,84.26,88.10,88.10,71.15,71.15,75.00,75.00,50.00,50.00
Greece,GRC,20200415,3.00,1,2.00,1,2.00,1,4.00,1,1.00,1,2.00,1,2.00,1,3.00,1.00,1,1.00,0.00,0.00,2.00,1,2.00,0.00,0.00,0.00,,2170,101,84.26,84.26,88.10,88.10,71.15,71.15,75.00,75.00,50.00,50.00
Greece,GRC,20200416,3.00,1,2.00,1,2.00,1,4.00,1,1.00,1,2.00,1,2.00,1,3.00,1.00,1,1.00,0.00,0.00,2.00,1,2.00,0.00,0.00,0.00,,2192,102,84.26,84.26,88.10,88.10,71.15,71.15,75.00,75.00,50.00,50.00
Greece,GRC,20200417,3.00,1,2.00,1,2.00,1,4.00,1,1.00,1,2.00,1,2.00,1,3.00,1.00,1,1.00,0.00,0.00,2.00,1,2.00,0.00,0.00,0.00,,2207,105,84.26,84.26,88.10,88.10,71.15,71.15,75.00,75.00,50.00,50.00
Greece,GRC,20200418,3.00,1,2.00,1,2.00,1,4.00,1,1.00,1,2.00,1,2.00,1,3.00,1.00,1,1.00,0.00,0.00,2.00,1,2.00,0.00,0.00,0.00,,2207,105,84.26,84.26,88.10,88.10,71.15,71.15,75.00,75.00,50.00,50.00
Greece,GRC,20200419,3.00,1,2.00,1,2.00,1,4.00,1,1.00,1,2.00,1,2.00,1,3.00,1.00,1,1.00,0.00,0.00,2.00,1,2.00,0.00,0.00,0.00,,2207,105,84.26,84.26,88.10,88.10,71.15,71.15,75.00,75.00,50.00,50.00
Greece,GRC,20200420,3.00,1,2.00,1,2.00,1,4.00,1,1.00,1,2.00,1,2.00,1,3.00,1.00,1,1.00,0.00,0.00,2.00,1,2.00,0.00,0.00,0.00,,2235,110,84.26,84.26,88.10,88.10,71.15,71.15,75.00,75.00,50.00,50.00
Greece,GRC,20200421,3.00,1,2.00,1,2.00,1,4.00,1,1.00,1,2.00,1,2.00,1,3.00,1.00,1,1.00,0.00,0.00,2.00,1,2.00,0.00,0.00,0.00,,2245,116,84.26,84.26,88.10,88.10,71.15,71.15,75.00,75.00,50.00,50.00
Greece,GRC,20200422,3.00,1,2.00,1,2.00,1,4.00,1,1.00,1,2.00,1,2.00,1,3.00,1.00,1,1.00,0.00,0.00,2.00,1,2.00,0.00,0.00,0.00,,2401,121,84.26,84.26,88.10,88.10,71.15,71.15,75.00,75.00,50.00,50.00
Greece,GRC,20200423,3.00,1,2.00,1,2.00,1,4.00,1,1.00,1,2.00,1,2.00,1,3.00,1.00,1,1.00,0.00,0.00,2.00,1,2.00,0.00,0.00,0.00,,2408,121,84.26,84.26,88.10,88.10,71.15,71.15,75.00,75.00,50.00,50.00
Greece,GRC,20200424,3.00,1,2.00,1,2.00,1,4.00,1,1.00,1,2.00,1,2.00,1,3.00,1.00,1,1.00,0.00,0.00,2.00,1,2.00,0.00,0.00,0.00,,2463,125,84.26,84.26,88.10,88.10,71.15,71.15,75.00,75.00,50.00,50.00
Greece,GRC,20200425,3.00,1,2.00,1,2.00,1,4.00,1,1.00,1,2.00,1,2.00,1,3.00,1.00,1,1.00,0.00,0.00,2.00,1,2.00,0.00,0.00,0.00,,2490,130,84.26,84.26,88.10,88.10,71.15,71.15,75.00,75.00,50.00,50.00
Greece,GRC,20200426,3.00,1,2.00,1,2.00,1,4.00,1,1.00,1,2.00,1,2.00,1,3.00,1.00,1,1.00,0.00,0.00,2.00,1,2.00,0.00,0.00,0.00,,2506,130,84.26,84.26,88.10,88.10,71.15,71.15,75.00,75.00,50.00,50.00
Greece,GRC,20200427,3.00,1,2.00,1,2.00,1,4.00,1,1.00,1,2.00,1,2.00,1,3.00,1.00,1,1.00,0.00,0.00,2.00,1,2.00,0.00,0.00,0.00,,2506,130,84.26,84.26,88.10,88.10,71.15,71.15,75.00,75.00,50.00,50.00
Greece,GRC,20200428,3.00,1,2.00,1,2.00,1,4.00,1,1.00,1,2.00,1,2.00,1,3.00,1.00,1,1.00,0.00,0.00,2.00,1,2.00,0.00,0.00,0.00,,2534,136,84.26,84.26,88.10,88.10,71.15,71.15,75.00,75.00,50.00,50.00
Greece,GRC,20200429,3.00,1,2.00,1,2.00,1,4.00,1,1.00,1,2.00,1,2.00,1,3.00,1.00,1,1.00,0.00,0.00,2.00,1,2.00,0.00,0.00,0.00,,2534,136,84.26,84.26,88.10,88.10,71.15,71.15,75.00,75.00,50.00,50.00
Greece,GRC,20200430,3.00,1,2.00,1,2.00,1,4.00,1,1.00,1,2.00,1,2.00,1,3.00,1.00,1,1.00,0.00,0.00,2.00,1,2.00,0.00,0.00,0.00,,2576,139,84.26,84.26,88.10,88.10,71.15,71.15,75.00,75.00,50.00,50.00
Greece,GRC,20200501,3.00,1,2.00,1,2.00,1,4.00,1,1.00,1,2.00,1,2.00,1,3.00,1.00,1,1.00,0.00,0.00,2.00,1,2.00,0.00,0.00,0.00,,2591,140,84.26,84.26,88.10,88.10,71.15,71.15,75.00,75.00,50.00,50.00
Greece,GRC,20200502,3.00,1,2.00,1,2.00,1,4.00,1,1.00,1,2.00,1,2.00,1,3.00,1.00,1,1.00,0.00,0.00,2.00,1,2.00,0.00,0.00,0.00,,2591,140,84.26,84.26,88.10,88.10,71.15,71.15,75.00,75.00,50.00,50.00
Greece,GRC,20200503,3.00,1,2.00,1,2.00,1,4.00,1,1.00,1,2.00,1,2.00,1,3.00,1.00,1,1.00,0.00,0.00,2.00,1,2.00,0.00,0.00,0.00,,2620,143,84.26,84.26,88.10,88.10,71.15,71.15,75.00,75.00,50.00,50.00
Greece,GRC,20200504,3.00,1,2.00,1,2.00,1,4.00,1,1.00,1,2.00,1,2.00,0,3.00,1.00,1,1.00,0.00,0.00,2.00,1,2.00,0.00,0.00,3242505.00,,2626,144,81.48,81.48,84.52,84.52,69.23,69.23,72.73,72.73,50.00,50.00
Greece,GRC,20200505,3.00,1,1.00,1,2.00,0,3.00,1,1.00,1,2.00,1,2.00,0,3.00,1.00,1,1.00,0.00,0.00,2.00,1,2.00,0.00,0.00,0.00,,2632,146,72.22,72.22,78.10,78.10,62.82,62.82,65.15,65.15,50.00,50.00
Greece,GRC,20200506,3.00,1,1.00,1,2.00,0,3.00,1,1.00,1,2.00,1,2.00,0,3.00,1.00,1,1.00,0.00,0.00,2.00,1,2.00,0.00,2681004.00,0.00,,2642,146,72.22,72.22,78.10,78.10,62.82,62.82,65.15,65.15,50.00,50.00
Greece,GRC,20200507,3.00,1,1.00,1,2.00,0,3.00,1,1.00,1,2.00,1,2.00,0,3.00,1.00,1,1.00,0.00,0.00,2.00,1,2.00,0.00,0.00,0.00,,2663,147,72.22,72.22,78.10,78.10,62.82,62.82,65.15,65.15,50.00,50.00
Greece,GRC,20200508,3.00,1,1.00,1,2.00,0,3.00,1,1.00,1,2.00,1,2.00,0,3.00,1.00,1,1.00,0.00,0.00,2.00,1,2.00,0.00,0.00,0.00,,2678,148,72.22,72.22,78.10,78.10,62.82,62.82,65.15,65.15,50.00,50.00
Greece,GRC,20200509,3.00,1,1.00,1,2.00,0,3.00,1,1.00,1,2.00,1,2.00,0,3.00,1.00,1,1.00,0.00,0.00,2.00,1,2.00,0.00,0.00,0.00,,2691,150,72.22,72.22,78.10,78.10,62.82,62.82,65.15,65.15,50.00,50.00
Greece,GRC,20200510,3.00,1,1.00,1,2.00,0,3.00,1,1.00,1,2.00,1,2.00,0,3.00,1.00,1,1.00,0.00,0.00,2.00,1,2.00,0.00,0.00,0.00,,2710,151,72.22,72.22,78.10,78.10,62.82,62.82,65.15,65.15,50.00,50.00
Greece,GRC,20200511,2.00,1,1.00,1,2.00,0,3.00,1,1.00,1,2.00,1,2.00,0,3.00,1.00,1,1.00,0.00,0.00,2.00,1,2.00,0.00,0.00,0.00,,2716,151,68.52,68.52,74.52,74.52,60.26,60.26,62.12,62.12,50.00,50.00
Greece,GRC,20200512,2.00,1,1.00,1,2.00,0,3.00,1,1.00,1,2.00,1,2.00,0,3.00,1.00,1,1.00,0.00,0.00,2.00,1,2.00,0.00,0.00,0.00,,2726,151,68.52,68.52,74.52,74.52,60.26,60.26,62.12,62.12,50.00,50.00
Greece,GRC,20200513,2.00,1,1.00,1,2.00,0,3.00,1,1.00,1,2.00,1,2.00,0,3.00,1.00,1,1.00,0.00,0.00,2.00,1,2.00,0.00,0.00,0.00,,2744,152,68.52,68.52,74.52,74.52,60.26,60.26,62.12,62.12,50.00,50.00
Greece,GRC,20200514,2.00,1,1.00,1,2.00,0,3.00,1,1.00,1,2.00,1,2.00,0,3.00,1.00,1,1.00,0.00,0.00,2.00,1,2.00,0.00,0.00,0.00,,2760,155,68.52,68.52,74.52,74.52,60.26,60.26,62.12,62.12,50.00,50.00
Greece,GRC,20200515,2.00,1,1.00,1,2.00,0,3.00,1,1.00,1,2.00,1,2.00,0,3.00,1.00,1,1.00,0.00,0.00,2.00,1,2.00,0.00,0.00,0.00,,2770,156,68.52,68.52,74.52,74.52,60.26,60.26,62.12,62.12,50.00,50.00
Greece,GRC,20200516,2.00,1,1.00,1,2.00,0,3.00,1,1.00,1,2.00,1,2.00,0,3.00,1.00,1,1.00,0.00,0.00,2.00,1,2.00,0.00,0.00,0.00,,2810,160,68.52,68.52,74.52,74.52,60.26,60.26,62.12,62.12,50.00,50.00
Greece,GRC,20200517,2.00,1,1.00,1,2.00,0,3.00,1,1.00,1,2.00,1,2.00,0,3.00,1.00,1,1.00,0.00,0.00,2.00,1,2.00,0.00,0.00,0.00,,2819,162,68.52,68.52,74.52,74.52,60.26,60.26,62.12,62.12,50.00,50.00
Greece,GRC,20200518,2.00,1,1.00,1,2.00,0,3.00,1,1.00,1,2.00,1,2.00,0,3.00,1.00,1,1.00,0.00,0.00,2.00,1,2.00,0.00,0.00,0.00,,2834,163,68.52,68.52,74.52,74.52,60.26,60.26,62.12,62.12,50.00,50.00
Greece,GRC,20200519,2.00,1,1.00,1,2.00,0,3.00,1,1.00,1,2.00,1,2.00,0,3.00,1.00,1,1.00,0.00,0.00,2.00,1,2.00,0.00,0.00,0.00,,2836,165,68.52,68.52,74.52,74.52,60.26,60.26,62.12,62.12,50.00,50.00
Greece,GRC,20200520,2.00,1,1.00,1,2.00,0,3.00,1,1.00,1,2.00,1,2.00,0,3.00,1.00,1,1.00,0.00,0.00,2.00,1,2.00,0.00,0.00,0.00,,2840,165,68.52,68.52,74.52,74.52,60.26,60.26,62.12,62.12,50.00,50.00
Greece,GRC,20200521,2.00,1,1.00,1,2.00,0,3.00,1,1.00,1,2.00,1,2.00,0,3.00,1.00,1,1.00,0.00,0.00,2.00,1,2.00,0.00,0.00,0.00,,2850,166,68.52,68.52,74.52,74.52,60.26,60.26,62.12,62.12,50.00,50.00
Greece,GRC,20200522,2.00,1,1.00,1,2.00,0,3.00,1,1.00,1,2.00,1,2.00,0,3.00,1.00,1,1.00,0.00,0.00,2.00,1,2.00,0.00,0.00,0.00,,2853,168,68.52,68.52,74.52,74.52,60.26,60.26,62.12,62.12,50.00,50.00
Greece,GRC,20200523,2.00,1,1.00,1,2.00,0,3.00,1,1.00,1,2.00,1,2.00,0,3.00,1.00,1,1.00,0.00,0.00,2.00,1,2.00,0.00,0.00,0.00,,2873,169,68.52,68.52,74.52,74.52,60.26,60.26,62.12,62.12,50.00,50.00
Greece,GRC,20200524,2.00,1,1.00,1,2.00,0,3.00,1,1.00,1,2.00,1,2.00,0,3.00,1.00,1,1.00,0.00,0.00,2.00,1,2.00,0.00,0.00,0.00,,2876,171,68.52,68.52,74.52,74.52,60.26,60.26,62.12,62.12,50.00,50.00
Greece,GRC,20200525,2.00,1,1.00,1,2.00,0,3.00,1,1.00,1,2.00,1,2.00,0,3.00,1.00,1,1.00,0.00,0.00,2.00,1,2.00,0.00,0.00,0.00,,2878,171,68.52,68.52,74.52,74.52,60.26,60.26,62.12,62.12,50.00,50.00
Greece,GRC,20200526,2.00,1,1.00,1,2.00,0,3.00,1,1.00,1,2.00,1,2.00,0,3.00,1.00,1,1.00,0.00,0.00,2.00,1,2.00,0.00,0.00,0.00,,2882,172,68.52,68.52,74.52,74.52,60.26,60.26,62.12,62.12,50.00,50.00
Greece,GRC,20200527,2.00,1,1.00,1,2.00,0,3.00,1,1.00,1,2.00,1,2.00,0,3.00,1.00,1,1.00,0.00,0.00,2.00,1,2.00,0.00,0.00,0.00,,2892,173,68.52,68.52,74.52,74.52,60.26,60.26,62.12,62.12,50.00,50.00
Greece,GRC,20200528,2.00,1,1.00,1,2.00,0,3.00,1,1.00,1,2.00,1,2.00,0,3.00,1.00,1,1.00,0.00,0.00,2.00,1,2.00,0.00,0.00,0.00,,2903,173,68.52,68.52,74.52,74.52,60.26,60.26,62.12,62.12,50.00,50.00
Greece,GRC,20200529,2.00,1,1.00,1,2.00,0,3.00,1,1.00,1,2.00,1,2.00,0,3.00,1.00,1,1.00,0.00,0.00,2.00,1,2.00,0.00,0.00,0.00,,2906,175,68.52,68.52,74.52,74.52,60.26,60.26,62.12,62.12,50.00,50.00
Greece,GRC,20200530,2.00,1,1.00,1,2.00,0,3.00,1,1.00,1,1.00,1,1.00,1,3.00,1.00,1,1.00,0.00,0.00,2.00,1,2.00,2.00,0.00,0.00,,2909,175,62.04,62.04,73.33,73.33,63.46,63.46,65.91,65.91,50.00,50.00
Greece,GRC,20200531,2.00,1,1.00,1,2.00,0,3.00,1,1.00,1,1.00,1,1.00,1,3.00,1.00,1,1.00,0.00,0.00,2.00,1,2.00,2.00,0.00,0.00,,2915,175,62.04,62.04,73.33,73.33,63.46,63.46,65.91,65.91,50.00,50.00
Greece,GRC,20200601,1.00,1,0.00,,2.00,0,3.00,1,1.00,1,1.00,1,1.00,1,3.00,1.00,1,1.00,0.00,0.00,2.00,1,2.00,2.00,0.00,0.00,,2917,175,54.63,54.63,62.62,62.62,58.33,58.33,59.85,59.85,50.00,50.00
Greece,GRC,20200602,1.00,1,0.00,,2.00,0,3.00,1,1.00,1,1.00,1,1.00,1,3.00,1.00,1,1.00,0.00,0.00,2.00,1,2.00,2.00,0.00,0.00,,2917,175,54.63,54.63,62.62,62.62,58.33,58.33,59.85,59.85,50.00,50.00
Greece,GRC,20200603,1.00,1,0.00,,2.00,0,3.00,1,1.00,1,1.00,1,1.00,1,3.00,1.00,1,1.00,0.00,0.00,2.00,1,2.00,2.00,0.00,0.00,,2918,179,54.63,54.63,62.62,62.62,58.33,58.33,59.85,59.85,50.00,50.00
Greece,GRC,20200604,1.00,1,0.00,,2.00,0,3.00,1,1.00,1,1.00,1,1.00,1,3.00,1.00,1,1.00,0.00,0.00,2.00,1,2.00,2.00,0.00,0.00,,2937,179,54.63,54.63,62.62,62.62,58.33,58.33,59.85,59.85,50.00,50.00
Greece,GRC,20200605,1.00,1,0.00,,2.00,0,3.00,1,1.00,1,1.00,1,1.00,1,3.00,1.00,1,1.00,0.00,0.00,2.00,1,2.00,2.00,0.00,0.00,,2937,179,54.63,54.63,62.62,62.62,58.33,58.33,59.85,59.85,50.00,50.00
Greece,GRC,20200606,1.00,1,0.00,,2.00,0,3.00,1,1.00,1,1.00,1,1.00,1,3.00,1.00,1,1.00,0.00,0.00,2.00,1,2.00,2.00,0.00,0.00,,2937,179,54.63,54.63,62.62,62.62,58.33,58.33,59.85,59.85,50.00,50.00
Greece,GRC,20200607,1.00,1,0.00,,2.00,0,3.00,1,1.00,1,1.00,1,1.00,1,3.00,1.00,1,1.00,0.00,0.00,2.00,1,2.00,2.00,0.00,0.00,,2952,180,54.63,54.63,62.62,62.62,58.33,58.33,59.85,59.85,50.00,50.00
Greece,GRC,20200608,1.00,1,0.00,,2.00,0,3.00,1,1.00,1,1.00,1,1.00,1,3.00,1.00,1,1.00,0.00,0.00,2.00,1,2.00,2.00,0.00,0.00,,2952,180,54.63,54.63,62.62,62.62,58.33,58.33,59.85,59.85,50.00,50.00
Greece,GRC,20200609,1.00,1,0.00,,2.00,0,3.00,1,0.00,,1.00,1,1.00,1,3.00,1.00,1,1.00,0.00,0.00,2.00,1,2.00,0.00,0.00,0.00,,3049,182,49.07,49.07,53.10,53.10,46.79,46.79,46.21,46.21,50.00,50.00
Greece,GRC,20200610,1.00,1,0.00,,2.00,0,3.00,1,0.00,,1.00,1,1.00,1,3.00,1.00,1,1.00,0.00,0.00,2.00,1,2.00,0.00,0.00,0.00,,3058,183,49.07,49.07,53.10,53.10,46.79,46.79,46.21,46.21,50.00,50.00
Greece,GRC,20200611,1.00,1,0.00,,2.00,0,3.00,1,0.00,,1.00,1,1.00,1,3.00,1.00,1,1.00,0.00,0.00,2.00,1,2.00,0.00,0.00,0.00,,3068,183,49.07,49.07,53.10,53.10,46.79,46.79,46.21,46.21,50.00,50.00
Greece,GRC,20200612,1.00,1,0.00,,2.00,0,3.00,1,0.00,,1.00,1,1.00,1,3.00,1.00,1,1.00,0.00,0.00,2.00,1,2.00,0.00,0.00,0.00,,3088,183,49.07,49.07,53.10,53.10,46.79,46.79,46.21,46.21,50.00,50.00
Greece,GRC,20200613,1.00,1,0.00,,2.00,0,3.00,1,0.00,,1.00,1,1.00,1,3.00,1.00,1,1.00,0.00,0.00,2.00,1,2.00,0.00,0.00,0.00,,3108,183,49.07,49.07,53.10,53.10,46.79,46.79,46.21,46.21,50.00,50.00
Greece,GRC,20200614,1.00,1,0.00,,2.00,0,3.00,1,0.00,,1.00,1,1.00,1,3.00,1.00,1,1.00,0.00,0.00,2.00,1,2.00,0.00,0.00,0.00,,3112,183,49.07,49.07,53.10,53.10,46.79,46.79,46.21,46.21,50.00,50.00
Greece,GRC,20200615,1.00,1,0.00,,2.00,0,3.00,1,0.00,,1.00,1,1.00,1,1.00,1.00,1,1.00,0.00,0.00,2.00,1,2.00,0.00,0.00,0.00,,3121,183,43.52,43.52,45.95,45.95,42.95,42.95,41.67,41.67,50.00,50.00
Greece,GRC,20200616,1.00,1,0.00,,2.00,0,3.00,1,0.00,,1.00,1,1.00,1,1.00,1.00,1,1.00,0.00,0.00,2.00,1,2.00,0.00,0.00,0.00,,3134,184,43.52,43.52,45.95,45.95,42.95,42.95,41.67,41.67,50.00,50.00
Greece,GRC,20200617,1.00,1,0.00,,2.00,0,3.00,1,0.00,,1.00,1,1.00,1,1.00,1.00,1,1.00,0.00,0.00,2.00,1,2.00,0.00,0.00,0.00,,3148,185,43.52,43.52,45.95,45.95,42.95,42.95,41.67,41.67,50.00,50.00
Greece,GRC,20200618,1.00,1,0.00,,2.00,0,3.00,1,0.00,,1.00,1,1.00,1,1.00,1.00,1,1.00,0.00,0.00,2.00,1,2.00,0.00,0.00,0.00,,3203,187,43.52,43.52,45.95,45.95,42.95,42.95,41.67,41.67,50.00,50.00
Greece,GRC,20200619,,,,,,,,,,,,,,,,,,,,,,,,,,,,3227,188,,43.52,,45.95,,42.95,,41.67,,50.00
Greece,GRC,20200620,,,,,,,,,,,,,,,,,,,,,,,,,,,,3237,189,,43.52,,45.95,,42.95,,41.67,,50.00
Greece,GRC,20200621,,,,,,,,,,,,,,,,,,,,,,,,,,,,3256,190,,43.52,,45.95,,42.95,,41.67,,50.00
Greece,GRC,20200622,,,,,,,,,,,,,,,,,,,,,,,,,,,,3266,190,,43.52,,45.95,,42.95,,41.67,,50.00
Greece,GRC,20200623,,,,,,,,,,,,,,,,,,,,,,,,,,,,3287,190,,43.52,,45.95,,42.95,,41.67,,50.00
