Guam,GUM,20200101,0.00,,0.00,,0.00,,0.00,,0.00,,0.00,,0.00,,0.00,0.00,,0.00,0.00,0.00,0.00,,0.00,0.00,0.00,0.00,,,,0.00,0.00,0.00,0.00,0.00,0.00,0.00,0.00,0.00,0.00
Guam,GUM,20200102,0.00,,0.00,,0.00,,0.00,,0.00,,0.00,,0.00,,0.00,0.00,,0.00,0.00,0.00,0.00,,0.00,0.00,0.00,0.00,,,,0.00,0.00,0.00,0.00,0.00,0.00,0.00,0.00,0.00,0.00
Guam,GUM,20200103,0.00,,0.00,,0.00,,0.00,,0.00,,0.00,,0.00,,0.00,0.00,,0.00,0.00,0.00,0.00,,0.00,0.00,0.00,0.00,,,,0.00,0.00,0.00,0.00,0.00,0.00,0.00,0.00,0.00,0.00
Guam,GUM,20200104,0.00,,0.00,,0.00,,0.00,,0.00,,0.00,,0.00,,0.00,0.00,,0.00,0.00,0.00,0.00,,0.00,0.00,0.00,0.00,,,,0.00,0.00,0.00,0.00,0.00,0.00,0.00,0.00,0.00,0.00
Guam,GUM,20200105,0.00,,0.00,,0.00,,0.00,,0.00,,0.00,,0.00,,0.00,0.00,,0.00,0.00,0.00,0.00,,0.00,0.00,0.00,0.00,,,,0.00,0.00,0.00,0.00,0.00,0.00,0.00,0.00,0.00,0.00
Guam,GUM,20200106,0.00,,0.00,,0.00,,0.00,,0.00,,0.00,,0.00,,0.00,0.00,,0.00,0.00,0.00,0.00,,0.00,0.00,0.00,0.00,,,,0.00,0.00,0.00,0.00,0.00,0.00,0.00,0.00,0.00,0.00
Guam,GUM,20200107,0.00,,0.00,,0.00,,0.00,,0.00,,0.00,,0.00,,0.00,0.00,,0.00,0.00,0.00,0.00,,0.00,0.00,0.00,0.00,,,,0.00,0.00,0.00,0.00,0.00,0.00,0.00,0.00,0.00,0.00
Guam,GUM,20200108,0.00,,0.00,,0.00,,0.00,,0.00,,0.00,,0.00,,0.00,0.00,,0.00,0.00,0.00,0.00,,0.00,0.00,0.00,0.00,,,,0.00,0.00,0.00,0.00,0.00,0.00,0.00,0.00,0.00,0.00
Guam,GUM,20200109,0.00,,0.00,,0.00,,0.00,,0.00,,0.00,,0.00,,0.00,0.00,,0.00,0.00,0.00,0.00,,0.00,0.00,0.00,0.00,,,,0.00,0.00,0.00,0.00,0.00,0.00,0.00,0.00,0.00,0.00
Guam,GUM,20200110,0.00,,0.00,,0.00,,0.00,,0.00,,0.00,,0.00,,0.00,0.00,,0.00,0.00,0.00,0.00,,0.00,0.00,0.00,0.00,,,,0.00,0.00,0.00,0.00,0.00,0.00,0.00,0.00,0.00,0.00
Guam,GUM,20200111,0.00,,0.00,,0.00,,0.00,,0.00,,0.00,,0.00,,0.00,0.00,,0.00,0.00,0.00,0.00,,0.00,0.00,0.00,0.00,,,,0.00,0.00,0.00,0.00,0.00,0.00,0.00,0.00,0.00,0.00
Guam,GUM,20200112,0.00,,0.00,,0.00,,0.00,,0.00,,0.00,,0.00,,0.00,0.00,,0.00,0.00,0.00,0.00,,0.00,0.00,0.00,0.00,,,,0.00,0.00,0.00,0.00,0.00,0.00,0.00,0.00,0.00,0.00
Guam,GUM,20200113,0.00,,0.00,,0.00,,0.00,,0.00,,0.00,,0.00,,0.00,0.00,,0.00,0.00,0.00,0.00,,0.00,0.00,0.00,0.00,,,,0.00,0.00,0.00,0.00,0.00,0.00,0.00,0.00,0.00,0.00
Guam,GUM,20200114,0.00,,0.00,,0.00,,0.00,,0.00,,0.00,,0.00,,0.00,0.00,,0.00,0.00,0.00,0.00,,0.00,0.00,0.00,0.00,,,,0.00,0.00,0.00,0.00,0.00,0.00,0.00,0.00,0.00,0.00
Guam,GUM,20200115,0.00,,0.00,,0.00,,0.00,,0.00,,0.00,,0.00,,0.00,0.00,,0.00,0.00,0.00,0.00,,0.00,0.00,0.00,0.00,,,,0.00,0.00,0.00,0.00,0.00,0.00,0.00,0.00,0.00,0.00
Guam,GUM,20200116,0.00,,0.00,,0.00,,0.00,,0.00,,0.00,,0.00,,0.00,0.00,,0.00,0.00,0.00,0.00,,0.00,0.00,0.00,0.00,,,,0.00,0.00,0.00,0.00,0.00,0.00,0.00,0.00,0.00,0.00
Guam,GUM,20200117,0.00,,0.00,,0.00,,0.00,,0.00,,0.00,,0.00,,0.00,0.00,,0.00,0.00,0.00,0.00,,0.00,0.00,0.00,0.00,,,,0.00,0.00,0.00,0.00,0.00,0.00,0.00,0.00,0.00,0.00
Guam,GUM,20200118,0.00,,0.00,,0.00,,0.00,,0.00,,0.00,,0.00,,0.00,0.00,,0.00,0.00,0.00,0.00,,0.00,0.00,0.00,0.00,,,,0.00,0.00,0.00,0.00,0.00,0.00,0.00,0.00,0.00,0.00
Guam,GUM,20200119,0.00,,0.00,,0.00,,0.00,,0.00,,0.00,,0.00,,0.00,0.00,,0.00,0.00,0.00,0.00,,0.00,0.00,0.00,0.00,,,,0.00,0.00,0.00,0.00,0.00,0.00,0.00,0.00,0.00,0.00
Guam,GUM,20200120,0.00,,0.00,,0.00,,0.00,,0.00,,0.00,,0.00,,0.00,0.00,,0.00,0.00,0.00,0.00,,0.00,0.00,0.00,0.00,,,,0.00,0.00,0.00,0.00,0.00,0.00,0.00,0.00,0.00,0.00
Guam,GUM,20200121,0.00,,0.00,,0.00,,0.00,,0.00,,0.00,,0.00,,0.00,0.00,,0.00,0.00,0.00,0.00,,0.00,0.00,0.00,0.00,,,,0.00,0.00,0.00,0.00,0.00,0.00,0.00,0.00,0.00,0.00
Guam,GUM,20200122,0.00,,0.00,,0.00,,0.00,,0.00,,0.00,,0.00,,0.00,0.00,,0.00,0.00,0.00,0.00,,0.00,0.00,0.00,0.00,,,,0.00,0.00,0.00,0.00,0.00,0.00,0.00,0.00,0.00,0.00
Guam,GUM,20200123,0.00,,0.00,,0.00,,0.00,,0.00,,0.00,,0.00,,0.00,0.00,,0.00,0.00,0.00,0.00,,0.00,0.00,0.00,0.00,,,,0.00,0.00,0.00,0.00,0.00,0.00,0.00,0.00,0.00,0.00
Guam,GUM,20200124,0.00,,0.00,,0.00,,0.00,,0.00,,0.00,,0.00,,0.00,0.00,,0.00,0.00,0.00,0.00,,0.00,0.00,0.00,0.00,,,,0.00,0.00,0.00,0.00,0.00,0.00,0.00,0.00,0.00,0.00
Guam,GUM,20200125,0.00,,0.00,,0.00,,0.00,,0.00,,0.00,,0.00,,0.00,0.00,,0.00,0.00,0.00,0.00,,0.00,0.00,0.00,0.00,,,,0.00,0.00,0.00,0.00,0.00,0.00,0.00,0.00,0.00,0.00
Guam,GUM,20200126,0.00,,0.00,,0.00,,0.00,,0.00,,0.00,,0.00,,0.00,0.00,,0.00,0.00,0.00,0.00,,0.00,0.00,0.00,0.00,,,,0.00,0.00,0.00,0.00,0.00,0.00,0.00,0.00,0.00,0.00
Guam,GUM,20200127,0.00,,0.00,,0.00,,0.00,,0.00,,0.00,,0.00,,0.00,0.00,,0.00,0.00,0.00,0.00,,0.00,0.00,0.00,0.00,,,,0.00,0.00,0.00,0.00,0.00,0.00,0.00,0.00,0.00,0.00
Guam,GUM,20200128,0.00,,0.00,,0.00,,0.00,,0.00,,0.00,,0.00,,0.00,0.00,,0.00,0.00,0.00,0.00,,0.00,0.00,0.00,0.00,,,,0.00,0.00,0.00,0.00,0.00,0.00,0.00,0.00,0.00,0.00
Guam,GUM,20200129,0.00,,0.00,,0.00,,0.00,,0.00,,0.00,,0.00,,0.00,0.00,,0.00,0.00,0.00,0.00,,0.00,0.00,0.00,0.00,,,,0.00,0.00,0.00,0.00,0.00,0.00,0.00,0.00,0.00,0.00
Guam,GUM,20200130,0.00,,0.00,,0.00,,0.00,,0.00,,0.00,,0.00,,0.00,0.00,,0.00,0.00,0.00,0.00,,0.00,0.00,0.00,0.00,,,,0.00,0.00,0.00,0.00,0.00,0.00,0.00,0.00,0.00,0.00
Guam,GUM,20200131,0.00,,0.00,,0.00,,0.00,,0.00,,0.00,,0.00,,0.00,0.00,,0.00,0.00,0.00,0.00,,0.00,0.00,0.00,0.00,,,,0.00,0.00,0.00,0.00,0.00,0.00,0.00,0.00,0.00,0.00
Guam,GUM,20200201,0.00,,0.00,,0.00,,0.00,,0.00,,0.00,,0.00,,0.00,0.00,,0.00,0.00,0.00,0.00,,0.00,0.00,0.00,0.00,,,,0.00,0.00,0.00,0.00,0.00,0.00,0.00,0.00,0.00,0.00
Guam,GUM,20200202,0.00,,0.00,,0.00,,0.00,,0.00,,0.00,,0.00,,0.00,0.00,,0.00,0.00,0.00,0.00,,0.00,0.00,0.00,0.00,,,,0.00,0.00,0.00,0.00,0.00,0.00,0.00,0.00,0.00,0.00
Guam,GUM,20200203,0.00,,0.00,,0.00,,0.00,,0.00,,0.00,,0.00,,0.00,0.00,,0.00,0.00,0.00,0.00,,0.00,0.00,0.00,0.00,,,,0.00,0.00,0.00,0.00,0.00,0.00,0.00,0.00,0.00,0.00
Guam,GUM,20200204,0.00,,0.00,,0.00,,0.00,,0.00,,0.00,,0.00,,0.00,0.00,,0.00,0.00,0.00,0.00,,0.00,0.00,0.00,0.00,,,,0.00,0.00,0.00,0.00,0.00,0.00,0.00,0.00,0.00,0.00
Guam,GUM,20200205,0.00,,0.00,,0.00,,0.00,,0.00,,0.00,,0.00,,0.00,0.00,,0.00,0.00,0.00,0.00,,0.00,0.00,0.00,0.00,,,,0.00,0.00,0.00,0.00,0.00,0.00,0.00,0.00,0.00,0.00
Guam,GUM,20200206,0.00,,0.00,,0.00,,0.00,,0.00,,0.00,,0.00,,0.00,0.00,,0.00,0.00,0.00,0.00,,0.00,0.00,0.00,0.00,,,,0.00,0.00,0.00,0.00,0.00,0.00,0.00,0.00,0.00,0.00
Guam,GUM,20200207,0.00,,0.00,,0.00,,0.00,,0.00,,0.00,,0.00,,0.00,0.00,,0.00,0.00,0.00,2.00,1,0.00,0.00,0.00,0.00,,,,11.11,11.11,14.29,14.29,7.69,7.69,9.09,9.09,0.00,0.00
Guam,GUM,20200208,0.00,,0.00,,0.00,,0.00,,0.00,,0.00,,0.00,,0.00,0.00,,0.00,0.00,0.00,2.00,1,0.00,0.00,0.00,0.00,,,,11.11,11.11,14.29,14.29,7.69,7.69,9.09,9.09,0.00,0.00
Guam,GUM,20200209,0.00,,0.00,,0.00,,0.00,,0.00,,0.00,,0.00,,0.00,0.00,,0.00,0.00,0.00,2.00,1,0.00,0.00,0.00,0.00,,,,11.11,11.11,14.29,14.29,7.69,7.69,9.09,9.09,0.00,0.00
Guam,GUM,20200210,0.00,,0.00,,0.00,,0.00,,0.00,,0.00,,0.00,,0.00,0.00,,0.00,0.00,0.00,2.00,1,0.00,0.00,0.00,0.00,,,,11.11,11.11,14.29,14.29,7.69,7.69,9.09,9.09,0.00,0.00
Guam,GUM,20200211,0.00,,0.00,,0.00,,0.00,,0.00,,0.00,,0.00,,0.00,0.00,,0.00,0.00,0.00,2.00,1,0.00,0.00,0.00,0.00,,,,11.11,11.11,14.29,14.29,7.69,7.69,9.09,9.09,0.00,0.00
Guam,GUM,20200212,0.00,,0.00,,0.00,,0.00,,0.00,,0.00,,0.00,,0.00,0.00,,0.00,0.00,0.00,2.00,1,0.00,0.00,0.00,0.00,,,,11.11,11.11,14.29,14.29,7.69,7.69,9.09,9.09,0.00,0.00
Guam,GUM,20200213,0.00,,0.00,,0.00,,0.00,,0.00,,0.00,,0.00,,0.00,0.00,,0.00,0.00,0.00,2.00,1,0.00,0.00,0.00,0.00,,,,11.11,11.11,14.29,14.29,7.69,7.69,9.09,9.09,0.00,0.00
Guam,GUM,20200214,0.00,,0.00,,0.00,,0.00,,0.00,,0.00,,0.00,,0.00,0.00,,0.00,0.00,0.00,2.00,1,0.00,0.00,0.00,0.00,,,,11.11,11.11,14.29,14.29,7.69,7.69,9.09,9.09,0.00,0.00
Guam,GUM,20200215,0.00,,0.00,,0.00,,0.00,,0.00,,0.00,,0.00,,0.00,0.00,,0.00,0.00,0.00,2.00,1,0.00,0.00,0.00,0.00,,,,11.11,11.11,14.29,14.29,7.69,7.69,9.09,9.09,0.00,0.00
Guam,GUM,20200216,0.00,,0.00,,0.00,,0.00,,0.00,,0.00,,0.00,,0.00,0.00,,0.00,0.00,0.00,2.00,1,0.00,0.00,0.00,0.00,,,,11.11,11.11,14.29,14.29,7.69,7.69,9.09,9.09,0.00,0.00
Guam,GUM,20200217,0.00,,0.00,,0.00,,0.00,,0.00,,0.00,,0.00,,0.00,0.00,,0.00,0.00,0.00,2.00,1,0.00,0.00,0.00,0.00,,,,11.11,11.11,14.29,14.29,7.69,7.69,9.09,9.09,0.00,0.00
Guam,GUM,20200218,0.00,,0.00,,0.00,,0.00,,0.00,,0.00,,0.00,,0.00,0.00,,0.00,0.00,0.00,2.00,1,0.00,0.00,0.00,0.00,,,,11.11,11.11,14.29,14.29,7.69,7.69,9.09,9.09,0.00,0.00
Guam,GUM,20200219,0.00,,0.00,,0.00,,0.00,,0.00,,0.00,,0.00,,0.00,0.00,,0.00,0.00,0.00,2.00,1,0.00,0.00,0.00,0.00,,,,11.11,11.11,14.29,14.29,7.69,7.69,9.09,9.09,0.00,0.00
Guam,GUM,20200220,0.00,,0.00,,0.00,,0.00,,0.00,,0.00,,0.00,,0.00,0.00,,0.00,0.00,0.00,2.00,1,0.00,0.00,0.00,0.00,,,,11.11,11.11,14.29,14.29,7.69,7.69,9.09,9.09,0.00,0.00
Guam,GUM,20200221,0.00,,0.00,,0.00,,0.00,,0.00,,0.00,,0.00,,0.00,0.00,,0.00,0.00,0.00,2.00,1,0.00,0.00,0.00,0.00,,,,11.11,11.11,14.29,14.29,7.69,7.69,9.09,9.09,0.00,0.00
Guam,GUM,20200222,0.00,,0.00,,0.00,,0.00,,0.00,,0.00,,0.00,,0.00,0.00,,0.00,0.00,0.00,2.00,1,0.00,0.00,0.00,0.00,,,,11.11,11.11,14.29,14.29,7.69,7.69,9.09,9.09,0.00,0.00
Guam,GUM,20200223,0.00,,0.00,,0.00,,0.00,,0.00,,0.00,,0.00,,0.00,0.00,,0.00,0.00,0.00,2.00,1,0.00,0.00,0.00,0.00,,,,11.11,11.11,14.29,14.29,7.69,7.69,9.09,9.09,0.00,0.00
Guam,GUM,20200224,0.00,,0.00,,0.00,,0.00,,0.00,,0.00,,0.00,,0.00,0.00,,0.00,0.00,0.00,2.00,1,0.00,0.00,0.00,0.00,,,,11.11,11.11,14.29,14.29,7.69,7.69,9.09,9.09,0.00,0.00
Guam,GUM,20200225,0.00,,0.00,,0.00,,0.00,,0.00,,0.00,,0.00,,0.00,0.00,,0.00,0.00,0.00,2.00,1,0.00,0.00,0.00,0.00,,,,11.11,11.11,14.29,14.29,7.69,7.69,9.09,9.09,0.00,0.00
Guam,GUM,20200226,0.00,,0.00,,0.00,,0.00,,0.00,,0.00,,0.00,,0.00,0.00,,0.00,0.00,0.00,2.00,1,0.00,0.00,0.00,0.00,,,,11.11,11.11,14.29,14.29,7.69,7.69,9.09,9.09,0.00,0.00
Guam,GUM,20200227,0.00,,0.00,,0.00,,0.00,,0.00,,0.00,,0.00,,0.00,0.00,,0.00,0.00,0.00,2.00,1,0.00,0.00,0.00,0.00,,,,11.11,11.11,14.29,14.29,7.69,7.69,9.09,9.09,0.00,0.00
Guam,GUM,20200228,0.00,,0.00,,0.00,,0.00,,0.00,,0.00,,0.00,,0.00,0.00,,0.00,0.00,0.00,2.00,1,0.00,0.00,0.00,0.00,,,,11.11,11.11,14.29,14.29,7.69,7.69,9.09,9.09,0.00,0.00
Guam,GUM,20200229,0.00,,0.00,,0.00,,0.00,,0.00,,0.00,,0.00,,0.00,0.00,,0.00,0.00,0.00,2.00,1,0.00,0.00,0.00,0.00,,,,11.11,11.11,14.29,14.29,7.69,7.69,9.09,9.09,0.00,0.00
Guam,GUM,20200301,0.00,,0.00,,0.00,,0.00,,0.00,,0.00,,0.00,,0.00,0.00,,0.00,0.00,0.00,2.00,1,0.00,0.00,0.00,0.00,,,,11.11,11.11,14.29,14.29,7.69,7.69,9.09,9.09,0.00,0.00
Guam,GUM,20200302,0.00,,0.00,,0.00,,0.00,,0.00,,0.00,,0.00,,0.00,0.00,,0.00,0.00,0.00,2.00,1,0.00,0.00,0.00,0.00,,,,11.11,11.11,14.29,14.29,7.69,7.69,9.09,9.09,0.00,0.00
Guam,GUM,20200303,0.00,,0.00,,0.00,,0.00,,0.00,,0.00,,0.00,,0.00,0.00,,0.00,0.00,0.00,2.00,1,0.00,0.00,0.00,0.00,,,,11.11,11.11,14.29,14.29,7.69,7.69,9.09,9.09,0.00,0.00
Guam,GUM,20200304,0.00,,0.00,,0.00,,0.00,,0.00,,0.00,,0.00,,0.00,0.00,,0.00,0.00,0.00,2.00,1,0.00,0.00,0.00,0.00,,,,11.11,11.11,14.29,14.29,7.69,7.69,9.09,9.09,0.00,0.00
Guam,GUM,20200305,0.00,,0.00,,0.00,,0.00,,0.00,,0.00,,0.00,,0.00,0.00,,0.00,0.00,0.00,2.00,1,0.00,0.00,0.00,0.00,,,,11.11,11.11,14.29,14.29,7.69,7.69,9.09,9.09,0.00,0.00
Guam,GUM,20200306,0.00,,0.00,,0.00,,0.00,,0.00,,0.00,,0.00,,0.00,0.00,,0.00,0.00,0.00,2.00,1,0.00,0.00,0.00,0.00,,,,11.11,11.11,14.29,14.29,7.69,7.69,9.09,9.09,0.00,0.00
Guam,GUM,20200307,0.00,,0.00,,0.00,,0.00,,0.00,,0.00,,0.00,,0.00,0.00,,0.00,0.00,0.00,2.00,1,0.00,0.00,0.00,0.00,,,,11.11,11.11,14.29,14.29,7.69,7.69,9.09,9.09,0.00,0.00
Guam,GUM,20200308,0.00,,0.00,,0.00,,0.00,,0.00,,0.00,,0.00,,0.00,0.00,,0.00,0.00,0.00,2.00,1,0.00,0.00,0.00,0.00,,,,11.11,11.11,14.29,14.29,7.69,7.69,9.09,9.09,0.00,0.00
Guam,GUM,20200309,0.00,,0.00,,0.00,,0.00,,0.00,,0.00,,0.00,,0.00,0.00,,0.00,0.00,0.00,2.00,1,0.00,0.00,0.00,0.00,,,,11.11,11.11,14.29,14.29,7.69,7.69,9.09,9.09,0.00,0.00
Guam,GUM,20200310,0.00,,0.00,,0.00,,0.00,,0.00,,0.00,,0.00,,0.00,0.00,,0.00,0.00,0.00,2.00,1,0.00,0.00,0.00,0.00,,,,11.11,11.11,14.29,14.29,7.69,7.69,9.09,9.09,0.00,0.00
Guam,GUM,20200311,0.00,,0.00,,0.00,,0.00,,0.00,,0.00,,0.00,,0.00,0.00,,0.00,0.00,0.00,2.00,1,0.00,0.00,0.00,0.00,,,,11.11,11.11,14.29,14.29,7.69,7.69,9.09,9.09,0.00,0.00
Guam,GUM,20200312,0.00,,0.00,,0.00,,0.00,,0.00,,0.00,,0.00,,0.00,0.00,,0.00,0.00,0.00,2.00,1,1.00,0.00,0.00,0.00,,,,11.11,11.11,14.29,14.29,10.26,10.26,12.12,12.12,0.00,0.00
Guam,GUM,20200313,0.00,,0.00,,0.00,,0.00,,0.00,,0.00,,0.00,,0.00,0.00,,0.00,0.00,0.00,2.00,1,1.00,0.00,0.00,0.00,,,,11.11,11.11,14.29,14.29,10.26,10.26,12.12,12.12,0.00,0.00
Guam,GUM,20200314,0.00,,0.00,,0.00,,0.00,,0.00,,0.00,,0.00,,0.00,0.00,,0.00,0.00,0.00,2.00,1,1.00,0.00,0.00,0.00,,,,11.11,11.11,14.29,14.29,10.26,10.26,12.12,12.12,0.00,0.00
Guam,GUM,20200315,0.00,,0.00,,0.00,,0.00,,0.00,,0.00,,0.00,,0.00,0.00,,0.00,0.00,0.00,2.00,1,1.00,0.00,0.00,0.00,,,,11.11,11.11,14.29,14.29,10.26,10.26,12.12,12.12,0.00,0.00
Guam,GUM,20200316,3.00,1,2.00,1,1.00,1,3.00,1,0.00,,1.00,1,0.00,,3.00,0.00,,0.00,0.00,0.00,2.00,1,1.00,0.00,0.00,0.00,,,,55.56,55.56,68.57,68.57,41.03,41.03,48.48,48.48,0.00,0.00
Guam,GUM,20200317,3.00,1,2.00,1,1.00,1,3.00,1,0.00,,1.00,1,0.00,,3.00,0.00,,0.00,0.00,0.00,2.00,1,1.00,0.00,0.00,0.00,,,,55.56,55.56,68.57,68.57,41.03,41.03,48.48,48.48,0.00,0.00
Guam,GUM,20200318,3.00,1,2.00,1,1.00,1,3.00,1,0.00,,1.00,1,0.00,,3.00,0.00,,0.00,0.00,0.00,2.00,1,1.00,0.00,0.00,0.00,,,,55.56,55.56,68.57,68.57,41.03,41.03,48.48,48.48,0.00,0.00
Guam,GUM,20200319,3.00,1,2.00,1,1.00,1,3.00,1,0.00,,1.00,1,0.00,,3.00,0.00,,0.00,0.00,0.00,2.00,1,1.00,0.00,0.00,0.00,,3,0,55.56,55.56,68.57,68.57,41.03,41.03,48.48,48.48,0.00,0.00
Guam,GUM,20200320,3.00,1,3.00,1,2.00,1,4.00,1,0.00,,1.00,1,0.00,,3.00,0.00,,0.00,0.00,0.00,2.00,1,1.00,0.00,0.00,0.00,,12,0,67.59,67.59,75.00,75.00,49.36,49.36,58.33,58.33,0.00,0.00
Guam,GUM,20200321,3.00,1,3.00,1,2.00,1,4.00,1,0.00,,1.00,1,0.00,,3.00,0.00,,0.00,0.00,0.00,2.00,1,1.00,0.00,0.00,0.00,,14,0,67.59,67.59,75.00,75.00,49.36,49.36,58.33,58.33,0.00,0.00
Guam,GUM,20200322,3.00,1,3.00,1,2.00,1,4.00,1,0.00,,1.00,1,0.00,,3.00,0.00,,0.00,0.00,0.00,2.00,1,1.00,0.00,0.00,0.00,,15,1,67.59,67.59,75.00,75.00,49.36,49.36,58.33,58.33,0.00,0.00
Guam,GUM,20200323,3.00,1,3.00,1,2.00,1,4.00,1,0.00,,1.00,1,0.00,,3.00,0.00,,0.00,0.00,0.00,2.00,1,1.00,0.00,0.00,0.00,,27,1,67.59,67.59,75.00,75.00,49.36,49.36,58.33,58.33,0.00,0.00
Guam,GUM,20200324,3.00,1,3.00,1,2.00,1,4.00,1,0.00,,1.00,1,0.00,,3.00,0.00,,0.00,0.00,0.00,2.00,1,1.00,0.00,0.00,0.00,,29,1,67.59,67.59,75.00,75.00,49.36,49.36,58.33,58.33,0.00,0.00
Guam,GUM,20200325,3.00,1,3.00,1,2.00,1,4.00,1,0.00,,1.00,1,0.00,,3.00,0.00,,0.00,0.00,0.00,2.00,1,1.00,0.00,0.00,0.00,,32,1,67.59,67.59,75.00,75.00,49.36,49.36,58.33,58.33,0.00,0.00
Guam,GUM,20200326,3.00,1,3.00,1,2.00,1,4.00,1,0.00,,1.00,1,0.00,,3.00,0.00,,0.00,0.00,0.00,2.00,1,1.00,0.00,0.00,0.00,,37,1,67.59,67.59,75.00,75.00,49.36,49.36,58.33,58.33,0.00,0.00
Guam,GUM,20200327,3.00,1,3.00,1,2.00,1,4.00,1,0.00,,1.00,1,0.00,,3.00,0.00,,0.00,0.00,0.00,2.00,1,1.00,0.00,0.00,0.00,,49,1,67.59,67.59,75.00,75.00,49.36,49.36,58.33,58.33,0.00,0.00
Guam,GUM,20200328,3.00,1,3.00,1,2.00,1,4.00,1,0.00,,1.00,1,0.00,,3.00,0.00,,0.00,117968257.80,0.00,2.00,1,1.00,0.00,0.00,0.00,,51,1,67.59,67.59,75.00,75.00,49.36,49.36,58.33,58.33,0.00,0.00
Guam,GUM,20200329,3.00,1,3.00,1,2.00,1,4.00,1,0.00,,1.00,1,0.00,,3.00,0.00,,0.00,0.00,0.00,2.00,1,1.00,0.00,0.00,0.00,,55,1,67.59,67.59,75.00,75.00,49.36,49.36,58.33,58.33,0.00,0.00
Guam,GUM,20200330,3.00,1,3.00,1,2.00,1,4.00,1,0.00,,1.00,1,0.00,,3.00,0.00,,0.00,0.00,0.00,2.00,1,1.00,0.00,0.00,0.00,,56,1,67.59,67.59,75.00,75.00,49.36,49.36,58.33,58.33,0.00,0.00
Guam,GUM,20200331,3.00,1,3.00,1,2.00,1,4.00,1,0.00,,1.00,1,0.00,,3.00,0.00,,0.00,0.00,0.00,2.00,1,1.00,0.00,0.00,0.00,,60,1,67.59,67.59,75.00,75.00,49.36,49.36,58.33,58.33,0.00,0.00
Guam,GUM,20200401,3.00,1,3.00,1,2.00,1,4.00,1,0.00,,1.00,1,0.00,,3.00,0.00,,0.00,0.00,0.00,2.00,1,1.00,0.00,0.00,0.00,,69,3,67.59,67.59,75.00,75.00,49.36,49.36,58.33,58.33,0.00,0.00
Guam,GUM,20200402,3.00,1,3.00,1,2.00,1,4.00,1,0.00,,1.00,1,0.00,,3.00,0.00,,0.00,0.00,0.00,2.00,1,1.00,0.00,0.00,0.00,,77,3,67.59,67.59,75.00,75.00,49.36,49.36,58.33,58.33,0.00,0.00
Guam,GUM,20200403,3.00,1,3.00,1,2.00,1,4.00,1,0.00,,1.00,1,0.00,,3.00,0.00,,0.00,0.00,0.00,2.00,1,1.00,0.00,0.00,0.00,,82,3,67.59,67.59,75.00,75.00,49.36,49.36,58.33,58.33,0.00,0.00
Guam,GUM,20200404,3.00,1,3.00,1,2.00,1,4.00,1,0.00,,1.00,1,0.00,,3.00,0.00,,0.00,0.00,0.00,2.00,1,1.00,0.00,0.00,0.00,,87,4,67.59,67.59,75.00,75.00,49.36,49.36,58.33,58.33,0.00,0.00
Guam,GUM,20200405,3.00,1,3.00,1,2.00,1,4.00,1,0.00,,1.00,1,0.00,,3.00,0.00,,0.00,0.00,0.00,2.00,1,1.00,0.00,0.00,0.00,,93,4,67.59,67.59,75.00,75.00,49.36,49.36,58.33,58.33,0.00,0.00
Guam,GUM,20200406,3.00,1,3.00,1,2.00,1,4.00,1,0.00,,1.00,1,0.00,,3.00,0.00,,0.00,0.00,0.00,2.00,1,1.00,0.00,0.00,0.00,,110,4,67.59,67.59,75.00,75.00,49.36,49.36,58.33,58.33,0.00,0.00
Guam,GUM,20200407,3.00,1,3.00,1,2.00,1,4.00,1,0.00,,1.00,1,0.00,,3.00,0.00,,0.00,0.00,0.00,2.00,1,1.00,0.00,0.00,0.00,,112,4,67.59,67.59,75.00,75.00,49.36,49.36,58.33,58.33,0.00,0.00
Guam,GUM,20200408,3.00,1,3.00,1,2.00,1,4.00,1,0.00,,1.00,1,0.00,,3.00,0.00,,0.00,0.00,0.00,2.00,1,1.00,1.00,0.00,0.00,,121,4,67.59,67.59,75.00,75.00,53.21,53.21,62.88,62.88,0.00,0.00
Guam,GUM,20200409,3.00,1,3.00,1,2.00,1,4.00,1,0.00,,1.00,1,0.00,,3.00,0.00,,0.00,0.00,0.00,2.00,1,2.00,1.00,0.00,0.00,,125,4,67.59,67.59,75.00,75.00,55.77,55.77,65.91,65.91,0.00,0.00
Guam,GUM,20200410,3.00,1,3.00,1,2.00,1,4.00,1,0.00,,1.00,1,0.00,,3.00,0.00,,0.00,0.00,0.00,2.00,1,2.00,1.00,0.00,0.00,,128,4,67.59,67.59,75.00,75.00,55.77,55.77,65.91,65.91,0.00,0.00
Guam,GUM,20200411,3.00,1,3.00,1,2.00,1,4.00,1,2.00,0,1.00,1,0.00,,3.00,0.00,,0.00,0.00,0.00,2.00,1,2.00,1.00,0.00,0.00,,130,4,75.93,75.93,84.52,84.52,61.54,61.54,72.73,72.73,0.00,0.00
Guam,GUM,20200412,3.00,1,3.00,1,2.00,1,4.00,1,2.00,0,1.00,1,0.00,,3.00,0.00,,0.00,0.00,0.00,2.00,1,2.00,1.00,0.00,0.00,,133,5,75.93,75.93,84.52,84.52,61.54,61.54,72.73,72.73,0.00,0.00
Guam,GUM,20200413,3.00,1,3.00,1,2.00,1,4.00,1,2.00,0,1.00,1,0.00,,3.00,0.00,,0.00,0.00,0.00,2.00,1,2.00,1.00,0.00,0.00,,133,5,75.93,75.93,84.52,84.52,61.54,61.54,72.73,72.73,0.00,0.00
Guam,GUM,20200414,3.00,1,3.00,1,2.00,1,4.00,1,2.00,0,1.00,1,0.00,,3.00,0.00,,0.00,0.00,0.00,2.00,1,2.00,1.00,0.00,0.00,,134,5,75.93,75.93,84.52,84.52,61.54,61.54,72.73,72.73,0.00,0.00
Guam,GUM,20200415,3.00,1,3.00,1,2.00,1,4.00,1,2.00,0,1.00,1,0.00,,3.00,0.00,,0.00,0.00,0.00,2.00,1,2.00,1.00,0.00,0.00,,135,5,75.93,75.93,84.52,84.52,61.54,61.54,72.73,72.73,0.00,0.00
Guam,GUM,20200416,3.00,1,3.00,1,2.00,1,4.00,1,2.00,0,1.00,1,0.00,,3.00,0.00,,0.00,0.00,0.00,2.00,1,2.00,1.00,0.00,0.00,,135,5,75.93,75.93,84.52,84.52,61.54,61.54,72.73,72.73,0.00,0.00
Guam,GUM,20200417,3.00,1,3.00,1,2.00,1,4.00,1,2.00,0,1.00,1,0.00,,3.00,1.00,0,0.00,0.00,0.00,2.00,1,2.00,1.00,0.00,0.00,,135,5,75.93,75.93,84.52,84.52,63.46,63.46,72.73,72.73,12.50,12.50
Guam,GUM,20200418,3.00,1,3.00,1,2.00,1,4.00,1,2.00,0,1.00,1,0.00,,3.00,1.00,0,0.00,0.00,0.00,2.00,1,2.00,1.00,0.00,0.00,,136,5,75.93,75.93,84.52,84.52,63.46,63.46,72.73,72.73,12.50,12.50
Guam,GUM,20200419,3.00,1,3.00,1,2.00,1,4.00,1,2.00,0,1.00,1,0.00,,3.00,1.00,0,0.00,0.00,0.00,2.00,1,2.00,1.00,0.00,0.00,,136,5,75.93,75.93,84.52,84.52,63.46,63.46,72.73,72.73,12.50,12.50
Guam,GUM,20200420,3.00,1,3.00,1,2.00,1,4.00,1,2.00,0,1.00,1,0.00,,3.00,1.00,0,0.00,0.00,0.00,2.00,1,2.00,1.00,0.00,0.00,,136,5,75.93,75.93,84.52,84.52,63.46,63.46,72.73,72.73,12.50,12.50
Guam,GUM,20200421,3.00,1,3.00,1,2.00,1,4.00,1,2.00,0,1.00,1,0.00,,3.00,1.00,0,0.00,0.00,0.00,2.00,1,2.00,1.00,0.00,0.00,,136,5,75.93,75.93,84.52,84.52,63.46,63.46,72.73,72.73,12.50,12.50
Guam,GUM,20200422,3.00,1,3.00,1,2.00,1,4.00,1,2.00,0,1.00,1,0.00,,3.00,1.00,0,0.00,0.00,0.00,2.00,1,2.00,1.00,0.00,0.00,,136,5,75.93,75.93,84.52,84.52,63.46,63.46,72.73,72.73,12.50,12.50
Guam,GUM,20200423,3.00,1,3.00,1,2.00,1,4.00,1,2.00,0,1.00,1,0.00,,3.00,1.00,0,0.00,0.00,0.00,2.00,1,2.00,1.00,0.00,0.00,,137,5,75.93,75.93,84.52,84.52,63.46,63.46,72.73,72.73,12.50,12.50
Guam,GUM,20200424,3.00,1,3.00,1,2.00,1,4.00,1,2.00,0,1.00,1,0.00,,3.00,1.00,0,0.00,0.00,0.00,2.00,1,2.00,1.00,0.00,0.00,,140,5,75.93,75.93,84.52,84.52,63.46,63.46,72.73,72.73,12.50,12.50
Guam,GUM,20200425,3.00,1,3.00,1,2.00,1,4.00,1,2.00,0,1.00,1,0.00,,3.00,1.00,0,0.00,0.00,0.00,2.00,1,2.00,1.00,0.00,0.00,,141,5,75.93,75.93,84.52,84.52,63.46,63.46,72.73,72.73,12.50,12.50
Guam,GUM,20200426,3.00,1,3.00,1,2.00,1,4.00,1,2.00,0,1.00,1,0.00,,3.00,1.00,0,0.00,0.00,0.00,2.00,1,2.00,1.00,0.00,0.00,,141,5,75.93,75.93,84.52,84.52,63.46,63.46,72.73,72.73,12.50,12.50
Guam,GUM,20200427,3.00,1,3.00,1,2.00,1,4.00,1,2.00,0,1.00,1,0.00,,3.00,1.00,0,0.00,0.00,0.00,2.00,1,2.00,1.00,0.00,0.00,,142,5,75.93,75.93,84.52,84.52,63.46,63.46,72.73,72.73,12.50,12.50
Guam,GUM,20200428,3.00,1,3.00,1,2.00,1,4.00,1,1.00,1,1.00,1,0.00,,3.00,1.00,0,0.00,0.00,0.00,2.00,1,2.00,1.00,0.00,0.00,,144,5,73.15,73.15,84.52,84.52,61.54,61.54,70.45,70.45,12.50,12.50
Guam,GUM,20200429,3.00,1,3.00,1,2.00,1,4.00,1,1.00,1,1.00,1,0.00,,3.00,1.00,0,0.00,0.00,0.00,2.00,1,2.00,1.00,0.00,0.00,,145,5,73.15,73.15,84.52,84.52,61.54,61.54,70.45,70.45,12.50,12.50
Guam,GUM,20200430,3.00,1,3.00,1,2.00,1,4.00,1,1.00,1,1.00,1,0.00,,3.00,1.00,0,0.00,0.00,0.00,2.00,1,2.00,1.00,0.00,0.00,,145,5,73.15,73.15,84.52,84.52,61.54,61.54,70.45,70.45,12.50,12.50
Guam,GUM,20200501,3.00,1,3.00,1,2.00,1,4.00,1,1.00,1,1.00,1,0.00,,3.00,1.00,0,0.00,0.00,0.00,2.00,1,2.00,1.00,0.00,0.00,,146,5,73.15,73.15,84.52,84.52,61.54,61.54,70.45,70.45,12.50,12.50
Guam,GUM,20200502,3.00,1,3.00,1,2.00,1,4.00,1,1.00,1,1.00,1,0.00,,3.00,1.00,0,0.00,0.00,0.00,2.00,1,2.00,1.00,0.00,0.00,,146,5,73.15,73.15,84.52,84.52,61.54,61.54,70.45,70.45,12.50,12.50
Guam,GUM,20200503,3.00,1,3.00,1,2.00,1,4.00,1,1.00,1,1.00,1,0.00,,3.00,1.00,0,0.00,0.00,0.00,2.00,1,2.00,1.00,0.00,0.00,,148,5,73.15,73.15,84.52,84.52,61.54,61.54,70.45,70.45,12.50,12.50
Guam,GUM,20200504,3.00,1,3.00,1,2.00,1,4.00,1,1.00,1,1.00,1,0.00,,3.00,1.00,0,0.00,0.00,0.00,2.00,1,2.00,1.00,0.00,0.00,,149,5,73.15,73.15,84.52,84.52,61.54,61.54,70.45,70.45,12.50,12.50
Guam,GUM,20200505,3.00,1,3.00,1,2.00,1,4.00,1,1.00,1,1.00,1,0.00,,3.00,1.00,1,0.00,0.00,0.00,2.00,1,2.00,1.00,0.00,0.00,,149,5,73.15,73.15,84.52,84.52,63.46,63.46,70.45,70.45,25.00,25.00
Guam,GUM,20200506,3.00,1,3.00,1,2.00,1,4.00,1,1.00,1,1.00,1,0.00,,3.00,1.00,1,0.00,0.00,0.00,2.00,1,2.00,1.00,0.00,0.00,,149,5,73.15,73.15,84.52,84.52,63.46,63.46,70.45,70.45,25.00,25.00
Guam,GUM,20200507,3.00,1,3.00,1,2.00,1,4.00,1,1.00,1,1.00,1,0.00,,3.00,1.00,1,0.00,0.00,0.00,2.00,1,3.00,1.00,0.00,0.00,,151,5,73.15,73.15,84.52,84.52,66.03,66.03,73.48,73.48,25.00,25.00
Guam,GUM,20200508,3.00,1,3.00,1,2.00,1,4.00,1,1.00,1,1.00,1,0.00,,3.00,1.00,1,0.00,0.00,0.00,2.00,1,3.00,1.00,0.00,0.00,,151,5,73.15,73.15,84.52,84.52,66.03,66.03,73.48,73.48,25.00,25.00
Guam,GUM,20200509,3.00,1,3.00,1,2.00,1,4.00,1,1.00,1,1.00,1,0.00,,3.00,1.00,1,0.00,0.00,0.00,2.00,1,3.00,1.00,0.00,0.00,,151,5,73.15,73.15,84.52,84.52,66.03,66.03,73.48,73.48,25.00,25.00
Guam,GUM,20200510,3.00,1,2.00,1,2.00,1,4.00,1,1.00,1,1.00,1,0.00,,3.00,1.00,1,0.00,0.00,0.00,2.00,1,3.00,1.00,0.00,0.00,,151,5,69.44,69.44,80.95,80.95,63.46,63.46,70.45,70.45,25.00,25.00
Guam,GUM,20200511,3.00,1,2.00,1,2.00,1,4.00,1,1.00,1,1.00,1,0.00,,3.00,1.00,1,0.00,0.00,0.00,2.00,1,3.00,1.00,0.00,0.00,,151,5,69.44,69.44,80.95,80.95,63.46,63.46,70.45,70.45,25.00,25.00
Guam,GUM,20200512,3.00,1,2.00,1,2.00,1,4.00,1,1.00,1,1.00,1,0.00,,3.00,1.00,1,0.00,0.00,0.00,2.00,1,3.00,1.00,0.00,0.00,,152,5,69.44,69.44,80.95,80.95,63.46,63.46,70.45,70.45,25.00,25.00
Guam,GUM,20200513,3.00,1,2.00,1,2.00,1,4.00,1,1.00,1,1.00,1,0.00,,3.00,1.00,1,0.00,0.00,0.00,2.00,1,3.00,1.00,0.00,0.00,,152,5,69.44,69.44,80.95,80.95,63.46,63.46,70.45,70.45,25.00,25.00
Guam,GUM,20200514,3.00,1,2.00,1,2.00,1,4.00,1,1.00,1,1.00,1,0.00,,3.00,1.00,1,0.00,0.00,0.00,2.00,1,3.00,1.00,0.00,0.00,,152,5,69.44,69.44,80.95,80.95,63.46,63.46,70.45,70.45,25.00,25.00
Guam,GUM,20200515,3.00,1,2.00,1,2.00,1,4.00,1,1.00,1,1.00,1,0.00,,3.00,1.00,1,0.00,0.00,0.00,2.00,1,3.00,1.00,0.00,0.00,,154,5,69.44,69.44,80.95,80.95,63.46,63.46,70.45,70.45,25.00,25.00
Guam,GUM,20200516,3.00,1,2.00,1,2.00,1,4.00,1,1.00,1,1.00,1,0.00,,3.00,1.00,1,0.00,0.00,0.00,2.00,1,3.00,1.00,0.00,0.00,,154,5,69.44,69.44,80.95,80.95,63.46,63.46,70.45,70.45,25.00,25.00
Guam,GUM,20200517,3.00,1,2.00,1,2.00,1,4.00,1,1.00,1,1.00,1,0.00,,3.00,1.00,1,0.00,0.00,0.00,2.00,1,3.00,1.00,0.00,0.00,,154,5,69.44,69.44,80.95,80.95,63.46,63.46,70.45,70.45,25.00,25.00
Guam,GUM,20200518,3.00,1,2.00,1,2.00,1,4.00,1,1.00,1,1.00,1,0.00,,3.00,1.00,1,0.00,0.00,0.00,2.00,1,3.00,1.00,0.00,0.00,,154,5,69.44,69.44,80.95,80.95,63.46,63.46,70.45,70.45,25.00,25.00
Guam,GUM,20200519,3.00,1,2.00,1,2.00,1,4.00,1,1.00,1,1.00,1,0.00,,3.00,1.00,1,0.00,0.00,0.00,2.00,1,3.00,1.00,0.00,0.00,,154,5,69.44,69.44,80.95,80.95,63.46,63.46,70.45,70.45,25.00,25.00
Guam,GUM,20200520,3.00,1,2.00,1,2.00,1,4.00,1,1.00,1,1.00,1,0.00,,3.00,1.00,1,0.00,0.00,0.00,2.00,1,3.00,1.00,0.00,0.00,,154,5,69.44,69.44,80.95,80.95,63.46,63.46,70.45,70.45,25.00,25.00
Guam,GUM,20200521,3.00,1,2.00,1,2.00,1,4.00,1,1.00,1,1.00,1,0.00,,3.00,1.00,1,0.00,0.00,0.00,2.00,1,3.00,1.00,0.00,0.00,,165,5,69.44,69.44,80.95,80.95,63.46,63.46,70.45,70.45,25.00,25.00
Guam,GUM,20200522,3.00,1,2.00,1,2.00,1,4.00,1,1.00,1,1.00,1,0.00,,3.00,1.00,1,0.00,0.00,0.00,2.00,1,3.00,1.00,0.00,0.00,,165,5,69.44,69.44,80.95,80.95,63.46,63.46,70.45,70.45,25.00,25.00
Guam,GUM,20200523,3.00,1,2.00,1,2.00,1,4.00,1,1.00,1,1.00,1,0.00,,3.00,1.00,1,0.00,276000000.00,0.00,2.00,1,3.00,1.00,0.00,0.00,,165,5,69.44,69.44,80.95,80.95,63.46,63.46,70.45,70.45,25.00,25.00
Guam,GUM,20200524,3.00,1,2.00,1,2.00,1,4.00,1,1.00,1,1.00,1,0.00,,3.00,1.00,1,0.00,0.00,0.00,2.00,1,3.00,1.00,0.00,0.00,,166,5,69.44,69.44,80.95,80.95,63.46,63.46,70.45,70.45,25.00,25.00
Guam,GUM,20200525,3.00,1,2.00,1,2.00,1,4.00,1,1.00,1,1.00,1,0.00,,3.00,1.00,1,0.00,0.00,0.00,2.00,1,3.00,1.00,0.00,0.00,,166,5,69.44,69.44,80.95,80.95,63.46,63.46,70.45,70.45,25.00,25.00
Guam,GUM,20200526,3.00,1,2.00,1,2.00,1,4.00,1,1.00,1,1.00,1,0.00,,3.00,1.00,1,0.00,0.00,0.00,2.00,1,3.00,1.00,0.00,0.00,,166,5,69.44,69.44,80.95,80.95,63.46,63.46,70.45,70.45,25.00,25.00
Guam,GUM,20200527,3.00,1,2.00,1,2.00,1,4.00,1,1.00,1,1.00,1,0.00,,3.00,1.00,1,0.00,0.00,0.00,2.00,1,3.00,1.00,0.00,0.00,,169,5,69.44,69.44,80.95,80.95,63.46,63.46,70.45,70.45,25.00,25.00
Guam,GUM,20200528,3.00,1,2.00,1,2.00,1,3.00,1,1.00,1,1.00,1,0.00,,3.00,1.00,0,0.00,0.00,0.00,2.00,1,3.00,1.00,0.00,0.00,,171,5,66.67,66.67,80.95,80.95,59.62,59.62,68.18,68.18,12.50,12.50
Guam,GUM,20200529,3.00,1,2.00,1,2.00,1,3.00,1,1.00,1,1.00,1,0.00,,3.00,1.00,0,0.00,0.00,0.00,2.00,1,3.00,1.00,0.00,0.00,,172,5,66.67,66.67,80.95,80.95,59.62,59.62,68.18,68.18,12.50,12.50
Guam,GUM,20200530,3.00,1,2.00,1,2.00,1,3.00,1,1.00,1,1.00,1,0.00,,3.00,1.00,0,0.00,0.00,0.00,2.00,1,3.00,1.00,0.00,0.00,,172,5,66.67,66.67,80.95,80.95,59.62,59.62,68.18,68.18,12.50,12.50
Guam,GUM,20200531,3.00,1,2.00,1,2.00,1,3.00,1,1.00,1,1.00,1,0.00,,3.00,1.00,0,0.00,0.00,0.00,2.00,1,3.00,1.00,0.00,0.00,,173,5,66.67,66.67,80.95,80.95,59.62,59.62,68.18,68.18,12.50,12.50
Guam,GUM,20200601,3.00,1,2.00,1,2.00,1,3.00,1,1.00,1,1.00,1,0.00,,2.00,1.00,0,0.00,20000000.00,0.00,2.00,1,3.00,1.00,0.00,0.00,,175,5,63.89,63.89,77.38,77.38,57.69,57.69,65.91,65.91,12.50,12.50
Guam,GUM,20200602,3.00,1,2.00,1,2.00,1,3.00,1,1.00,1,1.00,1,0.00,,2.00,1.00,0,0.00,0.00,0.00,2.00,1,3.00,2.00,0.00,0.00,,175,5,63.89,63.89,77.38,77.38,61.54,61.54,70.45,70.45,12.50,12.50
Guam,GUM,20200603,3.00,1,2.00,1,2.00,1,3.00,1,1.00,1,1.00,1,0.00,,2.00,1.00,0,0.00,41500000.00,0.00,2.00,1,3.00,2.00,0.00,0.00,,177,5,63.89,63.89,77.38,77.38,61.54,61.54,70.45,70.45,12.50,12.50
Guam,GUM,20200604,3.00,1,2.00,1,2.00,1,3.00,1,1.00,1,1.00,1,0.00,,2.00,1.00,0,0.00,0.00,0.00,2.00,1,3.00,2.00,0.00,0.00,,179,5,63.89,63.89,77.38,77.38,61.54,61.54,70.45,70.45,12.50,12.50
Guam,GUM,20200605,3.00,1,2.00,1,2.00,1,3.00,1,1.00,1,1.00,1,0.00,,2.00,1.00,0,0.00,0.00,0.00,2.00,1,3.00,2.00,0.00,0.00,,179,5,63.89,63.89,77.38,77.38,61.54,61.54,70.45,70.45,12.50,12.50
Guam,GUM,20200606,3.00,1,2.00,1,2.00,1,3.00,1,1.00,1,1.00,1,0.00,,2.00,1.00,0,0.00,0.00,0.00,2.00,1,3.00,2.00,0.00,0.00,,179,5,63.89,63.89,77.38,77.38,61.54,61.54,70.45,70.45,12.50,12.50
Guam,GUM,20200607,3.00,1,2.00,1,2.00,1,3.00,1,1.00,1,1.00,1,0.00,,2.00,1.00,0,0.00,0.00,0.00,2.00,1,3.00,2.00,0.00,0.00,,179,5,63.89,63.89,77.38,77.38,61.54,61.54,70.45,70.45,12.50,12.50
Guam,GUM,20200608,3.00,1,2.00,1,2.00,1,3.00,1,1.00,1,1.00,1,0.00,,2.00,1.00,0,0.00,0.00,0.00,2.00,1,3.00,2.00,0.00,0.00,,179,5,63.89,63.89,77.38,77.38,61.54,61.54,70.45,70.45,12.50,12.50
Guam,GUM,20200609,3.00,1,2.00,1,2.00,1,3.00,1,1.00,1,1.00,1,0.00,,2.00,1.00,0,0.00,0.00,0.00,2.00,1,3.00,2.00,0.00,0.00,,180,5,63.89,63.89,77.38,77.38,61.54,61.54,70.45,70.45,12.50,12.50
Guam,GUM,20200610,3.00,1,2.00,1,2.00,1,3.00,1,1.00,1,1.00,1,0.00,,2.00,1.00,0,0.00,0.00,0.00,2.00,1,3.00,2.00,0.00,0.00,,180,5,63.89,63.89,77.38,77.38,61.54,61.54,70.45,70.45,12.50,12.50
Guam,GUM,20200611,3.00,1,2.00,1,2.00,1,3.00,1,1.00,1,1.00,1,0.00,,2.00,1.00,0,0.00,0.00,0.00,2.00,1,3.00,2.00,0.00,0.00,,182,5,63.89,63.89,77.38,77.38,61.54,61.54,70.45,70.45,12.50,12.50
Guam,GUM,20200612,3.00,1,2.00,1,2.00,1,3.00,1,1.00,1,1.00,1,0.00,,2.00,1.00,0,0.00,0.00,0.00,2.00,1,3.00,2.00,0.00,0.00,,182,5,63.89,63.89,77.38,77.38,61.54,61.54,70.45,70.45,12.50,12.50
Guam,GUM,20200613,3.00,1,2.00,1,2.00,1,3.00,1,1.00,1,1.00,1,0.00,,2.00,1.00,0,0.00,0.00,0.00,2.00,1,3.00,2.00,0.00,0.00,,185,5,63.89,63.89,77.38,77.38,61.54,61.54,70.45,70.45,12.50,12.50
Guam,GUM,20200614,3.00,1,2.00,1,2.00,1,3.00,1,1.00,1,1.00,1,0.00,,2.00,1.00,0,0.00,0.00,0.00,2.00,1,3.00,2.00,0.00,0.00,,185,5,63.89,63.89,77.38,77.38,61.54,61.54,70.45,70.45,12.50,12.50
Guam,GUM,20200615,3.00,1,2.00,1,2.00,1,3.00,1,1.00,1,1.00,1,0.00,,2.00,1.00,0,0.00,0.00,0.00,2.00,1,3.00,2.00,0.00,0.00,,185,5,63.89,63.89,77.38,77.38,61.54,61.54,70.45,70.45,12.50,12.50
Guam,GUM,20200616,3.00,1,2.00,1,2.00,1,3.00,1,1.00,1,1.00,1,0.00,,2.00,1.00,0,0.00,0.00,0.00,2.00,1,3.00,2.00,0.00,0.00,,186,5,63.89,63.89,77.38,77.38,61.54,61.54,70.45,70.45,12.50,12.50
Guam,GUM,20200617,3.00,1,2.00,1,2.00,1,3.00,1,1.00,1,1.00,1,0.00,,2.00,1.00,0,0.00,0.00,0.00,2.00,1,3.00,2.00,0.00,0.00,,188,5,63.89,63.89,77.38,77.38,61.54,61.54,70.45,70.45,12.50,12.50
Guam,GUM,20200618,3.00,1,2.00,1,2.00,1,3.00,1,1.00,1,1.00,1,0.00,,2.00,1.00,0,0.00,0.00,0.00,2.00,1,3.00,2.00,0.00,0.00,,192,5,63.89,63.89,77.38,77.38,61.54,61.54,70.45,70.45,12.50,12.50
Guam,GUM,20200619,3.00,1,2.00,1,2.00,1,3.00,1,1.00,1,1.00,1,0.00,,2.00,1.00,0,0.00,0.00,0.00,2.00,1,3.00,2.00,0.00,0.00,,200,5,63.89,63.89,77.38,77.38,61.54,61.54,70.45,70.45,12.50,12.50
Guam,GUM,20200620,3.00,1,2.00,1,2.00,1,3.00,1,1.00,1,1.00,1,0.00,,2.00,1.00,0,0.00,0.00,0.00,2.00,1,3.00,2.00,0.00,0.00,,200,5,63.89,63.89,77.38,77.38,61.54,61.54,70.45,70.45,12.50,12.50
Guam,GUM,20200621,3.00,1,2.00,1,2.00,1,3.00,1,1.00,1,1.00,1,0.00,,2.00,1.00,0,0.00,0.00,0.00,2.00,1,3.00,2.00,0.00,0.00,,222,5,63.89,63.89,77.38,77.38,61.54,61.54,70.45,70.45,12.50,12.50
Guam,GUM,20200622,,,,,,,,,,,,,,,,,,,,,,,,,,,,222,5,,63.89,,77.38,,61.54,,70.45,,12.50
Guam,GUM,20200623,,,,,,,,,,,,,,,,,,,,,,,,,,,,225,5,,63.89,,77.38,,61.54,,70.45,,12.50
