Guyana,GUY,20200101,0.00,,0.00,,0.00,,0.00,,0.00,,0.00,,0.00,,0.00,0.00,,0.00,0.00,0.00,0.00,,0.00,0.00,0.00,0.00,,,,0.00,0.00,0.00,0.00,0.00,0.00,0.00,0.00,0.00,0.00
Guyana,GUY,20200102,0.00,,0.00,,0.00,,0.00,,0.00,,0.00,,0.00,,0.00,0.00,,0.00,0.00,0.00,0.00,,0.00,0.00,0.00,0.00,,,,0.00,0.00,0.00,0.00,0.00,0.00,0.00,0.00,0.00,0.00
Guyana,GUY,20200103,0.00,,0.00,,0.00,,0.00,,0.00,,0.00,,0.00,,0.00,0.00,,0.00,0.00,0.00,0.00,,0.00,0.00,0.00,0.00,,,,0.00,0.00,0.00,0.00,0.00,0.00,0.00,0.00,0.00,0.00
Guyana,GUY,20200104,0.00,,0.00,,0.00,,0.00,,0.00,,0.00,,0.00,,0.00,0.00,,0.00,0.00,0.00,0.00,,0.00,0.00,0.00,0.00,,,,0.00,0.00,0.00,0.00,0.00,0.00,0.00,0.00,0.00,0.00
Guyana,GUY,20200105,0.00,,0.00,,0.00,,0.00,,0.00,,0.00,,0.00,,0.00,0.00,,0.00,0.00,0.00,0.00,,0.00,0.00,0.00,0.00,,,,0.00,0.00,0.00,0.00,0.00,0.00,0.00,0.00,0.00,0.00
Guyana,GUY,20200106,0.00,,0.00,,0.00,,0.00,,0.00,,0.00,,0.00,,0.00,0.00,,0.00,0.00,0.00,0.00,,0.00,0.00,0.00,0.00,,,,0.00,0.00,0.00,0.00,0.00,0.00,0.00,0.00,0.00,0.00
Guyana,GUY,20200107,0.00,,0.00,,0.00,,0.00,,0.00,,0.00,,0.00,,0.00,0.00,,0.00,0.00,0.00,0.00,,0.00,0.00,0.00,0.00,,,,0.00,0.00,0.00,0.00,0.00,0.00,0.00,0.00,0.00,0.00
Guyana,GUY,20200108,0.00,,0.00,,0.00,,0.00,,0.00,,0.00,,0.00,,0.00,0.00,,0.00,0.00,0.00,0.00,,0.00,0.00,0.00,0.00,,,,0.00,0.00,0.00,0.00,0.00,0.00,0.00,0.00,0.00,0.00
Guyana,GUY,20200109,0.00,,0.00,,0.00,,0.00,,0.00,,0.00,,0.00,,0.00,0.00,,0.00,0.00,0.00,0.00,,0.00,0.00,0.00,0.00,,,,0.00,0.00,0.00,0.00,0.00,0.00,0.00,0.00,0.00,0.00
Guyana,GUY,20200110,0.00,,0.00,,0.00,,0.00,,0.00,,0.00,,0.00,,0.00,0.00,,0.00,0.00,0.00,0.00,,0.00,0.00,0.00,0.00,,,,0.00,0.00,0.00,0.00,0.00,0.00,0.00,0.00,0.00,0.00
Guyana,GUY,20200111,0.00,,0.00,,0.00,,0.00,,0.00,,0.00,,0.00,,0.00,0.00,,0.00,0.00,0.00,0.00,,0.00,0.00,0.00,0.00,,,,0.00,0.00,0.00,0.00,0.00,0.00,0.00,0.00,0.00,0.00
Guyana,GUY,20200112,0.00,,0.00,,0.00,,0.00,,0.00,,0.00,,0.00,,0.00,0.00,,0.00,0.00,0.00,0.00,,0.00,0.00,0.00,0.00,,,,0.00,0.00,0.00,0.00,0.00,0.00,0.00,0.00,0.00,0.00
Guyana,GUY,20200113,0.00,,0.00,,0.00,,0.00,,0.00,,0.00,,0.00,,0.00,0.00,,0.00,0.00,0.00,0.00,,0.00,0.00,0.00,0.00,,,,0.00,0.00,0.00,0.00,0.00,0.00,0.00,0.00,0.00,0.00
Guyana,GUY,20200114,0.00,,0.00,,0.00,,0.00,,0.00,,0.00,,0.00,,0.00,0.00,,0.00,0.00,0.00,0.00,,0.00,0.00,0.00,0.00,,,,0.00,0.00,0.00,0.00,0.00,0.00,0.00,0.00,0.00,0.00
Guyana,GUY,20200115,0.00,,0.00,,0.00,,0.00,,0.00,,0.00,,0.00,,0.00,0.00,,0.00,0.00,0.00,0.00,,0.00,0.00,0.00,0.00,,,,0.00,0.00,0.00,0.00,0.00,0.00,0.00,0.00,0.00,0.00
Guyana,GUY,20200116,0.00,,0.00,,0.00,,0.00,,0.00,,0.00,,0.00,,0.00,0.00,,0.00,0.00,0.00,0.00,,0.00,0.00,0.00,0.00,,,,0.00,0.00,0.00,0.00,0.00,0.00,0.00,0.00,0.00,0.00
Guyana,GUY,20200117,0.00,,0.00,,0.00,,0.00,,0.00,,0.00,,0.00,,0.00,0.00,,0.00,0.00,0.00,0.00,,0.00,0.00,0.00,0.00,,,,0.00,0.00,0.00,0.00,0.00,0.00,0.00,0.00,0.00,0.00
Guyana,GUY,20200118,0.00,,0.00,,0.00,,0.00,,0.00,,0.00,,0.00,,1.00,0.00,,0.00,0.00,0.00,0.00,,0.00,0.00,0.00,0.00,,,,2.78,2.78,3.57,3.57,1.92,1.92,2.27,2.27,0.00,0.00
Guyana,GUY,20200119,0.00,,0.00,,0.00,,0.00,,0.00,,0.00,,0.00,,1.00,0.00,,0.00,0.00,0.00,0.00,,0.00,0.00,0.00,0.00,,,,2.78,2.78,3.57,3.57,1.92,1.92,2.27,2.27,0.00,0.00
Guyana,GUY,20200120,0.00,,0.00,,0.00,,0.00,,0.00,,0.00,,0.00,,1.00,0.00,,0.00,0.00,0.00,0.00,,0.00,0.00,0.00,0.00,,,,2.78,2.78,3.57,3.57,1.92,1.92,2.27,2.27,0.00,0.00
Guyana,GUY,20200121,0.00,,0.00,,0.00,,0.00,,0.00,,0.00,,0.00,,1.00,0.00,,0.00,0.00,0.00,0.00,,0.00,0.00,0.00,0.00,,,,2.78,2.78,3.57,3.57,1.92,1.92,2.27,2.27,0.00,0.00
Guyana,GUY,20200122,0.00,,0.00,,0.00,,0.00,,0.00,,0.00,,0.00,,1.00,0.00,,0.00,0.00,0.00,0.00,,0.00,0.00,0.00,0.00,,,,2.78,2.78,3.57,3.57,1.92,1.92,2.27,2.27,0.00,0.00
Guyana,GUY,20200123,0.00,,0.00,,0.00,,0.00,,0.00,,0.00,,0.00,,1.00,0.00,,0.00,0.00,0.00,0.00,,0.00,0.00,0.00,0.00,,,,2.78,2.78,3.57,3.57,1.92,1.92,2.27,2.27,0.00,0.00
Guyana,GUY,20200124,0.00,,0.00,,0.00,,0.00,,0.00,,0.00,,0.00,,1.00,0.00,,0.00,0.00,0.00,0.00,,0.00,0.00,0.00,0.00,,,,2.78,2.78,3.57,3.57,1.92,1.92,2.27,2.27,0.00,0.00
Guyana,GUY,20200125,0.00,,0.00,,0.00,,0.00,,0.00,,0.00,,0.00,,1.00,0.00,,0.00,0.00,0.00,0.00,,0.00,0.00,0.00,0.00,,,,2.78,2.78,3.57,3.57,1.92,1.92,2.27,2.27,0.00,0.00
Guyana,GUY,20200126,0.00,,0.00,,0.00,,0.00,,0.00,,0.00,,0.00,,1.00,0.00,,0.00,0.00,0.00,0.00,,0.00,0.00,0.00,0.00,,,,2.78,2.78,3.57,3.57,1.92,1.92,2.27,2.27,0.00,0.00
Guyana,GUY,20200127,0.00,,0.00,,0.00,,0.00,,0.00,,0.00,,0.00,,1.00,0.00,,0.00,0.00,0.00,0.00,,0.00,0.00,0.00,0.00,,,,2.78,2.78,3.57,3.57,1.92,1.92,2.27,2.27,0.00,0.00
Guyana,GUY,20200128,0.00,,0.00,,0.00,,0.00,,0.00,,0.00,,0.00,,1.00,0.00,,0.00,0.00,0.00,0.00,,0.00,0.00,0.00,0.00,,,,2.78,2.78,3.57,3.57,1.92,1.92,2.27,2.27,0.00,0.00
Guyana,GUY,20200129,0.00,,0.00,,0.00,,0.00,,0.00,,0.00,,0.00,,1.00,0.00,,0.00,0.00,0.00,0.00,,0.00,0.00,0.00,0.00,,,,2.78,2.78,3.57,3.57,1.92,1.92,2.27,2.27,0.00,0.00
Guyana,GUY,20200130,0.00,,0.00,,0.00,,0.00,,0.00,,0.00,,0.00,,1.00,0.00,,0.00,0.00,0.00,0.00,,0.00,0.00,0.00,0.00,,,,2.78,2.78,3.57,3.57,1.92,1.92,2.27,2.27,0.00,0.00
Guyana,GUY,20200131,0.00,,0.00,,0.00,,0.00,,0.00,,0.00,,0.00,,1.00,0.00,,0.00,0.00,0.00,0.00,,0.00,0.00,0.00,0.00,,,,2.78,2.78,3.57,3.57,1.92,1.92,2.27,2.27,0.00,0.00
Guyana,GUY,20200201,0.00,,0.00,,0.00,,0.00,,0.00,,0.00,,0.00,,1.00,0.00,,0.00,0.00,0.00,0.00,,0.00,0.00,0.00,0.00,,,,2.78,2.78,3.57,3.57,1.92,1.92,2.27,2.27,0.00,0.00
Guyana,GUY,20200202,0.00,,0.00,,0.00,,0.00,,0.00,,0.00,,0.00,,1.00,0.00,,0.00,0.00,0.00,0.00,,0.00,0.00,0.00,0.00,,,,2.78,2.78,3.57,3.57,1.92,1.92,2.27,2.27,0.00,0.00
Guyana,GUY,20200203,0.00,,0.00,,0.00,,0.00,,0.00,,0.00,,0.00,,1.00,0.00,,0.00,0.00,0.00,0.00,,0.00,0.00,0.00,0.00,,,,2.78,2.78,3.57,3.57,1.92,1.92,2.27,2.27,0.00,0.00
Guyana,GUY,20200204,0.00,,0.00,,0.00,,0.00,,0.00,,0.00,,0.00,,1.00,0.00,,0.00,0.00,0.00,0.00,,0.00,0.00,0.00,0.00,,,,2.78,2.78,3.57,3.57,1.92,1.92,2.27,2.27,0.00,0.00
Guyana,GUY,20200205,0.00,,0.00,,0.00,,0.00,,0.00,,0.00,,0.00,,1.00,0.00,,0.00,0.00,0.00,1.00,1,0.00,0.00,0.00,0.00,,,,8.33,8.33,13.10,13.10,5.77,5.77,6.82,6.82,0.00,0.00
Guyana,GUY,20200206,0.00,,0.00,,0.00,,0.00,,0.00,,0.00,,0.00,,1.00,0.00,,0.00,0.00,0.00,1.00,1,0.00,0.00,0.00,0.00,,,,8.33,8.33,13.10,13.10,5.77,5.77,6.82,6.82,0.00,0.00
Guyana,GUY,20200207,0.00,,0.00,,0.00,,0.00,,0.00,,0.00,,0.00,,1.00,0.00,,0.00,0.00,0.00,2.00,1,0.00,0.00,0.00,0.00,,,,13.89,13.89,17.86,17.86,9.62,9.62,11.36,11.36,0.00,0.00
Guyana,GUY,20200208,0.00,,0.00,,0.00,,0.00,,0.00,,0.00,,0.00,,1.00,0.00,,0.00,0.00,0.00,2.00,1,0.00,0.00,0.00,0.00,,,,13.89,13.89,17.86,17.86,9.62,9.62,11.36,11.36,0.00,0.00
Guyana,GUY,20200209,0.00,,0.00,,0.00,,0.00,,0.00,,0.00,,0.00,,1.00,0.00,,0.00,0.00,0.00,2.00,1,0.00,0.00,0.00,0.00,,,,13.89,13.89,17.86,17.86,9.62,9.62,11.36,11.36,0.00,0.00
Guyana,GUY,20200210,0.00,,0.00,,0.00,,0.00,,0.00,,0.00,,0.00,,1.00,0.00,,0.00,0.00,0.00,2.00,1,0.00,0.00,0.00,0.00,,,,13.89,13.89,17.86,17.86,9.62,9.62,11.36,11.36,0.00,0.00
Guyana,GUY,20200211,0.00,,0.00,,0.00,,0.00,,0.00,,0.00,,0.00,,1.00,0.00,,0.00,0.00,0.00,2.00,1,0.00,0.00,0.00,0.00,,,,13.89,13.89,17.86,17.86,9.62,9.62,11.36,11.36,0.00,0.00
Guyana,GUY,20200212,0.00,,0.00,,0.00,,0.00,,0.00,,0.00,,0.00,,1.00,0.00,,0.00,0.00,0.00,2.00,1,0.00,0.00,0.00,0.00,,,,13.89,13.89,17.86,17.86,9.62,9.62,11.36,11.36,0.00,0.00
Guyana,GUY,20200213,0.00,,0.00,,0.00,,0.00,,0.00,,0.00,,0.00,,1.00,0.00,,0.00,0.00,0.00,2.00,1,0.00,0.00,0.00,0.00,,,,13.89,13.89,17.86,17.86,9.62,9.62,11.36,11.36,0.00,0.00
Guyana,GUY,20200214,0.00,,0.00,,0.00,,0.00,,0.00,,0.00,,0.00,,1.00,0.00,,0.00,0.00,0.00,2.00,1,0.00,0.00,0.00,0.00,,,,13.89,13.89,17.86,17.86,9.62,9.62,11.36,11.36,0.00,0.00
Guyana,GUY,20200215,0.00,,0.00,,0.00,,0.00,,0.00,,0.00,,0.00,,1.00,0.00,,0.00,0.00,0.00,2.00,1,0.00,0.00,0.00,0.00,,,,13.89,13.89,17.86,17.86,9.62,9.62,11.36,11.36,0.00,0.00
Guyana,GUY,20200216,0.00,,0.00,,0.00,,0.00,,0.00,,0.00,,0.00,,1.00,0.00,,0.00,0.00,0.00,2.00,1,0.00,0.00,0.00,0.00,,,,13.89,13.89,17.86,17.86,9.62,9.62,11.36,11.36,0.00,0.00
Guyana,GUY,20200217,0.00,,0.00,,0.00,,0.00,,0.00,,0.00,,0.00,,1.00,0.00,,0.00,0.00,0.00,2.00,1,0.00,0.00,0.00,0.00,,,,13.89,13.89,17.86,17.86,9.62,9.62,11.36,11.36,0.00,0.00
Guyana,GUY,20200218,0.00,,0.00,,0.00,,0.00,,0.00,,0.00,,0.00,,1.00,0.00,,0.00,0.00,0.00,2.00,1,0.00,0.00,0.00,0.00,,,,13.89,13.89,17.86,17.86,9.62,9.62,11.36,11.36,0.00,0.00
Guyana,GUY,20200219,0.00,,0.00,,0.00,,0.00,,0.00,,0.00,,0.00,,1.00,0.00,,0.00,0.00,0.00,2.00,1,0.00,0.00,0.00,0.00,,,,13.89,13.89,17.86,17.86,9.62,9.62,11.36,11.36,0.00,0.00
Guyana,GUY,20200220,0.00,,0.00,,0.00,,0.00,,0.00,,0.00,,0.00,,1.00,0.00,,0.00,0.00,0.00,2.00,1,0.00,0.00,0.00,0.00,,,,13.89,13.89,17.86,17.86,9.62,9.62,11.36,11.36,0.00,0.00
Guyana,GUY,20200221,0.00,,0.00,,0.00,,0.00,,0.00,,0.00,,0.00,,1.00,0.00,,0.00,0.00,0.00,2.00,1,1.00,0.00,0.00,0.00,,,,13.89,13.89,17.86,17.86,12.18,12.18,14.39,14.39,0.00,0.00
Guyana,GUY,20200222,0.00,,0.00,,0.00,,0.00,,0.00,,0.00,,0.00,,1.00,0.00,,0.00,0.00,0.00,2.00,1,1.00,0.00,0.00,0.00,,,,13.89,13.89,17.86,17.86,12.18,12.18,14.39,14.39,0.00,0.00
Guyana,GUY,20200223,0.00,,0.00,,0.00,,0.00,,0.00,,0.00,,0.00,,1.00,0.00,,0.00,0.00,0.00,2.00,1,1.00,0.00,0.00,0.00,,,,13.89,13.89,17.86,17.86,12.18,12.18,14.39,14.39,0.00,0.00
Guyana,GUY,20200224,0.00,,0.00,,0.00,,0.00,,0.00,,0.00,,0.00,,1.00,0.00,,0.00,0.00,0.00,2.00,1,1.00,0.00,0.00,0.00,,,,13.89,13.89,17.86,17.86,12.18,12.18,14.39,14.39,0.00,0.00
Guyana,GUY,20200225,0.00,,0.00,,0.00,,0.00,,0.00,,0.00,,0.00,,1.00,0.00,,0.00,0.00,0.00,2.00,1,1.00,0.00,0.00,0.00,,,,13.89,13.89,17.86,17.86,12.18,12.18,14.39,14.39,0.00,0.00
Guyana,GUY,20200226,0.00,,0.00,,0.00,,0.00,,0.00,,0.00,,0.00,,1.00,0.00,,0.00,0.00,0.00,2.00,1,1.00,0.00,0.00,0.00,,,,13.89,13.89,17.86,17.86,12.18,12.18,14.39,14.39,0.00,0.00
Guyana,GUY,20200227,0.00,,0.00,,0.00,,0.00,,0.00,,0.00,,0.00,,1.00,0.00,,0.00,0.00,0.00,2.00,1,1.00,0.00,0.00,0.00,,,,13.89,13.89,17.86,17.86,12.18,12.18,14.39,14.39,0.00,0.00
Guyana,GUY,20200228,0.00,,0.00,,0.00,,0.00,,0.00,,0.00,,0.00,,1.00,0.00,,0.00,0.00,0.00,2.00,1,1.00,0.00,0.00,0.00,,,,13.89,13.89,17.86,17.86,12.18,12.18,14.39,14.39,0.00,0.00
Guyana,GUY,20200229,0.00,,0.00,,0.00,,0.00,,0.00,,0.00,,0.00,,1.00,0.00,,0.00,0.00,0.00,2.00,1,1.00,0.00,0.00,0.00,,,,13.89,13.89,17.86,17.86,12.18,12.18,14.39,14.39,0.00,0.00
Guyana,GUY,20200301,0.00,,0.00,,0.00,,0.00,,0.00,,0.00,,0.00,,1.00,0.00,,0.00,0.00,0.00,2.00,1,1.00,0.00,0.00,0.00,,,,13.89,13.89,17.86,17.86,12.18,12.18,14.39,14.39,0.00,0.00
Guyana,GUY,20200302,0.00,,0.00,,0.00,,0.00,,0.00,,0.00,,0.00,,1.00,0.00,,0.00,0.00,0.00,2.00,1,1.00,0.00,0.00,0.00,,,,13.89,13.89,17.86,17.86,12.18,12.18,14.39,14.39,0.00,0.00
Guyana,GUY,20200303,0.00,,0.00,,0.00,,0.00,,0.00,,0.00,,0.00,,1.00,0.00,,0.00,0.00,0.00,2.00,1,1.00,0.00,0.00,0.00,,,,13.89,13.89,17.86,17.86,12.18,12.18,14.39,14.39,0.00,0.00
Guyana,GUY,20200304,0.00,,0.00,,0.00,,0.00,,0.00,,0.00,,0.00,,1.00,0.00,,0.00,0.00,0.00,2.00,1,1.00,0.00,0.00,0.00,,,,13.89,13.89,17.86,17.86,12.18,12.18,14.39,14.39,0.00,0.00
Guyana,GUY,20200305,0.00,,0.00,,0.00,,0.00,,0.00,,0.00,,0.00,,1.00,0.00,,0.00,0.00,0.00,2.00,1,1.00,0.00,0.00,0.00,,,,13.89,13.89,17.86,17.86,12.18,12.18,14.39,14.39,0.00,0.00
Guyana,GUY,20200306,0.00,,0.00,,0.00,,0.00,,0.00,,0.00,,0.00,,1.00,0.00,,0.00,0.00,0.00,2.00,1,1.00,0.00,0.00,0.00,,,,13.89,13.89,17.86,17.86,12.18,12.18,14.39,14.39,0.00,0.00
Guyana,GUY,20200307,0.00,,0.00,,0.00,,0.00,,0.00,,0.00,,0.00,,1.00,0.00,,0.00,0.00,0.00,2.00,1,1.00,0.00,0.00,0.00,,,,13.89,13.89,17.86,17.86,12.18,12.18,14.39,14.39,0.00,0.00
Guyana,GUY,20200308,0.00,,0.00,,0.00,,0.00,,0.00,,0.00,,0.00,,1.00,0.00,,0.00,0.00,0.00,2.00,1,1.00,0.00,0.00,0.00,,,,13.89,13.89,17.86,17.86,12.18,12.18,14.39,14.39,0.00,0.00
Guyana,GUY,20200309,0.00,,0.00,,0.00,,0.00,,0.00,,0.00,,0.00,,1.00,0.00,,0.00,0.00,0.00,2.00,1,1.00,0.00,0.00,0.00,,,,13.89,13.89,17.86,17.86,12.18,12.18,14.39,14.39,0.00,0.00
Guyana,GUY,20200310,0.00,,0.00,,0.00,,0.00,,0.00,,0.00,,0.00,,1.00,0.00,,0.00,0.00,0.00,2.00,1,1.00,0.00,0.00,0.00,,,,13.89,13.89,17.86,17.86,12.18,12.18,14.39,14.39,0.00,0.00
Guyana,GUY,20200311,0.00,,0.00,,1.00,1,0.00,,0.00,,0.00,,1.00,1,1.00,0.00,,0.00,0.00,0.00,2.00,1,1.00,0.00,0.00,0.00,,,,25.00,25.00,36.90,36.90,19.87,19.87,23.48,23.48,0.00,0.00
Guyana,GUY,20200312,0.00,,0.00,,1.00,1,0.00,,0.00,,0.00,,1.00,1,1.00,0.00,,0.00,0.00,0.00,2.00,1,1.00,2.00,0.00,0.00,,,,25.00,25.00,36.90,36.90,27.56,27.56,32.58,32.58,0.00,0.00
Guyana,GUY,20200313,0.00,,0.00,,1.00,1,0.00,,0.00,,0.00,,1.00,1,1.00,0.00,,0.00,0.00,0.00,2.00,1,1.00,2.00,0.00,0.00,,1,1,25.00,25.00,36.90,36.90,27.56,27.56,32.58,32.58,0.00,0.00
Guyana,GUY,20200314,0.00,,0.00,,1.00,1,0.00,,0.00,,0.00,,1.00,1,1.00,0.00,,0.00,0.00,0.00,2.00,1,1.00,2.00,0.00,0.00,,,,25.00,25.00,36.90,36.90,27.56,27.56,32.58,32.58,0.00,0.00
Guyana,GUY,20200315,0.00,,0.00,,1.00,1,0.00,,0.00,,0.00,,1.00,1,1.00,0.00,,0.00,0.00,0.00,2.00,1,1.00,2.00,0.00,0.00,,,,25.00,25.00,36.90,36.90,27.56,27.56,32.58,32.58,0.00,0.00
Guyana,GUY,20200316,3.00,1,0.00,,1.00,1,0.00,,0.00,,0.00,,1.00,1,1.00,0.00,,0.00,0.00,0.00,2.00,1,1.00,2.00,0.00,0.00,,4,1,36.11,36.11,51.19,51.19,35.26,35.26,41.67,41.67,0.00,0.00
Guyana,GUY,20200317,3.00,1,0.00,,1.00,1,0.00,,0.00,,0.00,,1.00,1,1.00,0.00,,0.00,0.00,0.00,2.00,1,1.00,2.00,0.00,0.00,,4,1,36.11,36.11,51.19,51.19,35.26,35.26,41.67,41.67,0.00,0.00
Guyana,GUY,20200318,3.00,1,0.00,,1.00,1,0.00,,0.00,,0.00,,1.00,1,3.00,0.00,,0.00,0.00,0.00,2.00,1,1.00,2.00,0.00,0.00,,4,1,41.67,41.67,58.33,58.33,39.10,39.10,46.21,46.21,0.00,0.00
Guyana,GUY,20200319,3.00,1,0.00,,1.00,1,0.00,,0.00,,0.00,,1.00,1,3.00,0.00,,0.00,0.00,0.00,2.00,1,1.00,2.00,0.00,0.00,,5,1,41.67,41.67,58.33,58.33,39.10,39.10,46.21,46.21,0.00,0.00
Guyana,GUY,20200320,3.00,1,0.00,,1.00,1,0.00,,0.00,,0.00,,1.00,1,3.00,0.00,,0.00,0.00,0.00,2.00,1,1.00,2.00,0.00,0.00,,5,1,41.67,41.67,58.33,58.33,39.10,39.10,46.21,46.21,0.00,0.00
Guyana,GUY,20200321,3.00,1,0.00,,1.00,1,0.00,,0.00,,0.00,,1.00,1,3.00,0.00,,0.00,0.00,0.00,2.00,1,1.00,2.00,0.00,0.00,,5,1,41.67,41.67,58.33,58.33,39.10,39.10,46.21,46.21,0.00,0.00
Guyana,GUY,20200322,3.00,1,0.00,,1.00,1,0.00,,0.00,,0.00,,1.00,1,3.00,0.00,,0.00,0.00,0.00,2.00,1,1.00,2.00,0.00,0.00,,5,1,41.67,41.67,58.33,58.33,39.10,39.10,46.21,46.21,0.00,0.00
Guyana,GUY,20200323,3.00,1,0.00,,1.00,1,0.00,,0.00,,0.00,,1.00,1,3.00,0.00,,0.00,0.00,0.00,2.00,1,1.00,2.00,0.00,0.00,,5,1,41.67,41.67,58.33,58.33,39.10,39.10,46.21,46.21,0.00,0.00
Guyana,GUY,20200324,3.00,1,0.00,,1.00,1,0.00,,0.00,,0.00,,1.00,1,3.00,0.00,,0.00,0.00,0.00,2.00,1,1.00,2.00,0.00,0.00,,5,1,41.67,41.67,58.33,58.33,39.10,39.10,46.21,46.21,0.00,0.00
Guyana,GUY,20200325,3.00,1,0.00,,1.00,1,0.00,,0.00,,0.00,,1.00,1,3.00,0.00,,0.00,0.00,0.00,2.00,1,1.00,2.00,0.00,0.00,,5,1,41.67,41.67,58.33,58.33,39.10,39.10,46.21,46.21,0.00,0.00
Guyana,GUY,20200326,3.00,1,0.00,,1.00,1,0.00,,0.00,,1.00,1,1.00,1,3.00,0.00,,1.00,0.00,0.00,2.00,1,1.00,2.00,0.00,0.00,,5,1,45.37,45.37,58.33,58.33,45.51,45.51,49.24,49.24,25.00,25.00
Guyana,GUY,20200327,3.00,1,0.00,,1.00,1,0.00,,0.00,,1.00,1,1.00,1,4.00,0.00,,1.00,0.00,0.00,2.00,1,1.00,2.00,0.00,0.00,,5,1,48.15,48.15,61.90,61.90,47.44,47.44,51.52,51.52,25.00,25.00
Guyana,GUY,20200328,3.00,1,3.00,0,1.00,1,0.00,,0.00,,1.00,1,1.00,1,4.00,0.00,,1.00,0.00,0.00,2.00,1,1.00,2.00,0.00,0.00,,5,1,57.41,57.41,72.62,72.62,53.85,53.85,59.09,59.09,25.00,25.00
Guyana,GUY,20200329,3.00,1,3.00,0,1.00,1,0.00,,0.00,,1.00,1,1.00,1,4.00,0.00,,1.00,0.00,0.00,2.00,1,1.00,2.00,0.00,0.00,,8,1,57.41,57.41,72.62,72.62,53.85,53.85,59.09,59.09,25.00,25.00
Guyana,GUY,20200330,3.00,1,3.00,0,1.00,1,0.00,,0.00,,1.00,1,1.00,1,4.00,0.00,,1.00,0.00,0.00,2.00,1,1.00,2.00,0.00,0.00,,8,1,57.41,57.41,72.62,72.62,53.85,53.85,59.09,59.09,25.00,25.00
Guyana,GUY,20200331,3.00,1,3.00,0,1.00,1,0.00,,0.00,,1.00,1,1.00,1,4.00,0.00,,1.00,0.00,0.00,2.00,1,1.00,2.00,0.00,0.00,,8,1,57.41,57.41,72.62,72.62,53.85,53.85,59.09,59.09,25.00,25.00
Guyana,GUY,20200401,3.00,1,3.00,0,1.00,1,0.00,,0.00,,1.00,1,1.00,1,4.00,0.00,,1.00,0.00,0.00,2.00,1,1.00,2.00,0.00,0.00,,12,2,57.41,57.41,72.62,72.62,53.85,53.85,59.09,59.09,25.00,25.00
Guyana,GUY,20200402,3.00,1,3.00,0,1.00,1,0.00,,0.00,,1.00,1,1.00,1,4.00,0.00,,1.00,0.00,0.00,2.00,1,1.00,2.00,0.00,0.00,,19,4,57.41,57.41,72.62,72.62,53.85,53.85,59.09,59.09,25.00,25.00
Guyana,GUY,20200403,3.00,1,3.00,1,2.00,1,4.00,1,0.00,,2.00,1,2.00,1,4.00,0.00,,1.00,0.00,0.00,2.00,1,1.00,2.00,0.00,0.00,,19,4,85.19,85.19,85.71,85.71,73.08,73.08,81.82,81.82,25.00,25.00
Guyana,GUY,20200404,3.00,1,3.00,1,2.00,1,4.00,1,0.00,,2.00,1,2.00,1,4.00,0.00,,1.00,0.00,0.00,2.00,1,1.00,2.00,0.00,0.00,,23,4,85.19,85.19,85.71,85.71,73.08,73.08,81.82,81.82,25.00,25.00
Guyana,GUY,20200405,3.00,1,3.00,1,2.00,1,4.00,1,0.00,,2.00,1,2.00,1,4.00,0.00,,1.00,0.00,0.00,2.00,1,1.00,2.00,0.00,0.00,,24,4,85.19,85.19,85.71,85.71,73.08,73.08,81.82,81.82,25.00,25.00
Guyana,GUY,20200406,3.00,1,3.00,1,2.00,1,4.00,1,0.00,,2.00,1,2.00,1,4.00,0.00,,1.00,0.00,0.00,2.00,1,1.00,2.00,0.00,0.00,,29,4,85.19,85.19,85.71,85.71,73.08,73.08,81.82,81.82,25.00,25.00
Guyana,GUY,20200407,3.00,1,3.00,1,2.00,1,4.00,1,0.00,,2.00,1,2.00,1,4.00,0.00,,1.00,0.00,0.00,2.00,1,1.00,2.00,0.00,0.00,,31,5,85.19,85.19,85.71,85.71,73.08,73.08,81.82,81.82,25.00,25.00
Guyana,GUY,20200408,3.00,1,3.00,1,2.00,1,4.00,1,0.00,,2.00,1,2.00,1,4.00,0.00,,1.00,0.00,0.00,2.00,1,1.00,2.00,0.00,0.00,,33,5,85.19,85.19,85.71,85.71,73.08,73.08,81.82,81.82,25.00,25.00
Guyana,GUY,20200409,3.00,1,2.00,1,2.00,1,4.00,1,1.00,1,2.00,1,2.00,1,4.00,0.00,,1.00,0.00,0.00,2.00,1,1.00,2.00,0.00,0.00,,37,6,87.04,87.04,91.67,91.67,74.36,74.36,83.33,83.33,25.00,25.00
Guyana,GUY,20200410,3.00,1,2.00,1,2.00,1,4.00,1,1.00,1,2.00,1,2.00,1,4.00,0.00,,1.00,0.00,0.00,2.00,1,1.00,2.00,0.00,0.00,,37,6,87.04,87.04,91.67,91.67,74.36,74.36,83.33,83.33,25.00,25.00
Guyana,GUY,20200411,3.00,1,2.00,1,2.00,1,4.00,1,1.00,1,2.00,1,2.00,1,4.00,0.00,,1.00,0.00,0.00,2.00,1,1.00,2.00,0.00,0.00,,40,6,87.04,87.04,91.67,91.67,74.36,74.36,83.33,83.33,25.00,25.00
Guyana,GUY,20200412,3.00,1,2.00,1,2.00,1,4.00,1,1.00,1,2.00,1,2.00,1,4.00,0.00,,1.00,0.00,0.00,2.00,1,1.00,2.00,0.00,0.00,,45,6,87.04,87.04,91.67,91.67,74.36,74.36,83.33,83.33,25.00,25.00
Guyana,GUY,20200413,3.00,1,2.00,1,2.00,1,4.00,1,1.00,1,2.00,1,2.00,1,4.00,0.00,,1.00,0.00,0.00,2.00,1,1.00,2.00,0.00,0.00,,45,6,87.04,87.04,91.67,91.67,74.36,74.36,83.33,83.33,25.00,25.00
Guyana,GUY,20200414,3.00,1,2.00,1,2.00,1,4.00,1,1.00,1,2.00,1,2.00,1,4.00,0.00,,1.00,0.00,0.00,2.00,1,1.00,2.00,0.00,0.00,,47,6,87.04,87.04,91.67,91.67,74.36,74.36,83.33,83.33,25.00,25.00
Guyana,GUY,20200415,3.00,1,2.00,1,2.00,1,4.00,1,1.00,1,2.00,1,2.00,1,4.00,0.00,,1.00,0.00,0.00,2.00,1,1.00,2.00,0.00,0.00,,48,6,87.04,87.04,91.67,91.67,74.36,74.36,83.33,83.33,25.00,25.00
Guyana,GUY,20200416,3.00,1,2.00,1,2.00,1,4.00,1,1.00,1,2.00,1,2.00,1,4.00,0.00,,1.00,0.00,0.00,2.00,1,1.00,2.00,0.00,0.00,,55,6,87.04,87.04,91.67,91.67,74.36,74.36,83.33,83.33,25.00,25.00
Guyana,GUY,20200417,3.00,1,2.00,1,2.00,1,4.00,1,1.00,1,2.00,1,2.00,1,4.00,0.00,,1.00,0.00,0.00,2.00,1,1.00,2.00,0.00,0.00,,57,6,87.04,87.04,91.67,91.67,74.36,74.36,83.33,83.33,25.00,25.00
Guyana,GUY,20200418,3.00,1,2.00,1,2.00,1,4.00,1,1.00,1,2.00,1,2.00,1,4.00,0.00,,1.00,0.00,0.00,2.00,1,1.00,2.00,0.00,0.00,,63,6,87.04,87.04,91.67,91.67,74.36,74.36,83.33,83.33,25.00,25.00
Guyana,GUY,20200419,3.00,1,2.00,1,2.00,1,4.00,1,1.00,1,2.00,1,2.00,1,4.00,0.00,,1.00,0.00,0.00,2.00,1,1.00,2.00,0.00,0.00,,63,7,87.04,87.04,91.67,91.67,74.36,74.36,83.33,83.33,25.00,25.00
Guyana,GUY,20200420,3.00,1,2.00,1,2.00,1,4.00,1,1.00,1,2.00,1,2.00,1,4.00,0.00,,1.00,0.00,0.00,2.00,1,1.00,2.00,0.00,0.00,,65,7,87.04,87.04,91.67,91.67,74.36,74.36,83.33,83.33,25.00,25.00
Guyana,GUY,20200421,3.00,1,2.00,1,2.00,1,4.00,1,1.00,1,2.00,1,2.00,1,4.00,0.00,,1.00,0.00,0.00,2.00,1,1.00,2.00,0.00,0.00,,66,7,87.04,87.04,91.67,91.67,74.36,74.36,83.33,83.33,25.00,25.00
Guyana,GUY,20200422,3.00,1,2.00,1,2.00,1,4.00,1,1.00,1,2.00,1,2.00,1,4.00,0.00,,1.00,0.00,0.00,2.00,1,1.00,2.00,0.00,0.00,,67,7,87.04,87.04,91.67,91.67,74.36,74.36,83.33,83.33,25.00,25.00
Guyana,GUY,20200423,3.00,1,2.00,1,2.00,1,4.00,1,1.00,1,2.00,1,2.00,1,4.00,0.00,,1.00,0.00,0.00,2.00,1,1.00,2.00,0.00,0.00,,67,7,87.04,87.04,91.67,91.67,74.36,74.36,83.33,83.33,25.00,25.00
Guyana,GUY,20200424,3.00,1,2.00,1,2.00,1,4.00,1,1.00,1,2.00,1,2.00,1,4.00,0.00,,1.00,0.00,0.00,2.00,1,1.00,2.00,0.00,0.00,,70,7,87.04,87.04,91.67,91.67,74.36,74.36,83.33,83.33,25.00,25.00
Guyana,GUY,20200425,3.00,1,2.00,1,2.00,1,4.00,1,1.00,1,2.00,1,2.00,1,4.00,0.00,,1.00,0.00,0.00,2.00,1,1.00,2.00,0.00,0.00,,73,8,87.04,87.04,91.67,91.67,74.36,74.36,83.33,83.33,25.00,25.00
Guyana,GUY,20200426,3.00,1,2.00,1,2.00,1,4.00,1,1.00,1,2.00,1,2.00,1,4.00,0.00,,1.00,0.00,0.00,2.00,1,1.00,2.00,0.00,0.00,,74,8,87.04,87.04,91.67,91.67,74.36,74.36,83.33,83.33,25.00,25.00
Guyana,GUY,20200427,3.00,1,2.00,1,2.00,1,4.00,1,1.00,1,2.00,1,2.00,1,4.00,0.00,,1.00,0.00,0.00,2.00,1,1.00,2.00,0.00,0.00,,74,8,87.04,87.04,91.67,91.67,74.36,74.36,83.33,83.33,25.00,25.00
Guyana,GUY,20200428,3.00,1,2.00,1,2.00,1,4.00,1,1.00,1,2.00,1,2.00,1,4.00,0.00,,1.00,0.00,0.00,2.00,1,1.00,2.00,0.00,0.00,,74,8,87.04,87.04,91.67,91.67,74.36,74.36,83.33,83.33,25.00,25.00
Guyana,GUY,20200429,3.00,1,2.00,1,2.00,1,4.00,1,1.00,1,2.00,1,2.00,1,4.00,0.00,,1.00,0.00,0.00,2.00,1,1.00,2.00,0.00,0.00,,75,8,87.04,87.04,91.67,91.67,74.36,74.36,83.33,83.33,25.00,25.00
Guyana,GUY,20200430,3.00,1,2.00,1,2.00,1,4.00,1,1.00,1,2.00,1,2.00,1,4.00,0.00,,1.00,0.00,0.00,2.00,1,1.00,2.00,0.00,0.00,,78,8,87.04,87.04,91.67,91.67,74.36,74.36,83.33,83.33,25.00,25.00
Guyana,GUY,20200501,3.00,1,2.00,1,2.00,1,4.00,1,1.00,1,2.00,1,2.00,1,4.00,0.00,,1.00,0.00,0.00,2.00,1,1.00,2.00,0.00,0.00,,82,9,87.04,87.04,91.67,91.67,74.36,74.36,83.33,83.33,25.00,25.00
Guyana,GUY,20200502,3.00,1,2.00,1,2.00,1,4.00,1,1.00,1,2.00,1,2.00,1,4.00,0.00,,1.00,0.00,0.00,2.00,1,1.00,2.00,0.00,0.00,,82,9,87.04,87.04,91.67,91.67,74.36,74.36,83.33,83.33,25.00,25.00
Guyana,GUY,20200503,3.00,1,2.00,1,2.00,1,4.00,1,1.00,1,2.00,1,2.00,1,4.00,0.00,,1.00,0.00,0.00,2.00,1,1.00,2.00,0.00,0.00,,82,9,87.04,87.04,91.67,91.67,74.36,74.36,83.33,83.33,25.00,25.00
Guyana,GUY,20200504,3.00,1,2.00,1,2.00,1,4.00,1,1.00,1,2.00,1,2.00,1,4.00,0.00,,1.00,0.00,0.00,2.00,1,1.00,2.00,0.00,0.00,,82,9,87.04,87.04,91.67,91.67,74.36,74.36,83.33,83.33,25.00,25.00
Guyana,GUY,20200505,3.00,1,2.00,1,2.00,1,4.00,1,1.00,1,2.00,1,2.00,1,4.00,0.00,,1.00,0.00,0.00,2.00,1,1.00,2.00,0.00,0.00,,92,9,87.04,87.04,91.67,91.67,74.36,74.36,83.33,83.33,25.00,25.00
Guyana,GUY,20200506,3.00,1,2.00,1,2.00,1,4.00,1,1.00,1,2.00,1,2.00,1,4.00,0.00,,1.00,0.00,0.00,2.00,1,1.00,2.00,0.00,0.00,,93,10,87.04,87.04,91.67,91.67,74.36,74.36,83.33,83.33,25.00,25.00
Guyana,GUY,20200507,3.00,1,2.00,1,2.00,1,4.00,1,1.00,1,2.00,1,2.00,1,4.00,0.00,,1.00,0.00,0.00,2.00,1,1.00,2.00,0.00,0.00,,93,10,87.04,87.04,91.67,91.67,74.36,74.36,83.33,83.33,25.00,25.00
Guyana,GUY,20200508,3.00,1,2.00,1,2.00,1,4.00,1,1.00,1,2.00,1,2.00,1,4.00,0.00,,1.00,0.00,0.00,2.00,1,1.00,2.00,0.00,0.00,,93,10,87.04,87.04,91.67,91.67,74.36,74.36,83.33,83.33,25.00,25.00
Guyana,GUY,20200509,3.00,1,2.00,1,2.00,1,4.00,1,1.00,1,2.00,1,2.00,1,4.00,0.00,,1.00,0.00,0.00,2.00,1,1.00,2.00,0.00,0.00,,94,10,87.04,87.04,91.67,91.67,74.36,74.36,83.33,83.33,25.00,25.00
Guyana,GUY,20200510,3.00,1,2.00,1,2.00,1,4.00,1,1.00,1,2.00,1,2.00,1,4.00,0.00,,1.00,0.00,0.00,2.00,1,1.00,2.00,0.00,0.00,,97,10,87.04,87.04,91.67,91.67,74.36,74.36,83.33,83.33,25.00,25.00
Guyana,GUY,20200511,3.00,1,2.00,1,2.00,1,4.00,1,1.00,1,2.00,1,2.00,1,4.00,0.00,,1.00,0.00,0.00,2.00,1,1.00,2.00,0.00,0.00,,104,10,87.04,87.04,91.67,91.67,74.36,74.36,83.33,83.33,25.00,25.00
Guyana,GUY,20200512,3.00,1,2.00,1,2.00,1,4.00,1,1.00,1,2.00,1,2.00,1,4.00,0.00,,1.00,0.00,0.00,2.00,1,1.00,2.00,0.00,0.00,,109,10,87.04,87.04,91.67,91.67,74.36,74.36,83.33,83.33,25.00,25.00
Guyana,GUY,20200513,3.00,1,2.00,1,2.00,1,4.00,1,1.00,1,2.00,1,2.00,1,4.00,0.00,,1.00,0.00,0.00,2.00,1,1.00,2.00,0.00,0.00,,113,10,87.04,87.04,91.67,91.67,74.36,74.36,83.33,83.33,25.00,25.00
Guyana,GUY,20200514,3.00,1,2.00,1,2.00,1,4.00,1,1.00,1,2.00,1,2.00,1,4.00,0.00,,1.00,0.00,0.00,2.00,1,1.00,2.00,0.00,0.00,,113,10,87.04,87.04,91.67,91.67,74.36,74.36,83.33,83.33,25.00,25.00
Guyana,GUY,20200515,3.00,1,2.00,1,2.00,1,4.00,1,1.00,1,2.00,1,2.00,1,4.00,0.00,,1.00,0.00,0.00,2.00,1,1.00,2.00,0.00,0.00,,113,10,87.04,87.04,91.67,91.67,74.36,74.36,83.33,83.33,25.00,25.00
Guyana,GUY,20200516,3.00,1,2.00,1,2.00,1,4.00,1,1.00,1,2.00,1,2.00,1,4.00,0.00,,1.00,0.00,0.00,2.00,1,1.00,2.00,0.00,0.00,,116,10,87.04,87.04,91.67,91.67,74.36,74.36,83.33,83.33,25.00,25.00
Guyana,GUY,20200517,3.00,1,2.00,1,2.00,1,4.00,1,1.00,1,2.00,1,2.00,1,4.00,0.00,,1.00,0.00,0.00,2.00,1,1.00,2.00,0.00,0.00,,117,10,87.04,87.04,91.67,91.67,74.36,74.36,83.33,83.33,25.00,25.00
Guyana,GUY,20200518,3.00,1,2.00,1,2.00,1,4.00,1,1.00,1,2.00,1,2.00,1,4.00,0.00,,1.00,0.00,0.00,2.00,1,1.00,2.00,0.00,0.00,,117,10,87.04,87.04,91.67,91.67,74.36,74.36,83.33,83.33,25.00,25.00
Guyana,GUY,20200519,3.00,1,2.00,1,2.00,1,4.00,1,1.00,1,2.00,1,2.00,1,4.00,0.00,,1.00,0.00,0.00,2.00,1,1.00,2.00,0.00,0.00,,124,10,87.04,87.04,91.67,91.67,74.36,74.36,83.33,83.33,25.00,25.00
Guyana,GUY,20200520,3.00,1,2.00,1,2.00,1,4.00,1,1.00,1,2.00,1,2.00,1,4.00,0.00,,1.00,0.00,0.00,2.00,1,1.00,2.00,0.00,0.00,,125,10,87.04,87.04,91.67,91.67,74.36,74.36,83.33,83.33,25.00,25.00
Guyana,GUY,20200521,3.00,1,2.00,1,2.00,1,4.00,1,1.00,1,2.00,1,2.00,1,4.00,0.00,,1.00,0.00,0.00,2.00,1,1.00,2.00,0.00,0.00,,125,10,87.04,87.04,91.67,91.67,74.36,74.36,83.33,83.33,25.00,25.00
Guyana,GUY,20200522,3.00,1,2.00,1,2.00,1,4.00,1,1.00,1,2.00,1,2.00,1,4.00,0.00,,1.00,0.00,0.00,2.00,1,1.00,2.00,0.00,0.00,,127,10,87.04,87.04,91.67,91.67,74.36,74.36,83.33,83.33,25.00,25.00
Guyana,GUY,20200523,3.00,1,2.00,1,2.00,1,4.00,1,1.00,1,2.00,1,2.00,1,4.00,0.00,,1.00,0.00,0.00,2.00,1,1.00,2.00,0.00,0.00,,127,10,87.04,87.04,91.67,91.67,74.36,74.36,83.33,83.33,25.00,25.00
Guyana,GUY,20200524,3.00,1,2.00,1,2.00,1,4.00,1,1.00,1,2.00,1,2.00,1,4.00,0.00,,1.00,0.00,0.00,2.00,1,1.00,2.00,0.00,0.00,,127,10,87.04,87.04,91.67,91.67,74.36,74.36,83.33,83.33,25.00,25.00
Guyana,GUY,20200525,3.00,1,2.00,1,2.00,1,4.00,1,1.00,1,2.00,1,2.00,1,4.00,0.00,,1.00,0.00,0.00,2.00,1,1.00,2.00,0.00,0.00,,135,10,87.04,87.04,91.67,91.67,74.36,74.36,83.33,83.33,25.00,25.00
Guyana,GUY,20200526,3.00,1,2.00,1,2.00,1,4.00,1,1.00,1,2.00,1,2.00,1,4.00,0.00,,1.00,0.00,0.00,2.00,1,1.00,2.00,0.00,0.00,,137,11,87.04,87.04,91.67,91.67,74.36,74.36,83.33,83.33,25.00,25.00
Guyana,GUY,20200527,3.00,1,2.00,1,2.00,1,4.00,1,1.00,1,2.00,1,2.00,1,4.00,0.00,,1.00,0.00,0.00,2.00,1,1.00,2.00,0.00,0.00,,139,11,87.04,87.04,91.67,91.67,74.36,74.36,83.33,83.33,25.00,25.00
Guyana,GUY,20200528,3.00,1,2.00,1,2.00,1,4.00,1,1.00,1,2.00,1,2.00,1,4.00,0.00,,1.00,0.00,0.00,2.00,1,1.00,2.00,0.00,0.00,,139,11,87.04,87.04,91.67,91.67,74.36,74.36,83.33,83.33,25.00,25.00
Guyana,GUY,20200529,3.00,1,2.00,1,2.00,1,4.00,1,1.00,1,2.00,1,2.00,1,4.00,0.00,,1.00,0.00,0.00,2.00,1,1.00,2.00,0.00,0.00,,150,11,87.04,87.04,91.67,91.67,74.36,74.36,83.33,83.33,25.00,25.00
Guyana,GUY,20200530,3.00,1,2.00,1,2.00,1,4.00,1,1.00,1,2.00,1,2.00,1,4.00,0.00,,1.00,0.00,0.00,2.00,1,1.00,2.00,0.00,0.00,,150,11,87.04,87.04,91.67,91.67,74.36,74.36,83.33,83.33,25.00,25.00
Guyana,GUY,20200531,3.00,1,2.00,1,2.00,1,4.00,1,1.00,1,2.00,1,2.00,1,4.00,0.00,,1.00,0.00,0.00,2.00,1,1.00,2.00,0.00,0.00,,152,12,87.04,87.04,91.67,91.67,74.36,74.36,83.33,83.33,25.00,25.00
Guyana,GUY,20200601,3.00,1,2.00,1,2.00,1,4.00,1,1.00,1,2.00,1,2.00,1,4.00,0.00,,1.00,0.00,0.00,2.00,1,1.00,2.00,0.00,0.00,,153,12,87.04,87.04,91.67,91.67,74.36,74.36,83.33,83.33,25.00,25.00
Guyana,GUY,20200602,3.00,1,2.00,1,2.00,1,4.00,1,1.00,1,2.00,1,2.00,1,4.00,0.00,,1.00,0.00,0.00,2.00,1,1.00,2.00,0.00,0.00,,153,12,87.04,87.04,91.67,91.67,74.36,74.36,83.33,83.33,25.00,25.00
Guyana,GUY,20200603,3.00,1,2.00,1,2.00,1,4.00,1,1.00,1,2.00,1,2.00,1,4.00,0.00,,1.00,0.00,0.00,2.00,1,1.00,2.00,0.00,0.00,,153,12,87.04,87.04,91.67,91.67,74.36,74.36,83.33,83.33,25.00,25.00
Guyana,GUY,20200604,3.00,1,2.00,1,2.00,1,4.00,1,1.00,1,2.00,1,2.00,1,4.00,0.00,,1.00,0.00,0.00,2.00,1,1.00,2.00,0.00,0.00,,153,12,87.04,87.04,91.67,91.67,74.36,74.36,83.33,83.33,25.00,25.00
Guyana,GUY,20200605,3.00,1,2.00,1,2.00,1,4.00,1,1.00,1,2.00,1,2.00,1,4.00,0.00,,1.00,0.00,0.00,2.00,1,1.00,2.00,0.00,0.00,,153,12,87.04,87.04,91.67,91.67,74.36,74.36,83.33,83.33,25.00,25.00
Guyana,GUY,20200606,3.00,1,2.00,1,2.00,1,4.00,1,1.00,1,2.00,1,2.00,1,4.00,0.00,,1.00,0.00,0.00,2.00,1,1.00,2.00,0.00,0.00,,153,12,87.04,87.04,91.67,91.67,74.36,74.36,83.33,83.33,25.00,25.00
Guyana,GUY,20200607,3.00,1,2.00,1,2.00,1,4.00,1,1.00,1,2.00,1,2.00,1,4.00,0.00,,1.00,0.00,0.00,2.00,1,1.00,2.00,0.00,0.00,,154,12,87.04,87.04,91.67,91.67,74.36,74.36,83.33,83.33,25.00,25.00
Guyana,GUY,20200608,2.00,1,2.00,1,2.00,1,4.00,1,1.00,1,2.00,1,2.00,1,4.00,0.00,,1.00,0.00,0.00,2.00,1,1.00,2.00,0.00,0.00,,154,12,83.33,83.33,88.10,88.10,71.79,71.79,80.30,80.30,25.00,25.00
Guyana,GUY,20200609,2.00,1,2.00,1,2.00,1,4.00,1,1.00,1,2.00,1,2.00,1,4.00,0.00,,1.00,0.00,0.00,2.00,1,1.00,2.00,0.00,0.00,,154,12,83.33,83.33,88.10,88.10,71.79,71.79,80.30,80.30,25.00,25.00
Guyana,GUY,20200610,2.00,1,2.00,1,2.00,1,4.00,1,1.00,1,2.00,1,2.00,1,4.00,0.00,,1.00,0.00,0.00,2.00,1,1.00,2.00,0.00,0.00,,156,12,83.33,83.33,88.10,88.10,71.79,71.79,80.30,80.30,25.00,25.00
Guyana,GUY,20200611,2.00,1,2.00,1,2.00,1,4.00,1,1.00,1,2.00,1,2.00,1,4.00,0.00,,1.00,0.00,0.00,2.00,1,1.00,2.00,0.00,0.00,,156,12,83.33,83.33,88.10,88.10,71.79,71.79,80.30,80.30,25.00,25.00
Guyana,GUY,20200612,2.00,1,2.00,1,2.00,1,4.00,1,1.00,1,2.00,1,2.00,1,4.00,0.00,,1.00,0.00,0.00,2.00,1,1.00,2.00,0.00,0.00,,158,12,83.33,83.33,88.10,88.10,71.79,71.79,80.30,80.30,25.00,25.00
Guyana,GUY,20200613,2.00,1,2.00,1,2.00,1,4.00,1,1.00,1,2.00,1,2.00,1,4.00,0.00,,1.00,0.00,0.00,2.00,1,1.00,2.00,0.00,0.00,,159,12,83.33,83.33,88.10,88.10,71.79,71.79,80.30,80.30,25.00,25.00
Guyana,GUY,20200614,2.00,1,2.00,1,2.00,1,4.00,1,1.00,1,2.00,1,2.00,1,4.00,0.00,,1.00,0.00,0.00,2.00,1,1.00,2.00,0.00,0.00,,159,12,83.33,83.33,88.10,88.10,71.79,71.79,80.30,80.30,25.00,25.00
Guyana,GUY,20200615,,,,,,,,,,,,,,,,,,,,,,,,,,,,159,12,,,,,,,,,,
Guyana,GUY,20200616,,,,,,,,,,,,,,,,,,,,,,,,,,,,159,12,,,,,,,,,,
Guyana,GUY,20200617,,,,,,,,,,,,,,,,,,,,,,,,,,,,171,12,,83.33,,88.10,,71.79,,80.30,,25.00
Guyana,GUY,20200618,,,,,,,,,,,,,,,,,,,,,,,,,,,,171,12,,83.33,,88.10,,71.79,,80.30,,25.00
Guyana,GUY,20200619,,,,,,,,,,,,,,,,,,,,,,,,,,,,183,12,,83.33,,88.10,,71.79,,80.30,,25.00
Guyana,GUY,20200620,,,,,,,,,,,,,,,,,,,,,,,,,,,,183,12,,83.33,,88.10,,71.79,,80.30,,25.00
Guyana,GUY,20200621,,,,,,,,,,,,,,,,,,,,,,,,,,,,183,12,,83.33,,88.10,,71.79,,80.30,,25.00
Guyana,GUY,20200622,,,,,,,,,,,,,,,,,,,,,,,,,,,,184,12,,83.33,,88.10,,71.79,,80.30,,25.00
Guyana,GUY,20200623,,,,,,,,,,,,,,,,,,,,,,,,,,,,205,12,,83.33,,88.10,,71.79,,80.30,,25.00
