Georgia,GEO,20200101,0.00,,0.00,,0.00,,0.00,,0.00,,0.00,,0.00,,0.00,0.00,,0.00,0.00,0.00,0.00,,0.00,0.00,0.00,0.00,,0,0,0.00,0.00,0.00,0.00,0.00,0.00,0.00,0.00,0.00,0.00
Georgia,GEO,20200102,0.00,,0.00,,0.00,,0.00,,0.00,,0.00,,0.00,,0.00,0.00,,0.00,0.00,0.00,0.00,,0.00,0.00,0.00,0.00,,0,0,0.00,0.00,0.00,0.00,0.00,0.00,0.00,0.00,0.00,0.00
Georgia,GEO,20200103,0.00,,0.00,,0.00,,0.00,,0.00,,0.00,,0.00,,0.00,0.00,,0.00,0.00,0.00,0.00,,0.00,0.00,0.00,0.00,,0,0,0.00,0.00,0.00,0.00,0.00,0.00,0.00,0.00,0.00,0.00
Georgia,GEO,20200104,0.00,,0.00,,0.00,,0.00,,0.00,,0.00,,0.00,,0.00,0.00,,0.00,0.00,0.00,0.00,,0.00,0.00,0.00,0.00,,0,0,0.00,0.00,0.00,0.00,0.00,0.00,0.00,0.00,0.00,0.00
Georgia,GEO,20200105,0.00,,0.00,,0.00,,0.00,,0.00,,0.00,,0.00,,0.00,0.00,,0.00,0.00,0.00,0.00,,0.00,0.00,0.00,0.00,,0,0,0.00,0.00,0.00,0.00,0.00,0.00,0.00,0.00,0.00,0.00
Georgia,GEO,20200106,0.00,,0.00,,0.00,,0.00,,0.00,,0.00,,0.00,,0.00,0.00,,0.00,0.00,0.00,0.00,,0.00,0.00,0.00,0.00,,0,0,0.00,0.00,0.00,0.00,0.00,0.00,0.00,0.00,0.00,0.00
Georgia,GEO,20200107,0.00,,0.00,,0.00,,0.00,,0.00,,0.00,,0.00,,0.00,0.00,,0.00,0.00,0.00,0.00,,0.00,0.00,0.00,0.00,,0,0,0.00,0.00,0.00,0.00,0.00,0.00,0.00,0.00,0.00,0.00
Georgia,GEO,20200108,0.00,,0.00,,0.00,,0.00,,0.00,,0.00,,0.00,,0.00,0.00,,0.00,0.00,0.00,0.00,,0.00,0.00,0.00,0.00,,0,0,0.00,0.00,0.00,0.00,0.00,0.00,0.00,0.00,0.00,0.00
Georgia,GEO,20200109,0.00,,0.00,,0.00,,0.00,,0.00,,0.00,,0.00,,0.00,0.00,,0.00,0.00,0.00,0.00,,0.00,0.00,0.00,0.00,,0,0,0.00,0.00,0.00,0.00,0.00,0.00,0.00,0.00,0.00,0.00
Georgia,GEO,20200110,0.00,,0.00,,0.00,,0.00,,0.00,,0.00,,0.00,,0.00,0.00,,0.00,0.00,0.00,0.00,,0.00,0.00,0.00,0.00,,0,0,0.00,0.00,0.00,0.00,0.00,0.00,0.00,0.00,0.00,0.00
Georgia,GEO,20200111,0.00,,0.00,,0.00,,0.00,,0.00,,0.00,,0.00,,0.00,0.00,,0.00,0.00,0.00,0.00,,0.00,0.00,0.00,0.00,,0,0,0.00,0.00,0.00,0.00,0.00,0.00,0.00,0.00,0.00,0.00
Georgia,GEO,20200112,0.00,,0.00,,0.00,,0.00,,0.00,,0.00,,0.00,,0.00,0.00,,0.00,0.00,0.00,0.00,,0.00,0.00,0.00,0.00,,0,0,0.00,0.00,0.00,0.00,0.00,0.00,0.00,0.00,0.00,0.00
Georgia,GEO,20200113,0.00,,0.00,,0.00,,0.00,,0.00,,0.00,,0.00,,0.00,0.00,,0.00,0.00,0.00,0.00,,0.00,0.00,0.00,0.00,,0,0,0.00,0.00,0.00,0.00,0.00,0.00,0.00,0.00,0.00,0.00
Georgia,GEO,20200114,0.00,,0.00,,0.00,,0.00,,0.00,,0.00,,0.00,,0.00,0.00,,0.00,0.00,0.00,0.00,,0.00,0.00,0.00,0.00,,0,0,0.00,0.00,0.00,0.00,0.00,0.00,0.00,0.00,0.00,0.00
Georgia,GEO,20200115,0.00,,0.00,,0.00,,0.00,,0.00,,0.00,,0.00,,0.00,0.00,,0.00,0.00,0.00,0.00,,0.00,0.00,0.00,0.00,,0,0,0.00,0.00,0.00,0.00,0.00,0.00,0.00,0.00,0.00,0.00
Georgia,GEO,20200116,0.00,,0.00,,0.00,,0.00,,0.00,,0.00,,0.00,,0.00,0.00,,0.00,0.00,0.00,0.00,,0.00,0.00,0.00,0.00,,0,0,0.00,0.00,0.00,0.00,0.00,0.00,0.00,0.00,0.00,0.00
Georgia,GEO,20200117,0.00,,0.00,,0.00,,0.00,,0.00,,0.00,,0.00,,0.00,0.00,,0.00,0.00,0.00,0.00,,0.00,0.00,0.00,0.00,,0,0,0.00,0.00,0.00,0.00,0.00,0.00,0.00,0.00,0.00,0.00
Georgia,GEO,20200118,0.00,,0.00,,0.00,,0.00,,0.00,,0.00,,0.00,,0.00,0.00,,0.00,0.00,0.00,0.00,,0.00,0.00,0.00,0.00,,0,0,0.00,0.00,0.00,0.00,0.00,0.00,0.00,0.00,0.00,0.00
Georgia,GEO,20200119,0.00,,0.00,,0.00,,0.00,,0.00,,0.00,,0.00,,0.00,0.00,,0.00,0.00,0.00,0.00,,0.00,0.00,0.00,0.00,,0,0,0.00,0.00,0.00,0.00,0.00,0.00,0.00,0.00,0.00,0.00
Georgia,GEO,20200120,0.00,,0.00,,0.00,,0.00,,0.00,,0.00,,0.00,,0.00,0.00,,0.00,0.00,0.00,0.00,,0.00,0.00,0.00,0.00,,0,0,0.00,0.00,0.00,0.00,0.00,0.00,0.00,0.00,0.00,0.00
Georgia,GEO,20200121,0.00,,0.00,,0.00,,0.00,,0.00,,0.00,,0.00,,0.00,0.00,,0.00,0.00,0.00,0.00,,0.00,0.00,0.00,0.00,,0,0,0.00,0.00,0.00,0.00,0.00,0.00,0.00,0.00,0.00,0.00
Georgia,GEO,20200122,0.00,,0.00,,0.00,,0.00,,0.00,,0.00,,0.00,,0.00,0.00,,0.00,0.00,0.00,0.00,,0.00,0.00,0.00,0.00,,0,0,0.00,0.00,0.00,0.00,0.00,0.00,0.00,0.00,0.00,0.00
Georgia,GEO,20200123,0.00,,0.00,,0.00,,0.00,,0.00,,0.00,,0.00,,0.00,0.00,,0.00,0.00,0.00,0.00,,0.00,0.00,0.00,0.00,,0,0,0.00,0.00,0.00,0.00,0.00,0.00,0.00,0.00,0.00,0.00
Georgia,GEO,20200124,0.00,,0.00,,0.00,,0.00,,0.00,,0.00,,0.00,,0.00,0.00,,0.00,0.00,0.00,0.00,,0.00,0.00,0.00,0.00,,0,0,0.00,0.00,0.00,0.00,0.00,0.00,0.00,0.00,0.00,0.00
Georgia,GEO,20200125,0.00,,0.00,,0.00,,0.00,,0.00,,0.00,,0.00,,0.00,0.00,,0.00,0.00,0.00,0.00,,0.00,0.00,0.00,0.00,,0,0,0.00,0.00,0.00,0.00,0.00,0.00,0.00,0.00,0.00,0.00
Georgia,GEO,20200126,0.00,,0.00,,0.00,,0.00,,0.00,,0.00,,0.00,,0.00,0.00,,0.00,0.00,0.00,0.00,,0.00,0.00,0.00,0.00,,0,0,0.00,0.00,0.00,0.00,0.00,0.00,0.00,0.00,0.00,0.00
Georgia,GEO,20200127,0.00,,0.00,,0.00,,0.00,,0.00,,0.00,,0.00,,0.00,0.00,,0.00,0.00,0.00,0.00,,0.00,0.00,0.00,0.00,,0,0,0.00,0.00,0.00,0.00,0.00,0.00,0.00,0.00,0.00,0.00
Georgia,GEO,20200128,0.00,,0.00,,0.00,,0.00,,0.00,,0.00,,0.00,,3.00,0.00,,0.00,0.00,0.00,0.00,,0.00,0.00,0.00,0.00,,0,0,8.33,8.33,10.71,10.71,5.77,5.77,6.82,6.82,0.00,0.00
Georgia,GEO,20200129,0.00,,0.00,,0.00,,0.00,,0.00,,0.00,,0.00,,3.00,0.00,,0.00,0.00,0.00,2.00,1,0.00,0.00,0.00,0.00,,0,0,19.44,19.44,25.00,25.00,13.46,13.46,15.91,15.91,0.00,0.00
Georgia,GEO,20200130,0.00,,0.00,,0.00,,0.00,,0.00,,0.00,,0.00,,3.00,0.00,,0.00,0.00,0.00,2.00,1,0.00,0.00,0.00,0.00,,0,0,19.44,19.44,25.00,25.00,13.46,13.46,15.91,15.91,0.00,0.00
Georgia,GEO,20200131,0.00,,0.00,,0.00,,0.00,,0.00,,0.00,,0.00,,3.00,0.00,,0.00,0.00,0.00,2.00,1,0.00,0.00,0.00,0.00,,0,0,19.44,19.44,25.00,25.00,13.46,13.46,15.91,15.91,0.00,0.00
Georgia,GEO,20200201,0.00,,0.00,,0.00,,0.00,,0.00,,0.00,,0.00,,3.00,0.00,,0.00,0.00,0.00,2.00,1,0.00,0.00,0.00,0.00,,0,0,19.44,19.44,25.00,25.00,13.46,13.46,15.91,15.91,0.00,0.00
Georgia,GEO,20200202,0.00,,0.00,,0.00,,0.00,,0.00,,0.00,,0.00,,3.00,0.00,,0.00,0.00,0.00,2.00,1,0.00,0.00,0.00,0.00,,0,0,19.44,19.44,25.00,25.00,13.46,13.46,15.91,15.91,0.00,0.00
Georgia,GEO,20200203,0.00,,0.00,,0.00,,0.00,,0.00,,0.00,,0.00,,3.00,0.00,,0.00,0.00,0.00,2.00,1,0.00,0.00,0.00,0.00,,0,0,19.44,19.44,25.00,25.00,13.46,13.46,15.91,15.91,0.00,0.00
Georgia,GEO,20200204,0.00,,0.00,,0.00,,0.00,,0.00,,0.00,,0.00,,3.00,0.00,,0.00,0.00,0.00,2.00,1,0.00,0.00,0.00,0.00,,0,0,19.44,19.44,25.00,25.00,13.46,13.46,15.91,15.91,0.00,0.00
Georgia,GEO,20200205,0.00,,0.00,,0.00,,0.00,,0.00,,0.00,,0.00,,3.00,0.00,,0.00,0.00,0.00,2.00,1,0.00,0.00,0.00,0.00,,0,0,19.44,19.44,25.00,25.00,13.46,13.46,15.91,15.91,0.00,0.00
Georgia,GEO,20200206,0.00,,0.00,,0.00,,0.00,,0.00,,0.00,,0.00,,3.00,0.00,,0.00,0.00,0.00,2.00,1,0.00,0.00,0.00,0.00,,0,0,19.44,19.44,25.00,25.00,13.46,13.46,15.91,15.91,0.00,0.00
Georgia,GEO,20200207,0.00,,0.00,,0.00,,0.00,,0.00,,0.00,,0.00,,3.00,0.00,,0.00,0.00,0.00,2.00,1,0.00,0.00,0.00,0.00,,0,0,19.44,19.44,25.00,25.00,13.46,13.46,15.91,15.91,0.00,0.00
Georgia,GEO,20200208,0.00,,0.00,,0.00,,0.00,,0.00,,0.00,,0.00,,3.00,0.00,,0.00,0.00,0.00,2.00,1,0.00,0.00,0.00,0.00,,0,0,19.44,19.44,25.00,25.00,13.46,13.46,15.91,15.91,0.00,0.00
Georgia,GEO,20200209,0.00,,0.00,,0.00,,0.00,,0.00,,0.00,,0.00,,3.00,0.00,,0.00,0.00,0.00,2.00,1,0.00,0.00,0.00,0.00,,0,0,19.44,19.44,25.00,25.00,13.46,13.46,15.91,15.91,0.00,0.00
Georgia,GEO,20200210,0.00,,0.00,,0.00,,0.00,,0.00,,0.00,,0.00,,3.00,0.00,,0.00,0.00,0.00,2.00,1,0.00,0.00,0.00,0.00,,0,0,19.44,19.44,25.00,25.00,13.46,13.46,15.91,15.91,0.00,0.00
Georgia,GEO,20200211,0.00,,0.00,,0.00,,0.00,,0.00,,0.00,,0.00,,3.00,0.00,,0.00,0.00,0.00,2.00,1,0.00,0.00,0.00,0.00,,0,0,19.44,19.44,25.00,25.00,13.46,13.46,15.91,15.91,0.00,0.00
Georgia,GEO,20200212,0.00,,0.00,,0.00,,0.00,,0.00,,0.00,,0.00,,3.00,0.00,,0.00,0.00,0.00,2.00,1,0.00,0.00,0.00,0.00,,0,0,19.44,19.44,25.00,25.00,13.46,13.46,15.91,15.91,0.00,0.00
Georgia,GEO,20200213,0.00,,0.00,,0.00,,0.00,,0.00,,0.00,,0.00,,3.00,0.00,,0.00,0.00,0.00,2.00,1,0.00,0.00,0.00,0.00,,0,0,19.44,19.44,25.00,25.00,13.46,13.46,15.91,15.91,0.00,0.00
Georgia,GEO,20200214,0.00,,0.00,,0.00,,0.00,,0.00,,0.00,,0.00,,3.00,0.00,,0.00,0.00,0.00,2.00,1,0.00,0.00,0.00,0.00,,0,0,19.44,19.44,25.00,25.00,13.46,13.46,15.91,15.91,0.00,0.00
Georgia,GEO,20200215,0.00,,0.00,,0.00,,0.00,,0.00,,0.00,,0.00,,3.00,0.00,,0.00,0.00,0.00,2.00,1,0.00,0.00,0.00,0.00,,0,0,19.44,19.44,25.00,25.00,13.46,13.46,15.91,15.91,0.00,0.00
Georgia,GEO,20200216,0.00,,0.00,,0.00,,0.00,,0.00,,0.00,,0.00,,3.00,0.00,,0.00,0.00,0.00,2.00,1,0.00,0.00,0.00,0.00,,0,0,19.44,19.44,25.00,25.00,13.46,13.46,15.91,15.91,0.00,0.00
Georgia,GEO,20200217,0.00,,0.00,,0.00,,0.00,,0.00,,0.00,,0.00,,3.00,0.00,,0.00,0.00,0.00,2.00,1,0.00,0.00,0.00,0.00,,0,0,19.44,19.44,25.00,25.00,13.46,13.46,15.91,15.91,0.00,0.00
Georgia,GEO,20200218,0.00,,0.00,,0.00,,0.00,,0.00,,0.00,,0.00,,3.00,0.00,,0.00,0.00,0.00,2.00,1,0.00,0.00,0.00,0.00,,0,0,19.44,19.44,25.00,25.00,13.46,13.46,15.91,15.91,0.00,0.00
Georgia,GEO,20200219,0.00,,0.00,,0.00,,0.00,,0.00,,0.00,,0.00,,3.00,0.00,,0.00,0.00,0.00,2.00,1,0.00,0.00,0.00,0.00,,0,0,19.44,19.44,25.00,25.00,13.46,13.46,15.91,15.91,0.00,0.00
Georgia,GEO,20200220,0.00,,0.00,,0.00,,0.00,,0.00,,0.00,,0.00,,3.00,0.00,,0.00,0.00,0.00,2.00,1,0.00,0.00,0.00,0.00,,0,0,19.44,19.44,25.00,25.00,13.46,13.46,15.91,15.91,0.00,0.00
Georgia,GEO,20200221,0.00,,0.00,,0.00,,0.00,,0.00,,0.00,,0.00,,3.00,0.00,,0.00,0.00,0.00,2.00,1,0.00,0.00,0.00,0.00,,0,0,19.44,19.44,25.00,25.00,13.46,13.46,15.91,15.91,0.00,0.00
Georgia,GEO,20200222,0.00,,0.00,,0.00,,0.00,,0.00,,0.00,,0.00,,3.00,0.00,,0.00,0.00,0.00,2.00,1,0.00,0.00,0.00,0.00,,0,0,19.44,19.44,25.00,25.00,13.46,13.46,15.91,15.91,0.00,0.00
Georgia,GEO,20200223,0.00,,0.00,,0.00,,0.00,,0.00,,0.00,,0.00,,3.00,0.00,,0.00,0.00,0.00,2.00,1,0.00,0.00,0.00,0.00,,0,0,19.44,19.44,25.00,25.00,13.46,13.46,15.91,15.91,0.00,0.00
Georgia,GEO,20200224,0.00,,0.00,,0.00,,0.00,,0.00,,0.00,,0.00,,3.00,0.00,,0.00,0.00,0.00,2.00,1,0.00,0.00,0.00,0.00,,0,0,19.44,19.44,25.00,25.00,13.46,13.46,15.91,15.91,0.00,0.00
Georgia,GEO,20200225,0.00,,0.00,,0.00,,0.00,,0.00,,0.00,,0.00,,3.00,0.00,,0.00,0.00,0.00,2.00,1,0.00,0.00,0.00,0.00,,0,0,19.44,19.44,25.00,25.00,13.46,13.46,15.91,15.91,0.00,0.00
Georgia,GEO,20200226,0.00,,0.00,,0.00,,0.00,,0.00,,0.00,,0.00,,3.00,0.00,,0.00,0.00,0.00,2.00,1,1.00,2.00,0.00,0.00,,0,0,19.44,19.44,25.00,25.00,23.72,23.72,28.03,28.03,0.00,0.00
Georgia,GEO,20200227,0.00,,0.00,,0.00,,0.00,,0.00,,0.00,,0.00,,3.00,0.00,,0.00,0.00,0.00,2.00,1,1.00,2.00,0.00,0.00,,1,0,19.44,19.44,25.00,25.00,23.72,23.72,28.03,28.03,0.00,0.00
Georgia,GEO,20200228,0.00,,0.00,,0.00,,0.00,,0.00,,0.00,,0.00,,3.00,0.00,,0.00,0.00,0.00,2.00,1,1.00,2.00,0.00,0.00,,1,0,19.44,19.44,25.00,25.00,23.72,23.72,28.03,28.03,0.00,0.00
Georgia,GEO,20200229,0.00,,0.00,,0.00,,0.00,,0.00,,0.00,,0.00,,3.00,0.00,,0.00,0.00,0.00,2.00,1,1.00,2.00,0.00,0.00,,2,0,19.44,19.44,25.00,25.00,23.72,23.72,28.03,28.03,0.00,0.00
Georgia,GEO,20200301,0.00,,0.00,,2.00,1,0.00,,0.00,,0.00,,0.00,,3.00,0.00,,0.00,0.00,0.00,2.00,1,1.00,2.00,0.00,0.00,,3,0,30.56,30.56,39.29,39.29,31.41,31.41,37.12,37.12,0.00,0.00
Georgia,GEO,20200302,3.00,1,0.00,,2.00,1,0.00,,0.00,,0.00,,0.00,,3.00,0.00,,0.00,0.00,0.00,2.00,1,1.00,2.00,0.00,0.00,,3,0,41.67,41.67,53.57,53.57,39.10,39.10,46.21,46.21,0.00,0.00
Georgia,GEO,20200303,3.00,1,0.00,,2.00,1,0.00,,0.00,,0.00,,0.00,,3.00,0.00,,0.00,0.00,0.00,2.00,1,1.00,2.00,0.00,0.00,,,,41.67,41.67,53.57,53.57,39.10,39.10,46.21,46.21,0.00,0.00
Georgia,GEO,20200304,3.00,1,0.00,,2.00,1,0.00,,0.00,,0.00,,0.00,,3.00,0.00,,0.00,0.00,0.00,2.00,1,1.00,2.00,0.00,0.00,,,,41.67,41.67,53.57,53.57,39.10,39.10,46.21,46.21,0.00,0.00
Georgia,GEO,20200305,3.00,1,0.00,,2.00,1,0.00,,0.00,,0.00,,0.00,,3.00,0.00,,0.00,0.00,0.00,2.00,1,1.00,2.00,0.00,0.00,,3,0,41.67,41.67,53.57,53.57,39.10,39.10,46.21,46.21,0.00,0.00
Georgia,GEO,20200306,3.00,1,0.00,,2.00,1,0.00,,0.00,,0.00,,0.00,,3.00,0.00,,0.00,0.00,0.00,2.00,1,1.00,2.00,0.00,0.00,,9,0,41.67,41.67,53.57,53.57,39.10,39.10,46.21,46.21,0.00,0.00
Georgia,GEO,20200307,3.00,1,0.00,,2.00,1,0.00,,0.00,,0.00,,0.00,,3.00,0.00,,0.00,0.00,0.00,2.00,1,1.00,2.00,0.00,0.00,,,,41.67,41.67,53.57,53.57,39.10,39.10,46.21,46.21,0.00,0.00
Georgia,GEO,20200308,3.00,1,0.00,,2.00,1,0.00,,0.00,,0.00,,0.00,,3.00,0.00,,0.00,0.00,0.00,2.00,1,1.00,2.00,0.00,0.00,,12,0,41.67,41.67,53.57,53.57,39.10,39.10,46.21,46.21,0.00,0.00
Georgia,GEO,20200309,3.00,1,0.00,,2.00,1,0.00,,0.00,,1.00,1,0.00,,3.00,0.00,,0.00,0.00,0.00,2.00,1,1.00,2.00,0.00,0.00,,13,0,45.37,45.37,60.71,60.71,41.67,41.67,49.24,49.24,0.00,0.00
Georgia,GEO,20200310,3.00,1,0.00,,2.00,1,0.00,,0.00,,1.00,1,0.00,,3.00,0.00,,0.00,0.00,0.00,2.00,1,1.00,2.00,0.00,0.00,,15,0,45.37,45.37,60.71,60.71,41.67,41.67,49.24,49.24,0.00,0.00
Georgia,GEO,20200311,3.00,1,0.00,,2.00,1,0.00,,0.00,,1.00,1,0.00,,3.00,0.00,,0.00,0.00,0.00,2.00,1,1.00,2.00,0.00,0.00,,23,0,45.37,45.37,60.71,60.71,41.67,41.67,49.24,49.24,0.00,0.00
Georgia,GEO,20200312,3.00,1,0.00,,2.00,1,0.00,,0.00,,1.00,1,0.00,,3.00,0.00,,0.00,0.00,0.00,2.00,1,1.00,2.00,0.00,0.00,,24,0,45.37,45.37,60.71,60.71,41.67,41.67,49.24,49.24,0.00,0.00
Georgia,GEO,20200313,3.00,1,0.00,,2.00,1,0.00,,0.00,,1.00,1,0.00,,3.00,0.00,,0.00,310842958.00,0.00,2.00,1,1.00,2.00,0.00,0.00,,25,0,45.37,45.37,60.71,60.71,41.67,41.67,49.24,49.24,0.00,0.00
Georgia,GEO,20200314,3.00,1,2.00,1,2.00,1,0.00,,0.00,,1.00,1,0.00,,3.00,0.00,,0.00,0.00,0.00,2.00,1,1.00,2.00,0.00,0.00,,30,0,52.78,52.78,71.43,71.43,46.79,46.79,55.30,55.30,0.00,0.00
Georgia,GEO,20200315,3.00,1,2.00,1,2.00,1,0.00,,0.00,,1.00,1,0.00,,3.00,0.00,,0.00,0.00,0.00,2.00,1,1.00,2.00,0.00,0.00,,30,0,52.78,52.78,71.43,71.43,46.79,46.79,55.30,55.30,0.00,0.00
Georgia,GEO,20200316,3.00,1,2.00,1,2.00,1,0.00,,0.00,,1.00,1,0.00,,3.00,0.00,,0.00,0.00,0.00,2.00,1,1.00,2.00,0.00,0.00,,30,0,52.78,52.78,71.43,71.43,46.79,46.79,55.30,55.30,0.00,0.00
Georgia,GEO,20200317,3.00,1,2.00,1,2.00,1,0.00,,0.00,,1.00,1,0.00,,3.00,0.00,,0.00,0.00,0.00,2.00,1,1.00,2.00,0.00,0.00,,33,0,52.78,52.78,71.43,71.43,46.79,46.79,55.30,55.30,0.00,0.00
Georgia,GEO,20200318,3.00,1,2.00,1,2.00,1,0.00,,0.00,,1.00,1,0.00,,4.00,0.00,,0.00,0.00,0.00,2.00,1,1.00,2.00,0.00,0.00,,34,0,55.56,55.56,75.00,75.00,48.72,48.72,57.58,57.58,0.00,0.00
Georgia,GEO,20200319,3.00,1,3.00,1,2.00,1,0.00,,0.00,,1.00,1,0.00,,4.00,0.00,,0.00,0.00,0.00,2.00,1,1.00,2.00,0.00,0.00,,34,0,59.26,59.26,78.57,78.57,51.28,51.28,60.61,60.61,0.00,0.00
Georgia,GEO,20200320,3.00,1,3.00,1,2.00,1,0.00,,0.00,,1.00,1,0.00,,4.00,0.00,,0.00,0.00,0.00,2.00,1,1.00,2.00,0.00,0.00,,40,0,59.26,59.26,78.57,78.57,51.28,51.28,60.61,60.61,0.00,0.00
Georgia,GEO,20200321,3.00,1,3.00,1,2.00,1,4.00,1,0.00,,1.00,1,0.00,,4.00,0.00,,0.00,0.00,0.00,2.00,1,1.00,2.00,0.00,0.00,,43,0,70.37,70.37,78.57,78.57,58.97,58.97,69.70,69.70,0.00,0.00
Georgia,GEO,20200322,3.00,1,3.00,1,2.00,1,4.00,1,0.00,,1.00,1,2.00,0,4.00,0.00,,0.00,0.00,0.00,2.00,1,1.00,2.00,0.00,0.00,,49,0,78.70,78.70,80.95,80.95,64.74,64.74,76.52,76.52,0.00,0.00
Georgia,GEO,20200323,3.00,1,3.00,1,2.00,1,4.00,1,2.00,0,2.00,0,2.00,0,4.00,0.00,,0.00,0.00,0.00,2.00,1,1.00,2.00,0.00,0.00,,54,0,88.89,88.89,90.48,90.48,71.79,71.79,84.85,84.85,0.00,0.00
Georgia,GEO,20200324,3.00,1,3.00,1,2.00,1,4.00,1,2.00,0,2.00,0,2.00,0,4.00,0.00,,0.00,0.00,0.00,2.00,1,1.00,2.00,0.00,0.00,,61,0,88.89,88.89,90.48,90.48,71.79,71.79,84.85,84.85,0.00,0.00
Georgia,GEO,20200325,3.00,1,3.00,1,2.00,1,4.00,1,2.00,0,2.00,0,2.00,0,4.00,0.00,,0.00,0.00,0.00,2.00,1,1.00,2.00,0.00,0.00,,70,0,88.89,88.89,90.48,90.48,71.79,71.79,84.85,84.85,0.00,0.00
Georgia,GEO,20200326,3.00,1,3.00,1,2.00,1,4.00,1,2.00,0,2.00,1,2.00,0,4.00,0.00,,0.00,0.00,0.00,2.00,1,1.00,2.00,0.00,0.00,,73,0,90.74,90.74,91.67,91.67,73.08,73.08,86.36,86.36,0.00,0.00
Georgia,GEO,20200327,3.00,1,3.00,1,2.00,1,4.00,1,2.00,0,2.00,1,2.00,0,4.00,0.00,,0.00,0.00,0.00,2.00,1,1.00,2.00,0.00,0.00,,79,0,90.74,90.74,91.67,91.67,73.08,73.08,86.36,86.36,0.00,0.00
Georgia,GEO,20200328,3.00,1,3.00,1,2.00,1,4.00,1,2.00,0,2.00,1,2.00,0,4.00,0.00,,0.00,0.00,0.00,2.00,1,1.00,2.00,0.00,0.00,,81,0,90.74,90.74,91.67,91.67,73.08,73.08,86.36,86.36,0.00,0.00
Georgia,GEO,20200329,3.00,1,3.00,1,2.00,1,4.00,1,2.00,0,2.00,1,2.00,0,4.00,0.00,,0.00,0.00,0.00,2.00,1,1.00,2.00,0.00,0.00,,85,0,90.74,90.74,91.67,91.67,73.08,73.08,86.36,86.36,0.00,0.00
Georgia,GEO,20200330,3.00,1,3.00,1,2.00,1,4.00,1,2.00,0,2.00,1,2.00,0,4.00,0.00,,0.00,0.00,0.00,2.00,1,1.00,2.00,0.00,0.00,,90,0,90.74,90.74,91.67,91.67,73.08,73.08,86.36,86.36,0.00,0.00
Georgia,GEO,20200331,3.00,1,3.00,1,2.00,1,4.00,1,2.00,1,3.00,1,2.00,1,4.00,0.00,,0.00,0.00,0.00,2.00,1,1.00,2.00,0.00,0.00,,98,0,100.00,100.00,100.00,100.00,79.49,79.49,93.94,93.94,0.00,0.00
Georgia,GEO,20200401,3.00,1,3.00,1,2.00,1,4.00,1,2.00,1,3.00,1,2.00,1,4.00,0.00,,0.00,622905958.00,0.00,2.00,1,2.00,2.00,109319946.00,0.00,,110,0,100.00,100.00,100.00,100.00,82.05,82.05,96.97,96.97,0.00,0.00
Georgia,GEO,20200402,3.00,1,3.00,1,2.00,1,4.00,1,2.00,1,3.00,1,2.00,1,4.00,0.00,,0.00,0.00,0.00,2.00,1,2.00,2.00,0.00,0.00,,115,0,100.00,100.00,100.00,100.00,82.05,82.05,96.97,96.97,0.00,0.00
Georgia,GEO,20200403,3.00,1,3.00,1,2.00,1,4.00,1,2.00,1,3.00,1,2.00,1,4.00,0.00,,0.00,0.00,0.00,2.00,1,2.00,2.00,0.00,0.00,,121,0,100.00,100.00,100.00,100.00,82.05,82.05,96.97,96.97,0.00,0.00
Georgia,GEO,20200404,3.00,1,3.00,1,2.00,1,4.00,1,2.00,1,3.00,1,2.00,1,4.00,0.00,,0.00,0.00,0.00,2.00,1,2.00,2.00,0.00,0.00,,148,0,100.00,100.00,100.00,100.00,82.05,82.05,96.97,96.97,0.00,0.00
Georgia,GEO,20200405,3.00,1,3.00,1,2.00,1,4.00,1,2.00,1,3.00,1,2.00,1,4.00,0.00,,0.00,0.00,0.00,2.00,1,2.00,2.00,0.00,0.00,,157,0,100.00,100.00,100.00,100.00,82.05,82.05,96.97,96.97,0.00,0.00
Georgia,GEO,20200406,3.00,1,3.00,1,2.00,1,4.00,1,2.00,1,3.00,1,2.00,1,4.00,0.00,,0.00,0.00,0.00,2.00,1,2.00,2.00,0.00,0.00,,174,2,100.00,100.00,100.00,100.00,82.05,82.05,96.97,96.97,0.00,0.00
Georgia,GEO,20200407,3.00,1,3.00,1,2.00,1,4.00,1,2.00,1,3.00,1,2.00,1,4.00,0.00,,0.00,0.00,0.00,2.00,1,2.00,2.00,0.00,0.00,,188,2,100.00,100.00,100.00,100.00,82.05,82.05,96.97,96.97,0.00,0.00
Georgia,GEO,20200408,3.00,1,3.00,1,2.00,1,4.00,1,2.00,1,3.00,1,2.00,1,4.00,0.00,,0.00,0.00,0.00,2.00,1,2.00,2.00,0.00,0.00,,196,3,100.00,100.00,100.00,100.00,82.05,82.05,96.97,96.97,0.00,0.00
Georgia,GEO,20200409,3.00,1,3.00,1,2.00,1,4.00,1,2.00,1,3.00,1,2.00,1,4.00,0.00,,0.00,0.00,0.00,2.00,1,2.00,2.00,0.00,0.00,,211,3,100.00,100.00,100.00,100.00,82.05,82.05,96.97,96.97,0.00,0.00
Georgia,GEO,20200410,3.00,1,3.00,1,2.00,1,4.00,1,2.00,1,3.00,1,2.00,1,4.00,0.00,,0.00,0.00,0.00,2.00,1,2.00,2.00,0.00,0.00,,218,3,100.00,100.00,100.00,100.00,82.05,82.05,96.97,96.97,0.00,0.00
Georgia,GEO,20200411,3.00,1,3.00,1,2.00,1,4.00,1,2.00,1,3.00,1,2.00,1,4.00,0.00,,0.00,0.00,0.00,2.00,1,2.00,2.00,0.00,0.00,,234,3,100.00,100.00,100.00,100.00,82.05,82.05,96.97,96.97,0.00,0.00
Georgia,GEO,20200412,3.00,1,3.00,1,2.00,1,4.00,1,2.00,1,3.00,1,2.00,1,4.00,0.00,,0.00,0.00,0.00,2.00,1,2.00,2.00,0.00,0.00,,242,3,100.00,100.00,100.00,100.00,82.05,82.05,96.97,96.97,0.00,0.00
Georgia,GEO,20200413,3.00,1,3.00,1,2.00,1,4.00,1,2.00,1,3.00,1,2.00,1,4.00,0.00,,0.00,0.00,0.00,2.00,1,2.00,2.00,0.00,0.00,,257,3,100.00,100.00,100.00,100.00,82.05,82.05,96.97,96.97,0.00,0.00
Georgia,GEO,20200414,3.00,1,3.00,1,2.00,1,4.00,1,2.00,1,3.00,1,2.00,1,4.00,0.00,,0.00,0.00,0.00,2.00,1,2.00,2.00,0.00,0.00,,272,3,100.00,100.00,100.00,100.00,82.05,82.05,96.97,96.97,0.00,0.00
Georgia,GEO,20200415,3.00,1,3.00,1,2.00,1,4.00,1,2.00,1,3.00,1,2.00,1,4.00,0.00,,0.00,0.00,0.00,2.00,1,2.00,2.00,0.00,0.00,,300,3,100.00,100.00,100.00,100.00,82.05,82.05,96.97,96.97,0.00,0.00
Georgia,GEO,20200416,3.00,1,3.00,1,2.00,1,4.00,1,2.00,1,3.00,1,2.00,1,4.00,0.00,,0.00,0.00,0.00,2.00,1,2.00,2.00,0.00,0.00,,306,3,100.00,100.00,100.00,100.00,82.05,82.05,96.97,96.97,0.00,0.00
Georgia,GEO,20200417,3.00,1,3.00,1,2.00,1,4.00,1,2.00,1,3.00,1,2.00,1,4.00,0.00,,0.00,0.00,0.00,2.00,1,2.00,2.00,0.00,0.00,,348,3,100.00,100.00,100.00,100.00,82.05,82.05,96.97,96.97,0.00,0.00
Georgia,GEO,20200418,3.00,1,3.00,1,2.00,1,4.00,1,2.00,1,3.00,1,2.00,1,4.00,0.00,,0.00,0.00,0.00,2.00,1,2.00,2.00,0.00,0.00,,370,3,100.00,100.00,100.00,100.00,82.05,82.05,96.97,96.97,0.00,0.00
Georgia,GEO,20200419,3.00,1,3.00,1,2.00,1,4.00,1,2.00,1,3.00,1,2.00,1,4.00,0.00,,0.00,0.00,0.00,2.00,1,2.00,2.00,0.00,0.00,,388,4,100.00,100.00,100.00,100.00,82.05,82.05,96.97,96.97,0.00,0.00
Georgia,GEO,20200420,3.00,1,3.00,1,2.00,1,4.00,1,2.00,1,3.00,1,2.00,1,4.00,0.00,,0.00,0.00,0.00,2.00,1,2.00,2.00,0.00,0.00,,394,4,100.00,100.00,100.00,100.00,82.05,82.05,96.97,96.97,0.00,0.00
Georgia,GEO,20200421,3.00,1,3.00,1,2.00,1,4.00,1,2.00,1,3.00,1,2.00,1,4.00,0.00,,0.00,0.00,0.00,2.00,1,2.00,2.00,0.00,0.00,,402,4,100.00,100.00,100.00,100.00,82.05,82.05,96.97,96.97,0.00,0.00
Georgia,GEO,20200422,3.00,1,3.00,1,2.00,1,4.00,1,2.00,1,3.00,1,2.00,1,4.00,0.00,,0.00,0.00,0.00,2.00,1,2.00,2.00,0.00,0.00,,408,4,100.00,100.00,100.00,100.00,82.05,82.05,96.97,96.97,0.00,0.00
Georgia,GEO,20200423,3.00,1,3.00,1,2.00,1,4.00,1,2.00,1,3.00,1,2.00,1,4.00,0.00,,0.00,0.00,0.00,2.00,1,2.00,2.00,0.00,0.00,,416,5,100.00,100.00,100.00,100.00,82.05,82.05,96.97,96.97,0.00,0.00
Georgia,GEO,20200424,3.00,1,3.00,1,2.00,1,4.00,1,2.00,1,3.00,1,2.00,1,4.00,1.00,0,1.00,1090441288.00,0.00,2.00,1,2.00,2.00,109012285.00,0.00,,425,5,100.00,100.00,100.00,100.00,87.82,87.82,96.97,96.97,37.50,37.50
Georgia,GEO,20200425,3.00,1,3.00,1,2.00,1,4.00,1,2.00,1,3.00,1,2.00,1,4.00,1.00,0,1.00,0.00,0.00,2.00,1,2.00,2.00,0.00,0.00,,444,5,100.00,100.00,100.00,100.00,87.82,87.82,96.97,96.97,37.50,37.50
Georgia,GEO,20200426,3.00,1,3.00,1,2.00,1,4.00,1,2.00,1,3.00,1,2.00,1,4.00,1.00,0,1.00,0.00,0.00,2.00,1,2.00,2.00,0.00,0.00,,456,5,100.00,100.00,100.00,100.00,87.82,87.82,96.97,96.97,37.50,37.50
Georgia,GEO,20200427,3.00,1,2.00,1,2.00,1,4.00,1,2.00,1,3.00,1,2.00,1,4.00,1.00,0,1.00,0.00,0.00,2.00,1,2.00,2.00,0.00,0.00,,486,6,96.30,96.30,96.43,96.43,85.26,85.26,93.94,93.94,37.50,37.50
Georgia,GEO,20200428,3.00,1,2.00,1,2.00,1,4.00,1,2.00,1,3.00,1,2.00,1,4.00,1.00,0,1.00,0.00,0.00,2.00,1,2.00,2.00,0.00,0.00,,497,6,96.30,96.30,96.43,96.43,85.26,85.26,93.94,93.94,37.50,37.50
Georgia,GEO,20200429,3.00,1,2.00,1,2.00,1,4.00,1,2.00,1,3.00,1,2.00,1,4.00,1.00,0,1.00,0.00,0.00,2.00,1,2.00,2.00,0.00,0.00,,511,6,96.30,96.30,96.43,96.43,85.26,85.26,93.94,93.94,37.50,37.50
Georgia,GEO,20200430,3.00,1,2.00,1,2.00,1,4.00,1,2.00,1,3.00,1,2.00,1,4.00,1.00,0,1.00,0.00,0.00,2.00,1,2.00,2.00,0.00,0.00,,517,6,96.30,96.30,96.43,96.43,85.26,85.26,93.94,93.94,37.50,37.50
Georgia,GEO,20200501,3.00,1,2.00,1,2.00,1,4.00,1,2.00,1,3.00,1,2.00,1,4.00,1.00,0,1.00,0.00,0.00,2.00,1,2.00,2.00,0.00,0.00,,539,6,96.30,96.30,96.43,96.43,85.26,85.26,93.94,93.94,37.50,37.50
Georgia,GEO,20200502,3.00,1,2.00,1,2.00,1,4.00,1,2.00,1,3.00,1,2.00,1,4.00,1.00,0,1.00,0.00,0.00,2.00,1,2.00,2.00,0.00,0.00,,582,8,96.30,96.30,96.43,96.43,85.26,85.26,93.94,93.94,37.50,37.50
Georgia,GEO,20200503,3.00,1,2.00,1,2.00,1,4.00,1,2.00,1,3.00,1,2.00,1,4.00,1.00,0,1.00,0.00,0.00,2.00,1,2.00,2.00,0.00,0.00,,582,8,96.30,96.30,96.43,96.43,85.26,85.26,93.94,93.94,37.50,37.50
Georgia,GEO,20200504,3.00,1,2.00,1,2.00,1,4.00,1,2.00,1,3.00,1,2.00,1,4.00,1.00,0,1.00,0.00,0.00,2.00,1,2.00,2.00,0.00,0.00,,589,9,96.30,96.30,96.43,96.43,85.26,85.26,93.94,93.94,37.50,37.50
Georgia,GEO,20200505,3.00,1,2.00,1,2.00,1,4.00,1,2.00,1,3.00,1,2.00,1,4.00,1.00,0,1.00,0.00,0.00,2.00,1,2.00,2.00,0.00,0.00,,593,9,96.30,96.30,96.43,96.43,85.26,85.26,93.94,93.94,37.50,37.50
Georgia,GEO,20200506,3.00,1,2.00,1,2.00,1,4.00,1,2.00,1,3.00,1,2.00,1,4.00,1.00,0,1.00,0.00,0.00,2.00,1,2.00,2.00,0.00,0.00,,604,9,96.30,96.30,96.43,96.43,85.26,85.26,93.94,93.94,37.50,37.50
Georgia,GEO,20200507,3.00,1,2.00,1,2.00,1,4.00,1,2.00,1,3.00,1,2.00,1,4.00,1.00,0,1.00,0.00,0.00,2.00,1,2.00,2.00,0.00,0.00,,610,9,96.30,96.30,96.43,96.43,85.26,85.26,93.94,93.94,37.50,37.50
Georgia,GEO,20200508,3.00,1,2.00,1,2.00,1,4.00,1,2.00,1,3.00,1,2.00,1,4.00,1.00,0,1.00,0.00,0.00,2.00,1,2.00,2.00,0.00,0.00,,615,9,96.30,96.30,96.43,96.43,85.26,85.26,93.94,93.94,37.50,37.50
Georgia,GEO,20200509,3.00,1,2.00,1,2.00,1,4.00,1,2.00,1,3.00,1,2.00,1,4.00,1.00,0,1.00,0.00,0.00,2.00,1,2.00,2.00,0.00,0.00,,623,10,96.30,96.30,96.43,96.43,85.26,85.26,93.94,93.94,37.50,37.50
Georgia,GEO,20200510,3.00,1,2.00,1,2.00,1,4.00,1,2.00,1,3.00,1,2.00,1,4.00,1.00,0,1.00,0.00,0.00,2.00,1,2.00,2.00,0.00,0.00,,626,10,96.30,96.30,96.43,96.43,85.26,85.26,93.94,93.94,37.50,37.50
Georgia,GEO,20200511,3.00,1,2.00,1,2.00,1,4.00,1,2.00,1,3.00,1,2.00,1,4.00,1.00,0,1.00,0.00,0.00,2.00,1,2.00,2.00,0.00,0.00,,635,10,96.30,96.30,96.43,96.43,85.26,85.26,93.94,93.94,37.50,37.50
Georgia,GEO,20200512,3.00,1,2.00,1,2.00,1,4.00,1,2.00,1,3.00,1,2.00,1,4.00,1.00,0,1.00,0.00,0.00,2.00,1,2.00,2.00,0.00,0.00,,638,11,96.30,96.30,96.43,96.43,85.26,85.26,93.94,93.94,37.50,37.50
Georgia,GEO,20200513,3.00,1,2.00,1,2.00,1,4.00,1,2.00,1,3.00,1,2.00,1,4.00,1.00,0,1.00,0.00,0.00,2.00,1,2.00,2.00,0.00,0.00,,642,11,96.30,96.30,96.43,96.43,85.26,85.26,93.94,93.94,37.50,37.50
Georgia,GEO,20200514,3.00,1,2.00,1,2.00,1,4.00,1,2.00,1,3.00,1,2.00,1,4.00,1.00,0,1.00,0.00,0.00,2.00,1,2.00,2.00,0.00,0.00,,647,11,96.30,96.30,96.43,96.43,85.26,85.26,93.94,93.94,37.50,37.50
Georgia,GEO,20200515,3.00,1,2.00,1,2.00,1,4.00,1,2.00,1,3.00,1,2.00,1,4.00,1.00,0,1.00,0.00,0.00,2.00,1,2.00,2.00,0.00,0.00,,667,12,96.30,96.30,96.43,96.43,85.26,85.26,93.94,93.94,37.50,37.50
Georgia,GEO,20200516,3.00,1,2.00,1,2.00,1,4.00,1,2.00,1,3.00,1,2.00,1,4.00,1.00,0,1.00,0.00,0.00,2.00,1,2.00,2.00,0.00,0.00,,671,12,96.30,96.30,96.43,96.43,85.26,85.26,93.94,93.94,37.50,37.50
Georgia,GEO,20200517,3.00,1,2.00,1,2.00,1,4.00,1,2.00,1,3.00,1,2.00,1,4.00,1.00,0,1.00,0.00,0.00,2.00,1,2.00,2.00,0.00,0.00,,695,12,96.30,96.30,96.43,96.43,85.26,85.26,93.94,93.94,37.50,37.50
Georgia,GEO,20200518,3.00,1,2.00,1,2.00,1,4.00,1,2.00,1,3.00,1,2.00,1,4.00,1.00,0,1.00,0.00,0.00,2.00,1,2.00,2.00,0.00,0.00,,701,12,96.30,96.30,96.43,96.43,85.26,85.26,93.94,93.94,37.50,37.50
Georgia,GEO,20200519,3.00,1,2.00,1,2.00,1,4.00,1,2.00,1,3.00,1,2.00,1,4.00,1.00,0,1.00,0.00,0.00,2.00,1,2.00,2.00,0.00,0.00,,702,12,96.30,96.30,96.43,96.43,85.26,85.26,93.94,93.94,37.50,37.50
Georgia,GEO,20200520,3.00,1,2.00,1,2.00,1,4.00,1,2.00,1,3.00,1,2.00,1,4.00,1.00,0,1.00,0.00,0.00,2.00,1,2.00,2.00,0.00,0.00,,707,12,96.30,96.30,96.43,96.43,85.26,85.26,93.94,93.94,37.50,37.50
Georgia,GEO,20200521,3.00,1,2.00,1,2.00,1,4.00,1,2.00,1,3.00,1,2.00,1,4.00,1.00,0,1.00,0.00,0.00,2.00,1,2.00,2.00,0.00,0.00,,713,12,96.30,96.30,96.43,96.43,85.26,85.26,93.94,93.94,37.50,37.50
Georgia,GEO,20200522,3.00,1,2.00,1,2.00,1,4.00,1,2.00,1,3.00,1,2.00,1,4.00,1.00,0,1.00,0.00,0.00,2.00,1,2.00,2.00,0.00,0.00,,721,12,96.30,96.30,96.43,96.43,85.26,85.26,93.94,93.94,37.50,37.50
Georgia,GEO,20200523,3.00,1,2.00,1,2.00,1,3.00,1,2.00,1,1.00,1,2.00,1,4.00,1.00,0,1.00,0.00,0.00,2.00,1,2.00,2.00,0.00,0.00,,723,12,86.11,86.11,96.43,96.43,78.21,78.21,85.61,85.61,37.50,37.50
Georgia,GEO,20200524,3.00,1,2.00,1,2.00,1,3.00,1,2.00,1,1.00,1,2.00,1,4.00,1.00,0,1.00,0.00,0.00,2.00,1,2.00,2.00,0.00,0.00,,728,12,86.11,86.11,96.43,96.43,78.21,78.21,85.61,85.61,37.50,37.50
Georgia,GEO,20200525,3.00,1,2.00,1,2.00,1,3.00,1,2.00,1,1.00,1,2.00,1,4.00,1.00,0,1.00,0.00,0.00,2.00,1,2.00,2.00,0.00,0.00,,730,12,86.11,86.11,96.43,96.43,78.21,78.21,85.61,85.61,37.50,37.50
Georgia,GEO,20200526,3.00,1,2.00,1,2.00,1,3.00,1,2.00,1,1.00,1,2.00,1,4.00,1.00,0,1.00,0.00,0.00,2.00,1,2.00,2.00,0.00,0.00,,731,12,86.11,86.11,96.43,96.43,78.21,78.21,85.61,85.61,37.50,37.50
Georgia,GEO,20200527,3.00,1,2.00,1,2.00,1,3.00,1,2.00,1,1.00,1,2.00,1,4.00,1.00,0,1.00,0.00,0.00,2.00,1,2.00,2.00,0.00,0.00,,732,12,86.11,86.11,96.43,96.43,78.21,78.21,85.61,85.61,37.50,37.50
Georgia,GEO,20200528,3.00,1,2.00,1,2.00,1,3.00,1,2.00,1,1.00,1,2.00,1,4.00,1.00,0,1.00,0.00,0.00,2.00,1,2.00,2.00,0.00,0.00,,735,12,86.11,86.11,96.43,96.43,78.21,78.21,85.61,85.61,37.50,37.50
Georgia,GEO,20200529,3.00,1,2.00,1,2.00,1,3.00,1,0.00,,2.00,0,1.00,1,4.00,1.00,0,1.00,0.00,0.00,2.00,1,2.00,2.00,0.00,0.00,,738,12,71.30,71.30,77.38,77.38,67.95,67.95,73.48,73.48,37.50,37.50
Georgia,GEO,20200530,3.00,1,2.00,1,2.00,1,3.00,1,0.00,,2.00,0,1.00,1,4.00,1.00,0,1.00,0.00,0.00,2.00,1,2.00,2.00,0.00,0.00,,746,12,71.30,71.30,77.38,77.38,67.95,67.95,73.48,73.48,37.50,37.50
Georgia,GEO,20200531,3.00,1,2.00,1,2.00,1,3.00,1,0.00,,2.00,0,1.00,1,4.00,1.00,0,1.00,0.00,0.00,2.00,1,2.00,2.00,0.00,0.00,,757,12,71.30,71.30,77.38,77.38,67.95,67.95,73.48,73.48,37.50,37.50
Georgia,GEO,20200601,3.00,1,2.00,1,2.00,1,3.00,1,0.00,,2.00,0,1.00,1,4.00,1.00,0,1.00,0.00,0.00,2.00,1,2.00,2.00,0.00,0.00,,783,12,71.30,71.30,77.38,77.38,67.95,67.95,73.48,73.48,37.50,37.50
Georgia,GEO,20200602,3.00,1,2.00,1,2.00,1,3.00,1,0.00,,2.00,0,1.00,1,4.00,1.00,0,1.00,0.00,0.00,2.00,1,2.00,2.00,0.00,0.00,,796,12,71.30,71.30,77.38,77.38,67.95,67.95,73.48,73.48,37.50,37.50
Georgia,GEO,20200603,3.00,1,2.00,1,2.00,1,3.00,1,0.00,,2.00,0,1.00,1,4.00,1.00,0,1.00,0.00,0.00,2.00,1,2.00,2.00,0.00,0.00,,800,13,71.30,71.30,77.38,77.38,67.95,67.95,73.48,73.48,37.50,37.50
Georgia,GEO,20200604,3.00,1,2.00,1,2.00,1,3.00,1,0.00,,2.00,0,1.00,1,4.00,1.00,0,1.00,0.00,0.00,2.00,1,2.00,2.00,0.00,0.00,,800,13,71.30,71.30,77.38,77.38,67.95,67.95,73.48,73.48,37.50,37.50
Georgia,GEO,20200605,3.00,1,2.00,1,2.00,1,3.00,1,0.00,,2.00,0,1.00,1,4.00,1.00,0,1.00,0.00,0.00,2.00,1,2.00,2.00,0.00,0.00,,801,13,71.30,71.30,77.38,77.38,67.95,67.95,73.48,73.48,37.50,37.50
Georgia,GEO,20200606,3.00,1,2.00,1,2.00,1,3.00,1,0.00,,2.00,0,1.00,1,4.00,1.00,0,1.00,0.00,0.00,2.00,1,2.00,2.00,0.00,0.00,,805,13,71.30,71.30,77.38,77.38,67.95,67.95,73.48,73.48,37.50,37.50
Georgia,GEO,20200607,3.00,1,2.00,1,2.00,1,3.00,1,0.00,,2.00,0,1.00,1,4.00,1.00,0,1.00,0.00,0.00,2.00,1,2.00,2.00,0.00,0.00,,808,13,71.30,71.30,77.38,77.38,67.95,67.95,73.48,73.48,37.50,37.50
Georgia,GEO,20200608,3.00,1,2.00,1,2.00,1,3.00,1,0.00,,2.00,0,1.00,1,4.00,1.00,0,1.00,0.00,0.00,2.00,1,2.00,2.00,0.00,0.00,,808,13,71.30,71.30,77.38,77.38,67.95,67.95,73.48,73.48,37.50,37.50
Georgia,GEO,20200609,3.00,1,2.00,1,2.00,1,3.00,1,0.00,,2.00,0,1.00,1,4.00,1.00,0,1.00,0.00,0.00,2.00,1,2.00,2.00,0.00,0.00,,812,13,71.30,71.30,77.38,77.38,67.95,67.95,73.48,73.48,37.50,37.50
Georgia,GEO,20200610,3.00,1,2.00,1,2.00,1,3.00,1,0.00,,2.00,0,1.00,1,4.00,1.00,0,1.00,0.00,0.00,2.00,1,2.00,2.00,0.00,0.00,,818,13,71.30,71.30,77.38,77.38,67.95,67.95,73.48,73.48,37.50,37.50
Georgia,GEO,20200611,3.00,1,2.00,1,2.00,1,3.00,1,0.00,,2.00,0,1.00,1,4.00,1.00,0,1.00,0.00,0.00,2.00,1,2.00,2.00,0.00,0.00,,827,13,71.30,71.30,77.38,77.38,67.95,67.95,73.48,73.48,37.50,37.50
Georgia,GEO,20200612,3.00,1,2.00,1,2.00,1,3.00,1,0.00,,2.00,0,1.00,1,4.00,1.00,0,1.00,0.00,0.00,2.00,1,2.00,2.00,0.00,0.00,,831,13,71.30,71.30,77.38,77.38,67.95,67.95,73.48,73.48,37.50,37.50
Georgia,GEO,20200613,3.00,1,2.00,1,2.00,1,3.00,1,0.00,,2.00,0,1.00,1,4.00,1.00,0,1.00,0.00,0.00,2.00,1,2.00,2.00,0.00,0.00,,843,13,71.30,71.30,77.38,77.38,67.95,67.95,73.48,73.48,37.50,37.50
Georgia,GEO,20200614,3.00,1,2.00,1,2.00,1,3.00,1,0.00,,2.00,0,1.00,1,4.00,1.00,0,1.00,0.00,0.00,2.00,1,2.00,2.00,0.00,0.00,,851,14,71.30,71.30,77.38,77.38,67.95,67.95,73.48,73.48,37.50,37.50
Georgia,GEO,20200615,3.00,1,2.00,1,2.00,1,3.00,1,0.00,,2.00,0,1.00,1,4.00,1.00,0,1.00,0.00,0.00,2.00,1,2.00,2.00,0.00,0.00,,879,14,71.30,71.30,77.38,77.38,67.95,67.95,73.48,73.48,37.50,37.50
Georgia,GEO,20200616,,,,,,,,,,,,,,,,,,,,,,,,,,,,879,14,,,,,,,,,,
Georgia,GEO,20200617,,,,,,,,,,,,,,,,,,,,,,,,,,,,888,14,,71.30,,77.38,,67.95,,73.48,,37.50
Georgia,GEO,20200618,,,,,,,,,,,,,,,,,,,,,,,,,,,,893,14,,71.30,,77.38,,67.95,,73.48,,37.50
Georgia,GEO,20200619,,,,,,,,,,,,,,,,,,,,,,,,,,,,895,14,,71.30,,77.38,,67.95,,73.48,,37.50
Georgia,GEO,20200620,,,,,,,,,,,,,,,,,,,,,,,,,,,,896,14,,71.30,,77.38,,67.95,,73.48,,37.50
Georgia,GEO,20200621,,,,,,,,,,,,,,,,,,,,,,,,,,,,898,14,,71.30,,77.38,,67.95,,73.48,,37.50
Georgia,GEO,20200622,,,,,,,,,,,,,,,,,,,,,,,,,,,,908,14,,71.30,,77.38,,67.95,,73.48,,37.50
Georgia,GEO,20200623,,,,,,,,,,,,,,,,,,,,,,,,,,,,911,14,,71.30,,77.38,,67.95,,73.48,,37.50
