Honduras,HND,20200101,0.00,,0.00,,0.00,,0.00,,0.00,,0.00,,0.00,,0.00,0.00,,0.00,0.00,0.00,0.00,,0.00,0.00,0.00,0.00,,,,0.00,0.00,0.00,0.00,0.00,0.00,0.00,0.00,0.00,0.00
Honduras,HND,20200102,0.00,,0.00,,0.00,,0.00,,0.00,,0.00,,0.00,,0.00,0.00,,0.00,0.00,0.00,0.00,,0.00,0.00,0.00,0.00,,,,0.00,0.00,0.00,0.00,0.00,0.00,0.00,0.00,0.00,0.00
Honduras,HND,20200103,0.00,,0.00,,0.00,,0.00,,0.00,,0.00,,0.00,,0.00,0.00,,0.00,0.00,0.00,0.00,,0.00,0.00,0.00,0.00,,,,0.00,0.00,0.00,0.00,0.00,0.00,0.00,0.00,0.00,0.00
Honduras,HND,20200104,0.00,,0.00,,0.00,,0.00,,0.00,,0.00,,0.00,,0.00,0.00,,0.00,0.00,0.00,0.00,,0.00,0.00,0.00,0.00,,,,0.00,0.00,0.00,0.00,0.00,0.00,0.00,0.00,0.00,0.00
Honduras,HND,20200105,0.00,,0.00,,0.00,,0.00,,0.00,,0.00,,0.00,,0.00,0.00,,0.00,0.00,0.00,0.00,,0.00,0.00,0.00,0.00,,,,0.00,0.00,0.00,0.00,0.00,0.00,0.00,0.00,0.00,0.00
Honduras,HND,20200106,0.00,,0.00,,0.00,,0.00,,0.00,,0.00,,0.00,,0.00,0.00,,0.00,0.00,0.00,0.00,,0.00,0.00,0.00,0.00,,,,0.00,0.00,0.00,0.00,0.00,0.00,0.00,0.00,0.00,0.00
Honduras,HND,20200107,0.00,,0.00,,0.00,,0.00,,0.00,,0.00,,0.00,,0.00,0.00,,0.00,0.00,0.00,0.00,,0.00,0.00,0.00,0.00,,,,0.00,0.00,0.00,0.00,0.00,0.00,0.00,0.00,0.00,0.00
Honduras,HND,20200108,0.00,,0.00,,0.00,,0.00,,0.00,,0.00,,0.00,,0.00,0.00,,0.00,0.00,0.00,0.00,,0.00,0.00,0.00,0.00,,,,0.00,0.00,0.00,0.00,0.00,0.00,0.00,0.00,0.00,0.00
Honduras,HND,20200109,0.00,,0.00,,0.00,,0.00,,0.00,,0.00,,0.00,,0.00,0.00,,0.00,0.00,0.00,0.00,,0.00,0.00,0.00,0.00,,,,0.00,0.00,0.00,0.00,0.00,0.00,0.00,0.00,0.00,0.00
Honduras,HND,20200110,0.00,,0.00,,0.00,,0.00,,0.00,,0.00,,0.00,,0.00,0.00,,0.00,0.00,0.00,0.00,,0.00,0.00,0.00,0.00,,,,0.00,0.00,0.00,0.00,0.00,0.00,0.00,0.00,0.00,0.00
Honduras,HND,20200111,0.00,,0.00,,0.00,,0.00,,0.00,,0.00,,0.00,,0.00,0.00,,0.00,0.00,0.00,0.00,,0.00,0.00,0.00,0.00,,,,0.00,0.00,0.00,0.00,0.00,0.00,0.00,0.00,0.00,0.00
Honduras,HND,20200112,0.00,,0.00,,0.00,,0.00,,0.00,,0.00,,0.00,,0.00,0.00,,0.00,0.00,0.00,0.00,,0.00,0.00,0.00,0.00,,,,0.00,0.00,0.00,0.00,0.00,0.00,0.00,0.00,0.00,0.00
Honduras,HND,20200113,0.00,,0.00,,0.00,,0.00,,0.00,,0.00,,0.00,,0.00,0.00,,0.00,0.00,0.00,0.00,,0.00,0.00,0.00,0.00,,,,0.00,0.00,0.00,0.00,0.00,0.00,0.00,0.00,0.00,0.00
Honduras,HND,20200114,0.00,,0.00,,0.00,,0.00,,0.00,,0.00,,0.00,,0.00,0.00,,0.00,0.00,0.00,0.00,,0.00,0.00,0.00,0.00,,,,0.00,0.00,0.00,0.00,0.00,0.00,0.00,0.00,0.00,0.00
Honduras,HND,20200115,0.00,,0.00,,0.00,,0.00,,0.00,,0.00,,0.00,,0.00,0.00,,0.00,0.00,0.00,0.00,,0.00,0.00,0.00,0.00,,,,0.00,0.00,0.00,0.00,0.00,0.00,0.00,0.00,0.00,0.00
Honduras,HND,20200116,0.00,,0.00,,0.00,,0.00,,0.00,,0.00,,0.00,,0.00,0.00,,0.00,0.00,0.00,0.00,,0.00,0.00,0.00,0.00,,,,0.00,0.00,0.00,0.00,0.00,0.00,0.00,0.00,0.00,0.00
Honduras,HND,20200117,0.00,,0.00,,0.00,,0.00,,0.00,,0.00,,0.00,,0.00,0.00,,0.00,0.00,0.00,0.00,,0.00,0.00,0.00,0.00,,,,0.00,0.00,0.00,0.00,0.00,0.00,0.00,0.00,0.00,0.00
Honduras,HND,20200118,0.00,,0.00,,0.00,,0.00,,0.00,,0.00,,0.00,,0.00,0.00,,0.00,0.00,0.00,0.00,,0.00,0.00,0.00,0.00,,,,0.00,0.00,0.00,0.00,0.00,0.00,0.00,0.00,0.00,0.00
Honduras,HND,20200119,0.00,,0.00,,0.00,,0.00,,0.00,,0.00,,0.00,,0.00,0.00,,0.00,0.00,0.00,0.00,,0.00,0.00,0.00,0.00,,,,0.00,0.00,0.00,0.00,0.00,0.00,0.00,0.00,0.00,0.00
Honduras,HND,20200120,0.00,,0.00,,0.00,,0.00,,0.00,,0.00,,0.00,,0.00,0.00,,0.00,0.00,0.00,0.00,,0.00,0.00,0.00,0.00,,,,0.00,0.00,0.00,0.00,0.00,0.00,0.00,0.00,0.00,0.00
Honduras,HND,20200121,0.00,,0.00,,0.00,,0.00,,0.00,,0.00,,0.00,,0.00,0.00,,0.00,0.00,0.00,0.00,,0.00,0.00,0.00,0.00,,,,0.00,0.00,0.00,0.00,0.00,0.00,0.00,0.00,0.00,0.00
Honduras,HND,20200122,0.00,,0.00,,0.00,,0.00,,0.00,,0.00,,0.00,,0.00,0.00,,0.00,0.00,0.00,0.00,,0.00,0.00,0.00,0.00,,,,0.00,0.00,0.00,0.00,0.00,0.00,0.00,0.00,0.00,0.00
Honduras,HND,20200123,0.00,,0.00,,0.00,,0.00,,0.00,,0.00,,0.00,,0.00,0.00,,0.00,0.00,0.00,0.00,,0.00,0.00,0.00,0.00,,,,0.00,0.00,0.00,0.00,0.00,0.00,0.00,0.00,0.00,0.00
Honduras,HND,20200124,0.00,,0.00,,0.00,,0.00,,0.00,,0.00,,0.00,,0.00,0.00,,0.00,0.00,0.00,0.00,,0.00,0.00,0.00,0.00,,,,0.00,0.00,0.00,0.00,0.00,0.00,0.00,0.00,0.00,0.00
Honduras,HND,20200125,0.00,,0.00,,0.00,,0.00,,0.00,,0.00,,0.00,,0.00,0.00,,0.00,0.00,0.00,0.00,,0.00,0.00,0.00,0.00,,,,0.00,0.00,0.00,0.00,0.00,0.00,0.00,0.00,0.00,0.00
Honduras,HND,20200126,0.00,,0.00,,0.00,,0.00,,0.00,,0.00,,0.00,,0.00,0.00,,0.00,0.00,0.00,0.00,,0.00,0.00,0.00,0.00,,,,0.00,0.00,0.00,0.00,0.00,0.00,0.00,0.00,0.00,0.00
Honduras,HND,20200127,0.00,,0.00,,0.00,,0.00,,0.00,,0.00,,0.00,,0.00,0.00,,0.00,0.00,0.00,0.00,,0.00,0.00,0.00,0.00,,,,0.00,0.00,0.00,0.00,0.00,0.00,0.00,0.00,0.00,0.00
Honduras,HND,20200128,0.00,,0.00,,0.00,,0.00,,0.00,,0.00,,0.00,,0.00,0.00,,0.00,0.00,0.00,0.00,,0.00,0.00,0.00,0.00,,,,0.00,0.00,0.00,0.00,0.00,0.00,0.00,0.00,0.00,0.00
Honduras,HND,20200129,0.00,,0.00,,0.00,,0.00,,0.00,,0.00,,0.00,,0.00,0.00,,0.00,0.00,0.00,0.00,,0.00,0.00,0.00,0.00,,,,0.00,0.00,0.00,0.00,0.00,0.00,0.00,0.00,0.00,0.00
Honduras,HND,20200130,0.00,,0.00,,0.00,,0.00,,0.00,,0.00,,0.00,,0.00,0.00,,0.00,0.00,0.00,0.00,,0.00,0.00,0.00,0.00,,,,0.00,0.00,0.00,0.00,0.00,0.00,0.00,0.00,0.00,0.00
Honduras,HND,20200131,0.00,,0.00,,0.00,,0.00,,0.00,,0.00,,0.00,,0.00,0.00,,0.00,0.00,0.00,0.00,,0.00,0.00,0.00,0.00,,,,0.00,0.00,0.00,0.00,0.00,0.00,0.00,0.00,0.00,0.00
Honduras,HND,20200201,0.00,,0.00,,0.00,,0.00,,0.00,,0.00,,0.00,,0.00,0.00,,0.00,0.00,0.00,0.00,,0.00,0.00,0.00,0.00,,,,0.00,0.00,0.00,0.00,0.00,0.00,0.00,0.00,0.00,0.00
Honduras,HND,20200202,0.00,,0.00,,0.00,,0.00,,0.00,,0.00,,0.00,,0.00,0.00,,0.00,0.00,0.00,0.00,,0.00,0.00,0.00,0.00,,,,0.00,0.00,0.00,0.00,0.00,0.00,0.00,0.00,0.00,0.00
Honduras,HND,20200203,0.00,,0.00,,0.00,,0.00,,0.00,,0.00,,0.00,,0.00,0.00,,0.00,0.00,0.00,0.00,,0.00,0.00,0.00,0.00,,,,0.00,0.00,0.00,0.00,0.00,0.00,0.00,0.00,0.00,0.00
Honduras,HND,20200204,0.00,,0.00,,0.00,,0.00,,0.00,,0.00,,0.00,,0.00,0.00,,0.00,0.00,0.00,0.00,,0.00,0.00,0.00,0.00,,,,0.00,0.00,0.00,0.00,0.00,0.00,0.00,0.00,0.00,0.00
Honduras,HND,20200205,0.00,,0.00,,0.00,,0.00,,0.00,,0.00,,0.00,,0.00,0.00,,0.00,0.00,0.00,0.00,,0.00,0.00,0.00,0.00,,,,0.00,0.00,0.00,0.00,0.00,0.00,0.00,0.00,0.00,0.00
Honduras,HND,20200206,0.00,,0.00,,0.00,,0.00,,0.00,,0.00,,0.00,,0.00,0.00,,0.00,0.00,0.00,0.00,,0.00,0.00,0.00,0.00,,,,0.00,0.00,0.00,0.00,0.00,0.00,0.00,0.00,0.00,0.00
Honduras,HND,20200207,0.00,,0.00,,0.00,,0.00,,0.00,,0.00,,0.00,,0.00,0.00,,0.00,0.00,0.00,0.00,,0.00,0.00,0.00,0.00,,,,0.00,0.00,0.00,0.00,0.00,0.00,0.00,0.00,0.00,0.00
Honduras,HND,20200208,0.00,,0.00,,0.00,,0.00,,0.00,,0.00,,0.00,,0.00,0.00,,0.00,0.00,0.00,0.00,,0.00,0.00,0.00,0.00,,,,0.00,0.00,0.00,0.00,0.00,0.00,0.00,0.00,0.00,0.00
Honduras,HND,20200209,0.00,,0.00,,0.00,,0.00,,0.00,,0.00,,0.00,,0.00,0.00,,0.00,0.00,0.00,0.00,,0.00,0.00,0.00,0.00,,,,0.00,0.00,0.00,0.00,0.00,0.00,0.00,0.00,0.00,0.00
Honduras,HND,20200210,0.00,,0.00,,0.00,,0.00,,0.00,,0.00,,0.00,,0.00,0.00,,0.00,0.00,0.00,0.00,,0.00,0.00,0.00,0.00,,,,0.00,0.00,0.00,0.00,0.00,0.00,0.00,0.00,0.00,0.00
Honduras,HND,20200211,0.00,,0.00,,0.00,,0.00,,0.00,,0.00,,0.00,,0.00,0.00,,0.00,0.00,0.00,0.00,,0.00,0.00,0.00,0.00,,,,0.00,0.00,0.00,0.00,0.00,0.00,0.00,0.00,0.00,0.00
Honduras,HND,20200212,0.00,,0.00,,0.00,,0.00,,0.00,,0.00,,0.00,,0.00,0.00,,0.00,0.00,0.00,0.00,,0.00,0.00,0.00,0.00,,,,0.00,0.00,0.00,0.00,0.00,0.00,0.00,0.00,0.00,0.00
Honduras,HND,20200213,0.00,,0.00,,0.00,,0.00,,0.00,,0.00,,0.00,,0.00,0.00,,0.00,0.00,0.00,0.00,,0.00,0.00,0.00,0.00,,,,0.00,0.00,0.00,0.00,0.00,0.00,0.00,0.00,0.00,0.00
Honduras,HND,20200214,0.00,,0.00,,0.00,,0.00,,0.00,,0.00,,0.00,,0.00,0.00,,0.00,0.00,0.00,0.00,,0.00,0.00,0.00,0.00,,,,0.00,0.00,0.00,0.00,0.00,0.00,0.00,0.00,0.00,0.00
Honduras,HND,20200215,0.00,,0.00,,0.00,,0.00,,0.00,,0.00,,0.00,,0.00,0.00,,0.00,0.00,0.00,0.00,,0.00,0.00,0.00,0.00,,,,0.00,0.00,0.00,0.00,0.00,0.00,0.00,0.00,0.00,0.00
Honduras,HND,20200216,0.00,,0.00,,0.00,,0.00,,0.00,,0.00,,0.00,,0.00,0.00,,0.00,0.00,0.00,0.00,,0.00,0.00,0.00,0.00,,,,0.00,0.00,0.00,0.00,0.00,0.00,0.00,0.00,0.00,0.00
Honduras,HND,20200217,0.00,,0.00,,0.00,,0.00,,0.00,,0.00,,0.00,,0.00,0.00,,0.00,0.00,0.00,0.00,,0.00,0.00,0.00,0.00,,,,0.00,0.00,0.00,0.00,0.00,0.00,0.00,0.00,0.00,0.00
Honduras,HND,20200218,0.00,,0.00,,0.00,,0.00,,0.00,,0.00,,0.00,,0.00,0.00,,0.00,0.00,0.00,0.00,,0.00,0.00,0.00,0.00,,,,0.00,0.00,0.00,0.00,0.00,0.00,0.00,0.00,0.00,0.00
Honduras,HND,20200219,0.00,,0.00,,0.00,,0.00,,0.00,,0.00,,0.00,,0.00,0.00,,0.00,0.00,0.00,0.00,,0.00,0.00,0.00,0.00,,,,0.00,0.00,0.00,0.00,0.00,0.00,0.00,0.00,0.00,0.00
Honduras,HND,20200220,0.00,,0.00,,0.00,,0.00,,0.00,,0.00,,0.00,,0.00,0.00,,0.00,0.00,0.00,0.00,,0.00,0.00,0.00,0.00,,,,0.00,0.00,0.00,0.00,0.00,0.00,0.00,0.00,0.00,0.00
Honduras,HND,20200221,0.00,,0.00,,0.00,,0.00,,0.00,,0.00,,0.00,,0.00,0.00,,0.00,0.00,0.00,0.00,,0.00,0.00,0.00,0.00,,,,0.00,0.00,0.00,0.00,0.00,0.00,0.00,0.00,0.00,0.00
Honduras,HND,20200222,0.00,,0.00,,0.00,,0.00,,0.00,,0.00,,0.00,,0.00,0.00,,0.00,0.00,0.00,0.00,,0.00,0.00,0.00,0.00,,,,0.00,0.00,0.00,0.00,0.00,0.00,0.00,0.00,0.00,0.00
Honduras,HND,20200223,0.00,,0.00,,0.00,,0.00,,0.00,,0.00,,0.00,,0.00,0.00,,0.00,0.00,0.00,0.00,,0.00,0.00,0.00,0.00,,,,0.00,0.00,0.00,0.00,0.00,0.00,0.00,0.00,0.00,0.00
Honduras,HND,20200224,0.00,,0.00,,0.00,,0.00,,0.00,,0.00,,0.00,,0.00,0.00,,0.00,0.00,0.00,0.00,,0.00,0.00,0.00,0.00,,,,0.00,0.00,0.00,0.00,0.00,0.00,0.00,0.00,0.00,0.00
Honduras,HND,20200225,0.00,,0.00,,0.00,,0.00,,0.00,,0.00,,0.00,,0.00,0.00,,0.00,0.00,0.00,0.00,,0.00,0.00,0.00,0.00,,,,0.00,0.00,0.00,0.00,0.00,0.00,0.00,0.00,0.00,0.00
Honduras,HND,20200226,0.00,,0.00,,0.00,,0.00,,0.00,,0.00,,0.00,,0.00,0.00,,0.00,0.00,0.00,0.00,,0.00,0.00,0.00,0.00,,,,0.00,0.00,0.00,0.00,0.00,0.00,0.00,0.00,0.00,0.00
Honduras,HND,20200227,0.00,,0.00,,0.00,,0.00,,0.00,,0.00,,0.00,,0.00,0.00,,0.00,0.00,0.00,0.00,,0.00,0.00,0.00,0.00,,,,0.00,0.00,0.00,0.00,0.00,0.00,0.00,0.00,0.00,0.00
Honduras,HND,20200228,0.00,,0.00,,0.00,,0.00,,0.00,,0.00,,0.00,,0.00,0.00,,0.00,0.00,0.00,0.00,,0.00,0.00,0.00,0.00,,,,0.00,0.00,0.00,0.00,0.00,0.00,0.00,0.00,0.00,0.00
Honduras,HND,20200229,0.00,,0.00,,0.00,,0.00,,0.00,,0.00,,0.00,,0.00,0.00,,0.00,0.00,0.00,0.00,,0.00,0.00,0.00,0.00,,,,0.00,0.00,0.00,0.00,0.00,0.00,0.00,0.00,0.00,0.00
Honduras,HND,20200301,0.00,,0.00,,0.00,,0.00,,0.00,,0.00,,0.00,,0.00,0.00,,0.00,0.00,0.00,0.00,,0.00,0.00,0.00,0.00,,,,0.00,0.00,0.00,0.00,0.00,0.00,0.00,0.00,0.00,0.00
Honduras,HND,20200302,0.00,,0.00,,0.00,,0.00,,0.00,,0.00,,0.00,,0.00,0.00,,0.00,0.00,0.00,2.00,1,0.00,0.00,0.00,0.00,,,,11.11,11.11,14.29,14.29,7.69,7.69,9.09,9.09,0.00,0.00
Honduras,HND,20200303,0.00,,0.00,,0.00,,0.00,,0.00,,0.00,,0.00,,0.00,0.00,,0.00,0.00,0.00,2.00,1,0.00,0.00,0.00,0.00,,,,11.11,11.11,14.29,14.29,7.69,7.69,9.09,9.09,0.00,0.00
Honduras,HND,20200304,0.00,,0.00,,0.00,,0.00,,0.00,,0.00,,0.00,,0.00,0.00,,0.00,0.00,0.00,2.00,1,1.00,1.00,0.00,0.00,,,,11.11,11.11,14.29,14.29,14.10,14.10,16.67,16.67,0.00,0.00
Honduras,HND,20200305,0.00,,0.00,,0.00,,0.00,,0.00,,0.00,,0.00,,0.00,0.00,,0.00,0.00,0.00,2.00,1,1.00,1.00,0.00,0.00,,,,11.11,11.11,14.29,14.29,14.10,14.10,16.67,16.67,0.00,0.00
Honduras,HND,20200306,0.00,,0.00,,0.00,,0.00,,0.00,,0.00,,0.00,,0.00,0.00,,0.00,0.00,0.00,2.00,1,1.00,1.00,0.00,0.00,,,,11.11,11.11,14.29,14.29,14.10,14.10,16.67,16.67,0.00,0.00
Honduras,HND,20200307,0.00,,0.00,,0.00,,0.00,,0.00,,0.00,,0.00,,0.00,0.00,,0.00,0.00,0.00,2.00,1,1.00,1.00,0.00,0.00,,,,11.11,11.11,14.29,14.29,14.10,14.10,16.67,16.67,0.00,0.00
Honduras,HND,20200308,0.00,,0.00,,0.00,,0.00,,0.00,,0.00,,0.00,,0.00,0.00,,0.00,0.00,0.00,2.00,1,1.00,1.00,0.00,0.00,,,,11.11,11.11,14.29,14.29,14.10,14.10,16.67,16.67,0.00,0.00
Honduras,HND,20200309,0.00,,0.00,,0.00,,0.00,,0.00,,0.00,,0.00,,0.00,0.00,,0.00,0.00,0.00,2.00,1,1.00,1.00,0.00,0.00,,,,11.11,11.11,14.29,14.29,14.10,14.10,16.67,16.67,0.00,0.00
Honduras,HND,20200310,0.00,,0.00,,0.00,,0.00,,0.00,,0.00,,0.00,,0.00,0.00,,0.00,0.00,0.00,2.00,1,1.00,1.00,0.00,0.00,,,,11.11,11.11,14.29,14.29,14.10,14.10,16.67,16.67,0.00,0.00
Honduras,HND,20200311,0.00,,0.00,,0.00,,0.00,,0.00,,0.00,,0.00,,0.00,0.00,,0.00,0.00,0.00,2.00,1,1.00,1.00,0.00,0.00,,,,11.11,11.11,14.29,14.29,14.10,14.10,16.67,16.67,0.00,0.00
Honduras,HND,20200312,0.00,,0.00,,0.00,,0.00,,0.00,,0.00,,0.00,,0.00,0.00,,0.00,0.00,0.00,2.00,1,1.00,1.00,4400000.00,0.00,,2,0,11.11,11.11,14.29,14.29,14.10,14.10,16.67,16.67,0.00,0.00
Honduras,HND,20200313,3.00,1,0.00,,2.00,1,0.00,,0.00,,0.00,,0.00,,0.00,0.00,,0.00,0.00,0.00,2.00,1,1.00,1.00,420000000.00,0.00,,,,33.33,33.33,42.86,42.86,29.49,29.49,34.85,34.85,0.00,0.00
Honduras,HND,20200314,3.00,1,0.00,,2.00,1,0.00,,0.00,,0.00,,0.00,,0.00,0.00,,0.00,0.00,0.00,2.00,1,1.00,1.00,0.00,0.00,,3,0,33.33,33.33,42.86,42.86,29.49,29.49,34.85,34.85,0.00,0.00
Honduras,HND,20200315,3.00,1,0.00,,2.00,1,0.00,,0.00,,0.00,,0.00,,0.00,0.00,,0.00,0.00,0.00,2.00,1,1.00,1.00,0.00,0.00,,,,33.33,33.33,42.86,42.86,29.49,29.49,34.85,34.85,0.00,0.00
Honduras,HND,20200316,3.00,1,2.00,1,2.00,1,4.00,1,2.00,1,3.00,1,2.00,1,3.00,0.00,,0.00,0.00,0.00,2.00,1,1.00,1.00,0.00,0.00,,6,0,93.52,93.52,92.86,92.86,71.15,71.15,84.09,84.09,0.00,0.00
Honduras,HND,20200317,3.00,1,2.00,1,2.00,1,4.00,1,2.00,1,3.00,1,2.00,1,3.00,0.00,,0.00,0.00,0.00,2.00,1,1.00,1.00,0.00,0.00,,8,0,93.52,93.52,92.86,92.86,71.15,71.15,84.09,84.09,0.00,0.00
Honduras,HND,20200318,3.00,1,2.00,1,2.00,1,4.00,1,2.00,1,3.00,1,2.00,1,3.00,0.00,,0.00,0.00,0.00,2.00,1,1.00,1.00,0.00,0.00,,9,0,93.52,93.52,92.86,92.86,71.15,71.15,84.09,84.09,0.00,0.00
Honduras,HND,20200319,3.00,1,2.00,1,2.00,1,4.00,1,2.00,1,3.00,1,2.00,1,3.00,0.00,,0.00,0.00,0.00,2.00,1,1.00,1.00,0.00,0.00,,12,0,93.52,93.52,92.86,92.86,71.15,71.15,84.09,84.09,0.00,0.00
Honduras,HND,20200320,3.00,1,3.00,1,2.00,1,4.00,1,2.00,1,3.00,1,2.00,1,3.00,0.00,,0.00,0.00,0.00,2.00,1,1.00,1.00,0.00,0.00,,24,0,97.22,97.22,96.43,96.43,73.72,73.72,87.12,87.12,0.00,0.00
Honduras,HND,20200321,3.00,1,3.00,1,2.00,1,4.00,1,2.00,1,3.00,1,2.00,1,4.00,0.00,,0.00,0.00,0.00,2.00,1,1.00,1.00,0.00,0.00,,24,0,100.00,100.00,100.00,100.00,75.64,75.64,89.39,89.39,0.00,0.00
Honduras,HND,20200322,3.00,1,3.00,1,2.00,1,4.00,1,2.00,1,3.00,1,2.00,1,4.00,0.00,,0.00,0.00,0.00,2.00,1,1.00,1.00,0.00,0.00,,26,0,100.00,100.00,100.00,100.00,75.64,75.64,89.39,89.39,0.00,0.00
Honduras,HND,20200323,3.00,1,3.00,1,2.00,1,4.00,1,2.00,1,3.00,1,2.00,1,4.00,0.00,,0.00,0.00,0.00,2.00,1,1.00,1.00,0.00,0.00,,27,0,100.00,100.00,100.00,100.00,75.64,75.64,89.39,89.39,0.00,0.00
Honduras,HND,20200324,3.00,1,3.00,1,2.00,1,4.00,1,2.00,1,3.00,1,2.00,1,4.00,0.00,,0.00,0.00,0.00,2.00,1,1.00,1.00,0.00,0.00,,30,0,100.00,100.00,100.00,100.00,75.64,75.64,89.39,89.39,0.00,0.00
Honduras,HND,20200325,3.00,1,3.00,1,2.00,1,4.00,1,2.00,1,3.00,1,2.00,1,4.00,0.00,,0.00,0.00,0.00,2.00,1,1.00,1.00,0.00,0.00,,36,0,100.00,100.00,100.00,100.00,75.64,75.64,89.39,89.39,0.00,0.00
Honduras,HND,20200326,3.00,1,3.00,1,2.00,1,4.00,1,2.00,1,3.00,1,2.00,1,4.00,0.00,,0.00,0.00,0.00,2.00,1,1.00,1.00,0.00,0.00,,52,0,100.00,100.00,100.00,100.00,75.64,75.64,89.39,89.39,0.00,0.00
Honduras,HND,20200327,3.00,1,3.00,1,2.00,1,4.00,1,2.00,1,3.00,1,2.00,1,4.00,0.00,,0.00,420000000.00,0.00,2.00,1,1.00,1.00,4400000.00,0.00,,67,1,100.00,100.00,100.00,100.00,75.64,75.64,89.39,89.39,0.00,0.00
Honduras,HND,20200328,3.00,1,3.00,1,2.00,1,4.00,1,2.00,1,3.00,1,2.00,1,4.00,0.00,,0.00,0.00,0.00,2.00,1,1.00,1.00,0.00,0.00,,95,1,100.00,100.00,100.00,100.00,75.64,75.64,89.39,89.39,0.00,0.00
Honduras,HND,20200329,3.00,1,3.00,1,2.00,1,4.00,1,2.00,1,3.00,1,2.00,1,4.00,0.00,,0.00,0.00,0.00,2.00,1,1.00,1.00,0.00,0.00,,110,2,100.00,100.00,100.00,100.00,75.64,75.64,89.39,89.39,0.00,0.00
Honduras,HND,20200330,3.00,1,3.00,1,2.00,1,4.00,1,2.00,1,3.00,1,2.00,1,4.00,0.00,,0.00,0.00,0.00,2.00,1,1.00,1.00,0.00,0.00,,139,3,100.00,100.00,100.00,100.00,75.64,75.64,89.39,89.39,0.00,0.00
Honduras,HND,20200331,3.00,1,3.00,1,2.00,1,4.00,1,2.00,1,3.00,1,2.00,1,4.00,0.00,,0.00,0.00,0.00,2.00,1,1.00,1.00,0.00,0.00,,141,7,100.00,100.00,100.00,100.00,75.64,75.64,89.39,89.39,0.00,0.00
Honduras,HND,20200401,3.00,1,3.00,1,2.00,1,4.00,1,2.00,1,3.00,1,2.00,1,4.00,0.00,,0.00,0.00,0.00,2.00,1,1.00,1.00,0.00,0.00,,172,10,100.00,100.00,100.00,100.00,75.64,75.64,89.39,89.39,0.00,0.00
Honduras,HND,20200402,3.00,1,3.00,1,2.00,1,4.00,1,2.00,1,3.00,1,2.00,1,4.00,0.00,,0.00,0.00,0.00,2.00,1,1.00,1.00,0.00,0.00,,219,14,100.00,100.00,100.00,100.00,75.64,75.64,89.39,89.39,0.00,0.00
Honduras,HND,20200403,3.00,1,3.00,1,2.00,1,4.00,1,2.00,1,3.00,1,2.00,1,4.00,2.00,0,2.00,0.00,0.00,2.00,1,1.00,1.00,0.00,0.00,,222,15,100.00,100.00,100.00,100.00,89.10,89.10,89.39,89.39,87.50,87.50
Honduras,HND,20200404,3.00,1,3.00,1,2.00,1,4.00,1,2.00,1,3.00,1,2.00,1,4.00,2.00,0,2.00,0.00,0.00,2.00,1,1.00,1.00,0.00,0.00,,264,15,100.00,100.00,100.00,100.00,89.10,89.10,89.39,89.39,87.50,87.50
Honduras,HND,20200405,3.00,1,3.00,1,2.00,1,4.00,1,2.00,1,3.00,1,2.00,1,4.00,2.00,0,2.00,0.00,0.00,2.00,1,1.00,1.00,0.00,0.00,,268,22,100.00,100.00,100.00,100.00,89.10,89.10,89.39,89.39,87.50,87.50
Honduras,HND,20200406,3.00,1,3.00,1,2.00,1,4.00,1,2.00,1,3.00,1,2.00,1,4.00,2.00,0,2.00,0.00,0.00,2.00,1,1.00,1.00,0.00,0.00,,298,22,100.00,100.00,100.00,100.00,89.10,89.10,89.39,89.39,87.50,87.50
Honduras,HND,20200407,3.00,1,3.00,1,2.00,1,4.00,1,2.00,1,3.00,1,2.00,1,4.00,2.00,0,2.00,0.00,0.00,2.00,1,1.00,1.00,0.00,0.00,,305,22,100.00,100.00,100.00,100.00,89.10,89.10,89.39,89.39,87.50,87.50
Honduras,HND,20200408,3.00,1,3.00,1,2.00,1,4.00,1,2.00,1,3.00,1,2.00,1,4.00,2.00,0,2.00,0.00,0.00,2.00,1,1.00,1.00,0.00,0.00,,312,22,100.00,100.00,100.00,100.00,89.10,89.10,89.39,89.39,87.50,87.50
Honduras,HND,20200409,3.00,1,3.00,1,2.00,1,4.00,1,2.00,1,3.00,1,2.00,1,4.00,2.00,0,2.00,0.00,0.00,2.00,1,1.00,1.00,0.00,0.00,,343,23,100.00,100.00,100.00,100.00,89.10,89.10,89.39,89.39,87.50,87.50
Honduras,HND,20200410,3.00,1,3.00,1,2.00,1,4.00,1,2.00,1,3.00,1,2.00,1,4.00,2.00,0,2.00,0.00,0.00,2.00,1,1.00,1.00,0.00,0.00,,382,23,100.00,100.00,100.00,100.00,89.10,89.10,89.39,89.39,87.50,87.50
Honduras,HND,20200411,3.00,1,3.00,1,2.00,1,4.00,1,2.00,1,3.00,1,2.00,1,4.00,2.00,0,2.00,0.00,0.00,2.00,1,1.00,1.00,0.00,0.00,,392,24,100.00,100.00,100.00,100.00,89.10,89.10,89.39,89.39,87.50,87.50
Honduras,HND,20200412,3.00,1,3.00,1,2.00,1,4.00,1,2.00,1,3.00,1,2.00,1,4.00,2.00,0,2.00,0.00,0.00,2.00,1,1.00,1.00,0.00,0.00,,393,25,100.00,100.00,100.00,100.00,89.10,89.10,89.39,89.39,87.50,87.50
Honduras,HND,20200413,3.00,1,3.00,1,2.00,1,4.00,1,2.00,1,3.00,1,2.00,1,4.00,2.00,0,2.00,0.00,0.00,2.00,1,1.00,1.00,0.00,0.00,,397,25,100.00,100.00,100.00,100.00,89.10,89.10,89.39,89.39,87.50,87.50
Honduras,HND,20200414,3.00,1,3.00,1,2.00,1,4.00,1,2.00,1,3.00,1,2.00,1,4.00,2.00,0,2.00,0.00,0.00,2.00,1,1.00,1.00,0.00,0.00,,407,26,100.00,100.00,100.00,100.00,89.10,89.10,89.39,89.39,87.50,87.50
Honduras,HND,20200415,3.00,1,3.00,1,2.00,1,4.00,1,2.00,1,3.00,1,2.00,1,4.00,2.00,0,2.00,0.00,0.00,2.00,1,1.00,1.00,0.00,0.00,,419,31,100.00,100.00,100.00,100.00,89.10,89.10,89.39,89.39,87.50,87.50
Honduras,HND,20200416,3.00,1,3.00,1,2.00,1,4.00,1,2.00,1,3.00,1,2.00,1,4.00,2.00,0,2.00,0.00,0.00,2.00,1,1.00,1.00,0.00,0.00,,426,35,100.00,100.00,100.00,100.00,89.10,89.10,89.39,89.39,87.50,87.50
Honduras,HND,20200417,3.00,1,3.00,1,2.00,1,4.00,1,2.00,1,3.00,1,2.00,1,4.00,2.00,0,2.00,0.00,0.00,2.00,1,1.00,1.00,0.00,0.00,,442,41,100.00,100.00,100.00,100.00,89.10,89.10,89.39,89.39,87.50,87.50
Honduras,HND,20200418,3.00,1,3.00,1,2.00,1,4.00,1,2.00,1,3.00,1,2.00,1,4.00,2.00,0,2.00,0.00,0.00,2.00,1,1.00,1.00,0.00,0.00,,457,46,100.00,100.00,100.00,100.00,89.10,89.10,89.39,89.39,87.50,87.50
Honduras,HND,20200419,3.00,1,3.00,1,2.00,1,4.00,1,2.00,1,3.00,1,2.00,1,4.00,2.00,0,2.00,0.00,0.00,2.00,1,1.00,1.00,0.00,0.00,,472,46,100.00,100.00,100.00,100.00,89.10,89.10,89.39,89.39,87.50,87.50
Honduras,HND,20200420,3.00,1,3.00,1,2.00,1,4.00,1,2.00,1,3.00,1,2.00,1,4.00,2.00,0,2.00,0.00,0.00,2.00,1,1.00,1.00,0.00,0.00,,477,46,100.00,100.00,100.00,100.00,89.10,89.10,89.39,89.39,87.50,87.50
Honduras,HND,20200421,3.00,1,3.00,1,2.00,1,4.00,1,2.00,1,3.00,1,2.00,1,4.00,2.00,0,2.00,0.00,0.00,2.00,1,1.00,1.00,0.00,0.00,,494,46,100.00,100.00,100.00,100.00,89.10,89.10,89.39,89.39,87.50,87.50
Honduras,HND,20200422,3.00,1,3.00,1,2.00,1,4.00,1,2.00,1,3.00,1,2.00,1,4.00,2.00,0,2.00,0.00,0.00,2.00,1,1.00,1.00,0.00,0.00,,510,46,100.00,100.00,100.00,100.00,89.10,89.10,89.39,89.39,87.50,87.50
Honduras,HND,20200423,3.00,1,3.00,1,2.00,1,4.00,1,2.00,1,3.00,1,2.00,1,4.00,2.00,0,2.00,0.00,0.00,2.00,1,1.00,1.00,0.00,0.00,,519,47,100.00,100.00,100.00,100.00,89.10,89.10,89.39,89.39,87.50,87.50
Honduras,HND,20200424,3.00,1,3.00,1,2.00,1,4.00,1,2.00,1,3.00,1,2.00,1,4.00,2.00,0,2.00,0.00,0.00,2.00,1,1.00,1.00,0.00,0.00,,519,47,100.00,100.00,100.00,100.00,89.10,89.10,89.39,89.39,87.50,87.50
Honduras,HND,20200425,3.00,1,3.00,1,2.00,1,4.00,1,2.00,1,3.00,1,2.00,1,4.00,2.00,0,2.00,0.00,0.00,2.00,1,1.00,1.00,0.00,0.00,,591,47,100.00,100.00,100.00,100.00,89.10,89.10,89.39,89.39,87.50,87.50
Honduras,HND,20200426,3.00,1,3.00,1,2.00,1,4.00,1,2.00,1,3.00,1,2.00,1,4.00,2.00,0,2.00,0.00,0.00,2.00,1,1.00,1.00,0.00,0.00,,627,59,100.00,100.00,100.00,100.00,89.10,89.10,89.39,89.39,87.50,87.50
Honduras,HND,20200427,3.00,1,3.00,1,2.00,1,4.00,1,2.00,1,3.00,1,2.00,1,4.00,2.00,0,2.00,0.00,0.00,2.00,1,1.00,1.00,0.00,0.00,,661,61,100.00,100.00,100.00,100.00,89.10,89.10,89.39,89.39,87.50,87.50
Honduras,HND,20200428,3.00,1,3.00,1,2.00,1,4.00,1,2.00,1,3.00,1,2.00,1,4.00,2.00,0,2.00,0.00,0.00,2.00,1,1.00,1.00,0.00,0.00,,693,61,100.00,100.00,100.00,100.00,89.10,89.10,89.39,89.39,87.50,87.50
Honduras,HND,20200429,3.00,1,3.00,1,2.00,1,4.00,1,2.00,1,3.00,1,2.00,1,4.00,2.00,0,2.00,0.00,0.00,2.00,1,1.00,1.00,0.00,0.00,,738,66,100.00,100.00,100.00,100.00,89.10,89.10,89.39,89.39,87.50,87.50
Honduras,HND,20200430,3.00,1,3.00,1,2.00,1,4.00,1,2.00,1,3.00,1,2.00,1,4.00,2.00,0,2.00,0.00,0.00,2.00,1,1.00,1.00,0.00,0.00,,771,71,100.00,100.00,100.00,100.00,89.10,89.10,89.39,89.39,87.50,87.50
Honduras,HND,20200501,3.00,1,3.00,1,2.00,1,4.00,1,2.00,1,3.00,1,2.00,1,4.00,2.00,0,2.00,0.00,0.00,2.00,1,1.00,1.00,0.00,0.00,,804,75,100.00,100.00,100.00,100.00,89.10,89.10,89.39,89.39,87.50,87.50
Honduras,HND,20200502,3.00,1,3.00,1,2.00,1,4.00,1,2.00,1,3.00,1,2.00,1,4.00,2.00,0,2.00,0.00,0.00,2.00,1,1.00,1.00,0.00,0.00,,899,75,100.00,100.00,100.00,100.00,89.10,89.10,89.39,89.39,87.50,87.50
Honduras,HND,20200503,3.00,1,3.00,1,2.00,1,4.00,1,2.00,1,3.00,1,2.00,1,4.00,2.00,0,2.00,0.00,0.00,2.00,1,1.00,1.00,0.00,0.00,,1010,76,100.00,100.00,100.00,100.00,89.10,89.10,89.39,89.39,87.50,87.50
Honduras,HND,20200504,3.00,1,3.00,1,2.00,1,4.00,1,2.00,1,3.00,1,2.00,1,4.00,2.00,0,2.00,0.00,0.00,2.00,1,1.00,1.00,0.00,0.00,,1055,82,100.00,100.00,100.00,100.00,89.10,89.10,89.39,89.39,87.50,87.50
Honduras,HND,20200505,3.00,1,3.00,1,2.00,1,4.00,1,2.00,1,3.00,1,2.00,1,4.00,2.00,0,2.00,0.00,0.00,2.00,1,1.00,1.00,0.00,0.00,,1178,82,100.00,100.00,100.00,100.00,89.10,89.10,89.39,89.39,87.50,87.50
Honduras,HND,20200506,3.00,1,3.00,1,2.00,1,4.00,1,2.00,1,3.00,1,2.00,1,4.00,2.00,0,2.00,0.00,0.00,2.00,1,1.00,1.00,0.00,0.00,,1270,93,100.00,100.00,100.00,100.00,89.10,89.10,89.39,89.39,87.50,87.50
Honduras,HND,20200507,3.00,1,3.00,1,2.00,1,4.00,1,2.00,1,3.00,1,2.00,1,4.00,2.00,0,2.00,0.00,0.00,2.00,1,1.00,1.00,0.00,0.00,,1461,99,100.00,100.00,100.00,100.00,89.10,89.10,89.39,89.39,87.50,87.50
Honduras,HND,20200508,3.00,1,3.00,1,2.00,1,4.00,1,2.00,1,3.00,1,2.00,1,4.00,2.00,0,2.00,0.00,0.00,2.00,1,1.00,1.00,0.00,0.00,,1685,105,100.00,100.00,100.00,100.00,89.10,89.10,89.39,89.39,87.50,87.50
Honduras,HND,20200509,3.00,1,3.00,1,2.00,1,4.00,1,2.00,1,3.00,1,2.00,1,4.00,2.00,0,2.00,0.00,0.00,2.00,1,1.00,1.00,0.00,0.00,,1771,107,100.00,100.00,100.00,100.00,89.10,89.10,89.39,89.39,87.50,87.50
Honduras,HND,20200510,3.00,1,3.00,1,2.00,1,4.00,1,2.00,1,3.00,1,2.00,1,4.00,2.00,0,2.00,0.00,0.00,2.00,1,1.00,1.00,0.00,0.00,,1830,108,100.00,100.00,100.00,100.00,89.10,89.10,89.39,89.39,87.50,87.50
Honduras,HND,20200511,3.00,1,3.00,1,2.00,1,4.00,1,2.00,1,3.00,1,2.00,1,4.00,2.00,0,2.00,0.00,0.00,2.00,1,1.00,1.00,0.00,0.00,,1972,108,100.00,100.00,100.00,100.00,89.10,89.10,89.39,89.39,87.50,87.50
Honduras,HND,20200512,3.00,1,3.00,1,2.00,1,4.00,1,2.00,1,3.00,1,2.00,1,4.00,2.00,0,2.00,0.00,0.00,2.00,1,1.00,1.00,0.00,0.00,,2006,116,100.00,100.00,100.00,100.00,89.10,89.10,89.39,89.39,87.50,87.50
Honduras,HND,20200513,3.00,1,3.00,1,2.00,1,4.00,1,2.00,1,3.00,1,2.00,1,4.00,2.00,0,2.00,0.00,0.00,2.00,1,1.00,1.00,0.00,0.00,,2080,121,100.00,100.00,100.00,100.00,89.10,89.10,89.39,89.39,87.50,87.50
Honduras,HND,20200514,3.00,1,3.00,1,2.00,1,4.00,1,2.00,1,3.00,1,2.00,1,4.00,2.00,0,2.00,0.00,0.00,2.00,1,1.00,1.00,0.00,0.00,,2255,123,100.00,100.00,100.00,100.00,89.10,89.10,89.39,89.39,87.50,87.50
Honduras,HND,20200515,3.00,1,3.00,1,2.00,1,4.00,1,2.00,1,3.00,1,2.00,1,4.00,2.00,0,2.00,0.00,0.00,2.00,1,1.00,1.00,0.00,0.00,,2318,133,100.00,100.00,100.00,100.00,89.10,89.10,89.39,89.39,87.50,87.50
Honduras,HND,20200516,3.00,1,3.00,1,2.00,1,4.00,1,2.00,1,3.00,1,2.00,1,4.00,2.00,0,2.00,0.00,0.00,2.00,1,1.00,1.00,0.00,0.00,,2460,134,100.00,100.00,100.00,100.00,89.10,89.10,89.39,89.39,87.50,87.50
Honduras,HND,20200517,3.00,1,3.00,1,2.00,1,4.00,1,2.00,1,3.00,1,2.00,1,4.00,2.00,0,2.00,0.00,0.00,2.00,1,1.00,1.00,0.00,0.00,,2565,138,100.00,100.00,100.00,100.00,89.10,89.10,89.39,89.39,87.50,87.50
Honduras,HND,20200518,3.00,1,3.00,1,2.00,1,4.00,1,2.00,1,3.00,1,2.00,1,4.00,2.00,0,2.00,0.00,0.00,2.00,1,1.00,1.00,0.00,0.00,,2646,142,100.00,100.00,100.00,100.00,89.10,89.10,89.39,89.39,87.50,87.50
Honduras,HND,20200519,3.00,1,3.00,1,2.00,1,4.00,1,2.00,1,3.00,1,2.00,1,4.00,2.00,0,2.00,0.00,0.00,2.00,1,1.00,1.00,0.00,0.00,,2798,146,100.00,100.00,100.00,100.00,89.10,89.10,89.39,89.39,87.50,87.50
Honduras,HND,20200520,3.00,1,3.00,1,2.00,1,4.00,1,2.00,1,3.00,1,2.00,1,4.00,2.00,0,2.00,0.00,0.00,2.00,1,1.00,1.00,0.00,0.00,,2955,147,100.00,100.00,100.00,100.00,89.10,89.10,89.39,89.39,87.50,87.50
Honduras,HND,20200521,3.00,1,3.00,1,2.00,1,4.00,1,2.00,1,3.00,1,2.00,1,4.00,2.00,0,2.00,0.00,0.00,2.00,1,1.00,1.00,0.00,0.00,,3100,151,100.00,100.00,100.00,100.00,89.10,89.10,89.39,89.39,87.50,87.50
Honduras,HND,20200522,3.00,1,3.00,1,2.00,1,4.00,1,2.00,1,3.00,1,2.00,1,4.00,2.00,0,2.00,0.00,0.00,2.00,1,1.00,1.00,0.00,0.00,,3204,156,100.00,100.00,100.00,100.00,89.10,89.10,89.39,89.39,87.50,87.50
Honduras,HND,20200523,3.00,1,3.00,1,2.00,1,4.00,1,2.00,1,3.00,1,2.00,1,4.00,2.00,0,2.00,0.00,0.00,2.00,1,1.00,1.00,0.00,0.00,,3477,167,100.00,100.00,100.00,100.00,89.10,89.10,89.39,89.39,87.50,87.50
Honduras,HND,20200524,3.00,1,3.00,1,2.00,1,4.00,1,2.00,1,3.00,1,2.00,1,4.00,2.00,0,2.00,0.00,0.00,2.00,1,1.00,1.00,0.00,0.00,,3743,174,100.00,100.00,100.00,100.00,89.10,89.10,89.39,89.39,87.50,87.50
Honduras,HND,20200525,3.00,1,3.00,1,2.00,1,4.00,1,2.00,1,3.00,1,2.00,1,4.00,2.00,0,2.00,0.00,0.00,2.00,1,1.00,1.00,0.00,0.00,,3950,180,100.00,100.00,100.00,100.00,89.10,89.10,89.39,89.39,87.50,87.50
Honduras,HND,20200526,3.00,1,3.00,1,2.00,1,4.00,1,2.00,1,3.00,1,2.00,1,4.00,2.00,0,2.00,0.00,0.00,2.00,1,1.00,1.00,0.00,0.00,,4189,182,100.00,100.00,100.00,100.00,89.10,89.10,89.39,89.39,87.50,87.50
Honduras,HND,20200527,3.00,1,3.00,1,2.00,1,4.00,1,2.00,1,3.00,1,2.00,1,4.00,2.00,0,2.00,0.00,0.00,2.00,1,1.00,1.00,0.00,0.00,,4401,188,100.00,100.00,100.00,100.00,89.10,89.10,89.39,89.39,87.50,87.50
Honduras,HND,20200528,3.00,1,3.00,1,2.00,1,4.00,1,2.00,1,3.00,1,2.00,1,4.00,2.00,0,2.00,0.00,0.00,2.00,1,1.00,1.00,0.00,0.00,,4640,194,100.00,100.00,100.00,100.00,89.10,89.10,89.39,89.39,87.50,87.50
Honduras,HND,20200529,3.00,1,3.00,1,2.00,1,4.00,1,2.00,1,3.00,1,2.00,1,4.00,2.00,0,2.00,0.00,0.00,2.00,1,1.00,1.00,0.00,0.00,,4752,196,100.00,100.00,100.00,100.00,89.10,89.10,89.39,89.39,87.50,87.50
Honduras,HND,20200530,3.00,1,3.00,1,2.00,1,4.00,1,2.00,1,3.00,1,2.00,1,4.00,2.00,0,2.00,0.00,0.00,2.00,1,1.00,1.00,0.00,0.00,,4886,199,100.00,100.00,100.00,100.00,89.10,89.10,89.39,89.39,87.50,87.50
Honduras,HND,20200531,3.00,1,3.00,1,2.00,1,4.00,1,2.00,1,3.00,1,2.00,1,4.00,2.00,0,2.00,0.00,0.00,2.00,1,1.00,1.00,0.00,0.00,,5094,201,100.00,100.00,100.00,100.00,89.10,89.10,89.39,89.39,87.50,87.50
Honduras,HND,20200601,3.00,1,3.00,1,2.00,1,4.00,1,2.00,1,3.00,1,2.00,1,4.00,2.00,0,2.00,0.00,0.00,2.00,1,1.00,1.00,0.00,0.00,,5202,212,100.00,100.00,100.00,100.00,89.10,89.10,89.39,89.39,87.50,87.50
Honduras,HND,20200602,3.00,1,3.00,1,2.00,1,4.00,1,2.00,1,3.00,1,2.00,1,4.00,2.00,0,2.00,0.00,0.00,2.00,1,1.00,1.00,0.00,0.00,,5362,217,100.00,100.00,100.00,100.00,89.10,89.10,89.39,89.39,87.50,87.50
Honduras,HND,20200603,3.00,1,3.00,1,2.00,1,4.00,1,2.00,1,3.00,1,2.00,1,4.00,2.00,0,2.00,0.00,0.00,2.00,1,1.00,1.00,0.00,0.00,,5527,225,100.00,100.00,100.00,100.00,89.10,89.10,89.39,89.39,87.50,87.50
Honduras,HND,20200604,3.00,1,3.00,1,2.00,1,4.00,1,2.00,1,3.00,1,2.00,1,4.00,2.00,0,2.00,0.00,0.00,2.00,1,1.00,1.00,0.00,0.00,,5690,234,100.00,100.00,100.00,100.00,89.10,89.10,89.39,89.39,87.50,87.50
Honduras,HND,20200605,3.00,1,3.00,1,2.00,1,4.00,1,2.00,1,3.00,1,2.00,1,4.00,2.00,0,2.00,0.00,0.00,2.00,1,1.00,1.00,0.00,0.00,,5880,243,100.00,100.00,100.00,100.00,89.10,89.10,89.39,89.39,87.50,87.50
Honduras,HND,20200606,3.00,1,3.00,1,2.00,1,4.00,1,2.00,1,3.00,1,2.00,1,4.00,2.00,0,2.00,0.00,0.00,2.00,1,1.00,1.00,0.00,0.00,,5971,248,100.00,100.00,100.00,100.00,89.10,89.10,89.39,89.39,87.50,87.50
Honduras,HND,20200607,3.00,1,3.00,1,2.00,1,4.00,1,2.00,1,3.00,1,2.00,1,4.00,2.00,0,2.00,0.00,0.00,2.00,1,1.00,1.00,0.00,0.00,,6155,250,100.00,100.00,100.00,100.00,89.10,89.10,89.39,89.39,87.50,87.50
Honduras,HND,20200608,3.00,1,2.00,1,2.00,1,4.00,1,2.00,1,3.00,1,2.00,1,4.00,2.00,0,2.00,0.00,0.00,2.00,1,1.00,1.00,0.00,0.00,,6327,258,96.30,96.30,96.43,96.43,86.54,86.54,86.36,86.36,87.50,87.50
Honduras,HND,20200609,3.00,1,2.00,1,2.00,1,4.00,1,2.00,1,3.00,1,2.00,1,4.00,2.00,0,2.00,0.00,0.00,2.00,1,1.00,1.00,0.00,0.00,,6450,262,96.30,96.30,96.43,96.43,86.54,86.54,86.36,86.36,87.50,87.50
Honduras,HND,20200610,3.00,1,2.00,1,2.00,1,4.00,1,2.00,1,3.00,1,2.00,1,4.00,2.00,0,2.00,0.00,0.00,2.00,1,1.00,1.00,0.00,0.00,,6935,271,96.30,96.30,96.43,96.43,86.54,86.54,86.36,86.36,87.50,87.50
Honduras,HND,20200611,3.00,1,2.00,1,2.00,1,4.00,1,2.00,1,3.00,1,2.00,1,4.00,2.00,0,2.00,0.00,0.00,2.00,1,1.00,1.00,0.00,0.00,,7360,290,96.30,96.30,96.43,96.43,86.54,86.54,86.36,86.36,87.50,87.50
Honduras,HND,20200612,3.00,1,2.00,1,2.00,1,4.00,1,2.00,1,3.00,1,2.00,1,4.00,2.00,0,2.00,0.00,0.00,2.00,1,1.00,1.00,0.00,0.00,,7669,294,96.30,96.30,96.43,96.43,86.54,86.54,86.36,86.36,87.50,87.50
Honduras,HND,20200613,3.00,1,2.00,1,2.00,1,4.00,1,2.00,1,3.00,1,2.00,1,4.00,2.00,0,2.00,0.00,0.00,2.00,1,1.00,1.00,0.00,0.00,,8132,306,96.30,96.30,96.43,96.43,86.54,86.54,86.36,86.36,87.50,87.50
Honduras,HND,20200614,3.00,1,2.00,1,2.00,1,4.00,1,2.00,1,3.00,1,2.00,1,4.00,2.00,0,2.00,0.00,0.00,2.00,1,1.00,1.00,0.00,0.00,,8455,310,96.30,96.30,96.43,96.43,86.54,86.54,86.36,86.36,87.50,87.50
Honduras,HND,20200615,3.00,1,2.00,1,2.00,1,4.00,1,2.00,1,3.00,1,2.00,1,4.00,2.00,0,2.00,0.00,0.00,2.00,1,1.00,1.00,0.00,0.00,,8858,312,96.30,96.30,96.43,96.43,86.54,86.54,86.36,86.36,87.50,87.50
Honduras,HND,20200616,3.00,1,2.00,1,2.00,1,4.00,1,2.00,1,3.00,1,2.00,1,4.00,2.00,0,2.00,0.00,0.00,2.00,1,1.00,1.00,0.00,0.00,,9178,322,96.30,96.30,96.43,96.43,86.54,86.54,86.36,86.36,87.50,87.50
Honduras,HND,20200617,3.00,1,2.00,1,2.00,1,4.00,1,2.00,1,3.00,1,2.00,1,4.00,2.00,0,2.00,0.00,0.00,2.00,1,1.00,1.00,0.00,0.00,,9656,330,96.30,96.30,96.43,96.43,86.54,86.54,86.36,86.36,87.50,87.50
Honduras,HND,20200618,3.00,1,2.00,1,2.00,1,4.00,1,2.00,1,3.00,1,2.00,1,4.00,2.00,0,2.00,0.00,0.00,2.00,1,1.00,1.00,0.00,0.00,,10299,336,96.30,96.30,96.43,96.43,86.54,86.54,86.36,86.36,87.50,87.50
Honduras,HND,20200619,3.00,1,2.00,1,2.00,1,4.00,1,2.00,1,3.00,1,2.00,1,4.00,2.00,0,2.00,0.00,0.00,2.00,1,1.00,1.00,0.00,0.00,,10739,343,96.30,96.30,96.43,96.43,86.54,86.54,86.36,86.36,87.50,87.50
Honduras,HND,20200620,3.00,1,2.00,1,2.00,1,4.00,1,2.00,1,3.00,1,2.00,1,4.00,2.00,0,2.00,0.00,0.00,2.00,1,1.00,1.00,0.00,0.00,,11258,349,96.30,96.30,96.43,96.43,86.54,86.54,86.36,86.36,87.50,87.50
Honduras,HND,20200621,3.00,1,2.00,1,2.00,1,4.00,1,2.00,1,3.00,1,2.00,1,4.00,2.00,0,2.00,0.00,0.00,2.00,1,1.00,1.00,0.00,0.00,,12250,358,96.30,96.30,96.43,96.43,86.54,86.54,86.36,86.36,87.50,87.50
Honduras,HND,20200622,,,,,,,,,,,,,,,,,,,,,,,,,,,,12769,363,,96.30,,96.43,,86.54,,86.36,,87.50
Honduras,HND,20200623,,,,,,,,,,,,,,,,,,,,,,,,,,,,13356,395,,96.30,,96.43,,86.54,,86.36,,87.50
