Hong Kong,HKG,20200101,0.00,,0.00,,0.00,,0.00,,0.00,,0.00,,0.00,,1.00,0.00,,0.00,0.00,0.00,2.00,1,0.00,0.00,0.00,0.00,,,,13.89,13.89,17.86,17.86,9.62,9.62,11.36,11.36,0.00,0.00
Hong Kong,HKG,20200102,0.00,,0.00,,0.00,,0.00,,0.00,,0.00,,0.00,,1.00,0.00,,0.00,0.00,0.00,2.00,1,0.00,0.00,0.00,0.00,,,,13.89,13.89,17.86,17.86,9.62,9.62,11.36,11.36,0.00,0.00
Hong Kong,HKG,20200103,0.00,,0.00,,0.00,,0.00,,0.00,,0.00,,0.00,,1.00,0.00,,0.00,0.00,0.00,2.00,1,0.00,0.00,0.00,0.00,,,,13.89,13.89,17.86,17.86,9.62,9.62,11.36,11.36,0.00,0.00
Hong Kong,HKG,20200104,0.00,,0.00,,0.00,,0.00,,0.00,,0.00,,0.00,,1.00,0.00,,0.00,0.00,0.00,2.00,1,0.00,0.00,0.00,0.00,,,,13.89,13.89,17.86,17.86,9.62,9.62,11.36,11.36,0.00,0.00
Hong Kong,HKG,20200105,0.00,,0.00,,0.00,,0.00,,0.00,,0.00,,0.00,,1.00,0.00,,0.00,0.00,0.00,2.00,1,0.00,0.00,0.00,0.00,,,,13.89,13.89,17.86,17.86,9.62,9.62,11.36,11.36,0.00,0.00
Hong Kong,HKG,20200106,0.00,,0.00,,0.00,,0.00,,0.00,,0.00,,0.00,,1.00,0.00,,0.00,0.00,0.00,2.00,1,0.00,0.00,0.00,0.00,,,,13.89,13.89,17.86,17.86,9.62,9.62,11.36,11.36,0.00,0.00
Hong Kong,HKG,20200107,0.00,,0.00,,0.00,,0.00,,0.00,,0.00,,0.00,,1.00,0.00,,0.00,0.00,0.00,2.00,1,0.00,0.00,0.00,0.00,,,,13.89,13.89,17.86,17.86,9.62,9.62,11.36,11.36,0.00,0.00
Hong Kong,HKG,20200108,0.00,,0.00,,0.00,,0.00,,0.00,,0.00,,0.00,,1.00,0.00,,0.00,0.00,0.00,2.00,1,0.00,0.00,0.00,0.00,,,,13.89,13.89,17.86,17.86,9.62,9.62,11.36,11.36,0.00,0.00
Hong Kong,HKG,20200109,0.00,,0.00,,0.00,,0.00,,0.00,,0.00,,0.00,,1.00,0.00,,0.00,0.00,0.00,2.00,1,0.00,0.00,0.00,0.00,,,,13.89,13.89,17.86,17.86,9.62,9.62,11.36,11.36,0.00,0.00
Hong Kong,HKG,20200110,0.00,,0.00,,0.00,,0.00,,0.00,,0.00,,0.00,,1.00,0.00,,0.00,0.00,0.00,2.00,1,0.00,0.00,0.00,0.00,,,,13.89,13.89,17.86,17.86,9.62,9.62,11.36,11.36,0.00,0.00
Hong Kong,HKG,20200111,0.00,,0.00,,0.00,,0.00,,0.00,,0.00,,0.00,,1.00,0.00,,0.00,0.00,0.00,2.00,1,0.00,0.00,0.00,0.00,,,,13.89,13.89,17.86,17.86,9.62,9.62,11.36,11.36,0.00,0.00
Hong Kong,HKG,20200112,0.00,,0.00,,0.00,,0.00,,0.00,,0.00,,0.00,,1.00,0.00,,0.00,0.00,0.00,2.00,1,0.00,0.00,0.00,0.00,,,,13.89,13.89,17.86,17.86,9.62,9.62,11.36,11.36,0.00,0.00
Hong Kong,HKG,20200113,0.00,,0.00,,0.00,,0.00,,0.00,,0.00,,0.00,,1.00,0.00,,0.00,0.00,0.00,2.00,1,1.00,0.00,0.00,0.00,,,,13.89,13.89,17.86,17.86,12.18,12.18,14.39,14.39,0.00,0.00
Hong Kong,HKG,20200114,0.00,,0.00,,0.00,,0.00,,0.00,,0.00,,0.00,,1.00,0.00,,0.00,0.00,0.00,2.00,1,1.00,0.00,0.00,0.00,,,,13.89,13.89,17.86,17.86,12.18,12.18,14.39,14.39,0.00,0.00
Hong Kong,HKG,20200115,0.00,,0.00,,0.00,,0.00,,0.00,,0.00,,0.00,,1.00,0.00,,0.00,0.00,0.00,2.00,1,1.00,0.00,0.00,0.00,,,,13.89,13.89,17.86,17.86,12.18,12.18,14.39,14.39,0.00,0.00
Hong Kong,HKG,20200116,0.00,,0.00,,0.00,,0.00,,0.00,,0.00,,0.00,,1.00,0.00,,0.00,0.00,0.00,2.00,1,1.00,0.00,0.00,0.00,,,,13.89,13.89,17.86,17.86,12.18,12.18,14.39,14.39,0.00,0.00
Hong Kong,HKG,20200117,0.00,,0.00,,0.00,,0.00,,0.00,,0.00,,0.00,,1.00,0.00,,0.00,0.00,0.00,2.00,1,1.00,0.00,0.00,0.00,,,,13.89,13.89,17.86,17.86,12.18,12.18,14.39,14.39,0.00,0.00
Hong Kong,HKG,20200118,0.00,,0.00,,0.00,,0.00,,0.00,,0.00,,0.00,,1.00,0.00,,0.00,0.00,0.00,2.00,1,1.00,0.00,0.00,0.00,,,,13.89,13.89,17.86,17.86,12.18,12.18,14.39,14.39,0.00,0.00
Hong Kong,HKG,20200119,0.00,,0.00,,0.00,,0.00,,0.00,,0.00,,0.00,,1.00,0.00,,0.00,0.00,0.00,2.00,1,1.00,0.00,0.00,0.00,,,,13.89,13.89,17.86,17.86,12.18,12.18,14.39,14.39,0.00,0.00
Hong Kong,HKG,20200120,0.00,,0.00,,0.00,,0.00,,0.00,,0.00,,0.00,,1.00,0.00,,0.00,0.00,0.00,2.00,1,1.00,0.00,0.00,0.00,,,,13.89,13.89,17.86,17.86,12.18,12.18,14.39,14.39,0.00,0.00
Hong Kong,HKG,20200121,0.00,,0.00,,0.00,,0.00,,0.00,,0.00,,0.00,,1.00,0.00,,0.00,0.00,0.00,2.00,1,1.00,0.00,0.00,0.00,,,,13.89,13.89,17.86,17.86,12.18,12.18,14.39,14.39,0.00,0.00
Hong Kong,HKG,20200122,0.00,,0.00,,0.00,,0.00,,0.00,,0.00,,0.00,,1.00,0.00,,0.00,0.00,0.00,2.00,1,1.00,2.00,0.00,0.00,,0,0,13.89,13.89,17.86,17.86,19.87,19.87,23.48,23.48,0.00,0.00
Hong Kong,HKG,20200123,0.00,,0.00,,0.00,,0.00,,0.00,,0.00,,0.00,,1.00,0.00,,0.00,0.00,0.00,2.00,1,1.00,2.00,0.00,0.00,,2,0,13.89,13.89,17.86,17.86,19.87,19.87,23.48,23.48,0.00,0.00
Hong Kong,HKG,20200124,0.00,,0.00,,0.00,,0.00,,0.00,,0.00,,0.00,,1.00,0.00,,0.00,0.00,0.00,2.00,1,1.00,2.00,0.00,0.00,,2,0,13.89,13.89,17.86,17.86,19.87,19.87,23.48,23.48,0.00,0.00
Hong Kong,HKG,20200125,3.00,1,0.00,,0.00,,0.00,,0.00,,0.00,,0.00,,1.00,0.00,,0.00,0.00,0.00,2.00,1,1.00,2.00,0.00,0.00,,5,0,25.00,25.00,32.14,32.14,27.56,27.56,32.58,32.58,0.00,0.00
Hong Kong,HKG,20200126,3.00,1,0.00,,2.00,1,0.00,,0.00,,0.00,,0.00,,1.00,0.00,,0.00,0.00,0.00,2.00,1,1.00,2.00,0.00,0.00,,8,0,36.11,36.11,46.43,46.43,35.26,35.26,41.67,41.67,0.00,0.00
Hong Kong,HKG,20200127,3.00,1,0.00,,2.00,1,0.00,,0.00,,0.00,,0.00,,3.00,0.00,,0.00,0.00,0.00,2.00,1,1.00,2.00,0.00,0.00,,8,0,41.67,41.67,53.57,53.57,39.10,39.10,46.21,46.21,0.00,0.00
Hong Kong,HKG,20200128,3.00,1,1.00,1,2.00,1,0.00,,0.00,,0.00,,0.00,,3.00,0.00,,0.00,0.00,0.00,2.00,1,1.00,2.00,0.00,,,8,0,45.37,45.37,60.71,60.71,41.67,41.67,49.24,49.24,0.00,0.00
Hong Kong,HKG,20200129,3.00,1,2.00,1,2.00,1,0.00,,0.00,,0.00,,0.00,,3.00,0.00,,0.00,0.00,0.00,2.00,1,1.00,2.00,0.00,0.00,,10,0,49.07,49.07,64.29,64.29,44.23,44.23,52.27,52.27,0.00,0.00
Hong Kong,HKG,20200130,3.00,1,2.00,1,2.00,1,0.00,,0.00,,0.00,,0.00,,3.00,0.00,,0.00,0.00,0.00,2.00,1,1.00,2.00,0.00,0.00,,10,0,49.07,49.07,64.29,64.29,44.23,44.23,52.27,52.27,0.00,0.00
Hong Kong,HKG,20200131,3.00,1,2.00,1,2.00,1,0.00,,0.00,,0.00,,0.00,,3.00,0.00,,0.00,0.00,0.00,2.00,1,1.00,2.00,0.00,0.00,,12,0,49.07,49.07,64.29,64.29,44.23,44.23,52.27,52.27,0.00,0.00
Hong Kong,HKG,20200201,3.00,1,2.00,1,2.00,1,0.00,,0.00,,0.00,,0.00,,3.00,0.00,,0.00,0.00,0.00,2.00,1,1.00,2.00,0.00,0.00,,13,0,49.07,49.07,64.29,64.29,44.23,44.23,52.27,52.27,0.00,0.00
Hong Kong,HKG,20200202,3.00,1,2.00,1,2.00,1,0.00,,0.00,,0.00,,0.00,,3.00,0.00,,0.00,0.00,0.00,2.00,1,1.00,2.00,0.00,0.00,,15,0,49.07,49.07,64.29,64.29,44.23,44.23,52.27,52.27,0.00,0.00
Hong Kong,HKG,20200203,3.00,1,2.00,1,2.00,1,0.00,,0.00,,0.00,,0.00,,3.00,0.00,,0.00,0.00,0.00,2.00,1,1.00,2.00,0.00,0.00,,15,0,49.07,49.07,64.29,64.29,44.23,44.23,52.27,52.27,0.00,0.00
Hong Kong,HKG,20200204,3.00,1,2.00,1,2.00,1,0.00,,0.00,,0.00,,0.00,,3.00,0.00,,0.00,0.00,0.00,2.00,1,1.00,2.00,0.00,0.00,,17,1,49.07,49.07,64.29,64.29,44.23,44.23,52.27,52.27,0.00,0.00
Hong Kong,HKG,20200205,3.00,1,2.00,1,2.00,1,0.00,,0.00,,0.00,,0.00,,3.00,0.00,,0.00,0.00,0.00,2.00,1,1.00,2.00,0.00,0.00,,21,1,49.07,49.07,64.29,64.29,44.23,44.23,52.27,52.27,0.00,0.00
Hong Kong,HKG,20200206,3.00,1,2.00,1,2.00,1,0.00,,0.00,,0.00,,0.00,,3.00,0.00,,0.00,0.00,0.00,2.00,1,1.00,2.00,0.00,0.00,,24,1,49.07,49.07,64.29,64.29,44.23,44.23,52.27,52.27,0.00,0.00
Hong Kong,HKG,20200207,3.00,1,2.00,1,2.00,1,0.00,,0.00,,0.00,,0.00,,3.00,0.00,,0.00,0.00,0.00,2.00,1,1.00,2.00,0.00,0.00,,25,1,49.07,49.07,64.29,64.29,44.23,44.23,52.27,52.27,0.00,0.00
Hong Kong,HKG,20200208,3.00,1,2.00,1,2.00,1,0.00,,0.00,,1.00,1,0.00,,3.00,0.00,,0.00,0.00,0.00,2.00,1,1.00,2.00,0.00,0.00,,26,1,52.78,52.78,71.43,71.43,46.79,46.79,55.30,55.30,0.00,0.00
Hong Kong,HKG,20200209,3.00,1,2.00,1,2.00,1,0.00,,0.00,,1.00,1,0.00,,3.00,0.00,,0.00,0.00,0.00,2.00,1,1.00,2.00,0.00,0.00,,29,1,52.78,52.78,71.43,71.43,46.79,46.79,55.30,55.30,0.00,0.00
Hong Kong,HKG,20200210,3.00,1,2.00,1,2.00,1,0.00,,0.00,,1.00,1,0.00,,3.00,0.00,,0.00,0.00,0.00,2.00,1,1.00,2.00,0.00,0.00,,38,1,52.78,52.78,71.43,71.43,46.79,46.79,55.30,55.30,0.00,0.00
Hong Kong,HKG,20200211,3.00,1,2.00,1,2.00,1,0.00,,0.00,,1.00,1,0.00,,3.00,0.00,,0.00,0.00,0.00,2.00,1,1.00,2.00,0.00,0.00,,49,1,52.78,52.78,71.43,71.43,46.79,46.79,55.30,55.30,0.00,0.00
Hong Kong,HKG,20200212,3.00,1,2.00,1,2.00,1,0.00,,0.00,,1.00,1,0.00,,3.00,0.00,,0.00,0.00,0.00,2.00,1,1.00,2.00,0.00,0.00,,50,1,52.78,52.78,71.43,71.43,46.79,46.79,55.30,55.30,0.00,0.00
Hong Kong,HKG,20200213,3.00,1,2.00,1,2.00,1,0.00,,0.00,,1.00,1,0.00,,3.00,0.00,,0.00,0.00,0.00,2.00,1,1.00,2.00,0.00,0.00,,53,1,52.78,52.78,71.43,71.43,46.79,46.79,55.30,55.30,0.00,0.00
Hong Kong,HKG,20200214,3.00,1,2.00,1,2.00,1,0.00,,0.00,,1.00,1,0.00,,3.00,0.00,,0.00,0.00,0.00,2.00,1,1.00,2.00,0.00,0.00,,56,1,52.78,52.78,71.43,71.43,46.79,46.79,55.30,55.30,0.00,0.00
Hong Kong,HKG,20200215,3.00,1,2.00,1,2.00,1,0.00,,0.00,,1.00,1,0.00,,3.00,0.00,,0.00,0.00,0.00,2.00,1,1.00,2.00,0.00,0.00,,56,1,52.78,52.78,71.43,71.43,46.79,46.79,55.30,55.30,0.00,0.00
Hong Kong,HKG,20200216,3.00,1,2.00,1,2.00,1,0.00,,0.00,,1.00,1,0.00,,3.00,0.00,,0.00,0.00,0.00,2.00,1,1.00,2.00,0.00,0.00,,57,1,52.78,52.78,71.43,71.43,46.79,46.79,55.30,55.30,0.00,0.00
Hong Kong,HKG,20200217,3.00,1,2.00,1,2.00,1,0.00,,0.00,,1.00,1,0.00,,3.00,0.00,,0.00,0.00,0.00,2.00,1,1.00,2.00,0.00,0.00,,60,1,52.78,52.78,71.43,71.43,46.79,46.79,55.30,55.30,0.00,0.00
Hong Kong,HKG,20200218,3.00,1,2.00,1,2.00,1,0.00,,0.00,,1.00,1,0.00,,3.00,0.00,,0.00,0.00,0.00,2.00,1,1.00,2.00,0.00,0.00,,62,1,52.78,52.78,71.43,71.43,46.79,46.79,55.30,55.30,0.00,0.00
Hong Kong,HKG,20200219,3.00,1,2.00,1,2.00,1,0.00,,0.00,,1.00,1,0.00,,3.00,0.00,,0.00,0.00,0.00,2.00,1,2.00,2.00,0.00,0.00,,63,2,52.78,52.78,71.43,71.43,49.36,49.36,58.33,58.33,0.00,0.00
Hong Kong,HKG,20200220,3.00,1,2.00,1,2.00,1,0.00,,0.00,,1.00,1,0.00,,3.00,0.00,,0.00,0.00,0.00,2.00,1,2.00,2.00,0.00,0.00,,68,2,52.78,52.78,71.43,71.43,49.36,49.36,58.33,58.33,0.00,0.00
Hong Kong,HKG,20200221,3.00,1,2.00,1,2.00,1,0.00,,0.00,,1.00,1,0.00,,3.00,0.00,,0.00,2170012300.00,0.00,2.00,1,2.00,2.00,1308494000.00,0.00,,68,2,52.78,52.78,71.43,71.43,49.36,49.36,58.33,58.33,0.00,0.00
Hong Kong,HKG,20200222,3.00,1,2.00,1,2.00,1,0.00,,0.00,,1.00,1,0.00,,3.00,0.00,,0.00,0.00,0.00,2.00,1,2.00,2.00,0.00,0.00,,69,2,52.78,52.78,71.43,71.43,49.36,49.36,58.33,58.33,0.00,0.00
Hong Kong,HKG,20200223,3.00,1,2.00,1,2.00,1,0.00,,0.00,,1.00,1,0.00,,3.00,0.00,,0.00,0.00,0.00,2.00,1,2.00,2.00,0.00,0.00,,74,2,52.78,52.78,71.43,71.43,49.36,49.36,58.33,58.33,0.00,0.00
Hong Kong,HKG,20200224,3.00,1,2.00,1,2.00,1,0.00,,0.00,,1.00,1,0.00,,3.00,0.00,,0.00,0.00,0.00,2.00,1,2.00,2.00,0.00,0.00,,79,2,52.78,52.78,71.43,71.43,49.36,49.36,58.33,58.33,0.00,0.00
Hong Kong,HKG,20200225,3.00,1,2.00,1,2.00,1,0.00,,0.00,,1.00,1,0.00,,3.00,0.00,,0.00,0.00,0.00,2.00,1,2.00,2.00,0.00,0.00,,84,2,52.78,52.78,71.43,71.43,49.36,49.36,58.33,58.33,0.00,0.00
Hong Kong,HKG,20200226,3.00,1,2.00,1,2.00,1,0.00,,0.00,,1.00,1,0.00,,3.00,2.00,1,2.00,15397022000.00,0.00,2.00,1,2.00,2.00,0.00,0.00,,91,2,52.78,52.78,71.43,71.43,64.74,64.74,58.33,58.33,100.00,100.00
Hong Kong,HKG,20200227,3.00,1,2.00,1,2.00,1,0.00,,0.00,,1.00,1,0.00,,3.00,2.00,1,2.00,0.00,0.00,2.00,1,2.00,2.00,0.00,0.00,,92,2,52.78,52.78,71.43,71.43,64.74,64.74,58.33,58.33,100.00,100.00
Hong Kong,HKG,20200228,3.00,1,2.00,1,2.00,1,0.00,,0.00,,1.00,1,0.00,,3.00,2.00,1,2.00,0.00,0.00,2.00,1,2.00,2.00,0.00,0.00,,94,2,52.78,52.78,71.43,71.43,64.74,64.74,58.33,58.33,100.00,100.00
Hong Kong,HKG,20200229,3.00,1,2.00,1,2.00,1,0.00,,0.00,,1.00,1,0.00,,3.00,2.00,1,2.00,0.00,0.00,2.00,1,2.00,2.00,0.00,0.00,,95,2,52.78,52.78,71.43,71.43,64.74,64.74,58.33,58.33,100.00,100.00
Hong Kong,HKG,20200301,3.00,1,2.00,1,2.00,1,0.00,,0.00,,1.00,1,0.00,,3.00,2.00,1,2.00,0.00,0.00,2.00,1,2.00,2.00,0.00,0.00,,96,2,52.78,52.78,71.43,71.43,64.74,64.74,58.33,58.33,100.00,100.00
Hong Kong,HKG,20200302,3.00,1,0.00,,2.00,1,0.00,,0.00,,1.00,1,0.00,,3.00,2.00,1,2.00,0.00,0.00,2.00,1,2.00,2.00,0.00,0.00,,100,2,45.37,45.37,60.71,60.71,59.62,59.62,52.27,52.27,100.00,100.00
Hong Kong,HKG,20200303,3.00,1,0.00,,2.00,1,0.00,,0.00,,1.00,1,0.00,,3.00,2.00,1,2.00,0.00,0.00,2.00,1,2.00,2.00,0.00,0.00,,100,2,45.37,45.37,60.71,60.71,59.62,59.62,52.27,52.27,100.00,100.00
Hong Kong,HKG,20200304,3.00,1,0.00,,2.00,1,0.00,,0.00,,1.00,1,0.00,,3.00,2.00,1,2.00,0.00,0.00,2.00,1,2.00,2.00,0.00,0.00,,105,2,45.37,45.37,60.71,60.71,59.62,59.62,52.27,52.27,100.00,100.00
Hong Kong,HKG,20200305,3.00,1,0.00,,2.00,1,0.00,,0.00,,1.00,1,0.00,,3.00,2.00,1,2.00,0.00,0.00,2.00,1,2.00,2.00,0.00,0.00,,105,2,45.37,45.37,60.71,60.71,59.62,59.62,52.27,52.27,100.00,100.00
Hong Kong,HKG,20200306,3.00,1,0.00,,2.00,1,0.00,,0.00,,1.00,1,0.00,,3.00,2.00,1,2.00,0.00,0.00,2.00,1,2.00,2.00,0.00,0.00,,107,2,45.37,45.37,60.71,60.71,59.62,59.62,52.27,52.27,100.00,100.00
Hong Kong,HKG,20200307,3.00,1,0.00,,2.00,1,0.00,,0.00,,1.00,1,0.00,,3.00,2.00,1,2.00,0.00,0.00,2.00,1,2.00,2.00,0.00,0.00,,108,2,45.37,45.37,60.71,60.71,59.62,59.62,52.27,52.27,100.00,100.00
Hong Kong,HKG,20200308,3.00,1,0.00,,2.00,1,0.00,,0.00,,1.00,1,0.00,,3.00,2.00,1,2.00,0.00,0.00,2.00,1,2.00,2.00,0.00,0.00,,114,3,45.37,45.37,60.71,60.71,59.62,59.62,52.27,52.27,100.00,100.00
Hong Kong,HKG,20200309,3.00,1,0.00,,2.00,1,0.00,,0.00,,1.00,1,0.00,,3.00,2.00,1,2.00,0.00,0.00,2.00,1,2.00,2.00,0.00,0.00,,115,3,45.37,45.37,60.71,60.71,59.62,59.62,52.27,52.27,100.00,100.00
Hong Kong,HKG,20200310,3.00,1,0.00,,2.00,1,0.00,,0.00,,1.00,1,0.00,,3.00,2.00,1,2.00,0.00,0.00,2.00,1,2.00,2.00,0.00,0.00,,120,3,45.37,45.37,60.71,60.71,59.62,59.62,52.27,52.27,100.00,100.00
Hong Kong,HKG,20200311,3.00,1,0.00,,2.00,1,0.00,,0.00,,1.00,1,0.00,,3.00,2.00,1,2.00,0.00,0.00,2.00,1,2.00,2.00,0.00,0.00,,126,3,45.37,45.37,60.71,60.71,59.62,59.62,52.27,52.27,100.00,100.00
Hong Kong,HKG,20200312,3.00,1,0.00,,2.00,1,0.00,,0.00,,1.00,1,0.00,,3.00,2.00,1,2.00,0.00,0.00,2.00,1,2.00,2.00,0.00,0.00,,129,3,45.37,45.37,60.71,60.71,59.62,59.62,52.27,52.27,100.00,100.00
Hong Kong,HKG,20200313,3.00,1,0.00,,2.00,1,0.00,,0.00,,1.00,1,0.00,,3.00,2.00,1,2.00,0.00,0.00,2.00,1,2.00,2.00,0.00,0.00,,134,4,45.37,45.37,60.71,60.71,59.62,59.62,52.27,52.27,100.00,100.00
Hong Kong,HKG,20200314,3.00,1,0.00,,2.00,1,0.00,,0.00,,1.00,1,0.00,,3.00,2.00,1,2.00,0.00,0.00,2.00,1,2.00,2.00,0.00,0.00,,140,4,45.37,45.37,60.71,60.71,59.62,59.62,52.27,52.27,100.00,100.00
Hong Kong,HKG,20200315,3.00,1,0.00,,2.00,1,0.00,,0.00,,1.00,1,0.00,,3.00,2.00,1,2.00,0.00,0.00,2.00,1,2.00,2.00,0.00,0.00,,145,4,45.37,45.37,60.71,60.71,59.62,59.62,52.27,52.27,100.00,100.00
Hong Kong,HKG,20200316,3.00,1,0.00,,2.00,1,0.00,,0.00,,1.00,1,0.00,,3.00,2.00,1,2.00,0.00,0.00,2.00,1,2.00,2.00,0.00,0.00,,155,4,45.37,45.37,60.71,60.71,59.62,59.62,52.27,52.27,100.00,100.00
Hong Kong,HKG,20200317,3.00,1,0.00,,2.00,1,0.00,,0.00,,1.00,1,0.00,,3.00,2.00,1,2.00,0.00,0.00,2.00,1,2.00,2.00,0.00,0.00,,162,4,45.37,45.37,60.71,60.71,59.62,59.62,52.27,52.27,100.00,100.00
Hong Kong,HKG,20200318,3.00,1,0.00,,2.00,1,0.00,,0.00,,1.00,1,0.00,,3.00,2.00,1,2.00,0.00,0.00,2.00,1,2.00,2.00,0.00,0.00,,181,4,45.37,45.37,60.71,60.71,59.62,59.62,52.27,52.27,100.00,100.00
Hong Kong,HKG,20200319,3.00,1,0.00,,2.00,1,0.00,,0.00,,1.00,1,0.00,,3.00,2.00,1,2.00,0.00,0.00,2.00,1,2.00,2.00,0.00,0.00,,208,4,45.37,45.37,60.71,60.71,59.62,59.62,52.27,52.27,100.00,100.00
Hong Kong,HKG,20200320,3.00,1,0.00,,2.00,1,0.00,,0.00,,1.00,1,0.00,,3.00,2.00,1,2.00,2580000000.00,0.00,2.00,1,2.00,2.00,0.00,0.00,,256,4,45.37,45.37,60.71,60.71,59.62,59.62,52.27,52.27,100.00,100.00
Hong Kong,HKG,20200321,3.00,1,0.00,,2.00,1,0.00,,0.00,,1.00,1,0.00,,3.00,2.00,1,2.00,0.00,0.00,2.00,1,2.00,2.00,0.00,0.00,,273,4,45.37,45.37,60.71,60.71,59.62,59.62,52.27,52.27,100.00,100.00
Hong Kong,HKG,20200322,3.00,1,0.00,,2.00,1,0.00,,0.00,,1.00,1,0.00,,3.00,2.00,1,2.00,0.00,0.00,2.00,1,2.00,2.00,0.00,0.00,,317,4,45.37,45.37,60.71,60.71,59.62,59.62,52.27,52.27,100.00,100.00
Hong Kong,HKG,20200323,3.00,1,2.00,1,2.00,1,0.00,,0.00,,1.00,1,0.00,,3.00,2.00,1,2.00,128934000.00,0.00,2.00,1,2.00,2.00,0.00,0.00,,356,4,52.78,52.78,71.43,71.43,64.74,64.74,58.33,58.33,100.00,100.00
Hong Kong,HKG,20200324,3.00,1,2.00,1,2.00,1,0.00,,0.00,,1.00,1,0.00,,3.00,2.00,1,2.00,0.00,0.00,2.00,1,2.00,2.00,0.00,0.00,,386,4,52.78,52.78,71.43,71.43,64.74,64.74,58.33,58.33,100.00,100.00
Hong Kong,HKG,20200325,3.00,1,2.00,1,2.00,1,0.00,,0.00,,1.00,1,0.00,,3.00,2.00,1,2.00,0.00,0.00,2.00,1,2.00,2.00,0.00,0.00,,410,4,52.78,52.78,71.43,71.43,64.74,64.74,58.33,58.33,100.00,100.00
Hong Kong,HKG,20200326,3.00,1,2.00,1,2.00,1,0.00,,0.00,,1.00,1,0.00,,3.00,2.00,1,2.00,0.00,0.00,2.00,1,2.00,2.00,0.00,0.00,,453,4,52.78,52.78,71.43,71.43,64.74,64.74,58.33,58.33,100.00,100.00
Hong Kong,HKG,20200327,3.00,1,2.00,1,2.00,1,0.00,,0.00,,1.00,1,0.00,,3.00,2.00,1,2.00,0.00,0.00,2.00,1,2.00,2.00,0.00,0.00,,519,4,52.78,52.78,71.43,71.43,64.74,64.74,58.33,58.33,100.00,100.00
Hong Kong,HKG,20200328,3.00,1,2.00,1,2.00,1,0.00,,0.00,,1.00,1,0.00,,3.00,2.00,1,2.00,0.00,0.00,2.00,1,2.00,2.00,0.00,0.00,,561,4,52.78,52.78,71.43,71.43,64.74,64.74,58.33,58.33,100.00,100.00
Hong Kong,HKG,20200329,3.00,1,2.00,1,2.00,1,4.00,1,0.00,,1.00,1,0.00,,3.00,2.00,1,2.00,0.00,0.00,2.00,1,2.00,2.00,0.00,0.00,,641,4,63.89,63.89,71.43,71.43,72.44,72.44,67.42,67.42,100.00,100.00
Hong Kong,HKG,20200330,3.00,1,2.00,1,2.00,1,4.00,1,0.00,,1.00,1,0.00,,3.00,2.00,1,2.00,0.00,0.00,2.00,1,2.00,2.00,0.00,0.00,,682,4,63.89,63.89,71.43,71.43,72.44,72.44,67.42,67.42,100.00,100.00
Hong Kong,HKG,20200331,3.00,1,2.00,1,2.00,1,4.00,1,0.00,,1.00,1,0.00,,3.00,2.00,1,2.00,0.00,0.00,2.00,1,2.00,2.00,0.00,0.00,,714,4,63.89,63.89,71.43,71.43,72.44,72.44,67.42,67.42,100.00,100.00
Hong Kong,HKG,20200401,3.00,1,2.00,1,2.00,1,4.00,1,0.00,,1.00,1,0.00,,3.00,2.00,1,2.00,0.00,0.00,2.00,1,2.00,2.00,0.00,0.00,,765,4,63.89,63.89,71.43,71.43,72.44,72.44,67.42,67.42,100.00,100.00
Hong Kong,HKG,20200402,3.00,1,2.00,1,2.00,1,4.00,1,0.00,,1.00,1,0.00,,3.00,2.00,1,2.00,0.00,0.00,2.00,1,2.00,2.00,0.00,0.00,,802,4,63.89,63.89,71.43,71.43,72.44,72.44,67.42,67.42,100.00,100.00
Hong Kong,HKG,20200403,3.00,1,2.00,1,2.00,1,4.00,1,0.00,,1.00,1,0.00,,3.00,2.00,1,2.00,0.00,0.00,2.00,1,2.00,2.00,0.00,0.00,,845,4,63.89,63.89,71.43,71.43,72.44,72.44,67.42,67.42,100.00,100.00
Hong Kong,HKG,20200404,3.00,1,2.00,1,2.00,1,4.00,1,0.00,,1.00,1,0.00,,3.00,2.00,1,2.00,0.00,0.00,2.00,1,2.00,2.00,0.00,0.00,,862,4,63.89,63.89,71.43,71.43,72.44,72.44,67.42,67.42,100.00,100.00
Hong Kong,HKG,20200405,3.00,1,2.00,1,2.00,1,4.00,1,0.00,,1.00,1,0.00,,3.00,2.00,1,2.00,0.00,0.00,2.00,1,2.00,2.00,0.00,0.00,,890,4,63.89,63.89,71.43,71.43,72.44,72.44,67.42,67.42,100.00,100.00
Hong Kong,HKG,20200406,3.00,1,2.00,1,2.00,1,4.00,1,0.00,,1.00,1,0.00,,4.00,2.00,1,2.00,0.00,0.00,2.00,1,2.00,2.00,0.00,0.00,,914,4,66.67,66.67,75.00,75.00,74.36,74.36,69.70,69.70,100.00,100.00
Hong Kong,HKG,20200407,3.00,1,2.00,1,2.00,1,4.00,1,0.00,,1.00,1,0.00,,4.00,2.00,1,2.00,0.00,0.00,2.00,1,2.00,2.00,0.00,0.00,,935,4,66.67,66.67,75.00,75.00,74.36,74.36,69.70,69.70,100.00,100.00
Hong Kong,HKG,20200408,3.00,1,2.00,1,2.00,1,4.00,1,0.00,,1.00,1,0.00,,4.00,2.00,1,2.00,17737249075.60,0.00,2.00,1,2.00,2.00,0.00,0.00,,960,4,66.67,66.67,75.00,75.00,74.36,74.36,69.70,69.70,100.00,100.00
Hong Kong,HKG,20200409,3.00,1,2.00,1,2.00,1,4.00,1,0.00,,1.00,1,0.00,,4.00,2.00,1,2.00,0.00,0.00,2.00,1,2.00,2.00,0.00,0.00,,973,4,66.67,66.67,75.00,75.00,74.36,74.36,69.70,69.70,100.00,100.00
Hong Kong,HKG,20200410,3.00,1,2.00,1,2.00,1,4.00,1,0.00,,1.00,1,0.00,,4.00,2.00,1,2.00,0.00,0.00,2.00,1,2.00,2.00,0.00,0.00,,989,4,66.67,66.67,75.00,75.00,74.36,74.36,69.70,69.70,100.00,100.00
Hong Kong,HKG,20200411,3.00,1,2.00,1,2.00,1,4.00,1,0.00,,1.00,1,0.00,,4.00,2.00,1,2.00,0.00,0.00,2.00,1,2.00,2.00,0.00,0.00,,1000,4,66.67,66.67,75.00,75.00,74.36,74.36,69.70,69.70,100.00,100.00
Hong Kong,HKG,20200412,3.00,1,2.00,1,2.00,1,4.00,1,0.00,,1.00,1,0.00,,4.00,2.00,1,2.00,0.00,0.00,2.00,1,2.00,2.00,0.00,0.00,,1004,4,66.67,66.67,75.00,75.00,74.36,74.36,69.70,69.70,100.00,100.00
Hong Kong,HKG,20200413,3.00,1,2.00,1,2.00,1,4.00,1,0.00,,1.00,1,0.00,,4.00,2.00,1,2.00,0.00,0.00,2.00,1,2.00,2.00,0.00,0.00,,1009,4,66.67,66.67,75.00,75.00,74.36,74.36,69.70,69.70,100.00,100.00
Hong Kong,HKG,20200414,3.00,1,2.00,1,2.00,1,4.00,1,0.00,,1.00,1,0.00,,4.00,2.00,1,2.00,0.00,0.00,2.00,1,2.00,2.00,0.00,0.00,,1012,4,66.67,66.67,75.00,75.00,74.36,74.36,69.70,69.70,100.00,100.00
Hong Kong,HKG,20200415,3.00,1,2.00,1,2.00,1,4.00,1,0.00,,1.00,1,0.00,,4.00,2.00,1,2.00,0.00,0.00,2.00,1,2.00,2.00,0.00,0.00,,1017,4,66.67,66.67,75.00,75.00,74.36,74.36,69.70,69.70,100.00,100.00
Hong Kong,HKG,20200416,3.00,1,2.00,1,2.00,1,4.00,1,0.00,,1.00,1,0.00,,4.00,2.00,1,2.00,0.00,0.00,2.00,1,2.00,2.00,0.00,0.00,,1017,4,66.67,66.67,75.00,75.00,74.36,74.36,69.70,69.70,100.00,100.00
Hong Kong,HKG,20200417,3.00,1,2.00,1,2.00,1,4.00,1,0.00,,1.00,1,0.00,,4.00,2.00,1,2.00,0.00,0.00,2.00,1,2.00,2.00,0.00,0.00,,1021,4,66.67,66.67,75.00,75.00,74.36,74.36,69.70,69.70,100.00,100.00
Hong Kong,HKG,20200418,3.00,1,2.00,1,2.00,1,4.00,1,0.00,,1.00,1,0.00,,4.00,2.00,1,2.00,0.00,0.00,2.00,1,2.00,2.00,0.00,0.00,,1024,4,66.67,66.67,75.00,75.00,74.36,74.36,69.70,69.70,100.00,100.00
Hong Kong,HKG,20200419,3.00,1,2.00,1,2.00,1,4.00,1,0.00,,1.00,1,0.00,,4.00,2.00,1,2.00,0.00,0.00,2.00,1,2.00,2.00,0.00,0.00,,1025,4,66.67,66.67,75.00,75.00,74.36,74.36,69.70,69.70,100.00,100.00
Hong Kong,HKG,20200420,3.00,1,2.00,1,2.00,1,4.00,1,0.00,,1.00,1,0.00,,4.00,2.00,1,2.00,0.00,0.00,2.00,1,2.00,2.00,0.00,0.00,,1025,4,66.67,66.67,75.00,75.00,74.36,74.36,69.70,69.70,100.00,100.00
Hong Kong,HKG,20200421,3.00,1,2.00,1,2.00,1,4.00,1,0.00,,1.00,1,0.00,,4.00,2.00,1,2.00,0.00,0.00,2.00,1,2.00,2.00,0.00,0.00,,1029,4,66.67,66.67,75.00,75.00,74.36,74.36,69.70,69.70,100.00,100.00
Hong Kong,HKG,20200422,3.00,1,2.00,1,2.00,1,4.00,1,0.00,,1.00,1,0.00,,4.00,2.00,1,2.00,0.00,0.00,2.00,1,2.00,2.00,0.00,0.00,,1033,4,66.67,66.67,75.00,75.00,74.36,74.36,69.70,69.70,100.00,100.00
Hong Kong,HKG,20200423,3.00,1,2.00,1,2.00,1,4.00,1,0.00,,1.00,1,0.00,,4.00,2.00,1,2.00,0.00,0.00,2.00,1,2.00,2.00,0.00,0.00,,1035,4,66.67,66.67,75.00,75.00,74.36,74.36,69.70,69.70,100.00,100.00
Hong Kong,HKG,20200424,3.00,1,2.00,1,2.00,1,4.00,1,0.00,,1.00,1,0.00,,4.00,2.00,1,2.00,0.00,0.00,2.00,1,2.00,2.00,0.00,0.00,,1035,4,66.67,66.67,75.00,75.00,74.36,74.36,69.70,69.70,100.00,100.00
Hong Kong,HKG,20200425,3.00,1,2.00,1,2.00,1,4.00,1,0.00,,1.00,1,0.00,,4.00,2.00,1,2.00,0.00,0.00,2.00,1,2.00,2.00,0.00,0.00,,1037,4,66.67,66.67,75.00,75.00,74.36,74.36,69.70,69.70,100.00,100.00
Hong Kong,HKG,20200426,3.00,1,2.00,1,2.00,1,4.00,1,0.00,,1.00,1,0.00,,4.00,2.00,1,2.00,0.00,0.00,2.00,1,2.00,2.00,0.00,0.00,,1037,4,66.67,66.67,75.00,75.00,74.36,74.36,69.70,69.70,100.00,100.00
Hong Kong,HKG,20200427,3.00,1,2.00,1,2.00,1,4.00,1,0.00,,1.00,1,0.00,,4.00,2.00,1,2.00,0.00,0.00,2.00,1,2.00,2.00,0.00,14322225.00,,1037,4,66.67,66.67,75.00,75.00,74.36,74.36,69.70,69.70,100.00,100.00
Hong Kong,HKG,20200428,3.00,1,2.00,1,2.00,1,4.00,1,0.00,,1.00,1,0.00,,4.00,2.00,1,2.00,0.00,0.00,2.00,1,2.00,2.00,0.00,0.00,,1037,4,66.67,66.67,75.00,75.00,74.36,74.36,69.70,69.70,100.00,100.00
Hong Kong,HKG,20200429,3.00,1,2.00,1,2.00,1,4.00,1,0.00,,1.00,1,0.00,,4.00,2.00,1,2.00,0.00,0.00,2.00,1,2.00,2.00,0.00,0.00,,1037,4,66.67,66.67,75.00,75.00,74.36,74.36,69.70,69.70,100.00,100.00
Hong Kong,HKG,20200430,3.00,1,2.00,1,2.00,1,4.00,1,0.00,,1.00,1,0.00,,4.00,2.00,1,2.00,0.00,0.00,2.00,1,2.00,2.00,0.00,0.00,,1037,4,66.67,66.67,75.00,75.00,74.36,74.36,69.70,69.70,100.00,100.00
Hong Kong,HKG,20200501,3.00,1,2.00,1,2.00,1,4.00,1,0.00,,1.00,1,0.00,,4.00,2.00,1,2.00,0.00,0.00,2.00,1,2.00,2.00,0.00,0.00,,1039,4,66.67,66.67,75.00,75.00,74.36,74.36,69.70,69.70,100.00,100.00
Hong Kong,HKG,20200502,3.00,1,2.00,1,2.00,1,4.00,1,0.00,,1.00,1,0.00,,4.00,2.00,1,2.00,0.00,0.00,2.00,1,2.00,2.00,0.00,0.00,,1039,4,66.67,66.67,75.00,75.00,74.36,74.36,69.70,69.70,100.00,100.00
Hong Kong,HKG,20200503,3.00,1,2.00,1,2.00,1,4.00,1,0.00,,1.00,1,0.00,,4.00,2.00,1,2.00,0.00,0.00,2.00,1,2.00,2.00,0.00,0.00,,1039,4,66.67,66.67,75.00,75.00,74.36,74.36,69.70,69.70,100.00,100.00
Hong Kong,HKG,20200504,3.00,1,2.00,1,2.00,1,4.00,1,0.00,,1.00,1,0.00,,4.00,2.00,1,2.00,0.00,0.00,2.00,1,2.00,2.00,0.00,0.00,,1040,4,66.67,66.67,75.00,75.00,74.36,74.36,69.70,69.70,100.00,100.00
Hong Kong,HKG,20200505,3.00,1,2.00,1,2.00,1,4.00,1,0.00,,1.00,1,0.00,,4.00,2.00,1,2.00,0.00,0.00,2.00,1,2.00,2.00,0.00,0.00,,1040,4,66.67,66.67,75.00,75.00,74.36,74.36,69.70,69.70,100.00,100.00
Hong Kong,HKG,20200506,3.00,1,2.00,1,2.00,1,4.00,1,0.00,,1.00,1,0.00,,4.00,2.00,1,2.00,0.00,0.00,2.00,1,2.00,2.00,0.00,0.00,,1040,4,66.67,66.67,75.00,75.00,74.36,74.36,69.70,69.70,100.00,100.00
Hong Kong,HKG,20200507,3.00,1,2.00,1,2.00,1,4.00,1,0.00,,1.00,1,0.00,,4.00,2.00,1,2.00,0.00,0.00,2.00,1,2.00,2.00,0.00,0.00,,1044,4,66.67,66.67,75.00,75.00,74.36,74.36,69.70,69.70,100.00,100.00
Hong Kong,HKG,20200508,3.00,1,2.00,1,2.00,1,3.00,1,0.00,,1.00,1,0.00,,4.00,2.00,1,2.00,0.00,0.00,2.00,1,2.00,2.00,0.00,0.00,,1044,4,63.89,63.89,75.00,75.00,72.44,72.44,67.42,67.42,100.00,100.00
Hong Kong,HKG,20200509,3.00,1,2.00,1,2.00,1,3.00,1,0.00,,1.00,1,0.00,,4.00,2.00,1,2.00,0.00,0.00,2.00,1,2.00,2.00,0.00,0.00,,1044,4,63.89,63.89,75.00,75.00,72.44,72.44,67.42,67.42,100.00,100.00
Hong Kong,HKG,20200510,3.00,1,2.00,1,2.00,1,3.00,1,0.00,,1.00,1,0.00,,4.00,2.00,1,2.00,0.00,0.00,2.00,1,2.00,2.00,0.00,0.00,,1047,4,63.89,63.89,75.00,75.00,72.44,72.44,67.42,67.42,100.00,100.00
Hong Kong,HKG,20200511,3.00,1,2.00,1,2.00,1,3.00,1,0.00,,1.00,1,0.00,,4.00,2.00,1,2.00,0.00,0.00,2.00,1,2.00,2.00,0.00,0.00,,1047,4,63.89,63.89,75.00,75.00,72.44,72.44,67.42,67.42,100.00,100.00
Hong Kong,HKG,20200512,3.00,1,2.00,1,2.00,1,3.00,1,0.00,,1.00,1,0.00,,4.00,2.00,1,2.00,0.00,0.00,2.00,1,2.00,2.00,0.00,0.00,,1047,4,63.89,63.89,75.00,75.00,72.44,72.44,67.42,67.42,100.00,100.00
Hong Kong,HKG,20200513,3.00,1,2.00,1,2.00,1,3.00,1,0.00,,1.00,1,0.00,,4.00,2.00,1,2.00,0.00,0.00,2.00,1,2.00,2.00,0.00,0.00,,1050,4,63.89,63.89,75.00,75.00,72.44,72.44,67.42,67.42,100.00,100.00
Hong Kong,HKG,20200514,3.00,1,2.00,1,2.00,1,3.00,1,0.00,,1.00,1,0.00,,4.00,2.00,1,2.00,0.00,0.00,2.00,1,2.00,2.00,0.00,0.00,,1051,4,63.89,63.89,75.00,75.00,72.44,72.44,67.42,67.42,100.00,100.00
Hong Kong,HKG,20200515,3.00,1,2.00,1,2.00,1,3.00,1,0.00,,1.00,1,0.00,,4.00,2.00,1,2.00,0.00,0.00,2.00,1,2.00,2.00,32253408.00,0.00,,1052,4,63.89,63.89,75.00,75.00,72.44,72.44,67.42,67.42,100.00,100.00
Hong Kong,HKG,20200516,3.00,1,2.00,1,2.00,1,3.00,1,0.00,,1.00,1,0.00,,4.00,2.00,1,2.00,0.00,0.00,2.00,1,2.00,2.00,0.00,0.00,,1052,4,63.89,63.89,75.00,75.00,72.44,72.44,67.42,67.42,100.00,100.00
Hong Kong,HKG,20200517,3.00,1,2.00,1,2.00,1,3.00,1,0.00,,1.00,1,0.00,,4.00,2.00,1,2.00,0.00,0.00,2.00,1,2.00,2.00,0.00,0.00,,1055,4,63.89,63.89,75.00,75.00,72.44,72.44,67.42,67.42,100.00,100.00
Hong Kong,HKG,20200518,3.00,1,2.00,1,2.00,1,3.00,1,0.00,,1.00,1,0.00,,4.00,2.00,1,2.00,0.00,0.00,2.00,1,2.00,2.00,0.00,0.00,,1055,4,63.89,63.89,75.00,75.00,72.44,72.44,67.42,67.42,100.00,100.00
Hong Kong,HKG,20200519,3.00,1,2.00,1,2.00,1,3.00,1,0.00,,1.00,1,0.00,,4.00,2.00,1,2.00,0.00,0.00,2.00,1,2.00,2.00,0.00,0.00,,1055,4,63.89,63.89,75.00,75.00,72.44,72.44,67.42,67.42,100.00,100.00
Hong Kong,HKG,20200520,3.00,1,2.00,1,2.00,1,3.00,1,0.00,,1.00,1,0.00,,4.00,2.00,1,2.00,0.00,0.00,2.00,1,2.00,2.00,0.00,0.00,,1055,4,63.89,63.89,75.00,75.00,72.44,72.44,67.42,67.42,100.00,100.00
Hong Kong,HKG,20200521,3.00,1,2.00,1,2.00,1,3.00,1,0.00,,1.00,1,0.00,,4.00,2.00,1,2.00,0.00,0.00,2.00,1,2.00,2.00,0.00,0.00,,1055,4,63.89,63.89,75.00,75.00,72.44,72.44,67.42,67.42,100.00,100.00
Hong Kong,HKG,20200522,3.00,1,2.00,1,2.00,1,3.00,1,0.00,,1.00,1,0.00,,4.00,2.00,1,2.00,0.00,0.00,2.00,1,2.00,2.00,0.00,0.00,,1065,4,63.89,63.89,75.00,75.00,72.44,72.44,67.42,67.42,100.00,100.00
Hong Kong,HKG,20200523,3.00,1,2.00,1,2.00,1,3.00,1,0.00,,1.00,1,0.00,,4.00,2.00,1,2.00,0.00,0.00,2.00,1,2.00,2.00,0.00,0.00,,1065,4,63.89,63.89,75.00,75.00,72.44,72.44,67.42,67.42,100.00,100.00
Hong Kong,HKG,20200524,3.00,1,2.00,1,2.00,1,3.00,1,0.00,,1.00,1,0.00,,4.00,2.00,1,2.00,0.00,0.00,2.00,1,2.00,2.00,0.00,0.00,,1065,4,63.89,63.89,75.00,75.00,72.44,72.44,67.42,67.42,100.00,100.00
Hong Kong,HKG,20200525,3.00,1,2.00,1,2.00,1,3.00,1,0.00,,1.00,1,0.00,,4.00,2.00,1,2.00,0.00,0.00,2.00,1,2.00,2.00,0.00,0.00,,1065,4,63.89,63.89,75.00,75.00,72.44,72.44,67.42,67.42,100.00,100.00
Hong Kong,HKG,20200526,3.00,1,2.00,1,2.00,1,3.00,1,0.00,,1.00,1,0.00,,4.00,2.00,1,2.00,0.00,0.00,2.00,1,2.00,2.00,0.00,0.00,,1065,4,63.89,63.89,75.00,75.00,72.44,72.44,67.42,67.42,100.00,100.00
Hong Kong,HKG,20200527,2.00,1,2.00,1,2.00,1,3.00,1,0.00,,1.00,1,0.00,,4.00,2.00,1,2.00,0.00,0.00,2.00,1,2.00,2.00,0.00,0.00,,1066,4,60.19,60.19,71.43,71.43,69.87,69.87,64.39,64.39,100.00,100.00
Hong Kong,HKG,20200528,2.00,1,2.00,1,2.00,1,3.00,1,0.00,,1.00,1,0.00,,4.00,2.00,1,2.00,0.00,0.00,2.00,1,2.00,2.00,0.00,0.00,,1066,4,60.19,60.19,71.43,71.43,69.87,69.87,64.39,64.39,100.00,100.00
Hong Kong,HKG,20200529,2.00,1,0.00,,2.00,1,3.00,1,0.00,,1.00,1,0.00,,4.00,2.00,1,2.00,0.00,0.00,2.00,1,2.00,2.00,0.00,0.00,,1079,4,52.78,52.78,60.71,60.71,64.74,64.74,58.33,58.33,100.00,100.00
Hong Kong,HKG,20200530,2.00,1,0.00,,2.00,1,3.00,1,0.00,,1.00,1,0.00,,4.00,2.00,1,2.00,0.00,0.00,2.00,1,2.00,2.00,0.00,0.00,,1082,4,52.78,52.78,60.71,60.71,64.74,64.74,58.33,58.33,100.00,100.00
Hong Kong,HKG,20200531,2.00,1,0.00,,2.00,1,3.00,1,0.00,,1.00,1,0.00,,4.00,2.00,1,2.00,0.00,0.00,2.00,1,2.00,2.00,0.00,0.00,,1084,4,52.78,52.78,60.71,60.71,64.74,64.74,58.33,58.33,100.00,100.00
Hong Kong,HKG,20200601,2.00,1,0.00,,2.00,1,3.00,1,0.00,,1.00,1,0.00,,4.00,2.00,1,2.00,0.00,0.00,2.00,1,2.00,2.00,0.00,0.00,,1087,4,52.78,52.78,60.71,60.71,64.74,64.74,58.33,58.33,100.00,100.00
Hong Kong,HKG,20200602,2.00,1,0.00,,2.00,1,3.00,1,0.00,,1.00,1,0.00,,4.00,2.00,1,2.00,0.00,0.00,2.00,1,2.00,2.00,0.00,0.00,,1093,4,52.78,52.78,60.71,60.71,64.74,64.74,58.33,58.33,100.00,100.00
Hong Kong,HKG,20200603,2.00,1,0.00,,2.00,1,3.00,1,0.00,,1.00,1,0.00,,4.00,2.00,1,2.00,0.00,0.00,2.00,1,2.00,2.00,0.00,0.00,,1093,4,52.78,52.78,60.71,60.71,64.74,64.74,58.33,58.33,100.00,100.00
Hong Kong,HKG,20200604,2.00,1,0.00,,2.00,1,3.00,1,0.00,,1.00,1,0.00,,4.00,2.00,1,2.00,0.00,0.00,2.00,1,2.00,2.00,0.00,0.00,,1099,4,52.78,52.78,60.71,60.71,64.74,64.74,58.33,58.33,100.00,100.00
Hong Kong,HKG,20200605,2.00,1,0.00,,2.00,1,3.00,1,0.00,,1.00,1,0.00,,4.00,2.00,1,2.00,0.00,0.00,2.00,1,2.00,2.00,0.00,0.00,,1102,4,52.78,52.78,60.71,60.71,64.74,64.74,58.33,58.33,100.00,100.00
Hong Kong,HKG,20200606,2.00,1,0.00,,2.00,1,3.00,1,0.00,,1.00,1,0.00,,4.00,2.00,1,2.00,0.00,0.00,2.00,1,2.00,2.00,0.00,0.00,,1105,4,52.78,52.78,60.71,60.71,64.74,64.74,58.33,58.33,100.00,100.00
Hong Kong,HKG,20200607,2.00,1,0.00,,2.00,1,3.00,1,0.00,,1.00,1,0.00,,4.00,2.00,1,2.00,0.00,0.00,2.00,1,2.00,2.00,0.00,0.00,,1106,4,52.78,52.78,60.71,60.71,64.74,64.74,58.33,58.33,100.00,100.00
Hong Kong,HKG,20200608,2.00,1,0.00,,2.00,1,3.00,1,0.00,,1.00,1,0.00,,4.00,2.00,1,2.00,0.00,0.00,2.00,1,2.00,2.00,0.00,0.00,,1107,4,52.78,52.78,60.71,60.71,64.74,64.74,58.33,58.33,100.00,100.00
Hong Kong,HKG,20200609,2.00,1,0.00,,2.00,1,3.00,1,0.00,,1.00,1,0.00,,4.00,2.00,1,2.00,0.00,0.00,2.00,1,2.00,2.00,0.00,0.00,,1107,4,52.78,52.78,60.71,60.71,64.74,64.74,58.33,58.33,100.00,100.00
Hong Kong,HKG,20200610,2.00,1,0.00,,2.00,1,3.00,1,0.00,,1.00,1,0.00,,4.00,2.00,1,2.00,0.00,0.00,2.00,1,2.00,2.00,0.00,0.00,,1107,4,52.78,52.78,60.71,60.71,64.74,64.74,58.33,58.33,100.00,100.00
Hong Kong,HKG,20200611,2.00,1,0.00,,2.00,1,3.00,1,0.00,,1.00,1,0.00,,4.00,2.00,1,2.00,0.00,0.00,2.00,1,2.00,2.00,0.00,0.00,,1107,4,52.78,52.78,60.71,60.71,64.74,64.74,58.33,58.33,100.00,100.00
Hong Kong,HKG,20200612,2.00,1,0.00,,2.00,1,3.00,1,0.00,,1.00,1,0.00,,4.00,2.00,1,2.00,0.00,0.00,2.00,1,2.00,2.00,0.00,0.00,,1108,4,52.78,52.78,60.71,60.71,64.74,64.74,58.33,58.33,100.00,100.00
Hong Kong,HKG,20200613,2.00,1,0.00,,2.00,1,3.00,1,0.00,,1.00,1,0.00,,4.00,2.00,1,2.00,0.00,0.00,2.00,1,2.00,2.00,0.00,0.00,,1109,4,52.78,52.78,60.71,60.71,64.74,64.74,58.33,58.33,100.00,100.00
Hong Kong,HKG,20200614,2.00,1,0.00,,2.00,1,3.00,1,0.00,,1.00,1,0.00,,4.00,2.00,1,2.00,0.00,0.00,2.00,1,2.00,2.00,0.00,0.00,,1109,4,52.78,52.78,60.71,60.71,64.74,64.74,58.33,58.33,100.00,100.00
Hong Kong,HKG,20200615,2.00,1,0.00,,2.00,1,3.00,1,0.00,,1.00,1,0.00,,4.00,2.00,1,2.00,0.00,0.00,2.00,1,2.00,2.00,0.00,0.00,,1112,4,52.78,52.78,60.71,60.71,64.74,64.74,58.33,58.33,100.00,100.00
Hong Kong,HKG,20200616,,,,,,,,,,,,,,,,,,,,,,,,,,,,1112,4,,,,,,,,,,
Hong Kong,HKG,20200617,,,,,,,,,,,,,,,,,,,,,,,,,,,,1120,4,,52.78,,60.71,,64.74,,58.33,,100.00
Hong Kong,HKG,20200618,,,,,,,,,,,,,,,,,,,,,,,,,,,,1124,4,,52.78,,60.71,,64.74,,58.33,,100.00
Hong Kong,HKG,20200619,,,,,,,,,,,,,,,,,,,,,,,,,,,,1124,4,,52.78,,60.71,,64.74,,58.33,,100.00
Hong Kong,HKG,20200620,,,,,,,,,,,,,,,,,,,,,,,,,,,,1128,5,,52.78,,60.71,,64.74,,58.33,,100.00
Hong Kong,HKG,20200621,,,,,,,,,,,,,,,,,,,,,,,,,,,,1131,5,,52.78,,60.71,,64.74,,58.33,,100.00
Hong Kong,HKG,20200622,,,,,,,,,,,,,,,,,,,,,,,,,,,,1161,5,,52.78,,60.71,,64.74,,58.33,,100.00
Hong Kong,HKG,20200623,,,,,,,,,,,,,,,,,,,,,,,,,,,,,,,52.78,,60.71,,64.74,,58.33,,100.00
