Indonesia,IDN,20200101,0.00,,0.00,,0.00,,0.00,,0.00,,0.00,,0.00,,0.00,0.00,,0.00,0.00,0.00,0.00,,0.00,0.00,0.00,0.00,,0,0,0.00,0.00,0.00,0.00,0.00,0.00,0.00,0.00,0.00,0.00
Indonesia,IDN,20200102,0.00,,0.00,,0.00,,0.00,,0.00,,0.00,,0.00,,0.00,0.00,,0.00,0.00,0.00,0.00,,0.00,0.00,0.00,0.00,,0,0,0.00,0.00,0.00,0.00,0.00,0.00,0.00,0.00,0.00,0.00
Indonesia,IDN,20200103,0.00,,0.00,,0.00,,0.00,,0.00,,0.00,,0.00,,0.00,0.00,,0.00,0.00,0.00,1.00,1,0.00,0.00,0.00,0.00,,0,0,5.56,5.56,9.52,9.52,3.85,3.85,4.55,4.55,0.00,0.00
Indonesia,IDN,20200104,0.00,,0.00,,0.00,,0.00,,0.00,,0.00,,0.00,,0.00,0.00,,0.00,0.00,0.00,1.00,1,0.00,0.00,0.00,0.00,,0,0,5.56,5.56,9.52,9.52,3.85,3.85,4.55,4.55,0.00,0.00
Indonesia,IDN,20200105,0.00,,0.00,,0.00,,0.00,,0.00,,0.00,,0.00,,0.00,0.00,,0.00,0.00,0.00,1.00,1,0.00,0.00,0.00,0.00,,0,0,5.56,5.56,9.52,9.52,3.85,3.85,4.55,4.55,0.00,0.00
Indonesia,IDN,20200106,0.00,,0.00,,0.00,,0.00,,0.00,,0.00,,0.00,,0.00,0.00,,0.00,0.00,0.00,1.00,1,0.00,0.00,0.00,0.00,,0,0,5.56,5.56,9.52,9.52,3.85,3.85,4.55,4.55,0.00,0.00
Indonesia,IDN,20200107,0.00,,0.00,,0.00,,0.00,,0.00,,0.00,,0.00,,0.00,0.00,,0.00,0.00,0.00,1.00,1,0.00,0.00,0.00,0.00,,0,0,5.56,5.56,9.52,9.52,3.85,3.85,4.55,4.55,0.00,0.00
Indonesia,IDN,20200108,0.00,,0.00,,0.00,,0.00,,0.00,,0.00,,0.00,,0.00,0.00,,0.00,0.00,0.00,1.00,1,0.00,0.00,0.00,0.00,,0,0,5.56,5.56,9.52,9.52,3.85,3.85,4.55,4.55,0.00,0.00
Indonesia,IDN,20200109,0.00,,0.00,,0.00,,0.00,,0.00,,0.00,,0.00,,0.00,0.00,,0.00,0.00,0.00,1.00,1,0.00,0.00,0.00,0.00,,0,0,5.56,5.56,9.52,9.52,3.85,3.85,4.55,4.55,0.00,0.00
Indonesia,IDN,20200110,0.00,,0.00,,0.00,,0.00,,0.00,,0.00,,0.00,,0.00,0.00,,0.00,0.00,0.00,1.00,1,0.00,0.00,0.00,0.00,,0,0,5.56,5.56,9.52,9.52,3.85,3.85,4.55,4.55,0.00,0.00
Indonesia,IDN,20200111,0.00,,0.00,,0.00,,0.00,,0.00,,0.00,,0.00,,0.00,0.00,,0.00,0.00,0.00,1.00,1,0.00,0.00,0.00,0.00,,0,0,5.56,5.56,9.52,9.52,3.85,3.85,4.55,4.55,0.00,0.00
Indonesia,IDN,20200112,0.00,,0.00,,0.00,,0.00,,0.00,,0.00,,0.00,,0.00,0.00,,0.00,0.00,0.00,1.00,1,0.00,0.00,0.00,0.00,,0,0,5.56,5.56,9.52,9.52,3.85,3.85,4.55,4.55,0.00,0.00
Indonesia,IDN,20200113,0.00,,0.00,,0.00,,0.00,,0.00,,0.00,,0.00,,0.00,0.00,,0.00,0.00,0.00,1.00,1,0.00,0.00,0.00,0.00,,0,0,5.56,5.56,9.52,9.52,3.85,3.85,4.55,4.55,0.00,0.00
Indonesia,IDN,20200114,0.00,,0.00,,0.00,,0.00,,0.00,,0.00,,0.00,,0.00,0.00,,0.00,0.00,0.00,1.00,1,0.00,0.00,0.00,0.00,,0,0,5.56,5.56,9.52,9.52,3.85,3.85,4.55,4.55,0.00,0.00
Indonesia,IDN,20200115,0.00,,0.00,,0.00,,0.00,,0.00,,0.00,,0.00,,0.00,0.00,,0.00,0.00,0.00,1.00,1,0.00,0.00,0.00,0.00,,0,0,5.56,5.56,9.52,9.52,3.85,3.85,4.55,4.55,0.00,0.00
Indonesia,IDN,20200116,0.00,,0.00,,0.00,,0.00,,0.00,,0.00,,0.00,,0.00,0.00,,0.00,0.00,0.00,1.00,1,0.00,0.00,0.00,0.00,,0,0,5.56,5.56,9.52,9.52,3.85,3.85,4.55,4.55,0.00,0.00
Indonesia,IDN,20200117,0.00,,0.00,,0.00,,0.00,,0.00,,0.00,,0.00,,0.00,0.00,,0.00,0.00,0.00,1.00,1,0.00,0.00,0.00,0.00,,0,0,5.56,5.56,9.52,9.52,3.85,3.85,4.55,4.55,0.00,0.00
Indonesia,IDN,20200118,0.00,,0.00,,0.00,,0.00,,0.00,,0.00,,0.00,,1.00,0.00,,0.00,0.00,0.00,1.00,1,0.00,0.00,0.00,0.00,,0,0,8.33,8.33,13.10,13.10,5.77,5.77,6.82,6.82,0.00,0.00
Indonesia,IDN,20200119,0.00,,0.00,,0.00,,0.00,,0.00,,0.00,,0.00,,1.00,0.00,,0.00,0.00,0.00,1.00,1,0.00,0.00,0.00,0.00,,0,0,8.33,8.33,13.10,13.10,5.77,5.77,6.82,6.82,0.00,0.00
Indonesia,IDN,20200120,0.00,,0.00,,0.00,,0.00,,0.00,,0.00,,0.00,,1.00,0.00,,0.00,0.00,0.00,1.00,1,0.00,0.00,0.00,0.00,,0,0,8.33,8.33,13.10,13.10,5.77,5.77,6.82,6.82,0.00,0.00
Indonesia,IDN,20200121,0.00,,0.00,,0.00,,0.00,,0.00,,0.00,,0.00,,1.00,0.00,,0.00,0.00,0.00,1.00,1,0.00,0.00,0.00,0.00,,0,0,8.33,8.33,13.10,13.10,5.77,5.77,6.82,6.82,0.00,0.00
Indonesia,IDN,20200122,0.00,,0.00,,0.00,,0.00,,0.00,,0.00,,0.00,,1.00,0.00,,0.00,0.00,0.00,1.00,1,0.00,0.00,0.00,0.00,,0,0,8.33,8.33,13.10,13.10,5.77,5.77,6.82,6.82,0.00,0.00
Indonesia,IDN,20200123,0.00,,0.00,,0.00,,0.00,,0.00,,0.00,,0.00,,1.00,0.00,,0.00,0.00,0.00,1.00,1,0.00,0.00,0.00,0.00,,0,0,8.33,8.33,13.10,13.10,5.77,5.77,6.82,6.82,0.00,0.00
Indonesia,IDN,20200124,0.00,,0.00,,0.00,,0.00,,0.00,,0.00,,0.00,,1.00,0.00,,0.00,0.00,0.00,1.00,1,0.00,0.00,0.00,0.00,,0,0,8.33,8.33,13.10,13.10,5.77,5.77,6.82,6.82,0.00,0.00
Indonesia,IDN,20200125,0.00,,0.00,,0.00,,0.00,,0.00,,0.00,,0.00,,1.00,0.00,,0.00,0.00,0.00,1.00,1,0.00,0.00,0.00,0.00,,0,0,8.33,8.33,13.10,13.10,5.77,5.77,6.82,6.82,0.00,0.00
Indonesia,IDN,20200126,0.00,,0.00,,0.00,,0.00,,0.00,,0.00,,0.00,,1.00,0.00,,0.00,0.00,0.00,1.00,1,0.00,0.00,0.00,0.00,,0,0,8.33,8.33,13.10,13.10,5.77,5.77,6.82,6.82,0.00,0.00
Indonesia,IDN,20200127,0.00,,0.00,,0.00,,0.00,,0.00,,0.00,,0.00,,1.00,0.00,,0.00,0.00,0.00,1.00,1,0.00,0.00,0.00,0.00,,0,0,8.33,8.33,13.10,13.10,5.77,5.77,6.82,6.82,0.00,0.00
Indonesia,IDN,20200128,0.00,,0.00,,0.00,,0.00,,0.00,,0.00,,0.00,,1.00,0.00,,0.00,0.00,0.00,1.00,1,0.00,0.00,0.00,0.00,,0,0,8.33,8.33,13.10,13.10,5.77,5.77,6.82,6.82,0.00,0.00
Indonesia,IDN,20200129,0.00,,0.00,,0.00,,0.00,,0.00,,0.00,,0.00,,1.00,0.00,,0.00,0.00,0.00,2.00,1,0.00,0.00,0.00,0.00,,0,0,13.89,13.89,17.86,17.86,9.62,9.62,11.36,11.36,0.00,0.00
Indonesia,IDN,20200130,0.00,,0.00,,0.00,,0.00,,0.00,,0.00,,0.00,,1.00,0.00,,0.00,0.00,0.00,2.00,1,0.00,0.00,0.00,0.00,,0,0,13.89,13.89,17.86,17.86,9.62,9.62,11.36,11.36,0.00,0.00
Indonesia,IDN,20200131,0.00,,0.00,,0.00,,0.00,,0.00,,0.00,,0.00,,1.00,0.00,,0.00,0.00,0.00,2.00,1,0.00,0.00,0.00,0.00,,0,0,13.89,13.89,17.86,17.86,9.62,9.62,11.36,11.36,0.00,0.00
Indonesia,IDN,20200201,0.00,,0.00,,0.00,,0.00,,0.00,,0.00,,0.00,,1.00,0.00,,0.00,0.00,0.00,2.00,1,0.00,0.00,0.00,0.00,,0,0,13.89,13.89,17.86,17.86,9.62,9.62,11.36,11.36,0.00,0.00
Indonesia,IDN,20200202,0.00,,0.00,,0.00,,0.00,,0.00,,0.00,,0.00,,1.00,0.00,,0.00,0.00,0.00,2.00,1,0.00,0.00,0.00,0.00,,0,0,13.89,13.89,17.86,17.86,9.62,9.62,11.36,11.36,0.00,0.00
Indonesia,IDN,20200203,3.00,0,0.00,,0.00,,0.00,,0.00,,0.00,,0.00,,1.00,0.00,,0.00,0.00,0.00,2.00,1,0.00,0.00,0.00,0.00,,0,0,23.15,23.15,28.57,28.57,16.03,16.03,18.94,18.94,0.00,0.00
Indonesia,IDN,20200204,3.00,0,0.00,,0.00,,0.00,,0.00,,0.00,,0.00,,1.00,0.00,,0.00,0.00,0.00,2.00,1,0.00,0.00,0.00,0.00,,0,0,23.15,23.15,28.57,28.57,16.03,16.03,18.94,18.94,0.00,0.00
Indonesia,IDN,20200205,3.00,0,0.00,,0.00,,0.00,,0.00,,0.00,,0.00,,3.00,0.00,,0.00,0.00,0.00,2.00,1,0.00,0.00,0.00,0.00,,0,0,28.70,28.70,35.71,35.71,19.87,19.87,23.48,23.48,0.00,0.00
Indonesia,IDN,20200206,3.00,0,0.00,,0.00,,0.00,,0.00,,0.00,,0.00,,3.00,0.00,,0.00,0.00,0.00,2.00,1,0.00,0.00,0.00,0.00,,0,0,28.70,28.70,35.71,35.71,19.87,19.87,23.48,23.48,0.00,0.00
Indonesia,IDN,20200207,3.00,0,0.00,,0.00,,0.00,,0.00,,0.00,,0.00,,3.00,0.00,,0.00,0.00,0.00,2.00,1,0.00,0.00,0.00,0.00,,0,0,28.70,28.70,35.71,35.71,19.87,19.87,23.48,23.48,0.00,0.00
Indonesia,IDN,20200208,3.00,0,0.00,,0.00,,0.00,,0.00,,0.00,,0.00,,3.00,0.00,,0.00,0.00,0.00,2.00,1,0.00,0.00,0.00,0.00,,0,0,28.70,28.70,35.71,35.71,19.87,19.87,23.48,23.48,0.00,0.00
Indonesia,IDN,20200209,3.00,0,0.00,,0.00,,0.00,,0.00,,0.00,,0.00,,3.00,0.00,,0.00,0.00,0.00,2.00,1,0.00,0.00,0.00,0.00,,0,0,28.70,28.70,35.71,35.71,19.87,19.87,23.48,23.48,0.00,0.00
Indonesia,IDN,20200210,3.00,0,0.00,,0.00,,0.00,,0.00,,0.00,,0.00,,3.00,0.00,,0.00,0.00,0.00,2.00,1,0.00,0.00,0.00,0.00,,0,0,28.70,28.70,35.71,35.71,19.87,19.87,23.48,23.48,0.00,0.00
Indonesia,IDN,20200211,3.00,0,0.00,,0.00,,0.00,,0.00,,0.00,,0.00,,3.00,0.00,,0.00,0.00,0.00,2.00,1,0.00,0.00,0.00,0.00,,0,0,28.70,28.70,35.71,35.71,19.87,19.87,23.48,23.48,0.00,0.00
Indonesia,IDN,20200212,3.00,0,0.00,,0.00,,0.00,,0.00,,0.00,,0.00,,3.00,0.00,,0.00,0.00,0.00,2.00,1,0.00,0.00,0.00,0.00,,0,0,28.70,28.70,35.71,35.71,19.87,19.87,23.48,23.48,0.00,0.00
Indonesia,IDN,20200213,3.00,0,0.00,,0.00,,0.00,,0.00,,0.00,,0.00,,3.00,0.00,,0.00,0.00,0.00,2.00,1,0.00,0.00,0.00,0.00,,0,0,28.70,28.70,35.71,35.71,19.87,19.87,23.48,23.48,0.00,0.00
Indonesia,IDN,20200214,3.00,0,0.00,,0.00,,0.00,,0.00,,0.00,,0.00,,3.00,0.00,,0.00,0.00,0.00,2.00,1,0.00,0.00,0.00,0.00,,0,0,28.70,28.70,35.71,35.71,19.87,19.87,23.48,23.48,0.00,0.00
Indonesia,IDN,20200215,3.00,0,0.00,,0.00,,0.00,,0.00,,0.00,,0.00,,3.00,0.00,,0.00,0.00,0.00,2.00,1,0.00,0.00,0.00,0.00,,0,0,28.70,28.70,35.71,35.71,19.87,19.87,23.48,23.48,0.00,0.00
Indonesia,IDN,20200216,3.00,0,0.00,,0.00,,0.00,,0.00,,0.00,,0.00,,3.00,0.00,,0.00,0.00,0.00,2.00,1,0.00,0.00,0.00,0.00,,0,0,28.70,28.70,35.71,35.71,19.87,19.87,23.48,23.48,0.00,0.00
Indonesia,IDN,20200217,3.00,0,0.00,,0.00,,0.00,,0.00,,0.00,,0.00,,3.00,0.00,,0.00,0.00,0.00,2.00,1,1.00,0.00,0.00,0.00,,0,0,28.70,28.70,35.71,35.71,22.44,22.44,26.52,26.52,0.00,0.00
Indonesia,IDN,20200218,3.00,0,0.00,,0.00,,0.00,,0.00,,0.00,,0.00,,3.00,0.00,,0.00,0.00,0.00,2.00,1,1.00,0.00,0.00,0.00,,0,0,28.70,28.70,35.71,35.71,22.44,22.44,26.52,26.52,0.00,0.00
Indonesia,IDN,20200219,3.00,0,0.00,,0.00,,0.00,,0.00,,0.00,,0.00,,3.00,0.00,,0.00,0.00,0.00,2.00,1,1.00,0.00,0.00,0.00,,0,0,28.70,28.70,35.71,35.71,22.44,22.44,26.52,26.52,0.00,0.00
Indonesia,IDN,20200220,3.00,0,0.00,,0.00,,0.00,,0.00,,0.00,,0.00,,3.00,0.00,,0.00,0.00,0.00,2.00,1,1.00,0.00,0.00,0.00,,0,0,28.70,28.70,35.71,35.71,22.44,22.44,26.52,26.52,0.00,0.00
Indonesia,IDN,20200221,3.00,0,0.00,,0.00,,0.00,,0.00,,0.00,,0.00,,3.00,0.00,,0.00,0.00,0.00,2.00,1,1.00,0.00,0.00,0.00,,0,0,28.70,28.70,35.71,35.71,22.44,22.44,26.52,26.52,0.00,0.00
Indonesia,IDN,20200222,3.00,0,0.00,,0.00,,0.00,,0.00,,0.00,,0.00,,3.00,0.00,,0.00,0.00,0.00,2.00,1,1.00,0.00,0.00,0.00,,0,0,28.70,28.70,35.71,35.71,22.44,22.44,26.52,26.52,0.00,0.00
Indonesia,IDN,20200223,3.00,0,0.00,,0.00,,0.00,,0.00,,0.00,,0.00,,3.00,0.00,,0.00,0.00,0.00,2.00,1,1.00,0.00,0.00,0.00,,0,0,28.70,28.70,35.71,35.71,22.44,22.44,26.52,26.52,0.00,0.00
Indonesia,IDN,20200224,3.00,0,0.00,,0.00,,0.00,,0.00,,0.00,,0.00,,3.00,0.00,,0.00,0.00,0.00,2.00,1,1.00,0.00,0.00,0.00,,0,0,28.70,28.70,35.71,35.71,22.44,22.44,26.52,26.52,0.00,0.00
Indonesia,IDN,20200225,3.00,0,0.00,,0.00,,0.00,,0.00,,0.00,,0.00,,3.00,0.00,,0.00,0.00,0.00,2.00,1,1.00,0.00,0.00,0.00,,0,0,28.70,28.70,35.71,35.71,22.44,22.44,26.52,26.52,0.00,0.00
Indonesia,IDN,20200226,3.00,0,0.00,,0.00,,0.00,,0.00,,0.00,,0.00,,3.00,0.00,,0.00,0.00,0.00,2.00,1,1.00,0.00,0.00,0.00,,0,0,28.70,28.70,35.71,35.71,22.44,22.44,26.52,26.52,0.00,0.00
Indonesia,IDN,20200227,3.00,0,0.00,,0.00,,0.00,,0.00,,0.00,,0.00,,3.00,0.00,,0.00,0.00,0.00,2.00,1,1.00,0.00,0.00,0.00,,0,0,28.70,28.70,35.71,35.71,22.44,22.44,26.52,26.52,0.00,0.00
Indonesia,IDN,20200228,3.00,0,0.00,,0.00,,0.00,,0.00,,0.00,,0.00,,3.00,0.00,,0.00,0.00,0.00,2.00,1,1.00,0.00,0.00,0.00,,0,0,28.70,28.70,35.71,35.71,22.44,22.44,26.52,26.52,0.00,0.00
Indonesia,IDN,20200229,3.00,0,0.00,,0.00,,0.00,,0.00,,0.00,,0.00,,3.00,0.00,,0.00,0.00,0.00,2.00,1,1.00,0.00,0.00,0.00,,0,0,28.70,28.70,35.71,35.71,22.44,22.44,26.52,26.52,0.00,0.00
Indonesia,IDN,20200301,3.00,0,0.00,,0.00,,0.00,,0.00,,0.00,,0.00,,3.00,0.00,,0.00,0.00,0.00,2.00,1,1.00,0.00,0.00,0.00,,0,0,28.70,28.70,35.71,35.71,22.44,22.44,26.52,26.52,0.00,0.00
Indonesia,IDN,20200302,3.00,0,0.00,,0.00,,0.00,,0.00,,0.00,,0.00,,3.00,0.00,,0.00,0.00,0.00,2.00,1,1.00,0.00,0.00,0.00,,2,0,28.70,28.70,35.71,35.71,22.44,22.44,26.52,26.52,0.00,0.00
Indonesia,IDN,20200303,3.00,0,0.00,,2.00,0,0.00,,0.00,,0.00,,0.00,,3.00,0.00,,0.00,0.00,0.00,2.00,1,1.00,0.00,0.00,0.00,,,,37.04,37.04,45.24,45.24,28.21,28.21,33.33,33.33,0.00,0.00
Indonesia,IDN,20200304,3.00,0,0.00,,2.00,0,0.00,,0.00,,0.00,,0.00,,3.00,0.00,,0.00,0.00,0.00,2.00,1,1.00,0.00,0.00,0.00,,,,37.04,37.04,45.24,45.24,28.21,28.21,33.33,33.33,0.00,0.00
Indonesia,IDN,20200305,3.00,0,0.00,,2.00,0,0.00,,0.00,,0.00,,0.00,,3.00,0.00,,0.00,0.00,0.00,2.00,1,1.00,0.00,0.00,0.00,,,,37.04,37.04,45.24,45.24,28.21,28.21,33.33,33.33,0.00,0.00
Indonesia,IDN,20200306,3.00,0,0.00,,2.00,0,0.00,,0.00,,0.00,,0.00,,3.00,0.00,,0.00,0.00,0.00,2.00,1,1.00,0.00,0.00,0.00,,,,37.04,37.04,45.24,45.24,28.21,28.21,33.33,33.33,0.00,0.00
Indonesia,IDN,20200307,3.00,0,0.00,,2.00,0,0.00,,0.00,,0.00,,0.00,,3.00,0.00,,0.00,0.00,0.00,2.00,1,1.00,0.00,0.00,0.00,,4,0,37.04,37.04,45.24,45.24,28.21,28.21,33.33,33.33,0.00,0.00
Indonesia,IDN,20200308,3.00,0,0.00,,2.00,0,0.00,,0.00,,0.00,,0.00,,3.00,0.00,,0.00,0.00,0.00,2.00,1,1.00,0.00,0.00,0.00,,,,37.04,37.04,45.24,45.24,28.21,28.21,33.33,33.33,0.00,0.00
Indonesia,IDN,20200309,3.00,0,0.00,,2.00,0,0.00,,0.00,,0.00,,0.00,,3.00,0.00,,0.00,0.00,0.00,2.00,1,1.00,0.00,0.00,0.00,,6,0,37.04,37.04,45.24,45.24,28.21,28.21,33.33,33.33,0.00,0.00
Indonesia,IDN,20200310,3.00,0,0.00,,2.00,0,0.00,,0.00,,0.00,,0.00,,3.00,0.00,,0.00,0.00,0.00,2.00,1,1.00,0.00,0.00,0.00,,,,37.04,37.04,45.24,45.24,28.21,28.21,33.33,33.33,0.00,0.00
Indonesia,IDN,20200311,3.00,0,0.00,,2.00,0,0.00,,0.00,,0.00,,0.00,,3.00,0.00,,0.00,0.00,0.00,2.00,1,1.00,0.00,0.00,0.00,,19,0,37.04,37.04,45.24,45.24,28.21,28.21,33.33,33.33,0.00,0.00
Indonesia,IDN,20200312,3.00,0,0.00,,2.00,0,0.00,,0.00,,0.00,,0.00,,3.00,0.00,,0.00,0.00,0.00,2.00,1,1.00,0.00,0.00,0.00,,34,1,37.04,37.04,45.24,45.24,28.21,28.21,33.33,33.33,0.00,0.00
Indonesia,IDN,20200313,3.00,0,0.00,,2.00,0,0.00,,0.00,,0.00,,0.00,,3.00,0.00,,0.00,0.00,0.00,2.00,1,1.00,0.00,0.00,0.00,,,,37.04,37.04,45.24,45.24,28.21,28.21,33.33,33.33,0.00,0.00
Indonesia,IDN,20200314,3.00,0,0.00,,2.00,0,0.00,,0.00,,0.00,,0.00,,3.00,0.00,,0.00,0.00,0.00,2.00,1,1.00,0.00,0.00,0.00,,69,4,37.04,37.04,45.24,45.24,28.21,28.21,33.33,33.33,0.00,0.00
Indonesia,IDN,20200315,3.00,0,1.00,1,2.00,0,0.00,,0.00,,0.00,,0.00,,3.00,0.00,,0.00,0.00,0.00,2.00,1,1.00,1.00,0.00,0.00,,96,4,40.74,40.74,52.38,52.38,34.62,34.62,40.91,40.91,0.00,0.00
Indonesia,IDN,20200316,3.00,0,1.00,1,2.00,0,0.00,,1.00,0,0.00,,0.00,,3.00,0.00,,0.00,0.00,0.00,2.00,1,1.00,1.00,0.00,0.00,,117,5,43.52,43.52,57.14,57.14,36.54,36.54,43.18,43.18,0.00,0.00
Indonesia,IDN,20200317,3.00,0,1.00,1,2.00,0,0.00,,0.00,,0.00,,0.00,,3.00,0.00,,0.00,0.00,0.00,2.00,1,1.00,1.00,0.00,0.00,,134,5,40.74,40.74,52.38,52.38,34.62,34.62,40.91,40.91,0.00,0.00
Indonesia,IDN,20200318,3.00,0,1.00,1,2.00,0,0.00,,0.00,,0.00,,0.00,,3.00,0.00,,0.00,0.00,0.00,2.00,1,1.00,1.00,0.00,0.00,,172,5,40.74,40.74,52.38,52.38,34.62,34.62,40.91,40.91,0.00,0.00
Indonesia,IDN,20200319,3.00,0,1.00,1,2.00,0,0.00,,0.00,,0.00,,0.00,,4.00,0.00,,0.00,0.00,0.00,2.00,1,1.00,1.00,0.00,0.00,,172,5,43.52,43.52,55.95,55.95,36.54,36.54,43.18,43.18,0.00,0.00
Indonesia,IDN,20200320,3.00,0,1.00,1,2.00,0,0.00,,0.00,,0.00,,0.00,,4.00,0.00,,0.00,0.00,0.00,2.00,1,1.00,1.00,0.00,0.00,,227,19,43.52,43.52,55.95,55.95,36.54,36.54,43.18,43.18,0.00,0.00
Indonesia,IDN,20200321,3.00,0,1.00,1,2.00,0,0.00,,0.00,,0.00,,0.00,,4.00,0.00,,0.00,0.00,0.00,2.00,1,1.00,1.00,0.00,0.00,,309,25,43.52,43.52,55.95,55.95,36.54,36.54,43.18,43.18,0.00,0.00
Indonesia,IDN,20200322,3.00,0,1.00,1,2.00,0,0.00,,0.00,,0.00,,0.00,,4.00,0.00,,0.00,0.00,0.00,2.00,1,1.00,1.00,0.00,0.00,,450,38,43.52,43.52,55.95,55.95,36.54,36.54,43.18,43.18,0.00,0.00
Indonesia,IDN,20200323,3.00,0,1.00,1,2.00,0,0.00,,1.00,0,0.00,,0.00,,4.00,0.00,,0.00,0.00,0.00,2.00,1,1.00,1.00,0.00,0.00,,514,48,46.30,46.30,60.71,60.71,38.46,38.46,45.45,45.45,0.00,0.00
Indonesia,IDN,20200324,3.00,0,1.00,1,2.00,0,0.00,,1.00,0,0.00,,0.00,,4.00,0.00,,0.00,0.00,0.00,2.00,1,1.00,1.00,0.00,0.00,,579,49,46.30,46.30,60.71,60.71,38.46,38.46,45.45,45.45,0.00,0.00
Indonesia,IDN,20200325,3.00,0,1.00,1,2.00,0,0.00,,1.00,0,0.00,,0.00,,4.00,0.00,,0.00,0.00,0.00,2.00,1,1.00,1.00,0.00,0.00,,686,55,46.30,46.30,60.71,60.71,38.46,38.46,45.45,45.45,0.00,0.00
Indonesia,IDN,20200326,3.00,1,1.00,1,2.00,0,0.00,,1.00,0,0.00,,0.00,,4.00,0.00,,0.00,0.00,0.00,2.00,1,1.00,1.00,0.00,0.00,,790,58,48.15,48.15,64.29,64.29,39.74,39.74,46.97,46.97,0.00,0.00
Indonesia,IDN,20200327,3.00,1,1.00,1,2.00,0,0.00,,1.00,0,0.00,,0.00,,4.00,0.00,,0.00,0.00,0.00,2.00,1,1.00,1.00,0.00,0.00,,893,78,48.15,48.15,64.29,64.29,39.74,39.74,46.97,46.97,0.00,0.00
Indonesia,IDN,20200328,3.00,1,1.00,1,2.00,0,0.00,,1.00,0,0.00,,0.00,,4.00,0.00,,0.00,0.00,0.00,2.00,1,1.00,1.00,0.00,0.00,,1046,87,48.15,48.15,64.29,64.29,39.74,39.74,46.97,46.97,0.00,0.00
Indonesia,IDN,20200329,3.00,1,1.00,1,2.00,0,0.00,,1.00,0,0.00,,1.00,0,4.00,0.00,,0.00,0.00,0.00,2.00,1,1.00,1.00,0.00,0.00,,1155,102,50.93,50.93,69.05,69.05,41.67,41.67,49.24,49.24,0.00,0.00
Indonesia,IDN,20200330,3.00,1,1.00,1,2.00,0,0.00,,1.00,0,0.00,,1.00,0,4.00,0.00,,0.00,0.00,0.00,2.00,1,1.00,1.00,0.00,0.00,,1285,114,50.93,50.93,69.05,69.05,41.67,41.67,49.24,49.24,0.00,0.00
Indonesia,IDN,20200331,3.00,1,1.00,1,2.00,0,0.00,,1.00,0,0.00,,1.00,0,4.00,0.00,,0.00,0.00,0.00,2.00,1,1.00,1.00,0.00,0.00,,1414,122,50.93,50.93,69.05,69.05,41.67,41.67,49.24,49.24,0.00,0.00
Indonesia,IDN,20200401,3.00,1,1.00,1,2.00,0,0.00,,1.00,0,0.00,,1.00,0,4.00,0.00,,0.00,24650000000.00,0.00,2.00,1,1.00,1.00,0.00,0.00,,1528,136,50.93,50.93,69.05,69.05,41.67,41.67,49.24,49.24,0.00,0.00
Indonesia,IDN,20200402,3.00,1,1.00,1,2.00,0,0.00,,1.00,0,0.00,,1.00,0,4.00,0.00,,0.00,0.00,0.00,2.00,1,1.00,1.00,0.00,0.00,,1677,157,50.93,50.93,69.05,69.05,41.67,41.67,49.24,49.24,0.00,0.00
Indonesia,IDN,20200403,3.00,1,1.00,1,2.00,0,0.00,,1.00,0,0.00,,1.00,0,4.00,0.00,,0.00,0.00,0.00,2.00,1,1.00,1.00,0.00,0.00,,1790,170,50.93,50.93,69.05,69.05,41.67,41.67,49.24,49.24,0.00,0.00
Indonesia,IDN,20200404,3.00,1,1.00,1,2.00,0,0.00,,1.00,0,0.00,,1.00,0,4.00,0.00,,0.00,0.00,0.00,2.00,1,1.00,1.00,0.00,0.00,,1986,181,50.93,50.93,69.05,69.05,41.67,41.67,49.24,49.24,0.00,0.00
Indonesia,IDN,20200405,3.00,1,1.00,1,2.00,0,0.00,,1.00,0,0.00,,1.00,0,4.00,0.00,,0.00,0.00,0.00,2.00,1,1.00,1.00,0.00,0.00,,2092,191,50.93,50.93,69.05,69.05,41.67,41.67,49.24,49.24,0.00,0.00
Indonesia,IDN,20200406,3.00,1,1.00,1,2.00,0,0.00,,1.00,0,0.00,,1.00,0,4.00,0.00,,0.00,0.00,0.00,2.00,1,1.00,1.00,0.00,0.00,,2273,198,50.93,50.93,69.05,69.05,41.67,41.67,49.24,49.24,0.00,0.00
Indonesia,IDN,20200407,3.00,1,1.00,1,2.00,0,4.00,0,1.00,0,0.00,,1.00,0,4.00,0.00,,0.00,0.00,0.00,2.00,1,1.00,1.00,0.00,0.00,,2491,209,60.65,60.65,70.95,70.95,48.40,48.40,57.20,57.20,0.00,0.00
Indonesia,IDN,20200408,3.00,1,1.00,1,2.00,0,4.00,0,1.00,0,0.00,,1.00,0,4.00,0.00,,0.00,0.00,0.00,2.00,1,1.00,1.00,0.00,0.00,,2738,221,60.65,60.65,70.95,70.95,48.40,48.40,57.20,57.20,0.00,0.00
Indonesia,IDN,20200409,3.00,1,1.00,1,2.00,0,4.00,0,1.00,0,0.00,,1.00,0,4.00,0.00,,0.00,0.00,0.00,2.00,1,1.00,1.00,0.00,0.00,,2956,240,60.65,60.65,70.95,70.95,48.40,48.40,57.20,57.20,0.00,0.00
Indonesia,IDN,20200410,3.00,1,3.00,0,2.00,0,4.00,0,1.00,0,2.00,0,1.00,0,4.00,0.00,,0.00,0.00,0.00,2.00,1,1.00,1.00,0.00,0.00,,3293,280,71.76,71.76,76.90,76.90,56.09,56.09,66.29,66.29,0.00,0.00
Indonesia,IDN,20200411,3.00,1,3.00,0,2.00,0,4.00,0,1.00,0,2.00,0,1.00,0,4.00,0.00,,0.00,0.00,0.00,2.00,1,1.00,1.00,0.00,0.00,,3512,306,71.76,71.76,76.90,76.90,56.09,56.09,66.29,66.29,0.00,0.00
Indonesia,IDN,20200412,3.00,1,3.00,0,2.00,0,4.00,0,1.00,0,2.00,0,1.00,0,4.00,0.00,,0.00,0.00,0.00,2.00,1,1.00,1.00,0.00,0.00,,3842,327,71.76,71.76,76.90,76.90,56.09,56.09,66.29,66.29,0.00,0.00
Indonesia,IDN,20200413,3.00,1,3.00,0,2.00,0,4.00,0,1.00,0,2.00,0,1.00,0,4.00,0.00,,0.00,0.00,0.00,2.00,1,1.00,1.00,0.00,0.00,,4241,373,71.76,71.76,76.90,76.90,56.09,56.09,66.29,66.29,0.00,0.00
Indonesia,IDN,20200414,3.00,1,3.00,0,2.00,0,4.00,0,1.00,0,2.00,0,1.00,0,4.00,0.00,,0.00,0.00,0.00,2.00,1,1.00,1.00,0.00,0.00,,4557,399,71.76,71.76,76.90,76.90,56.09,56.09,66.29,66.29,0.00,0.00
Indonesia,IDN,20200415,3.00,1,3.00,0,2.00,0,4.00,0,1.00,0,2.00,0,1.00,0,4.00,0.00,,0.00,0.00,0.00,2.00,1,1.00,1.00,0.00,0.00,,4839,459,71.76,71.76,76.90,76.90,56.09,56.09,66.29,66.29,0.00,0.00
Indonesia,IDN,20200416,3.00,1,3.00,0,2.00,0,4.00,0,1.00,0,2.00,0,1.00,0,4.00,0.00,,0.00,0.00,0.00,2.00,1,1.00,1.00,0.00,0.00,,5136,469,71.76,71.76,76.90,76.90,56.09,56.09,66.29,66.29,0.00,0.00
Indonesia,IDN,20200417,3.00,1,3.00,0,2.00,0,4.00,0,1.00,0,2.00,0,1.00,0,4.00,0.00,,0.00,0.00,0.00,2.00,1,1.00,1.00,0.00,0.00,,5516,496,71.76,71.76,76.90,76.90,56.09,56.09,66.29,66.29,0.00,0.00
Indonesia,IDN,20200418,3.00,1,3.00,0,2.00,0,4.00,0,1.00,0,2.00,0,1.00,0,4.00,0.00,,0.00,0.00,0.00,2.00,1,1.00,1.00,0.00,0.00,,5923,520,71.76,71.76,76.90,76.90,56.09,56.09,66.29,66.29,0.00,0.00
Indonesia,IDN,20200419,3.00,1,3.00,0,2.00,0,4.00,0,1.00,0,2.00,0,1.00,0,4.00,0.00,,0.00,0.00,0.00,2.00,1,1.00,1.00,0.00,0.00,,6248,535,71.76,71.76,76.90,76.90,56.09,56.09,66.29,66.29,0.00,0.00
Indonesia,IDN,20200420,3.00,1,3.00,0,2.00,0,4.00,0,1.00,0,2.00,0,1.00,0,4.00,0.00,,0.00,0.00,0.00,2.00,1,1.00,1.00,0.00,0.00,,6575,582,71.76,71.76,76.90,76.90,56.09,56.09,66.29,66.29,0.00,0.00
Indonesia,IDN,20200421,3.00,1,3.00,0,2.00,0,4.00,0,1.00,0,2.00,0,1.00,0,4.00,0.00,,0.00,0.00,0.00,2.00,1,1.00,1.00,0.00,0.00,,6760,590,71.76,71.76,76.90,76.90,56.09,56.09,66.29,66.29,0.00,0.00
Indonesia,IDN,20200422,3.00,1,3.00,0,2.00,0,4.00,0,1.00,0,2.00,0,1.00,0,4.00,0.00,,0.00,0.00,0.00,2.00,1,1.00,1.00,0.00,0.00,,7135,616,71.76,71.76,76.90,76.90,56.09,56.09,66.29,66.29,0.00,0.00
Indonesia,IDN,20200423,3.00,1,3.00,0,2.00,0,4.00,0,1.00,0,2.00,0,1.00,0,4.00,0.00,,0.00,0.00,0.00,2.00,1,1.00,1.00,0.00,0.00,,7418,635,71.76,71.76,76.90,76.90,56.09,56.09,66.29,66.29,0.00,0.00
Indonesia,IDN,20200424,3.00,1,3.00,0,2.00,0,4.00,0,1.00,0,2.00,0,2.00,1,4.00,0.00,,0.00,0.00,0.00,2.00,1,1.00,1.00,0.00,0.00,,7775,647,80.09,80.09,84.05,84.05,61.86,61.86,73.11,73.11,0.00,0.00
Indonesia,IDN,20200425,3.00,1,3.00,0,2.00,0,4.00,0,1.00,0,2.00,0,2.00,1,4.00,0.00,,0.00,0.00,0.00,2.00,1,1.00,1.00,0.00,0.00,,8211,689,80.09,80.09,84.05,84.05,61.86,61.86,73.11,73.11,0.00,0.00
Indonesia,IDN,20200426,3.00,1,3.00,0,2.00,0,4.00,0,1.00,0,2.00,0,2.00,1,4.00,0.00,,0.00,0.00,0.00,2.00,1,1.00,1.00,0.00,0.00,,8607,720,80.09,80.09,84.05,84.05,61.86,61.86,73.11,73.11,0.00,0.00
Indonesia,IDN,20200427,3.00,1,3.00,0,2.00,0,4.00,0,1.00,0,2.00,0,2.00,1,4.00,0.00,,0.00,0.00,0.00,2.00,1,1.00,1.00,0.00,0.00,,8882,743,80.09,80.09,84.05,84.05,61.86,61.86,73.11,73.11,0.00,0.00
Indonesia,IDN,20200428,3.00,1,3.00,0,2.00,0,4.00,0,1.00,0,2.00,0,2.00,1,4.00,0.00,,0.00,0.00,0.00,2.00,1,1.00,1.00,0.00,0.00,,9096,765,80.09,80.09,84.05,84.05,61.86,61.86,73.11,73.11,0.00,0.00
Indonesia,IDN,20200429,3.00,1,3.00,0,2.00,0,4.00,0,1.00,0,2.00,0,2.00,1,4.00,0.00,,0.00,0.00,0.00,2.00,1,1.00,1.00,0.00,0.00,,9511,773,80.09,80.09,84.05,84.05,61.86,61.86,73.11,73.11,0.00,0.00
Indonesia,IDN,20200430,3.00,1,3.00,0,2.00,0,4.00,0,1.00,0,2.00,0,2.00,1,4.00,0.00,,0.00,0.00,0.00,2.00,1,1.00,1.00,0.00,0.00,,9771,784,80.09,80.09,84.05,84.05,61.86,61.86,73.11,73.11,0.00,0.00
Indonesia,IDN,20200501,3.00,1,3.00,0,2.00,0,4.00,0,1.00,0,2.00,0,2.00,1,4.00,0.00,,0.00,0.00,0.00,2.00,1,1.00,1.00,0.00,0.00,,10118,792,80.09,80.09,84.05,84.05,61.86,61.86,73.11,73.11,0.00,0.00
Indonesia,IDN,20200502,3.00,1,3.00,0,2.00,0,4.00,0,1.00,0,2.00,0,2.00,1,4.00,0.00,,0.00,0.00,0.00,2.00,1,1.00,1.00,0.00,0.00,,10551,800,80.09,80.09,84.05,84.05,61.86,61.86,73.11,73.11,0.00,0.00
Indonesia,IDN,20200503,3.00,1,3.00,0,2.00,0,4.00,0,1.00,0,2.00,0,1.00,1,4.00,0.00,,0.00,0.00,0.00,2.00,1,1.00,1.00,0.00,0.00,,10843,831,74.54,74.54,79.29,79.29,58.01,58.01,68.56,68.56,0.00,0.00
Indonesia,IDN,20200504,3.00,1,3.00,0,2.00,0,4.00,0,1.00,0,2.00,0,1.00,1,4.00,0.00,,0.00,0.00,0.00,2.00,1,1.00,1.00,0.00,0.00,,11192,845,74.54,74.54,79.29,79.29,58.01,58.01,68.56,68.56,0.00,0.00
Indonesia,IDN,20200505,3.00,1,3.00,0,2.00,0,4.00,0,1.00,0,2.00,0,1.00,1,4.00,0.00,,0.00,0.00,0.00,2.00,1,1.00,1.00,0.00,0.00,,11587,864,74.54,74.54,79.29,79.29,58.01,58.01,68.56,68.56,0.00,0.00
Indonesia,IDN,20200506,3.00,1,3.00,0,2.00,0,4.00,0,1.00,0,2.00,0,1.00,1,4.00,0.00,,0.00,0.00,0.00,2.00,1,1.00,1.00,0.00,0.00,,12071,872,74.54,74.54,79.29,79.29,58.01,58.01,68.56,68.56,0.00,0.00
Indonesia,IDN,20200507,3.00,1,3.00,0,2.00,0,4.00,0,1.00,0,2.00,0,1.00,1,4.00,0.00,,0.00,0.00,0.00,2.00,1,1.00,1.00,0.00,0.00,,12438,895,74.54,74.54,79.29,79.29,58.01,58.01,68.56,68.56,0.00,0.00
Indonesia,IDN,20200508,3.00,1,3.00,0,2.00,0,4.00,0,1.00,0,2.00,0,1.00,1,4.00,0.00,,0.00,0.00,0.00,2.00,1,1.00,1.00,0.00,0.00,,12776,930,74.54,74.54,79.29,79.29,58.01,58.01,68.56,68.56,0.00,0.00
Indonesia,IDN,20200509,3.00,1,3.00,0,2.00,0,4.00,0,1.00,0,2.00,0,1.00,1,4.00,0.00,,0.00,0.00,0.00,2.00,1,1.00,1.00,0.00,0.00,,13112,943,74.54,74.54,79.29,79.29,58.01,58.01,68.56,68.56,0.00,0.00
Indonesia,IDN,20200510,3.00,1,3.00,0,2.00,0,4.00,0,1.00,0,2.00,0,1.00,1,4.00,0.00,,0.00,0.00,0.00,2.00,1,1.00,1.00,0.00,0.00,,13645,959,74.54,74.54,79.29,79.29,58.01,58.01,68.56,68.56,0.00,0.00
Indonesia,IDN,20200511,3.00,1,3.00,0,2.00,0,4.00,0,1.00,0,2.00,0,1.00,1,4.00,0.00,,0.00,0.00,0.00,2.00,1,1.00,1.00,0.00,0.00,,14032,973,74.54,74.54,79.29,79.29,58.01,58.01,68.56,68.56,0.00,0.00
Indonesia,IDN,20200512,3.00,1,3.00,0,2.00,0,4.00,0,1.00,0,2.00,0,1.00,1,4.00,0.00,,0.00,0.00,0.00,2.00,1,1.00,1.00,0.00,0.00,,14265,991,74.54,74.54,79.29,79.29,58.01,58.01,68.56,68.56,0.00,0.00
Indonesia,IDN,20200513,3.00,1,3.00,0,2.00,0,4.00,0,1.00,0,2.00,0,1.00,1,4.00,0.00,,0.00,0.00,0.00,2.00,1,1.00,1.00,0.00,0.00,,14749,1007,74.54,74.54,79.29,79.29,58.01,58.01,68.56,68.56,0.00,0.00
Indonesia,IDN,20200514,3.00,1,3.00,0,2.00,0,4.00,0,1.00,0,2.00,0,1.00,1,4.00,0.00,,0.00,0.00,0.00,2.00,1,1.00,1.00,0.00,0.00,,15438,1028,74.54,74.54,79.29,79.29,58.01,58.01,68.56,68.56,0.00,0.00
Indonesia,IDN,20200515,3.00,1,3.00,0,2.00,0,4.00,0,1.00,0,2.00,0,1.00,1,4.00,0.00,,0.00,0.00,0.00,2.00,1,1.00,1.00,0.00,0.00,,16006,1043,74.54,74.54,79.29,79.29,58.01,58.01,68.56,68.56,0.00,0.00
Indonesia,IDN,20200516,3.00,1,3.00,0,2.00,0,4.00,0,1.00,0,2.00,0,1.00,1,4.00,0.00,,0.00,0.00,0.00,2.00,1,1.00,1.00,0.00,0.00,,16496,1076,74.54,74.54,79.29,79.29,58.01,58.01,68.56,68.56,0.00,0.00
Indonesia,IDN,20200517,3.00,1,3.00,0,2.00,0,4.00,0,1.00,0,2.00,0,1.00,1,4.00,0.00,,0.00,0.00,0.00,2.00,1,1.00,1.00,0.00,0.00,,17025,1089,74.54,74.54,79.29,79.29,58.01,58.01,68.56,68.56,0.00,0.00
Indonesia,IDN,20200518,3.00,1,3.00,0,2.00,0,4.00,0,1.00,0,2.00,0,1.00,1,4.00,0.00,,0.00,0.00,0.00,2.00,1,1.00,1.00,0.00,0.00,,17514,1148,74.54,74.54,79.29,79.29,58.01,58.01,68.56,68.56,0.00,0.00
Indonesia,IDN,20200519,3.00,1,3.00,0,2.00,0,4.00,0,1.00,0,2.00,0,1.00,1,4.00,0.00,,0.00,0.00,0.00,2.00,1,1.00,1.00,0.00,0.00,,18010,1191,74.54,74.54,79.29,79.29,58.01,58.01,68.56,68.56,0.00,0.00
Indonesia,IDN,20200520,3.00,1,3.00,0,2.00,0,4.00,0,0.00,,2.00,0,1.00,1,4.00,0.00,,0.00,0.00,0.00,2.00,1,1.00,1.00,0.00,0.00,,18496,1221,71.76,71.76,74.52,74.52,56.09,56.09,66.29,66.29,0.00,0.00
Indonesia,IDN,20200521,3.00,1,3.00,0,2.00,0,4.00,0,0.00,,2.00,0,1.00,1,4.00,0.00,,0.00,0.00,0.00,2.00,1,1.00,1.00,0.00,0.00,,19189,1242,71.76,71.76,74.52,74.52,56.09,56.09,66.29,66.29,0.00,0.00
Indonesia,IDN,20200522,3.00,1,3.00,0,2.00,0,4.00,0,0.00,,2.00,0,1.00,1,4.00,0.00,,0.00,0.00,0.00,2.00,1,1.00,1.00,0.00,0.00,,20162,1278,71.76,71.76,74.52,74.52,56.09,56.09,66.29,66.29,0.00,0.00
Indonesia,IDN,20200523,3.00,1,3.00,0,2.00,0,4.00,0,0.00,,2.00,0,1.00,1,4.00,0.00,,0.00,0.00,0.00,2.00,1,1.00,1.00,0.00,0.00,,20796,1326,71.76,71.76,74.52,74.52,56.09,56.09,66.29,66.29,0.00,0.00
Indonesia,IDN,20200524,3.00,1,3.00,0,2.00,0,4.00,0,0.00,,2.00,0,1.00,1,4.00,0.00,,0.00,0.00,0.00,2.00,1,1.00,1.00,0.00,0.00,,21745,1351,71.76,71.76,74.52,74.52,56.09,56.09,66.29,66.29,0.00,0.00
Indonesia,IDN,20200525,3.00,1,3.00,0,2.00,0,4.00,0,0.00,,2.00,0,1.00,1,4.00,0.00,,0.00,0.00,0.00,2.00,1,1.00,1.00,0.00,0.00,,22271,1372,71.76,71.76,74.52,74.52,56.09,56.09,66.29,66.29,0.00,0.00
Indonesia,IDN,20200526,3.00,1,3.00,0,2.00,0,4.00,0,0.00,,2.00,0,1.00,1,4.00,0.00,,0.00,0.00,0.00,2.00,1,1.00,1.00,0.00,0.00,,22750,1391,71.76,71.76,74.52,74.52,56.09,56.09,66.29,66.29,0.00,0.00
Indonesia,IDN,20200527,3.00,1,3.00,0,2.00,0,4.00,0,0.00,,2.00,0,1.00,1,4.00,0.00,,0.00,0.00,0.00,2.00,1,1.00,1.00,0.00,338558.00,,23165,1418,71.76,71.76,74.52,74.52,56.09,56.09,66.29,66.29,0.00,0.00
Indonesia,IDN,20200528,3.00,1,3.00,0,2.00,0,4.00,0,0.00,,2.00,0,1.00,1,4.00,0.00,,0.00,43000000000.00,0.00,2.00,1,1.00,1.00,0.00,0.00,,23851,1473,71.76,71.76,74.52,74.52,56.09,56.09,66.29,66.29,0.00,0.00
Indonesia,IDN,20200529,3.00,1,3.00,0,2.00,0,4.00,0,0.00,,2.00,0,1.00,1,4.00,0.00,,0.00,0.00,0.00,2.00,1,1.00,1.00,0.00,0.00,,24538,1496,71.76,71.76,74.52,74.52,56.09,56.09,66.29,66.29,0.00,0.00
Indonesia,IDN,20200530,3.00,1,3.00,0,2.00,0,4.00,0,0.00,,2.00,0,1.00,1,4.00,0.00,,0.00,0.00,0.00,2.00,1,1.00,1.00,0.00,0.00,,25216,1520,71.76,71.76,74.52,74.52,56.09,56.09,66.29,66.29,0.00,0.00
Indonesia,IDN,20200531,3.00,1,3.00,0,2.00,0,4.00,0,0.00,,2.00,0,1.00,1,4.00,0.00,,0.00,0.00,0.00,2.00,1,1.00,1.00,0.00,0.00,,25773,1573,71.76,71.76,74.52,74.52,56.09,56.09,66.29,66.29,0.00,0.00
Indonesia,IDN,20200601,3.00,1,3.00,0,2.00,0,4.00,0,0.00,,2.00,0,1.00,1,4.00,0.00,,0.00,0.00,0.00,2.00,1,1.00,1.00,0.00,0.00,,26473,1613,71.76,71.76,74.52,74.52,56.09,56.09,66.29,66.29,0.00,0.00
Indonesia,IDN,20200602,3.00,1,3.00,0,2.00,0,4.00,0,0.00,,2.00,0,1.00,1,4.00,0.00,,0.00,0.00,0.00,2.00,1,1.00,1.00,0.00,0.00,,26940,1641,71.76,71.76,74.52,74.52,56.09,56.09,66.29,66.29,0.00,0.00
Indonesia,IDN,20200603,3.00,1,3.00,0,2.00,0,4.00,0,0.00,,2.00,0,1.00,1,4.00,0.00,,0.00,2538941981.13,0.00,2.00,1,1.00,1.00,0.00,0.00,,27549,1663,71.76,71.76,74.52,74.52,56.09,56.09,66.29,66.29,0.00,0.00
Indonesia,IDN,20200604,3.00,1,3.00,0,2.00,0,4.00,0,0.00,,2.00,0,1.00,1,4.00,0.00,,0.00,0.00,0.00,2.00,1,1.00,1.00,0.00,0.00,,28233,1698,71.76,71.76,74.52,74.52,56.09,56.09,66.29,66.29,0.00,0.00
Indonesia,IDN,20200605,3.00,1,3.00,0,2.00,0,4.00,0,0.00,,2.00,0,1.00,1,4.00,0.00,,0.00,0.00,0.00,2.00,1,1.00,1.00,0.00,0.00,,28818,1721,71.76,71.76,74.52,74.52,56.09,56.09,66.29,66.29,0.00,0.00
Indonesia,IDN,20200606,3.00,1,3.00,0,2.00,0,4.00,0,0.00,,2.00,0,1.00,1,4.00,0.00,,0.00,0.00,0.00,2.00,1,1.00,1.00,0.00,0.00,,29521,1770,71.76,71.76,74.52,74.52,56.09,56.09,66.29,66.29,0.00,0.00
Indonesia,IDN,20200607,3.00,1,3.00,0,2.00,0,4.00,0,0.00,,2.00,0,1.00,1,4.00,0.00,,0.00,0.00,0.00,2.00,1,1.00,1.00,0.00,0.00,,30514,1801,71.76,71.76,74.52,74.52,56.09,56.09,66.29,66.29,0.00,0.00
Indonesia,IDN,20200608,3.00,1,2.00,0,2.00,0,4.00,0,0.00,,2.00,0,1.00,1,4.00,0.00,,0.00,0.00,0.00,2.00,1,1.00,1.00,0.00,0.00,,31186,1851,68.06,68.06,70.95,70.95,53.53,53.53,63.26,63.26,0.00,0.00
Indonesia,IDN,20200609,3.00,1,2.00,0,2.00,0,4.00,0,0.00,,2.00,0,1.00,1,4.00,0.00,,0.00,0.00,0.00,2.00,1,1.00,1.00,0.00,0.00,,32033,1883,68.06,68.06,70.95,70.95,53.53,53.53,63.26,63.26,0.00,0.00
Indonesia,IDN,20200610,3.00,1,2.00,0,2.00,0,4.00,0,0.00,,2.00,0,1.00,1,4.00,0.00,,0.00,0.00,0.00,2.00,1,1.00,1.00,0.00,0.00,,33076,1923,68.06,68.06,70.95,70.95,53.53,53.53,63.26,63.26,0.00,0.00
Indonesia,IDN,20200611,3.00,1,2.00,0,2.00,0,4.00,0,0.00,,2.00,0,1.00,1,4.00,0.00,,0.00,0.00,0.00,2.00,1,1.00,1.00,0.00,0.00,,34316,1959,68.06,68.06,70.95,70.95,53.53,53.53,63.26,63.26,0.00,0.00
Indonesia,IDN,20200612,3.00,1,2.00,0,2.00,0,4.00,0,0.00,,2.00,0,1.00,1,4.00,0.00,,0.00,0.00,0.00,2.00,1,1.00,1.00,0.00,0.00,,35295,2000,68.06,68.06,70.95,70.95,53.53,53.53,63.26,63.26,0.00,0.00
Indonesia,IDN,20200613,3.00,1,2.00,0,2.00,0,4.00,0,0.00,,2.00,0,1.00,1,4.00,0.00,,0.00,0.00,0.00,2.00,1,1.00,1.00,0.00,0.00,,36406,2048,68.06,68.06,70.95,70.95,53.53,53.53,63.26,63.26,0.00,0.00
Indonesia,IDN,20200614,3.00,1,2.00,0,2.00,0,4.00,0,0.00,,2.00,0,1.00,1,4.00,0.00,,0.00,0.00,0.00,2.00,1,1.00,1.00,0.00,0.00,,37420,2091,68.06,68.06,70.95,70.95,53.53,53.53,63.26,63.26,0.00,0.00
Indonesia,IDN,20200615,3.00,1,2.00,0,2.00,0,4.00,0,0.00,,2.00,0,1.00,1,4.00,0.00,,0.00,0.00,0.00,2.00,1,1.00,1.00,0.00,0.00,,38277,2134,68.06,68.06,70.95,70.95,53.53,53.53,63.26,63.26,0.00,0.00
Indonesia,IDN,20200616,3.00,1,2.00,0,2.00,0,4.00,0,0.00,,2.00,0,1.00,1,4.00,0.00,,0.00,0.00,0.00,2.00,1,1.00,1.00,0.00,0.00,,39294,2198,68.06,68.06,70.95,70.95,53.53,53.53,63.26,63.26,0.00,0.00
Indonesia,IDN,20200617,3.00,1,2.00,0,2.00,0,4.00,0,0.00,,2.00,0,1.00,1,4.00,0.00,,0.00,0.00,0.00,2.00,1,1.00,1.00,0.00,0.00,,40400,2231,68.06,68.06,70.95,70.95,53.53,53.53,63.26,63.26,0.00,0.00
Indonesia,IDN,20200618,3.00,1,2.00,0,2.00,0,4.00,0,0.00,,2.00,0,1.00,1,4.00,0.00,,0.00,0.00,0.00,2.00,1,1.00,1.00,0.00,0.00,,41431,2276,68.06,68.06,70.95,70.95,53.53,53.53,63.26,63.26,0.00,0.00
Indonesia,IDN,20200619,3.00,1,2.00,0,2.00,0,4.00,0,0.00,,2.00,0,1.00,1,4.00,0.00,,0.00,0.00,0.00,2.00,1,1.00,1.00,0.00,0.00,,42762,2339,68.06,68.06,70.95,70.95,53.53,53.53,63.26,63.26,0.00,0.00
Indonesia,IDN,20200620,3.00,1,2.00,0,2.00,0,4.00,0,0.00,,2.00,0,1.00,1,4.00,0.00,,0.00,0.00,0.00,2.00,1,1.00,1.00,0.00,0.00,,43803,2373,68.06,68.06,70.95,70.95,53.53,53.53,63.26,63.26,0.00,0.00
Indonesia,IDN,20200621,3.00,1,2.00,0,2.00,0,4.00,0,0.00,,2.00,0,1.00,1,4.00,0.00,,0.00,0.00,0.00,2.00,1,1.00,1.00,0.00,0.00,,45029,2429,68.06,68.06,70.95,70.95,53.53,53.53,63.26,63.26,0.00,0.00
Indonesia,IDN,20200622,3.00,1,2.00,0,2.00,0,4.00,0,0.00,,2.00,0,1.00,1,4.00,0.00,,0.00,0.00,0.00,2.00,1,1.00,1.00,0.00,0.00,,45891,2465,68.06,68.06,70.95,70.95,53.53,53.53,63.26,63.26,0.00,0.00
Indonesia,IDN,20200623,,,,,,,,,,,,,,,,,,,,,,,,,,,,46845,2500,,68.06,,70.95,,53.53,,63.26,,0.00
