Iraq,IRQ,20200101,0.00,,0.00,,0.00,,0.00,,0.00,,0.00,,0.00,,0.00,0.00,,0.00,0.00,0.00,0.00,,0.00,0.00,0.00,0.00,,0,0,0.00,0.00,0.00,0.00,0.00,0.00,0.00,0.00,0.00,0.00
Iraq,IRQ,20200102,0.00,,0.00,,0.00,,0.00,,0.00,,0.00,,0.00,,0.00,0.00,,0.00,0.00,0.00,0.00,,0.00,0.00,0.00,0.00,,0,0,0.00,0.00,0.00,0.00,0.00,0.00,0.00,0.00,0.00,0.00
Iraq,IRQ,20200103,0.00,,0.00,,0.00,,0.00,,0.00,,0.00,,0.00,,0.00,0.00,,0.00,0.00,0.00,0.00,,0.00,0.00,0.00,0.00,,0,0,0.00,0.00,0.00,0.00,0.00,0.00,0.00,0.00,0.00,0.00
Iraq,IRQ,20200104,0.00,,0.00,,0.00,,0.00,,0.00,,0.00,,0.00,,0.00,0.00,,0.00,0.00,0.00,0.00,,0.00,0.00,0.00,0.00,,0,0,0.00,0.00,0.00,0.00,0.00,0.00,0.00,0.00,0.00,0.00
Iraq,IRQ,20200105,0.00,,0.00,,0.00,,0.00,,0.00,,0.00,,0.00,,0.00,0.00,,0.00,0.00,0.00,0.00,,0.00,0.00,0.00,0.00,,0,0,0.00,0.00,0.00,0.00,0.00,0.00,0.00,0.00,0.00,0.00
Iraq,IRQ,20200106,0.00,,0.00,,0.00,,0.00,,0.00,,0.00,,0.00,,0.00,0.00,,0.00,0.00,0.00,0.00,,0.00,0.00,0.00,0.00,,0,0,0.00,0.00,0.00,0.00,0.00,0.00,0.00,0.00,0.00,0.00
Iraq,IRQ,20200107,0.00,,0.00,,0.00,,0.00,,0.00,,0.00,,0.00,,0.00,0.00,,0.00,0.00,0.00,0.00,,0.00,0.00,0.00,0.00,,0,0,0.00,0.00,0.00,0.00,0.00,0.00,0.00,0.00,0.00,0.00
Iraq,IRQ,20200108,0.00,,0.00,,0.00,,0.00,,0.00,,0.00,,0.00,,0.00,0.00,,0.00,0.00,0.00,0.00,,0.00,0.00,0.00,0.00,,0,0,0.00,0.00,0.00,0.00,0.00,0.00,0.00,0.00,0.00,0.00
Iraq,IRQ,20200109,0.00,,0.00,,0.00,,0.00,,0.00,,0.00,,0.00,,0.00,0.00,,0.00,0.00,0.00,0.00,,0.00,0.00,0.00,0.00,,0,0,0.00,0.00,0.00,0.00,0.00,0.00,0.00,0.00,0.00,0.00
Iraq,IRQ,20200110,0.00,,0.00,,0.00,,0.00,,0.00,,0.00,,0.00,,0.00,0.00,,0.00,0.00,0.00,0.00,,0.00,0.00,0.00,0.00,,0,0,0.00,0.00,0.00,0.00,0.00,0.00,0.00,0.00,0.00,0.00
Iraq,IRQ,20200111,0.00,,0.00,,0.00,,0.00,,0.00,,0.00,,0.00,,0.00,0.00,,0.00,0.00,0.00,0.00,,0.00,0.00,0.00,0.00,,0,0,0.00,0.00,0.00,0.00,0.00,0.00,0.00,0.00,0.00,0.00
Iraq,IRQ,20200112,0.00,,0.00,,0.00,,0.00,,0.00,,0.00,,0.00,,0.00,0.00,,0.00,0.00,0.00,0.00,,0.00,0.00,0.00,0.00,,0,0,0.00,0.00,0.00,0.00,0.00,0.00,0.00,0.00,0.00,0.00
Iraq,IRQ,20200113,0.00,,0.00,,0.00,,0.00,,0.00,,0.00,,0.00,,0.00,0.00,,0.00,0.00,0.00,0.00,,0.00,0.00,0.00,0.00,,0,0,0.00,0.00,0.00,0.00,0.00,0.00,0.00,0.00,0.00,0.00
Iraq,IRQ,20200114,0.00,,0.00,,0.00,,0.00,,0.00,,0.00,,0.00,,0.00,0.00,,0.00,0.00,0.00,0.00,,0.00,0.00,0.00,0.00,,0,0,0.00,0.00,0.00,0.00,0.00,0.00,0.00,0.00,0.00,0.00
Iraq,IRQ,20200115,0.00,,0.00,,0.00,,0.00,,0.00,,0.00,,0.00,,0.00,0.00,,0.00,0.00,0.00,0.00,,0.00,0.00,0.00,0.00,,0,0,0.00,0.00,0.00,0.00,0.00,0.00,0.00,0.00,0.00,0.00
Iraq,IRQ,20200116,0.00,,0.00,,0.00,,0.00,,0.00,,0.00,,0.00,,0.00,0.00,,0.00,0.00,0.00,0.00,,0.00,0.00,0.00,0.00,,0,0,0.00,0.00,0.00,0.00,0.00,0.00,0.00,0.00,0.00,0.00
Iraq,IRQ,20200117,0.00,,0.00,,0.00,,0.00,,0.00,,0.00,,0.00,,0.00,0.00,,0.00,0.00,0.00,0.00,,0.00,0.00,0.00,0.00,,0,0,0.00,0.00,0.00,0.00,0.00,0.00,0.00,0.00,0.00,0.00
Iraq,IRQ,20200118,0.00,,0.00,,0.00,,0.00,,0.00,,0.00,,0.00,,0.00,0.00,,0.00,0.00,0.00,0.00,,0.00,0.00,0.00,0.00,,0,0,0.00,0.00,0.00,0.00,0.00,0.00,0.00,0.00,0.00,0.00
Iraq,IRQ,20200119,0.00,,0.00,,0.00,,0.00,,0.00,,0.00,,0.00,,0.00,0.00,,0.00,0.00,0.00,0.00,,0.00,0.00,0.00,0.00,,0,0,0.00,0.00,0.00,0.00,0.00,0.00,0.00,0.00,0.00,0.00
Iraq,IRQ,20200120,0.00,,0.00,,0.00,,0.00,,0.00,,0.00,,0.00,,0.00,0.00,,0.00,0.00,0.00,0.00,,0.00,0.00,0.00,0.00,,0,0,0.00,0.00,0.00,0.00,0.00,0.00,0.00,0.00,0.00,0.00
Iraq,IRQ,20200121,0.00,,0.00,,0.00,,0.00,,0.00,,0.00,,0.00,,0.00,0.00,,0.00,0.00,0.00,0.00,,0.00,0.00,0.00,0.00,,0,0,0.00,0.00,0.00,0.00,0.00,0.00,0.00,0.00,0.00,0.00
Iraq,IRQ,20200122,0.00,,0.00,,0.00,,0.00,,0.00,,0.00,,0.00,,0.00,0.00,,0.00,0.00,0.00,0.00,,0.00,0.00,0.00,0.00,,0,0,0.00,0.00,0.00,0.00,0.00,0.00,0.00,0.00,0.00,0.00
Iraq,IRQ,20200123,0.00,,0.00,,0.00,,0.00,,0.00,,0.00,,0.00,,0.00,0.00,,0.00,0.00,0.00,0.00,,0.00,0.00,0.00,0.00,,0,0,0.00,0.00,0.00,0.00,0.00,0.00,0.00,0.00,0.00,0.00
Iraq,IRQ,20200124,0.00,,0.00,,0.00,,0.00,,0.00,,0.00,,0.00,,0.00,0.00,,0.00,0.00,0.00,0.00,,0.00,0.00,0.00,0.00,,0,0,0.00,0.00,0.00,0.00,0.00,0.00,0.00,0.00,0.00,0.00
Iraq,IRQ,20200125,0.00,,0.00,,0.00,,0.00,,0.00,,0.00,,0.00,,0.00,0.00,,0.00,0.00,0.00,0.00,,0.00,0.00,0.00,0.00,,0,0,0.00,0.00,0.00,0.00,0.00,0.00,0.00,0.00,0.00,0.00
Iraq,IRQ,20200126,0.00,,0.00,,0.00,,0.00,,0.00,,0.00,,0.00,,0.00,0.00,,0.00,0.00,0.00,0.00,,0.00,0.00,0.00,0.00,,0,0,0.00,0.00,0.00,0.00,0.00,0.00,0.00,0.00,0.00,0.00
Iraq,IRQ,20200127,0.00,,0.00,,0.00,,0.00,,0.00,,0.00,,0.00,,0.00,0.00,,0.00,0.00,0.00,0.00,,0.00,0.00,0.00,0.00,,0,0,0.00,0.00,0.00,0.00,0.00,0.00,0.00,0.00,0.00,0.00
Iraq,IRQ,20200128,0.00,,0.00,,0.00,,0.00,,0.00,,0.00,,0.00,,0.00,0.00,,0.00,0.00,0.00,0.00,,0.00,0.00,0.00,0.00,,0,0,0.00,0.00,0.00,0.00,0.00,0.00,0.00,0.00,0.00,0.00
Iraq,IRQ,20200129,0.00,,0.00,,0.00,,0.00,,0.00,,0.00,,0.00,,0.00,0.00,,0.00,0.00,0.00,0.00,,0.00,0.00,0.00,0.00,,0,0,0.00,0.00,0.00,0.00,0.00,0.00,0.00,0.00,0.00,0.00
Iraq,IRQ,20200130,0.00,,0.00,,0.00,,0.00,,0.00,,0.00,,0.00,,0.00,0.00,,0.00,0.00,0.00,0.00,,0.00,0.00,0.00,0.00,,0,0,0.00,0.00,0.00,0.00,0.00,0.00,0.00,0.00,0.00,0.00
Iraq,IRQ,20200131,0.00,,0.00,,0.00,,0.00,,0.00,,0.00,,0.00,,0.00,0.00,,0.00,0.00,0.00,0.00,,0.00,0.00,0.00,0.00,,0,0,0.00,0.00,0.00,0.00,0.00,0.00,0.00,0.00,0.00,0.00
Iraq,IRQ,20200201,0.00,,0.00,,0.00,,0.00,,0.00,,0.00,,0.00,,0.00,0.00,,0.00,0.00,0.00,0.00,,0.00,0.00,0.00,0.00,,0,0,0.00,0.00,0.00,0.00,0.00,0.00,0.00,0.00,0.00,0.00
Iraq,IRQ,20200202,0.00,,0.00,,0.00,,0.00,,0.00,,0.00,,0.00,,0.00,0.00,,0.00,0.00,0.00,0.00,,0.00,0.00,0.00,0.00,,0,0,0.00,0.00,0.00,0.00,0.00,0.00,0.00,0.00,0.00,0.00
Iraq,IRQ,20200203,0.00,,0.00,,0.00,,0.00,,0.00,,0.00,,0.00,,0.00,0.00,,0.00,0.00,0.00,0.00,,0.00,0.00,0.00,0.00,,0,0,0.00,0.00,0.00,0.00,0.00,0.00,0.00,0.00,0.00,0.00
Iraq,IRQ,20200204,0.00,,0.00,,0.00,,0.00,,0.00,,0.00,,0.00,,0.00,0.00,,0.00,0.00,0.00,0.00,,0.00,0.00,0.00,0.00,,0,0,0.00,0.00,0.00,0.00,0.00,0.00,0.00,0.00,0.00,0.00
Iraq,IRQ,20200205,0.00,,0.00,,0.00,,0.00,,0.00,,0.00,,0.00,,0.00,0.00,,0.00,0.00,0.00,0.00,,0.00,0.00,0.00,0.00,,0,0,0.00,0.00,0.00,0.00,0.00,0.00,0.00,0.00,0.00,0.00
Iraq,IRQ,20200206,0.00,,0.00,,0.00,,0.00,,0.00,,0.00,,0.00,,0.00,0.00,,0.00,0.00,0.00,0.00,,0.00,0.00,0.00,0.00,,0,0,0.00,0.00,0.00,0.00,0.00,0.00,0.00,0.00,0.00,0.00
Iraq,IRQ,20200207,0.00,,0.00,,0.00,,0.00,,0.00,,0.00,,0.00,,0.00,0.00,,0.00,0.00,0.00,0.00,,0.00,0.00,0.00,0.00,,0,0,0.00,0.00,0.00,0.00,0.00,0.00,0.00,0.00,0.00,0.00
Iraq,IRQ,20200208,0.00,,0.00,,0.00,,0.00,,0.00,,0.00,,0.00,,0.00,0.00,,0.00,0.00,0.00,0.00,,0.00,0.00,0.00,0.00,,0,0,0.00,0.00,0.00,0.00,0.00,0.00,0.00,0.00,0.00,0.00
Iraq,IRQ,20200209,0.00,,0.00,,0.00,,0.00,,0.00,,0.00,,0.00,,0.00,0.00,,0.00,0.00,0.00,0.00,,0.00,0.00,0.00,0.00,,0,0,0.00,0.00,0.00,0.00,0.00,0.00,0.00,0.00,0.00,0.00
Iraq,IRQ,20200210,0.00,,0.00,,0.00,,0.00,,0.00,,0.00,,0.00,,0.00,0.00,,0.00,0.00,0.00,0.00,,0.00,0.00,0.00,0.00,,0,0,0.00,0.00,0.00,0.00,0.00,0.00,0.00,0.00,0.00,0.00
Iraq,IRQ,20200211,0.00,,0.00,,0.00,,0.00,,0.00,,0.00,,0.00,,0.00,0.00,,0.00,0.00,0.00,0.00,,0.00,0.00,0.00,0.00,,0,0,0.00,0.00,0.00,0.00,0.00,0.00,0.00,0.00,0.00,0.00
Iraq,IRQ,20200212,0.00,,0.00,,0.00,,0.00,,0.00,,0.00,,0.00,,0.00,0.00,,0.00,0.00,0.00,0.00,,0.00,0.00,0.00,0.00,,0,0,0.00,0.00,0.00,0.00,0.00,0.00,0.00,0.00,0.00,0.00
Iraq,IRQ,20200213,0.00,,0.00,,0.00,,0.00,,0.00,,0.00,,0.00,,0.00,0.00,,0.00,0.00,0.00,0.00,,0.00,0.00,0.00,0.00,,0,0,0.00,0.00,0.00,0.00,0.00,0.00,0.00,0.00,0.00,0.00
Iraq,IRQ,20200214,0.00,,0.00,,0.00,,0.00,,0.00,,0.00,,0.00,,0.00,0.00,,0.00,0.00,0.00,0.00,,0.00,0.00,0.00,0.00,,0,0,0.00,0.00,0.00,0.00,0.00,0.00,0.00,0.00,0.00,0.00
Iraq,IRQ,20200215,0.00,,0.00,,0.00,,0.00,,0.00,,0.00,,0.00,,0.00,0.00,,0.00,0.00,0.00,0.00,,0.00,0.00,0.00,0.00,,0,0,0.00,0.00,0.00,0.00,0.00,0.00,0.00,0.00,0.00,0.00
Iraq,IRQ,20200216,0.00,,0.00,,0.00,,0.00,,0.00,,0.00,,0.00,,0.00,0.00,,0.00,0.00,0.00,0.00,,0.00,0.00,0.00,0.00,,0,0,0.00,0.00,0.00,0.00,0.00,0.00,0.00,0.00,0.00,0.00
Iraq,IRQ,20200217,0.00,,0.00,,0.00,,0.00,,0.00,,0.00,,0.00,,0.00,0.00,,0.00,0.00,0.00,0.00,,0.00,0.00,0.00,0.00,,0,0,0.00,0.00,0.00,0.00,0.00,0.00,0.00,0.00,0.00,0.00
Iraq,IRQ,20200218,0.00,,0.00,,0.00,,0.00,,0.00,,0.00,,0.00,,0.00,0.00,,0.00,0.00,0.00,0.00,,0.00,0.00,0.00,0.00,,0,0,0.00,0.00,0.00,0.00,0.00,0.00,0.00,0.00,0.00,0.00
Iraq,IRQ,20200219,0.00,,0.00,,0.00,,0.00,,0.00,,0.00,,0.00,,0.00,0.00,,0.00,0.00,0.00,1.00,0,0.00,0.00,0.00,0.00,,0,0,2.78,2.78,4.76,4.76,1.92,1.92,2.27,2.27,0.00,0.00
Iraq,IRQ,20200220,0.00,,0.00,,0.00,,0.00,,0.00,,0.00,,0.00,,3.00,0.00,,0.00,0.00,0.00,1.00,0,0.00,0.00,0.00,0.00,,0,0,11.11,11.11,15.48,15.48,7.69,7.69,9.09,9.09,0.00,0.00
Iraq,IRQ,20200221,0.00,,0.00,,0.00,,0.00,,0.00,,0.00,,0.00,,3.00,0.00,,0.00,0.00,0.00,1.00,0,0.00,0.00,0.00,0.00,,0,0,11.11,11.11,15.48,15.48,7.69,7.69,9.09,9.09,0.00,0.00
Iraq,IRQ,20200222,0.00,,0.00,,0.00,,0.00,,0.00,,0.00,,0.00,,3.00,0.00,,0.00,0.00,0.00,1.00,0,0.00,0.00,0.00,0.00,,0,0,11.11,11.11,15.48,15.48,7.69,7.69,9.09,9.09,0.00,0.00
Iraq,IRQ,20200223,0.00,,0.00,,0.00,,0.00,,0.00,,0.00,,0.00,,3.00,0.00,,0.00,0.00,0.00,2.00,1,0.00,0.00,0.00,0.00,,0,0,19.44,19.44,25.00,25.00,13.46,13.46,15.91,15.91,0.00,0.00
Iraq,IRQ,20200224,0.00,,0.00,,0.00,,0.00,,0.00,,0.00,,0.00,,3.00,0.00,,0.00,0.00,0.00,2.00,1,1.00,0.00,0.00,0.00,,0,0,19.44,19.44,25.00,25.00,16.03,16.03,18.94,18.94,0.00,0.00
Iraq,IRQ,20200225,3.00,0,0.00,,2.00,1,4.00,1,0.00,,0.00,,0.00,,3.00,0.00,,0.00,0.00,0.00,2.00,1,1.00,1.00,420168.00,0.00,,1,0,50.93,50.93,50.00,50.00,41.67,41.67,49.24,49.24,0.00,0.00
Iraq,IRQ,20200226,3.00,0,0.00,,2.00,1,4.00,1,0.00,,0.00,,0.00,,3.00,0.00,,0.00,0.00,0.00,2.00,1,1.00,1.00,0.00,0.00,,5,0,50.93,50.93,50.00,50.00,41.67,41.67,49.24,49.24,0.00,0.00
Iraq,IRQ,20200227,3.00,1,0.00,,2.00,1,4.00,1,0.00,,0.00,,0.00,,3.00,0.00,,0.00,0.00,0.00,2.00,1,1.00,0.00,0.00,0.00,,5,0,52.78,52.78,53.57,53.57,39.10,39.10,46.21,46.21,0.00,0.00
Iraq,IRQ,20200228,3.00,1,0.00,,2.00,1,4.00,1,0.00,,0.00,,0.00,,3.00,0.00,,0.00,0.00,0.00,2.00,1,1.00,0.00,0.00,0.00,,6,0,52.78,52.78,53.57,53.57,39.10,39.10,46.21,46.21,0.00,0.00
Iraq,IRQ,20200229,3.00,1,0.00,,2.00,1,4.00,1,0.00,,0.00,,0.00,,3.00,0.00,,0.00,0.00,0.00,2.00,1,1.00,0.00,0.00,0.00,,7,0,52.78,52.78,53.57,53.57,39.10,39.10,46.21,46.21,0.00,0.00
Iraq,IRQ,20200301,3.00,1,0.00,,2.00,1,4.00,1,0.00,,0.00,,0.00,,3.00,0.00,,0.00,0.00,0.00,2.00,1,1.00,0.00,0.00,0.00,,13,0,52.78,52.78,53.57,53.57,39.10,39.10,46.21,46.21,0.00,0.00
Iraq,IRQ,20200302,3.00,1,0.00,,2.00,1,4.00,1,0.00,,0.00,,0.00,,3.00,0.00,,0.00,0.00,0.00,2.00,1,1.00,0.00,0.00,0.00,,19,0,52.78,52.78,53.57,53.57,39.10,39.10,46.21,46.21,0.00,0.00
Iraq,IRQ,20200303,3.00,1,0.00,,2.00,1,4.00,1,0.00,,0.00,,0.00,,3.00,0.00,,0.00,0.00,0.00,2.00,1,1.00,0.00,0.00,0.00,,21,0,52.78,52.78,53.57,53.57,39.10,39.10,46.21,46.21,0.00,0.00
Iraq,IRQ,20200304,3.00,1,0.00,,2.00,1,4.00,1,0.00,,0.00,,0.00,,3.00,0.00,,0.00,0.00,0.00,2.00,1,1.00,0.00,0.00,0.00,,26,0,52.78,52.78,53.57,53.57,39.10,39.10,46.21,46.21,0.00,0.00
Iraq,IRQ,20200305,3.00,1,0.00,,2.00,1,4.00,1,0.00,,0.00,,0.00,,3.00,0.00,,0.00,0.00,0.00,2.00,1,1.00,0.00,0.00,0.00,,31,0,52.78,52.78,53.57,53.57,39.10,39.10,46.21,46.21,0.00,0.00
Iraq,IRQ,20200306,3.00,1,0.00,,2.00,1,4.00,1,0.00,,0.00,,0.00,,3.00,0.00,,0.00,0.00,0.00,2.00,1,1.00,0.00,0.00,0.00,,38,2,52.78,52.78,53.57,53.57,39.10,39.10,46.21,46.21,0.00,0.00
Iraq,IRQ,20200307,3.00,1,0.00,,2.00,1,4.00,1,0.00,,0.00,,0.00,,3.00,0.00,,0.00,0.00,0.00,2.00,1,1.00,0.00,0.00,0.00,,,,52.78,52.78,53.57,53.57,39.10,39.10,46.21,46.21,0.00,0.00
Iraq,IRQ,20200308,3.00,1,0.00,,2.00,1,4.00,1,0.00,,0.00,,0.00,,3.00,0.00,,0.00,0.00,0.00,2.00,1,1.00,0.00,0.00,0.00,,54,2,52.78,52.78,53.57,53.57,39.10,39.10,46.21,46.21,0.00,0.00
Iraq,IRQ,20200309,3.00,1,0.00,,2.00,1,4.00,1,0.00,,0.00,,0.00,,3.00,0.00,,0.00,0.00,0.00,2.00,1,1.00,0.00,0.00,0.00,,61,6,52.78,52.78,53.57,53.57,39.10,39.10,46.21,46.21,0.00,0.00
Iraq,IRQ,20200310,3.00,1,0.00,,2.00,1,4.00,1,0.00,,0.00,,0.00,,3.00,0.00,,0.00,0.00,0.00,2.00,1,1.00,0.00,0.00,0.00,,,,52.78,52.78,53.57,53.57,39.10,39.10,46.21,46.21,0.00,0.00
Iraq,IRQ,20200311,3.00,1,0.00,,2.00,1,4.00,1,0.00,,0.00,,2.00,0,3.00,0.00,,0.00,0.00,0.00,2.00,1,1.00,0.00,0.00,0.00,,61,6,61.11,61.11,63.10,63.10,44.87,44.87,53.03,53.03,0.00,0.00
Iraq,IRQ,20200312,3.00,1,0.00,,2.00,1,4.00,1,0.00,,0.00,,2.00,0,3.00,0.00,,0.00,0.00,0.00,2.00,1,1.00,0.00,0.00,0.00,,70,8,61.11,61.11,63.10,63.10,44.87,44.87,53.03,53.03,0.00,0.00
Iraq,IRQ,20200313,3.00,1,0.00,,2.00,1,4.00,1,2.00,0,2.00,0,2.00,0,3.00,0.00,,0.00,0.00,0.00,2.00,1,1.00,0.00,0.00,0.00,,74,8,75.00,75.00,72.62,72.62,54.49,54.49,64.39,64.39,0.00,0.00
Iraq,IRQ,20200314,3.00,1,0.00,,2.00,1,4.00,1,2.00,0,2.00,0,2.00,0,3.00,0.00,,0.00,0.00,0.00,2.00,1,1.00,0.00,0.00,0.00,,85,9,75.00,75.00,72.62,72.62,54.49,54.49,64.39,64.39,0.00,0.00
Iraq,IRQ,20200315,3.00,1,0.00,,2.00,1,4.00,1,2.00,0,2.00,0,2.00,0,3.00,0.00,,0.00,0.00,0.00,2.00,1,1.00,0.00,0.00,0.00,,85,9,75.00,75.00,72.62,72.62,54.49,54.49,64.39,64.39,0.00,0.00
Iraq,IRQ,20200316,3.00,1,0.00,,2.00,1,4.00,1,2.00,0,2.00,0,2.00,1,3.00,0.00,,0.00,0.00,0.00,2.00,1,1.00,0.00,0.00,0.00,,124,9,77.78,77.78,77.38,77.38,56.41,56.41,66.67,66.67,0.00,0.00
Iraq,IRQ,20200317,3.00,1,3.00,0,2.00,1,4.00,1,2.00,0,2.00,0,2.00,1,4.00,0.00,,0.00,0.00,0.00,2.00,1,1.00,0.00,0.00,0.00,,124,9,89.81,89.81,91.67,91.67,64.74,64.74,76.52,76.52,0.00,0.00
Iraq,IRQ,20200318,3.00,1,3.00,0,2.00,1,4.00,1,2.00,0,2.00,0,2.00,1,4.00,0.00,,0.00,0.00,0.00,2.00,1,1.00,0.00,0.00,0.00,,154,11,89.81,89.81,91.67,91.67,64.74,64.74,76.52,76.52,0.00,0.00
Iraq,IRQ,20200319,3.00,1,3.00,0,2.00,1,4.00,1,2.00,0,2.00,0,2.00,1,4.00,0.00,,0.00,0.00,0.00,2.00,1,1.00,0.00,0.00,0.00,,164,12,89.81,89.81,91.67,91.67,64.74,64.74,76.52,76.52,0.00,0.00
Iraq,IRQ,20200320,3.00,1,3.00,0,2.00,1,4.00,1,2.00,0,2.00,0,2.00,1,4.00,0.00,,0.00,0.00,0.00,2.00,1,1.00,0.00,0.00,0.00,,177,12,89.81,89.81,91.67,91.67,64.74,64.74,76.52,76.52,0.00,0.00
Iraq,IRQ,20200321,3.00,1,3.00,0,2.00,1,4.00,1,2.00,0,2.00,0,2.00,1,4.00,0.00,,0.00,0.00,0.00,2.00,1,1.00,0.00,0.00,0.00,,193,14,89.81,89.81,91.67,91.67,64.74,64.74,76.52,76.52,0.00,0.00
Iraq,IRQ,20200322,3.00,1,3.00,1,2.00,1,4.00,1,2.00,1,2.00,0,2.00,1,4.00,0.00,,0.00,0.00,0.00,2.00,1,1.00,0.00,0.00,0.00,,214,17,94.44,94.44,100.00,100.00,67.95,67.95,80.30,80.30,0.00,0.00
Iraq,IRQ,20200323,3.00,1,3.00,1,2.00,1,4.00,1,2.00,1,2.00,0,2.00,1,4.00,0.00,,0.00,0.00,0.00,2.00,1,1.00,0.00,0.00,0.00,,233,20,94.44,94.44,100.00,100.00,67.95,67.95,80.30,80.30,0.00,0.00
Iraq,IRQ,20200324,3.00,1,3.00,1,2.00,1,4.00,1,2.00,1,2.00,0,2.00,1,4.00,0.00,,0.00,0.00,0.00,2.00,1,1.00,0.00,0.00,0.00,,266,23,94.44,94.44,100.00,100.00,67.95,67.95,80.30,80.30,0.00,0.00
Iraq,IRQ,20200325,3.00,1,3.00,1,2.00,1,4.00,1,2.00,1,2.00,0,2.00,1,4.00,0.00,,0.00,0.00,0.00,2.00,1,1.00,0.00,0.00,0.00,,316,27,94.44,94.44,100.00,100.00,67.95,67.95,80.30,80.30,0.00,0.00
Iraq,IRQ,20200326,3.00,1,3.00,1,2.00,1,4.00,1,2.00,1,2.00,1,2.00,1,4.00,0.00,,0.00,0.00,0.00,2.00,1,2.00,0.00,0.00,0.00,,346,29,96.30,96.30,100.00,100.00,71.79,71.79,84.85,84.85,0.00,0.00
Iraq,IRQ,20200327,3.00,1,3.00,1,2.00,1,4.00,1,2.00,1,2.00,1,2.00,1,4.00,0.00,,0.00,0.00,0.00,2.00,1,2.00,0.00,0.00,0.00,,382,36,96.30,96.30,100.00,100.00,71.79,71.79,84.85,84.85,0.00,0.00
Iraq,IRQ,20200328,3.00,1,3.00,1,2.00,1,4.00,1,2.00,1,2.00,1,2.00,1,4.00,0.00,,0.00,0.00,0.00,2.00,1,2.00,0.00,0.00,0.00,,458,40,96.30,96.30,100.00,100.00,71.79,71.79,84.85,84.85,0.00,0.00
Iraq,IRQ,20200329,3.00,1,3.00,1,2.00,1,4.00,1,2.00,1,2.00,1,2.00,1,4.00,0.00,,0.00,0.00,0.00,2.00,1,2.00,0.00,0.00,0.00,,506,42,96.30,96.30,100.00,100.00,71.79,71.79,84.85,84.85,0.00,0.00
Iraq,IRQ,20200330,3.00,1,3.00,1,2.00,1,4.00,1,2.00,1,2.00,1,2.00,1,4.00,0.00,,0.00,0.00,0.00,2.00,1,2.00,0.00,0.00,0.00,,547,42,96.30,96.30,100.00,100.00,71.79,71.79,84.85,84.85,0.00,0.00
Iraq,IRQ,20200331,3.00,1,3.00,1,2.00,1,4.00,1,2.00,1,2.00,1,2.00,1,4.00,0.00,,0.00,0.00,0.00,2.00,1,2.00,0.00,0.00,0.00,,630,46,96.30,96.30,100.00,100.00,71.79,71.79,84.85,84.85,0.00,0.00
Iraq,IRQ,20200401,3.00,1,3.00,1,2.00,1,4.00,1,2.00,1,2.00,1,2.00,1,4.00,0.00,,0.00,0.00,0.00,2.00,1,2.00,0.00,0.00,0.00,,694,50,96.30,96.30,100.00,100.00,71.79,71.79,84.85,84.85,0.00,0.00
Iraq,IRQ,20200402,3.00,1,3.00,1,2.00,1,4.00,1,2.00,1,2.00,1,2.00,1,4.00,0.00,,0.00,0.00,0.00,2.00,1,2.00,0.00,50000000.00,0.00,,694,50,96.30,96.30,100.00,100.00,71.79,71.79,84.85,84.85,0.00,0.00
Iraq,IRQ,20200403,3.00,1,3.00,1,2.00,1,4.00,1,2.00,1,2.00,1,2.00,1,4.00,0.00,,0.00,0.00,0.00,2.00,1,2.00,0.00,0.00,0.00,,772,54,96.30,96.30,100.00,100.00,71.79,71.79,84.85,84.85,0.00,0.00
Iraq,IRQ,20200404,3.00,1,3.00,1,2.00,1,4.00,1,2.00,1,2.00,1,2.00,1,4.00,0.00,,0.00,0.00,0.00,2.00,1,2.00,0.00,0.00,0.00,,772,54,96.30,96.30,100.00,100.00,71.79,71.79,84.85,84.85,0.00,0.00
Iraq,IRQ,20200405,3.00,1,3.00,1,2.00,1,4.00,1,2.00,1,2.00,1,2.00,1,4.00,0.00,,0.00,0.00,0.00,2.00,1,2.00,0.00,0.00,0.00,,878,56,96.30,96.30,100.00,100.00,71.79,71.79,84.85,84.85,0.00,0.00
Iraq,IRQ,20200406,3.00,1,3.00,1,2.00,1,4.00,1,2.00,1,2.00,1,2.00,1,4.00,0.00,,0.00,0.00,0.00,2.00,1,2.00,0.00,0.00,0.00,,961,61,96.30,96.30,100.00,100.00,71.79,71.79,84.85,84.85,0.00,0.00
Iraq,IRQ,20200407,3.00,1,3.00,1,2.00,1,4.00,1,2.00,1,2.00,1,2.00,1,4.00,0.00,,0.00,0.00,0.00,2.00,1,2.00,0.00,0.00,0.00,,1031,64,96.30,96.30,100.00,100.00,71.79,71.79,84.85,84.85,0.00,0.00
Iraq,IRQ,20200408,3.00,1,3.00,1,2.00,1,4.00,1,2.00,1,2.00,1,2.00,1,4.00,0.00,,0.00,502933780.00,0.00,2.00,1,2.00,0.00,0.00,0.00,,1031,64,96.30,96.30,100.00,100.00,71.79,71.79,84.85,84.85,0.00,0.00
Iraq,IRQ,20200409,3.00,1,3.00,1,2.00,1,4.00,1,2.00,1,2.00,1,2.00,1,4.00,0.00,,0.00,0.00,0.00,2.00,1,2.00,0.00,0.00,0.00,,1202,69,96.30,96.30,100.00,100.00,71.79,71.79,84.85,84.85,0.00,0.00
Iraq,IRQ,20200410,3.00,1,3.00,1,2.00,1,4.00,1,2.00,1,2.00,1,2.00,1,4.00,0.00,,0.00,0.00,0.00,2.00,1,2.00,0.00,0.00,0.00,,1232,69,96.30,96.30,100.00,100.00,71.79,71.79,84.85,84.85,0.00,0.00
Iraq,IRQ,20200411,3.00,1,3.00,1,2.00,1,4.00,1,2.00,1,2.00,1,2.00,1,4.00,0.00,,0.00,0.00,0.00,2.00,1,2.00,0.00,0.00,0.00,,1279,70,96.30,96.30,100.00,100.00,71.79,71.79,84.85,84.85,0.00,0.00
Iraq,IRQ,20200412,3.00,1,3.00,1,2.00,1,4.00,1,2.00,1,2.00,1,2.00,1,4.00,0.00,,0.00,0.00,0.00,2.00,1,2.00,0.00,0.00,0.00,,1318,72,96.30,96.30,100.00,100.00,71.79,71.79,84.85,84.85,0.00,0.00
Iraq,IRQ,20200413,3.00,1,3.00,1,2.00,1,4.00,1,2.00,1,2.00,1,2.00,1,4.00,0.00,,0.00,0.00,0.00,2.00,1,2.00,0.00,0.00,0.00,,1352,76,96.30,96.30,100.00,100.00,71.79,71.79,84.85,84.85,0.00,0.00
Iraq,IRQ,20200414,3.00,1,3.00,1,2.00,1,4.00,1,2.00,1,2.00,1,2.00,1,4.00,0.00,,0.00,0.00,0.00,2.00,1,2.00,0.00,0.00,0.00,,1378,78,96.30,96.30,100.00,100.00,71.79,71.79,84.85,84.85,0.00,0.00
Iraq,IRQ,20200415,3.00,1,3.00,1,2.00,1,4.00,1,2.00,1,2.00,1,2.00,1,4.00,0.00,,0.00,0.00,0.00,2.00,1,2.00,0.00,0.00,0.00,,1400,78,96.30,96.30,100.00,100.00,71.79,71.79,84.85,84.85,0.00,0.00
Iraq,IRQ,20200416,3.00,1,3.00,1,2.00,1,4.00,1,2.00,1,2.00,1,2.00,1,4.00,0.00,,0.00,0.00,0.00,2.00,1,2.00,0.00,0.00,0.00,,1415,79,96.30,96.30,100.00,100.00,71.79,71.79,84.85,84.85,0.00,0.00
Iraq,IRQ,20200417,3.00,1,3.00,1,2.00,1,4.00,1,2.00,1,2.00,1,2.00,1,4.00,0.00,,0.00,0.00,0.00,2.00,1,2.00,0.00,0.00,0.00,,1434,80,96.30,96.30,100.00,100.00,71.79,71.79,84.85,84.85,0.00,0.00
Iraq,IRQ,20200418,3.00,1,3.00,1,2.00,1,4.00,1,2.00,1,2.00,1,2.00,1,4.00,0.00,,0.00,0.00,0.00,2.00,1,2.00,0.00,0.00,0.00,,1482,81,96.30,96.30,100.00,100.00,71.79,71.79,84.85,84.85,0.00,0.00
Iraq,IRQ,20200419,3.00,1,3.00,1,2.00,1,4.00,1,2.00,1,2.00,1,2.00,1,4.00,0.00,,0.00,0.00,0.00,2.00,1,2.00,0.00,0.00,0.00,,1482,81,96.30,96.30,100.00,100.00,71.79,71.79,84.85,84.85,0.00,0.00
Iraq,IRQ,20200420,3.00,1,3.00,1,2.00,1,4.00,1,2.00,1,2.00,1,2.00,1,4.00,0.00,,0.00,0.00,0.00,2.00,1,2.00,0.00,0.00,0.00,,1539,82,96.30,96.30,100.00,100.00,71.79,71.79,84.85,84.85,0.00,0.00
Iraq,IRQ,20200421,3.00,1,2.00,0,2.00,1,4.00,1,1.00,1,2.00,1,2.00,1,4.00,0.00,,0.00,0.00,0.00,2.00,1,2.00,0.00,0.00,0.00,,1574,82,85.19,85.19,88.10,88.10,64.10,64.10,75.76,75.76,0.00,0.00
Iraq,IRQ,20200422,3.00,1,2.00,0,2.00,1,4.00,1,1.00,1,2.00,1,2.00,1,4.00,0.00,,0.00,0.00,0.00,2.00,1,2.00,0.00,0.00,0.00,,1602,83,85.19,85.19,88.10,88.10,64.10,64.10,75.76,75.76,0.00,0.00
Iraq,IRQ,20200423,3.00,1,2.00,0,2.00,1,4.00,1,1.00,1,2.00,1,2.00,1,4.00,0.00,,0.00,0.00,0.00,2.00,1,2.00,0.00,0.00,0.00,,1602,83,85.19,85.19,88.10,88.10,64.10,64.10,75.76,75.76,0.00,0.00
Iraq,IRQ,20200424,3.00,1,2.00,0,2.00,1,4.00,1,1.00,1,2.00,1,2.00,1,4.00,0.00,,0.00,0.00,0.00,2.00,1,2.00,0.00,0.00,0.00,,1677,83,85.19,85.19,88.10,88.10,64.10,64.10,75.76,75.76,0.00,0.00
Iraq,IRQ,20200425,3.00,1,2.00,0,2.00,1,4.00,1,1.00,1,2.00,1,2.00,1,4.00,0.00,,0.00,0.00,0.00,2.00,1,2.00,0.00,0.00,0.00,,1708,86,85.19,85.19,88.10,88.10,64.10,64.10,75.76,75.76,0.00,0.00
Iraq,IRQ,20200426,3.00,1,2.00,0,2.00,1,4.00,1,1.00,1,2.00,1,2.00,1,4.00,0.00,,0.00,0.00,0.00,2.00,1,2.00,0.00,0.00,0.00,,1763,86,85.19,85.19,88.10,88.10,64.10,64.10,75.76,75.76,0.00,0.00
Iraq,IRQ,20200427,3.00,1,2.00,0,2.00,1,4.00,1,1.00,1,2.00,1,2.00,1,4.00,0.00,,0.00,0.00,0.00,2.00,1,2.00,0.00,0.00,0.00,,1820,87,85.19,85.19,88.10,88.10,64.10,64.10,75.76,75.76,0.00,0.00
Iraq,IRQ,20200428,3.00,1,2.00,0,2.00,1,4.00,1,1.00,1,2.00,1,2.00,1,4.00,0.00,,0.00,0.00,0.00,2.00,1,2.00,0.00,0.00,0.00,,1847,88,85.19,85.19,88.10,88.10,64.10,64.10,75.76,75.76,0.00,0.00
Iraq,IRQ,20200429,3.00,1,2.00,0,2.00,1,4.00,1,1.00,1,2.00,1,2.00,1,4.00,0.00,,0.00,0.00,0.00,2.00,1,2.00,0.00,0.00,0.00,,1847,88,85.19,85.19,88.10,88.10,64.10,64.10,75.76,75.76,0.00,0.00
Iraq,IRQ,20200430,3.00,1,2.00,0,2.00,1,4.00,1,1.00,1,2.00,1,2.00,1,4.00,0.00,,0.00,0.00,0.00,2.00,1,2.00,0.00,0.00,0.00,,2003,92,85.19,85.19,88.10,88.10,64.10,64.10,75.76,75.76,0.00,0.00
Iraq,IRQ,20200501,3.00,1,2.00,0,2.00,1,4.00,1,1.00,1,2.00,1,2.00,1,4.00,0.00,,0.00,0.00,0.00,2.00,1,2.00,0.00,0.00,0.00,,2085,93,85.19,85.19,88.10,88.10,64.10,64.10,75.76,75.76,0.00,0.00
Iraq,IRQ,20200502,3.00,1,2.00,0,2.00,1,4.00,1,1.00,1,2.00,1,2.00,1,4.00,0.00,,0.00,0.00,0.00,2.00,1,2.00,0.00,0.00,0.00,,2153,94,85.19,85.19,88.10,88.10,64.10,64.10,75.76,75.76,0.00,0.00
Iraq,IRQ,20200503,3.00,1,2.00,0,2.00,1,4.00,1,1.00,1,2.00,1,2.00,1,4.00,0.00,,0.00,0.00,0.00,2.00,1,2.00,0.00,0.00,0.00,,2219,95,85.19,85.19,88.10,88.10,64.10,64.10,75.76,75.76,0.00,0.00
Iraq,IRQ,20200504,3.00,1,2.00,0,2.00,1,4.00,1,1.00,1,2.00,1,2.00,1,4.00,0.00,,0.00,0.00,0.00,2.00,1,2.00,0.00,0.00,0.00,,2296,97,85.19,85.19,88.10,88.10,64.10,64.10,75.76,75.76,0.00,0.00
Iraq,IRQ,20200505,3.00,1,2.00,0,2.00,1,4.00,1,1.00,1,2.00,1,2.00,1,4.00,0.00,,0.00,0.00,0.00,2.00,1,2.00,0.00,0.00,0.00,,2346,98,85.19,85.19,88.10,88.10,64.10,64.10,75.76,75.76,0.00,0.00
Iraq,IRQ,20200506,3.00,1,2.00,0,2.00,1,4.00,1,1.00,1,2.00,1,2.00,1,4.00,0.00,,0.00,0.00,0.00,2.00,1,2.00,0.00,0.00,0.00,,2431,102,85.19,85.19,88.10,88.10,64.10,64.10,75.76,75.76,0.00,0.00
Iraq,IRQ,20200507,3.00,1,2.00,0,2.00,1,4.00,1,1.00,1,2.00,1,2.00,1,4.00,0.00,,0.00,0.00,0.00,2.00,1,2.00,0.00,0.00,0.00,,2480,102,85.19,85.19,88.10,88.10,64.10,64.10,75.76,75.76,0.00,0.00
Iraq,IRQ,20200508,3.00,1,2.00,0,2.00,1,4.00,1,1.00,1,2.00,1,2.00,1,4.00,0.00,,0.00,0.00,0.00,2.00,1,2.00,0.00,0.00,0.00,,2543,102,85.19,85.19,88.10,88.10,64.10,64.10,75.76,75.76,0.00,0.00
Iraq,IRQ,20200509,3.00,1,2.00,0,2.00,1,4.00,1,1.00,1,2.00,1,2.00,1,4.00,0.00,,0.00,0.00,0.00,2.00,1,2.00,0.00,0.00,0.00,,2603,104,85.19,85.19,88.10,88.10,64.10,64.10,75.76,75.76,0.00,0.00
Iraq,IRQ,20200510,3.00,1,2.00,0,2.00,1,4.00,1,1.00,1,2.00,1,2.00,1,4.00,0.00,,0.00,0.00,0.00,2.00,1,2.00,0.00,0.00,0.00,,2679,107,85.19,85.19,88.10,88.10,64.10,64.10,75.76,75.76,0.00,0.00
Iraq,IRQ,20200511,3.00,1,2.00,0,2.00,0,4.00,1,1.00,1,2.00,1,2.00,1,4.00,0.00,,0.00,0.00,0.00,2.00,1,2.00,0.00,0.00,0.00,,2767,109,82.41,82.41,88.10,88.10,62.18,62.18,73.48,73.48,0.00,0.00
Iraq,IRQ,20200512,3.00,1,2.00,0,2.00,0,4.00,1,1.00,1,2.00,1,2.00,1,4.00,0.00,,0.00,0.00,0.00,2.00,1,2.00,0.00,0.00,0.00,,2818,110,82.41,82.41,88.10,88.10,62.18,62.18,73.48,73.48,0.00,0.00
Iraq,IRQ,20200513,3.00,1,2.00,0,2.00,0,4.00,1,1.00,1,2.00,1,2.00,1,4.00,0.00,,0.00,0.00,0.00,2.00,1,2.00,0.00,0.00,0.00,,2913,112,82.41,82.41,88.10,88.10,62.18,62.18,73.48,73.48,0.00,0.00
Iraq,IRQ,20200514,3.00,1,2.00,0,2.00,0,4.00,1,1.00,1,2.00,1,2.00,1,4.00,0.00,,0.00,0.00,0.00,2.00,1,2.00,0.00,0.00,0.00,,3032,115,82.41,82.41,88.10,88.10,62.18,62.18,73.48,73.48,0.00,0.00
Iraq,IRQ,20200515,3.00,1,2.00,0,2.00,0,4.00,1,1.00,1,2.00,1,2.00,1,4.00,0.00,,0.00,0.00,0.00,2.00,1,2.00,0.00,0.00,0.00,,3143,115,82.41,82.41,88.10,88.10,62.18,62.18,73.48,73.48,0.00,0.00
Iraq,IRQ,20200516,3.00,1,2.00,0,2.00,0,4.00,1,1.00,1,2.00,1,2.00,1,4.00,0.00,,0.00,0.00,0.00,2.00,1,2.00,0.00,0.00,0.00,,3193,117,82.41,82.41,88.10,88.10,62.18,62.18,73.48,73.48,0.00,0.00
Iraq,IRQ,20200517,3.00,1,2.00,0,2.00,0,4.00,1,1.00,1,2.00,1,2.00,1,4.00,1.00,1,1.00,0.00,0.00,2.00,1,2.00,0.00,0.00,0.00,,3260,121,82.41,82.41,88.10,88.10,69.87,69.87,73.48,73.48,50.00,50.00
Iraq,IRQ,20200518,3.00,1,2.00,0,2.00,0,4.00,1,1.00,1,2.00,1,2.00,1,4.00,1.00,1,1.00,0.00,0.00,2.00,1,2.00,0.00,0.00,0.00,,3404,123,82.41,82.41,88.10,88.10,69.87,69.87,73.48,73.48,50.00,50.00
Iraq,IRQ,20200519,3.00,1,2.00,0,2.00,0,4.00,1,1.00,1,2.00,1,2.00,1,4.00,1.00,1,1.00,0.00,0.00,2.00,1,2.00,0.00,0.00,0.00,,3554,127,82.41,82.41,88.10,88.10,69.87,69.87,73.48,73.48,50.00,50.00
Iraq,IRQ,20200520,3.00,1,2.00,0,2.00,0,4.00,1,1.00,1,2.00,1,2.00,1,4.00,1.00,1,1.00,0.00,0.00,2.00,1,2.00,0.00,0.00,0.00,,3611,131,82.41,82.41,88.10,88.10,69.87,69.87,73.48,73.48,50.00,50.00
Iraq,IRQ,20200521,3.00,1,2.00,0,2.00,0,4.00,1,1.00,1,2.00,1,2.00,1,4.00,1.00,1,1.00,0.00,0.00,2.00,1,2.00,0.00,0.00,0.00,,3724,134,82.41,82.41,88.10,88.10,69.87,69.87,73.48,73.48,50.00,50.00
Iraq,IRQ,20200522,3.00,1,2.00,0,2.00,0,4.00,1,1.00,1,2.00,1,2.00,1,4.00,1.00,1,1.00,0.00,0.00,2.00,1,2.00,0.00,0.00,0.00,,3877,140,82.41,82.41,88.10,88.10,69.87,69.87,73.48,73.48,50.00,50.00
Iraq,IRQ,20200523,3.00,1,2.00,0,2.00,0,4.00,1,1.00,1,2.00,1,2.00,1,4.00,1.00,1,1.00,0.00,0.00,2.00,1,2.00,0.00,0.00,0.00,,3964,147,82.41,82.41,88.10,88.10,69.87,69.87,73.48,73.48,50.00,50.00
Iraq,IRQ,20200524,3.00,1,2.00,0,2.00,0,4.00,1,1.00,1,2.00,1,2.00,1,4.00,1.00,1,1.00,0.00,0.00,2.00,1,2.00,0.00,0.00,0.00,,4272,152,82.41,82.41,88.10,88.10,69.87,69.87,73.48,73.48,50.00,50.00
Iraq,IRQ,20200525,3.00,1,2.00,0,2.00,0,4.00,1,1.00,1,2.00,1,2.00,1,4.00,1.00,1,1.00,0.00,0.00,2.00,1,2.00,0.00,0.00,0.00,,4469,160,82.41,82.41,88.10,88.10,69.87,69.87,73.48,73.48,50.00,50.00
Iraq,IRQ,20200526,3.00,1,2.00,1,2.00,1,4.00,1,2.00,1,2.00,1,2.00,1,4.00,1.00,1,1.00,0.00,0.00,2.00,1,2.00,0.00,0.00,0.00,,4632,163,92.59,92.59,96.43,96.43,76.92,76.92,81.82,81.82,50.00,50.00
Iraq,IRQ,20200527,3.00,1,2.00,1,2.00,1,4.00,1,2.00,1,2.00,1,2.00,1,4.00,1.00,1,1.00,0.00,0.00,2.00,1,2.00,0.00,0.00,0.00,,4848,169,92.59,92.59,96.43,96.43,76.92,76.92,81.82,81.82,50.00,50.00
Iraq,IRQ,20200528,3.00,1,2.00,1,2.00,1,4.00,1,2.00,1,2.00,1,2.00,1,4.00,1.00,1,1.00,0.00,0.00,2.00,1,2.00,0.00,0.00,0.00,,5135,175,92.59,92.59,96.43,96.43,76.92,76.92,81.82,81.82,50.00,50.00
Iraq,IRQ,20200529,3.00,1,2.00,1,2.00,1,4.00,1,2.00,1,2.00,1,2.00,1,4.00,1.00,1,1.00,0.00,0.00,2.00,1,2.00,0.00,0.00,0.00,,5457,179,92.59,92.59,96.43,96.43,76.92,76.92,81.82,81.82,50.00,50.00
Iraq,IRQ,20200530,3.00,1,2.00,1,2.00,1,4.00,1,2.00,1,2.00,1,2.00,1,4.00,1.00,1,1.00,0.00,0.00,2.00,1,2.00,0.00,0.00,0.00,,5873,185,92.59,92.59,96.43,96.43,76.92,76.92,81.82,81.82,50.00,50.00
Iraq,IRQ,20200531,3.00,1,2.00,1,2.00,1,4.00,1,2.00,1,2.00,1,2.00,1,4.00,1.00,1,1.00,0.00,0.00,2.00,1,2.00,0.00,0.00,0.00,,6179,195,92.59,92.59,96.43,96.43,76.92,76.92,81.82,81.82,50.00,50.00
Iraq,IRQ,20200601,3.00,1,2.00,1,2.00,1,4.00,1,2.00,1,2.00,1,2.00,1,4.00,1.00,1,1.00,0.00,0.00,2.00,1,2.00,0.00,0.00,0.00,,6439,205,92.59,92.59,96.43,96.43,76.92,76.92,81.82,81.82,50.00,50.00
Iraq,IRQ,20200602,3.00,1,2.00,1,2.00,1,4.00,1,2.00,1,2.00,1,2.00,1,4.00,1.00,1,1.00,0.00,0.00,2.00,1,2.00,0.00,0.00,0.00,,6868,215,92.59,92.59,96.43,96.43,76.92,76.92,81.82,81.82,50.00,50.00
Iraq,IRQ,20200603,3.00,1,2.00,1,2.00,1,4.00,1,2.00,1,2.00,1,2.00,1,4.00,1.00,1,1.00,0.00,0.00,2.00,1,2.00,0.00,0.00,0.00,,7387,235,92.59,92.59,96.43,96.43,76.92,76.92,81.82,81.82,50.00,50.00
Iraq,IRQ,20200604,3.00,1,2.00,1,2.00,1,4.00,1,2.00,1,2.00,1,2.00,1,4.00,1.00,1,1.00,0.00,0.00,2.00,1,2.00,0.00,0.00,0.00,,8168,256,92.59,92.59,96.43,96.43,76.92,76.92,81.82,81.82,50.00,50.00
Iraq,IRQ,20200605,3.00,1,2.00,1,2.00,1,4.00,1,2.00,1,2.00,1,2.00,1,4.00,1.00,1,1.00,0.00,0.00,2.00,1,2.00,0.00,0.00,0.00,,8840,271,92.59,92.59,96.43,96.43,76.92,76.92,81.82,81.82,50.00,50.00
Iraq,IRQ,20200606,3.00,1,2.00,1,2.00,1,4.00,1,2.00,1,2.00,1,2.00,1,4.00,1.00,1,1.00,0.00,0.00,2.00,1,2.00,0.00,0.00,0.00,,9846,285,92.59,92.59,96.43,96.43,76.92,76.92,81.82,81.82,50.00,50.00
Iraq,IRQ,20200607,3.00,1,2.00,1,2.00,1,4.00,1,2.00,1,2.00,1,2.00,1,4.00,1.00,1,1.00,0.00,0.00,2.00,1,2.00,0.00,0.00,0.00,,11098,318,92.59,92.59,96.43,96.43,76.92,76.92,81.82,81.82,50.00,50.00
Iraq,IRQ,20200608,3.00,1,2.00,1,2.00,1,4.00,1,2.00,1,2.00,1,2.00,1,4.00,1.00,1,1.00,0.00,0.00,2.00,1,2.00,0.00,0.00,0.00,,12366,346,92.59,92.59,96.43,96.43,76.92,76.92,81.82,81.82,50.00,50.00
Iraq,IRQ,20200609,3.00,1,2.00,1,2.00,1,4.00,1,2.00,1,2.00,1,2.00,1,4.00,1.00,1,1.00,0.00,0.00,2.00,1,2.00,0.00,0.00,0.00,,13481,370,92.59,92.59,96.43,96.43,76.92,76.92,81.82,81.82,50.00,50.00
Iraq,IRQ,20200610,3.00,1,2.00,1,2.00,1,4.00,1,2.00,1,2.00,1,2.00,1,4.00,1.00,1,1.00,0.00,0.00,2.00,1,2.00,0.00,0.00,0.00,,14268,392,92.59,92.59,96.43,96.43,76.92,76.92,81.82,81.82,50.00,50.00
Iraq,IRQ,20200611,3.00,1,2.00,1,2.00,1,4.00,1,2.00,1,2.00,1,2.00,1,4.00,1.00,1,1.00,0.00,0.00,2.00,1,2.00,0.00,0.00,0.00,,15414,426,92.59,92.59,96.43,96.43,76.92,76.92,81.82,81.82,50.00,50.00
Iraq,IRQ,20200612,3.00,1,2.00,1,2.00,1,4.00,1,2.00,1,2.00,1,2.00,1,4.00,1.00,1,1.00,0.00,0.00,2.00,1,2.00,0.00,0.00,0.00,,16675,457,92.59,92.59,96.43,96.43,76.92,76.92,81.82,81.82,50.00,50.00
Iraq,IRQ,20200613,3.00,1,2.00,1,2.00,1,4.00,1,2.00,1,2.00,1,2.00,1,4.00,1.00,1,1.00,0.00,0.00,2.00,1,2.00,0.00,0.00,0.00,,17770,496,92.59,92.59,96.43,96.43,76.92,76.92,81.82,81.82,50.00,50.00
Iraq,IRQ,20200614,3.00,1,2.00,1,2.00,1,4.00,1,2.00,1,2.00,1,2.00,1,4.00,1.00,1,1.00,0.00,0.00,2.00,1,2.00,0.00,0.00,0.00,,18950,549,92.59,92.59,96.43,96.43,76.92,76.92,81.82,81.82,50.00,50.00
Iraq,IRQ,20200615,3.00,1,2.00,1,2.00,1,4.00,1,2.00,1,2.00,1,2.00,1,4.00,1.00,1,1.00,0.00,0.00,2.00,1,2.00,0.00,0.00,0.00,,20209,607,92.59,92.59,96.43,96.43,76.92,76.92,81.82,81.82,50.00,50.00
Iraq,IRQ,20200616,3.00,1,2.00,1,2.00,1,4.00,1,2.00,1,2.00,1,2.00,1,4.00,1.00,1,1.00,0.00,0.00,2.00,1,2.00,0.00,0.00,0.00,,21315,652,92.59,92.59,96.43,96.43,76.92,76.92,81.82,81.82,50.00,50.00
Iraq,IRQ,20200617,3.00,1,2.00,1,2.00,1,4.00,1,2.00,1,2.00,1,2.00,1,4.00,1.00,1,1.00,0.00,0.00,2.00,1,2.00,0.00,0.00,0.00,,22700,712,92.59,92.59,96.43,96.43,76.92,76.92,81.82,81.82,50.00,50.00
Iraq,IRQ,20200618,,,,,,,,,,,,,,,,,,,,,,,,,,,,24254,773,,92.59,,96.43,,76.92,,81.82,,50.00
Iraq,IRQ,20200619,,,,,,,,,,,,,,,,,,,,,,,,,,,,25717,856,,92.59,,96.43,,76.92,,81.82,,50.00
Iraq,IRQ,20200620,,,,,,,,,,,,,,,,,,,,,,,,,,,,25717,856,,92.59,,96.43,,76.92,,81.82,,50.00
Iraq,IRQ,20200621,,,,,,,,,,,,,,,,,,,,,,,,,,,,29222,1013,,92.59,,96.43,,76.92,,81.82,,50.00
Iraq,IRQ,20200622,,,,,,,,,,,,,,,,,,,,,,,,,,,,30868,1100,,92.59,,96.43,,76.92,,81.82,,50.00
Iraq,IRQ,20200623,,,,,,,,,,,,,,,,,,,,,,,,,,,,32676,1167,,92.59,,96.43,,76.92,,81.82,,50.00
