Iran,IRN,20200101,0.00,,0.00,,0.00,,0.00,,0.00,,0.00,,0.00,,0.00,0.00,,0.00,0.00,0.00,0.00,,0.00,0.00,0.00,0.00,,0,0,0.00,0.00,0.00,0.00,0.00,0.00,0.00,0.00,0.00,0.00
Iran,IRN,20200102,0.00,,0.00,,0.00,,0.00,,0.00,,0.00,,0.00,,0.00,0.00,,0.00,0.00,0.00,0.00,,0.00,0.00,0.00,0.00,,0,0,0.00,0.00,0.00,0.00,0.00,0.00,0.00,0.00,0.00,0.00
Iran,IRN,20200103,0.00,,0.00,,0.00,,0.00,,0.00,,0.00,,0.00,,0.00,0.00,,0.00,0.00,0.00,0.00,,0.00,0.00,0.00,0.00,,0,0,0.00,0.00,0.00,0.00,0.00,0.00,0.00,0.00,0.00,0.00
Iran,IRN,20200104,0.00,,0.00,,0.00,,0.00,,0.00,,0.00,,0.00,,0.00,0.00,,0.00,0.00,0.00,0.00,,0.00,0.00,0.00,0.00,,0,0,0.00,0.00,0.00,0.00,0.00,0.00,0.00,0.00,0.00,0.00
Iran,IRN,20200105,0.00,,0.00,,0.00,,0.00,,0.00,,0.00,,0.00,,0.00,0.00,,0.00,0.00,0.00,0.00,,0.00,0.00,0.00,0.00,,0,0,0.00,0.00,0.00,0.00,0.00,0.00,0.00,0.00,0.00,0.00
Iran,IRN,20200106,0.00,,0.00,,0.00,,0.00,,0.00,,0.00,,0.00,,0.00,0.00,,0.00,0.00,0.00,0.00,,0.00,0.00,0.00,0.00,,0,0,0.00,0.00,0.00,0.00,0.00,0.00,0.00,0.00,0.00,0.00
Iran,IRN,20200107,0.00,,0.00,,0.00,,0.00,,0.00,,0.00,,0.00,,0.00,0.00,,0.00,0.00,0.00,0.00,,0.00,0.00,0.00,0.00,,0,0,0.00,0.00,0.00,0.00,0.00,0.00,0.00,0.00,0.00,0.00
Iran,IRN,20200108,0.00,,0.00,,0.00,,0.00,,0.00,,0.00,,0.00,,0.00,0.00,,0.00,0.00,0.00,0.00,,0.00,0.00,0.00,0.00,,0,0,0.00,0.00,0.00,0.00,0.00,0.00,0.00,0.00,0.00,0.00
Iran,IRN,20200109,0.00,,0.00,,0.00,,0.00,,0.00,,0.00,,0.00,,0.00,0.00,,0.00,0.00,0.00,0.00,,0.00,0.00,0.00,0.00,,0,0,0.00,0.00,0.00,0.00,0.00,0.00,0.00,0.00,0.00,0.00
Iran,IRN,20200110,0.00,,0.00,,0.00,,0.00,,0.00,,0.00,,0.00,,0.00,0.00,,0.00,0.00,0.00,0.00,,0.00,0.00,0.00,0.00,,0,0,0.00,0.00,0.00,0.00,0.00,0.00,0.00,0.00,0.00,0.00
Iran,IRN,20200111,0.00,,0.00,,0.00,,0.00,,0.00,,0.00,,0.00,,0.00,0.00,,0.00,0.00,0.00,0.00,,0.00,0.00,0.00,0.00,,0,0,0.00,0.00,0.00,0.00,0.00,0.00,0.00,0.00,0.00,0.00
Iran,IRN,20200112,0.00,,0.00,,0.00,,0.00,,0.00,,0.00,,0.00,,0.00,0.00,,0.00,0.00,0.00,0.00,,0.00,0.00,0.00,0.00,,0,0,0.00,0.00,0.00,0.00,0.00,0.00,0.00,0.00,0.00,0.00
Iran,IRN,20200113,0.00,,0.00,,0.00,,0.00,,0.00,,0.00,,0.00,,0.00,0.00,,0.00,0.00,0.00,0.00,,0.00,0.00,0.00,0.00,,0,0,0.00,0.00,0.00,0.00,0.00,0.00,0.00,0.00,0.00,0.00
Iran,IRN,20200114,0.00,,0.00,,0.00,,0.00,,0.00,,0.00,,0.00,,0.00,0.00,,0.00,0.00,0.00,0.00,,0.00,0.00,0.00,0.00,,0,0,0.00,0.00,0.00,0.00,0.00,0.00,0.00,0.00,0.00,0.00
Iran,IRN,20200115,0.00,,0.00,,0.00,,0.00,,0.00,,0.00,,0.00,,0.00,0.00,,0.00,0.00,0.00,0.00,,0.00,0.00,0.00,0.00,,0,0,0.00,0.00,0.00,0.00,0.00,0.00,0.00,0.00,0.00,0.00
Iran,IRN,20200116,0.00,,0.00,,0.00,,0.00,,0.00,,0.00,,0.00,,0.00,0.00,,0.00,0.00,0.00,0.00,,0.00,0.00,0.00,0.00,,0,0,0.00,0.00,0.00,0.00,0.00,0.00,0.00,0.00,0.00,0.00
Iran,IRN,20200117,0.00,,0.00,,0.00,,0.00,,0.00,,0.00,,0.00,,0.00,0.00,,0.00,0.00,0.00,0.00,,0.00,0.00,0.00,0.00,,0,0,0.00,0.00,0.00,0.00,0.00,0.00,0.00,0.00,0.00,0.00
Iran,IRN,20200118,0.00,,0.00,,0.00,,0.00,,0.00,,0.00,,0.00,,0.00,0.00,,0.00,0.00,0.00,0.00,,0.00,0.00,0.00,0.00,,0,0,0.00,0.00,0.00,0.00,0.00,0.00,0.00,0.00,0.00,0.00
Iran,IRN,20200119,0.00,,0.00,,0.00,,0.00,,0.00,,0.00,,0.00,,0.00,0.00,,0.00,0.00,0.00,0.00,,0.00,0.00,0.00,0.00,,0,0,0.00,0.00,0.00,0.00,0.00,0.00,0.00,0.00,0.00,0.00
Iran,IRN,20200120,0.00,,0.00,,0.00,,0.00,,0.00,,0.00,,0.00,,0.00,0.00,,0.00,0.00,0.00,0.00,,0.00,0.00,0.00,0.00,,0,0,0.00,0.00,0.00,0.00,0.00,0.00,0.00,0.00,0.00,0.00
Iran,IRN,20200121,0.00,,0.00,,0.00,,0.00,,0.00,,0.00,,0.00,,0.00,0.00,,0.00,0.00,0.00,0.00,,0.00,0.00,0.00,0.00,,0,0,0.00,0.00,0.00,0.00,0.00,0.00,0.00,0.00,0.00,0.00
Iran,IRN,20200122,0.00,,0.00,,0.00,,0.00,,0.00,,0.00,,0.00,,0.00,0.00,,0.00,0.00,0.00,0.00,,0.00,0.00,0.00,0.00,,0,0,0.00,0.00,0.00,0.00,0.00,0.00,0.00,0.00,0.00,0.00
Iran,IRN,20200123,0.00,,0.00,,0.00,,0.00,,0.00,,0.00,,0.00,,0.00,0.00,,0.00,0.00,0.00,0.00,,0.00,0.00,0.00,0.00,,0,0,0.00,0.00,0.00,0.00,0.00,0.00,0.00,0.00,0.00,0.00
Iran,IRN,20200124,0.00,,0.00,,0.00,,0.00,,0.00,,0.00,,0.00,,0.00,0.00,,0.00,0.00,0.00,0.00,,0.00,0.00,0.00,0.00,,0,0,0.00,0.00,0.00,0.00,0.00,0.00,0.00,0.00,0.00,0.00
Iran,IRN,20200125,0.00,,0.00,,0.00,,0.00,,0.00,,0.00,,0.00,,0.00,0.00,,0.00,0.00,0.00,0.00,,0.00,0.00,0.00,0.00,,0,0,0.00,0.00,0.00,0.00,0.00,0.00,0.00,0.00,0.00,0.00
Iran,IRN,20200126,0.00,,0.00,,0.00,,0.00,,0.00,,0.00,,0.00,,0.00,0.00,,0.00,0.00,0.00,0.00,,0.00,0.00,0.00,0.00,,0,0,0.00,0.00,0.00,0.00,0.00,0.00,0.00,0.00,0.00,0.00
Iran,IRN,20200127,0.00,,0.00,,0.00,,0.00,,0.00,,0.00,,0.00,,0.00,0.00,,0.00,0.00,0.00,0.00,,0.00,0.00,0.00,0.00,,0,0,0.00,0.00,0.00,0.00,0.00,0.00,0.00,0.00,0.00,0.00
Iran,IRN,20200128,0.00,,0.00,,0.00,,0.00,,0.00,,0.00,,0.00,,0.00,0.00,,0.00,0.00,0.00,0.00,,0.00,0.00,0.00,0.00,,0,0,0.00,0.00,0.00,0.00,0.00,0.00,0.00,0.00,0.00,0.00
Iran,IRN,20200129,0.00,,0.00,,0.00,,0.00,,0.00,,0.00,,0.00,,0.00,0.00,,0.00,0.00,0.00,0.00,,0.00,0.00,0.00,0.00,,0,0,0.00,0.00,0.00,0.00,0.00,0.00,0.00,0.00,0.00,0.00
Iran,IRN,20200130,0.00,,0.00,,0.00,,0.00,,0.00,,0.00,,0.00,,0.00,0.00,,0.00,0.00,0.00,0.00,,0.00,0.00,0.00,0.00,,0,0,0.00,0.00,0.00,0.00,0.00,0.00,0.00,0.00,0.00,0.00
Iran,IRN,20200131,0.00,,0.00,,0.00,,0.00,,0.00,,0.00,,0.00,,0.00,0.00,,0.00,0.00,0.00,0.00,,0.00,0.00,0.00,0.00,,0,0,0.00,0.00,0.00,0.00,0.00,0.00,0.00,0.00,0.00,0.00
Iran,IRN,20200201,0.00,,0.00,,0.00,,0.00,,0.00,,0.00,,0.00,,0.00,0.00,,0.00,0.00,0.00,0.00,,0.00,0.00,0.00,0.00,,0,0,0.00,0.00,0.00,0.00,0.00,0.00,0.00,0.00,0.00,0.00
Iran,IRN,20200202,0.00,,0.00,,0.00,,0.00,,0.00,,0.00,,0.00,,0.00,0.00,,0.00,0.00,0.00,0.00,,0.00,0.00,0.00,0.00,,0,0,0.00,0.00,0.00,0.00,0.00,0.00,0.00,0.00,0.00,0.00
Iran,IRN,20200203,0.00,,0.00,,0.00,,0.00,,0.00,,0.00,,0.00,,0.00,0.00,,0.00,0.00,0.00,0.00,,0.00,0.00,0.00,0.00,,0,0,0.00,0.00,0.00,0.00,0.00,0.00,0.00,0.00,0.00,0.00
Iran,IRN,20200204,0.00,,0.00,,0.00,,0.00,,0.00,,0.00,,0.00,,0.00,0.00,,0.00,0.00,0.00,0.00,,0.00,0.00,0.00,0.00,,0,0,0.00,0.00,0.00,0.00,0.00,0.00,0.00,0.00,0.00,0.00
Iran,IRN,20200205,0.00,,0.00,,0.00,,0.00,,0.00,,0.00,,0.00,,0.00,0.00,,0.00,0.00,0.00,0.00,,0.00,0.00,0.00,0.00,,0,0,0.00,0.00,0.00,0.00,0.00,0.00,0.00,0.00,0.00,0.00
Iran,IRN,20200206,0.00,,0.00,,0.00,,0.00,,0.00,,0.00,,0.00,,0.00,0.00,,0.00,0.00,0.00,0.00,,0.00,0.00,0.00,0.00,,0,0,0.00,0.00,0.00,0.00,0.00,0.00,0.00,0.00,0.00,0.00
Iran,IRN,20200207,0.00,,0.00,,0.00,,0.00,,0.00,,0.00,,0.00,,0.00,0.00,,0.00,0.00,0.00,0.00,,0.00,0.00,0.00,0.00,,0,0,0.00,0.00,0.00,0.00,0.00,0.00,0.00,0.00,0.00,0.00
Iran,IRN,20200208,0.00,,0.00,,0.00,,0.00,,0.00,,0.00,,0.00,,0.00,0.00,,0.00,0.00,0.00,0.00,,0.00,0.00,0.00,0.00,,0,0,0.00,0.00,0.00,0.00,0.00,0.00,0.00,0.00,0.00,0.00
Iran,IRN,20200209,0.00,,0.00,,0.00,,0.00,,0.00,,0.00,,0.00,,0.00,0.00,,0.00,0.00,0.00,0.00,,0.00,0.00,0.00,0.00,,0,0,0.00,0.00,0.00,0.00,0.00,0.00,0.00,0.00,0.00,0.00
Iran,IRN,20200210,0.00,,0.00,,0.00,,0.00,,0.00,,0.00,,0.00,,0.00,0.00,,0.00,0.00,0.00,0.00,,0.00,0.00,0.00,0.00,,0,0,0.00,0.00,0.00,0.00,0.00,0.00,0.00,0.00,0.00,0.00
Iran,IRN,20200211,0.00,,0.00,,0.00,,0.00,,0.00,,0.00,,0.00,,0.00,0.00,,0.00,0.00,0.00,0.00,,0.00,0.00,0.00,0.00,,0,0,0.00,0.00,0.00,0.00,0.00,0.00,0.00,0.00,0.00,0.00
Iran,IRN,20200212,0.00,,0.00,,0.00,,0.00,,0.00,,0.00,,0.00,,0.00,0.00,,0.00,0.00,0.00,0.00,,0.00,0.00,0.00,0.00,,0,0,0.00,0.00,0.00,0.00,0.00,0.00,0.00,0.00,0.00,0.00
Iran,IRN,20200213,0.00,,0.00,,0.00,,0.00,,0.00,,0.00,,0.00,,0.00,0.00,,0.00,0.00,0.00,0.00,,0.00,0.00,0.00,0.00,,0,0,0.00,0.00,0.00,0.00,0.00,0.00,0.00,0.00,0.00,0.00
Iran,IRN,20200214,0.00,,0.00,,0.00,,0.00,,0.00,,0.00,,0.00,,0.00,0.00,,0.00,0.00,0.00,0.00,,0.00,0.00,0.00,0.00,,0,0,0.00,0.00,0.00,0.00,0.00,0.00,0.00,0.00,0.00,0.00
Iran,IRN,20200215,0.00,,0.00,,0.00,,0.00,,0.00,,0.00,,0.00,,0.00,0.00,,0.00,0.00,0.00,0.00,,0.00,0.00,0.00,0.00,,0,0,0.00,0.00,0.00,0.00,0.00,0.00,0.00,0.00,0.00,0.00
Iran,IRN,20200216,0.00,,0.00,,0.00,,0.00,,0.00,,0.00,,0.00,,0.00,0.00,,0.00,0.00,0.00,0.00,,0.00,0.00,0.00,0.00,,0,0,0.00,0.00,0.00,0.00,0.00,0.00,0.00,0.00,0.00,0.00
Iran,IRN,20200217,0.00,,0.00,,0.00,,0.00,,0.00,,0.00,,0.00,,0.00,0.00,,0.00,0.00,0.00,0.00,,0.00,0.00,0.00,0.00,,0,0,0.00,0.00,0.00,0.00,0.00,0.00,0.00,0.00,0.00,0.00
Iran,IRN,20200218,0.00,,0.00,,0.00,,0.00,,0.00,,0.00,,0.00,,0.00,0.00,,0.00,0.00,0.00,0.00,,0.00,0.00,0.00,0.00,,0,0,0.00,0.00,0.00,0.00,0.00,0.00,0.00,0.00,0.00,0.00
Iran,IRN,20200219,0.00,,0.00,,0.00,,0.00,,0.00,,0.00,,0.00,,0.00,0.00,,0.00,0.00,0.00,0.00,,0.00,0.00,0.00,0.00,,0,0,0.00,0.00,0.00,0.00,0.00,0.00,0.00,0.00,0.00,0.00
Iran,IRN,20200220,0.00,,0.00,,1.00,0,0.00,,0.00,,0.00,,0.00,,0.00,0.00,,0.00,0.00,0.00,0.00,,0.00,0.00,0.00,0.00,,2,2,2.78,2.78,4.76,4.76,1.92,1.92,2.27,2.27,0.00,0.00
Iran,IRN,20200221,0.00,,0.00,,1.00,0,0.00,,0.00,,0.00,,0.00,,0.00,0.00,,0.00,0.00,0.00,0.00,,0.00,0.00,0.00,0.00,,5,2,2.78,2.78,4.76,4.76,1.92,1.92,2.27,2.27,0.00,0.00
Iran,IRN,20200222,0.00,,0.00,,2.00,1,0.00,,0.00,,0.00,,0.00,,0.00,0.00,,0.00,0.00,0.00,0.00,,0.00,0.00,0.00,0.00,,18,4,11.11,11.11,14.29,14.29,7.69,7.69,9.09,9.09,0.00,0.00
Iran,IRN,20200223,0.00,,0.00,,2.00,1,0.00,,0.00,,0.00,,0.00,,0.00,0.00,,0.00,0.00,0.00,0.00,,0.00,0.00,0.00,0.00,,28,5,11.11,11.11,14.29,14.29,7.69,7.69,9.09,9.09,0.00,0.00
Iran,IRN,20200224,0.00,,0.00,,2.00,1,0.00,,0.00,,0.00,,0.00,,0.00,0.00,,0.00,0.00,0.00,0.00,,0.00,0.00,0.00,0.00,,43,8,11.11,11.11,14.29,14.29,7.69,7.69,9.09,9.09,0.00,0.00
Iran,IRN,20200225,0.00,,0.00,,2.00,1,0.00,,0.00,,0.00,,0.00,,0.00,0.00,,0.00,0.00,0.00,0.00,,0.00,0.00,0.00,0.00,,61,12,11.11,11.11,14.29,14.29,7.69,7.69,9.09,9.09,0.00,0.00
Iran,IRN,20200226,0.00,,1.00,1,2.00,1,0.00,,0.00,,0.00,,0.00,,0.00,0.00,,0.00,0.00,0.00,1.00,1,0.00,0.00,0.00,0.00,,95,15,20.37,20.37,30.95,30.95,14.10,14.10,16.67,16.67,0.00,0.00
Iran,IRN,20200227,0.00,,1.00,1,2.00,1,0.00,,0.00,,0.00,,0.00,,0.00,0.00,,0.00,0.00,0.00,1.00,1,0.00,0.00,0.00,0.00,,139,19,20.37,20.37,30.95,30.95,14.10,14.10,16.67,16.67,0.00,0.00
Iran,IRN,20200228,0.00,,1.00,1,2.00,1,0.00,,0.00,,0.00,,0.00,,0.00,0.00,,0.00,0.00,0.00,1.00,1,0.00,0.00,0.00,0.00,,245,26,20.37,20.37,30.95,30.95,14.10,14.10,16.67,16.67,0.00,0.00
Iran,IRN,20200229,0.00,,1.00,1,2.00,1,0.00,,0.00,,0.00,,0.00,,0.00,0.00,,0.00,0.00,0.00,1.00,1,0.00,0.00,0.00,0.00,,388,34,20.37,20.37,30.95,30.95,14.10,14.10,16.67,16.67,0.00,0.00
Iran,IRN,20200301,0.00,,1.00,1,2.00,1,0.00,,0.00,,0.00,,0.00,,0.00,0.00,,0.00,0.00,0.00,1.00,1,0.00,0.00,0.00,0.00,,593,43,20.37,20.37,30.95,30.95,14.10,14.10,16.67,16.67,0.00,0.00
Iran,IRN,20200302,0.00,,1.00,1,2.00,1,0.00,,0.00,,0.00,,0.00,,0.00,0.00,,0.00,0.00,0.00,1.00,1,0.00,0.00,0.00,0.00,,978,54,20.37,20.37,30.95,30.95,14.10,14.10,16.67,16.67,0.00,0.00
Iran,IRN,20200303,0.00,,1.00,1,2.00,1,0.00,,0.00,,0.00,,0.00,,0.00,0.00,,0.00,0.00,0.00,1.00,1,0.00,0.00,0.00,0.00,,1501,66,20.37,20.37,30.95,30.95,14.10,14.10,16.67,16.67,0.00,0.00
Iran,IRN,20200304,0.00,,1.00,1,2.00,1,0.00,,0.00,,0.00,,0.00,,0.00,0.00,,0.00,0.00,0.00,1.00,1,0.00,0.00,0.00,0.00,,2336,77,20.37,20.37,30.95,30.95,14.10,14.10,16.67,16.67,0.00,0.00
Iran,IRN,20200305,3.00,1,1.00,1,2.00,1,0.00,,0.00,,0.00,,2.00,1,0.00,0.00,,0.00,0.00,0.00,1.00,1,0.00,0.00,0.00,0.00,,2922,92,42.59,42.59,59.52,59.52,29.49,29.49,34.85,34.85,0.00,0.00
Iran,IRN,20200306,3.00,1,1.00,1,2.00,1,0.00,,0.00,,0.00,,2.00,1,0.00,0.00,,0.00,0.00,0.00,1.00,1,0.00,0.00,0.00,0.00,,3513,107,42.59,42.59,59.52,59.52,29.49,29.49,34.85,34.85,0.00,0.00
Iran,IRN,20200307,3.00,1,1.00,1,2.00,1,0.00,,0.00,,0.00,,2.00,1,0.00,0.00,,0.00,0.00,0.00,1.00,1,0.00,0.00,0.00,0.00,,4747,124,42.59,42.59,59.52,59.52,29.49,29.49,34.85,34.85,0.00,0.00
Iran,IRN,20200308,3.00,1,1.00,1,2.00,1,0.00,,0.00,,0.00,,2.00,1,0.00,0.00,,0.00,0.00,0.00,1.00,1,0.00,0.00,0.00,0.00,,5823,145,42.59,42.59,59.52,59.52,29.49,29.49,34.85,34.85,0.00,0.00
Iran,IRN,20200309,3.00,1,1.00,1,2.00,1,0.00,,0.00,,0.00,,2.00,1,0.00,0.00,,0.00,0.00,0.00,1.00,1,0.00,0.00,0.00,0.00,,6566,194,42.59,42.59,59.52,59.52,29.49,29.49,34.85,34.85,0.00,0.00
Iran,IRN,20200310,3.00,1,1.00,1,2.00,1,0.00,,0.00,,0.00,,2.00,1,0.00,0.00,,0.00,0.00,0.00,1.00,1,0.00,0.00,0.00,0.00,,7161,237,42.59,42.59,59.52,59.52,29.49,29.49,34.85,34.85,0.00,0.00
Iran,IRN,20200311,3.00,1,1.00,1,2.00,1,0.00,,0.00,,0.00,,2.00,1,0.00,0.00,,0.00,0.00,0.00,1.00,1,0.00,0.00,0.00,0.00,,8042,291,42.59,42.59,59.52,59.52,29.49,29.49,34.85,34.85,0.00,0.00
Iran,IRN,20200312,3.00,1,1.00,1,2.00,1,0.00,,0.00,,0.00,,2.00,1,0.00,0.00,,0.00,0.00,0.00,1.00,1,0.00,0.00,0.00,0.00,,9000,354,42.59,42.59,59.52,59.52,29.49,29.49,34.85,34.85,0.00,0.00
Iran,IRN,20200313,3.00,1,1.00,1,2.00,1,0.00,,0.00,,0.00,,2.00,1,0.00,0.00,,0.00,0.00,0.00,1.00,1,0.00,0.00,0.00,0.00,,10075,429,42.59,42.59,59.52,59.52,29.49,29.49,34.85,34.85,0.00,0.00
Iran,IRN,20200314,3.00,1,1.00,1,2.00,1,0.00,,0.00,,0.00,,2.00,1,0.00,0.00,,0.00,0.00,0.00,1.00,1,0.00,0.00,0.00,0.00,,11364,514,42.59,42.59,59.52,59.52,29.49,29.49,34.85,34.85,0.00,0.00
Iran,IRN,20200315,3.00,1,1.00,1,2.00,1,0.00,,0.00,,0.00,,2.00,1,0.00,0.00,,2.00,0.00,0.00,1.00,1,0.00,0.00,0.00,0.00,,12729,611,42.59,42.59,59.52,59.52,37.18,37.18,34.85,34.85,50.00,50.00
Iran,IRN,20200316,3.00,1,1.00,1,2.00,1,0.00,,0.00,,0.00,,2.00,1,0.00,0.00,,2.00,0.00,0.00,1.00,1,0.00,0.00,0.00,0.00,,13938,724,42.59,42.59,59.52,59.52,37.18,37.18,34.85,34.85,50.00,50.00
Iran,IRN,20200317,3.00,1,1.00,1,2.00,1,0.00,,0.00,,0.00,,2.00,1,0.00,0.00,,2.00,0.00,0.00,1.00,1,0.00,0.00,0.00,0.00,,14991,853,42.59,42.59,59.52,59.52,37.18,37.18,34.85,34.85,50.00,50.00
Iran,IRN,20200318,3.00,1,1.00,1,2.00,1,0.00,,0.00,,0.00,,2.00,1,0.00,0.00,,2.00,0.00,0.00,1.00,1,0.00,0.00,0.00,0.00,,16169,988,42.59,42.59,59.52,59.52,37.18,37.18,34.85,34.85,50.00,50.00
Iran,IRN,20200319,3.00,1,1.00,1,2.00,1,0.00,,0.00,,1.00,1,2.00,1,0.00,0.00,,2.00,0.00,0.00,1.00,1,0.00,0.00,0.00,0.00,,17361,1135,46.30,46.30,59.52,59.52,39.74,39.74,37.88,37.88,50.00,50.00
Iran,IRN,20200320,3.00,1,1.00,1,2.00,1,0.00,,0.00,,1.00,1,2.00,1,0.00,0.00,,2.00,0.00,0.00,1.00,1,0.00,0.00,0.00,0.00,,18407,1284,46.30,46.30,59.52,59.52,39.74,39.74,37.88,37.88,50.00,50.00
Iran,IRN,20200321,3.00,1,1.00,1,2.00,1,0.00,,0.00,,1.00,1,2.00,1,0.00,0.00,,2.00,0.00,0.00,1.00,1,0.00,0.00,0.00,0.00,,19644,1433,46.30,46.30,59.52,59.52,39.74,39.74,37.88,37.88,50.00,50.00
Iran,IRN,20200322,3.00,1,3.00,0,2.00,1,0.00,,0.00,,1.00,1,2.00,1,0.00,0.00,,2.00,0.00,0.00,1.00,1,0.00,0.00,0.00,0.00,,20610,1556,51.85,51.85,63.10,63.10,43.59,43.59,42.42,42.42,50.00,50.00
Iran,IRN,20200323,3.00,1,3.00,0,2.00,1,0.00,,0.00,,1.00,1,2.00,1,0.00,0.00,,2.00,0.00,0.00,1.00,1,0.00,0.00,0.00,0.00,,21638,1685,51.85,51.85,63.10,63.10,43.59,43.59,42.42,42.42,50.00,50.00
Iran,IRN,20200324,3.00,1,3.00,0,2.00,1,0.00,,0.00,,1.00,1,2.00,1,0.00,0.00,,2.00,0.00,0.00,1.00,1,0.00,0.00,0.00,0.00,,23049,1812,51.85,51.85,63.10,63.10,43.59,43.59,42.42,42.42,50.00,50.00
Iran,IRN,20200325,3.00,1,3.00,0,2.00,1,0.00,,0.00,,1.00,1,2.00,1,0.00,0.00,,2.00,0.00,0.00,1.00,1,0.00,0.00,0.00,0.00,,24811,1934,51.85,51.85,63.10,63.10,43.59,43.59,42.42,42.42,50.00,50.00
Iran,IRN,20200326,3.00,1,3.00,0,2.00,1,0.00,,0.00,,1.00,1,2.00,1,0.00,0.00,,2.00,0.00,0.00,1.00,1,0.00,0.00,0.00,0.00,,27017,2077,51.85,51.85,63.10,63.10,43.59,43.59,42.42,42.42,50.00,50.00
Iran,IRN,20200327,3.00,1,3.00,0,2.00,1,0.00,,2.00,0,1.00,1,2.00,1,0.00,0.00,,2.00,0.00,0.00,1.00,1,0.00,0.00,0.00,0.00,,29406,2234,60.19,60.19,72.62,72.62,49.36,49.36,49.24,49.24,50.00,50.00
Iran,IRN,20200328,3.00,1,3.00,0,2.00,1,0.00,,2.00,0,1.00,1,2.00,1,0.00,0.00,,2.00,23868898736.00,0.00,1.00,1,0.00,0.00,0.00,0.00,,32332,2378,60.19,60.19,72.62,72.62,49.36,49.36,49.24,49.24,50.00,50.00
Iran,IRN,20200329,3.00,1,3.00,0,2.00,1,0.00,,2.00,0,1.00,1,2.00,1,0.00,0.00,,2.00,0.00,0.00,1.00,1,0.00,0.00,0.00,0.00,,35408,2517,60.19,60.19,72.62,72.62,49.36,49.36,49.24,49.24,50.00,50.00
Iran,IRN,20200330,3.00,1,3.00,0,2.00,1,0.00,,2.00,0,1.00,1,2.00,1,0.00,0.00,,2.00,0.00,0.00,1.00,1,0.00,0.00,0.00,0.00,,38309,2640,60.19,60.19,72.62,72.62,49.36,49.36,49.24,49.24,50.00,50.00
Iran,IRN,20200331,3.00,1,3.00,0,2.00,1,0.00,,2.00,0,1.00,1,2.00,1,0.00,0.00,,2.00,0.00,0.00,1.00,1,0.00,0.00,0.00,0.00,,41495,2757,60.19,60.19,72.62,72.62,49.36,49.36,49.24,49.24,50.00,50.00
Iran,IRN,20200401,3.00,1,3.00,0,2.00,1,0.00,,2.00,0,1.00,1,2.00,1,0.00,0.00,,2.00,0.00,0.00,1.00,1,0.00,0.00,0.00,0.00,,44606,2898,60.19,60.19,72.62,72.62,49.36,49.36,49.24,49.24,50.00,50.00
Iran,IRN,20200402,3.00,1,3.00,0,2.00,1,0.00,,2.00,0,1.00,1,2.00,1,0.00,0.00,,2.00,0.00,0.00,1.00,1,0.00,0.00,0.00,0.00,,47593,3036,60.19,60.19,72.62,72.62,49.36,49.36,49.24,49.24,50.00,50.00
Iran,IRN,20200403,3.00,1,3.00,0,2.00,1,0.00,,2.00,0,1.00,1,2.00,1,0.00,0.00,,2.00,0.00,0.00,1.00,1,0.00,0.00,0.00,0.00,,50468,3160,60.19,60.19,72.62,72.62,49.36,49.36,49.24,49.24,50.00,50.00
Iran,IRN,20200404,3.00,1,3.00,0,2.00,1,0.00,,2.00,0,1.00,1,2.00,1,0.00,0.00,,2.00,0.00,0.00,1.00,1,0.00,0.00,0.00,0.00,,50468,3160,60.19,60.19,72.62,72.62,49.36,49.36,49.24,49.24,50.00,50.00
Iran,IRN,20200405,3.00,1,3.00,1,2.00,1,0.00,,2.00,0,1.00,1,2.00,1,0.00,0.00,,2.00,0.00,0.00,1.00,1,0.00,0.00,0.00,0.00,,55743,3452,62.04,62.04,76.19,76.19,50.64,50.64,50.76,50.76,50.00,50.00
Iran,IRN,20200406,3.00,1,3.00,1,2.00,1,0.00,,2.00,0,1.00,1,2.00,1,0.00,0.00,,2.00,1100000000.00,0.00,1.00,1,0.00,0.00,0.00,0.00,,58226,3603,62.04,62.04,76.19,76.19,50.64,50.64,50.76,50.76,50.00,50.00
Iran,IRN,20200407,3.00,1,3.00,1,2.00,1,0.00,,2.00,0,1.00,1,2.00,1,0.00,1.00,0,2.00,0.00,0.00,1.00,1,0.00,0.00,0.00,0.00,,60500,3739,62.04,62.04,76.19,76.19,52.56,52.56,50.76,50.76,62.50,62.50
Iran,IRN,20200408,3.00,1,3.00,1,2.00,1,0.00,,2.00,0,1.00,1,2.00,1,0.00,1.00,0,2.00,0.00,0.00,1.00,1,0.00,0.00,0.00,0.00,,62589,3872,62.04,62.04,76.19,76.19,52.56,52.56,50.76,50.76,62.50,62.50
Iran,IRN,20200409,3.00,1,3.00,1,2.00,1,0.00,,2.00,0,1.00,1,2.00,1,0.00,1.00,0,2.00,0.00,0.00,1.00,1,0.00,0.00,0.00,0.00,,64586,3993,62.04,62.04,76.19,76.19,52.56,52.56,50.76,50.76,62.50,62.50
Iran,IRN,20200410,3.00,1,3.00,1,2.00,1,0.00,,2.00,0,1.00,1,2.00,1,0.00,1.00,0,2.00,0.00,0.00,1.00,1,0.00,0.00,0.00,0.00,,66220,4110,62.04,62.04,76.19,76.19,52.56,52.56,50.76,50.76,62.50,62.50
Iran,IRN,20200411,3.00,1,2.00,0,2.00,1,0.00,,2.00,0,1.00,1,2.00,0,0.00,1.00,0,2.00,0.00,0.00,1.00,1,0.00,0.00,0.00,0.00,,68192,4232,53.70,53.70,64.29,64.29,46.79,46.79,43.94,43.94,62.50,62.50
Iran,IRN,20200412,3.00,1,2.00,0,2.00,1,0.00,,2.00,0,1.00,1,2.00,0,0.00,1.00,0,2.00,0.00,0.00,1.00,1,0.00,0.00,0.00,0.00,,70029,4357,53.70,53.70,64.29,64.29,46.79,46.79,43.94,43.94,62.50,62.50
Iran,IRN,20200413,3.00,1,2.00,0,2.00,1,0.00,,2.00,0,1.00,1,2.00,0,0.00,1.00,0,2.00,0.00,0.00,1.00,1,0.00,0.00,0.00,0.00,,71686,4474,53.70,53.70,64.29,64.29,46.79,46.79,43.94,43.94,62.50,62.50
Iran,IRN,20200414,3.00,1,2.00,0,2.00,1,0.00,,2.00,0,1.00,1,2.00,0,0.00,1.00,0,2.00,0.00,0.00,1.00,1,0.00,0.00,0.00,0.00,,73303,4585,53.70,53.70,64.29,64.29,46.79,46.79,43.94,43.94,62.50,62.50
Iran,IRN,20200415,3.00,1,2.00,0,2.00,1,0.00,,2.00,0,1.00,1,2.00,0,0.00,1.00,0,2.00,0.00,0.00,1.00,1,0.00,0.00,0.00,0.00,,74877,4683,53.70,53.70,64.29,64.29,46.79,46.79,43.94,43.94,62.50,62.50
Iran,IRN,20200416,3.00,1,2.00,0,2.00,1,0.00,,2.00,0,1.00,1,2.00,0,0.00,1.00,0,2.00,0.00,0.00,1.00,1,0.00,0.00,0.00,0.00,,76389,4777,53.70,53.70,64.29,64.29,46.79,46.79,43.94,43.94,62.50,62.50
Iran,IRN,20200417,3.00,1,2.00,0,2.00,1,0.00,,2.00,0,1.00,1,2.00,0,0.00,1.00,0,2.00,0.00,0.00,1.00,1,0.00,0.00,0.00,0.00,,77995,4869,53.70,53.70,64.29,64.29,46.79,46.79,43.94,43.94,62.50,62.50
Iran,IRN,20200418,3.00,1,2.00,0,2.00,1,0.00,,2.00,0,1.00,1,2.00,0,0.00,1.00,0,2.00,0.00,0.00,1.00,1,0.00,0.00,0.00,,,79494,4958,53.70,53.70,64.29,64.29,46.79,46.79,43.94,43.94,62.50,62.50
Iran,IRN,20200419,3.00,1,2.00,0,2.00,1,1.00,1,2.00,0,1.00,1,2.00,0,0.00,1.00,0,2.00,0.00,0.00,1.00,1,0.00,0.00,0.00,0.00,,80868,5031,56.48,56.48,64.29,64.29,48.72,48.72,46.21,46.21,62.50,62.50
Iran,IRN,20200420,3.00,1,2.00,0,2.00,1,1.00,1,2.00,0,1.00,1,2.00,0,0.00,1.00,0,2.00,0.00,0.00,1.00,1,0.00,0.00,0.00,0.00,,82211,5118,56.48,56.48,64.29,64.29,48.72,48.72,46.21,46.21,62.50,62.50
Iran,IRN,20200421,3.00,1,2.00,0,2.00,1,1.00,1,2.00,0,1.00,1,2.00,0,0.00,1.00,0,2.00,0.00,0.00,1.00,1,0.00,0.00,0.00,0.00,,83505,5209,56.48,56.48,64.29,64.29,48.72,48.72,46.21,46.21,62.50,62.50
Iran,IRN,20200422,3.00,1,2.00,0,2.00,1,1.00,1,2.00,0,1.00,1,2.00,0,0.00,1.00,0,2.00,0.00,0.00,1.00,1,0.00,0.00,0.00,0.00,,84802,5297,56.48,56.48,64.29,64.29,48.72,48.72,46.21,46.21,62.50,62.50
Iran,IRN,20200423,3.00,1,2.00,0,2.00,1,1.00,1,2.00,0,1.00,1,2.00,0,0.00,1.00,0,2.00,0.00,0.00,1.00,1,0.00,0.00,0.00,0.00,,85996,5391,56.48,56.48,64.29,64.29,48.72,48.72,46.21,46.21,62.50,62.50
Iran,IRN,20200424,3.00,1,2.00,0,2.00,1,1.00,1,2.00,0,1.00,1,2.00,0,0.00,1.00,0,2.00,0.00,0.00,1.00,1,0.00,0.00,0.00,0.00,,87026,5481,56.48,56.48,64.29,64.29,48.72,48.72,46.21,46.21,62.50,62.50
Iran,IRN,20200425,3.00,1,2.00,0,2.00,1,1.00,1,2.00,0,1.00,1,2.00,0,0.00,1.00,0,2.00,0.00,0.00,1.00,1,0.00,0.00,0.00,0.00,,88194,5574,56.48,56.48,64.29,64.29,48.72,48.72,46.21,46.21,62.50,62.50
Iran,IRN,20200426,3.00,1,2.00,0,2.00,1,1.00,1,2.00,0,1.00,1,2.00,0,0.00,1.00,0,2.00,0.00,0.00,1.00,1,0.00,0.00,0.00,0.00,,89328,5650,56.48,56.48,64.29,64.29,48.72,48.72,46.21,46.21,62.50,62.50
Iran,IRN,20200427,3.00,1,2.00,0,2.00,1,1.00,1,2.00,0,1.00,1,2.00,0,0.00,1.00,0,2.00,0.00,0.00,1.00,1,0.00,0.00,0.00,0.00,,90481,5710,56.48,56.48,64.29,64.29,48.72,48.72,46.21,46.21,62.50,62.50
Iran,IRN,20200428,3.00,1,2.00,0,2.00,1,1.00,1,2.00,0,1.00,1,2.00,0,0.00,1.00,0,2.00,0.00,0.00,1.00,1,0.00,0.00,0.00,0.00,,91472,5806,56.48,56.48,64.29,64.29,48.72,48.72,46.21,46.21,62.50,62.50
Iran,IRN,20200429,3.00,1,2.00,0,2.00,1,1.00,1,2.00,0,1.00,1,2.00,0,0.00,1.00,0,2.00,0.00,0.00,1.00,1,0.00,0.00,0.00,0.00,,92584,5877,56.48,56.48,64.29,64.29,48.72,48.72,46.21,46.21,62.50,62.50
Iran,IRN,20200430,3.00,1,2.00,0,2.00,1,1.00,1,2.00,0,1.00,1,2.00,0,0.00,1.00,0,2.00,0.00,0.00,1.00,1,0.00,0.00,0.00,0.00,,93657,5957,56.48,56.48,64.29,64.29,48.72,48.72,46.21,46.21,62.50,62.50
Iran,IRN,20200501,3.00,1,2.00,0,2.00,1,1.00,1,2.00,0,1.00,1,2.00,0,0.00,1.00,0,2.00,0.00,0.00,1.00,1,0.00,0.00,0.00,0.00,,94640,6028,56.48,56.48,64.29,64.29,48.72,48.72,46.21,46.21,62.50,62.50
Iran,IRN,20200502,3.00,1,2.00,0,2.00,1,1.00,1,2.00,0,1.00,1,2.00,0,0.00,1.00,0,2.00,0.00,0.00,1.00,1,0.00,0.00,0.00,0.00,,95646,6091,56.48,56.48,64.29,64.29,48.72,48.72,46.21,46.21,62.50,62.50
Iran,IRN,20200503,3.00,1,2.00,0,2.00,1,1.00,1,2.00,0,1.00,1,2.00,0,0.00,1.00,0,2.00,0.00,0.00,1.00,1,0.00,0.00,0.00,0.00,,96448,6156,56.48,56.48,64.29,64.29,48.72,48.72,46.21,46.21,62.50,62.50
Iran,IRN,20200504,3.00,1,2.00,0,2.00,1,1.00,1,2.00,0,1.00,1,2.00,0,0.00,1.00,0,2.00,0.00,0.00,1.00,1,0.00,0.00,0.00,0.00,,97424,6203,56.48,56.48,64.29,64.29,48.72,48.72,46.21,46.21,62.50,62.50
Iran,IRN,20200505,3.00,1,2.00,0,2.00,1,1.00,1,2.00,0,1.00,1,2.00,0,0.00,1.00,0,2.00,0.00,0.00,1.00,1,0.00,0.00,0.00,0.00,,98647,6277,56.48,56.48,64.29,64.29,48.72,48.72,46.21,46.21,62.50,62.50
Iran,IRN,20200506,3.00,1,2.00,0,2.00,1,1.00,1,2.00,0,1.00,1,2.00,0,0.00,1.00,0,2.00,0.00,0.00,1.00,1,0.00,0.00,0.00,0.00,,99970,6340,56.48,56.48,64.29,64.29,48.72,48.72,46.21,46.21,62.50,62.50
Iran,IRN,20200507,3.00,1,2.00,0,2.00,1,1.00,1,2.00,0,1.00,1,2.00,0,0.00,1.00,0,2.00,0.00,0.00,1.00,1,0.00,0.00,0.00,0.00,,101650,6418,56.48,56.48,64.29,64.29,48.72,48.72,46.21,46.21,62.50,62.50
Iran,IRN,20200508,3.00,1,2.00,0,2.00,1,1.00,1,2.00,0,1.00,1,2.00,0,0.00,1.00,0,2.00,0.00,0.00,1.00,1,0.00,0.00,0.00,0.00,,103135,6486,56.48,56.48,64.29,64.29,48.72,48.72,46.21,46.21,62.50,62.50
Iran,IRN,20200509,3.00,1,2.00,0,2.00,0,1.00,1,2.00,0,1.00,1,2.00,0,0.00,1.00,0,2.00,0.00,0.00,1.00,1,0.00,0.00,0.00,0.00,,104691,6541,53.70,53.70,59.52,59.52,46.79,46.79,43.94,43.94,62.50,62.50
Iran,IRN,20200510,3.00,1,2.00,0,2.00,0,1.00,1,2.00,0,1.00,1,2.00,0,0.00,1.00,0,2.00,0.00,0.00,1.00,1,0.00,0.00,0.00,0.00,,106220,6589,53.70,53.70,59.52,59.52,46.79,46.79,43.94,43.94,62.50,62.50
Iran,IRN,20200511,3.00,1,2.00,0,2.00,0,1.00,1,2.00,0,1.00,1,2.00,0,0.00,1.00,0,2.00,0.00,0.00,1.00,1,0.00,0.00,0.00,0.00,,107603,6640,53.70,53.70,59.52,59.52,46.79,46.79,43.94,43.94,62.50,62.50
Iran,IRN,20200512,3.00,1,2.00,0,2.00,0,1.00,1,2.00,0,1.00,1,2.00,0,0.00,1.00,0,2.00,0.00,0.00,1.00,1,0.00,0.00,0.00,0.00,,109286,6685,53.70,53.70,59.52,59.52,46.79,46.79,43.94,43.94,62.50,62.50
Iran,IRN,20200513,3.00,1,2.00,0,2.00,0,1.00,1,2.00,0,1.00,1,2.00,0,0.00,1.00,0,2.00,0.00,0.00,1.00,1,0.00,0.00,0.00,0.00,,110767,6733,53.70,53.70,59.52,59.52,46.79,46.79,43.94,43.94,62.50,62.50
Iran,IRN,20200514,3.00,1,2.00,0,2.00,0,1.00,1,2.00,0,1.00,1,2.00,0,0.00,1.00,0,2.00,0.00,0.00,1.00,1,0.00,0.00,0.00,0.00,,112725,6783,53.70,53.70,59.52,59.52,46.79,46.79,43.94,43.94,62.50,62.50
Iran,IRN,20200515,3.00,1,2.00,0,2.00,0,1.00,1,2.00,0,1.00,1,2.00,0,0.00,1.00,0,2.00,0.00,0.00,1.00,1,0.00,0.00,0.00,0.00,,114533,6854,53.70,53.70,59.52,59.52,46.79,46.79,43.94,43.94,62.50,62.50
Iran,IRN,20200516,2.00,0,2.00,0,2.00,0,1.00,1,2.00,0,1.00,1,2.00,0,0.00,1.00,0,2.00,0.00,0.00,1.00,1,0.00,0.00,0.00,0.00,,116635,6902,48.15,48.15,52.38,52.38,42.95,42.95,39.39,39.39,62.50,62.50
Iran,IRN,20200517,2.00,0,2.00,1,2.00,0,1.00,1,2.00,0,1.00,1,2.00,0,0.00,1.00,0,2.00,0.00,0.00,2.00,1,2.00,2.00,0.00,0.00,,118392,6937,55.56,55.56,60.71,60.71,60.90,60.90,60.61,60.61,62.50,62.50
Iran,IRN,20200518,2.00,0,2.00,1,2.00,0,1.00,1,2.00,0,1.00,1,2.00,0,0.00,1.00,0,2.00,0.00,0.00,2.00,1,2.00,2.00,0.00,0.00,,120198,6988,55.56,55.56,60.71,60.71,60.90,60.90,60.61,60.61,62.50,62.50
Iran,IRN,20200519,2.00,0,2.00,1,2.00,0,1.00,1,2.00,0,1.00,1,2.00,0,0.00,1.00,0,2.00,0.00,0.00,2.00,1,2.00,2.00,0.00,0.00,,122492,7057,55.56,55.56,60.71,60.71,60.90,60.90,60.61,60.61,62.50,62.50
Iran,IRN,20200520,2.00,0,2.00,1,2.00,0,1.00,1,2.00,0,1.00,1,2.00,0,0.00,1.00,0,2.00,0.00,0.00,2.00,1,2.00,2.00,0.00,0.00,,124603,7119,55.56,55.56,60.71,60.71,60.90,60.90,60.61,60.61,62.50,62.50
Iran,IRN,20200521,2.00,0,2.00,1,2.00,0,1.00,1,2.00,0,1.00,1,2.00,0,0.00,1.00,0,2.00,0.00,0.00,2.00,1,2.00,2.00,0.00,0.00,,126949,7183,55.56,55.56,60.71,60.71,60.90,60.90,60.61,60.61,62.50,62.50
Iran,IRN,20200522,2.00,0,2.00,1,2.00,0,1.00,1,2.00,0,1.00,1,2.00,0,0.00,1.00,0,2.00,0.00,0.00,2.00,1,2.00,2.00,0.00,0.00,,129341,7249,55.56,55.56,60.71,60.71,60.90,60.90,60.61,60.61,62.50,62.50
Iran,IRN,20200523,2.00,0,2.00,1,2.00,0,1.00,1,2.00,0,1.00,1,2.00,0,0.00,1.00,0,2.00,0.00,0.00,2.00,1,2.00,2.00,0.00,0.00,,131652,7300,55.56,55.56,60.71,60.71,60.90,60.90,60.61,60.61,62.50,62.50
Iran,IRN,20200524,2.00,0,2.00,1,2.00,0,1.00,1,2.00,0,1.00,1,2.00,0,0.00,1.00,0,2.00,0.00,0.00,2.00,1,2.00,2.00,0.00,0.00,,133521,7359,55.56,55.56,60.71,60.71,60.90,60.90,60.61,60.61,62.50,62.50
Iran,IRN,20200525,2.00,0,2.00,1,2.00,0,1.00,1,2.00,0,1.00,1,2.00,0,0.00,1.00,0,2.00,0.00,0.00,2.00,1,2.00,2.00,0.00,0.00,,135701,7417,55.56,55.56,60.71,60.71,60.90,60.90,60.61,60.61,62.50,62.50
Iran,IRN,20200526,2.00,0,2.00,1,2.00,0,0.00,,2.00,0,1.00,1,2.00,0,0.00,1.00,0,2.00,0.00,0.00,2.00,1,2.00,2.00,0.00,0.00,,137724,7451,52.78,52.78,60.71,60.71,58.97,58.97,58.33,58.33,62.50,62.50
Iran,IRN,20200527,2.00,0,2.00,1,2.00,0,0.00,,2.00,0,1.00,1,2.00,0,0.00,1.00,0,2.00,0.00,0.00,2.00,1,2.00,2.00,0.00,0.00,,139511,7508,52.78,52.78,60.71,60.71,58.97,58.97,58.33,58.33,62.50,62.50
Iran,IRN,20200528,2.00,0,2.00,1,2.00,0,0.00,,2.00,0,1.00,1,2.00,0,0.00,1.00,0,2.00,0.00,0.00,2.00,1,2.00,2.00,0.00,0.00,,141591,7564,52.78,52.78,60.71,60.71,58.97,58.97,58.33,58.33,62.50,62.50
Iran,IRN,20200529,2.00,0,2.00,1,2.00,0,0.00,,2.00,0,1.00,1,2.00,0,0.00,1.00,0,2.00,0.00,0.00,2.00,1,2.00,2.00,0.00,0.00,,143849,7627,52.78,52.78,60.71,60.71,58.97,58.97,58.33,58.33,62.50,62.50
Iran,IRN,20200530,2.00,0,2.00,1,2.00,0,0.00,,2.00,0,1.00,1,2.00,0,0.00,1.00,0,2.00,0.00,0.00,2.00,1,2.00,2.00,0.00,0.00,,146668,7677,52.78,52.78,60.71,60.71,58.97,58.97,58.33,58.33,62.50,62.50
Iran,IRN,20200531,2.00,0,2.00,1,2.00,0,0.00,,2.00,0,1.00,1,2.00,0,0.00,1.00,0,2.00,0.00,0.00,2.00,1,2.00,2.00,0.00,0.00,,148950,7734,52.78,52.78,60.71,60.71,58.97,58.97,58.33,58.33,62.50,62.50
Iran,IRN,20200601,2.00,0,2.00,1,2.00,0,0.00,,2.00,0,1.00,1,2.00,0,0.00,1.00,0,2.00,0.00,0.00,2.00,1,2.00,2.00,0.00,0.00,,151466,7797,52.78,52.78,60.71,60.71,58.97,58.97,58.33,58.33,62.50,62.50
Iran,IRN,20200602,2.00,0,2.00,1,2.00,0,0.00,,2.00,0,1.00,1,2.00,0,0.00,1.00,0,2.00,0.00,0.00,2.00,1,2.00,2.00,0.00,0.00,,154445,7878,52.78,52.78,60.71,60.71,58.97,58.97,58.33,58.33,62.50,62.50
Iran,IRN,20200603,2.00,0,2.00,1,2.00,0,0.00,,2.00,0,1.00,1,2.00,0,0.00,1.00,0,2.00,0.00,0.00,2.00,1,2.00,2.00,0.00,0.00,,157562,7942,52.78,52.78,60.71,60.71,58.97,58.97,58.33,58.33,62.50,62.50
Iran,IRN,20200604,2.00,0,2.00,1,2.00,0,0.00,,2.00,0,1.00,1,2.00,0,0.00,1.00,0,2.00,0.00,0.00,2.00,1,2.00,2.00,0.00,0.00,,160696,8012,52.78,52.78,60.71,60.71,58.97,58.97,58.33,58.33,62.50,62.50
Iran,IRN,20200605,2.00,0,2.00,1,2.00,0,0.00,,2.00,0,1.00,1,2.00,0,0.00,1.00,0,2.00,0.00,0.00,2.00,1,2.00,2.00,0.00,0.00,,164270,8071,52.78,52.78,60.71,60.71,58.97,58.97,58.33,58.33,62.50,62.50
Iran,IRN,20200606,2.00,0,2.00,1,2.00,0,0.00,,2.00,0,1.00,1,2.00,0,0.00,1.00,0,2.00,0.00,0.00,2.00,1,2.00,2.00,0.00,0.00,,167156,8134,52.78,52.78,60.71,60.71,58.97,58.97,58.33,58.33,62.50,62.50
Iran,IRN,20200607,2.00,0,2.00,1,2.00,0,0.00,,2.00,0,1.00,1,2.00,0,0.00,1.00,0,2.00,0.00,0.00,2.00,1,2.00,2.00,0.00,0.00,,169425,8209,52.78,52.78,60.71,60.71,58.97,58.97,58.33,58.33,62.50,62.50
Iran,IRN,20200608,2.00,0,2.00,1,2.00,0,0.00,,2.00,0,1.00,1,2.00,0,0.00,1.00,0,2.00,0.00,0.00,2.00,1,2.00,2.00,0.00,0.00,,171789,8281,52.78,52.78,60.71,60.71,58.97,58.97,58.33,58.33,62.50,62.50
Iran,IRN,20200609,2.00,0,2.00,1,2.00,0,0.00,,2.00,0,1.00,1,2.00,0,0.00,1.00,0,2.00,0.00,0.00,2.00,1,2.00,2.00,0.00,0.00,,173832,8351,52.78,52.78,60.71,60.71,58.97,58.97,58.33,58.33,62.50,62.50
Iran,IRN,20200610,2.00,0,2.00,1,2.00,0,0.00,,2.00,0,1.00,1,2.00,0,0.00,1.00,0,2.00,0.00,0.00,2.00,1,2.00,2.00,0.00,0.00,,175927,8425,52.78,52.78,60.71,60.71,58.97,58.97,58.33,58.33,62.50,62.50
Iran,IRN,20200611,2.00,0,2.00,1,2.00,0,0.00,,2.00,0,1.00,1,2.00,0,0.00,1.00,0,2.00,0.00,0.00,2.00,1,2.00,2.00,0.00,0.00,,177938,8506,52.78,52.78,60.71,60.71,58.97,58.97,58.33,58.33,62.50,62.50
Iran,IRN,20200612,2.00,0,2.00,1,2.00,0,0.00,,2.00,0,1.00,1,2.00,0,0.00,1.00,0,2.00,0.00,0.00,2.00,1,2.00,2.00,0.00,0.00,,180176,8584,52.78,52.78,60.71,60.71,58.97,58.97,58.33,58.33,62.50,62.50
Iran,IRN,20200613,2.00,0,2.00,1,2.00,0,0.00,,2.00,0,1.00,1,2.00,0,0.00,1.00,0,2.00,0.00,0.00,2.00,1,2.00,2.00,0.00,0.00,,182545,8659,52.78,52.78,60.71,60.71,58.97,58.97,58.33,58.33,62.50,62.50
Iran,IRN,20200614,2.00,0,2.00,1,2.00,0,0.00,,2.00,0,1.00,1,2.00,0,0.00,1.00,0,2.00,0.00,0.00,2.00,1,2.00,2.00,0.00,0.00,,184955,8730,52.78,52.78,60.71,60.71,58.97,58.97,58.33,58.33,62.50,62.50
Iran,IRN,20200615,2.00,0,2.00,1,2.00,0,0.00,,2.00,0,1.00,1,2.00,0,0.00,1.00,0,2.00,0.00,0.00,2.00,1,2.00,2.00,0.00,0.00,,187427,8837,52.78,52.78,60.71,60.71,58.97,58.97,58.33,58.33,62.50,62.50
Iran,IRN,20200616,,,,,,,,,,,,,,,,,,,,,,,,,,,,189876,8950,,,,,,,,,,
Iran,IRN,20200617,,,,,,,,,,,,,,,,,,,,,,,,,,,,192439,9065,,52.78,,60.71,,58.97,,58.33,,62.50
Iran,IRN,20200618,,,,,,,,,,,,,,,,,,,,,,,,,,,,195051,9185,,52.78,,60.71,,58.97,,58.33,,62.50
Iran,IRN,20200619,,,,,,,,,,,,,,,,,,,,,,,,,,,,197647,9272,,52.78,,60.71,,58.97,,58.33,,62.50
Iran,IRN,20200620,,,,,,,,,,,,,,,,,,,,,,,,,,,,200262,9392,,52.78,,60.71,,58.97,,58.33,,62.50
Iran,IRN,20200621,,,,,,,,,,,,,,,,,,,,,,,,,,,,202584,9507,,52.78,,60.71,,58.97,,58.33,,62.50
Iran,IRN,20200622,,,,,,,,,,,,,,,,,,,,,,,,,,,,204952,9623,,52.78,,60.71,,58.97,,58.33,,62.50
Iran,IRN,20200623,,,,,,,,,,,,,,,,,,,,,,,,,,,,207525,9742,,52.78,,60.71,,58.97,,58.33,,62.50
