Ireland,IRL,20200101,0.00,,0.00,,0.00,,0.00,,0.00,,0.00,,0.00,,0.00,0.00,,0.00,0.00,0.00,0.00,,0.00,0.00,0.00,0.00,,0,0,0.00,0.00,0.00,0.00,0.00,0.00,0.00,0.00,0.00,0.00
Ireland,IRL,20200102,0.00,,0.00,,0.00,,0.00,,0.00,,0.00,,0.00,,0.00,0.00,,0.00,0.00,0.00,0.00,,0.00,0.00,0.00,0.00,,0,0,0.00,0.00,0.00,0.00,0.00,0.00,0.00,0.00,0.00,0.00
Ireland,IRL,20200103,0.00,,0.00,,0.00,,0.00,,0.00,,0.00,,0.00,,0.00,0.00,,0.00,0.00,0.00,0.00,,0.00,0.00,0.00,0.00,,0,0,0.00,0.00,0.00,0.00,0.00,0.00,0.00,0.00,0.00,0.00
Ireland,IRL,20200104,0.00,,0.00,,0.00,,0.00,,0.00,,0.00,,0.00,,0.00,0.00,,0.00,0.00,0.00,0.00,,0.00,0.00,0.00,0.00,,0,0,0.00,0.00,0.00,0.00,0.00,0.00,0.00,0.00,0.00,0.00
Ireland,IRL,20200105,0.00,,0.00,,0.00,,0.00,,0.00,,0.00,,0.00,,0.00,0.00,,0.00,0.00,0.00,0.00,,0.00,0.00,0.00,0.00,,0,0,0.00,0.00,0.00,0.00,0.00,0.00,0.00,0.00,0.00,0.00
Ireland,IRL,20200106,0.00,,0.00,,0.00,,0.00,,0.00,,0.00,,0.00,,0.00,0.00,,0.00,0.00,0.00,0.00,,0.00,0.00,0.00,0.00,,0,0,0.00,0.00,0.00,0.00,0.00,0.00,0.00,0.00,0.00,0.00
Ireland,IRL,20200107,0.00,,0.00,,0.00,,0.00,,0.00,,0.00,,0.00,,0.00,0.00,,0.00,0.00,0.00,0.00,,0.00,0.00,0.00,0.00,,0,0,0.00,0.00,0.00,0.00,0.00,0.00,0.00,0.00,0.00,0.00
Ireland,IRL,20200108,0.00,,0.00,,0.00,,0.00,,0.00,,0.00,,0.00,,0.00,0.00,,0.00,0.00,0.00,0.00,,0.00,0.00,0.00,0.00,,0,0,0.00,0.00,0.00,0.00,0.00,0.00,0.00,0.00,0.00,0.00
Ireland,IRL,20200109,0.00,,0.00,,0.00,,0.00,,0.00,,0.00,,0.00,,0.00,0.00,,0.00,0.00,0.00,0.00,,0.00,0.00,0.00,0.00,,0,0,0.00,0.00,0.00,0.00,0.00,0.00,0.00,0.00,0.00,0.00
Ireland,IRL,20200110,0.00,,0.00,,0.00,,0.00,,0.00,,0.00,,0.00,,0.00,0.00,,0.00,0.00,0.00,0.00,,0.00,0.00,0.00,0.00,,0,0,0.00,0.00,0.00,0.00,0.00,0.00,0.00,0.00,0.00,0.00
Ireland,IRL,20200111,0.00,,0.00,,0.00,,0.00,,0.00,,0.00,,0.00,,0.00,0.00,,0.00,0.00,0.00,0.00,,0.00,0.00,0.00,0.00,,0,0,0.00,0.00,0.00,0.00,0.00,0.00,0.00,0.00,0.00,0.00
Ireland,IRL,20200112,0.00,,0.00,,0.00,,0.00,,0.00,,0.00,,0.00,,0.00,0.00,,0.00,0.00,0.00,0.00,,0.00,0.00,0.00,0.00,,0,0,0.00,0.00,0.00,0.00,0.00,0.00,0.00,0.00,0.00,0.00
Ireland,IRL,20200113,0.00,,0.00,,0.00,,0.00,,0.00,,0.00,,0.00,,0.00,0.00,,0.00,0.00,0.00,0.00,,0.00,0.00,0.00,0.00,,0,0,0.00,0.00,0.00,0.00,0.00,0.00,0.00,0.00,0.00,0.00
Ireland,IRL,20200114,0.00,,0.00,,0.00,,0.00,,0.00,,0.00,,0.00,,0.00,0.00,,0.00,0.00,0.00,0.00,,0.00,0.00,0.00,0.00,,0,0,0.00,0.00,0.00,0.00,0.00,0.00,0.00,0.00,0.00,0.00
Ireland,IRL,20200115,0.00,,0.00,,0.00,,0.00,,0.00,,0.00,,0.00,,0.00,0.00,,0.00,0.00,0.00,0.00,,0.00,0.00,0.00,0.00,,0,0,0.00,0.00,0.00,0.00,0.00,0.00,0.00,0.00,0.00,0.00
Ireland,IRL,20200116,0.00,,0.00,,0.00,,0.00,,0.00,,0.00,,0.00,,0.00,0.00,,0.00,0.00,0.00,0.00,,0.00,0.00,0.00,0.00,,0,0,0.00,0.00,0.00,0.00,0.00,0.00,0.00,0.00,0.00,0.00
Ireland,IRL,20200117,0.00,,0.00,,0.00,,0.00,,0.00,,0.00,,0.00,,0.00,0.00,,0.00,0.00,0.00,0.00,,0.00,0.00,0.00,0.00,,0,0,0.00,0.00,0.00,0.00,0.00,0.00,0.00,0.00,0.00,0.00
Ireland,IRL,20200118,0.00,,0.00,,0.00,,0.00,,0.00,,0.00,,0.00,,0.00,0.00,,0.00,0.00,0.00,0.00,,0.00,0.00,0.00,0.00,,0,0,0.00,0.00,0.00,0.00,0.00,0.00,0.00,0.00,0.00,0.00
Ireland,IRL,20200119,0.00,,0.00,,0.00,,0.00,,0.00,,0.00,,0.00,,0.00,0.00,,0.00,0.00,0.00,0.00,,0.00,0.00,0.00,0.00,,0,0,0.00,0.00,0.00,0.00,0.00,0.00,0.00,0.00,0.00,0.00
Ireland,IRL,20200120,0.00,,0.00,,0.00,,0.00,,0.00,,0.00,,0.00,,0.00,0.00,,0.00,0.00,0.00,0.00,,0.00,0.00,0.00,0.00,,0,0,0.00,0.00,0.00,0.00,0.00,0.00,0.00,0.00,0.00,0.00
Ireland,IRL,20200121,0.00,,0.00,,0.00,,0.00,,0.00,,0.00,,0.00,,0.00,0.00,,0.00,0.00,0.00,0.00,,0.00,0.00,0.00,0.00,,0,0,0.00,0.00,0.00,0.00,0.00,0.00,0.00,0.00,0.00,0.00
Ireland,IRL,20200122,0.00,,0.00,,0.00,,0.00,,0.00,,0.00,,0.00,,0.00,0.00,,0.00,0.00,0.00,0.00,,0.00,0.00,0.00,0.00,,0,0,0.00,0.00,0.00,0.00,0.00,0.00,0.00,0.00,0.00,0.00
Ireland,IRL,20200123,0.00,,0.00,,0.00,,0.00,,0.00,,0.00,,0.00,,0.00,0.00,,0.00,0.00,0.00,0.00,,0.00,0.00,0.00,0.00,,0,0,0.00,0.00,0.00,0.00,0.00,0.00,0.00,0.00,0.00,0.00
Ireland,IRL,20200124,0.00,,0.00,,0.00,,0.00,,0.00,,0.00,,0.00,,0.00,0.00,,0.00,0.00,0.00,0.00,,0.00,0.00,0.00,0.00,,0,0,0.00,0.00,0.00,0.00,0.00,0.00,0.00,0.00,0.00,0.00
Ireland,IRL,20200125,0.00,,0.00,,0.00,,0.00,,0.00,,0.00,,0.00,,0.00,0.00,,0.00,0.00,0.00,0.00,,0.00,0.00,0.00,0.00,,0,0,0.00,0.00,0.00,0.00,0.00,0.00,0.00,0.00,0.00,0.00
Ireland,IRL,20200126,0.00,,0.00,,0.00,,0.00,,0.00,,0.00,,0.00,,0.00,0.00,,0.00,0.00,0.00,0.00,,0.00,0.00,0.00,0.00,,0,0,0.00,0.00,0.00,0.00,0.00,0.00,0.00,0.00,0.00,0.00
Ireland,IRL,20200127,0.00,,0.00,,0.00,,0.00,,0.00,,0.00,,0.00,,0.00,0.00,,0.00,0.00,0.00,0.00,,0.00,0.00,0.00,0.00,,0,0,0.00,0.00,0.00,0.00,0.00,0.00,0.00,0.00,0.00,0.00
Ireland,IRL,20200128,0.00,,0.00,,0.00,,0.00,,0.00,,0.00,,0.00,,0.00,0.00,,0.00,0.00,0.00,0.00,,0.00,0.00,0.00,0.00,,0,0,0.00,0.00,0.00,0.00,0.00,0.00,0.00,0.00,0.00,0.00
Ireland,IRL,20200129,0.00,,0.00,,0.00,,0.00,,0.00,,0.00,,0.00,,0.00,0.00,,0.00,0.00,0.00,0.00,,0.00,0.00,0.00,0.00,,0,0,0.00,0.00,0.00,0.00,0.00,0.00,0.00,0.00,0.00,0.00
Ireland,IRL,20200130,0.00,,0.00,,0.00,,0.00,,0.00,,0.00,,0.00,,0.00,0.00,,0.00,0.00,0.00,0.00,,0.00,0.00,0.00,0.00,,0,0,0.00,0.00,0.00,0.00,0.00,0.00,0.00,0.00,0.00,0.00
Ireland,IRL,20200131,0.00,,0.00,,0.00,,0.00,,0.00,,0.00,,0.00,,0.00,0.00,,0.00,0.00,0.00,0.00,,0.00,0.00,0.00,0.00,,0,0,0.00,0.00,0.00,0.00,0.00,0.00,0.00,0.00,0.00,0.00
Ireland,IRL,20200201,0.00,,0.00,,0.00,,0.00,,0.00,,0.00,,0.00,,0.00,0.00,,0.00,0.00,0.00,0.00,,0.00,0.00,0.00,0.00,,0,0,0.00,0.00,0.00,0.00,0.00,0.00,0.00,0.00,0.00,0.00
Ireland,IRL,20200202,0.00,,0.00,,0.00,,0.00,,0.00,,0.00,,0.00,,0.00,0.00,,0.00,0.00,0.00,0.00,,0.00,0.00,0.00,0.00,,0,0,0.00,0.00,0.00,0.00,0.00,0.00,0.00,0.00,0.00,0.00
Ireland,IRL,20200203,0.00,,0.00,,0.00,,0.00,,0.00,,0.00,,0.00,,0.00,0.00,,0.00,0.00,0.00,0.00,,0.00,0.00,0.00,0.00,,0,0,0.00,0.00,0.00,0.00,0.00,0.00,0.00,0.00,0.00,0.00
Ireland,IRL,20200204,0.00,,0.00,,0.00,,0.00,,0.00,,0.00,,0.00,,0.00,0.00,,0.00,0.00,0.00,1.00,1,0.00,0.00,0.00,0.00,,0,0,5.56,5.56,9.52,9.52,3.85,3.85,4.55,4.55,0.00,0.00
Ireland,IRL,20200205,0.00,,0.00,,0.00,,0.00,,0.00,,0.00,,0.00,,0.00,0.00,,0.00,0.00,0.00,1.00,1,0.00,0.00,0.00,0.00,,0,0,5.56,5.56,9.52,9.52,3.85,3.85,4.55,4.55,0.00,0.00
Ireland,IRL,20200206,0.00,,0.00,,0.00,,0.00,,0.00,,0.00,,0.00,,0.00,0.00,,0.00,0.00,0.00,1.00,1,0.00,0.00,0.00,0.00,,0,0,5.56,5.56,9.52,9.52,3.85,3.85,4.55,4.55,0.00,0.00
Ireland,IRL,20200207,0.00,,0.00,,0.00,,0.00,,0.00,,0.00,,0.00,,0.00,0.00,,0.00,0.00,0.00,1.00,1,0.00,0.00,0.00,0.00,,0,0,5.56,5.56,9.52,9.52,3.85,3.85,4.55,4.55,0.00,0.00
Ireland,IRL,20200208,0.00,,0.00,,0.00,,0.00,,0.00,,0.00,,0.00,,0.00,0.00,,0.00,0.00,0.00,1.00,1,0.00,0.00,0.00,0.00,,0,0,5.56,5.56,9.52,9.52,3.85,3.85,4.55,4.55,0.00,0.00
Ireland,IRL,20200209,0.00,,0.00,,0.00,,0.00,,0.00,,0.00,,0.00,,0.00,0.00,,0.00,0.00,0.00,1.00,1,0.00,0.00,0.00,0.00,,0,0,5.56,5.56,9.52,9.52,3.85,3.85,4.55,4.55,0.00,0.00
Ireland,IRL,20200210,0.00,,0.00,,0.00,,0.00,,0.00,,0.00,,0.00,,0.00,0.00,,0.00,0.00,0.00,1.00,1,0.00,0.00,0.00,0.00,,0,0,5.56,5.56,9.52,9.52,3.85,3.85,4.55,4.55,0.00,0.00
Ireland,IRL,20200211,0.00,,0.00,,0.00,,0.00,,0.00,,0.00,,0.00,,0.00,0.00,,0.00,0.00,0.00,1.00,1,0.00,0.00,0.00,0.00,,0,0,5.56,5.56,9.52,9.52,3.85,3.85,4.55,4.55,0.00,0.00
Ireland,IRL,20200212,0.00,,0.00,,0.00,,0.00,,0.00,,0.00,,0.00,,0.00,0.00,,0.00,0.00,0.00,1.00,1,0.00,0.00,0.00,0.00,,0,0,5.56,5.56,9.52,9.52,3.85,3.85,4.55,4.55,0.00,0.00
Ireland,IRL,20200213,0.00,,0.00,,0.00,,0.00,,0.00,,0.00,,0.00,,0.00,0.00,,0.00,0.00,0.00,1.00,1,0.00,0.00,0.00,0.00,,0,0,5.56,5.56,9.52,9.52,3.85,3.85,4.55,4.55,0.00,0.00
Ireland,IRL,20200214,0.00,,0.00,,0.00,,0.00,,0.00,,0.00,,0.00,,0.00,0.00,,0.00,0.00,0.00,1.00,1,0.00,0.00,0.00,0.00,,0,0,5.56,5.56,9.52,9.52,3.85,3.85,4.55,4.55,0.00,0.00
Ireland,IRL,20200215,0.00,,0.00,,0.00,,0.00,,0.00,,0.00,,0.00,,0.00,0.00,,0.00,0.00,0.00,1.00,1,0.00,0.00,0.00,0.00,,0,0,5.56,5.56,9.52,9.52,3.85,3.85,4.55,4.55,0.00,0.00
Ireland,IRL,20200216,0.00,,0.00,,0.00,,0.00,,0.00,,0.00,,0.00,,0.00,0.00,,0.00,0.00,0.00,1.00,1,0.00,0.00,0.00,0.00,,0,0,5.56,5.56,9.52,9.52,3.85,3.85,4.55,4.55,0.00,0.00
Ireland,IRL,20200217,0.00,,0.00,,0.00,,0.00,,0.00,,0.00,,0.00,,0.00,0.00,,0.00,0.00,0.00,1.00,1,0.00,0.00,0.00,0.00,,0,0,5.56,5.56,9.52,9.52,3.85,3.85,4.55,4.55,0.00,0.00
Ireland,IRL,20200218,0.00,,0.00,,0.00,,0.00,,0.00,,0.00,,0.00,,0.00,0.00,,0.00,0.00,0.00,1.00,1,0.00,0.00,0.00,0.00,,0,0,5.56,5.56,9.52,9.52,3.85,3.85,4.55,4.55,0.00,0.00
Ireland,IRL,20200219,0.00,,0.00,,0.00,,0.00,,0.00,,0.00,,0.00,,0.00,0.00,,0.00,0.00,0.00,1.00,1,0.00,0.00,0.00,0.00,,0,0,5.56,5.56,9.52,9.52,3.85,3.85,4.55,4.55,0.00,0.00
Ireland,IRL,20200220,0.00,,0.00,,0.00,,0.00,,0.00,,0.00,,0.00,,0.00,0.00,,0.00,0.00,0.00,1.00,1,0.00,0.00,0.00,0.00,,0,0,5.56,5.56,9.52,9.52,3.85,3.85,4.55,4.55,0.00,0.00
Ireland,IRL,20200221,0.00,,0.00,,0.00,,0.00,,0.00,,0.00,,0.00,,0.00,0.00,,0.00,0.00,0.00,1.00,1,0.00,0.00,0.00,0.00,,0,0,5.56,5.56,9.52,9.52,3.85,3.85,4.55,4.55,0.00,0.00
Ireland,IRL,20200222,0.00,,0.00,,0.00,,0.00,,0.00,,0.00,,0.00,,0.00,0.00,,0.00,0.00,0.00,1.00,1,0.00,0.00,0.00,0.00,,0,0,5.56,5.56,9.52,9.52,3.85,3.85,4.55,4.55,0.00,0.00
Ireland,IRL,20200223,0.00,,0.00,,0.00,,0.00,,0.00,,0.00,,0.00,,0.00,0.00,,0.00,0.00,0.00,1.00,1,0.00,0.00,0.00,0.00,,0,0,5.56,5.56,9.52,9.52,3.85,3.85,4.55,4.55,0.00,0.00
Ireland,IRL,20200224,0.00,,0.00,,0.00,,0.00,,0.00,,0.00,,0.00,,0.00,0.00,,0.00,0.00,0.00,1.00,1,0.00,0.00,0.00,0.00,,0,0,5.56,5.56,9.52,9.52,3.85,3.85,4.55,4.55,0.00,0.00
Ireland,IRL,20200225,0.00,,0.00,,0.00,,0.00,,0.00,,0.00,,0.00,,0.00,0.00,,0.00,0.00,0.00,1.00,1,2.00,1.00,0.00,0.00,,0,0,5.56,5.56,9.52,9.52,12.82,12.82,15.15,15.15,0.00,0.00
Ireland,IRL,20200226,0.00,,0.00,,0.00,,0.00,,0.00,,0.00,,0.00,,0.00,0.00,,0.00,0.00,0.00,1.00,1,2.00,1.00,0.00,0.00,,0,0,5.56,5.56,9.52,9.52,12.82,12.82,15.15,15.15,0.00,0.00
Ireland,IRL,20200227,0.00,,0.00,,0.00,,0.00,,0.00,,0.00,,0.00,,0.00,0.00,,0.00,0.00,0.00,1.00,1,2.00,1.00,0.00,0.00,,0,0,5.56,5.56,9.52,9.52,12.82,12.82,15.15,15.15,0.00,0.00
Ireland,IRL,20200228,0.00,,0.00,,0.00,,0.00,,0.00,,0.00,,0.00,,0.00,0.00,,0.00,0.00,0.00,1.00,1,2.00,1.00,0.00,0.00,,0,0,5.56,5.56,9.52,9.52,12.82,12.82,15.15,15.15,0.00,0.00
Ireland,IRL,20200229,0.00,,0.00,,0.00,,0.00,,0.00,,0.00,,0.00,,0.00,0.00,,0.00,0.00,0.00,2.00,1,2.00,1.00,0.00,0.00,,0,0,11.11,11.11,14.29,14.29,16.67,16.67,19.70,19.70,0.00,0.00
Ireland,IRL,20200301,0.00,,0.00,,0.00,,0.00,,0.00,,0.00,,0.00,,0.00,0.00,,0.00,0.00,0.00,2.00,1,2.00,1.00,0.00,0.00,,1,0,11.11,11.11,14.29,14.29,16.67,16.67,19.70,19.70,0.00,0.00
Ireland,IRL,20200302,0.00,,0.00,,0.00,,0.00,,0.00,,0.00,,0.00,,0.00,0.00,,0.00,0.00,0.00,2.00,1,2.00,1.00,0.00,0.00,,1,0,11.11,11.11,14.29,14.29,16.67,16.67,19.70,19.70,0.00,0.00
Ireland,IRL,20200303,0.00,,0.00,,0.00,,0.00,,0.00,,0.00,,0.00,,0.00,0.00,,0.00,0.00,0.00,2.00,1,2.00,1.00,0.00,0.00,,,,11.11,11.11,14.29,14.29,16.67,16.67,19.70,19.70,0.00,0.00
Ireland,IRL,20200304,0.00,,0.00,,0.00,,0.00,,0.00,,0.00,,0.00,,0.00,0.00,,0.00,0.00,0.00,2.00,1,2.00,1.00,0.00,0.00,,2,0,11.11,11.11,14.29,14.29,16.67,16.67,19.70,19.70,0.00,0.00
Ireland,IRL,20200305,0.00,,0.00,,0.00,,0.00,,0.00,,0.00,,0.00,,0.00,0.00,,0.00,0.00,0.00,2.00,1,2.00,1.00,0.00,0.00,,6,0,11.11,11.11,14.29,14.29,16.67,16.67,19.70,19.70,0.00,0.00
Ireland,IRL,20200306,0.00,,0.00,,0.00,,0.00,,0.00,,0.00,,0.00,,0.00,0.00,,0.00,0.00,0.00,2.00,1,2.00,1.00,0.00,0.00,,13,0,11.11,11.11,14.29,14.29,16.67,16.67,19.70,19.70,0.00,0.00
Ireland,IRL,20200307,0.00,,0.00,,0.00,,0.00,,0.00,,0.00,,0.00,,0.00,0.00,,0.00,0.00,0.00,2.00,1,2.00,1.00,0.00,0.00,,18,0,11.11,11.11,14.29,14.29,16.67,16.67,19.70,19.70,0.00,0.00
Ireland,IRL,20200308,0.00,,0.00,,0.00,,0.00,,0.00,,0.00,,0.00,,0.00,0.00,,0.00,0.00,0.00,2.00,1,2.00,1.00,0.00,0.00,,19,0,11.11,11.11,14.29,14.29,16.67,16.67,19.70,19.70,0.00,0.00
Ireland,IRL,20200309,0.00,,0.00,,0.00,,0.00,,0.00,,0.00,,0.00,,0.00,0.00,,0.00,6397171200.00,0.00,2.00,1,2.00,1.00,496923136.00,0.00,,21,0,11.11,11.11,14.29,14.29,16.67,16.67,19.70,19.70,0.00,0.00
Ireland,IRL,20200310,0.00,,0.00,,0.00,,0.00,,0.00,,0.00,,0.00,,0.00,0.00,,0.00,0.00,0.00,2.00,1,2.00,1.00,0.00,0.00,,,,11.11,11.11,14.29,14.29,16.67,16.67,19.70,19.70,0.00,0.00
Ireland,IRL,20200311,0.00,,0.00,,0.00,,0.00,,0.00,,0.00,,0.00,,0.00,0.00,,0.00,0.00,0.00,2.00,1,2.00,1.00,0.00,0.00,,35,0,11.11,11.11,14.29,14.29,16.67,16.67,19.70,19.70,0.00,0.00
Ireland,IRL,20200312,0.00,,1.00,1,2.00,1,2.00,1,0.00,,0.00,,0.00,,0.00,0.00,,0.00,0.00,0.00,2.00,1,2.00,1.00,0.00,0.00,,43,1,31.48,31.48,35.71,35.71,30.77,30.77,36.36,36.36,0.00,0.00
Ireland,IRL,20200313,3.00,1,1.00,1,2.00,1,2.00,1,0.00,,0.00,,0.00,,0.00,0.00,,0.00,0.00,0.00,2.00,1,2.00,1.00,0.00,0.00,,70,1,42.59,42.59,50.00,50.00,38.46,38.46,45.45,45.45,0.00,0.00
Ireland,IRL,20200314,3.00,1,1.00,1,2.00,1,2.00,1,0.00,,0.00,,0.00,,0.00,0.00,,0.00,0.00,0.00,2.00,1,2.00,1.00,0.00,0.00,,91,1,42.59,42.59,50.00,50.00,38.46,38.46,45.45,45.45,0.00,0.00
Ireland,IRL,20200315,3.00,1,1.00,1,2.00,1,4.00,1,0.00,,0.00,,0.00,,0.00,1.00,1,0.00,0.00,0.00,2.00,1,2.00,1.00,0.00,0.00,,129,2,48.15,48.15,50.00,50.00,46.15,46.15,50.00,50.00,25.00,25.00
Ireland,IRL,20200316,3.00,1,1.00,1,2.00,1,4.00,1,0.00,,0.00,,0.00,,0.00,1.00,1,0.00,0.00,0.00,2.00,1,2.00,1.00,0.00,0.00,,169,2,48.15,48.15,50.00,50.00,46.15,46.15,50.00,50.00,25.00,25.00
Ireland,IRL,20200317,3.00,1,1.00,1,2.00,1,4.00,1,0.00,,0.00,,0.00,,0.00,1.00,1,0.00,0.00,0.00,2.00,1,2.00,1.00,0.00,0.00,,223,2,48.15,48.15,50.00,50.00,46.15,46.15,50.00,50.00,25.00,25.00
Ireland,IRL,20200318,3.00,1,1.00,1,2.00,1,4.00,1,0.00,,0.00,,0.00,,0.00,1.00,1,0.00,0.00,0.00,2.00,1,2.00,1.00,0.00,0.00,,292,2,48.15,48.15,50.00,50.00,46.15,46.15,50.00,50.00,25.00,25.00
Ireland,IRL,20200319,3.00,1,1.00,1,2.00,1,4.00,1,0.00,,0.00,,0.00,,0.00,1.00,1,0.00,216209600.00,0.00,2.00,1,2.00,1.00,0.00,0.00,,366,2,48.15,48.15,50.00,50.00,46.15,46.15,50.00,50.00,25.00,25.00
Ireland,IRL,20200320,3.00,1,1.00,1,2.00,1,4.00,1,0.00,,0.00,,0.00,,0.00,1.00,1,0.00,0.00,0.00,2.00,1,2.00,1.00,0.00,0.00,,557,3,48.15,48.15,50.00,50.00,46.15,46.15,50.00,50.00,25.00,25.00
Ireland,IRL,20200321,3.00,1,1.00,1,2.00,1,4.00,1,0.00,,0.00,,0.00,,0.00,1.00,1,0.00,0.00,0.00,2.00,1,2.00,1.00,0.00,0.00,,683,3,48.15,48.15,50.00,50.00,46.15,46.15,50.00,50.00,25.00,25.00
Ireland,IRL,20200322,3.00,1,1.00,1,2.00,1,4.00,1,0.00,,0.00,,0.00,,0.00,1.00,1,0.00,0.00,0.00,2.00,1,2.00,1.00,0.00,0.00,,785,3,48.15,48.15,50.00,50.00,46.15,46.15,50.00,50.00,25.00,25.00
Ireland,IRL,20200323,3.00,1,1.00,1,2.00,1,4.00,1,0.00,,0.00,,0.00,,0.00,1.00,1,0.00,0.00,0.00,2.00,1,2.00,1.00,0.00,0.00,,906,4,48.15,48.15,50.00,50.00,46.15,46.15,50.00,50.00,25.00,25.00
Ireland,IRL,20200324,3.00,1,1.00,1,2.00,1,4.00,1,0.00,,0.00,,0.00,,0.00,2.00,1,2.00,0.00,0.00,2.00,1,1.00,1.00,0.00,0.00,,1125,6,48.15,48.15,50.00,50.00,55.13,55.13,46.97,46.97,100.00,100.00
Ireland,IRL,20200325,3.00,1,1.00,1,2.00,1,4.00,1,0.00,,0.00,,0.00,,0.00,2.00,1,2.00,310714368.00,0.00,2.00,1,1.00,1.00,584993920.00,0.00,,1329,7,48.15,48.15,50.00,50.00,55.13,55.13,46.97,46.97,100.00,100.00
Ireland,IRL,20200326,3.00,1,1.00,1,2.00,1,4.00,1,0.00,,1.00,1,1.00,1,0.00,2.00,1,2.00,0.00,0.00,2.00,1,1.00,1.00,0.00,0.00,,1564,9,57.41,57.41,59.52,59.52,61.54,61.54,54.55,54.55,100.00,100.00
Ireland,IRL,20200327,3.00,1,3.00,1,2.00,1,4.00,1,2.00,1,1.00,1,1.00,1,0.00,2.00,1,2.00,0.00,0.00,2.00,1,1.00,1.00,0.00,0.00,,1819,19,75.93,75.93,80.95,80.95,74.36,74.36,69.70,69.70,100.00,100.00
Ireland,IRL,20200328,3.00,1,3.00,1,2.00,1,4.00,1,2.00,1,2.00,1,2.00,1,0.00,2.00,1,2.00,0.00,0.00,2.00,1,1.00,1.00,0.00,0.00,,2121,22,85.19,85.19,85.71,85.71,80.77,80.77,77.27,77.27,100.00,100.00
Ireland,IRL,20200329,3.00,1,3.00,1,2.00,1,4.00,1,2.00,1,2.00,1,2.00,1,0.00,2.00,1,2.00,0.00,0.00,2.00,1,1.00,1.00,585.00,0.00,,2415,36,85.19,85.19,85.71,85.71,80.77,80.77,77.27,77.27,100.00,100.00
Ireland,IRL,20200330,3.00,1,3.00,1,2.00,1,4.00,1,2.00,1,2.00,1,2.00,1,0.00,2.00,1,2.00,0.00,0.00,2.00,1,1.00,1.00,0.00,0.00,,2615,46,85.19,85.19,85.71,85.71,80.77,80.77,77.27,77.27,100.00,100.00
Ireland,IRL,20200331,3.00,1,3.00,1,2.00,1,4.00,1,2.00,1,2.00,1,2.00,1,0.00,2.00,1,2.00,0.00,0.00,2.00,1,1.00,1.00,0.00,0.00,,2910,54,85.19,85.19,85.71,85.71,80.77,80.77,77.27,77.27,100.00,100.00
Ireland,IRL,20200401,3.00,1,3.00,1,2.00,1,4.00,1,2.00,1,2.00,1,2.00,1,0.00,2.00,1,2.00,0.00,0.00,2.00,1,1.00,1.00,17496224.00,0.00,,3235,71,85.19,85.19,85.71,85.71,80.77,80.77,77.27,77.27,100.00,100.00
Ireland,IRL,20200402,3.00,1,3.00,1,2.00,1,4.00,1,2.00,1,2.00,1,2.00,1,0.00,2.00,1,2.00,0.00,0.00,2.00,1,1.00,1.00,0.00,0.00,,3447,85,85.19,85.19,85.71,85.71,80.77,80.77,77.27,77.27,100.00,100.00
Ireland,IRL,20200403,3.00,1,3.00,1,2.00,1,4.00,1,2.00,1,2.00,1,2.00,1,0.00,2.00,1,2.00,0.00,0.00,2.00,1,1.00,1.00,0.00,0.00,,3849,98,85.19,85.19,85.71,85.71,80.77,80.77,77.27,77.27,100.00,100.00
Ireland,IRL,20200404,3.00,1,3.00,1,2.00,1,4.00,1,2.00,1,2.00,1,2.00,1,0.00,2.00,1,2.00,0.00,0.00,2.00,1,1.00,1.00,0.00,0.00,,4273,120,85.19,85.19,85.71,85.71,80.77,80.77,77.27,77.27,100.00,100.00
Ireland,IRL,20200405,3.00,1,3.00,1,2.00,1,4.00,1,2.00,1,2.00,1,2.00,1,0.00,2.00,1,2.00,0.00,0.00,2.00,1,1.00,1.00,0.00,0.00,,4604,137,85.19,85.19,85.71,85.71,80.77,80.77,77.27,77.27,100.00,100.00
Ireland,IRL,20200406,3.00,1,3.00,1,2.00,1,4.00,1,2.00,1,2.00,1,2.00,1,2.00,2.00,1,2.00,0.00,0.00,2.00,1,1.00,1.00,0.00,0.00,,5111,158,90.74,90.74,92.86,92.86,84.62,84.62,81.82,81.82,100.00,100.00
Ireland,IRL,20200407,3.00,1,3.00,1,2.00,1,4.00,1,2.00,1,2.00,1,2.00,1,2.00,2.00,1,2.00,0.00,0.00,2.00,1,1.00,1.00,0.00,0.00,,5364,174,90.74,90.74,92.86,92.86,84.62,84.62,81.82,81.82,100.00,100.00
Ireland,IRL,20200408,3.00,1,3.00,1,2.00,1,4.00,1,2.00,1,2.00,1,2.00,1,2.00,2.00,1,2.00,0.00,0.00,2.00,1,1.00,1.00,0.00,0.00,,5709,210,90.74,90.74,92.86,92.86,84.62,84.62,81.82,81.82,100.00,100.00
Ireland,IRL,20200409,3.00,1,3.00,1,2.00,1,4.00,1,2.00,1,2.00,1,2.00,1,2.00,2.00,1,2.00,2742177.50,0.00,2.00,1,1.00,1.00,0.00,0.00,,6224,235,90.74,90.74,92.86,92.86,84.62,84.62,81.82,81.82,100.00,100.00
Ireland,IRL,20200410,3.00,1,3.00,1,2.00,1,4.00,1,2.00,1,2.00,1,2.00,1,2.00,2.00,1,2.00,0.00,0.00,2.00,1,1.00,1.00,0.00,0.00,,7393,263,90.74,90.74,92.86,92.86,84.62,84.62,81.82,81.82,100.00,100.00
Ireland,IRL,20200411,3.00,1,3.00,1,2.00,1,4.00,1,2.00,1,2.00,1,2.00,1,2.00,2.00,1,2.00,0.00,0.00,2.00,1,1.00,1.00,0.00,0.00,,8089,287,90.74,90.74,92.86,92.86,84.62,84.62,81.82,81.82,100.00,100.00
Ireland,IRL,20200412,3.00,1,3.00,1,2.00,1,4.00,1,2.00,1,2.00,1,2.00,1,2.00,2.00,1,2.00,0.00,0.00,2.00,1,1.00,1.00,0.00,0.00,,8928,320,90.74,90.74,92.86,92.86,84.62,84.62,81.82,81.82,100.00,100.00
Ireland,IRL,20200413,3.00,1,3.00,1,2.00,1,4.00,1,2.00,1,2.00,1,2.00,1,2.00,2.00,1,2.00,0.00,0.00,2.00,1,1.00,1.00,0.00,0.00,,9655,334,90.74,90.74,92.86,92.86,84.62,84.62,81.82,81.82,100.00,100.00
Ireland,IRL,20200414,3.00,1,3.00,1,2.00,1,4.00,1,2.00,1,2.00,1,2.00,1,2.00,2.00,1,2.00,0.00,0.00,2.00,1,1.00,1.00,0.00,0.00,,10647,365,90.74,90.74,92.86,92.86,84.62,84.62,81.82,81.82,100.00,100.00
Ireland,IRL,20200415,3.00,1,3.00,1,2.00,1,4.00,1,2.00,1,2.00,1,2.00,1,2.00,2.00,1,2.00,0.00,0.00,2.00,1,1.00,1.00,0.00,0.00,,11479,406,90.74,90.74,92.86,92.86,84.62,84.62,81.82,81.82,100.00,100.00
Ireland,IRL,20200416,3.00,1,3.00,1,2.00,1,4.00,1,2.00,1,2.00,1,2.00,1,2.00,2.00,1,2.00,0.00,12428000.00,2.00,1,1.00,1.00,0.00,0.00,,12547,444,90.74,90.74,92.86,92.86,84.62,84.62,81.82,81.82,100.00,100.00
Ireland,IRL,20200417,3.00,1,3.00,1,2.00,1,4.00,1,2.00,1,2.00,1,2.00,1,2.00,2.00,1,2.00,0.00,0.00,2.00,1,1.00,1.00,0.00,0.00,,13271,486,90.74,90.74,92.86,92.86,84.62,84.62,81.82,81.82,100.00,100.00
Ireland,IRL,20200418,3.00,1,3.00,1,2.00,1,4.00,1,2.00,1,2.00,1,2.00,1,2.00,2.00,1,2.00,0.00,0.00,2.00,1,1.00,1.00,0.00,0.00,,13980,530,90.74,90.74,92.86,92.86,84.62,84.62,81.82,81.82,100.00,100.00
Ireland,IRL,20200419,3.00,1,3.00,1,2.00,1,4.00,1,2.00,1,2.00,1,2.00,1,2.00,2.00,1,2.00,0.00,0.00,2.00,1,1.00,1.00,0.00,0.00,,14758,571,90.74,90.74,92.86,92.86,84.62,84.62,81.82,81.82,100.00,100.00
Ireland,IRL,20200420,3.00,1,3.00,1,2.00,1,4.00,1,2.00,1,2.00,1,2.00,1,2.00,2.00,1,2.00,0.00,0.00,2.00,1,1.00,1.00,0.00,0.00,,15251,610,90.74,90.74,92.86,92.86,84.62,84.62,81.82,81.82,100.00,100.00
Ireland,IRL,20200421,3.00,1,3.00,1,2.00,1,4.00,1,2.00,1,2.00,1,2.00,1,2.00,2.00,1,2.00,0.00,0.00,2.00,1,1.00,1.00,0.00,0.00,,15652,687,90.74,90.74,92.86,92.86,84.62,84.62,81.82,81.82,100.00,100.00
Ireland,IRL,20200422,3.00,1,3.00,1,2.00,1,4.00,1,2.00,1,2.00,1,2.00,1,2.00,2.00,1,2.00,0.00,0.00,2.00,1,1.00,1.00,0.00,0.00,,16040,730,90.74,90.74,92.86,92.86,84.62,84.62,81.82,81.82,100.00,100.00
Ireland,IRL,20200423,3.00,1,3.00,1,2.00,1,4.00,1,2.00,1,2.00,1,2.00,1,2.00,2.00,1,2.00,0.00,0.00,2.00,1,1.00,1.00,0.00,0.00,,16671,769,90.74,90.74,92.86,92.86,84.62,84.62,81.82,81.82,100.00,100.00
Ireland,IRL,20200424,3.00,1,3.00,1,2.00,1,4.00,1,2.00,1,2.00,1,2.00,1,2.00,2.00,1,2.00,0.00,0.00,2.00,1,1.00,1.00,0.00,0.00,,17607,794,90.74,90.74,92.86,92.86,84.62,84.62,81.82,81.82,100.00,100.00
Ireland,IRL,20200425,3.00,1,3.00,1,2.00,1,4.00,1,2.00,1,2.00,1,2.00,1,2.00,2.00,1,2.00,0.00,0.00,2.00,1,1.00,1.00,0.00,0.00,,18184,829,90.74,90.74,92.86,92.86,84.62,84.62,81.82,81.82,100.00,100.00
Ireland,IRL,20200426,3.00,1,3.00,1,2.00,1,4.00,1,2.00,1,2.00,1,2.00,1,2.00,2.00,1,2.00,0.00,0.00,2.00,1,1.00,1.00,0.00,0.00,,18561,1063,90.74,90.74,92.86,92.86,84.62,84.62,81.82,81.82,100.00,100.00
Ireland,IRL,20200427,3.00,1,3.00,1,2.00,1,4.00,1,2.00,1,2.00,1,2.00,1,2.00,2.00,1,2.00,0.00,0.00,2.00,1,1.00,1.00,0.00,0.00,,19262,1087,90.74,90.74,92.86,92.86,84.62,84.62,81.82,81.82,100.00,100.00
Ireland,IRL,20200428,3.00,1,3.00,1,2.00,1,4.00,1,2.00,1,2.00,1,2.00,1,2.00,2.00,1,2.00,0.00,0.00,2.00,1,1.00,1.00,0.00,0.00,,19648,1102,90.74,90.74,92.86,92.86,84.62,84.62,81.82,81.82,100.00,100.00
Ireland,IRL,20200429,3.00,1,3.00,1,2.00,1,4.00,1,2.00,1,2.00,1,2.00,1,2.00,2.00,1,2.00,0.00,0.00,2.00,1,1.00,1.00,0.00,0.00,,19877,1159,90.74,90.74,92.86,92.86,84.62,84.62,81.82,81.82,100.00,100.00
Ireland,IRL,20200430,3.00,1,3.00,1,2.00,1,4.00,1,2.00,1,2.00,1,2.00,1,2.00,2.00,1,2.00,0.00,0.00,2.00,1,1.00,1.00,0.00,0.00,,20253,1190,90.74,90.74,92.86,92.86,84.62,84.62,81.82,81.82,100.00,100.00
Ireland,IRL,20200501,3.00,1,3.00,1,2.00,1,4.00,1,2.00,1,2.00,1,2.00,1,2.00,2.00,1,2.00,0.00,0.00,2.00,1,1.00,1.00,0.00,0.00,,20612,1232,90.74,90.74,92.86,92.86,84.62,84.62,81.82,81.82,100.00,100.00
Ireland,IRL,20200502,3.00,1,3.00,1,2.00,1,4.00,1,2.00,1,2.00,1,2.00,1,2.00,2.00,1,2.00,6483000000.00,0.00,2.00,1,1.00,1.00,0.00,0.00,,20833,1265,90.74,90.74,92.86,92.86,84.62,84.62,81.82,81.82,100.00,100.00
Ireland,IRL,20200503,3.00,1,3.00,1,2.00,1,4.00,1,2.00,1,2.00,1,2.00,1,2.00,2.00,1,2.00,0.00,0.00,2.00,1,1.00,1.00,0.00,0.00,,21176,1265,90.74,90.74,92.86,92.86,84.62,84.62,81.82,81.82,100.00,100.00
Ireland,IRL,20200504,3.00,1,3.00,1,2.00,1,4.00,1,2.00,1,2.00,1,2.00,1,2.00,2.00,1,2.00,0.00,0.00,2.00,1,1.00,1.00,0.00,19633914.00,,21506,1303,90.74,90.74,92.86,92.86,84.62,84.62,81.82,81.82,100.00,100.00
Ireland,IRL,20200505,3.00,1,3.00,1,2.00,1,4.00,1,2.00,1,2.00,1,2.00,1,2.00,2.00,1,2.00,0.00,0.00,2.00,1,1.00,1.00,0.00,0.00,,21722,1319,90.74,90.74,92.86,92.86,84.62,84.62,81.82,81.82,100.00,100.00
Ireland,IRL,20200506,3.00,1,3.00,1,2.00,1,4.00,1,2.00,1,2.00,1,2.00,1,2.00,2.00,1,2.00,0.00,0.00,2.00,1,1.00,1.00,0.00,0.00,,21983,1339,90.74,90.74,92.86,92.86,84.62,84.62,81.82,81.82,100.00,100.00
Ireland,IRL,20200507,3.00,1,3.00,1,2.00,1,4.00,1,2.00,1,2.00,1,2.00,1,2.00,2.00,1,2.00,0.00,0.00,2.00,1,1.00,1.00,0.00,0.00,,22248,1375,90.74,90.74,92.86,92.86,84.62,84.62,81.82,81.82,100.00,100.00
Ireland,IRL,20200508,3.00,1,3.00,1,2.00,1,4.00,1,2.00,1,2.00,1,2.00,1,2.00,2.00,1,2.00,0.00,0.00,2.00,1,1.00,1.00,0.00,0.00,,22385,1403,90.74,90.74,92.86,92.86,84.62,84.62,81.82,81.82,100.00,100.00
Ireland,IRL,20200509,3.00,1,3.00,1,2.00,1,4.00,1,2.00,1,2.00,1,2.00,1,2.00,2.00,1,2.00,0.00,0.00,2.00,1,1.00,1.00,0.00,0.00,,22541,1429,90.74,90.74,92.86,92.86,84.62,84.62,81.82,81.82,100.00,100.00
Ireland,IRL,20200510,3.00,1,3.00,1,2.00,1,4.00,1,2.00,1,2.00,1,2.00,1,2.00,2.00,1,2.00,0.00,0.00,2.00,1,1.00,1.00,0.00,0.00,,22760,1446,90.74,90.74,92.86,92.86,84.62,84.62,81.82,81.82,100.00,100.00
Ireland,IRL,20200511,3.00,1,3.00,1,2.00,1,4.00,1,2.00,1,2.00,1,2.00,1,2.00,2.00,1,2.00,0.00,0.00,2.00,1,1.00,1.00,0.00,0.00,,22996,1458,90.74,90.74,92.86,92.86,84.62,84.62,81.82,81.82,100.00,100.00
Ireland,IRL,20200512,3.00,1,3.00,1,2.00,1,4.00,1,2.00,1,2.00,1,2.00,1,2.00,2.00,1,2.00,0.00,0.00,2.00,1,1.00,1.00,0.00,0.00,,23135,1467,90.74,90.74,92.86,92.86,84.62,84.62,81.82,81.82,100.00,100.00
Ireland,IRL,20200513,3.00,1,3.00,1,2.00,1,4.00,1,2.00,1,2.00,1,2.00,1,2.00,2.00,1,2.00,0.00,0.00,2.00,1,1.00,1.00,0.00,0.00,,23242,1488,90.74,90.74,92.86,92.86,84.62,84.62,81.82,81.82,100.00,100.00
Ireland,IRL,20200514,3.00,1,3.00,1,2.00,1,4.00,1,2.00,1,2.00,1,2.00,1,2.00,2.00,1,2.00,0.00,0.00,2.00,1,1.00,1.00,0.00,0.00,,23401,1497,90.74,90.74,92.86,92.86,84.62,84.62,81.82,81.82,100.00,100.00
Ireland,IRL,20200515,3.00,1,3.00,1,2.00,1,4.00,1,2.00,1,2.00,1,2.00,1,2.00,2.00,1,2.00,0.00,0.00,2.00,1,1.00,1.00,0.00,0.00,,23827,1506,90.74,90.74,92.86,92.86,84.62,84.62,81.82,81.82,100.00,100.00
Ireland,IRL,20200516,3.00,1,3.00,1,2.00,1,4.00,1,2.00,1,2.00,1,2.00,1,2.00,2.00,1,2.00,0.00,0.00,2.00,1,1.00,1.00,0.00,0.00,,23956,1518,90.74,90.74,92.86,92.86,84.62,84.62,81.82,81.82,100.00,100.00
Ireland,IRL,20200517,3.00,1,3.00,1,2.00,1,4.00,1,2.00,1,2.00,1,2.00,1,2.00,2.00,1,2.00,0.00,0.00,2.00,1,1.00,1.00,0.00,0.00,,24048,1533,90.74,90.74,92.86,92.86,84.62,84.62,81.82,81.82,100.00,100.00
Ireland,IRL,20200518,3.00,1,2.00,1,2.00,1,4.00,1,2.00,1,1.00,1,2.00,1,2.00,2.00,1,2.00,0.00,0.00,2.00,1,2.00,1.00,0.00,0.00,,24112,1543,83.33,83.33,89.29,89.29,82.05,82.05,78.79,78.79,100.00,100.00
Ireland,IRL,20200519,3.00,1,2.00,1,2.00,1,4.00,1,2.00,1,1.00,1,2.00,1,2.00,2.00,1,2.00,0.00,0.00,2.00,1,2.00,1.00,0.00,0.00,,24200,1547,83.33,83.33,89.29,89.29,82.05,82.05,78.79,78.79,100.00,100.00
Ireland,IRL,20200520,3.00,1,2.00,1,2.00,1,4.00,1,2.00,1,1.00,1,2.00,1,2.00,2.00,1,2.00,0.00,0.00,2.00,1,2.00,1.00,0.00,0.00,,24251,1561,83.33,83.33,89.29,89.29,82.05,82.05,78.79,78.79,100.00,100.00
Ireland,IRL,20200521,3.00,1,2.00,1,2.00,1,4.00,1,2.00,1,1.00,1,2.00,1,2.00,2.00,1,2.00,0.00,0.00,2.00,1,2.00,1.00,0.00,0.00,,24315,1571,83.33,83.33,89.29,89.29,82.05,82.05,78.79,78.79,100.00,100.00
Ireland,IRL,20200522,3.00,1,2.00,1,2.00,1,4.00,1,2.00,1,1.00,1,2.00,1,2.00,2.00,1,2.00,0.00,0.00,2.00,1,2.00,1.00,0.00,0.00,,24391,1583,83.33,83.33,89.29,89.29,82.05,82.05,78.79,78.79,100.00,100.00
Ireland,IRL,20200523,3.00,1,2.00,1,2.00,1,4.00,1,2.00,1,1.00,1,2.00,1,2.00,2.00,1,2.00,0.00,0.00,2.00,1,2.00,1.00,0.00,0.00,,24506,1592,83.33,83.33,89.29,89.29,82.05,82.05,78.79,78.79,100.00,100.00
Ireland,IRL,20200524,3.00,1,2.00,1,2.00,1,4.00,1,2.00,1,1.00,1,2.00,1,2.00,2.00,1,2.00,0.00,0.00,2.00,1,2.00,1.00,0.00,0.00,,24582,1604,83.33,83.33,89.29,89.29,82.05,82.05,78.79,78.79,100.00,100.00
Ireland,IRL,20200525,3.00,1,2.00,1,2.00,1,4.00,1,2.00,1,1.00,1,2.00,1,2.00,2.00,1,2.00,0.00,0.00,2.00,1,2.00,1.00,0.00,0.00,,24639,1606,83.33,83.33,89.29,89.29,82.05,82.05,78.79,78.79,100.00,100.00
Ireland,IRL,20200526,3.00,1,2.00,1,2.00,1,4.00,1,2.00,1,1.00,1,2.00,1,2.00,2.00,1,2.00,0.00,0.00,2.00,1,2.00,1.00,0.00,0.00,,24698,1606,83.33,83.33,89.29,89.29,82.05,82.05,78.79,78.79,100.00,100.00
Ireland,IRL,20200527,3.00,1,2.00,1,2.00,1,4.00,1,2.00,1,1.00,1,2.00,1,2.00,2.00,1,2.00,0.00,0.00,2.00,1,2.00,1.00,0.00,0.00,,24735,1615,83.33,83.33,89.29,89.29,82.05,82.05,78.79,78.79,100.00,100.00
Ireland,IRL,20200528,3.00,1,2.00,1,2.00,1,4.00,1,2.00,1,1.00,1,2.00,1,2.00,2.00,1,2.00,0.00,0.00,2.00,1,2.00,1.00,0.00,0.00,,24803,1631,83.33,83.33,89.29,89.29,82.05,82.05,78.79,78.79,100.00,100.00
Ireland,IRL,20200529,3.00,1,2.00,1,2.00,1,4.00,1,2.00,1,1.00,1,2.00,1,2.00,2.00,1,2.00,34000000.00,0.00,2.00,1,2.00,1.00,0.00,0.00,,24841,1639,83.33,83.33,89.29,89.29,82.05,82.05,78.79,78.79,100.00,100.00
Ireland,IRL,20200530,3.00,1,2.00,1,2.00,1,4.00,1,2.00,1,1.00,1,2.00,1,2.00,2.00,1,2.00,0.00,0.00,2.00,1,2.00,1.00,0.00,0.00,,24876,1645,83.33,83.33,89.29,89.29,82.05,82.05,78.79,78.79,100.00,100.00
Ireland,IRL,20200531,3.00,1,2.00,1,2.00,1,4.00,1,2.00,1,1.00,1,2.00,1,2.00,2.00,1,2.00,0.00,0.00,2.00,1,2.00,1.00,0.00,0.00,,24929,1650,83.33,83.33,89.29,89.29,82.05,82.05,78.79,78.79,100.00,100.00
Ireland,IRL,20200601,3.00,1,2.00,1,2.00,1,4.00,1,2.00,1,1.00,1,2.00,1,2.00,2.00,1,2.00,0.00,0.00,2.00,1,2.00,1.00,0.00,0.00,,24990,1650,83.33,83.33,89.29,89.29,82.05,82.05,78.79,78.79,100.00,100.00
Ireland,IRL,20200602,3.00,1,2.00,1,2.00,1,4.00,1,2.00,1,1.00,1,2.00,1,2.00,2.00,1,2.00,0.00,0.00,2.00,1,2.00,1.00,0.00,0.00,,25062,1650,83.33,83.33,89.29,89.29,82.05,82.05,78.79,78.79,100.00,100.00
Ireland,IRL,20200603,3.00,1,2.00,1,2.00,1,4.00,1,2.00,1,1.00,1,2.00,1,2.00,2.00,1,2.00,0.00,0.00,2.00,1,2.00,1.00,0.00,0.00,,25066,1658,83.33,83.33,89.29,89.29,82.05,82.05,78.79,78.79,100.00,100.00
Ireland,IRL,20200604,3.00,1,2.00,1,2.00,1,4.00,1,2.00,1,1.00,1,2.00,1,2.00,2.00,1,2.00,0.00,0.00,2.00,1,2.00,1.00,0.00,0.00,,25111,1659,83.33,83.33,89.29,89.29,82.05,82.05,78.79,78.79,100.00,100.00
Ireland,IRL,20200605,3.00,1,2.00,1,2.00,1,4.00,1,0.00,,1.00,1,2.00,1,2.00,2.00,1,2.00,0.00,0.00,2.00,1,1.00,2.00,0.00,0.00,,25142,1664,72.22,72.22,75.00,75.00,75.64,75.64,71.21,71.21,100.00,100.00
Ireland,IRL,20200606,3.00,1,2.00,1,2.00,1,4.00,1,0.00,,1.00,1,2.00,1,2.00,2.00,1,2.00,0.00,0.00,2.00,1,1.00,2.00,0.00,0.00,,25163,1670,72.22,72.22,75.00,75.00,75.64,75.64,71.21,71.21,100.00,100.00
Ireland,IRL,20200607,3.00,1,2.00,1,2.00,1,4.00,1,0.00,,1.00,1,2.00,1,2.00,2.00,1,2.00,0.00,0.00,2.00,1,1.00,2.00,0.00,0.00,,25183,1670,72.22,72.22,75.00,75.00,75.64,75.64,71.21,71.21,100.00,100.00
Ireland,IRL,20200608,3.00,1,2.00,1,2.00,1,4.00,1,0.00,,1.00,1,2.00,1,2.00,2.00,1,2.00,0.00,0.00,2.00,1,1.00,2.00,0.00,0.00,,25201,1679,72.22,72.22,75.00,75.00,75.64,75.64,71.21,71.21,100.00,100.00
Ireland,IRL,20200609,3.00,1,2.00,1,2.00,1,4.00,1,0.00,,1.00,1,2.00,1,2.00,2.00,1,2.00,35480000.00,0.00,2.00,1,1.00,2.00,0.00,0.00,,25207,1683,72.22,72.22,75.00,75.00,75.64,75.64,71.21,71.21,100.00,100.00
Ireland,IRL,20200610,3.00,1,2.00,1,2.00,1,4.00,1,0.00,,1.00,1,2.00,1,2.00,2.00,1,2.00,85100000.00,0.00,2.00,1,1.00,2.00,0.00,0.00,,25215,1691,72.22,72.22,75.00,75.00,75.64,75.64,71.21,71.21,100.00,100.00
Ireland,IRL,20200611,3.00,1,2.00,1,2.00,1,4.00,1,0.00,,1.00,1,2.00,1,2.00,2.00,1,2.00,0.00,0.00,2.00,1,1.00,2.00,0.00,0.00,,25231,1695,72.22,72.22,75.00,75.00,75.64,75.64,71.21,71.21,100.00,100.00
Ireland,IRL,20200612,3.00,1,2.00,1,2.00,1,4.00,1,0.00,,1.00,1,2.00,1,2.00,2.00,1,2.00,0.00,0.00,2.00,1,1.00,2.00,0.00,0.00,,25238,1703,72.22,72.22,75.00,75.00,75.64,75.64,71.21,71.21,100.00,100.00
Ireland,IRL,20200613,3.00,1,2.00,1,2.00,1,4.00,1,0.00,,1.00,1,2.00,1,2.00,2.00,1,2.00,0.00,0.00,2.00,1,1.00,2.00,0.00,0.00,,25250,1705,72.22,72.22,75.00,75.00,75.64,75.64,71.21,71.21,100.00,100.00
Ireland,IRL,20200614,3.00,1,2.00,1,2.00,1,4.00,1,0.00,,1.00,1,2.00,1,2.00,2.00,1,2.00,0.00,0.00,2.00,1,1.00,2.00,0.00,0.00,,25295,1705,72.22,72.22,75.00,75.00,75.64,75.64,71.21,71.21,100.00,100.00
Ireland,IRL,20200615,3.00,1,2.00,1,2.00,1,4.00,1,0.00,,1.00,1,2.00,1,2.00,2.00,1,2.00,0.00,0.00,2.00,1,1.00,2.00,0.00,0.00,,25303,1706,72.22,72.22,75.00,75.00,75.64,75.64,71.21,71.21,100.00,100.00
Ireland,IRL,20200616,,,,,,,,,,,,,,,,,,,,,,,,,,,,25321,1706,,,,,,,,,,
Ireland,IRL,20200617,,,,,,,,,,,,,,,,,,,,,,,,,,,,25334,1709,,72.22,,75.00,,75.64,,71.21,,100.00
Ireland,IRL,20200618,,,,,,,,,,,,,,,,,,,,,,,,,,,,25341,1710,,72.22,,75.00,,75.64,,71.21,,100.00
Ireland,IRL,20200619,,,,,,,,,,,,,,,,,,,,,,,,,,,,25355,1714,,72.22,,75.00,,75.64,,71.21,,100.00
Ireland,IRL,20200620,,,,,,,,,,,,,,,,,,,,,,,,,,,,25368,1714,,72.22,,75.00,,75.64,,71.21,,100.00
Ireland,IRL,20200621,,,,,,,,,,,,,,,,,,,,,,,,,,,,25374,1715,,72.22,,75.00,,75.64,,71.21,,100.00
Ireland,IRL,20200622,,,,,,,,,,,,,,,,,,,,,,,,,,,,25379,1715,,72.22,,75.00,,75.64,,71.21,,100.00
Ireland,IRL,20200623,,,,,,,,,,,,,,,,,,,,,,,,,,,,25383,1717,,72.22,,75.00,,75.64,,71.21,,100.00
