Israel,ISR,20200101,0.00,,0.00,,0.00,,0.00,,0.00,,0.00,,0.00,,0.00,0.00,,0.00,0.00,0.00,0.00,,0.00,0.00,0.00,0.00,,0,0,0.00,0.00,0.00,0.00,0.00,0.00,0.00,0.00,0.00,0.00
Israel,ISR,20200102,0.00,,0.00,,0.00,,0.00,,0.00,,0.00,,0.00,,0.00,0.00,,0.00,0.00,0.00,0.00,,0.00,0.00,0.00,0.00,,0,0,0.00,0.00,0.00,0.00,0.00,0.00,0.00,0.00,0.00,0.00
Israel,ISR,20200103,0.00,,0.00,,0.00,,0.00,,0.00,,0.00,,0.00,,0.00,0.00,,0.00,0.00,0.00,0.00,,0.00,0.00,0.00,0.00,,0,0,0.00,0.00,0.00,0.00,0.00,0.00,0.00,0.00,0.00,0.00
Israel,ISR,20200104,0.00,,0.00,,0.00,,0.00,,0.00,,0.00,,0.00,,0.00,0.00,,0.00,0.00,0.00,0.00,,0.00,0.00,0.00,0.00,,0,0,0.00,0.00,0.00,0.00,0.00,0.00,0.00,0.00,0.00,0.00
Israel,ISR,20200105,0.00,,0.00,,0.00,,0.00,,0.00,,0.00,,0.00,,0.00,0.00,,0.00,0.00,0.00,0.00,,0.00,0.00,0.00,0.00,,0,0,0.00,0.00,0.00,0.00,0.00,0.00,0.00,0.00,0.00,0.00
Israel,ISR,20200106,0.00,,0.00,,0.00,,0.00,,0.00,,0.00,,0.00,,0.00,0.00,,0.00,0.00,0.00,0.00,,0.00,0.00,0.00,0.00,,0,0,0.00,0.00,0.00,0.00,0.00,0.00,0.00,0.00,0.00,0.00
Israel,ISR,20200107,0.00,,0.00,,0.00,,0.00,,0.00,,0.00,,0.00,,0.00,0.00,,0.00,0.00,0.00,0.00,,0.00,0.00,0.00,0.00,,0,0,0.00,0.00,0.00,0.00,0.00,0.00,0.00,0.00,0.00,0.00
Israel,ISR,20200108,0.00,,0.00,,0.00,,0.00,,0.00,,0.00,,0.00,,0.00,0.00,,0.00,0.00,0.00,0.00,,0.00,0.00,0.00,0.00,,0,0,0.00,0.00,0.00,0.00,0.00,0.00,0.00,0.00,0.00,0.00
Israel,ISR,20200109,0.00,,0.00,,0.00,,0.00,,0.00,,0.00,,0.00,,0.00,0.00,,0.00,0.00,0.00,0.00,,0.00,0.00,0.00,0.00,,0,0,0.00,0.00,0.00,0.00,0.00,0.00,0.00,0.00,0.00,0.00
Israel,ISR,20200110,0.00,,0.00,,0.00,,0.00,,0.00,,0.00,,0.00,,0.00,0.00,,0.00,0.00,0.00,0.00,,0.00,0.00,0.00,0.00,,0,0,0.00,0.00,0.00,0.00,0.00,0.00,0.00,0.00,0.00,0.00
Israel,ISR,20200111,0.00,,0.00,,0.00,,0.00,,0.00,,0.00,,0.00,,0.00,0.00,,0.00,0.00,0.00,0.00,,0.00,0.00,0.00,0.00,,0,0,0.00,0.00,0.00,0.00,0.00,0.00,0.00,0.00,0.00,0.00
Israel,ISR,20200112,0.00,,0.00,,0.00,,0.00,,0.00,,0.00,,0.00,,0.00,0.00,,0.00,0.00,0.00,0.00,,0.00,0.00,0.00,0.00,,0,0,0.00,0.00,0.00,0.00,0.00,0.00,0.00,0.00,0.00,0.00
Israel,ISR,20200113,0.00,,0.00,,0.00,,0.00,,0.00,,0.00,,0.00,,0.00,0.00,,0.00,0.00,0.00,0.00,,0.00,0.00,0.00,0.00,,0,0,0.00,0.00,0.00,0.00,0.00,0.00,0.00,0.00,0.00,0.00
Israel,ISR,20200114,0.00,,0.00,,0.00,,0.00,,0.00,,0.00,,0.00,,0.00,0.00,,0.00,0.00,0.00,0.00,,0.00,0.00,0.00,0.00,,0,0,0.00,0.00,0.00,0.00,0.00,0.00,0.00,0.00,0.00,0.00
Israel,ISR,20200115,0.00,,0.00,,0.00,,0.00,,0.00,,0.00,,0.00,,0.00,0.00,,0.00,0.00,0.00,0.00,,0.00,0.00,0.00,0.00,,0,0,0.00,0.00,0.00,0.00,0.00,0.00,0.00,0.00,0.00,0.00
Israel,ISR,20200116,0.00,,0.00,,0.00,,0.00,,0.00,,0.00,,0.00,,0.00,0.00,,0.00,0.00,0.00,0.00,,0.00,0.00,0.00,0.00,,0,0,0.00,0.00,0.00,0.00,0.00,0.00,0.00,0.00,0.00,0.00
Israel,ISR,20200117,0.00,,0.00,,0.00,,0.00,,0.00,,0.00,,0.00,,0.00,0.00,,0.00,0.00,0.00,0.00,,0.00,0.00,0.00,0.00,,0,0,0.00,0.00,0.00,0.00,0.00,0.00,0.00,0.00,0.00,0.00
Israel,ISR,20200118,0.00,,0.00,,0.00,,0.00,,0.00,,0.00,,0.00,,0.00,0.00,,0.00,0.00,0.00,0.00,,0.00,0.00,0.00,0.00,,0,0,0.00,0.00,0.00,0.00,0.00,0.00,0.00,0.00,0.00,0.00
Israel,ISR,20200119,0.00,,0.00,,0.00,,0.00,,0.00,,0.00,,0.00,,0.00,0.00,,0.00,0.00,0.00,0.00,,0.00,0.00,0.00,0.00,,0,0,0.00,0.00,0.00,0.00,0.00,0.00,0.00,0.00,0.00,0.00
Israel,ISR,20200120,0.00,,0.00,,0.00,,0.00,,0.00,,0.00,,0.00,,0.00,0.00,,0.00,0.00,0.00,0.00,,0.00,0.00,0.00,0.00,,0,0,0.00,0.00,0.00,0.00,0.00,0.00,0.00,0.00,0.00,0.00
Israel,ISR,20200121,0.00,,0.00,,0.00,,0.00,,0.00,,0.00,,0.00,,0.00,0.00,,0.00,0.00,0.00,0.00,,0.00,0.00,0.00,0.00,,0,0,0.00,0.00,0.00,0.00,0.00,0.00,0.00,0.00,0.00,0.00
Israel,ISR,20200122,0.00,,0.00,,0.00,,0.00,,0.00,,0.00,,0.00,,0.00,0.00,,0.00,0.00,0.00,0.00,,0.00,0.00,0.00,0.00,,0,0,0.00,0.00,0.00,0.00,0.00,0.00,0.00,0.00,0.00,0.00
Israel,ISR,20200123,0.00,,0.00,,0.00,,0.00,,0.00,,0.00,,0.00,,0.00,0.00,,0.00,0.00,0.00,0.00,,1.00,0.00,0.00,0.00,,0,0,0.00,0.00,0.00,0.00,2.56,2.56,3.03,3.03,0.00,0.00
Israel,ISR,20200124,0.00,,0.00,,0.00,,0.00,,0.00,,0.00,,0.00,,0.00,0.00,,0.00,0.00,0.00,0.00,,1.00,0.00,0.00,0.00,,0,0,0.00,0.00,0.00,0.00,2.56,2.56,3.03,3.03,0.00,0.00
Israel,ISR,20200125,0.00,,0.00,,0.00,,0.00,,0.00,,0.00,,0.00,,0.00,0.00,,0.00,0.00,0.00,0.00,,1.00,0.00,0.00,0.00,,0,0,0.00,0.00,0.00,0.00,2.56,2.56,3.03,3.03,0.00,0.00
Israel,ISR,20200126,0.00,,0.00,,0.00,,0.00,,0.00,,0.00,,0.00,,0.00,0.00,,0.00,0.00,0.00,0.00,,1.00,0.00,0.00,0.00,,0,0,0.00,0.00,0.00,0.00,2.56,2.56,3.03,3.03,0.00,0.00
Israel,ISR,20200127,0.00,,0.00,,0.00,,0.00,,0.00,,0.00,,0.00,,0.00,0.00,,0.00,0.00,0.00,1.00,0,1.00,0.00,0.00,0.00,,0,0,2.78,2.78,4.76,4.76,4.49,4.49,5.30,5.30,0.00,0.00
Israel,ISR,20200128,0.00,,0.00,,0.00,,0.00,,0.00,,0.00,,0.00,,0.00,0.00,,0.00,0.00,0.00,1.00,0,1.00,0.00,0.00,0.00,,0,0,2.78,2.78,4.76,4.76,4.49,4.49,5.30,5.30,0.00,0.00
Israel,ISR,20200129,0.00,,0.00,,0.00,,0.00,,0.00,,0.00,,0.00,,0.00,0.00,,0.00,0.00,0.00,1.00,0,1.00,0.00,0.00,0.00,,0,0,2.78,2.78,4.76,4.76,4.49,4.49,5.30,5.30,0.00,0.00
Israel,ISR,20200130,0.00,,0.00,,0.00,,0.00,,0.00,,0.00,,0.00,,0.00,0.00,,0.00,0.00,0.00,1.00,0,1.00,0.00,0.00,0.00,,0,0,2.78,2.78,4.76,4.76,4.49,4.49,5.30,5.30,0.00,0.00
Israel,ISR,20200131,0.00,,0.00,,0.00,,0.00,,0.00,,0.00,,0.00,,0.00,0.00,,0.00,0.00,0.00,1.00,0,1.00,0.00,0.00,0.00,,0,0,2.78,2.78,4.76,4.76,4.49,4.49,5.30,5.30,0.00,0.00
Israel,ISR,20200201,0.00,,0.00,,0.00,,0.00,,0.00,,0.00,,0.00,,0.00,0.00,,0.00,0.00,0.00,1.00,0,1.00,0.00,0.00,0.00,,0,0,2.78,2.78,4.76,4.76,4.49,4.49,5.30,5.30,0.00,0.00
Israel,ISR,20200202,0.00,,0.00,,0.00,,0.00,,0.00,,0.00,,0.00,,3.00,0.00,,0.00,0.00,0.00,1.00,1,1.00,0.00,0.00,1.00,,0,0,13.89,13.89,20.24,20.24,12.18,12.18,14.39,14.39,0.00,0.00
Israel,ISR,20200203,0.00,,0.00,,0.00,,0.00,,0.00,,0.00,,0.00,,3.00,0.00,,0.00,0.00,0.00,1.00,1,1.00,0.00,0.00,1.00,,0,0,13.89,13.89,20.24,20.24,12.18,12.18,14.39,14.39,0.00,0.00
Israel,ISR,20200204,0.00,,0.00,,0.00,,0.00,,0.00,,0.00,,0.00,,3.00,0.00,,0.00,0.00,0.00,1.00,1,1.00,0.00,0.00,1.00,,0,0,13.89,13.89,20.24,20.24,12.18,12.18,14.39,14.39,0.00,0.00
Israel,ISR,20200205,0.00,,0.00,,0.00,,0.00,,0.00,,0.00,,0.00,,3.00,0.00,,0.00,0.00,0.00,1.00,1,1.00,0.00,0.00,1.00,,0,0,13.89,13.89,20.24,20.24,12.18,12.18,14.39,14.39,0.00,0.00
Israel,ISR,20200206,0.00,,0.00,,0.00,,0.00,,0.00,,0.00,,0.00,,3.00,0.00,,0.00,0.00,0.00,1.00,1,1.00,0.00,0.00,1.00,,0,0,13.89,13.89,20.24,20.24,12.18,12.18,14.39,14.39,0.00,0.00
Israel,ISR,20200207,0.00,,0.00,,0.00,,0.00,,0.00,,0.00,,0.00,,3.00,0.00,,0.00,0.00,0.00,1.00,1,1.00,0.00,0.00,1.00,,0,0,13.89,13.89,20.24,20.24,12.18,12.18,14.39,14.39,0.00,0.00
Israel,ISR,20200208,0.00,,0.00,,0.00,,0.00,,0.00,,0.00,,0.00,,3.00,0.00,,0.00,0.00,0.00,1.00,1,1.00,0.00,0.00,1.00,,0,0,13.89,13.89,20.24,20.24,12.18,12.18,14.39,14.39,0.00,0.00
Israel,ISR,20200209,0.00,,0.00,,0.00,,0.00,,0.00,,0.00,,0.00,,3.00,0.00,,0.00,0.00,0.00,2.00,1,1.00,0.00,0.00,1.00,,0,0,19.44,19.44,25.00,25.00,16.03,16.03,18.94,18.94,0.00,0.00
Israel,ISR,20200210,0.00,,0.00,,0.00,,0.00,,0.00,,0.00,,0.00,,3.00,0.00,,0.00,0.00,0.00,2.00,1,1.00,0.00,0.00,1.00,,0,0,19.44,19.44,25.00,25.00,16.03,16.03,18.94,18.94,0.00,0.00
Israel,ISR,20200211,0.00,,0.00,,0.00,,0.00,,0.00,,0.00,,0.00,,3.00,0.00,,0.00,0.00,0.00,2.00,1,1.00,0.00,0.00,1.00,,0,0,19.44,19.44,25.00,25.00,16.03,16.03,18.94,18.94,0.00,0.00
Israel,ISR,20200212,0.00,,0.00,,0.00,,0.00,,0.00,,0.00,,0.00,,3.00,0.00,,0.00,0.00,0.00,2.00,1,1.00,0.00,0.00,1.00,,0,0,19.44,19.44,25.00,25.00,16.03,16.03,18.94,18.94,0.00,0.00
Israel,ISR,20200213,0.00,,0.00,,0.00,,0.00,,0.00,,0.00,,0.00,,3.00,0.00,,0.00,0.00,0.00,2.00,1,1.00,0.00,0.00,1.00,,0,0,19.44,19.44,25.00,25.00,16.03,16.03,18.94,18.94,0.00,0.00
Israel,ISR,20200214,0.00,,0.00,,0.00,,0.00,,0.00,,0.00,,0.00,,3.00,0.00,,0.00,0.00,0.00,2.00,1,1.00,0.00,0.00,1.00,,0,0,19.44,19.44,25.00,25.00,16.03,16.03,18.94,18.94,0.00,0.00
Israel,ISR,20200215,0.00,,0.00,,0.00,,0.00,,0.00,,0.00,,0.00,,3.00,0.00,,0.00,0.00,0.00,2.00,1,1.00,0.00,0.00,1.00,,0,0,19.44,19.44,25.00,25.00,16.03,16.03,18.94,18.94,0.00,0.00
Israel,ISR,20200216,0.00,,0.00,,0.00,,0.00,,0.00,,0.00,,0.00,,3.00,0.00,,0.00,0.00,0.00,2.00,1,1.00,0.00,0.00,1.00,,0,0,19.44,19.44,25.00,25.00,16.03,16.03,18.94,18.94,0.00,0.00
Israel,ISR,20200217,0.00,,0.00,,0.00,,0.00,,0.00,,0.00,,0.00,,3.00,0.00,,0.00,0.00,0.00,2.00,1,1.00,0.00,0.00,1.00,,0,0,19.44,19.44,25.00,25.00,16.03,16.03,18.94,18.94,0.00,0.00
Israel,ISR,20200218,0.00,,0.00,,0.00,,0.00,,0.00,,0.00,,0.00,,3.00,0.00,,0.00,0.00,0.00,2.00,1,1.00,0.00,0.00,1.00,,0,0,19.44,19.44,25.00,25.00,16.03,16.03,18.94,18.94,0.00,0.00
Israel,ISR,20200219,0.00,,0.00,,0.00,,0.00,,0.00,,0.00,,0.00,,3.00,0.00,,0.00,0.00,0.00,2.00,1,1.00,0.00,0.00,1.00,,0,0,19.44,19.44,25.00,25.00,16.03,16.03,18.94,18.94,0.00,0.00
Israel,ISR,20200220,0.00,,0.00,,0.00,,0.00,,0.00,,0.00,,0.00,,3.00,0.00,,0.00,0.00,0.00,2.00,1,1.00,0.00,0.00,1.00,,0,0,19.44,19.44,25.00,25.00,16.03,16.03,18.94,18.94,0.00,0.00
Israel,ISR,20200221,0.00,,0.00,,0.00,,0.00,,0.00,,0.00,,0.00,,3.00,0.00,,0.00,0.00,0.00,2.00,1,1.00,0.00,0.00,1.00,,0,0,19.44,19.44,25.00,25.00,16.03,16.03,18.94,18.94,0.00,0.00
Israel,ISR,20200222,0.00,,0.00,,0.00,,0.00,,0.00,,0.00,,0.00,,3.00,0.00,,0.00,0.00,0.00,2.00,1,1.00,0.00,0.00,1.00,,1,0,19.44,19.44,25.00,25.00,16.03,16.03,18.94,18.94,0.00,0.00
Israel,ISR,20200223,0.00,,0.00,,0.00,,0.00,,0.00,,0.00,,0.00,,3.00,0.00,,0.00,0.00,0.00,2.00,1,1.00,0.00,0.00,1.00,,1,0,19.44,19.44,25.00,25.00,16.03,16.03,18.94,18.94,0.00,0.00
Israel,ISR,20200224,0.00,,0.00,,0.00,,0.00,,0.00,,0.00,,0.00,,3.00,0.00,,0.00,0.00,0.00,2.00,1,1.00,0.00,0.00,1.00,,2,0,19.44,19.44,25.00,25.00,16.03,16.03,18.94,18.94,0.00,0.00
Israel,ISR,20200225,0.00,,0.00,,0.00,,0.00,,0.00,,0.00,,0.00,,3.00,0.00,,0.00,0.00,0.00,2.00,1,1.00,0.00,0.00,1.00,,2,0,19.44,19.44,25.00,25.00,16.03,16.03,18.94,18.94,0.00,0.00
Israel,ISR,20200226,0.00,,0.00,,0.00,,0.00,,0.00,,0.00,,0.00,,3.00,0.00,,0.00,0.00,0.00,2.00,1,1.00,0.00,0.00,1.00,,2,0,19.44,19.44,25.00,25.00,16.03,16.03,18.94,18.94,0.00,0.00
Israel,ISR,20200227,0.00,,0.00,,0.00,,0.00,,0.00,,0.00,,0.00,,3.00,0.00,,0.00,0.00,0.00,2.00,1,1.00,0.00,0.00,1.00,,2,0,19.44,19.44,25.00,25.00,16.03,16.03,18.94,18.94,0.00,0.00
Israel,ISR,20200228,0.00,,0.00,,0.00,,0.00,,0.00,,0.00,,0.00,,3.00,0.00,,0.00,0.00,0.00,2.00,1,1.00,0.00,0.00,1.00,,3,0,19.44,19.44,25.00,25.00,16.03,16.03,18.94,18.94,0.00,0.00
Israel,ISR,20200229,0.00,,0.00,,0.00,,0.00,,0.00,,0.00,,0.00,,3.00,0.00,,0.00,0.00,0.00,2.00,1,1.00,0.00,0.00,1.00,,7,0,19.44,19.44,25.00,25.00,16.03,16.03,18.94,18.94,0.00,0.00
Israel,ISR,20200301,0.00,,0.00,,0.00,,0.00,,0.00,,0.00,,0.00,,3.00,0.00,,0.00,0.00,0.00,2.00,1,1.00,0.00,0.00,1.00,,7,0,19.44,19.44,25.00,25.00,16.03,16.03,18.94,18.94,0.00,0.00
Israel,ISR,20200302,0.00,,0.00,,0.00,,0.00,,0.00,,0.00,,0.00,,3.00,0.00,,0.00,0.00,0.00,2.00,1,1.00,0.00,0.00,1.00,,10,0,19.44,19.44,25.00,25.00,16.03,16.03,18.94,18.94,0.00,0.00
Israel,ISR,20200303,0.00,,0.00,,0.00,,0.00,,0.00,,0.00,,0.00,,3.00,0.00,,0.00,0.00,0.00,2.00,1,1.00,0.00,0.00,1.00,,,,19.44,19.44,25.00,25.00,16.03,16.03,18.94,18.94,0.00,0.00
Israel,ISR,20200304,0.00,,0.00,,2.00,1,1.00,1,0.00,,0.00,,0.00,,3.00,0.00,,0.00,0.00,0.00,2.00,1,1.00,0.00,0.00,1.00,,,,33.33,33.33,39.29,39.29,25.64,25.64,30.30,30.30,0.00,0.00
Israel,ISR,20200305,0.00,,0.00,,2.00,1,1.00,1,0.00,,0.00,,0.00,,3.00,0.00,,0.00,0.00,0.00,2.00,1,1.00,0.00,0.00,1.00,,15,0,33.33,33.33,39.29,39.29,25.64,25.64,30.30,30.30,0.00,0.00
Israel,ISR,20200306,0.00,,0.00,,2.00,1,1.00,1,0.00,,0.00,,0.00,,3.00,0.00,,0.00,0.00,0.00,2.00,1,1.00,0.00,0.00,1.00,,17,0,33.33,33.33,39.29,39.29,25.64,25.64,30.30,30.30,0.00,0.00
Israel,ISR,20200307,0.00,,0.00,,2.00,1,1.00,1,0.00,,0.00,,0.00,,3.00,0.00,,0.00,0.00,0.00,2.00,1,1.00,0.00,0.00,1.00,,19,0,33.33,33.33,39.29,39.29,25.64,25.64,30.30,30.30,0.00,0.00
Israel,ISR,20200308,0.00,,0.00,,2.00,1,1.00,1,0.00,,0.00,,0.00,,3.00,0.00,,1.00,1147372000.00,0.00,2.00,1,1.00,0.00,0.00,1.00,,25,0,33.33,33.33,39.29,39.29,29.49,29.49,30.30,30.30,25.00,25.00
Israel,ISR,20200309,0.00,,0.00,,2.00,1,1.00,1,0.00,,0.00,,0.00,,3.00,0.00,,1.00,0.00,0.00,2.00,1,1.00,0.00,0.00,1.00,,39,0,33.33,33.33,39.29,39.29,29.49,29.49,30.30,30.30,25.00,25.00
Israel,ISR,20200310,0.00,,0.00,,2.00,1,1.00,1,0.00,,0.00,,0.00,,3.00,0.00,,1.00,0.00,0.00,2.00,1,1.00,0.00,0.00,1.00,,,,33.33,33.33,39.29,39.29,29.49,29.49,30.30,30.30,25.00,25.00
Israel,ISR,20200311,0.00,,0.00,,2.00,1,1.00,1,0.00,,0.00,,0.00,,3.00,0.00,,1.00,2535084000.00,0.00,2.00,1,1.00,0.00,281676000.00,1.00,,70,0,33.33,33.33,39.29,39.29,29.49,29.49,30.30,30.30,25.00,25.00
Israel,ISR,20200312,0.00,,0.00,,2.00,1,3.00,1,0.00,,0.00,,0.00,,4.00,0.00,,1.00,0.00,0.00,2.00,1,1.00,1.00,0.00,1.00,,82,0,41.67,41.67,42.86,42.86,39.10,39.10,41.67,41.67,25.00,25.00
Israel,ISR,20200313,3.00,1,0.00,,2.00,1,3.00,1,0.00,,0.00,,0.00,,4.00,0.00,,1.00,0.00,0.00,2.00,1,1.00,1.00,0.00,1.00,,96,0,52.78,52.78,57.14,57.14,46.79,46.79,50.76,50.76,25.00,25.00
Israel,ISR,20200314,3.00,1,0.00,,2.00,1,3.00,1,0.00,,0.00,,0.00,,4.00,0.00,,1.00,0.00,0.00,2.00,1,1.00,1.00,0.00,1.00,,116,0,52.78,52.78,57.14,57.14,46.79,46.79,50.76,50.76,25.00,25.00
Israel,ISR,20200315,3.00,1,2.00,1,2.00,1,4.00,1,0.00,,0.00,,0.00,,4.00,0.00,,1.00,0.00,0.00,2.00,1,1.00,1.00,0.00,1.00,,178,0,62.96,62.96,67.86,67.86,53.85,53.85,59.09,59.09,25.00,25.00
Israel,ISR,20200316,3.00,1,2.00,1,2.00,1,4.00,1,1.00,1,0.00,,0.00,,4.00,,,2.00,0.00,0.00,2.00,1,1.00,1.00,0.00,0.00,,250,0,68.52,68.52,77.38,77.38,61.54,61.54,63.64,63.64,,
Israel,ISR,20200317,3.00,1,2.00,1,2.00,1,4.00,1,1.00,1,1.00,1,1.00,1,4.00,0.00,,2.00,0.00,0.00,2.00,1,1.00,2.00,0.00,0.00,,260,0,77.78,77.78,86.90,86.90,71.79,71.79,75.76,75.76,50.00,50.00
Israel,ISR,20200318,3.00,1,2.00,1,2.00,1,4.00,1,1.00,1,1.00,1,1.00,1,4.00,0.00,,2.00,0.00,0.00,2.00,1,1.00,2.00,0.00,0.00,,427,0,77.78,77.78,86.90,86.90,71.79,71.79,75.76,75.76,50.00,50.00
Israel,ISR,20200319,3.00,1,2.00,1,2.00,1,4.00,1,1.00,1,1.00,1,1.00,1,4.00,0.00,,2.00,0.00,0.00,2.00,1,1.00,2.00,0.00,0.00,,433,0,77.78,77.78,86.90,86.90,71.79,71.79,75.76,75.76,50.00,50.00
Israel,ISR,20200320,3.00,1,2.00,1,2.00,1,4.00,1,1.00,1,2.00,1,1.00,1,4.00,0.00,,2.00,0.00,0.00,2.00,1,1.00,2.00,0.00,0.00,,677,0,81.48,81.48,88.10,88.10,74.36,74.36,78.79,78.79,50.00,50.00
Israel,ISR,20200321,3.00,1,2.00,1,2.00,1,4.00,1,1.00,1,2.00,1,1.00,1,4.00,0.00,,2.00,0.00,0.00,2.00,1,1.00,2.00,0.00,0.00,,712,1,81.48,81.48,88.10,88.10,74.36,74.36,78.79,78.79,50.00,50.00
Israel,ISR,20200322,3.00,1,2.00,1,2.00,1,4.00,1,1.00,1,2.00,1,1.00,1,4.00,0.00,,2.00,0.00,0.00,2.00,1,1.00,2.00,0.00,0.00,,883,1,81.48,81.48,88.10,88.10,74.36,74.36,78.79,78.79,50.00,50.00
Israel,ISR,20200323,3.00,1,2.00,1,2.00,1,4.00,1,1.00,1,2.00,1,1.00,1,4.00,0.00,,2.00,0.00,0.00,2.00,1,1.00,2.00,0.00,0.00,,1071,1,81.48,81.48,88.10,88.10,74.36,74.36,78.79,78.79,50.00,50.00
Israel,ISR,20200324,3.00,1,2.00,1,2.00,1,4.00,1,1.00,1,2.00,1,1.00,1,4.00,0.00,,2.00,0.00,0.00,2.00,1,1.00,2.00,0.00,0.00,,1442,1,81.48,81.48,88.10,88.10,74.36,74.36,78.79,78.79,50.00,50.00
Israel,ISR,20200325,3.00,1,2.00,1,2.00,1,4.00,1,1.00,1,2.00,1,1.00,1,4.00,0.00,,2.00,0.00,0.00,2.00,1,1.00,2.00,0.00,0.00,,1930,3,81.48,81.48,88.10,88.10,74.36,74.36,78.79,78.79,50.00,50.00
Israel,ISR,20200326,3.00,1,2.00,1,2.00,1,4.00,1,1.00,1,2.00,1,1.00,1,4.00,0.00,,2.00,0.00,0.00,2.00,1,1.00,2.00,0.00,0.00,,2369,5,81.48,81.48,88.10,88.10,74.36,74.36,78.79,78.79,50.00,50.00
Israel,ISR,20200327,3.00,1,2.00,1,2.00,1,4.00,1,1.00,1,2.00,1,1.00,1,4.00,0.00,,2.00,0.00,0.00,2.00,1,1.00,2.00,0.00,0.00,,2666,8,81.48,81.48,88.10,88.10,74.36,74.36,78.79,78.79,50.00,50.00
Israel,ISR,20200328,3.00,1,2.00,1,2.00,1,4.00,1,1.00,1,2.00,1,1.00,1,4.00,0.00,,2.00,0.00,0.00,2.00,1,1.00,2.00,0.00,0.00,,3035,10,81.48,81.48,88.10,88.10,74.36,74.36,78.79,78.79,50.00,50.00
Israel,ISR,20200329,3.00,1,2.00,1,2.00,1,4.00,1,1.00,1,2.00,1,1.00,1,4.00,0.00,,2.00,0.00,0.00,2.00,1,1.00,2.00,0.00,0.00,,3619,12,81.48,81.48,88.10,88.10,74.36,74.36,78.79,78.79,50.00,50.00
Israel,ISR,20200330,3.00,1,2.00,1,2.00,1,4.00,1,1.00,1,2.00,1,1.00,1,4.00,0.00,,2.00,19620000000.00,0.00,2.00,1,1.00,2.00,2800000000.00,0.00,,4247,15,81.48,81.48,88.10,88.10,74.36,74.36,78.79,78.79,50.00,50.00
Israel,ISR,20200331,3.00,1,2.00,1,2.00,1,4.00,1,1.00,1,2.00,1,1.00,1,4.00,2.00,1,2.00,0.00,0.00,2.00,1,1.00,2.00,0.00,0.00,,4473,17,81.48,81.48,88.10,88.10,82.05,82.05,78.79,78.79,100.00,100.00
Israel,ISR,20200401,3.00,1,3.00,1,2.00,1,4.00,1,1.00,1,2.00,1,1.00,1,4.00,2.00,1,2.00,0.00,0.00,2.00,1,1.00,2.00,0.00,0.00,,4916,20,85.19,85.19,91.67,91.67,84.62,84.62,81.82,81.82,100.00,100.00
Israel,ISR,20200402,3.00,1,3.00,1,2.00,1,4.00,1,1.00,1,2.00,1,1.00,1,4.00,2.00,1,2.00,0.00,0.00,2.00,1,1.00,2.00,0.00,0.00,,5591,21,85.19,85.19,91.67,91.67,84.62,84.62,81.82,81.82,100.00,100.00
Israel,ISR,20200403,3.00,1,3.00,1,2.00,1,4.00,1,1.00,1,2.00,1,2.00,0,4.00,2.00,1,2.00,0.00,0.00,2.00,1,1.00,2.00,0.00,0.00,,6252,34,87.96,87.96,91.67,91.67,86.54,86.54,84.09,84.09,100.00,100.00
Israel,ISR,20200404,3.00,1,3.00,1,2.00,1,4.00,1,1.00,1,2.00,1,2.00,0,4.00,2.00,1,2.00,0.00,0.00,2.00,1,1.00,2.00,0.00,0.00,,7428,39,87.96,87.96,91.67,91.67,86.54,86.54,84.09,84.09,100.00,100.00
Israel,ISR,20200405,3.00,1,3.00,1,2.00,1,4.00,1,1.00,1,2.00,1,2.00,0,4.00,2.00,1,2.00,0.00,0.00,2.00,1,1.00,2.00,0.00,0.00,,8018,46,87.96,87.96,91.67,91.67,86.54,86.54,84.09,84.09,100.00,100.00
Israel,ISR,20200406,3.00,1,3.00,1,2.00,1,4.00,1,1.00,1,2.00,1,2.00,0,4.00,2.00,1,2.00,1389511500.00,0.00,2.00,1,1.00,2.00,0.00,0.00,,8430,49,87.96,87.96,91.67,91.67,86.54,86.54,84.09,84.09,100.00,100.00
Israel,ISR,20200407,3.00,1,3.00,1,2.00,1,4.00,1,1.00,1,2.00,1,2.00,1,4.00,2.00,1,2.00,0.00,0.00,2.00,1,1.00,2.00,0.00,0.00,,8904,57,90.74,90.74,95.24,95.24,88.46,88.46,86.36,86.36,100.00,100.00
Israel,ISR,20200408,3.00,1,3.00,1,2.00,1,4.00,1,1.00,1,3.00,1,2.00,1,4.00,2.00,1,2.00,277619680.00,0.00,2.00,1,1.00,2.00,0.00,0.00,,9248,65,94.44,94.44,95.24,95.24,91.03,91.03,89.39,89.39,100.00,100.00
Israel,ISR,20200409,3.00,1,3.00,1,2.00,1,4.00,1,1.00,1,3.00,1,2.00,1,4.00,2.00,1,2.00,0.00,0.00,2.00,1,1.00,2.00,0.00,0.00,,9404,71,94.44,94.44,95.24,95.24,91.03,91.03,89.39,89.39,100.00,100.00
Israel,ISR,20200410,3.00,1,3.00,1,2.00,1,4.00,1,1.00,1,3.00,1,2.00,1,4.00,2.00,1,2.00,0.00,0.00,2.00,1,1.00,2.00,0.00,0.00,,9968,86,94.44,94.44,95.24,95.24,91.03,91.03,89.39,89.39,100.00,100.00
Israel,ISR,20200411,3.00,1,3.00,1,2.00,1,4.00,1,1.00,1,3.00,1,2.00,0,4.00,2.00,1,2.00,0.00,0.00,2.00,1,1.00,2.00,0.00,0.00,,10408,95,91.67,91.67,95.24,95.24,89.10,89.10,87.12,87.12,100.00,100.00
Israel,ISR,20200412,3.00,1,3.00,1,2.00,1,4.00,1,1.00,1,3.00,1,2.00,0,4.00,2.00,1,2.00,0.00,0.00,2.00,1,1.00,2.00,0.00,0.00,,10743,101,91.67,91.67,95.24,95.24,89.10,89.10,87.12,87.12,100.00,100.00
Israel,ISR,20200413,3.00,1,3.00,1,2.00,1,4.00,1,1.00,1,3.00,1,2.00,0,4.00,2.00,1,2.00,0.00,0.00,2.00,1,1.00,2.00,0.00,0.00,,11145,103,91.67,91.67,95.24,95.24,89.10,89.10,87.12,87.12,100.00,100.00
Israel,ISR,20200414,3.00,1,3.00,1,2.00,1,4.00,1,1.00,1,3.00,1,2.00,1,4.00,2.00,1,2.00,0.00,0.00,2.00,1,1.00,2.00,0.00,0.00,,11586,116,94.44,94.44,95.24,95.24,91.03,91.03,89.39,89.39,100.00,100.00
Israel,ISR,20200415,3.00,1,3.00,1,2.00,1,4.00,1,1.00,1,3.00,1,2.00,1,4.00,2.00,1,2.00,0.00,0.00,2.00,1,1.00,2.00,0.00,0.00,,12046,123,94.44,94.44,95.24,95.24,91.03,91.03,89.39,89.39,100.00,100.00
Israel,ISR,20200416,3.00,1,3.00,1,2.00,1,4.00,1,1.00,1,3.00,1,2.00,1,4.00,2.00,1,2.00,0.00,0.00,2.00,1,1.00,2.00,0.00,0.00,,12501,130,94.44,94.44,95.24,95.24,91.03,91.03,89.39,89.39,100.00,100.00
Israel,ISR,20200417,3.00,1,3.00,1,2.00,1,4.00,1,1.00,1,3.00,1,2.00,0,4.00,2.00,1,2.00,0.00,0.00,2.00,1,1.00,2.00,0.00,0.00,,12758,142,91.67,91.67,95.24,95.24,89.10,89.10,87.12,87.12,100.00,100.00
Israel,ISR,20200418,3.00,1,3.00,1,2.00,1,4.00,1,1.00,1,3.00,1,2.00,0,4.00,2.00,1,2.00,0.00,0.00,2.00,1,1.00,2.00,0.00,0.00,,12982,151,91.67,91.67,95.24,95.24,89.10,89.10,87.12,87.12,100.00,100.00
Israel,ISR,20200419,3.00,1,3.00,1,2.00,1,4.00,1,1.00,1,2.00,1,2.00,0,4.00,2.00,1,2.00,0.00,0.00,2.00,1,1.00,2.00,0.00,0.00,,13265,164,87.96,87.96,91.67,91.67,86.54,86.54,84.09,84.09,100.00,100.00
Israel,ISR,20200420,3.00,1,3.00,1,2.00,1,4.00,1,1.00,1,2.00,1,2.00,0,4.00,2.00,1,2.00,0.00,0.00,2.00,1,1.00,2.00,0.00,0.00,,13491,172,87.96,87.96,91.67,91.67,86.54,86.54,84.09,84.09,100.00,100.00
Israel,ISR,20200421,3.00,1,3.00,1,2.00,1,4.00,1,1.00,1,2.00,1,2.00,0,4.00,2.00,1,2.00,0.00,0.00,2.00,1,1.00,2.00,0.00,0.00,,13713,177,87.96,87.96,91.67,91.67,86.54,86.54,84.09,84.09,100.00,100.00
Israel,ISR,20200422,3.00,1,3.00,1,2.00,1,4.00,1,1.00,1,2.00,1,2.00,0,4.00,2.00,1,2.00,0.00,0.00,2.00,1,1.00,2.00,0.00,0.00,,13942,184,87.96,87.96,91.67,91.67,86.54,86.54,84.09,84.09,100.00,100.00
Israel,ISR,20200423,3.00,1,3.00,1,2.00,1,4.00,1,1.00,1,2.00,1,2.00,0,4.00,2.00,1,2.00,0.00,0.00,2.00,1,1.00,2.00,0.00,0.00,,14592,191,87.96,87.96,91.67,91.67,86.54,86.54,84.09,84.09,100.00,100.00
Israel,ISR,20200424,3.00,1,3.00,1,2.00,1,4.00,1,1.00,1,2.00,1,2.00,0,4.00,2.00,1,2.00,0.00,0.00,2.00,1,1.00,2.00,0.00,0.00,,14882,193,87.96,87.96,91.67,91.67,86.54,86.54,84.09,84.09,100.00,100.00
Israel,ISR,20200425,3.00,1,3.00,1,2.00,1,4.00,1,1.00,1,2.00,1,2.00,0,4.00,2.00,1,2.00,0.00,0.00,2.00,1,1.00,2.00,0.00,0.00,,15058,194,87.96,87.96,91.67,91.67,86.54,86.54,84.09,84.09,100.00,100.00
Israel,ISR,20200426,3.00,1,2.00,1,2.00,1,4.00,1,1.00,1,2.00,1,2.00,0,4.00,2.00,1,2.00,1727700060.00,0.00,2.00,1,1.00,2.00,0.00,0.00,,15298,199,84.26,84.26,88.10,88.10,83.97,83.97,81.06,81.06,100.00,100.00
Israel,ISR,20200427,3.00,1,2.00,1,2.00,1,4.00,1,1.00,1,2.00,1,2.00,0,4.00,2.00,1,2.00,0.00,0.00,2.00,1,1.00,2.00,0.00,0.00,,15398,199,84.26,84.26,88.10,88.10,83.97,83.97,81.06,81.06,100.00,100.00
Israel,ISR,20200428,3.00,1,2.00,1,2.00,1,4.00,1,1.00,1,2.00,1,2.00,1,4.00,2.00,1,2.00,0.00,0.00,2.00,1,1.00,2.00,0.00,0.00,,15466,202,87.04,87.04,91.67,91.67,85.90,85.90,83.33,83.33,100.00,100.00
Israel,ISR,20200429,3.00,1,2.00,1,2.00,1,4.00,1,1.00,1,2.00,1,2.00,1,4.00,2.00,1,2.00,0.00,0.00,2.00,1,1.00,2.00,0.00,0.00,,15589,208,87.04,87.04,91.67,91.67,85.90,85.90,83.33,83.33,100.00,100.00
Israel,ISR,20200430,3.00,1,2.00,1,2.00,1,4.00,1,1.00,1,2.00,1,2.00,0,4.00,2.00,1,2.00,0.00,0.00,2.00,1,1.00,2.00,0.00,0.00,,15834,215,84.26,84.26,88.10,88.10,83.97,83.97,81.06,81.06,100.00,100.00
Israel,ISR,20200501,3.00,1,2.00,1,2.00,1,4.00,1,1.00,1,2.00,1,2.00,0,4.00,2.00,1,2.00,0.00,0.00,2.00,1,1.00,2.00,0.00,0.00,,15946,222,84.26,84.26,88.10,88.10,83.97,83.97,81.06,81.06,100.00,100.00
Israel,ISR,20200502,3.00,1,2.00,1,2.00,1,4.00,1,1.00,1,2.00,1,2.00,0,4.00,2.00,1,2.00,0.00,0.00,2.00,1,1.00,2.00,0.00,0.00,,16101,225,84.26,84.26,88.10,88.10,83.97,83.97,81.06,81.06,100.00,100.00
Israel,ISR,20200503,2.00,1,2.00,1,2.00,1,4.00,1,1.00,1,2.00,1,2.00,0,4.00,2.00,1,2.00,0.00,0.00,2.00,1,1.00,2.00,0.00,0.00,,16185,229,80.56,80.56,84.52,84.52,81.41,81.41,78.03,78.03,100.00,100.00
Israel,ISR,20200504,2.00,1,2.00,1,2.00,1,4.00,1,1.00,1,2.00,1,2.00,0,4.00,2.00,1,2.00,0.00,0.00,2.00,1,1.00,2.00,0.00,60000000.00,,16208,232,80.56,80.56,84.52,84.52,81.41,81.41,78.03,78.03,100.00,100.00
Israel,ISR,20200505,2.00,1,2.00,1,2.00,1,3.00,1,1.00,1,2.00,1,2.00,0,4.00,2.00,1,2.00,0.00,0.00,2.00,1,1.00,2.00,0.00,0.00,,16246,235,77.78,77.78,84.52,84.52,79.49,79.49,75.76,75.76,100.00,100.00
Israel,ISR,20200506,2.00,1,2.00,1,2.00,1,3.00,1,1.00,1,2.00,1,2.00,0,4.00,2.00,1,2.00,1417133100.00,0.00,2.00,1,1.00,2.00,0.00,0.00,,16289,238,77.78,77.78,84.52,84.52,79.49,79.49,75.76,75.76,100.00,100.00
Israel,ISR,20200507,2.00,1,2.00,1,2.00,1,3.00,1,1.00,1,2.00,1,2.00,0,4.00,2.00,1,2.00,0.00,0.00,2.00,1,1.00,2.00,0.00,0.00,,16310,239,77.78,77.78,84.52,84.52,79.49,79.49,75.76,75.76,100.00,100.00
Israel,ISR,20200508,2.00,1,2.00,1,2.00,1,3.00,1,1.00,1,2.00,1,2.00,0,4.00,2.00,1,2.00,0.00,0.00,2.00,1,1.00,2.00,0.00,0.00,,16381,240,77.78,77.78,84.52,84.52,79.49,79.49,75.76,75.76,100.00,100.00
Israel,ISR,20200509,2.00,1,2.00,1,2.00,1,3.00,1,1.00,1,2.00,1,2.00,0,4.00,2.00,1,2.00,0.00,0.00,2.00,1,1.00,2.00,0.00,0.00,,16436,245,77.78,77.78,84.52,84.52,79.49,79.49,75.76,75.76,100.00,100.00
Israel,ISR,20200510,2.00,1,2.00,1,2.00,1,3.00,1,1.00,1,2.00,1,2.00,0,4.00,2.00,1,2.00,0.00,0.00,2.00,1,1.00,2.00,0.00,0.00,,16454,247,77.78,77.78,84.52,84.52,79.49,79.49,75.76,75.76,100.00,100.00
Israel,ISR,20200511,2.00,1,2.00,1,2.00,1,3.00,1,1.00,1,2.00,1,2.00,0,4.00,2.00,1,2.00,0.00,0.00,2.00,1,1.00,2.00,0.00,0.00,,16477,252,77.78,77.78,84.52,84.52,79.49,79.49,75.76,75.76,100.00,100.00
Israel,ISR,20200512,2.00,1,2.00,1,2.00,1,3.00,1,1.00,1,2.00,1,2.00,0,4.00,2.00,1,2.00,0.00,0.00,2.00,1,1.00,2.00,0.00,0.00,,16506,258,77.78,77.78,84.52,84.52,79.49,79.49,75.76,75.76,100.00,100.00
Israel,ISR,20200513,2.00,1,2.00,1,2.00,1,3.00,1,1.00,1,2.00,1,2.00,0,4.00,2.00,1,2.00,0.00,0.00,2.00,1,1.00,2.00,0.00,0.00,,16529,260,77.78,77.78,84.52,84.52,79.49,79.49,75.76,75.76,100.00,100.00
Israel,ISR,20200514,2.00,1,2.00,1,2.00,1,3.00,1,1.00,1,2.00,1,2.00,0,4.00,2.00,1,2.00,0.00,0.00,2.00,1,1.00,2.00,0.00,0.00,,16548,264,77.78,77.78,84.52,84.52,79.49,79.49,75.76,75.76,100.00,100.00
Israel,ISR,20200515,2.00,1,2.00,1,2.00,1,3.00,1,1.00,1,2.00,1,2.00,0,4.00,2.00,1,2.00,0.00,0.00,2.00,1,1.00,2.00,0.00,0.00,,16579,265,77.78,77.78,84.52,84.52,79.49,79.49,75.76,75.76,100.00,100.00
Israel,ISR,20200516,2.00,1,2.00,1,2.00,1,3.00,1,1.00,1,2.00,1,2.00,0,4.00,2.00,1,2.00,0.00,0.00,2.00,1,1.00,2.00,0.00,0.00,,16589,266,77.78,77.78,84.52,84.52,79.49,79.49,75.76,75.76,100.00,100.00
Israel,ISR,20200517,2.00,1,2.00,1,2.00,1,3.00,1,1.00,1,2.00,1,2.00,0,4.00,2.00,1,2.00,0.00,0.00,2.00,1,1.00,2.00,0.00,0.00,,16608,268,77.78,77.78,84.52,84.52,79.49,79.49,75.76,75.76,100.00,100.00
Israel,ISR,20200518,2.00,1,2.00,1,2.00,1,3.00,1,1.00,1,2.00,1,2.00,0,4.00,2.00,1,2.00,0.00,0.00,2.00,1,1.00,2.00,0.00,0.00,,16617,272,77.78,77.78,84.52,84.52,79.49,79.49,75.76,75.76,100.00,100.00
Israel,ISR,20200519,2.00,1,2.00,1,2.00,1,3.00,1,1.00,1,2.00,1,2.00,0,4.00,2.00,1,2.00,0.00,0.00,2.00,1,1.00,2.00,0.00,0.00,,16621,272,77.78,77.78,84.52,84.52,79.49,79.49,75.76,75.76,100.00,100.00
Israel,ISR,20200520,2.00,1,2.00,1,2.00,1,2.00,1,1.00,1,2.00,1,2.00,0,4.00,2.00,1,2.00,0.00,0.00,2.00,1,1.00,2.00,0.00,0.00,,16650,277,75.00,75.00,84.52,84.52,77.56,77.56,73.48,73.48,100.00,100.00
Israel,ISR,20200521,2.00,1,2.00,1,2.00,1,2.00,1,1.00,1,2.00,1,2.00,0,4.00,2.00,1,2.00,0.00,0.00,2.00,1,1.00,2.00,0.00,0.00,,16670,279,75.00,75.00,84.52,84.52,77.56,77.56,73.48,73.48,100.00,100.00
Israel,ISR,20200522,2.00,1,2.00,1,2.00,1,2.00,1,1.00,1,2.00,1,2.00,0,4.00,2.00,1,2.00,0.00,0.00,2.00,1,1.00,2.00,0.00,0.00,,16690,279,75.00,75.00,84.52,84.52,77.56,77.56,73.48,73.48,100.00,100.00
Israel,ISR,20200523,2.00,1,2.00,1,2.00,1,2.00,1,1.00,1,2.00,1,2.00,0,4.00,2.00,1,2.00,0.00,0.00,2.00,1,1.00,2.00,0.00,0.00,,16690,279,75.00,75.00,84.52,84.52,77.56,77.56,73.48,73.48,100.00,100.00
Israel,ISR,20200524,2.00,1,2.00,1,2.00,1,2.00,1,1.00,1,2.00,1,2.00,0,4.00,2.00,1,2.00,0.00,0.00,2.00,1,1.00,2.00,0.00,0.00,,16690,279,75.00,75.00,84.52,84.52,77.56,77.56,73.48,73.48,100.00,100.00
Israel,ISR,20200525,2.00,1,2.00,1,2.00,1,2.00,1,1.00,1,2.00,1,2.00,0,4.00,2.00,1,2.00,0.00,0.00,2.00,1,1.00,2.00,0.00,0.00,,16720,280,75.00,75.00,84.52,84.52,77.56,77.56,73.48,73.48,100.00,100.00
Israel,ISR,20200526,2.00,1,2.00,1,2.00,1,2.00,1,1.00,1,2.00,1,2.00,0,4.00,2.00,1,2.00,0.00,0.00,2.00,1,1.00,2.00,0.00,0.00,,16734,281,75.00,75.00,84.52,84.52,77.56,77.56,73.48,73.48,100.00,100.00
Israel,ISR,20200527,2.00,1,2.00,1,2.00,1,2.00,1,1.00,1,2.00,1,2.00,0,4.00,2.00,1,2.00,0.00,0.00,2.00,1,1.00,2.00,0.00,0.00,,16757,281,75.00,75.00,84.52,84.52,77.56,77.56,73.48,73.48,100.00,100.00
Israel,ISR,20200528,2.00,1,2.00,1,2.00,1,2.00,1,1.00,1,2.00,1,2.00,0,4.00,2.00,1,2.00,0.00,0.00,2.00,1,1.00,2.00,0.00,0.00,,16793,281,75.00,75.00,84.52,84.52,77.56,77.56,73.48,73.48,100.00,100.00
Israel,ISR,20200529,2.00,1,2.00,1,2.00,1,2.00,1,1.00,1,2.00,1,2.00,0,4.00,2.00,1,2.00,0.00,0.00,2.00,1,1.00,2.00,0.00,0.00,,16872,284,75.00,75.00,84.52,84.52,77.56,77.56,73.48,73.48,100.00,100.00
Israel,ISR,20200530,2.00,1,2.00,1,2.00,1,2.00,1,1.00,1,2.00,1,2.00,0,4.00,2.00,1,2.00,0.00,0.00,2.00,1,1.00,2.00,0.00,0.00,,16987,284,75.00,75.00,84.52,84.52,77.56,77.56,73.48,73.48,100.00,100.00
Israel,ISR,20200531,2.00,1,2.00,1,2.00,1,2.00,1,1.00,1,2.00,1,2.00,0,4.00,2.00,1,2.00,0.00,0.00,2.00,1,1.00,2.00,0.00,0.00,,17012,284,75.00,75.00,84.52,84.52,77.56,77.56,73.48,73.48,100.00,100.00
Israel,ISR,20200601,2.00,1,2.00,1,2.00,1,2.00,1,1.00,1,2.00,1,2.00,0,4.00,2.00,1,2.00,0.00,0.00,2.00,1,1.00,2.00,0.00,0.00,,17071,285,75.00,75.00,84.52,84.52,77.56,77.56,73.48,73.48,100.00,100.00
Israel,ISR,20200602,2.00,1,2.00,1,2.00,1,2.00,1,1.00,1,2.00,1,2.00,0,4.00,2.00,1,2.00,0.00,0.00,2.00,1,1.00,2.00,0.00,0.00,,17219,287,75.00,75.00,84.52,84.52,77.56,77.56,73.48,73.48,100.00,100.00
Israel,ISR,20200603,2.00,1,2.00,1,2.00,1,2.00,1,1.00,1,2.00,1,2.00,0,4.00,2.00,1,2.00,0.00,0.00,2.00,1,1.00,2.00,0.00,0.00,,17342,290,75.00,75.00,84.52,84.52,77.56,77.56,73.48,73.48,100.00,100.00
Israel,ISR,20200604,2.00,1,2.00,1,2.00,1,2.00,1,1.00,1,2.00,1,2.00,0,4.00,2.00,1,2.00,0.00,0.00,2.00,1,1.00,2.00,0.00,0.00,,17429,291,75.00,75.00,84.52,84.52,77.56,77.56,73.48,73.48,100.00,100.00
Israel,ISR,20200605,2.00,1,2.00,1,2.00,1,2.00,1,1.00,1,2.00,1,2.00,0,4.00,2.00,1,2.00,0.00,0.00,2.00,1,1.00,2.00,0.00,0.00,,17562,291,75.00,75.00,84.52,84.52,77.56,77.56,73.48,73.48,100.00,100.00
Israel,ISR,20200606,2.00,1,2.00,1,2.00,1,2.00,1,1.00,1,2.00,1,2.00,0,4.00,2.00,1,2.00,0.00,0.00,2.00,1,1.00,2.00,0.00,0.00,,17706,292,75.00,75.00,84.52,84.52,77.56,77.56,73.48,73.48,100.00,100.00
Israel,ISR,20200607,2.00,1,2.00,1,2.00,1,2.00,1,1.00,1,2.00,1,2.00,0,4.00,2.00,1,2.00,0.00,0.00,2.00,1,1.00,2.00,0.00,0.00,,17783,297,75.00,75.00,84.52,84.52,77.56,77.56,73.48,73.48,100.00,100.00
Israel,ISR,20200608,2.00,1,2.00,1,2.00,1,2.00,1,1.00,1,2.00,1,2.00,0,4.00,2.00,1,2.00,0.00,0.00,2.00,1,1.00,2.00,0.00,0.00,,17915,298,75.00,75.00,84.52,84.52,77.56,77.56,73.48,73.48,100.00,100.00
Israel,ISR,20200609,2.00,1,2.00,1,2.00,1,2.00,1,1.00,1,2.00,1,2.00,0,4.00,2.00,1,2.00,0.00,0.00,2.00,1,1.00,2.00,0.00,0.00,,18089,298,75.00,75.00,84.52,84.52,77.56,77.56,73.48,73.48,100.00,100.00
Israel,ISR,20200610,2.00,1,2.00,1,2.00,1,2.00,1,1.00,1,2.00,1,2.00,0,4.00,2.00,1,2.00,0.00,0.00,2.00,1,1.00,2.00,0.00,0.00,,18268,299,75.00,75.00,84.52,84.52,77.56,77.56,73.48,73.48,100.00,100.00
Israel,ISR,20200611,2.00,1,2.00,1,2.00,1,2.00,1,1.00,1,2.00,1,2.00,0,4.00,2.00,1,2.00,0.00,0.00,2.00,1,1.00,2.00,0.00,0.00,,18355,299,75.00,75.00,84.52,84.52,77.56,77.56,73.48,73.48,100.00,100.00
Israel,ISR,20200612,2.00,1,2.00,1,2.00,1,2.00,1,1.00,1,2.00,1,2.00,0,4.00,2.00,1,2.00,0.00,0.00,2.00,1,1.00,2.00,0.00,0.00,,18701,300,75.00,75.00,84.52,84.52,77.56,77.56,73.48,73.48,100.00,100.00
Israel,ISR,20200613,2.00,1,2.00,1,2.00,1,2.00,1,1.00,1,2.00,1,2.00,0,4.00,2.00,1,2.00,0.00,0.00,2.00,1,1.00,2.00,0.00,0.00,,18876,300,75.00,75.00,84.52,84.52,77.56,77.56,73.48,73.48,100.00,100.00
Israel,ISR,20200614,2.00,1,2.00,1,2.00,1,2.00,1,1.00,1,2.00,1,2.00,0,4.00,2.00,1,2.00,0.00,0.00,2.00,1,1.00,2.00,0.00,0.00,,19008,300,75.00,75.00,84.52,84.52,77.56,77.56,73.48,73.48,100.00,100.00
Israel,ISR,20200615,2.00,1,2.00,1,2.00,1,2.00,1,1.00,1,2.00,1,2.00,0,4.00,2.00,1,2.00,0.00,0.00,2.00,1,1.00,2.00,0.00,0.00,,19121,302,75.00,75.00,84.52,84.52,77.56,77.56,73.48,73.48,100.00,100.00
Israel,ISR,20200616,2.00,1,2.00,1,2.00,1,2.00,1,1.00,1,2.00,1,2.00,0,4.00,2.00,1,2.00,0.00,0.00,2.00,1,1.00,2.00,0.00,0.00,,19338,302,75.00,75.00,84.52,84.52,77.56,77.56,73.48,73.48,100.00,100.00
Israel,ISR,20200617,2.00,1,2.00,1,2.00,1,2.00,1,1.00,1,2.00,1,2.00,0,4.00,2.00,1,2.00,0.00,0.00,2.00,1,1.00,2.00,0.00,0.00,,19637,303,75.00,75.00,84.52,84.52,77.56,77.56,73.48,73.48,100.00,100.00
Israel,ISR,20200618,2.00,1,2.00,1,2.00,1,2.00,1,1.00,1,2.00,1,2.00,0,4.00,2.00,1,2.00,0.00,0.00,2.00,1,1.00,2.00,0.00,0.00,,19894,303,75.00,75.00,84.52,84.52,77.56,77.56,73.48,73.48,100.00,100.00
Israel,ISR,20200619,,,,,,,,,,,,,,,,,,,,,,,,,,,,20036,303,,75.00,,84.52,,77.56,,73.48,,100.00
Israel,ISR,20200620,,,,,,,,,,,,,,,,,,,,,,,,,,,,20339,304,,75.00,,84.52,,77.56,,73.48,,100.00
Israel,ISR,20200621,,,,,,,,,,,,,,,,,,,,,,,,,,,,20633,305,,75.00,,84.52,,77.56,,73.48,,100.00
Israel,ISR,20200622,,,,,,,,,,,,,,,,,,,,,,,,,,,,20778,306,,75.00,,84.52,,77.56,,73.48,,100.00
Israel,ISR,20200623,,,,,,,,,,,,,,,,,,,,,,,,,,,,21082,307,,75.00,,84.52,,77.56,,73.48,,100.00
