Italy,ITA,20200101,0.00,,0.00,,0.00,,0.00,,0.00,,0.00,,0.00,,0.00,0.00,,0.00,0.00,0.00,0.00,,0.00,0.00,0.00,0.00,,0,0,0.00,0.00,0.00,0.00,0.00,0.00,0.00,0.00,0.00,0.00
Italy,ITA,20200102,0.00,,0.00,,0.00,,0.00,,0.00,,0.00,,0.00,,0.00,0.00,,0.00,0.00,0.00,0.00,,0.00,0.00,0.00,0.00,,0,0,0.00,0.00,0.00,0.00,0.00,0.00,0.00,0.00,0.00,0.00
Italy,ITA,20200103,0.00,,0.00,,0.00,,0.00,,0.00,,0.00,,0.00,,0.00,0.00,,0.00,0.00,0.00,0.00,,0.00,0.00,0.00,0.00,,0,0,0.00,0.00,0.00,0.00,0.00,0.00,0.00,0.00,0.00,0.00
Italy,ITA,20200104,0.00,,0.00,,0.00,,0.00,,0.00,,0.00,,0.00,,0.00,0.00,,0.00,0.00,0.00,0.00,,0.00,0.00,0.00,0.00,,0,0,0.00,0.00,0.00,0.00,0.00,0.00,0.00,0.00,0.00,0.00
Italy,ITA,20200105,0.00,,0.00,,0.00,,0.00,,0.00,,0.00,,0.00,,0.00,0.00,,0.00,0.00,0.00,0.00,,0.00,0.00,0.00,0.00,,0,0,0.00,0.00,0.00,0.00,0.00,0.00,0.00,0.00,0.00,0.00
Italy,ITA,20200106,0.00,,0.00,,0.00,,0.00,,0.00,,0.00,,0.00,,0.00,0.00,,0.00,0.00,0.00,0.00,,0.00,0.00,0.00,0.00,,0,0,0.00,0.00,0.00,0.00,0.00,0.00,0.00,0.00,0.00,0.00
Italy,ITA,20200107,0.00,,0.00,,0.00,,0.00,,0.00,,0.00,,0.00,,0.00,0.00,,0.00,0.00,0.00,0.00,,0.00,0.00,0.00,0.00,,0,0,0.00,0.00,0.00,0.00,0.00,0.00,0.00,0.00,0.00,0.00
Italy,ITA,20200108,0.00,,0.00,,0.00,,0.00,,0.00,,0.00,,0.00,,0.00,0.00,,0.00,0.00,0.00,0.00,,0.00,0.00,0.00,0.00,,0,0,0.00,0.00,0.00,0.00,0.00,0.00,0.00,0.00,0.00,0.00
Italy,ITA,20200109,0.00,,0.00,,0.00,,0.00,,0.00,,0.00,,0.00,,0.00,0.00,,0.00,0.00,0.00,0.00,,0.00,0.00,0.00,0.00,,0,0,0.00,0.00,0.00,0.00,0.00,0.00,0.00,0.00,0.00,0.00
Italy,ITA,20200110,0.00,,0.00,,0.00,,0.00,,0.00,,0.00,,0.00,,0.00,0.00,,0.00,0.00,0.00,0.00,,0.00,0.00,0.00,0.00,,0,0,0.00,0.00,0.00,0.00,0.00,0.00,0.00,0.00,0.00,0.00
Italy,ITA,20200111,0.00,,0.00,,0.00,,0.00,,0.00,,0.00,,0.00,,0.00,0.00,,0.00,0.00,0.00,0.00,,0.00,0.00,0.00,0.00,,0,0,0.00,0.00,0.00,0.00,0.00,0.00,0.00,0.00,0.00,0.00
Italy,ITA,20200112,0.00,,0.00,,0.00,,0.00,,0.00,,0.00,,0.00,,0.00,0.00,,0.00,0.00,0.00,0.00,,0.00,0.00,0.00,0.00,,0,0,0.00,0.00,0.00,0.00,0.00,0.00,0.00,0.00,0.00,0.00
Italy,ITA,20200113,0.00,,0.00,,0.00,,0.00,,0.00,,0.00,,0.00,,0.00,0.00,,0.00,0.00,0.00,0.00,,0.00,0.00,0.00,0.00,,0,0,0.00,0.00,0.00,0.00,0.00,0.00,0.00,0.00,0.00,0.00
Italy,ITA,20200114,0.00,,0.00,,0.00,,0.00,,0.00,,0.00,,0.00,,0.00,0.00,,0.00,0.00,0.00,0.00,,0.00,0.00,0.00,0.00,,0,0,0.00,0.00,0.00,0.00,0.00,0.00,0.00,0.00,0.00,0.00
Italy,ITA,20200115,0.00,,0.00,,0.00,,0.00,,0.00,,0.00,,0.00,,0.00,0.00,,0.00,0.00,0.00,0.00,,0.00,0.00,0.00,0.00,,0,0,0.00,0.00,0.00,0.00,0.00,0.00,0.00,0.00,0.00,0.00
Italy,ITA,20200116,0.00,,0.00,,0.00,,0.00,,0.00,,0.00,,0.00,,0.00,0.00,,0.00,0.00,0.00,0.00,,0.00,0.00,0.00,0.00,,0,0,0.00,0.00,0.00,0.00,0.00,0.00,0.00,0.00,0.00,0.00
Italy,ITA,20200117,0.00,,0.00,,0.00,,0.00,,0.00,,0.00,,0.00,,0.00,0.00,,0.00,0.00,0.00,0.00,,0.00,0.00,0.00,0.00,,0,0,0.00,0.00,0.00,0.00,0.00,0.00,0.00,0.00,0.00,0.00
Italy,ITA,20200118,0.00,,0.00,,0.00,,0.00,,0.00,,0.00,,0.00,,0.00,0.00,,0.00,0.00,0.00,0.00,,0.00,0.00,0.00,0.00,,0,0,0.00,0.00,0.00,0.00,0.00,0.00,0.00,0.00,0.00,0.00
Italy,ITA,20200119,0.00,,0.00,,0.00,,0.00,,0.00,,0.00,,0.00,,0.00,0.00,,0.00,0.00,0.00,0.00,,0.00,0.00,0.00,0.00,,0,0,0.00,0.00,0.00,0.00,0.00,0.00,0.00,0.00,0.00,0.00
Italy,ITA,20200120,0.00,,0.00,,0.00,,0.00,,0.00,,0.00,,0.00,,0.00,0.00,,0.00,0.00,0.00,0.00,,0.00,0.00,0.00,0.00,,0,0,0.00,0.00,0.00,0.00,0.00,0.00,0.00,0.00,0.00,0.00
Italy,ITA,20200121,0.00,,0.00,,0.00,,0.00,,0.00,,0.00,,0.00,,0.00,0.00,,0.00,0.00,0.00,0.00,,0.00,0.00,0.00,0.00,,0,0,0.00,0.00,0.00,0.00,0.00,0.00,0.00,0.00,0.00,0.00
Italy,ITA,20200122,0.00,,0.00,,0.00,,0.00,,0.00,,0.00,,0.00,,0.00,0.00,,0.00,0.00,0.00,0.00,,0.00,0.00,0.00,0.00,,0,0,0.00,0.00,0.00,0.00,0.00,0.00,0.00,0.00,0.00,0.00
Italy,ITA,20200123,0.00,,0.00,,0.00,,0.00,,0.00,,0.00,,0.00,,1.00,0.00,,0.00,0.00,0.00,0.00,,0.00,0.00,0.00,0.00,,0,0,2.78,2.78,3.57,3.57,1.92,1.92,2.27,2.27,0.00,0.00
Italy,ITA,20200124,0.00,,0.00,,0.00,,0.00,,0.00,,0.00,,0.00,,1.00,0.00,,0.00,0.00,0.00,0.00,,0.00,0.00,0.00,0.00,,0,0,2.78,2.78,3.57,3.57,1.92,1.92,2.27,2.27,0.00,0.00
Italy,ITA,20200125,0.00,,0.00,,0.00,,0.00,,0.00,,0.00,,0.00,,1.00,0.00,,0.00,0.00,0.00,0.00,,0.00,0.00,0.00,0.00,,0,0,2.78,2.78,3.57,3.57,1.92,1.92,2.27,2.27,0.00,0.00
Italy,ITA,20200126,0.00,,0.00,,0.00,,0.00,,0.00,,0.00,,0.00,,1.00,0.00,,0.00,0.00,0.00,0.00,,0.00,0.00,0.00,0.00,,0,0,2.78,2.78,3.57,3.57,1.92,1.92,2.27,2.27,0.00,0.00
Italy,ITA,20200127,0.00,,0.00,,0.00,,0.00,,0.00,,0.00,,0.00,,1.00,0.00,,0.00,0.00,0.00,0.00,,0.00,0.00,0.00,0.00,,0,0,2.78,2.78,3.57,3.57,1.92,1.92,2.27,2.27,0.00,0.00
Italy,ITA,20200128,0.00,,0.00,,0.00,,0.00,,0.00,,0.00,,0.00,,1.00,0.00,,0.00,0.00,0.00,0.00,,0.00,0.00,0.00,0.00,,0,0,2.78,2.78,3.57,3.57,1.92,1.92,2.27,2.27,0.00,0.00
Italy,ITA,20200129,0.00,,0.00,,0.00,,0.00,,0.00,,0.00,,0.00,,1.00,0.00,,0.00,0.00,0.00,0.00,,0.00,0.00,0.00,0.00,,0,0,2.78,2.78,3.57,3.57,1.92,1.92,2.27,2.27,0.00,0.00
Italy,ITA,20200130,0.00,,0.00,,0.00,,0.00,,0.00,,0.00,,0.00,,3.00,0.00,,0.00,0.00,0.00,0.00,,0.00,0.00,0.00,0.00,,0,0,8.33,8.33,10.71,10.71,5.77,5.77,6.82,6.82,0.00,0.00
Italy,ITA,20200131,0.00,,0.00,,0.00,,0.00,,0.00,,0.00,,0.00,,3.00,0.00,,0.00,0.00,0.00,2.00,1,1.00,2.00,0.00,0.00,,3,0,19.44,19.44,25.00,25.00,23.72,23.72,28.03,28.03,0.00,0.00
Italy,ITA,20200201,0.00,,0.00,,0.00,,0.00,,0.00,,0.00,,0.00,,3.00,0.00,,0.00,0.00,0.00,2.00,1,1.00,2.00,0.00,0.00,,3,0,19.44,19.44,25.00,25.00,23.72,23.72,28.03,28.03,0.00,0.00
Italy,ITA,20200202,0.00,,0.00,,0.00,,0.00,,0.00,,0.00,,0.00,,3.00,0.00,,0.00,0.00,0.00,2.00,1,1.00,2.00,0.00,0.00,,3,0,19.44,19.44,25.00,25.00,23.72,23.72,28.03,28.03,0.00,0.00
Italy,ITA,20200203,0.00,,0.00,,0.00,,0.00,,0.00,,0.00,,0.00,,3.00,0.00,,0.00,0.00,0.00,2.00,1,1.00,2.00,0.00,0.00,,3,0,19.44,19.44,25.00,25.00,23.72,23.72,28.03,28.03,0.00,0.00
Italy,ITA,20200204,0.00,,0.00,,0.00,,0.00,,0.00,,0.00,,0.00,,3.00,0.00,,0.00,0.00,0.00,2.00,1,1.00,2.00,0.00,0.00,,3,0,19.44,19.44,25.00,25.00,23.72,23.72,28.03,28.03,0.00,0.00
Italy,ITA,20200205,0.00,,0.00,,0.00,,0.00,,0.00,,0.00,,0.00,,3.00,0.00,,0.00,0.00,0.00,2.00,1,1.00,2.00,0.00,0.00,,3,0,19.44,19.44,25.00,25.00,23.72,23.72,28.03,28.03,0.00,0.00
Italy,ITA,20200206,0.00,,0.00,,0.00,,0.00,,0.00,,0.00,,0.00,,3.00,0.00,,0.00,0.00,0.00,2.00,1,1.00,2.00,0.00,0.00,,3,0,19.44,19.44,25.00,25.00,23.72,23.72,28.03,28.03,0.00,0.00
Italy,ITA,20200207,0.00,,0.00,,0.00,,0.00,,0.00,,0.00,,0.00,,3.00,0.00,,0.00,0.00,0.00,2.00,1,1.00,2.00,0.00,0.00,,3,0,19.44,19.44,25.00,25.00,23.72,23.72,28.03,28.03,0.00,0.00
Italy,ITA,20200208,0.00,,0.00,,0.00,,0.00,,0.00,,0.00,,0.00,,3.00,0.00,,0.00,0.00,0.00,2.00,1,1.00,2.00,0.00,0.00,,3,0,19.44,19.44,25.00,25.00,23.72,23.72,28.03,28.03,0.00,0.00
Italy,ITA,20200209,0.00,,0.00,,0.00,,0.00,,0.00,,0.00,,0.00,,3.00,0.00,,0.00,0.00,0.00,2.00,1,1.00,2.00,0.00,0.00,,3,0,19.44,19.44,25.00,25.00,23.72,23.72,28.03,28.03,0.00,0.00
Italy,ITA,20200210,0.00,,0.00,,0.00,,0.00,,0.00,,0.00,,0.00,,3.00,0.00,,0.00,0.00,0.00,2.00,1,1.00,2.00,0.00,0.00,,3,0,19.44,19.44,25.00,25.00,23.72,23.72,28.03,28.03,0.00,0.00
Italy,ITA,20200211,0.00,,0.00,,0.00,,0.00,,0.00,,0.00,,0.00,,3.00,0.00,,0.00,0.00,0.00,2.00,1,1.00,2.00,0.00,0.00,,3,0,19.44,19.44,25.00,25.00,23.72,23.72,28.03,28.03,0.00,0.00
Italy,ITA,20200212,0.00,,0.00,,0.00,,0.00,,0.00,,0.00,,0.00,,3.00,0.00,,0.00,0.00,0.00,2.00,1,1.00,2.00,0.00,0.00,,3,0,19.44,19.44,25.00,25.00,23.72,23.72,28.03,28.03,0.00,0.00
Italy,ITA,20200213,0.00,,0.00,,0.00,,0.00,,0.00,,0.00,,0.00,,3.00,0.00,,0.00,0.00,0.00,2.00,1,1.00,2.00,0.00,0.00,,3,0,19.44,19.44,25.00,25.00,23.72,23.72,28.03,28.03,0.00,0.00
Italy,ITA,20200214,0.00,,0.00,,0.00,,0.00,,0.00,,0.00,,0.00,,3.00,0.00,,0.00,0.00,0.00,2.00,1,1.00,2.00,0.00,0.00,,3,0,19.44,19.44,25.00,25.00,23.72,23.72,28.03,28.03,0.00,0.00
Italy,ITA,20200215,0.00,,0.00,,0.00,,0.00,,0.00,,0.00,,0.00,,3.00,0.00,,0.00,0.00,0.00,2.00,1,1.00,2.00,0.00,0.00,,3,0,19.44,19.44,25.00,25.00,23.72,23.72,28.03,28.03,0.00,0.00
Italy,ITA,20200216,0.00,,0.00,,0.00,,0.00,,0.00,,0.00,,0.00,,3.00,0.00,,0.00,0.00,0.00,2.00,1,1.00,2.00,0.00,0.00,,3,0,19.44,19.44,25.00,25.00,23.72,23.72,28.03,28.03,0.00,0.00
Italy,ITA,20200217,0.00,,0.00,,0.00,,0.00,,0.00,,0.00,,0.00,,3.00,0.00,,0.00,0.00,0.00,2.00,1,1.00,2.00,0.00,0.00,,3,0,19.44,19.44,25.00,25.00,23.72,23.72,28.03,28.03,0.00,0.00
Italy,ITA,20200218,0.00,,0.00,,0.00,,0.00,,0.00,,0.00,,0.00,,3.00,0.00,,0.00,0.00,0.00,2.00,1,1.00,2.00,0.00,0.00,,3,0,19.44,19.44,25.00,25.00,23.72,23.72,28.03,28.03,0.00,0.00
Italy,ITA,20200219,0.00,,0.00,,0.00,,0.00,,0.00,,0.00,,0.00,,3.00,0.00,,0.00,0.00,0.00,2.00,1,1.00,2.00,0.00,0.00,,3,0,19.44,19.44,25.00,25.00,23.72,23.72,28.03,28.03,0.00,0.00
Italy,ITA,20200220,0.00,,0.00,,0.00,,0.00,,0.00,,0.00,,0.00,,3.00,0.00,,0.00,0.00,0.00,2.00,1,1.00,2.00,0.00,0.00,,3,0,19.44,19.44,25.00,25.00,23.72,23.72,28.03,28.03,0.00,0.00
Italy,ITA,20200221,0.00,,0.00,,0.00,,0.00,,0.00,,0.00,,2.00,0,3.00,0.00,,0.00,0.00,0.00,2.00,1,1.00,2.00,0.00,0.00,,3,0,27.78,27.78,34.52,34.52,29.49,29.49,34.85,34.85,0.00,0.00
Italy,ITA,20200222,0.00,,3.00,0,0.00,,0.00,,0.00,,0.00,,2.00,0,3.00,0.00,,0.00,0.00,0.00,2.00,1,1.00,2.00,0.00,0.00,,17,0,37.04,37.04,45.24,45.24,35.90,35.90,42.42,42.42,0.00,0.00
Italy,ITA,20200223,3.00,0,3.00,0,2.00,0,4.00,0,0.00,,2.00,0,2.00,0,3.00,0.00,,0.00,0.00,0.00,2.00,1,1.00,2.00,0.00,0.00,,79,2,69.91,69.91,67.38,67.38,58.65,58.65,69.32,69.32,0.00,0.00
Italy,ITA,20200224,3.00,0,3.00,0,2.00,0,4.00,0,0.00,,2.00,0,2.00,0,3.00,0.00,,0.00,0.00,0.00,2.00,1,1.00,2.00,0.00,0.00,,132,2,69.91,69.91,67.38,67.38,58.65,58.65,69.32,69.32,0.00,0.00
Italy,ITA,20200225,3.00,0,3.00,0,2.00,0,4.00,0,0.00,,2.00,0,2.00,0,3.00,0.00,,0.00,0.00,0.00,2.00,1,1.00,2.00,0.00,0.00,,229,6,69.91,69.91,67.38,67.38,58.65,58.65,69.32,69.32,0.00,0.00
Italy,ITA,20200226,3.00,0,3.00,0,2.00,0,4.00,0,0.00,,2.00,0,2.00,0,3.00,0.00,,0.00,0.00,0.00,2.00,1,2.00,2.00,0.00,0.00,,322,11,69.91,69.91,67.38,67.38,61.22,61.22,72.35,72.35,0.00,0.00
Italy,ITA,20200227,3.00,0,3.00,0,2.00,0,4.00,0,0.00,,2.00,0,2.00,0,3.00,0.00,,0.00,0.00,0.00,2.00,1,2.00,2.00,0.00,0.00,,400,12,69.91,69.91,67.38,67.38,61.22,61.22,72.35,72.35,0.00,0.00
Italy,ITA,20200228,3.00,0,3.00,0,2.00,0,4.00,0,0.00,,2.00,0,2.00,0,3.00,0.00,,0.00,100000000.00,0.00,2.00,1,2.00,2.00,0.00,0.00,,650,17,69.91,69.91,67.38,67.38,61.22,61.22,72.35,72.35,0.00,0.00
Italy,ITA,20200229,3.00,0,3.00,0,2.00,0,4.00,0,0.00,,2.00,0,2.00,0,3.00,0.00,,0.00,0.00,0.00,2.00,1,2.00,2.00,0.00,0.00,,888,21,69.91,69.91,67.38,67.38,61.22,61.22,72.35,72.35,0.00,0.00
Italy,ITA,20200301,3.00,0,3.00,0,2.00,0,4.00,0,0.00,,2.00,0,2.00,0,3.00,0.00,,0.00,4000000000.00,0.00,2.00,1,2.00,2.00,0.00,0.00,,1128,29,69.91,69.91,67.38,67.38,61.22,61.22,72.35,72.35,0.00,0.00
Italy,ITA,20200302,3.00,0,3.00,0,2.00,0,4.00,0,0.00,,2.00,0,2.00,0,3.00,0.00,,0.00,0.00,0.00,2.00,1,2.00,2.00,0.00,0.00,,1689,35,69.91,69.91,67.38,67.38,61.22,61.22,72.35,72.35,0.00,0.00
Italy,ITA,20200303,3.00,0,3.00,0,2.00,0,4.00,0,0.00,,2.00,0,2.00,0,3.00,0.00,,0.00,0.00,0.00,2.00,1,2.00,2.00,0.00,0.00,,2036,52,69.91,69.91,67.38,67.38,61.22,61.22,72.35,72.35,0.00,0.00
Italy,ITA,20200304,3.00,1,3.00,0,2.00,1,4.00,0,0.00,,2.00,0,2.00,0,3.00,0.00,,0.00,0.00,0.00,2.00,1,2.00,2.00,0.00,0.00,,2502,80,74.54,74.54,73.81,73.81,64.42,64.42,76.14,76.14,0.00,0.00
Italy,ITA,20200305,3.00,1,3.00,0,2.00,1,4.00,0,0.00,,2.00,0,2.00,0,3.00,0.00,,0.00,0.00,0.00,2.00,1,2.00,2.00,0.00,0.00,,3089,107,74.54,74.54,73.81,73.81,64.42,64.42,76.14,76.14,0.00,0.00
Italy,ITA,20200306,3.00,1,3.00,0,2.00,1,4.00,0,0.00,,2.00,0,2.00,0,3.00,0.00,,0.00,0.00,0.00,2.00,1,2.00,2.00,0.00,0.00,,3858,148,74.54,74.54,73.81,73.81,64.42,64.42,76.14,76.14,0.00,0.00
Italy,ITA,20200307,3.00,1,3.00,0,2.00,1,4.00,0,0.00,,2.00,0,2.00,0,3.00,0.00,,0.00,0.00,0.00,2.00,1,2.00,2.00,0.00,0.00,,4636,197,74.54,74.54,73.81,73.81,64.42,64.42,76.14,76.14,0.00,0.00
Italy,ITA,20200308,3.00,1,3.00,0,2.00,1,4.00,0,0.00,,2.00,0,2.00,0,3.00,0.00,,0.00,8500000000.00,0.00,2.00,1,2.00,2.00,0.00,0.00,,5883,233,74.54,74.54,73.81,73.81,64.42,64.42,76.14,76.14,0.00,0.00
Italy,ITA,20200309,3.00,1,3.00,0,2.00,1,4.00,0,0.00,,2.00,0,2.00,0,3.00,0.00,,0.00,0.00,0.00,2.00,1,2.00,2.00,0.00,0.00,,7375,366,74.54,74.54,73.81,73.81,64.42,64.42,76.14,76.14,0.00,0.00
Italy,ITA,20200310,3.00,1,3.00,1,2.00,1,4.00,1,0.00,,2.00,1,2.00,1,3.00,0.00,,0.00,0.00,0.00,2.00,1,2.00,2.00,0.00,0.00,,9172,464,82.41,82.41,82.14,82.14,69.87,69.87,82.58,82.58,0.00,0.00
Italy,ITA,20200311,3.00,1,3.00,1,2.00,1,4.00,1,1.00,0,2.00,1,2.00,1,3.00,0.00,,0.00,2784500000.00,0.00,2.00,1,2.00,2.00,0.00,0.00,,10149,631,85.19,85.19,86.90,86.90,71.79,71.79,84.85,84.85,0.00,0.00
Italy,ITA,20200312,3.00,1,3.00,1,2.00,1,4.00,1,1.00,0,2.00,1,2.00,1,3.00,0.00,,0.00,0.00,0.00,2.00,1,2.00,2.00,0.00,0.00,,12462,827,85.19,85.19,86.90,86.90,71.79,71.79,84.85,84.85,0.00,0.00
Italy,ITA,20200313,3.00,1,3.00,1,2.00,1,4.00,1,1.00,0,2.00,1,2.00,1,3.00,0.00,,0.00,0.00,0.00,2.00,1,2.00,2.00,0.00,0.00,,15113,1016,85.19,85.19,86.90,86.90,71.79,71.79,84.85,84.85,0.00,0.00
Italy,ITA,20200314,3.00,1,3.00,1,2.00,1,4.00,1,1.00,0,2.00,1,2.00,1,3.00,0.00,,0.00,0.00,0.00,2.00,1,2.00,2.00,0.00,0.00,,17660,1268,85.19,85.19,86.90,86.90,71.79,71.79,84.85,84.85,0.00,0.00
Italy,ITA,20200315,3.00,1,3.00,1,2.00,1,4.00,1,1.00,0,2.00,1,2.00,1,3.00,0.00,,0.00,0.00,0.00,2.00,1,2.00,2.00,0.00,0.00,,21157,1441,85.19,85.19,86.90,86.90,71.79,71.79,84.85,84.85,0.00,0.00
Italy,ITA,20200316,3.00,1,3.00,1,2.00,1,4.00,1,1.00,0,2.00,1,2.00,1,3.00,0.00,,0.00,0.00,0.00,2.00,1,2.00,2.00,3564000000.00,0.00,,23980,1811,85.19,85.19,86.90,86.90,71.79,71.79,84.85,84.85,0.00,0.00
Italy,ITA,20200317,3.00,1,3.00,1,2.00,1,4.00,1,1.00,0,2.00,1,2.00,1,3.00,1.00,0,1.00,0.00,0.00,2.00,1,2.00,2.00,0.00,0.00,,27980,2158,85.19,85.19,86.90,86.90,77.56,77.56,84.85,84.85,37.50,37.50
Italy,ITA,20200318,3.00,1,3.00,1,2.00,1,4.00,1,1.00,0,2.00,1,2.00,1,3.00,1.00,0,1.00,0.00,0.00,2.00,1,2.00,2.00,0.00,0.00,,31506,2505,85.19,85.19,86.90,86.90,77.56,77.56,84.85,84.85,37.50,37.50
Italy,ITA,20200319,3.00,1,3.00,1,2.00,1,4.00,1,1.00,0,2.00,1,2.00,1,3.00,1.00,0,1.00,0.00,0.00,2.00,1,2.00,2.00,0.00,0.00,,35713,2978,85.19,85.19,86.90,86.90,77.56,77.56,84.85,84.85,37.50,37.50
Italy,ITA,20200320,3.00,1,3.00,1,2.00,1,4.00,1,1.00,1,3.00,1,2.00,1,3.00,1.00,0,1.00,0.00,0.00,2.00,1,2.00,2.00,0.00,0.00,,41035,3407,91.67,91.67,91.67,91.67,82.05,82.05,90.15,90.15,37.50,37.50
Italy,ITA,20200321,3.00,1,3.00,1,2.00,1,4.00,1,1.00,1,3.00,1,2.00,1,3.00,1.00,0,1.00,0.00,0.00,2.00,1,2.00,2.00,0.00,0.00,,47021,4032,91.67,91.67,91.67,91.67,82.05,82.05,90.15,90.15,37.50,37.50
Italy,ITA,20200322,3.00,1,3.00,1,2.00,1,4.00,1,1.00,1,3.00,1,2.00,1,3.00,1.00,0,1.00,0.00,0.00,2.00,1,2.00,2.00,0.00,0.00,,53578,4827,91.67,91.67,91.67,91.67,82.05,82.05,90.15,90.15,37.50,37.50
Italy,ITA,20200323,3.00,1,3.00,1,2.00,1,4.00,1,1.00,1,3.00,1,2.00,1,3.00,1.00,0,1.00,0.00,0.00,2.00,1,2.00,2.00,0.00,0.00,,59138,5476,91.67,91.67,91.67,91.67,82.05,82.05,90.15,90.15,37.50,37.50
Italy,ITA,20200324,3.00,1,3.00,1,2.00,1,4.00,1,1.00,1,3.00,1,2.00,1,3.00,1.00,0,1.00,0.00,0.00,2.00,1,2.00,2.00,0.00,0.00,,63927,6077,91.67,91.67,91.67,91.67,82.05,82.05,90.15,90.15,37.50,37.50
Italy,ITA,20200325,3.00,1,3.00,1,2.00,1,4.00,1,1.00,1,3.00,1,2.00,1,3.00,1.00,0,1.00,0.00,0.00,2.00,1,2.00,2.00,0.00,0.00,,69176,6820,91.67,91.67,91.67,91.67,82.05,82.05,90.15,90.15,37.50,37.50
Italy,ITA,20200326,3.00,1,3.00,1,2.00,1,4.00,1,1.00,1,3.00,1,2.00,1,3.00,1.00,0,1.00,0.00,0.00,2.00,1,2.00,2.00,0.00,0.00,,74386,7505,91.67,91.67,91.67,91.67,82.05,82.05,90.15,90.15,37.50,37.50
Italy,ITA,20200327,3.00,1,3.00,1,2.00,1,4.00,1,1.00,1,3.00,1,2.00,1,3.00,1.00,1,1.00,0.00,0.00,2.00,1,2.00,2.00,0.00,0.00,,80539,8165,91.67,91.67,91.67,91.67,83.97,83.97,90.15,90.15,50.00,50.00
Italy,ITA,20200328,3.00,1,3.00,1,2.00,1,4.00,1,1.00,1,3.00,1,2.00,1,3.00,1.00,1,1.00,0.00,0.00,2.00,1,2.00,2.00,0.00,0.00,,86498,9136,91.67,91.67,91.67,91.67,83.97,83.97,90.15,90.15,50.00,50.00
Italy,ITA,20200329,3.00,1,3.00,1,2.00,1,4.00,1,1.00,1,3.00,1,2.00,1,3.00,1.00,1,1.00,0.00,0.00,2.00,1,2.00,2.00,0.00,0.00,,92472,10023,91.67,91.67,91.67,91.67,83.97,83.97,90.15,90.15,50.00,50.00
Italy,ITA,20200330,3.00,1,3.00,1,2.00,1,4.00,1,1.00,1,3.00,1,2.00,1,3.00,1.00,1,1.00,0.00,0.00,2.00,1,2.00,2.00,0.00,0.00,,97689,10781,91.67,91.67,91.67,91.67,83.97,83.97,90.15,90.15,50.00,50.00
Italy,ITA,20200331,3.00,1,3.00,1,2.00,1,4.00,1,1.00,1,3.00,1,2.00,1,3.00,1.00,1,1.00,0.00,0.00,2.00,1,2.00,2.00,0.00,0.00,,101739,11591,91.67,91.67,91.67,91.67,83.97,83.97,90.15,90.15,50.00,50.00
Italy,ITA,20200401,3.00,1,3.00,1,2.00,1,4.00,1,1.00,1,3.00,1,2.00,1,3.00,1.00,1,1.00,0.00,0.00,2.00,1,2.00,2.00,0.00,0.00,,105792,12430,91.67,91.67,91.67,91.67,83.97,83.97,90.15,90.15,50.00,50.00
Italy,ITA,20200402,3.00,1,3.00,1,2.00,1,4.00,1,1.00,1,3.00,1,2.00,1,3.00,1.00,1,1.00,0.00,0.00,2.00,1,2.00,2.00,0.00,0.00,,110574,13157,91.67,91.67,91.67,91.67,83.97,83.97,90.15,90.15,50.00,50.00
Italy,ITA,20200403,3.00,1,3.00,1,2.00,1,4.00,1,1.00,1,3.00,1,2.00,1,3.00,1.00,1,1.00,0.00,0.00,2.00,1,2.00,2.00,0.00,0.00,,115242,13917,91.67,91.67,91.67,91.67,83.97,83.97,90.15,90.15,50.00,50.00
Italy,ITA,20200404,3.00,1,3.00,1,2.00,1,4.00,1,1.00,1,3.00,1,2.00,1,3.00,1.00,1,1.00,0.00,0.00,2.00,1,2.00,2.00,0.00,0.00,,119827,14681,91.67,91.67,91.67,91.67,83.97,83.97,90.15,90.15,50.00,50.00
Italy,ITA,20200405,3.00,1,3.00,1,2.00,1,4.00,1,1.00,1,3.00,1,2.00,1,3.00,1.00,1,1.00,0.00,0.00,2.00,1,2.00,2.00,0.00,0.00,,124632,15362,91.67,91.67,91.67,91.67,83.97,83.97,90.15,90.15,50.00,50.00
Italy,ITA,20200406,3.00,1,3.00,1,2.00,1,4.00,1,1.00,1,3.00,1,2.00,1,3.00,1.00,1,1.00,452656343806.00,0.00,2.00,1,2.00,2.00,0.00,0.00,,128948,15889,91.67,91.67,91.67,91.67,83.97,83.97,90.15,90.15,50.00,50.00
Italy,ITA,20200407,3.00,1,3.00,1,2.00,1,4.00,1,1.00,1,3.00,1,2.00,1,3.00,1.00,1,1.00,0.00,0.00,2.00,1,2.00,2.00,0.00,0.00,,132547,16525,91.67,91.67,91.67,91.67,83.97,83.97,90.15,90.15,50.00,50.00
Italy,ITA,20200408,3.00,1,3.00,1,2.00,1,4.00,1,1.00,1,3.00,1,2.00,1,3.00,1.00,1,1.00,0.00,0.00,2.00,1,2.00,2.00,0.00,0.00,,135586,17129,91.67,91.67,91.67,91.67,83.97,83.97,90.15,90.15,50.00,50.00
Italy,ITA,20200409,3.00,1,3.00,1,2.00,1,4.00,1,1.00,1,3.00,1,2.00,1,3.00,1.00,1,1.00,0.00,0.00,2.00,1,2.00,2.00,0.00,0.00,,139422,17669,91.67,91.67,91.67,91.67,83.97,83.97,90.15,90.15,50.00,50.00
Italy,ITA,20200410,3.00,1,3.00,1,2.00,1,4.00,1,1.00,1,2.00,1,2.00,1,3.00,1.00,1,1.00,0.00,0.00,2.00,1,2.00,2.00,0.00,0.00,,143626,18281,87.96,87.96,91.67,91.67,81.41,81.41,87.12,87.12,50.00,50.00
Italy,ITA,20200411,3.00,1,3.00,1,2.00,1,4.00,1,1.00,1,2.00,1,2.00,1,3.00,1.00,1,1.00,0.00,0.00,2.00,1,2.00,2.00,0.00,0.00,,147577,18851,87.96,87.96,91.67,91.67,81.41,81.41,87.12,87.12,50.00,50.00
Italy,ITA,20200412,3.00,1,3.00,1,2.00,1,4.00,1,2.00,1,2.00,1,2.00,1,3.00,1.00,1,1.00,0.00,0.00,2.00,1,2.00,2.00,0.00,0.00,,152271,19470,93.52,93.52,96.43,96.43,85.26,85.26,91.67,91.67,50.00,50.00
Italy,ITA,20200413,3.00,1,3.00,1,2.00,1,4.00,1,2.00,1,2.00,1,2.00,1,3.00,1.00,1,1.00,0.00,0.00,2.00,1,2.00,2.00,0.00,0.00,,156363,19901,93.52,93.52,96.43,96.43,85.26,85.26,91.67,91.67,50.00,50.00
Italy,ITA,20200414,3.00,1,3.00,1,2.00,1,4.00,1,2.00,1,2.00,1,2.00,1,3.00,1.00,1,1.00,0.00,0.00,2.00,1,2.00,2.00,0.00,0.00,,159516,20465,93.52,93.52,96.43,96.43,85.26,85.26,91.67,91.67,50.00,50.00
Italy,ITA,20200415,3.00,1,3.00,1,2.00,1,4.00,1,2.00,1,2.00,1,2.00,1,3.00,1.00,1,1.00,0.00,0.00,2.00,1,2.00,2.00,0.00,0.00,,162488,21069,93.52,93.52,96.43,96.43,85.26,85.26,91.67,91.67,50.00,50.00
Italy,ITA,20200416,3.00,1,3.00,1,2.00,1,4.00,1,2.00,1,2.00,1,2.00,1,3.00,1.00,1,1.00,0.00,0.00,2.00,1,2.00,2.00,0.00,0.00,,165155,21647,93.52,93.52,96.43,96.43,85.26,85.26,91.67,91.67,50.00,50.00
Italy,ITA,20200417,3.00,1,3.00,1,2.00,1,4.00,1,2.00,1,2.00,1,2.00,1,3.00,1.00,1,1.00,0.00,0.00,2.00,1,2.00,2.00,0.00,0.00,,168941,22172,93.52,93.52,96.43,96.43,85.26,85.26,91.67,91.67,50.00,50.00
Italy,ITA,20200418,3.00,1,3.00,1,2.00,1,4.00,1,2.00,1,2.00,1,2.00,1,3.00,1.00,1,1.00,0.00,0.00,2.00,1,2.00,2.00,0.00,0.00,,172434,22747,93.52,93.52,96.43,96.43,85.26,85.26,91.67,91.67,50.00,50.00
Italy,ITA,20200419,3.00,1,3.00,1,2.00,1,4.00,1,2.00,1,2.00,1,2.00,1,3.00,1.00,1,1.00,0.00,0.00,2.00,1,2.00,2.00,0.00,0.00,,175925,23227,93.52,93.52,96.43,96.43,85.26,85.26,91.67,91.67,50.00,50.00
Italy,ITA,20200420,3.00,1,3.00,1,2.00,1,4.00,1,2.00,1,2.00,1,2.00,1,3.00,1.00,1,1.00,0.00,0.00,2.00,1,2.00,2.00,326220000.00,0.00,,178972,23660,93.52,93.52,96.43,96.43,85.26,85.26,91.67,91.67,50.00,50.00
Italy,ITA,20200421,3.00,1,3.00,1,2.00,1,4.00,1,2.00,1,2.00,1,2.00,1,3.00,1.00,1,1.00,0.00,0.00,2.00,1,2.00,2.00,0.00,0.00,,181228,24114,93.52,93.52,96.43,96.43,85.26,85.26,91.67,91.67,50.00,50.00
Italy,ITA,20200422,3.00,1,3.00,1,2.00,1,4.00,1,2.00,1,2.00,1,2.00,1,3.00,1.00,1,1.00,0.00,0.00,2.00,1,2.00,2.00,0.00,0.00,,183957,24648,93.52,93.52,96.43,96.43,85.26,85.26,91.67,91.67,50.00,50.00
Italy,ITA,20200423,3.00,1,3.00,1,2.00,1,4.00,1,2.00,1,2.00,1,2.00,1,3.00,1.00,1,1.00,0.00,0.00,2.00,1,2.00,2.00,0.00,0.00,,187327,25085,93.52,93.52,96.43,96.43,85.26,85.26,91.67,91.67,50.00,50.00
Italy,ITA,20200424,3.00,1,3.00,1,2.00,1,4.00,1,2.00,1,2.00,1,2.00,1,3.00,1.00,1,1.00,0.00,0.00,2.00,1,2.00,2.00,0.00,0.00,,189973,25549,93.52,93.52,96.43,96.43,85.26,85.26,91.67,91.67,50.00,50.00
Italy,ITA,20200425,3.00,1,3.00,1,2.00,1,4.00,1,2.00,1,2.00,1,2.00,1,3.00,1.00,1,1.00,0.00,0.00,2.00,1,2.00,2.00,0.00,0.00,,192994,25969,93.52,93.52,96.43,96.43,85.26,85.26,91.67,91.67,50.00,50.00
Italy,ITA,20200426,3.00,1,3.00,1,2.00,1,4.00,1,2.00,1,2.00,1,2.00,1,3.00,1.00,1,1.00,0.00,0.00,2.00,1,2.00,2.00,0.00,0.00,,195351,26384,93.52,93.52,96.43,96.43,85.26,85.26,91.67,91.67,50.00,50.00
Italy,ITA,20200427,3.00,1,3.00,1,2.00,1,4.00,1,2.00,1,2.00,1,2.00,1,3.00,1.00,1,1.00,0.00,0.00,2.00,1,2.00,2.00,0.00,0.00,,197675,26644,93.52,93.52,96.43,96.43,85.26,85.26,91.67,91.67,50.00,50.00
Italy,ITA,20200428,3.00,1,3.00,1,2.00,1,4.00,1,2.00,1,2.00,1,2.00,1,3.00,1.00,1,1.00,0.00,0.00,2.00,1,2.00,2.00,0.00,0.00,,199414,26977,93.52,93.52,96.43,96.43,85.26,85.26,91.67,91.67,50.00,50.00
Italy,ITA,20200429,3.00,1,3.00,1,2.00,1,4.00,1,2.00,1,2.00,1,2.00,1,3.00,1.00,1,1.00,0.00,0.00,2.00,1,2.00,2.00,0.00,0.00,,201505,27359,93.52,93.52,96.43,96.43,85.26,85.26,91.67,91.67,50.00,50.00
Italy,ITA,20200430,3.00,1,3.00,1,2.00,1,4.00,1,2.00,1,2.00,1,2.00,1,3.00,1.00,1,1.00,0.00,0.00,2.00,1,2.00,2.00,0.00,0.00,,203591,27682,93.52,93.52,96.43,96.43,85.26,85.26,91.67,91.67,50.00,50.00
Italy,ITA,20200501,3.00,1,3.00,1,2.00,1,4.00,1,2.00,1,2.00,1,2.00,1,3.00,1.00,1,1.00,0.00,0.00,2.00,1,2.00,2.00,0.00,0.00,,205463,27967,93.52,93.52,96.43,96.43,85.26,85.26,91.67,91.67,50.00,50.00
Italy,ITA,20200502,3.00,1,3.00,1,2.00,1,4.00,1,2.00,1,2.00,1,2.00,1,3.00,1.00,1,1.00,0.00,0.00,2.00,1,2.00,2.00,0.00,0.00,,207428,28236,93.52,93.52,96.43,96.43,85.26,85.26,91.67,91.67,50.00,50.00
Italy,ITA,20200503,3.00,1,3.00,1,2.00,1,4.00,1,2.00,1,2.00,1,2.00,1,3.00,1.00,1,1.00,0.00,0.00,2.00,1,2.00,2.00,0.00,0.00,,209328,28710,93.52,93.52,96.43,96.43,85.26,85.26,91.67,91.67,50.00,50.00
Italy,ITA,20200504,3.00,1,1.00,1,2.00,1,4.00,1,0.00,,1.00,1,1.00,1,2.00,1.00,1,1.00,0.00,0.00,2.00,1,2.00,2.00,0.00,0.00,,210717,28884,62.96,62.96,66.67,66.67,64.10,64.10,66.67,66.67,50.00,50.00
Italy,ITA,20200505,3.00,1,1.00,1,2.00,1,4.00,1,0.00,,1.00,1,1.00,1,2.00,1.00,1,1.00,0.00,0.00,2.00,1,2.00,2.00,0.00,0.00,,211938,29079,62.96,62.96,66.67,66.67,64.10,64.10,66.67,66.67,50.00,50.00
Italy,ITA,20200506,3.00,1,1.00,1,2.00,1,4.00,1,0.00,,1.00,1,1.00,1,2.00,1.00,1,1.00,0.00,0.00,2.00,1,2.00,2.00,0.00,0.00,,213013,29315,62.96,62.96,66.67,66.67,64.10,64.10,66.67,66.67,50.00,50.00
Italy,ITA,20200507,3.00,1,1.00,1,2.00,1,4.00,1,0.00,,1.00,1,1.00,1,2.00,1.00,1,1.00,0.00,0.00,2.00,1,2.00,2.00,0.00,0.00,,214457,29684,62.96,62.96,66.67,66.67,64.10,64.10,66.67,66.67,50.00,50.00
Italy,ITA,20200508,3.00,1,1.00,1,2.00,1,4.00,1,0.00,,1.00,1,1.00,1,2.00,1.00,1,1.00,0.00,0.00,2.00,1,2.00,2.00,0.00,0.00,,215858,29958,62.96,62.96,66.67,66.67,64.10,64.10,66.67,66.67,50.00,50.00
Italy,ITA,20200509,3.00,1,1.00,1,2.00,1,4.00,1,0.00,,1.00,1,1.00,1,2.00,1.00,1,1.00,0.00,0.00,2.00,1,2.00,2.00,0.00,0.00,,217185,30201,62.96,62.96,66.67,66.67,64.10,64.10,66.67,66.67,50.00,50.00
Italy,ITA,20200510,3.00,1,1.00,1,2.00,1,4.00,1,0.00,,1.00,1,1.00,1,2.00,1.00,1,1.00,0.00,0.00,2.00,1,2.00,2.00,0.00,0.00,,218268,30395,62.96,62.96,66.67,66.67,64.10,64.10,66.67,66.67,50.00,50.00
Italy,ITA,20200511,3.00,1,1.00,1,2.00,1,4.00,1,0.00,,1.00,1,1.00,1,2.00,1.00,1,1.00,0.00,0.00,2.00,1,2.00,2.00,0.00,0.00,,219070,30560,62.96,62.96,66.67,66.67,64.10,64.10,66.67,66.67,50.00,50.00
Italy,ITA,20200512,3.00,1,1.00,1,2.00,1,4.00,1,0.00,,1.00,1,1.00,1,2.00,1.00,1,1.00,0.00,0.00,2.00,1,2.00,2.00,0.00,0.00,,219814,30739,62.96,62.96,66.67,66.67,64.10,64.10,66.67,66.67,50.00,50.00
Italy,ITA,20200513,3.00,1,1.00,1,2.00,1,4.00,1,0.00,,1.00,1,1.00,1,2.00,1.00,1,1.00,59600000000.00,0.00,2.00,1,2.00,2.00,3500000000.00,0.00,,221216,30911,62.96,62.96,66.67,66.67,64.10,64.10,66.67,66.67,50.00,50.00
Italy,ITA,20200514,3.00,1,1.00,1,2.00,1,4.00,1,0.00,,1.00,1,1.00,1,2.00,1.00,1,1.00,0.00,0.00,2.00,1,2.00,2.00,0.00,0.00,,222104,31106,62.96,62.96,66.67,66.67,64.10,64.10,66.67,66.67,50.00,50.00
Italy,ITA,20200515,3.00,1,1.00,1,2.00,1,4.00,1,0.00,,1.00,1,1.00,1,2.00,1.00,1,1.00,0.00,0.00,2.00,1,2.00,2.00,0.00,0.00,,223096,31368,62.96,62.96,66.67,66.67,64.10,64.10,66.67,66.67,50.00,50.00
Italy,ITA,20200516,3.00,1,2.00,1,2.00,1,4.00,1,0.00,,1.00,1,1.00,1,2.00,1.00,1,1.00,0.00,0.00,2.00,1,2.00,2.00,0.00,0.00,,223885,31610,66.67,66.67,70.24,70.24,66.67,66.67,69.70,69.70,50.00,50.00
Italy,ITA,20200517,3.00,1,2.00,1,2.00,1,4.00,1,0.00,,1.00,1,1.00,1,2.00,1.00,1,1.00,0.00,0.00,2.00,1,2.00,2.00,0.00,0.00,,224760,31763,66.67,66.67,70.24,70.24,66.67,66.67,69.70,69.70,50.00,50.00
Italy,ITA,20200518,3.00,1,2.00,1,2.00,1,0.00,,0.00,,1.00,1,2.00,1,3.00,1.00,1,1.00,0.00,0.00,2.00,1,2.00,2.00,0.00,0.00,,225435,31908,63.89,63.89,78.57,78.57,64.74,64.74,67.42,67.42,50.00,50.00
Italy,ITA,20200519,3.00,1,2.00,1,2.00,1,0.00,,0.00,,1.00,1,2.00,1,3.00,1.00,1,1.00,0.00,0.00,2.00,1,2.00,2.00,0.00,0.00,,225886,32007,63.89,63.89,78.57,78.57,64.74,64.74,67.42,67.42,50.00,50.00
Italy,ITA,20200520,3.00,1,2.00,1,2.00,1,0.00,,0.00,,1.00,1,2.00,1,3.00,1.00,1,1.00,0.00,0.00,2.00,1,2.00,2.00,0.00,0.00,,226699,32169,63.89,63.89,78.57,78.57,64.74,64.74,67.42,67.42,50.00,50.00
Italy,ITA,20200521,3.00,1,2.00,1,2.00,1,0.00,,0.00,,1.00,1,2.00,1,3.00,1.00,1,1.00,0.00,0.00,2.00,1,2.00,2.00,0.00,0.00,,227364,32330,63.89,63.89,78.57,78.57,64.74,64.74,67.42,67.42,50.00,50.00
Italy,ITA,20200522,3.00,1,2.00,1,2.00,1,0.00,,0.00,,1.00,1,2.00,1,3.00,1.00,1,1.00,0.00,0.00,2.00,1,2.00,2.00,0.00,0.00,,228006,32486,63.89,63.89,78.57,78.57,64.74,64.74,67.42,67.42,50.00,50.00
Italy,ITA,20200523,3.00,1,2.00,1,2.00,1,0.00,,0.00,,1.00,1,2.00,1,3.00,1.00,1,1.00,0.00,0.00,2.00,1,2.00,2.00,0.00,0.00,,228658,32616,63.89,63.89,78.57,78.57,64.74,64.74,67.42,67.42,50.00,50.00
Italy,ITA,20200524,3.00,1,2.00,1,2.00,1,0.00,,0.00,,1.00,1,2.00,1,3.00,1.00,1,1.00,0.00,0.00,2.00,1,2.00,2.00,0.00,0.00,,229327,32735,63.89,63.89,78.57,78.57,64.74,64.74,67.42,67.42,50.00,50.00
Italy,ITA,20200525,3.00,1,2.00,1,2.00,1,0.00,,0.00,,1.00,1,2.00,1,3.00,1.00,1,1.00,0.00,0.00,2.00,1,2.00,2.00,0.00,0.00,,229858,32785,63.89,63.89,78.57,78.57,64.74,64.74,67.42,67.42,50.00,50.00
Italy,ITA,20200526,3.00,1,2.00,1,2.00,1,0.00,,0.00,,1.00,1,2.00,1,3.00,1.00,1,1.00,0.00,0.00,2.00,1,2.00,2.00,0.00,0.00,,230158,32877,63.89,63.89,78.57,78.57,64.74,64.74,67.42,67.42,50.00,50.00
Italy,ITA,20200527,3.00,1,2.00,1,2.00,1,0.00,,0.00,,1.00,1,2.00,1,3.00,1.00,1,1.00,0.00,0.00,2.00,1,2.00,2.00,0.00,0.00,,230555,32955,63.89,63.89,78.57,78.57,64.74,64.74,67.42,67.42,50.00,50.00
Italy,ITA,20200528,3.00,1,2.00,1,2.00,1,0.00,,0.00,,1.00,1,2.00,1,3.00,1.00,1,1.00,0.00,0.00,2.00,1,2.00,2.00,0.00,0.00,,231139,33072,63.89,63.89,78.57,78.57,64.74,64.74,67.42,67.42,50.00,50.00
Italy,ITA,20200529,3.00,1,2.00,1,2.00,1,0.00,,0.00,,1.00,1,2.00,1,3.00,1.00,1,1.00,0.00,0.00,2.00,1,2.00,2.00,0.00,0.00,,231732,33142,63.89,63.89,78.57,78.57,64.74,64.74,67.42,67.42,50.00,50.00
Italy,ITA,20200530,3.00,1,2.00,1,2.00,1,0.00,,0.00,,1.00,1,2.00,1,3.00,1.00,1,1.00,0.00,0.00,2.00,1,2.00,2.00,0.00,0.00,,232248,33229,63.89,63.89,78.57,78.57,64.74,64.74,67.42,67.42,50.00,50.00
Italy,ITA,20200531,3.00,1,2.00,1,2.00,1,0.00,,0.00,,1.00,1,2.00,1,3.00,1.00,1,1.00,0.00,0.00,2.00,1,2.00,2.00,0.00,0.00,,232664,33340,63.89,63.89,78.57,78.57,64.74,64.74,67.42,67.42,50.00,50.00
Italy,ITA,20200601,3.00,1,2.00,1,2.00,1,0.00,,0.00,,1.00,1,2.00,1,3.00,1.00,1,1.00,0.00,0.00,2.00,1,2.00,2.00,0.00,0.00,,233019,33415,63.89,63.89,78.57,78.57,64.74,64.74,67.42,67.42,50.00,50.00
Italy,ITA,20200602,3.00,1,2.00,1,2.00,1,0.00,,0.00,,1.00,1,0.00,,3.00,1.00,1,2.00,0.00,0.00,2.00,1,2.00,2.00,0.00,0.00,,233197,33475,52.78,52.78,71.43,71.43,60.90,60.90,58.33,58.33,75.00,75.00
Italy,ITA,20200603,3.00,1,2.00,1,2.00,1,0.00,,0.00,,1.00,1,0.00,,0.00,1.00,1,2.00,0.00,0.00,2.00,1,2.00,2.00,0.00,0.00,,233515,33530,44.44,44.44,60.71,60.71,55.13,55.13,51.52,51.52,75.00,75.00
Italy,ITA,20200604,3.00,1,2.00,1,2.00,1,0.00,,0.00,,1.00,1,0.00,,0.00,1.00,1,2.00,0.00,0.00,2.00,1,2.00,2.00,0.00,0.00,,233836,33601,44.44,44.44,60.71,60.71,55.13,55.13,51.52,51.52,75.00,75.00
Italy,ITA,20200605,3.00,1,2.00,1,2.00,1,0.00,,0.00,,1.00,1,0.00,,0.00,1.00,1,2.00,0.00,0.00,2.00,1,2.00,2.00,0.00,0.00,,234013,33689,44.44,44.44,60.71,60.71,55.13,55.13,51.52,51.52,75.00,75.00
Italy,ITA,20200606,3.00,1,2.00,1,2.00,1,0.00,,0.00,,1.00,1,0.00,,0.00,1.00,1,2.00,0.00,0.00,2.00,1,2.00,2.00,0.00,0.00,,234531,33774,44.44,44.44,60.71,60.71,55.13,55.13,51.52,51.52,75.00,75.00
Italy,ITA,20200607,3.00,1,2.00,1,2.00,1,0.00,,0.00,,1.00,1,0.00,,0.00,1.00,1,2.00,0.00,0.00,2.00,1,2.00,2.00,0.00,0.00,,234801,33846,44.44,44.44,60.71,60.71,55.13,55.13,51.52,51.52,75.00,75.00
Italy,ITA,20200608,3.00,1,2.00,1,2.00,1,0.00,,0.00,,1.00,1,0.00,,0.00,1.00,1,2.00,0.00,0.00,2.00,1,2.00,2.00,0.00,0.00,,234998,33899,44.44,44.44,60.71,60.71,55.13,55.13,51.52,51.52,75.00,75.00
Italy,ITA,20200609,3.00,1,2.00,1,2.00,1,0.00,,0.00,,1.00,1,0.00,,0.00,1.00,1,2.00,0.00,0.00,2.00,1,2.00,2.00,0.00,0.00,,235278,33964,44.44,44.44,60.71,60.71,55.13,55.13,51.52,51.52,75.00,75.00
Italy,ITA,20200610,3.00,1,2.00,1,2.00,1,0.00,,0.00,,1.00,1,0.00,,0.00,1.00,1,2.00,0.00,0.00,2.00,1,2.00,2.00,0.00,0.00,,235561,34043,44.44,44.44,60.71,60.71,55.13,55.13,51.52,51.52,75.00,75.00
Italy,ITA,20200611,3.00,1,2.00,1,2.00,1,0.00,,0.00,,1.00,1,0.00,,0.00,1.00,1,2.00,0.00,0.00,2.00,1,2.00,2.00,0.00,0.00,,235763,34114,44.44,44.44,60.71,60.71,55.13,55.13,51.52,51.52,75.00,75.00
Italy,ITA,20200612,3.00,1,2.00,1,2.00,1,0.00,,0.00,,1.00,1,0.00,,0.00,1.00,1,2.00,0.00,0.00,2.00,1,2.00,2.00,0.00,0.00,,236142,34167,44.44,44.44,60.71,60.71,55.13,55.13,51.52,51.52,75.00,75.00
Italy,ITA,20200613,3.00,1,2.00,1,2.00,1,0.00,,0.00,,1.00,1,0.00,,0.00,1.00,1,2.00,0.00,0.00,2.00,1,2.00,2.00,0.00,0.00,,236305,34223,44.44,44.44,60.71,60.71,55.13,55.13,51.52,51.52,75.00,75.00
Italy,ITA,20200614,3.00,1,2.00,1,2.00,1,0.00,,0.00,,1.00,1,0.00,,0.00,1.00,1,2.00,0.00,0.00,2.00,1,2.00,2.00,0.00,0.00,,236651,34301,44.44,44.44,60.71,60.71,55.13,55.13,51.52,51.52,75.00,75.00
Italy,ITA,20200615,3.00,1,2.00,1,2.00,1,2.00,1,0.00,,1.00,1,0.00,,0.00,1.00,1,2.00,0.00,0.00,2.00,1,2.00,2.00,0.00,0.00,,236989,34345,50.00,50.00,60.71,60.71,58.97,58.97,56.06,56.06,75.00,75.00
Italy,ITA,20200616,3.00,1,2.00,1,,,2.00,1,0.00,,1.00,1,0.00,,0.00,1.00,1,2.00,0.00,0.00,2.00,1,2.00,2.00,0.00,0.00,,237290,34371,38.89,38.89,55.00,55.00,51.28,51.28,46.97,46.97,75.00,75.00
Italy,ITA,20200617,,,2.00,1,,,2.00,1,0.00,,1.00,1,0.00,,0.00,1.00,1,2.00,0.00,0.00,2.00,1,2.00,2.00,0.00,0.00,,237500,34405,,38.89,40.71,40.71,,51.28,,46.97,75.00,75.00
Italy,ITA,20200618,,,2.00,1,,,2.00,1,0.00,,1.00,1,0.00,,0.00,1.00,1,2.00,0.00,0.00,2.00,1,2.00,2.00,0.00,0.00,,237828,34448,,38.89,40.71,40.71,,51.28,,46.97,75.00,75.00
Italy,ITA,20200619,,,2.00,1,,,2.00,1,0.00,,1.00,1,0.00,,0.00,1.00,1,2.00,0.00,0.00,2.00,1,2.00,2.00,0.00,0.00,,238159,34514,,38.89,40.71,40.71,,51.28,,46.97,75.00,75.00
Italy,ITA,20200620,,,2.00,1,,,2.00,1,0.00,,1.00,1,0.00,,0.00,1.00,1,2.00,0.00,0.00,2.00,1,2.00,2.00,0.00,0.00,,238011,34561,,38.89,40.71,40.71,,51.28,,46.97,75.00,75.00
Italy,ITA,20200621,,,2.00,1,,,2.00,1,0.00,,1.00,1,0.00,,0.00,1.00,1,2.00,0.00,0.00,2.00,1,2.00,2.00,0.00,0.00,,238275,34610,,38.89,40.71,40.71,,51.28,,46.97,75.00,75.00
Italy,ITA,20200622,,,2.00,1,,,2.00,1,0.00,,1.00,1,0.00,,0.00,1.00,1,2.00,0.00,0.00,2.00,1,2.00,2.00,0.00,0.00,,238499,34634,,38.89,40.71,40.71,,51.28,,46.97,75.00,75.00
Italy,ITA,20200623,,,,,,,,,,,,,,,,,,,,,,,,,,,,238720,34657,,38.89,,40.71,,51.28,,46.97,,75.00
