Jamaica,JAM,20200101,0.00,,0.00,,0.00,,0.00,,0.00,,0.00,,0.00,,0.00,0.00,,0.00,0.00,0.00,0.00,,0.00,0.00,0.00,0.00,,,,0.00,0.00,0.00,0.00,0.00,0.00,0.00,0.00,0.00,0.00
Jamaica,JAM,20200102,0.00,,0.00,,0.00,,0.00,,0.00,,0.00,,0.00,,0.00,0.00,,0.00,0.00,0.00,0.00,,0.00,0.00,0.00,0.00,,,,0.00,0.00,0.00,0.00,0.00,0.00,0.00,0.00,0.00,0.00
Jamaica,JAM,20200103,0.00,,0.00,,0.00,,0.00,,0.00,,0.00,,0.00,,0.00,0.00,,0.00,0.00,0.00,0.00,,0.00,0.00,0.00,0.00,,,,0.00,0.00,0.00,0.00,0.00,0.00,0.00,0.00,0.00,0.00
Jamaica,JAM,20200104,0.00,,0.00,,0.00,,0.00,,0.00,,0.00,,0.00,,0.00,0.00,,0.00,0.00,0.00,0.00,,0.00,0.00,0.00,0.00,,,,0.00,0.00,0.00,0.00,0.00,0.00,0.00,0.00,0.00,0.00
Jamaica,JAM,20200105,0.00,,0.00,,0.00,,0.00,,0.00,,0.00,,0.00,,0.00,0.00,,0.00,0.00,0.00,0.00,,0.00,0.00,0.00,0.00,,,,0.00,0.00,0.00,0.00,0.00,0.00,0.00,0.00,0.00,0.00
Jamaica,JAM,20200106,0.00,,0.00,,0.00,,0.00,,0.00,,0.00,,0.00,,0.00,0.00,,0.00,0.00,0.00,0.00,,0.00,0.00,0.00,0.00,,,,0.00,0.00,0.00,0.00,0.00,0.00,0.00,0.00,0.00,0.00
Jamaica,JAM,20200107,0.00,,0.00,,0.00,,0.00,,0.00,,0.00,,0.00,,0.00,0.00,,0.00,0.00,0.00,0.00,,0.00,0.00,0.00,0.00,,,,0.00,0.00,0.00,0.00,0.00,0.00,0.00,0.00,0.00,0.00
Jamaica,JAM,20200108,0.00,,0.00,,0.00,,0.00,,0.00,,0.00,,0.00,,0.00,0.00,,0.00,0.00,0.00,0.00,,0.00,0.00,0.00,0.00,,,,0.00,0.00,0.00,0.00,0.00,0.00,0.00,0.00,0.00,0.00
Jamaica,JAM,20200109,0.00,,0.00,,0.00,,0.00,,0.00,,0.00,,0.00,,0.00,0.00,,0.00,0.00,0.00,0.00,,0.00,0.00,0.00,0.00,,,,0.00,0.00,0.00,0.00,0.00,0.00,0.00,0.00,0.00,0.00
Jamaica,JAM,20200110,0.00,,0.00,,0.00,,0.00,,0.00,,0.00,,0.00,,0.00,0.00,,0.00,0.00,0.00,0.00,,0.00,0.00,0.00,0.00,,,,0.00,0.00,0.00,0.00,0.00,0.00,0.00,0.00,0.00,0.00
Jamaica,JAM,20200111,0.00,,0.00,,0.00,,0.00,,0.00,,0.00,,0.00,,0.00,0.00,,0.00,0.00,0.00,0.00,,0.00,0.00,0.00,0.00,,,,0.00,0.00,0.00,0.00,0.00,0.00,0.00,0.00,0.00,0.00
Jamaica,JAM,20200112,0.00,,0.00,,0.00,,0.00,,0.00,,0.00,,0.00,,0.00,0.00,,0.00,0.00,0.00,0.00,,0.00,0.00,0.00,0.00,,,,0.00,0.00,0.00,0.00,0.00,0.00,0.00,0.00,0.00,0.00
Jamaica,JAM,20200113,0.00,,0.00,,0.00,,0.00,,0.00,,0.00,,0.00,,0.00,0.00,,0.00,0.00,0.00,0.00,,0.00,0.00,0.00,0.00,,,,0.00,0.00,0.00,0.00,0.00,0.00,0.00,0.00,0.00,0.00
Jamaica,JAM,20200114,0.00,,0.00,,0.00,,0.00,,0.00,,0.00,,0.00,,0.00,0.00,,0.00,0.00,0.00,0.00,,0.00,0.00,0.00,0.00,,,,0.00,0.00,0.00,0.00,0.00,0.00,0.00,0.00,0.00,0.00
Jamaica,JAM,20200115,0.00,,0.00,,0.00,,0.00,,0.00,,0.00,,0.00,,0.00,0.00,,0.00,0.00,0.00,0.00,,0.00,0.00,0.00,0.00,,,,0.00,0.00,0.00,0.00,0.00,0.00,0.00,0.00,0.00,0.00
Jamaica,JAM,20200116,0.00,,0.00,,0.00,,0.00,,0.00,,0.00,,0.00,,0.00,0.00,,0.00,0.00,0.00,0.00,,0.00,0.00,0.00,0.00,,,,0.00,0.00,0.00,0.00,0.00,0.00,0.00,0.00,0.00,0.00
Jamaica,JAM,20200117,0.00,,0.00,,0.00,,0.00,,0.00,,0.00,,0.00,,0.00,0.00,,0.00,0.00,0.00,0.00,,0.00,0.00,0.00,0.00,,,,0.00,0.00,0.00,0.00,0.00,0.00,0.00,0.00,0.00,0.00
Jamaica,JAM,20200118,0.00,,0.00,,0.00,,0.00,,0.00,,0.00,,0.00,,0.00,0.00,,0.00,0.00,0.00,0.00,,0.00,0.00,0.00,0.00,,,,0.00,0.00,0.00,0.00,0.00,0.00,0.00,0.00,0.00,0.00
Jamaica,JAM,20200119,0.00,,0.00,,0.00,,0.00,,0.00,,0.00,,0.00,,0.00,0.00,,0.00,0.00,0.00,0.00,,0.00,0.00,0.00,0.00,,,,0.00,0.00,0.00,0.00,0.00,0.00,0.00,0.00,0.00,0.00
Jamaica,JAM,20200120,0.00,,0.00,,0.00,,0.00,,0.00,,0.00,,0.00,,0.00,0.00,,0.00,0.00,0.00,0.00,,0.00,0.00,0.00,0.00,,,,0.00,0.00,0.00,0.00,0.00,0.00,0.00,0.00,0.00,0.00
Jamaica,JAM,20200121,0.00,,0.00,,0.00,,0.00,,0.00,,0.00,,0.00,,0.00,0.00,,0.00,0.00,0.00,0.00,,0.00,0.00,0.00,0.00,,,,0.00,0.00,0.00,0.00,0.00,0.00,0.00,0.00,0.00,0.00
Jamaica,JAM,20200122,0.00,,0.00,,0.00,,0.00,,0.00,,0.00,,0.00,,0.00,0.00,,0.00,0.00,0.00,0.00,,0.00,0.00,0.00,0.00,,,,0.00,0.00,0.00,0.00,0.00,0.00,0.00,0.00,0.00,0.00
Jamaica,JAM,20200123,0.00,,0.00,,0.00,,0.00,,0.00,,0.00,,0.00,,0.00,0.00,,0.00,0.00,0.00,0.00,,0.00,0.00,0.00,0.00,,,,0.00,0.00,0.00,0.00,0.00,0.00,0.00,0.00,0.00,0.00
Jamaica,JAM,20200124,0.00,,0.00,,0.00,,0.00,,0.00,,0.00,,0.00,,0.00,0.00,,0.00,0.00,0.00,0.00,,0.00,0.00,0.00,0.00,,,,0.00,0.00,0.00,0.00,0.00,0.00,0.00,0.00,0.00,0.00
Jamaica,JAM,20200125,0.00,,0.00,,0.00,,0.00,,0.00,,0.00,,0.00,,0.00,0.00,,0.00,0.00,0.00,0.00,,0.00,0.00,0.00,0.00,,,,0.00,0.00,0.00,0.00,0.00,0.00,0.00,0.00,0.00,0.00
Jamaica,JAM,20200126,0.00,,0.00,,0.00,,0.00,,0.00,,0.00,,0.00,,0.00,0.00,,0.00,0.00,0.00,0.00,,0.00,0.00,0.00,0.00,,,,0.00,0.00,0.00,0.00,0.00,0.00,0.00,0.00,0.00,0.00
Jamaica,JAM,20200127,0.00,,0.00,,0.00,,0.00,,0.00,,0.00,,0.00,,0.00,0.00,,0.00,0.00,0.00,0.00,,0.00,0.00,0.00,0.00,,,,0.00,0.00,0.00,0.00,0.00,0.00,0.00,0.00,0.00,0.00
Jamaica,JAM,20200128,0.00,,0.00,,0.00,,0.00,,0.00,,0.00,,0.00,,0.00,0.00,,0.00,0.00,0.00,0.00,,0.00,0.00,0.00,0.00,,,,0.00,0.00,0.00,0.00,0.00,0.00,0.00,0.00,0.00,0.00
Jamaica,JAM,20200129,0.00,,0.00,,0.00,,0.00,,0.00,,0.00,,0.00,,0.00,0.00,,0.00,0.00,0.00,0.00,,0.00,0.00,0.00,0.00,,,,0.00,0.00,0.00,0.00,0.00,0.00,0.00,0.00,0.00,0.00
Jamaica,JAM,20200130,0.00,,0.00,,0.00,,0.00,,0.00,,0.00,,0.00,,0.00,0.00,,0.00,0.00,0.00,0.00,,0.00,0.00,0.00,0.00,,,,0.00,0.00,0.00,0.00,0.00,0.00,0.00,0.00,0.00,0.00
Jamaica,JAM,20200131,0.00,,0.00,,0.00,,0.00,,0.00,,0.00,,0.00,,3.00,0.00,,0.00,0.00,0.00,0.00,,0.00,1.00,0.00,0.00,,,,8.33,8.33,10.71,10.71,9.62,9.62,11.36,11.36,0.00,0.00
Jamaica,JAM,20200201,0.00,,0.00,,0.00,,0.00,,0.00,,0.00,,0.00,,3.00,0.00,,0.00,0.00,0.00,0.00,,0.00,1.00,0.00,0.00,,,,8.33,8.33,10.71,10.71,9.62,9.62,11.36,11.36,0.00,0.00
Jamaica,JAM,20200202,0.00,,0.00,,0.00,,0.00,,0.00,,0.00,,0.00,,3.00,0.00,,0.00,0.00,0.00,0.00,,0.00,1.00,0.00,0.00,,,,8.33,8.33,10.71,10.71,9.62,9.62,11.36,11.36,0.00,0.00
Jamaica,JAM,20200203,0.00,,0.00,,0.00,,0.00,,0.00,,0.00,,0.00,,3.00,0.00,,0.00,0.00,0.00,0.00,,0.00,1.00,0.00,0.00,,,,8.33,8.33,10.71,10.71,9.62,9.62,11.36,11.36,0.00,0.00
Jamaica,JAM,20200204,0.00,,0.00,,0.00,,0.00,,0.00,,0.00,,0.00,,3.00,0.00,,0.00,0.00,0.00,0.00,,0.00,1.00,0.00,0.00,,,,8.33,8.33,10.71,10.71,9.62,9.62,11.36,11.36,0.00,0.00
Jamaica,JAM,20200205,0.00,,0.00,,0.00,,0.00,,0.00,,0.00,,0.00,,3.00,0.00,,0.00,0.00,0.00,2.00,1,0.00,1.00,0.00,0.00,,,,19.44,19.44,25.00,25.00,17.31,17.31,20.45,20.45,0.00,0.00
Jamaica,JAM,20200206,0.00,,0.00,,0.00,,0.00,,0.00,,0.00,,0.00,,3.00,0.00,,0.00,0.00,0.00,2.00,1,0.00,1.00,0.00,0.00,,,,19.44,19.44,25.00,25.00,17.31,17.31,20.45,20.45,0.00,0.00
Jamaica,JAM,20200207,0.00,,0.00,,0.00,,0.00,,0.00,,0.00,,0.00,,3.00,0.00,,0.00,0.00,0.00,2.00,1,0.00,1.00,0.00,0.00,,,,19.44,19.44,25.00,25.00,17.31,17.31,20.45,20.45,0.00,0.00
Jamaica,JAM,20200208,0.00,,0.00,,0.00,,0.00,,0.00,,0.00,,0.00,,3.00,0.00,,0.00,0.00,0.00,2.00,1,0.00,1.00,0.00,0.00,,,,19.44,19.44,25.00,25.00,17.31,17.31,20.45,20.45,0.00,0.00
Jamaica,JAM,20200209,0.00,,0.00,,0.00,,0.00,,0.00,,0.00,,0.00,,3.00,0.00,,0.00,0.00,0.00,2.00,1,0.00,1.00,0.00,0.00,,,,19.44,19.44,25.00,25.00,17.31,17.31,20.45,20.45,0.00,0.00
Jamaica,JAM,20200210,0.00,,0.00,,0.00,,0.00,,0.00,,0.00,,0.00,,3.00,0.00,,0.00,0.00,0.00,2.00,1,0.00,1.00,0.00,0.00,,,,19.44,19.44,25.00,25.00,17.31,17.31,20.45,20.45,0.00,0.00
Jamaica,JAM,20200211,0.00,,0.00,,0.00,,0.00,,0.00,,0.00,,0.00,,3.00,0.00,,0.00,0.00,0.00,2.00,1,0.00,1.00,0.00,0.00,,,,19.44,19.44,25.00,25.00,17.31,17.31,20.45,20.45,0.00,0.00
Jamaica,JAM,20200212,0.00,,0.00,,0.00,,0.00,,0.00,,0.00,,0.00,,3.00,0.00,,0.00,0.00,0.00,2.00,1,1.00,1.00,0.00,0.00,,,,19.44,19.44,25.00,25.00,19.87,19.87,23.48,23.48,0.00,0.00
Jamaica,JAM,20200213,0.00,,0.00,,0.00,,0.00,,0.00,,0.00,,0.00,,3.00,0.00,,0.00,0.00,0.00,2.00,1,1.00,1.00,0.00,0.00,,,,19.44,19.44,25.00,25.00,19.87,19.87,23.48,23.48,0.00,0.00
Jamaica,JAM,20200214,0.00,,0.00,,0.00,,0.00,,0.00,,0.00,,0.00,,3.00,0.00,,0.00,0.00,0.00,2.00,1,1.00,1.00,0.00,0.00,,,,19.44,19.44,25.00,25.00,19.87,19.87,23.48,23.48,0.00,0.00
Jamaica,JAM,20200215,0.00,,0.00,,0.00,,0.00,,0.00,,0.00,,0.00,,3.00,0.00,,0.00,0.00,0.00,2.00,1,1.00,1.00,0.00,0.00,,,,19.44,19.44,25.00,25.00,19.87,19.87,23.48,23.48,0.00,0.00
Jamaica,JAM,20200216,0.00,,0.00,,0.00,,0.00,,0.00,,0.00,,0.00,,3.00,0.00,,0.00,0.00,0.00,2.00,1,1.00,1.00,0.00,0.00,,,,19.44,19.44,25.00,25.00,19.87,19.87,23.48,23.48,0.00,0.00
Jamaica,JAM,20200217,0.00,,0.00,,0.00,,0.00,,0.00,,0.00,,0.00,,3.00,0.00,,0.00,0.00,0.00,2.00,1,1.00,1.00,0.00,0.00,,,,19.44,19.44,25.00,25.00,19.87,19.87,23.48,23.48,0.00,0.00
Jamaica,JAM,20200218,0.00,,0.00,,0.00,,0.00,,0.00,,0.00,,0.00,,3.00,0.00,,0.00,0.00,0.00,2.00,1,1.00,1.00,0.00,0.00,,,,19.44,19.44,25.00,25.00,19.87,19.87,23.48,23.48,0.00,0.00
Jamaica,JAM,20200219,0.00,,0.00,,0.00,,0.00,,0.00,,0.00,,0.00,,3.00,0.00,,0.00,0.00,0.00,2.00,1,1.00,1.00,0.00,0.00,,,,19.44,19.44,25.00,25.00,19.87,19.87,23.48,23.48,0.00,0.00
Jamaica,JAM,20200220,0.00,,0.00,,0.00,,0.00,,0.00,,0.00,,0.00,,3.00,0.00,,0.00,0.00,0.00,2.00,1,1.00,1.00,0.00,0.00,,,,19.44,19.44,25.00,25.00,19.87,19.87,23.48,23.48,0.00,0.00
Jamaica,JAM,20200221,0.00,,0.00,,0.00,,0.00,,0.00,,0.00,,0.00,,3.00,0.00,,0.00,0.00,0.00,2.00,1,1.00,1.00,0.00,0.00,,,,19.44,19.44,25.00,25.00,19.87,19.87,23.48,23.48,0.00,0.00
Jamaica,JAM,20200222,0.00,,0.00,,0.00,,0.00,,0.00,,0.00,,0.00,,3.00,0.00,,0.00,0.00,0.00,2.00,1,1.00,1.00,0.00,0.00,,,,19.44,19.44,25.00,25.00,19.87,19.87,23.48,23.48,0.00,0.00
Jamaica,JAM,20200223,0.00,,0.00,,0.00,,0.00,,0.00,,0.00,,0.00,,3.00,0.00,,0.00,0.00,0.00,2.00,1,1.00,1.00,0.00,0.00,,,,19.44,19.44,25.00,25.00,19.87,19.87,23.48,23.48,0.00,0.00
Jamaica,JAM,20200224,0.00,,0.00,,0.00,,0.00,,0.00,,0.00,,0.00,,3.00,0.00,,0.00,0.00,0.00,2.00,1,1.00,1.00,0.00,0.00,,,,19.44,19.44,25.00,25.00,19.87,19.87,23.48,23.48,0.00,0.00
Jamaica,JAM,20200225,0.00,,0.00,,0.00,,0.00,,0.00,,0.00,,0.00,,3.00,0.00,,0.00,0.00,0.00,2.00,1,1.00,1.00,0.00,0.00,,,,19.44,19.44,25.00,25.00,19.87,19.87,23.48,23.48,0.00,0.00
Jamaica,JAM,20200226,0.00,,0.00,,0.00,,0.00,,0.00,,0.00,,0.00,,3.00,0.00,,0.00,0.00,0.00,2.00,1,1.00,1.00,0.00,0.00,,,,19.44,19.44,25.00,25.00,19.87,19.87,23.48,23.48,0.00,0.00
Jamaica,JAM,20200227,0.00,,0.00,,0.00,,0.00,,0.00,,0.00,,0.00,,3.00,0.00,,0.00,0.00,0.00,2.00,1,1.00,1.00,0.00,0.00,,,,19.44,19.44,25.00,25.00,19.87,19.87,23.48,23.48,0.00,0.00
Jamaica,JAM,20200228,0.00,,0.00,,0.00,,0.00,,0.00,,0.00,,0.00,,3.00,0.00,,0.00,0.00,0.00,2.00,1,1.00,1.00,0.00,0.00,,,,19.44,19.44,25.00,25.00,19.87,19.87,23.48,23.48,0.00,0.00
Jamaica,JAM,20200229,0.00,,0.00,,0.00,,0.00,,0.00,,0.00,,0.00,,3.00,0.00,,0.00,0.00,0.00,2.00,1,1.00,1.00,0.00,0.00,,,,19.44,19.44,25.00,25.00,19.87,19.87,23.48,23.48,0.00,0.00
Jamaica,JAM,20200301,0.00,,0.00,,0.00,,0.00,,0.00,,0.00,,0.00,,3.00,0.00,,0.00,0.00,0.00,2.00,1,1.00,1.00,0.00,0.00,,,,19.44,19.44,25.00,25.00,19.87,19.87,23.48,23.48,0.00,0.00
Jamaica,JAM,20200302,0.00,,0.00,,0.00,,0.00,,0.00,,0.00,,0.00,,3.00,0.00,,0.00,0.00,0.00,2.00,1,1.00,1.00,0.00,0.00,,,,19.44,19.44,25.00,25.00,19.87,19.87,23.48,23.48,0.00,0.00
Jamaica,JAM,20200303,0.00,,0.00,,0.00,,0.00,,0.00,,0.00,,0.00,,3.00,0.00,,0.00,0.00,0.00,2.00,1,1.00,1.00,0.00,0.00,,,,19.44,19.44,25.00,25.00,19.87,19.87,23.48,23.48,0.00,0.00
Jamaica,JAM,20200304,0.00,,0.00,,0.00,,0.00,,0.00,,0.00,,0.00,,3.00,0.00,,0.00,0.00,0.00,2.00,1,1.00,1.00,0.00,0.00,,,,19.44,19.44,25.00,25.00,19.87,19.87,23.48,23.48,0.00,0.00
Jamaica,JAM,20200305,0.00,,0.00,,0.00,,0.00,,0.00,,0.00,,0.00,,3.00,0.00,,0.00,0.00,0.00,2.00,1,1.00,1.00,0.00,0.00,,,,19.44,19.44,25.00,25.00,19.87,19.87,23.48,23.48,0.00,0.00
Jamaica,JAM,20200306,0.00,,0.00,,0.00,,0.00,,0.00,,0.00,,0.00,,3.00,0.00,,0.00,0.00,0.00,2.00,1,1.00,1.00,0.00,0.00,,,,19.44,19.44,25.00,25.00,19.87,19.87,23.48,23.48,0.00,0.00
Jamaica,JAM,20200307,0.00,,0.00,,0.00,,0.00,,0.00,,0.00,,0.00,,3.00,0.00,,0.00,0.00,0.00,2.00,1,1.00,1.00,0.00,0.00,,,,19.44,19.44,25.00,25.00,19.87,19.87,23.48,23.48,0.00,0.00
Jamaica,JAM,20200308,0.00,,0.00,,0.00,,0.00,,0.00,,0.00,,0.00,,3.00,0.00,,0.00,0.00,0.00,2.00,1,1.00,1.00,0.00,0.00,,,,19.44,19.44,25.00,25.00,19.87,19.87,23.48,23.48,0.00,0.00
Jamaica,JAM,20200309,0.00,,0.00,,0.00,,0.00,,0.00,,0.00,,0.00,,3.00,0.00,,0.00,0.00,0.00,2.00,1,1.00,1.00,0.00,0.00,,,,19.44,19.44,25.00,25.00,19.87,19.87,23.48,23.48,0.00,0.00
Jamaica,JAM,20200310,0.00,,0.00,,1.00,1,0.00,,0.00,,0.00,,0.00,,3.00,0.00,,0.00,0.00,0.00,2.00,1,1.00,1.00,0.00,0.00,,,,25.00,25.00,34.52,34.52,23.72,23.72,28.03,28.03,0.00,0.00
Jamaica,JAM,20200311,0.00,,0.00,,2.00,1,0.00,,0.00,,0.00,,0.00,,3.00,0.00,,0.00,0.00,0.00,2.00,1,1.00,1.00,0.00,0.00,,,,30.56,30.56,39.29,39.29,27.56,27.56,32.58,32.58,0.00,0.00
Jamaica,JAM,20200312,0.00,,0.00,,2.00,1,0.00,,0.00,,0.00,,0.00,,3.00,0.00,,0.00,0.00,0.00,2.00,1,1.00,1.00,0.00,0.00,,2,0,30.56,30.56,39.29,39.29,27.56,27.56,32.58,32.58,0.00,0.00
Jamaica,JAM,20200313,3.00,1,0.00,,2.00,1,0.00,,0.00,,3.00,0,2.00,0,3.00,0.00,,0.00,0.00,0.00,2.00,1,1.00,1.00,0.00,0.00,,6,0,59.26,59.26,64.29,64.29,47.44,47.44,56.06,56.06,0.00,0.00
Jamaica,JAM,20200314,3.00,1,0.00,,2.00,1,0.00,,0.00,,3.00,0,2.00,0,3.00,0.00,,0.00,0.00,0.00,2.00,1,1.00,1.00,0.00,0.00,,8,0,59.26,59.26,64.29,64.29,47.44,47.44,56.06,56.06,0.00,0.00
Jamaica,JAM,20200315,3.00,1,0.00,,2.00,1,0.00,,0.00,,3.00,0,2.00,0,3.00,0.00,,0.00,0.00,0.00,2.00,1,1.00,1.00,0.00,0.00,,,,59.26,59.26,64.29,64.29,47.44,47.44,56.06,56.06,0.00,0.00
Jamaica,JAM,20200316,3.00,1,0.00,,2.00,1,0.00,,0.00,,3.00,0,2.00,0,3.00,0.00,,0.00,0.00,0.00,2.00,1,1.00,1.00,0.00,0.00,,10,0,59.26,59.26,64.29,64.29,47.44,47.44,56.06,56.06,0.00,0.00
Jamaica,JAM,20200317,3.00,1,0.00,,2.00,1,0.00,,0.00,,3.00,0,2.00,0,3.00,0.00,,0.00,182257000.00,0.00,2.00,1,1.00,1.00,0.00,0.00,,10,0,59.26,59.26,64.29,64.29,47.44,47.44,56.06,56.06,0.00,0.00
Jamaica,JAM,20200318,3.00,1,1.00,1,2.00,1,3.00,1,0.00,,3.00,0,2.00,0,3.00,0.00,,0.00,0.00,0.00,2.00,1,1.00,1.00,0.00,0.00,,13,0,71.30,71.30,71.43,71.43,55.77,55.77,65.91,65.91,0.00,0.00
Jamaica,JAM,20200319,3.00,1,1.00,1,2.00,1,3.00,1,0.00,,3.00,0,2.00,0,3.00,0.00,,0.00,0.00,0.00,2.00,1,1.00,1.00,0.00,0.00,,15,0,71.30,71.30,71.43,71.43,55.77,55.77,65.91,65.91,0.00,0.00
Jamaica,JAM,20200320,3.00,1,1.00,1,2.00,1,3.00,1,0.00,,3.00,0,2.00,0,3.00,0.00,,0.00,0.00,0.00,2.00,1,1.00,1.00,0.00,0.00,,16,0,71.30,71.30,71.43,71.43,55.77,55.77,65.91,65.91,0.00,0.00
Jamaica,JAM,20200321,3.00,1,1.00,1,2.00,1,3.00,1,0.00,,3.00,0,2.00,0,4.00,0.00,,0.00,0.00,0.00,2.00,1,1.00,1.00,0.00,0.00,,19,0,74.07,74.07,75.00,75.00,57.69,57.69,68.18,68.18,0.00,0.00
Jamaica,JAM,20200322,3.00,1,1.00,1,2.00,1,3.00,1,0.00,,3.00,0,2.00,0,4.00,0.00,,0.00,0.00,0.00,2.00,1,1.00,1.00,0.00,0.00,,19,0,74.07,74.07,75.00,75.00,57.69,57.69,68.18,68.18,0.00,0.00
Jamaica,JAM,20200323,3.00,1,1.00,1,2.00,1,3.00,1,0.00,,3.00,0,2.00,0,4.00,0.00,,0.00,0.00,0.00,2.00,1,1.00,1.00,0.00,0.00,,19,0,74.07,74.07,75.00,75.00,57.69,57.69,68.18,68.18,0.00,0.00
Jamaica,JAM,20200324,3.00,1,1.00,1,2.00,1,3.00,1,0.00,,3.00,0,2.00,0,4.00,0.00,,0.00,0.00,0.00,2.00,1,1.00,1.00,0.00,0.00,,19,0,74.07,74.07,75.00,75.00,57.69,57.69,68.18,68.18,0.00,0.00
Jamaica,JAM,20200325,3.00,1,2.00,1,2.00,1,4.00,1,0.00,,1.00,1,2.00,0,4.00,0.00,,0.00,0.00,0.00,2.00,1,1.00,1.00,0.00,0.00,,21,1,75.00,75.00,77.38,77.38,58.33,58.33,68.94,68.94,0.00,0.00
Jamaica,JAM,20200326,3.00,1,2.00,1,2.00,1,4.00,1,0.00,,1.00,1,2.00,0,4.00,0.00,,0.00,0.00,0.00,2.00,1,1.00,1.00,0.00,0.00,,25,1,75.00,75.00,77.38,77.38,58.33,58.33,68.94,68.94,0.00,0.00
Jamaica,JAM,20200327,3.00,1,2.00,1,2.00,1,4.00,1,0.00,,1.00,1,2.00,0,4.00,0.00,,0.00,0.00,0.00,2.00,1,1.00,1.00,0.00,0.00,,26,1,75.00,75.00,77.38,77.38,58.33,58.33,68.94,68.94,0.00,0.00
Jamaica,JAM,20200328,3.00,1,2.00,1,2.00,1,4.00,1,0.00,,1.00,1,2.00,0,4.00,0.00,,0.00,0.00,0.00,2.00,1,1.00,1.00,0.00,0.00,,26,1,75.00,75.00,77.38,77.38,58.33,58.33,68.94,68.94,0.00,0.00
Jamaica,JAM,20200329,3.00,1,2.00,1,2.00,1,4.00,1,0.00,,1.00,1,2.00,0,4.00,0.00,,0.00,0.00,0.00,2.00,1,1.00,1.00,0.00,0.00,,32,1,75.00,75.00,77.38,77.38,58.33,58.33,68.94,68.94,0.00,0.00
Jamaica,JAM,20200330,3.00,1,2.00,1,2.00,1,4.00,1,0.00,,1.00,1,2.00,0,4.00,0.00,,0.00,0.00,0.00,2.00,1,1.00,1.00,0.00,0.00,,34,1,75.00,75.00,77.38,77.38,58.33,58.33,68.94,68.94,0.00,0.00
Jamaica,JAM,20200331,3.00,1,2.00,1,2.00,1,4.00,1,0.00,,1.00,1,2.00,0,4.00,0.00,,0.00,0.00,0.00,2.00,1,1.00,1.00,0.00,0.00,,38,1,75.00,75.00,77.38,77.38,58.33,58.33,68.94,68.94,0.00,0.00
Jamaica,JAM,20200401,3.00,1,2.00,1,2.00,1,4.00,1,0.00,,2.00,1,2.00,0,4.00,0.00,,1.00,0.00,0.00,2.00,1,1.00,1.00,0.00,0.00,,38,1,78.70,78.70,78.57,78.57,64.74,64.74,71.97,71.97,25.00,25.00
Jamaica,JAM,20200402,3.00,1,2.00,1,2.00,1,4.00,1,0.00,,2.00,1,2.00,0,4.00,0.00,,1.00,0.00,0.00,2.00,1,1.00,1.00,0.00,0.00,,44,3,78.70,78.70,78.57,78.57,64.74,64.74,71.97,71.97,25.00,25.00
Jamaica,JAM,20200403,3.00,1,2.00,1,2.00,1,4.00,1,0.00,,2.00,1,2.00,0,4.00,0.00,,1.00,0.00,0.00,2.00,1,1.00,1.00,0.00,0.00,,47,3,78.70,78.70,78.57,78.57,64.74,64.74,71.97,71.97,25.00,25.00
Jamaica,JAM,20200404,3.00,1,2.00,1,2.00,1,4.00,1,0.00,,2.00,1,2.00,0,4.00,0.00,,1.00,0.00,0.00,2.00,1,1.00,1.00,0.00,0.00,,53,3,78.70,78.70,78.57,78.57,64.74,64.74,71.97,71.97,25.00,25.00
Jamaica,JAM,20200405,3.00,1,2.00,1,2.00,1,4.00,1,0.00,,2.00,1,2.00,0,4.00,0.00,,1.00,0.00,0.00,2.00,1,1.00,1.00,0.00,0.00,,55,3,78.70,78.70,78.57,78.57,64.74,64.74,71.97,71.97,25.00,25.00
Jamaica,JAM,20200406,3.00,1,2.00,1,2.00,1,4.00,1,0.00,,2.00,1,2.00,0,4.00,0.00,,1.00,0.00,0.00,2.00,1,1.00,1.00,0.00,0.00,,58,3,78.70,78.70,78.57,78.57,64.74,64.74,71.97,71.97,25.00,25.00
Jamaica,JAM,20200407,3.00,1,2.00,1,2.00,1,4.00,1,0.00,,2.00,1,2.00,0,4.00,0.00,,1.00,0.00,0.00,2.00,1,1.00,1.00,0.00,0.00,,59,3,78.70,78.70,78.57,78.57,64.74,64.74,71.97,71.97,25.00,25.00
Jamaica,JAM,20200408,3.00,1,2.00,1,2.00,1,4.00,1,0.00,,2.00,1,2.00,0,4.00,0.00,,1.00,0.00,0.00,2.00,1,1.00,1.00,0.00,0.00,,63,3,78.70,78.70,78.57,78.57,64.74,64.74,71.97,71.97,25.00,25.00
Jamaica,JAM,20200409,3.00,1,2.00,1,2.00,1,4.00,1,0.00,,2.00,1,2.00,0,4.00,1.00,1,1.00,0.00,0.00,2.00,1,1.00,1.00,0.00,0.00,,63,4,78.70,78.70,78.57,78.57,68.59,68.59,71.97,71.97,50.00,50.00
Jamaica,JAM,20200410,3.00,1,2.00,1,2.00,1,4.00,1,0.00,,2.00,1,2.00,0,4.00,1.00,1,1.00,0.00,0.00,2.00,1,1.00,1.00,0.00,0.00,,63,4,78.70,78.70,78.57,78.57,68.59,68.59,71.97,71.97,50.00,50.00
Jamaica,JAM,20200411,3.00,1,2.00,1,2.00,1,4.00,1,0.00,,2.00,1,2.00,0,4.00,1.00,1,1.00,0.00,0.00,2.00,1,1.00,1.00,0.00,0.00,,65,4,78.70,78.70,78.57,78.57,68.59,68.59,71.97,71.97,50.00,50.00
Jamaica,JAM,20200412,3.00,1,2.00,1,2.00,1,4.00,1,0.00,,2.00,1,2.00,0,4.00,1.00,1,1.00,0.00,0.00,2.00,1,1.00,1.00,0.00,0.00,,69,4,78.70,78.70,78.57,78.57,68.59,68.59,71.97,71.97,50.00,50.00
Jamaica,JAM,20200413,3.00,1,2.00,1,2.00,1,4.00,1,0.00,,2.00,1,2.00,0,4.00,1.00,1,1.00,0.00,0.00,2.00,1,1.00,1.00,0.00,0.00,,72,4,78.70,78.70,78.57,78.57,68.59,68.59,71.97,71.97,50.00,50.00
Jamaica,JAM,20200414,3.00,1,2.00,1,2.00,1,4.00,1,0.00,,2.00,1,2.00,0,4.00,1.00,1,1.00,0.00,0.00,2.00,1,1.00,1.00,0.00,0.00,,73,4,78.70,78.70,78.57,78.57,68.59,68.59,71.97,71.97,50.00,50.00
Jamaica,JAM,20200415,3.00,1,2.00,1,2.00,1,4.00,1,0.00,,3.00,0,2.00,0,4.00,1.00,1,1.00,0.00,0.00,2.00,1,1.00,1.00,0.00,0.00,,105,5,80.56,80.56,78.57,78.57,69.87,69.87,73.48,73.48,50.00,50.00
Jamaica,JAM,20200416,3.00,1,2.00,1,2.00,1,4.00,1,0.00,,3.00,0,2.00,0,4.00,1.00,1,1.00,0.00,0.00,2.00,1,1.00,1.00,0.00,0.00,,125,5,80.56,80.56,78.57,78.57,69.87,69.87,73.48,73.48,50.00,50.00
Jamaica,JAM,20200417,3.00,1,2.00,1,2.00,1,4.00,1,0.00,,3.00,0,2.00,0,4.00,1.00,1,1.00,0.00,0.00,2.00,1,1.00,1.00,0.00,0.00,,143,5,80.56,80.56,78.57,78.57,69.87,69.87,73.48,73.48,50.00,50.00
Jamaica,JAM,20200418,3.00,1,2.00,1,2.00,1,4.00,1,0.00,,3.00,0,2.00,0,4.00,1.00,1,1.00,0.00,0.00,2.00,1,1.00,1.00,0.00,0.00,,163,5,80.56,80.56,78.57,78.57,69.87,69.87,73.48,73.48,50.00,50.00
Jamaica,JAM,20200419,3.00,1,2.00,1,2.00,1,4.00,1,0.00,,3.00,0,2.00,0,4.00,1.00,1,1.00,0.00,0.00,2.00,1,1.00,1.00,0.00,0.00,,173,5,80.56,80.56,78.57,78.57,69.87,69.87,73.48,73.48,50.00,50.00
Jamaica,JAM,20200420,3.00,1,2.00,1,2.00,1,4.00,1,0.00,,3.00,0,2.00,0,4.00,1.00,1,1.00,0.00,0.00,2.00,1,1.00,1.00,0.00,0.00,,196,5,80.56,80.56,78.57,78.57,69.87,69.87,73.48,73.48,50.00,50.00
Jamaica,JAM,20200421,3.00,1,2.00,1,2.00,1,4.00,1,0.00,,3.00,0,2.00,0,4.00,1.00,1,1.00,0.00,0.00,2.00,1,1.00,1.00,0.00,0.00,,223,6,80.56,80.56,78.57,78.57,69.87,69.87,73.48,73.48,50.00,50.00
Jamaica,JAM,20200422,3.00,1,2.00,1,2.00,1,4.00,1,1.00,1,2.00,1,2.00,1,4.00,1.00,1,1.00,0.00,0.00,2.00,1,1.00,1.00,0.00,0.00,,233,6,87.04,87.04,91.67,91.67,74.36,74.36,78.79,78.79,50.00,50.00
Jamaica,JAM,20200423,3.00,1,2.00,1,2.00,1,4.00,1,1.00,1,2.00,1,2.00,1,4.00,1.00,1,1.00,0.00,0.00,2.00,1,1.00,1.00,0.00,0.00,,252,6,87.04,87.04,91.67,91.67,74.36,74.36,78.79,78.79,50.00,50.00
Jamaica,JAM,20200424,3.00,1,2.00,1,2.00,1,4.00,1,1.00,1,2.00,1,2.00,1,4.00,1.00,1,1.00,0.00,0.00,2.00,1,1.00,1.00,0.00,0.00,,252,6,87.04,87.04,91.67,91.67,74.36,74.36,78.79,78.79,50.00,50.00
Jamaica,JAM,20200425,3.00,1,2.00,1,2.00,1,4.00,1,1.00,1,2.00,1,2.00,1,4.00,1.00,1,1.00,0.00,0.00,2.00,1,1.00,1.00,0.00,0.00,,288,7,87.04,87.04,91.67,91.67,74.36,74.36,78.79,78.79,50.00,50.00
Jamaica,JAM,20200426,3.00,1,2.00,1,2.00,1,4.00,1,1.00,1,2.00,1,2.00,1,4.00,1.00,1,1.00,0.00,0.00,2.00,1,1.00,1.00,0.00,0.00,,305,7,87.04,87.04,91.67,91.67,74.36,74.36,78.79,78.79,50.00,50.00
Jamaica,JAM,20200427,3.00,1,2.00,1,2.00,1,4.00,1,1.00,1,2.00,1,2.00,1,4.00,1.00,1,1.00,0.00,0.00,2.00,1,1.00,1.00,0.00,0.00,,350,7,87.04,87.04,91.67,91.67,74.36,74.36,78.79,78.79,50.00,50.00
Jamaica,JAM,20200428,3.00,1,2.00,1,2.00,1,4.00,1,1.00,1,2.00,1,2.00,1,4.00,1.00,1,1.00,0.00,0.00,2.00,1,1.00,1.00,0.00,0.00,,364,7,87.04,87.04,91.67,91.67,74.36,74.36,78.79,78.79,50.00,50.00
Jamaica,JAM,20200429,3.00,1,2.00,1,2.00,1,4.00,1,1.00,1,2.00,1,2.00,1,4.00,1.00,1,1.00,0.00,0.00,2.00,1,1.00,1.00,0.00,0.00,,381,7,87.04,87.04,91.67,91.67,74.36,74.36,78.79,78.79,50.00,50.00
Jamaica,JAM,20200430,3.00,1,2.00,1,2.00,1,4.00,1,1.00,1,2.00,1,2.00,1,4.00,1.00,1,1.00,0.00,0.00,2.00,1,1.00,1.00,0.00,0.00,,396,7,87.04,87.04,91.67,91.67,74.36,74.36,78.79,78.79,50.00,50.00
Jamaica,JAM,20200501,3.00,1,2.00,1,2.00,1,4.00,1,1.00,1,2.00,1,2.00,1,4.00,1.00,1,1.00,0.00,0.00,2.00,1,1.00,1.00,0.00,0.00,,422,8,87.04,87.04,91.67,91.67,74.36,74.36,78.79,78.79,50.00,50.00
Jamaica,JAM,20200502,3.00,1,2.00,1,2.00,1,4.00,1,1.00,1,2.00,1,2.00,1,4.00,1.00,1,1.00,0.00,0.00,2.00,1,1.00,1.00,0.00,0.00,,432,8,87.04,87.04,91.67,91.67,74.36,74.36,78.79,78.79,50.00,50.00
Jamaica,JAM,20200503,3.00,1,2.00,1,2.00,1,4.00,1,1.00,1,2.00,1,2.00,1,4.00,1.00,1,1.00,0.00,0.00,2.00,1,1.00,1.00,0.00,0.00,,463,8,87.04,87.04,91.67,91.67,74.36,74.36,78.79,78.79,50.00,50.00
Jamaica,JAM,20200504,3.00,1,2.00,1,2.00,1,4.00,1,1.00,1,2.00,1,2.00,1,4.00,1.00,1,1.00,0.00,0.00,2.00,1,1.00,1.00,0.00,0.00,,469,9,87.04,87.04,91.67,91.67,74.36,74.36,78.79,78.79,50.00,50.00
Jamaica,JAM,20200505,3.00,1,2.00,1,2.00,1,4.00,1,1.00,1,2.00,1,2.00,1,4.00,1.00,1,1.00,0.00,0.00,2.00,1,1.00,1.00,0.00,0.00,,471,9,87.04,87.04,91.67,91.67,74.36,74.36,78.79,78.79,50.00,50.00
Jamaica,JAM,20200506,3.00,1,2.00,1,2.00,1,4.00,1,1.00,1,2.00,1,2.00,1,4.00,1.00,1,1.00,0.00,0.00,2.00,1,1.00,1.00,0.00,0.00,,473,9,87.04,87.04,91.67,91.67,74.36,74.36,78.79,78.79,50.00,50.00
Jamaica,JAM,20200507,3.00,1,2.00,1,2.00,1,4.00,1,1.00,1,2.00,1,2.00,1,4.00,1.00,1,1.00,0.00,0.00,2.00,1,1.00,1.00,0.00,0.00,,478,9,87.04,87.04,91.67,91.67,74.36,74.36,78.79,78.79,50.00,50.00
Jamaica,JAM,20200508,3.00,1,2.00,1,2.00,1,4.00,1,1.00,1,2.00,1,2.00,1,4.00,1.00,1,1.00,0.00,0.00,2.00,1,1.00,1.00,0.00,0.00,,488,9,87.04,87.04,91.67,91.67,74.36,74.36,78.79,78.79,50.00,50.00
Jamaica,JAM,20200509,3.00,1,2.00,1,2.00,1,4.00,1,1.00,1,2.00,1,2.00,1,4.00,1.00,1,1.00,0.00,0.00,2.00,1,1.00,1.00,0.00,0.00,,490,9,87.04,87.04,91.67,91.67,74.36,74.36,78.79,78.79,50.00,50.00
Jamaica,JAM,20200510,3.00,1,2.00,1,2.00,1,4.00,1,1.00,1,2.00,1,2.00,1,4.00,1.00,1,1.00,0.00,0.00,2.00,1,1.00,1.00,0.00,0.00,,498,9,87.04,87.04,91.67,91.67,74.36,74.36,78.79,78.79,50.00,50.00
Jamaica,JAM,20200511,3.00,1,2.00,1,2.00,1,4.00,1,1.00,1,2.00,1,2.00,1,4.00,1.00,1,1.00,0.00,0.00,2.00,1,1.00,1.00,0.00,0.00,,502,9,87.04,87.04,91.67,91.67,74.36,74.36,78.79,78.79,50.00,50.00
Jamaica,JAM,20200512,3.00,1,2.00,1,2.00,1,4.00,1,1.00,1,2.00,1,2.00,1,4.00,1.00,1,1.00,0.00,0.00,2.00,1,1.00,1.00,0.00,0.00,,505,9,87.04,87.04,91.67,91.67,74.36,74.36,78.79,78.79,50.00,50.00
Jamaica,JAM,20200513,3.00,1,2.00,1,2.00,1,4.00,1,1.00,1,2.00,1,2.00,1,4.00,1.00,1,1.00,0.00,0.00,2.00,1,1.00,1.00,0.00,0.00,,507,9,87.04,87.04,91.67,91.67,74.36,74.36,78.79,78.79,50.00,50.00
Jamaica,JAM,20200514,3.00,1,2.00,1,2.00,1,4.00,1,1.00,1,2.00,1,2.00,1,4.00,1.00,1,1.00,0.00,0.00,2.00,1,1.00,1.00,0.00,0.00,,509,9,87.04,87.04,91.67,91.67,74.36,74.36,78.79,78.79,50.00,50.00
Jamaica,JAM,20200515,3.00,1,2.00,1,2.00,1,4.00,1,1.00,1,2.00,1,2.00,1,4.00,1.00,1,1.00,0.00,0.00,2.00,1,1.00,1.00,0.00,0.00,,509,9,87.04,87.04,91.67,91.67,74.36,74.36,78.79,78.79,50.00,50.00
Jamaica,JAM,20200516,3.00,1,2.00,1,2.00,1,4.00,1,1.00,1,2.00,1,2.00,1,4.00,1.00,1,1.00,0.00,0.00,2.00,1,1.00,1.00,0.00,0.00,,511,9,87.04,87.04,91.67,91.67,74.36,74.36,78.79,78.79,50.00,50.00
Jamaica,JAM,20200517,3.00,1,2.00,1,2.00,1,4.00,1,1.00,1,2.00,1,2.00,1,4.00,1.00,1,1.00,0.00,0.00,2.00,1,1.00,1.00,0.00,0.00,,517,9,87.04,87.04,91.67,91.67,74.36,74.36,78.79,78.79,50.00,50.00
Jamaica,JAM,20200518,3.00,1,2.00,1,2.00,1,4.00,1,1.00,1,2.00,1,2.00,1,4.00,1.00,1,1.00,0.00,0.00,2.00,1,1.00,1.00,0.00,0.00,,520,9,87.04,87.04,91.67,91.67,74.36,74.36,78.79,78.79,50.00,50.00
Jamaica,JAM,20200519,3.00,1,2.00,1,2.00,1,4.00,1,1.00,1,2.00,1,2.00,1,4.00,1.00,1,1.00,0.00,0.00,2.00,1,1.00,1.00,0.00,0.00,,520,9,87.04,87.04,91.67,91.67,74.36,74.36,78.79,78.79,50.00,50.00
Jamaica,JAM,20200520,3.00,1,2.00,1,2.00,1,4.00,1,1.00,1,2.00,1,2.00,1,4.00,1.00,1,1.00,0.00,0.00,2.00,1,1.00,1.00,0.00,0.00,,520,9,87.04,87.04,91.67,91.67,74.36,74.36,78.79,78.79,50.00,50.00
Jamaica,JAM,20200521,3.00,1,2.00,1,2.00,1,4.00,1,1.00,1,2.00,1,2.00,1,4.00,1.00,1,1.00,0.00,0.00,2.00,1,1.00,1.00,0.00,0.00,,529,9,87.04,87.04,91.67,91.67,74.36,74.36,78.79,78.79,50.00,50.00
Jamaica,JAM,20200522,3.00,1,2.00,1,2.00,1,4.00,1,1.00,1,2.00,1,2.00,1,4.00,1.00,1,1.00,0.00,0.00,2.00,1,1.00,1.00,0.00,0.00,,534,9,87.04,87.04,91.67,91.67,74.36,74.36,78.79,78.79,50.00,50.00
Jamaica,JAM,20200523,3.00,1,2.00,1,2.00,1,4.00,1,1.00,1,2.00,1,2.00,1,4.00,1.00,1,1.00,0.00,0.00,2.00,1,1.00,1.00,0.00,0.00,,544,9,87.04,87.04,91.67,91.67,74.36,74.36,78.79,78.79,50.00,50.00
Jamaica,JAM,20200524,3.00,1,2.00,1,2.00,1,4.00,1,1.00,1,2.00,1,2.00,1,4.00,1.00,1,1.00,0.00,0.00,2.00,1,1.00,1.00,0.00,0.00,,550,9,87.04,87.04,91.67,91.67,74.36,74.36,78.79,78.79,50.00,50.00
Jamaica,JAM,20200525,3.00,1,2.00,1,2.00,1,4.00,1,1.00,1,2.00,1,2.00,1,4.00,1.00,1,1.00,0.00,0.00,2.00,1,1.00,1.00,0.00,0.00,,552,9,87.04,87.04,91.67,91.67,74.36,74.36,78.79,78.79,50.00,50.00
Jamaica,JAM,20200526,3.00,1,2.00,1,2.00,1,4.00,1,1.00,1,2.00,1,2.00,1,4.00,1.00,1,1.00,0.00,0.00,2.00,1,1.00,1.00,0.00,0.00,,556,9,87.04,87.04,91.67,91.67,74.36,74.36,78.79,78.79,50.00,50.00
Jamaica,JAM,20200527,3.00,1,2.00,1,2.00,1,4.00,1,1.00,1,2.00,1,2.00,1,4.00,1.00,1,1.00,0.00,0.00,2.00,1,1.00,1.00,0.00,0.00,,564,9,87.04,87.04,91.67,91.67,74.36,74.36,78.79,78.79,50.00,50.00
Jamaica,JAM,20200528,3.00,1,2.00,1,2.00,1,4.00,1,1.00,1,2.00,1,2.00,1,4.00,1.00,1,1.00,0.00,0.00,2.00,1,1.00,1.00,0.00,0.00,,569,9,87.04,87.04,91.67,91.67,74.36,74.36,78.79,78.79,50.00,50.00
Jamaica,JAM,20200529,3.00,1,2.00,1,2.00,1,4.00,1,1.00,1,2.00,1,2.00,1,4.00,1.00,1,1.00,0.00,0.00,2.00,1,1.00,1.00,0.00,0.00,,569,9,87.04,87.04,91.67,91.67,74.36,74.36,78.79,78.79,50.00,50.00
Jamaica,JAM,20200530,3.00,1,2.00,1,2.00,1,4.00,1,1.00,1,2.00,1,2.00,1,4.00,1.00,1,1.00,0.00,0.00,2.00,1,1.00,1.00,0.00,0.00,,575,9,87.04,87.04,91.67,91.67,74.36,74.36,78.79,78.79,50.00,50.00
Jamaica,JAM,20200531,3.00,1,2.00,1,2.00,1,4.00,1,1.00,1,2.00,1,2.00,1,4.00,1.00,1,1.00,0.00,0.00,2.00,1,1.00,1.00,0.00,0.00,,581,9,87.04,87.04,91.67,91.67,74.36,74.36,78.79,78.79,50.00,50.00
Jamaica,JAM,20200601,3.00,1,1.00,1,2.00,1,4.00,1,1.00,1,2.00,1,2.00,1,4.00,1.00,1,1.00,0.00,0.00,2.00,1,1.00,1.00,0.00,0.00,,586,9,83.33,83.33,88.10,88.10,71.79,71.79,75.76,75.76,50.00,50.00
Jamaica,JAM,20200602,3.00,1,1.00,1,2.00,1,4.00,1,1.00,1,2.00,1,2.00,1,4.00,1.00,1,1.00,0.00,0.00,2.00,1,1.00,1.00,0.00,0.00,,588,9,83.33,83.33,88.10,88.10,71.79,71.79,75.76,75.76,50.00,50.00
Jamaica,JAM,20200603,3.00,1,1.00,1,2.00,1,4.00,1,1.00,1,2.00,1,2.00,1,4.00,1.00,1,1.00,0.00,0.00,2.00,1,1.00,1.00,0.00,0.00,,590,9,83.33,83.33,88.10,88.10,71.79,71.79,75.76,75.76,50.00,50.00
Jamaica,JAM,20200604,3.00,1,1.00,1,2.00,1,4.00,1,1.00,1,2.00,1,2.00,1,4.00,1.00,1,1.00,0.00,0.00,2.00,1,1.00,1.00,0.00,0.00,,590,9,83.33,83.33,88.10,88.10,71.79,71.79,75.76,75.76,50.00,50.00
Jamaica,JAM,20200605,3.00,1,1.00,1,2.00,1,4.00,1,1.00,1,2.00,1,2.00,1,4.00,1.00,1,1.00,0.00,0.00,2.00,1,1.00,1.00,0.00,0.00,,591,10,83.33,83.33,88.10,88.10,71.79,71.79,75.76,75.76,50.00,50.00
Jamaica,JAM,20200606,3.00,1,1.00,1,2.00,1,4.00,1,1.00,1,2.00,1,2.00,1,4.00,1.00,1,1.00,0.00,0.00,2.00,1,1.00,1.00,0.00,0.00,,595,10,83.33,83.33,88.10,88.10,71.79,71.79,75.76,75.76,50.00,50.00
Jamaica,JAM,20200607,3.00,1,1.00,1,2.00,1,4.00,1,1.00,1,2.00,1,2.00,1,4.00,1.00,1,1.00,0.00,0.00,2.00,1,1.00,1.00,0.00,0.00,,596,10,83.33,83.33,88.10,88.10,71.79,71.79,75.76,75.76,50.00,50.00
Jamaica,JAM,20200608,2.00,1,1.00,1,2.00,1,4.00,1,1.00,1,2.00,1,2.00,1,4.00,1.00,1,1.00,0.00,0.00,2.00,1,1.00,1.00,0.00,0.00,,598,10,79.63,79.63,84.52,84.52,69.23,69.23,72.73,72.73,50.00,50.00
Jamaica,JAM,20200609,2.00,1,1.00,1,2.00,1,4.00,1,1.00,1,2.00,1,2.00,1,4.00,1.00,1,1.00,0.00,0.00,2.00,1,1.00,1.00,0.00,0.00,,599,10,79.63,79.63,84.52,84.52,69.23,69.23,72.73,72.73,50.00,50.00
Jamaica,JAM,20200610,2.00,1,1.00,1,2.00,1,4.00,1,1.00,1,2.00,1,2.00,1,4.00,1.00,1,1.00,0.00,0.00,2.00,1,1.00,1.00,0.00,0.00,,605,10,79.63,79.63,84.52,84.52,69.23,69.23,72.73,72.73,50.00,50.00
Jamaica,JAM,20200611,2.00,1,1.00,1,2.00,1,4.00,1,1.00,1,2.00,1,2.00,1,4.00,1.00,1,1.00,0.00,0.00,2.00,1,1.00,1.00,0.00,0.00,,605,10,79.63,79.63,84.52,84.52,69.23,69.23,72.73,72.73,50.00,50.00
Jamaica,JAM,20200612,2.00,1,1.00,1,2.00,1,4.00,1,1.00,1,2.00,1,2.00,1,4.00,1.00,1,1.00,0.00,0.00,2.00,1,1.00,1.00,0.00,0.00,,611,10,79.63,79.63,84.52,84.52,69.23,69.23,72.73,72.73,50.00,50.00
Jamaica,JAM,20200613,2.00,1,1.00,1,2.00,1,4.00,1,1.00,1,2.00,1,2.00,1,4.00,1.00,1,1.00,0.00,0.00,2.00,1,1.00,1.00,0.00,0.00,,614,10,79.63,79.63,84.52,84.52,69.23,69.23,72.73,72.73,50.00,50.00
Jamaica,JAM,20200614,,,,,,,4.00,1,1.00,1,2.00,1,2.00,1,4.00,1.00,1,1.00,0.00,0.00,2.00,1,1.00,1.00,0.00,0.00,,615,10,,,,,,,,,50.00,50.00
Jamaica,JAM,20200615,,,,,,,,,,,,,,,,1.00,1,,,,,,,,,,,617,10,,,,,,,,,,
Jamaica,JAM,20200616,,,,,,,,,,,,,,,,1.00,1,,,,,,,,,,,621,10,,,,,,,,,,
Jamaica,JAM,20200617,,,,,,,,,,,,,,,,1.00,1,,,,,,,,,,,621,10,,79.63,,84.52,,69.23,,72.73,,50.00
Jamaica,JAM,20200618,,,,,,,,,,,,,,,,1.00,1,,,,,,,,,,,626,10,,79.63,,84.52,,69.23,,72.73,,50.00
Jamaica,JAM,20200619,,,,,,,,,,,,,,,,1.00,1,,,,,,,,,,,626,10,,79.63,,84.52,,69.23,,72.73,,50.00
Jamaica,JAM,20200620,,,,,,,,,,,,,,,,1.00,1,,,,,,,,,,,652,10,,79.63,,84.52,,69.23,,72.73,,50.00
Jamaica,JAM,20200621,,,,,,,,,,,,,,,,1.00,1,,,,,,,,,,,657,10,,79.63,,84.52,,69.23,,72.73,,50.00
Jamaica,JAM,20200622,,,,,,,,,,,,,,,,1.00,1,,,,,,,,,,,659,10,,79.63,,84.52,,69.23,,72.73,,50.00
Jamaica,JAM,20200623,,,,,,,,,,,,,,,,1.00,1,,,,,,,,,,,665,10,,79.63,,84.52,,69.23,,72.73,,50.00
