Japan,JPN,20200101,0.00,,0.00,,0.00,,0.00,,0.00,,0.00,,0.00,,0.00,0.00,,0.00,0.00,0.00,0.00,,0.00,0.00,0.00,0.00,,0,0,0.00,0.00,0.00,0.00,0.00,0.00,0.00,0.00,0.00,0.00
Japan,JPN,20200102,0.00,,0.00,,0.00,,0.00,,0.00,,0.00,,0.00,,0.00,0.00,,0.00,0.00,0.00,0.00,,0.00,0.00,0.00,0.00,,0,0,0.00,0.00,0.00,0.00,0.00,0.00,0.00,0.00,0.00,0.00
Japan,JPN,20200103,0.00,,0.00,,0.00,,0.00,,0.00,,0.00,,0.00,,0.00,0.00,,0.00,0.00,0.00,0.00,,0.00,0.00,0.00,0.00,,0,0,0.00,0.00,0.00,0.00,0.00,0.00,0.00,0.00,0.00,0.00
Japan,JPN,20200104,0.00,,0.00,,0.00,,0.00,,0.00,,0.00,,0.00,,0.00,0.00,,0.00,0.00,0.00,0.00,,0.00,0.00,0.00,0.00,,0,0,0.00,0.00,0.00,0.00,0.00,0.00,0.00,0.00,0.00,0.00
Japan,JPN,20200105,0.00,,0.00,,0.00,,0.00,,0.00,,0.00,,0.00,,0.00,0.00,,0.00,0.00,0.00,0.00,,0.00,0.00,0.00,0.00,,0,0,0.00,0.00,0.00,0.00,0.00,0.00,0.00,0.00,0.00,0.00
Japan,JPN,20200106,0.00,,0.00,,0.00,,0.00,,0.00,,0.00,,0.00,,0.00,0.00,,0.00,0.00,0.00,0.00,,0.00,0.00,0.00,0.00,,0,0,0.00,0.00,0.00,0.00,0.00,0.00,0.00,0.00,0.00,0.00
Japan,JPN,20200107,0.00,,0.00,,0.00,,0.00,,0.00,,0.00,,0.00,,1.00,0.00,,0.00,0.00,0.00,0.00,,0.00,0.00,0.00,0.00,,0,0,2.78,2.78,3.57,3.57,1.92,1.92,2.27,2.27,0.00,0.00
Japan,JPN,20200108,0.00,,0.00,,0.00,,0.00,,0.00,,0.00,,0.00,,1.00,0.00,,0.00,0.00,0.00,0.00,,0.00,0.00,0.00,0.00,,0,0,2.78,2.78,3.57,3.57,1.92,1.92,2.27,2.27,0.00,0.00
Japan,JPN,20200109,0.00,,0.00,,0.00,,0.00,,0.00,,0.00,,0.00,,1.00,0.00,,0.00,0.00,0.00,0.00,,0.00,0.00,0.00,0.00,,0,0,2.78,2.78,3.57,3.57,1.92,1.92,2.27,2.27,0.00,0.00
Japan,JPN,20200110,0.00,,0.00,,0.00,,0.00,,0.00,,0.00,,0.00,,1.00,0.00,,0.00,0.00,0.00,0.00,,0.00,0.00,0.00,0.00,,0,0,2.78,2.78,3.57,3.57,1.92,1.92,2.27,2.27,0.00,0.00
Japan,JPN,20200111,0.00,,0.00,,0.00,,0.00,,0.00,,0.00,,0.00,,1.00,0.00,,0.00,0.00,0.00,0.00,,0.00,0.00,0.00,0.00,,0,0,2.78,2.78,3.57,3.57,1.92,1.92,2.27,2.27,0.00,0.00
Japan,JPN,20200112,0.00,,0.00,,0.00,,0.00,,0.00,,0.00,,0.00,,1.00,0.00,,0.00,0.00,0.00,0.00,,0.00,0.00,0.00,0.00,,0,0,2.78,2.78,3.57,3.57,1.92,1.92,2.27,2.27,0.00,0.00
Japan,JPN,20200113,0.00,,0.00,,0.00,,0.00,,0.00,,0.00,,0.00,,1.00,0.00,,0.00,0.00,0.00,0.00,,0.00,0.00,0.00,0.00,,0,0,2.78,2.78,3.57,3.57,1.92,1.92,2.27,2.27,0.00,0.00
Japan,JPN,20200114,0.00,,0.00,,0.00,,0.00,,0.00,,0.00,,0.00,,1.00,0.00,,0.00,0.00,0.00,0.00,,0.00,0.00,0.00,0.00,,0,0,2.78,2.78,3.57,3.57,1.92,1.92,2.27,2.27,0.00,0.00
Japan,JPN,20200115,0.00,,0.00,,0.00,,0.00,,0.00,,0.00,,0.00,,1.00,0.00,,0.00,0.00,0.00,0.00,,1.00,1.00,0.00,0.00,,1,0,2.78,2.78,3.57,3.57,8.33,8.33,9.85,9.85,0.00,0.00
Japan,JPN,20200116,0.00,,0.00,,0.00,,0.00,,0.00,,0.00,,0.00,,1.00,0.00,,0.00,0.00,0.00,0.00,,1.00,1.00,0.00,0.00,,1,0,2.78,2.78,3.57,3.57,8.33,8.33,9.85,9.85,0.00,0.00
Japan,JPN,20200117,0.00,,0.00,,0.00,,0.00,,0.00,,0.00,,0.00,,1.00,0.00,,0.00,0.00,0.00,0.00,,1.00,1.00,0.00,0.00,,1,0,2.78,2.78,3.57,3.57,8.33,8.33,9.85,9.85,0.00,0.00
Japan,JPN,20200118,0.00,,0.00,,0.00,,0.00,,0.00,,0.00,,0.00,,1.00,0.00,,0.00,0.00,0.00,0.00,,1.00,1.00,0.00,0.00,,1,0,2.78,2.78,3.57,3.57,8.33,8.33,9.85,9.85,0.00,0.00
Japan,JPN,20200119,0.00,,0.00,,0.00,,0.00,,0.00,,0.00,,0.00,,1.00,0.00,,0.00,0.00,0.00,0.00,,1.00,1.00,0.00,0.00,,1,0,2.78,2.78,3.57,3.57,8.33,8.33,9.85,9.85,0.00,0.00
Japan,JPN,20200120,0.00,,0.00,,0.00,,0.00,,0.00,,0.00,,0.00,,1.00,0.00,,0.00,0.00,0.00,0.00,,1.00,1.00,0.00,0.00,,1,0,2.78,2.78,3.57,3.57,8.33,8.33,9.85,9.85,0.00,0.00
Japan,JPN,20200121,0.00,,0.00,,0.00,,0.00,,0.00,,0.00,,0.00,,1.00,0.00,,0.00,0.00,0.00,0.00,,1.00,1.00,0.00,0.00,,1,0,2.78,2.78,3.57,3.57,8.33,8.33,9.85,9.85,0.00,0.00
Japan,JPN,20200122,0.00,,0.00,,0.00,,0.00,,0.00,,0.00,,0.00,,1.00,0.00,,0.00,0.00,0.00,0.00,,1.00,1.00,0.00,0.00,,1,0,2.78,2.78,3.57,3.57,8.33,8.33,9.85,9.85,0.00,0.00
Japan,JPN,20200123,0.00,,0.00,,0.00,,0.00,,0.00,,0.00,,0.00,,1.00,0.00,,0.00,0.00,0.00,0.00,,1.00,1.00,0.00,0.00,,1,0,2.78,2.78,3.57,3.57,8.33,8.33,9.85,9.85,0.00,0.00
Japan,JPN,20200124,0.00,,0.00,,0.00,,0.00,,0.00,,0.00,,0.00,,1.00,0.00,,0.00,0.00,0.00,0.00,,1.00,1.00,0.00,0.00,,2,0,2.78,2.78,3.57,3.57,8.33,8.33,9.85,9.85,0.00,0.00
Japan,JPN,20200125,0.00,,0.00,,0.00,,0.00,,0.00,,0.00,,0.00,,1.00,0.00,,0.00,0.00,0.00,0.00,,1.00,1.00,0.00,0.00,,2,0,2.78,2.78,3.57,3.57,8.33,8.33,9.85,9.85,0.00,0.00
Japan,JPN,20200126,0.00,,0.00,,0.00,,0.00,,0.00,,0.00,,0.00,,1.00,0.00,,0.00,0.00,0.00,0.00,,1.00,1.00,0.00,0.00,,3,0,2.78,2.78,3.57,3.57,8.33,8.33,9.85,9.85,0.00,0.00
Japan,JPN,20200127,0.00,,0.00,,0.00,,0.00,,0.00,,0.00,,0.00,,1.00,0.00,,0.00,0.00,0.00,0.00,,1.00,1.00,0.00,0.00,,3,0,2.78,2.78,3.57,3.57,8.33,8.33,9.85,9.85,0.00,0.00
Japan,JPN,20200128,0.00,,0.00,,0.00,,0.00,,0.00,,0.00,,0.00,,1.00,0.00,,0.00,0.00,0.00,0.00,,1.00,1.00,0.00,0.00,,4,0,2.78,2.78,3.57,3.57,8.33,8.33,9.85,9.85,0.00,0.00
Japan,JPN,20200129,0.00,,0.00,,0.00,,0.00,,0.00,,0.00,,0.00,,1.00,0.00,,0.00,0.00,0.00,0.00,,1.00,1.00,0.00,0.00,,7,0,2.78,2.78,3.57,3.57,8.33,8.33,9.85,9.85,0.00,0.00
Japan,JPN,20200130,0.00,,0.00,,0.00,,0.00,,0.00,,0.00,,0.00,,1.00,0.00,,0.00,0.00,0.00,0.00,,1.00,1.00,0.00,0.00,,11,0,2.78,2.78,3.57,3.57,8.33,8.33,9.85,9.85,0.00,0.00
Japan,JPN,20200131,0.00,,0.00,,0.00,,0.00,,0.00,,0.00,,0.00,,1.00,0.00,,0.00,0.00,0.00,0.00,,1.00,1.00,0.00,0.00,,14,0,2.78,2.78,3.57,3.57,8.33,8.33,9.85,9.85,0.00,0.00
Japan,JPN,20200201,0.00,,0.00,,0.00,,0.00,,0.00,,0.00,,0.00,,3.00,0.00,,0.00,0.00,0.00,0.00,,1.00,1.00,0.00,0.00,,15,0,8.33,8.33,10.71,10.71,12.18,12.18,14.39,14.39,0.00,0.00
Japan,JPN,20200202,0.00,,0.00,,0.00,,0.00,,0.00,,0.00,,0.00,,3.00,0.00,,0.00,0.00,0.00,0.00,,1.00,1.00,0.00,0.00,,19,0,8.33,8.33,10.71,10.71,12.18,12.18,14.39,14.39,0.00,0.00
Japan,JPN,20200203,0.00,,0.00,,0.00,,0.00,,0.00,,0.00,,0.00,,3.00,0.00,,0.00,0.00,0.00,0.00,,1.00,1.00,0.00,0.00,,20,0,8.33,8.33,10.71,10.71,12.18,12.18,14.39,14.39,0.00,0.00
Japan,JPN,20200204,0.00,,0.00,,0.00,,0.00,,0.00,,0.00,,0.00,,3.00,0.00,,0.00,0.00,0.00,2.00,1,1.00,1.00,0.00,0.00,,20,0,19.44,19.44,25.00,25.00,19.87,19.87,23.48,23.48,0.00,0.00
Japan,JPN,20200205,0.00,,0.00,,0.00,,0.00,,0.00,,0.00,,0.00,,3.00,0.00,,0.00,0.00,0.00,2.00,1,1.00,1.00,0.00,0.00,,25,0,19.44,19.44,25.00,25.00,19.87,19.87,23.48,23.48,0.00,0.00
Japan,JPN,20200206,0.00,,0.00,,0.00,,0.00,,0.00,,0.00,,0.00,,3.00,0.00,,0.00,0.00,0.00,2.00,1,1.00,1.00,0.00,0.00,,25,0,19.44,19.44,25.00,25.00,19.87,19.87,23.48,23.48,0.00,0.00
Japan,JPN,20200207,0.00,,0.00,,0.00,,0.00,,0.00,,0.00,,0.00,,3.00,0.00,,0.00,0.00,0.00,2.00,1,1.00,1.00,0.00,0.00,,25,0,19.44,19.44,25.00,25.00,19.87,19.87,23.48,23.48,0.00,0.00
Japan,JPN,20200208,0.00,,0.00,,0.00,,0.00,,0.00,,0.00,,0.00,,3.00,0.00,,0.00,0.00,0.00,2.00,1,1.00,1.00,0.00,0.00,,25,0,19.44,19.44,25.00,25.00,19.87,19.87,23.48,23.48,0.00,0.00
Japan,JPN,20200209,0.00,,0.00,,0.00,,0.00,,0.00,,0.00,,0.00,,3.00,0.00,,0.00,0.00,0.00,2.00,1,1.00,1.00,0.00,0.00,,25,0,19.44,19.44,25.00,25.00,19.87,19.87,23.48,23.48,0.00,0.00
Japan,JPN,20200210,0.00,,0.00,,0.00,,0.00,,0.00,,0.00,,0.00,,3.00,0.00,,0.00,0.00,0.00,2.00,1,1.00,1.00,0.00,0.00,,25,0,19.44,19.44,25.00,25.00,19.87,19.87,23.48,23.48,0.00,0.00
Japan,JPN,20200211,0.00,,0.00,,0.00,,0.00,,0.00,,0.00,,0.00,,3.00,0.00,,0.00,0.00,0.00,2.00,1,1.00,1.00,0.00,0.00,,25,0,19.44,19.44,25.00,25.00,19.87,19.87,23.48,23.48,0.00,0.00
Japan,JPN,20200212,0.00,,0.00,,0.00,,0.00,,0.00,,0.00,,0.00,,3.00,0.00,,0.00,0.00,0.00,2.00,1,1.00,1.00,0.00,0.00,,25,0,19.44,19.44,25.00,25.00,19.87,19.87,23.48,23.48,0.00,0.00
Japan,JPN,20200213,0.00,,0.00,,0.00,,0.00,,0.00,,0.00,,0.00,,3.00,0.00,,0.00,81949436.00,0.00,2.00,1,1.00,1.00,60530834.00,0.00,,29,1,19.44,19.44,25.00,25.00,19.87,19.87,23.48,23.48,0.00,0.00
Japan,JPN,20200214,0.00,,0.00,,0.00,,0.00,,0.00,,0.00,,0.00,,3.00,0.00,,0.00,0.00,0.00,2.00,1,1.00,1.00,0.00,0.00,,30,1,19.44,19.44,25.00,25.00,19.87,19.87,23.48,23.48,0.00,0.00
Japan,JPN,20200215,0.00,,0.00,,0.00,,0.00,,0.00,,0.00,,0.00,,3.00,0.00,,0.00,0.00,0.00,2.00,1,1.00,1.00,0.00,0.00,,38,1,19.44,19.44,25.00,25.00,19.87,19.87,23.48,23.48,0.00,0.00
Japan,JPN,20200216,0.00,,0.00,,0.00,,0.00,,0.00,,0.00,,0.00,,3.00,0.00,,0.00,0.00,0.00,2.00,1,1.00,1.00,0.00,0.00,,52,1,19.44,19.44,25.00,25.00,19.87,19.87,23.48,23.48,0.00,0.00
Japan,JPN,20200217,0.00,,0.00,,0.00,,0.00,,0.00,,0.00,,0.00,,3.00,0.00,,0.00,0.00,0.00,2.00,1,1.00,1.00,0.00,0.00,,59,1,19.44,19.44,25.00,25.00,19.87,19.87,23.48,23.48,0.00,0.00
Japan,JPN,20200218,0.00,,0.00,,0.00,,0.00,,0.00,,0.00,,0.00,,3.00,0.00,,0.00,0.00,0.00,2.00,1,1.00,1.00,0.00,0.00,,59,1,19.44,19.44,25.00,25.00,19.87,19.87,23.48,23.48,0.00,0.00
Japan,JPN,20200219,0.00,,0.00,,0.00,,0.00,,0.00,,0.00,,0.00,,3.00,0.00,,0.00,0.00,0.00,2.00,1,1.00,1.00,0.00,0.00,,66,1,19.44,19.44,25.00,25.00,19.87,19.87,23.48,23.48,0.00,0.00
Japan,JPN,20200220,0.00,,0.00,,1.00,1,0.00,,0.00,,0.00,,0.00,,3.00,0.00,,0.00,0.00,0.00,2.00,1,1.00,1.00,0.00,0.00,,84,1,25.00,25.00,34.52,34.52,23.72,23.72,28.03,28.03,0.00,0.00
Japan,JPN,20200221,0.00,,0.00,,1.00,1,0.00,,0.00,,0.00,,0.00,,3.00,0.00,,0.00,0.00,0.00,2.00,1,1.00,1.00,0.00,0.00,,93,1,25.00,25.00,34.52,34.52,23.72,23.72,28.03,28.03,0.00,0.00
Japan,JPN,20200222,0.00,,0.00,,1.00,1,0.00,,0.00,,0.00,,0.00,,3.00,0.00,,0.00,0.00,0.00,2.00,1,1.00,1.00,0.00,0.00,,105,1,25.00,25.00,34.52,34.52,23.72,23.72,28.03,28.03,0.00,0.00
Japan,JPN,20200223,0.00,,0.00,,1.00,1,0.00,,0.00,,0.00,,0.00,,3.00,0.00,,0.00,0.00,0.00,2.00,1,1.00,1.00,0.00,0.00,,132,1,25.00,25.00,34.52,34.52,23.72,23.72,28.03,28.03,0.00,0.00
Japan,JPN,20200224,0.00,,0.00,,1.00,1,0.00,,0.00,,0.00,,0.00,,3.00,0.00,,0.00,0.00,0.00,2.00,1,1.00,1.00,0.00,0.00,,144,1,25.00,25.00,34.52,34.52,23.72,23.72,28.03,28.03,0.00,0.00
Japan,JPN,20200225,0.00,,1.00,1,1.00,1,0.00,,0.00,,0.00,,1.00,1,3.00,0.00,,0.00,0.00,0.00,2.00,1,1.00,1.00,0.00,0.00,,144,1,34.26,34.26,51.19,51.19,30.13,30.13,35.61,35.61,0.00,0.00
Japan,JPN,20200226,0.00,,1.00,1,1.00,1,0.00,,0.00,,0.00,,1.00,1,3.00,0.00,,0.00,0.00,0.00,2.00,1,1.00,1.00,0.00,0.00,,164,1,34.26,34.26,51.19,51.19,30.13,30.13,35.61,35.61,0.00,0.00
Japan,JPN,20200227,0.00,,1.00,1,1.00,1,0.00,,0.00,,0.00,,1.00,1,3.00,0.00,,0.00,0.00,0.00,2.00,1,1.00,1.00,0.00,0.00,,186,3,34.26,34.26,51.19,51.19,30.13,30.13,35.61,35.61,0.00,0.00
Japan,JPN,20200228,0.00,,1.00,1,1.00,1,0.00,,0.00,,0.00,,1.00,1,3.00,0.00,,0.00,0.00,0.00,2.00,1,1.00,1.00,0.00,0.00,,210,3,34.26,34.26,51.19,51.19,30.13,30.13,35.61,35.61,0.00,0.00
Japan,JPN,20200229,0.00,,1.00,1,1.00,1,0.00,,0.00,,0.00,,1.00,1,3.00,0.00,,0.00,0.00,0.00,2.00,1,1.00,1.00,0.00,0.00,,230,3,34.26,34.26,51.19,51.19,30.13,30.13,35.61,35.61,0.00,0.00
Japan,JPN,20200301,0.00,,1.00,1,1.00,1,0.00,,0.00,,0.00,,1.00,1,3.00,0.00,,0.00,0.00,0.00,2.00,1,1.00,1.00,0.00,0.00,,239,5,34.26,34.26,51.19,51.19,30.13,30.13,35.61,35.61,0.00,0.00
Japan,JPN,20200302,3.00,0,1.00,1,1.00,1,0.00,,0.00,,0.00,,1.00,1,3.00,0.00,,0.00,0.00,0.00,2.00,1,1.00,1.00,0.00,0.00,,254,6,43.52,43.52,61.90,61.90,36.54,36.54,43.18,43.18,0.00,0.00
Japan,JPN,20200303,3.00,0,1.00,1,1.00,1,0.00,,0.00,,0.00,,1.00,1,3.00,0.00,,0.00,0.00,0.00,2.00,1,1.00,1.00,0.00,0.00,,254,6,43.52,43.52,61.90,61.90,36.54,36.54,43.18,43.18,0.00,0.00
Japan,JPN,20200304,3.00,0,1.00,1,1.00,1,0.00,,0.00,,0.00,,1.00,1,3.00,0.00,,0.00,0.00,0.00,2.00,1,1.00,1.00,0.00,0.00,,268,6,43.52,43.52,61.90,61.90,36.54,36.54,43.18,43.18,0.00,0.00
Japan,JPN,20200305,3.00,0,1.00,1,1.00,1,0.00,,0.00,,0.00,,1.00,1,3.00,0.00,,0.00,0.00,0.00,2.00,1,1.00,1.00,0.00,0.00,,317,6,43.52,43.52,61.90,61.90,36.54,36.54,43.18,43.18,0.00,0.00
Japan,JPN,20200306,3.00,0,1.00,1,1.00,1,0.00,,0.00,,0.00,,1.00,1,3.00,0.00,,0.00,0.00,0.00,2.00,1,1.00,1.00,0.00,0.00,,349,6,43.52,43.52,61.90,61.90,36.54,36.54,43.18,43.18,0.00,0.00
Japan,JPN,20200307,3.00,0,1.00,1,1.00,1,0.00,,0.00,,0.00,,1.00,1,3.00,0.00,,0.00,0.00,0.00,2.00,1,1.00,1.00,0.00,0.00,,408,6,43.52,43.52,61.90,61.90,36.54,36.54,43.18,43.18,0.00,0.00
Japan,JPN,20200308,3.00,0,1.00,1,1.00,1,0.00,,0.00,,0.00,,1.00,1,3.00,0.00,,0.00,0.00,0.00,2.00,1,1.00,1.00,0.00,0.00,,455,6,43.52,43.52,61.90,61.90,36.54,36.54,43.18,43.18,0.00,0.00
Japan,JPN,20200309,3.00,0,1.00,1,1.00,1,0.00,,0.00,,0.00,,1.00,1,2.00,0.00,,0.00,0.00,0.00,2.00,1,1.00,1.00,0.00,0.00,,488,7,40.74,40.74,58.33,58.33,34.62,34.62,40.91,40.91,0.00,0.00
Japan,JPN,20200310,3.00,0,1.00,1,1.00,1,0.00,,0.00,,0.00,,1.00,1,2.00,0.00,,0.00,3685314415.00,0.00,2.00,1,1.00,1.00,468619258.00,0.00,,514,9,40.74,40.74,58.33,58.33,34.62,34.62,40.91,40.91,0.00,0.00
Japan,JPN,20200311,3.00,0,1.00,1,1.00,1,0.00,,0.00,,0.00,,1.00,1,2.00,0.00,,0.00,0.00,0.00,2.00,1,1.00,1.00,0.00,0.00,,568,12,40.74,40.74,58.33,58.33,34.62,34.62,40.91,40.91,0.00,0.00
Japan,JPN,20200312,3.00,0,1.00,1,1.00,1,0.00,,0.00,,0.00,,1.00,1,2.00,0.00,,0.00,0.00,0.00,2.00,1,1.00,1.00,0.00,0.00,,619,15,40.74,40.74,58.33,58.33,34.62,34.62,40.91,40.91,0.00,0.00
Japan,JPN,20200313,3.00,0,1.00,1,1.00,1,0.00,,0.00,,0.00,,1.00,1,2.00,0.00,,0.00,0.00,0.00,2.00,1,1.00,1.00,0.00,0.00,,675,19,40.74,40.74,58.33,58.33,34.62,34.62,40.91,40.91,0.00,0.00
Japan,JPN,20200314,3.00,0,1.00,1,1.00,1,0.00,,0.00,,0.00,,1.00,1,2.00,0.00,,0.00,0.00,0.00,2.00,1,1.00,1.00,0.00,0.00,,737,21,40.74,40.74,58.33,58.33,34.62,34.62,40.91,40.91,0.00,0.00
Japan,JPN,20200315,3.00,0,1.00,1,1.00,1,0.00,,0.00,,0.00,,1.00,1,2.00,0.00,,0.00,0.00,0.00,2.00,1,1.00,1.00,0.00,0.00,,780,22,40.74,40.74,58.33,58.33,34.62,34.62,40.91,40.91,0.00,0.00
Japan,JPN,20200316,3.00,0,1.00,1,1.00,1,0.00,,0.00,,0.00,,1.00,1,2.00,0.00,,2.00,0.00,0.00,2.00,1,1.00,1.00,0.00,0.00,,814,24,40.74,40.74,58.33,58.33,42.31,42.31,40.91,40.91,50.00,50.00
Japan,JPN,20200317,3.00,0,1.00,1,1.00,1,0.00,,0.00,,0.00,,1.00,1,2.00,0.00,,2.00,0.00,0.00,2.00,1,1.00,1.00,0.00,0.00,,824,28,40.74,40.74,58.33,58.33,42.31,42.31,40.91,40.91,50.00,50.00
Japan,JPN,20200318,3.00,0,1.00,1,1.00,1,0.00,,0.00,,0.00,,1.00,1,2.00,0.00,,2.00,0.00,0.00,2.00,1,1.00,1.00,0.00,0.00,,829,28,40.74,40.74,58.33,58.33,42.31,42.31,40.91,40.91,50.00,50.00
Japan,JPN,20200319,3.00,0,1.00,1,1.00,1,0.00,,0.00,,0.00,,1.00,1,2.00,0.00,,2.00,0.00,0.00,2.00,1,1.00,1.00,0.00,0.00,,873,29,40.74,40.74,58.33,58.33,42.31,42.31,40.91,40.91,50.00,50.00
Japan,JPN,20200320,3.00,0,1.00,1,1.00,1,0.00,,0.00,,0.00,,1.00,1,2.00,0.00,,2.00,0.00,0.00,2.00,1,1.00,1.00,0.00,0.00,,950,33,40.74,40.74,58.33,58.33,42.31,42.31,40.91,40.91,50.00,50.00
Japan,JPN,20200321,3.00,0,1.00,1,1.00,1,0.00,,0.00,,0.00,,1.00,1,2.00,0.00,,2.00,0.00,0.00,2.00,1,1.00,1.00,0.00,0.00,,1007,35,40.74,40.74,58.33,58.33,42.31,42.31,40.91,40.91,50.00,50.00
Japan,JPN,20200322,3.00,0,1.00,1,1.00,1,0.00,,0.00,,0.00,,1.00,1,2.00,0.00,,2.00,0.00,0.00,2.00,1,1.00,1.00,0.00,0.00,,1046,36,40.74,40.74,58.33,58.33,42.31,42.31,40.91,40.91,50.00,50.00
Japan,JPN,20200323,3.00,0,1.00,1,1.00,1,0.00,,0.00,,0.00,,1.00,1,2.00,0.00,,2.00,0.00,0.00,2.00,1,1.00,1.00,0.00,0.00,,1089,41,40.74,40.74,58.33,58.33,42.31,42.31,40.91,40.91,50.00,50.00
Japan,JPN,20200324,3.00,0,1.00,1,1.00,1,0.00,,0.00,,0.00,,1.00,1,2.00,0.00,,2.00,0.00,0.00,2.00,1,1.00,1.00,0.00,0.00,,1128,42,40.74,40.74,58.33,58.33,42.31,42.31,40.91,40.91,50.00,50.00
Japan,JPN,20200325,3.00,0,1.00,1,1.00,1,0.00,,0.00,,0.00,,1.00,1,2.00,0.00,,2.00,0.00,0.00,2.00,1,1.00,1.00,0.00,0.00,,1193,43,40.74,40.74,58.33,58.33,42.31,42.31,40.91,40.91,50.00,50.00
Japan,JPN,20200326,3.00,0,1.00,1,1.00,1,0.00,,0.00,,0.00,,1.00,1,2.00,0.00,,2.00,0.00,0.00,2.00,1,1.00,1.00,0.00,0.00,,1268,45,40.74,40.74,58.33,58.33,42.31,42.31,40.91,40.91,50.00,50.00
Japan,JPN,20200327,3.00,0,1.00,1,1.00,1,0.00,,0.00,,0.00,,1.00,1,2.00,0.00,,2.00,0.00,0.00,2.00,1,1.00,1.00,0.00,0.00,,1364,46,40.74,40.74,58.33,58.33,42.31,42.31,40.91,40.91,50.00,50.00
Japan,JPN,20200328,3.00,0,1.00,1,1.00,1,0.00,,0.00,,0.00,,1.00,1,2.00,0.00,,2.00,0.00,0.00,2.00,1,1.00,1.00,0.00,0.00,,1499,49,40.74,40.74,58.33,58.33,42.31,42.31,40.91,40.91,50.00,50.00
Japan,JPN,20200329,3.00,0,1.00,1,1.00,1,0.00,,0.00,,0.00,,1.00,1,2.00,0.00,,2.00,0.00,0.00,2.00,1,1.00,1.00,0.00,0.00,,1693,52,40.74,40.74,58.33,58.33,42.31,42.31,40.91,40.91,50.00,50.00
Japan,JPN,20200330,3.00,0,1.00,1,1.00,1,0.00,,0.00,,0.00,,1.00,1,2.00,0.00,,2.00,0.00,0.00,2.00,1,1.00,1.00,0.00,0.00,,1866,54,40.74,40.74,58.33,58.33,42.31,42.31,40.91,40.91,50.00,50.00
Japan,JPN,20200331,3.00,0,1.00,1,1.00,1,0.00,,0.00,,0.00,,1.00,1,2.00,0.00,,2.00,0.00,0.00,2.00,1,1.00,1.00,0.00,0.00,,1953,56,40.74,40.74,58.33,58.33,42.31,42.31,40.91,40.91,50.00,50.00
Japan,JPN,20200401,3.00,0,1.00,1,1.00,1,0.00,,0.00,,0.00,,1.00,1,2.00,0.00,,2.00,0.00,0.00,2.00,1,1.00,1.00,0.00,0.00,,1953,56,40.74,40.74,58.33,58.33,42.31,42.31,40.91,40.91,50.00,50.00
Japan,JPN,20200402,3.00,0,1.00,1,1.00,1,0.00,,0.00,,0.00,,1.00,1,2.00,0.00,,2.00,0.00,834353051822.00,2.00,1,1.00,1.00,0.00,0.00,,2178,57,40.74,40.74,58.33,58.33,42.31,42.31,40.91,40.91,50.00,50.00
Japan,JPN,20200403,3.00,0,1.00,1,1.00,1,0.00,,0.00,,0.00,,1.00,1,3.00,0.00,,2.00,0.00,0.00,2.00,1,1.00,1.00,0.00,0.00,,2617,63,43.52,43.52,61.90,61.90,44.23,44.23,43.18,43.18,50.00,50.00
Japan,JPN,20200404,3.00,0,1.00,1,1.00,1,0.00,,0.00,,0.00,,1.00,1,3.00,0.00,,2.00,0.00,0.00,2.00,1,1.00,1.00,0.00,0.00,,2935,69,43.52,43.52,61.90,61.90,44.23,44.23,43.18,43.18,50.00,50.00
Japan,JPN,20200405,3.00,0,1.00,1,1.00,1,0.00,,0.00,,0.00,,1.00,1,3.00,0.00,,2.00,0.00,0.00,2.00,1,1.00,1.00,0.00,0.00,,3271,70,43.52,43.52,61.90,61.90,44.23,44.23,43.18,43.18,50.00,50.00
Japan,JPN,20200406,3.00,0,1.00,1,1.00,1,0.00,,0.00,,0.00,,1.00,1,3.00,0.00,,2.00,0.00,0.00,2.00,1,1.00,1.00,0.00,0.00,,3654,73,43.52,43.52,61.90,61.90,44.23,44.23,43.18,43.18,50.00,50.00
Japan,JPN,20200407,3.00,0,1.00,1,1.00,1,0.00,,0.00,,1.00,0,1.00,1,3.00,0.00,,2.00,990863000000.00,0.00,2.00,1,1.00,1.00,0.00,0.00,,3817,80,45.37,45.37,61.90,61.90,45.51,45.51,44.70,44.70,50.00,50.00
Japan,JPN,20200408,3.00,0,1.00,1,1.00,1,0.00,,0.00,,1.00,0,1.00,1,3.00,0.00,,2.00,0.00,0.00,2.00,1,1.00,1.00,0.00,0.00,,3906,80,45.37,45.37,61.90,61.90,45.51,45.51,44.70,44.70,50.00,50.00
Japan,JPN,20200409,3.00,0,1.00,1,1.00,1,0.00,,0.00,,1.00,0,1.00,1,3.00,0.00,,2.00,0.00,0.00,2.00,1,1.00,1.00,0.00,0.00,,4257,81,45.37,45.37,61.90,61.90,45.51,45.51,44.70,44.70,50.00,50.00
Japan,JPN,20200410,3.00,0,1.00,1,1.00,1,0.00,,0.00,,1.00,0,1.00,1,3.00,0.00,,2.00,0.00,0.00,2.00,1,1.00,1.00,0.00,0.00,,4667,85,45.37,45.37,61.90,61.90,45.51,45.51,44.70,44.70,50.00,50.00
Japan,JPN,20200411,3.00,0,1.00,1,1.00,1,0.00,,0.00,,1.00,0,1.00,1,3.00,0.00,,2.00,0.00,0.00,2.00,1,1.00,1.00,0.00,0.00,,5347,88,45.37,45.37,61.90,61.90,45.51,45.51,44.70,44.70,50.00,50.00
Japan,JPN,20200412,3.00,0,1.00,1,1.00,1,0.00,,0.00,,1.00,0,1.00,1,3.00,0.00,,2.00,0.00,0.00,2.00,1,1.00,1.00,0.00,0.00,,6748,98,45.37,45.37,61.90,61.90,45.51,45.51,44.70,44.70,50.00,50.00
Japan,JPN,20200413,3.00,0,1.00,1,1.00,1,0.00,,0.00,,1.00,0,1.00,1,3.00,0.00,,2.00,0.00,0.00,2.00,1,1.00,1.00,0.00,0.00,,7255,102,45.37,45.37,61.90,61.90,45.51,45.51,44.70,44.70,50.00,50.00
Japan,JPN,20200414,3.00,0,1.00,1,1.00,1,0.00,,0.00,,1.00,0,1.00,1,3.00,0.00,,2.00,0.00,0.00,2.00,1,1.00,1.00,0.00,0.00,,7645,109,45.37,45.37,61.90,61.90,45.51,45.51,44.70,44.70,50.00,50.00
Japan,JPN,20200415,3.00,0,1.00,1,1.00,1,0.00,,0.00,,1.00,0,1.00,1,3.00,0.00,,2.00,0.00,0.00,2.00,1,1.00,1.00,0.00,0.00,,8100,119,45.37,45.37,61.90,61.90,45.51,45.51,44.70,44.70,50.00,50.00
Japan,JPN,20200416,3.00,0,1.00,1,1.00,1,0.00,,0.00,,1.00,1,1.00,1,3.00,1.00,1,2.00,0.00,2458012369.26,2.00,1,1.00,1.00,0.00,0.00,,8582,136,47.22,47.22,61.90,61.90,50.64,50.64,46.21,46.21,75.00,75.00
Japan,JPN,20200417,3.00,0,1.00,1,1.00,1,0.00,,0.00,,1.00,1,1.00,1,3.00,1.00,1,2.00,0.00,0.00,2.00,1,1.00,1.00,0.00,0.00,,9167,148,47.22,47.22,61.90,61.90,50.64,50.64,46.21,46.21,75.00,75.00
Japan,JPN,20200418,3.00,0,1.00,1,1.00,1,0.00,,0.00,,1.00,1,1.00,1,3.00,1.00,1,2.00,0.00,0.00,2.00,1,1.00,1.00,0.00,0.00,,9795,154,47.22,47.22,61.90,61.90,50.64,50.64,46.21,46.21,75.00,75.00
Japan,JPN,20200419,3.00,0,1.00,1,1.00,1,0.00,,0.00,,1.00,1,1.00,1,3.00,1.00,1,2.00,0.00,0.00,2.00,1,1.00,1.00,0.00,0.00,,10361,161,47.22,47.22,61.90,61.90,50.64,50.64,46.21,46.21,75.00,75.00
Japan,JPN,20200420,3.00,0,1.00,1,1.00,1,0.00,,0.00,,1.00,1,1.00,1,3.00,1.00,1,2.00,0.00,0.00,2.00,1,1.00,1.00,16801000000.00,0.00,,10751,171,47.22,47.22,61.90,61.90,50.64,50.64,46.21,46.21,75.00,75.00
Japan,JPN,20200421,3.00,0,1.00,1,1.00,1,0.00,,0.00,,1.00,1,1.00,1,3.00,1.00,1,2.00,0.00,0.00,2.00,1,1.00,1.00,0.00,0.00,,11118,186,47.22,47.22,61.90,61.90,50.64,50.64,46.21,46.21,75.00,75.00
Japan,JPN,20200422,3.00,0,1.00,1,1.00,1,0.00,,0.00,,1.00,1,1.00,1,3.00,1.00,1,2.00,0.00,0.00,2.00,1,1.00,1.00,0.00,0.00,,11496,186,47.22,47.22,61.90,61.90,50.64,50.64,46.21,46.21,75.00,75.00
Japan,JPN,20200423,3.00,0,1.00,1,1.00,1,0.00,,0.00,,1.00,1,1.00,1,3.00,1.00,1,2.00,0.00,0.00,2.00,1,1.00,1.00,0.00,0.00,,11772,287,47.22,47.22,61.90,61.90,50.64,50.64,46.21,46.21,75.00,75.00
Japan,JPN,20200424,3.00,0,1.00,1,1.00,1,0.00,,0.00,,1.00,1,1.00,1,3.00,1.00,1,2.00,0.00,0.00,2.00,1,1.00,1.00,0.00,0.00,,12240,317,47.22,47.22,61.90,61.90,50.64,50.64,46.21,46.21,75.00,75.00
Japan,JPN,20200425,3.00,0,1.00,1,1.00,1,0.00,,0.00,,1.00,1,1.00,1,3.00,1.00,1,2.00,0.00,0.00,2.00,1,1.00,1.00,0.00,0.00,,12892,334,47.22,47.22,61.90,61.90,50.64,50.64,46.21,46.21,75.00,75.00
Japan,JPN,20200426,3.00,0,1.00,1,1.00,1,0.00,,0.00,,1.00,1,1.00,1,3.00,1.00,1,2.00,0.00,0.00,2.00,1,1.00,1.00,0.00,0.00,,13182,348,47.22,47.22,61.90,61.90,50.64,50.64,46.21,46.21,75.00,75.00
Japan,JPN,20200427,3.00,0,1.00,1,1.00,1,0.00,,0.00,,1.00,1,1.00,1,3.00,1.00,1,2.00,0.00,0.00,2.00,1,1.00,1.00,0.00,0.00,,13385,351,47.22,47.22,61.90,61.90,50.64,50.64,46.21,46.21,75.00,75.00
Japan,JPN,20200428,3.00,0,1.00,1,1.00,1,0.00,,0.00,,1.00,1,1.00,1,3.00,1.00,1,2.00,0.00,0.00,2.00,1,1.00,1.00,0.00,0.00,,13576,376,47.22,47.22,61.90,61.90,50.64,50.64,46.21,46.21,75.00,75.00
Japan,JPN,20200429,3.00,0,1.00,1,1.00,1,0.00,,0.00,,1.00,1,1.00,1,3.00,1.00,1,2.00,0.00,0.00,2.00,1,1.00,1.00,0.00,0.00,,13852,389,47.22,47.22,61.90,61.90,50.64,50.64,46.21,46.21,75.00,75.00
Japan,JPN,20200430,3.00,0,1.00,1,1.00,1,0.00,,0.00,,1.00,1,1.00,1,3.00,1.00,1,2.00,0.00,150000000.00,2.00,1,1.00,1.00,0.00,0.00,,14088,415,47.22,47.22,61.90,61.90,50.64,50.64,46.21,46.21,75.00,75.00
Japan,JPN,20200501,3.00,0,1.00,1,1.00,1,0.00,,0.00,,1.00,1,1.00,1,3.00,1.00,1,2.00,0.00,0.00,2.00,1,1.00,1.00,0.00,0.00,,14281,432,47.22,47.22,61.90,61.90,50.64,50.64,46.21,46.21,75.00,75.00
Japan,JPN,20200502,3.00,0,1.00,1,1.00,1,0.00,,0.00,,1.00,1,1.00,1,3.00,1.00,1,2.00,0.00,0.00,2.00,1,1.00,1.00,0.00,0.00,,14544,458,47.22,47.22,61.90,61.90,50.64,50.64,46.21,46.21,75.00,75.00
Japan,JPN,20200503,3.00,0,1.00,1,1.00,1,0.00,,0.00,,1.00,1,1.00,1,3.00,1.00,1,2.00,0.00,0.00,2.00,1,1.00,1.00,0.00,0.00,,14839,492,47.22,47.22,61.90,61.90,50.64,50.64,46.21,46.21,75.00,75.00
Japan,JPN,20200504,3.00,0,1.00,1,1.00,1,0.00,,0.00,,1.00,1,1.00,1,3.00,1.00,1,2.00,0.00,0.00,2.00,1,1.00,1.00,0.00,0.00,,15057,510,47.22,47.22,61.90,61.90,50.64,50.64,46.21,46.21,75.00,75.00
Japan,JPN,20200505,3.00,0,1.00,1,1.00,1,0.00,,0.00,,1.00,1,1.00,1,3.00,1.00,1,2.00,0.00,0.00,2.00,1,1.00,1.00,0.00,0.00,,15231,521,47.22,47.22,61.90,61.90,50.64,50.64,46.21,46.21,75.00,75.00
Japan,JPN,20200506,3.00,0,1.00,1,1.00,1,0.00,,0.00,,1.00,1,1.00,1,3.00,1.00,1,2.00,0.00,0.00,2.00,1,1.00,1.00,0.00,0.00,,15354,543,47.22,47.22,61.90,61.90,50.64,50.64,46.21,46.21,75.00,75.00
Japan,JPN,20200507,3.00,0,1.00,1,1.00,1,0.00,,0.00,,1.00,1,1.00,1,3.00,1.00,1,2.00,0.00,0.00,2.00,1,1.00,1.00,0.00,0.00,,15463,551,47.22,47.22,61.90,61.90,50.64,50.64,46.21,46.21,75.00,75.00
Japan,JPN,20200508,3.00,0,1.00,1,1.00,1,0.00,,0.00,,1.00,1,1.00,1,3.00,1.00,1,2.00,0.00,0.00,2.00,1,1.00,1.00,0.00,0.00,,15547,557,47.22,47.22,61.90,61.90,50.64,50.64,46.21,46.21,75.00,75.00
Japan,JPN,20200509,3.00,0,1.00,1,1.00,1,0.00,,0.00,,1.00,1,1.00,1,3.00,1.00,1,2.00,0.00,0.00,2.00,1,1.00,1.00,0.00,0.00,,15628,601,47.22,47.22,61.90,61.90,50.64,50.64,46.21,46.21,75.00,75.00
Japan,JPN,20200510,3.00,0,1.00,1,1.00,1,0.00,,0.00,,1.00,1,1.00,1,3.00,1.00,1,2.00,0.00,0.00,2.00,1,1.00,1.00,0.00,0.00,,15747,613,47.22,47.22,61.90,61.90,50.64,50.64,46.21,46.21,75.00,75.00
Japan,JPN,20200511,3.00,0,1.00,1,1.00,1,0.00,,0.00,,1.00,1,1.00,1,3.00,1.00,1,2.00,0.00,0.00,2.00,1,1.00,1.00,0.00,0.00,,15798,621,47.22,47.22,61.90,61.90,50.64,50.64,46.21,46.21,75.00,75.00
Japan,JPN,20200512,3.00,0,1.00,1,1.00,1,0.00,,0.00,,1.00,1,1.00,1,3.00,1.00,1,2.00,0.00,0.00,2.00,1,1.00,1.00,0.00,0.00,,15874,643,47.22,47.22,61.90,61.90,50.64,50.64,46.21,46.21,75.00,75.00
Japan,JPN,20200513,3.00,0,1.00,1,1.00,1,0.00,,0.00,,1.00,1,1.00,1,3.00,1.00,1,2.00,0.00,100000000.00,2.00,1,1.00,1.00,0.00,0.00,,16024,668,47.22,47.22,61.90,61.90,50.64,50.64,46.21,46.21,75.00,75.00
Japan,JPN,20200514,3.00,0,1.00,0,1.00,0,0.00,,0.00,,1.00,0,1.00,1,3.00,1.00,1,2.00,0.00,0.00,2.00,1,1.00,1.00,0.00,0.00,,16079,687,40.74,40.74,53.57,53.57,46.15,46.15,40.91,40.91,75.00,75.00
Japan,JPN,20200515,3.00,0,1.00,0,1.00,0,0.00,,0.00,,1.00,0,1.00,1,3.00,1.00,1,2.00,0.00,0.00,2.00,1,1.00,1.00,0.00,0.00,,16193,710,40.74,40.74,53.57,53.57,46.15,46.15,40.91,40.91,75.00,75.00
Japan,JPN,20200516,3.00,0,1.00,0,1.00,0,0.00,,0.00,,1.00,0,1.00,1,3.00,1.00,1,2.00,0.00,0.00,2.00,1,1.00,1.00,0.00,0.00,,16237,725,40.74,40.74,53.57,53.57,46.15,46.15,40.91,40.91,75.00,75.00
Japan,JPN,20200517,3.00,0,1.00,0,1.00,0,0.00,,0.00,,1.00,0,1.00,1,3.00,1.00,1,2.00,0.00,0.00,2.00,1,1.00,1.00,0.00,0.00,,16285,744,40.74,40.74,53.57,53.57,46.15,46.15,40.91,40.91,75.00,75.00
Japan,JPN,20200518,3.00,0,1.00,0,1.00,0,0.00,,0.00,,1.00,0,1.00,1,3.00,1.00,1,2.00,0.00,0.00,2.00,1,1.00,1.00,0.00,0.00,,16305,749,40.74,40.74,53.57,53.57,46.15,46.15,40.91,40.91,75.00,75.00
Japan,JPN,20200519,3.00,0,1.00,0,1.00,0,0.00,,0.00,,1.00,0,1.00,1,3.00,1.00,1,2.00,491257000.00,0.00,2.00,1,1.00,1.00,0.00,0.00,,16365,763,40.74,40.74,53.57,53.57,46.15,46.15,40.91,40.91,75.00,75.00
Japan,JPN,20200520,3.00,0,1.00,0,1.00,0,0.00,,0.00,,1.00,0,1.00,1,3.00,1.00,1,2.00,0.00,0.00,2.00,1,1.00,1.00,0.00,0.00,,16385,771,40.74,40.74,53.57,53.57,46.15,46.15,40.91,40.91,75.00,75.00
Japan,JPN,20200521,3.00,0,1.00,0,1.00,0,0.00,,0.00,,1.00,0,1.00,1,3.00,1.00,1,2.00,0.00,0.00,2.00,1,1.00,1.00,0.00,0.00,,16424,777,40.74,40.74,53.57,53.57,46.15,46.15,40.91,40.91,75.00,75.00
Japan,JPN,20200522,3.00,0,1.00,0,1.00,0,0.00,,0.00,,1.00,0,1.00,1,3.00,1.00,1,2.00,0.00,0.00,2.00,1,1.00,1.00,0.00,0.00,,16513,796,40.74,40.74,53.57,53.57,46.15,46.15,40.91,40.91,75.00,75.00
Japan,JPN,20200523,3.00,0,1.00,0,1.00,0,0.00,,0.00,,1.00,0,1.00,1,3.00,1.00,1,2.00,0.00,0.00,2.00,1,1.00,1.00,0.00,0.00,,16536,808,40.74,40.74,53.57,53.57,46.15,46.15,40.91,40.91,75.00,75.00
Japan,JPN,20200524,3.00,0,1.00,0,1.00,0,0.00,,0.00,,1.00,0,1.00,1,3.00,1.00,1,2.00,0.00,0.00,2.00,1,1.00,1.00,0.00,0.00,,16550,820,40.74,40.74,53.57,53.57,46.15,46.15,40.91,40.91,75.00,75.00
Japan,JPN,20200525,3.00,0,0.00,,,,0.00,,0.00,,0.00,,0.00,,3.00,1.00,1,2.00,0.00,0.00,2.00,1,1.00,1.00,0.00,0.00,,16581,830,28.70,28.70,35.71,35.71,37.82,37.82,31.06,31.06,75.00,75.00
Japan,JPN,20200526,3.00,0,0.00,,1.00,0,0.00,,0.00,,0.00,,0.00,,3.00,1.00,1,2.00,0.00,0.00,2.00,1,1.00,1.00,0.00,0.00,,16623,846,31.48,31.48,40.48,40.48,39.74,39.74,33.33,33.33,75.00,75.00
Japan,JPN,20200527,3.00,0,0.00,,1.00,0,0.00,,0.00,,0.00,,0.00,,3.00,1.00,1,2.00,0.00,0.00,2.00,1,1.00,1.00,0.00,0.00,,16651,858,31.48,31.48,40.48,40.48,39.74,39.74,33.33,33.33,75.00,75.00
Japan,JPN,20200528,3.00,0,0.00,,1.00,0,0.00,,0.00,,0.00,,0.00,,3.00,1.00,1,2.00,0.00,0.00,2.00,1,1.00,1.00,0.00,0.00,,16651,858,31.48,31.48,40.48,40.48,39.74,39.74,33.33,33.33,75.00,75.00
Japan,JPN,20200529,3.00,0,0.00,,1.00,0,0.00,,0.00,,0.00,,0.00,,3.00,1.00,1,2.00,0.00,0.00,2.00,1,1.00,1.00,0.00,0.00,,16719,874,31.48,31.48,40.48,40.48,39.74,39.74,33.33,33.33,75.00,75.00
Japan,JPN,20200530,3.00,0,0.00,,1.00,0,0.00,,0.00,,0.00,,0.00,,3.00,1.00,1,2.00,0.00,0.00,2.00,1,1.00,1.00,0.00,0.00,,16804,886,31.48,31.48,40.48,40.48,39.74,39.74,33.33,33.33,75.00,75.00
Japan,JPN,20200531,3.00,0,0.00,,1.00,0,0.00,,0.00,,0.00,,0.00,,3.00,1.00,1,2.00,0.00,0.00,2.00,1,1.00,1.00,0.00,0.00,,16851,891,31.48,31.48,40.48,40.48,39.74,39.74,33.33,33.33,75.00,75.00
Japan,JPN,20200601,2.00,0,0.00,,1.00,0,0.00,,0.00,,0.00,,0.00,,3.00,1.00,1,2.00,0.00,0.00,2.00,1,1.00,1.00,0.00,0.00,,16884,892,27.78,27.78,36.90,36.90,37.18,37.18,30.30,30.30,75.00,75.00
Japan,JPN,20200602,2.00,0,0.00,,1.00,0,0.00,,0.00,,0.00,,0.00,,3.00,1.00,1,2.00,0.00,0.00,2.00,1,1.00,1.00,0.00,0.00,,16930,894,27.78,27.78,36.90,36.90,37.18,37.18,30.30,30.30,75.00,75.00
Japan,JPN,20200603,2.00,0,0.00,,1.00,0,0.00,,0.00,,0.00,,0.00,,3.00,1.00,1,2.00,0.00,0.00,2.00,1,1.00,1.00,0.00,0.00,,16986,900,27.78,27.78,36.90,36.90,37.18,37.18,30.30,30.30,75.00,75.00
Japan,JPN,20200604,2.00,0,0.00,,1.00,0,0.00,,0.00,,0.00,,0.00,,3.00,1.00,1,2.00,0.00,0.00,2.00,1,1.00,1.00,0.00,0.00,,17018,903,27.78,27.78,36.90,36.90,37.18,37.18,30.30,30.30,75.00,75.00
Japan,JPN,20200605,2.00,0,0.00,,1.00,0,0.00,,0.00,,0.00,,0.00,,3.00,1.00,1,2.00,0.00,0.00,2.00,1,1.00,1.00,0.00,0.00,,17064,907,27.78,27.78,36.90,36.90,37.18,37.18,30.30,30.30,75.00,75.00
Japan,JPN,20200606,2.00,0,0.00,,1.00,0,0.00,,0.00,,0.00,,0.00,,3.00,1.00,1,2.00,0.00,0.00,2.00,1,1.00,1.00,0.00,0.00,,17103,914,27.78,27.78,36.90,36.90,37.18,37.18,30.30,30.30,75.00,75.00
Japan,JPN,20200607,2.00,0,0.00,,1.00,0,0.00,,0.00,,0.00,,0.00,,3.00,1.00,1,2.00,0.00,7541400.00,2.00,1,1.00,1.00,0.00,0.00,,17141,916,27.78,27.78,36.90,36.90,37.18,37.18,30.30,30.30,75.00,75.00
Japan,JPN,20200608,2.00,0,0.00,,1.00,0,0.00,,0.00,,0.00,,0.00,,3.00,1.00,1,2.00,0.00,0.00,2.00,1,1.00,1.00,0.00,0.00,,17174,916,27.78,27.78,36.90,36.90,37.18,37.18,30.30,30.30,75.00,75.00
Japan,JPN,20200609,2.00,0,0.00,,1.00,0,0.00,,0.00,,0.00,,0.00,,3.00,1.00,1,2.00,0.00,0.00,2.00,1,1.00,1.00,0.00,0.00,,17210,916,27.78,27.78,36.90,36.90,37.18,37.18,30.30,30.30,75.00,75.00
Japan,JPN,20200610,2.00,0,0.00,,1.00,0,0.00,,0.00,,0.00,,0.00,,3.00,1.00,1,2.00,0.00,0.00,2.00,1,1.00,1.00,0.00,0.00,,17251,919,27.78,27.78,36.90,36.90,37.18,37.18,30.30,30.30,75.00,75.00
Japan,JPN,20200611,2.00,0,0.00,,1.00,0,0.00,,0.00,,0.00,,0.00,,3.00,1.00,1,2.00,0.00,0.00,2.00,1,1.00,1.00,0.00,0.00,,17292,920,27.78,27.78,36.90,36.90,37.18,37.18,30.30,30.30,75.00,75.00
Japan,JPN,20200612,2.00,0,0.00,,1.00,0,0.00,,0.00,,0.00,,0.00,,3.00,1.00,1,2.00,0.00,0.00,2.00,1,1.00,1.00,0.00,0.00,,17332,922,27.78,27.78,36.90,36.90,37.18,37.18,30.30,30.30,75.00,75.00
Japan,JPN,20200613,2.00,0,0.00,,1.00,0,0.00,,0.00,,0.00,,0.00,,3.00,1.00,1,2.00,0.00,0.00,2.00,1,1.00,1.00,0.00,0.00,,17382,924,27.78,27.78,36.90,36.90,37.18,37.18,30.30,30.30,75.00,75.00
Japan,JPN,20200614,2.00,0,0.00,,1.00,0,0.00,,0.00,,0.00,,0.00,,3.00,1.00,1,2.00,0.00,0.00,2.00,1,1.00,1.00,0.00,0.00,,17429,925,27.78,27.78,36.90,36.90,37.18,37.18,30.30,30.30,75.00,75.00
Japan,JPN,20200615,,,,,,,,,,,,,,,,,,,,,,,,,,,,17502,925,,,,,,,,,,
Japan,JPN,20200616,,,,,,,,,,,,,,,,,,,,,,,,,,,,17587,927,,,,,,,,,,
Japan,JPN,20200617,,,,,,,,,,,,,,,,,,,,,,,,,,,,17628,931,,27.78,,36.90,,37.18,,30.30,,75.00
Japan,JPN,20200618,,,,,,,,,,,,,,,,,,,,,,,,,,,,17668,935,,27.78,,36.90,,37.18,,30.30,,75.00
Japan,JPN,20200619,,,,,,,,,,,,,,,,,,,,,,,,,,,,17740,935,,27.78,,36.90,,37.18,,30.30,,75.00
Japan,JPN,20200620,,,,,,,,,,,,,,,,,,,,,,,,,,,,17799,952,,27.78,,36.90,,37.18,,30.30,,75.00
Japan,JPN,20200621,,,,,,,,,,,,,,,,,,,,,,,,,,,,17799,952,,27.78,,36.90,,37.18,,30.30,,75.00
Japan,JPN,20200622,,,,,,,,,,,,,,,,,,,,,,,,,,,,17916,953,,27.78,,36.90,,37.18,,30.30,,75.00
Japan,JPN,20200623,,,,,,,,,,,,,,,,,,,,,,,,,,,,17968,955,,27.78,,36.90,,37.18,,30.30,,75.00
