Jordan,JOR,20200101,0.00,,0.00,,0.00,,0.00,,0.00,,0.00,,0.00,,0.00,0.00,,0.00,0.00,0.00,0.00,,0.00,0.00,0.00,0.00,,,,0.00,0.00,0.00,0.00,0.00,0.00,0.00,0.00,0.00,0.00
Jordan,JOR,20200102,0.00,,0.00,,0.00,,0.00,,0.00,,0.00,,0.00,,0.00,0.00,,0.00,0.00,0.00,0.00,,0.00,0.00,0.00,0.00,,,,0.00,0.00,0.00,0.00,0.00,0.00,0.00,0.00,0.00,0.00
Jordan,JOR,20200103,0.00,,0.00,,0.00,,0.00,,0.00,,0.00,,0.00,,0.00,0.00,,0.00,0.00,0.00,0.00,,0.00,0.00,0.00,0.00,,,,0.00,0.00,0.00,0.00,0.00,0.00,0.00,0.00,0.00,0.00
Jordan,JOR,20200104,0.00,,0.00,,0.00,,0.00,,0.00,,0.00,,0.00,,0.00,0.00,,0.00,0.00,0.00,0.00,,0.00,0.00,0.00,0.00,,,,0.00,0.00,0.00,0.00,0.00,0.00,0.00,0.00,0.00,0.00
Jordan,JOR,20200105,0.00,,0.00,,0.00,,0.00,,0.00,,0.00,,0.00,,0.00,0.00,,0.00,0.00,0.00,0.00,,0.00,0.00,0.00,0.00,,,,0.00,0.00,0.00,0.00,0.00,0.00,0.00,0.00,0.00,0.00
Jordan,JOR,20200106,0.00,,0.00,,0.00,,0.00,,0.00,,0.00,,0.00,,0.00,0.00,,0.00,0.00,0.00,0.00,,0.00,0.00,0.00,0.00,,,,0.00,0.00,0.00,0.00,0.00,0.00,0.00,0.00,0.00,0.00
Jordan,JOR,20200107,0.00,,0.00,,0.00,,0.00,,0.00,,0.00,,0.00,,0.00,0.00,,0.00,0.00,0.00,0.00,,0.00,0.00,0.00,0.00,,,,0.00,0.00,0.00,0.00,0.00,0.00,0.00,0.00,0.00,0.00
Jordan,JOR,20200108,0.00,,0.00,,0.00,,0.00,,0.00,,0.00,,0.00,,0.00,0.00,,0.00,0.00,0.00,0.00,,0.00,0.00,0.00,0.00,,,,0.00,0.00,0.00,0.00,0.00,0.00,0.00,0.00,0.00,0.00
Jordan,JOR,20200109,0.00,,0.00,,0.00,,0.00,,0.00,,0.00,,0.00,,0.00,0.00,,0.00,0.00,0.00,0.00,,0.00,0.00,0.00,0.00,,,,0.00,0.00,0.00,0.00,0.00,0.00,0.00,0.00,0.00,0.00
Jordan,JOR,20200110,0.00,,0.00,,0.00,,0.00,,0.00,,0.00,,0.00,,0.00,0.00,,0.00,0.00,0.00,0.00,,0.00,0.00,0.00,0.00,,,,0.00,0.00,0.00,0.00,0.00,0.00,0.00,0.00,0.00,0.00
Jordan,JOR,20200111,0.00,,0.00,,0.00,,0.00,,0.00,,0.00,,0.00,,0.00,0.00,,0.00,0.00,0.00,0.00,,0.00,0.00,0.00,0.00,,,,0.00,0.00,0.00,0.00,0.00,0.00,0.00,0.00,0.00,0.00
Jordan,JOR,20200112,0.00,,0.00,,0.00,,0.00,,0.00,,0.00,,0.00,,0.00,0.00,,0.00,0.00,0.00,0.00,,0.00,0.00,0.00,0.00,,,,0.00,0.00,0.00,0.00,0.00,0.00,0.00,0.00,0.00,0.00
Jordan,JOR,20200113,0.00,,0.00,,0.00,,0.00,,0.00,,0.00,,0.00,,0.00,0.00,,0.00,0.00,0.00,0.00,,0.00,0.00,0.00,0.00,,,,0.00,0.00,0.00,0.00,0.00,0.00,0.00,0.00,0.00,0.00
Jordan,JOR,20200114,0.00,,0.00,,0.00,,0.00,,0.00,,0.00,,0.00,,0.00,0.00,,0.00,0.00,0.00,0.00,,0.00,0.00,0.00,0.00,,,,0.00,0.00,0.00,0.00,0.00,0.00,0.00,0.00,0.00,0.00
Jordan,JOR,20200115,0.00,,0.00,,0.00,,0.00,,0.00,,0.00,,0.00,,0.00,0.00,,0.00,0.00,0.00,0.00,,0.00,0.00,0.00,0.00,,,,0.00,0.00,0.00,0.00,0.00,0.00,0.00,0.00,0.00,0.00
Jordan,JOR,20200116,0.00,,0.00,,0.00,,0.00,,0.00,,0.00,,0.00,,0.00,0.00,,0.00,0.00,0.00,0.00,,0.00,0.00,0.00,0.00,,,,0.00,0.00,0.00,0.00,0.00,0.00,0.00,0.00,0.00,0.00
Jordan,JOR,20200117,0.00,,0.00,,0.00,,0.00,,0.00,,0.00,,0.00,,0.00,0.00,,0.00,0.00,0.00,0.00,,0.00,0.00,0.00,0.00,,,,0.00,0.00,0.00,0.00,0.00,0.00,0.00,0.00,0.00,0.00
Jordan,JOR,20200118,0.00,,0.00,,0.00,,0.00,,0.00,,0.00,,0.00,,0.00,0.00,,0.00,0.00,0.00,0.00,,0.00,0.00,0.00,0.00,,,,0.00,0.00,0.00,0.00,0.00,0.00,0.00,0.00,0.00,0.00
Jordan,JOR,20200119,0.00,,0.00,,0.00,,0.00,,0.00,,0.00,,0.00,,0.00,0.00,,0.00,0.00,0.00,0.00,,0.00,0.00,0.00,0.00,,,,0.00,0.00,0.00,0.00,0.00,0.00,0.00,0.00,0.00,0.00
Jordan,JOR,20200120,0.00,,0.00,,0.00,,0.00,,0.00,,0.00,,0.00,,0.00,0.00,,0.00,0.00,0.00,0.00,,0.00,0.00,0.00,0.00,,,,0.00,0.00,0.00,0.00,0.00,0.00,0.00,0.00,0.00,0.00
Jordan,JOR,20200121,0.00,,0.00,,0.00,,0.00,,0.00,,0.00,,0.00,,0.00,0.00,,0.00,0.00,0.00,0.00,,0.00,0.00,0.00,0.00,,,,0.00,0.00,0.00,0.00,0.00,0.00,0.00,0.00,0.00,0.00
Jordan,JOR,20200122,0.00,,0.00,,0.00,,0.00,,0.00,,0.00,,0.00,,0.00,0.00,,0.00,0.00,0.00,0.00,,0.00,0.00,0.00,0.00,,,,0.00,0.00,0.00,0.00,0.00,0.00,0.00,0.00,0.00,0.00
Jordan,JOR,20200123,0.00,,0.00,,0.00,,0.00,,0.00,,0.00,,0.00,,0.00,0.00,,0.00,0.00,0.00,0.00,,0.00,0.00,0.00,0.00,,,,0.00,0.00,0.00,0.00,0.00,0.00,0.00,0.00,0.00,0.00
Jordan,JOR,20200124,0.00,,0.00,,0.00,,0.00,,0.00,,0.00,,0.00,,0.00,0.00,,0.00,0.00,0.00,0.00,,0.00,0.00,0.00,0.00,,,,0.00,0.00,0.00,0.00,0.00,0.00,0.00,0.00,0.00,0.00
Jordan,JOR,20200125,0.00,,0.00,,0.00,,0.00,,0.00,,0.00,,0.00,,0.00,0.00,,0.00,0.00,0.00,0.00,,0.00,0.00,0.00,0.00,,,,0.00,0.00,0.00,0.00,0.00,0.00,0.00,0.00,0.00,0.00
Jordan,JOR,20200126,0.00,,0.00,,0.00,,0.00,,0.00,,0.00,,0.00,,0.00,0.00,,0.00,0.00,0.00,0.00,,0.00,0.00,0.00,0.00,,,,0.00,0.00,0.00,0.00,0.00,0.00,0.00,0.00,0.00,0.00
Jordan,JOR,20200127,0.00,,0.00,,0.00,,0.00,,0.00,,0.00,,0.00,,0.00,0.00,,0.00,0.00,0.00,0.00,,0.00,0.00,0.00,0.00,,,,0.00,0.00,0.00,0.00,0.00,0.00,0.00,0.00,0.00,0.00
Jordan,JOR,20200128,0.00,,0.00,,0.00,,0.00,,0.00,,0.00,,0.00,,0.00,0.00,,0.00,0.00,0.00,0.00,,0.00,0.00,0.00,0.00,,,,0.00,0.00,0.00,0.00,0.00,0.00,0.00,0.00,0.00,0.00
Jordan,JOR,20200129,0.00,,0.00,,0.00,,0.00,,0.00,,0.00,,0.00,,0.00,0.00,,0.00,0.00,0.00,0.00,,0.00,0.00,0.00,0.00,,,,0.00,0.00,0.00,0.00,0.00,0.00,0.00,0.00,0.00,0.00
Jordan,JOR,20200130,0.00,,0.00,,0.00,,0.00,,0.00,,0.00,,0.00,,0.00,0.00,,0.00,0.00,0.00,0.00,,0.00,0.00,0.00,0.00,,,,0.00,0.00,0.00,0.00,0.00,0.00,0.00,0.00,0.00,0.00
Jordan,JOR,20200131,0.00,,0.00,,0.00,,0.00,,0.00,,0.00,,0.00,,0.00,0.00,,0.00,0.00,0.00,0.00,,0.00,0.00,0.00,0.00,,,,0.00,0.00,0.00,0.00,0.00,0.00,0.00,0.00,0.00,0.00
Jordan,JOR,20200201,0.00,,0.00,,0.00,,0.00,,0.00,,0.00,,0.00,,0.00,0.00,,0.00,0.00,0.00,0.00,,0.00,0.00,0.00,0.00,,,,0.00,0.00,0.00,0.00,0.00,0.00,0.00,0.00,0.00,0.00
Jordan,JOR,20200202,0.00,,0.00,,0.00,,0.00,,0.00,,0.00,,0.00,,0.00,0.00,,0.00,0.00,0.00,0.00,,0.00,0.00,0.00,0.00,,,,0.00,0.00,0.00,0.00,0.00,0.00,0.00,0.00,0.00,0.00
Jordan,JOR,20200203,0.00,,0.00,,0.00,,0.00,,0.00,,0.00,,0.00,,0.00,0.00,,0.00,0.00,0.00,0.00,,0.00,0.00,0.00,0.00,,,,0.00,0.00,0.00,0.00,0.00,0.00,0.00,0.00,0.00,0.00
Jordan,JOR,20200204,0.00,,0.00,,0.00,,0.00,,0.00,,0.00,,0.00,,0.00,0.00,,0.00,0.00,0.00,0.00,,0.00,0.00,0.00,0.00,,,,0.00,0.00,0.00,0.00,0.00,0.00,0.00,0.00,0.00,0.00
Jordan,JOR,20200205,0.00,,0.00,,0.00,,0.00,,0.00,,0.00,,0.00,,0.00,0.00,,0.00,0.00,0.00,0.00,,0.00,0.00,0.00,0.00,,,,0.00,0.00,0.00,0.00,0.00,0.00,0.00,0.00,0.00,0.00
Jordan,JOR,20200206,0.00,,0.00,,0.00,,0.00,,0.00,,0.00,,0.00,,0.00,0.00,,0.00,0.00,0.00,0.00,,0.00,0.00,0.00,0.00,,,,0.00,0.00,0.00,0.00,0.00,0.00,0.00,0.00,0.00,0.00
Jordan,JOR,20200207,0.00,,0.00,,0.00,,0.00,,0.00,,0.00,,0.00,,0.00,0.00,,0.00,0.00,0.00,0.00,,0.00,0.00,0.00,0.00,,,,0.00,0.00,0.00,0.00,0.00,0.00,0.00,0.00,0.00,0.00
Jordan,JOR,20200208,0.00,,0.00,,0.00,,0.00,,0.00,,0.00,,0.00,,0.00,0.00,,0.00,0.00,0.00,0.00,,0.00,0.00,0.00,0.00,,,,0.00,0.00,0.00,0.00,0.00,0.00,0.00,0.00,0.00,0.00
Jordan,JOR,20200209,0.00,,0.00,,0.00,,0.00,,0.00,,0.00,,0.00,,0.00,0.00,,0.00,0.00,0.00,0.00,,0.00,0.00,0.00,0.00,,,,0.00,0.00,0.00,0.00,0.00,0.00,0.00,0.00,0.00,0.00
Jordan,JOR,20200210,0.00,,0.00,,0.00,,0.00,,0.00,,0.00,,0.00,,0.00,0.00,,0.00,0.00,0.00,0.00,,0.00,0.00,0.00,0.00,,,,0.00,0.00,0.00,0.00,0.00,0.00,0.00,0.00,0.00,0.00
Jordan,JOR,20200211,0.00,,0.00,,0.00,,0.00,,0.00,,0.00,,0.00,,0.00,0.00,,0.00,0.00,0.00,0.00,,0.00,0.00,0.00,0.00,,,,0.00,0.00,0.00,0.00,0.00,0.00,0.00,0.00,0.00,0.00
Jordan,JOR,20200212,0.00,,0.00,,0.00,,0.00,,0.00,,0.00,,0.00,,0.00,0.00,,0.00,0.00,0.00,0.00,,0.00,0.00,0.00,0.00,,,,0.00,0.00,0.00,0.00,0.00,0.00,0.00,0.00,0.00,0.00
Jordan,JOR,20200213,0.00,,0.00,,0.00,,0.00,,0.00,,0.00,,0.00,,0.00,0.00,,0.00,0.00,0.00,0.00,,0.00,0.00,0.00,0.00,,,,0.00,0.00,0.00,0.00,0.00,0.00,0.00,0.00,0.00,0.00
Jordan,JOR,20200214,0.00,,0.00,,0.00,,0.00,,0.00,,0.00,,0.00,,0.00,0.00,,0.00,0.00,0.00,0.00,,0.00,0.00,0.00,0.00,,,,0.00,0.00,0.00,0.00,0.00,0.00,0.00,0.00,0.00,0.00
Jordan,JOR,20200215,0.00,,0.00,,0.00,,0.00,,0.00,,0.00,,0.00,,0.00,0.00,,0.00,0.00,0.00,0.00,,0.00,0.00,0.00,0.00,,,,0.00,0.00,0.00,0.00,0.00,0.00,0.00,0.00,0.00,0.00
Jordan,JOR,20200216,0.00,,0.00,,0.00,,0.00,,0.00,,0.00,,0.00,,0.00,0.00,,0.00,0.00,0.00,0.00,,0.00,0.00,0.00,0.00,,,,0.00,0.00,0.00,0.00,0.00,0.00,0.00,0.00,0.00,0.00
Jordan,JOR,20200217,0.00,,0.00,,0.00,,0.00,,0.00,,0.00,,0.00,,0.00,0.00,,0.00,0.00,0.00,0.00,,0.00,0.00,0.00,0.00,,,,0.00,0.00,0.00,0.00,0.00,0.00,0.00,0.00,0.00,0.00
Jordan,JOR,20200218,0.00,,0.00,,0.00,,0.00,,0.00,,0.00,,0.00,,0.00,0.00,,0.00,0.00,0.00,0.00,,0.00,0.00,0.00,0.00,,,,0.00,0.00,0.00,0.00,0.00,0.00,0.00,0.00,0.00,0.00
Jordan,JOR,20200219,0.00,,0.00,,0.00,,0.00,,0.00,,0.00,,0.00,,0.00,0.00,,0.00,0.00,0.00,0.00,,0.00,0.00,0.00,0.00,,,,0.00,0.00,0.00,0.00,0.00,0.00,0.00,0.00,0.00,0.00
Jordan,JOR,20200220,0.00,,0.00,,0.00,,0.00,,0.00,,0.00,,0.00,,0.00,0.00,,0.00,0.00,0.00,0.00,,0.00,0.00,0.00,0.00,,,,0.00,0.00,0.00,0.00,0.00,0.00,0.00,0.00,0.00,0.00
Jordan,JOR,20200221,0.00,,0.00,,0.00,,0.00,,0.00,,0.00,,0.00,,0.00,0.00,,0.00,0.00,0.00,0.00,,0.00,0.00,0.00,0.00,,,,0.00,0.00,0.00,0.00,0.00,0.00,0.00,0.00,0.00,0.00
Jordan,JOR,20200222,0.00,,0.00,,0.00,,0.00,,0.00,,0.00,,0.00,,0.00,0.00,,0.00,0.00,0.00,0.00,,0.00,0.00,0.00,0.00,,,,0.00,0.00,0.00,0.00,0.00,0.00,0.00,0.00,0.00,0.00
Jordan,JOR,20200223,0.00,,0.00,,0.00,,0.00,,0.00,,0.00,,0.00,,0.00,0.00,,0.00,0.00,0.00,0.00,,0.00,0.00,0.00,0.00,,,,0.00,0.00,0.00,0.00,0.00,0.00,0.00,0.00,0.00,0.00
Jordan,JOR,20200224,0.00,,0.00,,0.00,,0.00,,0.00,,0.00,,0.00,,0.00,0.00,,0.00,0.00,0.00,0.00,,0.00,0.00,0.00,0.00,,,,0.00,0.00,0.00,0.00,0.00,0.00,0.00,0.00,0.00,0.00
Jordan,JOR,20200225,0.00,,0.00,,0.00,,0.00,,0.00,,0.00,,0.00,,0.00,0.00,,0.00,0.00,0.00,0.00,,0.00,0.00,0.00,0.00,,,,0.00,0.00,0.00,0.00,0.00,0.00,0.00,0.00,0.00,0.00
Jordan,JOR,20200226,0.00,,0.00,,0.00,,0.00,,0.00,,0.00,,0.00,,0.00,0.00,,0.00,0.00,0.00,0.00,,0.00,0.00,0.00,0.00,,,,0.00,0.00,0.00,0.00,0.00,0.00,0.00,0.00,0.00,0.00
Jordan,JOR,20200227,0.00,,0.00,,0.00,,0.00,,0.00,,0.00,,0.00,,0.00,0.00,,0.00,0.00,0.00,0.00,,0.00,0.00,0.00,0.00,,,,0.00,0.00,0.00,0.00,0.00,0.00,0.00,0.00,0.00,0.00
Jordan,JOR,20200228,0.00,,0.00,,0.00,,0.00,,0.00,,0.00,,0.00,,0.00,0.00,,0.00,0.00,0.00,0.00,,0.00,0.00,0.00,0.00,,,,0.00,0.00,0.00,0.00,0.00,0.00,0.00,0.00,0.00,0.00
Jordan,JOR,20200229,0.00,,0.00,,0.00,,0.00,,0.00,,0.00,,0.00,,0.00,0.00,,0.00,0.00,0.00,0.00,,0.00,0.00,0.00,0.00,,,,0.00,0.00,0.00,0.00,0.00,0.00,0.00,0.00,0.00,0.00
Jordan,JOR,20200301,0.00,,0.00,,0.00,,0.00,,0.00,,0.00,,0.00,,0.00,0.00,,0.00,0.00,0.00,0.00,,0.00,0.00,0.00,0.00,,,,0.00,0.00,0.00,0.00,0.00,0.00,0.00,0.00,0.00,0.00
Jordan,JOR,20200302,0.00,,0.00,,0.00,,0.00,,0.00,,0.00,,0.00,,0.00,0.00,,0.00,0.00,0.00,0.00,,0.00,0.00,0.00,0.00,,,,0.00,0.00,0.00,0.00,0.00,0.00,0.00,0.00,0.00,0.00
Jordan,JOR,20200303,0.00,,0.00,,0.00,,0.00,,0.00,,0.00,,0.00,,0.00,0.00,,0.00,0.00,0.00,0.00,,0.00,0.00,0.00,0.00,,1,0,0.00,0.00,0.00,0.00,0.00,0.00,0.00,0.00,0.00,0.00
Jordan,JOR,20200304,0.00,,0.00,,0.00,,0.00,,0.00,,0.00,,0.00,,0.00,0.00,,0.00,0.00,0.00,0.00,,0.00,0.00,0.00,0.00,,,,0.00,0.00,0.00,0.00,0.00,0.00,0.00,0.00,0.00,0.00
Jordan,JOR,20200305,0.00,,0.00,,0.00,,0.00,,0.00,,0.00,,0.00,,0.00,0.00,,0.00,0.00,0.00,2.00,1,1.00,0.00,0.00,0.00,,,,11.11,11.11,14.29,14.29,10.26,10.26,12.12,12.12,0.00,0.00
Jordan,JOR,20200306,0.00,,0.00,,0.00,,0.00,,0.00,,0.00,,0.00,,0.00,0.00,,0.00,0.00,0.00,2.00,1,1.00,0.00,0.00,0.00,,,,11.11,11.11,14.29,14.29,10.26,10.26,12.12,12.12,0.00,0.00
Jordan,JOR,20200307,0.00,,0.00,,0.00,,0.00,,0.00,,0.00,,0.00,,0.00,0.00,,0.00,0.00,0.00,2.00,1,1.00,0.00,0.00,0.00,,,,11.11,11.11,14.29,14.29,10.26,10.26,12.12,12.12,0.00,0.00
Jordan,JOR,20200308,0.00,,0.00,,0.00,,0.00,,0.00,,0.00,,0.00,,0.00,0.00,,0.00,0.00,0.00,2.00,1,1.00,0.00,0.00,0.00,,1,0,11.11,11.11,14.29,14.29,10.26,10.26,12.12,12.12,0.00,0.00
Jordan,JOR,20200309,0.00,,0.00,,0.00,,0.00,,0.00,,0.00,,0.00,,0.00,0.00,,0.00,0.00,0.00,2.00,1,2.00,0.00,0.00,0.00,,,,11.11,11.11,14.29,14.29,12.82,12.82,15.15,15.15,0.00,0.00
Jordan,JOR,20200310,0.00,,0.00,,0.00,,0.00,,0.00,,0.00,,0.00,,0.00,0.00,,0.00,0.00,0.00,2.00,1,2.00,0.00,0.00,0.00,,,,11.11,11.11,14.29,14.29,12.82,12.82,15.15,15.15,0.00,0.00
Jordan,JOR,20200311,0.00,,0.00,,0.00,,0.00,,0.00,,0.00,,0.00,,0.00,0.00,,0.00,0.00,0.00,2.00,1,2.00,0.00,0.00,0.00,,,,11.11,11.11,14.29,14.29,12.82,12.82,15.15,15.15,0.00,0.00
Jordan,JOR,20200312,0.00,,0.00,,0.00,,0.00,,0.00,,0.00,,0.00,,0.00,0.00,,0.00,0.00,0.00,2.00,1,2.00,0.00,0.00,0.00,,,,11.11,11.11,14.29,14.29,12.82,12.82,15.15,15.15,0.00,0.00
Jordan,JOR,20200313,0.00,,0.00,,0.00,,0.00,,0.00,,0.00,,0.00,,0.00,0.00,,0.00,0.00,0.00,2.00,1,2.00,0.00,0.00,0.00,,,,11.11,11.11,14.29,14.29,12.82,12.82,15.15,15.15,0.00,0.00
Jordan,JOR,20200314,0.00,,0.00,,0.00,,0.00,,0.00,,0.00,,0.00,,0.00,0.00,,0.00,0.00,0.00,2.00,1,2.00,0.00,0.00,0.00,,,,11.11,11.11,14.29,14.29,12.82,12.82,15.15,15.15,0.00,0.00
Jordan,JOR,20200315,3.00,1,0.00,,0.00,,0.00,,0.00,,0.00,,0.00,,4.00,0.00,,0.00,705000000.00,0.00,2.00,1,2.00,0.00,0.00,0.00,,1,0,33.33,33.33,42.86,42.86,28.21,28.21,33.33,33.33,0.00,0.00
Jordan,JOR,20200316,3.00,1,0.00,,0.00,,0.00,,0.00,,0.00,,0.00,,4.00,0.00,,0.00,0.00,0.00,2.00,1,2.00,0.00,0.00,0.00,,15,0,33.33,33.33,42.86,42.86,28.21,28.21,33.33,33.33,0.00,0.00
Jordan,JOR,20200317,3.00,1,0.00,,0.00,,0.00,,0.00,,0.00,,0.00,,4.00,0.00,,0.00,0.00,0.00,2.00,1,2.00,1.00,0.00,0.00,,16,0,33.33,33.33,42.86,42.86,32.05,32.05,37.88,37.88,0.00,0.00
Jordan,JOR,20200318,3.00,1,3.00,1,2.00,1,4.00,1,2.00,1,3.00,1,2.00,1,4.00,0.00,,1.00,0.00,0.00,2.00,1,2.00,1.00,0.00,0.00,,35,0,100.00,100.00,100.00,100.00,82.05,82.05,92.42,92.42,25.00,25.00
Jordan,JOR,20200319,3.00,1,3.00,1,2.00,1,4.00,1,2.00,1,3.00,1,2.00,1,4.00,0.00,,1.00,0.00,0.00,2.00,1,2.00,1.00,0.00,0.00,,52,0,100.00,100.00,100.00,100.00,82.05,82.05,92.42,92.42,25.00,25.00
Jordan,JOR,20200320,3.00,1,3.00,1,2.00,1,4.00,1,2.00,1,3.00,1,2.00,1,4.00,0.00,,1.00,0.00,0.00,2.00,1,2.00,1.00,0.00,0.00,,56,0,100.00,100.00,100.00,100.00,82.05,82.05,92.42,92.42,25.00,25.00
Jordan,JOR,20200321,3.00,1,3.00,1,2.00,1,4.00,1,2.00,1,3.00,1,2.00,1,4.00,0.00,,1.00,0.00,0.00,2.00,1,2.00,1.00,0.00,0.00,,69,0,100.00,100.00,100.00,100.00,82.05,82.05,92.42,92.42,25.00,25.00
Jordan,JOR,20200322,3.00,1,3.00,1,2.00,1,4.00,1,2.00,1,3.00,1,2.00,1,4.00,0.00,,1.00,0.00,0.00,2.00,1,2.00,1.00,0.00,0.00,,84,0,100.00,100.00,100.00,100.00,82.05,82.05,92.42,92.42,25.00,25.00
Jordan,JOR,20200323,3.00,1,3.00,1,2.00,1,4.00,1,2.00,1,3.00,1,2.00,1,4.00,0.00,,1.00,0.00,0.00,2.00,1,2.00,1.00,0.00,0.00,,99,0,100.00,100.00,100.00,100.00,82.05,82.05,92.42,92.42,25.00,25.00
Jordan,JOR,20200324,3.00,1,3.00,1,2.00,1,4.00,1,2.00,1,3.00,1,2.00,1,4.00,0.00,,1.00,0.00,0.00,2.00,1,2.00,1.00,0.00,0.00,,112,0,100.00,100.00,100.00,100.00,82.05,82.05,92.42,92.42,25.00,25.00
Jordan,JOR,20200325,3.00,1,3.00,1,2.00,1,4.00,1,2.00,1,3.00,1,2.00,1,4.00,0.00,,1.00,0.00,0.00,2.00,1,2.00,1.00,0.00,0.00,,127,0,100.00,100.00,100.00,100.00,82.05,82.05,92.42,92.42,25.00,25.00
Jordan,JOR,20200326,3.00,1,3.00,1,2.00,1,4.00,1,2.00,1,3.00,1,2.00,1,4.00,0.00,,1.00,0.00,0.00,2.00,1,2.00,1.00,0.00,0.00,,153,0,100.00,100.00,100.00,100.00,82.05,82.05,92.42,92.42,25.00,25.00
Jordan,JOR,20200327,3.00,1,3.00,1,2.00,1,4.00,1,2.00,1,3.00,1,2.00,1,4.00,0.00,,1.00,0.00,0.00,2.00,1,2.00,1.00,0.00,0.00,,172,0,100.00,100.00,100.00,100.00,82.05,82.05,92.42,92.42,25.00,25.00
Jordan,JOR,20200328,3.00,1,3.00,1,2.00,1,4.00,1,2.00,1,3.00,1,2.00,1,4.00,0.00,,1.00,0.00,0.00,2.00,1,2.00,1.00,0.00,0.00,,212,0,100.00,100.00,100.00,100.00,82.05,82.05,92.42,92.42,25.00,25.00
Jordan,JOR,20200329,3.00,1,3.00,1,2.00,1,4.00,1,2.00,1,3.00,1,2.00,1,4.00,1.00,0,1.00,0.00,0.00,2.00,1,2.00,1.00,0.00,0.00,,235,1,100.00,100.00,100.00,100.00,83.97,83.97,92.42,92.42,37.50,37.50
Jordan,JOR,20200330,3.00,1,3.00,1,2.00,1,4.00,1,2.00,1,3.00,1,2.00,1,4.00,1.00,0,1.00,0.00,0.00,2.00,1,2.00,1.00,0.00,0.00,,259,1,100.00,100.00,100.00,100.00,83.97,83.97,92.42,92.42,37.50,37.50
Jordan,JOR,20200331,3.00,1,3.00,1,2.00,1,4.00,1,2.00,1,3.00,1,2.00,1,4.00,1.00,0,1.00,0.00,0.00,2.00,1,2.00,1.00,0.00,0.00,,268,5,100.00,100.00,100.00,100.00,83.97,83.97,92.42,92.42,37.50,37.50
Jordan,JOR,20200401,3.00,1,3.00,1,2.00,1,4.00,1,2.00,1,3.00,1,2.00,1,4.00,1.00,0,1.00,0.00,0.00,2.00,1,2.00,1.00,0.00,0.00,,274,5,100.00,100.00,100.00,100.00,83.97,83.97,92.42,92.42,37.50,37.50
Jordan,JOR,20200402,3.00,1,3.00,1,2.00,1,4.00,1,2.00,1,3.00,1,2.00,1,4.00,1.00,0,1.00,0.00,0.00,2.00,1,2.00,1.00,0.00,0.00,,278,5,100.00,100.00,100.00,100.00,83.97,83.97,92.42,92.42,37.50,37.50
Jordan,JOR,20200403,3.00,1,3.00,1,2.00,1,4.00,1,2.00,1,3.00,1,2.00,1,4.00,1.00,0,1.00,0.00,0.00,2.00,1,2.00,1.00,0.00,0.00,,299,5,100.00,100.00,100.00,100.00,83.97,83.97,92.42,92.42,37.50,37.50
Jordan,JOR,20200404,3.00,1,3.00,1,2.00,1,4.00,1,2.00,1,3.00,1,2.00,1,4.00,1.00,0,1.00,0.00,0.00,2.00,1,2.00,1.00,0.00,0.00,,299,5,100.00,100.00,100.00,100.00,83.97,83.97,92.42,92.42,37.50,37.50
Jordan,JOR,20200405,3.00,1,3.00,1,2.00,1,4.00,1,2.00,1,3.00,1,2.00,1,4.00,1.00,0,1.00,0.00,0.00,2.00,1,2.00,1.00,0.00,0.00,,323,5,100.00,100.00,100.00,100.00,83.97,83.97,92.42,92.42,37.50,37.50
Jordan,JOR,20200406,3.00,1,3.00,1,2.00,1,4.00,1,2.00,1,3.00,1,2.00,1,4.00,1.00,0,1.00,0.00,0.00,2.00,1,2.00,1.00,0.00,0.00,,345,5,100.00,100.00,100.00,100.00,83.97,83.97,92.42,92.42,37.50,37.50
Jordan,JOR,20200407,3.00,1,3.00,1,2.00,1,4.00,1,2.00,1,3.00,1,2.00,1,4.00,1.00,0,1.00,0.00,0.00,2.00,1,2.00,1.00,0.00,0.00,,349,6,100.00,100.00,100.00,100.00,83.97,83.97,92.42,92.42,37.50,37.50
Jordan,JOR,20200408,3.00,1,3.00,1,2.00,1,4.00,1,2.00,1,3.00,1,2.00,1,4.00,1.00,0,1.00,0.00,0.00,2.00,1,2.00,1.00,0.00,0.00,,349,6,100.00,100.00,100.00,100.00,83.97,83.97,92.42,92.42,37.50,37.50
Jordan,JOR,20200409,3.00,1,3.00,1,2.00,1,4.00,1,2.00,1,3.00,1,2.00,1,4.00,1.00,0,1.00,0.00,0.00,2.00,1,2.00,1.00,0.00,0.00,,358,6,100.00,100.00,100.00,100.00,83.97,83.97,92.42,92.42,37.50,37.50
Jordan,JOR,20200410,3.00,1,3.00,1,2.00,1,4.00,1,2.00,1,3.00,1,2.00,1,4.00,1.00,0,1.00,0.00,0.00,2.00,1,2.00,1.00,0.00,0.00,,372,7,100.00,100.00,100.00,100.00,83.97,83.97,92.42,92.42,37.50,37.50
Jordan,JOR,20200411,3.00,1,3.00,1,2.00,1,4.00,1,2.00,1,3.00,1,2.00,1,4.00,1.00,0,1.00,0.00,0.00,2.00,1,2.00,1.00,0.00,0.00,,372,7,100.00,100.00,100.00,100.00,83.97,83.97,92.42,92.42,37.50,37.50
Jordan,JOR,20200412,3.00,1,3.00,1,2.00,1,4.00,1,2.00,1,3.00,1,2.00,1,4.00,1.00,0,1.00,0.00,0.00,2.00,1,2.00,1.00,0.00,0.00,,381,7,100.00,100.00,100.00,100.00,83.97,83.97,92.42,92.42,37.50,37.50
Jordan,JOR,20200413,3.00,1,3.00,1,2.00,1,4.00,1,2.00,1,3.00,1,2.00,1,4.00,1.00,0,1.00,0.00,0.00,2.00,1,2.00,1.00,0.00,0.00,,389,7,100.00,100.00,100.00,100.00,83.97,83.97,92.42,92.42,37.50,37.50
Jordan,JOR,20200414,3.00,1,3.00,1,2.00,1,4.00,1,2.00,1,3.00,1,2.00,1,4.00,1.00,0,1.00,0.00,0.00,2.00,1,2.00,1.00,0.00,0.00,,391,7,100.00,100.00,100.00,100.00,83.97,83.97,92.42,92.42,37.50,37.50
Jordan,JOR,20200415,3.00,1,3.00,1,2.00,1,4.00,1,2.00,1,3.00,1,2.00,1,4.00,1.00,0,1.00,0.00,0.00,2.00,1,2.00,1.00,0.00,0.00,,397,7,100.00,100.00,100.00,100.00,83.97,83.97,92.42,92.42,37.50,37.50
Jordan,JOR,20200416,3.00,1,3.00,1,2.00,1,4.00,1,2.00,1,3.00,1,2.00,1,4.00,1.00,0,1.00,0.00,0.00,2.00,1,2.00,1.00,0.00,0.00,,401,7,100.00,100.00,100.00,100.00,83.97,83.97,92.42,92.42,37.50,37.50
Jordan,JOR,20200417,3.00,1,3.00,1,2.00,1,4.00,1,2.00,1,3.00,1,2.00,1,4.00,1.00,0,1.00,0.00,0.00,2.00,1,2.00,1.00,0.00,0.00,,402,7,100.00,100.00,100.00,100.00,83.97,83.97,92.42,92.42,37.50,37.50
Jordan,JOR,20200418,3.00,1,3.00,1,2.00,1,4.00,1,2.00,1,3.00,1,2.00,1,4.00,1.00,0,1.00,0.00,0.00,2.00,1,2.00,1.00,0.00,0.00,,407,7,100.00,100.00,100.00,100.00,83.97,83.97,92.42,92.42,37.50,37.50
Jordan,JOR,20200419,3.00,1,3.00,1,2.00,1,4.00,1,2.00,1,3.00,1,2.00,1,4.00,1.00,0,1.00,0.00,0.00,2.00,1,2.00,1.00,0.00,0.00,,413,7,100.00,100.00,100.00,100.00,83.97,83.97,92.42,92.42,37.50,37.50
Jordan,JOR,20200420,3.00,1,3.00,1,2.00,1,4.00,1,2.00,1,3.00,1,2.00,1,4.00,1.00,0,1.00,0.00,0.00,2.00,1,2.00,1.00,0.00,0.00,,417,7,100.00,100.00,100.00,100.00,83.97,83.97,92.42,92.42,37.50,37.50
Jordan,JOR,20200421,3.00,1,2.00,1,2.00,1,4.00,1,2.00,1,3.00,1,2.00,1,4.00,1.00,0,1.00,0.00,0.00,2.00,1,2.00,1.00,0.00,0.00,,425,7,96.30,96.30,96.43,96.43,81.41,81.41,89.39,89.39,37.50,37.50
Jordan,JOR,20200422,3.00,1,2.00,1,2.00,1,4.00,1,2.00,1,3.00,1,2.00,1,4.00,1.00,0,1.00,0.00,0.00,2.00,1,2.00,1.00,0.00,0.00,,425,7,96.30,96.30,96.43,96.43,81.41,81.41,89.39,89.39,37.50,37.50
Jordan,JOR,20200423,3.00,1,2.00,1,2.00,1,4.00,1,2.00,1,3.00,1,2.00,1,4.00,1.00,0,1.00,0.00,0.00,2.00,1,2.00,1.00,0.00,0.00,,428,7,96.30,96.30,96.43,96.43,81.41,81.41,89.39,89.39,37.50,37.50
Jordan,JOR,20200424,3.00,1,2.00,1,2.00,1,4.00,1,2.00,1,3.00,1,2.00,1,4.00,1.00,0,1.00,0.00,0.00,2.00,1,2.00,1.00,0.00,0.00,,437,7,96.30,96.30,96.43,96.43,81.41,81.41,89.39,89.39,37.50,37.50
Jordan,JOR,20200425,3.00,1,2.00,1,2.00,1,4.00,1,2.00,1,3.00,1,2.00,1,4.00,1.00,0,1.00,0.00,0.00,2.00,1,2.00,1.00,0.00,0.00,,441,7,96.30,96.30,96.43,96.43,81.41,81.41,89.39,89.39,37.50,37.50
Jordan,JOR,20200426,3.00,1,2.00,1,2.00,1,4.00,1,2.00,1,3.00,1,2.00,1,4.00,1.00,0,1.00,0.00,0.00,2.00,1,2.00,1.00,0.00,0.00,,444,7,96.30,96.30,96.43,96.43,81.41,81.41,89.39,89.39,37.50,37.50
Jordan,JOR,20200427,3.00,1,2.00,1,2.00,1,4.00,1,2.00,0,2.00,1,2.00,1,4.00,1.00,0,1.00,0.00,0.00,2.00,1,2.00,1.00,0.00,0.00,,447,7,89.81,89.81,91.67,91.67,76.92,76.92,84.09,84.09,37.50,37.50
Jordan,JOR,20200428,3.00,1,2.00,1,2.00,1,4.00,1,2.00,0,2.00,1,2.00,1,4.00,1.00,0,1.00,0.00,0.00,2.00,1,2.00,1.00,0.00,0.00,,449,7,89.81,89.81,91.67,91.67,76.92,76.92,84.09,84.09,37.50,37.50
Jordan,JOR,20200429,3.00,1,2.00,1,2.00,1,4.00,1,2.00,0,2.00,1,2.00,1,4.00,1.00,0,1.00,0.00,0.00,2.00,1,2.00,1.00,0.00,0.00,,449,8,89.81,89.81,91.67,91.67,76.92,76.92,84.09,84.09,37.50,37.50
Jordan,JOR,20200430,3.00,1,2.00,1,2.00,1,4.00,1,2.00,0,2.00,1,2.00,1,4.00,1.00,0,1.00,0.00,0.00,2.00,1,2.00,1.00,0.00,0.00,,451,8,89.81,89.81,91.67,91.67,76.92,76.92,84.09,84.09,37.50,37.50
Jordan,JOR,20200501,3.00,1,2.00,1,2.00,1,4.00,1,2.00,0,2.00,1,2.00,1,4.00,1.00,0,1.00,0.00,0.00,2.00,1,2.00,1.00,0.00,0.00,,453,8,89.81,89.81,91.67,91.67,76.92,76.92,84.09,84.09,37.50,37.50
Jordan,JOR,20200502,3.00,1,2.00,1,2.00,1,4.00,1,2.00,0,2.00,1,2.00,1,4.00,1.00,0,1.00,0.00,0.00,2.00,1,2.00,1.00,0.00,0.00,,459,8,89.81,89.81,91.67,91.67,76.92,76.92,84.09,84.09,37.50,37.50
Jordan,JOR,20200503,3.00,1,2.00,1,2.00,1,4.00,1,2.00,0,2.00,1,2.00,1,4.00,1.00,0,1.00,0.00,0.00,2.00,1,2.00,1.00,0.00,0.00,,460,9,89.81,89.81,91.67,91.67,76.92,76.92,84.09,84.09,37.50,37.50
Jordan,JOR,20200504,3.00,1,2.00,1,2.00,1,4.00,1,1.00,1,2.00,1,2.00,1,4.00,1.00,0,1.00,0.00,0.00,2.00,1,2.00,1.00,0.00,0.00,,461,9,87.04,87.04,91.67,91.67,75.00,75.00,81.82,81.82,37.50,37.50
Jordan,JOR,20200505,3.00,1,2.00,1,2.00,1,4.00,1,1.00,1,2.00,1,2.00,1,4.00,1.00,0,1.00,0.00,0.00,2.00,1,2.00,1.00,0.00,0.00,,465,9,87.04,87.04,91.67,91.67,75.00,75.00,81.82,81.82,37.50,37.50
Jordan,JOR,20200506,3.00,1,2.00,1,2.00,1,4.00,1,1.00,1,2.00,1,2.00,1,4.00,1.00,0,1.00,0.00,0.00,2.00,1,2.00,1.00,0.00,0.00,,471,9,87.04,87.04,91.67,91.67,75.00,75.00,81.82,81.82,37.50,37.50
Jordan,JOR,20200507,3.00,1,2.00,1,2.00,1,4.00,1,1.00,1,2.00,1,2.00,1,4.00,1.00,0,1.00,0.00,0.00,2.00,1,2.00,1.00,0.00,0.00,,473,9,87.04,87.04,91.67,91.67,75.00,75.00,81.82,81.82,37.50,37.50
Jordan,JOR,20200508,3.00,1,2.00,1,2.00,1,4.00,1,1.00,1,2.00,1,2.00,1,4.00,1.00,0,1.00,0.00,0.00,2.00,1,2.00,1.00,0.00,0.00,,494,9,87.04,87.04,91.67,91.67,75.00,75.00,81.82,81.82,37.50,37.50
Jordan,JOR,20200509,3.00,1,2.00,1,2.00,1,4.00,1,1.00,1,2.00,1,2.00,1,4.00,1.00,0,1.00,0.00,0.00,2.00,1,2.00,1.00,0.00,0.00,,508,9,87.04,87.04,91.67,91.67,75.00,75.00,81.82,81.82,37.50,37.50
Jordan,JOR,20200510,3.00,1,2.00,1,2.00,1,4.00,1,1.00,1,2.00,1,2.00,1,4.00,1.00,0,1.00,0.00,0.00,2.00,1,2.00,1.00,0.00,0.00,,522,9,87.04,87.04,91.67,91.67,75.00,75.00,81.82,81.82,37.50,37.50
Jordan,JOR,20200511,3.00,1,2.00,1,2.00,1,4.00,1,1.00,1,2.00,1,2.00,1,4.00,1.00,0,1.00,0.00,0.00,2.00,1,2.00,1.00,0.00,0.00,,540,9,87.04,87.04,91.67,91.67,75.00,75.00,81.82,81.82,37.50,37.50
Jordan,JOR,20200512,3.00,1,2.00,1,2.00,1,4.00,1,0.00,,1.00,1,2.00,1,4.00,1.00,0,1.00,0.00,0.00,2.00,1,2.00,1.00,0.00,0.00,,562,9,77.78,77.78,82.14,82.14,68.59,68.59,74.24,74.24,37.50,37.50
Jordan,JOR,20200513,3.00,1,2.00,1,2.00,1,4.00,1,0.00,,1.00,1,2.00,1,4.00,1.00,0,1.00,0.00,0.00,2.00,1,2.00,1.00,0.00,0.00,,576,9,77.78,77.78,82.14,82.14,68.59,68.59,74.24,74.24,37.50,37.50
Jordan,JOR,20200514,3.00,1,2.00,1,2.00,1,4.00,1,0.00,,1.00,1,2.00,1,4.00,1.00,0,1.00,0.00,0.00,2.00,1,2.00,1.00,0.00,0.00,,582,9,77.78,77.78,82.14,82.14,68.59,68.59,74.24,74.24,37.50,37.50
Jordan,JOR,20200515,3.00,1,2.00,1,2.00,1,4.00,1,0.00,,1.00,1,2.00,1,4.00,1.00,0,1.00,0.00,0.00,2.00,1,2.00,1.00,0.00,0.00,,586,9,77.78,77.78,82.14,82.14,68.59,68.59,74.24,74.24,37.50,37.50
Jordan,JOR,20200516,3.00,1,2.00,1,2.00,1,4.00,1,0.00,,1.00,1,2.00,1,4.00,1.00,0,1.00,0.00,0.00,2.00,1,2.00,1.00,0.00,0.00,,596,9,77.78,77.78,82.14,82.14,68.59,68.59,74.24,74.24,37.50,37.50
Jordan,JOR,20200517,3.00,1,2.00,1,2.00,1,4.00,1,0.00,,1.00,1,2.00,1,4.00,1.00,0,1.00,0.00,0.00,2.00,1,2.00,1.00,0.00,0.00,,607,9,77.78,77.78,82.14,82.14,68.59,68.59,74.24,74.24,37.50,37.50
Jordan,JOR,20200518,3.00,1,2.00,1,2.00,1,4.00,1,0.00,,1.00,1,2.00,1,4.00,1.00,0,1.00,0.00,0.00,2.00,1,2.00,1.00,0.00,0.00,,613,9,77.78,77.78,82.14,82.14,68.59,68.59,74.24,74.24,37.50,37.50
Jordan,JOR,20200519,3.00,1,2.00,1,2.00,1,4.00,1,0.00,,1.00,1,2.00,1,4.00,1.00,0,1.00,0.00,0.00,2.00,1,2.00,1.00,0.00,0.00,,629,9,77.78,77.78,82.14,82.14,68.59,68.59,74.24,74.24,37.50,37.50
Jordan,JOR,20200520,3.00,1,2.00,1,2.00,1,4.00,1,0.00,,1.00,1,2.00,1,4.00,1.00,0,1.00,0.00,0.00,2.00,1,2.00,1.00,0.00,0.00,,649,9,77.78,77.78,82.14,82.14,68.59,68.59,74.24,74.24,37.50,37.50
Jordan,JOR,20200521,3.00,1,2.00,1,2.00,1,4.00,1,0.00,,1.00,1,2.00,1,4.00,1.00,0,1.00,0.00,0.00,2.00,1,2.00,1.00,0.00,0.00,,672,9,77.78,77.78,82.14,82.14,68.59,68.59,74.24,74.24,37.50,37.50
Jordan,JOR,20200522,3.00,1,2.00,1,2.00,1,4.00,1,0.00,,1.00,1,2.00,1,4.00,1.00,0,1.00,0.00,0.00,2.00,1,2.00,1.00,0.00,0.00,,684,9,77.78,77.78,82.14,82.14,68.59,68.59,74.24,74.24,37.50,37.50
Jordan,JOR,20200523,3.00,1,2.00,1,2.00,1,4.00,1,0.00,,1.00,1,2.00,1,4.00,1.00,0,1.00,0.00,0.00,2.00,1,2.00,1.00,0.00,0.00,,700,9,77.78,77.78,82.14,82.14,68.59,68.59,74.24,74.24,37.50,37.50
Jordan,JOR,20200524,3.00,1,2.00,1,2.00,1,4.00,1,0.00,,1.00,1,2.00,1,4.00,1.00,0,1.00,0.00,0.00,2.00,1,2.00,1.00,0.00,0.00,,704,9,77.78,77.78,82.14,82.14,68.59,68.59,74.24,74.24,37.50,37.50
Jordan,JOR,20200525,3.00,1,2.00,1,2.00,1,4.00,1,0.00,,1.00,1,2.00,1,4.00,1.00,0,1.00,0.00,0.00,2.00,1,2.00,1.00,0.00,0.00,,708,9,77.78,77.78,82.14,82.14,68.59,68.59,74.24,74.24,37.50,37.50
Jordan,JOR,20200526,3.00,1,2.00,1,2.00,1,4.00,1,0.00,,1.00,1,2.00,1,4.00,1.00,0,1.00,0.00,0.00,2.00,1,2.00,1.00,0.00,0.00,,711,9,77.78,77.78,82.14,82.14,68.59,68.59,74.24,74.24,37.50,37.50
Jordan,JOR,20200527,3.00,1,2.00,1,2.00,1,4.00,1,0.00,,1.00,1,2.00,1,4.00,1.00,0,1.00,0.00,0.00,2.00,1,2.00,1.00,0.00,0.00,,718,9,77.78,77.78,82.14,82.14,68.59,68.59,74.24,74.24,37.50,37.50
Jordan,JOR,20200528,3.00,1,2.00,1,2.00,1,4.00,1,0.00,,1.00,1,2.00,1,4.00,1.00,0,1.00,0.00,0.00,2.00,1,2.00,1.00,0.00,0.00,,720,9,77.78,77.78,82.14,82.14,68.59,68.59,74.24,74.24,37.50,37.50
Jordan,JOR,20200529,3.00,1,2.00,1,2.00,1,4.00,1,0.00,,1.00,1,2.00,1,4.00,1.00,0,1.00,0.00,0.00,2.00,1,2.00,1.00,0.00,0.00,,728,9,77.78,77.78,82.14,82.14,68.59,68.59,74.24,74.24,37.50,37.50
Jordan,JOR,20200530,3.00,1,2.00,1,2.00,1,4.00,1,0.00,,1.00,1,2.00,1,4.00,1.00,0,1.00,0.00,0.00,2.00,1,2.00,1.00,0.00,0.00,,730,9,77.78,77.78,82.14,82.14,68.59,68.59,74.24,74.24,37.50,37.50
Jordan,JOR,20200531,3.00,1,2.00,1,2.00,1,4.00,1,0.00,,1.00,1,2.00,1,4.00,1.00,0,1.00,0.00,0.00,2.00,1,2.00,1.00,0.00,0.00,,734,9,77.78,77.78,82.14,82.14,68.59,68.59,74.24,74.24,37.50,37.50
Jordan,JOR,20200601,3.00,1,2.00,1,2.00,1,4.00,1,0.00,,1.00,1,2.00,1,4.00,1.00,0,1.00,0.00,0.00,2.00,1,2.00,1.00,0.00,0.00,,739,9,77.78,77.78,82.14,82.14,68.59,68.59,74.24,74.24,37.50,37.50
Jordan,JOR,20200602,3.00,1,2.00,1,2.00,1,4.00,1,0.00,,1.00,1,2.00,1,4.00,1.00,0,1.00,0.00,0.00,2.00,1,2.00,1.00,0.00,0.00,,746,9,77.78,77.78,82.14,82.14,68.59,68.59,74.24,74.24,37.50,37.50
Jordan,JOR,20200603,3.00,1,2.00,1,2.00,1,4.00,1,0.00,,1.00,1,2.00,1,4.00,1.00,0,1.00,0.00,0.00,2.00,1,2.00,1.00,0.00,0.00,,755,9,77.78,77.78,82.14,82.14,68.59,68.59,74.24,74.24,37.50,37.50
Jordan,JOR,20200604,3.00,1,2.00,1,2.00,1,4.00,1,0.00,,1.00,1,2.00,1,4.00,1.00,0,1.00,0.00,0.00,2.00,1,2.00,1.00,0.00,0.00,,757,9,77.78,77.78,82.14,82.14,68.59,68.59,74.24,74.24,37.50,37.50
Jordan,JOR,20200605,3.00,1,2.00,1,2.00,1,4.00,1,0.00,,1.00,1,2.00,1,4.00,1.00,0,1.00,0.00,0.00,2.00,1,2.00,1.00,0.00,0.00,,765,9,77.78,77.78,82.14,82.14,68.59,68.59,74.24,74.24,37.50,37.50
Jordan,JOR,20200606,3.00,1,2.00,1,2.00,1,0.00,,0.00,,1.00,1,0.00,,4.00,1.00,0,1.00,0.00,0.00,2.00,1,2.00,1.00,0.00,0.00,,784,9,55.56,55.56,75.00,75.00,53.21,53.21,56.06,56.06,37.50,37.50
Jordan,JOR,20200607,3.00,1,2.00,1,2.00,1,0.00,,0.00,,1.00,1,0.00,,4.00,1.00,0,1.00,0.00,0.00,2.00,1,2.00,1.00,0.00,0.00,,795,9,55.56,55.56,75.00,75.00,53.21,53.21,56.06,56.06,37.50,37.50
Jordan,JOR,20200608,3.00,1,0.00,,2.00,1,0.00,,0.00,,1.00,1,0.00,,4.00,1.00,0,1.00,0.00,0.00,2.00,1,2.00,1.00,0.00,0.00,,808,9,48.15,48.15,64.29,64.29,48.08,48.08,50.00,50.00,37.50,37.50
Jordan,JOR,20200609,3.00,1,0.00,,2.00,1,0.00,,0.00,,1.00,1,0.00,,4.00,1.00,0,1.00,0.00,0.00,2.00,1,2.00,1.00,0.00,0.00,,831,9,48.15,48.15,64.29,64.29,48.08,48.08,50.00,50.00,37.50,37.50
Jordan,JOR,20200610,3.00,1,0.00,,2.00,1,0.00,,0.00,,1.00,1,0.00,,4.00,1.00,0,1.00,0.00,0.00,2.00,1,2.00,1.00,0.00,0.00,,845,9,48.15,48.15,64.29,64.29,48.08,48.08,50.00,50.00,37.50,37.50
Jordan,JOR,20200611,3.00,1,0.00,,2.00,1,0.00,,0.00,,1.00,1,0.00,,4.00,1.00,0,1.00,0.00,0.00,2.00,1,2.00,1.00,0.00,0.00,,863,9,48.15,48.15,64.29,64.29,48.08,48.08,50.00,50.00,37.50,37.50
Jordan,JOR,20200612,3.00,1,0.00,,2.00,1,0.00,,0.00,,1.00,1,0.00,,4.00,1.00,0,1.00,0.00,0.00,2.00,1,2.00,1.00,0.00,0.00,,890,9,48.15,48.15,64.29,64.29,48.08,48.08,50.00,50.00,37.50,37.50
Jordan,JOR,20200613,3.00,1,0.00,,2.00,1,0.00,,0.00,,1.00,1,0.00,,4.00,1.00,0,1.00,0.00,0.00,2.00,1,2.00,1.00,0.00,0.00,,915,9,48.15,48.15,64.29,64.29,48.08,48.08,50.00,50.00,37.50,37.50
Jordan,JOR,20200614,3.00,1,0.00,,2.00,1,0.00,,0.00,,1.00,1,0.00,,4.00,1.00,0,1.00,0.00,0.00,2.00,1,2.00,1.00,0.00,0.00,,953,9,48.15,48.15,64.29,64.29,48.08,48.08,50.00,50.00,37.50,37.50
Jordan,JOR,20200615,3.00,1,0.00,,2.00,1,0.00,,0.00,,1.00,1,0.00,,4.00,1.00,0,1.00,0.00,0.00,2.00,1,2.00,1.00,0.00,0.00,,961,9,48.15,48.15,64.29,64.29,48.08,48.08,50.00,50.00,37.50,37.50
Jordan,JOR,20200616,3.00,1,0.00,,2.00,1,0.00,,0.00,,1.00,1,0.00,,4.00,1.00,0,1.00,0.00,0.00,2.00,1,2.00,1.00,0.00,0.00,,979,9,48.15,48.15,64.29,64.29,48.08,48.08,50.00,50.00,37.50,37.50
Jordan,JOR,20200617,3.00,1,0.00,,2.00,1,0.00,,0.00,,1.00,1,0.00,,4.00,1.00,0,1.00,0.00,0.00,2.00,1,2.00,1.00,0.00,0.00,,981,9,48.15,48.15,64.29,64.29,48.08,48.08,50.00,50.00,37.50,37.50
Jordan,JOR,20200618,3.00,1,0.00,,2.00,1,0.00,,0.00,,1.00,1,0.00,,4.00,1.00,0,1.00,0.00,0.00,2.00,1,2.00,1.00,0.00,0.00,,987,9,48.15,48.15,64.29,64.29,48.08,48.08,50.00,50.00,37.50,37.50
Jordan,JOR,20200619,,,,,,,,,,,,,,,,,,,,,,,,,,,,1001,9,,48.15,,64.29,,48.08,,50.00,,37.50
Jordan,JOR,20200620,,,,,,,,,,,,,,,,,,,,,,,,,,,,1008,9,,48.15,,64.29,,48.08,,50.00,,37.50
Jordan,JOR,20200621,,,,,,,,,,,,,,,,,,,,,,,,,,,,1015,9,,48.15,,64.29,,48.08,,50.00,,37.50
Jordan,JOR,20200622,,,,,,,,,,,,,,,,,,,,,,,,,,,,1033,9,,48.15,,64.29,,48.08,,50.00,,37.50
Jordan,JOR,20200623,,,,,,,,,,,,,,,,,,,,,,,,,,,,1042,9,,48.15,,64.29,,48.08,,50.00,,37.50
