Kazakhstan,KAZ,20200101,0.00,,0.00,,0.00,,0.00,,0.00,,0.00,,0.00,,0.00,0.00,,0.00,0.00,0.00,0.00,,0.00,0.00,0.00,0.00,,,,0.00,0.00,0.00,0.00,0.00,0.00,0.00,0.00,0.00,0.00
Kazakhstan,KAZ,20200102,0.00,,0.00,,0.00,,0.00,,0.00,,0.00,,0.00,,0.00,0.00,,0.00,0.00,0.00,0.00,,0.00,0.00,0.00,0.00,,,,0.00,0.00,0.00,0.00,0.00,0.00,0.00,0.00,0.00,0.00
Kazakhstan,KAZ,20200103,0.00,,0.00,,0.00,,0.00,,0.00,,0.00,,0.00,,0.00,0.00,,0.00,0.00,0.00,0.00,,0.00,0.00,0.00,0.00,,,,0.00,0.00,0.00,0.00,0.00,0.00,0.00,0.00,0.00,0.00
Kazakhstan,KAZ,20200104,0.00,,0.00,,0.00,,0.00,,0.00,,0.00,,0.00,,0.00,0.00,,0.00,0.00,0.00,0.00,,0.00,0.00,0.00,0.00,,,,0.00,0.00,0.00,0.00,0.00,0.00,0.00,0.00,0.00,0.00
Kazakhstan,KAZ,20200105,0.00,,0.00,,0.00,,0.00,,0.00,,0.00,,0.00,,0.00,0.00,,0.00,0.00,0.00,0.00,,0.00,0.00,0.00,0.00,,,,0.00,0.00,0.00,0.00,0.00,0.00,0.00,0.00,0.00,0.00
Kazakhstan,KAZ,20200106,0.00,,0.00,,0.00,,0.00,,0.00,,0.00,,0.00,,0.00,0.00,,0.00,0.00,0.00,0.00,,0.00,0.00,0.00,0.00,,,,0.00,0.00,0.00,0.00,0.00,0.00,0.00,0.00,0.00,0.00
Kazakhstan,KAZ,20200107,0.00,,0.00,,0.00,,0.00,,0.00,,0.00,,0.00,,0.00,0.00,,0.00,0.00,0.00,0.00,,0.00,0.00,0.00,0.00,,,,0.00,0.00,0.00,0.00,0.00,0.00,0.00,0.00,0.00,0.00
Kazakhstan,KAZ,20200108,0.00,,0.00,,0.00,,0.00,,0.00,,0.00,,0.00,,0.00,0.00,,0.00,0.00,0.00,0.00,,0.00,0.00,0.00,0.00,,,,0.00,0.00,0.00,0.00,0.00,0.00,0.00,0.00,0.00,0.00
Kazakhstan,KAZ,20200109,0.00,,0.00,,0.00,,0.00,,0.00,,0.00,,0.00,,0.00,0.00,,0.00,0.00,0.00,0.00,,0.00,0.00,0.00,0.00,,,,0.00,0.00,0.00,0.00,0.00,0.00,0.00,0.00,0.00,0.00
Kazakhstan,KAZ,20200110,0.00,,0.00,,0.00,,0.00,,0.00,,0.00,,0.00,,0.00,0.00,,0.00,0.00,0.00,0.00,,0.00,0.00,0.00,0.00,,,,0.00,0.00,0.00,0.00,0.00,0.00,0.00,0.00,0.00,0.00
Kazakhstan,KAZ,20200111,0.00,,0.00,,0.00,,0.00,,0.00,,0.00,,0.00,,0.00,0.00,,0.00,0.00,0.00,0.00,,0.00,0.00,0.00,0.00,,,,0.00,0.00,0.00,0.00,0.00,0.00,0.00,0.00,0.00,0.00
Kazakhstan,KAZ,20200112,0.00,,0.00,,0.00,,0.00,,0.00,,0.00,,0.00,,0.00,0.00,,0.00,0.00,0.00,0.00,,0.00,0.00,0.00,0.00,,,,0.00,0.00,0.00,0.00,0.00,0.00,0.00,0.00,0.00,0.00
Kazakhstan,KAZ,20200113,0.00,,0.00,,0.00,,0.00,,0.00,,0.00,,0.00,,0.00,0.00,,0.00,0.00,0.00,0.00,,0.00,0.00,0.00,0.00,,,,0.00,0.00,0.00,0.00,0.00,0.00,0.00,0.00,0.00,0.00
Kazakhstan,KAZ,20200114,0.00,,0.00,,0.00,,0.00,,0.00,,0.00,,0.00,,0.00,0.00,,0.00,0.00,0.00,0.00,,0.00,0.00,0.00,0.00,,,,0.00,0.00,0.00,0.00,0.00,0.00,0.00,0.00,0.00,0.00
Kazakhstan,KAZ,20200115,0.00,,0.00,,0.00,,0.00,,0.00,,0.00,,0.00,,0.00,0.00,,0.00,0.00,0.00,0.00,,0.00,0.00,0.00,0.00,,,,0.00,0.00,0.00,0.00,0.00,0.00,0.00,0.00,0.00,0.00
Kazakhstan,KAZ,20200116,0.00,,0.00,,0.00,,0.00,,0.00,,0.00,,0.00,,0.00,0.00,,0.00,0.00,0.00,0.00,,0.00,0.00,0.00,0.00,,,,0.00,0.00,0.00,0.00,0.00,0.00,0.00,0.00,0.00,0.00
Kazakhstan,KAZ,20200117,0.00,,0.00,,0.00,,0.00,,0.00,,0.00,,0.00,,0.00,0.00,,0.00,0.00,0.00,0.00,,0.00,0.00,0.00,0.00,,,,0.00,0.00,0.00,0.00,0.00,0.00,0.00,0.00,0.00,0.00
Kazakhstan,KAZ,20200118,0.00,,0.00,,0.00,,0.00,,0.00,,0.00,,0.00,,0.00,0.00,,0.00,0.00,0.00,0.00,,0.00,0.00,0.00,0.00,,,,0.00,0.00,0.00,0.00,0.00,0.00,0.00,0.00,0.00,0.00
Kazakhstan,KAZ,20200119,0.00,,0.00,,0.00,,0.00,,0.00,,0.00,,0.00,,0.00,0.00,,0.00,0.00,0.00,0.00,,0.00,0.00,0.00,0.00,,,,0.00,0.00,0.00,0.00,0.00,0.00,0.00,0.00,0.00,0.00
Kazakhstan,KAZ,20200120,0.00,,0.00,,0.00,,0.00,,0.00,,0.00,,0.00,,0.00,0.00,,0.00,0.00,0.00,0.00,,0.00,0.00,0.00,0.00,,,,0.00,0.00,0.00,0.00,0.00,0.00,0.00,0.00,0.00,0.00
Kazakhstan,KAZ,20200121,0.00,,0.00,,0.00,,0.00,,0.00,,0.00,,0.00,,0.00,0.00,,0.00,0.00,0.00,0.00,,0.00,0.00,0.00,0.00,,,,0.00,0.00,0.00,0.00,0.00,0.00,0.00,0.00,0.00,0.00
Kazakhstan,KAZ,20200122,0.00,,0.00,,0.00,,0.00,,0.00,,0.00,,0.00,,0.00,0.00,,0.00,0.00,0.00,0.00,,0.00,0.00,0.00,0.00,,,,0.00,0.00,0.00,0.00,0.00,0.00,0.00,0.00,0.00,0.00
Kazakhstan,KAZ,20200123,0.00,,0.00,,0.00,,0.00,,0.00,,0.00,,0.00,,0.00,0.00,,0.00,0.00,0.00,0.00,,0.00,0.00,0.00,0.00,,,,0.00,0.00,0.00,0.00,0.00,0.00,0.00,0.00,0.00,0.00
Kazakhstan,KAZ,20200124,0.00,,0.00,,0.00,,0.00,,0.00,,0.00,,0.00,,0.00,0.00,,0.00,0.00,0.00,0.00,,0.00,0.00,0.00,0.00,,,,0.00,0.00,0.00,0.00,0.00,0.00,0.00,0.00,0.00,0.00
Kazakhstan,KAZ,20200125,0.00,,0.00,,0.00,,0.00,,0.00,,0.00,,0.00,,0.00,0.00,,0.00,0.00,0.00,0.00,,0.00,0.00,0.00,0.00,,,,0.00,0.00,0.00,0.00,0.00,0.00,0.00,0.00,0.00,0.00
Kazakhstan,KAZ,20200126,0.00,,0.00,,0.00,,0.00,,0.00,,0.00,,0.00,,0.00,0.00,,0.00,0.00,0.00,0.00,,0.00,0.00,0.00,0.00,,,,0.00,0.00,0.00,0.00,0.00,0.00,0.00,0.00,0.00,0.00
Kazakhstan,KAZ,20200127,0.00,,0.00,,0.00,,0.00,,0.00,,0.00,,0.00,,0.00,0.00,,0.00,0.00,0.00,0.00,,0.00,0.00,0.00,0.00,,,,0.00,0.00,0.00,0.00,0.00,0.00,0.00,0.00,0.00,0.00
Kazakhstan,KAZ,20200128,0.00,,0.00,,0.00,,0.00,,0.00,,0.00,,0.00,,0.00,0.00,,0.00,0.00,0.00,0.00,,0.00,0.00,0.00,0.00,,,,0.00,0.00,0.00,0.00,0.00,0.00,0.00,0.00,0.00,0.00
Kazakhstan,KAZ,20200129,0.00,,0.00,,0.00,,0.00,,0.00,,0.00,,0.00,,0.00,0.00,,0.00,0.00,0.00,0.00,,0.00,0.00,0.00,0.00,,,,0.00,0.00,0.00,0.00,0.00,0.00,0.00,0.00,0.00,0.00
Kazakhstan,KAZ,20200130,0.00,,0.00,,0.00,,0.00,,0.00,,0.00,,0.00,,0.00,0.00,,0.00,0.00,0.00,0.00,,0.00,0.00,0.00,0.00,,,,0.00,0.00,0.00,0.00,0.00,0.00,0.00,0.00,0.00,0.00
Kazakhstan,KAZ,20200131,0.00,,0.00,,0.00,,0.00,,0.00,,0.00,,0.00,,0.00,0.00,,0.00,0.00,0.00,0.00,,1.00,0.00,0.00,0.00,,,,0.00,0.00,0.00,0.00,2.56,2.56,3.03,3.03,0.00,0.00
Kazakhstan,KAZ,20200201,0.00,,0.00,,0.00,,0.00,,0.00,,0.00,,0.00,,0.00,0.00,,0.00,0.00,0.00,0.00,,1.00,0.00,0.00,0.00,,,,0.00,0.00,0.00,0.00,2.56,2.56,3.03,3.03,0.00,0.00
Kazakhstan,KAZ,20200202,0.00,,0.00,,0.00,,0.00,,0.00,,0.00,,0.00,,0.00,0.00,,0.00,0.00,0.00,0.00,,1.00,0.00,0.00,0.00,,,,0.00,0.00,0.00,0.00,2.56,2.56,3.03,3.03,0.00,0.00
Kazakhstan,KAZ,20200203,0.00,,0.00,,0.00,,0.00,,0.00,,0.00,,0.00,,0.00,0.00,,0.00,0.00,0.00,0.00,,1.00,0.00,0.00,0.00,,,,0.00,0.00,0.00,0.00,2.56,2.56,3.03,3.03,0.00,0.00
Kazakhstan,KAZ,20200204,0.00,,0.00,,0.00,,0.00,,0.00,,0.00,,0.00,,0.00,0.00,,0.00,0.00,0.00,0.00,,1.00,0.00,0.00,0.00,,,,0.00,0.00,0.00,0.00,2.56,2.56,3.03,3.03,0.00,0.00
Kazakhstan,KAZ,20200205,0.00,,0.00,,0.00,,0.00,,0.00,,0.00,,0.00,,0.00,0.00,,0.00,0.00,0.00,0.00,,1.00,0.00,0.00,0.00,,,,0.00,0.00,0.00,0.00,2.56,2.56,3.03,3.03,0.00,0.00
Kazakhstan,KAZ,20200206,0.00,,0.00,,0.00,,0.00,,0.00,,0.00,,0.00,,0.00,0.00,,0.00,0.00,0.00,0.00,,1.00,0.00,0.00,0.00,,,,0.00,0.00,0.00,0.00,2.56,2.56,3.03,3.03,0.00,0.00
Kazakhstan,KAZ,20200207,0.00,,0.00,,0.00,,0.00,,0.00,,0.00,,0.00,,0.00,0.00,,0.00,0.00,0.00,0.00,,1.00,0.00,0.00,0.00,,,,0.00,0.00,0.00,0.00,2.56,2.56,3.03,3.03,0.00,0.00
Kazakhstan,KAZ,20200208,0.00,,0.00,,0.00,,0.00,,0.00,,0.00,,0.00,,0.00,0.00,,0.00,0.00,0.00,0.00,,1.00,0.00,0.00,0.00,,,,0.00,0.00,0.00,0.00,2.56,2.56,3.03,3.03,0.00,0.00
Kazakhstan,KAZ,20200209,0.00,,0.00,,0.00,,0.00,,0.00,,0.00,,0.00,,0.00,0.00,,0.00,0.00,0.00,0.00,,1.00,0.00,0.00,0.00,,,,0.00,0.00,0.00,0.00,2.56,2.56,3.03,3.03,0.00,0.00
Kazakhstan,KAZ,20200210,0.00,,0.00,,0.00,,0.00,,0.00,,0.00,,0.00,,0.00,0.00,,0.00,0.00,0.00,0.00,,1.00,0.00,0.00,0.00,,,,0.00,0.00,0.00,0.00,2.56,2.56,3.03,3.03,0.00,0.00
Kazakhstan,KAZ,20200211,0.00,,0.00,,0.00,,0.00,,0.00,,0.00,,0.00,,0.00,0.00,,0.00,0.00,0.00,0.00,,1.00,0.00,0.00,0.00,,,,0.00,0.00,0.00,0.00,2.56,2.56,3.03,3.03,0.00,0.00
Kazakhstan,KAZ,20200212,0.00,,0.00,,0.00,,0.00,,0.00,,0.00,,0.00,,0.00,0.00,,0.00,0.00,0.00,0.00,,1.00,0.00,0.00,0.00,,,,0.00,0.00,0.00,0.00,2.56,2.56,3.03,3.03,0.00,0.00
Kazakhstan,KAZ,20200213,0.00,,0.00,,0.00,,0.00,,0.00,,0.00,,0.00,,0.00,0.00,,0.00,0.00,0.00,0.00,,1.00,0.00,0.00,0.00,,,,0.00,0.00,0.00,0.00,2.56,2.56,3.03,3.03,0.00,0.00
Kazakhstan,KAZ,20200214,0.00,,0.00,,0.00,,0.00,,0.00,,0.00,,0.00,,0.00,0.00,,0.00,0.00,0.00,0.00,,1.00,0.00,0.00,0.00,,,,0.00,0.00,0.00,0.00,2.56,2.56,3.03,3.03,0.00,0.00
Kazakhstan,KAZ,20200215,0.00,,0.00,,0.00,,0.00,,0.00,,0.00,,0.00,,0.00,0.00,,0.00,0.00,0.00,0.00,,1.00,0.00,0.00,0.00,,,,0.00,0.00,0.00,0.00,2.56,2.56,3.03,3.03,0.00,0.00
Kazakhstan,KAZ,20200216,0.00,,0.00,,0.00,,0.00,,0.00,,0.00,,0.00,,0.00,0.00,,0.00,0.00,0.00,0.00,,1.00,0.00,0.00,0.00,,,,0.00,0.00,0.00,0.00,2.56,2.56,3.03,3.03,0.00,0.00
Kazakhstan,KAZ,20200217,0.00,,0.00,,0.00,,0.00,,0.00,,0.00,,0.00,,0.00,0.00,,0.00,0.00,0.00,0.00,,1.00,0.00,0.00,0.00,,,,0.00,0.00,0.00,0.00,2.56,2.56,3.03,3.03,0.00,0.00
Kazakhstan,KAZ,20200218,0.00,,0.00,,0.00,,0.00,,0.00,,0.00,,0.00,,0.00,0.00,,0.00,0.00,0.00,0.00,,1.00,0.00,0.00,0.00,,,,0.00,0.00,0.00,0.00,2.56,2.56,3.03,3.03,0.00,0.00
Kazakhstan,KAZ,20200219,0.00,,0.00,,0.00,,0.00,,0.00,,0.00,,0.00,,0.00,0.00,,0.00,0.00,0.00,0.00,,1.00,0.00,0.00,0.00,,,,0.00,0.00,0.00,0.00,2.56,2.56,3.03,3.03,0.00,0.00
Kazakhstan,KAZ,20200220,0.00,,0.00,,0.00,,0.00,,0.00,,0.00,,0.00,,0.00,0.00,,0.00,0.00,0.00,0.00,,1.00,0.00,0.00,0.00,,,,0.00,0.00,0.00,0.00,2.56,2.56,3.03,3.03,0.00,0.00
Kazakhstan,KAZ,20200221,0.00,,0.00,,0.00,,0.00,,0.00,,0.00,,0.00,,0.00,0.00,,0.00,0.00,0.00,0.00,,1.00,0.00,0.00,0.00,,,,0.00,0.00,0.00,0.00,2.56,2.56,3.03,3.03,0.00,0.00
Kazakhstan,KAZ,20200222,0.00,,0.00,,0.00,,0.00,,0.00,,0.00,,0.00,,0.00,0.00,,0.00,0.00,0.00,0.00,,1.00,0.00,0.00,0.00,,,,0.00,0.00,0.00,0.00,2.56,2.56,3.03,3.03,0.00,0.00
Kazakhstan,KAZ,20200223,0.00,,0.00,,0.00,,0.00,,0.00,,0.00,,0.00,,0.00,0.00,,0.00,0.00,0.00,0.00,,1.00,0.00,0.00,0.00,,,,0.00,0.00,0.00,0.00,2.56,2.56,3.03,3.03,0.00,0.00
Kazakhstan,KAZ,20200224,0.00,,0.00,,0.00,,0.00,,0.00,,0.00,,0.00,,0.00,0.00,,0.00,0.00,0.00,0.00,,1.00,0.00,0.00,0.00,,,,0.00,0.00,0.00,0.00,2.56,2.56,3.03,3.03,0.00,0.00
Kazakhstan,KAZ,20200225,0.00,,0.00,,0.00,,0.00,,0.00,,0.00,,0.00,,0.00,0.00,,0.00,0.00,0.00,0.00,,1.00,0.00,0.00,0.00,,,,0.00,0.00,0.00,0.00,2.56,2.56,3.03,3.03,0.00,0.00
Kazakhstan,KAZ,20200226,0.00,,0.00,,0.00,,0.00,,0.00,,0.00,,0.00,,0.00,0.00,,0.00,0.00,0.00,0.00,,1.00,0.00,0.00,0.00,,,,0.00,0.00,0.00,0.00,2.56,2.56,3.03,3.03,0.00,0.00
Kazakhstan,KAZ,20200227,0.00,,0.00,,0.00,,0.00,,0.00,,0.00,,0.00,,0.00,0.00,,0.00,0.00,0.00,0.00,,1.00,0.00,0.00,0.00,,,,0.00,0.00,0.00,0.00,2.56,2.56,3.03,3.03,0.00,0.00
Kazakhstan,KAZ,20200228,0.00,,0.00,,0.00,,0.00,,0.00,,0.00,,0.00,,0.00,0.00,,0.00,0.00,0.00,0.00,,1.00,0.00,0.00,0.00,,,,0.00,0.00,0.00,0.00,2.56,2.56,3.03,3.03,0.00,0.00
Kazakhstan,KAZ,20200229,0.00,,0.00,,0.00,,0.00,,0.00,,0.00,,0.00,,0.00,0.00,,0.00,0.00,0.00,0.00,,1.00,0.00,0.00,0.00,,,,0.00,0.00,0.00,0.00,2.56,2.56,3.03,3.03,0.00,0.00
Kazakhstan,KAZ,20200301,0.00,,0.00,,0.00,,0.00,,0.00,,0.00,,0.00,,0.00,0.00,,0.00,0.00,0.00,0.00,,1.00,0.00,0.00,0.00,,,,0.00,0.00,0.00,0.00,2.56,2.56,3.03,3.03,0.00,0.00
Kazakhstan,KAZ,20200302,0.00,,0.00,,0.00,,0.00,,0.00,,0.00,,0.00,,0.00,0.00,,0.00,0.00,0.00,0.00,,1.00,0.00,0.00,0.00,,,,0.00,0.00,0.00,0.00,2.56,2.56,3.03,3.03,0.00,0.00
Kazakhstan,KAZ,20200303,0.00,,0.00,,0.00,,0.00,,0.00,,0.00,,0.00,,0.00,0.00,,0.00,0.00,0.00,0.00,,1.00,0.00,0.00,0.00,,,,0.00,0.00,0.00,0.00,2.56,2.56,3.03,3.03,0.00,0.00
Kazakhstan,KAZ,20200304,0.00,,0.00,,0.00,,0.00,,0.00,,0.00,,0.00,,0.00,0.00,,0.00,0.00,0.00,0.00,,1.00,0.00,0.00,0.00,,,,0.00,0.00,0.00,0.00,2.56,2.56,3.03,3.03,0.00,0.00
Kazakhstan,KAZ,20200305,0.00,,0.00,,0.00,,0.00,,0.00,,0.00,,0.00,,0.00,0.00,,0.00,0.00,0.00,0.00,,1.00,0.00,0.00,0.00,,,,0.00,0.00,0.00,0.00,2.56,2.56,3.03,3.03,0.00,0.00
Kazakhstan,KAZ,20200306,0.00,,0.00,,0.00,,0.00,,0.00,,0.00,,0.00,,0.00,0.00,,0.00,0.00,0.00,0.00,,1.00,0.00,0.00,0.00,,,,0.00,0.00,0.00,0.00,2.56,2.56,3.03,3.03,0.00,0.00
Kazakhstan,KAZ,20200307,0.00,,0.00,,0.00,,0.00,,0.00,,0.00,,0.00,,0.00,0.00,,0.00,0.00,0.00,0.00,,1.00,0.00,0.00,0.00,,,,0.00,0.00,0.00,0.00,2.56,2.56,3.03,3.03,0.00,0.00
Kazakhstan,KAZ,20200308,0.00,,0.00,,0.00,,0.00,,0.00,,0.00,,0.00,,0.00,0.00,,0.00,0.00,0.00,0.00,,1.00,0.00,0.00,0.00,,,,0.00,0.00,0.00,0.00,2.56,2.56,3.03,3.03,0.00,0.00
Kazakhstan,KAZ,20200309,0.00,,0.00,,0.00,,0.00,,0.00,,0.00,,0.00,,0.00,0.00,,0.00,0.00,0.00,0.00,,1.00,0.00,0.00,0.00,,,,0.00,0.00,0.00,0.00,2.56,2.56,3.03,3.03,0.00,0.00
Kazakhstan,KAZ,20200310,0.00,,0.00,,0.00,,0.00,,0.00,,0.00,,0.00,,0.00,0.00,,0.00,0.00,0.00,0.00,,1.00,0.00,0.00,0.00,,,,0.00,0.00,0.00,0.00,2.56,2.56,3.03,3.03,0.00,0.00
Kazakhstan,KAZ,20200311,0.00,,0.00,,0.00,,0.00,,0.00,,0.00,,0.00,,0.00,0.00,,0.00,0.00,0.00,0.00,,1.00,0.00,0.00,0.00,,,,0.00,0.00,0.00,0.00,2.56,2.56,3.03,3.03,0.00,0.00
Kazakhstan,KAZ,20200312,0.00,,0.00,,2.00,1,1.00,1,0.00,,0.00,,0.00,,0.00,0.00,,0.00,0.00,0.00,0.00,,1.00,0.00,0.00,0.00,,,,13.89,13.89,14.29,14.29,12.18,12.18,14.39,14.39,0.00,0.00
Kazakhstan,KAZ,20200313,0.00,,0.00,,2.00,1,1.00,1,0.00,,0.00,,0.00,,2.00,0.00,,0.00,0.00,0.00,0.00,,1.00,0.00,0.00,0.00,,,,19.44,19.44,21.43,21.43,16.03,16.03,18.94,18.94,0.00,0.00
Kazakhstan,KAZ,20200314,0.00,,0.00,,2.00,1,1.00,1,0.00,,0.00,,0.00,,2.00,0.00,,0.00,0.00,0.00,0.00,,1.00,0.00,0.00,0.00,,,,19.44,19.44,21.43,21.43,16.03,16.03,18.94,18.94,0.00,0.00
Kazakhstan,KAZ,20200315,0.00,,0.00,,2.00,1,1.00,1,0.00,,0.00,,0.00,,2.00,0.00,,0.00,0.00,0.00,0.00,,1.00,0.00,0.00,0.00,,6,0,19.44,19.44,21.43,21.43,16.03,16.03,18.94,18.94,0.00,0.00
Kazakhstan,KAZ,20200316,3.00,1,0.00,,2.00,1,1.00,1,0.00,,0.00,,0.00,,4.00,0.00,,0.00,734000000.00,0.00,2.00,1,1.00,0.00,0.00,0.00,,9,0,47.22,47.22,57.14,57.14,35.26,35.26,41.67,41.67,0.00,0.00
Kazakhstan,KAZ,20200317,3.00,1,0.00,,2.00,1,1.00,1,0.00,,0.00,,0.00,,4.00,0.00,,0.00,0.00,0.00,2.00,1,1.00,0.00,0.00,0.00,,11,0,47.22,47.22,57.14,57.14,35.26,35.26,41.67,41.67,0.00,0.00
Kazakhstan,KAZ,20200318,3.00,1,0.00,,2.00,1,1.00,1,0.00,,0.00,,2.00,0,4.00,0.00,,0.00,0.00,0.00,2.00,1,1.00,0.00,0.00,0.00,,33,0,55.56,55.56,66.67,66.67,41.03,41.03,48.48,48.48,0.00,0.00
Kazakhstan,KAZ,20200319,3.00,1,0.00,,2.00,1,4.00,0,2.00,0,3.00,0,2.00,0,4.00,1.00,0,0.00,1300000000.00,0.00,2.00,1,1.00,0.00,0.00,0.00,,37,0,80.09,80.09,77.38,77.38,59.94,59.94,68.56,68.56,12.50,12.50
Kazakhstan,KAZ,20200320,3.00,1,0.00,,2.00,1,4.00,0,2.00,0,3.00,0,2.00,0,4.00,1.00,0,0.00,0.00,0.00,2.00,1,1.00,0.00,0.00,0.00,,49,0,80.09,80.09,77.38,77.38,59.94,59.94,68.56,68.56,12.50,12.50
Kazakhstan,KAZ,20200321,3.00,1,0.00,,2.00,1,4.00,0,2.00,0,3.00,0,2.00,0,4.00,1.00,0,1.00,0.00,0.00,2.00,1,1.00,0.00,0.00,0.00,,53,0,80.09,80.09,77.38,77.38,63.78,63.78,68.56,68.56,37.50,37.50
Kazakhstan,KAZ,20200322,3.00,1,0.00,,2.00,1,4.00,0,2.00,0,3.00,0,2.00,0,4.00,1.00,0,1.00,0.00,0.00,2.00,1,1.00,0.00,0.00,0.00,,56,0,80.09,80.09,77.38,77.38,63.78,63.78,68.56,68.56,37.50,37.50
Kazakhstan,KAZ,20200323,3.00,1,0.00,,2.00,1,4.00,0,2.00,0,3.00,0,2.00,0,4.00,1.00,0,1.00,0.00,0.00,2.00,1,1.00,0.00,0.00,0.00,,60,0,80.09,80.09,77.38,77.38,63.78,63.78,68.56,68.56,37.50,37.50
Kazakhstan,KAZ,20200324,3.00,1,0.00,,2.00,1,4.00,0,2.00,0,3.00,0,2.00,0,4.00,1.00,0,1.00,0.00,0.00,2.00,1,1.00,2.00,0.00,0.00,,62,0,80.09,80.09,77.38,77.38,71.47,71.47,77.65,77.65,37.50,37.50
Kazakhstan,KAZ,20200325,3.00,1,0.00,,2.00,1,4.00,0,2.00,0,3.00,0,2.00,0,4.00,1.00,0,1.00,0.00,0.00,2.00,1,1.00,2.00,0.00,0.00,,79,0,80.09,80.09,77.38,77.38,71.47,71.47,77.65,77.65,37.50,37.50
Kazakhstan,KAZ,20200326,3.00,1,0.00,,2.00,1,4.00,0,2.00,0,3.00,0,2.00,0,4.00,1.00,0,1.00,0.00,0.00,2.00,1,1.00,2.00,0.00,0.00,,88,0,80.09,80.09,77.38,77.38,71.47,71.47,77.65,77.65,37.50,37.50
Kazakhstan,KAZ,20200327,3.00,1,0.00,,2.00,1,4.00,0,2.00,0,3.00,0,2.00,0,4.00,1.00,0,1.00,0.00,0.00,2.00,1,1.00,2.00,0.00,0.00,,120,0,80.09,80.09,77.38,77.38,71.47,71.47,77.65,77.65,37.50,37.50
Kazakhstan,KAZ,20200328,3.00,1,0.00,,2.00,1,4.00,0,2.00,0,3.00,0,2.00,0,4.00,1.00,0,1.00,0.00,0.00,2.00,1,1.00,2.00,0.00,0.00,,193,0,80.09,80.09,77.38,77.38,71.47,71.47,77.65,77.65,37.50,37.50
Kazakhstan,KAZ,20200329,3.00,1,0.00,,2.00,1,4.00,0,2.00,0,3.00,0,2.00,0,4.00,1.00,0,1.00,0.00,0.00,2.00,1,1.00,2.00,0.00,0.00,,229,0,80.09,80.09,77.38,77.38,71.47,71.47,77.65,77.65,37.50,37.50
Kazakhstan,KAZ,20200330,3.00,1,3.00,0,2.00,1,4.00,0,2.00,0,3.00,0,2.00,0,4.00,1.00,0,1.00,10000000000.00,0.00,2.00,1,1.00,2.00,0.00,0.00,,284,1,89.35,89.35,88.10,88.10,77.88,77.88,85.23,85.23,37.50,37.50
Kazakhstan,KAZ,20200331,3.00,1,3.00,0,2.00,1,4.00,0,2.00,0,3.00,0,2.00,0,4.00,1.00,0,1.00,0.00,0.00,2.00,1,1.00,2.00,0.00,0.00,,325,1,89.35,89.35,88.10,88.10,77.88,77.88,85.23,85.23,37.50,37.50
Kazakhstan,KAZ,20200401,3.00,1,3.00,0,2.00,1,4.00,0,2.00,0,3.00,0,2.00,0,4.00,1.00,0,1.00,0.00,0.00,2.00,1,1.00,2.00,0.00,0.00,,340,1,89.35,89.35,88.10,88.10,77.88,77.88,85.23,85.23,37.50,37.50
Kazakhstan,KAZ,20200402,3.00,1,3.00,0,2.00,1,4.00,0,2.00,0,3.00,0,2.00,0,4.00,1.00,0,1.00,0.00,0.00,2.00,1,1.00,2.00,0.00,0.00,,348,2,89.35,89.35,88.10,88.10,77.88,77.88,85.23,85.23,37.50,37.50
Kazakhstan,KAZ,20200403,3.00,1,3.00,0,2.00,1,4.00,0,2.00,0,3.00,0,2.00,0,4.00,1.00,0,1.00,0.00,0.00,2.00,1,1.00,2.00,0.00,0.00,,386,3,89.35,89.35,88.10,88.10,77.88,77.88,85.23,85.23,37.50,37.50
Kazakhstan,KAZ,20200404,3.00,1,3.00,0,2.00,1,4.00,0,2.00,0,3.00,0,2.00,0,4.00,1.00,0,1.00,0.00,0.00,2.00,1,1.00,2.00,0.00,0.00,,460,3,89.35,89.35,88.10,88.10,77.88,77.88,85.23,85.23,37.50,37.50
Kazakhstan,KAZ,20200405,3.00,1,3.00,0,2.00,1,4.00,0,2.00,0,3.00,0,2.00,0,4.00,1.00,0,1.00,0.00,0.00,2.00,1,1.00,2.00,0.00,0.00,,460,3,89.35,89.35,88.10,88.10,77.88,77.88,85.23,85.23,37.50,37.50
Kazakhstan,KAZ,20200406,3.00,1,3.00,0,2.00,1,4.00,0,2.00,0,3.00,0,2.00,0,4.00,1.00,0,1.00,0.00,0.00,2.00,1,1.00,2.00,0.00,0.00,,531,5,89.35,89.35,88.10,88.10,77.88,77.88,85.23,85.23,37.50,37.50
Kazakhstan,KAZ,20200407,3.00,1,3.00,0,2.00,1,4.00,0,2.00,0,3.00,0,2.00,0,4.00,1.00,0,1.00,0.00,0.00,2.00,1,1.00,2.00,0.00,0.00,,670,6,89.35,89.35,88.10,88.10,77.88,77.88,85.23,85.23,37.50,37.50
Kazakhstan,KAZ,20200408,3.00,1,3.00,0,2.00,1,4.00,0,2.00,0,3.00,0,2.00,0,4.00,1.00,0,1.00,0.00,0.00,2.00,1,1.00,2.00,190410629.00,0.00,,704,6,89.35,89.35,88.10,88.10,77.88,77.88,85.23,85.23,37.50,37.50
Kazakhstan,KAZ,20200409,3.00,1,3.00,0,2.00,1,4.00,0,2.00,0,3.00,0,2.00,0,4.00,1.00,0,1.00,0.00,0.00,2.00,1,1.00,2.00,0.00,0.00,,759,7,89.35,89.35,88.10,88.10,77.88,77.88,85.23,85.23,37.50,37.50
Kazakhstan,KAZ,20200410,3.00,1,3.00,0,2.00,1,4.00,0,2.00,0,3.00,0,2.00,0,4.00,1.00,0,1.00,0.00,0.00,2.00,1,1.00,2.00,0.00,0.00,,802,9,89.35,89.35,88.10,88.10,77.88,77.88,85.23,85.23,37.50,37.50
Kazakhstan,KAZ,20200411,3.00,1,3.00,0,2.00,1,4.00,0,2.00,0,3.00,0,2.00,0,4.00,1.00,0,1.00,0.00,0.00,2.00,1,1.00,2.00,0.00,0.00,,840,10,89.35,89.35,88.10,88.10,77.88,77.88,85.23,85.23,37.50,37.50
Kazakhstan,KAZ,20200412,3.00,1,3.00,0,2.00,1,4.00,0,2.00,0,3.00,0,2.00,0,4.00,1.00,0,1.00,0.00,0.00,2.00,1,1.00,2.00,0.00,0.00,,880,10,89.35,89.35,88.10,88.10,77.88,77.88,85.23,85.23,37.50,37.50
Kazakhstan,KAZ,20200413,3.00,1,3.00,0,2.00,1,4.00,0,2.00,0,3.00,0,2.00,0,4.00,1.00,0,1.00,0.00,0.00,2.00,1,1.00,2.00,0.00,0.00,,961,10,89.35,89.35,88.10,88.10,77.88,77.88,85.23,85.23,37.50,37.50
Kazakhstan,KAZ,20200414,3.00,1,3.00,0,2.00,1,4.00,0,2.00,0,3.00,0,2.00,0,4.00,1.00,0,1.00,0.00,0.00,2.00,1,1.00,2.00,0.00,0.00,,1179,14,89.35,89.35,88.10,88.10,77.88,77.88,85.23,85.23,37.50,37.50
Kazakhstan,KAZ,20200415,3.00,1,3.00,0,2.00,1,4.00,0,2.00,0,3.00,0,2.00,0,4.00,1.00,0,1.00,0.00,0.00,2.00,1,1.00,2.00,0.00,0.00,,1267,14,89.35,89.35,88.10,88.10,77.88,77.88,85.23,85.23,37.50,37.50
Kazakhstan,KAZ,20200416,3.00,1,3.00,0,2.00,1,4.00,0,2.00,0,3.00,0,2.00,0,4.00,1.00,0,1.00,0.00,0.00,2.00,1,1.00,2.00,0.00,0.00,,1331,16,89.35,89.35,88.10,88.10,77.88,77.88,85.23,85.23,37.50,37.50
Kazakhstan,KAZ,20200417,3.00,1,3.00,0,2.00,1,4.00,0,2.00,0,3.00,0,2.00,0,4.00,1.00,0,1.00,0.00,0.00,2.00,1,1.00,2.00,0.00,0.00,,1470,17,89.35,89.35,88.10,88.10,77.88,77.88,85.23,85.23,37.50,37.50
Kazakhstan,KAZ,20200418,3.00,1,3.00,0,2.00,1,4.00,0,2.00,0,3.00,0,2.00,0,4.00,1.00,0,1.00,0.00,0.00,2.00,1,1.00,2.00,0.00,0.00,,1591,17,89.35,89.35,88.10,88.10,77.88,77.88,85.23,85.23,37.50,37.50
Kazakhstan,KAZ,20200419,3.00,1,3.00,0,2.00,1,4.00,0,2.00,0,3.00,0,2.00,0,4.00,1.00,0,1.00,0.00,0.00,2.00,1,1.00,2.00,0.00,0.00,,1654,17,89.35,89.35,88.10,88.10,77.88,77.88,85.23,85.23,37.50,37.50
Kazakhstan,KAZ,20200420,3.00,1,3.00,0,2.00,1,4.00,0,2.00,0,3.00,0,2.00,0,4.00,1.00,0,1.00,0.00,0.00,2.00,1,1.00,2.00,0.00,0.00,,1735,19,89.35,89.35,88.10,88.10,77.88,77.88,85.23,85.23,37.50,37.50
Kazakhstan,KAZ,20200421,3.00,1,3.00,0,2.00,1,4.00,0,2.00,0,3.00,0,2.00,0,4.00,1.00,0,1.00,0.00,0.00,2.00,1,1.00,2.00,0.00,0.00,,1949,19,89.35,89.35,88.10,88.10,77.88,77.88,85.23,85.23,37.50,37.50
Kazakhstan,KAZ,20200422,3.00,1,3.00,0,2.00,1,4.00,0,2.00,0,3.00,0,2.00,0,4.00,1.00,0,1.00,0.00,0.00,2.00,1,1.00,2.00,0.00,0.00,,2025,19,89.35,89.35,88.10,88.10,77.88,77.88,85.23,85.23,37.50,37.50
Kazakhstan,KAZ,20200423,3.00,1,3.00,0,2.00,1,4.00,0,2.00,0,3.00,0,2.00,0,4.00,1.00,0,1.00,0.00,0.00,2.00,1,1.00,2.00,0.00,0.00,,2191,19,89.35,89.35,88.10,88.10,77.88,77.88,85.23,85.23,37.50,37.50
Kazakhstan,KAZ,20200424,3.00,1,3.00,0,2.00,1,4.00,0,2.00,0,3.00,0,2.00,0,4.00,1.00,0,1.00,0.00,0.00,2.00,1,1.00,2.00,0.00,0.00,,2334,22,89.35,89.35,88.10,88.10,77.88,77.88,85.23,85.23,37.50,37.50
Kazakhstan,KAZ,20200425,3.00,1,3.00,0,2.00,1,4.00,0,2.00,0,3.00,0,2.00,0,4.00,1.00,0,1.00,0.00,0.00,2.00,1,1.00,2.00,0.00,0.00,,2482,25,89.35,89.35,88.10,88.10,77.88,77.88,85.23,85.23,37.50,37.50
Kazakhstan,KAZ,20200426,3.00,1,3.00,0,2.00,1,4.00,0,2.00,0,3.00,0,2.00,0,4.00,1.00,0,1.00,0.00,0.00,2.00,1,1.00,2.00,0.00,0.00,,2652,25,89.35,89.35,88.10,88.10,77.88,77.88,85.23,85.23,37.50,37.50
Kazakhstan,KAZ,20200427,3.00,1,3.00,0,2.00,1,4.00,0,2.00,0,3.00,0,2.00,0,4.00,1.00,0,1.00,0.00,0.00,2.00,1,1.00,2.00,0.00,0.00,,2717,25,89.35,89.35,88.10,88.10,77.88,77.88,85.23,85.23,37.50,37.50
Kazakhstan,KAZ,20200428,3.00,1,3.00,0,2.00,1,4.00,0,2.00,0,3.00,0,2.00,0,4.00,1.00,0,1.00,0.00,0.00,2.00,1,1.00,2.00,0.00,0.00,,2860,25,89.35,89.35,88.10,88.10,77.88,77.88,85.23,85.23,37.50,37.50
Kazakhstan,KAZ,20200429,3.00,1,3.00,0,2.00,1,4.00,0,2.00,0,3.00,0,2.00,0,4.00,1.00,0,1.00,0.00,0.00,2.00,1,1.00,2.00,0.00,0.00,,3063,25,89.35,89.35,88.10,88.10,77.88,77.88,85.23,85.23,37.50,37.50
Kazakhstan,KAZ,20200430,3.00,1,3.00,0,2.00,1,4.00,0,2.00,0,3.00,0,2.00,0,4.00,1.00,0,1.00,0.00,0.00,2.00,1,1.00,2.00,0.00,0.00,,3205,25,89.35,89.35,88.10,88.10,77.88,77.88,85.23,85.23,37.50,37.50
Kazakhstan,KAZ,20200501,3.00,1,3.00,0,2.00,1,4.00,0,2.00,0,3.00,0,2.00,0,4.00,1.00,0,1.00,0.00,0.00,2.00,1,3.00,2.00,0.00,0.00,,3504,25,89.35,89.35,88.10,88.10,83.01,83.01,91.29,91.29,37.50,37.50
Kazakhstan,KAZ,20200502,3.00,1,3.00,0,2.00,1,4.00,0,2.00,0,3.00,0,2.00,0,4.00,1.00,0,1.00,0.00,0.00,2.00,1,3.00,2.00,0.00,0.00,,3671,25,89.35,89.35,88.10,88.10,83.01,83.01,91.29,91.29,37.50,37.50
Kazakhstan,KAZ,20200503,3.00,1,3.00,0,2.00,1,4.00,0,2.00,0,3.00,0,2.00,0,4.00,1.00,0,1.00,0.00,0.00,2.00,1,3.00,2.00,0.00,0.00,,3877,25,89.35,89.35,88.10,88.10,83.01,83.01,91.29,91.29,37.50,37.50
Kazakhstan,KAZ,20200504,3.00,1,3.00,0,2.00,1,4.00,0,2.00,0,3.00,0,2.00,0,4.00,1.00,0,1.00,0.00,0.00,2.00,1,3.00,2.00,0.00,0.00,,3964,27,89.35,89.35,88.10,88.10,83.01,83.01,91.29,91.29,37.50,37.50
Kazakhstan,KAZ,20200505,3.00,1,3.00,0,2.00,1,4.00,0,2.00,0,3.00,0,2.00,0,4.00,1.00,0,1.00,0.00,0.00,2.00,1,3.00,2.00,0.00,0.00,,4121,29,89.35,89.35,88.10,88.10,83.01,83.01,91.29,91.29,37.50,37.50
Kazakhstan,KAZ,20200506,3.00,1,3.00,0,2.00,1,4.00,0,2.00,0,3.00,0,2.00,0,4.00,1.00,0,1.00,0.00,0.00,2.00,1,3.00,2.00,0.00,0.00,,4277,29,89.35,89.35,88.10,88.10,83.01,83.01,91.29,91.29,37.50,37.50
Kazakhstan,KAZ,20200507,3.00,1,3.00,0,2.00,1,4.00,0,2.00,0,3.00,0,2.00,0,4.00,1.00,0,1.00,0.00,0.00,2.00,1,3.00,2.00,0.00,0.00,,4502,30,89.35,89.35,88.10,88.10,83.01,83.01,91.29,91.29,37.50,37.50
Kazakhstan,KAZ,20200508,3.00,1,3.00,0,2.00,1,4.00,0,2.00,0,3.00,0,2.00,0,4.00,1.00,0,1.00,0.00,0.00,2.00,1,3.00,2.00,0.00,0.00,,4690,31,89.35,89.35,88.10,88.10,83.01,83.01,91.29,91.29,37.50,37.50
Kazakhstan,KAZ,20200509,3.00,1,3.00,0,2.00,1,4.00,0,2.00,0,3.00,0,2.00,0,4.00,1.00,0,1.00,0.00,0.00,2.00,1,3.00,2.00,0.00,0.00,,4834,31,89.35,89.35,88.10,88.10,83.01,83.01,91.29,91.29,37.50,37.50
Kazakhstan,KAZ,20200510,3.00,1,3.00,0,2.00,1,4.00,0,2.00,0,3.00,0,2.00,0,4.00,1.00,0,1.00,0.00,0.00,2.00,1,3.00,2.00,0.00,0.00,,5036,31,89.35,89.35,88.10,88.10,83.01,83.01,91.29,91.29,37.50,37.50
Kazakhstan,KAZ,20200511,3.00,1,2.00,0,2.00,1,4.00,0,2.00,0,2.00,0,2.00,0,4.00,1.00,0,1.00,0.00,0.00,2.00,1,3.00,2.00,0.00,0.00,,5126,31,81.94,81.94,83.33,83.33,77.88,77.88,85.23,85.23,37.50,37.50
Kazakhstan,KAZ,20200512,3.00,1,2.00,0,2.00,1,4.00,0,2.00,0,2.00,0,2.00,0,4.00,1.00,0,1.00,0.00,0.00,2.00,1,3.00,2.00,0.00,0.00,,5240,32,81.94,81.94,83.33,83.33,77.88,77.88,85.23,85.23,37.50,37.50
Kazakhstan,KAZ,20200513,3.00,1,2.00,0,2.00,1,4.00,0,2.00,0,2.00,0,2.00,0,4.00,1.00,0,1.00,0.00,0.00,2.00,1,3.00,2.00,0.00,0.00,,5417,32,81.94,81.94,83.33,83.33,77.88,77.88,85.23,85.23,37.50,37.50
Kazakhstan,KAZ,20200514,3.00,1,2.00,0,2.00,1,4.00,0,2.00,0,2.00,0,2.00,0,4.00,1.00,0,1.00,0.00,0.00,2.00,1,3.00,2.00,0.00,0.00,,5571,32,81.94,81.94,83.33,83.33,77.88,77.88,85.23,85.23,37.50,37.50
Kazakhstan,KAZ,20200515,3.00,1,2.00,0,2.00,1,4.00,0,2.00,0,2.00,0,2.00,0,4.00,1.00,0,1.00,0.00,0.00,2.00,1,3.00,2.00,0.00,0.00,,5571,32,81.94,81.94,83.33,83.33,77.88,77.88,85.23,85.23,37.50,37.50
Kazakhstan,KAZ,20200516,3.00,1,2.00,0,2.00,1,4.00,0,2.00,0,2.00,0,2.00,0,4.00,1.00,0,1.00,0.00,0.00,2.00,1,3.00,2.00,0.00,0.00,,5850,34,81.94,81.94,83.33,83.33,77.88,77.88,85.23,85.23,37.50,37.50
Kazakhstan,KAZ,20200517,3.00,1,2.00,0,2.00,1,4.00,0,2.00,0,2.00,0,2.00,0,4.00,1.00,0,1.00,0.00,0.00,2.00,1,3.00,2.00,0.00,0.00,,6157,34,81.94,81.94,83.33,83.33,77.88,77.88,85.23,85.23,37.50,37.50
Kazakhstan,KAZ,20200518,3.00,1,2.00,1,2.00,1,4.00,0,2.00,0,2.00,0,2.00,0,4.00,1.00,0,1.00,0.00,0.00,2.00,1,3.00,2.00,13077568.00,0.00,,6440,34,83.80,83.80,86.90,86.90,79.17,79.17,86.74,86.74,37.50,37.50
Kazakhstan,KAZ,20200519,3.00,1,2.00,1,2.00,1,4.00,0,2.00,0,2.00,0,2.00,0,4.00,1.00,0,1.00,0.00,0.00,2.00,1,3.00,2.00,0.00,0.00,,6751,35,83.80,83.80,86.90,86.90,79.17,79.17,86.74,86.74,37.50,37.50
Kazakhstan,KAZ,20200520,3.00,1,2.00,1,2.00,1,4.00,0,2.00,0,2.00,0,2.00,0,4.00,1.00,0,1.00,0.00,0.00,2.00,1,3.00,2.00,0.00,0.00,,6969,35,83.80,83.80,86.90,86.90,79.17,79.17,86.74,86.74,37.50,37.50
Kazakhstan,KAZ,20200521,3.00,1,2.00,1,2.00,1,4.00,0,2.00,0,2.00,0,2.00,0,4.00,1.00,0,1.00,0.00,0.00,2.00,1,3.00,2.00,0.00,0.00,,7234,35,83.80,83.80,86.90,86.90,79.17,79.17,86.74,86.74,37.50,37.50
Kazakhstan,KAZ,20200522,3.00,1,2.00,1,2.00,1,4.00,0,2.00,0,2.00,0,2.00,0,4.00,1.00,0,1.00,0.00,0.00,2.00,1,3.00,2.00,0.00,0.00,,7597,35,83.80,83.80,86.90,86.90,79.17,79.17,86.74,86.74,37.50,37.50
Kazakhstan,KAZ,20200523,3.00,1,2.00,1,2.00,1,4.00,0,2.00,0,2.00,0,2.00,0,4.00,1.00,0,1.00,0.00,0.00,2.00,1,3.00,2.00,0.00,0.00,,7919,35,83.80,83.80,86.90,86.90,79.17,79.17,86.74,86.74,37.50,37.50
Kazakhstan,KAZ,20200524,3.00,1,2.00,1,2.00,1,4.00,0,2.00,0,2.00,0,2.00,0,4.00,1.00,0,1.00,0.00,0.00,2.00,1,3.00,2.00,0.00,0.00,,8322,35,83.80,83.80,86.90,86.90,79.17,79.17,86.74,86.74,37.50,37.50
Kazakhstan,KAZ,20200525,3.00,1,2.00,1,2.00,1,4.00,0,2.00,0,2.00,0,2.00,0,4.00,1.00,0,1.00,0.00,0.00,2.00,1,3.00,2.00,0.00,0.00,,8531,35,83.80,83.80,86.90,86.90,79.17,79.17,86.74,86.74,37.50,37.50
Kazakhstan,KAZ,20200526,3.00,1,2.00,1,2.00,1,4.00,0,2.00,0,2.00,0,2.00,0,4.00,1.00,0,1.00,0.00,0.00,2.00,1,3.00,2.00,0.00,0.00,,8969,35,83.80,83.80,86.90,86.90,79.17,79.17,86.74,86.74,37.50,37.50
Kazakhstan,KAZ,20200527,3.00,1,2.00,1,2.00,1,4.00,0,2.00,0,2.00,0,2.00,0,4.00,1.00,0,1.00,0.00,0.00,2.00,1,3.00,2.00,0.00,0.00,,9304,37,83.80,83.80,86.90,86.90,79.17,79.17,86.74,86.74,37.50,37.50
Kazakhstan,KAZ,20200528,3.00,1,2.00,1,2.00,1,4.00,0,2.00,0,2.00,0,2.00,0,4.00,1.00,0,1.00,0.00,0.00,2.00,1,3.00,2.00,0.00,0.00,,9576,37,83.80,83.80,86.90,86.90,79.17,79.17,86.74,86.74,37.50,37.50
Kazakhstan,KAZ,20200529,3.00,1,2.00,1,2.00,1,4.00,0,2.00,0,2.00,0,2.00,0,4.00,1.00,0,1.00,0.00,0.00,2.00,1,3.00,2.00,0.00,0.00,,9932,37,83.80,83.80,86.90,86.90,79.17,79.17,86.74,86.74,37.50,37.50
Kazakhstan,KAZ,20200530,3.00,1,2.00,1,2.00,1,4.00,0,2.00,0,2.00,0,2.00,0,4.00,1.00,0,1.00,0.00,0.00,2.00,1,3.00,2.00,0.00,0.00,,10382,37,83.80,83.80,86.90,86.90,79.17,79.17,86.74,86.74,37.50,37.50
Kazakhstan,KAZ,20200531,3.00,1,2.00,1,2.00,1,4.00,0,2.00,0,2.00,0,2.00,0,4.00,1.00,0,1.00,0.00,0.00,2.00,1,3.00,2.00,0.00,0.00,,10858,38,83.80,83.80,86.90,86.90,79.17,79.17,86.74,86.74,37.50,37.50
Kazakhstan,KAZ,20200601,2.00,1,2.00,1,2.00,1,4.00,0,2.00,0,2.00,0,1.00,1,4.00,1.00,0,1.00,0.00,0.00,2.00,1,3.00,2.00,0.00,0.00,,11308,41,77.31,77.31,83.33,83.33,74.68,74.68,81.44,81.44,37.50,37.50
Kazakhstan,KAZ,20200602,2.00,1,2.00,1,2.00,1,4.00,0,2.00,0,2.00,0,1.00,1,4.00,1.00,0,1.00,0.00,0.00,2.00,1,3.00,2.00,0.00,0.00,,11571,41,77.31,77.31,83.33,83.33,74.68,74.68,81.44,81.44,37.50,37.50
Kazakhstan,KAZ,20200603,2.00,1,2.00,1,2.00,1,4.00,0,2.00,0,2.00,0,1.00,1,4.00,1.00,0,1.00,0.00,0.00,2.00,1,3.00,2.00,0.00,0.00,,11796,44,77.31,77.31,83.33,83.33,74.68,74.68,81.44,81.44,37.50,37.50
Kazakhstan,KAZ,20200604,2.00,1,2.00,1,2.00,1,4.00,0,2.00,0,2.00,0,1.00,1,4.00,1.00,0,1.00,0.00,0.00,2.00,1,3.00,2.00,0.00,0.00,,12067,48,77.31,77.31,83.33,83.33,74.68,74.68,81.44,81.44,37.50,37.50
Kazakhstan,KAZ,20200605,2.00,1,2.00,1,2.00,1,4.00,0,2.00,0,2.00,0,1.00,1,4.00,1.00,0,1.00,0.00,0.00,2.00,1,3.00,2.00,0.00,0.00,,12312,52,77.31,77.31,83.33,83.33,74.68,74.68,81.44,81.44,37.50,37.50
Kazakhstan,KAZ,20200606,2.00,1,2.00,1,2.00,1,4.00,0,2.00,0,2.00,0,1.00,1,4.00,1.00,0,1.00,0.00,0.00,2.00,1,3.00,2.00,0.00,0.00,,12511,52,77.31,77.31,83.33,83.33,74.68,74.68,81.44,81.44,37.50,37.50
Kazakhstan,KAZ,20200607,2.00,1,2.00,1,2.00,1,4.00,0,2.00,0,2.00,0,1.00,1,4.00,1.00,0,1.00,0.00,0.00,2.00,1,3.00,2.00,0.00,0.00,,12694,53,77.31,77.31,83.33,83.33,74.68,74.68,81.44,81.44,37.50,37.50
Kazakhstan,KAZ,20200608,2.00,1,2.00,1,2.00,1,4.00,0,2.00,0,2.00,0,1.00,1,4.00,1.00,0,1.00,0.00,0.00,2.00,1,3.00,2.00,0.00,0.00,,12859,56,77.31,77.31,83.33,83.33,74.68,74.68,81.44,81.44,37.50,37.50
Kazakhstan,KAZ,20200609,2.00,1,2.00,1,2.00,1,4.00,0,2.00,0,2.00,0,1.00,1,4.00,1.00,0,1.00,0.00,0.00,2.00,1,3.00,2.00,0.00,0.00,,13074,58,77.31,77.31,83.33,83.33,74.68,74.68,81.44,81.44,37.50,37.50
Kazakhstan,KAZ,20200610,2.00,1,2.00,1,2.00,1,4.00,0,2.00,0,2.00,0,1.00,1,4.00,1.00,0,1.00,0.00,0.00,2.00,1,3.00,2.00,0.00,0.00,,13319,61,77.31,77.31,83.33,83.33,74.68,74.68,81.44,81.44,37.50,37.50
Kazakhstan,KAZ,20200611,2.00,1,2.00,1,2.00,1,4.00,0,2.00,0,2.00,0,1.00,1,4.00,1.00,0,1.00,0.00,0.00,2.00,1,3.00,2.00,0.00,0.00,,13558,67,77.31,77.31,83.33,83.33,74.68,74.68,81.44,81.44,37.50,37.50
Kazakhstan,KAZ,20200612,2.00,1,2.00,1,2.00,1,4.00,0,2.00,0,2.00,0,1.00,1,4.00,1.00,0,1.00,0.00,0.00,2.00,1,3.00,2.00,0.00,0.00,,13872,67,77.31,77.31,83.33,83.33,74.68,74.68,81.44,81.44,37.50,37.50
Kazakhstan,KAZ,20200613,2.00,1,2.00,1,2.00,1,4.00,0,2.00,0,2.00,0,1.00,1,4.00,1.00,0,1.00,0.00,0.00,2.00,1,3.00,2.00,0.00,0.00,,14238,70,77.31,77.31,83.33,83.33,74.68,74.68,81.44,81.44,37.50,37.50
Kazakhstan,KAZ,20200614,2.00,1,2.00,1,2.00,1,4.00,0,2.00,0,2.00,0,1.00,1,4.00,1.00,0,1.00,0.00,0.00,2.00,1,3.00,2.00,0.00,0.00,,14496,73,77.31,77.31,83.33,83.33,74.68,74.68,81.44,81.44,37.50,37.50
Kazakhstan,KAZ,20200615,2.00,1,2.00,1,2.00,1,4.00,0,2.00,0,2.00,0,1.00,1,4.00,1.00,0,1.00,0.00,0.00,2.00,1,3.00,2.00,0.00,0.00,,14809,77,77.31,77.31,83.33,83.33,74.68,74.68,81.44,81.44,37.50,37.50
Kazakhstan,KAZ,20200616,,,,,,,,,,,,,,,,,,,,,,,,,,,,15192,81,,,,,,,,,,
Kazakhstan,KAZ,20200617,,,,,,,,,,,,,,,,,,,,,,,,,,,,15542,88,,77.31,,83.33,,74.68,,81.44,,37.50
Kazakhstan,KAZ,20200618,,,,,,,,,,,,,,,,,,,,,,,,,,,,15877,100,,77.31,,83.33,,74.68,,81.44,,37.50
Kazakhstan,KAZ,20200619,,,,,,,,,,,,,,,,,,,,,,,,,,,,16351,105,,77.31,,83.33,,74.68,,81.44,,37.50
Kazakhstan,KAZ,20200620,,,,,,,,,,,,,,,,,,,,,,,,,,,,16779,113,,77.31,,83.33,,74.68,,81.44,,37.50
Kazakhstan,KAZ,20200621,,,,,,,,,,,,,,,,,,,,,,,,,,,,17225,118,,77.31,,83.33,,74.68,,81.44,,37.50
Kazakhstan,KAZ,20200622,,,,,,,,,,,,,,,,,,,,,,,,,,,,17732,120,,77.31,,83.33,,74.68,,81.44,,37.50
Kazakhstan,KAZ,20200623,,,,,,,,,,,,,,,,,,,,,,,,,,,,18231,127,,77.31,,83.33,,74.68,,81.44,,37.50
