Kenya,KEN,20200101,0.00,,0.00,,0.00,,0.00,,0.00,,0.00,,0.00,,0.00,0.00,,0.00,0.00,0.00,0.00,,0.00,0.00,0.00,0.00,,,,0.00,0.00,0.00,0.00,0.00,0.00,0.00,0.00,0.00,0.00
Kenya,KEN,20200102,0.00,,0.00,,0.00,,0.00,,0.00,,0.00,,0.00,,0.00,0.00,,0.00,0.00,0.00,0.00,,0.00,0.00,0.00,0.00,,,,0.00,0.00,0.00,0.00,0.00,0.00,0.00,0.00,0.00,0.00
Kenya,KEN,20200103,0.00,,0.00,,0.00,,0.00,,0.00,,0.00,,0.00,,0.00,0.00,,0.00,0.00,0.00,0.00,,0.00,0.00,0.00,0.00,,,,0.00,0.00,0.00,0.00,0.00,0.00,0.00,0.00,0.00,0.00
Kenya,KEN,20200104,0.00,,0.00,,0.00,,0.00,,0.00,,0.00,,0.00,,0.00,0.00,,0.00,0.00,0.00,0.00,,0.00,0.00,0.00,0.00,,,,0.00,0.00,0.00,0.00,0.00,0.00,0.00,0.00,0.00,0.00
Kenya,KEN,20200105,0.00,,0.00,,0.00,,0.00,,0.00,,0.00,,0.00,,0.00,0.00,,0.00,0.00,0.00,0.00,,0.00,0.00,0.00,0.00,,,,0.00,0.00,0.00,0.00,0.00,0.00,0.00,0.00,0.00,0.00
Kenya,KEN,20200106,0.00,,0.00,,0.00,,0.00,,0.00,,0.00,,0.00,,0.00,0.00,,0.00,0.00,0.00,0.00,,0.00,0.00,0.00,0.00,,,,0.00,0.00,0.00,0.00,0.00,0.00,0.00,0.00,0.00,0.00
Kenya,KEN,20200107,0.00,,0.00,,0.00,,0.00,,0.00,,0.00,,0.00,,0.00,0.00,,0.00,0.00,0.00,0.00,,0.00,0.00,0.00,0.00,,,,0.00,0.00,0.00,0.00,0.00,0.00,0.00,0.00,0.00,0.00
Kenya,KEN,20200108,0.00,,0.00,,0.00,,0.00,,0.00,,0.00,,0.00,,0.00,0.00,,0.00,0.00,0.00,0.00,,0.00,0.00,0.00,0.00,,,,0.00,0.00,0.00,0.00,0.00,0.00,0.00,0.00,0.00,0.00
Kenya,KEN,20200109,0.00,,0.00,,0.00,,0.00,,0.00,,0.00,,0.00,,0.00,0.00,,0.00,0.00,0.00,0.00,,0.00,0.00,0.00,0.00,,,,0.00,0.00,0.00,0.00,0.00,0.00,0.00,0.00,0.00,0.00
Kenya,KEN,20200110,0.00,,0.00,,0.00,,0.00,,0.00,,0.00,,0.00,,0.00,0.00,,0.00,0.00,0.00,0.00,,0.00,0.00,0.00,0.00,,,,0.00,0.00,0.00,0.00,0.00,0.00,0.00,0.00,0.00,0.00
Kenya,KEN,20200111,0.00,,0.00,,0.00,,0.00,,0.00,,0.00,,0.00,,0.00,0.00,,0.00,0.00,0.00,0.00,,0.00,0.00,0.00,0.00,,,,0.00,0.00,0.00,0.00,0.00,0.00,0.00,0.00,0.00,0.00
Kenya,KEN,20200112,0.00,,0.00,,0.00,,0.00,,0.00,,0.00,,0.00,,0.00,0.00,,0.00,0.00,0.00,0.00,,0.00,0.00,0.00,0.00,,,,0.00,0.00,0.00,0.00,0.00,0.00,0.00,0.00,0.00,0.00
Kenya,KEN,20200113,0.00,,0.00,,0.00,,0.00,,0.00,,0.00,,0.00,,0.00,0.00,,0.00,0.00,0.00,0.00,,0.00,0.00,0.00,0.00,,,,0.00,0.00,0.00,0.00,0.00,0.00,0.00,0.00,0.00,0.00
Kenya,KEN,20200114,0.00,,0.00,,0.00,,0.00,,0.00,,0.00,,0.00,,0.00,0.00,,0.00,0.00,0.00,0.00,,0.00,0.00,0.00,0.00,,,,0.00,0.00,0.00,0.00,0.00,0.00,0.00,0.00,0.00,0.00
Kenya,KEN,20200115,0.00,,0.00,,0.00,,0.00,,0.00,,0.00,,0.00,,0.00,0.00,,0.00,0.00,0.00,0.00,,0.00,0.00,0.00,0.00,,,,0.00,0.00,0.00,0.00,0.00,0.00,0.00,0.00,0.00,0.00
Kenya,KEN,20200116,0.00,,0.00,,0.00,,0.00,,0.00,,0.00,,0.00,,0.00,0.00,,0.00,0.00,0.00,0.00,,0.00,0.00,0.00,0.00,,,,0.00,0.00,0.00,0.00,0.00,0.00,0.00,0.00,0.00,0.00
Kenya,KEN,20200117,0.00,,0.00,,0.00,,0.00,,0.00,,0.00,,0.00,,0.00,0.00,,0.00,0.00,0.00,0.00,,0.00,0.00,0.00,0.00,,,,0.00,0.00,0.00,0.00,0.00,0.00,0.00,0.00,0.00,0.00
Kenya,KEN,20200118,0.00,,0.00,,0.00,,0.00,,0.00,,0.00,,0.00,,0.00,0.00,,0.00,0.00,0.00,0.00,,0.00,0.00,0.00,0.00,,,,0.00,0.00,0.00,0.00,0.00,0.00,0.00,0.00,0.00,0.00
Kenya,KEN,20200119,0.00,,0.00,,0.00,,0.00,,0.00,,0.00,,0.00,,0.00,0.00,,0.00,0.00,0.00,0.00,,0.00,0.00,0.00,0.00,,,,0.00,0.00,0.00,0.00,0.00,0.00,0.00,0.00,0.00,0.00
Kenya,KEN,20200120,0.00,,0.00,,0.00,,0.00,,0.00,,0.00,,0.00,,1.00,0.00,,0.00,0.00,0.00,0.00,,0.00,0.00,0.00,0.00,,,,2.78,2.78,3.57,3.57,1.92,1.92,2.27,2.27,0.00,0.00
Kenya,KEN,20200121,0.00,,0.00,,0.00,,0.00,,0.00,,0.00,,0.00,,1.00,0.00,,0.00,0.00,0.00,0.00,,0.00,0.00,0.00,0.00,,,,2.78,2.78,3.57,3.57,1.92,1.92,2.27,2.27,0.00,0.00
Kenya,KEN,20200122,0.00,,0.00,,0.00,,0.00,,0.00,,0.00,,0.00,,1.00,0.00,,0.00,0.00,0.00,0.00,,0.00,0.00,0.00,0.00,,,,2.78,2.78,3.57,3.57,1.92,1.92,2.27,2.27,0.00,0.00
Kenya,KEN,20200123,0.00,,0.00,,0.00,,0.00,,0.00,,0.00,,0.00,,1.00,0.00,,0.00,0.00,0.00,0.00,,0.00,0.00,0.00,0.00,,,,2.78,2.78,3.57,3.57,1.92,1.92,2.27,2.27,0.00,0.00
Kenya,KEN,20200124,0.00,,0.00,,0.00,,0.00,,0.00,,0.00,,0.00,,1.00,0.00,,0.00,0.00,0.00,0.00,,0.00,0.00,0.00,0.00,,,,2.78,2.78,3.57,3.57,1.92,1.92,2.27,2.27,0.00,0.00
Kenya,KEN,20200125,0.00,,0.00,,0.00,,0.00,,0.00,,0.00,,0.00,,1.00,0.00,,0.00,0.00,0.00,0.00,,0.00,0.00,0.00,0.00,,,,2.78,2.78,3.57,3.57,1.92,1.92,2.27,2.27,0.00,0.00
Kenya,KEN,20200126,0.00,,0.00,,0.00,,0.00,,0.00,,0.00,,0.00,,1.00,0.00,,0.00,0.00,0.00,0.00,,0.00,0.00,0.00,0.00,,,,2.78,2.78,3.57,3.57,1.92,1.92,2.27,2.27,0.00,0.00
Kenya,KEN,20200127,0.00,,0.00,,0.00,,0.00,,0.00,,0.00,,0.00,,1.00,0.00,,0.00,0.00,0.00,0.00,,0.00,0.00,0.00,0.00,,,,2.78,2.78,3.57,3.57,1.92,1.92,2.27,2.27,0.00,0.00
Kenya,KEN,20200128,0.00,,0.00,,0.00,,0.00,,0.00,,0.00,,0.00,,1.00,0.00,,0.00,0.00,0.00,0.00,,0.00,0.00,0.00,0.00,,,,2.78,2.78,3.57,3.57,1.92,1.92,2.27,2.27,0.00,0.00
Kenya,KEN,20200129,0.00,,0.00,,0.00,,0.00,,0.00,,0.00,,0.00,,1.00,0.00,,0.00,0.00,0.00,0.00,,0.00,0.00,0.00,0.00,,,,2.78,2.78,3.57,3.57,1.92,1.92,2.27,2.27,0.00,0.00
Kenya,KEN,20200130,0.00,,0.00,,0.00,,0.00,,0.00,,0.00,,0.00,,1.00,0.00,,0.00,0.00,0.00,0.00,,0.00,0.00,0.00,0.00,,,,2.78,2.78,3.57,3.57,1.92,1.92,2.27,2.27,0.00,0.00
Kenya,KEN,20200131,0.00,,0.00,,0.00,,0.00,,0.00,,0.00,,0.00,,1.00,0.00,,0.00,0.00,0.00,0.00,,0.00,0.00,0.00,0.00,,,,2.78,2.78,3.57,3.57,1.92,1.92,2.27,2.27,0.00,0.00
Kenya,KEN,20200201,0.00,,0.00,,0.00,,0.00,,0.00,,0.00,,0.00,,1.00,0.00,,0.00,0.00,0.00,0.00,,0.00,0.00,0.00,0.00,,,,2.78,2.78,3.57,3.57,1.92,1.92,2.27,2.27,0.00,0.00
Kenya,KEN,20200202,0.00,,0.00,,0.00,,0.00,,0.00,,0.00,,0.00,,1.00,0.00,,0.00,0.00,0.00,0.00,,0.00,0.00,0.00,0.00,,,,2.78,2.78,3.57,3.57,1.92,1.92,2.27,2.27,0.00,0.00
Kenya,KEN,20200203,0.00,,0.00,,0.00,,0.00,,0.00,,0.00,,0.00,,1.00,0.00,,0.00,0.00,0.00,0.00,,0.00,0.00,0.00,0.00,,,,2.78,2.78,3.57,3.57,1.92,1.92,2.27,2.27,0.00,0.00
Kenya,KEN,20200204,0.00,,0.00,,0.00,,0.00,,0.00,,0.00,,0.00,,1.00,0.00,,0.00,0.00,0.00,0.00,,0.00,0.00,0.00,0.00,,,,2.78,2.78,3.57,3.57,1.92,1.92,2.27,2.27,0.00,0.00
Kenya,KEN,20200205,0.00,,0.00,,0.00,,0.00,,0.00,,0.00,,0.00,,1.00,0.00,,0.00,0.00,0.00,0.00,,0.00,0.00,0.00,0.00,,,,2.78,2.78,3.57,3.57,1.92,1.92,2.27,2.27,0.00,0.00
Kenya,KEN,20200206,0.00,,0.00,,0.00,,0.00,,0.00,,0.00,,0.00,,1.00,0.00,,0.00,0.00,0.00,0.00,,0.00,0.00,0.00,0.00,,,,2.78,2.78,3.57,3.57,1.92,1.92,2.27,2.27,0.00,0.00
Kenya,KEN,20200207,0.00,,0.00,,0.00,,0.00,,0.00,,0.00,,0.00,,1.00,0.00,,0.00,0.00,0.00,0.00,,0.00,0.00,0.00,0.00,,,,2.78,2.78,3.57,3.57,1.92,1.92,2.27,2.27,0.00,0.00
Kenya,KEN,20200208,0.00,,0.00,,0.00,,0.00,,0.00,,0.00,,0.00,,1.00,0.00,,0.00,0.00,0.00,0.00,,0.00,0.00,0.00,0.00,,,,2.78,2.78,3.57,3.57,1.92,1.92,2.27,2.27,0.00,0.00
Kenya,KEN,20200209,0.00,,0.00,,0.00,,0.00,,0.00,,0.00,,0.00,,1.00,0.00,,0.00,0.00,0.00,0.00,,0.00,0.00,0.00,0.00,,,,2.78,2.78,3.57,3.57,1.92,1.92,2.27,2.27,0.00,0.00
Kenya,KEN,20200210,0.00,,0.00,,0.00,,0.00,,0.00,,0.00,,0.00,,1.00,0.00,,0.00,0.00,0.00,0.00,,0.00,0.00,0.00,0.00,,,,2.78,2.78,3.57,3.57,1.92,1.92,2.27,2.27,0.00,0.00
Kenya,KEN,20200211,0.00,,0.00,,0.00,,0.00,,0.00,,0.00,,0.00,,1.00,0.00,,0.00,0.00,0.00,0.00,,0.00,0.00,0.00,0.00,,,,2.78,2.78,3.57,3.57,1.92,1.92,2.27,2.27,0.00,0.00
Kenya,KEN,20200212,0.00,,0.00,,0.00,,0.00,,0.00,,0.00,,0.00,,1.00,0.00,,0.00,0.00,0.00,0.00,,0.00,0.00,0.00,0.00,,,,2.78,2.78,3.57,3.57,1.92,1.92,2.27,2.27,0.00,0.00
Kenya,KEN,20200213,0.00,,0.00,,0.00,,0.00,,0.00,,0.00,,0.00,,1.00,0.00,,0.00,0.00,0.00,0.00,,0.00,0.00,0.00,0.00,,,,2.78,2.78,3.57,3.57,1.92,1.92,2.27,2.27,0.00,0.00
Kenya,KEN,20200214,0.00,,0.00,,0.00,,0.00,,0.00,,0.00,,0.00,,1.00,0.00,,0.00,0.00,0.00,0.00,,0.00,0.00,0.00,0.00,,,,2.78,2.78,3.57,3.57,1.92,1.92,2.27,2.27,0.00,0.00
Kenya,KEN,20200215,0.00,,0.00,,0.00,,0.00,,0.00,,0.00,,0.00,,1.00,0.00,,0.00,0.00,0.00,0.00,,0.00,0.00,0.00,0.00,,,,2.78,2.78,3.57,3.57,1.92,1.92,2.27,2.27,0.00,0.00
Kenya,KEN,20200216,0.00,,0.00,,0.00,,0.00,,0.00,,0.00,,0.00,,1.00,0.00,,0.00,0.00,0.00,0.00,,0.00,0.00,0.00,0.00,,,,2.78,2.78,3.57,3.57,1.92,1.92,2.27,2.27,0.00,0.00
Kenya,KEN,20200217,0.00,,0.00,,0.00,,0.00,,0.00,,0.00,,0.00,,1.00,0.00,,0.00,0.00,0.00,0.00,,0.00,0.00,0.00,0.00,,,,2.78,2.78,3.57,3.57,1.92,1.92,2.27,2.27,0.00,0.00
Kenya,KEN,20200218,0.00,,0.00,,0.00,,0.00,,0.00,,0.00,,0.00,,1.00,0.00,,0.00,0.00,0.00,0.00,,0.00,0.00,0.00,0.00,,,,2.78,2.78,3.57,3.57,1.92,1.92,2.27,2.27,0.00,0.00
Kenya,KEN,20200219,0.00,,0.00,,0.00,,0.00,,0.00,,0.00,,0.00,,1.00,0.00,,0.00,0.00,0.00,0.00,,0.00,0.00,0.00,0.00,,,,2.78,2.78,3.57,3.57,1.92,1.92,2.27,2.27,0.00,0.00
Kenya,KEN,20200220,0.00,,0.00,,0.00,,0.00,,0.00,,0.00,,0.00,,1.00,0.00,,0.00,0.00,0.00,0.00,,0.00,0.00,0.00,0.00,,,,2.78,2.78,3.57,3.57,1.92,1.92,2.27,2.27,0.00,0.00
Kenya,KEN,20200221,0.00,,0.00,,0.00,,0.00,,0.00,,0.00,,0.00,,1.00,0.00,,0.00,0.00,0.00,0.00,,0.00,0.00,0.00,0.00,,,,2.78,2.78,3.57,3.57,1.92,1.92,2.27,2.27,0.00,0.00
Kenya,KEN,20200222,0.00,,0.00,,0.00,,0.00,,0.00,,0.00,,0.00,,1.00,0.00,,0.00,0.00,0.00,0.00,,0.00,0.00,0.00,0.00,,,,2.78,2.78,3.57,3.57,1.92,1.92,2.27,2.27,0.00,0.00
Kenya,KEN,20200223,0.00,,0.00,,0.00,,0.00,,0.00,,0.00,,0.00,,1.00,0.00,,0.00,0.00,0.00,0.00,,0.00,0.00,0.00,0.00,,,,2.78,2.78,3.57,3.57,1.92,1.92,2.27,2.27,0.00,0.00
Kenya,KEN,20200224,0.00,,0.00,,0.00,,0.00,,0.00,,0.00,,0.00,,1.00,0.00,,0.00,0.00,0.00,0.00,,0.00,0.00,0.00,0.00,,,,2.78,2.78,3.57,3.57,1.92,1.92,2.27,2.27,0.00,0.00
Kenya,KEN,20200225,0.00,,0.00,,0.00,,0.00,,0.00,,0.00,,0.00,,1.00,0.00,,0.00,0.00,0.00,2.00,1,0.00,0.00,0.00,0.00,,,,13.89,13.89,17.86,17.86,9.62,9.62,11.36,11.36,0.00,0.00
Kenya,KEN,20200226,0.00,,0.00,,0.00,,0.00,,0.00,,0.00,,0.00,,1.00,0.00,,0.00,0.00,0.00,2.00,1,0.00,0.00,0.00,0.00,,,,13.89,13.89,17.86,17.86,9.62,9.62,11.36,11.36,0.00,0.00
Kenya,KEN,20200227,0.00,,0.00,,0.00,,0.00,,0.00,,0.00,,0.00,,1.00,0.00,,0.00,0.00,0.00,2.00,1,0.00,0.00,0.00,0.00,,,,13.89,13.89,17.86,17.86,9.62,9.62,11.36,11.36,0.00,0.00
Kenya,KEN,20200228,0.00,,0.00,,0.00,,0.00,,0.00,,0.00,,0.00,,1.00,0.00,,0.00,0.00,0.00,2.00,1,0.00,0.00,0.00,0.00,,,,13.89,13.89,17.86,17.86,9.62,9.62,11.36,11.36,0.00,0.00
Kenya,KEN,20200229,0.00,,0.00,,0.00,,0.00,,0.00,,0.00,,0.00,,1.00,0.00,,0.00,0.00,0.00,2.00,1,0.00,0.00,0.00,0.00,,,,13.89,13.89,17.86,17.86,9.62,9.62,11.36,11.36,0.00,0.00
Kenya,KEN,20200301,0.00,,0.00,,0.00,,0.00,,0.00,,0.00,,0.00,,1.00,0.00,,0.00,0.00,0.00,2.00,1,0.00,0.00,0.00,0.00,,,,13.89,13.89,17.86,17.86,9.62,9.62,11.36,11.36,0.00,0.00
Kenya,KEN,20200302,0.00,,0.00,,0.00,,0.00,,0.00,,0.00,,0.00,,1.00,0.00,,0.00,0.00,0.00,2.00,1,0.00,0.00,0.00,0.00,,,,13.89,13.89,17.86,17.86,9.62,9.62,11.36,11.36,0.00,0.00
Kenya,KEN,20200303,0.00,,0.00,,0.00,,0.00,,0.00,,0.00,,0.00,,1.00,0.00,,0.00,0.00,0.00,2.00,1,0.00,0.00,0.00,0.00,,,,13.89,13.89,17.86,17.86,9.62,9.62,11.36,11.36,0.00,0.00
Kenya,KEN,20200304,0.00,,0.00,,0.00,,0.00,,0.00,,0.00,,0.00,,1.00,0.00,,0.00,0.00,0.00,2.00,1,0.00,0.00,0.00,0.00,,,,13.89,13.89,17.86,17.86,9.62,9.62,11.36,11.36,0.00,0.00
Kenya,KEN,20200305,0.00,,0.00,,0.00,,0.00,,0.00,,0.00,,0.00,,1.00,0.00,,0.00,0.00,0.00,2.00,1,0.00,0.00,0.00,0.00,,,,13.89,13.89,17.86,17.86,9.62,9.62,11.36,11.36,0.00,0.00
Kenya,KEN,20200306,0.00,,0.00,,0.00,,0.00,,0.00,,0.00,,0.00,,1.00,0.00,,0.00,0.00,0.00,2.00,1,0.00,0.00,0.00,0.00,,,,13.89,13.89,17.86,17.86,9.62,9.62,11.36,11.36,0.00,0.00
Kenya,KEN,20200307,0.00,,0.00,,0.00,,0.00,,0.00,,0.00,,0.00,,1.00,0.00,,0.00,0.00,0.00,2.00,1,0.00,0.00,0.00,0.00,,,,13.89,13.89,17.86,17.86,9.62,9.62,11.36,11.36,0.00,0.00
Kenya,KEN,20200308,0.00,,0.00,,0.00,,0.00,,0.00,,0.00,,0.00,,1.00,0.00,,0.00,0.00,0.00,2.00,1,0.00,0.00,0.00,0.00,,,,13.89,13.89,17.86,17.86,9.62,9.62,11.36,11.36,0.00,0.00
Kenya,KEN,20200309,0.00,,0.00,,0.00,,0.00,,0.00,,0.00,,0.00,,1.00,0.00,,0.00,0.00,0.00,2.00,1,0.00,0.00,0.00,0.00,,,,13.89,13.89,17.86,17.86,9.62,9.62,11.36,11.36,0.00,0.00
Kenya,KEN,20200310,0.00,,0.00,,0.00,,0.00,,0.00,,0.00,,0.00,,1.00,0.00,,0.00,0.00,0.00,2.00,1,0.00,0.00,0.00,0.00,,,,13.89,13.89,17.86,17.86,9.62,9.62,11.36,11.36,0.00,0.00
Kenya,KEN,20200311,0.00,,0.00,,0.00,,0.00,,0.00,,0.00,,0.00,,1.00,0.00,,0.00,0.00,0.00,2.00,1,0.00,0.00,0.00,0.00,,,,13.89,13.89,17.86,17.86,9.62,9.62,11.36,11.36,0.00,0.00
Kenya,KEN,20200312,0.00,,0.00,,0.00,,0.00,,0.00,,0.00,,0.00,,1.00,0.00,,0.00,0.00,0.00,2.00,1,0.00,0.00,0.00,0.00,,,,13.89,13.89,17.86,17.86,9.62,9.62,11.36,11.36,0.00,0.00
Kenya,KEN,20200313,0.00,,0.00,,2.00,1,4.00,1,0.00,,0.00,,0.00,,1.00,0.00,,0.00,0.00,0.00,2.00,1,0.00,0.00,0.00,0.00,,,,36.11,36.11,32.14,32.14,25.00,25.00,29.55,29.55,0.00,0.00
Kenya,KEN,20200314,0.00,,0.00,,2.00,1,4.00,1,0.00,,0.00,,0.00,,1.00,0.00,,0.00,0.00,0.00,2.00,1,0.00,0.00,0.00,0.00,,1,0,36.11,36.11,32.14,32.14,25.00,25.00,29.55,29.55,0.00,0.00
Kenya,KEN,20200315,3.00,1,1.00,1,2.00,1,4.00,1,0.00,,0.00,,0.00,,1.00,0.00,,0.00,0.00,0.00,2.00,1,0.00,0.00,0.00,0.00,,1,0,50.93,50.93,53.57,53.57,35.26,35.26,41.67,41.67,0.00,0.00
Kenya,KEN,20200316,3.00,1,1.00,1,2.00,1,4.00,1,0.00,,0.00,,0.00,,3.00,0.00,,0.00,0.00,0.00,2.00,1,1.00,1.00,0.00,0.00,,3,0,56.48,56.48,60.71,60.71,45.51,45.51,53.79,53.79,0.00,0.00
Kenya,KEN,20200317,3.00,1,1.00,1,2.00,1,4.00,1,0.00,,0.00,,0.00,,3.00,0.00,,0.00,0.00,0.00,2.00,1,1.00,1.00,0.00,0.00,,3,0,56.48,56.48,60.71,60.71,45.51,45.51,53.79,53.79,0.00,0.00
Kenya,KEN,20200318,3.00,1,1.00,1,2.00,1,4.00,1,0.00,,0.00,,0.00,,3.00,0.00,,1.00,0.00,0.00,2.00,1,1.00,1.00,0.00,0.00,,4,0,56.48,56.48,60.71,60.71,49.36,49.36,53.79,53.79,25.00,25.00
Kenya,KEN,20200319,3.00,1,1.00,1,2.00,1,4.00,1,0.00,,0.00,,0.00,,3.00,0.00,,1.00,0.00,0.00,2.00,1,1.00,1.00,0.00,0.00,,7,0,56.48,56.48,60.71,60.71,49.36,49.36,53.79,53.79,25.00,25.00
Kenya,KEN,20200320,3.00,1,1.00,1,2.00,1,4.00,1,1.00,1,0.00,,0.00,,3.00,0.00,,1.00,0.00,0.00,2.00,1,1.00,1.00,0.00,0.00,,7,0,62.04,62.04,70.24,70.24,53.21,53.21,58.33,58.33,25.00,25.00
Kenya,KEN,20200321,3.00,1,1.00,1,2.00,1,4.00,1,1.00,1,0.00,,0.00,,3.00,0.00,,1.00,0.00,0.00,2.00,1,1.00,1.00,0.00,0.00,,7,0,62.04,62.04,70.24,70.24,53.21,53.21,58.33,58.33,25.00,25.00
Kenya,KEN,20200322,3.00,1,1.00,1,2.00,1,4.00,1,1.00,1,0.00,,0.00,,3.00,0.00,,1.00,0.00,0.00,2.00,1,1.00,1.00,0.00,0.00,,7,0,62.04,62.04,70.24,70.24,53.21,53.21,58.33,58.33,25.00,25.00
Kenya,KEN,20200323,3.00,1,1.00,1,2.00,1,4.00,1,1.00,1,0.00,,0.00,,3.00,0.00,,1.00,0.00,0.00,2.00,1,1.00,1.00,0.00,0.00,,15,0,62.04,62.04,70.24,70.24,53.21,53.21,58.33,58.33,25.00,25.00
Kenya,KEN,20200324,3.00,1,2.00,1,2.00,1,4.00,1,1.00,1,0.00,,0.00,,3.00,0.00,,1.00,0.00,0.00,2.00,1,1.00,1.00,0.00,0.00,,16,0,65.74,65.74,73.81,73.81,55.77,55.77,61.36,61.36,25.00,25.00
Kenya,KEN,20200325,3.00,1,2.00,1,2.00,1,4.00,1,1.00,1,0.00,,0.00,,4.00,1.00,1,1.00,0.00,0.00,2.00,1,1.00,1.00,0.00,0.00,,25,0,68.52,68.52,77.38,77.38,61.54,61.54,63.64,63.64,50.00,50.00
Kenya,KEN,20200326,3.00,1,2.00,1,2.00,1,4.00,1,1.00,1,0.00,,0.00,,4.00,1.00,1,1.00,0.00,0.00,2.00,1,1.00,1.00,0.00,0.00,,25,0,68.52,68.52,77.38,77.38,61.54,61.54,63.64,63.64,50.00,50.00
Kenya,KEN,20200327,3.00,1,2.00,1,2.00,1,4.00,1,1.00,1,2.00,1,2.00,1,4.00,1.00,1,1.00,0.00,0.00,2.00,1,1.00,1.00,0.00,0.00,,31,1,87.04,87.04,91.67,91.67,74.36,74.36,78.79,78.79,50.00,50.00
Kenya,KEN,20200328,3.00,1,2.00,1,2.00,1,4.00,1,1.00,1,2.00,1,2.00,1,4.00,1.00,1,1.00,0.00,0.00,2.00,1,1.00,1.00,0.00,0.00,,31,1,87.04,87.04,91.67,91.67,74.36,74.36,78.79,78.79,50.00,50.00
Kenya,KEN,20200329,3.00,1,2.00,1,2.00,1,4.00,1,1.00,1,2.00,1,2.00,1,4.00,1.00,1,1.00,0.00,0.00,2.00,1,1.00,1.00,0.00,0.00,,38,1,87.04,87.04,91.67,91.67,74.36,74.36,78.79,78.79,50.00,50.00
Kenya,KEN,20200330,3.00,1,2.00,1,2.00,1,4.00,1,1.00,1,2.00,1,2.00,1,4.00,1.00,1,1.00,0.00,0.00,2.00,1,1.00,1.00,0.00,0.00,,42,1,87.04,87.04,91.67,91.67,74.36,74.36,78.79,78.79,50.00,50.00
Kenya,KEN,20200331,3.00,1,2.00,1,2.00,1,4.00,1,1.00,1,2.00,1,2.00,1,4.00,1.00,1,1.00,0.00,0.00,2.00,1,1.00,1.00,0.00,0.00,,50,1,87.04,87.04,91.67,91.67,74.36,74.36,78.79,78.79,50.00,50.00
Kenya,KEN,20200401,3.00,1,2.00,1,2.00,1,4.00,1,1.00,1,2.00,1,2.00,1,4.00,1.00,1,1.00,0.00,0.00,2.00,1,1.00,1.00,0.00,0.00,,59,1,87.04,87.04,91.67,91.67,74.36,74.36,78.79,78.79,50.00,50.00
Kenya,KEN,20200402,3.00,1,2.00,1,2.00,1,4.00,1,1.00,1,2.00,1,2.00,1,4.00,1.00,1,1.00,0.00,0.00,2.00,1,1.00,1.00,0.00,0.00,,81,1,87.04,87.04,91.67,91.67,74.36,74.36,78.79,78.79,50.00,50.00
Kenya,KEN,20200403,3.00,1,2.00,1,2.00,1,4.00,1,1.00,1,2.00,1,2.00,1,4.00,1.00,1,1.00,0.00,0.00,2.00,1,1.00,1.00,0.00,0.00,,110,3,87.04,87.04,91.67,91.67,74.36,74.36,78.79,78.79,50.00,50.00
Kenya,KEN,20200404,3.00,1,2.00,1,2.00,1,4.00,1,1.00,1,2.00,1,2.00,1,4.00,1.00,1,1.00,0.00,0.00,2.00,1,1.00,1.00,0.00,0.00,,122,4,87.04,87.04,91.67,91.67,74.36,74.36,78.79,78.79,50.00,50.00
Kenya,KEN,20200405,3.00,1,2.00,1,2.00,1,4.00,1,1.00,1,2.00,1,2.00,1,4.00,1.00,1,1.00,0.00,0.00,2.00,1,1.00,1.00,0.00,0.00,,126,4,87.04,87.04,91.67,91.67,74.36,74.36,78.79,78.79,50.00,50.00
Kenya,KEN,20200406,3.00,1,2.00,1,2.00,1,4.00,1,2.00,0,3.00,0,2.00,1,4.00,1.00,1,1.00,18780000.00,0.00,2.00,1,1.00,1.00,0.00,0.00,,142,4,91.67,91.67,91.67,91.67,77.56,77.56,82.58,82.58,50.00,50.00
Kenya,KEN,20200407,3.00,1,2.00,1,2.00,1,4.00,1,2.00,0,3.00,0,2.00,1,4.00,1.00,1,1.00,0.00,0.00,2.00,1,1.00,1.00,0.00,0.00,,158,4,91.67,91.67,91.67,91.67,77.56,77.56,82.58,82.58,50.00,50.00
Kenya,KEN,20200408,3.00,1,2.00,1,2.00,1,4.00,1,2.00,0,3.00,0,2.00,1,4.00,1.00,1,1.00,0.00,0.00,2.00,1,1.00,1.00,0.00,0.00,,172,6,91.67,91.67,91.67,91.67,77.56,77.56,82.58,82.58,50.00,50.00
Kenya,KEN,20200409,3.00,1,2.00,1,2.00,1,4.00,1,2.00,0,3.00,0,2.00,1,4.00,1.00,1,1.00,0.00,0.00,2.00,1,1.00,1.00,0.00,0.00,,179,6,91.67,91.67,91.67,91.67,77.56,77.56,82.58,82.58,50.00,50.00
Kenya,KEN,20200410,3.00,1,2.00,1,2.00,1,4.00,1,2.00,0,3.00,0,2.00,1,4.00,1.00,1,1.00,0.00,0.00,2.00,1,1.00,1.00,0.00,0.00,,184,7,91.67,91.67,91.67,91.67,77.56,77.56,82.58,82.58,50.00,50.00
Kenya,KEN,20200411,3.00,1,2.00,1,2.00,1,4.00,1,2.00,0,3.00,0,2.00,1,4.00,1.00,1,1.00,0.00,0.00,2.00,1,1.00,1.00,0.00,0.00,,189,7,91.67,91.67,91.67,91.67,77.56,77.56,82.58,82.58,50.00,50.00
Kenya,KEN,20200412,3.00,1,2.00,1,2.00,1,4.00,1,2.00,0,3.00,0,2.00,1,4.00,1.00,1,1.00,0.00,0.00,2.00,1,1.00,1.00,0.00,0.00,,191,7,91.67,91.67,91.67,91.67,77.56,77.56,82.58,82.58,50.00,50.00
Kenya,KEN,20200413,3.00,1,2.00,1,2.00,1,4.00,1,2.00,0,3.00,0,2.00,1,4.00,1.00,1,1.00,0.00,0.00,2.00,1,1.00,1.00,0.00,0.00,,197,8,91.67,91.67,91.67,91.67,77.56,77.56,82.58,82.58,50.00,50.00
Kenya,KEN,20200414,3.00,1,2.00,1,2.00,1,4.00,1,2.00,0,3.00,0,2.00,1,4.00,1.00,1,1.00,0.00,0.00,2.00,1,1.00,1.00,0.00,0.00,,208,9,91.67,91.67,91.67,91.67,77.56,77.56,82.58,82.58,50.00,50.00
Kenya,KEN,20200415,3.00,1,2.00,1,2.00,1,4.00,1,2.00,0,3.00,0,2.00,1,4.00,1.00,1,1.00,0.00,0.00,2.00,1,1.00,1.00,0.00,0.00,,216,9,91.67,91.67,91.67,91.67,77.56,77.56,82.58,82.58,50.00,50.00
Kenya,KEN,20200416,3.00,1,2.00,1,2.00,1,4.00,1,2.00,0,3.00,0,2.00,1,4.00,1.00,1,1.00,0.00,0.00,2.00,1,1.00,1.00,0.00,0.00,,225,10,91.67,91.67,91.67,91.67,77.56,77.56,82.58,82.58,50.00,50.00
Kenya,KEN,20200417,3.00,1,2.00,1,2.00,1,4.00,1,2.00,0,3.00,0,2.00,1,4.00,1.00,1,1.00,0.00,0.00,2.00,1,1.00,1.00,0.00,0.00,,234,11,91.67,91.67,91.67,91.67,77.56,77.56,82.58,82.58,50.00,50.00
Kenya,KEN,20200418,3.00,1,2.00,1,2.00,1,4.00,1,2.00,0,3.00,0,2.00,1,4.00,1.00,1,1.00,0.00,0.00,2.00,1,1.00,1.00,0.00,0.00,,246,11,91.67,91.67,91.67,91.67,77.56,77.56,82.58,82.58,50.00,50.00
Kenya,KEN,20200419,3.00,1,2.00,1,2.00,1,4.00,1,2.00,0,3.00,0,2.00,1,4.00,1.00,1,1.00,0.00,0.00,2.00,1,1.00,1.00,0.00,0.00,,262,12,91.67,91.67,91.67,91.67,77.56,77.56,82.58,82.58,50.00,50.00
Kenya,KEN,20200420,3.00,1,2.00,1,2.00,1,4.00,1,2.00,0,3.00,0,2.00,1,4.00,1.00,1,1.00,0.00,0.00,2.00,1,1.00,1.00,0.00,0.00,,270,14,91.67,91.67,91.67,91.67,77.56,77.56,82.58,82.58,50.00,50.00
Kenya,KEN,20200421,3.00,1,2.00,1,2.00,1,4.00,1,2.00,0,3.00,0,2.00,1,4.00,1.00,1,1.00,0.00,0.00,2.00,1,1.00,1.00,0.00,0.00,,281,14,91.67,91.67,91.67,91.67,77.56,77.56,82.58,82.58,50.00,50.00
Kenya,KEN,20200422,3.00,1,2.00,1,2.00,1,4.00,1,2.00,0,3.00,0,2.00,1,4.00,1.00,1,1.00,0.00,0.00,2.00,1,1.00,1.00,0.00,0.00,,281,14,91.67,91.67,91.67,91.67,77.56,77.56,82.58,82.58,50.00,50.00
Kenya,KEN,20200423,3.00,1,2.00,1,2.00,1,4.00,1,2.00,0,3.00,0,2.00,1,4.00,1.00,1,1.00,0.00,0.00,2.00,1,1.00,1.00,0.00,0.00,,303,14,91.67,91.67,91.67,91.67,77.56,77.56,82.58,82.58,50.00,50.00
Kenya,KEN,20200424,3.00,1,2.00,1,2.00,1,4.00,1,2.00,0,3.00,0,2.00,1,4.00,1.00,1,1.00,0.00,0.00,2.00,1,1.00,1.00,0.00,0.00,,320,14,91.67,91.67,91.67,91.67,77.56,77.56,82.58,82.58,50.00,50.00
Kenya,KEN,20200425,3.00,1,2.00,1,2.00,1,4.00,1,2.00,0,3.00,0,2.00,1,4.00,1.00,1,1.00,0.00,0.00,2.00,1,1.00,1.00,0.00,0.00,,336,14,91.67,91.67,91.67,91.67,77.56,77.56,82.58,82.58,50.00,50.00
Kenya,KEN,20200426,3.00,1,2.00,1,2.00,1,4.00,1,2.00,0,3.00,0,2.00,1,4.00,1.00,1,1.00,0.00,0.00,2.00,1,1.00,1.00,0.00,0.00,,343,14,91.67,91.67,91.67,91.67,77.56,77.56,82.58,82.58,50.00,50.00
Kenya,KEN,20200427,3.00,1,2.00,1,2.00,1,4.00,1,2.00,0,3.00,0,2.00,1,4.00,1.00,1,1.00,0.00,0.00,2.00,1,1.00,1.00,0.00,0.00,,355,14,91.67,91.67,91.67,91.67,77.56,77.56,82.58,82.58,50.00,50.00
Kenya,KEN,20200428,3.00,1,2.00,1,2.00,1,4.00,1,2.00,0,3.00,0,2.00,1,4.00,1.00,1,1.00,0.00,0.00,2.00,1,1.00,1.00,0.00,0.00,,363,14,91.67,91.67,91.67,91.67,77.56,77.56,82.58,82.58,50.00,50.00
Kenya,KEN,20200429,3.00,1,2.00,1,2.00,1,4.00,1,2.00,0,3.00,0,2.00,1,4.00,1.00,1,1.00,0.00,0.00,2.00,1,1.00,1.00,0.00,0.00,,374,14,91.67,91.67,91.67,91.67,77.56,77.56,82.58,82.58,50.00,50.00
Kenya,KEN,20200430,3.00,1,2.00,1,2.00,1,4.00,1,2.00,0,3.00,0,2.00,1,4.00,1.00,1,1.00,0.00,0.00,2.00,1,1.00,1.00,0.00,0.00,,384,15,91.67,91.67,91.67,91.67,77.56,77.56,82.58,82.58,50.00,50.00
Kenya,KEN,20200501,3.00,1,2.00,1,2.00,1,4.00,1,2.00,0,3.00,0,2.00,1,4.00,1.00,1,1.00,0.00,0.00,2.00,1,1.00,1.00,0.00,0.00,,396,17,91.67,91.67,91.67,91.67,77.56,77.56,82.58,82.58,50.00,50.00
Kenya,KEN,20200502,3.00,1,2.00,1,2.00,1,4.00,1,2.00,0,3.00,0,2.00,1,4.00,1.00,1,1.00,0.00,0.00,2.00,1,1.00,1.00,0.00,0.00,,411,21,91.67,91.67,91.67,91.67,77.56,77.56,82.58,82.58,50.00,50.00
Kenya,KEN,20200503,3.00,1,2.00,1,2.00,1,4.00,1,2.00,0,3.00,0,2.00,1,4.00,1.00,1,1.00,0.00,0.00,2.00,1,1.00,1.00,0.00,0.00,,435,22,91.67,91.67,91.67,91.67,77.56,77.56,82.58,82.58,50.00,50.00
Kenya,KEN,20200504,3.00,1,2.00,1,2.00,1,4.00,1,2.00,0,3.00,1,2.00,1,4.00,1.00,1,1.00,0.00,0.00,2.00,1,1.00,1.00,0.00,0.00,,465,24,93.52,93.52,91.67,91.67,78.85,78.85,84.09,84.09,50.00,50.00
Kenya,KEN,20200505,3.00,1,2.00,1,2.00,1,4.00,1,2.00,0,3.00,1,2.00,1,4.00,1.00,1,1.00,0.00,0.00,2.00,1,1.00,1.00,0.00,0.00,,490,24,93.52,93.52,91.67,91.67,78.85,78.85,84.09,84.09,50.00,50.00
Kenya,KEN,20200506,3.00,1,2.00,1,2.00,1,4.00,1,2.00,0,3.00,1,2.00,1,4.00,1.00,1,1.00,0.00,0.00,2.00,1,1.00,1.00,0.00,0.00,,535,24,93.52,93.52,91.67,91.67,78.85,78.85,84.09,84.09,50.00,50.00
Kenya,KEN,20200507,3.00,1,2.00,1,2.00,1,4.00,1,2.00,0,3.00,1,2.00,1,4.00,1.00,1,1.00,0.00,0.00,2.00,1,1.00,1.00,0.00,0.00,,582,26,93.52,93.52,91.67,91.67,78.85,78.85,84.09,84.09,50.00,50.00
Kenya,KEN,20200508,3.00,1,2.00,1,2.00,1,4.00,1,2.00,0,3.00,1,2.00,1,4.00,1.00,1,1.00,0.00,0.00,2.00,1,1.00,1.00,0.00,0.00,,607,29,93.52,93.52,91.67,91.67,78.85,78.85,84.09,84.09,50.00,50.00
Kenya,KEN,20200509,3.00,1,2.00,1,2.00,1,4.00,1,2.00,0,3.00,1,2.00,1,4.00,1.00,1,1.00,0.00,0.00,2.00,1,1.00,1.00,0.00,0.00,,621,29,93.52,93.52,91.67,91.67,78.85,78.85,84.09,84.09,50.00,50.00
Kenya,KEN,20200510,3.00,1,2.00,1,2.00,1,4.00,1,2.00,0,3.00,1,2.00,1,4.00,1.00,1,1.00,0.00,0.00,2.00,1,1.00,1.00,0.00,0.00,,649,30,93.52,93.52,91.67,91.67,78.85,78.85,84.09,84.09,50.00,50.00
Kenya,KEN,20200511,3.00,1,2.00,1,2.00,1,4.00,1,2.00,0,3.00,1,2.00,1,4.00,1.00,1,1.00,0.00,0.00,2.00,1,1.00,1.00,0.00,0.00,,672,32,93.52,93.52,91.67,91.67,78.85,78.85,84.09,84.09,50.00,50.00
Kenya,KEN,20200512,3.00,1,2.00,1,2.00,1,4.00,1,2.00,0,3.00,1,2.00,1,4.00,1.00,1,1.00,0.00,0.00,2.00,1,1.00,1.00,0.00,0.00,,700,33,93.52,93.52,91.67,91.67,78.85,78.85,84.09,84.09,50.00,50.00
Kenya,KEN,20200513,3.00,1,2.00,1,2.00,1,4.00,1,2.00,0,3.00,1,2.00,1,4.00,1.00,1,1.00,0.00,0.00,2.00,1,1.00,1.00,0.00,0.00,,715,36,93.52,93.52,91.67,91.67,78.85,78.85,84.09,84.09,50.00,50.00
Kenya,KEN,20200514,3.00,1,2.00,1,2.00,1,4.00,1,2.00,0,3.00,1,2.00,1,4.00,1.00,1,1.00,0.00,0.00,2.00,1,1.00,1.00,0.00,0.00,,737,40,93.52,93.52,91.67,91.67,78.85,78.85,84.09,84.09,50.00,50.00
Kenya,KEN,20200515,3.00,1,2.00,1,2.00,1,4.00,1,2.00,0,3.00,1,2.00,1,4.00,1.00,1,1.00,0.00,0.00,2.00,1,1.00,1.00,0.00,0.00,,758,42,93.52,93.52,91.67,91.67,78.85,78.85,84.09,84.09,50.00,50.00
Kenya,KEN,20200516,3.00,1,2.00,1,2.00,1,4.00,1,2.00,0,3.00,1,2.00,1,4.00,1.00,1,1.00,0.00,0.00,2.00,1,1.00,1.00,0.00,0.00,,781,45,93.52,93.52,91.67,91.67,78.85,78.85,84.09,84.09,50.00,50.00
Kenya,KEN,20200517,3.00,1,2.00,1,2.00,1,4.00,1,2.00,0,3.00,1,2.00,1,4.00,1.00,1,1.00,0.00,0.00,2.00,1,1.00,1.00,0.00,0.00,,830,50,93.52,93.52,91.67,91.67,78.85,78.85,84.09,84.09,50.00,50.00
Kenya,KEN,20200518,3.00,1,2.00,1,2.00,1,4.00,1,2.00,0,3.00,1,2.00,1,4.00,1.00,1,1.00,0.00,0.00,2.00,1,1.00,1.00,0.00,0.00,,887,50,93.52,93.52,91.67,91.67,78.85,78.85,84.09,84.09,50.00,50.00
Kenya,KEN,20200519,3.00,1,2.00,1,2.00,1,4.00,1,2.00,0,3.00,1,2.00,1,4.00,1.00,1,1.00,0.00,0.00,2.00,1,1.00,1.00,0.00,0.00,,912,50,93.52,93.52,91.67,91.67,78.85,78.85,84.09,84.09,50.00,50.00
Kenya,KEN,20200520,3.00,1,2.00,1,2.00,1,4.00,1,2.00,0,3.00,1,2.00,1,4.00,1.00,1,1.00,0.00,0.00,2.00,1,1.00,1.00,0.00,0.00,,963,50,93.52,93.52,91.67,91.67,78.85,78.85,84.09,84.09,50.00,50.00
Kenya,KEN,20200521,3.00,1,2.00,1,2.00,1,4.00,1,2.00,0,3.00,1,2.00,1,4.00,1.00,1,1.00,0.00,0.00,2.00,1,1.00,1.00,0.00,0.00,,1029,50,93.52,93.52,91.67,91.67,78.85,78.85,84.09,84.09,50.00,50.00
Kenya,KEN,20200522,3.00,1,2.00,1,2.00,1,4.00,1,2.00,0,3.00,1,2.00,1,4.00,1.00,1,1.00,0.00,0.00,2.00,1,1.00,1.00,0.00,0.00,,1109,50,93.52,93.52,91.67,91.67,78.85,78.85,84.09,84.09,50.00,50.00
Kenya,KEN,20200523,3.00,1,2.00,1,2.00,1,4.00,1,2.00,0,3.00,1,2.00,1,4.00,1.00,1,1.00,0.00,0.00,2.00,1,1.00,1.00,0.00,0.00,,1161,50,93.52,93.52,91.67,91.67,78.85,78.85,84.09,84.09,50.00,50.00
Kenya,KEN,20200524,3.00,1,2.00,1,2.00,1,4.00,1,2.00,0,3.00,1,2.00,1,4.00,1.00,1,1.00,0.00,0.00,2.00,1,1.00,1.00,0.00,0.00,,1192,50,93.52,93.52,91.67,91.67,78.85,78.85,84.09,84.09,50.00,50.00
Kenya,KEN,20200525,3.00,1,2.00,1,2.00,1,4.00,1,2.00,0,3.00,1,2.00,1,4.00,1.00,1,1.00,0.00,0.00,2.00,1,1.00,1.00,0.00,0.00,,1214,51,93.52,93.52,91.67,91.67,78.85,78.85,84.09,84.09,50.00,50.00
Kenya,KEN,20200526,3.00,1,2.00,1,2.00,1,4.00,1,2.00,0,3.00,1,2.00,1,4.00,1.00,1,1.00,0.00,0.00,2.00,1,1.00,1.00,0.00,0.00,,1286,52,93.52,93.52,91.67,91.67,78.85,78.85,84.09,84.09,50.00,50.00
Kenya,KEN,20200527,3.00,1,2.00,1,2.00,1,4.00,1,2.00,0,3.00,1,2.00,1,4.00,1.00,1,1.00,0.00,0.00,2.00,1,1.00,1.00,0.00,0.00,,1348,52,93.52,93.52,91.67,91.67,78.85,78.85,84.09,84.09,50.00,50.00
Kenya,KEN,20200528,3.00,1,2.00,1,2.00,1,4.00,1,2.00,0,3.00,1,2.00,1,4.00,1.00,1,1.00,0.00,0.00,2.00,1,1.00,1.00,0.00,0.00,,1471,55,93.52,93.52,91.67,91.67,78.85,78.85,84.09,84.09,50.00,50.00
Kenya,KEN,20200529,3.00,1,2.00,1,2.00,1,4.00,1,2.00,0,3.00,1,2.00,1,4.00,1.00,1,1.00,0.00,0.00,2.00,1,1.00,1.00,0.00,0.00,,1618,58,93.52,93.52,91.67,91.67,78.85,78.85,84.09,84.09,50.00,50.00
Kenya,KEN,20200530,3.00,1,2.00,1,2.00,1,4.00,1,2.00,0,3.00,1,2.00,1,4.00,1.00,1,1.00,0.00,0.00,2.00,1,1.00,1.00,0.00,0.00,,1745,62,93.52,93.52,91.67,91.67,78.85,78.85,84.09,84.09,50.00,50.00
Kenya,KEN,20200531,3.00,1,2.00,1,2.00,1,4.00,1,2.00,0,3.00,1,2.00,1,4.00,1.00,1,1.00,0.00,0.00,2.00,1,1.00,1.00,0.00,0.00,,1888,63,93.52,93.52,91.67,91.67,78.85,78.85,84.09,84.09,50.00,50.00
Kenya,KEN,20200601,3.00,1,2.00,1,2.00,1,4.00,1,2.00,0,3.00,1,2.00,1,4.00,1.00,1,1.00,0.00,0.00,2.00,1,1.00,1.00,0.00,0.00,,1962,64,93.52,93.52,91.67,91.67,78.85,78.85,84.09,84.09,50.00,50.00
Kenya,KEN,20200602,3.00,1,2.00,1,2.00,1,4.00,1,2.00,0,3.00,1,2.00,1,4.00,1.00,1,1.00,0.00,0.00,2.00,1,1.00,1.00,0.00,0.00,,2021,69,93.52,93.52,91.67,91.67,78.85,78.85,84.09,84.09,50.00,50.00
Kenya,KEN,20200603,3.00,1,2.00,1,2.00,1,4.00,1,2.00,0,3.00,1,2.00,1,4.00,1.00,1,1.00,0.00,0.00,2.00,1,1.00,1.00,0.00,0.00,,2093,71,93.52,93.52,91.67,91.67,78.85,78.85,84.09,84.09,50.00,50.00
Kenya,KEN,20200604,3.00,1,2.00,1,2.00,1,4.00,1,2.00,0,3.00,1,2.00,1,4.00,1.00,1,1.00,0.00,0.00,2.00,1,1.00,1.00,0.00,0.00,,2216,74,93.52,93.52,91.67,91.67,78.85,78.85,84.09,84.09,50.00,50.00
Kenya,KEN,20200605,3.00,1,2.00,1,2.00,1,4.00,1,2.00,0,3.00,1,2.00,1,4.00,1.00,1,1.00,0.00,0.00,2.00,1,1.00,1.00,0.00,0.00,,2340,78,93.52,93.52,91.67,91.67,78.85,78.85,84.09,84.09,50.00,50.00
Kenya,KEN,20200606,3.00,1,2.00,1,2.00,1,4.00,1,2.00,0,3.00,1,2.00,1,4.00,1.00,1,1.00,0.00,0.00,2.00,1,1.00,1.00,0.00,0.00,,2474,79,93.52,93.52,91.67,91.67,78.85,78.85,84.09,84.09,50.00,50.00
Kenya,KEN,20200607,3.00,1,2.00,1,2.00,1,4.00,1,2.00,0,3.00,1,2.00,1,4.00,1.00,1,1.00,0.00,0.00,2.00,1,1.00,1.00,0.00,0.00,,2600,83,93.52,93.52,91.67,91.67,78.85,78.85,84.09,84.09,50.00,50.00
Kenya,KEN,20200608,3.00,1,2.00,1,2.00,1,4.00,1,2.00,0,3.00,1,2.00,1,4.00,1.00,1,1.00,0.00,0.00,2.00,1,1.00,1.00,0.00,0.00,,2767,84,93.52,93.52,91.67,91.67,78.85,78.85,84.09,84.09,50.00,50.00
Kenya,KEN,20200609,3.00,1,2.00,1,2.00,1,4.00,1,2.00,0,3.00,1,2.00,1,4.00,1.00,1,1.00,0.00,0.00,2.00,1,1.00,1.00,0.00,0.00,,2862,85,93.52,93.52,91.67,91.67,78.85,78.85,84.09,84.09,50.00,50.00
Kenya,KEN,20200610,3.00,1,2.00,1,2.00,1,4.00,1,2.00,0,3.00,1,2.00,1,4.00,1.00,1,1.00,0.00,0.00,2.00,1,1.00,1.00,0.00,0.00,,2989,88,93.52,93.52,91.67,91.67,78.85,78.85,84.09,84.09,50.00,50.00
Kenya,KEN,20200611,3.00,1,2.00,1,2.00,1,4.00,1,2.00,0,3.00,1,2.00,1,4.00,1.00,1,1.00,0.00,0.00,2.00,1,1.00,1.00,0.00,0.00,,3094,89,93.52,93.52,91.67,91.67,78.85,78.85,84.09,84.09,50.00,50.00
Kenya,KEN,20200612,3.00,1,2.00,1,2.00,1,4.00,1,2.00,0,3.00,1,2.00,1,4.00,1.00,1,1.00,0.00,0.00,2.00,1,1.00,1.00,0.00,0.00,,3215,92,93.52,93.52,91.67,91.67,78.85,78.85,84.09,84.09,50.00,50.00
Kenya,KEN,20200613,3.00,1,2.00,1,2.00,1,4.00,1,2.00,0,3.00,1,2.00,1,4.00,1.00,1,1.00,0.00,0.00,2.00,1,1.00,1.00,0.00,0.00,,3305,96,93.52,93.52,91.67,91.67,78.85,78.85,84.09,84.09,50.00,50.00
Kenya,KEN,20200614,3.00,1,2.00,1,2.00,1,4.00,1,2.00,0,3.00,1,2.00,1,4.00,1.00,1,1.00,0.00,0.00,2.00,1,1.00,1.00,0.00,0.00,,3457,100,93.52,93.52,91.67,91.67,78.85,78.85,84.09,84.09,50.00,50.00
Kenya,KEN,20200615,3.00,1,2.00,1,2.00,1,4.00,1,2.00,0,3.00,1,2.00,1,4.00,1.00,1,1.00,0.00,0.00,2.00,1,1.00,1.00,0.00,0.00,,3594,103,93.52,93.52,91.67,91.67,78.85,78.85,84.09,84.09,50.00,50.00
Kenya,KEN,20200616,3.00,1,2.00,1,2.00,1,4.00,1,2.00,0,3.00,1,2.00,1,4.00,1.00,1,1.00,0.00,0.00,2.00,1,1.00,1.00,0.00,0.00,,3727,104,93.52,93.52,91.67,91.67,78.85,78.85,84.09,84.09,50.00,50.00
Kenya,KEN,20200617,3.00,1,2.00,1,2.00,1,4.00,1,2.00,0,3.00,1,2.00,1,4.00,1.00,1,1.00,0.00,0.00,2.00,1,1.00,1.00,0.00,0.00,,3860,105,93.52,93.52,91.67,91.67,78.85,78.85,84.09,84.09,50.00,50.00
Kenya,KEN,20200618,3.00,1,2.00,1,2.00,1,4.00,1,2.00,0,3.00,1,2.00,1,4.00,1.00,1,1.00,0.00,0.00,2.00,1,1.00,1.00,0.00,0.00,,4044,107,93.52,93.52,91.67,91.67,78.85,78.85,84.09,84.09,50.00,50.00
Kenya,KEN,20200619,3.00,1,2.00,1,2.00,1,4.00,1,2.00,0,3.00,1,2.00,1,4.00,1.00,1,1.00,0.00,0.00,2.00,1,1.00,1.00,0.00,0.00,,4257,117,93.52,93.52,91.67,91.67,78.85,78.85,84.09,84.09,50.00,50.00
Kenya,KEN,20200620,3.00,1,2.00,1,2.00,1,4.00,1,2.00,0,3.00,1,2.00,1,4.00,1.00,1,1.00,0.00,0.00,2.00,1,1.00,1.00,0.00,0.00,,4374,119,93.52,93.52,91.67,91.67,78.85,78.85,84.09,84.09,50.00,50.00
Kenya,KEN,20200621,3.00,1,2.00,1,2.00,1,4.00,1,2.00,0,3.00,1,2.00,1,4.00,1.00,1,1.00,0.00,0.00,2.00,1,1.00,1.00,0.00,0.00,,4478,121,93.52,93.52,91.67,91.67,78.85,78.85,84.09,84.09,50.00,50.00
Kenya,KEN,20200622,3.00,1,2.00,1,2.00,1,4.00,1,2.00,0,3.00,1,2.00,1,4.00,1.00,1,1.00,0.00,0.00,2.00,1,1.00,1.00,0.00,0.00,,4738,123,93.52,93.52,91.67,91.67,78.85,78.85,84.09,84.09,50.00,50.00
Kenya,KEN,20200623,,,,,,,,,,,,,,,,,,,,,,,,,,,,4797,125,,93.52,,91.67,,78.85,,84.09,,50.00
