Kyrgyz Republic,KGZ,20200101,0.00,,0.00,,0.00,,0.00,,0.00,,0.00,,0.00,,0.00,0.00,,0.00,0.00,0.00,0.00,,0.00,0.00,0.00,0.00,,,,0.00,0.00,0.00,0.00,0.00,0.00,0.00,0.00,0.00,0.00
Kyrgyz Republic,KGZ,20200102,0.00,,0.00,,0.00,,0.00,,0.00,,0.00,,0.00,,0.00,0.00,,0.00,0.00,0.00,0.00,,0.00,0.00,0.00,0.00,,,,0.00,0.00,0.00,0.00,0.00,0.00,0.00,0.00,0.00,0.00
Kyrgyz Republic,KGZ,20200103,0.00,,0.00,,0.00,,0.00,,0.00,,0.00,,0.00,,0.00,0.00,,0.00,0.00,0.00,0.00,,0.00,0.00,0.00,0.00,,,,0.00,0.00,0.00,0.00,0.00,0.00,0.00,0.00,0.00,0.00
Kyrgyz Republic,KGZ,20200104,0.00,,0.00,,0.00,,0.00,,0.00,,0.00,,0.00,,0.00,0.00,,0.00,0.00,0.00,0.00,,0.00,0.00,0.00,0.00,,,,0.00,0.00,0.00,0.00,0.00,0.00,0.00,0.00,0.00,0.00
Kyrgyz Republic,KGZ,20200105,0.00,,0.00,,0.00,,0.00,,0.00,,0.00,,0.00,,0.00,0.00,,0.00,0.00,0.00,0.00,,0.00,0.00,0.00,0.00,,,,0.00,0.00,0.00,0.00,0.00,0.00,0.00,0.00,0.00,0.00
Kyrgyz Republic,KGZ,20200106,0.00,,0.00,,0.00,,0.00,,0.00,,0.00,,0.00,,0.00,0.00,,0.00,0.00,0.00,0.00,,0.00,0.00,0.00,0.00,,,,0.00,0.00,0.00,0.00,0.00,0.00,0.00,0.00,0.00,0.00
Kyrgyz Republic,KGZ,20200107,0.00,,0.00,,0.00,,0.00,,0.00,,0.00,,0.00,,0.00,0.00,,0.00,0.00,0.00,0.00,,0.00,0.00,0.00,0.00,,,,0.00,0.00,0.00,0.00,0.00,0.00,0.00,0.00,0.00,0.00
Kyrgyz Republic,KGZ,20200108,0.00,,0.00,,0.00,,0.00,,0.00,,0.00,,0.00,,0.00,0.00,,0.00,0.00,0.00,0.00,,0.00,0.00,0.00,0.00,,,,0.00,0.00,0.00,0.00,0.00,0.00,0.00,0.00,0.00,0.00
Kyrgyz Republic,KGZ,20200109,0.00,,0.00,,0.00,,0.00,,0.00,,0.00,,0.00,,0.00,0.00,,0.00,0.00,0.00,0.00,,0.00,0.00,0.00,0.00,,,,0.00,0.00,0.00,0.00,0.00,0.00,0.00,0.00,0.00,0.00
Kyrgyz Republic,KGZ,20200110,0.00,,0.00,,0.00,,0.00,,0.00,,0.00,,0.00,,0.00,0.00,,0.00,0.00,0.00,0.00,,0.00,0.00,0.00,0.00,,,,0.00,0.00,0.00,0.00,0.00,0.00,0.00,0.00,0.00,0.00
Kyrgyz Republic,KGZ,20200111,0.00,,0.00,,0.00,,0.00,,0.00,,0.00,,0.00,,0.00,0.00,,0.00,0.00,0.00,0.00,,0.00,0.00,0.00,0.00,,,,0.00,0.00,0.00,0.00,0.00,0.00,0.00,0.00,0.00,0.00
Kyrgyz Republic,KGZ,20200112,0.00,,0.00,,0.00,,0.00,,0.00,,0.00,,0.00,,0.00,0.00,,0.00,0.00,0.00,0.00,,0.00,0.00,0.00,0.00,,,,0.00,0.00,0.00,0.00,0.00,0.00,0.00,0.00,0.00,0.00
Kyrgyz Republic,KGZ,20200113,0.00,,0.00,,0.00,,0.00,,0.00,,0.00,,0.00,,0.00,0.00,,0.00,0.00,0.00,0.00,,0.00,0.00,0.00,0.00,,,,0.00,0.00,0.00,0.00,0.00,0.00,0.00,0.00,0.00,0.00
Kyrgyz Republic,KGZ,20200114,0.00,,0.00,,0.00,,0.00,,0.00,,0.00,,0.00,,0.00,0.00,,0.00,0.00,0.00,0.00,,0.00,0.00,0.00,0.00,,,,0.00,0.00,0.00,0.00,0.00,0.00,0.00,0.00,0.00,0.00
Kyrgyz Republic,KGZ,20200115,0.00,,0.00,,0.00,,0.00,,0.00,,0.00,,0.00,,0.00,0.00,,0.00,0.00,0.00,0.00,,0.00,0.00,0.00,0.00,,,,0.00,0.00,0.00,0.00,0.00,0.00,0.00,0.00,0.00,0.00
Kyrgyz Republic,KGZ,20200116,0.00,,0.00,,0.00,,0.00,,0.00,,0.00,,0.00,,0.00,0.00,,0.00,0.00,0.00,0.00,,0.00,0.00,0.00,0.00,,,,0.00,0.00,0.00,0.00,0.00,0.00,0.00,0.00,0.00,0.00
Kyrgyz Republic,KGZ,20200117,0.00,,0.00,,0.00,,0.00,,0.00,,0.00,,0.00,,0.00,0.00,,0.00,0.00,0.00,0.00,,0.00,0.00,0.00,0.00,,,,0.00,0.00,0.00,0.00,0.00,0.00,0.00,0.00,0.00,0.00
Kyrgyz Republic,KGZ,20200118,0.00,,0.00,,0.00,,0.00,,0.00,,0.00,,0.00,,0.00,0.00,,0.00,0.00,0.00,0.00,,0.00,0.00,0.00,0.00,,,,0.00,0.00,0.00,0.00,0.00,0.00,0.00,0.00,0.00,0.00
Kyrgyz Republic,KGZ,20200119,0.00,,0.00,,0.00,,0.00,,0.00,,0.00,,0.00,,0.00,0.00,,0.00,0.00,0.00,0.00,,0.00,0.00,0.00,0.00,,,,0.00,0.00,0.00,0.00,0.00,0.00,0.00,0.00,0.00,0.00
Kyrgyz Republic,KGZ,20200120,0.00,,0.00,,0.00,,0.00,,0.00,,0.00,,0.00,,0.00,0.00,,0.00,0.00,0.00,0.00,,0.00,0.00,0.00,0.00,,,,0.00,0.00,0.00,0.00,0.00,0.00,0.00,0.00,0.00,0.00
Kyrgyz Republic,KGZ,20200121,0.00,,0.00,,0.00,,0.00,,0.00,,0.00,,0.00,,0.00,0.00,,0.00,0.00,0.00,0.00,,0.00,0.00,0.00,0.00,,,,0.00,0.00,0.00,0.00,0.00,0.00,0.00,0.00,0.00,0.00
Kyrgyz Republic,KGZ,20200122,0.00,,0.00,,0.00,,0.00,,0.00,,0.00,,0.00,,1.00,0.00,,0.00,0.00,0.00,0.00,,0.00,0.00,0.00,0.00,,,,2.78,2.78,3.57,3.57,1.92,1.92,2.27,2.27,0.00,0.00
Kyrgyz Republic,KGZ,20200123,0.00,,0.00,,0.00,,0.00,,0.00,,0.00,,0.00,,1.00,0.00,,0.00,0.00,0.00,0.00,,0.00,0.00,0.00,0.00,,,,2.78,2.78,3.57,3.57,1.92,1.92,2.27,2.27,0.00,0.00
Kyrgyz Republic,KGZ,20200124,0.00,,0.00,,0.00,,0.00,,0.00,,0.00,,0.00,,1.00,0.00,,0.00,0.00,0.00,0.00,,0.00,0.00,0.00,0.00,,,,2.78,2.78,3.57,3.57,1.92,1.92,2.27,2.27,0.00,0.00
Kyrgyz Republic,KGZ,20200125,0.00,,0.00,,0.00,,0.00,,0.00,,0.00,,0.00,,1.00,0.00,,0.00,0.00,0.00,0.00,,0.00,0.00,0.00,0.00,,,,2.78,2.78,3.57,3.57,1.92,1.92,2.27,2.27,0.00,0.00
Kyrgyz Republic,KGZ,20200126,0.00,,0.00,,0.00,,0.00,,0.00,,0.00,,0.00,,1.00,0.00,,0.00,0.00,0.00,0.00,,0.00,0.00,0.00,0.00,,,,2.78,2.78,3.57,3.57,1.92,1.92,2.27,2.27,0.00,0.00
Kyrgyz Republic,KGZ,20200127,0.00,,0.00,,0.00,,0.00,,0.00,,0.00,,0.00,,1.00,0.00,,0.00,0.00,0.00,0.00,,0.00,0.00,0.00,0.00,,,,2.78,2.78,3.57,3.57,1.92,1.92,2.27,2.27,0.00,0.00
Kyrgyz Republic,KGZ,20200128,0.00,,0.00,,0.00,,0.00,,0.00,,0.00,,0.00,,1.00,0.00,,0.00,0.00,0.00,2.00,0,0.00,0.00,0.00,0.00,,,,11.11,11.11,13.10,13.10,7.69,7.69,9.09,9.09,0.00,0.00
Kyrgyz Republic,KGZ,20200129,0.00,,0.00,,0.00,,0.00,,0.00,,0.00,,0.00,,1.00,0.00,,0.00,0.00,0.00,2.00,0,0.00,0.00,0.00,0.00,,,,11.11,11.11,13.10,13.10,7.69,7.69,9.09,9.09,0.00,0.00
Kyrgyz Republic,KGZ,20200130,0.00,,0.00,,0.00,,0.00,,0.00,,0.00,,0.00,,1.00,0.00,,0.00,0.00,0.00,2.00,0,0.00,0.00,0.00,0.00,,,,11.11,11.11,13.10,13.10,7.69,7.69,9.09,9.09,0.00,0.00
Kyrgyz Republic,KGZ,20200131,0.00,,0.00,,0.00,,0.00,,0.00,,0.00,,0.00,,1.00,0.00,,0.00,0.00,0.00,2.00,0,0.00,0.00,0.00,0.00,,,,11.11,11.11,13.10,13.10,7.69,7.69,9.09,9.09,0.00,0.00
Kyrgyz Republic,KGZ,20200201,0.00,,0.00,,0.00,,0.00,,0.00,,0.00,,0.00,,1.00,0.00,,0.00,0.00,0.00,2.00,1,0.00,0.00,0.00,0.00,,,,13.89,13.89,17.86,17.86,9.62,9.62,11.36,11.36,0.00,0.00
Kyrgyz Republic,KGZ,20200202,0.00,,0.00,,0.00,,0.00,,0.00,,0.00,,0.00,,1.00,0.00,,0.00,0.00,0.00,2.00,1,0.00,0.00,0.00,0.00,,,,13.89,13.89,17.86,17.86,9.62,9.62,11.36,11.36,0.00,0.00
Kyrgyz Republic,KGZ,20200203,0.00,,0.00,,0.00,,0.00,,0.00,,0.00,,0.00,,1.00,0.00,,0.00,0.00,0.00,2.00,1,0.00,0.00,0.00,0.00,,,,13.89,13.89,17.86,17.86,9.62,9.62,11.36,11.36,0.00,0.00
Kyrgyz Republic,KGZ,20200204,0.00,,0.00,,0.00,,0.00,,0.00,,0.00,,0.00,,1.00,0.00,,0.00,0.00,0.00,2.00,1,0.00,0.00,0.00,0.00,,,,13.89,13.89,17.86,17.86,9.62,9.62,11.36,11.36,0.00,0.00
Kyrgyz Republic,KGZ,20200205,0.00,,0.00,,0.00,,0.00,,0.00,,0.00,,0.00,,1.00,0.00,,0.00,0.00,0.00,2.00,1,1.00,0.00,0.00,0.00,,,,13.89,13.89,17.86,17.86,12.18,12.18,14.39,14.39,0.00,0.00
Kyrgyz Republic,KGZ,20200206,0.00,,0.00,,0.00,,0.00,,0.00,,0.00,,0.00,,1.00,0.00,,0.00,0.00,0.00,2.00,1,1.00,0.00,0.00,0.00,,,,13.89,13.89,17.86,17.86,12.18,12.18,14.39,14.39,0.00,0.00
Kyrgyz Republic,KGZ,20200207,0.00,,0.00,,0.00,,0.00,,0.00,,0.00,,0.00,,1.00,0.00,,0.00,0.00,0.00,2.00,1,1.00,0.00,0.00,0.00,,,,13.89,13.89,17.86,17.86,12.18,12.18,14.39,14.39,0.00,0.00
Kyrgyz Republic,KGZ,20200208,0.00,,0.00,,0.00,,0.00,,0.00,,0.00,,0.00,,1.00,0.00,,0.00,0.00,0.00,2.00,1,1.00,0.00,0.00,0.00,,,,13.89,13.89,17.86,17.86,12.18,12.18,14.39,14.39,0.00,0.00
Kyrgyz Republic,KGZ,20200209,0.00,,0.00,,0.00,,0.00,,0.00,,0.00,,0.00,,1.00,0.00,,0.00,0.00,0.00,2.00,1,1.00,0.00,0.00,0.00,,,,13.89,13.89,17.86,17.86,12.18,12.18,14.39,14.39,0.00,0.00
Kyrgyz Republic,KGZ,20200210,0.00,,0.00,,0.00,,0.00,,0.00,,0.00,,0.00,,1.00,0.00,,0.00,0.00,0.00,2.00,1,1.00,0.00,0.00,0.00,,,,13.89,13.89,17.86,17.86,12.18,12.18,14.39,14.39,0.00,0.00
Kyrgyz Republic,KGZ,20200211,0.00,,0.00,,0.00,,0.00,,0.00,,0.00,,0.00,,1.00,0.00,,0.00,0.00,0.00,2.00,1,1.00,0.00,0.00,0.00,,,,13.89,13.89,17.86,17.86,12.18,12.18,14.39,14.39,0.00,0.00
Kyrgyz Republic,KGZ,20200212,0.00,,0.00,,0.00,,0.00,,0.00,,0.00,,0.00,,1.00,0.00,,0.00,0.00,0.00,2.00,1,1.00,0.00,0.00,0.00,,,,13.89,13.89,17.86,17.86,12.18,12.18,14.39,14.39,0.00,0.00
Kyrgyz Republic,KGZ,20200213,0.00,,0.00,,0.00,,0.00,,0.00,,0.00,,0.00,,1.00,0.00,,0.00,0.00,0.00,2.00,1,1.00,0.00,0.00,0.00,,,,13.89,13.89,17.86,17.86,12.18,12.18,14.39,14.39,0.00,0.00
Kyrgyz Republic,KGZ,20200214,0.00,,0.00,,0.00,,0.00,,0.00,,0.00,,0.00,,1.00,0.00,,0.00,0.00,0.00,2.00,1,1.00,0.00,0.00,0.00,,,,13.89,13.89,17.86,17.86,12.18,12.18,14.39,14.39,0.00,0.00
Kyrgyz Republic,KGZ,20200215,0.00,,0.00,,0.00,,0.00,,0.00,,0.00,,0.00,,1.00,0.00,,0.00,0.00,0.00,2.00,1,1.00,0.00,0.00,0.00,,,,13.89,13.89,17.86,17.86,12.18,12.18,14.39,14.39,0.00,0.00
Kyrgyz Republic,KGZ,20200216,0.00,,0.00,,0.00,,0.00,,0.00,,0.00,,0.00,,1.00,0.00,,0.00,0.00,0.00,2.00,1,1.00,0.00,0.00,0.00,,,,13.89,13.89,17.86,17.86,12.18,12.18,14.39,14.39,0.00,0.00
Kyrgyz Republic,KGZ,20200217,0.00,,0.00,,0.00,,0.00,,0.00,,0.00,,0.00,,1.00,0.00,,0.00,0.00,0.00,2.00,1,1.00,0.00,0.00,0.00,,,,13.89,13.89,17.86,17.86,12.18,12.18,14.39,14.39,0.00,0.00
Kyrgyz Republic,KGZ,20200218,0.00,,0.00,,0.00,,0.00,,0.00,,0.00,,0.00,,1.00,0.00,,0.00,0.00,0.00,2.00,1,1.00,0.00,0.00,0.00,,,,13.89,13.89,17.86,17.86,12.18,12.18,14.39,14.39,0.00,0.00
Kyrgyz Republic,KGZ,20200219,0.00,,0.00,,0.00,,0.00,,0.00,,0.00,,0.00,,1.00,0.00,,0.00,0.00,0.00,2.00,1,1.00,0.00,0.00,0.00,,,,13.89,13.89,17.86,17.86,12.18,12.18,14.39,14.39,0.00,0.00
Kyrgyz Republic,KGZ,20200220,0.00,,0.00,,0.00,,0.00,,0.00,,0.00,,0.00,,1.00,0.00,,0.00,0.00,0.00,2.00,1,1.00,0.00,0.00,0.00,,,,13.89,13.89,17.86,17.86,12.18,12.18,14.39,14.39,0.00,0.00
Kyrgyz Republic,KGZ,20200221,0.00,,0.00,,0.00,,0.00,,0.00,,0.00,,0.00,,1.00,0.00,,0.00,0.00,0.00,2.00,1,1.00,0.00,0.00,0.00,,,,13.89,13.89,17.86,17.86,12.18,12.18,14.39,14.39,0.00,0.00
Kyrgyz Republic,KGZ,20200222,0.00,,0.00,,0.00,,0.00,,0.00,,0.00,,0.00,,1.00,0.00,,0.00,0.00,0.00,2.00,1,1.00,0.00,0.00,0.00,,,,13.89,13.89,17.86,17.86,12.18,12.18,14.39,14.39,0.00,0.00
Kyrgyz Republic,KGZ,20200223,0.00,,0.00,,0.00,,0.00,,0.00,,0.00,,0.00,,1.00,0.00,,0.00,0.00,0.00,2.00,1,1.00,0.00,0.00,0.00,,,,13.89,13.89,17.86,17.86,12.18,12.18,14.39,14.39,0.00,0.00
Kyrgyz Republic,KGZ,20200224,0.00,,0.00,,0.00,,0.00,,0.00,,0.00,,0.00,,1.00,0.00,,0.00,0.00,0.00,2.00,1,1.00,0.00,0.00,0.00,,,,13.89,13.89,17.86,17.86,12.18,12.18,14.39,14.39,0.00,0.00
Kyrgyz Republic,KGZ,20200225,0.00,,0.00,,0.00,,0.00,,0.00,,0.00,,0.00,,1.00,0.00,,0.00,0.00,0.00,2.00,1,1.00,0.00,0.00,0.00,,,,13.89,13.89,17.86,17.86,12.18,12.18,14.39,14.39,0.00,0.00
Kyrgyz Republic,KGZ,20200226,0.00,,0.00,,0.00,,0.00,,0.00,,0.00,,0.00,,1.00,0.00,,0.00,0.00,0.00,2.00,1,1.00,0.00,0.00,0.00,,,,13.89,13.89,17.86,17.86,12.18,12.18,14.39,14.39,0.00,0.00
Kyrgyz Republic,KGZ,20200227,0.00,,0.00,,1.00,1,0.00,,0.00,,0.00,,0.00,,1.00,0.00,,0.00,0.00,0.00,2.00,1,1.00,0.00,0.00,0.00,,,,19.44,19.44,27.38,27.38,16.03,16.03,18.94,18.94,0.00,0.00
Kyrgyz Republic,KGZ,20200228,0.00,,0.00,,1.00,1,0.00,,0.00,,0.00,,0.00,,1.00,0.00,,0.00,0.00,0.00,2.00,1,1.00,0.00,0.00,0.00,,,,19.44,19.44,27.38,27.38,16.03,16.03,18.94,18.94,0.00,0.00
Kyrgyz Republic,KGZ,20200229,0.00,,0.00,,1.00,1,0.00,,0.00,,0.00,,0.00,,1.00,0.00,,0.00,0.00,0.00,2.00,1,1.00,0.00,0.00,0.00,,,,19.44,19.44,27.38,27.38,16.03,16.03,18.94,18.94,0.00,0.00
Kyrgyz Republic,KGZ,20200301,0.00,,0.00,,1.00,1,0.00,,0.00,,0.00,,0.00,,2.00,0.00,,0.00,0.00,0.00,2.00,1,1.00,0.00,0.00,0.00,,,,22.22,22.22,30.95,30.95,17.95,17.95,21.21,21.21,0.00,0.00
Kyrgyz Republic,KGZ,20200302,0.00,,0.00,,1.00,1,0.00,,0.00,,0.00,,0.00,,2.00,0.00,,0.00,0.00,0.00,2.00,1,1.00,0.00,0.00,0.00,,,,22.22,22.22,30.95,30.95,17.95,17.95,21.21,21.21,0.00,0.00
Kyrgyz Republic,KGZ,20200303,0.00,,0.00,,1.00,1,0.00,,0.00,,0.00,,0.00,,2.00,0.00,,0.00,0.00,0.00,2.00,1,1.00,0.00,0.00,0.00,,,,22.22,22.22,30.95,30.95,17.95,17.95,21.21,21.21,0.00,0.00
Kyrgyz Republic,KGZ,20200304,0.00,,0.00,,1.00,1,0.00,,0.00,,0.00,,0.00,,2.00,0.00,,0.00,0.00,0.00,2.00,1,1.00,0.00,0.00,0.00,,,,22.22,22.22,30.95,30.95,17.95,17.95,21.21,21.21,0.00,0.00
Kyrgyz Republic,KGZ,20200305,0.00,,0.00,,1.00,1,0.00,,0.00,,0.00,,0.00,,2.00,0.00,,0.00,0.00,0.00,2.00,1,1.00,0.00,0.00,0.00,,,,22.22,22.22,30.95,30.95,17.95,17.95,21.21,21.21,0.00,0.00
Kyrgyz Republic,KGZ,20200306,0.00,,0.00,,1.00,1,0.00,,0.00,,0.00,,0.00,,2.00,0.00,,0.00,0.00,0.00,2.00,1,1.00,0.00,0.00,0.00,,,,22.22,22.22,30.95,30.95,17.95,17.95,21.21,21.21,0.00,0.00
Kyrgyz Republic,KGZ,20200307,0.00,,0.00,,1.00,1,0.00,,0.00,,0.00,,0.00,,2.00,0.00,,0.00,0.00,0.00,2.00,1,1.00,0.00,0.00,0.00,,,,22.22,22.22,30.95,30.95,17.95,17.95,21.21,21.21,0.00,0.00
Kyrgyz Republic,KGZ,20200308,0.00,,0.00,,1.00,1,0.00,,0.00,,0.00,,0.00,,2.00,0.00,,0.00,0.00,0.00,2.00,1,1.00,0.00,0.00,0.00,,,,22.22,22.22,30.95,30.95,17.95,17.95,21.21,21.21,0.00,0.00
Kyrgyz Republic,KGZ,20200309,0.00,,0.00,,1.00,1,0.00,,0.00,,0.00,,0.00,,2.00,0.00,,0.00,0.00,0.00,2.00,1,1.00,0.00,0.00,0.00,,,,22.22,22.22,30.95,30.95,17.95,17.95,21.21,21.21,0.00,0.00
Kyrgyz Republic,KGZ,20200310,0.00,,0.00,,1.00,1,0.00,,0.00,,0.00,,0.00,,2.00,0.00,,0.00,0.00,0.00,2.00,1,1.00,0.00,0.00,0.00,,,,22.22,22.22,30.95,30.95,17.95,17.95,21.21,21.21,0.00,0.00
Kyrgyz Republic,KGZ,20200311,0.00,,0.00,,1.00,1,0.00,,0.00,,0.00,,0.00,,2.00,0.00,,0.00,0.00,0.00,2.00,1,1.00,0.00,0.00,0.00,,,,22.22,22.22,30.95,30.95,17.95,17.95,21.21,21.21,0.00,0.00
Kyrgyz Republic,KGZ,20200312,0.00,,0.00,,2.00,1,0.00,,0.00,,0.00,,0.00,,2.00,0.00,,0.00,0.00,0.00,2.00,1,1.00,1.00,0.00,0.00,,,,27.78,27.78,35.71,35.71,25.64,25.64,30.30,30.30,0.00,0.00
Kyrgyz Republic,KGZ,20200313,0.00,,0.00,,2.00,1,0.00,,0.00,,0.00,,0.00,,2.00,0.00,,0.00,0.00,0.00,2.00,1,1.00,1.00,0.00,0.00,,,,27.78,27.78,35.71,35.71,25.64,25.64,30.30,30.30,0.00,0.00
Kyrgyz Republic,KGZ,20200314,0.00,,0.00,,2.00,1,0.00,,0.00,,1.00,1,0.00,,3.00,0.00,,0.00,0.00,0.00,2.00,1,1.00,1.00,0.00,0.00,,,,34.26,34.26,46.43,46.43,30.13,30.13,35.61,35.61,0.00,0.00
Kyrgyz Republic,KGZ,20200315,0.00,,0.00,,2.00,1,0.00,,0.00,,1.00,1,0.00,,3.00,0.00,,0.00,0.00,0.00,2.00,1,1.00,1.00,0.00,0.00,,,,34.26,34.26,46.43,46.43,30.13,30.13,35.61,35.61,0.00,0.00
Kyrgyz Republic,KGZ,20200316,3.00,1,0.00,,2.00,1,0.00,,0.00,,1.00,1,0.00,,3.00,0.00,,0.00,0.00,0.00,2.00,1,1.00,1.00,0.00,0.00,,,,45.37,45.37,60.71,60.71,37.82,37.82,44.70,44.70,0.00,0.00
Kyrgyz Republic,KGZ,20200317,3.00,1,2.00,1,2.00,1,3.00,1,0.00,,1.00,1,0.00,,4.00,0.00,,0.00,0.00,0.00,2.00,1,1.00,1.00,0.00,0.00,,,,63.89,63.89,75.00,75.00,50.64,50.64,59.85,59.85,0.00,0.00
Kyrgyz Republic,KGZ,20200318,3.00,1,2.00,1,2.00,1,3.00,1,0.00,,1.00,1,0.00,,4.00,0.00,,0.00,0.00,0.00,2.00,1,1.00,1.00,0.00,0.00,,,,63.89,63.89,75.00,75.00,50.64,50.64,59.85,59.85,0.00,0.00
Kyrgyz Republic,KGZ,20200319,3.00,1,2.00,1,2.00,1,3.00,1,0.00,,1.00,1,0.00,,4.00,0.00,,0.00,0.00,0.00,2.00,1,1.00,1.00,0.00,0.00,,3,0,63.89,63.89,75.00,75.00,50.64,50.64,59.85,59.85,0.00,0.00
Kyrgyz Republic,KGZ,20200320,3.00,1,2.00,1,2.00,1,3.00,1,0.00,,1.00,1,0.00,,4.00,0.00,,0.00,0.00,861786.00,2.00,1,1.00,1.00,0.00,0.00,,6,0,63.89,63.89,75.00,75.00,50.64,50.64,59.85,59.85,0.00,0.00
Kyrgyz Republic,KGZ,20200321,3.00,1,2.00,1,2.00,1,3.00,1,0.00,,1.00,1,0.00,,4.00,0.00,,0.00,0.00,0.00,2.00,1,1.00,1.00,0.00,0.00,,6,0,63.89,63.89,75.00,75.00,50.64,50.64,59.85,59.85,0.00,0.00
Kyrgyz Republic,KGZ,20200322,3.00,1,2.00,1,2.00,1,3.00,1,0.00,,1.00,1,1.00,1,4.00,0.00,,0.00,0.00,0.00,2.00,1,1.00,1.00,0.00,0.00,,14,0,69.44,69.44,77.38,77.38,54.49,54.49,64.39,64.39,0.00,0.00
Kyrgyz Republic,KGZ,20200323,3.00,1,2.00,1,2.00,1,3.00,1,0.00,,1.00,1,1.00,1,4.00,0.00,,0.00,0.00,0.00,2.00,1,1.00,1.00,0.00,0.00,,14,0,69.44,69.44,77.38,77.38,54.49,54.49,64.39,64.39,0.00,0.00
Kyrgyz Republic,KGZ,20200324,3.00,1,2.00,1,2.00,1,3.00,1,0.00,,1.00,1,1.00,1,4.00,0.00,,0.00,0.00,0.00,2.00,1,1.00,1.00,0.00,0.00,,16,0,69.44,69.44,77.38,77.38,54.49,54.49,64.39,64.39,0.00,0.00
Kyrgyz Republic,KGZ,20200325,3.00,1,3.00,0,2.00,1,4.00,0,2.00,0,3.00,0,2.00,1,4.00,0.00,,0.00,0.00,0.00,2.00,1,1.00,1.00,0.00,0.00,,42,0,92.13,92.13,91.67,91.67,70.19,70.19,82.95,82.95,0.00,0.00
Kyrgyz Republic,KGZ,20200326,3.00,1,3.00,0,2.00,1,4.00,0,2.00,0,3.00,0,2.00,1,4.00,0.00,,1.00,0.00,0.00,2.00,1,1.00,1.00,0.00,0.00,,44,0,92.13,92.13,91.67,91.67,74.04,74.04,82.95,82.95,25.00,25.00
Kyrgyz Republic,KGZ,20200327,3.00,1,3.00,0,2.00,1,4.00,0,2.00,0,3.00,0,2.00,1,4.00,0.00,,1.00,0.00,0.00,2.00,1,1.00,1.00,0.00,0.00,,44,0,92.13,92.13,91.67,91.67,74.04,74.04,82.95,82.95,25.00,25.00
Kyrgyz Republic,KGZ,20200328,3.00,1,3.00,0,2.00,1,4.00,0,2.00,0,3.00,0,2.00,1,4.00,0.00,,1.00,0.00,0.00,2.00,1,1.00,1.00,0.00,0.00,,58,0,92.13,92.13,91.67,91.67,74.04,74.04,82.95,82.95,25.00,25.00
Kyrgyz Republic,KGZ,20200329,3.00,1,3.00,0,2.00,1,4.00,0,2.00,0,3.00,0,2.00,1,4.00,0.00,,1.00,0.00,0.00,2.00,1,1.00,1.00,0.00,0.00,,84,0,92.13,92.13,91.67,91.67,74.04,74.04,82.95,82.95,25.00,25.00
Kyrgyz Republic,KGZ,20200330,3.00,1,3.00,0,2.00,1,4.00,0,2.00,0,3.00,0,2.00,1,4.00,0.00,,1.00,0.00,0.00,2.00,1,1.00,1.00,0.00,0.00,,84,0,92.13,92.13,91.67,91.67,74.04,74.04,82.95,82.95,25.00,25.00
Kyrgyz Republic,KGZ,20200331,3.00,1,3.00,0,2.00,1,4.00,0,2.00,0,3.00,0,2.00,1,4.00,0.00,,1.00,0.00,0.00,2.00,1,1.00,1.00,0.00,0.00,,84,0,92.13,92.13,91.67,91.67,74.04,74.04,82.95,82.95,25.00,25.00
Kyrgyz Republic,KGZ,20200401,3.00,1,3.00,0,2.00,1,4.00,0,2.00,0,3.00,0,2.00,1,4.00,0.00,,1.00,0.00,0.00,2.00,1,1.00,1.00,0.00,0.00,,107,0,92.13,92.13,91.67,91.67,74.04,74.04,82.95,82.95,25.00,25.00
Kyrgyz Republic,KGZ,20200402,3.00,1,3.00,0,2.00,1,4.00,0,2.00,0,3.00,0,2.00,1,4.00,0.00,,1.00,0.00,0.00,2.00,1,1.00,1.00,0.00,0.00,,112,1,92.13,92.13,91.67,91.67,74.04,74.04,82.95,82.95,25.00,25.00
Kyrgyz Republic,KGZ,20200403,3.00,1,3.00,0,2.00,1,4.00,0,2.00,0,3.00,0,2.00,1,4.00,0.00,,1.00,0.00,0.00,2.00,1,1.00,1.00,0.00,0.00,,125,1,92.13,92.13,91.67,91.67,74.04,74.04,82.95,82.95,25.00,25.00
Kyrgyz Republic,KGZ,20200404,3.00,1,3.00,0,2.00,1,4.00,0,2.00,0,3.00,0,2.00,1,4.00,0.00,,1.00,0.00,0.00,2.00,1,1.00,1.00,0.00,0.00,,144,1,92.13,92.13,91.67,91.67,74.04,74.04,82.95,82.95,25.00,25.00
Kyrgyz Republic,KGZ,20200405,3.00,1,3.00,0,2.00,1,4.00,0,2.00,0,3.00,0,2.00,1,4.00,0.00,,1.00,0.00,0.00,2.00,1,1.00,1.00,0.00,0.00,,144,1,92.13,92.13,91.67,91.67,74.04,74.04,82.95,82.95,25.00,25.00
Kyrgyz Republic,KGZ,20200406,3.00,1,3.00,0,2.00,1,4.00,0,2.00,0,3.00,0,2.00,1,4.00,0.00,,1.00,0.00,0.00,2.00,1,1.00,1.00,0.00,0.00,,216,4,92.13,92.13,91.67,91.67,74.04,74.04,82.95,82.95,25.00,25.00
Kyrgyz Republic,KGZ,20200407,3.00,1,3.00,0,2.00,1,4.00,0,2.00,0,3.00,0,2.00,1,4.00,0.00,,1.00,0.00,0.00,2.00,1,1.00,1.00,0.00,0.00,,228,4,92.13,92.13,91.67,91.67,74.04,74.04,82.95,82.95,25.00,25.00
Kyrgyz Republic,KGZ,20200408,3.00,1,3.00,0,2.00,1,4.00,0,2.00,0,3.00,0,2.00,1,4.00,0.00,,1.00,0.00,0.00,2.00,1,1.00,1.00,0.00,0.00,,270,4,92.13,92.13,91.67,91.67,74.04,74.04,82.95,82.95,25.00,25.00
Kyrgyz Republic,KGZ,20200409,3.00,1,3.00,0,2.00,1,4.00,0,2.00,0,3.00,0,2.00,1,4.00,0.00,,1.00,0.00,0.00,2.00,1,1.00,1.00,0.00,0.00,,280,4,92.13,92.13,91.67,91.67,74.04,74.04,82.95,82.95,25.00,25.00
Kyrgyz Republic,KGZ,20200410,3.00,1,3.00,0,2.00,1,4.00,0,2.00,0,3.00,0,2.00,1,4.00,1.00,1,1.00,0.00,0.00,2.00,1,1.00,1.00,0.00,0.00,,298,5,92.13,92.13,91.67,91.67,77.88,77.88,82.95,82.95,50.00,50.00
Kyrgyz Republic,KGZ,20200411,3.00,1,3.00,0,2.00,1,4.00,0,2.00,0,3.00,0,2.00,1,4.00,1.00,1,1.00,0.00,0.00,2.00,1,1.00,1.00,0.00,0.00,,339,5,92.13,92.13,91.67,91.67,77.88,77.88,82.95,82.95,50.00,50.00
Kyrgyz Republic,KGZ,20200412,3.00,1,3.00,0,2.00,1,4.00,0,2.00,0,3.00,0,2.00,1,4.00,1.00,1,1.00,0.00,0.00,2.00,1,1.00,1.00,0.00,0.00,,377,5,92.13,92.13,91.67,91.67,77.88,77.88,82.95,82.95,50.00,50.00
Kyrgyz Republic,KGZ,20200413,3.00,1,3.00,0,2.00,1,4.00,0,2.00,0,3.00,0,2.00,1,4.00,1.00,1,1.00,0.00,0.00,2.00,1,1.00,1.00,0.00,0.00,,419,5,92.13,92.13,91.67,91.67,77.88,77.88,82.95,82.95,50.00,50.00
Kyrgyz Republic,KGZ,20200414,3.00,1,3.00,0,2.00,1,4.00,0,2.00,0,3.00,0,2.00,1,4.00,1.00,1,1.00,0.00,0.00,2.00,1,1.00,1.00,0.00,0.00,,430,5,92.13,92.13,91.67,91.67,77.88,77.88,82.95,82.95,50.00,50.00
Kyrgyz Republic,KGZ,20200415,3.00,1,3.00,0,2.00,1,4.00,0,2.00,0,3.00,0,2.00,1,4.00,1.00,1,1.00,0.00,0.00,2.00,1,1.00,1.00,0.00,0.00,,449,5,92.13,92.13,91.67,91.67,77.88,77.88,82.95,82.95,50.00,50.00
Kyrgyz Republic,KGZ,20200416,3.00,1,3.00,0,2.00,1,4.00,0,2.00,0,3.00,0,2.00,1,4.00,1.00,1,1.00,0.00,0.00,2.00,1,1.00,1.00,0.00,0.00,,466,5,92.13,92.13,91.67,91.67,77.88,77.88,82.95,82.95,50.00,50.00
Kyrgyz Republic,KGZ,20200417,3.00,1,3.00,0,2.00,1,4.00,0,2.00,0,3.00,0,2.00,1,4.00,1.00,1,1.00,0.00,0.00,2.00,1,1.00,1.00,0.00,0.00,,489,5,92.13,92.13,91.67,91.67,77.88,77.88,82.95,82.95,50.00,50.00
Kyrgyz Republic,KGZ,20200418,3.00,1,3.00,0,2.00,1,4.00,0,2.00,0,3.00,0,2.00,1,4.00,1.00,1,1.00,0.00,0.00,2.00,1,1.00,1.00,0.00,0.00,,506,5,92.13,92.13,91.67,91.67,77.88,77.88,82.95,82.95,50.00,50.00
Kyrgyz Republic,KGZ,20200419,3.00,1,3.00,0,2.00,1,4.00,0,2.00,0,3.00,0,2.00,1,4.00,1.00,1,1.00,0.00,0.00,2.00,1,1.00,1.00,0.00,0.00,,554,5,92.13,92.13,91.67,91.67,77.88,77.88,82.95,82.95,50.00,50.00
Kyrgyz Republic,KGZ,20200420,3.00,1,3.00,0,2.00,1,4.00,0,2.00,0,3.00,0,2.00,1,4.00,1.00,1,1.00,0.00,0.00,2.00,1,1.00,1.00,0.00,0.00,,568,7,92.13,92.13,91.67,91.67,77.88,77.88,82.95,82.95,50.00,50.00
Kyrgyz Republic,KGZ,20200421,3.00,1,3.00,0,2.00,1,4.00,0,2.00,0,3.00,0,2.00,1,4.00,1.00,1,1.00,0.00,0.00,2.00,1,1.00,1.00,0.00,0.00,,590,7,92.13,92.13,91.67,91.67,77.88,77.88,82.95,82.95,50.00,50.00
Kyrgyz Republic,KGZ,20200422,3.00,1,3.00,0,2.00,1,4.00,0,2.00,0,3.00,0,2.00,1,4.00,1.00,1,1.00,0.00,0.00,2.00,1,1.00,1.00,0.00,0.00,,612,7,92.13,92.13,91.67,91.67,77.88,77.88,82.95,82.95,50.00,50.00
Kyrgyz Republic,KGZ,20200423,3.00,1,3.00,0,2.00,1,4.00,0,2.00,0,3.00,0,2.00,1,4.00,1.00,1,1.00,0.00,0.00,2.00,1,1.00,1.00,0.00,0.00,,631,8,92.13,92.13,91.67,91.67,77.88,77.88,82.95,82.95,50.00,50.00
Kyrgyz Republic,KGZ,20200424,3.00,1,3.00,0,2.00,1,4.00,0,2.00,0,3.00,0,2.00,1,4.00,1.00,1,1.00,0.00,0.00,2.00,1,1.00,1.00,0.00,0.00,,656,8,92.13,92.13,91.67,91.67,77.88,77.88,82.95,82.95,50.00,50.00
Kyrgyz Republic,KGZ,20200425,3.00,1,3.00,0,2.00,1,4.00,0,2.00,0,3.00,0,2.00,1,4.00,1.00,1,1.00,0.00,0.00,2.00,1,1.00,1.00,0.00,0.00,,665,8,92.13,92.13,91.67,91.67,77.88,77.88,82.95,82.95,50.00,50.00
Kyrgyz Republic,KGZ,20200426,3.00,1,3.00,0,2.00,1,4.00,0,2.00,0,3.00,0,2.00,1,4.00,1.00,1,1.00,0.00,0.00,2.00,1,1.00,1.00,0.00,0.00,,682,8,92.13,92.13,91.67,91.67,77.88,77.88,82.95,82.95,50.00,50.00
Kyrgyz Republic,KGZ,20200427,3.00,1,3.00,0,2.00,1,4.00,0,2.00,0,3.00,0,2.00,1,4.00,1.00,1,1.00,0.00,0.00,2.00,1,1.00,1.00,0.00,0.00,,695,8,92.13,92.13,91.67,91.67,77.88,77.88,82.95,82.95,50.00,50.00
Kyrgyz Republic,KGZ,20200428,3.00,1,3.00,0,2.00,1,4.00,0,2.00,0,3.00,0,2.00,1,4.00,1.00,1,1.00,0.00,0.00,2.00,1,1.00,1.00,0.00,0.00,,708,8,92.13,92.13,91.67,91.67,77.88,77.88,82.95,82.95,50.00,50.00
Kyrgyz Republic,KGZ,20200429,3.00,1,3.00,0,2.00,1,4.00,0,2.00,0,3.00,0,2.00,1,4.00,1.00,1,1.00,0.00,0.00,2.00,1,1.00,1.00,0.00,0.00,,729,8,92.13,92.13,91.67,91.67,77.88,77.88,82.95,82.95,50.00,50.00
Kyrgyz Republic,KGZ,20200430,3.00,1,2.00,0,2.00,1,4.00,0,2.00,0,3.00,0,2.00,1,4.00,1.00,1,1.00,0.00,0.00,2.00,1,1.00,1.00,0.00,0.00,,746,8,88.43,88.43,88.10,88.10,75.32,75.32,79.92,79.92,50.00,50.00
Kyrgyz Republic,KGZ,20200501,3.00,1,2.00,0,2.00,1,4.00,0,2.00,0,3.00,0,2.00,1,4.00,1.00,1,1.00,0.00,0.00,2.00,1,1.00,1.00,0.00,0.00,,746,8,88.43,88.43,88.10,88.10,75.32,75.32,79.92,79.92,50.00,50.00
Kyrgyz Republic,KGZ,20200502,3.00,1,2.00,0,2.00,1,4.00,0,2.00,0,3.00,0,2.00,1,4.00,1.00,1,1.00,0.00,0.00,2.00,1,1.00,1.00,0.00,0.00,,769,8,88.43,88.43,88.10,88.10,75.32,75.32,79.92,79.92,50.00,50.00
Kyrgyz Republic,KGZ,20200503,3.00,1,2.00,0,2.00,1,4.00,0,2.00,0,3.00,0,2.00,1,4.00,1.00,1,1.00,0.00,0.00,2.00,1,1.00,1.00,0.00,0.00,,795,10,88.43,88.43,88.10,88.10,75.32,75.32,79.92,79.92,50.00,50.00
Kyrgyz Republic,KGZ,20200504,3.00,1,2.00,0,2.00,1,4.00,0,2.00,0,3.00,0,2.00,0,4.00,1.00,1,1.00,0.00,0.00,2.00,1,1.00,1.00,0.00,0.00,,830,10,85.65,85.65,84.52,84.52,73.40,73.40,77.65,77.65,50.00,50.00
Kyrgyz Republic,KGZ,20200505,3.00,1,2.00,0,2.00,1,4.00,0,2.00,0,3.00,0,2.00,0,4.00,1.00,1,1.00,0.00,50000000.00,2.00,1,1.00,1.00,0.00,0.00,,843,11,85.65,85.65,84.52,84.52,73.40,73.40,77.65,77.65,50.00,50.00
Kyrgyz Republic,KGZ,20200506,3.00,1,2.00,0,2.00,1,4.00,0,2.00,0,3.00,0,2.00,0,4.00,1.00,1,1.00,0.00,0.00,2.00,1,1.00,1.00,0.00,0.00,,871,12,85.65,85.65,84.52,84.52,73.40,73.40,77.65,77.65,50.00,50.00
Kyrgyz Republic,KGZ,20200507,3.00,1,2.00,0,2.00,1,4.00,0,2.00,0,3.00,0,2.00,0,4.00,1.00,1,1.00,0.00,0.00,2.00,1,1.00,1.00,0.00,0.00,,895,12,85.65,85.65,84.52,84.52,73.40,73.40,77.65,77.65,50.00,50.00
Kyrgyz Republic,KGZ,20200508,3.00,1,2.00,0,2.00,1,4.00,0,2.00,0,3.00,0,2.00,0,4.00,1.00,1,1.00,0.00,0.00,2.00,1,1.00,1.00,0.00,0.00,,906,12,85.65,85.65,84.52,84.52,73.40,73.40,77.65,77.65,50.00,50.00
Kyrgyz Republic,KGZ,20200509,3.00,1,2.00,0,2.00,1,4.00,0,2.00,0,3.00,0,2.00,0,4.00,1.00,1,1.00,0.00,0.00,2.00,1,1.00,1.00,0.00,0.00,,931,12,85.65,85.65,84.52,84.52,73.40,73.40,77.65,77.65,50.00,50.00
Kyrgyz Republic,KGZ,20200510,3.00,1,2.00,0,2.00,1,4.00,0,2.00,0,3.00,0,2.00,0,4.00,1.00,1,1.00,0.00,0.00,2.00,1,1.00,1.00,0.00,0.00,,1002,12,85.65,85.65,84.52,84.52,73.40,73.40,77.65,77.65,50.00,50.00
Kyrgyz Republic,KGZ,20200511,3.00,1,2.00,0,2.00,1,4.00,0,2.00,0,2.00,0,2.00,0,4.00,1.00,1,1.00,0.00,0.00,2.00,1,1.00,1.00,0.00,0.00,,1016,12,81.94,81.94,83.33,83.33,70.83,70.83,74.62,74.62,50.00,50.00
Kyrgyz Republic,KGZ,20200512,3.00,1,2.00,0,2.00,1,4.00,0,2.00,0,2.00,0,2.00,0,4.00,1.00,1,1.00,0.00,0.00,2.00,1,1.00,1.00,0.00,0.00,,1037,12,81.94,81.94,83.33,83.33,70.83,70.83,74.62,74.62,50.00,50.00
Kyrgyz Republic,KGZ,20200513,3.00,1,2.00,0,2.00,1,4.00,0,2.00,0,2.00,0,2.00,0,4.00,1.00,1,1.00,0.00,0.00,2.00,1,1.00,1.00,0.00,0.00,,1044,12,81.94,81.94,83.33,83.33,70.83,70.83,74.62,74.62,50.00,50.00
Kyrgyz Republic,KGZ,20200514,3.00,1,2.00,0,2.00,1,4.00,0,2.00,0,2.00,0,2.00,0,4.00,1.00,1,1.00,0.00,0.00,2.00,1,1.00,1.00,0.00,0.00,,1082,12,81.94,81.94,83.33,83.33,70.83,70.83,74.62,74.62,50.00,50.00
Kyrgyz Republic,KGZ,20200515,3.00,1,2.00,0,2.00,1,4.00,0,2.00,0,2.00,0,2.00,0,4.00,1.00,1,1.00,0.00,0.00,2.00,1,1.00,1.00,0.00,0.00,,1111,14,81.94,81.94,83.33,83.33,70.83,70.83,74.62,74.62,50.00,50.00
Kyrgyz Republic,KGZ,20200516,3.00,1,2.00,0,2.00,1,4.00,0,2.00,1,2.00,0,2.00,0,4.00,1.00,1,1.00,0.00,0.00,2.00,1,1.00,1.00,0.00,0.00,,1117,14,84.72,84.72,88.10,88.10,72.76,72.76,76.89,76.89,50.00,50.00
Kyrgyz Republic,KGZ,20200517,3.00,1,2.00,0,2.00,1,4.00,0,2.00,1,2.00,0,2.00,0,4.00,1.00,1,1.00,0.00,0.00,2.00,1,1.00,1.00,0.00,0.00,,1138,14,84.72,84.72,88.10,88.10,72.76,72.76,76.89,76.89,50.00,50.00
Kyrgyz Republic,KGZ,20200518,3.00,1,2.00,0,2.00,1,4.00,0,2.00,1,2.00,0,2.00,0,4.00,1.00,1,1.00,0.00,0.00,2.00,1,1.00,1.00,0.00,0.00,,1216,14,84.72,84.72,88.10,88.10,72.76,72.76,76.89,76.89,50.00,50.00
Kyrgyz Republic,KGZ,20200519,3.00,1,2.00,0,2.00,1,4.00,0,2.00,1,2.00,0,2.00,0,4.00,1.00,1,1.00,0.00,0.00,2.00,1,1.00,1.00,0.00,0.00,,1243,14,84.72,84.72,88.10,88.10,72.76,72.76,76.89,76.89,50.00,50.00
Kyrgyz Republic,KGZ,20200520,3.00,1,2.00,0,2.00,1,4.00,0,2.00,1,2.00,0,2.00,0,4.00,1.00,1,1.00,0.00,0.00,2.00,1,1.00,1.00,0.00,0.00,,1270,14,84.72,84.72,88.10,88.10,72.76,72.76,76.89,76.89,50.00,50.00
Kyrgyz Republic,KGZ,20200521,3.00,1,2.00,0,2.00,1,4.00,0,2.00,1,2.00,0,2.00,0,4.00,1.00,1,1.00,15000000.00,0.00,2.00,1,1.00,1.00,16000000.00,0.00,,1313,14,84.72,84.72,88.10,88.10,72.76,72.76,76.89,76.89,50.00,50.00
Kyrgyz Republic,KGZ,20200522,3.00,1,2.00,0,2.00,1,4.00,0,2.00,1,2.00,0,2.00,0,4.00,1.00,1,1.00,0.00,0.00,2.00,1,1.00,1.00,0.00,0.00,,1350,14,84.72,84.72,88.10,88.10,72.76,72.76,76.89,76.89,50.00,50.00
Kyrgyz Republic,KGZ,20200523,3.00,1,2.00,0,2.00,1,4.00,0,2.00,1,2.00,0,2.00,0,4.00,1.00,1,1.00,0.00,0.00,2.00,1,1.00,1.00,0.00,0.00,,1364,14,84.72,84.72,88.10,88.10,72.76,72.76,76.89,76.89,50.00,50.00
Kyrgyz Republic,KGZ,20200524,3.00,1,2.00,0,2.00,1,4.00,0,2.00,1,2.00,0,2.00,0,4.00,1.00,1,1.00,0.00,0.00,1.00,1,1.00,1.00,0.00,0.00,,1403,14,79.17,79.17,83.33,83.33,68.91,68.91,72.35,72.35,50.00,50.00
Kyrgyz Republic,KGZ,20200525,3.00,1,2.00,0,2.00,1,4.00,0,2.00,1,2.00,0,2.00,0,4.00,1.00,1,1.00,0.00,0.00,1.00,1,1.00,1.00,0.00,0.00,,1433,16,79.17,79.17,83.33,83.33,68.91,68.91,72.35,72.35,50.00,50.00
Kyrgyz Republic,KGZ,20200526,3.00,1,2.00,0,2.00,1,4.00,0,2.00,1,2.00,0,2.00,0,4.00,1.00,1,1.00,0.00,0.00,1.00,1,1.00,1.00,0.00,0.00,,1468,16,79.17,79.17,83.33,83.33,68.91,68.91,72.35,72.35,50.00,50.00
Kyrgyz Republic,KGZ,20200527,3.00,1,2.00,0,2.00,1,4.00,0,2.00,1,2.00,0,2.00,0,4.00,1.00,1,1.00,0.00,0.00,1.00,1,1.00,1.00,0.00,0.00,,1520,16,79.17,79.17,83.33,83.33,68.91,68.91,72.35,72.35,50.00,50.00
Kyrgyz Republic,KGZ,20200528,3.00,1,2.00,0,2.00,1,4.00,0,2.00,1,2.00,0,2.00,0,4.00,1.00,1,1.00,0.00,0.00,1.00,1,1.00,1.00,0.00,0.00,,1594,16,79.17,79.17,83.33,83.33,68.91,68.91,72.35,72.35,50.00,50.00
Kyrgyz Republic,KGZ,20200529,3.00,1,2.00,0,2.00,1,4.00,0,2.00,1,2.00,0,2.00,0,4.00,1.00,1,1.00,0.00,0.00,1.00,1,1.00,1.00,0.00,0.00,,1662,16,79.17,79.17,83.33,83.33,68.91,68.91,72.35,72.35,50.00,50.00
Kyrgyz Republic,KGZ,20200530,3.00,1,2.00,0,2.00,1,4.00,0,2.00,1,2.00,0,2.00,0,4.00,1.00,1,1.00,0.00,0.00,1.00,1,1.00,1.00,0.00,0.00,,1722,16,79.17,79.17,83.33,83.33,68.91,68.91,72.35,72.35,50.00,50.00
Kyrgyz Republic,KGZ,20200531,3.00,1,2.00,0,2.00,1,4.00,0,2.00,1,2.00,0,2.00,0,4.00,1.00,1,1.00,0.00,0.00,1.00,1,1.00,1.00,0.00,0.00,,1748,16,79.17,79.17,83.33,83.33,68.91,68.91,72.35,72.35,50.00,50.00
Kyrgyz Republic,KGZ,20200601,3.00,1,2.00,0,2.00,1,4.00,0,2.00,1,2.00,0,2.00,0,4.00,1.00,1,1.00,0.00,0.00,1.00,1,1.00,1.00,0.00,0.00,,1817,16,79.17,79.17,83.33,83.33,68.91,68.91,72.35,72.35,50.00,50.00
Kyrgyz Republic,KGZ,20200602,3.00,1,2.00,0,2.00,1,4.00,0,2.00,1,2.00,0,2.00,0,4.00,1.00,1,1.00,0.00,0.00,1.00,1,1.00,1.00,0.00,0.00,,1845,17,79.17,79.17,83.33,83.33,68.91,68.91,72.35,72.35,50.00,50.00
Kyrgyz Republic,KGZ,20200603,3.00,1,2.00,0,2.00,1,4.00,0,2.00,1,2.00,0,2.00,0,3.00,1.00,1,1.00,0.00,0.00,1.00,1,1.00,1.00,0.00,0.00,,1871,20,76.39,76.39,79.76,79.76,66.99,66.99,70.08,70.08,50.00,50.00
Kyrgyz Republic,KGZ,20200604,3.00,1,2.00,0,2.00,1,4.00,0,2.00,1,2.00,0,2.00,0,3.00,1.00,1,1.00,0.00,0.00,1.00,1,1.00,1.00,0.00,0.00,,1899,20,76.39,76.39,79.76,79.76,66.99,66.99,70.08,70.08,50.00,50.00
Kyrgyz Republic,KGZ,20200605,3.00,1,2.00,0,2.00,1,4.00,0,2.00,1,2.00,0,2.00,0,3.00,1.00,1,1.00,0.00,0.00,1.00,1,1.00,1.00,0.00,0.00,,1936,22,76.39,76.39,79.76,79.76,66.99,66.99,70.08,70.08,50.00,50.00
Kyrgyz Republic,KGZ,20200606,3.00,1,2.00,0,2.00,1,4.00,0,2.00,1,2.00,0,2.00,0,3.00,1.00,1,1.00,0.00,0.00,1.00,1,1.00,1.00,0.00,0.00,,1974,22,76.39,76.39,79.76,79.76,66.99,66.99,70.08,70.08,50.00,50.00
Kyrgyz Republic,KGZ,20200607,3.00,1,2.00,0,2.00,1,4.00,0,2.00,1,2.00,0,2.00,0,3.00,1.00,1,1.00,0.00,0.00,1.00,1,1.00,1.00,0.00,0.00,,2007,22,76.39,76.39,79.76,79.76,66.99,66.99,70.08,70.08,50.00,50.00
Kyrgyz Republic,KGZ,20200608,3.00,1,2.00,0,2.00,1,4.00,0,2.00,1,2.00,0,2.00,0,3.00,1.00,1,1.00,0.00,0.00,1.00,1,1.00,1.00,0.00,0.00,,2032,23,76.39,76.39,79.76,79.76,66.99,66.99,70.08,70.08,50.00,50.00
Kyrgyz Republic,KGZ,20200609,3.00,1,2.00,0,2.00,1,4.00,0,2.00,1,2.00,0,2.00,0,3.00,1.00,1,1.00,0.00,0.00,1.00,1,1.00,1.00,0.00,0.00,,2055,24,76.39,76.39,79.76,79.76,66.99,66.99,70.08,70.08,50.00,50.00
Kyrgyz Republic,KGZ,20200610,3.00,1,2.00,0,2.00,1,4.00,0,2.00,1,2.00,0,2.00,0,3.00,1.00,1,1.00,0.00,0.00,1.00,1,1.00,1.00,0.00,0.00,,2093,26,76.39,76.39,79.76,79.76,66.99,66.99,70.08,70.08,50.00,50.00
Kyrgyz Republic,KGZ,20200611,3.00,1,2.00,0,2.00,1,4.00,0,2.00,1,2.00,0,2.00,0,3.00,1.00,1,1.00,0.00,0.00,1.00,1,1.00,1.00,0.00,0.00,,2129,26,76.39,76.39,79.76,79.76,66.99,66.99,70.08,70.08,50.00,50.00
Kyrgyz Republic,KGZ,20200612,3.00,1,2.00,0,2.00,1,4.00,0,2.00,1,2.00,0,2.00,0,3.00,1.00,1,1.00,0.00,0.00,1.00,1,1.00,1.00,0.00,0.00,,2166,26,76.39,76.39,79.76,79.76,66.99,66.99,70.08,70.08,50.00,50.00
Kyrgyz Republic,KGZ,20200613,3.00,1,2.00,0,2.00,1,4.00,0,2.00,1,2.00,0,2.00,0,3.00,1.00,1,1.00,0.00,0.00,1.00,1,1.00,1.00,0.00,0.00,,2207,27,76.39,76.39,79.76,79.76,66.99,66.99,70.08,70.08,50.00,50.00
Kyrgyz Republic,KGZ,20200614,3.00,1,2.00,0,2.00,1,4.00,0,2.00,1,2.00,0,2.00,0,3.00,1.00,1,1.00,0.00,0.00,1.00,1,1.00,1.00,0.00,0.00,,2285,27,76.39,76.39,79.76,79.76,66.99,66.99,70.08,70.08,50.00,50.00
Kyrgyz Republic,KGZ,20200615,3.00,1,2.00,0,2.00,1,4.00,0,2.00,1,2.00,0,2.00,0,3.00,1.00,1,1.00,0.00,0.00,1.00,1,1.00,1.00,0.00,0.00,,2372,27,76.39,76.39,79.76,79.76,66.99,66.99,70.08,70.08,50.00,50.00
Kyrgyz Republic,KGZ,20200616,3.00,1,2.00,0,2.00,1,4.00,0,2.00,1,2.00,0,2.00,0,3.00,1.00,1,1.00,0.00,0.00,1.00,1,1.00,1.00,0.00,0.00,,2472,28,76.39,76.39,79.76,79.76,66.99,66.99,70.08,70.08,50.00,50.00
Kyrgyz Republic,KGZ,20200617,3.00,1,2.00,0,2.00,1,4.00,0,2.00,1,2.00,0,2.00,0,3.00,1.00,1,1.00,0.00,0.00,1.00,1,1.00,1.00,0.00,0.00,,2562,30,76.39,76.39,79.76,79.76,66.99,66.99,70.08,70.08,50.00,50.00
Kyrgyz Republic,KGZ,20200618,3.00,1,2.00,0,2.00,1,4.00,0,2.00,1,2.00,0,2.00,0,3.00,1.00,1,1.00,0.00,0.00,1.00,1,1.00,1.00,0.00,0.00,,2657,31,76.39,76.39,79.76,79.76,66.99,66.99,70.08,70.08,50.00,50.00
Kyrgyz Republic,KGZ,20200619,3.00,1,2.00,0,2.00,1,4.00,0,2.00,1,2.00,0,2.00,0,3.00,1.00,1,1.00,0.00,0.00,1.00,1,1.00,1.00,0.00,0.00,,2789,32,76.39,76.39,79.76,79.76,66.99,66.99,70.08,70.08,50.00,50.00
Kyrgyz Republic,KGZ,20200620,3.00,1,2.00,0,2.00,1,4.00,0,2.00,0,2.00,0,2.00,0,3.00,1.00,1,1.00,0.00,0.00,1.00,1,1.00,1.00,0.00,0.00,,2981,35,73.61,73.61,75.00,75.00,65.06,65.06,67.80,67.80,50.00,50.00
Kyrgyz Republic,KGZ,20200621,3.00,1,2.00,0,2.00,1,4.00,0,2.00,0,2.00,0,2.00,0,3.00,1.00,1,1.00,0.00,0.00,1.00,1,1.00,1.00,0.00,0.00,,3151,37,73.61,73.61,75.00,75.00,65.06,65.06,67.80,67.80,50.00,50.00
Kyrgyz Republic,KGZ,20200622,3.00,1,2.00,0,2.00,1,4.00,0,2.00,0,2.00,0,2.00,0,3.00,1.00,1,1.00,0.00,0.00,1.00,1,1.00,1.00,0.00,0.00,,3356,40,73.61,73.61,75.00,75.00,65.06,65.06,67.80,67.80,50.00,50.00
Kyrgyz Republic,KGZ,20200623,,,,,,,,,,,,,,,,,,,,,,,,,,,,3519,41,,73.61,,75.00,,65.06,,67.80,,50.00
