Kosovo,RKS,20200101,0.00,,0.00,,0.00,,0.00,,0.00,,0.00,,0.00,,0.00,0.00,,0.00,0.00,0.00,0.00,,0.00,0.00,0.00,0.00,,,,0.00,0.00,0.00,0.00,0.00,0.00,0.00,0.00,0.00,0.00
Kosovo,RKS,20200102,0.00,,0.00,,0.00,,0.00,,0.00,,0.00,,0.00,,0.00,0.00,,0.00,0.00,0.00,0.00,,0.00,0.00,0.00,0.00,,,,0.00,0.00,0.00,0.00,0.00,0.00,0.00,0.00,0.00,0.00
Kosovo,RKS,20200103,0.00,,0.00,,0.00,,0.00,,0.00,,0.00,,0.00,,0.00,0.00,,0.00,0.00,0.00,0.00,,0.00,0.00,0.00,0.00,,,,0.00,0.00,0.00,0.00,0.00,0.00,0.00,0.00,0.00,0.00
Kosovo,RKS,20200104,0.00,,0.00,,0.00,,0.00,,0.00,,0.00,,0.00,,0.00,0.00,,0.00,0.00,0.00,0.00,,0.00,0.00,0.00,0.00,,,,0.00,0.00,0.00,0.00,0.00,0.00,0.00,0.00,0.00,0.00
Kosovo,RKS,20200105,0.00,,0.00,,0.00,,0.00,,0.00,,0.00,,0.00,,0.00,0.00,,0.00,0.00,0.00,0.00,,0.00,0.00,0.00,0.00,,,,0.00,0.00,0.00,0.00,0.00,0.00,0.00,0.00,0.00,0.00
Kosovo,RKS,20200106,0.00,,0.00,,0.00,,0.00,,0.00,,0.00,,0.00,,0.00,0.00,,0.00,0.00,0.00,0.00,,0.00,0.00,0.00,0.00,,,,0.00,0.00,0.00,0.00,0.00,0.00,0.00,0.00,0.00,0.00
Kosovo,RKS,20200107,0.00,,0.00,,0.00,,0.00,,0.00,,0.00,,0.00,,0.00,0.00,,0.00,0.00,0.00,0.00,,0.00,0.00,0.00,0.00,,,,0.00,0.00,0.00,0.00,0.00,0.00,0.00,0.00,0.00,0.00
Kosovo,RKS,20200108,0.00,,0.00,,0.00,,0.00,,0.00,,0.00,,0.00,,0.00,0.00,,0.00,0.00,0.00,0.00,,0.00,0.00,0.00,0.00,,,,0.00,0.00,0.00,0.00,0.00,0.00,0.00,0.00,0.00,0.00
Kosovo,RKS,20200109,0.00,,0.00,,0.00,,0.00,,0.00,,0.00,,0.00,,0.00,0.00,,0.00,0.00,0.00,0.00,,0.00,0.00,0.00,0.00,,,,0.00,0.00,0.00,0.00,0.00,0.00,0.00,0.00,0.00,0.00
Kosovo,RKS,20200110,0.00,,0.00,,0.00,,0.00,,0.00,,0.00,,0.00,,0.00,0.00,,0.00,0.00,0.00,0.00,,0.00,0.00,0.00,0.00,,,,0.00,0.00,0.00,0.00,0.00,0.00,0.00,0.00,0.00,0.00
Kosovo,RKS,20200111,0.00,,0.00,,0.00,,0.00,,0.00,,0.00,,0.00,,0.00,0.00,,0.00,0.00,0.00,0.00,,0.00,0.00,0.00,0.00,,,,0.00,0.00,0.00,0.00,0.00,0.00,0.00,0.00,0.00,0.00
Kosovo,RKS,20200112,0.00,,0.00,,0.00,,0.00,,0.00,,0.00,,0.00,,0.00,0.00,,0.00,0.00,0.00,0.00,,0.00,0.00,0.00,0.00,,,,0.00,0.00,0.00,0.00,0.00,0.00,0.00,0.00,0.00,0.00
Kosovo,RKS,20200113,0.00,,0.00,,0.00,,0.00,,0.00,,0.00,,0.00,,0.00,0.00,,0.00,0.00,0.00,0.00,,0.00,0.00,0.00,0.00,,,,0.00,0.00,0.00,0.00,0.00,0.00,0.00,0.00,0.00,0.00
Kosovo,RKS,20200114,0.00,,0.00,,0.00,,0.00,,0.00,,0.00,,0.00,,0.00,0.00,,0.00,0.00,0.00,0.00,,0.00,0.00,0.00,0.00,,,,0.00,0.00,0.00,0.00,0.00,0.00,0.00,0.00,0.00,0.00
Kosovo,RKS,20200115,0.00,,0.00,,0.00,,0.00,,0.00,,0.00,,0.00,,0.00,0.00,,0.00,0.00,0.00,0.00,,0.00,0.00,0.00,0.00,,,,0.00,0.00,0.00,0.00,0.00,0.00,0.00,0.00,0.00,0.00
Kosovo,RKS,20200116,0.00,,0.00,,0.00,,0.00,,0.00,,0.00,,0.00,,0.00,0.00,,0.00,0.00,0.00,0.00,,0.00,0.00,0.00,0.00,,,,0.00,0.00,0.00,0.00,0.00,0.00,0.00,0.00,0.00,0.00
Kosovo,RKS,20200117,0.00,,0.00,,0.00,,0.00,,0.00,,0.00,,0.00,,0.00,0.00,,0.00,0.00,0.00,0.00,,0.00,0.00,0.00,0.00,,,,0.00,0.00,0.00,0.00,0.00,0.00,0.00,0.00,0.00,0.00
Kosovo,RKS,20200118,0.00,,0.00,,0.00,,0.00,,0.00,,0.00,,0.00,,0.00,0.00,,0.00,0.00,0.00,0.00,,0.00,0.00,0.00,0.00,,,,0.00,0.00,0.00,0.00,0.00,0.00,0.00,0.00,0.00,0.00
Kosovo,RKS,20200119,0.00,,0.00,,0.00,,0.00,,0.00,,0.00,,0.00,,0.00,0.00,,0.00,0.00,0.00,0.00,,0.00,0.00,0.00,0.00,,,,0.00,0.00,0.00,0.00,0.00,0.00,0.00,0.00,0.00,0.00
Kosovo,RKS,20200120,0.00,,0.00,,0.00,,0.00,,0.00,,0.00,,0.00,,0.00,0.00,,0.00,0.00,0.00,0.00,,0.00,0.00,0.00,0.00,,,,0.00,0.00,0.00,0.00,0.00,0.00,0.00,0.00,0.00,0.00
Kosovo,RKS,20200121,0.00,,0.00,,0.00,,0.00,,0.00,,0.00,,0.00,,0.00,0.00,,0.00,0.00,0.00,0.00,,0.00,0.00,0.00,0.00,,,,0.00,0.00,0.00,0.00,0.00,0.00,0.00,0.00,0.00,0.00
Kosovo,RKS,20200122,0.00,,0.00,,0.00,,0.00,,0.00,,0.00,,0.00,,0.00,0.00,,0.00,0.00,0.00,0.00,,0.00,0.00,0.00,0.00,,0,0,0.00,0.00,0.00,0.00,0.00,0.00,0.00,0.00,0.00,0.00
Kosovo,RKS,20200123,0.00,,0.00,,0.00,,0.00,,0.00,,0.00,,0.00,,0.00,0.00,,0.00,0.00,0.00,0.00,,0.00,0.00,0.00,0.00,,0,0,0.00,0.00,0.00,0.00,0.00,0.00,0.00,0.00,0.00,0.00
Kosovo,RKS,20200124,0.00,,0.00,,0.00,,0.00,,0.00,,0.00,,0.00,,0.00,0.00,,0.00,0.00,0.00,0.00,,0.00,0.00,0.00,0.00,,0,0,0.00,0.00,0.00,0.00,0.00,0.00,0.00,0.00,0.00,0.00
Kosovo,RKS,20200125,0.00,,0.00,,0.00,,0.00,,0.00,,0.00,,0.00,,0.00,0.00,,0.00,0.00,0.00,0.00,,0.00,0.00,0.00,0.00,,0,0,0.00,0.00,0.00,0.00,0.00,0.00,0.00,0.00,0.00,0.00
Kosovo,RKS,20200126,0.00,,0.00,,0.00,,0.00,,0.00,,0.00,,0.00,,0.00,0.00,,0.00,0.00,0.00,0.00,,0.00,0.00,0.00,0.00,,0,0,0.00,0.00,0.00,0.00,0.00,0.00,0.00,0.00,0.00,0.00
Kosovo,RKS,20200127,0.00,,0.00,,0.00,,0.00,,0.00,,0.00,,0.00,,0.00,0.00,,0.00,0.00,0.00,0.00,,0.00,0.00,0.00,0.00,,0,0,0.00,0.00,0.00,0.00,0.00,0.00,0.00,0.00,0.00,0.00
Kosovo,RKS,20200128,0.00,,0.00,,0.00,,0.00,,0.00,,0.00,,0.00,,0.00,0.00,,0.00,0.00,0.00,0.00,,0.00,0.00,0.00,0.00,,0,0,0.00,0.00,0.00,0.00,0.00,0.00,0.00,0.00,0.00,0.00
Kosovo,RKS,20200129,0.00,,0.00,,0.00,,0.00,,0.00,,0.00,,0.00,,0.00,0.00,,0.00,0.00,0.00,0.00,,0.00,0.00,0.00,0.00,,0,0,0.00,0.00,0.00,0.00,0.00,0.00,0.00,0.00,0.00,0.00
Kosovo,RKS,20200130,0.00,,0.00,,0.00,,0.00,,0.00,,0.00,,0.00,,0.00,0.00,,0.00,0.00,0.00,0.00,,0.00,0.00,0.00,0.00,,0,0,0.00,0.00,0.00,0.00,0.00,0.00,0.00,0.00,0.00,0.00
Kosovo,RKS,20200131,0.00,,0.00,,0.00,,0.00,,0.00,,0.00,,0.00,,0.00,0.00,,0.00,0.00,0.00,0.00,,0.00,0.00,0.00,0.00,,0,0,0.00,0.00,0.00,0.00,0.00,0.00,0.00,0.00,0.00,0.00
Kosovo,RKS,20200201,0.00,,0.00,,0.00,,0.00,,0.00,,0.00,,0.00,,0.00,0.00,,0.00,0.00,0.00,0.00,,0.00,0.00,0.00,0.00,,0,0,0.00,0.00,0.00,0.00,0.00,0.00,0.00,0.00,0.00,0.00
Kosovo,RKS,20200202,0.00,,0.00,,0.00,,0.00,,0.00,,0.00,,0.00,,0.00,0.00,,0.00,0.00,0.00,0.00,,0.00,0.00,0.00,0.00,,0,0,0.00,0.00,0.00,0.00,0.00,0.00,0.00,0.00,0.00,0.00
Kosovo,RKS,20200203,0.00,,0.00,,0.00,,0.00,,0.00,,0.00,,0.00,,0.00,0.00,,0.00,0.00,0.00,0.00,,0.00,0.00,0.00,0.00,,0,0,0.00,0.00,0.00,0.00,0.00,0.00,0.00,0.00,0.00,0.00
Kosovo,RKS,20200204,0.00,,0.00,,0.00,,0.00,,0.00,,0.00,,0.00,,0.00,0.00,,0.00,0.00,0.00,0.00,,0.00,0.00,0.00,0.00,,0,0,0.00,0.00,0.00,0.00,0.00,0.00,0.00,0.00,0.00,0.00
Kosovo,RKS,20200205,0.00,,0.00,,0.00,,0.00,,0.00,,0.00,,0.00,,0.00,0.00,,0.00,0.00,0.00,0.00,,0.00,0.00,0.00,0.00,,0,0,0.00,0.00,0.00,0.00,0.00,0.00,0.00,0.00,0.00,0.00
Kosovo,RKS,20200206,0.00,,0.00,,0.00,,0.00,,0.00,,0.00,,0.00,,0.00,0.00,,0.00,0.00,0.00,0.00,,0.00,0.00,0.00,0.00,,0,0,0.00,0.00,0.00,0.00,0.00,0.00,0.00,0.00,0.00,0.00
Kosovo,RKS,20200207,0.00,,0.00,,0.00,,0.00,,0.00,,0.00,,0.00,,0.00,0.00,,0.00,0.00,0.00,0.00,,0.00,0.00,0.00,0.00,,0,0,0.00,0.00,0.00,0.00,0.00,0.00,0.00,0.00,0.00,0.00
Kosovo,RKS,20200208,0.00,,0.00,,0.00,,0.00,,0.00,,0.00,,0.00,,0.00,0.00,,0.00,0.00,0.00,0.00,,0.00,0.00,0.00,0.00,,0,0,0.00,0.00,0.00,0.00,0.00,0.00,0.00,0.00,0.00,0.00
Kosovo,RKS,20200209,0.00,,0.00,,0.00,,0.00,,0.00,,0.00,,0.00,,0.00,0.00,,0.00,0.00,0.00,0.00,,0.00,0.00,0.00,0.00,,0,0,0.00,0.00,0.00,0.00,0.00,0.00,0.00,0.00,0.00,0.00
Kosovo,RKS,20200210,0.00,,0.00,,0.00,,0.00,,0.00,,0.00,,0.00,,0.00,0.00,,0.00,0.00,0.00,0.00,,0.00,0.00,0.00,0.00,,0,0,0.00,0.00,0.00,0.00,0.00,0.00,0.00,0.00,0.00,0.00
Kosovo,RKS,20200211,0.00,,0.00,,0.00,,0.00,,0.00,,0.00,,0.00,,0.00,0.00,,0.00,0.00,0.00,0.00,,0.00,0.00,0.00,0.00,,0,0,0.00,0.00,0.00,0.00,0.00,0.00,0.00,0.00,0.00,0.00
Kosovo,RKS,20200212,0.00,,0.00,,0.00,,0.00,,0.00,,0.00,,0.00,,0.00,0.00,,0.00,0.00,0.00,0.00,,0.00,0.00,0.00,0.00,,0,0,0.00,0.00,0.00,0.00,0.00,0.00,0.00,0.00,0.00,0.00
Kosovo,RKS,20200213,0.00,,0.00,,0.00,,0.00,,0.00,,0.00,,0.00,,0.00,0.00,,0.00,0.00,0.00,0.00,,0.00,0.00,0.00,0.00,,0,0,0.00,0.00,0.00,0.00,0.00,0.00,0.00,0.00,0.00,0.00
Kosovo,RKS,20200214,0.00,,0.00,,0.00,,0.00,,0.00,,0.00,,0.00,,0.00,0.00,,0.00,0.00,0.00,0.00,,0.00,0.00,0.00,0.00,,0,0,0.00,0.00,0.00,0.00,0.00,0.00,0.00,0.00,0.00,0.00
Kosovo,RKS,20200215,0.00,,0.00,,0.00,,0.00,,0.00,,0.00,,0.00,,0.00,0.00,,0.00,0.00,0.00,0.00,,0.00,0.00,0.00,0.00,,0,0,0.00,0.00,0.00,0.00,0.00,0.00,0.00,0.00,0.00,0.00
Kosovo,RKS,20200216,0.00,,0.00,,0.00,,0.00,,0.00,,0.00,,0.00,,0.00,0.00,,0.00,0.00,0.00,0.00,,0.00,0.00,0.00,0.00,,0,0,0.00,0.00,0.00,0.00,0.00,0.00,0.00,0.00,0.00,0.00
Kosovo,RKS,20200217,0.00,,0.00,,0.00,,0.00,,0.00,,0.00,,0.00,,0.00,0.00,,0.00,0.00,0.00,0.00,,0.00,0.00,0.00,0.00,,0,0,0.00,0.00,0.00,0.00,0.00,0.00,0.00,0.00,0.00,0.00
Kosovo,RKS,20200218,0.00,,0.00,,0.00,,0.00,,0.00,,0.00,,0.00,,0.00,0.00,,0.00,0.00,0.00,0.00,,0.00,0.00,0.00,0.00,,0,0,0.00,0.00,0.00,0.00,0.00,0.00,0.00,0.00,0.00,0.00
Kosovo,RKS,20200219,0.00,,0.00,,0.00,,0.00,,0.00,,0.00,,0.00,,0.00,0.00,,0.00,0.00,0.00,0.00,,0.00,0.00,0.00,0.00,,0,0,0.00,0.00,0.00,0.00,0.00,0.00,0.00,0.00,0.00,0.00
Kosovo,RKS,20200220,0.00,,0.00,,0.00,,0.00,,0.00,,0.00,,0.00,,0.00,0.00,,0.00,0.00,0.00,0.00,,0.00,0.00,0.00,0.00,,0,0,0.00,0.00,0.00,0.00,0.00,0.00,0.00,0.00,0.00,0.00
Kosovo,RKS,20200221,0.00,,0.00,,0.00,,0.00,,0.00,,0.00,,0.00,,0.00,0.00,,0.00,0.00,0.00,0.00,,0.00,0.00,0.00,0.00,,0,0,0.00,0.00,0.00,0.00,0.00,0.00,0.00,0.00,0.00,0.00
Kosovo,RKS,20200222,0.00,,0.00,,0.00,,0.00,,0.00,,0.00,,0.00,,0.00,0.00,,0.00,0.00,0.00,0.00,,0.00,0.00,0.00,0.00,,0,0,0.00,0.00,0.00,0.00,0.00,0.00,0.00,0.00,0.00,0.00
Kosovo,RKS,20200223,0.00,,0.00,,0.00,,0.00,,0.00,,0.00,,0.00,,0.00,0.00,,0.00,0.00,0.00,0.00,,0.00,0.00,0.00,0.00,,0,0,0.00,0.00,0.00,0.00,0.00,0.00,0.00,0.00,0.00,0.00
Kosovo,RKS,20200224,0.00,,0.00,,0.00,,0.00,,0.00,,0.00,,0.00,,0.00,0.00,,0.00,0.00,0.00,0.00,,0.00,0.00,0.00,0.00,,0,0,0.00,0.00,0.00,0.00,0.00,0.00,0.00,0.00,0.00,0.00
Kosovo,RKS,20200225,0.00,,0.00,,0.00,,0.00,,0.00,,0.00,,0.00,,0.00,0.00,,0.00,0.00,0.00,0.00,,0.00,0.00,0.00,0.00,,0,0,0.00,0.00,0.00,0.00,0.00,0.00,0.00,0.00,0.00,0.00
Kosovo,RKS,20200226,0.00,,0.00,,0.00,,0.00,,0.00,,0.00,,0.00,,0.00,0.00,,0.00,0.00,0.00,0.00,,0.00,0.00,0.00,0.00,,0,0,0.00,0.00,0.00,0.00,0.00,0.00,0.00,0.00,0.00,0.00
Kosovo,RKS,20200227,0.00,,0.00,,0.00,,0.00,,0.00,,0.00,,0.00,,0.00,0.00,,0.00,0.00,0.00,0.00,,0.00,0.00,0.00,0.00,,0,0,0.00,0.00,0.00,0.00,0.00,0.00,0.00,0.00,0.00,0.00
Kosovo,RKS,20200228,0.00,,0.00,,0.00,,0.00,,0.00,,0.00,,0.00,,0.00,0.00,,0.00,0.00,0.00,0.00,,0.00,0.00,0.00,0.00,,0,0,0.00,0.00,0.00,0.00,0.00,0.00,0.00,0.00,0.00,0.00
Kosovo,RKS,20200229,0.00,,0.00,,0.00,,0.00,,0.00,,0.00,,0.00,,0.00,0.00,,0.00,0.00,0.00,0.00,,0.00,0.00,0.00,0.00,,0,0,0.00,0.00,0.00,0.00,0.00,0.00,0.00,0.00,0.00,0.00
Kosovo,RKS,20200301,0.00,,0.00,,0.00,,0.00,,0.00,,0.00,,0.00,,0.00,0.00,,0.00,0.00,0.00,0.00,,0.00,0.00,0.00,0.00,,0,0,0.00,0.00,0.00,0.00,0.00,0.00,0.00,0.00,0.00,0.00
Kosovo,RKS,20200302,0.00,,0.00,,0.00,,0.00,,0.00,,0.00,,0.00,,0.00,0.00,,0.00,0.00,0.00,0.00,,0.00,0.00,0.00,0.00,,0,0,0.00,0.00,0.00,0.00,0.00,0.00,0.00,0.00,0.00,0.00
Kosovo,RKS,20200303,0.00,,0.00,,0.00,,0.00,,0.00,,0.00,,0.00,,0.00,0.00,,0.00,0.00,0.00,0.00,,0.00,0.00,0.00,0.00,,0,0,0.00,0.00,0.00,0.00,0.00,0.00,0.00,0.00,0.00,0.00
Kosovo,RKS,20200304,0.00,,0.00,,0.00,,0.00,,0.00,,0.00,,0.00,,0.00,0.00,,0.00,0.00,0.00,0.00,,0.00,0.00,0.00,0.00,,0,0,0.00,0.00,0.00,0.00,0.00,0.00,0.00,0.00,0.00,0.00
Kosovo,RKS,20200305,0.00,,0.00,,0.00,,0.00,,0.00,,0.00,,0.00,,0.00,0.00,,0.00,0.00,0.00,0.00,,0.00,0.00,0.00,0.00,,0,0,0.00,0.00,0.00,0.00,0.00,0.00,0.00,0.00,0.00,0.00
Kosovo,RKS,20200306,0.00,,0.00,,0.00,,0.00,,0.00,,0.00,,0.00,,0.00,0.00,,0.00,0.00,0.00,0.00,,0.00,0.00,0.00,0.00,,0,0,0.00,0.00,0.00,0.00,0.00,0.00,0.00,0.00,0.00,0.00
Kosovo,RKS,20200307,0.00,,0.00,,0.00,,0.00,,0.00,,0.00,,0.00,,0.00,0.00,,0.00,0.00,0.00,0.00,,0.00,0.00,0.00,0.00,,0,0,0.00,0.00,0.00,0.00,0.00,0.00,0.00,0.00,0.00,0.00
Kosovo,RKS,20200308,0.00,,0.00,,0.00,,0.00,,0.00,,0.00,,0.00,,0.00,0.00,,0.00,0.00,0.00,1.00,1,0.00,0.00,0.00,0.00,,0,0,5.56,5.56,9.52,9.52,3.85,3.85,4.55,4.55,0.00,0.00
Kosovo,RKS,20200309,0.00,,0.00,,0.00,,0.00,,0.00,,0.00,,0.00,,0.00,0.00,,0.00,0.00,0.00,1.00,1,0.00,0.00,0.00,0.00,,0,0,5.56,5.56,9.52,9.52,3.85,3.85,4.55,4.55,0.00,0.00
Kosovo,RKS,20200310,0.00,,0.00,,0.00,,0.00,,0.00,,0.00,,0.00,,0.00,0.00,,0.00,0.00,0.00,1.00,1,0.00,0.00,0.00,0.00,,0,0,5.56,5.56,9.52,9.52,3.85,3.85,4.55,4.55,0.00,0.00
Kosovo,RKS,20200311,0.00,,0.00,,2.00,1,3.00,1,0.00,,0.00,,0.00,,0.00,0.00,,0.00,0.00,0.00,1.00,1,0.00,0.00,0.00,0.00,,0,0,25.00,25.00,23.81,23.81,17.31,17.31,20.45,20.45,0.00,0.00
Kosovo,RKS,20200312,3.00,1,0.00,,2.00,1,3.00,1,0.00,,0.00,,0.00,,2.00,0.00,,0.00,0.00,0.00,1.00,1,0.00,0.00,0.00,0.00,,0,0,41.67,41.67,45.24,45.24,28.85,28.85,34.09,34.09,0.00,0.00
Kosovo,RKS,20200313,3.00,1,0.00,,2.00,1,3.00,1,2.00,1,2.00,0,2.00,0,4.00,0.00,,0.00,0.00,0.00,1.00,1,1.00,1.00,0.00,0.00,,0,0,72.22,72.22,76.19,76.19,56.41,56.41,66.67,66.67,0.00,0.00
Kosovo,RKS,20200314,3.00,1,0.00,,2.00,1,3.00,1,2.00,1,2.00,0,2.00,0,4.00,0.00,,0.00,0.00,0.00,1.00,1,1.00,1.00,0.00,0.00,,0,0,72.22,72.22,76.19,76.19,56.41,56.41,66.67,66.67,0.00,0.00
Kosovo,RKS,20200315,3.00,1,2.00,1,2.00,1,3.00,1,2.00,1,2.00,0,2.00,0,4.00,0.00,,0.00,0.00,0.00,2.00,1,1.00,1.00,0.00,0.00,,0,0,85.19,85.19,91.67,91.67,65.38,65.38,77.27,77.27,0.00,0.00
Kosovo,RKS,20200316,3.00,1,2.00,1,2.00,1,3.00,1,2.00,1,2.00,0,2.00,0,4.00,0.00,,0.00,0.00,0.00,2.00,1,1.00,1.00,0.00,0.00,,0,0,85.19,85.19,91.67,91.67,65.38,65.38,77.27,77.27,0.00,0.00
Kosovo,RKS,20200317,3.00,1,2.00,1,2.00,1,3.00,1,2.00,1,2.00,0,2.00,0,4.00,0.00,,0.00,0.00,0.00,2.00,1,1.00,1.00,0.00,0.00,,0,0,85.19,85.19,91.67,91.67,65.38,65.38,77.27,77.27,0.00,0.00
Kosovo,RKS,20200318,3.00,1,2.00,1,2.00,1,3.00,1,2.00,1,2.00,0,2.00,0,4.00,0.00,,1.00,0.00,0.00,2.00,1,1.00,1.00,0.00,0.00,,0,0,85.19,85.19,91.67,91.67,69.23,69.23,77.27,77.27,25.00,25.00
Kosovo,RKS,20200319,3.00,1,2.00,1,2.00,1,3.00,1,2.00,1,2.00,0,2.00,0,4.00,0.00,,1.00,0.00,0.00,2.00,1,1.00,1.00,0.00,0.00,,0,0,85.19,85.19,91.67,91.67,69.23,69.23,77.27,77.27,25.00,25.00
Kosovo,RKS,20200320,3.00,1,2.00,1,2.00,1,3.00,1,2.00,1,2.00,0,2.00,0,4.00,0.00,,1.00,0.00,0.00,2.00,1,1.00,1.00,0.00,0.00,,0,0,85.19,85.19,91.67,91.67,69.23,69.23,77.27,77.27,25.00,25.00
Kosovo,RKS,20200321,3.00,1,2.00,1,2.00,1,3.00,1,2.00,1,2.00,0,2.00,0,4.00,0.00,,1.00,0.00,0.00,2.00,1,1.00,1.00,0.00,0.00,,0,0,85.19,85.19,91.67,91.67,69.23,69.23,77.27,77.27,25.00,25.00
Kosovo,RKS,20200322,3.00,1,2.00,1,2.00,1,3.00,1,2.00,1,2.00,0,2.00,0,4.00,0.00,,1.00,0.00,0.00,2.00,1,1.00,1.00,0.00,0.00,,0,0,85.19,85.19,91.67,91.67,69.23,69.23,77.27,77.27,25.00,25.00
Kosovo,RKS,20200323,3.00,1,2.00,1,2.00,1,4.00,1,2.00,1,2.00,0,2.00,0,4.00,0.00,,1.00,0.00,0.00,2.00,1,1.00,1.00,0.00,0.00,,0,0,87.96,87.96,91.67,91.67,71.15,71.15,79.55,79.55,25.00,25.00
Kosovo,RKS,20200324,3.00,1,2.00,1,2.00,1,4.00,1,2.00,1,2.00,1,2.00,1,4.00,0.00,,1.00,0.00,0.00,2.00,1,1.00,1.00,0.00,0.00,,0,0,92.59,92.59,96.43,96.43,74.36,74.36,83.33,83.33,25.00,25.00
Kosovo,RKS,20200325,3.00,1,2.00,1,2.00,1,4.00,1,2.00,1,2.00,1,2.00,1,4.00,0.00,,1.00,0.00,0.00,2.00,1,1.00,1.00,0.00,0.00,,0,0,92.59,92.59,96.43,96.43,74.36,74.36,83.33,83.33,25.00,25.00
Kosovo,RKS,20200326,3.00,1,2.00,1,2.00,1,4.00,1,2.00,1,2.00,1,2.00,1,4.00,0.00,,1.00,0.00,0.00,2.00,1,1.00,1.00,0.00,0.00,,71,1,92.59,92.59,96.43,96.43,74.36,74.36,83.33,83.33,25.00,25.00
Kosovo,RKS,20200327,3.00,1,2.00,1,2.00,1,4.00,1,2.00,1,2.00,1,2.00,1,4.00,0.00,,1.00,0.00,0.00,2.00,1,1.00,1.00,0.00,0.00,,86,1,92.59,92.59,96.43,96.43,74.36,74.36,83.33,83.33,25.00,25.00
Kosovo,RKS,20200328,3.00,1,2.00,1,2.00,1,4.00,1,2.00,1,2.00,1,2.00,1,4.00,0.00,,1.00,0.00,0.00,2.00,1,1.00,1.00,0.00,0.00,,91,1,92.59,92.59,96.43,96.43,74.36,74.36,83.33,83.33,25.00,25.00
Kosovo,RKS,20200329,3.00,1,2.00,1,2.00,1,4.00,1,2.00,1,2.00,1,2.00,1,4.00,0.00,,1.00,0.00,0.00,2.00,1,1.00,1.00,0.00,0.00,,94,1,92.59,92.59,96.43,96.43,74.36,74.36,83.33,83.33,25.00,25.00
Kosovo,RKS,20200330,3.00,1,2.00,1,2.00,1,4.00,1,2.00,1,2.00,1,2.00,1,4.00,1.00,0,1.00,198774000.00,0.00,2.00,1,1.00,1.00,0.00,0.00,,94,1,92.59,92.59,96.43,96.43,76.28,76.28,83.33,83.33,37.50,37.50
Kosovo,RKS,20200331,3.00,1,2.00,1,2.00,1,4.00,1,2.00,1,2.00,1,2.00,1,4.00,1.00,0,1.00,0.00,0.00,2.00,1,1.00,1.00,0.00,0.00,,112,1,92.59,92.59,96.43,96.43,76.28,76.28,83.33,83.33,37.50,37.50
Kosovo,RKS,20200401,3.00,1,2.00,1,2.00,1,4.00,1,2.00,1,2.00,1,2.00,1,4.00,1.00,0,2.00,0.00,0.00,2.00,1,1.00,1.00,0.00,0.00,,125,1,92.59,92.59,96.43,96.43,80.13,80.13,83.33,83.33,62.50,62.50
Kosovo,RKS,20200402,3.00,1,2.00,1,2.00,1,4.00,1,2.00,1,2.00,1,2.00,1,4.00,1.00,0,2.00,0.00,0.00,2.00,1,1.00,1.00,0.00,0.00,,125,1,92.59,92.59,96.43,96.43,80.13,80.13,83.33,83.33,62.50,62.50
Kosovo,RKS,20200403,3.00,1,2.00,1,2.00,1,4.00,1,2.00,1,2.00,1,2.00,1,4.00,1.00,0,2.00,0.00,0.00,2.00,1,1.00,1.00,0.00,0.00,,126,1,92.59,92.59,96.43,96.43,80.13,80.13,83.33,83.33,62.50,62.50
Kosovo,RKS,20200404,3.00,1,2.00,1,2.00,1,4.00,1,2.00,1,2.00,1,2.00,1,4.00,1.00,0,2.00,0.00,0.00,2.00,1,1.00,1.00,0.00,0.00,,135,1,92.59,92.59,96.43,96.43,80.13,80.13,83.33,83.33,62.50,62.50
Kosovo,RKS,20200405,3.00,1,2.00,1,2.00,1,4.00,1,2.00,1,2.00,1,2.00,1,4.00,1.00,0,2.00,0.00,0.00,2.00,1,1.00,1.00,0.00,0.00,,145,1,92.59,92.59,96.43,96.43,80.13,80.13,83.33,83.33,62.50,62.50
Kosovo,RKS,20200406,3.00,1,2.00,1,2.00,1,4.00,1,2.00,1,2.00,1,2.00,1,4.00,1.00,0,2.00,0.00,0.00,2.00,1,1.00,1.00,0.00,0.00,,145,1,92.59,92.59,96.43,96.43,80.13,80.13,83.33,83.33,62.50,62.50
Kosovo,RKS,20200407,3.00,1,2.00,1,2.00,1,4.00,1,2.00,1,2.00,1,2.00,1,4.00,1.00,0,2.00,0.00,0.00,2.00,1,1.00,1.00,0.00,0.00,,170,4,92.59,92.59,96.43,96.43,80.13,80.13,83.33,83.33,62.50,62.50
Kosovo,RKS,20200408,3.00,1,2.00,1,2.00,1,4.00,1,2.00,1,2.00,1,2.00,1,4.00,1.00,0,2.00,0.00,0.00,2.00,1,1.00,1.00,0.00,0.00,,184,5,92.59,92.59,96.43,96.43,80.13,80.13,83.33,83.33,62.50,62.50
Kosovo,RKS,20200409,3.00,1,2.00,1,2.00,1,4.00,1,2.00,1,2.00,1,2.00,1,4.00,1.00,0,2.00,0.00,0.00,2.00,1,1.00,1.00,0.00,0.00,,184,5,92.59,92.59,96.43,96.43,80.13,80.13,83.33,83.33,62.50,62.50
Kosovo,RKS,20200410,3.00,1,2.00,1,2.00,1,4.00,1,2.00,1,2.00,1,2.00,1,4.00,1.00,0,2.00,0.00,0.00,2.00,1,1.00,1.00,0.00,0.00,,250,7,92.59,92.59,96.43,96.43,80.13,80.13,83.33,83.33,62.50,62.50
Kosovo,RKS,20200411,3.00,1,2.00,1,2.00,1,4.00,1,2.00,1,2.00,1,2.00,1,4.00,1.00,0,2.00,0.00,0.00,2.00,1,1.00,1.00,0.00,0.00,,283,7,92.59,92.59,96.43,96.43,80.13,80.13,83.33,83.33,62.50,62.50
Kosovo,RKS,20200412,3.00,1,2.00,1,2.00,1,4.00,1,2.00,1,2.00,1,2.00,1,4.00,1.00,0,2.00,0.00,0.00,2.00,1,1.00,1.00,0.00,0.00,,283,7,92.59,92.59,96.43,96.43,80.13,80.13,83.33,83.33,62.50,62.50
Kosovo,RKS,20200413,3.00,1,2.00,1,2.00,1,4.00,1,2.00,1,2.00,1,2.00,1,4.00,1.00,0,2.00,0.00,0.00,2.00,1,1.00,1.00,0.00,0.00,,283,7,92.59,92.59,96.43,96.43,80.13,80.13,83.33,83.33,62.50,62.50
Kosovo,RKS,20200414,3.00,1,2.00,1,2.00,1,4.00,1,2.00,1,2.00,1,2.00,1,4.00,1.00,0,2.00,0.00,0.00,2.00,1,1.00,1.00,0.00,0.00,,387,8,92.59,92.59,96.43,96.43,80.13,80.13,83.33,83.33,62.50,62.50
Kosovo,RKS,20200415,3.00,1,2.00,1,2.00,1,4.00,1,2.00,1,2.00,1,2.00,1,4.00,1.00,0,2.00,0.00,0.00,2.00,1,1.00,1.00,0.00,0.00,,387,8,92.59,92.59,96.43,96.43,80.13,80.13,83.33,83.33,62.50,62.50
Kosovo,RKS,20200416,3.00,1,2.00,1,2.00,1,4.00,1,2.00,1,2.00,1,2.00,1,4.00,1.00,0,2.00,0.00,0.00,2.00,1,1.00,1.00,0.00,0.00,,449,11,92.59,92.59,96.43,96.43,80.13,80.13,83.33,83.33,62.50,62.50
Kosovo,RKS,20200417,3.00,1,2.00,1,2.00,1,4.00,1,2.00,1,2.00,1,2.00,1,4.00,1.00,0,2.00,0.00,0.00,2.00,1,1.00,1.00,0.00,0.00,,480,12,92.59,92.59,96.43,96.43,80.13,80.13,83.33,83.33,62.50,62.50
Kosovo,RKS,20200418,3.00,1,2.00,1,2.00,1,4.00,1,2.00,1,2.00,1,2.00,1,4.00,1.00,0,2.00,0.00,0.00,2.00,1,1.00,1.00,0.00,0.00,,510,12,92.59,92.59,96.43,96.43,80.13,80.13,83.33,83.33,62.50,62.50
Kosovo,RKS,20200419,3.00,1,2.00,1,2.00,1,4.00,1,2.00,1,2.00,1,2.00,1,4.00,1.00,0,2.00,0.00,0.00,2.00,1,1.00,1.00,0.00,0.00,,561,12,92.59,92.59,96.43,96.43,80.13,80.13,83.33,83.33,62.50,62.50
Kosovo,RKS,20200420,3.00,1,2.00,1,2.00,1,4.00,1,2.00,1,2.00,1,2.00,1,4.00,1.00,0,2.00,0.00,0.00,2.00,1,1.00,1.00,0.00,0.00,,598,15,92.59,92.59,96.43,96.43,80.13,80.13,83.33,83.33,62.50,62.50
Kosovo,RKS,20200421,3.00,1,2.00,1,2.00,1,4.00,1,2.00,1,2.00,1,2.00,1,4.00,1.00,0,2.00,0.00,0.00,2.00,1,1.00,1.00,0.00,0.00,,604,18,92.59,92.59,96.43,96.43,80.13,80.13,83.33,83.33,62.50,62.50
Kosovo,RKS,20200422,3.00,1,2.00,1,2.00,1,4.00,1,2.00,1,2.00,1,2.00,1,4.00,1.00,0,2.00,0.00,0.00,2.00,1,1.00,1.00,0.00,0.00,,630,18,92.59,92.59,96.43,96.43,80.13,80.13,83.33,83.33,62.50,62.50
Kosovo,RKS,20200423,3.00,1,2.00,1,2.00,1,4.00,1,2.00,1,2.00,1,2.00,1,4.00,1.00,0,2.00,0.00,0.00,2.00,1,1.00,1.00,0.00,0.00,,669,19,92.59,92.59,96.43,96.43,80.13,80.13,83.33,83.33,62.50,62.50
Kosovo,RKS,20200424,3.00,1,2.00,1,2.00,1,4.00,1,2.00,1,2.00,1,2.00,1,4.00,1.00,0,2.00,0.00,0.00,2.00,1,1.00,1.00,0.00,0.00,,703,19,92.59,92.59,96.43,96.43,80.13,80.13,83.33,83.33,62.50,62.50
Kosovo,RKS,20200425,3.00,1,2.00,1,2.00,1,4.00,1,2.00,1,2.00,1,2.00,1,4.00,1.00,0,2.00,0.00,0.00,2.00,1,1.00,1.00,0.00,0.00,,731,20,92.59,92.59,96.43,96.43,80.13,80.13,83.33,83.33,62.50,62.50
Kosovo,RKS,20200426,3.00,1,2.00,1,2.00,1,4.00,1,2.00,1,2.00,1,2.00,1,4.00,1.00,0,2.00,0.00,0.00,2.00,1,1.00,1.00,0.00,0.00,,763,21,92.59,92.59,96.43,96.43,80.13,80.13,83.33,83.33,62.50,62.50
Kosovo,RKS,20200427,3.00,1,2.00,1,2.00,1,4.00,1,2.00,1,2.00,1,2.00,1,4.00,1.00,0,2.00,0.00,0.00,2.00,1,1.00,1.00,0.00,0.00,,780,22,92.59,92.59,96.43,96.43,80.13,80.13,83.33,83.33,62.50,62.50
Kosovo,RKS,20200428,3.00,1,2.00,1,2.00,1,4.00,1,2.00,1,2.00,1,2.00,1,4.00,1.00,0,2.00,0.00,0.00,2.00,1,1.00,1.00,0.00,0.00,,790,22,92.59,92.59,96.43,96.43,80.13,80.13,83.33,83.33,62.50,62.50
Kosovo,RKS,20200429,3.00,1,2.00,1,2.00,1,4.00,1,2.00,1,2.00,1,2.00,1,4.00,1.00,0,2.00,0.00,0.00,2.00,1,1.00,1.00,0.00,0.00,,799,22,92.59,92.59,96.43,96.43,80.13,80.13,83.33,83.33,62.50,62.50
Kosovo,RKS,20200430,3.00,1,2.00,1,2.00,1,4.00,1,2.00,1,2.00,1,2.00,1,4.00,1.00,0,2.00,0.00,0.00,2.00,1,1.00,1.00,0.00,0.00,,806,22,92.59,92.59,96.43,96.43,80.13,80.13,83.33,83.33,62.50,62.50
Kosovo,RKS,20200501,3.00,1,2.00,1,2.00,1,4.00,1,2.00,1,2.00,1,2.00,1,4.00,1.00,0,2.00,0.00,0.00,2.00,1,1.00,1.00,0.00,0.00,,806,22,92.59,92.59,96.43,96.43,80.13,80.13,83.33,83.33,62.50,62.50
Kosovo,RKS,20200502,3.00,1,2.00,1,2.00,1,4.00,1,2.00,1,2.00,1,2.00,1,4.00,1.00,0,2.00,0.00,0.00,2.00,1,1.00,1.00,0.00,0.00,,823,22,92.59,92.59,96.43,96.43,80.13,80.13,83.33,83.33,62.50,62.50
Kosovo,RKS,20200503,3.00,1,2.00,1,2.00,1,4.00,1,2.00,1,2.00,1,2.00,1,4.00,1.00,0,2.00,0.00,0.00,2.00,1,1.00,1.00,0.00,0.00,,851,22,92.59,92.59,96.43,96.43,80.13,80.13,83.33,83.33,62.50,62.50
Kosovo,RKS,20200504,3.00,1,2.00,1,2.00,1,4.00,1,2.00,1,2.00,1,2.00,1,4.00,1.00,0,2.00,0.00,0.00,2.00,1,1.00,1.00,0.00,0.00,,855,26,92.59,92.59,96.43,96.43,80.13,80.13,83.33,83.33,62.50,62.50
Kosovo,RKS,20200505,3.00,1,2.00,1,2.00,1,4.00,1,2.00,1,2.00,1,2.00,1,4.00,1.00,0,2.00,0.00,0.00,2.00,1,1.00,1.00,0.00,0.00,,856,26,92.59,92.59,96.43,96.43,80.13,80.13,83.33,83.33,62.50,62.50
Kosovo,RKS,20200506,3.00,1,2.00,1,2.00,1,4.00,1,2.00,1,2.00,1,2.00,1,4.00,1.00,0,2.00,0.00,0.00,2.00,1,1.00,1.00,0.00,0.00,,856,26,92.59,92.59,96.43,96.43,80.13,80.13,83.33,83.33,62.50,62.50
Kosovo,RKS,20200507,3.00,1,2.00,1,2.00,1,4.00,1,2.00,1,2.00,1,2.00,1,4.00,1.00,0,2.00,0.00,0.00,2.00,1,1.00,1.00,0.00,0.00,,861,27,92.59,92.59,96.43,96.43,80.13,80.13,83.33,83.33,62.50,62.50
Kosovo,RKS,20200508,3.00,1,2.00,1,2.00,1,4.00,1,2.00,1,2.00,1,2.00,1,4.00,1.00,0,2.00,0.00,0.00,2.00,1,1.00,1.00,0.00,0.00,,861,27,92.59,92.59,96.43,96.43,80.13,80.13,83.33,83.33,62.50,62.50
Kosovo,RKS,20200509,3.00,1,2.00,1,2.00,1,4.00,1,2.00,1,2.00,1,2.00,1,4.00,1.00,0,2.00,0.00,0.00,2.00,1,1.00,1.00,0.00,0.00,,862,28,92.59,92.59,96.43,96.43,80.13,80.13,83.33,83.33,62.50,62.50
Kosovo,RKS,20200510,3.00,1,2.00,1,2.00,1,4.00,1,2.00,1,2.00,1,2.00,1,4.00,1.00,0,2.00,0.00,0.00,2.00,1,1.00,1.00,0.00,0.00,,870,28,92.59,92.59,96.43,96.43,80.13,80.13,83.33,83.33,62.50,62.50
Kosovo,RKS,20200511,3.00,1,2.00,1,2.00,1,4.00,1,2.00,1,2.00,1,2.00,1,4.00,1.00,0,2.00,0.00,0.00,2.00,1,1.00,1.00,0.00,0.00,,884,28,92.59,92.59,96.43,96.43,80.13,80.13,83.33,83.33,62.50,62.50
Kosovo,RKS,20200512,3.00,1,2.00,1,2.00,1,4.00,1,2.00,1,2.00,1,2.00,1,4.00,1.00,0,2.00,0.00,0.00,2.00,1,1.00,1.00,0.00,0.00,,919,29,92.59,92.59,96.43,96.43,80.13,80.13,83.33,83.33,62.50,62.50
Kosovo,RKS,20200513,3.00,1,2.00,1,2.00,1,4.00,1,2.00,1,2.00,1,2.00,1,4.00,1.00,0,2.00,0.00,0.00,2.00,1,1.00,1.00,0.00,0.00,,919,29,92.59,92.59,96.43,96.43,80.13,80.13,83.33,83.33,62.50,62.50
Kosovo,RKS,20200514,3.00,1,2.00,1,2.00,1,4.00,1,2.00,1,2.00,1,2.00,1,4.00,1.00,0,2.00,0.00,0.00,2.00,1,1.00,1.00,0.00,0.00,,944,29,92.59,92.59,96.43,96.43,80.13,80.13,83.33,83.33,62.50,62.50
Kosovo,RKS,20200515,3.00,1,2.00,1,2.00,1,4.00,1,2.00,1,2.00,1,2.00,1,4.00,1.00,0,2.00,0.00,0.00,2.00,1,1.00,1.00,0.00,0.00,,944,29,92.59,92.59,96.43,96.43,80.13,80.13,83.33,83.33,62.50,62.50
Kosovo,RKS,20200516,3.00,1,2.00,1,2.00,1,4.00,1,2.00,1,2.00,1,2.00,1,4.00,1.00,0,2.00,0.00,0.00,2.00,1,1.00,1.00,0.00,0.00,,944,29,92.59,92.59,96.43,96.43,80.13,80.13,83.33,83.33,62.50,62.50
Kosovo,RKS,20200517,3.00,1,2.00,1,2.00,1,4.00,1,2.00,1,2.00,1,2.00,1,4.00,1.00,0,2.00,0.00,0.00,2.00,1,1.00,1.00,0.00,0.00,,955,29,92.59,92.59,96.43,96.43,80.13,80.13,83.33,83.33,62.50,62.50
Kosovo,RKS,20200518,3.00,1,2.00,1,2.00,1,4.00,1,1.00,1,2.00,1,2.00,1,4.00,1.00,0,2.00,11920000.00,0.00,2.00,1,1.00,1.00,0.00,0.00,,955,29,87.04,87.04,91.67,91.67,76.28,76.28,78.79,78.79,62.50,62.50
Kosovo,RKS,20200519,3.00,1,2.00,1,2.00,1,4.00,1,1.00,1,2.00,1,2.00,1,4.00,1.00,0,2.00,0.00,0.00,2.00,1,1.00,1.00,0.00,0.00,,989,29,87.04,87.04,91.67,91.67,76.28,76.28,78.79,78.79,62.50,62.50
Kosovo,RKS,20200520,3.00,1,2.00,1,2.00,1,4.00,1,1.00,1,2.00,1,2.00,1,4.00,1.00,0,2.00,0.00,0.00,2.00,1,1.00,1.00,0.00,0.00,,989,29,87.04,87.04,91.67,91.67,76.28,76.28,78.79,78.79,62.50,62.50
Kosovo,RKS,20200521,3.00,1,2.00,1,2.00,1,4.00,1,1.00,1,2.00,1,2.00,1,4.00,1.00,0,2.00,0.00,0.00,2.00,1,1.00,1.00,0.00,0.00,,1003,29,87.04,87.04,91.67,91.67,76.28,76.28,78.79,78.79,62.50,62.50
Kosovo,RKS,20200522,3.00,1,2.00,1,2.00,1,4.00,1,1.00,1,2.00,1,2.00,1,4.00,1.00,0,2.00,0.00,0.00,2.00,1,1.00,1.00,0.00,0.00,,1004,29,87.04,87.04,91.67,91.67,76.28,76.28,78.79,78.79,62.50,62.50
Kosovo,RKS,20200523,3.00,1,2.00,1,2.00,1,4.00,1,1.00,1,2.00,1,2.00,1,4.00,1.00,0,2.00,0.00,0.00,2.00,1,1.00,1.00,0.00,0.00,,1025,29,87.04,87.04,91.67,91.67,76.28,76.28,78.79,78.79,62.50,62.50
Kosovo,RKS,20200524,3.00,1,2.00,1,2.00,1,4.00,1,1.00,1,2.00,1,2.00,1,4.00,1.00,0,2.00,0.00,0.00,2.00,1,1.00,1.00,0.00,0.00,,1032,29,87.04,87.04,91.67,91.67,76.28,76.28,78.79,78.79,62.50,62.50
Kosovo,RKS,20200525,3.00,1,2.00,1,2.00,1,4.00,1,1.00,1,2.00,1,2.00,1,4.00,1.00,0,2.00,0.00,0.00,2.00,1,1.00,1.00,0.00,0.00,,1038,30,87.04,87.04,91.67,91.67,76.28,76.28,78.79,78.79,62.50,62.50
Kosovo,RKS,20200526,3.00,1,2.00,1,2.00,1,4.00,1,1.00,1,2.00,1,2.00,1,4.00,1.00,0,2.00,0.00,0.00,2.00,1,1.00,1.00,0.00,0.00,,1038,30,87.04,87.04,91.67,91.67,76.28,76.28,78.79,78.79,62.50,62.50
Kosovo,RKS,20200527,3.00,1,2.00,1,2.00,1,4.00,1,1.00,1,2.00,1,2.00,1,4.00,1.00,0,2.00,0.00,0.00,2.00,1,1.00,1.00,0.00,0.00,,1047,30,87.04,87.04,91.67,91.67,76.28,76.28,78.79,78.79,62.50,62.50
Kosovo,RKS,20200528,3.00,1,2.00,1,2.00,1,4.00,1,1.00,1,2.00,1,2.00,1,4.00,1.00,0,2.00,0.00,0.00,2.00,1,1.00,1.00,0.00,0.00,,1048,30,87.04,87.04,91.67,91.67,76.28,76.28,78.79,78.79,62.50,62.50
Kosovo,RKS,20200529,3.00,1,2.00,1,2.00,1,4.00,1,1.00,1,2.00,1,2.00,1,4.00,1.00,0,2.00,0.00,0.00,2.00,1,1.00,1.00,0.00,0.00,,1048,30,87.04,87.04,91.67,91.67,76.28,76.28,78.79,78.79,62.50,62.50
Kosovo,RKS,20200530,3.00,1,2.00,1,2.00,1,4.00,1,1.00,1,2.00,1,2.00,1,4.00,1.00,0,2.00,0.00,0.00,2.00,1,1.00,1.00,0.00,0.00,,1064,30,87.04,87.04,91.67,91.67,76.28,76.28,78.79,78.79,62.50,62.50
Kosovo,RKS,20200531,3.00,1,2.00,1,2.00,1,4.00,1,1.00,1,2.00,1,2.00,1,4.00,1.00,0,2.00,0.00,0.00,2.00,1,1.00,1.00,0.00,0.00,,1064,30,87.04,87.04,91.67,91.67,76.28,76.28,78.79,78.79,62.50,62.50
Kosovo,RKS,20200601,2.00,1,2.00,1,1.00,1,3.00,1,1.00,1,2.00,1,2.00,1,2.00,1.00,0,2.00,1200000000.00,0.00,2.00,1,1.00,1.00,0.00,0.00,,1064,30,69.44,69.44,78.10,78.10,64.10,64.10,64.39,64.39,62.50,62.50
Kosovo,RKS,20200602,2.00,1,2.00,1,1.00,1,3.00,1,1.00,1,2.00,1,2.00,1,2.00,1.00,0,2.00,0.00,0.00,2.00,1,1.00,1.00,0.00,0.00,,1064,30,69.44,69.44,78.10,78.10,64.10,64.10,64.39,64.39,62.50,62.50
Kosovo,RKS,20200603,2.00,1,2.00,1,1.00,1,3.00,1,1.00,1,2.00,1,2.00,1,2.00,1.00,0,2.00,0.00,0.00,2.00,1,1.00,1.00,0.00,0.00,,1142,30,69.44,69.44,78.10,78.10,64.10,64.10,64.39,64.39,62.50,62.50
Kosovo,RKS,20200604,2.00,1,2.00,1,1.00,1,3.00,1,1.00,1,2.00,1,2.00,1,2.00,1.00,0,2.00,0.00,0.00,2.00,1,1.00,1.00,0.00,0.00,,1142,30,69.44,69.44,78.10,78.10,64.10,64.10,64.39,64.39,62.50,62.50
Kosovo,RKS,20200605,2.00,1,2.00,1,1.00,1,3.00,1,1.00,1,2.00,1,2.00,1,2.00,1.00,0,2.00,0.00,0.00,2.00,1,1.00,1.00,0.00,0.00,,1142,30,69.44,69.44,78.10,78.10,64.10,64.10,64.39,64.39,62.50,62.50
Kosovo,RKS,20200606,2.00,1,2.00,1,1.00,1,3.00,1,1.00,1,2.00,1,2.00,1,2.00,1.00,0,2.00,0.00,0.00,2.00,1,1.00,1.00,0.00,0.00,,1142,30,69.44,69.44,78.10,78.10,64.10,64.10,64.39,64.39,62.50,62.50
Kosovo,RKS,20200607,2.00,1,2.00,1,1.00,1,3.00,1,1.00,1,2.00,1,2.00,1,2.00,1.00,0,2.00,0.00,0.00,2.00,1,1.00,1.00,0.00,0.00,,1142,30,69.44,69.44,78.10,78.10,64.10,64.10,64.39,64.39,62.50,62.50
Kosovo,RKS,20200608,2.00,1,2.00,1,1.00,1,3.00,1,1.00,1,2.00,1,0.00,,1.00,1.00,0,2.00,0.00,0.00,2.00,1,1.00,1.00,0.00,0.00,,1263,31,55.56,55.56,70.95,70.95,54.49,54.49,53.03,53.03,62.50,62.50
Kosovo,RKS,20200609,2.00,1,2.00,1,1.00,1,3.00,1,1.00,1,2.00,1,0.00,,1.00,1.00,0,2.00,0.00,0.00,2.00,1,1.00,1.00,0.00,0.00,,1263,31,55.56,55.56,70.95,70.95,54.49,54.49,53.03,53.03,62.50,62.50
Kosovo,RKS,20200610,2.00,1,2.00,1,1.00,1,3.00,1,1.00,1,2.00,1,0.00,,1.00,1.00,0,2.00,0.00,0.00,2.00,1,1.00,1.00,0.00,0.00,,1298,31,55.56,55.56,70.95,70.95,54.49,54.49,53.03,53.03,62.50,62.50
Kosovo,RKS,20200611,2.00,1,2.00,1,1.00,1,3.00,1,1.00,1,2.00,1,0.00,,1.00,1.00,0,2.00,0.00,0.00,2.00,1,1.00,1.00,0.00,0.00,,1326,31,55.56,55.56,70.95,70.95,54.49,54.49,53.03,53.03,62.50,62.50
Kosovo,RKS,20200612,2.00,1,2.00,1,1.00,1,3.00,1,1.00,1,2.00,1,0.00,,1.00,1.00,0,2.00,0.00,0.00,2.00,1,1.00,1.00,0.00,0.00,,1326,31,55.56,55.56,70.95,70.95,54.49,54.49,53.03,53.03,62.50,62.50
Kosovo,RKS,20200613,2.00,1,2.00,1,1.00,1,3.00,1,1.00,1,2.00,1,0.00,,1.00,1.00,0,2.00,0.00,0.00,2.00,1,1.00,1.00,0.00,0.00,,1437,32,55.56,55.56,70.95,70.95,54.49,54.49,53.03,53.03,62.50,62.50
Kosovo,RKS,20200614,2.00,1,2.00,1,1.00,1,3.00,1,1.00,1,2.00,1,0.00,,1.00,1.00,0,2.00,0.00,0.00,2.00,1,1.00,1.00,0.00,0.00,,1437,32,55.56,55.56,70.95,70.95,54.49,54.49,53.03,53.03,62.50,62.50
Kosovo,RKS,20200615,2.00,1,2.00,1,1.00,1,3.00,1,1.00,1,2.00,1,0.00,,1.00,1.00,0,2.00,0.00,0.00,2.00,1,1.00,1.00,0.00,0.00,,1486,33,55.56,55.56,70.95,70.95,54.49,54.49,53.03,53.03,62.50,62.50
Kosovo,RKS,20200616,,,,,,,,,,,,,,,,1.00,0,2.00,0.00,0.00,2.00,1,1.00,1.00,0.00,0.00,,1486,33,,,,,,,,,62.50,62.50
Kosovo,RKS,20200617,,,,,,,,,,,,,,,,1.00,0,2.00,0.00,0.00,2.00,1,1.00,1.00,0.00,0.00,,1486,33,,55.56,,70.95,,54.49,,53.03,62.50,62.50
Kosovo,RKS,20200618,,,,,,,,,,,,,,,,1.00,0,2.00,0.00,0.00,2.00,1,1.00,1.00,0.00,0.00,,1486,33,,55.56,,70.95,,54.49,,53.03,62.50,62.50
Kosovo,RKS,20200619,,,,,,,,,,,,,,,,1.00,0,2.00,0.00,0.00,2.00,1,1.00,1.00,0.00,0.00,,1486,33,,55.56,,70.95,,54.49,,53.03,62.50,62.50
Kosovo,RKS,20200620,,,,,,,,,,,,,,,,1.00,0,2.00,0.00,0.00,2.00,1,1.00,1.00,0.00,0.00,,1486,33,,55.56,,70.95,,54.49,,53.03,62.50,62.50
Kosovo,RKS,20200621,,,,,,,,,,,,,,,,1.00,0,2.00,0.00,0.00,2.00,1,1.00,1.00,0.00,0.00,,1486,33,,55.56,,70.95,,54.49,,53.03,62.50,62.50
Kosovo,RKS,20200622,,,,,,,,,,,,,,,,1.00,0,2.00,0.00,0.00,2.00,1,1.00,1.00,0.00,0.00,,2169,37,,55.56,,70.95,,54.49,,53.03,62.50,62.50
Kosovo,RKS,20200623,,,,,,,,,,,,,,,,,,,,,,,,,,,,,,,55.56,,70.95,,54.49,,53.03,,62.50
