Kuwait,KWT,20200101,0.00,,0.00,,0.00,,0.00,,0.00,,0.00,,0.00,,0.00,0.00,,0.00,0.00,0.00,0.00,,0.00,0.00,0.00,0.00,,0,0,0.00,0.00,0.00,0.00,0.00,0.00,0.00,0.00,0.00,0.00
Kuwait,KWT,20200102,0.00,,0.00,,0.00,,0.00,,0.00,,0.00,,0.00,,0.00,0.00,,0.00,0.00,0.00,0.00,,0.00,0.00,0.00,0.00,,0,0,0.00,0.00,0.00,0.00,0.00,0.00,0.00,0.00,0.00,0.00
Kuwait,KWT,20200103,0.00,,0.00,,0.00,,0.00,,0.00,,0.00,,0.00,,0.00,0.00,,0.00,0.00,0.00,0.00,,0.00,0.00,0.00,0.00,,0,0,0.00,0.00,0.00,0.00,0.00,0.00,0.00,0.00,0.00,0.00
Kuwait,KWT,20200104,0.00,,0.00,,0.00,,0.00,,0.00,,0.00,,0.00,,0.00,0.00,,0.00,0.00,0.00,0.00,,0.00,0.00,0.00,0.00,,0,0,0.00,0.00,0.00,0.00,0.00,0.00,0.00,0.00,0.00,0.00
Kuwait,KWT,20200105,0.00,,0.00,,0.00,,0.00,,0.00,,0.00,,0.00,,0.00,0.00,,0.00,0.00,0.00,0.00,,0.00,0.00,0.00,0.00,,0,0,0.00,0.00,0.00,0.00,0.00,0.00,0.00,0.00,0.00,0.00
Kuwait,KWT,20200106,0.00,,0.00,,0.00,,0.00,,0.00,,0.00,,0.00,,0.00,0.00,,0.00,0.00,0.00,0.00,,0.00,0.00,0.00,0.00,,0,0,0.00,0.00,0.00,0.00,0.00,0.00,0.00,0.00,0.00,0.00
Kuwait,KWT,20200107,0.00,,0.00,,0.00,,0.00,,0.00,,0.00,,0.00,,0.00,0.00,,0.00,0.00,0.00,0.00,,0.00,0.00,0.00,0.00,,0,0,0.00,0.00,0.00,0.00,0.00,0.00,0.00,0.00,0.00,0.00
Kuwait,KWT,20200108,0.00,,0.00,,0.00,,0.00,,0.00,,0.00,,0.00,,0.00,0.00,,0.00,0.00,0.00,0.00,,0.00,0.00,0.00,0.00,,0,0,0.00,0.00,0.00,0.00,0.00,0.00,0.00,0.00,0.00,0.00
Kuwait,KWT,20200109,0.00,,0.00,,0.00,,0.00,,0.00,,0.00,,0.00,,0.00,0.00,,0.00,0.00,0.00,0.00,,0.00,0.00,0.00,0.00,,0,0,0.00,0.00,0.00,0.00,0.00,0.00,0.00,0.00,0.00,0.00
Kuwait,KWT,20200110,0.00,,0.00,,0.00,,0.00,,0.00,,0.00,,0.00,,0.00,0.00,,0.00,0.00,0.00,0.00,,0.00,0.00,0.00,0.00,,0,0,0.00,0.00,0.00,0.00,0.00,0.00,0.00,0.00,0.00,0.00
Kuwait,KWT,20200111,0.00,,0.00,,0.00,,0.00,,0.00,,0.00,,0.00,,0.00,0.00,,0.00,0.00,0.00,0.00,,0.00,0.00,0.00,0.00,,0,0,0.00,0.00,0.00,0.00,0.00,0.00,0.00,0.00,0.00,0.00
Kuwait,KWT,20200112,0.00,,0.00,,0.00,,0.00,,0.00,,0.00,,0.00,,0.00,0.00,,0.00,0.00,0.00,0.00,,0.00,0.00,0.00,0.00,,0,0,0.00,0.00,0.00,0.00,0.00,0.00,0.00,0.00,0.00,0.00
Kuwait,KWT,20200113,0.00,,0.00,,0.00,,0.00,,0.00,,0.00,,0.00,,0.00,0.00,,0.00,0.00,0.00,0.00,,0.00,0.00,0.00,0.00,,0,0,0.00,0.00,0.00,0.00,0.00,0.00,0.00,0.00,0.00,0.00
Kuwait,KWT,20200114,0.00,,0.00,,0.00,,0.00,,0.00,,0.00,,0.00,,0.00,0.00,,0.00,0.00,0.00,0.00,,0.00,0.00,0.00,0.00,,0,0,0.00,0.00,0.00,0.00,0.00,0.00,0.00,0.00,0.00,0.00
Kuwait,KWT,20200115,0.00,,0.00,,0.00,,0.00,,0.00,,0.00,,0.00,,0.00,0.00,,0.00,0.00,0.00,0.00,,0.00,0.00,0.00,0.00,,0,0,0.00,0.00,0.00,0.00,0.00,0.00,0.00,0.00,0.00,0.00
Kuwait,KWT,20200116,0.00,,0.00,,0.00,,0.00,,0.00,,0.00,,0.00,,0.00,0.00,,0.00,0.00,0.00,0.00,,0.00,0.00,0.00,0.00,,0,0,0.00,0.00,0.00,0.00,0.00,0.00,0.00,0.00,0.00,0.00
Kuwait,KWT,20200117,0.00,,0.00,,0.00,,0.00,,0.00,,0.00,,0.00,,0.00,0.00,,0.00,0.00,0.00,0.00,,0.00,0.00,0.00,0.00,,0,0,0.00,0.00,0.00,0.00,0.00,0.00,0.00,0.00,0.00,0.00
Kuwait,KWT,20200118,0.00,,0.00,,0.00,,0.00,,0.00,,0.00,,0.00,,0.00,0.00,,0.00,0.00,0.00,0.00,,0.00,0.00,0.00,0.00,,0,0,0.00,0.00,0.00,0.00,0.00,0.00,0.00,0.00,0.00,0.00
Kuwait,KWT,20200119,0.00,,0.00,,0.00,,0.00,,0.00,,0.00,,0.00,,0.00,0.00,,0.00,0.00,0.00,0.00,,0.00,0.00,0.00,0.00,,0,0,0.00,0.00,0.00,0.00,0.00,0.00,0.00,0.00,0.00,0.00
Kuwait,KWT,20200120,0.00,,0.00,,0.00,,0.00,,0.00,,0.00,,0.00,,0.00,0.00,,0.00,0.00,0.00,0.00,,0.00,0.00,0.00,0.00,,0,0,0.00,0.00,0.00,0.00,0.00,0.00,0.00,0.00,0.00,0.00
Kuwait,KWT,20200121,0.00,,0.00,,0.00,,0.00,,0.00,,0.00,,0.00,,0.00,0.00,,0.00,0.00,0.00,0.00,,0.00,0.00,0.00,0.00,,0,0,0.00,0.00,0.00,0.00,0.00,0.00,0.00,0.00,0.00,0.00
Kuwait,KWT,20200122,0.00,,0.00,,0.00,,0.00,,0.00,,0.00,,0.00,,0.00,0.00,,0.00,0.00,0.00,0.00,,0.00,0.00,0.00,0.00,,0,0,0.00,0.00,0.00,0.00,0.00,0.00,0.00,0.00,0.00,0.00
Kuwait,KWT,20200123,0.00,,0.00,,0.00,,0.00,,0.00,,0.00,,0.00,,0.00,0.00,,0.00,0.00,0.00,1.00,1,0.00,0.00,0.00,0.00,,0,0,5.56,5.56,9.52,9.52,3.85,3.85,4.55,4.55,0.00,0.00
Kuwait,KWT,20200124,0.00,,0.00,,0.00,,0.00,,0.00,,0.00,,0.00,,0.00,0.00,,0.00,0.00,0.00,1.00,1,1.00,0.00,0.00,0.00,,0,0,5.56,5.56,9.52,9.52,6.41,6.41,7.58,7.58,0.00,0.00
Kuwait,KWT,20200125,0.00,,0.00,,0.00,,0.00,,0.00,,0.00,,0.00,,0.00,0.00,,0.00,0.00,0.00,1.00,1,1.00,0.00,0.00,0.00,,0,0,5.56,5.56,9.52,9.52,6.41,6.41,7.58,7.58,0.00,0.00
Kuwait,KWT,20200126,0.00,,0.00,,0.00,,0.00,,0.00,,0.00,,0.00,,0.00,0.00,,0.00,0.00,0.00,1.00,1,1.00,0.00,0.00,0.00,,0,0,5.56,5.56,9.52,9.52,6.41,6.41,7.58,7.58,0.00,0.00
Kuwait,KWT,20200127,0.00,,0.00,,0.00,,0.00,,0.00,,0.00,,0.00,,0.00,0.00,,0.00,0.00,0.00,1.00,1,1.00,0.00,0.00,0.00,,0,0,5.56,5.56,9.52,9.52,6.41,6.41,7.58,7.58,0.00,0.00
Kuwait,KWT,20200128,0.00,,0.00,,0.00,,0.00,,0.00,,0.00,,0.00,,0.00,0.00,,0.00,0.00,0.00,1.00,1,1.00,0.00,0.00,0.00,,0,0,5.56,5.56,9.52,9.52,6.41,6.41,7.58,7.58,0.00,0.00
Kuwait,KWT,20200129,0.00,,0.00,,0.00,,0.00,,0.00,,0.00,,0.00,,0.00,0.00,,0.00,0.00,0.00,1.00,1,1.00,0.00,0.00,0.00,,0,0,5.56,5.56,9.52,9.52,6.41,6.41,7.58,7.58,0.00,0.00
Kuwait,KWT,20200130,0.00,,0.00,,0.00,,0.00,,0.00,,0.00,,0.00,,0.00,0.00,,0.00,0.00,0.00,1.00,1,1.00,0.00,0.00,0.00,,0,0,5.56,5.56,9.52,9.52,6.41,6.41,7.58,7.58,0.00,0.00
Kuwait,KWT,20200131,0.00,,0.00,,0.00,,0.00,,0.00,,0.00,,0.00,,0.00,0.00,,0.00,0.00,0.00,1.00,1,1.00,0.00,0.00,0.00,,0,0,5.56,5.56,9.52,9.52,6.41,6.41,7.58,7.58,0.00,0.00
Kuwait,KWT,20200201,0.00,,0.00,,0.00,,0.00,,0.00,,0.00,,0.00,,0.00,0.00,,0.00,0.00,0.00,1.00,1,1.00,0.00,0.00,0.00,,0,0,5.56,5.56,9.52,9.52,6.41,6.41,7.58,7.58,0.00,0.00
Kuwait,KWT,20200202,0.00,,0.00,,0.00,,0.00,,0.00,,0.00,,0.00,,0.00,0.00,,0.00,0.00,0.00,1.00,1,1.00,0.00,0.00,0.00,,0,0,5.56,5.56,9.52,9.52,6.41,6.41,7.58,7.58,0.00,0.00
Kuwait,KWT,20200203,0.00,,0.00,,0.00,,0.00,,0.00,,0.00,,0.00,,0.00,0.00,,0.00,0.00,0.00,1.00,1,1.00,0.00,0.00,0.00,,0,0,5.56,5.56,9.52,9.52,6.41,6.41,7.58,7.58,0.00,0.00
Kuwait,KWT,20200204,0.00,,0.00,,0.00,,0.00,,0.00,,0.00,,0.00,,0.00,0.00,,0.00,0.00,0.00,1.00,1,1.00,0.00,0.00,0.00,,0,0,5.56,5.56,9.52,9.52,6.41,6.41,7.58,7.58,0.00,0.00
Kuwait,KWT,20200205,0.00,,0.00,,0.00,,0.00,,0.00,,0.00,,0.00,,0.00,0.00,,0.00,0.00,0.00,1.00,1,1.00,0.00,0.00,0.00,,0,0,5.56,5.56,9.52,9.52,6.41,6.41,7.58,7.58,0.00,0.00
Kuwait,KWT,20200206,0.00,,0.00,,0.00,,0.00,,0.00,,0.00,,0.00,,0.00,0.00,,0.00,0.00,0.00,1.00,1,1.00,0.00,0.00,0.00,,0,0,5.56,5.56,9.52,9.52,6.41,6.41,7.58,7.58,0.00,0.00
Kuwait,KWT,20200207,0.00,,0.00,,0.00,,0.00,,0.00,,0.00,,0.00,,0.00,0.00,,0.00,0.00,0.00,1.00,1,1.00,0.00,0.00,0.00,,0,0,5.56,5.56,9.52,9.52,6.41,6.41,7.58,7.58,0.00,0.00
Kuwait,KWT,20200208,0.00,,0.00,,0.00,,0.00,,0.00,,0.00,,0.00,,0.00,0.00,,0.00,0.00,0.00,1.00,1,1.00,0.00,0.00,0.00,,0,0,5.56,5.56,9.52,9.52,6.41,6.41,7.58,7.58,0.00,0.00
Kuwait,KWT,20200209,0.00,,0.00,,0.00,,0.00,,0.00,,0.00,,0.00,,0.00,0.00,,0.00,0.00,0.00,1.00,1,1.00,0.00,0.00,0.00,,0,0,5.56,5.56,9.52,9.52,6.41,6.41,7.58,7.58,0.00,0.00
Kuwait,KWT,20200210,0.00,,0.00,,0.00,,0.00,,0.00,,0.00,,0.00,,0.00,0.00,,0.00,0.00,0.00,1.00,1,1.00,0.00,0.00,0.00,,0,0,5.56,5.56,9.52,9.52,6.41,6.41,7.58,7.58,0.00,0.00
Kuwait,KWT,20200211,0.00,,0.00,,0.00,,0.00,,0.00,,0.00,,0.00,,0.00,0.00,,0.00,0.00,0.00,1.00,1,1.00,0.00,0.00,0.00,,0,0,5.56,5.56,9.52,9.52,6.41,6.41,7.58,7.58,0.00,0.00
Kuwait,KWT,20200212,0.00,,0.00,,0.00,,0.00,,0.00,,0.00,,0.00,,0.00,0.00,,0.00,0.00,0.00,1.00,1,1.00,0.00,0.00,0.00,,0,0,5.56,5.56,9.52,9.52,6.41,6.41,7.58,7.58,0.00,0.00
Kuwait,KWT,20200213,0.00,,0.00,,0.00,,0.00,,0.00,,0.00,,0.00,,0.00,0.00,,0.00,0.00,0.00,1.00,1,1.00,0.00,0.00,0.00,,0,0,5.56,5.56,9.52,9.52,6.41,6.41,7.58,7.58,0.00,0.00
Kuwait,KWT,20200214,0.00,,0.00,,0.00,,0.00,,0.00,,0.00,,0.00,,0.00,0.00,,0.00,0.00,0.00,1.00,1,1.00,0.00,0.00,0.00,,0,0,5.56,5.56,9.52,9.52,6.41,6.41,7.58,7.58,0.00,0.00
Kuwait,KWT,20200215,0.00,,0.00,,0.00,,0.00,,0.00,,0.00,,0.00,,0.00,0.00,,0.00,0.00,0.00,1.00,1,1.00,0.00,0.00,0.00,,0,0,5.56,5.56,9.52,9.52,6.41,6.41,7.58,7.58,0.00,0.00
Kuwait,KWT,20200216,0.00,,0.00,,0.00,,0.00,,0.00,,0.00,,0.00,,0.00,0.00,,0.00,0.00,0.00,1.00,1,1.00,0.00,0.00,0.00,,0,0,5.56,5.56,9.52,9.52,6.41,6.41,7.58,7.58,0.00,0.00
Kuwait,KWT,20200217,0.00,,0.00,,0.00,,0.00,,0.00,,0.00,,0.00,,0.00,0.00,,0.00,0.00,0.00,1.00,1,1.00,0.00,0.00,0.00,,0,0,5.56,5.56,9.52,9.52,6.41,6.41,7.58,7.58,0.00,0.00
Kuwait,KWT,20200218,0.00,,0.00,,0.00,,0.00,,0.00,,0.00,,0.00,,0.00,0.00,,0.00,0.00,0.00,2.00,1,1.00,0.00,0.00,0.00,,0,0,11.11,11.11,14.29,14.29,10.26,10.26,12.12,12.12,0.00,0.00
Kuwait,KWT,20200219,0.00,,0.00,,0.00,,0.00,,0.00,,0.00,,0.00,,0.00,0.00,,0.00,0.00,0.00,2.00,1,1.00,0.00,0.00,0.00,,0,0,11.11,11.11,14.29,14.29,10.26,10.26,12.12,12.12,0.00,0.00
Kuwait,KWT,20200220,0.00,,0.00,,0.00,,0.00,,0.00,,0.00,,0.00,,0.00,0.00,,0.00,0.00,0.00,2.00,1,1.00,0.00,0.00,0.00,,0,0,11.11,11.11,14.29,14.29,10.26,10.26,12.12,12.12,0.00,0.00
Kuwait,KWT,20200221,0.00,,0.00,,0.00,,0.00,,0.00,,0.00,,0.00,,1.00,0.00,,0.00,0.00,0.00,2.00,1,1.00,0.00,0.00,0.00,,0,0,13.89,13.89,17.86,17.86,12.18,12.18,14.39,14.39,0.00,0.00
Kuwait,KWT,20200222,0.00,,0.00,,0.00,,0.00,,0.00,,0.00,,0.00,,1.00,0.00,,0.00,0.00,0.00,2.00,1,1.00,0.00,0.00,0.00,,0,0,13.89,13.89,17.86,17.86,12.18,12.18,14.39,14.39,0.00,0.00
Kuwait,KWT,20200223,0.00,,0.00,,0.00,,0.00,,0.00,,0.00,,0.00,,1.00,0.00,,0.00,0.00,0.00,2.00,1,1.00,0.00,0.00,0.00,,0,0,13.89,13.89,17.86,17.86,12.18,12.18,14.39,14.39,0.00,0.00
Kuwait,KWT,20200224,0.00,,0.00,,0.00,,0.00,,0.00,,0.00,,0.00,,1.00,0.00,,0.00,0.00,0.00,2.00,1,1.00,0.00,0.00,0.00,,3,0,13.89,13.89,17.86,17.86,12.18,12.18,14.39,14.39,0.00,0.00
Kuwait,KWT,20200225,0.00,,0.00,,0.00,,0.00,,0.00,,0.00,,0.00,,1.00,0.00,,0.00,0.00,0.00,2.00,1,1.00,0.00,0.00,0.00,,5,0,13.89,13.89,17.86,17.86,12.18,12.18,14.39,14.39,0.00,0.00
Kuwait,KWT,20200226,0.00,,0.00,,0.00,,0.00,,0.00,,0.00,,0.00,,1.00,0.00,,0.00,0.00,0.00,2.00,1,1.00,0.00,0.00,0.00,,11,0,13.89,13.89,17.86,17.86,12.18,12.18,14.39,14.39,0.00,0.00
Kuwait,KWT,20200227,0.00,,0.00,,0.00,,0.00,,0.00,,0.00,,0.00,,1.00,0.00,,0.00,0.00,0.00,2.00,1,1.00,0.00,0.00,0.00,,26,0,13.89,13.89,17.86,17.86,12.18,12.18,14.39,14.39,0.00,0.00
Kuwait,KWT,20200228,0.00,,0.00,,0.00,,0.00,,0.00,,0.00,,0.00,,1.00,0.00,,0.00,0.00,0.00,2.00,1,1.00,0.00,0.00,0.00,,43,0,13.89,13.89,17.86,17.86,12.18,12.18,14.39,14.39,0.00,0.00
Kuwait,KWT,20200229,0.00,,0.00,,0.00,,0.00,,0.00,,0.00,,0.00,,1.00,0.00,,0.00,0.00,0.00,2.00,1,1.00,0.00,0.00,0.00,,45,0,13.89,13.89,17.86,17.86,12.18,12.18,14.39,14.39,0.00,0.00
Kuwait,KWT,20200301,3.00,1,0.00,,0.00,,0.00,,0.00,,0.00,,0.00,,2.00,0.00,,0.00,0.00,0.00,2.00,1,1.00,0.00,0.00,0.00,,45,0,27.78,27.78,35.71,35.71,21.79,21.79,25.76,25.76,0.00,0.00
Kuwait,KWT,20200302,3.00,1,0.00,,0.00,,0.00,,0.00,,0.00,,0.00,,2.00,0.00,,0.00,0.00,0.00,2.00,1,1.00,0.00,0.00,0.00,,46,0,27.78,27.78,35.71,35.71,21.79,21.79,25.76,25.76,0.00,0.00
Kuwait,KWT,20200303,3.00,1,0.00,,0.00,,0.00,,0.00,,0.00,,0.00,,2.00,0.00,,0.00,0.00,0.00,2.00,1,1.00,0.00,0.00,0.00,,56,0,27.78,27.78,35.71,35.71,21.79,21.79,25.76,25.76,0.00,0.00
Kuwait,KWT,20200304,3.00,1,0.00,,0.00,,0.00,,0.00,,0.00,,0.00,,2.00,0.00,,0.00,0.00,0.00,2.00,1,1.00,0.00,0.00,0.00,,,,27.78,27.78,35.71,35.71,21.79,21.79,25.76,25.76,0.00,0.00
Kuwait,KWT,20200305,3.00,1,0.00,,0.00,,0.00,,0.00,,0.00,,0.00,,2.00,0.00,,0.00,0.00,0.00,2.00,1,1.00,0.00,0.00,0.00,,,,27.78,27.78,35.71,35.71,21.79,21.79,25.76,25.76,0.00,0.00
Kuwait,KWT,20200306,3.00,1,0.00,,0.00,,0.00,,0.00,,0.00,,0.00,,2.00,0.00,,0.00,0.00,0.00,2.00,1,1.00,0.00,0.00,0.00,,58,0,27.78,27.78,35.71,35.71,21.79,21.79,25.76,25.76,0.00,0.00
Kuwait,KWT,20200307,3.00,1,0.00,,1.00,1,0.00,,0.00,,0.00,,0.00,,3.00,0.00,,0.00,0.00,0.00,2.00,1,1.00,2.00,0.00,0.00,,,,36.11,36.11,48.81,48.81,35.26,35.26,41.67,41.67,0.00,0.00
Kuwait,KWT,20200308,3.00,1,0.00,,1.00,1,0.00,,0.00,,0.00,,0.00,,3.00,0.00,,0.00,0.00,0.00,2.00,1,1.00,2.00,0.00,0.00,,61,0,36.11,36.11,48.81,48.81,35.26,35.26,41.67,41.67,0.00,0.00
Kuwait,KWT,20200309,3.00,1,0.00,,1.00,1,0.00,,0.00,,0.00,,0.00,,3.00,0.00,,0.00,0.00,0.00,2.00,1,1.00,2.00,0.00,0.00,,64,0,36.11,36.11,48.81,48.81,35.26,35.26,41.67,41.67,0.00,0.00
Kuwait,KWT,20200310,3.00,1,0.00,,2.00,1,0.00,,0.00,,0.00,,0.00,,3.00,0.00,,0.00,0.00,0.00,2.00,1,1.00,2.00,0.00,0.00,,65,0,41.67,41.67,53.57,53.57,39.10,39.10,46.21,46.21,0.00,0.00
Kuwait,KWT,20200311,3.00,1,2.00,1,2.00,1,4.00,1,0.00,,0.00,,0.00,,3.00,0.00,,0.00,0.00,0.00,2.00,1,2.00,2.00,0.00,0.00,,69,0,60.19,60.19,64.29,64.29,54.49,54.49,64.39,64.39,0.00,0.00
Kuwait,KWT,20200312,3.00,1,2.00,1,2.00,1,4.00,1,2.00,1,0.00,,0.00,,3.00,0.00,,0.00,0.00,0.00,2.00,1,2.00,2.00,0.00,0.00,,72,0,71.30,71.30,78.57,78.57,62.18,62.18,73.48,73.48,0.00,0.00
Kuwait,KWT,20200313,3.00,1,2.00,1,2.00,1,4.00,1,2.00,1,0.00,,0.00,,4.00,0.00,,0.00,0.00,0.00,2.00,1,2.00,2.00,0.00,0.00,,80,0,74.07,74.07,82.14,82.14,64.10,64.10,75.76,75.76,0.00,0.00
Kuwait,KWT,20200314,3.00,1,2.00,1,2.00,1,4.00,1,2.00,1,0.00,,0.00,,4.00,0.00,,0.00,0.00,0.00,2.00,1,2.00,2.00,0.00,0.00,,100,0,74.07,74.07,82.14,82.14,64.10,64.10,75.76,75.76,0.00,0.00
Kuwait,KWT,20200315,3.00,1,2.00,1,2.00,1,4.00,1,2.00,1,0.00,,0.00,,4.00,0.00,,0.00,0.00,0.00,2.00,1,2.00,2.00,0.00,0.00,,104,0,74.07,74.07,82.14,82.14,64.10,64.10,75.76,75.76,0.00,0.00
Kuwait,KWT,20200316,3.00,1,2.00,1,2.00,1,4.00,1,2.00,1,0.00,,0.00,,4.00,0.00,,0.00,1618652051.00,0.00,2.00,1,2.00,2.00,1600000000.00,0.00,,112,0,74.07,74.07,82.14,82.14,64.10,64.10,75.76,75.76,0.00,0.00
Kuwait,KWT,20200317,3.00,1,2.00,1,2.00,1,4.00,1,2.00,1,0.00,,0.00,,4.00,0.00,,0.00,0.00,0.00,2.00,1,2.00,2.00,0.00,0.00,,123,0,74.07,74.07,82.14,82.14,64.10,64.10,75.76,75.76,0.00,0.00
Kuwait,KWT,20200318,3.00,1,2.00,1,2.00,1,4.00,1,2.00,1,0.00,,0.00,,4.00,0.00,,0.00,0.00,0.00,2.00,1,2.00,2.00,0.00,0.00,,130,0,74.07,74.07,82.14,82.14,64.10,64.10,75.76,75.76,0.00,0.00
Kuwait,KWT,20200319,3.00,1,2.00,1,2.00,1,4.00,1,2.00,1,0.00,,0.00,,4.00,0.00,,0.00,0.00,0.00,2.00,1,2.00,2.00,0.00,0.00,,142,0,74.07,74.07,82.14,82.14,64.10,64.10,75.76,75.76,0.00,0.00
Kuwait,KWT,20200320,3.00,1,2.00,1,2.00,1,4.00,1,2.00,1,0.00,,0.00,,4.00,0.00,,0.00,0.00,0.00,2.00,1,2.00,2.00,0.00,0.00,,148,0,74.07,74.07,82.14,82.14,64.10,64.10,75.76,75.76,0.00,0.00
Kuwait,KWT,20200321,3.00,1,2.00,1,2.00,1,4.00,1,2.00,1,0.00,,0.00,,4.00,0.00,,0.00,0.00,0.00,2.00,1,2.00,2.00,0.00,0.00,,159,0,74.07,74.07,82.14,82.14,64.10,64.10,75.76,75.76,0.00,0.00
Kuwait,KWT,20200322,3.00,1,2.00,1,2.00,1,4.00,1,2.00,1,2.00,1,0.00,,4.00,0.00,,0.00,0.00,0.00,2.00,1,2.00,2.00,0.00,0.00,,176,0,81.48,81.48,92.86,92.86,69.23,69.23,81.82,81.82,0.00,0.00
Kuwait,KWT,20200323,3.00,1,2.00,1,2.00,1,4.00,1,2.00,1,2.00,1,0.00,,4.00,0.00,,0.00,0.00,0.00,2.00,1,2.00,2.00,0.00,0.00,,188,0,81.48,81.48,92.86,92.86,69.23,69.23,81.82,81.82,0.00,0.00
Kuwait,KWT,20200324,3.00,1,2.00,1,2.00,1,4.00,1,2.00,1,2.00,1,0.00,,4.00,0.00,,0.00,0.00,40000000.00,2.00,1,2.00,2.00,0.00,0.00,,189,0,81.48,81.48,92.86,92.86,69.23,69.23,81.82,81.82,0.00,0.00
Kuwait,KWT,20200325,3.00,1,2.00,1,2.00,1,4.00,1,2.00,1,2.00,1,0.00,,4.00,0.00,,0.00,0.00,0.00,2.00,1,2.00,2.00,0.00,0.00,,191,0,81.48,81.48,92.86,92.86,69.23,69.23,81.82,81.82,0.00,0.00
Kuwait,KWT,20200326,3.00,1,2.00,1,2.00,1,4.00,1,2.00,1,2.00,1,0.00,,4.00,0.00,,0.00,0.00,0.00,2.00,1,2.00,2.00,0.00,0.00,,195,0,81.48,81.48,92.86,92.86,69.23,69.23,81.82,81.82,0.00,0.00
Kuwait,KWT,20200327,3.00,1,2.00,1,2.00,1,4.00,1,2.00,1,2.00,1,0.00,,4.00,0.00,,0.00,0.00,0.00,2.00,1,2.00,2.00,0.00,0.00,,208,0,81.48,81.48,92.86,92.86,69.23,69.23,81.82,81.82,0.00,0.00
Kuwait,KWT,20200328,3.00,1,2.00,1,2.00,1,4.00,1,2.00,1,2.00,1,0.00,,4.00,0.00,,0.00,0.00,0.00,2.00,1,2.00,2.00,0.00,0.00,,225,0,81.48,81.48,92.86,92.86,69.23,69.23,81.82,81.82,0.00,0.00
Kuwait,KWT,20200329,3.00,1,2.00,1,2.00,1,4.00,1,2.00,1,2.00,1,0.00,,4.00,0.00,,0.00,0.00,0.00,2.00,1,2.00,2.00,0.00,0.00,,235,0,81.48,81.48,92.86,92.86,69.23,69.23,81.82,81.82,0.00,0.00
Kuwait,KWT,20200330,3.00,1,2.00,1,2.00,1,4.00,1,2.00,1,2.00,1,0.00,,4.00,0.00,,0.00,0.00,0.00,2.00,1,2.00,2.00,0.00,0.00,,255,0,81.48,81.48,92.86,92.86,69.23,69.23,81.82,81.82,0.00,0.00
Kuwait,KWT,20200331,3.00,1,2.00,1,2.00,1,4.00,1,2.00,1,2.00,1,0.00,,4.00,0.00,,0.00,0.00,0.00,2.00,1,2.00,2.00,0.00,0.00,,266,0,81.48,81.48,92.86,92.86,69.23,69.23,81.82,81.82,0.00,0.00
Kuwait,KWT,20200401,3.00,1,2.00,1,2.00,1,4.00,1,2.00,1,2.00,1,0.00,,4.00,1.00,0,0.00,0.00,0.00,2.00,1,2.00,2.00,0.00,0.00,,289,0,81.48,81.48,92.86,92.86,71.15,71.15,81.82,81.82,12.50,12.50
Kuwait,KWT,20200402,3.00,1,2.00,1,2.00,1,4.00,1,2.00,1,2.00,1,0.00,,4.00,1.00,0,0.00,0.00,0.00,2.00,1,2.00,2.00,0.00,0.00,,317,0,81.48,81.48,92.86,92.86,71.15,71.15,81.82,81.82,12.50,12.50
Kuwait,KWT,20200403,3.00,1,2.00,1,2.00,1,4.00,1,2.00,1,2.00,1,0.00,,4.00,1.00,0,0.00,0.00,20000000.00,2.00,1,2.00,2.00,0.00,0.00,,342,0,81.48,81.48,92.86,92.86,71.15,71.15,81.82,81.82,12.50,12.50
Kuwait,KWT,20200404,3.00,1,2.00,1,2.00,1,4.00,1,2.00,1,2.00,1,0.00,,4.00,1.00,0,0.00,0.00,0.00,2.00,1,2.00,2.00,0.00,0.00,,342,0,81.48,81.48,92.86,92.86,71.15,71.15,81.82,81.82,12.50,12.50
Kuwait,KWT,20200405,3.00,1,2.00,1,2.00,1,4.00,1,2.00,1,2.00,1,0.00,,4.00,1.00,0,0.00,0.00,0.00,2.00,1,2.00,2.00,0.00,0.00,,479,1,81.48,81.48,92.86,92.86,71.15,71.15,81.82,81.82,12.50,12.50
Kuwait,KWT,20200406,3.00,1,3.00,0,2.00,1,4.00,1,2.00,1,3.00,0,2.00,0,4.00,1.00,0,0.00,0.00,0.00,2.00,1,2.00,2.00,0.00,0.00,,556,1,93.52,93.52,92.86,92.86,79.49,79.49,91.67,91.67,12.50,12.50
Kuwait,KWT,20200407,3.00,1,3.00,0,2.00,1,4.00,1,2.00,1,3.00,0,2.00,0,4.00,1.00,0,0.00,0.00,0.00,2.00,1,2.00,2.00,0.00,0.00,,665,1,93.52,93.52,92.86,92.86,79.49,79.49,91.67,91.67,12.50,12.50
Kuwait,KWT,20200408,3.00,1,3.00,0,2.00,1,4.00,1,2.00,1,3.00,0,2.00,0,4.00,1.00,0,0.00,0.00,0.00,2.00,1,2.00,2.00,0.00,0.00,,743,1,93.52,93.52,92.86,92.86,79.49,79.49,91.67,91.67,12.50,12.50
Kuwait,KWT,20200409,3.00,1,3.00,0,2.00,1,4.00,1,2.00,1,3.00,0,2.00,0,4.00,1.00,0,0.00,0.00,0.00,2.00,1,2.00,2.00,0.00,0.00,,855,1,93.52,93.52,92.86,92.86,79.49,79.49,91.67,91.67,12.50,12.50
Kuwait,KWT,20200410,3.00,1,3.00,0,2.00,1,4.00,1,2.00,1,3.00,0,2.00,0,4.00,1.00,0,0.00,0.00,0.00,2.00,1,2.00,2.00,0.00,0.00,,910,1,93.52,93.52,92.86,92.86,79.49,79.49,91.67,91.67,12.50,12.50
Kuwait,KWT,20200411,3.00,1,3.00,0,2.00,1,4.00,1,2.00,1,3.00,0,2.00,0,4.00,1.00,0,0.00,0.00,0.00,2.00,1,2.00,2.00,0.00,0.00,,993,1,93.52,93.52,92.86,92.86,79.49,79.49,91.67,91.67,12.50,12.50
Kuwait,KWT,20200412,3.00,1,3.00,0,2.00,1,4.00,1,2.00,1,3.00,0,2.00,0,4.00,1.00,0,0.00,0.00,0.00,2.00,1,2.00,2.00,0.00,0.00,,1154,1,93.52,93.52,92.86,92.86,79.49,79.49,91.67,91.67,12.50,12.50
Kuwait,KWT,20200413,3.00,1,3.00,0,2.00,1,4.00,1,2.00,1,3.00,0,2.00,0,4.00,1.00,0,0.00,0.00,0.00,2.00,1,2.00,2.00,0.00,0.00,,1234,1,93.52,93.52,92.86,92.86,79.49,79.49,91.67,91.67,12.50,12.50
Kuwait,KWT,20200414,3.00,1,3.00,0,2.00,1,4.00,1,2.00,1,3.00,0,2.00,0,4.00,1.00,0,0.00,0.00,0.00,2.00,1,2.00,2.00,0.00,0.00,,1300,2,93.52,93.52,92.86,92.86,79.49,79.49,91.67,91.67,12.50,12.50
Kuwait,KWT,20200415,3.00,1,3.00,0,2.00,1,4.00,1,2.00,1,3.00,0,2.00,0,4.00,1.00,0,0.00,0.00,0.00,2.00,1,2.00,2.00,0.00,0.00,,1355,3,93.52,93.52,92.86,92.86,79.49,79.49,91.67,91.67,12.50,12.50
Kuwait,KWT,20200416,3.00,1,3.00,0,2.00,1,4.00,1,2.00,1,3.00,0,2.00,0,4.00,1.00,0,0.00,0.00,0.00,2.00,1,2.00,2.00,0.00,0.00,,1405,3,93.52,93.52,92.86,92.86,79.49,79.49,91.67,91.67,12.50,12.50
Kuwait,KWT,20200417,3.00,1,3.00,0,2.00,1,4.00,1,2.00,1,3.00,0,2.00,0,4.00,1.00,0,0.00,0.00,0.00,2.00,1,2.00,2.00,0.00,0.00,,1524,3,93.52,93.52,92.86,92.86,79.49,79.49,91.67,91.67,12.50,12.50
Kuwait,KWT,20200418,3.00,1,3.00,0,2.00,1,4.00,1,2.00,1,3.00,0,2.00,0,4.00,1.00,0,0.00,0.00,0.00,2.00,1,2.00,2.00,0.00,0.00,,1658,5,93.52,93.52,92.86,92.86,79.49,79.49,91.67,91.67,12.50,12.50
Kuwait,KWT,20200419,3.00,1,3.00,0,2.00,1,4.00,1,2.00,1,3.00,0,2.00,0,4.00,1.00,0,0.00,0.00,0.00,2.00,1,2.00,2.00,0.00,0.00,,1752,6,93.52,93.52,92.86,92.86,79.49,79.49,91.67,91.67,12.50,12.50
Kuwait,KWT,20200420,3.00,1,3.00,0,2.00,1,4.00,1,2.00,1,3.00,0,2.00,0,4.00,1.00,0,0.00,0.00,0.00,2.00,1,2.00,2.00,0.00,0.00,,1915,7,93.52,93.52,92.86,92.86,79.49,79.49,91.67,91.67,12.50,12.50
Kuwait,KWT,20200421,3.00,1,3.00,0,2.00,1,4.00,1,2.00,1,2.00,1,1.00,1,4.00,1.00,0,0.00,0.00,0.00,2.00,1,2.00,2.00,0.00,0.00,,1995,9,88.89,88.89,92.86,92.86,76.28,76.28,87.88,87.88,12.50,12.50
Kuwait,KWT,20200422,3.00,1,3.00,0,2.00,1,4.00,1,2.00,1,2.00,1,1.00,1,4.00,1.00,0,0.00,0.00,0.00,2.00,1,2.00,2.00,0.00,0.00,,2080,11,88.89,88.89,92.86,92.86,76.28,76.28,87.88,87.88,12.50,12.50
Kuwait,KWT,20200423,3.00,1,3.00,0,2.00,1,4.00,1,2.00,1,2.00,1,1.00,1,4.00,1.00,0,0.00,0.00,0.00,2.00,1,2.00,2.00,0.00,0.00,,2248,13,88.89,88.89,92.86,92.86,76.28,76.28,87.88,87.88,12.50,12.50
Kuwait,KWT,20200424,3.00,1,3.00,0,2.00,1,4.00,1,2.00,1,2.00,1,1.00,1,4.00,1.00,0,0.00,0.00,0.00,2.00,1,2.00,2.00,0.00,0.00,,2399,14,88.89,88.89,92.86,92.86,76.28,76.28,87.88,87.88,12.50,12.50
Kuwait,KWT,20200425,3.00,1,3.00,0,2.00,1,4.00,1,2.00,1,2.00,1,1.00,1,4.00,1.00,0,0.00,0.00,0.00,2.00,1,2.00,2.00,0.00,0.00,,2614,15,88.89,88.89,92.86,92.86,76.28,76.28,87.88,87.88,12.50,12.50
Kuwait,KWT,20200426,3.00,1,3.00,0,2.00,1,4.00,1,2.00,1,2.00,1,1.00,1,4.00,1.00,0,0.00,0.00,0.00,2.00,1,2.00,2.00,0.00,0.00,,2892,19,88.89,88.89,92.86,92.86,76.28,76.28,87.88,87.88,12.50,12.50
Kuwait,KWT,20200427,3.00,1,3.00,0,2.00,1,4.00,1,2.00,1,2.00,1,1.00,1,4.00,1.00,0,0.00,0.00,0.00,2.00,1,2.00,2.00,0.00,0.00,,3075,20,88.89,88.89,92.86,92.86,76.28,76.28,87.88,87.88,12.50,12.50
Kuwait,KWT,20200428,3.00,1,3.00,0,2.00,1,4.00,1,2.00,1,2.00,1,1.00,1,4.00,1.00,0,0.00,0.00,0.00,2.00,1,2.00,2.00,0.00,0.00,,3288,22,88.89,88.89,92.86,92.86,76.28,76.28,87.88,87.88,12.50,12.50
Kuwait,KWT,20200429,3.00,1,3.00,0,2.00,1,4.00,1,2.00,1,2.00,1,1.00,1,4.00,1.00,0,0.00,0.00,0.00,2.00,1,2.00,2.00,0.00,0.00,,3440,23,88.89,88.89,92.86,92.86,76.28,76.28,87.88,87.88,12.50,12.50
Kuwait,KWT,20200430,3.00,1,3.00,0,2.00,1,4.00,1,2.00,1,2.00,1,1.00,1,4.00,1.00,0,0.00,0.00,0.00,2.00,1,2.00,2.00,0.00,0.00,,3740,24,88.89,88.89,92.86,92.86,76.28,76.28,87.88,87.88,12.50,12.50
Kuwait,KWT,20200501,3.00,1,3.00,0,2.00,1,4.00,1,2.00,1,2.00,1,1.00,1,4.00,1.00,0,0.00,0.00,0.00,2.00,1,2.00,2.00,0.00,0.00,,4024,26,88.89,88.89,92.86,92.86,76.28,76.28,87.88,87.88,12.50,12.50
Kuwait,KWT,20200502,3.00,1,3.00,0,2.00,1,4.00,1,2.00,1,2.00,1,1.00,1,4.00,1.00,0,0.00,0.00,0.00,2.00,1,2.00,2.00,0.00,0.00,,4377,30,88.89,88.89,92.86,92.86,76.28,76.28,87.88,87.88,12.50,12.50
Kuwait,KWT,20200503,3.00,1,3.00,0,2.00,1,4.00,1,2.00,1,2.00,1,1.00,1,4.00,1.00,0,0.00,0.00,0.00,2.00,1,2.00,2.00,0.00,0.00,,4619,33,88.89,88.89,92.86,92.86,76.28,76.28,87.88,87.88,12.50,12.50
Kuwait,KWT,20200504,3.00,1,3.00,0,2.00,1,4.00,1,2.00,1,2.00,1,1.00,1,4.00,1.00,0,0.00,0.00,0.00,2.00,1,2.00,2.00,0.00,0.00,,4983,38,88.89,88.89,92.86,92.86,76.28,76.28,87.88,87.88,12.50,12.50
Kuwait,KWT,20200505,3.00,1,3.00,0,2.00,1,4.00,1,2.00,1,2.00,1,1.00,1,4.00,1.00,0,0.00,0.00,0.00,2.00,1,2.00,2.00,0.00,0.00,,5278,40,88.89,88.89,92.86,92.86,76.28,76.28,87.88,87.88,12.50,12.50
Kuwait,KWT,20200506,3.00,1,3.00,0,2.00,1,4.00,1,2.00,1,2.00,1,1.00,1,4.00,1.00,0,0.00,0.00,0.00,2.00,1,2.00,2.00,0.00,0.00,,5804,40,88.89,88.89,92.86,92.86,76.28,76.28,87.88,87.88,12.50,12.50
Kuwait,KWT,20200507,3.00,1,3.00,0,2.00,1,4.00,1,2.00,1,2.00,1,1.00,1,4.00,1.00,0,1.00,0.00,0.00,2.00,1,2.00,2.00,0.00,0.00,,6289,42,88.89,88.89,92.86,92.86,80.13,80.13,87.88,87.88,37.50,37.50
Kuwait,KWT,20200508,3.00,1,3.00,0,2.00,1,4.00,1,2.00,1,2.00,1,1.00,1,4.00,1.00,0,1.00,0.00,0.00,2.00,1,2.00,2.00,0.00,0.00,,6567,44,88.89,88.89,92.86,92.86,80.13,80.13,87.88,87.88,37.50,37.50
Kuwait,KWT,20200509,3.00,1,3.00,0,2.00,1,4.00,1,2.00,1,2.00,1,1.00,1,4.00,1.00,0,1.00,0.00,0.00,2.00,1,2.00,2.00,0.00,0.00,,7208,47,88.89,88.89,92.86,92.86,80.13,80.13,87.88,87.88,37.50,37.50
Kuwait,KWT,20200510,3.00,1,3.00,1,2.00,1,4.00,1,2.00,1,3.00,1,2.00,1,4.00,1.00,0,1.00,0.00,0.00,2.00,1,2.00,2.00,0.00,0.00,,7623,49,100.00,100.00,100.00,100.00,87.82,87.82,96.97,96.97,37.50,37.50
Kuwait,KWT,20200511,3.00,1,3.00,1,2.00,1,4.00,1,2.00,1,3.00,1,2.00,1,4.00,1.00,0,1.00,0.00,0.00,2.00,1,2.00,2.00,0.00,0.00,,8688,58,100.00,100.00,100.00,100.00,87.82,87.82,96.97,96.97,37.50,37.50
Kuwait,KWT,20200512,3.00,1,3.00,1,2.00,1,4.00,1,2.00,1,3.00,1,2.00,1,4.00,1.00,0,1.00,0.00,0.00,2.00,1,2.00,2.00,0.00,0.00,,9286,65,100.00,100.00,100.00,100.00,87.82,87.82,96.97,96.97,37.50,37.50
Kuwait,KWT,20200513,3.00,1,3.00,1,2.00,1,4.00,1,2.00,1,3.00,1,2.00,1,4.00,1.00,0,1.00,0.00,0.00,2.00,1,2.00,2.00,0.00,0.00,,10277,75,100.00,100.00,100.00,100.00,87.82,87.82,96.97,96.97,37.50,37.50
Kuwait,KWT,20200514,3.00,1,3.00,1,2.00,1,4.00,1,2.00,1,3.00,1,2.00,1,4.00,1.00,0,1.00,0.00,0.00,2.00,1,2.00,2.00,0.00,0.00,,11028,82,100.00,100.00,100.00,100.00,87.82,87.82,96.97,96.97,37.50,37.50
Kuwait,KWT,20200515,3.00,1,3.00,1,2.00,1,4.00,1,2.00,1,3.00,1,2.00,1,4.00,1.00,0,1.00,0.00,0.00,2.00,1,2.00,2.00,0.00,0.00,,11975,88,100.00,100.00,100.00,100.00,87.82,87.82,96.97,96.97,37.50,37.50
Kuwait,KWT,20200516,3.00,1,3.00,1,2.00,1,4.00,1,2.00,1,3.00,1,2.00,1,4.00,1.00,0,1.00,0.00,0.00,2.00,1,2.00,2.00,0.00,0.00,,12860,96,100.00,100.00,100.00,100.00,87.82,87.82,96.97,96.97,37.50,37.50
Kuwait,KWT,20200517,3.00,1,3.00,1,2.00,1,4.00,1,2.00,1,3.00,1,2.00,1,4.00,1.00,0,1.00,0.00,0.00,2.00,1,2.00,2.00,0.00,0.00,,13802,107,100.00,100.00,100.00,100.00,87.82,87.82,96.97,96.97,37.50,37.50
Kuwait,KWT,20200518,3.00,1,3.00,1,2.00,1,4.00,1,2.00,1,3.00,1,2.00,1,4.00,1.00,0,1.00,0.00,0.00,2.00,1,2.00,2.00,0.00,0.00,,14850,112,100.00,100.00,100.00,100.00,87.82,87.82,96.97,96.97,37.50,37.50
Kuwait,KWT,20200519,3.00,1,3.00,1,2.00,1,4.00,1,2.00,1,3.00,1,2.00,1,4.00,1.00,0,1.00,0.00,0.00,2.00,1,2.00,2.00,0.00,0.00,,15691,118,100.00,100.00,100.00,100.00,87.82,87.82,96.97,96.97,37.50,37.50
Kuwait,KWT,20200520,3.00,1,3.00,1,2.00,1,4.00,1,2.00,1,3.00,1,2.00,1,4.00,1.00,0,1.00,0.00,0.00,2.00,1,2.00,2.00,0.00,0.00,,16764,121,100.00,100.00,100.00,100.00,87.82,87.82,96.97,96.97,37.50,37.50
Kuwait,KWT,20200521,3.00,1,3.00,1,2.00,1,4.00,1,2.00,1,3.00,1,2.00,1,4.00,1.00,0,1.00,0.00,0.00,2.00,1,2.00,2.00,0.00,0.00,,17568,124,100.00,100.00,100.00,100.00,87.82,87.82,96.97,96.97,37.50,37.50
Kuwait,KWT,20200522,3.00,1,3.00,1,2.00,1,4.00,1,2.00,1,3.00,1,2.00,1,4.00,1.00,0,1.00,0.00,0.00,2.00,1,2.00,2.00,0.00,0.00,,18609,129,100.00,100.00,100.00,100.00,87.82,87.82,96.97,96.97,37.50,37.50
Kuwait,KWT,20200523,3.00,1,3.00,1,2.00,1,4.00,1,2.00,1,3.00,1,2.00,1,4.00,1.00,0,1.00,0.00,0.00,2.00,1,2.00,2.00,0.00,0.00,,19564,138,100.00,100.00,100.00,100.00,87.82,87.82,96.97,96.97,37.50,37.50
Kuwait,KWT,20200524,3.00,1,3.00,1,2.00,1,4.00,1,2.00,1,3.00,1,2.00,1,4.00,1.00,0,1.00,0.00,0.00,2.00,1,2.00,2.00,0.00,0.00,,20464,148,100.00,100.00,100.00,100.00,87.82,87.82,96.97,96.97,37.50,37.50
Kuwait,KWT,20200525,3.00,1,3.00,1,2.00,1,4.00,1,2.00,1,3.00,1,2.00,1,4.00,1.00,0,1.00,0.00,0.00,2.00,1,2.00,2.00,0.00,0.00,,21302,156,100.00,100.00,100.00,100.00,87.82,87.82,96.97,96.97,37.50,37.50
Kuwait,KWT,20200526,3.00,1,3.00,1,2.00,1,4.00,1,2.00,1,3.00,1,2.00,1,4.00,1.00,0,1.00,0.00,0.00,2.00,1,2.00,2.00,0.00,0.00,,21967,165,100.00,100.00,100.00,100.00,87.82,87.82,96.97,96.97,37.50,37.50
Kuwait,KWT,20200527,3.00,1,3.00,1,2.00,1,4.00,1,2.00,1,3.00,1,2.00,1,4.00,1.00,0,1.00,0.00,0.00,2.00,1,2.00,2.00,0.00,0.00,,22575,172,100.00,100.00,100.00,100.00,87.82,87.82,96.97,96.97,37.50,37.50
Kuwait,KWT,20200528,3.00,1,3.00,1,2.00,1,4.00,1,2.00,1,3.00,1,2.00,1,4.00,1.00,0,1.00,0.00,0.00,2.00,1,2.00,2.00,0.00,0.00,,23267,175,100.00,100.00,100.00,100.00,87.82,87.82,96.97,96.97,37.50,37.50
Kuwait,KWT,20200529,3.00,1,3.00,1,2.00,1,4.00,1,2.00,1,3.00,1,2.00,1,4.00,1.00,0,1.00,0.00,0.00,2.00,1,2.00,2.00,0.00,0.00,,24112,185,100.00,100.00,100.00,100.00,87.82,87.82,96.97,96.97,37.50,37.50
Kuwait,KWT,20200530,3.00,1,3.00,1,2.00,1,4.00,1,2.00,1,3.00,1,2.00,1,4.00,1.00,0,1.00,0.00,0.00,2.00,1,2.00,2.00,0.00,0.00,,25184,194,100.00,100.00,100.00,100.00,87.82,87.82,96.97,96.97,37.50,37.50
Kuwait,KWT,20200531,3.00,1,2.00,0,2.00,0,4.00,1,2.00,0,3.00,0,2.00,0,4.00,1.00,0,1.00,0.00,0.00,2.00,1,2.00,2.00,0.00,0.00,,26192,205,84.26,84.26,84.52,84.52,76.92,76.92,84.09,84.09,37.50,37.50
Kuwait,KWT,20200601,3.00,1,2.00,0,2.00,0,4.00,1,2.00,0,3.00,0,2.00,0,4.00,1.00,0,1.00,0.00,0.00,2.00,1,2.00,2.00,0.00,0.00,,27043,212,84.26,84.26,84.52,84.52,76.92,76.92,84.09,84.09,37.50,37.50
Kuwait,KWT,20200602,3.00,1,2.00,0,2.00,0,4.00,1,2.00,0,3.00,0,2.00,0,4.00,1.00,0,1.00,0.00,0.00,2.00,1,2.00,2.00,0.00,0.00,,27762,220,84.26,84.26,84.52,84.52,76.92,76.92,84.09,84.09,37.50,37.50
Kuwait,KWT,20200603,3.00,1,2.00,0,2.00,0,4.00,1,2.00,0,3.00,0,2.00,0,4.00,1.00,0,1.00,0.00,0.00,2.00,1,2.00,2.00,0.00,0.00,,28649,226,84.26,84.26,84.52,84.52,76.92,76.92,84.09,84.09,37.50,37.50
Kuwait,KWT,20200604,3.00,1,2.00,0,2.00,0,4.00,1,2.00,0,3.00,0,2.00,0,4.00,1.00,0,1.00,0.00,0.00,2.00,1,2.00,2.00,0.00,0.00,,29359,230,84.26,84.26,84.52,84.52,76.92,76.92,84.09,84.09,37.50,37.50
Kuwait,KWT,20200605,3.00,1,2.00,0,2.00,0,4.00,1,2.00,0,3.00,0,2.00,0,4.00,1.00,0,1.00,0.00,0.00,2.00,1,2.00,2.00,0.00,0.00,,29921,236,84.26,84.26,84.52,84.52,76.92,76.92,84.09,84.09,37.50,37.50
Kuwait,KWT,20200606,3.00,1,2.00,0,2.00,0,4.00,1,2.00,0,3.00,0,2.00,0,4.00,1.00,0,1.00,0.00,0.00,2.00,1,2.00,2.00,0.00,0.00,,30644,244,84.26,84.26,84.52,84.52,76.92,76.92,84.09,84.09,37.50,37.50
Kuwait,KWT,20200607,3.00,1,2.00,0,2.00,0,4.00,1,2.00,0,3.00,0,2.00,0,4.00,1.00,0,1.00,0.00,0.00,2.00,1,2.00,2.00,0.00,0.00,,31131,254,84.26,84.26,84.52,84.52,76.92,76.92,84.09,84.09,37.50,37.50
Kuwait,KWT,20200608,3.00,1,2.00,0,2.00,0,4.00,1,2.00,0,3.00,0,2.00,0,4.00,1.00,0,1.00,0.00,0.00,2.00,1,2.00,2.00,0.00,0.00,,31848,264,84.26,84.26,84.52,84.52,76.92,76.92,84.09,84.09,37.50,37.50
Kuwait,KWT,20200609,3.00,1,2.00,0,2.00,1,4.00,1,2.00,0,2.00,1,2.00,0,4.00,1.00,0,1.00,0.00,0.00,2.00,1,2.00,2.00,0.00,0.00,,32510,269,85.19,85.19,84.52,84.52,77.56,77.56,84.85,84.85,37.50,37.50
Kuwait,KWT,20200610,3.00,1,2.00,0,2.00,1,4.00,1,2.00,0,2.00,1,2.00,0,4.00,1.00,0,1.00,0.00,0.00,2.00,1,2.00,2.00,0.00,0.00,,33140,273,85.19,85.19,84.52,84.52,77.56,77.56,84.85,84.85,37.50,37.50
Kuwait,KWT,20200611,3.00,1,2.00,0,2.00,1,4.00,1,2.00,0,2.00,1,2.00,0,4.00,1.00,0,1.00,0.00,0.00,2.00,1,2.00,2.00,0.00,0.00,,33823,275,85.19,85.19,84.52,84.52,77.56,77.56,84.85,84.85,37.50,37.50
Kuwait,KWT,20200612,3.00,1,2.00,0,2.00,1,4.00,1,2.00,0,2.00,1,2.00,0,4.00,1.00,0,1.00,0.00,0.00,2.00,1,2.00,2.00,0.00,0.00,,34432,279,85.19,85.19,84.52,84.52,77.56,77.56,84.85,84.85,37.50,37.50
Kuwait,KWT,20200613,3.00,1,2.00,0,2.00,1,4.00,1,2.00,0,2.00,1,2.00,0,4.00,1.00,0,1.00,0.00,0.00,2.00,1,2.00,2.00,0.00,0.00,,34952,285,85.19,85.19,84.52,84.52,77.56,77.56,84.85,84.85,37.50,37.50
Kuwait,KWT,20200614,3.00,1,2.00,0,2.00,1,4.00,1,2.00,0,2.00,1,2.00,0,4.00,1.00,0,1.00,0.00,0.00,2.00,1,2.00,2.00,0.00,0.00,,35466,289,85.19,85.19,84.52,84.52,77.56,77.56,84.85,84.85,37.50,37.50
Kuwait,KWT,20200615,3.00,1,2.00,0,2.00,1,4.00,1,2.00,0,2.00,1,2.00,0,4.00,1.00,0,1.00,0.00,0.00,2.00,1,2.00,2.00,0.00,0.00,,35920,296,85.19,85.19,84.52,84.52,77.56,77.56,84.85,84.85,37.50,37.50
Kuwait,KWT,20200616,3.00,1,2.00,0,2.00,1,4.00,1,2.00,0,2.00,1,2.00,0,4.00,1.00,0,1.00,0.00,0.00,2.00,1,2.00,2.00,0.00,0.00,,36431,298,85.19,85.19,84.52,84.52,77.56,77.56,84.85,84.85,37.50,37.50
Kuwait,KWT,20200617,3.00,1,2.00,0,2.00,1,4.00,1,2.00,0,2.00,1,2.00,0,4.00,1.00,0,1.00,0.00,0.00,2.00,1,2.00,2.00,0.00,0.00,,36958,303,85.19,85.19,84.52,84.52,77.56,77.56,84.85,84.85,37.50,37.50
Kuwait,KWT,20200618,3.00,1,2.00,0,2.00,1,4.00,1,2.00,0,2.00,1,2.00,0,4.00,1.00,0,1.00,0.00,0.00,2.00,1,2.00,2.00,0.00,0.00,,37533,306,85.19,85.19,84.52,84.52,77.56,77.56,84.85,84.85,37.50,37.50
Kuwait,KWT,20200619,,,,,,,,,,,,,,,,,,,,,,,,,,,,38074,308,,85.19,,84.52,,77.56,,84.85,,37.50
Kuwait,KWT,20200620,,,,,,,,,,,,,,,,,,,,,,,,,,,,38678,313,,85.19,,84.52,,77.56,,84.85,,37.50
Kuwait,KWT,20200621,,,,,,,,,,,,,,,,,,,,,,,,,,,,39145,319,,85.19,,84.52,,77.56,,84.85,,37.50
Kuwait,KWT,20200622,,,,,,,,,,,,,,,,,,,,,,,,,,,,39650,326,,85.19,,84.52,,77.56,,84.85,,37.50
Kuwait,KWT,20200623,,,,,,,,,,,,,,,,,,,,,,,,,,,,40291,330,,85.19,,84.52,,77.56,,84.85,,37.50
