Laos,LAO,20200101,0.00,,0.00,,0.00,,0.00,,0.00,,0.00,,0.00,,0.00,0.00,,0.00,0.00,0.00,0.00,,0.00,0.00,0.00,0.00,,,,0.00,0.00,0.00,0.00,0.00,0.00,0.00,0.00,0.00,0.00
Laos,LAO,20200102,0.00,,0.00,,0.00,,0.00,,0.00,,0.00,,0.00,,0.00,0.00,,0.00,0.00,0.00,0.00,,0.00,0.00,0.00,0.00,,,,0.00,0.00,0.00,0.00,0.00,0.00,0.00,0.00,0.00,0.00
Laos,LAO,20200103,0.00,,0.00,,0.00,,0.00,,0.00,,0.00,,0.00,,0.00,0.00,,0.00,0.00,0.00,0.00,,0.00,0.00,0.00,0.00,,,,0.00,0.00,0.00,0.00,0.00,0.00,0.00,0.00,0.00,0.00
Laos,LAO,20200104,0.00,,0.00,,0.00,,0.00,,0.00,,0.00,,0.00,,0.00,0.00,,0.00,0.00,0.00,0.00,,0.00,0.00,0.00,0.00,,,,0.00,0.00,0.00,0.00,0.00,0.00,0.00,0.00,0.00,0.00
Laos,LAO,20200105,0.00,,0.00,,0.00,,0.00,,0.00,,0.00,,0.00,,0.00,0.00,,0.00,0.00,0.00,0.00,,0.00,0.00,0.00,0.00,,,,0.00,0.00,0.00,0.00,0.00,0.00,0.00,0.00,0.00,0.00
Laos,LAO,20200106,0.00,,0.00,,0.00,,0.00,,0.00,,0.00,,0.00,,0.00,0.00,,0.00,0.00,0.00,0.00,,0.00,0.00,0.00,0.00,,,,0.00,0.00,0.00,0.00,0.00,0.00,0.00,0.00,0.00,0.00
Laos,LAO,20200107,0.00,,0.00,,0.00,,0.00,,0.00,,0.00,,0.00,,0.00,0.00,,0.00,0.00,0.00,0.00,,0.00,0.00,0.00,0.00,,,,0.00,0.00,0.00,0.00,0.00,0.00,0.00,0.00,0.00,0.00
Laos,LAO,20200108,0.00,,0.00,,0.00,,0.00,,0.00,,0.00,,0.00,,0.00,0.00,,0.00,0.00,0.00,0.00,,0.00,0.00,0.00,0.00,,,,0.00,0.00,0.00,0.00,0.00,0.00,0.00,0.00,0.00,0.00
Laos,LAO,20200109,0.00,,0.00,,0.00,,0.00,,0.00,,0.00,,0.00,,0.00,0.00,,0.00,0.00,0.00,0.00,,0.00,0.00,0.00,0.00,,,,0.00,0.00,0.00,0.00,0.00,0.00,0.00,0.00,0.00,0.00
Laos,LAO,20200110,0.00,,0.00,,0.00,,0.00,,0.00,,0.00,,0.00,,0.00,0.00,,0.00,0.00,0.00,0.00,,0.00,0.00,0.00,0.00,,,,0.00,0.00,0.00,0.00,0.00,0.00,0.00,0.00,0.00,0.00
Laos,LAO,20200111,0.00,,0.00,,0.00,,0.00,,0.00,,0.00,,0.00,,0.00,0.00,,0.00,0.00,0.00,0.00,,0.00,0.00,0.00,0.00,,,,0.00,0.00,0.00,0.00,0.00,0.00,0.00,0.00,0.00,0.00
Laos,LAO,20200112,0.00,,0.00,,0.00,,0.00,,0.00,,0.00,,0.00,,0.00,0.00,,0.00,0.00,0.00,0.00,,0.00,0.00,0.00,0.00,,,,0.00,0.00,0.00,0.00,0.00,0.00,0.00,0.00,0.00,0.00
Laos,LAO,20200113,0.00,,0.00,,0.00,,0.00,,0.00,,0.00,,0.00,,0.00,0.00,,0.00,0.00,0.00,0.00,,0.00,0.00,0.00,0.00,,,,0.00,0.00,0.00,0.00,0.00,0.00,0.00,0.00,0.00,0.00
Laos,LAO,20200114,0.00,,0.00,,0.00,,0.00,,0.00,,0.00,,0.00,,0.00,0.00,,0.00,0.00,0.00,0.00,,0.00,0.00,0.00,0.00,,,,0.00,0.00,0.00,0.00,0.00,0.00,0.00,0.00,0.00,0.00
Laos,LAO,20200115,0.00,,0.00,,0.00,,0.00,,0.00,,0.00,,0.00,,0.00,0.00,,0.00,0.00,0.00,0.00,,0.00,0.00,0.00,0.00,,,,0.00,0.00,0.00,0.00,0.00,0.00,0.00,0.00,0.00,0.00
Laos,LAO,20200116,0.00,,0.00,,0.00,,0.00,,0.00,,0.00,,0.00,,0.00,0.00,,0.00,0.00,0.00,0.00,,0.00,0.00,0.00,0.00,,,,0.00,0.00,0.00,0.00,0.00,0.00,0.00,0.00,0.00,0.00
Laos,LAO,20200117,0.00,,0.00,,0.00,,0.00,,0.00,,0.00,,0.00,,0.00,0.00,,0.00,0.00,0.00,0.00,,0.00,0.00,0.00,0.00,,,,0.00,0.00,0.00,0.00,0.00,0.00,0.00,0.00,0.00,0.00
Laos,LAO,20200118,0.00,,0.00,,0.00,,0.00,,0.00,,0.00,,0.00,,0.00,0.00,,0.00,0.00,0.00,0.00,,0.00,0.00,0.00,0.00,,,,0.00,0.00,0.00,0.00,0.00,0.00,0.00,0.00,0.00,0.00
Laos,LAO,20200119,0.00,,0.00,,0.00,,0.00,,0.00,,0.00,,0.00,,0.00,0.00,,0.00,0.00,0.00,0.00,,0.00,0.00,0.00,0.00,,,,0.00,0.00,0.00,0.00,0.00,0.00,0.00,0.00,0.00,0.00
Laos,LAO,20200120,0.00,,0.00,,0.00,,0.00,,0.00,,0.00,,0.00,,0.00,0.00,,0.00,0.00,0.00,0.00,,0.00,0.00,0.00,0.00,,,,0.00,0.00,0.00,0.00,0.00,0.00,0.00,0.00,0.00,0.00
Laos,LAO,20200121,0.00,,0.00,,0.00,,0.00,,0.00,,0.00,,0.00,,0.00,0.00,,0.00,0.00,0.00,0.00,,0.00,0.00,0.00,0.00,,,,0.00,0.00,0.00,0.00,0.00,0.00,0.00,0.00,0.00,0.00
Laos,LAO,20200122,0.00,,0.00,,0.00,,0.00,,0.00,,0.00,,0.00,,0.00,0.00,,0.00,0.00,0.00,0.00,,0.00,0.00,0.00,0.00,,,,0.00,0.00,0.00,0.00,0.00,0.00,0.00,0.00,0.00,0.00
Laos,LAO,20200123,0.00,,0.00,,0.00,,0.00,,0.00,,0.00,,0.00,,0.00,0.00,,0.00,0.00,0.00,0.00,,0.00,0.00,0.00,0.00,,,,0.00,0.00,0.00,0.00,0.00,0.00,0.00,0.00,0.00,0.00
Laos,LAO,20200124,0.00,,0.00,,0.00,,0.00,,0.00,,0.00,,0.00,,0.00,0.00,,0.00,0.00,0.00,0.00,,0.00,0.00,0.00,0.00,,,,0.00,0.00,0.00,0.00,0.00,0.00,0.00,0.00,0.00,0.00
Laos,LAO,20200125,0.00,,0.00,,0.00,,0.00,,0.00,,0.00,,0.00,,0.00,0.00,,0.00,0.00,0.00,0.00,,0.00,0.00,0.00,0.00,,,,0.00,0.00,0.00,0.00,0.00,0.00,0.00,0.00,0.00,0.00
Laos,LAO,20200126,0.00,,0.00,,0.00,,0.00,,0.00,,0.00,,0.00,,0.00,0.00,,0.00,0.00,0.00,0.00,,0.00,0.00,0.00,0.00,,,,0.00,0.00,0.00,0.00,0.00,0.00,0.00,0.00,0.00,0.00
Laos,LAO,20200127,0.00,,0.00,,0.00,,0.00,,0.00,,0.00,,0.00,,0.00,0.00,,0.00,0.00,0.00,0.00,,0.00,0.00,0.00,0.00,,,,0.00,0.00,0.00,0.00,0.00,0.00,0.00,0.00,0.00,0.00
Laos,LAO,20200128,0.00,,0.00,,0.00,,0.00,,0.00,,0.00,,0.00,,0.00,0.00,,0.00,0.00,0.00,0.00,,0.00,0.00,0.00,0.00,,,,0.00,0.00,0.00,0.00,0.00,0.00,0.00,0.00,0.00,0.00
Laos,LAO,20200129,0.00,,0.00,,0.00,,0.00,,0.00,,0.00,,0.00,,0.00,0.00,,0.00,0.00,0.00,0.00,,0.00,0.00,0.00,0.00,,,,0.00,0.00,0.00,0.00,0.00,0.00,0.00,0.00,0.00,0.00
Laos,LAO,20200130,0.00,,0.00,,0.00,,0.00,,0.00,,0.00,,0.00,,0.00,0.00,,0.00,0.00,0.00,0.00,,0.00,0.00,0.00,0.00,,,,0.00,0.00,0.00,0.00,0.00,0.00,0.00,0.00,0.00,0.00
Laos,LAO,20200131,0.00,,0.00,,0.00,,0.00,,0.00,,0.00,,0.00,,0.00,0.00,,0.00,0.00,0.00,0.00,,0.00,0.00,0.00,0.00,,,,0.00,0.00,0.00,0.00,0.00,0.00,0.00,0.00,0.00,0.00
Laos,LAO,20200201,0.00,,0.00,,0.00,,0.00,,0.00,,0.00,,0.00,,0.00,0.00,,0.00,0.00,0.00,0.00,,0.00,0.00,0.00,0.00,,,,0.00,0.00,0.00,0.00,0.00,0.00,0.00,0.00,0.00,0.00
Laos,LAO,20200202,0.00,,0.00,,0.00,,0.00,,0.00,,0.00,,0.00,,0.00,0.00,,0.00,0.00,0.00,0.00,,0.00,0.00,0.00,0.00,,,,0.00,0.00,0.00,0.00,0.00,0.00,0.00,0.00,0.00,0.00
Laos,LAO,20200203,0.00,,0.00,,0.00,,0.00,,0.00,,0.00,,0.00,,0.00,0.00,,0.00,0.00,0.00,0.00,,0.00,0.00,0.00,0.00,,,,0.00,0.00,0.00,0.00,0.00,0.00,0.00,0.00,0.00,0.00
Laos,LAO,20200204,0.00,,0.00,,0.00,,0.00,,0.00,,0.00,,0.00,,0.00,0.00,,0.00,0.00,0.00,0.00,,0.00,0.00,0.00,0.00,,,,0.00,0.00,0.00,0.00,0.00,0.00,0.00,0.00,0.00,0.00
Laos,LAO,20200205,0.00,,0.00,,0.00,,0.00,,0.00,,0.00,,0.00,,0.00,0.00,,0.00,0.00,0.00,0.00,,0.00,0.00,0.00,0.00,,,,0.00,0.00,0.00,0.00,0.00,0.00,0.00,0.00,0.00,0.00
Laos,LAO,20200206,0.00,,0.00,,0.00,,0.00,,0.00,,0.00,,0.00,,0.00,0.00,,0.00,0.00,0.00,0.00,,0.00,0.00,0.00,0.00,,,,0.00,0.00,0.00,0.00,0.00,0.00,0.00,0.00,0.00,0.00
Laos,LAO,20200207,0.00,,0.00,,0.00,,0.00,,0.00,,0.00,,0.00,,0.00,0.00,,0.00,0.00,0.00,0.00,,0.00,0.00,0.00,0.00,,,,0.00,0.00,0.00,0.00,0.00,0.00,0.00,0.00,0.00,0.00
Laos,LAO,20200208,0.00,,0.00,,0.00,,0.00,,0.00,,0.00,,0.00,,0.00,0.00,,0.00,0.00,0.00,0.00,,0.00,0.00,0.00,0.00,,,,0.00,0.00,0.00,0.00,0.00,0.00,0.00,0.00,0.00,0.00
Laos,LAO,20200209,0.00,,0.00,,0.00,,0.00,,0.00,,0.00,,0.00,,0.00,0.00,,0.00,0.00,0.00,0.00,,0.00,0.00,0.00,0.00,,,,0.00,0.00,0.00,0.00,0.00,0.00,0.00,0.00,0.00,0.00
Laos,LAO,20200210,0.00,,0.00,,0.00,,0.00,,0.00,,0.00,,0.00,,0.00,0.00,,0.00,0.00,0.00,0.00,,0.00,0.00,0.00,0.00,,,,0.00,0.00,0.00,0.00,0.00,0.00,0.00,0.00,0.00,0.00
Laos,LAO,20200211,0.00,,0.00,,0.00,,0.00,,0.00,,0.00,,0.00,,0.00,0.00,,0.00,0.00,0.00,0.00,,0.00,0.00,0.00,0.00,,,,0.00,0.00,0.00,0.00,0.00,0.00,0.00,0.00,0.00,0.00
Laos,LAO,20200212,0.00,,0.00,,0.00,,0.00,,0.00,,0.00,,0.00,,0.00,0.00,,0.00,0.00,0.00,0.00,,0.00,0.00,0.00,0.00,,,,0.00,0.00,0.00,0.00,0.00,0.00,0.00,0.00,0.00,0.00
Laos,LAO,20200213,0.00,,0.00,,0.00,,0.00,,0.00,,0.00,,0.00,,0.00,0.00,,0.00,0.00,0.00,0.00,,0.00,0.00,0.00,0.00,,,,0.00,0.00,0.00,0.00,0.00,0.00,0.00,0.00,0.00,0.00
Laos,LAO,20200214,0.00,,0.00,,0.00,,0.00,,0.00,,0.00,,0.00,,0.00,0.00,,0.00,0.00,0.00,0.00,,0.00,0.00,0.00,0.00,,,,0.00,0.00,0.00,0.00,0.00,0.00,0.00,0.00,0.00,0.00
Laos,LAO,20200215,0.00,,0.00,,0.00,,0.00,,0.00,,0.00,,0.00,,0.00,0.00,,0.00,0.00,0.00,0.00,,0.00,0.00,0.00,0.00,,,,0.00,0.00,0.00,0.00,0.00,0.00,0.00,0.00,0.00,0.00
Laos,LAO,20200216,0.00,,0.00,,0.00,,0.00,,0.00,,0.00,,0.00,,0.00,0.00,,0.00,0.00,0.00,0.00,,0.00,0.00,0.00,0.00,,,,0.00,0.00,0.00,0.00,0.00,0.00,0.00,0.00,0.00,0.00
Laos,LAO,20200217,0.00,,0.00,,0.00,,0.00,,0.00,,0.00,,0.00,,0.00,0.00,,0.00,0.00,0.00,0.00,,0.00,0.00,0.00,0.00,,,,0.00,0.00,0.00,0.00,0.00,0.00,0.00,0.00,0.00,0.00
Laos,LAO,20200218,0.00,,0.00,,0.00,,0.00,,0.00,,0.00,,0.00,,0.00,0.00,,0.00,0.00,0.00,0.00,,0.00,0.00,0.00,0.00,,,,0.00,0.00,0.00,0.00,0.00,0.00,0.00,0.00,0.00,0.00
Laos,LAO,20200219,0.00,,0.00,,0.00,,0.00,,0.00,,0.00,,0.00,,0.00,0.00,,0.00,0.00,0.00,0.00,,0.00,0.00,0.00,0.00,,,,0.00,0.00,0.00,0.00,0.00,0.00,0.00,0.00,0.00,0.00
Laos,LAO,20200220,0.00,,0.00,,0.00,,0.00,,0.00,,0.00,,0.00,,0.00,0.00,,0.00,0.00,0.00,0.00,,0.00,0.00,0.00,0.00,,,,0.00,0.00,0.00,0.00,0.00,0.00,0.00,0.00,0.00,0.00
Laos,LAO,20200221,0.00,,0.00,,0.00,,0.00,,0.00,,0.00,,0.00,,0.00,0.00,,0.00,0.00,0.00,0.00,,0.00,0.00,0.00,0.00,,,,0.00,0.00,0.00,0.00,0.00,0.00,0.00,0.00,0.00,0.00
Laos,LAO,20200222,0.00,,0.00,,0.00,,0.00,,0.00,,0.00,,0.00,,0.00,0.00,,0.00,0.00,0.00,0.00,,0.00,0.00,0.00,0.00,,,,0.00,0.00,0.00,0.00,0.00,0.00,0.00,0.00,0.00,0.00
Laos,LAO,20200223,0.00,,0.00,,0.00,,0.00,,0.00,,0.00,,0.00,,0.00,0.00,,0.00,0.00,0.00,0.00,,0.00,0.00,0.00,0.00,,,,0.00,0.00,0.00,0.00,0.00,0.00,0.00,0.00,0.00,0.00
Laos,LAO,20200224,0.00,,0.00,,0.00,,0.00,,0.00,,0.00,,0.00,,0.00,0.00,,0.00,0.00,0.00,0.00,,0.00,0.00,0.00,0.00,,,,0.00,0.00,0.00,0.00,0.00,0.00,0.00,0.00,0.00,0.00
Laos,LAO,20200225,0.00,,0.00,,0.00,,0.00,,0.00,,0.00,,0.00,,0.00,0.00,,0.00,0.00,0.00,0.00,,0.00,0.00,0.00,0.00,,,,0.00,0.00,0.00,0.00,0.00,0.00,0.00,0.00,0.00,0.00
Laos,LAO,20200226,0.00,,0.00,,0.00,,0.00,,0.00,,0.00,,0.00,,0.00,0.00,,0.00,0.00,0.00,0.00,,0.00,0.00,0.00,0.00,,,,0.00,0.00,0.00,0.00,0.00,0.00,0.00,0.00,0.00,0.00
Laos,LAO,20200227,0.00,,0.00,,0.00,,0.00,,0.00,,0.00,,0.00,,0.00,0.00,,0.00,0.00,0.00,0.00,,0.00,0.00,0.00,0.00,,,,0.00,0.00,0.00,0.00,0.00,0.00,0.00,0.00,0.00,0.00
Laos,LAO,20200228,0.00,,0.00,,0.00,,0.00,,0.00,,0.00,,0.00,,0.00,0.00,,0.00,0.00,0.00,0.00,,0.00,0.00,0.00,0.00,,,,0.00,0.00,0.00,0.00,0.00,0.00,0.00,0.00,0.00,0.00
Laos,LAO,20200229,0.00,,0.00,,0.00,,0.00,,0.00,,0.00,,0.00,,0.00,0.00,,0.00,0.00,0.00,0.00,,0.00,0.00,0.00,0.00,,,,0.00,0.00,0.00,0.00,0.00,0.00,0.00,0.00,0.00,0.00
Laos,LAO,20200301,0.00,,0.00,,0.00,,0.00,,0.00,,0.00,,0.00,,0.00,0.00,,0.00,0.00,0.00,0.00,,0.00,0.00,0.00,0.00,,,,0.00,0.00,0.00,0.00,0.00,0.00,0.00,0.00,0.00,0.00
Laos,LAO,20200302,0.00,,0.00,,0.00,,0.00,,0.00,,0.00,,0.00,,0.00,0.00,,0.00,0.00,0.00,0.00,,0.00,0.00,0.00,0.00,,,,0.00,0.00,0.00,0.00,0.00,0.00,0.00,0.00,0.00,0.00
Laos,LAO,20200303,0.00,,0.00,,0.00,,0.00,,0.00,,0.00,,0.00,,0.00,0.00,,0.00,0.00,0.00,0.00,,0.00,0.00,0.00,0.00,,,,0.00,0.00,0.00,0.00,0.00,0.00,0.00,0.00,0.00,0.00
Laos,LAO,20200304,0.00,,0.00,,0.00,,0.00,,0.00,,0.00,,0.00,,0.00,0.00,,0.00,0.00,0.00,0.00,,0.00,0.00,0.00,0.00,,,,0.00,0.00,0.00,0.00,0.00,0.00,0.00,0.00,0.00,0.00
Laos,LAO,20200305,0.00,,0.00,,0.00,,0.00,,0.00,,0.00,,0.00,,0.00,0.00,,0.00,0.00,0.00,0.00,,0.00,0.00,0.00,0.00,,,,0.00,0.00,0.00,0.00,0.00,0.00,0.00,0.00,0.00,0.00
Laos,LAO,20200306,0.00,,0.00,,0.00,,0.00,,0.00,,0.00,,0.00,,0.00,0.00,,0.00,0.00,0.00,0.00,,0.00,0.00,0.00,0.00,,,,0.00,0.00,0.00,0.00,0.00,0.00,0.00,0.00,0.00,0.00
Laos,LAO,20200307,0.00,,0.00,,0.00,,0.00,,0.00,,0.00,,0.00,,0.00,0.00,,0.00,0.00,0.00,0.00,,0.00,0.00,0.00,0.00,,,,0.00,0.00,0.00,0.00,0.00,0.00,0.00,0.00,0.00,0.00
Laos,LAO,20200308,0.00,,0.00,,0.00,,0.00,,0.00,,0.00,,0.00,,0.00,0.00,,0.00,0.00,0.00,0.00,,0.00,0.00,0.00,0.00,,,,0.00,0.00,0.00,0.00,0.00,0.00,0.00,0.00,0.00,0.00
Laos,LAO,20200309,0.00,,0.00,,0.00,,0.00,,0.00,,0.00,,0.00,,0.00,0.00,,0.00,0.00,0.00,0.00,,0.00,0.00,0.00,0.00,,,,0.00,0.00,0.00,0.00,0.00,0.00,0.00,0.00,0.00,0.00
Laos,LAO,20200310,0.00,,0.00,,0.00,,0.00,,0.00,,0.00,,0.00,,0.00,0.00,,0.00,0.00,0.00,0.00,,0.00,0.00,0.00,0.00,,,,0.00,0.00,0.00,0.00,0.00,0.00,0.00,0.00,0.00,0.00
Laos,LAO,20200311,0.00,,1.00,1,1.00,1,0.00,,0.00,,0.00,,0.00,,0.00,0.00,,0.00,0.00,0.00,0.00,,0.00,0.00,0.00,0.00,,,,9.26,9.26,16.67,16.67,6.41,6.41,7.58,7.58,0.00,0.00
Laos,LAO,20200312,0.00,,1.00,1,1.00,1,0.00,,0.00,,0.00,,0.00,,0.00,0.00,,0.00,0.00,0.00,0.00,,0.00,0.00,0.00,0.00,,,,9.26,9.26,16.67,16.67,6.41,6.41,7.58,7.58,0.00,0.00
Laos,LAO,20200313,0.00,,1.00,1,1.00,1,0.00,,0.00,,0.00,,0.00,,0.00,0.00,,0.00,0.00,0.00,0.00,,0.00,0.00,0.00,0.00,,,,9.26,9.26,16.67,16.67,6.41,6.41,7.58,7.58,0.00,0.00
Laos,LAO,20200314,0.00,,1.00,1,1.00,1,0.00,,0.00,,0.00,,0.00,,0.00,0.00,,0.00,0.00,0.00,0.00,,0.00,0.00,0.00,0.00,,,,9.26,9.26,16.67,16.67,6.41,6.41,7.58,7.58,0.00,0.00
Laos,LAO,20200315,0.00,,1.00,1,1.00,1,0.00,,0.00,,0.00,,0.00,,2.00,0.00,,0.00,0.00,0.00,0.00,,0.00,0.00,0.00,0.00,,,,14.81,14.81,23.81,23.81,10.26,10.26,12.12,12.12,0.00,0.00
Laos,LAO,20200316,0.00,,1.00,1,1.00,1,0.00,,0.00,,0.00,,0.00,,2.00,0.00,,0.00,0.00,0.00,0.00,,0.00,0.00,0.00,0.00,,,,14.81,14.81,23.81,23.81,10.26,10.26,12.12,12.12,0.00,0.00
Laos,LAO,20200317,2.00,1,1.00,1,1.00,1,0.00,,0.00,,0.00,,0.00,,2.00,0.00,,0.00,0.00,0.00,0.00,,1.00,0.00,0.00,0.00,,,,22.22,22.22,34.52,34.52,17.95,17.95,21.21,21.21,0.00,0.00
Laos,LAO,20200318,2.00,1,1.00,1,1.00,1,0.00,,0.00,,0.00,,0.00,,2.00,0.00,,0.00,0.00,0.00,0.00,,1.00,0.00,0.00,0.00,,,,22.22,22.22,34.52,34.52,17.95,17.95,21.21,21.21,0.00,0.00
Laos,LAO,20200319,3.00,1,1.00,1,1.00,1,0.00,,0.00,,0.00,,0.00,,2.00,0.00,,0.00,0.00,0.00,0.00,,1.00,0.00,0.00,0.00,,,,25.93,25.93,38.10,38.10,20.51,20.51,24.24,24.24,0.00,0.00
Laos,LAO,20200320,3.00,1,1.00,1,1.00,1,0.00,,0.00,,0.00,,0.00,,2.00,0.00,,0.00,11000000.00,0.00,0.00,,1.00,0.00,0.00,0.00,,,,25.93,25.93,38.10,38.10,20.51,20.51,24.24,24.24,0.00,0.00
Laos,LAO,20200321,3.00,1,1.00,1,1.00,1,0.00,,0.00,,0.00,,0.00,,2.00,0.00,,0.00,0.00,0.00,0.00,,1.00,0.00,0.00,0.00,,,,25.93,25.93,38.10,38.10,20.51,20.51,24.24,24.24,0.00,0.00
Laos,LAO,20200322,3.00,1,1.00,1,1.00,1,0.00,,0.00,,0.00,,0.00,,2.00,0.00,,0.00,0.00,0.00,0.00,,1.00,0.00,0.00,0.00,,,,25.93,25.93,38.10,38.10,20.51,20.51,24.24,24.24,0.00,0.00
Laos,LAO,20200323,3.00,1,1.00,1,1.00,1,0.00,,0.00,,0.00,,0.00,,2.00,0.00,,0.00,0.00,0.00,0.00,,1.00,0.00,0.00,0.00,,,,25.93,25.93,38.10,38.10,20.51,20.51,24.24,24.24,0.00,0.00
Laos,LAO,20200324,3.00,1,1.00,1,1.00,1,0.00,,0.00,,0.00,,0.00,,2.00,0.00,,0.00,0.00,0.00,0.00,,1.00,0.00,0.00,0.00,,,,25.93,25.93,38.10,38.10,20.51,20.51,24.24,24.24,0.00,0.00
Laos,LAO,20200325,3.00,1,1.00,1,1.00,1,0.00,,0.00,,0.00,,0.00,,2.00,0.00,,0.00,0.00,0.00,0.00,,1.00,0.00,0.00,0.00,,2,0,25.93,25.93,38.10,38.10,20.51,20.51,24.24,24.24,0.00,0.00
Laos,LAO,20200326,3.00,1,1.00,1,1.00,1,0.00,,0.00,,0.00,,0.00,,3.00,0.00,,0.00,0.00,0.00,0.00,,1.00,0.00,0.00,0.00,,2,0,28.70,28.70,41.67,41.67,22.44,22.44,26.52,26.52,0.00,0.00
Laos,LAO,20200327,3.00,1,1.00,1,1.00,1,0.00,,0.00,,0.00,,0.00,,3.00,0.00,,0.00,0.00,0.00,0.00,,1.00,0.00,0.00,0.00,,6,0,28.70,28.70,41.67,41.67,22.44,22.44,26.52,26.52,0.00,0.00
Laos,LAO,20200328,3.00,1,1.00,1,1.00,1,0.00,,0.00,,0.00,,0.00,,3.00,0.00,,0.00,0.00,0.00,0.00,,1.00,0.00,0.00,0.00,,6,0,28.70,28.70,41.67,41.67,22.44,22.44,26.52,26.52,0.00,0.00
Laos,LAO,20200329,3.00,1,1.00,1,1.00,1,0.00,,0.00,,0.00,,0.00,,3.00,0.00,,0.00,0.00,0.00,0.00,,1.00,0.00,0.00,0.00,,6,0,28.70,28.70,41.67,41.67,22.44,22.44,26.52,26.52,0.00,0.00
Laos,LAO,20200330,3.00,1,3.00,1,2.00,1,4.00,1,2.00,1,2.00,1,2.00,1,4.00,0.00,,0.00,0.00,0.00,2.00,1,1.00,0.00,0.00,0.00,,6,0,96.30,96.30,100.00,100.00,69.23,69.23,81.82,81.82,0.00,0.00
Laos,LAO,20200331,3.00,1,3.00,1,2.00,1,4.00,1,2.00,1,2.00,1,2.00,1,4.00,0.00,,0.00,0.00,0.00,2.00,1,1.00,0.00,0.00,0.00,,9,0,96.30,96.30,100.00,100.00,69.23,69.23,81.82,81.82,0.00,0.00
Laos,LAO,20200401,3.00,1,3.00,1,2.00,1,4.00,1,2.00,1,2.00,1,2.00,1,4.00,0.00,,0.00,0.00,0.00,2.00,1,1.00,0.00,0.00,0.00,,9,0,96.30,96.30,100.00,100.00,69.23,69.23,81.82,81.82,0.00,0.00
Laos,LAO,20200402,3.00,1,3.00,1,2.00,1,4.00,1,2.00,1,2.00,1,2.00,1,4.00,0.00,,0.00,0.00,0.00,2.00,1,1.00,0.00,0.00,0.00,,10,0,96.30,96.30,100.00,100.00,69.23,69.23,81.82,81.82,0.00,0.00
Laos,LAO,20200403,3.00,1,3.00,1,2.00,1,4.00,1,2.00,1,2.00,1,2.00,1,4.00,0.00,,0.00,0.00,0.00,2.00,1,1.00,0.00,0.00,0.00,,10,0,96.30,96.30,100.00,100.00,69.23,69.23,81.82,81.82,0.00,0.00
Laos,LAO,20200404,3.00,1,3.00,1,2.00,1,4.00,1,2.00,1,2.00,1,2.00,1,4.00,0.00,,0.00,0.00,0.00,2.00,1,1.00,0.00,0.00,0.00,,10,0,96.30,96.30,100.00,100.00,69.23,69.23,81.82,81.82,0.00,0.00
Laos,LAO,20200405,3.00,1,3.00,1,2.00,1,4.00,1,2.00,1,2.00,1,2.00,1,4.00,0.00,,0.00,0.00,0.00,2.00,1,1.00,0.00,0.00,0.00,,10,0,96.30,96.30,100.00,100.00,69.23,69.23,81.82,81.82,0.00,0.00
Laos,LAO,20200406,3.00,1,3.00,1,2.00,1,4.00,1,2.00,1,2.00,1,2.00,1,4.00,0.00,,0.00,0.00,0.00,2.00,1,1.00,2.00,,0.00,,11,0,96.30,96.30,100.00,100.00,76.92,76.92,90.91,90.91,0.00,0.00
Laos,LAO,20200407,3.00,1,3.00,1,2.00,1,4.00,1,2.00,1,2.00,1,2.00,1,4.00,0.00,,0.00,0.00,0.00,2.00,1,1.00,2.00,0.00,0.00,,12,0,96.30,96.30,100.00,100.00,76.92,76.92,90.91,90.91,0.00,0.00
Laos,LAO,20200408,3.00,1,3.00,1,2.00,1,4.00,1,2.00,1,2.00,1,2.00,1,4.00,0.00,,0.00,0.00,0.00,2.00,1,1.00,2.00,0.00,0.00,,12,0,96.30,96.30,100.00,100.00,76.92,76.92,90.91,90.91,0.00,0.00
Laos,LAO,20200409,3.00,1,3.00,1,2.00,1,4.00,1,2.00,1,2.00,1,2.00,1,4.00,0.00,,0.00,0.00,0.00,2.00,1,1.00,2.00,0.00,0.00,,15,0,96.30,96.30,100.00,100.00,76.92,76.92,90.91,90.91,0.00,0.00
Laos,LAO,20200410,3.00,1,3.00,1,2.00,1,4.00,1,2.00,1,2.00,1,2.00,1,4.00,0.00,,0.00,0.00,0.00,2.00,1,1.00,2.00,0.00,0.00,,16,0,96.30,96.30,100.00,100.00,76.92,76.92,90.91,90.91,0.00,0.00
Laos,LAO,20200411,3.00,1,3.00,1,2.00,1,4.00,1,2.00,1,2.00,1,2.00,1,4.00,0.00,,0.00,0.00,0.00,2.00,1,1.00,2.00,0.00,0.00,,16,0,96.30,96.30,100.00,100.00,76.92,76.92,90.91,90.91,0.00,0.00
Laos,LAO,20200412,3.00,1,3.00,1,2.00,1,4.00,1,2.00,1,2.00,1,2.00,1,4.00,0.00,,0.00,1119654.09,0.00,2.00,1,1.00,2.00,0.00,0.00,,18,0,96.30,96.30,100.00,100.00,76.92,76.92,90.91,90.91,0.00,0.00
Laos,LAO,20200413,3.00,1,3.00,1,2.00,1,4.00,1,2.00,1,2.00,1,2.00,1,4.00,0.00,,0.00,0.00,0.00,2.00,1,1.00,2.00,0.00,0.00,,19,0,96.30,96.30,100.00,100.00,76.92,76.92,90.91,90.91,0.00,0.00
Laos,LAO,20200414,3.00,1,3.00,1,2.00,1,4.00,1,2.00,1,2.00,1,2.00,1,4.00,0.00,,0.00,0.00,0.00,2.00,1,1.00,2.00,0.00,0.00,,19,0,96.30,96.30,100.00,100.00,76.92,76.92,90.91,90.91,0.00,0.00
Laos,LAO,20200415,3.00,1,3.00,1,2.00,1,4.00,1,2.00,1,2.00,1,2.00,1,4.00,0.00,,0.00,0.00,0.00,2.00,1,1.00,2.00,0.00,0.00,,19,0,96.30,96.30,100.00,100.00,76.92,76.92,90.91,90.91,0.00,0.00
Laos,LAO,20200416,3.00,1,3.00,1,2.00,1,4.00,1,2.00,1,2.00,1,2.00,1,4.00,0.00,,0.00,0.00,0.00,2.00,1,1.00,2.00,0.00,0.00,,19,0,96.30,96.30,100.00,100.00,76.92,76.92,90.91,90.91,0.00,0.00
Laos,LAO,20200417,3.00,1,3.00,1,2.00,1,4.00,1,2.00,1,2.00,1,2.00,1,4.00,0.00,,0.00,0.00,0.00,2.00,1,1.00,2.00,0.00,0.00,,19,0,96.30,96.30,100.00,100.00,76.92,76.92,90.91,90.91,0.00,0.00
Laos,LAO,20200418,3.00,1,3.00,1,2.00,1,4.00,1,2.00,1,2.00,1,2.00,1,4.00,0.00,,0.00,0.00,0.00,2.00,1,1.00,2.00,0.00,0.00,,19,0,96.30,96.30,100.00,100.00,76.92,76.92,90.91,90.91,0.00,0.00
Laos,LAO,20200419,3.00,1,3.00,1,2.00,1,4.00,1,2.00,1,2.00,1,2.00,1,4.00,0.00,,0.00,0.00,0.00,2.00,1,1.00,2.00,0.00,0.00,,19,0,96.30,96.30,100.00,100.00,76.92,76.92,90.91,90.91,0.00,0.00
Laos,LAO,20200420,3.00,1,3.00,1,2.00,1,4.00,1,2.00,1,2.00,1,2.00,1,4.00,0.00,,0.00,0.00,0.00,2.00,1,1.00,2.00,0.00,0.00,,19,0,96.30,96.30,100.00,100.00,76.92,76.92,90.91,90.91,0.00,0.00
Laos,LAO,20200421,3.00,1,3.00,1,2.00,1,4.00,1,2.00,1,2.00,1,2.00,1,4.00,0.00,,0.00,0.00,0.00,2.00,1,1.00,2.00,0.00,0.00,,19,0,96.30,96.30,100.00,100.00,76.92,76.92,90.91,90.91,0.00,0.00
Laos,LAO,20200422,3.00,1,3.00,1,2.00,1,4.00,1,2.00,1,2.00,1,2.00,1,4.00,0.00,,0.00,0.00,0.00,2.00,1,1.00,2.00,0.00,0.00,,19,0,96.30,96.30,100.00,100.00,76.92,76.92,90.91,90.91,0.00,0.00
Laos,LAO,20200423,3.00,1,3.00,1,2.00,1,4.00,1,2.00,1,2.00,1,2.00,1,4.00,0.00,,0.00,0.00,0.00,2.00,1,1.00,2.00,0.00,0.00,,19,0,96.30,96.30,100.00,100.00,76.92,76.92,90.91,90.91,0.00,0.00
Laos,LAO,20200424,3.00,1,3.00,1,2.00,1,4.00,1,2.00,1,2.00,1,2.00,1,4.00,0.00,,0.00,0.00,0.00,2.00,1,1.00,2.00,0.00,0.00,,19,0,96.30,96.30,100.00,100.00,76.92,76.92,90.91,90.91,0.00,0.00
Laos,LAO,20200425,3.00,1,3.00,1,2.00,1,4.00,1,2.00,1,2.00,1,2.00,1,4.00,0.00,,0.00,0.00,0.00,2.00,1,1.00,2.00,0.00,0.00,,19,0,96.30,96.30,100.00,100.00,76.92,76.92,90.91,90.91,0.00,0.00
Laos,LAO,20200426,3.00,1,3.00,1,2.00,1,4.00,1,2.00,1,2.00,1,2.00,1,4.00,0.00,,0.00,0.00,0.00,2.00,1,1.00,2.00,0.00,0.00,,19,0,96.30,96.30,100.00,100.00,76.92,76.92,90.91,90.91,0.00,0.00
Laos,LAO,20200427,3.00,1,3.00,1,2.00,1,4.00,1,2.00,1,2.00,1,2.00,1,4.00,0.00,,0.00,0.00,0.00,2.00,1,1.00,2.00,0.00,0.00,,19,0,96.30,96.30,100.00,100.00,76.92,76.92,90.91,90.91,0.00,0.00
Laos,LAO,20200428,3.00,1,3.00,1,2.00,1,4.00,1,2.00,1,2.00,1,2.00,1,4.00,0.00,,0.00,0.00,0.00,2.00,1,1.00,2.00,0.00,0.00,,19,0,96.30,96.30,100.00,100.00,76.92,76.92,90.91,90.91,0.00,0.00
Laos,LAO,20200429,3.00,1,3.00,1,2.00,1,4.00,1,2.00,1,2.00,1,2.00,1,4.00,0.00,,0.00,0.00,0.00,2.00,1,1.00,2.00,0.00,0.00,,19,0,96.30,96.30,100.00,100.00,76.92,76.92,90.91,90.91,0.00,0.00
Laos,LAO,20200430,3.00,1,3.00,1,2.00,1,4.00,1,2.00,1,2.00,1,2.00,1,4.00,0.00,,0.00,0.00,0.00,2.00,1,1.00,2.00,0.00,0.00,,19,0,96.30,96.30,100.00,100.00,76.92,76.92,90.91,90.91,0.00,0.00
Laos,LAO,20200501,3.00,1,3.00,1,2.00,1,4.00,1,2.00,1,2.00,1,2.00,1,4.00,1.00,0,0.00,0.00,0.00,2.00,1,1.00,2.00,0.00,0.00,,19,0,96.30,96.30,100.00,100.00,78.85,78.85,90.91,90.91,12.50,12.50
Laos,LAO,20200502,3.00,1,3.00,1,2.00,1,4.00,1,2.00,1,2.00,1,2.00,1,4.00,1.00,0,0.00,0.00,0.00,2.00,1,1.00,2.00,0.00,0.00,,19,0,96.30,96.30,100.00,100.00,78.85,78.85,90.91,90.91,12.50,12.50
Laos,LAO,20200503,3.00,1,3.00,1,2.00,1,4.00,1,2.00,1,2.00,1,2.00,1,4.00,1.00,0,0.00,0.00,0.00,2.00,1,1.00,2.00,0.00,0.00,,19,0,96.30,96.30,100.00,100.00,78.85,78.85,90.91,90.91,12.50,12.50
Laos,LAO,20200504,3.00,1,2.00,1,2.00,1,4.00,1,2.00,0,0.00,,2.00,1,4.00,1.00,0,0.00,0.00,0.00,2.00,1,1.00,2.00,0.00,0.00,,19,0,82.41,82.41,91.67,91.67,69.23,69.23,79.55,79.55,12.50,12.50
Laos,LAO,20200505,3.00,1,2.00,1,2.00,1,4.00,1,2.00,0,0.00,,2.00,1,4.00,1.00,0,0.00,0.00,0.00,2.00,1,1.00,2.00,0.00,0.00,,19,0,82.41,82.41,91.67,91.67,69.23,69.23,79.55,79.55,12.50,12.50
Laos,LAO,20200506,3.00,1,2.00,1,2.00,1,4.00,1,2.00,0,0.00,,2.00,1,4.00,1.00,0,0.00,0.00,0.00,2.00,1,1.00,2.00,0.00,0.00,,19,0,82.41,82.41,91.67,91.67,69.23,69.23,79.55,79.55,12.50,12.50
Laos,LAO,20200507,3.00,1,2.00,1,2.00,1,4.00,1,2.00,0,0.00,,2.00,1,4.00,1.00,0,0.00,0.00,0.00,2.00,1,1.00,2.00,5700000.00,0.00,,19,0,82.41,82.41,91.67,91.67,69.23,69.23,79.55,79.55,12.50,12.50
Laos,LAO,20200508,3.00,1,2.00,1,2.00,1,4.00,1,2.00,0,0.00,,2.00,1,4.00,1.00,0,0.00,0.00,0.00,2.00,1,1.00,2.00,0.00,0.00,,19,0,82.41,82.41,91.67,91.67,69.23,69.23,79.55,79.55,12.50,12.50
Laos,LAO,20200509,3.00,1,2.00,1,2.00,1,4.00,1,2.00,0,0.00,,2.00,1,4.00,1.00,0,0.00,0.00,0.00,2.00,1,1.00,2.00,0.00,0.00,,19,0,82.41,82.41,91.67,91.67,69.23,69.23,79.55,79.55,12.50,12.50
Laos,LAO,20200510,3.00,1,2.00,1,2.00,1,4.00,1,2.00,0,0.00,,2.00,1,4.00,1.00,0,0.00,0.00,0.00,2.00,1,1.00,2.00,0.00,0.00,,19,0,82.41,82.41,91.67,91.67,69.23,69.23,79.55,79.55,12.50,12.50
Laos,LAO,20200511,3.00,1,2.00,1,2.00,1,4.00,1,2.00,0,0.00,,2.00,1,4.00,1.00,0,0.00,0.00,0.00,2.00,1,1.00,2.00,0.00,0.00,,19,0,82.41,82.41,91.67,91.67,69.23,69.23,79.55,79.55,12.50,12.50
Laos,LAO,20200512,3.00,1,2.00,1,2.00,1,4.00,1,2.00,0,0.00,,2.00,1,4.00,1.00,0,0.00,0.00,0.00,2.00,1,1.00,2.00,0.00,0.00,,19,0,82.41,82.41,91.67,91.67,69.23,69.23,79.55,79.55,12.50,12.50
Laos,LAO,20200513,3.00,1,2.00,1,2.00,1,4.00,1,2.00,0,0.00,,2.00,1,4.00,1.00,0,0.00,0.00,0.00,2.00,1,1.00,2.00,0.00,0.00,,19,0,82.41,82.41,91.67,91.67,69.23,69.23,79.55,79.55,12.50,12.50
Laos,LAO,20200514,3.00,1,2.00,1,2.00,1,4.00,1,2.00,0,0.00,,2.00,1,4.00,1.00,0,0.00,0.00,0.00,2.00,1,1.00,2.00,0.00,0.00,,19,0,82.41,82.41,91.67,91.67,69.23,69.23,79.55,79.55,12.50,12.50
Laos,LAO,20200515,3.00,1,2.00,1,2.00,1,4.00,1,2.00,0,0.00,,2.00,1,4.00,1.00,0,0.00,0.00,0.00,2.00,1,1.00,2.00,0.00,0.00,,19,0,82.41,82.41,91.67,91.67,69.23,69.23,79.55,79.55,12.50,12.50
Laos,LAO,20200516,3.00,1,2.00,1,2.00,1,4.00,1,2.00,0,0.00,,2.00,1,4.00,1.00,0,0.00,0.00,0.00,2.00,1,1.00,2.00,0.00,0.00,,19,0,82.41,82.41,91.67,91.67,69.23,69.23,79.55,79.55,12.50,12.50
Laos,LAO,20200517,3.00,1,2.00,1,2.00,1,4.00,1,2.00,0,0.00,,2.00,1,4.00,1.00,0,0.00,0.00,0.00,2.00,1,1.00,2.00,0.00,0.00,,19,0,82.41,82.41,91.67,91.67,69.23,69.23,79.55,79.55,12.50,12.50
Laos,LAO,20200518,2.00,0,2.00,1,2.00,1,3.00,1,0.00,,0.00,,0.00,,4.00,1.00,0,0.00,0.00,0.00,2.00,1,1.00,2.00,0.00,0.00,,19,0,54.63,54.63,60.71,60.71,50.00,50.00,56.82,56.82,12.50,12.50
Laos,LAO,20200519,2.00,0,2.00,1,2.00,1,3.00,1,0.00,,0.00,,0.00,,4.00,1.00,0,0.00,0.00,0.00,2.00,1,1.00,2.00,0.00,0.00,,19,0,54.63,54.63,60.71,60.71,50.00,50.00,56.82,56.82,12.50,12.50
Laos,LAO,20200520,2.00,0,2.00,1,2.00,1,3.00,1,0.00,,0.00,,0.00,,4.00,1.00,0,0.00,0.00,0.00,2.00,1,1.00,2.00,0.00,0.00,,19,0,54.63,54.63,60.71,60.71,50.00,50.00,56.82,56.82,12.50,12.50
Laos,LAO,20200521,2.00,0,2.00,1,2.00,1,3.00,1,0.00,,0.00,,0.00,,4.00,1.00,0,0.00,0.00,0.00,2.00,1,1.00,2.00,0.00,0.00,,19,0,54.63,54.63,60.71,60.71,50.00,50.00,56.82,56.82,12.50,12.50
Laos,LAO,20200522,2.00,0,2.00,1,2.00,1,3.00,1,0.00,,0.00,,0.00,,4.00,1.00,0,0.00,0.00,0.00,2.00,1,1.00,2.00,0.00,0.00,,19,0,54.63,54.63,60.71,60.71,50.00,50.00,56.82,56.82,12.50,12.50
Laos,LAO,20200523,2.00,0,2.00,1,2.00,1,3.00,1,0.00,,0.00,,0.00,,4.00,1.00,0,0.00,0.00,0.00,2.00,1,1.00,2.00,0.00,0.00,,19,0,54.63,54.63,60.71,60.71,50.00,50.00,56.82,56.82,12.50,12.50
Laos,LAO,20200524,2.00,0,2.00,1,2.00,1,3.00,1,0.00,,0.00,,0.00,,4.00,1.00,0,0.00,0.00,0.00,2.00,1,1.00,2.00,0.00,0.00,,19,0,54.63,54.63,60.71,60.71,50.00,50.00,56.82,56.82,12.50,12.50
Laos,LAO,20200525,2.00,0,2.00,1,2.00,1,3.00,1,0.00,,0.00,,0.00,,4.00,1.00,0,0.00,0.00,0.00,2.00,1,1.00,2.00,0.00,0.00,,19,0,54.63,54.63,60.71,60.71,50.00,50.00,56.82,56.82,12.50,12.50
Laos,LAO,20200526,2.00,0,2.00,1,2.00,1,3.00,1,0.00,,0.00,,0.00,,4.00,1.00,0,0.00,0.00,0.00,2.00,1,1.00,2.00,0.00,0.00,,19,0,54.63,54.63,60.71,60.71,50.00,50.00,56.82,56.82,12.50,12.50
Laos,LAO,20200527,2.00,0,2.00,1,2.00,1,3.00,1,0.00,,0.00,,0.00,,4.00,1.00,0,0.00,0.00,0.00,2.00,1,1.00,2.00,0.00,0.00,,19,0,54.63,54.63,60.71,60.71,50.00,50.00,56.82,56.82,12.50,12.50
Laos,LAO,20200528,2.00,0,2.00,1,2.00,1,3.00,1,0.00,,0.00,,0.00,,4.00,1.00,0,0.00,0.00,0.00,2.00,1,1.00,2.00,0.00,0.00,,19,0,54.63,54.63,60.71,60.71,50.00,50.00,56.82,56.82,12.50,12.50
Laos,LAO,20200529,2.00,0,2.00,1,2.00,1,3.00,1,0.00,,0.00,,0.00,,4.00,1.00,0,0.00,0.00,0.00,2.00,1,1.00,2.00,0.00,0.00,,19,0,54.63,54.63,60.71,60.71,50.00,50.00,56.82,56.82,12.50,12.50
Laos,LAO,20200530,2.00,0,2.00,1,2.00,1,3.00,1,0.00,,0.00,,0.00,,4.00,1.00,0,0.00,0.00,0.00,2.00,1,1.00,2.00,0.00,0.00,,19,0,54.63,54.63,60.71,60.71,50.00,50.00,56.82,56.82,12.50,12.50
Laos,LAO,20200531,2.00,0,2.00,1,2.00,1,3.00,1,0.00,,0.00,,0.00,,4.00,1.00,0,0.00,0.00,0.00,2.00,1,1.00,2.00,0.00,0.00,,19,0,54.63,54.63,60.71,60.71,50.00,50.00,56.82,56.82,12.50,12.50
Laos,LAO,20200601,2.00,1,0.00,,2.00,1,2.00,1,0.00,,0.00,,0.00,,3.00,1.00,0,0.00,0.00,0.00,2.00,1,1.00,2.00,0.00,0.00,,19,0,43.52,43.52,50.00,50.00,42.31,42.31,47.73,47.73,12.50,12.50
Laos,LAO,20200602,2.00,1,0.00,,2.00,1,2.00,1,0.00,,0.00,,0.00,,3.00,1.00,0,0.00,0.00,0.00,2.00,1,1.00,2.00,0.00,0.00,,19,0,43.52,43.52,50.00,50.00,42.31,42.31,47.73,47.73,12.50,12.50
Laos,LAO,20200603,2.00,1,0.00,,2.00,1,2.00,1,0.00,,0.00,,0.00,,3.00,1.00,0,0.00,0.00,0.00,2.00,1,1.00,2.00,0.00,0.00,,19,0,43.52,43.52,50.00,50.00,42.31,42.31,47.73,47.73,12.50,12.50
Laos,LAO,20200604,2.00,1,0.00,,2.00,1,2.00,1,0.00,,0.00,,0.00,,3.00,1.00,0,0.00,0.00,0.00,2.00,1,1.00,2.00,0.00,0.00,,19,0,43.52,43.52,50.00,50.00,42.31,42.31,47.73,47.73,12.50,12.50
Laos,LAO,20200605,2.00,1,0.00,,2.00,1,2.00,1,0.00,,0.00,,0.00,,3.00,1.00,0,0.00,0.00,0.00,2.00,1,1.00,2.00,0.00,0.00,,19,0,43.52,43.52,50.00,50.00,42.31,42.31,47.73,47.73,12.50,12.50
Laos,LAO,20200606,2.00,1,0.00,,2.00,1,2.00,1,0.00,,0.00,,0.00,,3.00,1.00,0,0.00,0.00,0.00,2.00,1,1.00,2.00,0.00,0.00,,19,0,43.52,43.52,50.00,50.00,42.31,42.31,47.73,47.73,12.50,12.50
Laos,LAO,20200607,2.00,1,0.00,,2.00,1,2.00,1,0.00,,0.00,,0.00,,3.00,1.00,0,0.00,0.00,0.00,2.00,1,1.00,2.00,0.00,0.00,,19,0,43.52,43.52,50.00,50.00,42.31,42.31,47.73,47.73,12.50,12.50
Laos,LAO,20200608,2.00,1,0.00,,2.00,1,2.00,1,0.00,,0.00,,0.00,,3.00,1.00,0,0.00,0.00,0.00,2.00,1,1.00,2.00,0.00,0.00,,19,0,43.52,43.52,50.00,50.00,42.31,42.31,47.73,47.73,12.50,12.50
Laos,LAO,20200609,2.00,1,0.00,,2.00,1,2.00,1,0.00,,0.00,,0.00,,3.00,1.00,0,0.00,0.00,0.00,2.00,1,1.00,2.00,0.00,0.00,,19,0,43.52,43.52,50.00,50.00,42.31,42.31,47.73,47.73,12.50,12.50
Laos,LAO,20200610,2.00,1,0.00,,2.00,1,2.00,1,0.00,,0.00,,0.00,,3.00,1.00,0,0.00,0.00,0.00,2.00,1,1.00,2.00,0.00,0.00,,19,0,43.52,43.52,50.00,50.00,42.31,42.31,47.73,47.73,12.50,12.50
Laos,LAO,20200611,2.00,1,0.00,,2.00,1,2.00,1,0.00,,0.00,,0.00,,3.00,1.00,0,0.00,0.00,0.00,2.00,1,1.00,2.00,0.00,0.00,,19,0,43.52,43.52,50.00,50.00,42.31,42.31,47.73,47.73,12.50,12.50
Laos,LAO,20200612,2.00,1,0.00,,2.00,1,2.00,1,0.00,,0.00,,0.00,,3.00,1.00,0,0.00,0.00,0.00,2.00,1,1.00,2.00,0.00,0.00,,19,0,43.52,43.52,50.00,50.00,42.31,42.31,47.73,47.73,12.50,12.50
Laos,LAO,20200613,2.00,1,0.00,,2.00,1,2.00,1,0.00,,0.00,,0.00,,3.00,1.00,0,0.00,0.00,0.00,2.00,1,1.00,2.00,0.00,0.00,,19,0,43.52,43.52,50.00,50.00,42.31,42.31,47.73,47.73,12.50,12.50
Laos,LAO,20200614,,,,,,,,,,,,,,,,1.00,0,0.00,0.00,0.00,2.00,1,1.00,,0.00,0.00,,19,0,,,,,,,,,12.50,12.50
Laos,LAO,20200615,,,,,,,,,,,,,,,,1.00,0,0.00,0.00,0.00,2.00,1,1.00,,0.00,0.00,,19,0,,,,,,,,,12.50,12.50
Laos,LAO,20200616,,,,,,,,,,,,,,,,1.00,0,0.00,0.00,0.00,2.00,1,1.00,,0.00,0.00,,19,0,,,,,,,,,12.50,12.50
Laos,LAO,20200617,,,,,,,,,,,,,,,,1.00,0,0.00,0.00,0.00,2.00,1,1.00,,0.00,0.00,,19,0,,43.52,,50.00,,42.31,,47.73,12.50,12.50
Laos,LAO,20200618,,,,,,,,,,,,,,,,1.00,0,0.00,0.00,0.00,2.00,1,1.00,,0.00,0.00,,19,0,,43.52,,50.00,,42.31,,47.73,12.50,12.50
Laos,LAO,20200619,,,,,,,,,,,,,,,,,,,0.00,,2.00,1,1.00,,0.00,0.00,,19,0,,43.52,,50.00,,42.31,,47.73,,12.50
Laos,LAO,20200620,,,,,,,,,,,,,,,,,,,,,,,,,,,,19,0,,43.52,,50.00,,42.31,,47.73,,12.50
Laos,LAO,20200621,,,,,,,,,,,,,,,,,,,,,,,,,,,,19,0,,43.52,,50.00,,42.31,,47.73,,12.50
Laos,LAO,20200622,,,,,,,,,,,,,,,,,,,,,,,,,,,,19,0,,43.52,,50.00,,42.31,,47.73,,12.50
Laos,LAO,20200623,,,,,,,,,,,,,,,,,,,,,,,,,,,,19,0,,43.52,,50.00,,42.31,,47.73,,12.50
