Lebanon,LBN,20200101,0.00,,0.00,,0.00,,0.00,,0.00,,0.00,,0.00,,0.00,0.00,,0.00,0.00,0.00,0.00,,0.00,0.00,0.00,0.00,,0,0,0.00,0.00,0.00,0.00,0.00,0.00,0.00,0.00,0.00,0.00
Lebanon,LBN,20200102,0.00,,0.00,,0.00,,0.00,,0.00,,0.00,,0.00,,0.00,0.00,,0.00,0.00,0.00,0.00,,0.00,0.00,0.00,0.00,,0,0,0.00,0.00,0.00,0.00,0.00,0.00,0.00,0.00,0.00,0.00
Lebanon,LBN,20200103,0.00,,0.00,,0.00,,0.00,,0.00,,0.00,,0.00,,0.00,0.00,,0.00,0.00,0.00,0.00,,0.00,0.00,0.00,0.00,,0,0,0.00,0.00,0.00,0.00,0.00,0.00,0.00,0.00,0.00,0.00
Lebanon,LBN,20200104,0.00,,0.00,,0.00,,0.00,,0.00,,0.00,,0.00,,0.00,0.00,,0.00,0.00,0.00,0.00,,0.00,0.00,0.00,0.00,,0,0,0.00,0.00,0.00,0.00,0.00,0.00,0.00,0.00,0.00,0.00
Lebanon,LBN,20200105,0.00,,0.00,,0.00,,0.00,,0.00,,0.00,,0.00,,0.00,0.00,,0.00,0.00,0.00,0.00,,0.00,0.00,0.00,0.00,,0,0,0.00,0.00,0.00,0.00,0.00,0.00,0.00,0.00,0.00,0.00
Lebanon,LBN,20200106,0.00,,0.00,,0.00,,0.00,,0.00,,0.00,,0.00,,0.00,0.00,,0.00,0.00,0.00,0.00,,0.00,0.00,0.00,0.00,,0,0,0.00,0.00,0.00,0.00,0.00,0.00,0.00,0.00,0.00,0.00
Lebanon,LBN,20200107,0.00,,0.00,,0.00,,0.00,,0.00,,0.00,,0.00,,0.00,0.00,,0.00,0.00,0.00,0.00,,0.00,0.00,0.00,0.00,,0,0,0.00,0.00,0.00,0.00,0.00,0.00,0.00,0.00,0.00,0.00
Lebanon,LBN,20200108,0.00,,0.00,,0.00,,0.00,,0.00,,0.00,,0.00,,0.00,0.00,,0.00,0.00,0.00,0.00,,0.00,0.00,0.00,0.00,,0,0,0.00,0.00,0.00,0.00,0.00,0.00,0.00,0.00,0.00,0.00
Lebanon,LBN,20200109,0.00,,0.00,,0.00,,0.00,,0.00,,0.00,,0.00,,0.00,0.00,,0.00,0.00,0.00,0.00,,0.00,0.00,0.00,0.00,,0,0,0.00,0.00,0.00,0.00,0.00,0.00,0.00,0.00,0.00,0.00
Lebanon,LBN,20200110,0.00,,0.00,,0.00,,0.00,,0.00,,0.00,,0.00,,0.00,0.00,,0.00,0.00,0.00,0.00,,0.00,0.00,0.00,0.00,,0,0,0.00,0.00,0.00,0.00,0.00,0.00,0.00,0.00,0.00,0.00
Lebanon,LBN,20200111,0.00,,0.00,,0.00,,0.00,,0.00,,0.00,,0.00,,0.00,0.00,,0.00,0.00,0.00,0.00,,0.00,0.00,0.00,0.00,,0,0,0.00,0.00,0.00,0.00,0.00,0.00,0.00,0.00,0.00,0.00
Lebanon,LBN,20200112,0.00,,0.00,,0.00,,0.00,,0.00,,0.00,,0.00,,0.00,0.00,,0.00,0.00,0.00,0.00,,0.00,0.00,0.00,0.00,,0,0,0.00,0.00,0.00,0.00,0.00,0.00,0.00,0.00,0.00,0.00
Lebanon,LBN,20200113,0.00,,0.00,,0.00,,0.00,,0.00,,0.00,,0.00,,0.00,0.00,,0.00,0.00,0.00,0.00,,0.00,0.00,0.00,0.00,,0,0,0.00,0.00,0.00,0.00,0.00,0.00,0.00,0.00,0.00,0.00
Lebanon,LBN,20200114,0.00,,0.00,,0.00,,0.00,,0.00,,0.00,,0.00,,0.00,0.00,,0.00,0.00,0.00,0.00,,0.00,0.00,0.00,0.00,,0,0,0.00,0.00,0.00,0.00,0.00,0.00,0.00,0.00,0.00,0.00
Lebanon,LBN,20200115,0.00,,0.00,,0.00,,0.00,,0.00,,0.00,,0.00,,0.00,0.00,,0.00,0.00,0.00,0.00,,0.00,0.00,0.00,0.00,,0,0,0.00,0.00,0.00,0.00,0.00,0.00,0.00,0.00,0.00,0.00
Lebanon,LBN,20200116,0.00,,0.00,,0.00,,0.00,,0.00,,0.00,,0.00,,0.00,0.00,,0.00,0.00,0.00,0.00,,0.00,0.00,0.00,0.00,,0,0,0.00,0.00,0.00,0.00,0.00,0.00,0.00,0.00,0.00,0.00
Lebanon,LBN,20200117,0.00,,0.00,,0.00,,0.00,,0.00,,0.00,,0.00,,0.00,0.00,,0.00,0.00,0.00,0.00,,0.00,0.00,0.00,0.00,,0,0,0.00,0.00,0.00,0.00,0.00,0.00,0.00,0.00,0.00,0.00
Lebanon,LBN,20200118,0.00,,0.00,,0.00,,0.00,,0.00,,0.00,,0.00,,0.00,0.00,,0.00,0.00,0.00,0.00,,0.00,0.00,0.00,0.00,,0,0,0.00,0.00,0.00,0.00,0.00,0.00,0.00,0.00,0.00,0.00
Lebanon,LBN,20200119,0.00,,0.00,,0.00,,0.00,,0.00,,0.00,,0.00,,0.00,0.00,,0.00,0.00,0.00,0.00,,0.00,0.00,0.00,0.00,,0,0,0.00,0.00,0.00,0.00,0.00,0.00,0.00,0.00,0.00,0.00
Lebanon,LBN,20200120,0.00,,0.00,,0.00,,0.00,,0.00,,0.00,,0.00,,0.00,0.00,,0.00,0.00,0.00,0.00,,0.00,0.00,0.00,0.00,,0,0,0.00,0.00,0.00,0.00,0.00,0.00,0.00,0.00,0.00,0.00
Lebanon,LBN,20200121,0.00,,0.00,,0.00,,0.00,,0.00,,0.00,,0.00,,0.00,0.00,,0.00,0.00,0.00,0.00,,0.00,0.00,0.00,0.00,,0,0,0.00,0.00,0.00,0.00,0.00,0.00,0.00,0.00,0.00,0.00
Lebanon,LBN,20200122,0.00,,0.00,,0.00,,0.00,,0.00,,0.00,,0.00,,0.00,0.00,,0.00,0.00,0.00,0.00,,0.00,0.00,0.00,0.00,,0,0,0.00,0.00,0.00,0.00,0.00,0.00,0.00,0.00,0.00,0.00
Lebanon,LBN,20200123,0.00,,0.00,,0.00,,0.00,,0.00,,0.00,,0.00,,0.00,0.00,,0.00,0.00,0.00,0.00,,0.00,0.00,0.00,0.00,,0,0,0.00,0.00,0.00,0.00,0.00,0.00,0.00,0.00,0.00,0.00
Lebanon,LBN,20200124,0.00,,0.00,,0.00,,0.00,,0.00,,0.00,,0.00,,0.00,0.00,,0.00,0.00,0.00,0.00,,0.00,0.00,0.00,0.00,,0,0,0.00,0.00,0.00,0.00,0.00,0.00,0.00,0.00,0.00,0.00
Lebanon,LBN,20200125,0.00,,0.00,,0.00,,0.00,,0.00,,0.00,,0.00,,0.00,0.00,,0.00,0.00,0.00,0.00,,0.00,0.00,0.00,0.00,,0,0,0.00,0.00,0.00,0.00,0.00,0.00,0.00,0.00,0.00,0.00
Lebanon,LBN,20200126,0.00,,0.00,,0.00,,0.00,,0.00,,0.00,,0.00,,0.00,0.00,,0.00,0.00,0.00,0.00,,0.00,0.00,0.00,0.00,,0,0,0.00,0.00,0.00,0.00,0.00,0.00,0.00,0.00,0.00,0.00
Lebanon,LBN,20200127,0.00,,0.00,,0.00,,0.00,,0.00,,0.00,,0.00,,0.00,0.00,,0.00,0.00,0.00,0.00,,0.00,0.00,0.00,0.00,,0,0,0.00,0.00,0.00,0.00,0.00,0.00,0.00,0.00,0.00,0.00
Lebanon,LBN,20200128,0.00,,0.00,,0.00,,0.00,,0.00,,0.00,,0.00,,0.00,0.00,,0.00,0.00,0.00,0.00,,0.00,0.00,0.00,0.00,,0,0,0.00,0.00,0.00,0.00,0.00,0.00,0.00,0.00,0.00,0.00
Lebanon,LBN,20200129,0.00,,0.00,,0.00,,0.00,,0.00,,0.00,,0.00,,0.00,0.00,,0.00,0.00,0.00,0.00,,0.00,0.00,0.00,0.00,,0,0,0.00,0.00,0.00,0.00,0.00,0.00,0.00,0.00,0.00,0.00
Lebanon,LBN,20200130,0.00,,0.00,,0.00,,0.00,,0.00,,0.00,,0.00,,0.00,0.00,,0.00,0.00,0.00,0.00,,0.00,0.00,0.00,0.00,,0,0,0.00,0.00,0.00,0.00,0.00,0.00,0.00,0.00,0.00,0.00
Lebanon,LBN,20200131,0.00,,0.00,,0.00,,0.00,,0.00,,0.00,,0.00,,0.00,0.00,,0.00,0.00,0.00,0.00,,0.00,0.00,0.00,0.00,,0,0,0.00,0.00,0.00,0.00,0.00,0.00,0.00,0.00,0.00,0.00
Lebanon,LBN,20200201,0.00,,0.00,,0.00,,0.00,,0.00,,0.00,,0.00,,0.00,0.00,,0.00,0.00,0.00,0.00,,0.00,0.00,0.00,0.00,,0,0,0.00,0.00,0.00,0.00,0.00,0.00,0.00,0.00,0.00,0.00
Lebanon,LBN,20200202,0.00,,0.00,,0.00,,0.00,,0.00,,0.00,,0.00,,0.00,0.00,,0.00,0.00,0.00,0.00,,0.00,0.00,0.00,0.00,,0,0,0.00,0.00,0.00,0.00,0.00,0.00,0.00,0.00,0.00,0.00
Lebanon,LBN,20200203,0.00,,0.00,,0.00,,0.00,,0.00,,0.00,,0.00,,0.00,0.00,,0.00,0.00,0.00,0.00,,0.00,0.00,0.00,0.00,,0,0,0.00,0.00,0.00,0.00,0.00,0.00,0.00,0.00,0.00,0.00
Lebanon,LBN,20200204,0.00,,0.00,,0.00,,0.00,,0.00,,0.00,,0.00,,0.00,0.00,,0.00,0.00,0.00,0.00,,0.00,0.00,0.00,0.00,,0,0,0.00,0.00,0.00,0.00,0.00,0.00,0.00,0.00,0.00,0.00
Lebanon,LBN,20200205,0.00,,0.00,,0.00,,0.00,,0.00,,0.00,,0.00,,0.00,0.00,,0.00,0.00,0.00,0.00,,0.00,0.00,0.00,0.00,,0,0,0.00,0.00,0.00,0.00,0.00,0.00,0.00,0.00,0.00,0.00
Lebanon,LBN,20200206,0.00,,0.00,,0.00,,0.00,,0.00,,0.00,,0.00,,0.00,0.00,,0.00,0.00,0.00,0.00,,0.00,0.00,0.00,0.00,,0,0,0.00,0.00,0.00,0.00,0.00,0.00,0.00,0.00,0.00,0.00
Lebanon,LBN,20200207,0.00,,0.00,,0.00,,0.00,,0.00,,0.00,,0.00,,0.00,0.00,,0.00,0.00,0.00,0.00,,1.00,0.00,0.00,0.00,,0,0,0.00,0.00,0.00,0.00,2.56,2.56,3.03,3.03,0.00,0.00
Lebanon,LBN,20200208,0.00,,0.00,,0.00,,0.00,,0.00,,0.00,,0.00,,1.00,0.00,,0.00,0.00,0.00,0.00,,1.00,0.00,0.00,0.00,,0,0,2.78,2.78,3.57,3.57,4.49,4.49,5.30,5.30,0.00,0.00
Lebanon,LBN,20200209,0.00,,0.00,,0.00,,0.00,,0.00,,0.00,,0.00,,1.00,0.00,,0.00,0.00,0.00,0.00,,1.00,0.00,0.00,0.00,,0,0,2.78,2.78,3.57,3.57,4.49,4.49,5.30,5.30,0.00,0.00
Lebanon,LBN,20200210,0.00,,0.00,,0.00,,0.00,,0.00,,0.00,,0.00,,1.00,0.00,,0.00,0.00,0.00,0.00,,1.00,0.00,0.00,0.00,,0,0,2.78,2.78,3.57,3.57,4.49,4.49,5.30,5.30,0.00,0.00
Lebanon,LBN,20200211,0.00,,0.00,,0.00,,0.00,,0.00,,0.00,,0.00,,1.00,0.00,,0.00,0.00,0.00,0.00,,1.00,0.00,0.00,0.00,,0,0,2.78,2.78,3.57,3.57,4.49,4.49,5.30,5.30,0.00,0.00
Lebanon,LBN,20200212,0.00,,0.00,,0.00,,0.00,,0.00,,0.00,,0.00,,1.00,0.00,,0.00,0.00,0.00,0.00,,1.00,0.00,0.00,0.00,,0,0,2.78,2.78,3.57,3.57,4.49,4.49,5.30,5.30,0.00,0.00
Lebanon,LBN,20200213,0.00,,0.00,,0.00,,0.00,,0.00,,0.00,,0.00,,1.00,0.00,,0.00,0.00,0.00,0.00,,1.00,0.00,0.00,0.00,,0,0,2.78,2.78,3.57,3.57,4.49,4.49,5.30,5.30,0.00,0.00
Lebanon,LBN,20200214,0.00,,0.00,,0.00,,0.00,,0.00,,0.00,,0.00,,1.00,0.00,,0.00,0.00,0.00,0.00,,1.00,0.00,0.00,0.00,,0,0,2.78,2.78,3.57,3.57,4.49,4.49,5.30,5.30,0.00,0.00
Lebanon,LBN,20200215,0.00,,0.00,,0.00,,0.00,,0.00,,0.00,,0.00,,1.00,0.00,,0.00,0.00,0.00,0.00,,1.00,0.00,0.00,0.00,,0,0,2.78,2.78,3.57,3.57,4.49,4.49,5.30,5.30,0.00,0.00
Lebanon,LBN,20200216,0.00,,0.00,,0.00,,0.00,,0.00,,0.00,,0.00,,1.00,0.00,,0.00,0.00,0.00,0.00,,1.00,0.00,0.00,0.00,,0,0,2.78,2.78,3.57,3.57,4.49,4.49,5.30,5.30,0.00,0.00
Lebanon,LBN,20200217,0.00,,0.00,,0.00,,0.00,,0.00,,0.00,,0.00,,1.00,0.00,,0.00,0.00,0.00,0.00,,1.00,0.00,0.00,0.00,,0,0,2.78,2.78,3.57,3.57,4.49,4.49,5.30,5.30,0.00,0.00
Lebanon,LBN,20200218,0.00,,0.00,,0.00,,0.00,,0.00,,0.00,,0.00,,1.00,0.00,,0.00,0.00,0.00,0.00,,1.00,0.00,0.00,0.00,,0,0,2.78,2.78,3.57,3.57,4.49,4.49,5.30,5.30,0.00,0.00
Lebanon,LBN,20200219,0.00,,0.00,,0.00,,0.00,,0.00,,0.00,,0.00,,1.00,0.00,,0.00,0.00,0.00,0.00,,1.00,0.00,0.00,0.00,,0,0,2.78,2.78,3.57,3.57,4.49,4.49,5.30,5.30,0.00,0.00
Lebanon,LBN,20200220,0.00,,0.00,,0.00,,0.00,,0.00,,0.00,,0.00,,1.00,0.00,,0.00,0.00,0.00,0.00,,1.00,0.00,0.00,0.00,,0,0,2.78,2.78,3.57,3.57,4.49,4.49,5.30,5.30,0.00,0.00
Lebanon,LBN,20200221,0.00,,0.00,,0.00,,0.00,,0.00,,0.00,,0.00,,1.00,0.00,,0.00,0.00,0.00,1.00,1,1.00,1.00,0.00,0.00,,0,0,8.33,8.33,13.10,13.10,12.18,12.18,14.39,14.39,0.00,0.00
Lebanon,LBN,20200222,0.00,,0.00,,0.00,,0.00,,0.00,,0.00,,0.00,,1.00,0.00,,0.00,0.00,0.00,1.00,1,1.00,1.00,0.00,0.00,,1,0,8.33,8.33,13.10,13.10,12.18,12.18,14.39,14.39,0.00,0.00
Lebanon,LBN,20200223,0.00,,0.00,,0.00,,0.00,,0.00,,0.00,,0.00,,1.00,0.00,,0.00,0.00,0.00,1.00,1,1.00,1.00,0.00,0.00,,1,0,8.33,8.33,13.10,13.10,12.18,12.18,14.39,14.39,0.00,0.00
Lebanon,LBN,20200224,0.00,,0.00,,0.00,,0.00,,0.00,,0.00,,0.00,,1.00,0.00,,0.00,0.00,0.00,1.00,1,1.00,1.00,0.00,0.00,,1,0,8.33,8.33,13.10,13.10,12.18,12.18,14.39,14.39,0.00,0.00
Lebanon,LBN,20200225,0.00,,0.00,,0.00,,0.00,,0.00,,0.00,,0.00,,1.00,0.00,,0.00,0.00,0.00,1.00,1,1.00,1.00,0.00,0.00,,1,0,8.33,8.33,13.10,13.10,12.18,12.18,14.39,14.39,0.00,0.00
Lebanon,LBN,20200226,0.00,,0.00,,0.00,,0.00,,0.00,,0.00,,0.00,,1.00,0.00,,0.00,0.00,0.00,1.00,1,1.00,1.00,0.00,0.00,,1,0,8.33,8.33,13.10,13.10,12.18,12.18,14.39,14.39,0.00,0.00
Lebanon,LBN,20200227,0.00,,0.00,,0.00,,0.00,,0.00,,0.00,,0.00,,1.00,0.00,,0.00,0.00,0.00,1.00,1,1.00,1.00,0.00,0.00,,2,0,8.33,8.33,13.10,13.10,12.18,12.18,14.39,14.39,0.00,0.00
Lebanon,LBN,20200228,0.00,,0.00,,0.00,,0.00,,0.00,,0.00,,0.00,,3.00,0.00,,0.00,0.00,0.00,1.00,1,1.00,1.00,0.00,0.00,,3,0,13.89,13.89,20.24,20.24,16.03,16.03,18.94,18.94,0.00,0.00
Lebanon,LBN,20200229,3.00,1,0.00,,0.00,,0.00,,0.00,,0.00,,0.00,,3.00,0.00,,0.00,0.00,0.00,1.00,1,1.00,1.00,0.00,0.00,,3,0,25.00,25.00,34.52,34.52,23.72,23.72,28.03,28.03,0.00,0.00
Lebanon,LBN,20200301,3.00,1,0.00,,0.00,,0.00,,0.00,,0.00,,0.00,,3.00,0.00,,0.00,0.00,0.00,1.00,1,1.00,1.00,0.00,0.00,,4,0,25.00,25.00,34.52,34.52,23.72,23.72,28.03,28.03,0.00,0.00
Lebanon,LBN,20200302,3.00,1,0.00,,0.00,,0.00,,0.00,,0.00,,0.00,,3.00,0.00,,0.00,0.00,0.00,1.00,1,1.00,1.00,0.00,0.00,,10,0,25.00,25.00,34.52,34.52,23.72,23.72,28.03,28.03,0.00,0.00
Lebanon,LBN,20200303,3.00,1,0.00,,0.00,,0.00,,0.00,,0.00,,0.00,,3.00,0.00,,0.00,0.00,0.00,1.00,1,1.00,1.00,0.00,0.00,,13,0,25.00,25.00,34.52,34.52,23.72,23.72,28.03,28.03,0.00,0.00
Lebanon,LBN,20200304,3.00,1,0.00,,0.00,,0.00,,0.00,,0.00,,0.00,,3.00,0.00,,0.00,0.00,0.00,1.00,1,1.00,1.00,0.00,0.00,,,,25.00,25.00,34.52,34.52,23.72,23.72,28.03,28.03,0.00,0.00
Lebanon,LBN,20200305,3.00,1,0.00,,0.00,,0.00,,0.00,,0.00,,0.00,,3.00,0.00,,0.00,0.00,0.00,1.00,1,1.00,1.00,0.00,0.00,,,,25.00,25.00,34.52,34.52,23.72,23.72,28.03,28.03,0.00,0.00
Lebanon,LBN,20200306,3.00,1,2.00,1,0.00,,0.00,,0.00,,0.00,,0.00,,3.00,0.00,,0.00,0.00,0.00,2.00,1,1.00,1.00,0.00,0.00,,16,0,37.96,37.96,50.00,50.00,32.69,32.69,38.64,38.64,0.00,0.00
Lebanon,LBN,20200307,3.00,1,2.00,1,0.00,,0.00,,0.00,,0.00,,0.00,,3.00,0.00,,0.00,0.00,0.00,2.00,1,1.00,1.00,0.00,0.00,,22,0,37.96,37.96,50.00,50.00,32.69,32.69,38.64,38.64,0.00,0.00
Lebanon,LBN,20200308,3.00,1,2.00,1,0.00,,0.00,,0.00,,0.00,,0.00,,3.00,0.00,,0.00,0.00,0.00,2.00,1,1.00,1.00,0.00,0.00,,,,37.96,37.96,50.00,50.00,32.69,32.69,38.64,38.64,0.00,0.00
Lebanon,LBN,20200309,3.00,1,2.00,1,0.00,,0.00,,0.00,,0.00,,0.00,,3.00,0.00,,0.00,0.00,0.00,2.00,1,1.00,1.00,0.00,0.00,,32,0,37.96,37.96,50.00,50.00,32.69,32.69,38.64,38.64,0.00,0.00
Lebanon,LBN,20200310,3.00,1,2.00,1,0.00,,0.00,,0.00,,0.00,,0.00,,3.00,0.00,,0.00,0.00,0.00,2.00,1,1.00,1.00,39000000.00,0.00,,41,0,37.96,37.96,50.00,50.00,32.69,32.69,38.64,38.64,0.00,0.00
Lebanon,LBN,20200311,3.00,1,2.00,1,0.00,,0.00,,0.00,,0.00,,0.00,,3.00,0.00,,0.00,0.00,0.00,2.00,1,1.00,1.00,0.00,0.00,,41,1,37.96,37.96,50.00,50.00,32.69,32.69,38.64,38.64,0.00,0.00
Lebanon,LBN,20200312,3.00,1,2.00,1,0.00,,0.00,,0.00,,0.00,,0.00,,3.00,0.00,,0.00,0.00,0.00,2.00,1,1.00,1.00,0.00,0.00,,61,2,37.96,37.96,50.00,50.00,32.69,32.69,38.64,38.64,0.00,0.00
Lebanon,LBN,20200313,3.00,1,2.00,1,0.00,,0.00,,0.00,,0.00,,0.00,,3.00,0.00,,0.00,0.00,0.00,2.00,1,1.00,1.00,0.00,0.00,,66,2,37.96,37.96,50.00,50.00,32.69,32.69,38.64,38.64,0.00,0.00
Lebanon,LBN,20200314,3.00,1,2.00,1,0.00,,0.00,,0.00,,0.00,,0.00,,3.00,0.00,,0.00,0.00,0.00,2.00,1,1.00,1.00,0.00,0.00,,,,37.96,37.96,50.00,50.00,32.69,32.69,38.64,38.64,0.00,0.00
Lebanon,LBN,20200315,3.00,1,2.00,1,0.00,,0.00,,0.00,,0.00,,0.00,,3.00,0.00,,0.00,0.00,0.00,2.00,1,1.00,1.00,0.00,0.00,,93,3,37.96,37.96,50.00,50.00,32.69,32.69,38.64,38.64,0.00,0.00
Lebanon,LBN,20200316,3.00,1,2.00,1,1.00,0,0.00,,0.00,,1.00,1,1.00,1,4.00,0.00,,0.00,0.00,0.00,2.00,1,1.00,1.00,0.00,0.00,,99,3,52.78,52.78,67.86,67.86,42.95,42.95,50.76,50.76,0.00,0.00
Lebanon,LBN,20200317,3.00,1,2.00,1,1.00,0,0.00,,0.00,,1.00,1,1.00,1,4.00,0.00,,0.00,0.00,0.00,2.00,1,1.00,1.00,0.00,0.00,,120,3,52.78,52.78,67.86,67.86,42.95,42.95,50.76,50.76,0.00,0.00
Lebanon,LBN,20200318,3.00,1,3.00,1,2.00,1,4.00,1,1.00,1,2.00,1,1.00,1,4.00,0.00,,0.00,0.00,0.00,2.00,1,1.00,1.00,0.00,0.00,,120,3,85.19,85.19,91.67,91.67,65.38,65.38,77.27,77.27,0.00,0.00
Lebanon,LBN,20200319,3.00,1,3.00,1,2.00,1,4.00,1,1.00,1,2.00,1,1.00,1,4.00,0.00,,0.00,0.00,0.00,2.00,1,1.00,1.00,0.00,0.00,,133,4,85.19,85.19,91.67,91.67,65.38,65.38,77.27,77.27,0.00,0.00
Lebanon,LBN,20200320,3.00,1,3.00,1,2.00,1,4.00,1,1.00,1,2.00,1,1.00,1,4.00,0.00,,0.00,0.00,0.00,2.00,1,1.00,1.00,0.00,0.00,,149,4,85.19,85.19,91.67,91.67,65.38,65.38,77.27,77.27,0.00,0.00
Lebanon,LBN,20200321,3.00,1,3.00,1,2.00,1,4.00,1,1.00,1,2.00,1,1.00,1,4.00,0.00,,0.00,0.00,0.00,2.00,1,1.00,1.00,0.00,0.00,,163,4,85.19,85.19,91.67,91.67,65.38,65.38,77.27,77.27,0.00,0.00
Lebanon,LBN,20200322,3.00,1,3.00,1,2.00,1,4.00,1,1.00,1,2.00,1,1.00,1,4.00,0.00,,0.00,0.00,0.00,2.00,1,1.00,1.00,0.00,0.00,,230,4,85.19,85.19,91.67,91.67,65.38,65.38,77.27,77.27,0.00,0.00
Lebanon,LBN,20200323,3.00,1,3.00,1,2.00,1,4.00,1,1.00,1,2.00,1,1.00,1,4.00,0.00,,0.00,0.00,0.00,2.00,1,1.00,1.00,0.00,0.00,,248,4,85.19,85.19,91.67,91.67,65.38,65.38,77.27,77.27,0.00,0.00
Lebanon,LBN,20200324,3.00,1,3.00,1,2.00,1,4.00,1,1.00,1,2.00,1,1.00,1,4.00,0.00,,0.00,0.00,0.00,2.00,1,1.00,1.00,0.00,0.00,,267,4,85.19,85.19,91.67,91.67,65.38,65.38,77.27,77.27,0.00,0.00
Lebanon,LBN,20200325,3.00,1,3.00,1,2.00,1,4.00,1,1.00,1,2.00,1,1.00,1,4.00,0.00,,0.00,0.00,0.00,2.00,1,1.00,1.00,6000000.00,0.00,,304,4,85.19,85.19,91.67,91.67,65.38,65.38,77.27,77.27,0.00,0.00
Lebanon,LBN,20200326,3.00,1,3.00,1,2.00,1,4.00,1,1.00,1,2.00,1,1.00,1,4.00,0.00,,0.00,0.00,0.00,2.00,1,1.00,1.00,0.00,0.00,,333,4,85.19,85.19,91.67,91.67,65.38,65.38,77.27,77.27,0.00,0.00
Lebanon,LBN,20200327,3.00,1,3.00,1,2.00,1,4.00,1,1.00,1,2.00,1,1.00,1,4.00,0.00,,0.00,0.00,0.00,2.00,1,1.00,1.00,0.00,0.00,,368,6,85.19,85.19,91.67,91.67,65.38,65.38,77.27,77.27,0.00,0.00
Lebanon,LBN,20200328,3.00,1,3.00,1,2.00,1,4.00,1,1.00,1,2.00,1,1.00,1,4.00,0.00,,0.00,0.00,0.00,2.00,1,1.00,1.00,0.00,0.00,,391,7,85.19,85.19,91.67,91.67,65.38,65.38,77.27,77.27,0.00,0.00
Lebanon,LBN,20200329,3.00,1,3.00,1,2.00,1,4.00,1,1.00,1,2.00,1,1.00,1,4.00,0.00,,0.00,0.00,0.00,2.00,1,1.00,1.00,0.00,0.00,,412,8,85.19,85.19,91.67,91.67,65.38,65.38,77.27,77.27,0.00,0.00
Lebanon,LBN,20200330,3.00,1,3.00,1,2.00,1,4.00,1,1.00,1,2.00,1,1.00,1,4.00,0.00,,0.00,0.00,0.00,2.00,1,1.00,1.00,0.00,0.00,,438,10,85.19,85.19,91.67,91.67,65.38,65.38,77.27,77.27,0.00,0.00
Lebanon,LBN,20200331,3.00,1,3.00,1,2.00,1,4.00,1,1.00,1,2.00,1,1.00,1,4.00,0.00,,0.00,0.00,0.00,2.00,1,1.00,1.00,0.00,0.00,,446,11,85.19,85.19,91.67,91.67,65.38,65.38,77.27,77.27,0.00,0.00
Lebanon,LBN,20200401,3.00,1,3.00,1,2.00,1,4.00,1,1.00,1,2.00,1,1.00,1,4.00,0.00,,0.00,0.00,0.00,2.00,1,1.00,1.00,0.00,0.00,,463,12,85.19,85.19,91.67,91.67,65.38,65.38,77.27,77.27,0.00,0.00
Lebanon,LBN,20200402,3.00,1,3.00,1,2.00,1,4.00,1,1.00,1,2.00,1,1.00,1,4.00,0.00,,0.00,0.00,0.00,2.00,1,1.00,1.00,0.00,0.00,,479,12,85.19,85.19,91.67,91.67,65.38,65.38,77.27,77.27,0.00,0.00
Lebanon,LBN,20200403,3.00,1,3.00,1,2.00,1,4.00,1,1.00,1,2.00,1,1.00,1,4.00,0.00,,0.00,0.00,0.00,2.00,1,1.00,1.00,0.00,0.00,,494,16,85.19,85.19,91.67,91.67,65.38,65.38,77.27,77.27,0.00,0.00
Lebanon,LBN,20200404,3.00,1,3.00,1,2.00,1,4.00,1,1.00,1,2.00,1,1.00,1,4.00,0.00,,0.00,0.00,0.00,2.00,1,1.00,1.00,0.00,0.00,,494,16,85.19,85.19,91.67,91.67,65.38,65.38,77.27,77.27,0.00,0.00
Lebanon,LBN,20200405,3.00,1,3.00,1,2.00,1,4.00,1,1.00,1,2.00,1,1.00,1,4.00,0.00,,0.00,0.00,0.00,2.00,1,1.00,1.00,0.00,0.00,,520,17,85.19,85.19,91.67,91.67,65.38,65.38,77.27,77.27,0.00,0.00
Lebanon,LBN,20200406,3.00,1,3.00,1,2.00,1,4.00,1,1.00,1,2.00,1,1.00,1,4.00,0.00,,0.00,0.00,0.00,2.00,1,1.00,1.00,0.00,0.00,,527,18,85.19,85.19,91.67,91.67,65.38,65.38,77.27,77.27,0.00,0.00
Lebanon,LBN,20200407,3.00,1,3.00,1,2.00,1,4.00,1,1.00,1,2.00,1,1.00,1,4.00,0.00,,0.00,0.00,0.00,2.00,1,1.00,1.00,0.00,0.00,,541,19,85.19,85.19,91.67,91.67,65.38,65.38,77.27,77.27,0.00,0.00
Lebanon,LBN,20200408,3.00,1,3.00,1,2.00,1,4.00,1,1.00,1,2.00,1,1.00,1,4.00,0.00,,1.00,0.00,0.00,2.00,1,1.00,1.00,0.00,0.00,,548,19,85.19,85.19,91.67,91.67,69.23,69.23,77.27,77.27,25.00,25.00
Lebanon,LBN,20200409,3.00,1,3.00,1,2.00,1,4.00,1,1.00,1,2.00,1,1.00,1,4.00,0.00,,1.00,0.00,0.00,2.00,1,1.00,1.00,0.00,0.00,,575,19,85.19,85.19,91.67,91.67,69.23,69.23,77.27,77.27,25.00,25.00
Lebanon,LBN,20200410,3.00,1,3.00,1,2.00,1,4.00,1,1.00,1,2.00,1,1.00,1,4.00,0.00,,1.00,0.00,0.00,2.00,1,1.00,1.00,0.00,0.00,,582,19,85.19,85.19,91.67,91.67,69.23,69.23,77.27,77.27,25.00,25.00
Lebanon,LBN,20200411,3.00,1,3.00,1,2.00,1,4.00,1,1.00,1,2.00,1,1.00,1,4.00,0.00,,1.00,0.00,0.00,2.00,1,1.00,1.00,0.00,0.00,,609,20,85.19,85.19,91.67,91.67,69.23,69.23,77.27,77.27,25.00,25.00
Lebanon,LBN,20200412,3.00,1,3.00,1,2.00,1,4.00,1,1.00,1,2.00,1,1.00,1,4.00,0.00,,1.00,0.00,0.00,2.00,1,1.00,1.00,0.00,0.00,,619,20,85.19,85.19,91.67,91.67,69.23,69.23,77.27,77.27,25.00,25.00
Lebanon,LBN,20200413,3.00,1,3.00,1,2.00,1,4.00,1,1.00,1,2.00,1,1.00,1,4.00,0.00,,1.00,0.00,0.00,2.00,1,1.00,1.00,0.00,0.00,,630,20,85.19,85.19,91.67,91.67,69.23,69.23,77.27,77.27,25.00,25.00
Lebanon,LBN,20200414,3.00,1,3.00,1,2.00,1,4.00,1,1.00,1,2.00,1,1.00,1,4.00,0.00,,1.00,0.00,0.00,2.00,1,1.00,1.00,0.00,0.00,,632,20,85.19,85.19,91.67,91.67,69.23,69.23,77.27,77.27,25.00,25.00
Lebanon,LBN,20200415,3.00,1,3.00,1,2.00,1,4.00,1,1.00,1,2.00,1,1.00,1,4.00,0.00,,1.00,0.00,0.00,2.00,1,1.00,1.00,0.00,0.00,,641,21,85.19,85.19,91.67,91.67,69.23,69.23,77.27,77.27,25.00,25.00
Lebanon,LBN,20200416,3.00,1,3.00,1,2.00,1,4.00,1,1.00,1,2.00,1,1.00,1,4.00,0.00,,1.00,0.00,0.00,2.00,1,1.00,1.00,0.00,0.00,,658,21,85.19,85.19,91.67,91.67,69.23,69.23,77.27,77.27,25.00,25.00
Lebanon,LBN,20200417,3.00,1,3.00,1,2.00,1,4.00,1,1.00,1,2.00,1,1.00,1,4.00,0.00,,1.00,0.00,0.00,2.00,1,1.00,1.00,0.00,0.00,,663,21,85.19,85.19,91.67,91.67,69.23,69.23,77.27,77.27,25.00,25.00
Lebanon,LBN,20200418,3.00,1,3.00,1,2.00,1,4.00,1,1.00,1,2.00,1,1.00,1,4.00,0.00,,1.00,0.00,0.00,2.00,1,1.00,1.00,0.00,0.00,,668,21,85.19,85.19,91.67,91.67,69.23,69.23,77.27,77.27,25.00,25.00
Lebanon,LBN,20200419,3.00,1,3.00,1,2.00,1,4.00,1,1.00,1,2.00,1,1.00,1,4.00,0.00,,1.00,0.00,0.00,2.00,1,1.00,1.00,0.00,0.00,,672,21,85.19,85.19,91.67,91.67,69.23,69.23,77.27,77.27,25.00,25.00
Lebanon,LBN,20200420,3.00,1,3.00,1,2.00,1,4.00,1,1.00,1,2.00,1,1.00,1,4.00,0.00,,1.00,0.00,0.00,2.00,1,1.00,1.00,0.00,0.00,,673,21,85.19,85.19,91.67,91.67,69.23,69.23,77.27,77.27,25.00,25.00
Lebanon,LBN,20200421,3.00,1,3.00,1,2.00,1,4.00,1,1.00,1,2.00,1,1.00,1,4.00,0.00,,1.00,0.00,0.00,2.00,1,1.00,1.00,0.00,0.00,,677,21,85.19,85.19,91.67,91.67,69.23,69.23,77.27,77.27,25.00,25.00
Lebanon,LBN,20200422,3.00,1,3.00,1,2.00,1,4.00,1,1.00,1,2.00,1,1.00,1,4.00,0.00,,1.00,0.00,0.00,2.00,1,1.00,1.00,0.00,0.00,,677,21,85.19,85.19,91.67,91.67,69.23,69.23,77.27,77.27,25.00,25.00
Lebanon,LBN,20200423,3.00,1,3.00,1,2.00,1,4.00,1,1.00,1,2.00,1,1.00,1,4.00,0.00,,1.00,0.00,0.00,2.00,1,1.00,1.00,0.00,0.00,,682,22,85.19,85.19,91.67,91.67,69.23,69.23,77.27,77.27,25.00,25.00
Lebanon,LBN,20200424,3.00,1,3.00,1,2.00,1,4.00,1,1.00,1,2.00,1,1.00,1,4.00,0.00,,1.00,0.00,0.00,2.00,1,1.00,1.00,0.00,0.00,,688,22,85.19,85.19,91.67,91.67,69.23,69.23,77.27,77.27,25.00,25.00
Lebanon,LBN,20200425,3.00,1,3.00,1,2.00,1,4.00,1,1.00,1,2.00,1,1.00,1,4.00,0.00,,1.00,0.00,0.00,2.00,1,1.00,1.00,0.00,0.00,,696,22,85.19,85.19,91.67,91.67,69.23,69.23,77.27,77.27,25.00,25.00
Lebanon,LBN,20200426,3.00,1,3.00,1,2.00,1,4.00,1,1.00,1,2.00,1,1.00,1,4.00,0.00,,1.00,0.00,0.00,2.00,1,1.00,1.00,0.00,0.00,,704,24,85.19,85.19,91.67,91.67,69.23,69.23,77.27,77.27,25.00,25.00
Lebanon,LBN,20200427,3.00,1,2.00,1,2.00,1,4.00,1,1.00,1,2.00,1,1.00,1,4.00,0.00,,1.00,0.00,0.00,2.00,1,1.00,1.00,0.00,0.00,,707,24,81.48,81.48,88.10,88.10,66.67,66.67,74.24,74.24,25.00,25.00
Lebanon,LBN,20200428,3.00,1,2.00,1,2.00,1,4.00,1,1.00,1,2.00,1,1.00,1,4.00,0.00,,1.00,0.00,0.00,2.00,1,1.00,1.00,0.00,0.00,,710,24,81.48,81.48,88.10,88.10,66.67,66.67,74.24,74.24,25.00,25.00
Lebanon,LBN,20200429,3.00,1,2.00,1,2.00,1,4.00,1,1.00,1,2.00,1,1.00,1,4.00,0.00,,1.00,0.00,0.00,2.00,1,1.00,1.00,0.00,0.00,,717,24,81.48,81.48,88.10,88.10,66.67,66.67,74.24,74.24,25.00,25.00
Lebanon,LBN,20200430,3.00,1,2.00,1,2.00,1,4.00,1,1.00,1,2.00,1,1.00,1,4.00,0.00,,1.00,0.00,0.00,2.00,1,1.00,1.00,0.00,0.00,,721,24,81.48,81.48,88.10,88.10,66.67,66.67,74.24,74.24,25.00,25.00
Lebanon,LBN,20200501,3.00,1,2.00,1,2.00,1,4.00,1,1.00,1,2.00,1,1.00,1,4.00,0.00,,1.00,0.00,0.00,2.00,1,1.00,1.00,0.00,0.00,,725,24,81.48,81.48,88.10,88.10,66.67,66.67,74.24,74.24,25.00,25.00
Lebanon,LBN,20200502,3.00,1,2.00,1,2.00,1,4.00,1,1.00,1,2.00,1,1.00,1,4.00,0.00,,1.00,0.00,0.00,2.00,1,1.00,1.00,0.00,0.00,,729,24,81.48,81.48,88.10,88.10,66.67,66.67,74.24,74.24,25.00,25.00
Lebanon,LBN,20200503,3.00,1,2.00,1,2.00,1,4.00,1,1.00,1,1.00,1,1.00,1,4.00,0.00,,1.00,0.00,0.00,2.00,1,1.00,1.00,0.00,0.00,,733,25,77.78,77.78,86.90,86.90,64.10,64.10,71.21,71.21,25.00,25.00
Lebanon,LBN,20200504,3.00,1,2.00,1,2.00,1,4.00,1,1.00,1,1.00,1,1.00,1,4.00,0.00,,1.00,0.00,0.00,2.00,1,1.00,1.00,0.00,0.00,,737,25,77.78,77.78,86.90,86.90,64.10,64.10,71.21,71.21,25.00,25.00
Lebanon,LBN,20200505,3.00,1,2.00,1,2.00,1,4.00,1,1.00,1,1.00,1,1.00,1,4.00,0.00,,1.00,0.00,0.00,2.00,1,1.00,1.00,0.00,0.00,,740,25,77.78,77.78,86.90,86.90,64.10,64.10,71.21,71.21,25.00,25.00
Lebanon,LBN,20200506,3.00,1,2.00,1,2.00,1,4.00,1,1.00,1,1.00,1,1.00,1,4.00,0.00,,1.00,0.00,0.00,2.00,1,1.00,1.00,0.00,0.00,,741,25,77.78,77.78,86.90,86.90,64.10,64.10,71.21,71.21,25.00,25.00
Lebanon,LBN,20200507,3.00,1,2.00,1,2.00,1,4.00,1,1.00,1,1.00,1,1.00,1,4.00,0.00,,1.00,0.00,0.00,2.00,1,1.00,1.00,0.00,0.00,,750,25,77.78,77.78,86.90,86.90,64.10,64.10,71.21,71.21,25.00,25.00
Lebanon,LBN,20200508,3.00,1,2.00,1,2.00,1,4.00,1,1.00,1,1.00,1,1.00,1,4.00,0.00,,1.00,0.00,0.00,2.00,1,1.00,1.00,0.00,0.00,,784,25,77.78,77.78,86.90,86.90,64.10,64.10,71.21,71.21,25.00,25.00
Lebanon,LBN,20200509,3.00,1,2.00,1,2.00,1,4.00,1,1.00,1,1.00,1,1.00,1,4.00,0.00,,1.00,0.00,0.00,2.00,1,1.00,1.00,0.00,0.00,,796,26,77.78,77.78,86.90,86.90,64.10,64.10,71.21,71.21,25.00,25.00
Lebanon,LBN,20200510,3.00,1,2.00,1,2.00,1,4.00,1,1.00,1,1.00,1,1.00,1,4.00,0.00,,1.00,0.00,0.00,2.00,1,1.00,1.00,0.00,0.00,,809,26,77.78,77.78,86.90,86.90,64.10,64.10,71.21,71.21,25.00,25.00
Lebanon,LBN,20200511,3.00,1,2.00,1,2.00,1,4.00,1,1.00,1,1.00,1,1.00,1,4.00,0.00,,1.00,0.00,0.00,2.00,1,1.00,1.00,0.00,0.00,,845,26,77.78,77.78,86.90,86.90,64.10,64.10,71.21,71.21,25.00,25.00
Lebanon,LBN,20200512,3.00,1,2.00,1,2.00,1,4.00,1,1.00,1,1.00,1,1.00,1,4.00,0.00,,1.00,0.00,0.00,2.00,1,1.00,1.00,0.00,0.00,,859,26,77.78,77.78,86.90,86.90,64.10,64.10,71.21,71.21,25.00,25.00
Lebanon,LBN,20200513,3.00,1,3.00,1,2.00,1,4.00,1,1.00,1,2.00,1,1.00,1,4.00,0.00,,1.00,0.00,0.00,2.00,1,1.00,1.00,0.00,0.00,,870,26,85.19,85.19,91.67,91.67,69.23,69.23,77.27,77.27,25.00,25.00
Lebanon,LBN,20200514,3.00,1,3.00,1,2.00,1,4.00,1,1.00,1,2.00,1,1.00,1,4.00,0.00,,1.00,0.00,0.00,2.00,1,1.00,1.00,0.00,0.00,,878,26,85.19,85.19,91.67,91.67,69.23,69.23,77.27,77.27,25.00,25.00
Lebanon,LBN,20200515,3.00,1,3.00,1,2.00,1,4.00,1,1.00,1,2.00,1,1.00,1,4.00,0.00,,1.00,0.00,0.00,2.00,1,1.00,1.00,0.00,0.00,,886,26,85.19,85.19,91.67,91.67,69.23,69.23,77.27,77.27,25.00,25.00
Lebanon,LBN,20200516,3.00,1,3.00,1,2.00,1,4.00,1,1.00,1,2.00,1,1.00,1,4.00,0.00,,1.00,0.00,0.00,2.00,1,1.00,1.00,0.00,0.00,,891,26,85.19,85.19,91.67,91.67,69.23,69.23,77.27,77.27,25.00,25.00
Lebanon,LBN,20200517,3.00,1,3.00,1,2.00,1,4.00,1,1.00,1,2.00,1,1.00,1,4.00,0.00,,1.00,0.00,0.00,2.00,1,1.00,1.00,0.00,0.00,,902,26,85.19,85.19,91.67,91.67,69.23,69.23,77.27,77.27,25.00,25.00
Lebanon,LBN,20200518,3.00,1,2.00,1,2.00,1,4.00,1,1.00,1,1.00,1,1.00,1,4.00,0.00,,1.00,0.00,0.00,2.00,1,1.00,1.00,0.00,0.00,,911,26,77.78,77.78,86.90,86.90,64.10,64.10,71.21,71.21,25.00,25.00
Lebanon,LBN,20200519,3.00,1,2.00,1,2.00,1,4.00,1,1.00,1,1.00,1,1.00,1,4.00,0.00,,1.00,0.00,0.00,2.00,1,1.00,1.00,0.00,0.00,,931,26,77.78,77.78,86.90,86.90,64.10,64.10,71.21,71.21,25.00,25.00
Lebanon,LBN,20200520,3.00,1,2.00,1,2.00,1,4.00,1,1.00,1,1.00,1,1.00,1,4.00,0.00,,1.00,0.00,0.00,2.00,1,1.00,1.00,0.00,0.00,,954,26,77.78,77.78,86.90,86.90,64.10,64.10,71.21,71.21,25.00,25.00
Lebanon,LBN,20200521,3.00,1,2.00,1,2.00,1,4.00,1,1.00,1,1.00,1,1.00,1,4.00,0.00,,1.00,0.00,0.00,2.00,1,1.00,1.00,0.00,0.00,,961,26,77.78,77.78,86.90,86.90,64.10,64.10,71.21,71.21,25.00,25.00
Lebanon,LBN,20200522,3.00,1,2.00,1,2.00,1,4.00,1,1.00,1,1.00,1,1.00,1,4.00,0.00,,1.00,0.00,0.00,2.00,1,1.00,1.00,0.00,0.00,,1024,26,77.78,77.78,86.90,86.90,64.10,64.10,71.21,71.21,25.00,25.00
Lebanon,LBN,20200523,3.00,1,2.00,1,2.00,1,4.00,1,1.00,1,1.00,1,1.00,1,4.00,0.00,,1.00,0.00,0.00,2.00,1,1.00,1.00,0.00,0.00,,1086,26,77.78,77.78,86.90,86.90,64.10,64.10,71.21,71.21,25.00,25.00
Lebanon,LBN,20200524,3.00,1,2.00,1,2.00,1,4.00,1,1.00,1,1.00,1,1.00,1,4.00,0.00,,1.00,0.00,0.00,2.00,1,1.00,1.00,0.00,0.00,,1097,26,77.78,77.78,86.90,86.90,64.10,64.10,71.21,71.21,25.00,25.00
Lebanon,LBN,20200525,3.00,1,2.00,1,2.00,1,4.00,1,1.00,1,1.00,1,1.00,1,4.00,0.00,,1.00,0.00,0.00,2.00,1,1.00,1.00,0.00,0.00,,1114,26,77.78,77.78,86.90,86.90,64.10,64.10,71.21,71.21,25.00,25.00
Lebanon,LBN,20200526,3.00,1,2.00,1,2.00,1,4.00,1,1.00,1,1.00,1,1.00,1,4.00,0.00,,1.00,0.00,0.00,2.00,1,1.00,1.00,0.00,0.00,,1119,26,77.78,77.78,86.90,86.90,64.10,64.10,71.21,71.21,25.00,25.00
Lebanon,LBN,20200527,3.00,1,2.00,1,2.00,1,4.00,1,1.00,1,1.00,1,1.00,1,4.00,0.00,,1.00,0.00,0.00,2.00,1,1.00,1.00,0.00,0.00,,1140,26,77.78,77.78,86.90,86.90,64.10,64.10,71.21,71.21,25.00,25.00
Lebanon,LBN,20200528,3.00,1,2.00,1,2.00,1,4.00,1,1.00,1,1.00,1,1.00,1,4.00,0.00,,1.00,0.00,0.00,2.00,1,1.00,1.00,0.00,0.00,,1161,26,77.78,77.78,86.90,86.90,64.10,64.10,71.21,71.21,25.00,25.00
Lebanon,LBN,20200529,2.00,1,2.00,1,2.00,1,4.00,1,1.00,1,1.00,1,1.00,1,4.00,0.00,,1.00,0.00,0.00,2.00,1,2.00,1.00,0.00,0.00,,1168,26,74.07,74.07,83.33,83.33,64.10,64.10,71.21,71.21,25.00,25.00
Lebanon,LBN,20200530,2.00,1,2.00,1,2.00,1,4.00,1,1.00,1,1.00,1,1.00,1,4.00,0.00,,1.00,0.00,0.00,2.00,1,2.00,1.00,0.00,0.00,,1172,26,74.07,74.07,83.33,83.33,64.10,64.10,71.21,71.21,25.00,25.00
Lebanon,LBN,20200531,2.00,1,2.00,1,2.00,1,4.00,1,1.00,1,1.00,1,1.00,1,4.00,0.00,,1.00,0.00,0.00,2.00,1,2.00,1.00,0.00,0.00,,1191,26,74.07,74.07,83.33,83.33,64.10,64.10,71.21,71.21,25.00,25.00
Lebanon,LBN,20200601,2.00,1,2.00,1,2.00,1,4.00,1,1.00,1,1.00,1,1.00,1,4.00,0.00,,1.00,0.00,0.00,2.00,1,2.00,1.00,0.00,0.00,,1220,27,74.07,74.07,83.33,83.33,64.10,64.10,71.21,71.21,25.00,25.00
Lebanon,LBN,20200602,2.00,1,2.00,1,2.00,1,4.00,1,1.00,1,1.00,1,1.00,1,4.00,0.00,,1.00,0.00,0.00,2.00,1,2.00,1.00,0.00,0.00,,1233,27,74.07,74.07,83.33,83.33,64.10,64.10,71.21,71.21,25.00,25.00
Lebanon,LBN,20200603,2.00,1,2.00,1,2.00,1,4.00,1,1.00,1,1.00,1,1.00,1,4.00,0.00,,1.00,0.00,0.00,2.00,1,2.00,1.00,0.00,0.00,,1242,27,74.07,74.07,83.33,83.33,64.10,64.10,71.21,71.21,25.00,25.00
Lebanon,LBN,20200604,2.00,1,2.00,1,2.00,1,4.00,1,1.00,1,1.00,1,1.00,1,4.00,0.00,,1.00,0.00,0.00,2.00,1,2.00,1.00,0.00,0.00,,1256,27,74.07,74.07,83.33,83.33,64.10,64.10,71.21,71.21,25.00,25.00
Lebanon,LBN,20200605,2.00,1,2.00,1,2.00,1,4.00,1,1.00,1,1.00,1,1.00,1,4.00,0.00,,1.00,0.00,0.00,2.00,1,2.00,1.00,0.00,0.00,,1306,28,74.07,74.07,83.33,83.33,64.10,64.10,71.21,71.21,25.00,25.00
Lebanon,LBN,20200606,2.00,1,2.00,1,2.00,1,4.00,1,1.00,1,1.00,1,1.00,1,4.00,0.00,,1.00,0.00,0.00,2.00,1,2.00,1.00,0.00,0.00,,1312,28,74.07,74.07,83.33,83.33,64.10,64.10,71.21,71.21,25.00,25.00
Lebanon,LBN,20200607,2.00,1,2.00,1,2.00,1,4.00,1,1.00,1,1.00,1,1.00,1,4.00,0.00,,1.00,0.00,0.00,2.00,1,2.00,1.00,0.00,0.00,,1320,29,74.07,74.07,83.33,83.33,64.10,64.10,71.21,71.21,25.00,25.00
Lebanon,LBN,20200608,2.00,1,2.00,1,2.00,1,4.00,1,1.00,1,1.00,1,1.00,1,4.00,0.00,,1.00,0.00,0.00,2.00,1,2.00,1.00,0.00,0.00,,1331,30,74.07,74.07,83.33,83.33,64.10,64.10,71.21,71.21,25.00,25.00
Lebanon,LBN,20200609,2.00,1,2.00,1,2.00,1,4.00,1,1.00,1,1.00,1,1.00,1,4.00,0.00,,1.00,0.00,0.00,2.00,1,2.00,1.00,0.00,0.00,,1350,30,74.07,74.07,83.33,83.33,64.10,64.10,71.21,71.21,25.00,25.00
Lebanon,LBN,20200610,2.00,1,2.00,1,2.00,1,4.00,1,1.00,1,1.00,1,1.00,1,4.00,0.00,,1.00,0.00,0.00,2.00,1,2.00,1.00,0.00,0.00,,1368,30,74.07,74.07,83.33,83.33,64.10,64.10,71.21,71.21,25.00,25.00
Lebanon,LBN,20200611,2.00,1,2.00,1,2.00,1,4.00,1,1.00,1,1.00,1,1.00,1,4.00,0.00,,1.00,0.00,0.00,2.00,1,2.00,1.00,0.00,0.00,,1388,30,74.07,74.07,83.33,83.33,64.10,64.10,71.21,71.21,25.00,25.00
Lebanon,LBN,20200612,2.00,1,2.00,1,2.00,1,4.00,1,1.00,1,1.00,1,1.00,1,4.00,0.00,,1.00,0.00,0.00,2.00,1,2.00,1.00,0.00,0.00,,1402,31,74.07,74.07,83.33,83.33,64.10,64.10,71.21,71.21,25.00,25.00
Lebanon,LBN,20200613,2.00,1,2.00,1,2.00,1,4.00,1,1.00,1,1.00,1,1.00,1,4.00,0.00,,1.00,0.00,0.00,2.00,1,2.00,1.00,0.00,0.00,,1422,31,74.07,74.07,83.33,83.33,64.10,64.10,71.21,71.21,25.00,25.00
Lebanon,LBN,20200614,2.00,1,2.00,1,2.00,1,4.00,1,1.00,1,1.00,1,1.00,1,4.00,0.00,,1.00,0.00,0.00,2.00,1,2.00,1.00,0.00,0.00,,1442,32,74.07,74.07,83.33,83.33,64.10,64.10,71.21,71.21,25.00,25.00
Lebanon,LBN,20200615,2.00,1,2.00,1,2.00,1,4.00,1,1.00,1,1.00,1,1.00,1,4.00,0.00,,1.00,0.00,0.00,2.00,1,2.00,1.00,0.00,0.00,,1446,32,74.07,74.07,83.33,83.33,64.10,64.10,71.21,71.21,25.00,25.00
Lebanon,LBN,20200616,2.00,1,2.00,1,2.00,1,4.00,1,1.00,1,1.00,1,1.00,1,4.00,0.00,,1.00,0.00,0.00,2.00,1,2.00,1.00,0.00,0.00,,1464,32,74.07,74.07,83.33,83.33,64.10,64.10,71.21,71.21,25.00,25.00
Lebanon,LBN,20200617,2.00,1,2.00,1,2.00,1,4.00,1,1.00,1,1.00,1,1.00,1,4.00,0.00,,1.00,0.00,0.00,2.00,1,2.00,1.00,0.00,0.00,,1473,32,74.07,74.07,83.33,83.33,64.10,64.10,71.21,71.21,25.00,25.00
Lebanon,LBN,20200618,,,,,,,,,,,,,,,,,,,,,,,,,,,,1489,32,,74.07,,83.33,,64.10,,71.21,,25.00
Lebanon,LBN,20200619,,,,,,,,,,,,,,,,,,,,,,,,,,,,1495,32,,74.07,,83.33,,64.10,,71.21,,25.00
Lebanon,LBN,20200620,,,,,,,,,,,,,,,,,,,,,,,,,,,,1510,32,,74.07,,83.33,,64.10,,71.21,,25.00
Lebanon,LBN,20200621,,,,,,,,,,,,,,,,,,,,,,,,,,,,1536,32,,74.07,,83.33,,64.10,,71.21,,25.00
Lebanon,LBN,20200622,,,,,,,,,,,,,,,,,,,,,,,,,,,,1587,32,,74.07,,83.33,,64.10,,71.21,,25.00
Lebanon,LBN,20200623,,,,,,,,,,,,,,,,,,,,,,,,,,,,1603,32,,74.07,,83.33,,64.10,,71.21,,25.00
