Libya,LBY,20200101,0.00,,0.00,,0.00,,0.00,,0.00,,0.00,,0.00,,0.00,0.00,,0.00,0.00,0.00,0.00,,0.00,0.00,0.00,0.00,,,,0.00,0.00,0.00,0.00,0.00,0.00,0.00,0.00,0.00,0.00
Libya,LBY,20200102,0.00,,0.00,,0.00,,0.00,,0.00,,0.00,,0.00,,0.00,0.00,,0.00,0.00,0.00,0.00,,0.00,0.00,0.00,0.00,,,,0.00,0.00,0.00,0.00,0.00,0.00,0.00,0.00,0.00,0.00
Libya,LBY,20200103,0.00,,0.00,,0.00,,0.00,,0.00,,0.00,,0.00,,0.00,0.00,,0.00,0.00,0.00,0.00,,0.00,0.00,0.00,0.00,,,,0.00,0.00,0.00,0.00,0.00,0.00,0.00,0.00,0.00,0.00
Libya,LBY,20200104,0.00,,0.00,,0.00,,0.00,,0.00,,0.00,,0.00,,0.00,0.00,,0.00,0.00,0.00,0.00,,0.00,0.00,0.00,0.00,,,,0.00,0.00,0.00,0.00,0.00,0.00,0.00,0.00,0.00,0.00
Libya,LBY,20200105,0.00,,0.00,,0.00,,0.00,,0.00,,0.00,,0.00,,0.00,0.00,,0.00,0.00,0.00,0.00,,0.00,0.00,0.00,0.00,,,,0.00,0.00,0.00,0.00,0.00,0.00,0.00,0.00,0.00,0.00
Libya,LBY,20200106,0.00,,0.00,,0.00,,0.00,,0.00,,0.00,,0.00,,0.00,0.00,,0.00,0.00,0.00,0.00,,0.00,0.00,0.00,0.00,,,,0.00,0.00,0.00,0.00,0.00,0.00,0.00,0.00,0.00,0.00
Libya,LBY,20200107,0.00,,0.00,,0.00,,0.00,,0.00,,0.00,,0.00,,0.00,0.00,,0.00,0.00,0.00,0.00,,0.00,0.00,0.00,0.00,,,,0.00,0.00,0.00,0.00,0.00,0.00,0.00,0.00,0.00,0.00
Libya,LBY,20200108,0.00,,0.00,,0.00,,0.00,,0.00,,0.00,,0.00,,0.00,0.00,,0.00,0.00,0.00,0.00,,0.00,0.00,0.00,0.00,,,,0.00,0.00,0.00,0.00,0.00,0.00,0.00,0.00,0.00,0.00
Libya,LBY,20200109,0.00,,0.00,,0.00,,0.00,,0.00,,0.00,,0.00,,0.00,0.00,,0.00,0.00,0.00,0.00,,0.00,0.00,0.00,0.00,,,,0.00,0.00,0.00,0.00,0.00,0.00,0.00,0.00,0.00,0.00
Libya,LBY,20200110,0.00,,0.00,,0.00,,0.00,,0.00,,0.00,,0.00,,0.00,0.00,,0.00,0.00,0.00,0.00,,0.00,0.00,0.00,0.00,,,,0.00,0.00,0.00,0.00,0.00,0.00,0.00,0.00,0.00,0.00
Libya,LBY,20200111,0.00,,0.00,,0.00,,0.00,,0.00,,0.00,,0.00,,0.00,0.00,,0.00,0.00,0.00,0.00,,0.00,0.00,0.00,0.00,,,,0.00,0.00,0.00,0.00,0.00,0.00,0.00,0.00,0.00,0.00
Libya,LBY,20200112,0.00,,0.00,,0.00,,0.00,,0.00,,0.00,,0.00,,0.00,0.00,,0.00,0.00,0.00,0.00,,0.00,0.00,0.00,0.00,,,,0.00,0.00,0.00,0.00,0.00,0.00,0.00,0.00,0.00,0.00
Libya,LBY,20200113,0.00,,0.00,,0.00,,0.00,,0.00,,0.00,,0.00,,0.00,0.00,,0.00,0.00,0.00,0.00,,0.00,0.00,0.00,0.00,,,,0.00,0.00,0.00,0.00,0.00,0.00,0.00,0.00,0.00,0.00
Libya,LBY,20200114,0.00,,0.00,,0.00,,0.00,,0.00,,0.00,,0.00,,0.00,0.00,,0.00,0.00,0.00,0.00,,0.00,0.00,0.00,0.00,,,,0.00,0.00,0.00,0.00,0.00,0.00,0.00,0.00,0.00,0.00
Libya,LBY,20200115,0.00,,0.00,,0.00,,0.00,,0.00,,0.00,,0.00,,0.00,0.00,,0.00,0.00,0.00,0.00,,0.00,0.00,0.00,0.00,,,,0.00,0.00,0.00,0.00,0.00,0.00,0.00,0.00,0.00,0.00
Libya,LBY,20200116,0.00,,0.00,,0.00,,0.00,,0.00,,0.00,,0.00,,0.00,0.00,,0.00,0.00,0.00,0.00,,0.00,0.00,0.00,0.00,,,,0.00,0.00,0.00,0.00,0.00,0.00,0.00,0.00,0.00,0.00
Libya,LBY,20200117,0.00,,0.00,,0.00,,0.00,,0.00,,0.00,,0.00,,0.00,0.00,,0.00,0.00,0.00,0.00,,0.00,0.00,0.00,0.00,,,,0.00,0.00,0.00,0.00,0.00,0.00,0.00,0.00,0.00,0.00
Libya,LBY,20200118,0.00,,0.00,,0.00,,0.00,,0.00,,0.00,,0.00,,0.00,0.00,,0.00,0.00,0.00,0.00,,0.00,0.00,0.00,0.00,,,,0.00,0.00,0.00,0.00,0.00,0.00,0.00,0.00,0.00,0.00
Libya,LBY,20200119,0.00,,0.00,,0.00,,0.00,,0.00,,0.00,,0.00,,0.00,0.00,,0.00,0.00,0.00,0.00,,0.00,0.00,0.00,0.00,,,,0.00,0.00,0.00,0.00,0.00,0.00,0.00,0.00,0.00,0.00
Libya,LBY,20200120,0.00,,0.00,,0.00,,0.00,,0.00,,0.00,,0.00,,0.00,0.00,,0.00,0.00,0.00,0.00,,0.00,0.00,0.00,0.00,,,,0.00,0.00,0.00,0.00,0.00,0.00,0.00,0.00,0.00,0.00
Libya,LBY,20200121,0.00,,0.00,,0.00,,0.00,,0.00,,0.00,,0.00,,0.00,0.00,,0.00,0.00,0.00,0.00,,0.00,0.00,0.00,0.00,,,,0.00,0.00,0.00,0.00,0.00,0.00,0.00,0.00,0.00,0.00
Libya,LBY,20200122,0.00,,0.00,,0.00,,0.00,,0.00,,0.00,,0.00,,0.00,0.00,,0.00,0.00,0.00,0.00,,0.00,0.00,0.00,0.00,,,,0.00,0.00,0.00,0.00,0.00,0.00,0.00,0.00,0.00,0.00
Libya,LBY,20200123,0.00,,0.00,,0.00,,0.00,,0.00,,0.00,,0.00,,0.00,0.00,,0.00,0.00,0.00,0.00,,0.00,0.00,0.00,0.00,,,,0.00,0.00,0.00,0.00,0.00,0.00,0.00,0.00,0.00,0.00
Libya,LBY,20200124,0.00,,0.00,,0.00,,0.00,,0.00,,0.00,,0.00,,0.00,0.00,,0.00,0.00,0.00,0.00,,0.00,0.00,0.00,0.00,,,,0.00,0.00,0.00,0.00,0.00,0.00,0.00,0.00,0.00,0.00
Libya,LBY,20200125,0.00,,0.00,,0.00,,0.00,,0.00,,0.00,,0.00,,0.00,0.00,,0.00,0.00,0.00,0.00,,0.00,0.00,0.00,0.00,,,,0.00,0.00,0.00,0.00,0.00,0.00,0.00,0.00,0.00,0.00
Libya,LBY,20200126,0.00,,0.00,,0.00,,0.00,,0.00,,0.00,,0.00,,0.00,0.00,,0.00,0.00,0.00,0.00,,0.00,0.00,0.00,0.00,,,,0.00,0.00,0.00,0.00,0.00,0.00,0.00,0.00,0.00,0.00
Libya,LBY,20200127,0.00,,0.00,,0.00,,0.00,,0.00,,0.00,,0.00,,0.00,0.00,,0.00,0.00,0.00,0.00,,0.00,0.00,0.00,0.00,,,,0.00,0.00,0.00,0.00,0.00,0.00,0.00,0.00,0.00,0.00
Libya,LBY,20200128,0.00,,0.00,,0.00,,0.00,,0.00,,0.00,,0.00,,0.00,0.00,,0.00,0.00,0.00,0.00,,0.00,0.00,0.00,0.00,,,,0.00,0.00,0.00,0.00,0.00,0.00,0.00,0.00,0.00,0.00
Libya,LBY,20200129,0.00,,0.00,,0.00,,0.00,,0.00,,0.00,,0.00,,0.00,0.00,,0.00,0.00,0.00,0.00,,0.00,0.00,0.00,0.00,,,,0.00,0.00,0.00,0.00,0.00,0.00,0.00,0.00,0.00,0.00
Libya,LBY,20200130,0.00,,0.00,,0.00,,0.00,,0.00,,0.00,,0.00,,0.00,0.00,,0.00,0.00,0.00,0.00,,0.00,0.00,0.00,0.00,,,,0.00,0.00,0.00,0.00,0.00,0.00,0.00,0.00,0.00,0.00
Libya,LBY,20200131,0.00,,0.00,,0.00,,0.00,,0.00,,0.00,,0.00,,0.00,0.00,,0.00,0.00,0.00,0.00,,0.00,0.00,0.00,0.00,,,,0.00,0.00,0.00,0.00,0.00,0.00,0.00,0.00,0.00,0.00
Libya,LBY,20200201,0.00,,0.00,,0.00,,0.00,,0.00,,0.00,,0.00,,0.00,0.00,,0.00,0.00,0.00,0.00,,0.00,0.00,0.00,0.00,,,,0.00,0.00,0.00,0.00,0.00,0.00,0.00,0.00,0.00,0.00
Libya,LBY,20200202,0.00,,0.00,,0.00,,0.00,,0.00,,0.00,,0.00,,0.00,0.00,,0.00,0.00,0.00,0.00,,0.00,0.00,0.00,0.00,,,,0.00,0.00,0.00,0.00,0.00,0.00,0.00,0.00,0.00,0.00
Libya,LBY,20200203,0.00,,0.00,,0.00,,0.00,,0.00,,0.00,,0.00,,0.00,0.00,,0.00,0.00,0.00,0.00,,0.00,0.00,0.00,0.00,,,,0.00,0.00,0.00,0.00,0.00,0.00,0.00,0.00,0.00,0.00
Libya,LBY,20200204,0.00,,0.00,,0.00,,0.00,,0.00,,0.00,,0.00,,0.00,0.00,,0.00,0.00,0.00,0.00,,0.00,0.00,0.00,0.00,,,,0.00,0.00,0.00,0.00,0.00,0.00,0.00,0.00,0.00,0.00
Libya,LBY,20200205,0.00,,0.00,,0.00,,0.00,,0.00,,0.00,,0.00,,0.00,0.00,,0.00,0.00,0.00,0.00,,0.00,0.00,0.00,0.00,,,,0.00,0.00,0.00,0.00,0.00,0.00,0.00,0.00,0.00,0.00
Libya,LBY,20200206,0.00,,0.00,,0.00,,0.00,,0.00,,0.00,,0.00,,0.00,0.00,,0.00,0.00,0.00,0.00,,0.00,0.00,0.00,0.00,,,,0.00,0.00,0.00,0.00,0.00,0.00,0.00,0.00,0.00,0.00
Libya,LBY,20200207,0.00,,0.00,,0.00,,0.00,,0.00,,0.00,,0.00,,0.00,0.00,,0.00,0.00,0.00,0.00,,0.00,0.00,0.00,0.00,,,,0.00,0.00,0.00,0.00,0.00,0.00,0.00,0.00,0.00,0.00
Libya,LBY,20200208,0.00,,0.00,,0.00,,0.00,,0.00,,0.00,,0.00,,0.00,0.00,,0.00,0.00,0.00,0.00,,0.00,0.00,0.00,0.00,,,,0.00,0.00,0.00,0.00,0.00,0.00,0.00,0.00,0.00,0.00
Libya,LBY,20200209,0.00,,0.00,,0.00,,0.00,,0.00,,0.00,,0.00,,0.00,0.00,,0.00,0.00,0.00,0.00,,0.00,0.00,0.00,0.00,,,,0.00,0.00,0.00,0.00,0.00,0.00,0.00,0.00,0.00,0.00
Libya,LBY,20200210,0.00,,0.00,,0.00,,0.00,,0.00,,0.00,,0.00,,2.00,0.00,,0.00,0.00,0.00,0.00,,0.00,0.00,0.00,0.00,,,,5.56,5.56,7.14,7.14,3.85,3.85,4.55,4.55,0.00,0.00
Libya,LBY,20200211,0.00,,0.00,,0.00,,0.00,,0.00,,0.00,,0.00,,2.00,0.00,,0.00,0.00,0.00,0.00,,0.00,0.00,0.00,0.00,,,,5.56,5.56,7.14,7.14,3.85,3.85,4.55,4.55,0.00,0.00
Libya,LBY,20200212,0.00,,0.00,,0.00,,0.00,,0.00,,0.00,,0.00,,2.00,0.00,,0.00,0.00,0.00,0.00,,0.00,0.00,0.00,0.00,,,,5.56,5.56,7.14,7.14,3.85,3.85,4.55,4.55,0.00,0.00
Libya,LBY,20200213,0.00,,0.00,,0.00,,0.00,,0.00,,0.00,,0.00,,2.00,0.00,,0.00,0.00,0.00,0.00,,0.00,0.00,0.00,0.00,,,,5.56,5.56,7.14,7.14,3.85,3.85,4.55,4.55,0.00,0.00
Libya,LBY,20200214,0.00,,0.00,,0.00,,0.00,,0.00,,0.00,,0.00,,2.00,0.00,,0.00,0.00,0.00,0.00,,0.00,0.00,0.00,0.00,,,,5.56,5.56,7.14,7.14,3.85,3.85,4.55,4.55,0.00,0.00
Libya,LBY,20200215,0.00,,0.00,,0.00,,0.00,,0.00,,0.00,,0.00,,2.00,0.00,,0.00,0.00,0.00,0.00,,0.00,0.00,0.00,0.00,,,,5.56,5.56,7.14,7.14,3.85,3.85,4.55,4.55,0.00,0.00
Libya,LBY,20200216,0.00,,0.00,,0.00,,0.00,,0.00,,0.00,,0.00,,2.00,0.00,,0.00,0.00,0.00,0.00,,0.00,0.00,0.00,0.00,,,,5.56,5.56,7.14,7.14,3.85,3.85,4.55,4.55,0.00,0.00
Libya,LBY,20200217,0.00,,0.00,,0.00,,0.00,,0.00,,0.00,,0.00,,2.00,0.00,,0.00,0.00,0.00,0.00,,0.00,0.00,0.00,0.00,,,,5.56,5.56,7.14,7.14,3.85,3.85,4.55,4.55,0.00,0.00
Libya,LBY,20200218,0.00,,0.00,,0.00,,0.00,,0.00,,0.00,,0.00,,2.00,0.00,,0.00,0.00,0.00,0.00,,0.00,0.00,0.00,0.00,,,,5.56,5.56,7.14,7.14,3.85,3.85,4.55,4.55,0.00,0.00
Libya,LBY,20200219,0.00,,0.00,,0.00,,0.00,,0.00,,0.00,,0.00,,2.00,0.00,,0.00,0.00,0.00,0.00,,0.00,0.00,0.00,0.00,,,,5.56,5.56,7.14,7.14,3.85,3.85,4.55,4.55,0.00,0.00
Libya,LBY,20200220,0.00,,0.00,,0.00,,0.00,,0.00,,0.00,,0.00,,2.00,0.00,,0.00,0.00,0.00,0.00,,0.00,0.00,0.00,0.00,,,,5.56,5.56,7.14,7.14,3.85,3.85,4.55,4.55,0.00,0.00
Libya,LBY,20200221,0.00,,0.00,,0.00,,0.00,,0.00,,0.00,,0.00,,2.00,0.00,,0.00,0.00,0.00,0.00,,0.00,0.00,0.00,0.00,,,,5.56,5.56,7.14,7.14,3.85,3.85,4.55,4.55,0.00,0.00
Libya,LBY,20200222,0.00,,0.00,,0.00,,0.00,,0.00,,0.00,,0.00,,2.00,0.00,,0.00,0.00,0.00,0.00,,0.00,0.00,0.00,0.00,,,,5.56,5.56,7.14,7.14,3.85,3.85,4.55,4.55,0.00,0.00
Libya,LBY,20200223,0.00,,0.00,,0.00,,0.00,,0.00,,0.00,,0.00,,2.00,0.00,,0.00,0.00,0.00,0.00,,0.00,0.00,0.00,0.00,,,,5.56,5.56,7.14,7.14,3.85,3.85,4.55,4.55,0.00,0.00
Libya,LBY,20200224,0.00,,0.00,,0.00,,0.00,,0.00,,0.00,,0.00,,2.00,0.00,,0.00,0.00,0.00,0.00,,0.00,0.00,0.00,0.00,,,,5.56,5.56,7.14,7.14,3.85,3.85,4.55,4.55,0.00,0.00
Libya,LBY,20200225,0.00,,0.00,,0.00,,0.00,,0.00,,0.00,,0.00,,2.00,0.00,,0.00,0.00,0.00,0.00,,0.00,0.00,0.00,0.00,,,,5.56,5.56,7.14,7.14,3.85,3.85,4.55,4.55,0.00,0.00
Libya,LBY,20200226,0.00,,0.00,,0.00,,0.00,,0.00,,0.00,,0.00,,2.00,0.00,,0.00,0.00,0.00,0.00,,0.00,0.00,0.00,0.00,,,,5.56,5.56,7.14,7.14,3.85,3.85,4.55,4.55,0.00,0.00
Libya,LBY,20200227,0.00,,0.00,,0.00,,0.00,,0.00,,0.00,,0.00,,2.00,0.00,,0.00,0.00,0.00,0.00,,0.00,0.00,0.00,0.00,,,,5.56,5.56,7.14,7.14,3.85,3.85,4.55,4.55,0.00,0.00
Libya,LBY,20200228,0.00,,0.00,,0.00,,0.00,,0.00,,0.00,,0.00,,2.00,0.00,,0.00,0.00,0.00,0.00,,0.00,0.00,0.00,0.00,,,,5.56,5.56,7.14,7.14,3.85,3.85,4.55,4.55,0.00,0.00
Libya,LBY,20200229,0.00,,0.00,,0.00,,0.00,,0.00,,0.00,,0.00,,2.00,0.00,,0.00,0.00,0.00,0.00,,0.00,0.00,0.00,0.00,,,,5.56,5.56,7.14,7.14,3.85,3.85,4.55,4.55,0.00,0.00
Libya,LBY,20200301,0.00,,0.00,,0.00,,0.00,,0.00,,0.00,,0.00,,2.00,0.00,,0.00,0.00,0.00,0.00,,0.00,0.00,0.00,0.00,,,,5.56,5.56,7.14,7.14,3.85,3.85,4.55,4.55,0.00,0.00
Libya,LBY,20200302,0.00,,0.00,,0.00,,0.00,,0.00,,0.00,,0.00,,2.00,0.00,,0.00,0.00,0.00,0.00,,0.00,0.00,0.00,0.00,,,,5.56,5.56,7.14,7.14,3.85,3.85,4.55,4.55,0.00,0.00
Libya,LBY,20200303,0.00,,0.00,,0.00,,0.00,,0.00,,0.00,,0.00,,2.00,0.00,,0.00,0.00,0.00,0.00,,0.00,0.00,0.00,0.00,,,,5.56,5.56,7.14,7.14,3.85,3.85,4.55,4.55,0.00,0.00
Libya,LBY,20200304,0.00,,0.00,,0.00,,0.00,,0.00,,0.00,,0.00,,2.00,0.00,,0.00,0.00,0.00,0.00,,0.00,0.00,0.00,0.00,,,,5.56,5.56,7.14,7.14,3.85,3.85,4.55,4.55,0.00,0.00
Libya,LBY,20200305,0.00,,0.00,,0.00,,0.00,,0.00,,0.00,,0.00,,2.00,0.00,,0.00,0.00,0.00,0.00,,0.00,0.00,0.00,0.00,,,,5.56,5.56,7.14,7.14,3.85,3.85,4.55,4.55,0.00,0.00
Libya,LBY,20200306,0.00,,0.00,,0.00,,0.00,,0.00,,0.00,,0.00,,2.00,0.00,,0.00,0.00,0.00,0.00,,0.00,0.00,0.00,0.00,,,,5.56,5.56,7.14,7.14,3.85,3.85,4.55,4.55,0.00,0.00
Libya,LBY,20200307,0.00,,0.00,,0.00,,0.00,,0.00,,0.00,,0.00,,2.00,0.00,,0.00,0.00,0.00,0.00,,0.00,0.00,0.00,0.00,,,,5.56,5.56,7.14,7.14,3.85,3.85,4.55,4.55,0.00,0.00
Libya,LBY,20200308,0.00,,0.00,,0.00,,0.00,,0.00,,0.00,,0.00,,2.00,0.00,,0.00,0.00,0.00,0.00,,0.00,0.00,0.00,0.00,,,,5.56,5.56,7.14,7.14,3.85,3.85,4.55,4.55,0.00,0.00
Libya,LBY,20200309,0.00,,0.00,,0.00,,0.00,,0.00,,0.00,,0.00,,2.00,0.00,,0.00,0.00,0.00,0.00,,0.00,0.00,0.00,0.00,,,,5.56,5.56,7.14,7.14,3.85,3.85,4.55,4.55,0.00,0.00
Libya,LBY,20200310,0.00,,0.00,,0.00,,0.00,,0.00,,0.00,,0.00,,2.00,0.00,,0.00,0.00,0.00,0.00,,0.00,0.00,0.00,0.00,,,,5.56,5.56,7.14,7.14,3.85,3.85,4.55,4.55,0.00,0.00
Libya,LBY,20200311,0.00,,0.00,,0.00,,0.00,,0.00,,0.00,,0.00,,2.00,0.00,,0.00,0.00,0.00,0.00,,0.00,0.00,0.00,0.00,,,,5.56,5.56,7.14,7.14,3.85,3.85,4.55,4.55,0.00,0.00
Libya,LBY,20200312,0.00,,0.00,,0.00,,0.00,,0.00,,0.00,,0.00,,2.00,0.00,,0.00,0.00,0.00,0.00,,0.00,0.00,0.00,0.00,,,,5.56,5.56,7.14,7.14,3.85,3.85,4.55,4.55,0.00,0.00
Libya,LBY,20200313,0.00,,0.00,,0.00,,0.00,,0.00,,0.00,,0.00,,2.00,0.00,,0.00,0.00,0.00,0.00,,0.00,0.00,0.00,0.00,,,,5.56,5.56,7.14,7.14,3.85,3.85,4.55,4.55,0.00,0.00
Libya,LBY,20200314,0.00,,1.00,1,2.00,1,1.00,1,0.00,,0.00,,0.00,,2.00,0.00,,0.00,0.00,0.00,0.00,,1.00,0.00,0.00,0.00,,,,23.15,23.15,28.57,28.57,18.59,18.59,21.97,21.97,0.00,0.00
Libya,LBY,20200315,3.00,1,1.00,1,2.00,1,1.00,1,0.00,,0.00,,0.00,,2.00,0.00,,0.00,0.00,0.00,0.00,,1.00,0.00,0.00,0.00,,,,34.26,34.26,42.86,42.86,26.28,26.28,31.06,31.06,0.00,0.00
Libya,LBY,20200316,3.00,1,1.00,1,2.00,1,1.00,1,0.00,,0.00,,0.00,,4.00,0.00,,0.00,0.00,0.00,0.00,,1.00,0.00,0.00,0.00,,,,39.81,39.81,50.00,50.00,30.13,30.13,35.61,35.61,0.00,0.00
Libya,LBY,20200317,3.00,1,1.00,1,2.00,1,1.00,1,0.00,,0.00,,0.00,,4.00,0.00,,0.00,0.00,0.00,0.00,,1.00,0.00,0.00,0.00,,,,39.81,39.81,50.00,50.00,30.13,30.13,35.61,35.61,0.00,0.00
Libya,LBY,20200318,3.00,1,1.00,1,2.00,1,1.00,1,0.00,,0.00,,0.00,,4.00,0.00,,0.00,0.00,0.00,0.00,,1.00,0.00,0.00,0.00,,,,39.81,39.81,50.00,50.00,30.13,30.13,35.61,35.61,0.00,0.00
Libya,LBY,20200319,3.00,1,1.00,1,2.00,1,1.00,1,0.00,,0.00,,0.00,,4.00,0.00,,0.00,0.00,0.00,0.00,,1.00,0.00,0.00,0.00,,,,39.81,39.81,50.00,50.00,30.13,30.13,35.61,35.61,0.00,0.00
Libya,LBY,20200320,3.00,1,1.00,1,2.00,1,1.00,1,0.00,,0.00,,0.00,,4.00,0.00,,0.00,0.00,0.00,0.00,,1.00,0.00,0.00,0.00,,,,39.81,39.81,50.00,50.00,30.13,30.13,35.61,35.61,0.00,0.00
Libya,LBY,20200321,3.00,1,1.00,1,2.00,1,1.00,1,0.00,,0.00,,0.00,,4.00,0.00,,0.00,0.00,0.00,0.00,,1.00,0.00,0.00,0.00,,,,39.81,39.81,50.00,50.00,30.13,30.13,35.61,35.61,0.00,0.00
Libya,LBY,20200322,3.00,1,1.00,1,2.00,1,4.00,1,2.00,1,2.00,1,2.00,1,4.00,0.00,,0.00,0.00,0.00,0.00,,1.00,0.00,0.00,0.00,,,,77.78,77.78,78.57,78.57,56.41,56.41,66.67,66.67,0.00,0.00
Libya,LBY,20200323,3.00,1,1.00,1,2.00,1,4.00,1,2.00,1,2.00,1,2.00,1,4.00,0.00,,0.00,0.00,0.00,0.00,,1.00,0.00,0.00,0.00,,,,77.78,77.78,78.57,78.57,56.41,56.41,66.67,66.67,0.00,0.00
Libya,LBY,20200324,3.00,1,1.00,1,2.00,1,4.00,1,2.00,1,3.00,0,2.00,1,4.00,0.00,,0.00,0.00,0.00,2.00,1,1.00,1.00,0.00,0.00,,,,90.74,90.74,92.86,92.86,69.23,69.23,81.82,81.82,0.00,0.00
Libya,LBY,20200325,3.00,1,1.00,1,2.00,1,4.00,1,2.00,1,3.00,0,2.00,1,4.00,0.00,,0.00,0.00,0.00,2.00,1,1.00,1.00,0.00,0.00,,1,0,90.74,90.74,92.86,92.86,69.23,69.23,81.82,81.82,0.00,0.00
Libya,LBY,20200326,3.00,1,1.00,1,2.00,1,4.00,1,2.00,1,3.00,0,2.00,1,4.00,0.00,,0.00,0.00,0.00,2.00,1,1.00,1.00,0.00,0.00,,1,0,90.74,90.74,92.86,92.86,69.23,69.23,81.82,81.82,0.00,0.00
Libya,LBY,20200327,3.00,1,1.00,1,2.00,1,4.00,1,2.00,1,3.00,0,2.00,1,4.00,0.00,,0.00,0.00,0.00,2.00,1,1.00,1.00,0.00,0.00,,1,0,90.74,90.74,92.86,92.86,69.23,69.23,81.82,81.82,0.00,0.00
Libya,LBY,20200328,3.00,1,1.00,1,2.00,1,4.00,1,2.00,1,3.00,0,2.00,1,4.00,0.00,,0.00,0.00,0.00,2.00,1,1.00,1.00,0.00,0.00,,1,0,90.74,90.74,92.86,92.86,69.23,69.23,81.82,81.82,0.00,0.00
Libya,LBY,20200329,3.00,1,1.00,1,2.00,1,4.00,1,2.00,1,3.00,0,2.00,1,4.00,0.00,,0.00,0.00,0.00,2.00,1,1.00,1.00,0.00,0.00,,1,0,90.74,90.74,92.86,92.86,69.23,69.23,81.82,81.82,0.00,0.00
Libya,LBY,20200330,3.00,1,1.00,1,2.00,1,4.00,1,2.00,1,3.00,0,2.00,1,4.00,0.00,,0.00,0.00,0.00,2.00,1,1.00,1.00,0.00,0.00,,8,0,90.74,90.74,92.86,92.86,69.23,69.23,81.82,81.82,0.00,0.00
Libya,LBY,20200331,3.00,1,1.00,1,2.00,1,4.00,1,2.00,1,3.00,0,2.00,1,4.00,0.00,,0.00,0.00,0.00,2.00,1,1.00,1.00,52998679.00,0.00,,8,0,90.74,90.74,92.86,92.86,69.23,69.23,81.82,81.82,0.00,0.00
Libya,LBY,20200401,3.00,1,1.00,1,2.00,1,4.00,1,2.00,1,3.00,0,2.00,1,4.00,0.00,,0.00,0.00,0.00,2.00,1,1.00,1.00,0.00,0.00,,10,0,90.74,90.74,92.86,92.86,69.23,69.23,81.82,81.82,0.00,0.00
Libya,LBY,20200402,3.00,1,1.00,1,2.00,1,4.00,1,2.00,1,3.00,0,2.00,1,4.00,0.00,,0.00,0.00,0.00,2.00,1,1.00,1.00,0.00,0.00,,10,0,90.74,90.74,92.86,92.86,69.23,69.23,81.82,81.82,0.00,0.00
Libya,LBY,20200403,3.00,1,1.00,1,2.00,1,4.00,1,2.00,1,3.00,0,2.00,1,4.00,0.00,,0.00,0.00,0.00,2.00,1,1.00,1.00,0.00,0.00,,11,1,90.74,90.74,92.86,92.86,69.23,69.23,81.82,81.82,0.00,0.00
Libya,LBY,20200404,3.00,1,1.00,1,2.00,1,4.00,1,2.00,1,3.00,0,2.00,1,4.00,0.00,,0.00,0.00,0.00,2.00,1,1.00,1.00,0.00,0.00,,11,1,90.74,90.74,92.86,92.86,69.23,69.23,81.82,81.82,0.00,0.00
Libya,LBY,20200405,3.00,1,1.00,1,2.00,1,4.00,1,2.00,1,3.00,0,2.00,1,4.00,0.00,,0.00,0.00,0.00,2.00,1,1.00,1.00,0.00,0.00,,18,1,90.74,90.74,92.86,92.86,69.23,69.23,81.82,81.82,0.00,0.00
Libya,LBY,20200406,3.00,1,1.00,1,2.00,1,4.00,1,2.00,1,3.00,0,2.00,1,4.00,0.00,,0.00,0.00,0.00,2.00,1,1.00,1.00,0.00,0.00,,18,1,90.74,90.74,92.86,92.86,69.23,69.23,81.82,81.82,0.00,0.00
Libya,LBY,20200407,3.00,1,1.00,1,2.00,1,4.00,1,2.00,1,3.00,0,2.00,1,4.00,0.00,,0.00,0.00,0.00,2.00,1,1.00,1.00,0.00,0.00,,18,1,90.74,90.74,92.86,92.86,69.23,69.23,81.82,81.82,0.00,0.00
Libya,LBY,20200408,3.00,1,1.00,1,2.00,1,4.00,1,2.00,1,2.00,1,2.00,1,4.00,0.00,,0.00,0.00,0.00,2.00,1,1.00,1.00,0.00,0.00,,19,1,88.89,88.89,92.86,92.86,67.95,67.95,80.30,80.30,0.00,0.00
Libya,LBY,20200409,3.00,1,1.00,1,2.00,1,4.00,1,2.00,1,2.00,1,2.00,1,4.00,0.00,,0.00,0.00,0.00,2.00,1,1.00,1.00,0.00,0.00,,21,1,88.89,88.89,92.86,92.86,67.95,67.95,80.30,80.30,0.00,0.00
Libya,LBY,20200410,3.00,1,1.00,1,2.00,1,4.00,1,2.00,1,2.00,1,2.00,1,4.00,0.00,,0.00,0.00,0.00,2.00,1,1.00,1.00,0.00,0.00,,24,1,88.89,88.89,92.86,92.86,67.95,67.95,80.30,80.30,0.00,0.00
Libya,LBY,20200411,3.00,1,1.00,1,2.00,1,4.00,1,2.00,1,2.00,1,2.00,1,4.00,0.00,,0.00,0.00,0.00,2.00,1,1.00,1.00,0.00,0.00,,24,1,88.89,88.89,92.86,92.86,67.95,67.95,80.30,80.30,0.00,0.00
Libya,LBY,20200412,3.00,1,1.00,1,2.00,1,4.00,1,2.00,1,2.00,1,2.00,1,4.00,0.00,,0.00,0.00,0.00,2.00,1,1.00,1.00,0.00,0.00,,25,1,88.89,88.89,92.86,92.86,67.95,67.95,80.30,80.30,0.00,0.00
Libya,LBY,20200413,3.00,1,1.00,1,2.00,1,4.00,1,2.00,1,2.00,1,2.00,1,4.00,0.00,,0.00,0.00,0.00,2.00,1,1.00,1.00,0.00,0.00,,25,1,88.89,88.89,92.86,92.86,67.95,67.95,80.30,80.30,0.00,0.00
Libya,LBY,20200414,3.00,1,1.00,1,2.00,1,4.00,1,2.00,1,2.00,1,2.00,1,4.00,0.00,,0.00,0.00,0.00,2.00,1,1.00,1.00,0.00,0.00,,26,1,88.89,88.89,92.86,92.86,67.95,67.95,80.30,80.30,0.00,0.00
Libya,LBY,20200415,3.00,1,1.00,1,2.00,1,4.00,1,2.00,1,2.00,1,2.00,1,4.00,0.00,,0.00,0.00,0.00,2.00,1,1.00,1.00,0.00,0.00,,35,1,88.89,88.89,92.86,92.86,67.95,67.95,80.30,80.30,0.00,0.00
Libya,LBY,20200416,3.00,1,3.00,1,2.00,1,4.00,1,2.00,1,2.00,1,2.00,1,4.00,0.00,,0.00,0.00,0.00,2.00,1,1.00,1.00,0.00,0.00,,48,1,96.30,96.30,100.00,100.00,73.08,73.08,86.36,86.36,0.00,0.00
Libya,LBY,20200417,3.00,1,3.00,1,2.00,1,4.00,1,2.00,1,3.00,1,2.00,1,4.00,0.00,,0.00,0.00,0.00,2.00,1,1.00,1.00,0.00,0.00,,49,1,100.00,100.00,100.00,100.00,75.64,75.64,89.39,89.39,0.00,0.00
Libya,LBY,20200418,3.00,1,3.00,1,2.00,1,4.00,1,2.00,1,3.00,1,2.00,1,4.00,0.00,,0.00,0.00,0.00,2.00,1,1.00,1.00,0.00,0.00,,49,1,100.00,100.00,100.00,100.00,75.64,75.64,89.39,89.39,0.00,0.00
Libya,LBY,20200419,3.00,1,3.00,1,2.00,1,4.00,1,2.00,1,3.00,1,2.00,1,4.00,0.00,,0.00,0.00,0.00,2.00,1,1.00,1.00,0.00,0.00,,49,1,100.00,100.00,100.00,100.00,75.64,75.64,89.39,89.39,0.00,0.00
Libya,LBY,20200420,3.00,1,3.00,1,2.00,1,4.00,1,2.00,1,3.00,1,2.00,1,4.00,0.00,,0.00,0.00,0.00,2.00,1,1.00,1.00,0.00,0.00,,49,1,100.00,100.00,100.00,100.00,75.64,75.64,89.39,89.39,0.00,0.00
Libya,LBY,20200421,3.00,1,3.00,1,2.00,1,4.00,1,2.00,1,3.00,1,2.00,1,4.00,0.00,,0.00,0.00,0.00,2.00,1,1.00,1.00,0.00,0.00,,51,1,100.00,100.00,100.00,100.00,75.64,75.64,89.39,89.39,0.00,0.00
Libya,LBY,20200422,3.00,1,3.00,1,2.00,1,4.00,1,2.00,1,3.00,1,2.00,1,4.00,0.00,,0.00,0.00,0.00,2.00,1,1.00,1.00,0.00,0.00,,51,1,100.00,100.00,100.00,100.00,75.64,75.64,89.39,89.39,0.00,0.00
Libya,LBY,20200423,3.00,1,3.00,1,2.00,1,4.00,1,2.00,1,3.00,1,2.00,1,4.00,0.00,,0.00,0.00,0.00,2.00,1,1.00,1.00,0.00,0.00,,59,1,100.00,100.00,100.00,100.00,75.64,75.64,89.39,89.39,0.00,0.00
Libya,LBY,20200424,3.00,1,3.00,1,2.00,1,4.00,1,2.00,1,3.00,1,2.00,1,4.00,0.00,,0.00,0.00,0.00,2.00,1,1.00,1.00,0.00,0.00,,60,2,100.00,100.00,100.00,100.00,75.64,75.64,89.39,89.39,0.00,0.00
Libya,LBY,20200425,3.00,1,3.00,1,2.00,1,4.00,1,2.00,1,3.00,1,2.00,1,4.00,0.00,,0.00,0.00,0.00,2.00,1,1.00,1.00,0.00,0.00,,61,2,100.00,100.00,100.00,100.00,75.64,75.64,89.39,89.39,0.00,0.00
Libya,LBY,20200426,3.00,1,3.00,1,2.00,1,4.00,1,2.00,1,3.00,1,2.00,1,4.00,0.00,,0.00,0.00,0.00,2.00,1,1.00,1.00,0.00,0.00,,61,2,100.00,100.00,100.00,100.00,75.64,75.64,89.39,89.39,0.00,0.00
Libya,LBY,20200427,3.00,1,3.00,1,2.00,1,4.00,1,2.00,1,3.00,1,2.00,1,4.00,0.00,,0.00,0.00,0.00,2.00,1,1.00,1.00,0.00,0.00,,61,2,100.00,100.00,100.00,100.00,75.64,75.64,89.39,89.39,0.00,0.00
Libya,LBY,20200428,3.00,1,3.00,1,2.00,1,4.00,1,2.00,1,3.00,1,2.00,1,4.00,0.00,,0.00,0.00,0.00,2.00,1,1.00,1.00,0.00,0.00,,61,2,100.00,100.00,100.00,100.00,75.64,75.64,89.39,89.39,0.00,0.00
Libya,LBY,20200429,3.00,1,3.00,1,2.00,1,4.00,1,2.00,1,3.00,1,2.00,1,4.00,0.00,,0.00,0.00,0.00,2.00,1,1.00,1.00,0.00,0.00,,61,2,100.00,100.00,100.00,100.00,75.64,75.64,89.39,89.39,0.00,0.00
Libya,LBY,20200430,3.00,1,3.00,1,2.00,1,4.00,1,2.00,1,3.00,1,2.00,1,4.00,0.00,,0.00,0.00,0.00,2.00,1,1.00,1.00,0.00,0.00,,61,2,100.00,100.00,100.00,100.00,75.64,75.64,89.39,89.39,0.00,0.00
Libya,LBY,20200501,3.00,1,3.00,1,2.00,1,4.00,1,2.00,1,3.00,1,2.00,1,4.00,0.00,,0.00,0.00,0.00,2.00,1,1.00,1.00,0.00,0.00,,61,3,100.00,100.00,100.00,100.00,75.64,75.64,89.39,89.39,0.00,0.00
Libya,LBY,20200502,3.00,1,3.00,1,2.00,1,4.00,1,2.00,1,3.00,1,2.00,1,4.00,0.00,,0.00,0.00,0.00,2.00,1,1.00,1.00,0.00,0.00,,63,3,100.00,100.00,100.00,100.00,75.64,75.64,89.39,89.39,0.00,0.00
Libya,LBY,20200503,3.00,1,3.00,1,2.00,1,4.00,1,2.00,1,3.00,1,2.00,1,4.00,0.00,,0.00,0.00,0.00,2.00,1,1.00,1.00,0.00,0.00,,63,3,100.00,100.00,100.00,100.00,75.64,75.64,89.39,89.39,0.00,0.00
Libya,LBY,20200504,3.00,1,3.00,1,2.00,1,4.00,1,2.00,1,3.00,1,2.00,1,4.00,0.00,,0.00,0.00,0.00,2.00,1,1.00,1.00,0.00,0.00,,63,3,100.00,100.00,100.00,100.00,75.64,75.64,89.39,89.39,0.00,0.00
Libya,LBY,20200505,3.00,1,3.00,1,2.00,1,4.00,1,2.00,1,3.00,1,2.00,1,4.00,0.00,,0.00,0.00,0.00,2.00,1,1.00,1.00,0.00,0.00,,63,3,100.00,100.00,100.00,100.00,75.64,75.64,89.39,89.39,0.00,0.00
Libya,LBY,20200506,3.00,1,3.00,1,2.00,1,4.00,1,2.00,1,3.00,1,2.00,1,4.00,0.00,,0.00,0.00,0.00,2.00,1,1.00,1.00,0.00,0.00,,63,3,100.00,100.00,100.00,100.00,75.64,75.64,89.39,89.39,0.00,0.00
Libya,LBY,20200507,3.00,1,3.00,1,2.00,1,4.00,1,2.00,1,3.00,1,2.00,1,4.00,0.00,,0.00,0.00,0.00,2.00,1,1.00,1.00,0.00,0.00,,64,3,100.00,100.00,100.00,100.00,75.64,75.64,89.39,89.39,0.00,0.00
Libya,LBY,20200508,3.00,1,3.00,1,2.00,1,4.00,1,2.00,1,3.00,1,2.00,1,4.00,0.00,,0.00,0.00,0.00,2.00,1,1.00,1.00,0.00,0.00,,64,3,100.00,100.00,100.00,100.00,75.64,75.64,89.39,89.39,0.00,0.00
Libya,LBY,20200509,3.00,1,3.00,1,2.00,1,4.00,1,2.00,1,3.00,1,2.00,1,4.00,0.00,,0.00,0.00,0.00,2.00,1,1.00,1.00,0.00,0.00,,64,3,100.00,100.00,100.00,100.00,75.64,75.64,89.39,89.39,0.00,0.00
Libya,LBY,20200510,3.00,1,3.00,1,2.00,1,4.00,1,2.00,1,3.00,1,2.00,1,4.00,0.00,,0.00,0.00,0.00,2.00,1,1.00,1.00,0.00,0.00,,64,3,100.00,100.00,100.00,100.00,75.64,75.64,89.39,89.39,0.00,0.00
Libya,LBY,20200511,3.00,1,3.00,1,2.00,1,4.00,1,2.00,1,3.00,1,2.00,1,4.00,0.00,,0.00,0.00,0.00,2.00,1,1.00,1.00,0.00,0.00,,64,3,100.00,100.00,100.00,100.00,75.64,75.64,89.39,89.39,0.00,0.00
Libya,LBY,20200512,3.00,1,3.00,1,2.00,1,4.00,1,2.00,1,3.00,1,2.00,1,4.00,0.00,,0.00,0.00,0.00,2.00,1,1.00,1.00,0.00,0.00,,64,3,100.00,100.00,100.00,100.00,75.64,75.64,89.39,89.39,0.00,0.00
Libya,LBY,20200513,3.00,1,3.00,1,2.00,1,4.00,1,2.00,1,3.00,1,2.00,1,4.00,0.00,,0.00,0.00,0.00,2.00,1,1.00,1.00,0.00,0.00,,64,3,100.00,100.00,100.00,100.00,75.64,75.64,89.39,89.39,0.00,0.00
Libya,LBY,20200514,3.00,1,3.00,1,2.00,1,4.00,1,2.00,1,3.00,1,2.00,1,4.00,0.00,,0.00,0.00,0.00,2.00,1,1.00,1.00,0.00,0.00,,64,3,100.00,100.00,100.00,100.00,75.64,75.64,89.39,89.39,0.00,0.00
Libya,LBY,20200515,3.00,1,3.00,1,2.00,1,4.00,1,2.00,1,3.00,1,2.00,1,4.00,0.00,,0.00,0.00,0.00,2.00,1,1.00,1.00,0.00,0.00,,64,3,100.00,100.00,100.00,100.00,75.64,75.64,89.39,89.39,0.00,0.00
Libya,LBY,20200516,3.00,1,3.00,1,2.00,1,4.00,1,2.00,1,3.00,1,2.00,1,4.00,0.00,,0.00,0.00,0.00,2.00,1,1.00,1.00,0.00,0.00,,64,3,100.00,100.00,100.00,100.00,75.64,75.64,89.39,89.39,0.00,0.00
Libya,LBY,20200517,3.00,1,3.00,1,2.00,1,4.00,1,2.00,1,3.00,1,2.00,1,4.00,0.00,,0.00,0.00,0.00,2.00,1,1.00,1.00,0.00,0.00,,65,3,100.00,100.00,100.00,100.00,75.64,75.64,89.39,89.39,0.00,0.00
Libya,LBY,20200518,3.00,1,3.00,1,2.00,1,4.00,1,2.00,1,3.00,1,2.00,1,4.00,0.00,,0.00,0.00,0.00,2.00,1,1.00,1.00,0.00,0.00,,65,3,100.00,100.00,100.00,100.00,75.64,75.64,89.39,89.39,0.00,0.00
Libya,LBY,20200519,3.00,1,3.00,1,2.00,1,4.00,1,2.00,1,3.00,1,2.00,1,4.00,0.00,,0.00,0.00,0.00,2.00,1,1.00,1.00,0.00,0.00,,65,3,100.00,100.00,100.00,100.00,75.64,75.64,89.39,89.39,0.00,0.00
Libya,LBY,20200520,3.00,1,3.00,1,2.00,1,4.00,1,2.00,1,3.00,1,2.00,1,4.00,0.00,,0.00,0.00,0.00,2.00,1,1.00,1.00,0.00,0.00,,68,3,100.00,100.00,100.00,100.00,75.64,75.64,89.39,89.39,0.00,0.00
Libya,LBY,20200521,3.00,1,3.00,1,2.00,1,4.00,1,2.00,1,3.00,1,2.00,1,4.00,0.00,,0.00,0.00,0.00,2.00,1,1.00,1.00,0.00,0.00,,69,3,100.00,100.00,100.00,100.00,75.64,75.64,89.39,89.39,0.00,0.00
Libya,LBY,20200522,3.00,1,3.00,1,2.00,1,4.00,1,2.00,1,3.00,1,2.00,1,4.00,0.00,,0.00,0.00,0.00,2.00,1,1.00,1.00,0.00,0.00,,71,3,100.00,100.00,100.00,100.00,75.64,75.64,89.39,89.39,0.00,0.00
Libya,LBY,20200523,3.00,1,3.00,1,2.00,1,4.00,1,2.00,1,3.00,1,2.00,1,4.00,0.00,,0.00,0.00,0.00,2.00,1,1.00,1.00,0.00,0.00,,72,3,100.00,100.00,100.00,100.00,75.64,75.64,89.39,89.39,0.00,0.00
Libya,LBY,20200524,3.00,1,3.00,1,2.00,1,4.00,1,2.00,1,3.00,1,2.00,1,4.00,0.00,,0.00,0.00,0.00,2.00,1,1.00,1.00,0.00,0.00,,75,3,100.00,100.00,100.00,100.00,75.64,75.64,89.39,89.39,0.00,0.00
Libya,LBY,20200525,3.00,1,3.00,1,2.00,1,4.00,1,2.00,1,3.00,1,2.00,1,4.00,0.00,,0.00,0.00,0.00,2.00,1,1.00,1.00,0.00,0.00,,75,3,100.00,100.00,100.00,100.00,75.64,75.64,89.39,89.39,0.00,0.00
Libya,LBY,20200526,3.00,1,3.00,1,2.00,1,4.00,1,2.00,1,3.00,1,2.00,1,4.00,0.00,,0.00,0.00,0.00,2.00,1,1.00,1.00,0.00,0.00,,75,3,100.00,100.00,100.00,100.00,75.64,75.64,89.39,89.39,0.00,0.00
Libya,LBY,20200527,3.00,1,3.00,1,2.00,1,4.00,1,2.00,1,3.00,1,2.00,1,4.00,0.00,,0.00,0.00,0.00,2.00,1,1.00,1.00,0.00,0.00,,77,3,100.00,100.00,100.00,100.00,75.64,75.64,89.39,89.39,0.00,0.00
Libya,LBY,20200528,3.00,1,3.00,1,2.00,1,4.00,1,2.00,1,2.00,1,2.00,0,4.00,0.00,,0.00,0.00,0.00,2.00,1,2.00,1.00,0.00,0.00,,99,4,93.52,93.52,96.43,96.43,73.72,73.72,87.12,87.12,0.00,0.00
Libya,LBY,20200529,3.00,1,3.00,1,2.00,1,4.00,1,2.00,1,2.00,1,2.00,0,4.00,0.00,,0.00,0.00,0.00,2.00,1,2.00,1.00,0.00,0.00,,105,5,93.52,93.52,96.43,96.43,73.72,73.72,87.12,87.12,0.00,0.00
Libya,LBY,20200530,3.00,1,3.00,1,2.00,1,4.00,1,2.00,1,2.00,1,2.00,0,4.00,0.00,,0.00,0.00,0.00,2.00,1,2.00,1.00,0.00,0.00,,118,5,93.52,93.52,96.43,96.43,73.72,73.72,87.12,87.12,0.00,0.00
Libya,LBY,20200531,3.00,1,3.00,1,2.00,1,4.00,1,2.00,1,2.00,1,2.00,0,4.00,0.00,,0.00,0.00,0.00,2.00,1,2.00,1.00,0.00,0.00,,130,5,93.52,93.52,96.43,96.43,73.72,73.72,87.12,87.12,0.00,0.00
Libya,LBY,20200601,3.00,1,3.00,1,2.00,1,4.00,1,2.00,1,2.00,1,2.00,0,4.00,0.00,,0.00,0.00,0.00,2.00,1,2.00,1.00,0.00,0.00,,156,5,93.52,93.52,96.43,96.43,73.72,73.72,87.12,87.12,0.00,0.00
Libya,LBY,20200602,3.00,1,3.00,1,2.00,1,4.00,1,2.00,1,2.00,1,2.00,0,4.00,0.00,,0.00,0.00,0.00,2.00,1,2.00,1.00,0.00,0.00,,168,5,93.52,93.52,96.43,96.43,73.72,73.72,87.12,87.12,0.00,0.00
Libya,LBY,20200603,3.00,1,3.00,1,2.00,1,4.00,1,2.00,1,2.00,1,2.00,0,4.00,0.00,,0.00,0.00,0.00,2.00,1,2.00,1.00,0.00,0.00,,182,5,93.52,93.52,96.43,96.43,73.72,73.72,87.12,87.12,0.00,0.00
Libya,LBY,20200604,3.00,1,3.00,1,2.00,1,4.00,1,2.00,1,2.00,1,2.00,0,4.00,0.00,,0.00,0.00,0.00,2.00,1,2.00,1.00,0.00,0.00,,196,5,93.52,93.52,96.43,96.43,73.72,73.72,87.12,87.12,0.00,0.00
Libya,LBY,20200605,3.00,1,3.00,1,2.00,1,4.00,1,2.00,1,2.00,1,2.00,0,4.00,0.00,,0.00,0.00,0.00,2.00,1,2.00,1.00,0.00,0.00,,196,5,93.52,93.52,96.43,96.43,73.72,73.72,87.12,87.12,0.00,0.00
Libya,LBY,20200606,3.00,1,3.00,1,2.00,1,4.00,1,2.00,1,2.00,1,2.00,0,4.00,0.00,,0.00,0.00,0.00,2.00,1,2.00,1.00,0.00,0.00,,239,5,93.52,93.52,96.43,96.43,73.72,73.72,87.12,87.12,0.00,0.00
Libya,LBY,20200607,3.00,1,3.00,1,2.00,1,4.00,1,2.00,1,2.00,1,2.00,0,4.00,0.00,,0.00,0.00,0.00,2.00,1,2.00,1.00,0.00,0.00,,256,5,93.52,93.52,96.43,96.43,73.72,73.72,87.12,87.12,0.00,0.00
Libya,LBY,20200608,3.00,1,3.00,1,2.00,1,4.00,1,2.00,1,2.00,1,2.00,0,4.00,0.00,,0.00,0.00,0.00,2.00,1,2.00,1.00,0.00,0.00,,256,5,93.52,93.52,96.43,96.43,73.72,73.72,87.12,87.12,0.00,0.00
Libya,LBY,20200609,3.00,1,3.00,1,2.00,1,4.00,1,2.00,1,2.00,1,2.00,0,4.00,0.00,,0.00,0.00,0.00,2.00,1,2.00,1.00,0.00,0.00,,270,5,93.52,93.52,96.43,96.43,73.72,73.72,87.12,87.12,0.00,0.00
Libya,LBY,20200610,3.00,1,3.00,1,2.00,1,4.00,1,2.00,1,2.00,1,2.00,0,4.00,0.00,,0.00,0.00,0.00,2.00,1,2.00,1.00,0.00,0.00,,332,5,93.52,93.52,96.43,96.43,73.72,73.72,87.12,87.12,0.00,0.00
Libya,LBY,20200611,3.00,1,3.00,1,2.00,1,4.00,1,2.00,1,2.00,1,2.00,0,4.00,0.00,,0.00,0.00,0.00,2.00,1,2.00,1.00,0.00,0.00,,378,5,93.52,93.52,96.43,96.43,73.72,73.72,87.12,87.12,0.00,0.00
Libya,LBY,20200612,3.00,1,3.00,1,2.00,1,4.00,1,2.00,1,2.00,1,2.00,0,4.00,0.00,,0.00,0.00,0.00,2.00,1,2.00,1.00,0.00,0.00,,393,5,93.52,93.52,96.43,96.43,73.72,73.72,87.12,87.12,0.00,0.00
Libya,LBY,20200613,3.00,1,3.00,1,2.00,1,4.00,1,2.00,1,2.00,1,2.00,0,4.00,0.00,,0.00,0.00,0.00,2.00,1,2.00,1.00,0.00,0.00,,409,6,93.52,93.52,96.43,96.43,73.72,73.72,87.12,87.12,0.00,0.00
Libya,LBY,20200614,3.00,1,3.00,1,2.00,1,4.00,1,2.00,1,2.00,1,2.00,0,4.00,0.00,,0.00,0.00,0.00,2.00,1,2.00,1.00,0.00,0.00,,418,8,93.52,93.52,96.43,96.43,73.72,73.72,87.12,87.12,0.00,0.00
Libya,LBY,20200615,3.00,1,3.00,1,2.00,1,4.00,1,2.00,1,2.00,1,2.00,0,4.00,0.00,,0.00,0.00,0.00,2.00,1,2.00,1.00,0.00,0.00,,418,8,93.52,93.52,96.43,96.43,73.72,73.72,87.12,87.12,0.00,0.00
Libya,LBY,20200616,3.00,1,3.00,1,2.00,1,4.00,1,2.00,1,2.00,1,2.00,0,4.00,0.00,,0.00,0.00,0.00,2.00,1,2.00,1.00,0.00,0.00,,467,10,93.52,93.52,96.43,96.43,73.72,73.72,87.12,87.12,0.00,0.00
Libya,LBY,20200617,3.00,1,3.00,1,2.00,1,4.00,1,2.00,1,2.00,1,2.00,0,4.00,0.00,,0.00,0.00,0.00,2.00,1,2.00,1.00,0.00,0.00,,467,10,93.52,93.52,96.43,96.43,73.72,73.72,87.12,87.12,0.00,0.00
Libya,LBY,20200618,3.00,1,3.00,1,2.00,1,4.00,1,2.00,1,2.00,1,2.00,0,4.00,0.00,,0.00,0.00,0.00,2.00,1,2.00,1.00,0.00,0.00,,467,10,93.52,93.52,96.43,96.43,73.72,73.72,87.12,87.12,0.00,0.00
Libya,LBY,20200619,3.00,1,,,,,,,2.00,1,,,,,,,,,,,,,,,,,,500,10,,93.52,,96.43,,73.72,,87.12,,0.00
Libya,LBY,20200620,3.00,1,,,,,,,2.00,1,,,,,,,,,,,,,,,,,,510,10,,93.52,,96.43,,73.72,,87.12,,0.00
Libya,LBY,20200621,3.00,1,,,,,,,2.00,1,,,,,,,,,,,,,,,,,,520,10,,93.52,,96.43,,73.72,,87.12,,0.00
Libya,LBY,20200622,,,,,,,,,2.00,1,,,,,,,,,,,,,,,,,,544,10,,93.52,,96.43,,73.72,,87.12,,0.00
Libya,LBY,20200623,,,,,,,,,,,,,,,,,,,,,,,,,,,,571,10,,93.52,,96.43,,73.72,,87.12,,0.00
