Liberia,LBR,20200101,0.00,,0.00,,0.00,,0.00,,0.00,,0.00,,0.00,,0.00,0.00,,0.00,0.00,0.00,0.00,,0.00,0.00,0.00,0.00,,,,0.00,0.00,0.00,0.00,0.00,0.00,0.00,0.00,0.00,0.00
Liberia,LBR,20200102,0.00,,0.00,,0.00,,0.00,,0.00,,0.00,,0.00,,0.00,0.00,,0.00,0.00,0.00,0.00,,0.00,0.00,0.00,0.00,,,,0.00,0.00,0.00,0.00,0.00,0.00,0.00,0.00,0.00,0.00
Liberia,LBR,20200103,0.00,,0.00,,0.00,,0.00,,0.00,,0.00,,0.00,,0.00,0.00,,0.00,0.00,0.00,0.00,,0.00,0.00,0.00,0.00,,,,0.00,0.00,0.00,0.00,0.00,0.00,0.00,0.00,0.00,0.00
Liberia,LBR,20200104,0.00,,0.00,,0.00,,0.00,,0.00,,0.00,,0.00,,0.00,0.00,,0.00,0.00,0.00,0.00,,0.00,0.00,0.00,0.00,,,,0.00,0.00,0.00,0.00,0.00,0.00,0.00,0.00,0.00,0.00
Liberia,LBR,20200105,0.00,,0.00,,0.00,,0.00,,0.00,,0.00,,0.00,,0.00,0.00,,0.00,0.00,0.00,0.00,,0.00,0.00,0.00,0.00,,,,0.00,0.00,0.00,0.00,0.00,0.00,0.00,0.00,0.00,0.00
Liberia,LBR,20200106,0.00,,0.00,,0.00,,0.00,,0.00,,0.00,,0.00,,0.00,0.00,,0.00,0.00,0.00,0.00,,0.00,0.00,0.00,0.00,,,,0.00,0.00,0.00,0.00,0.00,0.00,0.00,0.00,0.00,0.00
Liberia,LBR,20200107,0.00,,0.00,,0.00,,0.00,,0.00,,0.00,,0.00,,0.00,0.00,,0.00,0.00,0.00,0.00,,0.00,0.00,0.00,0.00,,,,0.00,0.00,0.00,0.00,0.00,0.00,0.00,0.00,0.00,0.00
Liberia,LBR,20200108,0.00,,0.00,,0.00,,0.00,,0.00,,0.00,,0.00,,0.00,0.00,,0.00,0.00,0.00,0.00,,0.00,0.00,0.00,0.00,,,,0.00,0.00,0.00,0.00,0.00,0.00,0.00,0.00,0.00,0.00
Liberia,LBR,20200109,0.00,,0.00,,0.00,,0.00,,0.00,,0.00,,0.00,,0.00,0.00,,0.00,0.00,0.00,0.00,,0.00,0.00,0.00,0.00,,,,0.00,0.00,0.00,0.00,0.00,0.00,0.00,0.00,0.00,0.00
Liberia,LBR,20200110,0.00,,0.00,,0.00,,0.00,,0.00,,0.00,,0.00,,0.00,0.00,,0.00,0.00,0.00,0.00,,0.00,0.00,0.00,0.00,,,,0.00,0.00,0.00,0.00,0.00,0.00,0.00,0.00,0.00,0.00
Liberia,LBR,20200111,0.00,,0.00,,0.00,,0.00,,0.00,,0.00,,0.00,,0.00,0.00,,0.00,0.00,0.00,0.00,,0.00,0.00,0.00,0.00,,,,0.00,0.00,0.00,0.00,0.00,0.00,0.00,0.00,0.00,0.00
Liberia,LBR,20200112,0.00,,0.00,,0.00,,0.00,,0.00,,0.00,,0.00,,0.00,0.00,,0.00,0.00,0.00,0.00,,0.00,0.00,0.00,0.00,,,,0.00,0.00,0.00,0.00,0.00,0.00,0.00,0.00,0.00,0.00
Liberia,LBR,20200113,0.00,,0.00,,0.00,,0.00,,0.00,,0.00,,0.00,,0.00,0.00,,0.00,0.00,0.00,0.00,,0.00,0.00,0.00,0.00,,,,0.00,0.00,0.00,0.00,0.00,0.00,0.00,0.00,0.00,0.00
Liberia,LBR,20200114,0.00,,0.00,,0.00,,0.00,,0.00,,0.00,,0.00,,0.00,0.00,,0.00,0.00,0.00,0.00,,0.00,0.00,0.00,0.00,,,,0.00,0.00,0.00,0.00,0.00,0.00,0.00,0.00,0.00,0.00
Liberia,LBR,20200115,0.00,,0.00,,0.00,,0.00,,0.00,,0.00,,0.00,,0.00,0.00,,0.00,0.00,0.00,0.00,,0.00,0.00,0.00,0.00,,,,0.00,0.00,0.00,0.00,0.00,0.00,0.00,0.00,0.00,0.00
Liberia,LBR,20200116,0.00,,0.00,,0.00,,0.00,,0.00,,0.00,,0.00,,0.00,0.00,,0.00,0.00,0.00,0.00,,0.00,0.00,0.00,0.00,,,,0.00,0.00,0.00,0.00,0.00,0.00,0.00,0.00,0.00,0.00
Liberia,LBR,20200117,0.00,,0.00,,0.00,,0.00,,0.00,,0.00,,0.00,,0.00,0.00,,0.00,0.00,0.00,0.00,,0.00,0.00,0.00,0.00,,,,0.00,0.00,0.00,0.00,0.00,0.00,0.00,0.00,0.00,0.00
Liberia,LBR,20200118,0.00,,0.00,,0.00,,0.00,,0.00,,0.00,,0.00,,0.00,0.00,,0.00,0.00,0.00,0.00,,0.00,0.00,0.00,0.00,,,,0.00,0.00,0.00,0.00,0.00,0.00,0.00,0.00,0.00,0.00
Liberia,LBR,20200119,0.00,,0.00,,0.00,,0.00,,0.00,,0.00,,0.00,,0.00,0.00,,0.00,0.00,0.00,0.00,,0.00,0.00,0.00,0.00,,,,0.00,0.00,0.00,0.00,0.00,0.00,0.00,0.00,0.00,0.00
Liberia,LBR,20200120,0.00,,0.00,,0.00,,0.00,,0.00,,0.00,,0.00,,0.00,0.00,,0.00,0.00,0.00,0.00,,0.00,0.00,0.00,0.00,,,,0.00,0.00,0.00,0.00,0.00,0.00,0.00,0.00,0.00,0.00
Liberia,LBR,20200121,0.00,,0.00,,0.00,,0.00,,0.00,,0.00,,0.00,,0.00,0.00,,0.00,0.00,0.00,0.00,,0.00,0.00,0.00,0.00,,,,0.00,0.00,0.00,0.00,0.00,0.00,0.00,0.00,0.00,0.00
Liberia,LBR,20200122,0.00,,0.00,,0.00,,0.00,,0.00,,0.00,,0.00,,0.00,0.00,,0.00,0.00,0.00,0.00,,0.00,0.00,0.00,0.00,,,,0.00,0.00,0.00,0.00,0.00,0.00,0.00,0.00,0.00,0.00
Liberia,LBR,20200123,0.00,,0.00,,0.00,,0.00,,0.00,,0.00,,0.00,,0.00,0.00,,0.00,0.00,0.00,0.00,,0.00,0.00,0.00,0.00,,,,0.00,0.00,0.00,0.00,0.00,0.00,0.00,0.00,0.00,0.00
Liberia,LBR,20200124,0.00,,0.00,,0.00,,0.00,,0.00,,0.00,,0.00,,0.00,0.00,,0.00,0.00,0.00,0.00,,0.00,0.00,0.00,0.00,,,,0.00,0.00,0.00,0.00,0.00,0.00,0.00,0.00,0.00,0.00
Liberia,LBR,20200125,0.00,,0.00,,0.00,,0.00,,0.00,,0.00,,0.00,,0.00,0.00,,0.00,0.00,0.00,0.00,,0.00,0.00,0.00,0.00,,,,0.00,0.00,0.00,0.00,0.00,0.00,0.00,0.00,0.00,0.00
Liberia,LBR,20200126,0.00,,0.00,,0.00,,0.00,,0.00,,0.00,,0.00,,0.00,0.00,,0.00,0.00,0.00,0.00,,0.00,0.00,0.00,0.00,,,,0.00,0.00,0.00,0.00,0.00,0.00,0.00,0.00,0.00,0.00
Liberia,LBR,20200127,0.00,,0.00,,0.00,,0.00,,0.00,,0.00,,0.00,,0.00,0.00,,0.00,0.00,0.00,0.00,,0.00,0.00,0.00,0.00,,,,0.00,0.00,0.00,0.00,0.00,0.00,0.00,0.00,0.00,0.00
Liberia,LBR,20200128,0.00,,0.00,,0.00,,0.00,,0.00,,0.00,,0.00,,0.00,0.00,,0.00,0.00,0.00,0.00,,0.00,0.00,0.00,0.00,,,,0.00,0.00,0.00,0.00,0.00,0.00,0.00,0.00,0.00,0.00
Liberia,LBR,20200129,0.00,,0.00,,0.00,,0.00,,0.00,,0.00,,0.00,,0.00,0.00,,0.00,0.00,0.00,1.00,1,0.00,0.00,0.00,0.00,,,,5.56,5.56,9.52,9.52,3.85,3.85,4.55,4.55,0.00,0.00
Liberia,LBR,20200130,0.00,,0.00,,0.00,,0.00,,0.00,,0.00,,0.00,,0.00,0.00,,0.00,0.00,0.00,1.00,1,0.00,0.00,0.00,0.00,,,,5.56,5.56,9.52,9.52,3.85,3.85,4.55,4.55,0.00,0.00
Liberia,LBR,20200131,0.00,,0.00,,0.00,,0.00,,0.00,,0.00,,0.00,,0.00,0.00,,0.00,0.00,0.00,1.00,1,0.00,0.00,0.00,0.00,,,,5.56,5.56,9.52,9.52,3.85,3.85,4.55,4.55,0.00,0.00
Liberia,LBR,20200201,0.00,,0.00,,0.00,,0.00,,0.00,,0.00,,0.00,,0.00,0.00,,0.00,0.00,0.00,1.00,1,0.00,0.00,0.00,0.00,,,,5.56,5.56,9.52,9.52,3.85,3.85,4.55,4.55,0.00,0.00
Liberia,LBR,20200202,0.00,,0.00,,0.00,,0.00,,0.00,,0.00,,0.00,,0.00,0.00,,0.00,0.00,0.00,1.00,1,0.00,0.00,0.00,0.00,,,,5.56,5.56,9.52,9.52,3.85,3.85,4.55,4.55,0.00,0.00
Liberia,LBR,20200203,0.00,,0.00,,0.00,,0.00,,0.00,,0.00,,0.00,,0.00,0.00,,0.00,0.00,0.00,1.00,1,0.00,0.00,0.00,0.00,,,,5.56,5.56,9.52,9.52,3.85,3.85,4.55,4.55,0.00,0.00
Liberia,LBR,20200204,0.00,,0.00,,0.00,,0.00,,0.00,,0.00,,0.00,,0.00,0.00,,0.00,0.00,0.00,1.00,1,0.00,0.00,0.00,0.00,,,,5.56,5.56,9.52,9.52,3.85,3.85,4.55,4.55,0.00,0.00
Liberia,LBR,20200205,0.00,,0.00,,0.00,,0.00,,0.00,,0.00,,0.00,,0.00,0.00,,0.00,0.00,0.00,1.00,1,0.00,0.00,0.00,0.00,,,,5.56,5.56,9.52,9.52,3.85,3.85,4.55,4.55,0.00,0.00
Liberia,LBR,20200206,0.00,,0.00,,0.00,,0.00,,0.00,,0.00,,0.00,,0.00,0.00,,0.00,0.00,0.00,1.00,1,0.00,0.00,0.00,0.00,,,,5.56,5.56,9.52,9.52,3.85,3.85,4.55,4.55,0.00,0.00
Liberia,LBR,20200207,0.00,,0.00,,0.00,,0.00,,0.00,,0.00,,0.00,,0.00,0.00,,0.00,0.00,0.00,1.00,1,0.00,0.00,0.00,0.00,,,,5.56,5.56,9.52,9.52,3.85,3.85,4.55,4.55,0.00,0.00
Liberia,LBR,20200208,0.00,,0.00,,0.00,,0.00,,0.00,,0.00,,0.00,,0.00,0.00,,0.00,0.00,0.00,1.00,1,0.00,0.00,0.00,0.00,,,,5.56,5.56,9.52,9.52,3.85,3.85,4.55,4.55,0.00,0.00
Liberia,LBR,20200209,0.00,,0.00,,0.00,,0.00,,0.00,,0.00,,0.00,,0.00,0.00,,0.00,0.00,0.00,1.00,1,0.00,0.00,0.00,0.00,,,,5.56,5.56,9.52,9.52,3.85,3.85,4.55,4.55,0.00,0.00
Liberia,LBR,20200210,0.00,,0.00,,0.00,,0.00,,0.00,,0.00,,0.00,,0.00,0.00,,0.00,0.00,0.00,1.00,1,0.00,0.00,0.00,0.00,,,,5.56,5.56,9.52,9.52,3.85,3.85,4.55,4.55,0.00,0.00
Liberia,LBR,20200211,0.00,,0.00,,0.00,,0.00,,0.00,,0.00,,0.00,,0.00,0.00,,0.00,0.00,0.00,1.00,1,0.00,0.00,0.00,0.00,,,,5.56,5.56,9.52,9.52,3.85,3.85,4.55,4.55,0.00,0.00
Liberia,LBR,20200212,0.00,,0.00,,0.00,,0.00,,0.00,,0.00,,0.00,,0.00,0.00,,0.00,0.00,0.00,1.00,1,0.00,0.00,0.00,0.00,,,,5.56,5.56,9.52,9.52,3.85,3.85,4.55,4.55,0.00,0.00
Liberia,LBR,20200213,0.00,,0.00,,0.00,,0.00,,0.00,,0.00,,0.00,,0.00,0.00,,0.00,0.00,0.00,1.00,1,0.00,0.00,0.00,0.00,,,,5.56,5.56,9.52,9.52,3.85,3.85,4.55,4.55,0.00,0.00
Liberia,LBR,20200214,0.00,,0.00,,0.00,,0.00,,0.00,,0.00,,0.00,,0.00,0.00,,0.00,0.00,0.00,1.00,1,0.00,0.00,0.00,0.00,,,,5.56,5.56,9.52,9.52,3.85,3.85,4.55,4.55,0.00,0.00
Liberia,LBR,20200215,0.00,,0.00,,0.00,,0.00,,0.00,,0.00,,0.00,,0.00,0.00,,0.00,0.00,0.00,1.00,1,0.00,0.00,0.00,0.00,,,,5.56,5.56,9.52,9.52,3.85,3.85,4.55,4.55,0.00,0.00
Liberia,LBR,20200216,0.00,,0.00,,0.00,,0.00,,0.00,,0.00,,0.00,,0.00,0.00,,0.00,0.00,0.00,1.00,1,0.00,0.00,0.00,0.00,,,,5.56,5.56,9.52,9.52,3.85,3.85,4.55,4.55,0.00,0.00
Liberia,LBR,20200217,0.00,,0.00,,0.00,,0.00,,0.00,,0.00,,0.00,,0.00,0.00,,0.00,0.00,0.00,1.00,1,0.00,0.00,0.00,0.00,,,,5.56,5.56,9.52,9.52,3.85,3.85,4.55,4.55,0.00,0.00
Liberia,LBR,20200218,0.00,,0.00,,0.00,,0.00,,0.00,,0.00,,0.00,,0.00,0.00,,0.00,0.00,0.00,1.00,1,0.00,0.00,0.00,0.00,,,,5.56,5.56,9.52,9.52,3.85,3.85,4.55,4.55,0.00,0.00
Liberia,LBR,20200219,0.00,,0.00,,0.00,,0.00,,0.00,,0.00,,0.00,,0.00,0.00,,0.00,0.00,0.00,1.00,1,0.00,0.00,0.00,0.00,,,,5.56,5.56,9.52,9.52,3.85,3.85,4.55,4.55,0.00,0.00
Liberia,LBR,20200220,0.00,,0.00,,0.00,,0.00,,0.00,,0.00,,0.00,,0.00,0.00,,0.00,0.00,0.00,1.00,1,0.00,0.00,0.00,0.00,,,,5.56,5.56,9.52,9.52,3.85,3.85,4.55,4.55,0.00,0.00
Liberia,LBR,20200221,0.00,,0.00,,0.00,,0.00,,0.00,,0.00,,0.00,,0.00,0.00,,0.00,0.00,0.00,1.00,1,0.00,0.00,0.00,0.00,,,,5.56,5.56,9.52,9.52,3.85,3.85,4.55,4.55,0.00,0.00
Liberia,LBR,20200222,0.00,,0.00,,0.00,,0.00,,0.00,,0.00,,0.00,,0.00,0.00,,0.00,0.00,0.00,1.00,1,0.00,0.00,0.00,0.00,,,,5.56,5.56,9.52,9.52,3.85,3.85,4.55,4.55,0.00,0.00
Liberia,LBR,20200223,0.00,,0.00,,0.00,,0.00,,0.00,,0.00,,0.00,,0.00,0.00,,0.00,0.00,0.00,1.00,1,0.00,0.00,0.00,0.00,,,,5.56,5.56,9.52,9.52,3.85,3.85,4.55,4.55,0.00,0.00
Liberia,LBR,20200224,0.00,,0.00,,0.00,,0.00,,0.00,,0.00,,0.00,,0.00,0.00,,0.00,0.00,0.00,1.00,1,0.00,0.00,0.00,0.00,,,,5.56,5.56,9.52,9.52,3.85,3.85,4.55,4.55,0.00,0.00
Liberia,LBR,20200225,0.00,,0.00,,0.00,,0.00,,0.00,,0.00,,0.00,,0.00,0.00,,0.00,0.00,0.00,1.00,1,0.00,0.00,0.00,0.00,,,,5.56,5.56,9.52,9.52,3.85,3.85,4.55,4.55,0.00,0.00
Liberia,LBR,20200226,0.00,,0.00,,0.00,,0.00,,0.00,,0.00,,0.00,,0.00,0.00,,0.00,0.00,0.00,1.00,1,0.00,0.00,0.00,0.00,,,,5.56,5.56,9.52,9.52,3.85,3.85,4.55,4.55,0.00,0.00
Liberia,LBR,20200227,0.00,,0.00,,0.00,,0.00,,0.00,,0.00,,0.00,,0.00,0.00,,0.00,0.00,0.00,1.00,1,0.00,0.00,0.00,0.00,,,,5.56,5.56,9.52,9.52,3.85,3.85,4.55,4.55,0.00,0.00
Liberia,LBR,20200228,0.00,,0.00,,0.00,,0.00,,0.00,,0.00,,0.00,,0.00,0.00,,0.00,0.00,0.00,1.00,1,0.00,0.00,0.00,0.00,,,,5.56,5.56,9.52,9.52,3.85,3.85,4.55,4.55,0.00,0.00
Liberia,LBR,20200229,0.00,,0.00,,0.00,,0.00,,0.00,,0.00,,0.00,,0.00,0.00,,0.00,0.00,0.00,1.00,1,0.00,0.00,0.00,0.00,,,,5.56,5.56,9.52,9.52,3.85,3.85,4.55,4.55,0.00,0.00
Liberia,LBR,20200301,0.00,,0.00,,0.00,,0.00,,0.00,,0.00,,0.00,,0.00,0.00,,0.00,0.00,0.00,1.00,1,0.00,0.00,0.00,0.00,,,,5.56,5.56,9.52,9.52,3.85,3.85,4.55,4.55,0.00,0.00
Liberia,LBR,20200302,0.00,,0.00,,0.00,,0.00,,0.00,,0.00,,0.00,,0.00,0.00,,0.00,0.00,0.00,1.00,1,0.00,0.00,0.00,0.00,,,,5.56,5.56,9.52,9.52,3.85,3.85,4.55,4.55,0.00,0.00
Liberia,LBR,20200303,0.00,,0.00,,0.00,,0.00,,0.00,,0.00,,0.00,,0.00,0.00,,0.00,0.00,0.00,1.00,1,0.00,0.00,0.00,0.00,,,,5.56,5.56,9.52,9.52,3.85,3.85,4.55,4.55,0.00,0.00
Liberia,LBR,20200304,0.00,,0.00,,0.00,,0.00,,0.00,,0.00,,0.00,,0.00,0.00,,0.00,0.00,0.00,1.00,1,0.00,0.00,0.00,0.00,,,,5.56,5.56,9.52,9.52,3.85,3.85,4.55,4.55,0.00,0.00
Liberia,LBR,20200305,0.00,,0.00,,0.00,,0.00,,0.00,,0.00,,0.00,,0.00,0.00,,0.00,0.00,0.00,1.00,1,0.00,0.00,0.00,0.00,,,,5.56,5.56,9.52,9.52,3.85,3.85,4.55,4.55,0.00,0.00
Liberia,LBR,20200306,0.00,,0.00,,0.00,,0.00,,0.00,,0.00,,0.00,,0.00,0.00,,0.00,0.00,0.00,1.00,1,0.00,0.00,0.00,0.00,,,,5.56,5.56,9.52,9.52,3.85,3.85,4.55,4.55,0.00,0.00
Liberia,LBR,20200307,0.00,,0.00,,0.00,,0.00,,0.00,,0.00,,0.00,,0.00,0.00,,0.00,0.00,0.00,1.00,1,0.00,0.00,0.00,0.00,,,,5.56,5.56,9.52,9.52,3.85,3.85,4.55,4.55,0.00,0.00
Liberia,LBR,20200308,0.00,,0.00,,0.00,,0.00,,0.00,,0.00,,0.00,,0.00,0.00,,0.00,0.00,0.00,1.00,1,0.00,0.00,0.00,0.00,,,,5.56,5.56,9.52,9.52,3.85,3.85,4.55,4.55,0.00,0.00
Liberia,LBR,20200309,0.00,,0.00,,0.00,,0.00,,0.00,,0.00,,0.00,,0.00,0.00,,0.00,0.00,0.00,1.00,1,0.00,0.00,0.00,0.00,,,,5.56,5.56,9.52,9.52,3.85,3.85,4.55,4.55,0.00,0.00
Liberia,LBR,20200310,0.00,,0.00,,0.00,,0.00,,0.00,,0.00,,0.00,,2.00,0.00,,0.00,0.00,0.00,1.00,1,0.00,0.00,0.00,0.00,,,,11.11,11.11,16.67,16.67,7.69,7.69,9.09,9.09,0.00,0.00
Liberia,LBR,20200311,0.00,,0.00,,0.00,,0.00,,0.00,,0.00,,0.00,,2.00,0.00,,0.00,0.00,0.00,1.00,1,0.00,0.00,0.00,0.00,,,,11.11,11.11,16.67,16.67,7.69,7.69,9.09,9.09,0.00,0.00
Liberia,LBR,20200312,0.00,,0.00,,0.00,,0.00,,0.00,,0.00,,0.00,,2.00,0.00,,0.00,0.00,0.00,1.00,1,0.00,0.00,0.00,0.00,,,,11.11,11.11,16.67,16.67,7.69,7.69,9.09,9.09,0.00,0.00
Liberia,LBR,20200313,0.00,,0.00,,0.00,,0.00,,0.00,,0.00,,0.00,,2.00,0.00,,0.00,0.00,0.00,1.00,1,0.00,0.00,0.00,0.00,,,,11.11,11.11,16.67,16.67,7.69,7.69,9.09,9.09,0.00,0.00
Liberia,LBR,20200314,0.00,,0.00,,0.00,,0.00,,0.00,,0.00,,0.00,,2.00,0.00,,0.00,0.00,0.00,1.00,1,0.00,0.00,0.00,0.00,,,,11.11,11.11,16.67,16.67,7.69,7.69,9.09,9.09,0.00,0.00
Liberia,LBR,20200315,0.00,,0.00,,0.00,,0.00,,0.00,,0.00,,0.00,,2.00,0.00,,0.00,0.00,0.00,1.00,1,0.00,0.00,0.00,0.00,,,,11.11,11.11,16.67,16.67,7.69,7.69,9.09,9.09,0.00,0.00
Liberia,LBR,20200316,0.00,,0.00,,0.00,,0.00,,0.00,,0.00,,0.00,,3.00,0.00,,0.00,0.00,0.00,1.00,1,1.00,1.00,0.00,0.00,,,,13.89,13.89,20.24,20.24,16.03,16.03,18.94,18.94,0.00,0.00
Liberia,LBR,20200317,3.00,1,0.00,,0.00,,0.00,,1.00,1,0.00,,0.00,,3.00,0.00,,0.00,0.00,0.00,1.00,1,1.00,1.00,0.00,0.00,,1,0,30.56,30.56,44.05,44.05,27.56,27.56,32.58,32.58,0.00,0.00
Liberia,LBR,20200318,3.00,1,0.00,,0.00,,0.00,,1.00,1,0.00,,0.00,,3.00,0.00,,0.00,0.00,0.00,1.00,1,1.00,1.00,0.00,0.00,,2,0,30.56,30.56,44.05,44.05,27.56,27.56,32.58,32.58,0.00,0.00
Liberia,LBR,20200319,3.00,1,0.00,,0.00,,0.00,,1.00,1,0.00,,0.00,,3.00,0.00,,0.00,0.00,0.00,1.00,1,1.00,1.00,0.00,0.00,,2,0,30.56,30.56,44.05,44.05,27.56,27.56,32.58,32.58,0.00,0.00
Liberia,LBR,20200320,3.00,1,0.00,,0.00,,0.00,,1.00,1,0.00,,0.00,,3.00,0.00,,0.00,0.00,0.00,1.00,1,1.00,1.00,0.00,0.00,,2,0,30.56,30.56,44.05,44.05,27.56,27.56,32.58,32.58,0.00,0.00
Liberia,LBR,20200321,3.00,1,0.00,,0.00,,0.00,,1.00,1,2.00,0,2.00,0,3.00,0.00,,0.00,0.00,0.00,1.00,1,1.00,1.00,0.00,0.00,,2,0,44.44,44.44,53.57,53.57,37.18,37.18,43.94,43.94,0.00,0.00
Liberia,LBR,20200322,3.00,1,2.00,1,2.00,1,4.00,1,1.00,1,2.00,0,2.00,0,3.00,0.00,,0.00,0.00,0.00,1.00,1,1.00,1.00,0.00,0.00,,3,0,74.07,74.07,78.57,78.57,57.69,57.69,68.18,68.18,0.00,0.00
Liberia,LBR,20200323,3.00,1,2.00,1,2.00,1,4.00,1,1.00,1,2.00,0,2.00,0,3.00,0.00,,0.00,0.00,0.00,1.00,1,1.00,1.00,0.00,0.00,,3,0,74.07,74.07,78.57,78.57,57.69,57.69,68.18,68.18,0.00,0.00
Liberia,LBR,20200324,3.00,1,2.00,1,2.00,1,4.00,1,1.00,1,2.00,0,2.00,0,3.00,0.00,,0.00,0.00,0.00,2.00,1,1.00,1.00,0.00,0.00,,3,0,79.63,79.63,83.33,83.33,61.54,61.54,72.73,72.73,0.00,0.00
Liberia,LBR,20200325,3.00,1,2.00,1,2.00,1,4.00,1,1.00,1,2.00,0,2.00,0,3.00,0.00,,0.00,0.00,0.00,2.00,1,1.00,1.00,0.00,0.00,,3,0,79.63,79.63,83.33,83.33,61.54,61.54,72.73,72.73,0.00,0.00
Liberia,LBR,20200326,3.00,1,2.00,1,2.00,1,4.00,1,1.00,1,2.00,0,2.00,0,3.00,0.00,,0.00,0.00,0.00,2.00,1,1.00,1.00,0.00,0.00,,3,0,79.63,79.63,83.33,83.33,61.54,61.54,72.73,72.73,0.00,0.00
Liberia,LBR,20200327,3.00,1,2.00,1,2.00,1,4.00,1,1.00,1,2.00,0,2.00,0,3.00,0.00,,0.00,0.00,0.00,2.00,1,1.00,1.00,0.00,0.00,,3,0,79.63,79.63,83.33,83.33,61.54,61.54,72.73,72.73,0.00,0.00
Liberia,LBR,20200328,3.00,1,2.00,1,2.00,1,4.00,1,1.00,1,2.00,0,2.00,0,3.00,0.00,,0.00,0.00,0.00,2.00,1,1.00,1.00,0.00,0.00,,3,0,79.63,79.63,83.33,83.33,61.54,61.54,72.73,72.73,0.00,0.00
Liberia,LBR,20200329,3.00,1,2.00,1,2.00,1,4.00,1,1.00,1,2.00,0,2.00,0,3.00,0.00,,0.00,0.00,0.00,2.00,1,1.00,1.00,0.00,0.00,,3,0,79.63,79.63,83.33,83.33,61.54,61.54,72.73,72.73,0.00,0.00
Liberia,LBR,20200330,3.00,1,2.00,1,2.00,1,4.00,1,1.00,1,2.00,0,2.00,0,3.00,0.00,,0.00,0.00,0.00,2.00,1,1.00,1.00,0.00,0.00,,3,0,79.63,79.63,83.33,83.33,61.54,61.54,72.73,72.73,0.00,0.00
Liberia,LBR,20200331,3.00,1,2.00,1,2.00,1,4.00,1,1.00,1,2.00,0,2.00,0,3.00,0.00,,0.00,0.00,0.00,2.00,1,1.00,1.00,0.00,0.00,,3,0,79.63,79.63,83.33,83.33,61.54,61.54,72.73,72.73,0.00,0.00
Liberia,LBR,20200401,3.00,1,2.00,1,2.00,1,4.00,1,1.00,1,2.00,0,2.00,0,3.00,0.00,,0.00,0.00,0.00,2.00,1,1.00,1.00,0.00,0.00,,3,0,79.63,79.63,83.33,83.33,61.54,61.54,72.73,72.73,0.00,0.00
Liberia,LBR,20200402,3.00,1,2.00,1,2.00,1,4.00,1,1.00,1,2.00,0,2.00,0,3.00,0.00,,0.00,0.00,0.00,2.00,1,1.00,1.00,0.00,0.00,,6,0,79.63,79.63,83.33,83.33,61.54,61.54,72.73,72.73,0.00,0.00
Liberia,LBR,20200403,3.00,1,2.00,1,2.00,1,4.00,1,1.00,1,2.00,0,2.00,0,3.00,0.00,,0.00,0.00,0.00,2.00,1,1.00,1.00,0.00,0.00,,6,0,79.63,79.63,83.33,83.33,61.54,61.54,72.73,72.73,0.00,0.00
Liberia,LBR,20200404,3.00,1,2.00,1,2.00,1,4.00,1,1.00,1,2.00,0,2.00,0,3.00,0.00,,0.00,0.00,0.00,2.00,1,1.00,1.00,0.00,0.00,,7,0,79.63,79.63,83.33,83.33,61.54,61.54,72.73,72.73,0.00,0.00
Liberia,LBR,20200405,3.00,1,2.00,1,2.00,1,4.00,1,1.00,1,2.00,0,2.00,0,3.00,0.00,,0.00,0.00,0.00,2.00,1,1.00,1.00,0.00,0.00,,10,1,79.63,79.63,83.33,83.33,61.54,61.54,72.73,72.73,0.00,0.00
Liberia,LBR,20200406,3.00,1,2.00,1,2.00,1,4.00,1,1.00,1,2.00,0,2.00,0,3.00,0.00,,0.00,0.00,0.00,2.00,1,1.00,1.00,0.00,0.00,,13,3,79.63,79.63,83.33,83.33,61.54,61.54,72.73,72.73,0.00,0.00
Liberia,LBR,20200407,3.00,1,2.00,1,2.00,1,4.00,1,1.00,1,2.00,0,2.00,0,3.00,0.00,,0.00,0.00,0.00,2.00,1,1.00,1.00,0.00,0.00,,14,3,79.63,79.63,83.33,83.33,61.54,61.54,72.73,72.73,0.00,0.00
Liberia,LBR,20200408,3.00,1,2.00,1,2.00,1,4.00,1,1.00,1,2.00,1,2.00,0,3.00,0.00,,0.00,0.00,0.00,2.00,1,1.00,1.00,0.00,0.00,,14,3,81.48,81.48,84.52,84.52,62.82,62.82,74.24,74.24,0.00,0.00
Liberia,LBR,20200409,3.00,1,2.00,1,2.00,1,4.00,1,1.00,1,2.00,1,2.00,0,3.00,0.00,,0.00,0.00,0.00,2.00,1,1.00,1.00,0.00,0.00,,31,4,81.48,81.48,84.52,84.52,62.82,62.82,74.24,74.24,0.00,0.00
Liberia,LBR,20200410,3.00,1,2.00,1,2.00,1,4.00,1,1.00,1,2.00,1,2.00,1,3.00,0.00,,0.00,25000000.00,0.00,2.00,1,1.00,1.00,0.00,0.00,,31,4,84.26,84.26,88.10,88.10,64.74,64.74,76.52,76.52,0.00,0.00
Liberia,LBR,20200411,3.00,1,2.00,1,2.00,1,4.00,1,1.00,1,2.00,1,2.00,1,3.00,0.00,,0.00,0.00,0.00,2.00,1,1.00,1.00,0.00,0.00,,37,4,84.26,84.26,88.10,88.10,64.74,64.74,76.52,76.52,0.00,0.00
Liberia,LBR,20200412,3.00,1,3.00,1,2.00,1,4.00,1,1.00,1,2.00,1,2.00,1,3.00,0.00,,0.00,0.00,0.00,2.00,1,1.00,1.00,0.00,0.00,,48,5,87.96,87.96,91.67,91.67,67.31,67.31,79.55,79.55,0.00,0.00
Liberia,LBR,20200413,3.00,1,3.00,1,2.00,1,4.00,1,1.00,1,2.00,1,2.00,1,3.00,0.00,,0.00,0.00,0.00,2.00,1,1.00,1.00,0.00,0.00,,50,5,87.96,87.96,91.67,91.67,67.31,67.31,79.55,79.55,0.00,0.00
Liberia,LBR,20200414,3.00,1,3.00,1,2.00,1,4.00,1,1.00,1,2.00,1,2.00,1,3.00,0.00,,0.00,0.00,0.00,2.00,1,1.00,1.00,0.00,0.00,,59,6,87.96,87.96,91.67,91.67,67.31,67.31,79.55,79.55,0.00,0.00
Liberia,LBR,20200415,3.00,1,3.00,1,2.00,1,4.00,1,1.00,1,2.00,1,2.00,1,3.00,0.00,,0.00,0.00,0.00,2.00,1,1.00,1.00,0.00,0.00,,59,6,87.96,87.96,91.67,91.67,67.31,67.31,79.55,79.55,0.00,0.00
Liberia,LBR,20200416,3.00,1,3.00,1,2.00,1,4.00,1,1.00,1,2.00,1,2.00,1,3.00,0.00,,0.00,0.00,0.00,2.00,1,1.00,1.00,0.00,0.00,,59,6,87.96,87.96,91.67,91.67,67.31,67.31,79.55,79.55,0.00,0.00
Liberia,LBR,20200417,3.00,1,3.00,1,2.00,1,4.00,1,1.00,1,2.00,1,2.00,1,3.00,0.00,,0.00,0.00,0.00,2.00,1,1.00,1.00,0.00,0.00,,73,6,87.96,87.96,91.67,91.67,67.31,67.31,79.55,79.55,0.00,0.00
Liberia,LBR,20200418,3.00,1,3.00,1,2.00,1,4.00,1,1.00,1,2.00,1,2.00,1,3.00,0.00,,0.00,0.00,0.00,2.00,1,1.00,1.00,0.00,0.00,,76,7,87.96,87.96,91.67,91.67,67.31,67.31,79.55,79.55,0.00,0.00
Liberia,LBR,20200419,3.00,1,3.00,1,2.00,1,4.00,1,1.00,1,2.00,1,2.00,1,3.00,0.00,,0.00,0.00,0.00,2.00,1,1.00,1.00,0.00,0.00,,81,7,87.96,87.96,91.67,91.67,67.31,67.31,79.55,79.55,0.00,0.00
Liberia,LBR,20200420,3.00,1,3.00,1,2.00,1,4.00,1,1.00,1,2.00,1,2.00,1,3.00,0.00,,0.00,0.00,0.00,2.00,1,1.00,1.00,0.00,0.00,,91,8,87.96,87.96,91.67,91.67,67.31,67.31,79.55,79.55,0.00,0.00
Liberia,LBR,20200421,3.00,1,3.00,1,2.00,1,4.00,1,1.00,1,2.00,1,2.00,1,3.00,0.00,,0.00,0.00,0.00,2.00,1,1.00,1.00,0.00,0.00,,99,8,87.96,87.96,91.67,91.67,67.31,67.31,79.55,79.55,0.00,0.00
Liberia,LBR,20200422,3.00,1,3.00,1,2.00,1,4.00,1,1.00,1,2.00,1,2.00,1,3.00,0.00,,0.00,0.00,0.00,2.00,1,1.00,1.00,0.00,0.00,,101,8,87.96,87.96,91.67,91.67,67.31,67.31,79.55,79.55,0.00,0.00
Liberia,LBR,20200423,3.00,1,3.00,1,2.00,1,4.00,1,1.00,1,2.00,1,2.00,1,3.00,0.00,,0.00,0.00,0.00,2.00,1,1.00,1.00,0.00,0.00,,101,8,87.96,87.96,91.67,91.67,67.31,67.31,79.55,79.55,0.00,0.00
Liberia,LBR,20200424,3.00,1,3.00,1,2.00,1,4.00,1,1.00,1,2.00,1,2.00,1,3.00,0.00,,0.00,0.00,0.00,2.00,1,1.00,1.00,0.00,0.00,,101,8,87.96,87.96,91.67,91.67,67.31,67.31,79.55,79.55,0.00,0.00
Liberia,LBR,20200425,3.00,1,3.00,1,2.00,1,4.00,1,1.00,1,2.00,1,2.00,1,3.00,0.00,,0.00,0.00,0.00,2.00,1,1.00,1.00,0.00,0.00,,117,8,87.96,87.96,91.67,91.67,67.31,67.31,79.55,79.55,0.00,0.00
Liberia,LBR,20200426,3.00,1,3.00,1,2.00,1,4.00,1,1.00,1,2.00,1,2.00,1,3.00,0.00,,0.00,0.00,0.00,2.00,1,1.00,1.00,0.00,0.00,,120,11,87.96,87.96,91.67,91.67,67.31,67.31,79.55,79.55,0.00,0.00
Liberia,LBR,20200427,3.00,1,3.00,1,2.00,1,4.00,1,1.00,1,2.00,1,2.00,1,3.00,0.00,,0.00,0.00,0.00,2.00,1,1.00,1.00,0.00,0.00,,124,12,87.96,87.96,91.67,91.67,67.31,67.31,79.55,79.55,0.00,0.00
Liberia,LBR,20200428,3.00,1,3.00,1,2.00,1,4.00,1,1.00,1,2.00,1,2.00,1,3.00,0.00,,0.00,0.00,0.00,2.00,1,1.00,1.00,0.00,0.00,,133,16,87.96,87.96,91.67,91.67,67.31,67.31,79.55,79.55,0.00,0.00
Liberia,LBR,20200429,3.00,1,3.00,1,2.00,1,4.00,1,1.00,1,2.00,1,2.00,1,3.00,0.00,,0.00,0.00,0.00,2.00,1,1.00,1.00,0.00,0.00,,141,16,87.96,87.96,91.67,91.67,67.31,67.31,79.55,79.55,0.00,0.00
Liberia,LBR,20200430,3.00,1,3.00,1,2.00,1,4.00,1,1.00,1,2.00,1,2.00,1,3.00,0.00,,0.00,0.00,0.00,2.00,1,1.00,1.00,0.00,0.00,,141,16,87.96,87.96,91.67,91.67,67.31,67.31,79.55,79.55,0.00,0.00
Liberia,LBR,20200501,3.00,1,3.00,1,2.00,1,4.00,1,1.00,1,2.00,1,2.00,1,3.00,0.00,,0.00,0.00,0.00,2.00,1,1.00,1.00,0.00,0.00,,141,16,87.96,87.96,91.67,91.67,67.31,67.31,79.55,79.55,0.00,0.00
Liberia,LBR,20200502,3.00,1,3.00,1,2.00,1,4.00,1,1.00,1,2.00,1,2.00,1,3.00,0.00,,0.00,0.00,0.00,2.00,1,1.00,1.00,0.00,0.00,,152,18,87.96,87.96,91.67,91.67,67.31,67.31,79.55,79.55,0.00,0.00
Liberia,LBR,20200503,3.00,1,3.00,1,2.00,1,4.00,1,1.00,1,2.00,1,2.00,1,3.00,0.00,,0.00,0.00,0.00,2.00,1,1.00,1.00,0.00,0.00,,154,18,87.96,87.96,91.67,91.67,67.31,67.31,79.55,79.55,0.00,0.00
Liberia,LBR,20200504,3.00,1,3.00,1,2.00,1,4.00,1,1.00,1,2.00,1,2.00,1,3.00,0.00,,0.00,0.00,0.00,2.00,1,1.00,1.00,0.00,0.00,,158,18,87.96,87.96,91.67,91.67,67.31,67.31,79.55,79.55,0.00,0.00
Liberia,LBR,20200505,3.00,1,3.00,1,2.00,1,4.00,1,1.00,1,2.00,1,2.00,1,3.00,0.00,,0.00,0.00,0.00,2.00,1,1.00,1.00,0.00,0.00,,166,18,87.96,87.96,91.67,91.67,67.31,67.31,79.55,79.55,0.00,0.00
Liberia,LBR,20200506,3.00,1,3.00,1,2.00,1,4.00,1,1.00,1,2.00,1,2.00,1,3.00,0.00,,0.00,0.00,0.00,2.00,1,1.00,1.00,0.00,0.00,,170,20,87.96,87.96,91.67,91.67,67.31,67.31,79.55,79.55,0.00,0.00
Liberia,LBR,20200507,3.00,1,3.00,1,2.00,1,4.00,1,1.00,1,2.00,1,2.00,1,3.00,0.00,,0.00,0.00,0.00,2.00,1,1.00,1.00,0.00,0.00,,178,20,87.96,87.96,91.67,91.67,67.31,67.31,79.55,79.55,0.00,0.00
Liberia,LBR,20200508,3.00,1,3.00,1,2.00,1,4.00,1,1.00,1,2.00,1,2.00,1,3.00,0.00,,0.00,0.00,0.00,2.00,1,1.00,1.00,0.00,0.00,,189,20,87.96,87.96,91.67,91.67,67.31,67.31,79.55,79.55,0.00,0.00
Liberia,LBR,20200509,3.00,1,3.00,1,2.00,1,4.00,1,1.00,1,2.00,1,2.00,1,3.00,0.00,,0.00,0.00,0.00,2.00,1,1.00,1.00,0.00,0.00,,199,20,87.96,87.96,91.67,91.67,67.31,67.31,79.55,79.55,0.00,0.00
Liberia,LBR,20200510,3.00,1,3.00,1,2.00,1,4.00,1,1.00,1,2.00,1,2.00,1,3.00,0.00,,0.00,0.00,0.00,2.00,1,1.00,1.00,0.00,0.00,,199,20,87.96,87.96,91.67,91.67,67.31,67.31,79.55,79.55,0.00,0.00
Liberia,LBR,20200511,3.00,1,3.00,1,2.00,1,4.00,1,1.00,1,2.00,1,2.00,1,3.00,0.00,,0.00,0.00,0.00,2.00,1,1.00,1.00,0.00,0.00,,199,20,87.96,87.96,91.67,91.67,67.31,67.31,79.55,79.55,0.00,0.00
Liberia,LBR,20200512,3.00,1,3.00,1,2.00,1,4.00,1,1.00,1,2.00,1,2.00,1,3.00,0.00,,0.00,0.00,0.00,2.00,1,1.00,1.00,0.00,0.00,,211,20,87.96,87.96,91.67,91.67,67.31,67.31,79.55,79.55,0.00,0.00
Liberia,LBR,20200513,3.00,1,3.00,1,2.00,1,4.00,1,1.00,1,2.00,1,2.00,1,3.00,0.00,,0.00,0.00,0.00,2.00,1,1.00,1.00,0.00,0.00,,212,20,87.96,87.96,91.67,91.67,67.31,67.31,79.55,79.55,0.00,0.00
Liberia,LBR,20200514,3.00,1,3.00,1,2.00,1,4.00,1,1.00,1,2.00,1,2.00,1,3.00,0.00,,0.00,0.00,0.00,2.00,1,1.00,1.00,0.00,0.00,,213,20,87.96,87.96,91.67,91.67,67.31,67.31,79.55,79.55,0.00,0.00
Liberia,LBR,20200515,3.00,1,3.00,1,2.00,1,4.00,1,1.00,1,2.00,1,2.00,1,3.00,0.00,,0.00,0.00,0.00,2.00,1,1.00,1.00,0.00,0.00,,215,20,87.96,87.96,91.67,91.67,67.31,67.31,79.55,79.55,0.00,0.00
Liberia,LBR,20200516,3.00,1,3.00,1,2.00,1,4.00,1,1.00,1,2.00,1,2.00,1,3.00,0.00,,0.00,0.00,0.00,2.00,1,1.00,1.00,0.00,0.00,,219,20,87.96,87.96,91.67,91.67,67.31,67.31,79.55,79.55,0.00,0.00
Liberia,LBR,20200517,3.00,1,3.00,1,2.00,1,4.00,1,1.00,1,2.00,1,2.00,1,3.00,0.00,,0.00,0.00,0.00,2.00,1,1.00,1.00,0.00,0.00,,223,20,87.96,87.96,91.67,91.67,67.31,67.31,79.55,79.55,0.00,0.00
Liberia,LBR,20200518,3.00,1,3.00,1,2.00,1,4.00,1,1.00,1,2.00,1,2.00,1,3.00,0.00,,0.00,0.00,0.00,2.00,1,1.00,1.00,0.00,0.00,,226,21,87.96,87.96,91.67,91.67,67.31,67.31,79.55,79.55,0.00,0.00
Liberia,LBR,20200519,3.00,1,3.00,1,2.00,1,4.00,1,1.00,1,2.00,1,2.00,1,3.00,0.00,,0.00,0.00,0.00,2.00,1,1.00,1.00,0.00,0.00,,229,22,87.96,87.96,91.67,91.67,67.31,67.31,79.55,79.55,0.00,0.00
Liberia,LBR,20200520,3.00,1,3.00,1,2.00,1,4.00,1,1.00,1,2.00,1,2.00,1,3.00,0.00,,0.00,0.00,0.00,2.00,1,1.00,1.00,0.00,0.00,,233,23,87.96,87.96,91.67,91.67,67.31,67.31,79.55,79.55,0.00,0.00
Liberia,LBR,20200521,3.00,1,3.00,1,2.00,1,4.00,1,1.00,1,2.00,1,2.00,1,3.00,0.00,,0.00,0.00,0.00,2.00,1,1.00,1.00,0.00,0.00,,238,23,87.96,87.96,91.67,91.67,67.31,67.31,79.55,79.55,0.00,0.00
Liberia,LBR,20200522,3.00,1,3.00,1,2.00,1,4.00,1,1.00,1,2.00,1,2.00,1,3.00,0.00,,0.00,0.00,0.00,2.00,1,1.00,1.00,0.00,0.00,,240,23,87.96,87.96,91.67,91.67,67.31,67.31,79.55,79.55,0.00,0.00
Liberia,LBR,20200523,3.00,1,2.00,1,2.00,1,4.00,1,1.00,1,2.00,1,2.00,1,3.00,0.00,,0.00,0.00,0.00,2.00,1,1.00,1.00,0.00,0.00,,249,24,84.26,84.26,88.10,88.10,64.74,64.74,76.52,76.52,0.00,0.00
Liberia,LBR,20200524,3.00,1,2.00,1,2.00,1,4.00,1,1.00,1,2.00,1,2.00,1,3.00,0.00,,0.00,0.00,0.00,2.00,1,1.00,1.00,0.00,0.00,,255,26,84.26,84.26,88.10,88.10,64.74,64.74,76.52,76.52,0.00,0.00
Liberia,LBR,20200525,3.00,1,2.00,1,2.00,1,4.00,1,1.00,1,2.00,1,2.00,1,3.00,0.00,,0.00,0.00,0.00,2.00,1,1.00,1.00,0.00,0.00,,265,26,84.26,84.26,88.10,88.10,64.74,64.74,76.52,76.52,0.00,0.00
Liberia,LBR,20200526,3.00,1,2.00,1,2.00,1,4.00,1,1.00,1,2.00,1,2.00,1,3.00,0.00,,0.00,0.00,0.00,2.00,1,1.00,1.00,0.00,0.00,,265,26,84.26,84.26,88.10,88.10,64.74,64.74,76.52,76.52,0.00,0.00
Liberia,LBR,20200527,3.00,1,2.00,1,2.00,1,4.00,1,1.00,1,2.00,1,2.00,1,3.00,0.00,,0.00,0.00,0.00,2.00,1,1.00,1.00,0.00,0.00,,266,26,84.26,84.26,88.10,88.10,64.74,64.74,76.52,76.52,0.00,0.00
Liberia,LBR,20200528,3.00,1,2.00,1,2.00,1,4.00,1,1.00,1,2.00,1,2.00,1,3.00,0.00,,0.00,0.00,0.00,2.00,1,1.00,1.00,0.00,0.00,,266,27,84.26,84.26,88.10,88.10,64.74,64.74,76.52,76.52,0.00,0.00
Liberia,LBR,20200529,3.00,1,2.00,1,2.00,1,4.00,1,1.00,1,2.00,1,2.00,1,3.00,0.00,,0.00,0.00,0.00,2.00,1,1.00,1.00,0.00,0.00,,269,27,84.26,84.26,88.10,88.10,64.74,64.74,76.52,76.52,0.00,0.00
Liberia,LBR,20200530,3.00,1,2.00,1,2.00,1,4.00,1,1.00,1,2.00,1,2.00,1,3.00,0.00,,0.00,0.00,0.00,2.00,1,1.00,1.00,0.00,0.00,,273,27,84.26,84.26,88.10,88.10,64.74,64.74,76.52,76.52,0.00,0.00
Liberia,LBR,20200531,3.00,1,2.00,1,2.00,1,4.00,1,1.00,1,2.00,1,2.00,1,3.00,0.00,,0.00,0.00,0.00,2.00,1,1.00,1.00,0.00,0.00,,280,27,84.26,84.26,88.10,88.10,64.74,64.74,76.52,76.52,0.00,0.00
Liberia,LBR,20200601,3.00,1,2.00,1,2.00,1,4.00,1,1.00,1,2.00,1,2.00,1,3.00,0.00,,0.00,0.00,0.00,2.00,1,1.00,1.00,0.00,0.00,,288,27,84.26,84.26,88.10,88.10,64.74,64.74,76.52,76.52,0.00,0.00
Liberia,LBR,20200602,3.00,1,2.00,1,2.00,1,4.00,1,1.00,1,2.00,1,2.00,1,3.00,0.00,,0.00,0.00,0.00,2.00,1,1.00,1.00,0.00,0.00,,296,27,84.26,84.26,88.10,88.10,64.74,64.74,76.52,76.52,0.00,0.00
Liberia,LBR,20200603,3.00,1,2.00,1,2.00,1,4.00,1,1.00,1,2.00,1,2.00,1,3.00,0.00,,0.00,0.00,0.00,2.00,1,1.00,1.00,0.00,0.00,,311,28,84.26,84.26,88.10,88.10,64.74,64.74,76.52,76.52,0.00,0.00
Liberia,LBR,20200604,3.00,1,2.00,1,2.00,1,4.00,1,1.00,1,2.00,1,2.00,1,4.00,0.00,,0.00,0.00,0.00,2.00,1,1.00,1.00,0.00,0.00,,316,28,87.04,87.04,91.67,91.67,66.67,66.67,78.79,78.79,0.00,0.00
Liberia,LBR,20200605,3.00,1,2.00,1,2.00,1,4.00,1,1.00,1,2.00,0,2.00,0,3.00,0.00,,0.00,0.00,0.00,2.00,1,1.00,1.00,0.00,0.00,,321,28,79.63,79.63,83.33,83.33,61.54,61.54,72.73,72.73,0.00,0.00
Liberia,LBR,20200606,3.00,1,2.00,1,2.00,1,4.00,1,1.00,1,2.00,0,2.00,0,3.00,0.00,,0.00,0.00,0.00,2.00,1,1.00,1.00,0.00,0.00,,334,30,79.63,79.63,83.33,83.33,61.54,61.54,72.73,72.73,0.00,0.00
Liberia,LBR,20200607,3.00,1,2.00,1,2.00,1,4.00,1,1.00,1,2.00,0,2.00,0,3.00,0.00,,0.00,0.00,0.00,2.00,1,1.00,1.00,0.00,0.00,,345,30,79.63,79.63,83.33,83.33,61.54,61.54,72.73,72.73,0.00,0.00
Liberia,LBR,20200608,3.00,1,2.00,1,2.00,1,4.00,1,1.00,1,2.00,0,2.00,0,3.00,0.00,,0.00,0.00,0.00,2.00,1,1.00,1.00,0.00,0.00,,359,30,79.63,79.63,83.33,83.33,61.54,61.54,72.73,72.73,0.00,0.00
Liberia,LBR,20200609,3.00,1,2.00,1,2.00,1,4.00,1,1.00,1,2.00,0,2.00,0,3.00,0.00,,0.00,0.00,0.00,2.00,1,1.00,1.00,0.00,0.00,,370,30,79.63,79.63,83.33,83.33,61.54,61.54,72.73,72.73,0.00,0.00
Liberia,LBR,20200610,3.00,1,2.00,1,2.00,1,4.00,1,1.00,1,2.00,0,2.00,0,3.00,0.00,,0.00,0.00,0.00,2.00,1,1.00,1.00,0.00,0.00,,383,31,79.63,79.63,83.33,83.33,61.54,61.54,72.73,72.73,0.00,0.00
Liberia,LBR,20200611,3.00,1,2.00,1,2.00,1,4.00,1,1.00,1,2.00,0,2.00,0,3.00,0.00,,0.00,0.00,0.00,2.00,1,1.00,1.00,0.00,0.00,,397,31,79.63,79.63,83.33,83.33,61.54,61.54,72.73,72.73,0.00,0.00
Liberia,LBR,20200612,3.00,1,2.00,1,2.00,1,4.00,1,1.00,1,2.00,0,2.00,0,3.00,0.00,,0.00,0.00,0.00,2.00,1,1.00,1.00,0.00,0.00,,410,31,79.63,79.63,83.33,83.33,61.54,61.54,72.73,72.73,0.00,0.00
Liberia,LBR,20200613,3.00,1,2.00,1,2.00,1,4.00,1,1.00,1,2.00,0,2.00,0,3.00,0.00,,0.00,0.00,0.00,2.00,1,1.00,1.00,0.00,0.00,,421,32,79.63,79.63,83.33,83.33,61.54,61.54,72.73,72.73,0.00,0.00
Liberia,LBR,20200614,3.00,1,2.00,1,2.00,1,4.00,1,1.00,1,2.00,0,2.00,0,3.00,0.00,,0.00,0.00,0.00,2.00,1,1.00,1.00,0.00,0.00,,446,32,79.63,79.63,83.33,83.33,61.54,61.54,72.73,72.73,0.00,0.00
Liberia,LBR,20200615,3.00,1,2.00,1,2.00,1,4.00,1,1.00,1,2.00,0,2.00,0,3.00,0.00,,0.00,0.00,0.00,2.00,1,1.00,1.00,0.00,0.00,,458,32,79.63,79.63,83.33,83.33,61.54,61.54,72.73,72.73,0.00,0.00
Liberia,LBR,20200616,3.00,1,2.00,1,2.00,1,4.00,1,1.00,1,2.00,0,2.00,0,3.00,0.00,,0.00,0.00,0.00,2.00,1,1.00,1.00,0.00,0.00,,498,33,79.63,79.63,83.33,83.33,61.54,61.54,72.73,72.73,0.00,0.00
Liberia,LBR,20200617,3.00,1,2.00,1,2.00,1,4.00,1,1.00,1,2.00,0,2.00,0,3.00,0.00,,0.00,0.00,0.00,2.00,1,1.00,1.00,0.00,0.00,,509,33,79.63,79.63,83.33,83.33,61.54,61.54,72.73,72.73,0.00,0.00
Liberia,LBR,20200618,3.00,1,2.00,1,2.00,1,4.00,1,1.00,1,2.00,0,2.00,0,3.00,0.00,,0.00,0.00,0.00,2.00,1,1.00,1.00,0.00,0.00,,509,33,79.63,79.63,83.33,83.33,61.54,61.54,72.73,72.73,0.00,0.00
Liberia,LBR,20200619,,,,,,,,,,,,,,,,,,,,,,,,,,,,542,33,,79.63,,83.33,,61.54,,72.73,,0.00
Liberia,LBR,20200620,,,,,,,,,,,,,,,,,,,,,,,,,,,,581,33,,79.63,,83.33,,61.54,,72.73,,0.00
Liberia,LBR,20200621,,,,,,,,,,,,,,,,,,,,,,,,,,,,601,33,,79.63,,83.33,,61.54,,72.73,,0.00
Liberia,LBR,20200622,,,,,,,,,,,,,,,,,,,,,,,,,,,,626,34,,79.63,,83.33,,61.54,,72.73,,0.00
Liberia,LBR,20200623,,,,,,,,,,,,,,,,,,,,,,,,,,,,650,34,,79.63,,83.33,,61.54,,72.73,,0.00
