Lithuania,LTU,20200101,0.00,,0.00,,0.00,,0.00,,0.00,,0.00,,0.00,,0.00,0.00,,0.00,0.00,0.00,0.00,,0.00,0.00,0.00,0.00,,0,0,0.00,0.00,0.00,0.00,0.00,0.00,0.00,0.00,0.00,0.00
Lithuania,LTU,20200102,0.00,,0.00,,0.00,,0.00,,0.00,,0.00,,0.00,,0.00,0.00,,0.00,0.00,0.00,0.00,,0.00,0.00,0.00,0.00,,0,0,0.00,0.00,0.00,0.00,0.00,0.00,0.00,0.00,0.00,0.00
Lithuania,LTU,20200103,0.00,,0.00,,0.00,,0.00,,0.00,,0.00,,0.00,,0.00,0.00,,0.00,0.00,0.00,0.00,,0.00,0.00,0.00,0.00,,0,0,0.00,0.00,0.00,0.00,0.00,0.00,0.00,0.00,0.00,0.00
Lithuania,LTU,20200104,0.00,,0.00,,0.00,,0.00,,0.00,,0.00,,0.00,,0.00,0.00,,0.00,0.00,0.00,0.00,,0.00,0.00,0.00,0.00,,0,0,0.00,0.00,0.00,0.00,0.00,0.00,0.00,0.00,0.00,0.00
Lithuania,LTU,20200105,0.00,,0.00,,0.00,,0.00,,0.00,,0.00,,0.00,,0.00,0.00,,0.00,0.00,0.00,0.00,,0.00,0.00,0.00,0.00,,0,0,0.00,0.00,0.00,0.00,0.00,0.00,0.00,0.00,0.00,0.00
Lithuania,LTU,20200106,0.00,,0.00,,0.00,,0.00,,0.00,,0.00,,0.00,,0.00,0.00,,0.00,0.00,0.00,0.00,,0.00,0.00,0.00,0.00,,0,0,0.00,0.00,0.00,0.00,0.00,0.00,0.00,0.00,0.00,0.00
Lithuania,LTU,20200107,0.00,,0.00,,0.00,,0.00,,0.00,,0.00,,0.00,,0.00,0.00,,0.00,0.00,0.00,0.00,,0.00,0.00,0.00,0.00,,0,0,0.00,0.00,0.00,0.00,0.00,0.00,0.00,0.00,0.00,0.00
Lithuania,LTU,20200108,0.00,,0.00,,0.00,,0.00,,0.00,,0.00,,0.00,,0.00,0.00,,0.00,0.00,0.00,0.00,,0.00,0.00,0.00,0.00,,0,0,0.00,0.00,0.00,0.00,0.00,0.00,0.00,0.00,0.00,0.00
Lithuania,LTU,20200109,0.00,,0.00,,0.00,,0.00,,0.00,,0.00,,0.00,,0.00,0.00,,0.00,0.00,0.00,0.00,,0.00,0.00,0.00,0.00,,0,0,0.00,0.00,0.00,0.00,0.00,0.00,0.00,0.00,0.00,0.00
Lithuania,LTU,20200110,0.00,,0.00,,0.00,,0.00,,0.00,,0.00,,0.00,,0.00,0.00,,0.00,0.00,0.00,0.00,,0.00,0.00,0.00,0.00,,0,0,0.00,0.00,0.00,0.00,0.00,0.00,0.00,0.00,0.00,0.00
Lithuania,LTU,20200111,0.00,,0.00,,0.00,,0.00,,0.00,,0.00,,0.00,,0.00,0.00,,0.00,0.00,0.00,0.00,,0.00,0.00,0.00,0.00,,0,0,0.00,0.00,0.00,0.00,0.00,0.00,0.00,0.00,0.00,0.00
Lithuania,LTU,20200112,0.00,,0.00,,0.00,,0.00,,0.00,,0.00,,0.00,,0.00,0.00,,0.00,0.00,0.00,0.00,,0.00,0.00,0.00,0.00,,0,0,0.00,0.00,0.00,0.00,0.00,0.00,0.00,0.00,0.00,0.00
Lithuania,LTU,20200113,0.00,,0.00,,0.00,,0.00,,0.00,,0.00,,0.00,,0.00,0.00,,0.00,0.00,0.00,0.00,,0.00,0.00,0.00,0.00,,0,0,0.00,0.00,0.00,0.00,0.00,0.00,0.00,0.00,0.00,0.00
Lithuania,LTU,20200114,0.00,,0.00,,0.00,,0.00,,0.00,,0.00,,0.00,,0.00,0.00,,0.00,0.00,0.00,0.00,,0.00,0.00,0.00,0.00,,0,0,0.00,0.00,0.00,0.00,0.00,0.00,0.00,0.00,0.00,0.00
Lithuania,LTU,20200115,0.00,,0.00,,0.00,,0.00,,0.00,,0.00,,0.00,,0.00,0.00,,0.00,0.00,0.00,0.00,,0.00,0.00,0.00,0.00,,0,0,0.00,0.00,0.00,0.00,0.00,0.00,0.00,0.00,0.00,0.00
Lithuania,LTU,20200116,0.00,,0.00,,0.00,,0.00,,0.00,,0.00,,0.00,,0.00,0.00,,0.00,0.00,0.00,0.00,,0.00,0.00,0.00,0.00,,0,0,0.00,0.00,0.00,0.00,0.00,0.00,0.00,0.00,0.00,0.00
Lithuania,LTU,20200117,0.00,,0.00,,0.00,,0.00,,0.00,,0.00,,0.00,,0.00,0.00,,0.00,0.00,0.00,0.00,,0.00,0.00,0.00,0.00,,0,0,0.00,0.00,0.00,0.00,0.00,0.00,0.00,0.00,0.00,0.00
Lithuania,LTU,20200118,0.00,,0.00,,0.00,,0.00,,0.00,,0.00,,0.00,,0.00,0.00,,0.00,0.00,0.00,0.00,,0.00,0.00,0.00,0.00,,0,0,0.00,0.00,0.00,0.00,0.00,0.00,0.00,0.00,0.00,0.00
Lithuania,LTU,20200119,0.00,,0.00,,0.00,,0.00,,0.00,,0.00,,0.00,,0.00,0.00,,0.00,0.00,0.00,0.00,,0.00,0.00,0.00,0.00,,0,0,0.00,0.00,0.00,0.00,0.00,0.00,0.00,0.00,0.00,0.00
Lithuania,LTU,20200120,0.00,,0.00,,0.00,,0.00,,0.00,,0.00,,0.00,,0.00,0.00,,0.00,0.00,0.00,0.00,,0.00,0.00,0.00,0.00,,0,0,0.00,0.00,0.00,0.00,0.00,0.00,0.00,0.00,0.00,0.00
Lithuania,LTU,20200121,0.00,,0.00,,0.00,,0.00,,0.00,,0.00,,0.00,,0.00,0.00,,0.00,0.00,0.00,0.00,,0.00,0.00,0.00,0.00,,0,0,0.00,0.00,0.00,0.00,0.00,0.00,0.00,0.00,0.00,0.00
Lithuania,LTU,20200122,0.00,,0.00,,0.00,,0.00,,0.00,,0.00,,0.00,,0.00,0.00,,0.00,0.00,0.00,0.00,,0.00,0.00,0.00,0.00,,0,0,0.00,0.00,0.00,0.00,0.00,0.00,0.00,0.00,0.00,0.00
Lithuania,LTU,20200123,0.00,,0.00,,0.00,,0.00,,0.00,,0.00,,0.00,,0.00,0.00,,0.00,0.00,0.00,0.00,,0.00,0.00,0.00,0.00,,0,0,0.00,0.00,0.00,0.00,0.00,0.00,0.00,0.00,0.00,0.00
Lithuania,LTU,20200124,0.00,,0.00,,0.00,,0.00,,0.00,,0.00,,0.00,,0.00,0.00,,0.00,0.00,0.00,0.00,,0.00,0.00,0.00,0.00,,0,0,0.00,0.00,0.00,0.00,0.00,0.00,0.00,0.00,0.00,0.00
Lithuania,LTU,20200125,0.00,,0.00,,0.00,,0.00,,0.00,,0.00,,0.00,,0.00,0.00,,0.00,0.00,0.00,0.00,,0.00,0.00,0.00,0.00,,0,0,0.00,0.00,0.00,0.00,0.00,0.00,0.00,0.00,0.00,0.00
Lithuania,LTU,20200126,0.00,,0.00,,0.00,,0.00,,0.00,,0.00,,0.00,,0.00,0.00,,0.00,0.00,0.00,0.00,,0.00,0.00,0.00,0.00,,0,0,0.00,0.00,0.00,0.00,0.00,0.00,0.00,0.00,0.00,0.00
Lithuania,LTU,20200127,0.00,,0.00,,0.00,,0.00,,0.00,,0.00,,0.00,,0.00,0.00,,0.00,0.00,0.00,0.00,,0.00,0.00,0.00,0.00,,0,0,0.00,0.00,0.00,0.00,0.00,0.00,0.00,0.00,0.00,0.00
Lithuania,LTU,20200128,0.00,,0.00,,0.00,,0.00,,0.00,,0.00,,0.00,,0.00,0.00,,0.00,0.00,0.00,0.00,,0.00,0.00,0.00,0.00,,0,0,0.00,0.00,0.00,0.00,0.00,0.00,0.00,0.00,0.00,0.00
Lithuania,LTU,20200129,0.00,,0.00,,0.00,,0.00,,0.00,,0.00,,0.00,,0.00,0.00,,0.00,0.00,0.00,0.00,,1.00,0.00,0.00,0.00,,0,0,0.00,0.00,0.00,0.00,2.56,2.56,3.03,3.03,0.00,0.00
Lithuania,LTU,20200130,0.00,,0.00,,0.00,,0.00,,0.00,,0.00,,0.00,,0.00,0.00,,0.00,0.00,0.00,0.00,,1.00,0.00,0.00,0.00,,0,0,0.00,0.00,0.00,0.00,2.56,2.56,3.03,3.03,0.00,0.00
Lithuania,LTU,20200131,0.00,,0.00,,0.00,,0.00,,0.00,,0.00,,0.00,,0.00,0.00,,0.00,0.00,0.00,0.00,,1.00,0.00,0.00,0.00,,0,0,0.00,0.00,0.00,0.00,2.56,2.56,3.03,3.03,0.00,0.00
Lithuania,LTU,20200201,0.00,,0.00,,0.00,,0.00,,0.00,,0.00,,0.00,,0.00,0.00,,0.00,0.00,0.00,0.00,,1.00,0.00,0.00,0.00,,0,0,0.00,0.00,0.00,0.00,2.56,2.56,3.03,3.03,0.00,0.00
Lithuania,LTU,20200202,0.00,,0.00,,0.00,,0.00,,0.00,,0.00,,0.00,,0.00,0.00,,0.00,0.00,0.00,0.00,,1.00,0.00,0.00,0.00,,0,0,0.00,0.00,0.00,0.00,2.56,2.56,3.03,3.03,0.00,0.00
Lithuania,LTU,20200203,0.00,,0.00,,0.00,,0.00,,0.00,,0.00,,0.00,,0.00,0.00,,0.00,0.00,0.00,0.00,,1.00,0.00,0.00,0.00,,0,0,0.00,0.00,0.00,0.00,2.56,2.56,3.03,3.03,0.00,0.00
Lithuania,LTU,20200204,0.00,,0.00,,0.00,,0.00,,0.00,,0.00,,0.00,,0.00,0.00,,0.00,0.00,0.00,0.00,,1.00,0.00,0.00,0.00,,0,0,0.00,0.00,0.00,0.00,2.56,2.56,3.03,3.03,0.00,0.00
Lithuania,LTU,20200205,0.00,,0.00,,0.00,,0.00,,0.00,,0.00,,0.00,,0.00,0.00,,0.00,0.00,0.00,0.00,,1.00,0.00,0.00,0.00,,0,0,0.00,0.00,0.00,0.00,2.56,2.56,3.03,3.03,0.00,0.00
Lithuania,LTU,20200206,0.00,,0.00,,0.00,,0.00,,0.00,,0.00,,0.00,,0.00,0.00,,0.00,0.00,0.00,0.00,,1.00,0.00,0.00,0.00,,0,0,0.00,0.00,0.00,0.00,2.56,2.56,3.03,3.03,0.00,0.00
Lithuania,LTU,20200207,0.00,,0.00,,0.00,,0.00,,0.00,,0.00,,0.00,,0.00,0.00,,0.00,0.00,0.00,0.00,,1.00,0.00,0.00,0.00,,0,0,0.00,0.00,0.00,0.00,2.56,2.56,3.03,3.03,0.00,0.00
Lithuania,LTU,20200208,0.00,,0.00,,0.00,,0.00,,0.00,,0.00,,0.00,,0.00,0.00,,0.00,0.00,0.00,0.00,,1.00,0.00,0.00,0.00,,0,0,0.00,0.00,0.00,0.00,2.56,2.56,3.03,3.03,0.00,0.00
Lithuania,LTU,20200209,0.00,,0.00,,0.00,,0.00,,0.00,,0.00,,0.00,,0.00,0.00,,0.00,0.00,0.00,0.00,,1.00,0.00,0.00,0.00,,0,0,0.00,0.00,0.00,0.00,2.56,2.56,3.03,3.03,0.00,0.00
Lithuania,LTU,20200210,0.00,,0.00,,0.00,,0.00,,0.00,,0.00,,0.00,,0.00,0.00,,0.00,0.00,0.00,0.00,,1.00,0.00,0.00,0.00,,0,0,0.00,0.00,0.00,0.00,2.56,2.56,3.03,3.03,0.00,0.00
Lithuania,LTU,20200211,0.00,,0.00,,0.00,,0.00,,0.00,,0.00,,0.00,,0.00,0.00,,0.00,0.00,0.00,0.00,,1.00,0.00,0.00,0.00,,0,0,0.00,0.00,0.00,0.00,2.56,2.56,3.03,3.03,0.00,0.00
Lithuania,LTU,20200212,0.00,,0.00,,0.00,,0.00,,0.00,,0.00,,0.00,,0.00,0.00,,0.00,0.00,0.00,0.00,,1.00,0.00,0.00,0.00,,0,0,0.00,0.00,0.00,0.00,2.56,2.56,3.03,3.03,0.00,0.00
Lithuania,LTU,20200213,0.00,,0.00,,0.00,,0.00,,0.00,,0.00,,0.00,,0.00,0.00,,0.00,0.00,0.00,0.00,,1.00,0.00,0.00,0.00,,0,0,0.00,0.00,0.00,0.00,2.56,2.56,3.03,3.03,0.00,0.00
Lithuania,LTU,20200214,0.00,,0.00,,0.00,,0.00,,0.00,,0.00,,0.00,,0.00,0.00,,0.00,0.00,0.00,0.00,,1.00,0.00,0.00,0.00,,0,0,0.00,0.00,0.00,0.00,2.56,2.56,3.03,3.03,0.00,0.00
Lithuania,LTU,20200215,0.00,,0.00,,0.00,,0.00,,0.00,,0.00,,0.00,,0.00,0.00,,0.00,0.00,0.00,0.00,,1.00,0.00,0.00,0.00,,0,0,0.00,0.00,0.00,0.00,2.56,2.56,3.03,3.03,0.00,0.00
Lithuania,LTU,20200216,0.00,,0.00,,0.00,,0.00,,0.00,,0.00,,0.00,,0.00,0.00,,0.00,0.00,0.00,0.00,,1.00,0.00,0.00,0.00,,0,0,0.00,0.00,0.00,0.00,2.56,2.56,3.03,3.03,0.00,0.00
Lithuania,LTU,20200217,0.00,,0.00,,0.00,,0.00,,0.00,,0.00,,0.00,,0.00,0.00,,0.00,0.00,0.00,0.00,,1.00,0.00,0.00,0.00,,0,0,0.00,0.00,0.00,0.00,2.56,2.56,3.03,3.03,0.00,0.00
Lithuania,LTU,20200218,0.00,,0.00,,0.00,,0.00,,0.00,,0.00,,0.00,,0.00,0.00,,0.00,0.00,0.00,0.00,,1.00,0.00,0.00,0.00,,0,0,0.00,0.00,0.00,0.00,2.56,2.56,3.03,3.03,0.00,0.00
Lithuania,LTU,20200219,0.00,,0.00,,0.00,,0.00,,0.00,,0.00,,0.00,,0.00,0.00,,0.00,0.00,0.00,0.00,,1.00,0.00,0.00,0.00,,0,0,0.00,0.00,0.00,0.00,2.56,2.56,3.03,3.03,0.00,0.00
Lithuania,LTU,20200220,0.00,,0.00,,0.00,,0.00,,0.00,,0.00,,0.00,,0.00,0.00,,0.00,0.00,0.00,0.00,,1.00,0.00,0.00,0.00,,0,0,0.00,0.00,0.00,0.00,2.56,2.56,3.03,3.03,0.00,0.00
Lithuania,LTU,20200221,0.00,,0.00,,0.00,,0.00,,0.00,,0.00,,0.00,,0.00,0.00,,0.00,0.00,0.00,0.00,,1.00,0.00,0.00,0.00,,0,0,0.00,0.00,0.00,0.00,2.56,2.56,3.03,3.03,0.00,0.00
Lithuania,LTU,20200222,0.00,,0.00,,0.00,,0.00,,0.00,,0.00,,0.00,,0.00,0.00,,0.00,0.00,0.00,0.00,,1.00,0.00,0.00,0.00,,0,0,0.00,0.00,0.00,0.00,2.56,2.56,3.03,3.03,0.00,0.00
Lithuania,LTU,20200223,0.00,,0.00,,0.00,,0.00,,0.00,,0.00,,0.00,,0.00,0.00,,0.00,0.00,0.00,0.00,,1.00,0.00,0.00,0.00,,0,0,0.00,0.00,0.00,0.00,2.56,2.56,3.03,3.03,0.00,0.00
Lithuania,LTU,20200224,0.00,,0.00,,0.00,,0.00,,0.00,,0.00,,0.00,,0.00,0.00,,0.00,0.00,0.00,0.00,,1.00,0.00,0.00,0.00,,0,0,0.00,0.00,0.00,0.00,2.56,2.56,3.03,3.03,0.00,0.00
Lithuania,LTU,20200225,0.00,,0.00,,0.00,,0.00,,0.00,,0.00,,0.00,,0.00,0.00,,0.00,0.00,92008.00,0.00,,1.00,0.00,0.00,0.00,,0,0,0.00,0.00,0.00,0.00,2.56,2.56,3.03,3.03,0.00,0.00
Lithuania,LTU,20200226,0.00,,0.00,,0.00,,0.00,,0.00,,0.00,,0.00,,0.00,0.00,,0.00,0.00,0.00,1.00,1,1.00,0.00,0.00,0.00,,0,0,5.56,5.56,9.52,9.52,6.41,6.41,7.58,7.58,0.00,0.00
Lithuania,LTU,20200227,0.00,,0.00,,0.00,,0.00,,0.00,,0.00,,0.00,,0.00,0.00,,0.00,0.00,0.00,1.00,1,1.00,0.00,0.00,0.00,,0,0,5.56,5.56,9.52,9.52,6.41,6.41,7.58,7.58,0.00,0.00
Lithuania,LTU,20200228,0.00,,0.00,,0.00,,0.00,,0.00,,0.00,,0.00,,0.00,0.00,,0.00,0.00,0.00,2.00,1,1.00,0.00,0.00,0.00,,1,0,11.11,11.11,14.29,14.29,10.26,10.26,12.12,12.12,0.00,0.00
Lithuania,LTU,20200229,0.00,,0.00,,0.00,,0.00,,0.00,,0.00,,0.00,,0.00,0.00,,0.00,0.00,0.00,2.00,1,1.00,0.00,0.00,0.00,,1,0,11.11,11.11,14.29,14.29,10.26,10.26,12.12,12.12,0.00,0.00
Lithuania,LTU,20200301,0.00,,0.00,,0.00,,0.00,,0.00,,0.00,,0.00,,0.00,0.00,,0.00,0.00,0.00,2.00,1,1.00,0.00,0.00,0.00,,1,0,11.11,11.11,14.29,14.29,10.26,10.26,12.12,12.12,0.00,0.00
Lithuania,LTU,20200302,0.00,,0.00,,0.00,,0.00,,0.00,,0.00,,0.00,,0.00,0.00,,0.00,0.00,0.00,2.00,1,1.00,0.00,0.00,0.00,,1,0,11.11,11.11,14.29,14.29,10.26,10.26,12.12,12.12,0.00,0.00
Lithuania,LTU,20200303,0.00,,0.00,,0.00,,0.00,,0.00,,0.00,,0.00,,0.00,0.00,,0.00,0.00,0.00,2.00,1,1.00,0.00,0.00,0.00,,,,11.11,11.11,14.29,14.29,10.26,10.26,12.12,12.12,0.00,0.00
Lithuania,LTU,20200304,0.00,,0.00,,0.00,,0.00,,0.00,,0.00,,0.00,,0.00,0.00,,0.00,0.00,0.00,2.00,1,1.00,0.00,0.00,0.00,,,,11.11,11.11,14.29,14.29,10.26,10.26,12.12,12.12,0.00,0.00
Lithuania,LTU,20200305,0.00,,0.00,,0.00,,0.00,,0.00,,0.00,,0.00,,0.00,0.00,,0.00,0.00,0.00,2.00,1,1.00,0.00,0.00,0.00,,,,11.11,11.11,14.29,14.29,10.26,10.26,12.12,12.12,0.00,0.00
Lithuania,LTU,20200306,0.00,,0.00,,0.00,,0.00,,0.00,,0.00,,0.00,,0.00,0.00,,0.00,0.00,0.00,2.00,1,1.00,0.00,0.00,0.00,,,,11.11,11.11,14.29,14.29,10.26,10.26,12.12,12.12,0.00,0.00
Lithuania,LTU,20200307,0.00,,0.00,,0.00,,0.00,,0.00,,0.00,,0.00,,0.00,0.00,,0.00,0.00,0.00,2.00,1,1.00,0.00,0.00,0.00,,,,11.11,11.11,14.29,14.29,10.26,10.26,12.12,12.12,0.00,0.00
Lithuania,LTU,20200308,0.00,,0.00,,0.00,,0.00,,0.00,,0.00,,0.00,,0.00,0.00,,0.00,0.00,0.00,2.00,1,1.00,0.00,0.00,0.00,,,,11.11,11.11,14.29,14.29,10.26,10.26,12.12,12.12,0.00,0.00
Lithuania,LTU,20200309,0.00,,0.00,,0.00,,0.00,,0.00,,0.00,,0.00,,0.00,0.00,,0.00,0.00,0.00,2.00,1,1.00,0.00,0.00,0.00,,,,11.11,11.11,14.29,14.29,10.26,10.26,12.12,12.12,0.00,0.00
Lithuania,LTU,20200310,0.00,,0.00,,0.00,,0.00,,0.00,,0.00,,0.00,,0.00,0.00,,0.00,0.00,0.00,2.00,1,1.00,0.00,0.00,0.00,,,,11.11,11.11,14.29,14.29,10.26,10.26,12.12,12.12,0.00,0.00
Lithuania,LTU,20200311,0.00,,0.00,,0.00,,0.00,,0.00,,0.00,,0.00,,0.00,0.00,,0.00,0.00,0.00,2.00,1,1.00,0.00,0.00,0.00,,3,0,11.11,11.11,14.29,14.29,10.26,10.26,12.12,12.12,0.00,0.00
Lithuania,LTU,20200312,0.00,,0.00,,2.00,1,3.00,1,0.00,,0.00,,0.00,,0.00,0.00,,0.00,0.00,0.00,2.00,1,1.00,0.00,0.00,0.00,,3,0,30.56,30.56,28.57,28.57,23.72,23.72,28.03,28.03,0.00,0.00
Lithuania,LTU,20200313,3.00,1,0.00,,2.00,1,3.00,1,0.00,,0.00,,0.00,,2.00,0.00,,0.00,0.00,0.00,2.00,1,1.00,0.00,0.00,0.00,,,,47.22,47.22,50.00,50.00,35.26,35.26,41.67,41.67,0.00,0.00
Lithuania,LTU,20200314,3.00,1,0.00,,2.00,1,3.00,1,0.00,,0.00,,0.00,,2.00,0.00,,0.00,0.00,0.00,2.00,1,1.00,0.00,0.00,0.00,,6,0,47.22,47.22,50.00,50.00,35.26,35.26,41.67,41.67,0.00,0.00
Lithuania,LTU,20200315,3.00,1,0.00,,2.00,1,3.00,1,0.00,,0.00,,0.00,,2.00,0.00,,0.00,0.00,0.00,2.00,1,1.00,0.00,0.00,0.00,,9,0,47.22,47.22,50.00,50.00,35.26,35.26,41.67,41.67,0.00,0.00
Lithuania,LTU,20200316,3.00,1,3.00,1,2.00,1,4.00,1,1.00,1,1.00,1,1.00,1,4.00,0.00,,0.00,2244535000.00,0.00,2.00,1,1.00,0.00,550832500.00,0.00,,14,0,81.48,81.48,90.48,90.48,58.97,58.97,69.70,69.70,0.00,0.00
Lithuania,LTU,20200317,3.00,1,3.00,1,2.00,1,4.00,1,1.00,1,1.00,1,1.00,1,4.00,0.00,,1.00,0.00,0.00,2.00,1,1.00,0.00,0.00,0.00,,17,0,81.48,81.48,90.48,90.48,62.82,62.82,69.70,69.70,25.00,25.00
Lithuania,LTU,20200318,3.00,1,3.00,1,2.00,1,4.00,1,1.00,1,1.00,1,1.00,1,4.00,0.00,,1.00,0.00,0.00,2.00,1,1.00,0.00,0.00,0.00,,25,0,81.48,81.48,90.48,90.48,62.82,62.82,69.70,69.70,25.00,25.00
Lithuania,LTU,20200319,3.00,1,3.00,1,2.00,1,4.00,1,1.00,1,1.00,1,1.00,1,4.00,0.00,,1.00,0.00,0.00,2.00,1,1.00,0.00,0.00,0.00,,33,0,81.48,81.48,90.48,90.48,62.82,62.82,69.70,69.70,25.00,25.00
Lithuania,LTU,20200320,3.00,1,3.00,1,2.00,1,4.00,1,1.00,1,1.00,1,1.00,1,4.00,0.00,,1.00,0.00,0.00,2.00,1,1.00,0.00,0.00,0.00,,48,0,81.48,81.48,90.48,90.48,62.82,62.82,69.70,69.70,25.00,25.00
Lithuania,LTU,20200321,3.00,1,3.00,1,2.00,1,4.00,1,1.00,1,1.00,1,1.00,1,4.00,0.00,,1.00,0.00,0.00,2.00,1,1.00,0.00,0.00,0.00,,69,1,81.48,81.48,90.48,90.48,62.82,62.82,69.70,69.70,25.00,25.00
Lithuania,LTU,20200322,3.00,1,3.00,1,2.00,1,4.00,1,1.00,1,1.00,1,1.00,1,4.00,0.00,,1.00,0.00,0.00,2.00,1,1.00,0.00,0.00,0.00,,105,1,81.48,81.48,90.48,90.48,62.82,62.82,69.70,69.70,25.00,25.00
Lithuania,LTU,20200323,3.00,1,3.00,1,2.00,1,4.00,1,1.00,1,1.00,1,1.00,1,4.00,0.00,,1.00,0.00,0.00,2.00,1,1.00,0.00,0.00,0.00,,143,1,81.48,81.48,90.48,90.48,62.82,62.82,69.70,69.70,25.00,25.00
Lithuania,LTU,20200324,3.00,1,3.00,1,2.00,1,4.00,1,1.00,1,1.00,1,1.00,1,4.00,0.00,,1.00,0.00,0.00,2.00,1,1.00,0.00,0.00,0.00,,179,1,81.48,81.48,90.48,90.48,62.82,62.82,69.70,69.70,25.00,25.00
Lithuania,LTU,20200325,3.00,1,3.00,1,2.00,1,4.00,1,1.00,1,1.00,1,1.00,1,4.00,0.00,,1.00,0.00,0.00,2.00,1,1.00,0.00,0.00,0.00,,209,2,81.48,81.48,90.48,90.48,62.82,62.82,69.70,69.70,25.00,25.00
Lithuania,LTU,20200326,3.00,1,3.00,1,2.00,1,4.00,1,1.00,1,1.00,1,1.00,1,4.00,0.00,,1.00,0.00,0.00,2.00,1,1.00,0.00,0.00,0.00,,274,4,81.48,81.48,90.48,90.48,62.82,62.82,69.70,69.70,25.00,25.00
Lithuania,LTU,20200327,3.00,1,3.00,1,2.00,1,4.00,1,1.00,1,1.00,1,1.00,1,4.00,0.00,,1.00,0.00,0.00,2.00,1,1.00,0.00,0.00,0.00,,299,4,81.48,81.48,90.48,90.48,62.82,62.82,69.70,69.70,25.00,25.00
Lithuania,LTU,20200328,3.00,1,3.00,1,2.00,1,4.00,1,1.00,1,1.00,1,1.00,1,4.00,0.00,,1.00,0.00,0.00,2.00,1,1.00,0.00,0.00,0.00,,358,5,81.48,81.48,90.48,90.48,62.82,62.82,69.70,69.70,25.00,25.00
Lithuania,LTU,20200329,3.00,1,3.00,1,2.00,1,4.00,1,1.00,1,1.00,1,1.00,1,4.00,0.00,,1.00,0.00,0.00,2.00,1,1.00,0.00,0.00,0.00,,394,7,81.48,81.48,90.48,90.48,62.82,62.82,69.70,69.70,25.00,25.00
Lithuania,LTU,20200330,3.00,1,3.00,1,2.00,1,4.00,1,1.00,1,1.00,1,1.00,1,4.00,0.00,,1.00,0.00,0.00,2.00,1,2.00,0.00,0.00,0.00,,484,7,81.48,81.48,90.48,90.48,65.38,65.38,72.73,72.73,25.00,25.00
Lithuania,LTU,20200331,3.00,1,3.00,1,2.00,1,4.00,1,1.00,1,1.00,1,1.00,1,4.00,0.00,,1.00,0.00,0.00,2.00,1,2.00,0.00,0.00,0.00,,484,7,81.48,81.48,90.48,90.48,65.38,65.38,72.73,72.73,25.00,25.00
Lithuania,LTU,20200401,3.00,1,3.00,1,2.00,1,4.00,1,1.00,1,1.00,1,1.00,1,4.00,0.00,,1.00,0.00,0.00,2.00,1,2.00,0.00,0.00,0.00,,533,7,81.48,81.48,90.48,90.48,65.38,65.38,72.73,72.73,25.00,25.00
Lithuania,LTU,20200402,3.00,1,3.00,1,2.00,1,4.00,1,1.00,1,1.00,1,1.00,1,4.00,0.00,,1.00,0.00,0.00,2.00,1,2.00,0.00,0.00,0.00,,581,8,81.48,81.48,90.48,90.48,65.38,65.38,72.73,72.73,25.00,25.00
Lithuania,LTU,20200403,3.00,1,3.00,1,2.00,1,4.00,1,1.00,1,1.00,1,1.00,1,4.00,0.00,,1.00,0.00,0.00,2.00,1,2.00,0.00,0.00,0.00,,649,9,81.48,81.48,90.48,90.48,65.38,65.38,72.73,72.73,25.00,25.00
Lithuania,LTU,20200404,3.00,1,3.00,1,2.00,1,4.00,1,1.00,1,1.00,1,1.00,1,4.00,0.00,,1.00,0.00,0.00,2.00,1,2.00,0.00,0.00,0.00,,771,9,81.48,81.48,90.48,90.48,65.38,65.38,72.73,72.73,25.00,25.00
Lithuania,LTU,20200405,3.00,1,3.00,1,2.00,1,4.00,1,1.00,1,1.00,1,1.00,1,4.00,0.00,,1.00,0.00,0.00,2.00,1,2.00,0.00,0.00,0.00,,771,9,81.48,81.48,90.48,90.48,65.38,65.38,72.73,72.73,25.00,25.00
Lithuania,LTU,20200406,3.00,1,3.00,1,2.00,1,4.00,1,1.00,1,1.00,1,1.00,1,4.00,0.00,,1.00,0.00,0.00,2.00,1,2.00,0.00,0.00,0.00,,811,13,81.48,81.48,90.48,90.48,65.38,65.38,72.73,72.73,25.00,25.00
Lithuania,LTU,20200407,3.00,1,3.00,1,2.00,1,4.00,1,1.00,1,1.00,1,1.00,1,4.00,2.00,1,1.00,0.00,0.00,2.00,1,2.00,2.00,0.00,0.00,,843,14,81.48,81.48,90.48,90.48,80.77,80.77,81.82,81.82,75.00,75.00
Lithuania,LTU,20200408,3.00,1,3.00,1,2.00,1,4.00,1,1.00,1,1.00,1,1.00,1,4.00,2.00,1,1.00,0.00,0.00,2.00,1,2.00,2.00,0.00,0.00,,880,15,81.48,81.48,90.48,90.48,80.77,80.77,81.82,81.82,75.00,75.00
Lithuania,LTU,20200409,3.00,1,3.00,1,2.00,1,4.00,1,1.00,1,1.00,1,1.00,1,4.00,2.00,1,1.00,0.00,91481.00,2.00,1,2.00,2.00,0.00,0.00,,912,15,81.48,81.48,90.48,90.48,80.77,80.77,81.82,81.82,75.00,75.00
Lithuania,LTU,20200410,3.00,1,3.00,1,2.00,1,4.00,1,1.00,1,1.00,1,2.00,1,4.00,2.00,1,1.00,0.00,0.00,2.00,1,2.00,2.00,0.00,0.00,,955,15,87.04,87.04,95.24,95.24,84.62,84.62,86.36,86.36,75.00,75.00
Lithuania,LTU,20200411,3.00,1,3.00,1,2.00,1,4.00,1,1.00,1,1.00,1,2.00,1,4.00,2.00,1,1.00,0.00,0.00,2.00,1,2.00,2.00,0.00,0.00,,999,17,87.04,87.04,95.24,95.24,84.62,84.62,86.36,86.36,75.00,75.00
Lithuania,LTU,20200412,3.00,1,3.00,1,2.00,1,4.00,1,1.00,1,1.00,1,2.00,1,4.00,2.00,1,1.00,0.00,0.00,2.00,1,2.00,2.00,0.00,0.00,,1053,23,87.04,87.04,95.24,95.24,84.62,84.62,86.36,86.36,75.00,75.00
Lithuania,LTU,20200413,3.00,1,3.00,1,2.00,1,4.00,1,1.00,1,1.00,1,2.00,1,4.00,2.00,1,1.00,0.00,0.00,2.00,1,2.00,2.00,0.00,0.00,,1062,24,87.04,87.04,95.24,95.24,84.62,84.62,86.36,86.36,75.00,75.00
Lithuania,LTU,20200414,3.00,1,3.00,1,2.00,1,4.00,1,1.00,1,1.00,1,1.00,1,4.00,2.00,1,1.00,0.00,0.00,2.00,1,2.00,2.00,0.00,0.00,,1070,24,81.48,81.48,90.48,90.48,80.77,80.77,81.82,81.82,75.00,75.00
Lithuania,LTU,20200415,3.00,1,3.00,1,2.00,1,4.00,1,1.00,1,1.00,1,1.00,1,4.00,2.00,1,1.00,0.00,0.00,2.00,1,2.00,2.00,0.00,0.00,,1070,24,81.48,81.48,90.48,90.48,80.77,80.77,81.82,81.82,75.00,75.00
Lithuania,LTU,20200416,3.00,1,3.00,1,2.00,1,4.00,1,1.00,1,1.00,1,1.00,1,4.00,2.00,1,1.00,0.00,0.00,2.00,1,2.00,2.00,0.00,0.00,,1091,29,81.48,81.48,90.48,90.48,80.77,80.77,81.82,81.82,75.00,75.00
Lithuania,LTU,20200417,3.00,1,3.00,1,2.00,1,4.00,1,1.00,1,1.00,1,1.00,1,4.00,2.00,1,1.00,0.00,0.00,2.00,1,2.00,2.00,0.00,0.00,,1149,32,81.48,81.48,90.48,90.48,80.77,80.77,81.82,81.82,75.00,75.00
Lithuania,LTU,20200418,3.00,1,3.00,1,2.00,1,4.00,1,1.00,1,1.00,1,1.00,1,4.00,2.00,1,1.00,0.00,0.00,2.00,1,2.00,2.00,0.00,0.00,,1239,33,81.48,81.48,90.48,90.48,80.77,80.77,81.82,81.82,75.00,75.00
Lithuania,LTU,20200419,3.00,1,3.00,1,2.00,1,4.00,1,1.00,1,1.00,1,1.00,1,4.00,2.00,1,1.00,0.00,0.00,2.00,1,2.00,2.00,0.00,0.00,,1298,33,81.48,81.48,90.48,90.48,80.77,80.77,81.82,81.82,75.00,75.00
Lithuania,LTU,20200420,3.00,1,3.00,1,2.00,1,4.00,1,1.00,1,1.00,1,1.00,1,4.00,2.00,1,1.00,0.00,0.00,2.00,1,2.00,2.00,0.00,0.00,,1326,36,81.48,81.48,90.48,90.48,80.77,80.77,81.82,81.82,75.00,75.00
Lithuania,LTU,20200421,3.00,1,3.00,1,2.00,1,4.00,1,1.00,1,1.00,1,1.00,1,4.00,2.00,1,1.00,0.00,0.00,2.00,1,2.00,2.00,0.00,0.00,,1350,37,81.48,81.48,90.48,90.48,80.77,80.77,81.82,81.82,75.00,75.00
Lithuania,LTU,20200422,3.00,1,3.00,1,2.00,1,4.00,1,1.00,1,1.00,1,1.00,1,4.00,2.00,1,1.00,0.00,0.00,2.00,1,2.00,2.00,0.00,0.00,,1370,38,81.48,81.48,90.48,90.48,80.77,80.77,81.82,81.82,75.00,75.00
Lithuania,LTU,20200423,3.00,1,3.00,1,2.00,1,4.00,1,1.00,1,1.00,1,1.00,1,4.00,2.00,1,1.00,0.00,0.00,2.00,1,2.00,2.00,0.00,0.00,,1398,38,81.48,81.48,90.48,90.48,80.77,80.77,81.82,81.82,75.00,75.00
Lithuania,LTU,20200424,3.00,1,3.00,1,2.00,1,4.00,1,1.00,1,1.00,1,1.00,1,4.00,2.00,1,1.00,0.00,0.00,2.00,1,2.00,2.00,0.00,0.00,,1410,40,81.48,81.48,90.48,90.48,80.77,80.77,81.82,81.82,75.00,75.00
Lithuania,LTU,20200425,3.00,1,3.00,1,2.00,1,4.00,1,1.00,1,1.00,1,1.00,1,4.00,2.00,1,1.00,0.00,0.00,2.00,1,2.00,2.00,0.00,0.00,,1410,40,81.48,81.48,90.48,90.48,80.77,80.77,81.82,81.82,75.00,75.00
Lithuania,LTU,20200426,3.00,1,3.00,1,2.00,1,4.00,1,1.00,1,1.00,1,1.00,1,4.00,2.00,1,1.00,0.00,0.00,2.00,1,2.00,2.00,0.00,0.00,,1426,41,81.48,81.48,90.48,90.48,80.77,80.77,81.82,81.82,75.00,75.00
Lithuania,LTU,20200427,3.00,1,2.00,1,2.00,1,4.00,1,1.00,1,1.00,1,1.00,1,4.00,2.00,1,1.00,0.00,0.00,2.00,1,2.00,2.00,0.00,0.00,,1438,41,77.78,77.78,86.90,86.90,78.21,78.21,78.79,78.79,75.00,75.00
Lithuania,LTU,20200428,3.00,1,2.00,1,2.00,1,4.00,1,1.00,1,1.00,1,1.00,1,4.00,2.00,1,1.00,0.00,0.00,2.00,1,2.00,2.00,0.00,0.00,,1449,41,77.78,77.78,86.90,86.90,78.21,78.21,78.79,78.79,75.00,75.00
Lithuania,LTU,20200429,3.00,1,2.00,1,2.00,1,4.00,1,1.00,1,1.00,1,1.00,1,4.00,2.00,1,1.00,0.00,0.00,2.00,1,2.00,2.00,0.00,0.00,,1344,44,77.78,77.78,86.90,86.90,78.21,78.21,78.79,78.79,75.00,75.00
Lithuania,LTU,20200430,3.00,1,2.00,1,2.00,1,4.00,1,1.00,1,1.00,1,1.00,1,4.00,2.00,1,1.00,0.00,0.00,2.00,1,2.00,2.00,0.00,0.00,,1375,45,77.78,77.78,86.90,86.90,78.21,78.21,78.79,78.79,75.00,75.00
Lithuania,LTU,20200501,3.00,1,2.00,1,2.00,1,4.00,1,1.00,1,1.00,1,1.00,1,4.00,2.00,1,1.00,0.00,0.00,2.00,1,2.00,2.00,0.00,0.00,,1385,45,77.78,77.78,86.90,86.90,78.21,78.21,78.79,78.79,75.00,75.00
Lithuania,LTU,20200502,3.00,1,2.00,1,2.00,1,4.00,1,1.00,1,1.00,1,1.00,1,4.00,2.00,1,1.00,0.00,0.00,2.00,1,2.00,2.00,0.00,0.00,,1399,45,77.78,77.78,86.90,86.90,78.21,78.21,78.79,78.79,75.00,75.00
Lithuania,LTU,20200503,3.00,1,2.00,1,2.00,1,4.00,1,1.00,1,1.00,1,1.00,1,4.00,2.00,1,1.00,0.00,0.00,2.00,1,2.00,2.00,0.00,0.00,,1406,46,77.78,77.78,86.90,86.90,78.21,78.21,78.79,78.79,75.00,75.00
Lithuania,LTU,20200504,3.00,1,2.00,1,2.00,1,4.00,1,1.00,1,1.00,1,1.00,1,4.00,2.00,1,1.00,0.00,0.00,2.00,1,2.00,2.00,0.00,0.00,,1410,46,77.78,77.78,86.90,86.90,78.21,78.21,78.79,78.79,75.00,75.00
Lithuania,LTU,20200505,3.00,1,2.00,1,2.00,1,4.00,1,1.00,1,1.00,1,1.00,1,4.00,2.00,1,1.00,0.00,0.00,2.00,1,2.00,2.00,0.00,0.00,,1419,46,77.78,77.78,86.90,86.90,78.21,78.21,78.79,78.79,75.00,75.00
Lithuania,LTU,20200506,3.00,1,2.00,1,2.00,1,4.00,1,1.00,1,1.00,1,1.00,1,4.00,2.00,1,1.00,0.00,0.00,2.00,1,2.00,2.00,0.00,0.00,,1423,46,77.78,77.78,86.90,86.90,78.21,78.21,78.79,78.79,75.00,75.00
Lithuania,LTU,20200507,3.00,1,2.00,1,2.00,1,4.00,1,1.00,1,1.00,1,1.00,1,4.00,2.00,1,1.00,0.00,0.00,2.00,1,2.00,2.00,0.00,0.00,,1428,48,77.78,77.78,86.90,86.90,78.21,78.21,78.79,78.79,75.00,75.00
Lithuania,LTU,20200508,3.00,1,2.00,1,2.00,1,4.00,1,1.00,1,1.00,1,1.00,1,4.00,2.00,1,1.00,0.00,0.00,2.00,1,2.00,2.00,0.00,0.00,,1433,49,77.78,77.78,86.90,86.90,78.21,78.21,78.79,78.79,75.00,75.00
Lithuania,LTU,20200509,3.00,1,2.00,1,2.00,1,4.00,1,1.00,1,1.00,1,1.00,1,4.00,2.00,1,1.00,0.00,0.00,2.00,1,2.00,2.00,0.00,0.00,,1436,49,77.78,77.78,86.90,86.90,78.21,78.21,78.79,78.79,75.00,75.00
Lithuania,LTU,20200510,3.00,1,2.00,1,2.00,1,4.00,1,1.00,1,1.00,1,1.00,1,4.00,2.00,1,1.00,0.00,0.00,2.00,1,2.00,2.00,0.00,0.00,,1444,50,77.78,77.78,86.90,86.90,78.21,78.21,78.79,78.79,75.00,75.00
Lithuania,LTU,20200511,3.00,1,2.00,1,2.00,1,4.00,1,1.00,1,1.00,1,1.00,1,3.00,2.00,1,1.00,0.00,0.00,2.00,1,2.00,2.00,0.00,0.00,,1479,50,75.00,75.00,83.33,83.33,76.28,76.28,76.52,76.52,75.00,75.00
Lithuania,LTU,20200512,3.00,1,2.00,1,2.00,1,4.00,1,1.00,1,1.00,1,1.00,1,3.00,2.00,1,1.00,0.00,0.00,2.00,1,2.00,2.00,0.00,0.00,,1485,50,75.00,75.00,83.33,83.33,76.28,76.28,76.52,76.52,75.00,75.00
Lithuania,LTU,20200513,3.00,1,2.00,1,2.00,1,4.00,1,1.00,1,1.00,1,1.00,1,3.00,2.00,1,1.00,0.00,0.00,2.00,1,2.00,2.00,0.00,0.00,,1491,50,75.00,75.00,83.33,83.33,76.28,76.28,76.52,76.52,75.00,75.00
Lithuania,LTU,20200514,3.00,1,2.00,1,2.00,1,4.00,1,1.00,1,1.00,1,1.00,1,3.00,2.00,1,1.00,0.00,0.00,2.00,1,2.00,2.00,0.00,0.00,,1505,54,75.00,75.00,83.33,83.33,76.28,76.28,76.52,76.52,75.00,75.00
Lithuania,LTU,20200515,3.00,1,2.00,1,2.00,1,4.00,1,1.00,1,1.00,1,1.00,1,3.00,2.00,1,1.00,0.00,0.00,2.00,1,2.00,2.00,0.00,0.00,,1511,54,75.00,75.00,83.33,83.33,76.28,76.28,76.52,76.52,75.00,75.00
Lithuania,LTU,20200516,3.00,1,2.00,1,2.00,1,4.00,1,1.00,1,1.00,1,1.00,1,3.00,2.00,1,1.00,0.00,0.00,2.00,1,2.00,2.00,0.00,0.00,,1523,54,75.00,75.00,83.33,83.33,76.28,76.28,76.52,76.52,75.00,75.00
Lithuania,LTU,20200517,3.00,1,2.00,1,2.00,1,4.00,1,1.00,1,1.00,1,1.00,1,3.00,2.00,1,1.00,0.00,0.00,2.00,1,2.00,2.00,0.00,0.00,,1534,55,75.00,75.00,83.33,83.33,76.28,76.28,76.52,76.52,75.00,75.00
Lithuania,LTU,20200518,2.00,1,2.00,1,2.00,1,4.00,1,1.00,1,1.00,1,1.00,1,3.00,2.00,1,1.00,0.00,0.00,2.00,1,2.00,2.00,0.00,0.00,,1541,56,71.30,71.30,79.76,79.76,73.72,73.72,73.48,73.48,75.00,75.00
Lithuania,LTU,20200519,2.00,1,2.00,1,2.00,1,4.00,1,1.00,1,1.00,1,1.00,1,3.00,2.00,1,1.00,0.00,0.00,2.00,1,2.00,2.00,0.00,0.00,,1547,59,71.30,71.30,79.76,79.76,73.72,73.72,73.48,73.48,75.00,75.00
Lithuania,LTU,20200520,2.00,1,2.00,1,2.00,1,4.00,1,1.00,1,1.00,1,1.00,1,3.00,2.00,1,1.00,0.00,91082.00,2.00,1,2.00,2.00,0.00,0.00,,1562,60,71.30,71.30,79.76,79.76,73.72,73.72,73.48,73.48,75.00,75.00
Lithuania,LTU,20200521,2.00,1,2.00,1,2.00,1,4.00,1,1.00,1,1.00,1,1.00,1,3.00,2.00,1,1.00,0.00,0.00,2.00,1,2.00,2.00,0.00,0.00,,1577,60,71.30,71.30,79.76,79.76,73.72,73.72,73.48,73.48,75.00,75.00
Lithuania,LTU,20200522,2.00,1,2.00,1,2.00,1,4.00,1,1.00,1,1.00,1,1.00,1,3.00,2.00,1,1.00,0.00,0.00,2.00,1,2.00,2.00,0.00,0.00,,1594,61,71.30,71.30,79.76,79.76,73.72,73.72,73.48,73.48,75.00,75.00
Lithuania,LTU,20200523,2.00,1,2.00,1,2.00,1,4.00,1,1.00,1,1.00,1,1.00,1,3.00,2.00,1,1.00,0.00,0.00,2.00,1,2.00,2.00,0.00,0.00,,1604,61,71.30,71.30,79.76,79.76,73.72,73.72,73.48,73.48,75.00,75.00
Lithuania,LTU,20200524,2.00,1,2.00,1,2.00,1,4.00,1,1.00,1,1.00,1,1.00,1,3.00,2.00,1,1.00,0.00,0.00,2.00,1,2.00,2.00,0.00,0.00,,1616,63,71.30,71.30,79.76,79.76,73.72,73.72,73.48,73.48,75.00,75.00
Lithuania,LTU,20200525,2.00,1,2.00,1,2.00,1,4.00,1,1.00,1,1.00,1,1.00,1,3.00,2.00,1,1.00,0.00,0.00,2.00,1,2.00,2.00,0.00,0.00,,1623,63,71.30,71.30,79.76,79.76,73.72,73.72,73.48,73.48,75.00,75.00
Lithuania,LTU,20200526,2.00,1,2.00,1,2.00,1,4.00,1,1.00,1,1.00,1,1.00,1,3.00,2.00,1,1.00,0.00,0.00,2.00,1,2.00,2.00,0.00,0.00,,1635,63,71.30,71.30,79.76,79.76,73.72,73.72,73.48,73.48,75.00,75.00
Lithuania,LTU,20200527,2.00,1,2.00,1,2.00,1,4.00,1,1.00,1,1.00,1,1.00,1,3.00,2.00,1,1.00,0.00,0.00,2.00,1,2.00,2.00,0.00,0.00,,1639,65,71.30,71.30,79.76,79.76,73.72,73.72,73.48,73.48,75.00,75.00
Lithuania,LTU,20200528,2.00,1,2.00,1,2.00,1,4.00,1,1.00,1,1.00,1,1.00,1,3.00,2.00,1,1.00,0.00,0.00,2.00,1,2.00,2.00,0.00,0.00,,1647,66,71.30,71.30,79.76,79.76,73.72,73.72,73.48,73.48,75.00,75.00
Lithuania,LTU,20200529,2.00,1,2.00,1,2.00,1,4.00,1,1.00,1,1.00,1,1.00,1,3.00,2.00,1,1.00,0.00,0.00,2.00,1,2.00,2.00,0.00,0.00,,1656,68,71.30,71.30,79.76,79.76,73.72,73.72,73.48,73.48,75.00,75.00
Lithuania,LTU,20200530,2.00,1,2.00,1,2.00,1,4.00,1,1.00,1,1.00,1,1.00,1,3.00,2.00,1,1.00,0.00,0.00,2.00,1,2.00,2.00,0.00,0.00,,1662,68,71.30,71.30,79.76,79.76,73.72,73.72,73.48,73.48,75.00,75.00
Lithuania,LTU,20200531,2.00,1,2.00,1,2.00,1,4.00,1,1.00,1,1.00,1,1.00,1,3.00,2.00,1,1.00,0.00,0.00,2.00,1,2.00,2.00,0.00,0.00,,1670,70,71.30,71.30,79.76,79.76,73.72,73.72,73.48,73.48,75.00,75.00
Lithuania,LTU,20200601,2.00,1,2.00,1,1.00,1,2.00,1,1.00,1,1.00,1,1.00,1,3.00,2.00,1,1.00,0.00,0.00,2.00,1,2.00,2.00,0.00,0.00,,1675,70,60.19,60.19,75.00,75.00,66.03,66.03,64.39,64.39,75.00,75.00
Lithuania,LTU,20200602,2.00,1,2.00,1,1.00,1,2.00,1,1.00,1,1.00,1,1.00,1,3.00,2.00,1,1.00,0.00,0.00,2.00,1,2.00,2.00,0.00,0.00,,1678,70,60.19,60.19,75.00,75.00,66.03,66.03,64.39,64.39,75.00,75.00
Lithuania,LTU,20200603,2.00,1,2.00,1,1.00,1,2.00,1,1.00,1,1.00,1,1.00,1,3.00,2.00,1,1.00,0.00,56682.50,2.00,1,2.00,2.00,0.00,0.00,,1682,71,60.19,60.19,75.00,75.00,66.03,66.03,64.39,64.39,75.00,75.00
Lithuania,LTU,20200604,2.00,1,2.00,1,1.00,1,2.00,1,1.00,1,1.00,1,1.00,1,3.00,2.00,1,1.00,0.00,,2.00,1,2.00,2.00,0.00,0.00,,1684,71,60.19,60.19,75.00,75.00,66.03,66.03,64.39,64.39,75.00,75.00
Lithuania,LTU,20200605,2.00,1,2.00,1,1.00,1,2.00,1,1.00,1,1.00,1,1.00,1,3.00,2.00,1,1.00,0.00,0.00,2.00,1,2.00,2.00,0.00,0.00,,1687,71,60.19,60.19,75.00,75.00,66.03,66.03,64.39,64.39,75.00,75.00
Lithuania,LTU,20200606,2.00,1,2.00,1,1.00,1,2.00,1,1.00,1,1.00,1,1.00,1,3.00,2.00,1,1.00,0.00,0.00,2.00,1,2.00,2.00,0.00,0.00,,1694,71,60.19,60.19,75.00,75.00,66.03,66.03,64.39,64.39,75.00,75.00
Lithuania,LTU,20200607,2.00,1,2.00,1,1.00,1,2.00,1,1.00,1,1.00,1,1.00,1,3.00,2.00,1,1.00,0.00,0.00,2.00,1,2.00,2.00,0.00,0.00,,1705,71,60.19,60.19,75.00,75.00,66.03,66.03,64.39,64.39,75.00,75.00
Lithuania,LTU,20200608,2.00,1,2.00,1,1.00,1,2.00,1,1.00,1,1.00,1,1.00,1,3.00,2.00,1,1.00,0.00,0.00,2.00,1,2.00,2.00,0.00,0.00,,1714,71,60.19,60.19,75.00,75.00,66.03,66.03,64.39,64.39,75.00,75.00
Lithuania,LTU,20200609,2.00,1,2.00,1,1.00,1,2.00,1,1.00,1,1.00,1,1.00,1,3.00,2.00,1,1.00,0.00,0.00,2.00,1,2.00,2.00,0.00,0.00,,1720,71,60.19,60.19,75.00,75.00,66.03,66.03,64.39,64.39,75.00,75.00
Lithuania,LTU,20200610,2.00,1,2.00,1,1.00,1,2.00,1,1.00,1,1.00,1,1.00,1,3.00,2.00,1,1.00,2476881000.00,0.00,2.00,1,2.00,2.00,0.00,0.00,,1727,72,60.19,60.19,75.00,75.00,66.03,66.03,64.39,64.39,75.00,75.00
Lithuania,LTU,20200611,2.00,1,2.00,1,1.00,1,2.00,1,1.00,1,1.00,1,1.00,1,3.00,2.00,1,1.00,0.00,0.00,2.00,1,2.00,2.00,0.00,0.00,,1733,74,60.19,60.19,75.00,75.00,66.03,66.03,64.39,64.39,75.00,75.00
Lithuania,LTU,20200612,2.00,1,2.00,1,1.00,1,2.00,1,1.00,1,1.00,1,1.00,1,3.00,2.00,1,1.00,0.00,0.00,2.00,1,2.00,2.00,0.00,0.00,,1752,74,60.19,60.19,75.00,75.00,66.03,66.03,64.39,64.39,75.00,75.00
Lithuania,LTU,20200613,2.00,1,2.00,1,1.00,1,2.00,1,1.00,1,1.00,1,1.00,1,3.00,2.00,1,1.00,0.00,0.00,2.00,1,2.00,2.00,0.00,0.00,,1756,74,60.19,60.19,75.00,75.00,66.03,66.03,64.39,64.39,75.00,75.00
Lithuania,LTU,20200614,2.00,1,2.00,1,1.00,1,2.00,1,1.00,1,1.00,1,1.00,1,3.00,2.00,1,1.00,0.00,0.00,2.00,1,2.00,2.00,0.00,0.00,,1763,75,60.19,60.19,75.00,75.00,66.03,66.03,64.39,64.39,75.00,75.00
Lithuania,LTU,20200615,2.00,1,2.00,1,1.00,1,2.00,1,1.00,1,1.00,1,1.00,1,3.00,2.00,1,1.00,0.00,0.00,2.00,1,2.00,2.00,0.00,0.00,,1768,75,60.19,60.19,75.00,75.00,66.03,66.03,64.39,64.39,75.00,75.00
Lithuania,LTU,20200616,,,,,,,,,,,,,,,,,,,,,,,,,,,,1773,76,,,,,,,,,,
Lithuania,LTU,20200617,,,,,,,,,,,,,,,,,,,,,,,,,,,,1776,76,,60.19,,75.00,,66.03,,64.39,,75.00
Lithuania,LTU,20200618,,,,,,,,,,,,,,,,,,,,,,,,,,,,1778,76,,60.19,,75.00,,66.03,,64.39,,75.00
Lithuania,LTU,20200619,,,,,,,,,,,,,,,,,,,,,,,,,,,,1784,76,,60.19,,75.00,,66.03,,64.39,,75.00
Lithuania,LTU,20200620,,,,,,,,,,,,,,,,,,,,,,,,,,,,1792,76,,60.19,,75.00,,66.03,,64.39,,75.00
Lithuania,LTU,20200621,,,,,,,,,,,,,,,,,,,,,,,,,,,,1795,76,,60.19,,75.00,,66.03,,64.39,,75.00
Lithuania,LTU,20200622,,,,,,,,,,,,,,,,,,,,,,,,,,,,1798,76,,60.19,,75.00,,66.03,,64.39,,75.00
Lithuania,LTU,20200623,,,,,,,,,,,,,,,,,,,,,,,,,,,,1801,76,,60.19,,75.00,,66.03,,64.39,,75.00
