Luxembourg,LUX,20200101,0.00,,0.00,,0.00,,0.00,,0.00,,0.00,,0.00,,0.00,0.00,,0.00,0.00,0.00,0.00,,0.00,0.00,0.00,0.00,,0,0,0.00,0.00,0.00,0.00,0.00,0.00,0.00,0.00,0.00,0.00
Luxembourg,LUX,20200102,0.00,,0.00,,0.00,,0.00,,0.00,,0.00,,0.00,,0.00,0.00,,0.00,0.00,0.00,0.00,,0.00,0.00,0.00,0.00,,0,0,0.00,0.00,0.00,0.00,0.00,0.00,0.00,0.00,0.00,0.00
Luxembourg,LUX,20200103,0.00,,0.00,,0.00,,0.00,,0.00,,0.00,,0.00,,0.00,0.00,,0.00,0.00,0.00,0.00,,0.00,0.00,0.00,0.00,,0,0,0.00,0.00,0.00,0.00,0.00,0.00,0.00,0.00,0.00,0.00
Luxembourg,LUX,20200104,0.00,,0.00,,0.00,,0.00,,0.00,,0.00,,0.00,,0.00,0.00,,0.00,0.00,0.00,0.00,,0.00,0.00,0.00,0.00,,0,0,0.00,0.00,0.00,0.00,0.00,0.00,0.00,0.00,0.00,0.00
Luxembourg,LUX,20200105,0.00,,0.00,,0.00,,0.00,,0.00,,0.00,,0.00,,0.00,0.00,,0.00,0.00,0.00,0.00,,0.00,0.00,0.00,0.00,,0,0,0.00,0.00,0.00,0.00,0.00,0.00,0.00,0.00,0.00,0.00
Luxembourg,LUX,20200106,0.00,,0.00,,0.00,,0.00,,0.00,,0.00,,0.00,,0.00,0.00,,0.00,0.00,0.00,0.00,,0.00,0.00,0.00,0.00,,0,0,0.00,0.00,0.00,0.00,0.00,0.00,0.00,0.00,0.00,0.00
Luxembourg,LUX,20200107,0.00,,0.00,,0.00,,0.00,,0.00,,0.00,,0.00,,0.00,0.00,,0.00,0.00,0.00,0.00,,0.00,0.00,0.00,0.00,,0,0,0.00,0.00,0.00,0.00,0.00,0.00,0.00,0.00,0.00,0.00
Luxembourg,LUX,20200108,0.00,,0.00,,0.00,,0.00,,0.00,,0.00,,0.00,,0.00,0.00,,0.00,0.00,0.00,0.00,,0.00,0.00,0.00,0.00,,0,0,0.00,0.00,0.00,0.00,0.00,0.00,0.00,0.00,0.00,0.00
Luxembourg,LUX,20200109,0.00,,0.00,,0.00,,0.00,,0.00,,0.00,,0.00,,0.00,0.00,,0.00,0.00,0.00,0.00,,0.00,0.00,0.00,0.00,,0,0,0.00,0.00,0.00,0.00,0.00,0.00,0.00,0.00,0.00,0.00
Luxembourg,LUX,20200110,0.00,,0.00,,0.00,,0.00,,0.00,,0.00,,0.00,,0.00,0.00,,0.00,0.00,0.00,0.00,,0.00,0.00,0.00,0.00,,0,0,0.00,0.00,0.00,0.00,0.00,0.00,0.00,0.00,0.00,0.00
Luxembourg,LUX,20200111,0.00,,0.00,,0.00,,0.00,,0.00,,0.00,,0.00,,0.00,0.00,,0.00,0.00,0.00,0.00,,0.00,0.00,0.00,0.00,,0,0,0.00,0.00,0.00,0.00,0.00,0.00,0.00,0.00,0.00,0.00
Luxembourg,LUX,20200112,0.00,,0.00,,0.00,,0.00,,0.00,,0.00,,0.00,,0.00,0.00,,0.00,0.00,0.00,0.00,,0.00,0.00,0.00,0.00,,0,0,0.00,0.00,0.00,0.00,0.00,0.00,0.00,0.00,0.00,0.00
Luxembourg,LUX,20200113,0.00,,0.00,,0.00,,0.00,,0.00,,0.00,,0.00,,0.00,0.00,,0.00,0.00,0.00,0.00,,0.00,0.00,0.00,0.00,,0,0,0.00,0.00,0.00,0.00,0.00,0.00,0.00,0.00,0.00,0.00
Luxembourg,LUX,20200114,0.00,,0.00,,0.00,,0.00,,0.00,,0.00,,0.00,,0.00,0.00,,0.00,0.00,0.00,0.00,,0.00,0.00,0.00,0.00,,0,0,0.00,0.00,0.00,0.00,0.00,0.00,0.00,0.00,0.00,0.00
Luxembourg,LUX,20200115,0.00,,0.00,,0.00,,0.00,,0.00,,0.00,,0.00,,0.00,0.00,,0.00,0.00,0.00,0.00,,0.00,0.00,0.00,0.00,,0,0,0.00,0.00,0.00,0.00,0.00,0.00,0.00,0.00,0.00,0.00
Luxembourg,LUX,20200116,0.00,,0.00,,0.00,,0.00,,0.00,,0.00,,0.00,,0.00,0.00,,0.00,0.00,0.00,0.00,,0.00,0.00,0.00,0.00,,0,0,0.00,0.00,0.00,0.00,0.00,0.00,0.00,0.00,0.00,0.00
Luxembourg,LUX,20200117,0.00,,0.00,,0.00,,0.00,,0.00,,0.00,,0.00,,0.00,0.00,,0.00,0.00,0.00,0.00,,0.00,0.00,0.00,0.00,,0,0,0.00,0.00,0.00,0.00,0.00,0.00,0.00,0.00,0.00,0.00
Luxembourg,LUX,20200118,0.00,,0.00,,0.00,,0.00,,0.00,,0.00,,0.00,,0.00,0.00,,0.00,0.00,0.00,0.00,,0.00,0.00,0.00,0.00,,0,0,0.00,0.00,0.00,0.00,0.00,0.00,0.00,0.00,0.00,0.00
Luxembourg,LUX,20200119,0.00,,0.00,,0.00,,0.00,,0.00,,0.00,,0.00,,0.00,0.00,,0.00,0.00,0.00,0.00,,0.00,0.00,0.00,0.00,,0,0,0.00,0.00,0.00,0.00,0.00,0.00,0.00,0.00,0.00,0.00
Luxembourg,LUX,20200120,0.00,,0.00,,0.00,,0.00,,0.00,,0.00,,0.00,,0.00,0.00,,0.00,0.00,0.00,0.00,,0.00,0.00,0.00,0.00,,0,0,0.00,0.00,0.00,0.00,0.00,0.00,0.00,0.00,0.00,0.00
Luxembourg,LUX,20200121,0.00,,0.00,,0.00,,0.00,,0.00,,0.00,,0.00,,0.00,0.00,,0.00,0.00,0.00,0.00,,0.00,0.00,0.00,0.00,,0,0,0.00,0.00,0.00,0.00,0.00,0.00,0.00,0.00,0.00,0.00
Luxembourg,LUX,20200122,0.00,,0.00,,0.00,,0.00,,0.00,,0.00,,0.00,,0.00,0.00,,0.00,0.00,0.00,0.00,,0.00,0.00,0.00,0.00,,0,0,0.00,0.00,0.00,0.00,0.00,0.00,0.00,0.00,0.00,0.00
Luxembourg,LUX,20200123,0.00,,0.00,,0.00,,0.00,,0.00,,0.00,,0.00,,0.00,0.00,,0.00,0.00,0.00,0.00,,0.00,0.00,0.00,0.00,,0,0,0.00,0.00,0.00,0.00,0.00,0.00,0.00,0.00,0.00,0.00
Luxembourg,LUX,20200124,0.00,,0.00,,0.00,,0.00,,0.00,,0.00,,0.00,,0.00,0.00,,0.00,0.00,0.00,0.00,,0.00,0.00,0.00,0.00,,0,0,0.00,0.00,0.00,0.00,0.00,0.00,0.00,0.00,0.00,0.00
Luxembourg,LUX,20200125,0.00,,0.00,,0.00,,0.00,,0.00,,0.00,,0.00,,0.00,0.00,,0.00,0.00,0.00,0.00,,0.00,0.00,0.00,0.00,,0,0,0.00,0.00,0.00,0.00,0.00,0.00,0.00,0.00,0.00,0.00
Luxembourg,LUX,20200126,0.00,,0.00,,0.00,,0.00,,0.00,,0.00,,0.00,,0.00,0.00,,0.00,0.00,0.00,0.00,,0.00,0.00,0.00,0.00,,0,0,0.00,0.00,0.00,0.00,0.00,0.00,0.00,0.00,0.00,0.00
Luxembourg,LUX,20200127,0.00,,0.00,,0.00,,0.00,,0.00,,0.00,,0.00,,0.00,0.00,,0.00,0.00,0.00,0.00,,0.00,0.00,0.00,0.00,,0,0,0.00,0.00,0.00,0.00,0.00,0.00,0.00,0.00,0.00,0.00
Luxembourg,LUX,20200128,0.00,,0.00,,0.00,,0.00,,0.00,,0.00,,0.00,,0.00,0.00,,0.00,0.00,0.00,0.00,,0.00,0.00,0.00,0.00,,0,0,0.00,0.00,0.00,0.00,0.00,0.00,0.00,0.00,0.00,0.00
Luxembourg,LUX,20200129,0.00,,0.00,,0.00,,0.00,,0.00,,0.00,,0.00,,0.00,0.00,,0.00,0.00,0.00,0.00,,0.00,0.00,0.00,0.00,,0,0,0.00,0.00,0.00,0.00,0.00,0.00,0.00,0.00,0.00,0.00
Luxembourg,LUX,20200130,0.00,,0.00,,0.00,,0.00,,0.00,,0.00,,0.00,,0.00,0.00,,0.00,0.00,0.00,0.00,,0.00,0.00,0.00,0.00,,0,0,0.00,0.00,0.00,0.00,0.00,0.00,0.00,0.00,0.00,0.00
Luxembourg,LUX,20200131,0.00,,0.00,,0.00,,0.00,,0.00,,0.00,,0.00,,0.00,0.00,,0.00,0.00,0.00,0.00,,0.00,0.00,0.00,0.00,,0,0,0.00,0.00,0.00,0.00,0.00,0.00,0.00,0.00,0.00,0.00
Luxembourg,LUX,20200201,0.00,,0.00,,0.00,,0.00,,0.00,,0.00,,0.00,,0.00,0.00,,0.00,0.00,0.00,0.00,,0.00,0.00,0.00,0.00,,0,0,0.00,0.00,0.00,0.00,0.00,0.00,0.00,0.00,0.00,0.00
Luxembourg,LUX,20200202,0.00,,0.00,,0.00,,0.00,,0.00,,0.00,,0.00,,0.00,0.00,,0.00,0.00,0.00,0.00,,0.00,0.00,0.00,0.00,,0,0,0.00,0.00,0.00,0.00,0.00,0.00,0.00,0.00,0.00,0.00
Luxembourg,LUX,20200203,0.00,,0.00,,0.00,,0.00,,0.00,,0.00,,0.00,,0.00,0.00,,0.00,0.00,0.00,0.00,,0.00,0.00,0.00,0.00,,0,0,0.00,0.00,0.00,0.00,0.00,0.00,0.00,0.00,0.00,0.00
Luxembourg,LUX,20200204,0.00,,0.00,,0.00,,0.00,,0.00,,0.00,,0.00,,0.00,0.00,,0.00,0.00,0.00,0.00,,0.00,0.00,0.00,0.00,,0,0,0.00,0.00,0.00,0.00,0.00,0.00,0.00,0.00,0.00,0.00
Luxembourg,LUX,20200205,0.00,,0.00,,0.00,,0.00,,0.00,,0.00,,0.00,,0.00,0.00,,0.00,0.00,0.00,0.00,,0.00,0.00,0.00,0.00,,0,0,0.00,0.00,0.00,0.00,0.00,0.00,0.00,0.00,0.00,0.00
Luxembourg,LUX,20200206,0.00,,0.00,,0.00,,0.00,,0.00,,0.00,,0.00,,0.00,0.00,,0.00,0.00,0.00,0.00,,0.00,0.00,0.00,0.00,,0,0,0.00,0.00,0.00,0.00,0.00,0.00,0.00,0.00,0.00,0.00
Luxembourg,LUX,20200207,0.00,,0.00,,0.00,,0.00,,0.00,,0.00,,0.00,,0.00,0.00,,0.00,0.00,0.00,0.00,,0.00,0.00,0.00,0.00,,0,0,0.00,0.00,0.00,0.00,0.00,0.00,0.00,0.00,0.00,0.00
Luxembourg,LUX,20200208,0.00,,0.00,,0.00,,0.00,,0.00,,0.00,,0.00,,0.00,0.00,,0.00,0.00,0.00,0.00,,0.00,0.00,0.00,0.00,,0,0,0.00,0.00,0.00,0.00,0.00,0.00,0.00,0.00,0.00,0.00
Luxembourg,LUX,20200209,0.00,,0.00,,0.00,,0.00,,0.00,,0.00,,0.00,,0.00,0.00,,0.00,0.00,0.00,0.00,,0.00,0.00,0.00,0.00,,0,0,0.00,0.00,0.00,0.00,0.00,0.00,0.00,0.00,0.00,0.00
Luxembourg,LUX,20200210,0.00,,0.00,,0.00,,0.00,,0.00,,0.00,,0.00,,0.00,0.00,,0.00,0.00,0.00,0.00,,0.00,0.00,0.00,0.00,,0,0,0.00,0.00,0.00,0.00,0.00,0.00,0.00,0.00,0.00,0.00
Luxembourg,LUX,20200211,0.00,,0.00,,0.00,,0.00,,0.00,,0.00,,0.00,,0.00,0.00,,0.00,0.00,0.00,0.00,,0.00,0.00,0.00,0.00,,0,0,0.00,0.00,0.00,0.00,0.00,0.00,0.00,0.00,0.00,0.00
Luxembourg,LUX,20200212,0.00,,0.00,,0.00,,0.00,,0.00,,0.00,,0.00,,0.00,0.00,,0.00,0.00,0.00,0.00,,0.00,0.00,0.00,0.00,,0,0,0.00,0.00,0.00,0.00,0.00,0.00,0.00,0.00,0.00,0.00
Luxembourg,LUX,20200213,0.00,,0.00,,0.00,,0.00,,0.00,,0.00,,0.00,,0.00,0.00,,0.00,0.00,0.00,0.00,,0.00,0.00,0.00,0.00,,0,0,0.00,0.00,0.00,0.00,0.00,0.00,0.00,0.00,0.00,0.00
Luxembourg,LUX,20200214,0.00,,0.00,,0.00,,0.00,,0.00,,0.00,,0.00,,0.00,0.00,,0.00,0.00,0.00,0.00,,0.00,0.00,0.00,0.00,,0,0,0.00,0.00,0.00,0.00,0.00,0.00,0.00,0.00,0.00,0.00
Luxembourg,LUX,20200215,0.00,,0.00,,0.00,,0.00,,0.00,,0.00,,0.00,,0.00,0.00,,0.00,0.00,0.00,0.00,,0.00,0.00,0.00,0.00,,0,0,0.00,0.00,0.00,0.00,0.00,0.00,0.00,0.00,0.00,0.00
Luxembourg,LUX,20200216,0.00,,0.00,,0.00,,0.00,,0.00,,0.00,,0.00,,0.00,0.00,,0.00,0.00,0.00,0.00,,0.00,0.00,0.00,0.00,,0,0,0.00,0.00,0.00,0.00,0.00,0.00,0.00,0.00,0.00,0.00
Luxembourg,LUX,20200217,0.00,,0.00,,0.00,,0.00,,0.00,,0.00,,0.00,,0.00,0.00,,0.00,0.00,0.00,0.00,,0.00,0.00,0.00,0.00,,0,0,0.00,0.00,0.00,0.00,0.00,0.00,0.00,0.00,0.00,0.00
Luxembourg,LUX,20200218,0.00,,0.00,,0.00,,0.00,,0.00,,0.00,,0.00,,0.00,0.00,,0.00,0.00,0.00,0.00,,0.00,0.00,0.00,0.00,,0,0,0.00,0.00,0.00,0.00,0.00,0.00,0.00,0.00,0.00,0.00
Luxembourg,LUX,20200219,0.00,,0.00,,0.00,,0.00,,0.00,,0.00,,0.00,,0.00,0.00,,0.00,0.00,0.00,0.00,,0.00,0.00,0.00,0.00,,0,0,0.00,0.00,0.00,0.00,0.00,0.00,0.00,0.00,0.00,0.00
Luxembourg,LUX,20200220,0.00,,0.00,,0.00,,0.00,,0.00,,0.00,,0.00,,0.00,0.00,,0.00,0.00,0.00,0.00,,0.00,0.00,0.00,0.00,,0,0,0.00,0.00,0.00,0.00,0.00,0.00,0.00,0.00,0.00,0.00
Luxembourg,LUX,20200221,0.00,,0.00,,0.00,,0.00,,0.00,,0.00,,0.00,,0.00,0.00,,0.00,0.00,0.00,0.00,,0.00,0.00,0.00,0.00,,0,0,0.00,0.00,0.00,0.00,0.00,0.00,0.00,0.00,0.00,0.00
Luxembourg,LUX,20200222,0.00,,0.00,,0.00,,0.00,,0.00,,0.00,,0.00,,0.00,0.00,,0.00,0.00,0.00,0.00,,0.00,0.00,0.00,0.00,,0,0,0.00,0.00,0.00,0.00,0.00,0.00,0.00,0.00,0.00,0.00
Luxembourg,LUX,20200223,0.00,,0.00,,0.00,,0.00,,0.00,,0.00,,0.00,,0.00,0.00,,0.00,0.00,0.00,0.00,,0.00,0.00,0.00,0.00,,0,0,0.00,0.00,0.00,0.00,0.00,0.00,0.00,0.00,0.00,0.00
Luxembourg,LUX,20200224,0.00,,0.00,,0.00,,0.00,,0.00,,0.00,,0.00,,0.00,0.00,,0.00,0.00,0.00,0.00,,0.00,0.00,0.00,0.00,,0,0,0.00,0.00,0.00,0.00,0.00,0.00,0.00,0.00,0.00,0.00
Luxembourg,LUX,20200225,0.00,,0.00,,0.00,,0.00,,0.00,,0.00,,0.00,,0.00,0.00,,0.00,0.00,0.00,0.00,,0.00,0.00,0.00,0.00,,0,0,0.00,0.00,0.00,0.00,0.00,0.00,0.00,0.00,0.00,0.00
Luxembourg,LUX,20200226,0.00,,0.00,,0.00,,0.00,,0.00,,0.00,,0.00,,0.00,0.00,,0.00,0.00,0.00,0.00,,0.00,0.00,0.00,0.00,,0,0,0.00,0.00,0.00,0.00,0.00,0.00,0.00,0.00,0.00,0.00
Luxembourg,LUX,20200227,0.00,,0.00,,0.00,,0.00,,0.00,,0.00,,0.00,,0.00,0.00,,0.00,0.00,0.00,0.00,,0.00,0.00,0.00,0.00,,0,0,0.00,0.00,0.00,0.00,0.00,0.00,0.00,0.00,0.00,0.00
Luxembourg,LUX,20200228,0.00,,0.00,,0.00,,0.00,,0.00,,0.00,,0.00,,0.00,0.00,,0.00,0.00,220507.00,0.00,,0.00,0.00,0.00,0.00,,0,0,0.00,0.00,0.00,0.00,0.00,0.00,0.00,0.00,0.00,0.00
Luxembourg,LUX,20200229,0.00,,0.00,,0.00,,0.00,,0.00,,0.00,,0.00,,0.00,0.00,,0.00,0.00,0.00,0.00,,0.00,0.00,0.00,0.00,,0,0,0.00,0.00,0.00,0.00,0.00,0.00,0.00,0.00,0.00,0.00
Luxembourg,LUX,20200301,0.00,,0.00,,0.00,,0.00,,0.00,,0.00,,0.00,,0.00,0.00,,0.00,0.00,0.00,0.00,,2.00,2.00,0.00,0.00,,1,0,0.00,0.00,0.00,0.00,12.82,12.82,15.15,15.15,0.00,0.00
Luxembourg,LUX,20200302,0.00,,0.00,,0.00,,0.00,,0.00,,0.00,,0.00,,0.00,0.00,,0.00,0.00,0.00,0.00,,2.00,2.00,0.00,0.00,,1,0,0.00,0.00,0.00,0.00,12.82,12.82,15.15,15.15,0.00,0.00
Luxembourg,LUX,20200303,0.00,,0.00,,0.00,,0.00,,0.00,,0.00,,0.00,,0.00,0.00,,0.00,0.00,0.00,0.00,,2.00,2.00,0.00,0.00,,,,0.00,0.00,0.00,0.00,12.82,12.82,15.15,15.15,0.00,0.00
Luxembourg,LUX,20200304,0.00,,0.00,,0.00,,0.00,,0.00,,0.00,,0.00,,0.00,0.00,,0.00,0.00,0.00,0.00,,2.00,2.00,0.00,0.00,,,,0.00,0.00,0.00,0.00,12.82,12.82,15.15,15.15,0.00,0.00
Luxembourg,LUX,20200305,0.00,,0.00,,0.00,,0.00,,0.00,,0.00,,0.00,,0.00,0.00,,0.00,0.00,0.00,2.00,1,2.00,2.00,0.00,0.00,,,,11.11,11.11,14.29,14.29,20.51,20.51,24.24,24.24,0.00,0.00
Luxembourg,LUX,20200306,0.00,,0.00,,0.00,,0.00,,0.00,,0.00,,0.00,,0.00,0.00,,0.00,0.00,0.00,2.00,1,2.00,2.00,0.00,0.00,,,,11.11,11.11,14.29,14.29,20.51,20.51,24.24,24.24,0.00,0.00
Luxembourg,LUX,20200307,0.00,,0.00,,0.00,,0.00,,0.00,,0.00,,0.00,,0.00,0.00,,0.00,0.00,0.00,2.00,1,2.00,2.00,0.00,0.00,,3,0,11.11,11.11,14.29,14.29,20.51,20.51,24.24,24.24,0.00,0.00
Luxembourg,LUX,20200308,0.00,,0.00,,0.00,,0.00,,0.00,,0.00,,0.00,,0.00,0.00,,0.00,0.00,0.00,2.00,1,2.00,2.00,0.00,0.00,,,,11.11,11.11,14.29,14.29,20.51,20.51,24.24,24.24,0.00,0.00
Luxembourg,LUX,20200309,0.00,,0.00,,1.00,1,2.00,1,0.00,,0.00,,0.00,,0.00,0.00,,0.00,0.00,0.00,2.00,1,2.00,2.00,0.00,0.00,,5,0,22.22,22.22,23.81,23.81,28.21,28.21,33.33,33.33,0.00,0.00
Luxembourg,LUX,20200310,0.00,,0.00,,1.00,1,2.00,1,0.00,,0.00,,0.00,,0.00,0.00,,0.00,0.00,0.00,2.00,1,2.00,2.00,0.00,0.00,,,,22.22,22.22,23.81,23.81,28.21,28.21,33.33,33.33,0.00,0.00
Luxembourg,LUX,20200311,0.00,,0.00,,1.00,1,2.00,1,0.00,,0.00,,0.00,,0.00,0.00,,0.00,0.00,0.00,2.00,1,2.00,2.00,0.00,0.00,,7,0,22.22,22.22,23.81,23.81,28.21,28.21,33.33,33.33,0.00,0.00
Luxembourg,LUX,20200312,0.00,,1.00,1,1.00,1,2.00,1,1.00,1,0.00,,0.00,,0.00,0.00,,0.00,0.00,0.00,2.00,1,1.00,2.00,0.00,0.00,,7,0,31.48,31.48,40.48,40.48,32.05,32.05,37.88,37.88,0.00,0.00
Luxembourg,LUX,20200313,0.00,,1.00,1,2.00,1,4.00,1,1.00,1,0.00,,0.00,,0.00,0.00,,0.00,0.00,0.00,2.00,1,1.00,2.00,0.00,0.00,,26,0,42.59,42.59,45.24,45.24,39.74,39.74,46.97,46.97,0.00,0.00
Luxembourg,LUX,20200314,0.00,,1.00,1,2.00,1,4.00,1,1.00,1,0.00,,0.00,,0.00,0.00,,0.00,0.00,0.00,2.00,1,1.00,2.00,0.00,0.00,,38,1,42.59,42.59,45.24,45.24,39.74,39.74,46.97,46.97,0.00,0.00
Luxembourg,LUX,20200315,0.00,,1.00,1,2.00,1,4.00,1,1.00,1,0.00,,2.00,1,0.00,0.00,,0.00,0.00,0.00,2.00,1,1.00,2.00,0.00,0.00,,,,53.70,53.70,59.52,59.52,47.44,47.44,56.06,56.06,0.00,0.00
Luxembourg,LUX,20200316,3.00,1,3.00,1,2.00,1,4.00,1,1.00,1,0.00,,2.00,1,0.00,0.00,,0.00,0.00,0.00,2.00,1,1.00,2.00,0.00,0.00,,77,1,72.22,72.22,80.95,80.95,60.26,60.26,71.21,71.21,0.00,0.00
Luxembourg,LUX,20200317,3.00,1,3.00,1,2.00,1,4.00,1,1.00,1,2.00,1,2.00,1,0.00,2.00,1,2.00,0.00,0.00,2.00,1,1.00,2.00,0.00,0.00,,81,1,79.63,79.63,80.95,80.95,80.77,80.77,77.27,77.27,100.00,100.00
Luxembourg,LUX,20200318,3.00,1,3.00,1,2.00,1,4.00,1,1.00,1,2.00,1,2.00,1,0.00,2.00,1,2.00,0.00,0.00,2.00,1,1.00,2.00,0.00,0.00,,140,1,79.63,79.63,80.95,80.95,80.77,80.77,77.27,77.27,100.00,100.00
Luxembourg,LUX,20200319,3.00,1,3.00,1,2.00,1,4.00,1,1.00,1,2.00,1,2.00,1,0.00,2.00,1,2.00,0.00,0.00,2.00,1,1.00,2.00,0.00,0.00,,210,2,79.63,79.63,80.95,80.95,80.77,80.77,77.27,77.27,100.00,100.00
Luxembourg,LUX,20200320,3.00,1,3.00,1,2.00,1,4.00,1,1.00,1,2.00,1,2.00,1,0.00,2.00,1,2.00,0.00,0.00,2.00,1,1.00,2.00,0.00,0.00,,345,4,79.63,79.63,80.95,80.95,80.77,80.77,77.27,77.27,100.00,100.00
Luxembourg,LUX,20200321,3.00,1,3.00,1,2.00,1,4.00,1,1.00,1,2.00,1,2.00,1,0.00,2.00,1,2.00,0.00,0.00,2.00,1,1.00,2.00,0.00,0.00,,484,5,79.63,79.63,80.95,80.95,80.77,80.77,77.27,77.27,100.00,100.00
Luxembourg,LUX,20200322,3.00,1,3.00,1,2.00,1,4.00,1,1.00,1,2.00,1,2.00,1,0.00,2.00,1,2.00,0.00,0.00,2.00,1,1.00,2.00,0.00,0.00,,670,8,79.63,79.63,80.95,80.95,80.77,80.77,77.27,77.27,100.00,100.00
Luxembourg,LUX,20200323,3.00,1,3.00,1,2.00,1,4.00,1,1.00,1,2.00,1,2.00,1,0.00,2.00,1,2.00,0.00,0.00,2.00,1,1.00,2.00,0.00,0.00,,798,8,79.63,79.63,80.95,80.95,80.77,80.77,77.27,77.27,100.00,100.00
Luxembourg,LUX,20200324,3.00,1,3.00,1,2.00,1,4.00,1,1.00,1,2.00,1,2.00,1,0.00,2.00,1,2.00,329281472.00,0.00,2.00,1,1.00,2.00,0.00,0.00,,875,8,79.63,79.63,80.95,80.95,80.77,80.77,77.27,77.27,100.00,100.00
Luxembourg,LUX,20200325,3.00,1,3.00,1,2.00,1,4.00,1,1.00,1,2.00,1,2.00,1,0.00,2.00,1,2.00,9658923079.00,0.00,2.00,1,1.00,2.00,0.00,0.00,,1099,8,79.63,79.63,80.95,80.95,80.77,80.77,77.27,77.27,100.00,100.00
Luxembourg,LUX,20200326,3.00,1,3.00,1,2.00,1,4.00,1,1.00,1,2.00,1,2.00,1,0.00,2.00,1,2.00,0.00,0.00,2.00,1,1.00,2.00,0.00,0.00,,1333,8,79.63,79.63,80.95,80.95,80.77,80.77,77.27,77.27,100.00,100.00
Luxembourg,LUX,20200327,3.00,1,3.00,1,2.00,1,4.00,1,1.00,1,2.00,1,2.00,1,0.00,2.00,1,2.00,0.00,0.00,2.00,1,1.00,2.00,0.00,0.00,,1453,9,79.63,79.63,80.95,80.95,80.77,80.77,77.27,77.27,100.00,100.00
Luxembourg,LUX,20200328,3.00,1,3.00,1,2.00,1,4.00,1,1.00,1,2.00,1,2.00,1,0.00,2.00,1,2.00,0.00,0.00,2.00,1,1.00,2.00,0.00,0.00,,1605,15,79.63,79.63,80.95,80.95,80.77,80.77,77.27,77.27,100.00,100.00
Luxembourg,LUX,20200329,3.00,1,3.00,1,2.00,1,4.00,1,1.00,1,2.00,1,2.00,1,0.00,2.00,1,2.00,0.00,0.00,2.00,1,1.00,2.00,0.00,0.00,,1831,18,79.63,79.63,80.95,80.95,80.77,80.77,77.27,77.27,100.00,100.00
Luxembourg,LUX,20200330,3.00,1,3.00,1,2.00,1,4.00,1,1.00,1,2.00,1,2.00,1,0.00,2.00,1,2.00,0.00,0.00,2.00,1,1.00,2.00,0.00,0.00,,1950,21,79.63,79.63,80.95,80.95,80.77,80.77,77.27,77.27,100.00,100.00
Luxembourg,LUX,20200331,3.00,1,3.00,1,2.00,1,4.00,1,1.00,1,2.00,1,2.00,1,0.00,2.00,1,2.00,0.00,0.00,2.00,1,1.00,2.00,0.00,0.00,,1988,22,79.63,79.63,80.95,80.95,80.77,80.77,77.27,77.27,100.00,100.00
Luxembourg,LUX,20200401,3.00,1,3.00,1,2.00,1,4.00,1,1.00,1,2.00,1,2.00,1,0.00,2.00,1,2.00,0.00,0.00,2.00,1,1.00,2.00,0.00,0.00,,2178,23,79.63,79.63,80.95,80.95,80.77,80.77,77.27,77.27,100.00,100.00
Luxembourg,LUX,20200402,3.00,1,3.00,1,2.00,1,4.00,1,1.00,1,2.00,1,2.00,1,0.00,2.00,1,2.00,0.00,0.00,2.00,1,1.00,2.00,0.00,0.00,,2319,29,79.63,79.63,80.95,80.95,80.77,80.77,77.27,77.27,100.00,100.00
Luxembourg,LUX,20200403,3.00,1,3.00,1,2.00,1,4.00,1,1.00,1,2.00,1,2.00,1,0.00,2.00,1,2.00,0.00,0.00,2.00,1,1.00,2.00,0.00,0.00,,2487,30,79.63,79.63,80.95,80.95,80.77,80.77,77.27,77.27,100.00,100.00
Luxembourg,LUX,20200404,3.00,1,3.00,1,2.00,1,4.00,1,1.00,1,2.00,1,2.00,1,0.00,2.00,1,2.00,0.00,0.00,2.00,1,1.00,2.00,0.00,0.00,,2612,31,79.63,79.63,80.95,80.95,80.77,80.77,77.27,77.27,100.00,100.00
Luxembourg,LUX,20200405,3.00,1,3.00,1,2.00,1,4.00,1,1.00,1,2.00,1,2.00,1,0.00,2.00,1,2.00,0.00,0.00,2.00,1,1.00,2.00,0.00,0.00,,2729,31,79.63,79.63,80.95,80.95,80.77,80.77,77.27,77.27,100.00,100.00
Luxembourg,LUX,20200406,3.00,1,3.00,1,2.00,1,4.00,1,1.00,1,2.00,1,2.00,1,0.00,2.00,1,2.00,0.00,0.00,2.00,1,1.00,2.00,0.00,0.00,,2804,36,79.63,79.63,80.95,80.95,80.77,80.77,77.27,77.27,100.00,100.00
Luxembourg,LUX,20200407,3.00,1,3.00,1,2.00,1,4.00,1,1.00,1,2.00,1,2.00,1,0.00,2.00,1,2.00,0.00,0.00,2.00,1,1.00,2.00,0.00,0.00,,2843,41,79.63,79.63,80.95,80.95,80.77,80.77,77.27,77.27,100.00,100.00
Luxembourg,LUX,20200408,3.00,1,3.00,1,2.00,1,4.00,1,1.00,1,2.00,1,2.00,1,0.00,2.00,1,2.00,0.00,0.00,2.00,1,1.00,2.00,32928146.00,0.00,,2970,44,79.63,79.63,80.95,80.95,80.77,80.77,77.27,77.27,100.00,100.00
Luxembourg,LUX,20200409,3.00,1,3.00,1,2.00,1,4.00,1,1.00,1,2.00,1,2.00,1,0.00,2.00,1,2.00,0.00,0.00,2.00,1,1.00,2.00,0.00,0.00,,3034,46,79.63,79.63,80.95,80.95,80.77,80.77,77.27,77.27,100.00,100.00
Luxembourg,LUX,20200410,3.00,1,3.00,1,2.00,1,4.00,1,1.00,1,2.00,1,2.00,1,0.00,2.00,1,2.00,0.00,0.00,2.00,1,1.00,2.00,0.00,0.00,,3115,52,79.63,79.63,80.95,80.95,80.77,80.77,77.27,77.27,100.00,100.00
Luxembourg,LUX,20200411,3.00,1,3.00,1,2.00,1,4.00,1,1.00,1,2.00,1,2.00,1,0.00,2.00,1,2.00,0.00,0.00,2.00,1,1.00,2.00,0.00,0.00,,3223,54,79.63,79.63,80.95,80.95,80.77,80.77,77.27,77.27,100.00,100.00
Luxembourg,LUX,20200412,3.00,1,3.00,1,2.00,1,4.00,1,1.00,1,2.00,1,2.00,1,0.00,2.00,1,2.00,0.00,0.00,2.00,1,1.00,2.00,0.00,0.00,,3270,62,79.63,79.63,80.95,80.95,80.77,80.77,77.27,77.27,100.00,100.00
Luxembourg,LUX,20200413,3.00,1,3.00,1,2.00,1,4.00,1,1.00,1,2.00,1,2.00,1,0.00,2.00,1,2.00,0.00,0.00,2.00,1,1.00,2.00,0.00,0.00,,3281,66,79.63,79.63,80.95,80.95,80.77,80.77,77.27,77.27,100.00,100.00
Luxembourg,LUX,20200414,3.00,1,3.00,1,2.00,1,4.00,1,1.00,1,2.00,1,2.00,1,0.00,2.00,1,2.00,0.00,0.00,2.00,1,1.00,2.00,0.00,0.00,,3292,67,79.63,79.63,80.95,80.95,80.77,80.77,77.27,77.27,100.00,100.00
Luxembourg,LUX,20200415,3.00,1,3.00,1,2.00,1,4.00,1,1.00,1,2.00,1,2.00,1,0.00,2.00,1,2.00,0.00,0.00,2.00,1,1.00,2.00,0.00,0.00,,3307,67,79.63,79.63,80.95,80.95,80.77,80.77,77.27,77.27,100.00,100.00
Luxembourg,LUX,20200416,3.00,1,3.00,1,2.00,1,4.00,1,1.00,1,2.00,1,2.00,1,0.00,2.00,1,2.00,0.00,0.00,2.00,1,1.00,2.00,0.00,0.00,,3373,69,79.63,79.63,80.95,80.95,80.77,80.77,77.27,77.27,100.00,100.00
Luxembourg,LUX,20200417,3.00,1,3.00,1,2.00,1,4.00,1,1.00,1,2.00,1,2.00,1,0.00,2.00,1,2.00,0.00,0.00,2.00,1,1.00,2.00,0.00,0.00,,3444,69,79.63,79.63,80.95,80.95,80.77,80.77,77.27,77.27,100.00,100.00
Luxembourg,LUX,20200418,3.00,1,3.00,1,2.00,1,4.00,1,1.00,1,2.00,1,2.00,1,0.00,2.00,1,2.00,0.00,0.00,2.00,1,1.00,2.00,0.00,0.00,,3480,72,79.63,79.63,80.95,80.95,80.77,80.77,77.27,77.27,100.00,100.00
Luxembourg,LUX,20200419,3.00,1,3.00,1,2.00,1,4.00,1,1.00,1,2.00,1,2.00,1,0.00,2.00,1,2.00,0.00,0.00,2.00,1,1.00,2.00,0.00,0.00,,3537,72,79.63,79.63,80.95,80.95,80.77,80.77,77.27,77.27,100.00,100.00
Luxembourg,LUX,20200420,3.00,1,3.00,1,2.00,1,4.00,1,1.00,1,1.00,1,1.00,1,0.00,2.00,1,2.00,0.00,0.00,2.00,1,1.00,2.00,0.00,0.00,,3550,73,70.37,70.37,76.19,76.19,74.36,74.36,69.70,69.70,100.00,100.00
Luxembourg,LUX,20200421,3.00,1,3.00,1,2.00,1,4.00,1,1.00,1,1.00,1,1.00,1,0.00,2.00,1,2.00,0.00,0.00,2.00,1,1.00,2.00,0.00,0.00,,3558,75,70.37,70.37,76.19,76.19,74.36,74.36,69.70,69.70,100.00,100.00
Luxembourg,LUX,20200422,3.00,1,3.00,1,2.00,1,4.00,1,1.00,1,1.00,1,1.00,1,0.00,2.00,1,2.00,0.00,0.00,2.00,1,1.00,2.00,0.00,0.00,,3618,78,70.37,70.37,76.19,76.19,74.36,74.36,69.70,69.70,100.00,100.00
Luxembourg,LUX,20200423,3.00,1,3.00,1,2.00,1,4.00,1,1.00,1,1.00,1,1.00,1,0.00,2.00,1,2.00,0.00,0.00,2.00,1,1.00,2.00,0.00,0.00,,3654,80,70.37,70.37,76.19,76.19,74.36,74.36,69.70,69.70,100.00,100.00
Luxembourg,LUX,20200424,3.00,1,3.00,1,2.00,1,4.00,1,1.00,1,1.00,1,1.00,1,0.00,2.00,1,2.00,0.00,0.00,2.00,1,1.00,2.00,0.00,0.00,,3665,83,70.37,70.37,76.19,76.19,74.36,74.36,69.70,69.70,100.00,100.00
Luxembourg,LUX,20200425,3.00,1,3.00,1,2.00,1,4.00,1,1.00,1,1.00,1,1.00,1,0.00,2.00,1,2.00,0.00,0.00,2.00,1,1.00,2.00,0.00,0.00,,3695,85,70.37,70.37,76.19,76.19,74.36,74.36,69.70,69.70,100.00,100.00
Luxembourg,LUX,20200426,3.00,1,3.00,1,2.00,1,4.00,1,1.00,1,1.00,1,1.00,1,0.00,2.00,1,2.00,0.00,0.00,2.00,1,1.00,2.00,0.00,0.00,,3711,85,70.37,70.37,76.19,76.19,74.36,74.36,69.70,69.70,100.00,100.00
Luxembourg,LUX,20200427,3.00,1,3.00,1,2.00,1,4.00,1,1.00,1,1.00,1,1.00,1,0.00,2.00,1,2.00,0.00,0.00,2.00,1,1.00,2.00,0.00,0.00,,3723,88,70.37,70.37,76.19,76.19,74.36,74.36,69.70,69.70,100.00,100.00
Luxembourg,LUX,20200428,3.00,1,3.00,1,2.00,1,4.00,1,1.00,1,1.00,1,1.00,1,0.00,2.00,1,2.00,0.00,0.00,2.00,1,1.00,2.00,0.00,0.00,,3729,88,70.37,70.37,76.19,76.19,74.36,74.36,69.70,69.70,100.00,100.00
Luxembourg,LUX,20200429,3.00,1,3.00,1,2.00,1,4.00,1,1.00,1,1.00,1,1.00,1,0.00,2.00,1,2.00,0.00,0.00,2.00,1,1.00,2.00,0.00,0.00,,3741,89,70.37,70.37,76.19,76.19,74.36,74.36,69.70,69.70,100.00,100.00
Luxembourg,LUX,20200430,3.00,1,3.00,1,2.00,1,4.00,1,1.00,1,1.00,1,1.00,1,0.00,2.00,1,2.00,0.00,0.00,2.00,1,1.00,2.00,0.00,0.00,,3769,89,70.37,70.37,76.19,76.19,74.36,74.36,69.70,69.70,100.00,100.00
Luxembourg,LUX,20200501,3.00,1,3.00,1,2.00,1,4.00,1,1.00,1,1.00,1,1.00,1,0.00,2.00,1,2.00,0.00,0.00,2.00,1,1.00,2.00,0.00,0.00,,3784,90,70.37,70.37,76.19,76.19,74.36,74.36,69.70,69.70,100.00,100.00
Luxembourg,LUX,20200502,3.00,1,3.00,1,2.00,1,4.00,1,1.00,1,1.00,1,1.00,1,0.00,2.00,1,2.00,0.00,0.00,2.00,1,1.00,2.00,0.00,0.00,,3802,92,70.37,70.37,76.19,76.19,74.36,74.36,69.70,69.70,100.00,100.00
Luxembourg,LUX,20200503,3.00,1,3.00,1,2.00,1,4.00,1,1.00,1,1.00,1,1.00,1,0.00,2.00,1,2.00,0.00,0.00,2.00,1,1.00,2.00,0.00,0.00,,3812,92,70.37,70.37,76.19,76.19,74.36,74.36,69.70,69.70,100.00,100.00
Luxembourg,LUX,20200504,3.00,1,3.00,1,2.00,1,4.00,1,1.00,1,1.00,1,1.00,1,0.00,2.00,1,2.00,0.00,0.00,2.00,1,1.00,2.00,0.00,0.00,,3824,96,70.37,70.37,76.19,76.19,74.36,74.36,69.70,69.70,100.00,100.00
Luxembourg,LUX,20200505,3.00,1,3.00,1,2.00,1,4.00,1,1.00,1,1.00,1,1.00,1,0.00,2.00,1,2.00,0.00,0.00,2.00,1,1.00,2.00,0.00,0.00,,3828,96,70.37,70.37,76.19,76.19,74.36,74.36,69.70,69.70,100.00,100.00
Luxembourg,LUX,20200506,3.00,1,3.00,1,2.00,1,4.00,1,1.00,1,1.00,1,1.00,1,0.00,2.00,1,2.00,0.00,0.00,2.00,1,1.00,2.00,0.00,0.00,,3840,96,70.37,70.37,76.19,76.19,74.36,74.36,69.70,69.70,100.00,100.00
Luxembourg,LUX,20200507,3.00,1,3.00,1,2.00,1,4.00,1,1.00,1,1.00,1,1.00,1,0.00,2.00,1,2.00,0.00,0.00,2.00,1,1.00,2.00,0.00,0.00,,3851,98,70.37,70.37,76.19,76.19,74.36,74.36,69.70,69.70,100.00,100.00
Luxembourg,LUX,20200508,3.00,1,3.00,1,2.00,1,4.00,1,1.00,1,1.00,1,1.00,1,0.00,2.00,1,2.00,0.00,0.00,2.00,1,1.00,2.00,0.00,0.00,,3859,100,70.37,70.37,76.19,76.19,74.36,74.36,69.70,69.70,100.00,100.00
Luxembourg,LUX,20200509,3.00,1,3.00,1,2.00,1,4.00,1,1.00,1,1.00,1,1.00,1,0.00,2.00,1,2.00,0.00,0.00,2.00,1,1.00,2.00,0.00,0.00,,3871,100,70.37,70.37,76.19,76.19,74.36,74.36,69.70,69.70,100.00,100.00
Luxembourg,LUX,20200510,3.00,1,3.00,1,2.00,1,4.00,1,1.00,1,1.00,1,1.00,1,0.00,2.00,1,2.00,0.00,0.00,2.00,1,1.00,2.00,0.00,0.00,,3877,101,70.37,70.37,76.19,76.19,74.36,74.36,69.70,69.70,100.00,100.00
Luxembourg,LUX,20200511,2.00,1,1.00,1,2.00,1,3.00,1,1.00,1,1.00,1,1.00,1,0.00,2.00,1,2.00,0.00,0.00,2.00,1,3.00,2.00,0.00,0.00,,3886,101,56.48,56.48,65.48,65.48,69.87,69.87,64.39,64.39,100.00,100.00
Luxembourg,LUX,20200512,2.00,1,1.00,1,2.00,1,3.00,1,1.00,1,1.00,1,1.00,1,0.00,2.00,1,2.00,0.00,0.00,2.00,1,3.00,2.00,0.00,0.00,,3888,101,56.48,56.48,65.48,65.48,69.87,69.87,64.39,64.39,100.00,100.00
Luxembourg,LUX,20200513,2.00,1,1.00,1,2.00,1,3.00,1,1.00,1,1.00,1,1.00,1,0.00,2.00,1,2.00,0.00,0.00,2.00,1,3.00,2.00,0.00,0.00,,3894,102,56.48,56.48,65.48,65.48,69.87,69.87,64.39,64.39,100.00,100.00
Luxembourg,LUX,20200514,2.00,1,1.00,1,2.00,1,3.00,1,1.00,1,1.00,1,1.00,1,0.00,2.00,1,2.00,0.00,0.00,2.00,1,3.00,2.00,0.00,0.00,,3904,103,56.48,56.48,65.48,65.48,69.87,69.87,64.39,64.39,100.00,100.00
Luxembourg,LUX,20200515,2.00,1,1.00,1,2.00,1,3.00,1,1.00,1,1.00,1,1.00,1,0.00,2.00,1,2.00,0.00,0.00,2.00,1,3.00,2.00,0.00,0.00,,3915,103,56.48,56.48,65.48,65.48,69.87,69.87,64.39,64.39,100.00,100.00
Luxembourg,LUX,20200516,2.00,1,1.00,1,2.00,1,3.00,1,1.00,1,1.00,1,1.00,1,0.00,2.00,1,2.00,0.00,0.00,2.00,1,3.00,2.00,0.00,0.00,,3923,104,56.48,56.48,65.48,65.48,69.87,69.87,64.39,64.39,100.00,100.00
Luxembourg,LUX,20200517,2.00,1,1.00,1,2.00,1,3.00,1,1.00,1,1.00,1,1.00,1,0.00,2.00,1,2.00,0.00,0.00,2.00,1,3.00,2.00,0.00,0.00,,3930,104,56.48,56.48,65.48,65.48,69.87,69.87,64.39,64.39,100.00,100.00
Luxembourg,LUX,20200518,2.00,1,1.00,1,2.00,1,3.00,1,1.00,1,1.00,1,1.00,1,0.00,2.00,1,2.00,0.00,0.00,2.00,1,3.00,2.00,0.00,0.00,,3945,107,56.48,56.48,65.48,65.48,69.87,69.87,64.39,64.39,100.00,100.00
Luxembourg,LUX,20200519,2.00,1,1.00,1,2.00,1,3.00,1,1.00,1,1.00,1,1.00,1,0.00,2.00,1,2.00,0.00,0.00,2.00,1,3.00,2.00,0.00,0.00,,3947,107,56.48,56.48,65.48,65.48,69.87,69.87,64.39,64.39,100.00,100.00
Luxembourg,LUX,20200520,2.00,1,1.00,1,2.00,1,3.00,1,1.00,1,1.00,1,1.00,1,0.00,2.00,1,2.00,762859300.00,0.00,2.00,1,3.00,2.00,0.00,0.00,,3958,109,56.48,56.48,65.48,65.48,69.87,69.87,64.39,64.39,100.00,100.00
Luxembourg,LUX,20200521,2.00,1,1.00,1,2.00,1,3.00,1,1.00,1,1.00,1,1.00,1,0.00,2.00,1,2.00,0.00,0.00,2.00,1,3.00,2.00,0.00,0.00,,3971,109,56.48,56.48,65.48,65.48,69.87,69.87,64.39,64.39,100.00,100.00
Luxembourg,LUX,20200522,2.00,1,1.00,1,2.00,1,3.00,1,1.00,1,1.00,1,1.00,1,0.00,2.00,1,2.00,0.00,0.00,2.00,1,3.00,2.00,0.00,0.00,,3980,109,56.48,56.48,65.48,65.48,69.87,69.87,64.39,64.39,100.00,100.00
Luxembourg,LUX,20200523,2.00,1,1.00,1,2.00,1,3.00,1,1.00,1,1.00,1,1.00,1,0.00,2.00,1,2.00,0.00,0.00,2.00,1,3.00,2.00,0.00,0.00,,3981,109,56.48,56.48,65.48,65.48,69.87,69.87,64.39,64.39,100.00,100.00
Luxembourg,LUX,20200524,2.00,1,1.00,1,2.00,1,3.00,1,1.00,1,1.00,1,1.00,1,0.00,2.00,1,2.00,0.00,0.00,2.00,1,3.00,2.00,0.00,0.00,,3990,109,56.48,56.48,65.48,65.48,69.87,69.87,64.39,64.39,100.00,100.00
Luxembourg,LUX,20200525,0.00,,1.00,1,1.00,1,3.00,1,1.00,1,1.00,1,1.00,1,0.00,2.00,1,2.00,0.00,0.00,2.00,1,3.00,2.00,0.00,0.00,,3992,110,43.52,43.52,51.90,51.90,60.90,60.90,53.79,53.79,100.00,100.00
Luxembourg,LUX,20200526,0.00,,1.00,1,1.00,1,3.00,1,1.00,1,1.00,1,1.00,1,0.00,2.00,1,2.00,0.00,0.00,2.00,1,3.00,2.00,0.00,0.00,,3993,110,43.52,43.52,51.90,51.90,60.90,60.90,53.79,53.79,100.00,100.00
Luxembourg,LUX,20200527,0.00,,1.00,1,1.00,1,3.00,1,1.00,1,1.00,1,1.00,1,0.00,2.00,1,2.00,0.00,0.00,2.00,1,3.00,2.00,0.00,0.00,,3995,110,43.52,43.52,51.90,51.90,60.90,60.90,53.79,53.79,100.00,100.00
Luxembourg,LUX,20200528,0.00,,1.00,1,1.00,1,3.00,1,1.00,1,1.00,1,1.00,1,0.00,2.00,1,2.00,0.00,0.00,2.00,1,3.00,2.00,0.00,0.00,,4001,110,43.52,43.52,51.90,51.90,60.90,60.90,53.79,53.79,100.00,100.00
Luxembourg,LUX,20200529,0.00,,1.00,1,1.00,1,3.00,1,1.00,1,1.00,1,1.00,1,0.00,2.00,1,2.00,0.00,0.00,2.00,1,3.00,2.00,0.00,0.00,,4008,110,43.52,43.52,51.90,51.90,60.90,60.90,53.79,53.79,100.00,100.00
Luxembourg,LUX,20200530,0.00,,1.00,1,1.00,1,3.00,1,1.00,1,1.00,1,1.00,1,0.00,2.00,1,2.00,0.00,0.00,2.00,1,3.00,2.00,0.00,0.00,,4012,110,43.52,43.52,51.90,51.90,60.90,60.90,53.79,53.79,100.00,100.00
Luxembourg,LUX,20200531,0.00,,1.00,1,1.00,1,3.00,1,1.00,1,1.00,1,1.00,1,0.00,2.00,1,2.00,0.00,0.00,2.00,1,3.00,2.00,0.00,0.00,,4016,110,43.52,43.52,51.90,51.90,60.90,60.90,53.79,53.79,100.00,100.00
Luxembourg,LUX,20200601,0.00,,1.00,1,1.00,1,3.00,1,1.00,1,1.00,1,1.00,1,0.00,2.00,1,2.00,0.00,0.00,2.00,1,3.00,2.00,0.00,0.00,,4018,110,43.52,43.52,51.90,51.90,60.90,60.90,53.79,53.79,100.00,100.00
Luxembourg,LUX,20200602,0.00,,1.00,1,1.00,1,3.00,1,1.00,1,1.00,1,1.00,1,0.00,2.00,1,2.00,0.00,0.00,2.00,1,3.00,2.00,0.00,0.00,,4019,110,43.52,43.52,51.90,51.90,60.90,60.90,53.79,53.79,100.00,100.00
Luxembourg,LUX,20200603,0.00,,1.00,1,1.00,1,3.00,1,1.00,1,1.00,1,1.00,1,0.00,2.00,1,2.00,0.00,0.00,2.00,1,3.00,2.00,0.00,0.00,,4020,110,43.52,43.52,51.90,51.90,60.90,60.90,53.79,53.79,100.00,100.00
Luxembourg,LUX,20200604,0.00,,1.00,1,1.00,1,3.00,1,1.00,1,1.00,1,1.00,1,0.00,2.00,1,2.00,5659430.00,0.00,2.00,1,3.00,2.00,0.00,0.00,,4020,110,43.52,43.52,51.90,51.90,60.90,60.90,53.79,53.79,100.00,100.00
Luxembourg,LUX,20200605,0.00,,1.00,1,1.00,1,3.00,1,1.00,1,1.00,1,1.00,1,0.00,2.00,1,2.00,0.00,0.00,2.00,1,3.00,2.00,0.00,0.00,,4027,110,43.52,43.52,51.90,51.90,60.90,60.90,53.79,53.79,100.00,100.00
Luxembourg,LUX,20200606,0.00,,1.00,1,1.00,1,3.00,1,1.00,1,1.00,1,1.00,1,0.00,2.00,1,2.00,0.00,0.00,2.00,1,3.00,2.00,0.00,0.00,,4032,110,43.52,43.52,51.90,51.90,60.90,60.90,53.79,53.79,100.00,100.00
Luxembourg,LUX,20200607,0.00,,1.00,1,1.00,1,3.00,1,1.00,1,1.00,1,1.00,1,0.00,2.00,1,2.00,0.00,0.00,2.00,1,3.00,2.00,0.00,0.00,,4035,110,43.52,43.52,51.90,51.90,60.90,60.90,53.79,53.79,100.00,100.00
Luxembourg,LUX,20200608,0.00,,1.00,1,1.00,1,3.00,1,1.00,1,1.00,1,1.00,1,0.00,2.00,1,2.00,0.00,0.00,2.00,1,3.00,2.00,0.00,0.00,,4039,110,43.52,43.52,51.90,51.90,60.90,60.90,53.79,53.79,100.00,100.00
Luxembourg,LUX,20200609,0.00,,1.00,1,1.00,1,3.00,1,1.00,1,1.00,1,1.00,1,0.00,2.00,1,2.00,0.00,0.00,2.00,1,3.00,2.00,0.00,0.00,,4040,110,43.52,43.52,51.90,51.90,60.90,60.90,53.79,53.79,100.00,100.00
Luxembourg,LUX,20200610,0.00,,1.00,1,1.00,1,3.00,1,1.00,1,1.00,1,1.00,1,0.00,2.00,1,2.00,0.00,0.00,2.00,1,3.00,2.00,0.00,0.00,,4046,110,43.52,43.52,51.90,51.90,60.90,60.90,53.79,53.79,100.00,100.00
Luxembourg,LUX,20200611,,,,,,,,,,,,,,,,,,,,,,,,,,,,4049,110,,,,,,,,,,
Luxembourg,LUX,20200612,,,,,,,,,,,,,,,,,,,,,,,,,,,,4052,110,,,,,,,,,,
Luxembourg,LUX,20200613,,,,,,,,,,,,,,,,,,,,,,,,,,,,4055,110,,,,,,,,,,
Luxembourg,LUX,20200614,,,,,,,,,,,,,,,,,,,,,,,,,,,,4063,110,,,,,,,,,,
Luxembourg,LUX,20200615,,,,,,,,,,,,,,,,,,,,,,,,,,,,4070,110,,,,,,,,,,
Luxembourg,LUX,20200616,,,,,,,,,,,,,,,,,,,,,,,,,,,,4072,110,,,,,,,,,,
Luxembourg,LUX,20200617,,,,,,,,,,,,,,,,,,,,,,,,,,,,4075,110,,43.52,,51.90,,60.90,,53.79,,100.00
Luxembourg,LUX,20200618,,,,,,,,,,,,,,,,,,,,,,,,,,,,4085,110,,43.52,,51.90,,60.90,,53.79,,100.00
Luxembourg,LUX,20200619,,,,,,,,,,,,,,,,,,,,,,,,,,,,4091,110,,43.52,,51.90,,60.90,,53.79,,100.00
Luxembourg,LUX,20200620,,,,,,,,,,,,,,,,,,,,,,,,,,,,4099,110,,43.52,,51.90,,60.90,,53.79,,100.00
Luxembourg,LUX,20200621,,,,,,,,,,,,,,,,,,,,,,,,,,,,4105,110,,43.52,,51.90,,60.90,,53.79,,100.00
Luxembourg,LUX,20200622,,,,,,,,,,,,,,,,,,,,,,,,,,,,4120,110,,43.52,,51.90,,60.90,,53.79,,100.00
Luxembourg,LUX,20200623,,,,,,,,,,,,,,,,,,,,,,,,,,,,4121,110,,43.52,,51.90,,60.90,,53.79,,100.00
