Macao,MAC,20200101,0.00,,0.00,,0.00,,0.00,,0.00,,0.00,,0.00,,0.00,0.00,,0.00,0.00,0.00,2.00,1,0.00,0.00,0.00,0.00,,,,11.11,11.11,14.29,14.29,7.69,7.69,9.09,9.09,0.00,0.00
Macao,MAC,20200102,0.00,,0.00,,0.00,,0.00,,0.00,,0.00,,0.00,,0.00,0.00,,0.00,0.00,0.00,2.00,1,0.00,0.00,0.00,0.00,,,,11.11,11.11,14.29,14.29,7.69,7.69,9.09,9.09,0.00,0.00
Macao,MAC,20200103,0.00,,0.00,,0.00,,0.00,,0.00,,0.00,,0.00,,0.00,0.00,,0.00,0.00,0.00,2.00,1,0.00,0.00,0.00,0.00,,,,11.11,11.11,14.29,14.29,7.69,7.69,9.09,9.09,0.00,0.00
Macao,MAC,20200104,0.00,,0.00,,0.00,,0.00,,0.00,,0.00,,0.00,,0.00,0.00,,0.00,0.00,0.00,2.00,1,0.00,0.00,0.00,0.00,,,,11.11,11.11,14.29,14.29,7.69,7.69,9.09,9.09,0.00,0.00
Macao,MAC,20200105,0.00,,0.00,,0.00,,0.00,,0.00,,0.00,,0.00,,0.00,0.00,,0.00,0.00,0.00,2.00,1,0.00,0.00,0.00,0.00,,,,11.11,11.11,14.29,14.29,7.69,7.69,9.09,9.09,0.00,0.00
Macao,MAC,20200106,0.00,,0.00,,0.00,,0.00,,0.00,,0.00,,0.00,,1.00,0.00,,0.00,0.00,0.00,2.00,1,0.00,0.00,0.00,0.00,,,,13.89,13.89,17.86,17.86,9.62,9.62,11.36,11.36,0.00,0.00
Macao,MAC,20200107,0.00,,0.00,,0.00,,0.00,,0.00,,0.00,,0.00,,1.00,0.00,,0.00,0.00,0.00,2.00,1,0.00,0.00,0.00,0.00,,,,13.89,13.89,17.86,17.86,9.62,9.62,11.36,11.36,0.00,0.00
Macao,MAC,20200108,0.00,,0.00,,0.00,,0.00,,0.00,,0.00,,0.00,,1.00,0.00,,0.00,0.00,0.00,2.00,1,0.00,0.00,0.00,0.00,,,,13.89,13.89,17.86,17.86,9.62,9.62,11.36,11.36,0.00,0.00
Macao,MAC,20200109,0.00,,0.00,,0.00,,0.00,,0.00,,0.00,,0.00,,1.00,0.00,,0.00,0.00,0.00,2.00,1,0.00,0.00,0.00,0.00,,,,13.89,13.89,17.86,17.86,9.62,9.62,11.36,11.36,0.00,0.00
Macao,MAC,20200110,0.00,,0.00,,0.00,,0.00,,0.00,,0.00,,0.00,,1.00,0.00,,0.00,0.00,0.00,2.00,1,0.00,0.00,0.00,0.00,,,,13.89,13.89,17.86,17.86,9.62,9.62,11.36,11.36,0.00,0.00
Macao,MAC,20200111,0.00,,0.00,,0.00,,0.00,,0.00,,0.00,,0.00,,1.00,0.00,,0.00,0.00,0.00,2.00,1,0.00,0.00,0.00,0.00,,,,13.89,13.89,17.86,17.86,9.62,9.62,11.36,11.36,0.00,0.00
Macao,MAC,20200112,0.00,,0.00,,0.00,,0.00,,0.00,,0.00,,0.00,,1.00,0.00,,0.00,0.00,0.00,2.00,1,1.00,0.00,0.00,0.00,,,,13.89,13.89,17.86,17.86,12.18,12.18,14.39,14.39,0.00,0.00
Macao,MAC,20200113,0.00,,0.00,,0.00,,0.00,,0.00,,0.00,,0.00,,1.00,0.00,,0.00,0.00,0.00,2.00,1,1.00,0.00,0.00,0.00,,,,13.89,13.89,17.86,17.86,12.18,12.18,14.39,14.39,0.00,0.00
Macao,MAC,20200114,0.00,,0.00,,0.00,,0.00,,0.00,,0.00,,0.00,,1.00,0.00,,0.00,0.00,0.00,2.00,1,1.00,0.00,0.00,0.00,,,,13.89,13.89,17.86,17.86,12.18,12.18,14.39,14.39,0.00,0.00
Macao,MAC,20200115,0.00,,0.00,,0.00,,0.00,,0.00,,0.00,,0.00,,1.00,0.00,,0.00,0.00,0.00,2.00,1,1.00,0.00,0.00,0.00,,,,13.89,13.89,17.86,17.86,12.18,12.18,14.39,14.39,0.00,0.00
Macao,MAC,20200116,0.00,,0.00,,0.00,,0.00,,0.00,,0.00,,0.00,,1.00,0.00,,0.00,0.00,0.00,2.00,1,1.00,0.00,0.00,0.00,,,,13.89,13.89,17.86,17.86,12.18,12.18,14.39,14.39,0.00,0.00
Macao,MAC,20200117,0.00,,0.00,,0.00,,0.00,,0.00,,0.00,,0.00,,1.00,0.00,,0.00,0.00,0.00,2.00,1,1.00,0.00,0.00,0.00,,,,13.89,13.89,17.86,17.86,12.18,12.18,14.39,14.39,0.00,0.00
Macao,MAC,20200118,0.00,,0.00,,0.00,,0.00,,0.00,,0.00,,0.00,,1.00,0.00,,0.00,0.00,0.00,2.00,1,1.00,0.00,0.00,0.00,,,,13.89,13.89,17.86,17.86,12.18,12.18,14.39,14.39,0.00,0.00
Macao,MAC,20200119,0.00,,0.00,,0.00,,0.00,,0.00,,0.00,,0.00,,1.00,0.00,,0.00,0.00,0.00,2.00,1,1.00,0.00,0.00,0.00,,,,13.89,13.89,17.86,17.86,12.18,12.18,14.39,14.39,0.00,0.00
Macao,MAC,20200120,0.00,,0.00,,0.00,,0.00,,0.00,,0.00,,0.00,,1.00,0.00,,0.00,0.00,0.00,2.00,1,1.00,0.00,0.00,0.00,,,,13.89,13.89,17.86,17.86,12.18,12.18,14.39,14.39,0.00,0.00
Macao,MAC,20200121,0.00,,0.00,,0.00,,0.00,,0.00,,0.00,,0.00,,1.00,0.00,,0.00,0.00,0.00,2.00,1,1.00,0.00,0.00,0.00,,,,13.89,13.89,17.86,17.86,12.18,12.18,14.39,14.39,0.00,0.00
Macao,MAC,20200122,0.00,,0.00,,0.00,,0.00,,0.00,,0.00,,0.00,,1.00,0.00,,0.00,0.00,0.00,2.00,1,1.00,2.00,0.00,0.00,,1,0,13.89,13.89,17.86,17.86,19.87,19.87,23.48,23.48,0.00,0.00
Macao,MAC,20200123,0.00,,0.00,,2.00,1,0.00,,0.00,,0.00,,0.00,,1.00,0.00,,0.00,0.00,0.00,2.00,1,1.00,2.00,0.00,0.00,,2,0,25.00,25.00,32.14,32.14,27.56,27.56,32.58,32.58,0.00,0.00
Macao,MAC,20200124,1.00,1,0.00,,2.00,1,0.00,,0.00,,0.00,,0.00,,1.00,0.00,,0.00,0.00,0.00,2.00,1,1.00,2.00,0.00,0.00,,2,0,28.70,28.70,39.29,39.29,30.13,30.13,35.61,35.61,0.00,0.00
Macao,MAC,20200125,1.00,1,0.00,,2.00,1,0.00,,0.00,,0.00,,0.00,,1.00,0.00,,0.00,0.00,0.00,2.00,1,1.00,2.00,0.00,0.00,,2,0,28.70,28.70,39.29,39.29,30.13,30.13,35.61,35.61,0.00,0.00
Macao,MAC,20200126,1.00,1,0.00,,2.00,1,0.00,,0.00,,0.00,,0.00,,1.00,0.00,,0.00,0.00,0.00,2.00,1,1.00,2.00,0.00,0.00,,5,0,28.70,28.70,39.29,39.29,30.13,30.13,35.61,35.61,0.00,0.00
Macao,MAC,20200127,1.00,1,0.00,,2.00,1,0.00,,0.00,,0.00,,0.00,,1.00,0.00,,0.00,0.00,0.00,2.00,1,1.00,2.00,0.00,0.00,,6,0,28.70,28.70,39.29,39.29,30.13,30.13,35.61,35.61,0.00,0.00
Macao,MAC,20200128,1.00,1,0.00,,2.00,1,0.00,,0.00,,0.00,,0.00,,1.00,0.00,,0.00,0.00,0.00,2.00,1,1.00,2.00,0.00,0.00,,7,0,28.70,28.70,39.29,39.29,30.13,30.13,35.61,35.61,0.00,0.00
Macao,MAC,20200129,1.00,1,0.00,,2.00,1,0.00,,0.00,,0.00,,0.00,,1.00,0.00,,0.00,0.00,0.00,2.00,1,1.00,2.00,0.00,0.00,,7,0,28.70,28.70,39.29,39.29,30.13,30.13,35.61,35.61,0.00,0.00
Macao,MAC,20200130,3.00,1,0.00,,2.00,1,0.00,,0.00,,0.00,,0.00,,1.00,0.00,,0.00,0.00,0.00,2.00,1,1.00,2.00,0.00,0.00,,7,0,36.11,36.11,46.43,46.43,35.26,35.26,41.67,41.67,0.00,0.00
Macao,MAC,20200131,3.00,1,0.00,,2.00,1,0.00,,0.00,,0.00,,0.00,,1.00,0.00,,0.00,0.00,0.00,2.00,1,1.00,2.00,0.00,0.00,,7,0,36.11,36.11,46.43,46.43,35.26,35.26,41.67,41.67,0.00,0.00
Macao,MAC,20200201,3.00,1,0.00,,2.00,1,0.00,,0.00,,0.00,,0.00,,1.00,0.00,,0.00,0.00,0.00,2.00,1,1.00,2.00,0.00,0.00,,7,0,36.11,36.11,46.43,46.43,35.26,35.26,41.67,41.67,0.00,0.00
Macao,MAC,20200202,3.00,1,0.00,,2.00,1,0.00,,0.00,,0.00,,0.00,,1.00,0.00,,0.00,0.00,0.00,2.00,1,1.00,2.00,0.00,0.00,,8,0,36.11,36.11,46.43,46.43,35.26,35.26,41.67,41.67,0.00,0.00
Macao,MAC,20200203,3.00,1,2.00,1,2.00,1,0.00,,0.00,,0.00,,0.00,,1.00,0.00,,0.00,0.00,0.00,2.00,1,1.00,2.00,0.00,0.00,,8,0,43.52,43.52,57.14,57.14,40.38,40.38,47.73,47.73,0.00,0.00
Macao,MAC,20200204,3.00,1,2.00,1,2.00,1,0.00,,0.00,,0.00,,0.00,,1.00,0.00,,0.00,0.00,0.00,2.00,1,1.00,2.00,0.00,0.00,,10,0,43.52,43.52,57.14,57.14,40.38,40.38,47.73,47.73,0.00,0.00
Macao,MAC,20200205,3.00,1,2.00,1,2.00,1,0.00,,0.00,,0.00,,0.00,,1.00,0.00,,0.00,0.00,0.00,2.00,1,1.00,2.00,0.00,0.00,,10,0,43.52,43.52,57.14,57.14,40.38,40.38,47.73,47.73,0.00,0.00
Macao,MAC,20200206,3.00,1,2.00,1,2.00,1,0.00,,0.00,,0.00,,0.00,,1.00,0.00,,0.00,0.00,0.00,2.00,1,1.00,2.00,0.00,0.00,,10,0,43.52,43.52,57.14,57.14,40.38,40.38,47.73,47.73,0.00,0.00
Macao,MAC,20200207,3.00,1,2.00,1,2.00,1,0.00,,0.00,,0.00,,0.00,,1.00,0.00,,0.00,0.00,0.00,2.00,1,1.00,2.00,0.00,0.00,,10,0,43.52,43.52,57.14,57.14,40.38,40.38,47.73,47.73,0.00,0.00
Macao,MAC,20200208,3.00,1,2.00,1,2.00,1,0.00,,0.00,,0.00,,0.00,,1.00,0.00,,0.00,0.00,0.00,2.00,1,1.00,2.00,0.00,0.00,,10,0,43.52,43.52,57.14,57.14,40.38,40.38,47.73,47.73,0.00,0.00
Macao,MAC,20200209,3.00,1,2.00,1,2.00,1,0.00,,0.00,,0.00,,0.00,,1.00,0.00,,0.00,0.00,0.00,2.00,1,1.00,2.00,0.00,0.00,,10,0,43.52,43.52,57.14,57.14,40.38,40.38,47.73,47.73,0.00,0.00
Macao,MAC,20200210,3.00,1,2.00,1,2.00,1,0.00,,0.00,,0.00,,0.00,,1.00,0.00,,0.00,0.00,0.00,2.00,1,1.00,2.00,0.00,0.00,,10,0,43.52,43.52,57.14,57.14,40.38,40.38,47.73,47.73,0.00,0.00
Macao,MAC,20200211,3.00,1,2.00,1,2.00,1,0.00,,0.00,,0.00,,0.00,,1.00,0.00,,0.00,0.00,0.00,2.00,1,1.00,2.00,0.00,0.00,,10,0,43.52,43.52,57.14,57.14,40.38,40.38,47.73,47.73,0.00,0.00
Macao,MAC,20200212,3.00,1,2.00,1,2.00,1,0.00,,0.00,,0.00,,0.00,,1.00,0.00,,0.00,0.00,0.00,2.00,1,1.00,2.00,0.00,0.00,,10,0,43.52,43.52,57.14,57.14,40.38,40.38,47.73,47.73,0.00,0.00
Macao,MAC,20200213,3.00,1,2.00,1,2.00,1,0.00,,0.00,,0.00,,0.00,,1.00,1.00,1,2.00,0.00,0.00,2.00,1,1.00,2.00,,0.00,,10,0,43.52,43.52,57.14,57.14,51.92,51.92,47.73,47.73,75.00,75.00
Macao,MAC,20200214,3.00,1,2.00,1,2.00,1,0.00,,0.00,,0.00,,0.00,,1.00,1.00,1,2.00,0.00,0.00,2.00,1,1.00,2.00,0.00,0.00,,10,0,43.52,43.52,57.14,57.14,51.92,51.92,47.73,47.73,75.00,75.00
Macao,MAC,20200215,3.00,1,2.00,1,2.00,1,0.00,,0.00,,0.00,,0.00,,1.00,1.00,1,2.00,0.00,0.00,2.00,1,1.00,2.00,0.00,0.00,,10,0,43.52,43.52,57.14,57.14,51.92,51.92,47.73,47.73,75.00,75.00
Macao,MAC,20200216,3.00,1,2.00,1,2.00,1,0.00,,0.00,,0.00,,0.00,,1.00,1.00,1,2.00,0.00,0.00,2.00,1,1.00,2.00,0.00,0.00,,10,0,43.52,43.52,57.14,57.14,51.92,51.92,47.73,47.73,75.00,75.00
Macao,MAC,20200217,3.00,1,2.00,1,2.00,1,0.00,,0.00,,0.00,,0.00,,2.00,1.00,1,2.00,0.00,0.00,2.00,1,1.00,2.00,0.00,0.00,,10,0,46.30,46.30,60.71,60.71,53.85,53.85,50.00,50.00,75.00,75.00
Macao,MAC,20200218,3.00,1,2.00,1,2.00,1,0.00,,0.00,,0.00,,0.00,,2.00,1.00,1,2.00,0.00,0.00,2.00,1,1.00,2.00,0.00,0.00,,10,0,46.30,46.30,60.71,60.71,53.85,53.85,50.00,50.00,75.00,75.00
Macao,MAC,20200219,3.00,1,2.00,1,2.00,1,0.00,,0.00,,0.00,,0.00,,2.00,1.00,1,2.00,0.00,0.00,2.00,1,1.00,2.00,0.00,0.00,,10,0,46.30,46.30,60.71,60.71,53.85,53.85,50.00,50.00,75.00,75.00
Macao,MAC,20200220,3.00,1,0.00,,2.00,1,0.00,,0.00,,0.00,,0.00,,2.00,1.00,1,2.00,0.00,0.00,2.00,1,1.00,2.00,0.00,0.00,,10,0,38.89,38.89,50.00,50.00,48.72,48.72,43.94,43.94,75.00,75.00
Macao,MAC,20200221,3.00,1,0.00,,2.00,1,0.00,,0.00,,0.00,,0.00,,2.00,1.00,1,2.00,0.00,0.00,2.00,1,1.00,2.00,0.00,0.00,,10,0,38.89,38.89,50.00,50.00,48.72,48.72,43.94,43.94,75.00,75.00
Macao,MAC,20200222,3.00,1,0.00,,2.00,1,0.00,,0.00,,0.00,,0.00,,2.00,1.00,1,2.00,0.00,0.00,2.00,1,1.00,2.00,0.00,0.00,,10,0,38.89,38.89,50.00,50.00,48.72,48.72,43.94,43.94,75.00,75.00
Macao,MAC,20200223,3.00,1,0.00,,2.00,1,0.00,,0.00,,0.00,,0.00,,2.00,1.00,1,2.00,0.00,0.00,2.00,1,1.00,2.00,0.00,0.00,,10,0,38.89,38.89,50.00,50.00,48.72,48.72,43.94,43.94,75.00,75.00
Macao,MAC,20200224,3.00,1,0.00,,2.00,1,0.00,,0.00,,0.00,,0.00,,2.00,1.00,1,2.00,0.00,0.00,2.00,1,1.00,2.00,0.00,0.00,,10,0,38.89,38.89,50.00,50.00,48.72,48.72,43.94,43.94,75.00,75.00
Macao,MAC,20200225,3.00,1,0.00,,2.00,1,0.00,,0.00,,0.00,,0.00,,2.00,1.00,1,2.00,0.00,0.00,2.00,1,1.00,2.00,0.00,0.00,,10,0,38.89,38.89,50.00,50.00,48.72,48.72,43.94,43.94,75.00,75.00
Macao,MAC,20200226,3.00,1,0.00,,2.00,1,0.00,,0.00,,0.00,,0.00,,2.00,1.00,1,2.00,0.00,0.00,2.00,1,1.00,2.00,0.00,0.00,,10,0,38.89,38.89,50.00,50.00,48.72,48.72,43.94,43.94,75.00,75.00
Macao,MAC,20200227,3.00,1,0.00,,2.00,1,0.00,,0.00,,0.00,,0.00,,2.00,1.00,1,2.00,0.00,0.00,2.00,1,1.00,2.00,0.00,0.00,,10,0,38.89,38.89,50.00,50.00,48.72,48.72,43.94,43.94,75.00,75.00
Macao,MAC,20200228,3.00,1,0.00,,2.00,1,0.00,,0.00,,0.00,,0.00,,2.00,1.00,1,2.00,0.00,0.00,2.00,1,1.00,2.00,0.00,0.00,,10,0,38.89,38.89,50.00,50.00,48.72,48.72,43.94,43.94,75.00,75.00
Macao,MAC,20200229,3.00,1,0.00,,2.00,1,0.00,,0.00,,0.00,,0.00,,2.00,1.00,1,2.00,0.00,0.00,2.00,1,1.00,2.00,0.00,0.00,,10,0,38.89,38.89,50.00,50.00,48.72,48.72,43.94,43.94,75.00,75.00
Macao,MAC,20200301,3.00,1,0.00,,2.00,1,0.00,,0.00,,0.00,,0.00,,2.00,1.00,1,2.00,0.00,0.00,2.00,1,1.00,2.00,0.00,0.00,,10,0,38.89,38.89,50.00,50.00,48.72,48.72,43.94,43.94,75.00,75.00
Macao,MAC,20200302,3.00,1,0.00,,2.00,1,0.00,,0.00,,0.00,,0.00,,2.00,1.00,1,2.00,0.00,0.00,2.00,1,1.00,2.00,0.00,0.00,,10,0,38.89,38.89,50.00,50.00,48.72,48.72,43.94,43.94,75.00,75.00
Macao,MAC,20200303,3.00,1,0.00,,2.00,1,0.00,,0.00,,0.00,,0.00,,2.00,1.00,1,2.00,0.00,0.00,2.00,1,1.00,2.00,0.00,0.00,,10,0,38.89,38.89,50.00,50.00,48.72,48.72,43.94,43.94,75.00,75.00
Macao,MAC,20200304,3.00,1,0.00,,2.00,1,0.00,,0.00,,0.00,,0.00,,2.00,1.00,1,2.00,0.00,0.00,2.00,1,1.00,2.00,0.00,0.00,,10,0,38.89,38.89,50.00,50.00,48.72,48.72,43.94,43.94,75.00,75.00
Macao,MAC,20200305,3.00,1,0.00,,2.00,1,0.00,,0.00,,0.00,,0.00,,2.00,1.00,1,2.00,0.00,0.00,2.00,1,1.00,2.00,0.00,0.00,,10,0,38.89,38.89,50.00,50.00,48.72,48.72,43.94,43.94,75.00,75.00
Macao,MAC,20200306,3.00,1,0.00,,2.00,1,0.00,,0.00,,0.00,,0.00,,2.00,1.00,1,2.00,0.00,0.00,2.00,1,1.00,2.00,0.00,0.00,,10,0,38.89,38.89,50.00,50.00,48.72,48.72,43.94,43.94,75.00,75.00
Macao,MAC,20200307,3.00,1,0.00,,2.00,1,0.00,,0.00,,0.00,,0.00,,2.00,1.00,1,2.00,0.00,0.00,2.00,1,1.00,2.00,0.00,0.00,,10,0,38.89,38.89,50.00,50.00,48.72,48.72,43.94,43.94,75.00,75.00
Macao,MAC,20200308,3.00,1,0.00,,2.00,1,0.00,,0.00,,0.00,,0.00,,2.00,1.00,1,2.00,0.00,0.00,2.00,1,1.00,2.00,0.00,0.00,,10,0,38.89,38.89,50.00,50.00,48.72,48.72,43.94,43.94,75.00,75.00
Macao,MAC,20200309,3.00,1,0.00,,2.00,1,0.00,,0.00,,0.00,,0.00,,2.00,1.00,1,2.00,0.00,0.00,2.00,1,1.00,2.00,0.00,0.00,,10,0,38.89,38.89,50.00,50.00,48.72,48.72,43.94,43.94,75.00,75.00
Macao,MAC,20200310,3.00,1,0.00,,2.00,1,0.00,,0.00,,0.00,,0.00,,2.00,1.00,1,2.00,0.00,0.00,2.00,1,1.00,2.00,0.00,0.00,,10,0,38.89,38.89,50.00,50.00,48.72,48.72,43.94,43.94,75.00,75.00
Macao,MAC,20200311,3.00,1,0.00,,2.00,1,0.00,,0.00,,0.00,,0.00,,2.00,1.00,1,2.00,0.00,0.00,2.00,1,1.00,2.00,0.00,0.00,,10,0,38.89,38.89,50.00,50.00,48.72,48.72,43.94,43.94,75.00,75.00
Macao,MAC,20200312,3.00,1,0.00,,2.00,1,0.00,,0.00,,0.00,,0.00,,2.00,1.00,1,2.00,0.00,0.00,2.00,1,1.00,2.00,0.00,0.00,,10,0,38.89,38.89,50.00,50.00,48.72,48.72,43.94,43.94,75.00,75.00
Macao,MAC,20200313,3.00,1,0.00,,2.00,1,0.00,,0.00,,0.00,,0.00,,2.00,1.00,1,2.00,0.00,0.00,2.00,1,1.00,2.00,0.00,0.00,,10,0,38.89,38.89,50.00,50.00,48.72,48.72,43.94,43.94,75.00,75.00
Macao,MAC,20200314,3.00,1,0.00,,2.00,1,0.00,,0.00,,0.00,,0.00,,2.00,1.00,1,2.00,0.00,0.00,2.00,1,1.00,2.00,0.00,0.00,,10,0,38.89,38.89,50.00,50.00,48.72,48.72,43.94,43.94,75.00,75.00
Macao,MAC,20200315,3.00,1,0.00,,2.00,1,0.00,,0.00,,0.00,,0.00,,2.00,1.00,1,2.00,0.00,0.00,2.00,1,1.00,2.00,0.00,0.00,,10,0,38.89,38.89,50.00,50.00,48.72,48.72,43.94,43.94,75.00,75.00
Macao,MAC,20200316,3.00,1,0.00,,2.00,1,0.00,,0.00,,0.00,,0.00,,2.00,1.00,1,2.00,0.00,0.00,2.00,1,1.00,2.00,0.00,0.00,,11,0,38.89,38.89,50.00,50.00,48.72,48.72,43.94,43.94,75.00,75.00
Macao,MAC,20200317,3.00,1,0.00,,2.00,1,0.00,,0.00,,0.00,,0.00,,2.00,1.00,1,2.00,0.00,0.00,2.00,1,1.00,2.00,0.00,0.00,,12,0,38.89,38.89,50.00,50.00,48.72,48.72,43.94,43.94,75.00,75.00
Macao,MAC,20200318,3.00,1,0.00,,2.00,1,0.00,,0.00,,0.00,,0.00,,3.00,1.00,1,2.00,0.00,0.00,2.00,1,1.00,2.00,0.00,0.00,,15,0,41.67,41.67,53.57,53.57,50.64,50.64,46.21,46.21,75.00,75.00
Macao,MAC,20200319,3.00,1,0.00,,2.00,1,0.00,,0.00,,0.00,,0.00,,3.00,1.00,1,2.00,0.00,0.00,2.00,1,1.00,2.00,0.00,0.00,,17,0,41.67,41.67,53.57,53.57,50.64,50.64,46.21,46.21,75.00,75.00
Macao,MAC,20200320,3.00,1,0.00,,2.00,1,0.00,,0.00,,0.00,,0.00,,3.00,1.00,1,2.00,0.00,0.00,2.00,1,1.00,2.00,0.00,0.00,,17,0,41.67,41.67,53.57,53.57,50.64,50.64,46.21,46.21,75.00,75.00
Macao,MAC,20200321,3.00,1,0.00,,2.00,1,0.00,,0.00,,0.00,,0.00,,3.00,1.00,1,2.00,0.00,0.00,2.00,1,1.00,2.00,0.00,0.00,,18,0,41.67,41.67,53.57,53.57,50.64,50.64,46.21,46.21,75.00,75.00
Macao,MAC,20200322,3.00,1,0.00,,2.00,1,0.00,,0.00,,0.00,,0.00,,3.00,1.00,1,2.00,0.00,0.00,2.00,1,1.00,2.00,0.00,0.00,,24,0,41.67,41.67,53.57,53.57,50.64,50.64,46.21,46.21,75.00,75.00
Macao,MAC,20200323,3.00,1,0.00,,2.00,1,0.00,,0.00,,0.00,,0.00,,3.00,1.00,1,2.00,0.00,0.00,2.00,1,1.00,2.00,0.00,0.00,,24,0,41.67,41.67,53.57,53.57,50.64,50.64,46.21,46.21,75.00,75.00
Macao,MAC,20200324,3.00,1,0.00,,2.00,1,0.00,,0.00,,0.00,,0.00,,3.00,1.00,1,2.00,0.00,0.00,2.00,1,1.00,2.00,0.00,0.00,,25,0,41.67,41.67,53.57,53.57,50.64,50.64,46.21,46.21,75.00,75.00
Macao,MAC,20200325,3.00,1,0.00,,2.00,1,0.00,,0.00,,0.00,,0.00,,3.00,1.00,1,2.00,0.00,0.00,2.00,1,1.00,2.00,0.00,0.00,,30,0,41.67,41.67,53.57,53.57,50.64,50.64,46.21,46.21,75.00,75.00
Macao,MAC,20200326,3.00,1,0.00,,2.00,1,0.00,,0.00,,0.00,,0.00,,3.00,1.00,1,2.00,0.00,0.00,2.00,1,1.00,2.00,0.00,0.00,,31,0,41.67,41.67,53.57,53.57,50.64,50.64,46.21,46.21,75.00,75.00
Macao,MAC,20200327,3.00,1,0.00,,2.00,1,0.00,,0.00,,0.00,,0.00,,3.00,1.00,1,2.00,0.00,0.00,2.00,1,1.00,2.00,0.00,0.00,,33,0,41.67,41.67,53.57,53.57,50.64,50.64,46.21,46.21,75.00,75.00
Macao,MAC,20200328,3.00,1,0.00,,2.00,1,0.00,,0.00,,0.00,,0.00,,3.00,1.00,1,2.00,1252400000.00,0.00,2.00,1,1.00,2.00,0.00,0.00,,37,0,41.67,41.67,53.57,53.57,50.64,50.64,46.21,46.21,75.00,75.00
Macao,MAC,20200329,3.00,1,0.00,,2.00,1,0.00,,0.00,,0.00,,0.00,,3.00,1.00,1,2.00,0.00,0.00,2.00,1,1.00,2.00,0.00,0.00,,37,0,41.67,41.67,53.57,53.57,50.64,50.64,46.21,46.21,75.00,75.00
Macao,MAC,20200330,3.00,1,0.00,,2.00,1,0.00,,0.00,,0.00,,0.00,,3.00,1.00,1,2.00,0.00,0.00,2.00,1,1.00,2.00,0.00,0.00,,38,0,41.67,41.67,53.57,53.57,50.64,50.64,46.21,46.21,75.00,75.00
Macao,MAC,20200331,3.00,1,0.00,,2.00,1,0.00,,0.00,,0.00,,0.00,,3.00,1.00,1,2.00,0.00,0.00,2.00,1,1.00,2.00,0.00,0.00,,41,0,41.67,41.67,53.57,53.57,50.64,50.64,46.21,46.21,75.00,75.00
Macao,MAC,20200401,3.00,1,0.00,,2.00,1,0.00,,0.00,,0.00,,0.00,,3.00,1.00,1,2.00,0.00,0.00,2.00,1,1.00,2.00,0.00,0.00,,41,0,41.67,41.67,53.57,53.57,50.64,50.64,46.21,46.21,75.00,75.00
Macao,MAC,20200402,3.00,1,0.00,,2.00,1,0.00,,0.00,,0.00,,0.00,,3.00,1.00,1,2.00,0.00,0.00,2.00,1,1.00,2.00,0.00,0.00,,41,0,41.67,41.67,53.57,53.57,50.64,50.64,46.21,46.21,75.00,75.00
Macao,MAC,20200403,3.00,1,0.00,,2.00,1,0.00,,0.00,,0.00,,0.00,,3.00,1.00,1,2.00,0.00,0.00,2.00,1,1.00,2.00,0.00,0.00,,43,0,41.67,41.67,53.57,53.57,50.64,50.64,46.21,46.21,75.00,75.00
Macao,MAC,20200404,3.00,1,0.00,,2.00,1,0.00,,0.00,,0.00,,0.00,,3.00,1.00,1,2.00,0.00,0.00,2.00,1,1.00,2.00,0.00,0.00,,43,0,41.67,41.67,53.57,53.57,50.64,50.64,46.21,46.21,75.00,75.00
Macao,MAC,20200405,3.00,1,0.00,,2.00,1,0.00,,0.00,,0.00,,0.00,,3.00,1.00,1,2.00,0.00,0.00,2.00,1,1.00,2.00,0.00,0.00,,44,0,41.67,41.67,53.57,53.57,50.64,50.64,46.21,46.21,75.00,75.00
Macao,MAC,20200406,3.00,1,0.00,,2.00,1,0.00,,0.00,,0.00,,0.00,,3.00,1.00,1,2.00,0.00,0.00,2.00,1,1.00,2.00,0.00,0.00,,44,0,41.67,41.67,53.57,53.57,50.64,50.64,46.21,46.21,75.00,75.00
Macao,MAC,20200407,3.00,1,0.00,,2.00,1,0.00,,0.00,,0.00,,0.00,,3.00,1.00,1,2.00,0.00,0.00,2.00,1,1.00,2.00,0.00,0.00,,44,0,41.67,41.67,53.57,53.57,50.64,50.64,46.21,46.21,75.00,75.00
Macao,MAC,20200408,3.00,1,0.00,,2.00,1,0.00,,0.00,,0.00,,0.00,,3.00,1.00,0,2.00,0.00,0.00,2.00,1,1.00,2.00,0.00,0.00,,45,0,41.67,41.67,53.57,53.57,48.72,48.72,46.21,46.21,62.50,62.50
Macao,MAC,20200409,3.00,1,0.00,,2.00,1,0.00,,0.00,,0.00,,0.00,,3.00,1.00,0,2.00,0.00,0.00,2.00,1,1.00,2.00,0.00,0.00,,45,0,41.67,41.67,53.57,53.57,48.72,48.72,46.21,46.21,62.50,62.50
Macao,MAC,20200410,3.00,1,0.00,,2.00,1,0.00,,0.00,,0.00,,0.00,,4.00,1.00,0,2.00,0.00,0.00,2.00,1,1.00,2.00,0.00,0.00,,45,0,44.44,44.44,57.14,57.14,50.64,50.64,48.48,48.48,62.50,62.50
Macao,MAC,20200411,3.00,1,0.00,,2.00,1,0.00,,0.00,,0.00,,0.00,,4.00,1.00,0,2.00,0.00,0.00,2.00,1,1.00,2.00,0.00,0.00,,45,0,44.44,44.44,57.14,57.14,50.64,50.64,48.48,48.48,62.50,62.50
Macao,MAC,20200412,3.00,1,0.00,,2.00,1,0.00,,0.00,,0.00,,0.00,,4.00,1.00,0,2.00,0.00,0.00,2.00,1,1.00,2.00,0.00,0.00,,45,0,44.44,44.44,57.14,57.14,50.64,50.64,48.48,48.48,62.50,62.50
Macao,MAC,20200413,3.00,1,0.00,,2.00,1,0.00,,0.00,,0.00,,0.00,,4.00,1.00,0,2.00,0.00,0.00,2.00,1,1.00,2.00,0.00,0.00,,45,0,44.44,44.44,57.14,57.14,50.64,50.64,48.48,48.48,62.50,62.50
Macao,MAC,20200414,3.00,1,0.00,,2.00,1,0.00,,0.00,,0.00,,0.00,,4.00,1.00,0,2.00,0.00,0.00,2.00,1,1.00,2.00,0.00,0.00,,45,0,44.44,44.44,57.14,57.14,50.64,50.64,48.48,48.48,62.50,62.50
Macao,MAC,20200415,3.00,1,0.00,,2.00,1,0.00,,0.00,,0.00,,0.00,,4.00,1.00,0,2.00,0.00,0.00,2.00,1,1.00,2.00,0.00,0.00,,45,0,44.44,44.44,57.14,57.14,50.64,50.64,48.48,48.48,62.50,62.50
Macao,MAC,20200416,3.00,1,0.00,,2.00,1,0.00,,0.00,,0.00,,0.00,,4.00,1.00,0,2.00,0.00,0.00,2.00,1,1.00,2.00,0.00,0.00,,45,0,44.44,44.44,57.14,57.14,50.64,50.64,48.48,48.48,62.50,62.50
Macao,MAC,20200417,3.00,1,0.00,,2.00,1,0.00,,0.00,,0.00,,0.00,,4.00,1.00,0,2.00,0.00,0.00,2.00,1,1.00,2.00,0.00,0.00,,45,0,44.44,44.44,57.14,57.14,50.64,50.64,48.48,48.48,62.50,62.50
Macao,MAC,20200418,3.00,1,0.00,,2.00,1,0.00,,0.00,,0.00,,0.00,,4.00,1.00,0,2.00,0.00,0.00,2.00,1,1.00,2.00,0.00,0.00,,45,0,44.44,44.44,57.14,57.14,50.64,50.64,48.48,48.48,62.50,62.50
Macao,MAC,20200419,3.00,1,0.00,,2.00,1,0.00,,0.00,,0.00,,0.00,,4.00,1.00,0,2.00,0.00,0.00,2.00,1,1.00,2.00,0.00,0.00,,45,0,44.44,44.44,57.14,57.14,50.64,50.64,48.48,48.48,62.50,62.50
Macao,MAC,20200420,3.00,1,0.00,,2.00,1,0.00,,0.00,,0.00,,0.00,,4.00,1.00,0,2.00,0.00,0.00,2.00,1,1.00,2.00,0.00,0.00,,45,0,44.44,44.44,57.14,57.14,50.64,50.64,48.48,48.48,62.50,62.50
Macao,MAC,20200421,3.00,1,0.00,,2.00,1,0.00,,0.00,,0.00,,0.00,,4.00,1.00,0,2.00,0.00,0.00,2.00,1,1.00,2.00,0.00,0.00,,45,0,44.44,44.44,57.14,57.14,50.64,50.64,48.48,48.48,62.50,62.50
Macao,MAC,20200422,3.00,1,0.00,,2.00,1,0.00,,0.00,,0.00,,0.00,,4.00,1.00,0,2.00,0.00,0.00,2.00,1,1.00,2.00,0.00,0.00,,45,0,44.44,44.44,57.14,57.14,50.64,50.64,48.48,48.48,62.50,62.50
Macao,MAC,20200423,3.00,1,0.00,,2.00,1,0.00,,0.00,,0.00,,0.00,,4.00,1.00,0,2.00,0.00,0.00,2.00,1,1.00,2.00,0.00,0.00,,45,0,44.44,44.44,57.14,57.14,50.64,50.64,48.48,48.48,62.50,62.50
Macao,MAC,20200424,3.00,1,0.00,,2.00,1,0.00,,0.00,,0.00,,0.00,,4.00,1.00,0,2.00,0.00,0.00,2.00,1,1.00,2.00,0.00,0.00,,45,0,44.44,44.44,57.14,57.14,50.64,50.64,48.48,48.48,62.50,62.50
Macao,MAC,20200425,3.00,1,0.00,,2.00,1,0.00,,0.00,,0.00,,0.00,,4.00,1.00,0,2.00,0.00,0.00,2.00,1,1.00,2.00,0.00,0.00,,45,0,44.44,44.44,57.14,57.14,50.64,50.64,48.48,48.48,62.50,62.50
Macao,MAC,20200426,3.00,1,0.00,,2.00,1,0.00,,0.00,,0.00,,0.00,,4.00,1.00,0,2.00,0.00,0.00,2.00,1,1.00,2.00,0.00,0.00,,45,0,44.44,44.44,57.14,57.14,50.64,50.64,48.48,48.48,62.50,62.50
Macao,MAC,20200427,3.00,1,0.00,,2.00,1,0.00,,0.00,,0.00,,0.00,,4.00,1.00,0,2.00,0.00,0.00,2.00,1,1.00,2.00,0.00,0.00,,45,0,44.44,44.44,57.14,57.14,50.64,50.64,48.48,48.48,62.50,62.50
Macao,MAC,20200428,3.00,1,0.00,,2.00,1,0.00,,0.00,,0.00,,0.00,,4.00,1.00,0,2.00,0.00,0.00,2.00,1,1.00,2.00,0.00,0.00,,45,0,44.44,44.44,57.14,57.14,50.64,50.64,48.48,48.48,62.50,62.50
Macao,MAC,20200429,3.00,1,0.00,,2.00,1,0.00,,0.00,,0.00,,0.00,,4.00,1.00,0,2.00,0.00,0.00,2.00,1,1.00,2.00,0.00,0.00,,45,0,44.44,44.44,57.14,57.14,50.64,50.64,48.48,48.48,62.50,62.50
Macao,MAC,20200430,3.00,1,0.00,,2.00,1,0.00,,0.00,,0.00,,0.00,,4.00,1.00,0,2.00,0.00,0.00,2.00,1,1.00,2.00,0.00,0.00,,45,0,44.44,44.44,57.14,57.14,50.64,50.64,48.48,48.48,62.50,62.50
Macao,MAC,20200501,3.00,1,0.00,,2.00,1,0.00,,0.00,,0.00,,0.00,,4.00,1.00,0,2.00,0.00,0.00,2.00,1,1.00,2.00,0.00,0.00,,45,0,44.44,44.44,57.14,57.14,50.64,50.64,48.48,48.48,62.50,62.50
Macao,MAC,20200502,3.00,1,0.00,,2.00,1,0.00,,0.00,,0.00,,0.00,,4.00,1.00,0,2.00,0.00,0.00,2.00,1,1.00,2.00,0.00,0.00,,45,0,44.44,44.44,57.14,57.14,50.64,50.64,48.48,48.48,62.50,62.50
Macao,MAC,20200503,3.00,1,0.00,,2.00,1,0.00,,0.00,,0.00,,0.00,,4.00,1.00,0,2.00,0.00,0.00,2.00,1,1.00,2.00,0.00,0.00,,45,0,44.44,44.44,57.14,57.14,50.64,50.64,48.48,48.48,62.50,62.50
Macao,MAC,20200504,2.00,1,0.00,,2.00,1,0.00,,0.00,,0.00,,0.00,,4.00,1.00,0,2.00,0.00,0.00,2.00,1,1.00,2.00,0.00,0.00,,45,0,40.74,40.74,53.57,53.57,48.08,48.08,45.45,45.45,62.50,62.50
Macao,MAC,20200505,2.00,1,0.00,,2.00,1,0.00,,0.00,,0.00,,0.00,,4.00,1.00,0,2.00,0.00,0.00,2.00,1,1.00,2.00,0.00,0.00,,45,0,40.74,40.74,53.57,53.57,48.08,48.08,45.45,45.45,62.50,62.50
Macao,MAC,20200506,2.00,1,0.00,,2.00,1,0.00,,0.00,,0.00,,0.00,,4.00,1.00,0,2.00,0.00,0.00,2.00,1,1.00,2.00,0.00,0.00,,45,0,40.74,40.74,53.57,53.57,48.08,48.08,45.45,45.45,62.50,62.50
Macao,MAC,20200507,2.00,1,0.00,,2.00,1,0.00,,0.00,,0.00,,0.00,,4.00,1.00,0,2.00,0.00,0.00,2.00,1,1.00,2.00,0.00,0.00,,45,0,40.74,40.74,53.57,53.57,48.08,48.08,45.45,45.45,62.50,62.50
Macao,MAC,20200508,2.00,1,0.00,,2.00,1,0.00,,0.00,,0.00,,0.00,,4.00,1.00,0,2.00,0.00,0.00,2.00,1,1.00,2.00,0.00,0.00,,45,0,40.74,40.74,53.57,53.57,48.08,48.08,45.45,45.45,62.50,62.50
Macao,MAC,20200509,2.00,1,0.00,,2.00,1,0.00,,0.00,,0.00,,0.00,,4.00,1.00,0,2.00,0.00,0.00,2.00,1,1.00,2.00,0.00,0.00,,45,0,40.74,40.74,53.57,53.57,48.08,48.08,45.45,45.45,62.50,62.50
Macao,MAC,20200510,2.00,1,0.00,,2.00,1,0.00,,0.00,,0.00,,0.00,,4.00,1.00,0,2.00,0.00,0.00,2.00,1,1.00,2.00,0.00,0.00,,45,0,40.74,40.74,53.57,53.57,48.08,48.08,45.45,45.45,62.50,62.50
Macao,MAC,20200511,2.00,1,0.00,,2.00,1,0.00,,0.00,,0.00,,0.00,,3.00,1.00,0,2.00,0.00,0.00,2.00,1,1.00,2.00,0.00,0.00,,45,0,37.96,37.96,50.00,50.00,46.15,46.15,43.18,43.18,62.50,62.50
Macao,MAC,20200512,2.00,1,0.00,,2.00,1,0.00,,0.00,,0.00,,0.00,,3.00,1.00,0,2.00,0.00,0.00,2.00,1,1.00,2.00,0.00,0.00,,45,0,37.96,37.96,50.00,50.00,46.15,46.15,43.18,43.18,62.50,62.50
Macao,MAC,20200513,2.00,1,0.00,,2.00,1,0.00,,0.00,,0.00,,0.00,,3.00,1.00,0,2.00,0.00,0.00,2.00,1,1.00,2.00,0.00,0.00,,45,0,37.96,37.96,50.00,50.00,46.15,46.15,43.18,43.18,62.50,62.50
Macao,MAC,20200514,2.00,1,0.00,,2.00,1,0.00,,0.00,,0.00,,0.00,,3.00,1.00,0,2.00,0.00,0.00,2.00,1,1.00,2.00,0.00,0.00,,45,0,37.96,37.96,50.00,50.00,46.15,46.15,43.18,43.18,62.50,62.50
Macao,MAC,20200515,2.00,1,0.00,,2.00,1,0.00,,0.00,,0.00,,0.00,,3.00,1.00,0,2.00,0.00,0.00,2.00,1,1.00,2.00,0.00,0.00,,45,0,37.96,37.96,50.00,50.00,46.15,46.15,43.18,43.18,62.50,62.50
Macao,MAC,20200516,2.00,1,0.00,,2.00,1,0.00,,0.00,,0.00,,0.00,,3.00,1.00,0,2.00,0.00,0.00,2.00,1,1.00,2.00,0.00,0.00,,45,0,37.96,37.96,50.00,50.00,46.15,46.15,43.18,43.18,62.50,62.50
Macao,MAC,20200517,2.00,1,0.00,,2.00,1,0.00,,0.00,,0.00,,0.00,,3.00,1.00,0,2.00,0.00,0.00,2.00,1,1.00,2.00,0.00,0.00,,45,0,37.96,37.96,50.00,50.00,46.15,46.15,43.18,43.18,62.50,62.50
Macao,MAC,20200518,2.00,1,0.00,,2.00,1,0.00,,0.00,,0.00,,0.00,,3.00,1.00,0,2.00,0.00,0.00,2.00,1,1.00,2.00,0.00,0.00,,45,0,37.96,37.96,50.00,50.00,46.15,46.15,43.18,43.18,62.50,62.50
Macao,MAC,20200519,2.00,1,0.00,,2.00,1,0.00,,0.00,,0.00,,0.00,,3.00,1.00,0,2.00,0.00,0.00,2.00,1,1.00,2.00,0.00,0.00,,45,0,37.96,37.96,50.00,50.00,46.15,46.15,43.18,43.18,62.50,62.50
Macao,MAC,20200520,2.00,1,0.00,,2.00,1,0.00,,0.00,,0.00,,0.00,,3.00,1.00,0,2.00,0.00,0.00,2.00,1,1.00,2.00,0.00,0.00,,45,0,37.96,37.96,50.00,50.00,46.15,46.15,43.18,43.18,62.50,62.50
Macao,MAC,20200521,2.00,1,0.00,,2.00,1,0.00,,0.00,,0.00,,0.00,,3.00,1.00,0,2.00,0.00,0.00,2.00,1,1.00,2.00,0.00,0.00,,45,0,37.96,37.96,50.00,50.00,46.15,46.15,43.18,43.18,62.50,62.50
Macao,MAC,20200522,2.00,1,0.00,,2.00,1,0.00,,0.00,,0.00,,0.00,,3.00,1.00,0,2.00,0.00,0.00,2.00,1,1.00,2.00,0.00,0.00,,45,0,37.96,37.96,50.00,50.00,46.15,46.15,43.18,43.18,62.50,62.50
Macao,MAC,20200523,2.00,1,0.00,,2.00,1,0.00,,0.00,,0.00,,0.00,,3.00,1.00,0,2.00,0.00,0.00,2.00,1,1.00,2.00,0.00,0.00,,45,0,37.96,37.96,50.00,50.00,46.15,46.15,43.18,43.18,62.50,62.50
Macao,MAC,20200524,2.00,1,0.00,,2.00,1,0.00,,0.00,,0.00,,0.00,,3.00,1.00,0,2.00,0.00,0.00,2.00,1,1.00,2.00,0.00,0.00,,45,0,37.96,37.96,50.00,50.00,46.15,46.15,43.18,43.18,62.50,62.50
Macao,MAC,20200525,2.00,1,0.00,,2.00,1,0.00,,0.00,,0.00,,0.00,,3.00,1.00,0,2.00,0.00,0.00,2.00,1,1.00,2.00,0.00,0.00,,45,0,37.96,37.96,50.00,50.00,46.15,46.15,43.18,43.18,62.50,62.50
Macao,MAC,20200526,2.00,1,0.00,,2.00,1,0.00,,0.00,,0.00,,0.00,,3.00,1.00,0,2.00,0.00,0.00,2.00,1,1.00,2.00,0.00,0.00,,45,0,37.96,37.96,50.00,50.00,46.15,46.15,43.18,43.18,62.50,62.50
Macao,MAC,20200527,2.00,1,0.00,,2.00,1,0.00,,0.00,,0.00,,0.00,,3.00,1.00,0,2.00,0.00,0.00,2.00,1,1.00,2.00,0.00,0.00,,45,0,37.96,37.96,50.00,50.00,46.15,46.15,43.18,43.18,62.50,62.50
Macao,MAC,20200528,2.00,1,0.00,,2.00,1,0.00,,0.00,,0.00,,0.00,,3.00,1.00,0,2.00,0.00,0.00,2.00,1,1.00,2.00,0.00,0.00,,45,0,37.96,37.96,50.00,50.00,46.15,46.15,43.18,43.18,62.50,62.50
Macao,MAC,20200529,2.00,1,0.00,,2.00,1,0.00,,0.00,,0.00,,0.00,,3.00,1.00,0,2.00,0.00,0.00,2.00,1,1.00,2.00,0.00,0.00,,45,0,37.96,37.96,50.00,50.00,46.15,46.15,43.18,43.18,62.50,62.50
Macao,MAC,20200530,2.00,1,0.00,,2.00,1,0.00,,0.00,,0.00,,0.00,,3.00,1.00,0,2.00,0.00,0.00,2.00,1,1.00,2.00,0.00,0.00,,45,0,37.96,37.96,50.00,50.00,46.15,46.15,43.18,43.18,62.50,62.50
Macao,MAC,20200531,2.00,1,0.00,,2.00,1,0.00,,0.00,,0.00,,0.00,,3.00,1.00,0,2.00,0.00,0.00,2.00,1,1.00,2.00,0.00,0.00,,45,0,37.96,37.96,50.00,50.00,46.15,46.15,43.18,43.18,62.50,62.50
Macao,MAC,20200601,2.00,1,0.00,,2.00,1,0.00,,0.00,,0.00,,0.00,,3.00,1.00,0,2.00,0.00,0.00,2.00,1,1.00,2.00,0.00,0.00,,45,0,37.96,37.96,50.00,50.00,46.15,46.15,43.18,43.18,62.50,62.50
Macao,MAC,20200602,2.00,1,0.00,,2.00,1,0.00,,0.00,,0.00,,0.00,,3.00,1.00,0,2.00,0.00,0.00,2.00,1,1.00,2.00,0.00,0.00,,45,0,37.96,37.96,50.00,50.00,46.15,46.15,43.18,43.18,62.50,62.50
Macao,MAC,20200603,2.00,1,0.00,,2.00,1,0.00,,0.00,,0.00,,0.00,,3.00,1.00,0,2.00,0.00,0.00,2.00,1,1.00,2.00,0.00,0.00,,45,0,37.96,37.96,50.00,50.00,46.15,46.15,43.18,43.18,62.50,62.50
Macao,MAC,20200604,2.00,1,0.00,,2.00,1,0.00,,0.00,,0.00,,0.00,,3.00,1.00,0,2.00,0.00,0.00,2.00,1,1.00,2.00,0.00,0.00,,45,0,37.96,37.96,50.00,50.00,46.15,46.15,43.18,43.18,62.50,62.50
Macao,MAC,20200605,2.00,1,0.00,,2.00,1,0.00,,0.00,,0.00,,0.00,,3.00,1.00,0,2.00,0.00,0.00,2.00,1,1.00,2.00,0.00,0.00,,45,0,37.96,37.96,50.00,50.00,46.15,46.15,43.18,43.18,62.50,62.50
Macao,MAC,20200606,2.00,1,0.00,,2.00,1,0.00,,0.00,,0.00,,0.00,,3.00,1.00,0,2.00,0.00,0.00,2.00,1,1.00,2.00,0.00,0.00,,45,0,37.96,37.96,50.00,50.00,46.15,46.15,43.18,43.18,62.50,62.50
Macao,MAC,20200607,2.00,1,0.00,,2.00,1,0.00,,0.00,,0.00,,0.00,,3.00,1.00,0,2.00,0.00,0.00,2.00,1,1.00,2.00,0.00,0.00,,45,0,37.96,37.96,50.00,50.00,46.15,46.15,43.18,43.18,62.50,62.50
Macao,MAC,20200608,2.00,1,0.00,,2.00,1,0.00,,0.00,,0.00,,0.00,,3.00,1.00,0,2.00,0.00,0.00,2.00,1,1.00,2.00,0.00,0.00,,45,0,37.96,37.96,50.00,50.00,46.15,46.15,43.18,43.18,62.50,62.50
Macao,MAC,20200609,2.00,1,0.00,,2.00,1,0.00,,0.00,,0.00,,0.00,,3.00,1.00,0,2.00,0.00,0.00,2.00,1,1.00,2.00,0.00,0.00,,45,0,37.96,37.96,50.00,50.00,46.15,46.15,43.18,43.18,62.50,62.50
Macao,MAC,20200610,2.00,1,0.00,,2.00,1,0.00,,0.00,,0.00,,0.00,,3.00,1.00,0,2.00,0.00,0.00,2.00,1,1.00,2.00,0.00,0.00,,45,0,37.96,37.96,50.00,50.00,46.15,46.15,43.18,43.18,62.50,62.50
Macao,MAC,20200611,2.00,1,0.00,,2.00,1,0.00,,0.00,,0.00,,0.00,,3.00,1.00,0,2.00,0.00,0.00,2.00,1,1.00,2.00,0.00,0.00,,45,0,37.96,37.96,50.00,50.00,46.15,46.15,43.18,43.18,62.50,62.50
Macao,MAC,20200612,2.00,1,0.00,,2.00,1,0.00,,0.00,,0.00,,0.00,,3.00,1.00,0,2.00,0.00,0.00,2.00,1,1.00,2.00,0.00,0.00,,45,0,37.96,37.96,50.00,50.00,46.15,46.15,43.18,43.18,62.50,62.50
Macao,MAC,20200613,2.00,1,0.00,,2.00,1,0.00,,0.00,,0.00,,0.00,,3.00,1.00,0,2.00,0.00,0.00,2.00,1,1.00,2.00,0.00,0.00,,45,0,37.96,37.96,50.00,50.00,46.15,46.15,43.18,43.18,62.50,62.50
Macao,MAC,20200614,2.00,1,0.00,,2.00,1,0.00,,0.00,,0.00,,0.00,,3.00,1.00,0,2.00,0.00,0.00,2.00,1,1.00,2.00,0.00,0.00,,45,0,37.96,37.96,50.00,50.00,46.15,46.15,43.18,43.18,62.50,62.50
Macao,MAC,20200615,2.00,1,0.00,,2.00,1,0.00,,0.00,,0.00,,0.00,,3.00,1.00,0,2.00,0.00,0.00,2.00,1,1.00,2.00,0.00,0.00,,45,0,37.96,37.96,50.00,50.00,46.15,46.15,43.18,43.18,62.50,62.50
Macao,MAC,20200616,,,,,,,,,,,,,,,,,,,,,,,,,,,,45,0,,,,,,,,,,
Macao,MAC,20200617,,,,,,,,,,,,,,,,,,,,,,,,,,,,45,0,,37.96,,50.00,,46.15,,43.18,,62.50
Macao,MAC,20200618,,,,,,,,,,,,,,,,,,,,,,,,,,,,45,0,,37.96,,50.00,,46.15,,43.18,,62.50
Macao,MAC,20200619,,,,,,,,,,,,,,,,,,,,,,,,,,,,45,0,,37.96,,50.00,,46.15,,43.18,,62.50
Macao,MAC,20200620,,,,,,,,,,,,,,,,,,,,,,,,,,,,45,0,,37.96,,50.00,,46.15,,43.18,,62.50
Macao,MAC,20200621,,,,,,,,,,,,,,,,,,,,,,,,,,,,45,0,,37.96,,50.00,,46.15,,43.18,,62.50
Macao,MAC,20200622,,,,,,,,,,,,,,,,,,,,,,,,,,,,45,0,,37.96,,50.00,,46.15,,43.18,,62.50
Macao,MAC,20200623,,,,,,,,,,,,,,,,,,,,,,,,,,,,,,,37.96,,50.00,,46.15,,43.18,,62.50
