Madagascar,MDG,20200101,0.00,,0.00,,0.00,,0.00,,0.00,,0.00,,0.00,,0.00,0.00,,0.00,0.00,0.00,0.00,,0.00,0.00,0.00,0.00,,,,0.00,0.00,0.00,0.00,0.00,0.00,0.00,0.00,0.00,0.00
Madagascar,MDG,20200102,0.00,,0.00,,0.00,,0.00,,0.00,,0.00,,0.00,,0.00,0.00,,0.00,0.00,0.00,0.00,,0.00,0.00,0.00,0.00,,,,0.00,0.00,0.00,0.00,0.00,0.00,0.00,0.00,0.00,0.00
Madagascar,MDG,20200103,0.00,,0.00,,0.00,,0.00,,0.00,,0.00,,0.00,,0.00,0.00,,0.00,0.00,0.00,0.00,,0.00,0.00,0.00,0.00,,,,0.00,0.00,0.00,0.00,0.00,0.00,0.00,0.00,0.00,0.00
Madagascar,MDG,20200104,0.00,,0.00,,0.00,,0.00,,0.00,,0.00,,0.00,,0.00,0.00,,0.00,0.00,0.00,0.00,,0.00,0.00,0.00,0.00,,,,0.00,0.00,0.00,0.00,0.00,0.00,0.00,0.00,0.00,0.00
Madagascar,MDG,20200105,0.00,,0.00,,0.00,,0.00,,0.00,,0.00,,0.00,,0.00,0.00,,0.00,0.00,0.00,0.00,,0.00,0.00,0.00,0.00,,,,0.00,0.00,0.00,0.00,0.00,0.00,0.00,0.00,0.00,0.00
Madagascar,MDG,20200106,0.00,,0.00,,0.00,,0.00,,0.00,,0.00,,0.00,,0.00,0.00,,0.00,0.00,0.00,0.00,,0.00,0.00,0.00,0.00,,,,0.00,0.00,0.00,0.00,0.00,0.00,0.00,0.00,0.00,0.00
Madagascar,MDG,20200107,0.00,,0.00,,0.00,,0.00,,0.00,,0.00,,0.00,,0.00,0.00,,0.00,0.00,0.00,0.00,,0.00,0.00,0.00,0.00,,,,0.00,0.00,0.00,0.00,0.00,0.00,0.00,0.00,0.00,0.00
Madagascar,MDG,20200108,0.00,,0.00,,0.00,,0.00,,0.00,,0.00,,0.00,,0.00,0.00,,0.00,0.00,0.00,0.00,,0.00,0.00,0.00,0.00,,,,0.00,0.00,0.00,0.00,0.00,0.00,0.00,0.00,0.00,0.00
Madagascar,MDG,20200109,0.00,,0.00,,0.00,,0.00,,0.00,,0.00,,0.00,,0.00,0.00,,0.00,0.00,0.00,0.00,,0.00,0.00,0.00,0.00,,,,0.00,0.00,0.00,0.00,0.00,0.00,0.00,0.00,0.00,0.00
Madagascar,MDG,20200110,0.00,,0.00,,0.00,,0.00,,0.00,,0.00,,0.00,,0.00,0.00,,0.00,0.00,0.00,0.00,,0.00,0.00,0.00,0.00,,,,0.00,0.00,0.00,0.00,0.00,0.00,0.00,0.00,0.00,0.00
Madagascar,MDG,20200111,0.00,,0.00,,0.00,,0.00,,0.00,,0.00,,0.00,,0.00,0.00,,0.00,0.00,0.00,0.00,,0.00,0.00,0.00,0.00,,,,0.00,0.00,0.00,0.00,0.00,0.00,0.00,0.00,0.00,0.00
Madagascar,MDG,20200112,0.00,,0.00,,0.00,,0.00,,0.00,,0.00,,0.00,,0.00,0.00,,0.00,0.00,0.00,0.00,,0.00,0.00,0.00,0.00,,,,0.00,0.00,0.00,0.00,0.00,0.00,0.00,0.00,0.00,0.00
Madagascar,MDG,20200113,0.00,,0.00,,0.00,,0.00,,0.00,,0.00,,0.00,,0.00,0.00,,0.00,0.00,0.00,0.00,,0.00,0.00,0.00,0.00,,,,0.00,0.00,0.00,0.00,0.00,0.00,0.00,0.00,0.00,0.00
Madagascar,MDG,20200114,0.00,,0.00,,0.00,,0.00,,0.00,,0.00,,0.00,,0.00,0.00,,0.00,0.00,0.00,0.00,,0.00,0.00,0.00,0.00,,,,0.00,0.00,0.00,0.00,0.00,0.00,0.00,0.00,0.00,0.00
Madagascar,MDG,20200115,0.00,,0.00,,0.00,,0.00,,0.00,,0.00,,0.00,,0.00,0.00,,0.00,0.00,0.00,0.00,,0.00,0.00,0.00,0.00,,,,0.00,0.00,0.00,0.00,0.00,0.00,0.00,0.00,0.00,0.00
Madagascar,MDG,20200116,0.00,,0.00,,0.00,,0.00,,0.00,,0.00,,0.00,,0.00,0.00,,0.00,0.00,0.00,0.00,,0.00,0.00,0.00,0.00,,,,0.00,0.00,0.00,0.00,0.00,0.00,0.00,0.00,0.00,0.00
Madagascar,MDG,20200117,0.00,,0.00,,0.00,,0.00,,0.00,,0.00,,0.00,,0.00,0.00,,0.00,0.00,0.00,0.00,,0.00,0.00,0.00,0.00,,,,0.00,0.00,0.00,0.00,0.00,0.00,0.00,0.00,0.00,0.00
Madagascar,MDG,20200118,0.00,,0.00,,0.00,,0.00,,0.00,,0.00,,0.00,,0.00,0.00,,0.00,0.00,0.00,0.00,,0.00,0.00,0.00,0.00,,,,0.00,0.00,0.00,0.00,0.00,0.00,0.00,0.00,0.00,0.00
Madagascar,MDG,20200119,0.00,,0.00,,0.00,,0.00,,0.00,,0.00,,0.00,,0.00,0.00,,0.00,0.00,0.00,0.00,,0.00,0.00,0.00,0.00,,,,0.00,0.00,0.00,0.00,0.00,0.00,0.00,0.00,0.00,0.00
Madagascar,MDG,20200120,0.00,,0.00,,0.00,,0.00,,0.00,,0.00,,0.00,,0.00,0.00,,0.00,0.00,0.00,0.00,,0.00,0.00,0.00,0.00,,,,0.00,0.00,0.00,0.00,0.00,0.00,0.00,0.00,0.00,0.00
Madagascar,MDG,20200121,0.00,,0.00,,0.00,,0.00,,0.00,,0.00,,0.00,,0.00,0.00,,0.00,0.00,0.00,0.00,,0.00,0.00,0.00,0.00,,,,0.00,0.00,0.00,0.00,0.00,0.00,0.00,0.00,0.00,0.00
Madagascar,MDG,20200122,0.00,,0.00,,0.00,,0.00,,0.00,,0.00,,0.00,,0.00,0.00,,0.00,0.00,0.00,0.00,,0.00,0.00,0.00,0.00,,,,0.00,0.00,0.00,0.00,0.00,0.00,0.00,0.00,0.00,0.00
Madagascar,MDG,20200123,0.00,,0.00,,0.00,,0.00,,0.00,,0.00,,0.00,,0.00,0.00,,0.00,0.00,0.00,0.00,,0.00,0.00,0.00,0.00,,,,0.00,0.00,0.00,0.00,0.00,0.00,0.00,0.00,0.00,0.00
Madagascar,MDG,20200124,0.00,,0.00,,0.00,,0.00,,0.00,,0.00,,0.00,,0.00,0.00,,0.00,0.00,0.00,0.00,,0.00,0.00,0.00,0.00,,,,0.00,0.00,0.00,0.00,0.00,0.00,0.00,0.00,0.00,0.00
Madagascar,MDG,20200125,0.00,,0.00,,0.00,,0.00,,0.00,,0.00,,0.00,,0.00,0.00,,0.00,0.00,0.00,0.00,,0.00,0.00,0.00,0.00,,,,0.00,0.00,0.00,0.00,0.00,0.00,0.00,0.00,0.00,0.00
Madagascar,MDG,20200126,0.00,,0.00,,0.00,,0.00,,0.00,,0.00,,0.00,,0.00,0.00,,0.00,0.00,0.00,0.00,,0.00,0.00,0.00,0.00,,,,0.00,0.00,0.00,0.00,0.00,0.00,0.00,0.00,0.00,0.00
Madagascar,MDG,20200127,0.00,,0.00,,0.00,,0.00,,0.00,,0.00,,0.00,,0.00,0.00,,0.00,0.00,0.00,0.00,,0.00,0.00,0.00,0.00,,,,0.00,0.00,0.00,0.00,0.00,0.00,0.00,0.00,0.00,0.00
Madagascar,MDG,20200128,0.00,,0.00,,0.00,,0.00,,0.00,,0.00,,0.00,,0.00,0.00,,0.00,0.00,0.00,0.00,,0.00,0.00,0.00,0.00,,,,0.00,0.00,0.00,0.00,0.00,0.00,0.00,0.00,0.00,0.00
Madagascar,MDG,20200129,0.00,,0.00,,0.00,,0.00,,0.00,,0.00,,0.00,,0.00,0.00,,0.00,0.00,0.00,0.00,,0.00,0.00,0.00,0.00,,,,0.00,0.00,0.00,0.00,0.00,0.00,0.00,0.00,0.00,0.00
Madagascar,MDG,20200130,0.00,,0.00,,0.00,,0.00,,0.00,,0.00,,0.00,,0.00,0.00,,0.00,0.00,0.00,0.00,,0.00,0.00,0.00,0.00,,,,0.00,0.00,0.00,0.00,0.00,0.00,0.00,0.00,0.00,0.00
Madagascar,MDG,20200131,0.00,,0.00,,0.00,,0.00,,0.00,,0.00,,0.00,,0.00,0.00,,0.00,0.00,0.00,0.00,,0.00,0.00,0.00,0.00,,,,0.00,0.00,0.00,0.00,0.00,0.00,0.00,0.00,0.00,0.00
Madagascar,MDG,20200201,0.00,,0.00,,0.00,,0.00,,0.00,,0.00,,0.00,,0.00,0.00,,0.00,0.00,0.00,0.00,,0.00,0.00,0.00,0.00,,,,0.00,0.00,0.00,0.00,0.00,0.00,0.00,0.00,0.00,0.00
Madagascar,MDG,20200202,0.00,,0.00,,0.00,,0.00,,0.00,,0.00,,0.00,,0.00,0.00,,0.00,0.00,0.00,0.00,,0.00,0.00,0.00,0.00,,,,0.00,0.00,0.00,0.00,0.00,0.00,0.00,0.00,0.00,0.00
Madagascar,MDG,20200203,0.00,,0.00,,0.00,,0.00,,0.00,,0.00,,0.00,,0.00,0.00,,0.00,0.00,0.00,0.00,,0.00,0.00,0.00,0.00,,,,0.00,0.00,0.00,0.00,0.00,0.00,0.00,0.00,0.00,0.00
Madagascar,MDG,20200204,0.00,,0.00,,0.00,,0.00,,0.00,,0.00,,0.00,,0.00,0.00,,0.00,0.00,0.00,0.00,,0.00,0.00,0.00,0.00,,,,0.00,0.00,0.00,0.00,0.00,0.00,0.00,0.00,0.00,0.00
Madagascar,MDG,20200205,0.00,,0.00,,0.00,,0.00,,0.00,,0.00,,0.00,,0.00,0.00,,0.00,0.00,0.00,0.00,,0.00,0.00,0.00,0.00,,,,0.00,0.00,0.00,0.00,0.00,0.00,0.00,0.00,0.00,0.00
Madagascar,MDG,20200206,0.00,,0.00,,0.00,,0.00,,0.00,,0.00,,0.00,,0.00,0.00,,0.00,0.00,0.00,0.00,,0.00,0.00,0.00,0.00,,,,0.00,0.00,0.00,0.00,0.00,0.00,0.00,0.00,0.00,0.00
Madagascar,MDG,20200207,0.00,,0.00,,0.00,,0.00,,0.00,,0.00,,0.00,,0.00,0.00,,0.00,0.00,0.00,0.00,,0.00,0.00,0.00,0.00,,,,0.00,0.00,0.00,0.00,0.00,0.00,0.00,0.00,0.00,0.00
Madagascar,MDG,20200208,0.00,,0.00,,0.00,,0.00,,0.00,,0.00,,0.00,,0.00,0.00,,0.00,0.00,0.00,0.00,,0.00,0.00,0.00,0.00,,,,0.00,0.00,0.00,0.00,0.00,0.00,0.00,0.00,0.00,0.00
Madagascar,MDG,20200209,0.00,,0.00,,0.00,,0.00,,0.00,,0.00,,0.00,,0.00,0.00,,0.00,0.00,0.00,0.00,,0.00,0.00,0.00,0.00,,,,0.00,0.00,0.00,0.00,0.00,0.00,0.00,0.00,0.00,0.00
Madagascar,MDG,20200210,0.00,,0.00,,0.00,,0.00,,0.00,,0.00,,0.00,,0.00,0.00,,0.00,0.00,0.00,0.00,,0.00,0.00,0.00,0.00,,,,0.00,0.00,0.00,0.00,0.00,0.00,0.00,0.00,0.00,0.00
Madagascar,MDG,20200211,0.00,,0.00,,0.00,,0.00,,0.00,,0.00,,0.00,,0.00,0.00,,0.00,0.00,0.00,0.00,,0.00,0.00,0.00,0.00,,,,0.00,0.00,0.00,0.00,0.00,0.00,0.00,0.00,0.00,0.00
Madagascar,MDG,20200212,0.00,,0.00,,0.00,,0.00,,0.00,,0.00,,0.00,,0.00,0.00,,0.00,0.00,0.00,0.00,,0.00,0.00,0.00,0.00,,,,0.00,0.00,0.00,0.00,0.00,0.00,0.00,0.00,0.00,0.00
Madagascar,MDG,20200213,0.00,,0.00,,0.00,,0.00,,0.00,,0.00,,0.00,,0.00,0.00,,0.00,0.00,0.00,0.00,,0.00,0.00,0.00,0.00,,,,0.00,0.00,0.00,0.00,0.00,0.00,0.00,0.00,0.00,0.00
Madagascar,MDG,20200214,0.00,,0.00,,0.00,,0.00,,0.00,,0.00,,0.00,,0.00,0.00,,0.00,0.00,0.00,0.00,,0.00,0.00,0.00,0.00,,,,0.00,0.00,0.00,0.00,0.00,0.00,0.00,0.00,0.00,0.00
Madagascar,MDG,20200215,0.00,,0.00,,0.00,,0.00,,0.00,,0.00,,0.00,,0.00,0.00,,0.00,0.00,0.00,0.00,,0.00,0.00,0.00,0.00,,,,0.00,0.00,0.00,0.00,0.00,0.00,0.00,0.00,0.00,0.00
Madagascar,MDG,20200216,0.00,,0.00,,0.00,,0.00,,0.00,,0.00,,0.00,,0.00,0.00,,0.00,0.00,0.00,0.00,,0.00,0.00,0.00,0.00,,,,0.00,0.00,0.00,0.00,0.00,0.00,0.00,0.00,0.00,0.00
Madagascar,MDG,20200217,0.00,,0.00,,0.00,,0.00,,0.00,,0.00,,0.00,,0.00,0.00,,0.00,0.00,0.00,0.00,,0.00,0.00,0.00,0.00,,,,0.00,0.00,0.00,0.00,0.00,0.00,0.00,0.00,0.00,0.00
Madagascar,MDG,20200218,0.00,,0.00,,0.00,,0.00,,0.00,,0.00,,0.00,,0.00,0.00,,0.00,0.00,0.00,0.00,,0.00,0.00,0.00,0.00,,,,0.00,0.00,0.00,0.00,0.00,0.00,0.00,0.00,0.00,0.00
Madagascar,MDG,20200219,0.00,,0.00,,0.00,,0.00,,0.00,,0.00,,0.00,,0.00,0.00,,0.00,0.00,0.00,0.00,,0.00,0.00,0.00,0.00,,,,0.00,0.00,0.00,0.00,0.00,0.00,0.00,0.00,0.00,0.00
Madagascar,MDG,20200220,0.00,,0.00,,0.00,,0.00,,0.00,,0.00,,0.00,,0.00,0.00,,0.00,0.00,0.00,0.00,,0.00,0.00,0.00,0.00,,,,0.00,0.00,0.00,0.00,0.00,0.00,0.00,0.00,0.00,0.00
Madagascar,MDG,20200221,0.00,,0.00,,0.00,,0.00,,0.00,,0.00,,0.00,,0.00,0.00,,0.00,0.00,0.00,0.00,,0.00,0.00,0.00,0.00,,,,0.00,0.00,0.00,0.00,0.00,0.00,0.00,0.00,0.00,0.00
Madagascar,MDG,20200222,0.00,,0.00,,0.00,,0.00,,0.00,,0.00,,0.00,,0.00,0.00,,0.00,0.00,0.00,0.00,,0.00,0.00,0.00,0.00,,,,0.00,0.00,0.00,0.00,0.00,0.00,0.00,0.00,0.00,0.00
Madagascar,MDG,20200223,0.00,,0.00,,0.00,,0.00,,0.00,,0.00,,0.00,,0.00,0.00,,0.00,0.00,0.00,0.00,,0.00,0.00,0.00,0.00,,,,0.00,0.00,0.00,0.00,0.00,0.00,0.00,0.00,0.00,0.00
Madagascar,MDG,20200224,0.00,,0.00,,0.00,,0.00,,0.00,,0.00,,0.00,,0.00,0.00,,0.00,0.00,0.00,0.00,,0.00,0.00,0.00,0.00,,,,0.00,0.00,0.00,0.00,0.00,0.00,0.00,0.00,0.00,0.00
Madagascar,MDG,20200225,0.00,,0.00,,0.00,,0.00,,0.00,,0.00,,0.00,,0.00,0.00,,0.00,0.00,0.00,0.00,,0.00,0.00,0.00,0.00,,,,0.00,0.00,0.00,0.00,0.00,0.00,0.00,0.00,0.00,0.00
Madagascar,MDG,20200226,0.00,,0.00,,0.00,,0.00,,0.00,,0.00,,0.00,,0.00,0.00,,0.00,0.00,0.00,0.00,,0.00,0.00,0.00,0.00,,,,0.00,0.00,0.00,0.00,0.00,0.00,0.00,0.00,0.00,0.00
Madagascar,MDG,20200227,0.00,,0.00,,0.00,,0.00,,0.00,,0.00,,0.00,,0.00,0.00,,0.00,0.00,0.00,0.00,,0.00,0.00,0.00,0.00,,,,0.00,0.00,0.00,0.00,0.00,0.00,0.00,0.00,0.00,0.00
Madagascar,MDG,20200228,0.00,,0.00,,0.00,,0.00,,0.00,,0.00,,0.00,,0.00,0.00,,0.00,0.00,0.00,0.00,,0.00,0.00,0.00,0.00,,,,0.00,0.00,0.00,0.00,0.00,0.00,0.00,0.00,0.00,0.00
Madagascar,MDG,20200229,0.00,,0.00,,0.00,,0.00,,0.00,,0.00,,0.00,,0.00,0.00,,0.00,0.00,0.00,0.00,,0.00,0.00,0.00,0.00,,,,0.00,0.00,0.00,0.00,0.00,0.00,0.00,0.00,0.00,0.00
Madagascar,MDG,20200301,0.00,,0.00,,0.00,,0.00,,0.00,,0.00,,0.00,,0.00,0.00,,0.00,0.00,0.00,0.00,,0.00,0.00,0.00,0.00,,,,0.00,0.00,0.00,0.00,0.00,0.00,0.00,0.00,0.00,0.00
Madagascar,MDG,20200302,0.00,,0.00,,0.00,,0.00,,0.00,,0.00,,0.00,,0.00,0.00,,0.00,0.00,0.00,0.00,,0.00,0.00,0.00,0.00,,,,0.00,0.00,0.00,0.00,0.00,0.00,0.00,0.00,0.00,0.00
Madagascar,MDG,20200303,0.00,,0.00,,0.00,,0.00,,0.00,,0.00,,0.00,,0.00,0.00,,0.00,0.00,0.00,0.00,,0.00,0.00,0.00,0.00,,,,0.00,0.00,0.00,0.00,0.00,0.00,0.00,0.00,0.00,0.00
Madagascar,MDG,20200304,0.00,,0.00,,0.00,,0.00,,0.00,,0.00,,0.00,,0.00,0.00,,0.00,0.00,0.00,0.00,,0.00,0.00,0.00,0.00,,,,0.00,0.00,0.00,0.00,0.00,0.00,0.00,0.00,0.00,0.00
Madagascar,MDG,20200305,0.00,,0.00,,0.00,,0.00,,0.00,,0.00,,0.00,,0.00,0.00,,0.00,0.00,0.00,0.00,,0.00,0.00,0.00,0.00,,,,0.00,0.00,0.00,0.00,0.00,0.00,0.00,0.00,0.00,0.00
Madagascar,MDG,20200306,0.00,,0.00,,0.00,,0.00,,0.00,,0.00,,0.00,,0.00,0.00,,0.00,0.00,0.00,0.00,,0.00,0.00,0.00,0.00,,,,0.00,0.00,0.00,0.00,0.00,0.00,0.00,0.00,0.00,0.00
Madagascar,MDG,20200307,0.00,,0.00,,0.00,,0.00,,0.00,,0.00,,0.00,,0.00,0.00,,0.00,0.00,0.00,0.00,,0.00,0.00,0.00,0.00,,,,0.00,0.00,0.00,0.00,0.00,0.00,0.00,0.00,0.00,0.00
Madagascar,MDG,20200308,0.00,,0.00,,0.00,,0.00,,0.00,,0.00,,0.00,,0.00,0.00,,0.00,0.00,0.00,0.00,,0.00,0.00,0.00,0.00,,,,0.00,0.00,0.00,0.00,0.00,0.00,0.00,0.00,0.00,0.00
Madagascar,MDG,20200309,0.00,,0.00,,0.00,,0.00,,0.00,,0.00,,0.00,,0.00,0.00,,0.00,0.00,0.00,0.00,,0.00,0.00,0.00,0.00,,,,0.00,0.00,0.00,0.00,0.00,0.00,0.00,0.00,0.00,0.00
Madagascar,MDG,20200310,0.00,,0.00,,0.00,,0.00,,0.00,,0.00,,0.00,,0.00,0.00,,0.00,0.00,0.00,0.00,,0.00,0.00,0.00,0.00,,,,0.00,0.00,0.00,0.00,0.00,0.00,0.00,0.00,0.00,0.00
Madagascar,MDG,20200311,0.00,,0.00,,0.00,,0.00,,0.00,,0.00,,0.00,,0.00,0.00,,0.00,0.00,0.00,0.00,,0.00,0.00,0.00,0.00,,,,0.00,0.00,0.00,0.00,0.00,0.00,0.00,0.00,0.00,0.00
Madagascar,MDG,20200312,0.00,,0.00,,0.00,,0.00,,0.00,,0.00,,0.00,,0.00,0.00,,0.00,0.00,0.00,0.00,,0.00,0.00,0.00,0.00,,,,0.00,0.00,0.00,0.00,0.00,0.00,0.00,0.00,0.00,0.00
Madagascar,MDG,20200313,0.00,,0.00,,0.00,,0.00,,0.00,,0.00,,0.00,,0.00,0.00,,0.00,0.00,0.00,0.00,,0.00,0.00,0.00,0.00,,,,0.00,0.00,0.00,0.00,0.00,0.00,0.00,0.00,0.00,0.00
Madagascar,MDG,20200314,0.00,,0.00,,0.00,,0.00,,0.00,,0.00,,0.00,,0.00,0.00,,0.00,0.00,0.00,0.00,,0.00,0.00,0.00,0.00,,,,0.00,0.00,0.00,0.00,0.00,0.00,0.00,0.00,0.00,0.00
Madagascar,MDG,20200315,0.00,,0.00,,0.00,,0.00,,0.00,,0.00,,0.00,,3.00,0.00,,0.00,0.00,0.00,0.00,,0.00,0.00,0.00,0.00,,,,8.33,8.33,10.71,10.71,5.77,5.77,6.82,6.82,0.00,0.00
Madagascar,MDG,20200316,0.00,,0.00,,0.00,,0.00,,0.00,,0.00,,0.00,,3.00,0.00,,0.00,0.00,0.00,0.00,,0.00,0.00,0.00,0.00,,,,8.33,8.33,10.71,10.71,5.77,5.77,6.82,6.82,0.00,0.00
Madagascar,MDG,20200317,0.00,,0.00,,0.00,,0.00,,0.00,,0.00,,0.00,,3.00,0.00,,0.00,0.00,0.00,0.00,,0.00,0.00,0.00,0.00,,,,8.33,8.33,10.71,10.71,5.77,5.77,6.82,6.82,0.00,0.00
Madagascar,MDG,20200318,0.00,,0.00,,0.00,,0.00,,0.00,,0.00,,0.00,,3.00,0.00,,0.00,0.00,0.00,2.00,1,0.00,0.00,0.00,0.00,,,,19.44,19.44,25.00,25.00,13.46,13.46,15.91,15.91,0.00,0.00
Madagascar,MDG,20200319,0.00,,0.00,,0.00,,0.00,,0.00,,0.00,,0.00,,3.00,0.00,,0.00,0.00,0.00,2.00,1,0.00,0.00,0.00,0.00,,,,19.44,19.44,25.00,25.00,13.46,13.46,15.91,15.91,0.00,0.00
Madagascar,MDG,20200320,0.00,,0.00,,0.00,,0.00,,0.00,,0.00,,0.00,,4.00,0.00,,0.00,0.00,0.00,2.00,1,0.00,0.00,0.00,0.00,,,,22.22,22.22,28.57,28.57,15.38,15.38,18.18,18.18,0.00,0.00
Madagascar,MDG,20200321,3.00,1,2.00,1,2.00,1,3.00,1,2.00,1,0.00,,2.00,1,4.00,0.00,,0.00,0.00,0.00,2.00,1,0.00,0.00,0.00,0.00,,3,0,82.41,82.41,96.43,96.43,57.05,57.05,67.42,67.42,0.00,0.00
Madagascar,MDG,20200322,3.00,1,2.00,1,2.00,1,3.00,1,2.00,1,0.00,,2.00,1,4.00,0.00,,0.00,0.00,0.00,2.00,1,1.00,1.00,3700000.00,0.00,,3,0,82.41,82.41,96.43,96.43,63.46,63.46,75.00,75.00,0.00,0.00
Madagascar,MDG,20200323,3.00,1,2.00,1,2.00,1,3.00,1,2.00,1,3.00,0,2.00,1,4.00,0.00,,0.00,0.00,0.00,2.00,1,1.00,1.00,0.00,0.00,,3,0,91.67,91.67,96.43,96.43,69.87,69.87,82.58,82.58,0.00,0.00
Madagascar,MDG,20200324,3.00,1,2.00,1,2.00,1,3.00,1,2.00,1,3.00,0,2.00,1,4.00,0.00,,0.00,0.00,0.00,2.00,1,1.00,1.00,0.00,0.00,,17,0,91.67,91.67,96.43,96.43,69.87,69.87,82.58,82.58,0.00,0.00
Madagascar,MDG,20200325,3.00,1,2.00,1,2.00,1,3.00,1,2.00,1,3.00,0,2.00,1,4.00,0.00,,0.00,0.00,0.00,2.00,1,1.00,1.00,0.00,0.00,,19,0,91.67,91.67,96.43,96.43,69.87,69.87,82.58,82.58,0.00,0.00
Madagascar,MDG,20200326,3.00,1,2.00,1,2.00,1,3.00,1,2.00,1,3.00,0,2.00,1,4.00,0.00,,0.00,0.00,0.00,2.00,1,1.00,1.00,0.00,0.00,,19,0,91.67,91.67,96.43,96.43,69.87,69.87,82.58,82.58,0.00,0.00
Madagascar,MDG,20200327,3.00,1,2.00,1,2.00,1,3.00,1,2.00,1,3.00,0,2.00,1,4.00,0.00,,0.00,0.00,0.00,2.00,1,1.00,1.00,0.00,0.00,,23,0,91.67,91.67,96.43,96.43,69.87,69.87,82.58,82.58,0.00,0.00
Madagascar,MDG,20200328,3.00,1,2.00,1,2.00,1,3.00,1,2.00,1,3.00,0,2.00,1,4.00,0.00,,0.00,0.00,0.00,2.00,1,1.00,1.00,0.00,0.00,,24,0,91.67,91.67,96.43,96.43,69.87,69.87,82.58,82.58,0.00,0.00
Madagascar,MDG,20200329,3.00,1,2.00,1,2.00,1,3.00,1,2.00,1,3.00,0,2.00,1,4.00,0.00,,0.00,0.00,0.00,2.00,1,1.00,1.00,0.00,0.00,,28,0,91.67,91.67,96.43,96.43,69.87,69.87,82.58,82.58,0.00,0.00
Madagascar,MDG,20200330,3.00,1,2.00,1,2.00,1,3.00,1,2.00,1,3.00,0,2.00,1,4.00,0.00,,0.00,0.00,0.00,2.00,1,1.00,1.00,0.00,0.00,,37,0,91.67,91.67,96.43,96.43,69.87,69.87,82.58,82.58,0.00,0.00
Madagascar,MDG,20200331,3.00,1,2.00,1,2.00,1,3.00,1,2.00,1,3.00,0,2.00,1,4.00,0.00,,0.00,0.00,0.00,2.00,1,1.00,1.00,0.00,0.00,,44,0,91.67,91.67,96.43,96.43,69.87,69.87,82.58,82.58,0.00,0.00
Madagascar,MDG,20200401,3.00,1,2.00,1,2.00,1,3.00,1,2.00,1,3.00,0,2.00,1,4.00,0.00,,0.00,0.00,0.00,2.00,1,1.00,1.00,0.00,0.00,,46,0,91.67,91.67,96.43,96.43,69.87,69.87,82.58,82.58,0.00,0.00
Madagascar,MDG,20200402,3.00,1,2.00,1,2.00,1,3.00,1,2.00,1,3.00,0,2.00,1,4.00,0.00,,0.00,0.00,0.00,2.00,1,1.00,1.00,0.00,0.00,,54,0,91.67,91.67,96.43,96.43,69.87,69.87,82.58,82.58,0.00,0.00
Madagascar,MDG,20200403,3.00,1,2.00,1,2.00,1,3.00,1,2.00,1,3.00,0,2.00,1,4.00,0.00,,0.00,0.00,0.00,2.00,1,1.00,1.00,0.00,0.00,,59,0,91.67,91.67,96.43,96.43,69.87,69.87,82.58,82.58,0.00,0.00
Madagascar,MDG,20200404,3.00,1,2.00,1,2.00,1,3.00,1,2.00,1,3.00,0,2.00,1,4.00,0.00,,0.00,0.00,0.00,2.00,1,1.00,1.00,0.00,0.00,,65,0,91.67,91.67,96.43,96.43,69.87,69.87,82.58,82.58,0.00,0.00
Madagascar,MDG,20200405,3.00,1,3.00,1,2.00,1,3.00,1,2.00,1,3.00,0,2.00,1,4.00,0.00,,0.00,0.00,0.00,2.00,1,1.00,1.00,0.00,0.00,,71,0,95.37,95.37,100.00,100.00,72.44,72.44,85.61,85.61,0.00,0.00
Madagascar,MDG,20200406,3.00,1,3.00,1,2.00,1,3.00,1,2.00,1,3.00,0,2.00,1,4.00,0.00,,0.00,0.00,0.00,2.00,1,1.00,1.00,0.00,0.00,,72,0,95.37,95.37,100.00,100.00,72.44,72.44,85.61,85.61,0.00,0.00
Madagascar,MDG,20200407,3.00,1,3.00,1,2.00,1,3.00,1,2.00,1,3.00,0,2.00,1,4.00,0.00,,0.00,0.00,0.00,2.00,1,1.00,1.00,0.00,0.00,,77,0,95.37,95.37,100.00,100.00,72.44,72.44,85.61,85.61,0.00,0.00
Madagascar,MDG,20200408,3.00,1,3.00,1,2.00,1,3.00,1,2.00,1,3.00,0,2.00,1,4.00,0.00,,0.00,0.00,0.00,2.00,1,1.00,1.00,0.00,0.00,,85,0,95.37,95.37,100.00,100.00,72.44,72.44,85.61,85.61,0.00,0.00
Madagascar,MDG,20200409,3.00,1,3.00,1,2.00,1,3.00,1,2.00,1,3.00,0,2.00,1,4.00,0.00,,0.00,0.00,0.00,2.00,1,1.00,1.00,0.00,0.00,,93,0,95.37,95.37,100.00,100.00,72.44,72.44,85.61,85.61,0.00,0.00
Madagascar,MDG,20200410,3.00,1,3.00,1,2.00,1,3.00,1,2.00,1,3.00,0,2.00,1,4.00,0.00,,0.00,0.00,0.00,2.00,1,1.00,1.00,0.00,0.00,,93,0,95.37,95.37,100.00,100.00,72.44,72.44,85.61,85.61,0.00,0.00
Madagascar,MDG,20200411,3.00,1,3.00,1,2.00,1,3.00,1,2.00,1,3.00,0,2.00,1,4.00,0.00,,0.00,0.00,0.00,2.00,1,1.00,1.00,0.00,0.00,,102,0,95.37,95.37,100.00,100.00,72.44,72.44,85.61,85.61,0.00,0.00
Madagascar,MDG,20200412,3.00,1,3.00,1,2.00,1,3.00,1,2.00,1,3.00,0,2.00,1,4.00,0.00,,0.00,0.00,0.00,2.00,1,1.00,1.00,0.00,0.00,,102,0,95.37,95.37,100.00,100.00,72.44,72.44,85.61,85.61,0.00,0.00
Madagascar,MDG,20200413,3.00,1,3.00,1,2.00,1,3.00,1,2.00,1,3.00,0,2.00,1,4.00,0.00,,0.00,0.00,0.00,2.00,1,1.00,1.00,0.00,0.00,,106,0,95.37,95.37,100.00,100.00,72.44,72.44,85.61,85.61,0.00,0.00
Madagascar,MDG,20200414,3.00,1,3.00,1,2.00,1,3.00,1,2.00,1,3.00,0,2.00,1,4.00,0.00,,0.00,0.00,0.00,2.00,1,1.00,1.00,0.00,0.00,,106,0,95.37,95.37,100.00,100.00,72.44,72.44,85.61,85.61,0.00,0.00
Madagascar,MDG,20200415,3.00,1,3.00,1,2.00,1,3.00,1,2.00,1,3.00,0,2.00,1,4.00,0.00,,0.00,0.00,0.00,2.00,1,1.00,1.00,0.00,0.00,,108,0,95.37,95.37,100.00,100.00,72.44,72.44,85.61,85.61,0.00,0.00
Madagascar,MDG,20200416,3.00,1,3.00,1,2.00,1,3.00,1,2.00,1,3.00,0,2.00,1,4.00,0.00,,0.00,0.00,0.00,2.00,1,1.00,1.00,0.00,0.00,,110,0,95.37,95.37,100.00,100.00,72.44,72.44,85.61,85.61,0.00,0.00
Madagascar,MDG,20200417,3.00,1,3.00,1,2.00,1,3.00,1,2.00,1,3.00,0,2.00,1,4.00,0.00,,0.00,0.00,0.00,2.00,1,1.00,1.00,0.00,0.00,,111,0,95.37,95.37,100.00,100.00,72.44,72.44,85.61,85.61,0.00,0.00
Madagascar,MDG,20200418,3.00,1,3.00,1,2.00,1,3.00,1,2.00,1,3.00,0,2.00,1,4.00,0.00,,0.00,0.00,0.00,2.00,1,1.00,1.00,0.00,0.00,,117,0,95.37,95.37,100.00,100.00,72.44,72.44,85.61,85.61,0.00,0.00
Madagascar,MDG,20200419,3.00,1,3.00,1,2.00,1,3.00,1,2.00,1,3.00,0,2.00,1,4.00,0.00,,0.00,0.00,0.00,2.00,1,1.00,1.00,0.00,0.00,,117,0,95.37,95.37,100.00,100.00,72.44,72.44,85.61,85.61,0.00,0.00
Madagascar,MDG,20200420,3.00,1,1.00,0,2.00,1,3.00,1,1.00,0,1.00,1,2.00,1,4.00,0.00,,0.00,0.00,0.00,2.00,1,1.00,1.00,0.00,0.00,,121,0,72.22,72.22,79.76,79.76,56.41,56.41,66.67,66.67,0.00,0.00
Madagascar,MDG,20200421,3.00,1,1.00,0,2.00,1,3.00,1,1.00,0,1.00,1,2.00,1,4.00,0.00,,0.00,0.00,0.00,2.00,1,1.00,1.00,0.00,0.00,,121,0,72.22,72.22,79.76,79.76,56.41,56.41,66.67,66.67,0.00,0.00
Madagascar,MDG,20200422,3.00,0,1.00,0,2.00,1,3.00,1,1.00,0,1.00,1,2.00,1,4.00,0.00,,0.00,0.00,0.00,2.00,1,1.00,1.00,0.00,0.00,,121,0,70.37,70.37,76.19,76.19,55.13,55.13,65.15,65.15,0.00,0.00
Madagascar,MDG,20200423,3.00,0,1.00,0,2.00,1,3.00,1,1.00,0,1.00,1,2.00,1,4.00,0.00,,0.00,0.00,0.00,2.00,1,1.00,1.00,0.00,0.00,,121,0,70.37,70.37,76.19,76.19,55.13,55.13,65.15,65.15,0.00,0.00
Madagascar,MDG,20200424,3.00,0,1.00,0,2.00,1,3.00,1,1.00,0,1.00,1,2.00,1,4.00,0.00,,0.00,0.00,0.00,2.00,1,1.00,1.00,0.00,0.00,,121,0,70.37,70.37,76.19,76.19,55.13,55.13,65.15,65.15,0.00,0.00
Madagascar,MDG,20200425,3.00,0,1.00,0,2.00,1,3.00,1,1.00,0,1.00,1,2.00,1,4.00,0.00,,0.00,0.00,0.00,2.00,1,1.00,1.00,0.00,0.00,,122,0,70.37,70.37,76.19,76.19,55.13,55.13,65.15,65.15,0.00,0.00
Madagascar,MDG,20200426,3.00,0,1.00,0,2.00,1,3.00,1,1.00,0,1.00,1,2.00,1,4.00,0.00,,0.00,0.00,0.00,2.00,1,1.00,1.00,0.00,0.00,,124,0,70.37,70.37,76.19,76.19,55.13,55.13,65.15,65.15,0.00,0.00
Madagascar,MDG,20200427,3.00,0,1.00,0,2.00,1,3.00,1,1.00,0,1.00,1,2.00,0,4.00,0.00,,0.00,0.00,0.00,2.00,1,1.00,1.00,0.00,0.00,,124,0,67.59,67.59,71.43,71.43,53.21,53.21,62.88,62.88,0.00,0.00
Madagascar,MDG,20200428,3.00,0,1.00,0,2.00,1,3.00,1,1.00,0,1.00,1,2.00,0,4.00,1.00,1,0.00,0.00,0.00,2.00,1,1.00,1.00,0.00,0.00,,128,0,67.59,67.59,71.43,71.43,57.05,57.05,62.88,62.88,25.00,25.00
Madagascar,MDG,20200429,3.00,0,1.00,0,2.00,1,3.00,1,1.00,0,1.00,1,2.00,0,4.00,1.00,1,0.00,0.00,0.00,2.00,1,1.00,1.00,0.00,0.00,,128,0,67.59,67.59,71.43,71.43,57.05,57.05,62.88,62.88,25.00,25.00
Madagascar,MDG,20200430,3.00,0,1.00,0,2.00,1,3.00,1,1.00,0,1.00,1,2.00,0,4.00,1.00,1,0.00,0.00,0.00,2.00,1,1.00,1.00,0.00,0.00,,128,0,67.59,67.59,71.43,71.43,57.05,57.05,62.88,62.88,25.00,25.00
Madagascar,MDG,20200501,3.00,0,1.00,0,2.00,1,3.00,1,1.00,0,1.00,1,2.00,0,4.00,1.00,1,0.00,0.00,,2.00,1,1.00,1.00,0.00,0.00,,132,0,67.59,67.59,71.43,71.43,57.05,57.05,62.88,62.88,25.00,25.00
Madagascar,MDG,20200502,3.00,0,1.00,0,2.00,1,3.00,1,1.00,0,1.00,1,2.00,0,4.00,1.00,1,0.00,0.00,0.00,2.00,1,1.00,1.00,0.00,0.00,,135,0,67.59,67.59,71.43,71.43,57.05,57.05,62.88,62.88,25.00,25.00
Madagascar,MDG,20200503,3.00,0,1.00,0,2.00,1,3.00,1,1.00,0,1.00,1,2.00,0,4.00,1.00,1,0.00,0.00,0.00,2.00,1,1.00,1.00,0.00,0.00,,135,0,67.59,67.59,71.43,71.43,57.05,57.05,62.88,62.88,25.00,25.00
Madagascar,MDG,20200504,3.00,0,1.00,0,2.00,1,3.00,1,1.00,0,1.00,1,2.00,0,4.00,1.00,1,0.00,0.00,0.00,2.00,1,1.00,1.00,0.00,0.00,,149,0,67.59,67.59,71.43,71.43,57.05,57.05,62.88,62.88,25.00,25.00
Madagascar,MDG,20200505,3.00,0,1.00,0,2.00,1,3.00,1,1.00,0,1.00,1,2.00,0,4.00,1.00,1,0.00,0.00,0.00,2.00,1,1.00,1.00,0.00,0.00,,149,0,67.59,67.59,71.43,71.43,57.05,57.05,62.88,62.88,25.00,25.00
Madagascar,MDG,20200506,3.00,0,1.00,0,2.00,1,3.00,1,1.00,0,1.00,1,2.00,0,4.00,1.00,1,0.00,0.00,0.00,2.00,1,1.00,1.00,,0.00,,158,0,67.59,67.59,71.43,71.43,57.05,57.05,62.88,62.88,25.00,25.00
Madagascar,MDG,20200507,3.00,0,1.00,0,2.00,1,3.00,1,1.00,0,1.00,1,2.00,0,4.00,1.00,1,0.00,0.00,0.00,2.00,1,1.00,1.00,0.00,0.00,,158,0,67.59,67.59,71.43,71.43,57.05,57.05,62.88,62.88,25.00,25.00
Madagascar,MDG,20200508,3.00,0,1.00,0,2.00,1,3.00,1,1.00,0,1.00,1,2.00,0,4.00,1.00,1,0.00,0.00,0.00,2.00,1,1.00,1.00,0.00,0.00,,169,0,67.59,67.59,71.43,71.43,57.05,57.05,62.88,62.88,25.00,25.00
Madagascar,MDG,20200509,3.00,0,1.00,0,2.00,1,3.00,1,1.00,0,1.00,1,2.00,0,4.00,1.00,1,0.00,0.00,0.00,2.00,1,1.00,1.00,0.00,0.00,,169,0,67.59,67.59,71.43,71.43,57.05,57.05,62.88,62.88,25.00,25.00
Madagascar,MDG,20200510,3.00,0,1.00,0,2.00,1,3.00,1,1.00,0,1.00,1,2.00,0,4.00,1.00,1,0.00,0.00,0.00,2.00,1,1.00,1.00,0.00,0.00,,169,0,67.59,67.59,71.43,71.43,57.05,57.05,62.88,62.88,25.00,25.00
Madagascar,MDG,20200511,3.00,0,1.00,0,2.00,1,3.00,1,1.00,0,1.00,1,2.00,0,4.00,1.00,1,0.00,0.00,0.00,2.00,1,1.00,1.00,0.00,0.00,,171,0,67.59,67.59,71.43,71.43,57.05,57.05,62.88,62.88,25.00,25.00
Madagascar,MDG,20200512,3.00,0,2.00,0,2.00,0,3.00,1,1.00,0,2.00,0,2.00,0,4.00,1.00,1,0.00,0.00,0.00,2.00,1,1.00,1.00,0.00,0.00,,186,0,70.37,70.37,72.14,72.14,58.97,58.97,65.15,65.15,25.00,25.00
Madagascar,MDG,20200513,3.00,0,2.00,0,2.00,0,3.00,1,1.00,0,2.00,0,2.00,0,4.00,1.00,1,0.00,0.00,0.00,2.00,1,1.00,1.00,0.00,0.00,,192,0,70.37,70.37,72.14,72.14,58.97,58.97,65.15,65.15,25.00,25.00
Madagascar,MDG,20200514,3.00,0,2.00,0,2.00,0,3.00,1,1.00,0,2.00,0,2.00,0,4.00,1.00,1,0.00,0.00,0.00,2.00,1,1.00,1.00,0.00,0.00,,212,0,70.37,70.37,72.14,72.14,58.97,58.97,65.15,65.15,25.00,25.00
Madagascar,MDG,20200515,3.00,0,2.00,0,2.00,0,3.00,1,1.00,0,2.00,0,2.00,0,4.00,1.00,1,0.00,0.00,0.00,2.00,1,1.00,1.00,0.00,0.00,,230,0,70.37,70.37,72.14,72.14,58.97,58.97,65.15,65.15,25.00,25.00
Madagascar,MDG,20200516,3.00,0,2.00,0,2.00,0,3.00,1,1.00,0,2.00,0,2.00,0,4.00,1.00,1,0.00,0.00,0.00,2.00,1,1.00,1.00,0.00,0.00,,238,0,70.37,70.37,72.14,72.14,58.97,58.97,65.15,65.15,25.00,25.00
Madagascar,MDG,20200517,3.00,0,2.00,0,2.00,0,3.00,1,1.00,0,2.00,0,2.00,0,4.00,1.00,1,0.00,0.00,0.00,2.00,1,1.00,1.00,0.00,0.00,,283,0,70.37,70.37,72.14,72.14,58.97,58.97,65.15,65.15,25.00,25.00
Madagascar,MDG,20200518,3.00,0,2.00,0,2.00,0,3.00,1,1.00,0,2.00,0,2.00,0,4.00,1.00,1,0.00,0.00,0.00,2.00,1,1.00,1.00,0.00,0.00,,304,1,70.37,70.37,72.14,72.14,58.97,58.97,65.15,65.15,25.00,25.00
Madagascar,MDG,20200519,3.00,0,2.00,0,2.00,0,3.00,1,1.00,0,2.00,0,2.00,0,4.00,1.00,1,0.00,0.00,0.00,2.00,1,1.00,1.00,0.00,0.00,,322,1,70.37,70.37,72.14,72.14,58.97,58.97,65.15,65.15,25.00,25.00
Madagascar,MDG,20200520,3.00,0,2.00,0,2.00,0,3.00,1,1.00,0,2.00,0,2.00,0,4.00,1.00,1,0.00,0.00,0.00,2.00,1,1.00,1.00,0.00,0.00,,326,2,70.37,70.37,72.14,72.14,58.97,58.97,65.15,65.15,25.00,25.00
Madagascar,MDG,20200521,3.00,0,2.00,0,2.00,0,3.00,1,1.00,0,2.00,0,2.00,0,4.00,1.00,1,0.00,0.00,0.00,2.00,1,1.00,1.00,0.00,0.00,,371,2,70.37,70.37,72.14,72.14,58.97,58.97,65.15,65.15,25.00,25.00
Madagascar,MDG,20200522,3.00,0,2.00,0,2.00,0,3.00,1,1.00,0,2.00,0,2.00,0,4.00,1.00,1,0.00,0.00,0.00,2.00,1,1.00,1.00,0.00,0.00,,405,2,70.37,70.37,72.14,72.14,58.97,58.97,65.15,65.15,25.00,25.00
Madagascar,MDG,20200523,3.00,0,2.00,0,2.00,0,3.00,1,1.00,0,2.00,0,2.00,0,4.00,1.00,1,0.00,0.00,0.00,2.00,1,1.00,1.00,0.00,0.00,,448,2,70.37,70.37,72.14,72.14,58.97,58.97,65.15,65.15,25.00,25.00
Madagascar,MDG,20200524,3.00,0,2.00,0,2.00,0,3.00,1,1.00,0,2.00,0,2.00,0,4.00,1.00,1,0.00,0.00,0.00,2.00,1,1.00,1.00,0.00,0.00,,448,2,70.37,70.37,72.14,72.14,58.97,58.97,65.15,65.15,25.00,25.00
Madagascar,MDG,20200525,3.00,0,2.00,0,2.00,0,3.00,1,1.00,0,2.00,0,2.00,0,4.00,1.00,1,0.00,0.00,0.00,2.00,1,1.00,1.00,0.00,0.00,,527,2,70.37,70.37,72.14,72.14,58.97,58.97,65.15,65.15,25.00,25.00
Madagascar,MDG,20200526,3.00,0,2.00,0,2.00,0,3.00,1,1.00,0,2.00,0,2.00,0,4.00,1.00,1,0.00,0.00,0.00,2.00,1,1.00,1.00,0.00,0.00,,542,2,70.37,70.37,72.14,72.14,58.97,58.97,65.15,65.15,25.00,25.00
Madagascar,MDG,20200527,3.00,0,2.00,0,2.00,0,3.00,1,1.00,0,2.00,0,2.00,0,4.00,1.00,1,0.00,0.00,0.00,2.00,1,1.00,1.00,0.00,0.00,,586,2,70.37,70.37,72.14,72.14,58.97,58.97,65.15,65.15,25.00,25.00
Madagascar,MDG,20200528,3.00,0,2.00,0,2.00,0,3.00,1,1.00,0,2.00,0,2.00,0,4.00,1.00,1,0.00,0.00,0.00,2.00,1,1.00,1.00,0.00,0.00,,612,2,70.37,70.37,72.14,72.14,58.97,58.97,65.15,65.15,25.00,25.00
Madagascar,MDG,20200529,3.00,0,2.00,0,2.00,0,3.00,1,1.00,0,2.00,0,2.00,0,4.00,1.00,1,0.00,0.00,0.00,2.00,1,1.00,1.00,0.00,0.00,,656,2,70.37,70.37,72.14,72.14,58.97,58.97,65.15,65.15,25.00,25.00
Madagascar,MDG,20200530,3.00,0,2.00,0,2.00,0,3.00,1,1.00,0,2.00,0,2.00,0,4.00,1.00,1,0.00,0.00,0.00,2.00,1,1.00,1.00,0.00,0.00,,698,5,70.37,70.37,72.14,72.14,58.97,58.97,65.15,65.15,25.00,25.00
Madagascar,MDG,20200531,3.00,0,2.00,0,2.00,0,3.00,1,1.00,0,2.00,0,2.00,0,4.00,1.00,1,0.00,0.00,0.00,2.00,1,1.00,1.00,0.00,0.00,,758,6,70.37,70.37,72.14,72.14,58.97,58.97,65.15,65.15,25.00,25.00
Madagascar,MDG,20200601,3.00,0,2.00,0,2.00,0,3.00,1,1.00,0,2.00,0,2.00,0,4.00,1.00,1,0.00,0.00,0.00,2.00,1,1.00,1.00,0.00,0.00,,771,6,70.37,70.37,72.14,72.14,58.97,58.97,65.15,65.15,25.00,25.00
Madagascar,MDG,20200602,3.00,0,2.00,0,2.00,0,3.00,1,1.00,0,2.00,0,2.00,0,4.00,1.00,1,0.00,0.00,0.00,2.00,1,1.00,1.00,0.00,0.00,,826,6,70.37,70.37,72.14,72.14,58.97,58.97,65.15,65.15,25.00,25.00
Madagascar,MDG,20200603,3.00,0,2.00,0,2.00,0,3.00,1,1.00,0,2.00,0,2.00,0,4.00,1.00,1,0.00,0.00,0.00,2.00,1,1.00,1.00,0.00,0.00,,845,6,70.37,70.37,72.14,72.14,58.97,58.97,65.15,65.15,25.00,25.00
Madagascar,MDG,20200604,3.00,0,2.00,0,2.00,0,3.00,1,1.00,0,2.00,0,2.00,0,4.00,1.00,1,0.00,0.00,0.00,2.00,1,1.00,1.00,0.00,0.00,,908,6,70.37,70.37,72.14,72.14,58.97,58.97,65.15,65.15,25.00,25.00
Madagascar,MDG,20200605,3.00,0,2.00,0,2.00,0,3.00,1,1.00,0,2.00,0,2.00,0,4.00,1.00,1,0.00,0.00,0.00,2.00,1,1.00,1.00,0.00,0.00,,957,7,70.37,70.37,72.14,72.14,58.97,58.97,65.15,65.15,25.00,25.00
Madagascar,MDG,20200606,3.00,0,2.00,0,2.00,0,3.00,1,1.00,0,2.00,0,2.00,0,4.00,1.00,1,0.00,0.00,0.00,2.00,1,1.00,1.00,0.00,0.00,,975,7,70.37,70.37,72.14,72.14,58.97,58.97,65.15,65.15,25.00,25.00
Madagascar,MDG,20200607,3.00,0,2.00,0,2.00,0,3.00,1,1.00,0,2.00,0,2.00,0,4.00,1.00,1,0.00,0.00,0.00,2.00,1,1.00,1.00,0.00,0.00,,1026,8,70.37,70.37,72.14,72.14,58.97,58.97,65.15,65.15,25.00,25.00
Madagascar,MDG,20200608,3.00,0,,,,,,,,,,,,,,,,,,,,,,,,,,1052,9,,,,,,,,,,
Madagascar,MDG,20200609,3.00,0,,,,,,,,,,,,,,,,,,,,,,,,,,1094,9,,,,,,,,,,
Madagascar,MDG,20200610,3.00,0,,,,,,,,,,,,,,,,,,,,,,,,,,1138,9,,,,,,,,,,
Madagascar,MDG,20200611,3.00,0,,,,,,,,,,,,,,,,,,,,,,,,,,1162,10,,,,,,,,,,
Madagascar,MDG,20200612,3.00,0,,,,,,,,,,,,,,,,,,,,,,,,,,1203,10,,,,,,,,,,
Madagascar,MDG,20200613,3.00,0,,,,,,,,,,,,,,,,,,,,,,,,,,1230,10,,,,,,,,,,
Madagascar,MDG,20200614,3.00,0,,,,,,,,,,,,,,,,,,,,,,,,,,1252,10,,,,,,,,,,
Madagascar,MDG,20200615,3.00,0,,,,,,,,,,,,,,,,,,,,,,,,,,1272,10,,,,,,,,,,
Madagascar,MDG,20200616,3.00,0,,,,,,,,,,,,,,,,,,,,,,,,,,1290,10,,,,,,,,,,
Madagascar,MDG,20200617,3.00,0,,,,,,,,,,,,,,,,,,,,,,,,,,1317,12,,70.37,,72.14,,58.97,,65.15,,25.00
Madagascar,MDG,20200618,,,,,,,,,,,,,,,,,,,,,,,,,,,,1378,12,,70.37,,72.14,,58.97,,65.15,,25.00
Madagascar,MDG,20200619,,,,,,,,,,,,,,,,,,,,,,,,,,,,1403,13,,70.37,,72.14,,58.97,,65.15,,25.00
Madagascar,MDG,20200620,,,,,,,,,,,,,,,,,,,,,,,,,,,,1443,13,,70.37,,72.14,,58.97,,65.15,,25.00
Madagascar,MDG,20200621,,,,,,,,,,,,,,,,,,,,,,,,,,,,1503,13,,70.37,,72.14,,58.97,,65.15,,25.00
Madagascar,MDG,20200622,,,,,,,,,,,,,,,,,,,,,,,,,,,,1596,14,,70.37,,72.14,,58.97,,65.15,,25.00
Madagascar,MDG,20200623,,,,,,,,,,,,,,,,,,,,,,,,,,,,1640,15,,70.37,,72.14,,58.97,,65.15,,25.00
