Malaysia,MYS,20200101,0.00,,0.00,,0.00,,0.00,,0.00,,0.00,,0.00,,0.00,0.00,,0.00,0.00,0.00,0.00,,0.00,0.00,0.00,0.00,,0,0,0.00,0.00,0.00,0.00,0.00,0.00,0.00,0.00,0.00,0.00
Malaysia,MYS,20200102,0.00,,0.00,,0.00,,0.00,,0.00,,0.00,,0.00,,0.00,0.00,,0.00,0.00,0.00,0.00,,0.00,0.00,0.00,0.00,,0,0,0.00,0.00,0.00,0.00,0.00,0.00,0.00,0.00,0.00,0.00
Malaysia,MYS,20200103,0.00,,0.00,,0.00,,0.00,,0.00,,0.00,,0.00,,0.00,0.00,,0.00,0.00,0.00,0.00,,0.00,0.00,0.00,0.00,,0,0,0.00,0.00,0.00,0.00,0.00,0.00,0.00,0.00,0.00,0.00
Malaysia,MYS,20200104,0.00,,0.00,,0.00,,0.00,,0.00,,0.00,,0.00,,0.00,0.00,,0.00,0.00,0.00,0.00,,0.00,0.00,0.00,0.00,,0,0,0.00,0.00,0.00,0.00,0.00,0.00,0.00,0.00,0.00,0.00
Malaysia,MYS,20200105,0.00,,0.00,,0.00,,0.00,,0.00,,0.00,,0.00,,0.00,0.00,,0.00,0.00,0.00,0.00,,0.00,0.00,0.00,0.00,,0,0,0.00,0.00,0.00,0.00,0.00,0.00,0.00,0.00,0.00,0.00
Malaysia,MYS,20200106,0.00,,0.00,,0.00,,0.00,,0.00,,0.00,,0.00,,0.00,0.00,,0.00,0.00,0.00,0.00,,0.00,0.00,0.00,0.00,,0,0,0.00,0.00,0.00,0.00,0.00,0.00,0.00,0.00,0.00,0.00
Malaysia,MYS,20200107,0.00,,0.00,,0.00,,0.00,,0.00,,0.00,,0.00,,0.00,0.00,,0.00,0.00,0.00,0.00,,0.00,0.00,0.00,0.00,,0,0,0.00,0.00,0.00,0.00,0.00,0.00,0.00,0.00,0.00,0.00
Malaysia,MYS,20200108,0.00,,0.00,,0.00,,0.00,,0.00,,0.00,,0.00,,0.00,0.00,,0.00,0.00,0.00,0.00,,0.00,0.00,0.00,0.00,,0,0,0.00,0.00,0.00,0.00,0.00,0.00,0.00,0.00,0.00,0.00
Malaysia,MYS,20200109,0.00,,0.00,,0.00,,0.00,,0.00,,0.00,,0.00,,0.00,0.00,,0.00,0.00,0.00,0.00,,0.00,0.00,0.00,0.00,,0,0,0.00,0.00,0.00,0.00,0.00,0.00,0.00,0.00,0.00,0.00
Malaysia,MYS,20200110,0.00,,0.00,,0.00,,0.00,,0.00,,0.00,,0.00,,0.00,0.00,,0.00,0.00,0.00,0.00,,0.00,0.00,0.00,0.00,,0,0,0.00,0.00,0.00,0.00,0.00,0.00,0.00,0.00,0.00,0.00
Malaysia,MYS,20200111,0.00,,0.00,,0.00,,0.00,,0.00,,0.00,,0.00,,0.00,0.00,,0.00,0.00,0.00,0.00,,0.00,0.00,0.00,0.00,,0,0,0.00,0.00,0.00,0.00,0.00,0.00,0.00,0.00,0.00,0.00
Malaysia,MYS,20200112,0.00,,0.00,,0.00,,0.00,,0.00,,0.00,,0.00,,0.00,0.00,,0.00,0.00,0.00,0.00,,0.00,0.00,0.00,0.00,,0,0,0.00,0.00,0.00,0.00,0.00,0.00,0.00,0.00,0.00,0.00
Malaysia,MYS,20200113,0.00,,0.00,,0.00,,0.00,,0.00,,0.00,,0.00,,0.00,0.00,,0.00,0.00,0.00,0.00,,0.00,0.00,0.00,0.00,,0,0,0.00,0.00,0.00,0.00,0.00,0.00,0.00,0.00,0.00,0.00
Malaysia,MYS,20200114,0.00,,0.00,,0.00,,0.00,,0.00,,0.00,,0.00,,0.00,0.00,,0.00,0.00,0.00,0.00,,0.00,0.00,0.00,0.00,,0,0,0.00,0.00,0.00,0.00,0.00,0.00,0.00,0.00,0.00,0.00
Malaysia,MYS,20200115,0.00,,0.00,,0.00,,0.00,,0.00,,0.00,,0.00,,0.00,0.00,,0.00,0.00,0.00,0.00,,0.00,0.00,0.00,0.00,,0,0,0.00,0.00,0.00,0.00,0.00,0.00,0.00,0.00,0.00,0.00
Malaysia,MYS,20200116,0.00,,0.00,,0.00,,0.00,,0.00,,0.00,,0.00,,0.00,0.00,,0.00,0.00,0.00,2.00,1,1.00,0.00,0.00,0.00,,0,0,11.11,11.11,14.29,14.29,10.26,10.26,12.12,12.12,0.00,0.00
Malaysia,MYS,20200117,0.00,,0.00,,0.00,,0.00,,0.00,,0.00,,0.00,,0.00,0.00,,0.00,0.00,0.00,2.00,1,1.00,0.00,0.00,0.00,,0,0,11.11,11.11,14.29,14.29,10.26,10.26,12.12,12.12,0.00,0.00
Malaysia,MYS,20200118,0.00,,0.00,,0.00,,0.00,,0.00,,0.00,,0.00,,0.00,0.00,,0.00,0.00,0.00,2.00,1,1.00,0.00,0.00,0.00,,0,0,11.11,11.11,14.29,14.29,10.26,10.26,12.12,12.12,0.00,0.00
Malaysia,MYS,20200119,0.00,,0.00,,0.00,,0.00,,0.00,,0.00,,0.00,,0.00,0.00,,0.00,0.00,0.00,2.00,1,1.00,0.00,0.00,0.00,,0,0,11.11,11.11,14.29,14.29,10.26,10.26,12.12,12.12,0.00,0.00
Malaysia,MYS,20200120,0.00,,0.00,,0.00,,0.00,,0.00,,0.00,,0.00,,0.00,0.00,,0.00,0.00,0.00,2.00,1,1.00,0.00,0.00,0.00,,0,0,11.11,11.11,14.29,14.29,10.26,10.26,12.12,12.12,0.00,0.00
Malaysia,MYS,20200121,0.00,,0.00,,0.00,,0.00,,0.00,,0.00,,0.00,,0.00,0.00,,0.00,0.00,0.00,2.00,1,1.00,0.00,0.00,0.00,,0,0,11.11,11.11,14.29,14.29,10.26,10.26,12.12,12.12,0.00,0.00
Malaysia,MYS,20200122,0.00,,0.00,,0.00,,0.00,,0.00,,0.00,,0.00,,0.00,0.00,,0.00,0.00,0.00,2.00,1,1.00,0.00,0.00,0.00,,0,0,11.11,11.11,14.29,14.29,10.26,10.26,12.12,12.12,0.00,0.00
Malaysia,MYS,20200123,0.00,,0.00,,0.00,,0.00,,0.00,,0.00,,0.00,,0.00,0.00,,0.00,0.00,0.00,2.00,1,1.00,0.00,0.00,0.00,,0,0,11.11,11.11,14.29,14.29,10.26,10.26,12.12,12.12,0.00,0.00
Malaysia,MYS,20200124,0.00,,0.00,,0.00,,0.00,,0.00,,0.00,,0.00,,0.00,0.00,,0.00,0.00,0.00,2.00,1,1.00,2.00,0.00,0.00,,0,0,11.11,11.11,14.29,14.29,17.95,17.95,21.21,21.21,0.00,0.00
Malaysia,MYS,20200125,0.00,,0.00,,0.00,,0.00,,0.00,,0.00,,0.00,,0.00,0.00,,0.00,0.00,0.00,2.00,1,1.00,2.00,0.00,0.00,,3,0,11.11,11.11,14.29,14.29,17.95,17.95,21.21,21.21,0.00,0.00
Malaysia,MYS,20200126,0.00,,0.00,,0.00,,0.00,,0.00,,0.00,,0.00,,0.00,0.00,,0.00,0.00,0.00,2.00,1,1.00,2.00,0.00,0.00,,4,0,11.11,11.11,14.29,14.29,17.95,17.95,21.21,21.21,0.00,0.00
Malaysia,MYS,20200127,0.00,,0.00,,0.00,,0.00,,0.00,,0.00,,0.00,,0.00,0.00,,0.00,0.00,0.00,2.00,1,1.00,2.00,0.00,0.00,,4,0,11.11,11.11,14.29,14.29,17.95,17.95,21.21,21.21,0.00,0.00
Malaysia,MYS,20200128,0.00,,0.00,,0.00,,0.00,,0.00,,0.00,,0.00,,0.00,0.00,,0.00,0.00,0.00,2.00,1,1.00,2.00,0.00,0.00,,4,0,11.11,11.11,14.29,14.29,17.95,17.95,21.21,21.21,0.00,0.00
Malaysia,MYS,20200129,0.00,,0.00,,0.00,,0.00,,0.00,,0.00,,0.00,,0.00,0.00,,0.00,0.00,0.00,2.00,1,1.00,2.00,0.00,0.00,,7,0,11.11,11.11,14.29,14.29,17.95,17.95,21.21,21.21,0.00,0.00
Malaysia,MYS,20200130,0.00,,0.00,,0.00,,0.00,,0.00,,0.00,,0.00,,3.00,0.00,,0.00,0.00,0.00,2.00,1,1.00,2.00,0.00,0.00,,7,0,19.44,19.44,25.00,25.00,23.72,23.72,28.03,28.03,0.00,0.00
Malaysia,MYS,20200131,0.00,,0.00,,0.00,,0.00,,0.00,,0.00,,0.00,,3.00,0.00,,0.00,0.00,0.00,2.00,1,1.00,2.00,0.00,0.00,,8,0,19.44,19.44,25.00,25.00,23.72,23.72,28.03,28.03,0.00,0.00
Malaysia,MYS,20200201,0.00,,0.00,,0.00,,0.00,,0.00,,0.00,,0.00,,3.00,0.00,,0.00,0.00,0.00,2.00,1,1.00,2.00,0.00,0.00,,8,0,19.44,19.44,25.00,25.00,23.72,23.72,28.03,28.03,0.00,0.00
Malaysia,MYS,20200202,0.00,,0.00,,0.00,,0.00,,0.00,,0.00,,0.00,,3.00,0.00,,0.00,0.00,0.00,2.00,1,1.00,2.00,0.00,0.00,,8,0,19.44,19.44,25.00,25.00,23.72,23.72,28.03,28.03,0.00,0.00
Malaysia,MYS,20200203,0.00,,0.00,,0.00,,0.00,,0.00,,0.00,,0.00,,3.00,0.00,,0.00,0.00,0.00,2.00,1,1.00,2.00,0.00,0.00,,8,0,19.44,19.44,25.00,25.00,23.72,23.72,28.03,28.03,0.00,0.00
Malaysia,MYS,20200204,0.00,,0.00,,0.00,,0.00,,0.00,,0.00,,0.00,,3.00,0.00,,0.00,0.00,0.00,2.00,1,1.00,2.00,0.00,0.00,,8,0,19.44,19.44,25.00,25.00,23.72,23.72,28.03,28.03,0.00,0.00
Malaysia,MYS,20200205,0.00,,0.00,,0.00,,0.00,,0.00,,0.00,,0.00,,3.00,0.00,,0.00,0.00,0.00,2.00,1,1.00,2.00,0.00,0.00,,10,0,19.44,19.44,25.00,25.00,23.72,23.72,28.03,28.03,0.00,0.00
Malaysia,MYS,20200206,0.00,,0.00,,0.00,,0.00,,0.00,,0.00,,0.00,,3.00,0.00,,0.00,0.00,0.00,2.00,1,1.00,2.00,0.00,0.00,,12,0,19.44,19.44,25.00,25.00,23.72,23.72,28.03,28.03,0.00,0.00
Malaysia,MYS,20200207,0.00,,0.00,,0.00,,0.00,,0.00,,0.00,,0.00,,3.00,0.00,,0.00,0.00,0.00,2.00,1,1.00,2.00,0.00,0.00,,14,0,19.44,19.44,25.00,25.00,23.72,23.72,28.03,28.03,0.00,0.00
Malaysia,MYS,20200208,0.00,,0.00,,0.00,,0.00,,0.00,,0.00,,0.00,,3.00,0.00,,0.00,0.00,0.00,2.00,1,1.00,2.00,0.00,0.00,,15,0,19.44,19.44,25.00,25.00,23.72,23.72,28.03,28.03,0.00,0.00
Malaysia,MYS,20200209,0.00,,0.00,,0.00,,0.00,,0.00,,0.00,,0.00,,3.00,0.00,,0.00,0.00,0.00,2.00,1,1.00,2.00,0.00,0.00,,16,0,19.44,19.44,25.00,25.00,23.72,23.72,28.03,28.03,0.00,0.00
Malaysia,MYS,20200210,0.00,,0.00,,0.00,,0.00,,0.00,,0.00,,0.00,,3.00,0.00,,0.00,0.00,0.00,2.00,1,1.00,2.00,0.00,0.00,,18,0,19.44,19.44,25.00,25.00,23.72,23.72,28.03,28.03,0.00,0.00
Malaysia,MYS,20200211,0.00,,0.00,,0.00,,0.00,,0.00,,0.00,,0.00,,3.00,0.00,,0.00,0.00,0.00,2.00,1,1.00,2.00,0.00,0.00,,18,0,19.44,19.44,25.00,25.00,23.72,23.72,28.03,28.03,0.00,0.00
Malaysia,MYS,20200212,0.00,,0.00,,0.00,,0.00,,0.00,,0.00,,0.00,,3.00,0.00,,0.00,0.00,0.00,2.00,1,1.00,2.00,0.00,0.00,,18,0,19.44,19.44,25.00,25.00,23.72,23.72,28.03,28.03,0.00,0.00
Malaysia,MYS,20200213,0.00,,0.00,,0.00,,0.00,,0.00,,0.00,,0.00,,3.00,0.00,,0.00,0.00,0.00,2.00,1,1.00,2.00,0.00,0.00,,18,0,19.44,19.44,25.00,25.00,23.72,23.72,28.03,28.03,0.00,0.00
Malaysia,MYS,20200214,0.00,,0.00,,0.00,,0.00,,0.00,,0.00,,0.00,,3.00,0.00,,0.00,0.00,0.00,2.00,1,1.00,2.00,0.00,0.00,,19,0,19.44,19.44,25.00,25.00,23.72,23.72,28.03,28.03,0.00,0.00
Malaysia,MYS,20200215,0.00,,0.00,,0.00,,0.00,,0.00,,0.00,,0.00,,3.00,0.00,,0.00,0.00,0.00,2.00,1,1.00,2.00,0.00,0.00,,21,0,19.44,19.44,25.00,25.00,23.72,23.72,28.03,28.03,0.00,0.00
Malaysia,MYS,20200216,0.00,,0.00,,0.00,,0.00,,0.00,,0.00,,0.00,,3.00,0.00,,0.00,0.00,0.00,2.00,1,1.00,2.00,0.00,0.00,,22,0,19.44,19.44,25.00,25.00,23.72,23.72,28.03,28.03,0.00,0.00
Malaysia,MYS,20200217,0.00,,0.00,,0.00,,0.00,,0.00,,0.00,,0.00,,3.00,0.00,,0.00,0.00,0.00,2.00,1,1.00,2.00,0.00,0.00,,22,0,19.44,19.44,25.00,25.00,23.72,23.72,28.03,28.03,0.00,0.00
Malaysia,MYS,20200218,0.00,,0.00,,0.00,,0.00,,0.00,,0.00,,0.00,,3.00,0.00,,0.00,0.00,0.00,2.00,1,1.00,2.00,0.00,0.00,,22,0,19.44,19.44,25.00,25.00,23.72,23.72,28.03,28.03,0.00,0.00
Malaysia,MYS,20200219,0.00,,0.00,,0.00,,0.00,,0.00,,0.00,,0.00,,3.00,0.00,,0.00,0.00,0.00,2.00,1,1.00,2.00,0.00,0.00,,22,0,19.44,19.44,25.00,25.00,23.72,23.72,28.03,28.03,0.00,0.00
Malaysia,MYS,20200220,0.00,,0.00,,0.00,,0.00,,0.00,,0.00,,0.00,,3.00,0.00,,0.00,0.00,0.00,2.00,1,1.00,2.00,0.00,0.00,,22,0,19.44,19.44,25.00,25.00,23.72,23.72,28.03,28.03,0.00,0.00
Malaysia,MYS,20200221,0.00,,0.00,,0.00,,0.00,,0.00,,0.00,,0.00,,3.00,0.00,,0.00,0.00,0.00,2.00,1,1.00,2.00,0.00,0.00,,22,0,19.44,19.44,25.00,25.00,23.72,23.72,28.03,28.03,0.00,0.00
Malaysia,MYS,20200222,0.00,,0.00,,0.00,,0.00,,0.00,,0.00,,0.00,,3.00,0.00,,0.00,0.00,0.00,2.00,1,1.00,2.00,0.00,0.00,,22,0,19.44,19.44,25.00,25.00,23.72,23.72,28.03,28.03,0.00,0.00
Malaysia,MYS,20200223,0.00,,0.00,,0.00,,0.00,,0.00,,0.00,,0.00,,3.00,0.00,,0.00,0.00,0.00,2.00,1,1.00,2.00,0.00,0.00,,22,0,19.44,19.44,25.00,25.00,23.72,23.72,28.03,28.03,0.00,0.00
Malaysia,MYS,20200224,0.00,,0.00,,0.00,,0.00,,0.00,,0.00,,0.00,,3.00,0.00,,0.00,0.00,0.00,2.00,1,1.00,2.00,0.00,0.00,,22,0,19.44,19.44,25.00,25.00,23.72,23.72,28.03,28.03,0.00,0.00
Malaysia,MYS,20200225,0.00,,0.00,,0.00,,0.00,,0.00,,0.00,,0.00,,3.00,0.00,,0.00,0.00,0.00,2.00,1,1.00,2.00,0.00,0.00,,22,0,19.44,19.44,25.00,25.00,23.72,23.72,28.03,28.03,0.00,0.00
Malaysia,MYS,20200226,0.00,,0.00,,0.00,,0.00,,0.00,,0.00,,0.00,,3.00,0.00,,0.00,0.00,0.00,2.00,1,1.00,2.00,0.00,0.00,,22,0,19.44,19.44,25.00,25.00,23.72,23.72,28.03,28.03,0.00,0.00
Malaysia,MYS,20200227,0.00,,0.00,,0.00,,0.00,,0.00,,0.00,,0.00,,3.00,0.00,,0.00,4500000000.00,0.00,2.00,1,1.00,2.00,35625000.00,0.00,,22,0,19.44,19.44,25.00,25.00,23.72,23.72,28.03,28.03,0.00,0.00
Malaysia,MYS,20200228,0.00,,0.00,,0.00,,0.00,,0.00,,0.00,,0.00,,3.00,0.00,,0.00,0.00,0.00,2.00,1,1.00,2.00,0.00,0.00,,23,0,19.44,19.44,25.00,25.00,23.72,23.72,28.03,28.03,0.00,0.00
Malaysia,MYS,20200229,0.00,,0.00,,0.00,,0.00,,0.00,,0.00,,0.00,,3.00,0.00,,0.00,0.00,0.00,2.00,1,1.00,2.00,0.00,0.00,,25,0,19.44,19.44,25.00,25.00,23.72,23.72,28.03,28.03,0.00,0.00
Malaysia,MYS,20200301,0.00,,0.00,,0.00,,0.00,,0.00,,0.00,,0.00,,3.00,0.00,,0.00,0.00,0.00,2.00,1,1.00,2.00,0.00,0.00,,25,0,19.44,19.44,25.00,25.00,23.72,23.72,28.03,28.03,0.00,0.00
Malaysia,MYS,20200302,0.00,,0.00,,0.00,,0.00,,0.00,,0.00,,0.00,,3.00,0.00,,0.00,0.00,0.00,2.00,1,1.00,2.00,0.00,0.00,,29,0,19.44,19.44,25.00,25.00,23.72,23.72,28.03,28.03,0.00,0.00
Malaysia,MYS,20200303,0.00,,0.00,,0.00,,0.00,,0.00,,0.00,,0.00,,3.00,0.00,,0.00,0.00,0.00,2.00,1,1.00,2.00,0.00,0.00,,,,19.44,19.44,25.00,25.00,23.72,23.72,28.03,28.03,0.00,0.00
Malaysia,MYS,20200304,0.00,,0.00,,0.00,,0.00,,0.00,,0.00,,0.00,,3.00,0.00,,0.00,0.00,0.00,2.00,1,1.00,2.00,0.00,0.00,,36,0,19.44,19.44,25.00,25.00,23.72,23.72,28.03,28.03,0.00,0.00
Malaysia,MYS,20200305,0.00,,0.00,,0.00,,0.00,,0.00,,0.00,,0.00,,3.00,0.00,,0.00,0.00,0.00,2.00,1,1.00,2.00,0.00,0.00,,50,0,19.44,19.44,25.00,25.00,23.72,23.72,28.03,28.03,0.00,0.00
Malaysia,MYS,20200306,0.00,,0.00,,0.00,,0.00,,0.00,,0.00,,0.00,,3.00,0.00,,0.00,0.00,0.00,2.00,1,1.00,2.00,0.00,0.00,,50,0,19.44,19.44,25.00,25.00,23.72,23.72,28.03,28.03,0.00,0.00
Malaysia,MYS,20200307,0.00,,0.00,,1.00,0,0.00,,0.00,,0.00,,0.00,,3.00,0.00,,0.00,0.00,0.00,2.00,1,1.00,2.00,0.00,0.00,,83,0,22.22,22.22,29.76,29.76,25.64,25.64,30.30,30.30,0.00,0.00
Malaysia,MYS,20200308,0.00,,0.00,,1.00,0,0.00,,0.00,,0.00,,0.00,,3.00,0.00,,0.00,0.00,0.00,2.00,1,1.00,2.00,0.00,0.00,,93,0,22.22,22.22,29.76,29.76,25.64,25.64,30.30,30.30,0.00,0.00
Malaysia,MYS,20200309,0.00,,0.00,,1.00,0,0.00,,0.00,,0.00,,0.00,,3.00,0.00,,0.00,0.00,0.00,2.00,1,1.00,2.00,0.00,0.00,,99,0,22.22,22.22,29.76,29.76,25.64,25.64,30.30,30.30,0.00,0.00
Malaysia,MYS,20200310,0.00,,0.00,,1.00,0,0.00,,0.00,,0.00,,0.00,,3.00,0.00,,0.00,0.00,0.00,2.00,1,1.00,2.00,0.00,0.00,,117,0,22.22,22.22,29.76,29.76,25.64,25.64,30.30,30.30,0.00,0.00
Malaysia,MYS,20200311,0.00,,0.00,,1.00,0,0.00,,0.00,,0.00,,0.00,,3.00,0.00,,0.00,0.00,0.00,2.00,1,1.00,2.00,0.00,0.00,,129,0,22.22,22.22,29.76,29.76,25.64,25.64,30.30,30.30,0.00,0.00
Malaysia,MYS,20200312,0.00,,0.00,,1.00,0,2.00,1,0.00,,0.00,,0.00,,3.00,0.00,,0.00,0.00,0.00,2.00,1,1.00,2.00,0.00,0.00,,149,0,27.78,27.78,33.57,33.57,29.49,29.49,34.85,34.85,0.00,0.00
Malaysia,MYS,20200313,0.00,,0.00,,1.00,0,2.00,1,0.00,,0.00,,0.00,,3.00,0.00,,0.00,0.00,0.00,2.00,1,1.00,2.00,0.00,0.00,,158,0,27.78,27.78,33.57,33.57,29.49,29.49,34.85,34.85,0.00,0.00
Malaysia,MYS,20200314,1.00,1,0.00,,1.00,0,2.00,1,0.00,,0.00,,0.00,,3.00,0.00,,0.00,0.00,0.00,2.00,1,1.00,2.00,0.00,0.00,,197,0,31.48,31.48,40.71,40.71,32.05,32.05,37.88,37.88,0.00,0.00
Malaysia,MYS,20200315,1.00,1,0.00,,1.00,0,2.00,1,0.00,,0.00,,0.00,,3.00,0.00,,0.00,0.00,0.00,2.00,1,1.00,2.00,0.00,0.00,,238,0,31.48,31.48,40.71,40.71,32.05,32.05,37.88,37.88,0.00,0.00
Malaysia,MYS,20200316,1.00,1,0.00,,1.00,0,2.00,1,0.00,,0.00,,0.00,,3.00,0.00,,0.00,0.00,0.00,2.00,1,1.00,2.00,0.00,0.00,,428,0,31.48,31.48,40.71,40.71,32.05,32.05,37.88,37.88,0.00,0.00
Malaysia,MYS,20200317,1.00,1,0.00,,1.00,0,2.00,1,0.00,,0.00,,0.00,,3.00,0.00,,0.00,0.00,0.00,2.00,1,1.00,2.00,0.00,0.00,,553,0,31.48,31.48,40.71,40.71,32.05,32.05,37.88,37.88,0.00,0.00
Malaysia,MYS,20200318,3.00,1,3.00,1,2.00,1,2.00,1,0.00,,1.00,1,2.00,1,3.00,0.00,,0.00,0.00,0.00,2.00,1,1.00,2.00,0.00,0.00,,673,2,73.15,73.15,82.14,82.14,60.90,60.90,71.97,71.97,0.00,0.00
Malaysia,MYS,20200319,3.00,1,3.00,1,2.00,1,2.00,1,0.00,,1.00,1,2.00,1,3.00,0.00,,0.00,0.00,0.00,2.00,1,1.00,2.00,0.00,0.00,,790,2,73.15,73.15,82.14,82.14,60.90,60.90,71.97,71.97,0.00,0.00
Malaysia,MYS,20200320,3.00,1,3.00,1,2.00,1,2.00,1,0.00,,1.00,1,2.00,1,3.00,0.00,,0.00,0.00,0.00,2.00,1,1.00,2.00,0.00,0.00,,900,2,73.15,73.15,82.14,82.14,60.90,60.90,71.97,71.97,0.00,0.00
Malaysia,MYS,20200321,3.00,1,3.00,1,2.00,1,2.00,1,0.00,,1.00,1,2.00,1,3.00,0.00,,0.00,0.00,0.00,2.00,1,1.00,2.00,0.00,0.00,,1030,2,73.15,73.15,82.14,82.14,60.90,60.90,71.97,71.97,0.00,0.00
Malaysia,MYS,20200322,3.00,1,3.00,1,2.00,1,2.00,1,0.00,,1.00,1,2.00,1,3.00,0.00,,0.00,0.00,0.00,2.00,1,1.00,2.00,0.00,0.00,,1183,4,73.15,73.15,82.14,82.14,60.90,60.90,71.97,71.97,0.00,0.00
Malaysia,MYS,20200323,3.00,1,3.00,1,2.00,1,2.00,1,0.00,,1.00,1,2.00,1,3.00,0.00,,0.00,0.00,0.00,2.00,1,1.00,2.00,0.00,0.00,,1306,10,73.15,73.15,82.14,82.14,60.90,60.90,71.97,71.97,0.00,0.00
Malaysia,MYS,20200324,3.00,1,3.00,1,2.00,1,2.00,1,0.00,,1.00,1,2.00,1,3.00,0.00,,0.00,0.00,0.00,2.00,1,1.00,2.00,0.00,0.00,,1518,14,73.15,73.15,82.14,82.14,60.90,60.90,71.97,71.97,0.00,0.00
Malaysia,MYS,20200325,3.00,1,3.00,1,2.00,1,2.00,1,0.00,,1.00,1,2.00,1,3.00,0.00,,0.00,0.00,0.00,2.00,1,1.00,2.00,0.00,0.00,,1624,15,73.15,73.15,82.14,82.14,60.90,60.90,71.97,71.97,0.00,0.00
Malaysia,MYS,20200326,3.00,1,3.00,1,2.00,1,2.00,1,0.00,,1.00,1,2.00,1,3.00,0.00,,0.00,0.00,0.00,2.00,1,1.00,2.00,0.00,0.00,,1796,19,73.15,73.15,82.14,82.14,60.90,60.90,71.97,71.97,0.00,0.00
Malaysia,MYS,20200327,3.00,1,3.00,1,2.00,1,2.00,1,0.00,,1.00,1,2.00,1,3.00,0.00,,0.00,57800000000.00,0.00,2.00,1,1.00,2.00,346650000.00,0.00,,2031,23,73.15,73.15,82.14,82.14,60.90,60.90,71.97,71.97,0.00,0.00
Malaysia,MYS,20200328,3.00,1,3.00,1,2.00,1,2.00,1,0.00,,1.00,1,2.00,1,3.00,0.00,,0.00,0.00,0.00,2.00,1,1.00,2.00,0.00,0.00,,2161,26,73.15,73.15,82.14,82.14,60.90,60.90,71.97,71.97,0.00,0.00
Malaysia,MYS,20200329,3.00,1,3.00,1,2.00,1,2.00,1,0.00,,1.00,1,2.00,1,3.00,0.00,,0.00,0.00,0.00,2.00,1,1.00,2.00,0.00,0.00,,2320,27,73.15,73.15,82.14,82.14,60.90,60.90,71.97,71.97,0.00,0.00
Malaysia,MYS,20200330,3.00,1,3.00,1,2.00,1,2.00,1,0.00,,1.00,1,2.00,1,3.00,0.00,,0.00,0.00,0.00,2.00,1,1.00,2.00,0.00,0.00,,2470,34,73.15,73.15,82.14,82.14,60.90,60.90,71.97,71.97,0.00,0.00
Malaysia,MYS,20200331,3.00,1,3.00,1,2.00,1,2.00,1,0.00,,1.00,1,2.00,1,3.00,0.00,,0.00,0.00,0.00,2.00,1,1.00,2.00,0.00,0.00,,2626,37,73.15,73.15,82.14,82.14,60.90,60.90,71.97,71.97,0.00,0.00
Malaysia,MYS,20200401,3.00,1,3.00,1,2.00,1,2.00,1,0.00,,1.00,1,2.00,1,3.00,0.00,,2.00,0.00,0.00,2.00,1,1.00,2.00,0.00,0.00,,2766,43,73.15,73.15,82.14,82.14,68.59,68.59,71.97,71.97,50.00,50.00
Malaysia,MYS,20200402,3.00,1,3.00,1,2.00,1,2.00,1,0.00,,1.00,1,2.00,1,3.00,0.00,,2.00,0.00,0.00,2.00,1,1.00,2.00,0.00,0.00,,2908,45,73.15,73.15,82.14,82.14,68.59,68.59,71.97,71.97,50.00,50.00
Malaysia,MYS,20200403,3.00,1,3.00,1,2.00,1,2.00,1,0.00,,1.00,1,2.00,1,3.00,0.00,,2.00,0.00,0.00,2.00,1,1.00,2.00,0.00,0.00,,3116,50,73.15,73.15,82.14,82.14,68.59,68.59,71.97,71.97,50.00,50.00
Malaysia,MYS,20200404,3.00,1,3.00,1,2.00,1,2.00,1,0.00,,1.00,1,2.00,1,3.00,0.00,,2.00,0.00,0.00,2.00,1,1.00,2.00,0.00,0.00,,3333,53,73.15,73.15,82.14,82.14,68.59,68.59,71.97,71.97,50.00,50.00
Malaysia,MYS,20200405,3.00,1,3.00,1,2.00,1,2.00,1,0.00,,1.00,1,2.00,1,3.00,0.00,,2.00,0.00,0.00,2.00,1,1.00,2.00,0.00,0.00,,3483,57,73.15,73.15,82.14,82.14,68.59,68.59,71.97,71.97,50.00,50.00
Malaysia,MYS,20200406,3.00,1,3.00,1,2.00,1,2.00,1,0.00,,1.00,1,2.00,1,3.00,1.00,1,2.00,0.00,0.00,2.00,1,1.00,2.00,0.00,0.00,,3662,61,73.15,73.15,82.14,82.14,72.44,72.44,71.97,71.97,75.00,75.00
Malaysia,MYS,20200407,3.00,1,3.00,1,2.00,1,2.00,1,0.00,,1.00,1,2.00,1,3.00,1.00,1,2.00,57000000000.00,0.00,2.00,1,1.00,2.00,0.00,0.00,,3793,62,73.15,73.15,82.14,82.14,72.44,72.44,71.97,71.97,75.00,75.00
Malaysia,MYS,20200408,3.00,1,3.00,1,2.00,1,2.00,1,0.00,,1.00,1,2.00,1,3.00,1.00,1,2.00,0.00,0.00,2.00,1,3.00,2.00,0.00,0.00,,3963,63,73.15,73.15,82.14,82.14,77.56,77.56,78.03,78.03,75.00,75.00
Malaysia,MYS,20200409,3.00,1,3.00,1,2.00,1,2.00,1,0.00,,1.00,1,2.00,1,3.00,1.00,1,2.00,0.00,0.00,2.00,1,3.00,2.00,0.00,0.00,,4119,65,73.15,73.15,82.14,82.14,77.56,77.56,78.03,78.03,75.00,75.00
Malaysia,MYS,20200410,3.00,1,3.00,1,2.00,1,2.00,1,0.00,,1.00,1,2.00,1,3.00,1.00,1,2.00,0.00,0.00,2.00,1,3.00,2.00,0.00,0.00,,4228,67,73.15,73.15,82.14,82.14,77.56,77.56,78.03,78.03,75.00,75.00
Malaysia,MYS,20200411,3.00,1,3.00,1,2.00,1,2.00,1,0.00,,1.00,1,2.00,1,3.00,1.00,1,2.00,0.00,0.00,2.00,1,3.00,2.00,0.00,0.00,,4346,70,73.15,73.15,82.14,82.14,77.56,77.56,78.03,78.03,75.00,75.00
Malaysia,MYS,20200412,3.00,1,3.00,1,2.00,1,2.00,1,0.00,,1.00,1,2.00,1,3.00,1.00,1,2.00,0.00,0.00,2.00,1,3.00,2.00,0.00,0.00,,4530,73,73.15,73.15,82.14,82.14,77.56,77.56,78.03,78.03,75.00,75.00
Malaysia,MYS,20200413,3.00,1,3.00,1,2.00,1,2.00,1,0.00,,1.00,1,2.00,1,3.00,1.00,1,2.00,0.00,0.00,2.00,1,3.00,2.00,0.00,0.00,,4683,76,73.15,73.15,82.14,82.14,77.56,77.56,78.03,78.03,75.00,75.00
Malaysia,MYS,20200414,3.00,1,3.00,1,2.00,1,2.00,1,0.00,,1.00,1,2.00,1,3.00,1.00,1,2.00,0.00,0.00,2.00,1,3.00,2.00,0.00,0.00,,4817,77,73.15,73.15,82.14,82.14,77.56,77.56,78.03,78.03,75.00,75.00
Malaysia,MYS,20200415,3.00,1,3.00,1,2.00,1,2.00,1,0.00,,1.00,1,2.00,1,3.00,1.00,1,2.00,0.00,0.00,2.00,1,3.00,2.00,0.00,0.00,,4987,82,73.15,73.15,82.14,82.14,77.56,77.56,78.03,78.03,75.00,75.00
Malaysia,MYS,20200416,3.00,1,3.00,1,2.00,1,2.00,1,0.00,,1.00,1,2.00,1,3.00,1.00,1,2.00,0.00,0.00,2.00,1,3.00,2.00,0.00,0.00,,5072,83,73.15,73.15,82.14,82.14,77.56,77.56,78.03,78.03,75.00,75.00
Malaysia,MYS,20200417,3.00,1,3.00,1,2.00,1,2.00,1,0.00,,1.00,1,2.00,1,3.00,1.00,1,2.00,0.00,0.00,2.00,1,3.00,2.00,0.00,0.00,,5182,84,73.15,73.15,82.14,82.14,77.56,77.56,78.03,78.03,75.00,75.00
Malaysia,MYS,20200418,3.00,1,3.00,1,2.00,1,2.00,1,0.00,,1.00,1,2.00,1,3.00,1.00,1,2.00,0.00,0.00,2.00,1,3.00,2.00,0.00,0.00,,5251,86,73.15,73.15,82.14,82.14,77.56,77.56,78.03,78.03,75.00,75.00
Malaysia,MYS,20200419,3.00,1,3.00,1,2.00,1,2.00,1,0.00,,1.00,1,2.00,1,3.00,1.00,1,2.00,0.00,0.00,2.00,1,3.00,2.00,0.00,0.00,,5305,88,73.15,73.15,82.14,82.14,77.56,77.56,78.03,78.03,75.00,75.00
Malaysia,MYS,20200420,3.00,1,3.00,1,2.00,1,2.00,1,0.00,,1.00,1,2.00,1,3.00,1.00,1,2.00,0.00,0.00,2.00,1,3.00,2.00,0.00,0.00,,5389,89,73.15,73.15,82.14,82.14,77.56,77.56,78.03,78.03,75.00,75.00
Malaysia,MYS,20200421,3.00,1,3.00,1,2.00,1,2.00,1,0.00,,1.00,1,2.00,1,3.00,1.00,1,2.00,0.00,0.00,2.00,1,3.00,2.00,0.00,0.00,,5425,89,73.15,73.15,82.14,82.14,77.56,77.56,78.03,78.03,75.00,75.00
Malaysia,MYS,20200422,3.00,1,3.00,1,2.00,1,2.00,1,0.00,,1.00,1,2.00,1,3.00,1.00,1,2.00,0.00,0.00,2.00,1,3.00,2.00,0.00,0.00,,5482,92,73.15,73.15,82.14,82.14,77.56,77.56,78.03,78.03,75.00,75.00
Malaysia,MYS,20200423,3.00,1,3.00,1,2.00,1,2.00,1,0.00,,1.00,1,2.00,1,3.00,1.00,1,2.00,0.00,0.00,2.00,1,3.00,2.00,0.00,0.00,,5532,93,73.15,73.15,82.14,82.14,77.56,77.56,78.03,78.03,75.00,75.00
Malaysia,MYS,20200424,3.00,1,3.00,1,2.00,1,2.00,1,0.00,,1.00,1,2.00,1,3.00,1.00,1,2.00,0.00,0.00,2.00,1,3.00,2.00,0.00,0.00,,5603,95,73.15,73.15,82.14,82.14,77.56,77.56,78.03,78.03,75.00,75.00
Malaysia,MYS,20200425,3.00,1,3.00,1,2.00,1,2.00,1,0.00,,1.00,1,2.00,1,3.00,1.00,1,2.00,0.00,0.00,2.00,1,3.00,2.00,0.00,0.00,,5691,96,73.15,73.15,82.14,82.14,77.56,77.56,78.03,78.03,75.00,75.00
Malaysia,MYS,20200426,3.00,1,3.00,1,2.00,1,2.00,1,0.00,,1.00,1,2.00,1,3.00,1.00,1,2.00,0.00,0.00,2.00,1,3.00,2.00,0.00,0.00,,5742,98,73.15,73.15,82.14,82.14,77.56,77.56,78.03,78.03,75.00,75.00
Malaysia,MYS,20200427,3.00,1,3.00,1,2.00,1,2.00,1,0.00,,1.00,1,2.00,1,3.00,1.00,1,2.00,0.00,0.00,2.00,1,3.00,2.00,0.00,0.00,,5780,98,73.15,73.15,82.14,82.14,77.56,77.56,78.03,78.03,75.00,75.00
Malaysia,MYS,20200428,3.00,1,3.00,1,2.00,1,2.00,1,0.00,,1.00,1,2.00,1,3.00,1.00,1,2.00,0.00,0.00,2.00,1,3.00,2.00,0.00,0.00,,5820,99,73.15,73.15,82.14,82.14,77.56,77.56,78.03,78.03,75.00,75.00
Malaysia,MYS,20200429,3.00,1,3.00,1,2.00,1,2.00,1,0.00,,1.00,1,2.00,1,3.00,1.00,1,2.00,0.00,0.00,2.00,1,3.00,2.00,0.00,0.00,,5851,100,73.15,73.15,82.14,82.14,77.56,77.56,78.03,78.03,75.00,75.00
Malaysia,MYS,20200430,3.00,1,3.00,1,2.00,1,2.00,1,0.00,,1.00,1,2.00,1,3.00,1.00,1,2.00,0.00,0.00,2.00,1,3.00,2.00,0.00,0.00,,5945,100,73.15,73.15,82.14,82.14,77.56,77.56,78.03,78.03,75.00,75.00
Malaysia,MYS,20200501,3.00,1,3.00,1,2.00,1,2.00,1,0.00,,1.00,1,2.00,1,3.00,1.00,1,2.00,0.00,0.00,2.00,1,3.00,2.00,0.00,0.00,,6002,102,73.15,73.15,82.14,82.14,77.56,77.56,78.03,78.03,75.00,75.00
Malaysia,MYS,20200502,3.00,1,3.00,1,2.00,1,2.00,1,0.00,,1.00,1,2.00,1,3.00,1.00,1,2.00,0.00,0.00,2.00,1,3.00,2.00,0.00,0.00,,6071,103,73.15,73.15,82.14,82.14,77.56,77.56,78.03,78.03,75.00,75.00
Malaysia,MYS,20200503,3.00,1,3.00,1,2.00,1,2.00,1,0.00,,1.00,1,2.00,1,3.00,1.00,1,2.00,0.00,0.00,2.00,1,3.00,2.00,0.00,0.00,,6176,103,73.15,73.15,82.14,82.14,77.56,77.56,78.03,78.03,75.00,75.00
Malaysia,MYS,20200504,3.00,1,2.00,1,2.00,1,2.00,1,,,1.00,1,2.00,1,3.00,1.00,1,2.00,0.00,0.00,2.00,1,3.00,2.00,0.00,0.00,,6298,105,69.44,69.44,78.57,78.57,75.00,75.00,75.00,75.00,75.00,75.00
Malaysia,MYS,20200505,3.00,1,2.00,1,2.00,1,2.00,1,0.00,,1.00,1,2.00,1,3.00,1.00,1,2.00,0.00,0.00,2.00,1,3.00,2.00,0.00,0.00,,6353,105,69.44,69.44,78.57,78.57,75.00,75.00,75.00,75.00,75.00,75.00
Malaysia,MYS,20200506,3.00,1,2.00,1,2.00,1,2.00,1,0.00,,1.00,1,2.00,1,3.00,1.00,1,2.00,0.00,0.00,2.00,1,3.00,2.00,0.00,0.00,,6383,106,69.44,69.44,78.57,78.57,75.00,75.00,75.00,75.00,75.00,75.00
Malaysia,MYS,20200507,3.00,1,2.00,1,2.00,1,2.00,1,0.00,,1.00,1,2.00,1,3.00,1.00,1,2.00,0.00,0.00,2.00,1,3.00,2.00,0.00,0.00,,6428,107,69.44,69.44,78.57,78.57,75.00,75.00,75.00,75.00,75.00,75.00
Malaysia,MYS,20200508,3.00,1,2.00,1,2.00,1,2.00,1,0.00,,1.00,1,2.00,1,3.00,1.00,1,2.00,0.00,0.00,2.00,1,3.00,2.00,0.00,0.00,,6467,107,69.44,69.44,78.57,78.57,75.00,75.00,75.00,75.00,75.00,75.00
Malaysia,MYS,20200509,3.00,1,2.00,1,2.00,1,2.00,1,0.00,,1.00,1,2.00,1,3.00,1.00,1,2.00,0.00,0.00,2.00,1,3.00,2.00,0.00,0.00,,6535,107,69.44,69.44,78.57,78.57,75.00,75.00,75.00,75.00,75.00,75.00
Malaysia,MYS,20200510,3.00,1,2.00,1,2.00,1,2.00,1,0.00,,1.00,1,2.00,1,3.00,1.00,1,2.00,0.00,0.00,2.00,1,3.00,2.00,0.00,0.00,,6589,108,69.44,69.44,78.57,78.57,75.00,75.00,75.00,75.00,75.00,75.00
Malaysia,MYS,20200511,3.00,1,2.00,1,2.00,1,2.00,1,0.00,,1.00,1,2.00,1,3.00,1.00,1,2.00,0.00,0.00,2.00,1,3.00,2.00,0.00,0.00,,6656,108,69.44,69.44,78.57,78.57,75.00,75.00,75.00,75.00,75.00,75.00
Malaysia,MYS,20200512,3.00,1,2.00,1,2.00,1,2.00,1,0.00,,1.00,1,2.00,1,3.00,1.00,1,2.00,0.00,0.00,2.00,1,3.00,2.00,0.00,0.00,,6726,109,69.44,69.44,78.57,78.57,75.00,75.00,75.00,75.00,75.00,75.00
Malaysia,MYS,20200513,3.00,1,2.00,1,2.00,1,2.00,1,0.00,,1.00,1,2.00,1,3.00,1.00,1,2.00,0.00,0.00,2.00,1,3.00,2.00,0.00,0.00,,6742,109,69.44,69.44,78.57,78.57,75.00,75.00,75.00,75.00,75.00,75.00
Malaysia,MYS,20200514,3.00,1,2.00,1,2.00,1,2.00,1,0.00,,1.00,1,2.00,1,3.00,1.00,1,2.00,0.00,0.00,2.00,1,3.00,2.00,0.00,0.00,,6779,111,69.44,69.44,78.57,78.57,75.00,75.00,75.00,75.00,75.00,75.00
Malaysia,MYS,20200515,3.00,1,2.00,1,2.00,1,2.00,1,0.00,,1.00,1,2.00,1,3.00,1.00,1,2.00,0.00,0.00,2.00,1,3.00,2.00,0.00,0.00,,6819,112,69.44,69.44,78.57,78.57,75.00,75.00,75.00,75.00,75.00,75.00
Malaysia,MYS,20200516,3.00,1,2.00,1,2.00,1,2.00,1,0.00,,1.00,1,2.00,1,3.00,1.00,1,2.00,0.00,0.00,2.00,1,3.00,2.00,0.00,0.00,,6855,112,69.44,69.44,78.57,78.57,75.00,75.00,75.00,75.00,75.00,75.00
Malaysia,MYS,20200517,3.00,1,2.00,1,2.00,1,2.00,1,0.00,,1.00,1,2.00,1,3.00,1.00,1,2.00,0.00,0.00,2.00,1,3.00,2.00,0.00,0.00,,6872,113,69.44,69.44,78.57,78.57,75.00,75.00,75.00,75.00,75.00,75.00
Malaysia,MYS,20200518,3.00,1,2.00,1,2.00,1,2.00,1,0.00,,1.00,1,2.00,1,3.00,1.00,1,2.00,0.00,0.00,2.00,1,3.00,2.00,0.00,0.00,,6894,113,69.44,69.44,78.57,78.57,75.00,75.00,75.00,75.00,75.00,75.00
Malaysia,MYS,20200519,3.00,1,2.00,1,2.00,1,2.00,1,0.00,,1.00,1,2.00,1,3.00,1.00,1,2.00,0.00,0.00,2.00,1,3.00,2.00,0.00,0.00,,6941,113,69.44,69.44,78.57,78.57,75.00,75.00,75.00,75.00,75.00,75.00
Malaysia,MYS,20200520,3.00,1,2.00,1,2.00,1,2.00,1,0.00,,1.00,1,2.00,1,3.00,1.00,1,2.00,0.00,0.00,2.00,1,3.00,2.00,0.00,0.00,,6978,114,69.44,69.44,78.57,78.57,75.00,75.00,75.00,75.00,75.00,75.00
Malaysia,MYS,20200521,3.00,1,2.00,1,2.00,1,2.00,1,0.00,,1.00,1,2.00,1,3.00,1.00,1,2.00,0.00,0.00,2.00,1,3.00,2.00,0.00,0.00,,7009,114,69.44,69.44,78.57,78.57,75.00,75.00,75.00,75.00,75.00,75.00
Malaysia,MYS,20200522,3.00,1,2.00,1,2.00,1,2.00,1,0.00,,1.00,1,2.00,1,3.00,1.00,1,2.00,0.00,0.00,2.00,1,3.00,2.00,0.00,0.00,,7059,114,69.44,69.44,78.57,78.57,75.00,75.00,75.00,75.00,75.00,75.00
Malaysia,MYS,20200523,3.00,1,2.00,1,2.00,1,3.00,1,0.00,,1.00,1,2.00,1,4.00,1.00,1,2.00,0.00,0.00,2.00,1,3.00,2.00,0.00,0.00,,7137,115,75.00,75.00,82.14,82.14,78.85,78.85,79.55,79.55,75.00,75.00
Malaysia,MYS,20200524,3.00,1,2.00,1,2.00,1,3.00,1,0.00,,1.00,1,2.00,1,4.00,1.00,1,2.00,0.00,0.00,2.00,1,3.00,2.00,0.00,0.00,,7185,115,75.00,75.00,82.14,82.14,78.85,78.85,79.55,79.55,75.00,75.00
Malaysia,MYS,20200525,3.00,1,2.00,1,2.00,1,3.00,1,0.00,,1.00,1,2.00,1,4.00,1.00,1,2.00,0.00,0.00,2.00,1,3.00,2.00,0.00,0.00,,7245,115,75.00,75.00,82.14,82.14,78.85,78.85,79.55,79.55,75.00,75.00
Malaysia,MYS,20200526,3.00,1,2.00,1,2.00,1,3.00,1,0.00,,1.00,1,2.00,1,4.00,1.00,1,2.00,0.00,0.00,2.00,1,3.00,2.00,0.00,0.00,,7417,115,75.00,75.00,82.14,82.14,78.85,78.85,79.55,79.55,75.00,75.00
Malaysia,MYS,20200527,3.00,1,2.00,1,2.00,1,3.00,1,0.00,,1.00,1,2.00,1,4.00,1.00,1,2.00,0.00,0.00,2.00,1,3.00,2.00,0.00,0.00,,7604,115,75.00,75.00,82.14,82.14,78.85,78.85,79.55,79.55,75.00,75.00
Malaysia,MYS,20200528,3.00,1,2.00,1,2.00,1,3.00,1,0.00,,1.00,1,2.00,1,4.00,1.00,1,2.00,0.00,0.00,2.00,1,3.00,2.00,0.00,0.00,,7619,115,75.00,75.00,82.14,82.14,78.85,78.85,79.55,79.55,75.00,75.00
Malaysia,MYS,20200529,3.00,1,2.00,1,2.00,1,3.00,1,0.00,,1.00,1,2.00,1,4.00,1.00,1,2.00,0.00,0.00,2.00,1,3.00,2.00,0.00,0.00,,7629,115,75.00,75.00,82.14,82.14,78.85,78.85,79.55,79.55,75.00,75.00
Malaysia,MYS,20200530,3.00,1,2.00,1,2.00,1,3.00,1,0.00,,1.00,1,2.00,1,4.00,1.00,1,2.00,0.00,0.00,2.00,1,3.00,2.00,0.00,0.00,,7732,115,75.00,75.00,82.14,82.14,78.85,78.85,79.55,79.55,75.00,75.00
Malaysia,MYS,20200531,3.00,1,2.00,1,2.00,1,3.00,1,0.00,,1.00,1,2.00,1,4.00,1.00,1,2.00,0.00,0.00,2.00,1,3.00,2.00,0.00,0.00,,7762,115,75.00,75.00,82.14,82.14,78.85,78.85,79.55,79.55,75.00,75.00
Malaysia,MYS,20200601,3.00,1,2.00,1,2.00,1,3.00,1,0.00,,1.00,1,2.00,1,4.00,1.00,1,2.00,0.00,0.00,2.00,1,3.00,2.00,0.00,0.00,,7819,115,75.00,75.00,82.14,82.14,78.85,78.85,79.55,79.55,75.00,75.00
Malaysia,MYS,20200602,3.00,1,2.00,1,2.00,1,3.00,1,0.00,,1.00,1,2.00,1,4.00,1.00,1,2.00,0.00,0.00,2.00,1,3.00,2.00,0.00,0.00,,7857,115,75.00,75.00,82.14,82.14,78.85,78.85,79.55,79.55,75.00,75.00
Malaysia,MYS,20200603,3.00,1,2.00,1,2.00,1,3.00,1,0.00,,1.00,1,2.00,1,4.00,1.00,1,2.00,0.00,0.00,2.00,1,3.00,2.00,0.00,0.00,,7877,115,75.00,75.00,82.14,82.14,78.85,78.85,79.55,79.55,75.00,75.00
Malaysia,MYS,20200604,3.00,1,2.00,1,2.00,1,3.00,1,0.00,,1.00,1,2.00,1,4.00,1.00,1,2.00,0.00,0.00,2.00,1,3.00,2.00,0.00,0.00,,7970,115,75.00,75.00,82.14,82.14,78.85,78.85,79.55,79.55,75.00,75.00
Malaysia,MYS,20200605,3.00,1,2.00,1,2.00,1,3.00,1,0.00,,1.00,1,2.00,1,4.00,1.00,1,2.00,8200000000.00,0.00,2.00,1,3.00,2.00,0.00,0.00,,7970,115,75.00,75.00,82.14,82.14,78.85,78.85,79.55,79.55,75.00,75.00
Malaysia,MYS,20200606,3.00,1,2.00,1,2.00,1,3.00,1,0.00,,1.00,1,2.00,1,4.00,1.00,1,2.00,0.00,0.00,2.00,1,3.00,2.00,0.00,0.00,,8266,116,75.00,75.00,82.14,82.14,78.85,78.85,79.55,79.55,75.00,75.00
Malaysia,MYS,20200607,3.00,1,2.00,1,2.00,1,3.00,1,0.00,,1.00,1,2.00,1,4.00,1.00,1,2.00,0.00,0.00,2.00,1,3.00,2.00,0.00,0.00,,8303,117,75.00,75.00,82.14,82.14,78.85,78.85,79.55,79.55,75.00,75.00
Malaysia,MYS,20200608,3.00,1,2.00,1,2.00,1,3.00,1,0.00,,1.00,1,2.00,1,4.00,1.00,1,2.00,0.00,0.00,2.00,1,3.00,2.00,0.00,0.00,,8322,117,75.00,75.00,82.14,82.14,78.85,78.85,79.55,79.55,75.00,75.00
Malaysia,MYS,20200609,3.00,1,2.00,1,2.00,1,3.00,1,0.00,,1.00,1,2.00,1,4.00,1.00,1,2.00,0.00,0.00,2.00,1,3.00,2.00,0.00,0.00,,8329,117,75.00,75.00,82.14,82.14,78.85,78.85,79.55,79.55,75.00,75.00
Malaysia,MYS,20200610,3.00,1,2.00,1,2.00,1,3.00,1,0.00,,1.00,1,0.00,,4.00,1.00,1,2.00,0.00,0.00,2.00,1,3.00,2.00,0.00,0.00,,8336,117,63.89,63.89,75.00,75.00,71.15,71.15,70.45,70.45,75.00,75.00
Malaysia,MYS,20200611,3.00,1,2.00,1,2.00,1,3.00,1,0.00,,1.00,1,0.00,,4.00,1.00,1,2.00,0.00,0.00,2.00,1,3.00,2.00,0.00,0.00,,8338,118,63.89,63.89,75.00,75.00,71.15,71.15,70.45,70.45,75.00,75.00
Malaysia,MYS,20200612,3.00,1,2.00,1,2.00,1,3.00,1,0.00,,1.00,1,0.00,,4.00,1.00,1,2.00,0.00,0.00,2.00,1,3.00,2.00,0.00,0.00,,8369,118,63.89,63.89,75.00,75.00,71.15,71.15,70.45,70.45,75.00,75.00
Malaysia,MYS,20200613,3.00,1,2.00,1,2.00,1,3.00,1,0.00,,1.00,1,0.00,,4.00,1.00,1,2.00,0.00,0.00,2.00,1,3.00,2.00,0.00,0.00,,8402,119,63.89,63.89,75.00,75.00,71.15,71.15,70.45,70.45,75.00,75.00
Malaysia,MYS,20200614,3.00,1,2.00,1,2.00,1,3.00,1,0.00,,1.00,1,0.00,,4.00,1.00,1,2.00,0.00,0.00,2.00,1,3.00,2.00,0.00,0.00,,8445,120,63.89,63.89,75.00,75.00,71.15,71.15,70.45,70.45,75.00,75.00
Malaysia,MYS,20200615,,,,,,,,,,,,,,,,,,,,,,,,,,,,8453,121,,,,,,,,,,
Malaysia,MYS,20200616,,,,,,,,,,,,,,,,,,,,,,,,,,,,8494,121,,,,,,,,,,
Malaysia,MYS,20200617,,,,,,,,,,,,,,,,,,,,,,,,,,,,8505,121,,63.89,,75.00,,71.15,,70.45,,75.00
Malaysia,MYS,20200618,,,,,,,,,,,,,,,,,,,,,,,,,,,,8515,121,,63.89,,75.00,,71.15,,70.45,,75.00
Malaysia,MYS,20200619,,,,,,,,,,,,,,,,,,,,,,,,,,,,8529,121,,63.89,,75.00,,71.15,,70.45,,75.00
Malaysia,MYS,20200620,,,,,,,,,,,,,,,,,,,,,,,,,,,,8535,121,,63.89,,75.00,,71.15,,70.45,,75.00
Malaysia,MYS,20200621,,,,,,,,,,,,,,,,,,,,,,,,,,,,8556,121,,63.89,,75.00,,71.15,,70.45,,75.00
Malaysia,MYS,20200622,,,,,,,,,,,,,,,,,,,,,,,,,,,,8572,121,,63.89,,75.00,,71.15,,70.45,,75.00
Malaysia,MYS,20200623,,,,,,,,,,,,,,,,,,,,,,,,,,,,8587,121,,63.89,,75.00,,71.15,,70.45,,75.00
