Morocco,MAR,20200101,0.00,,0.00,,0.00,,0.00,,0.00,,0.00,,0.00,,0.00,0.00,,0.00,0.00,0.00,0.00,,0.00,0.00,0.00,0.00,,,,0.00,0.00,0.00,0.00,0.00,0.00,0.00,0.00,0.00,0.00
Morocco,MAR,20200102,0.00,,0.00,,0.00,,0.00,,0.00,,0.00,,0.00,,0.00,0.00,,0.00,0.00,0.00,0.00,,0.00,0.00,0.00,0.00,,,,0.00,0.00,0.00,0.00,0.00,0.00,0.00,0.00,0.00,0.00
Morocco,MAR,20200103,0.00,,0.00,,0.00,,0.00,,0.00,,0.00,,0.00,,0.00,0.00,,0.00,0.00,0.00,0.00,,0.00,0.00,0.00,0.00,,,,0.00,0.00,0.00,0.00,0.00,0.00,0.00,0.00,0.00,0.00
Morocco,MAR,20200104,0.00,,0.00,,0.00,,0.00,,0.00,,0.00,,0.00,,0.00,0.00,,0.00,0.00,0.00,0.00,,0.00,0.00,0.00,0.00,,,,0.00,0.00,0.00,0.00,0.00,0.00,0.00,0.00,0.00,0.00
Morocco,MAR,20200105,0.00,,0.00,,0.00,,0.00,,0.00,,0.00,,0.00,,0.00,0.00,,0.00,0.00,0.00,0.00,,0.00,0.00,0.00,0.00,,,,0.00,0.00,0.00,0.00,0.00,0.00,0.00,0.00,0.00,0.00
Morocco,MAR,20200106,0.00,,0.00,,0.00,,0.00,,0.00,,0.00,,0.00,,0.00,0.00,,0.00,0.00,0.00,0.00,,0.00,0.00,0.00,0.00,,,,0.00,0.00,0.00,0.00,0.00,0.00,0.00,0.00,0.00,0.00
Morocco,MAR,20200107,0.00,,0.00,,0.00,,0.00,,0.00,,0.00,,0.00,,0.00,0.00,,0.00,0.00,0.00,0.00,,0.00,0.00,0.00,0.00,,,,0.00,0.00,0.00,0.00,0.00,0.00,0.00,0.00,0.00,0.00
Morocco,MAR,20200108,0.00,,0.00,,0.00,,0.00,,0.00,,0.00,,0.00,,0.00,0.00,,0.00,0.00,0.00,0.00,,0.00,0.00,0.00,0.00,,,,0.00,0.00,0.00,0.00,0.00,0.00,0.00,0.00,0.00,0.00
Morocco,MAR,20200109,0.00,,0.00,,0.00,,0.00,,0.00,,0.00,,0.00,,0.00,0.00,,0.00,0.00,0.00,0.00,,0.00,0.00,0.00,0.00,,,,0.00,0.00,0.00,0.00,0.00,0.00,0.00,0.00,0.00,0.00
Morocco,MAR,20200110,0.00,,0.00,,0.00,,0.00,,0.00,,0.00,,0.00,,0.00,0.00,,0.00,0.00,0.00,0.00,,0.00,0.00,0.00,0.00,,,,0.00,0.00,0.00,0.00,0.00,0.00,0.00,0.00,0.00,0.00
Morocco,MAR,20200111,0.00,,0.00,,0.00,,0.00,,0.00,,0.00,,0.00,,0.00,0.00,,0.00,0.00,0.00,0.00,,0.00,0.00,0.00,0.00,,,,0.00,0.00,0.00,0.00,0.00,0.00,0.00,0.00,0.00,0.00
Morocco,MAR,20200112,0.00,,0.00,,0.00,,0.00,,0.00,,0.00,,0.00,,0.00,0.00,,0.00,0.00,0.00,0.00,,0.00,0.00,0.00,0.00,,,,0.00,0.00,0.00,0.00,0.00,0.00,0.00,0.00,0.00,0.00
Morocco,MAR,20200113,0.00,,0.00,,0.00,,0.00,,0.00,,0.00,,0.00,,0.00,0.00,,0.00,0.00,0.00,0.00,,0.00,0.00,0.00,0.00,,,,0.00,0.00,0.00,0.00,0.00,0.00,0.00,0.00,0.00,0.00
Morocco,MAR,20200114,0.00,,0.00,,0.00,,0.00,,0.00,,0.00,,0.00,,0.00,0.00,,0.00,0.00,0.00,0.00,,0.00,0.00,0.00,0.00,,,,0.00,0.00,0.00,0.00,0.00,0.00,0.00,0.00,0.00,0.00
Morocco,MAR,20200115,0.00,,0.00,,0.00,,0.00,,0.00,,0.00,,0.00,,0.00,0.00,,0.00,0.00,0.00,0.00,,0.00,0.00,0.00,0.00,,,,0.00,0.00,0.00,0.00,0.00,0.00,0.00,0.00,0.00,0.00
Morocco,MAR,20200116,0.00,,0.00,,0.00,,0.00,,0.00,,0.00,,0.00,,0.00,0.00,,0.00,0.00,0.00,0.00,,0.00,0.00,0.00,0.00,,,,0.00,0.00,0.00,0.00,0.00,0.00,0.00,0.00,0.00,0.00
Morocco,MAR,20200117,0.00,,0.00,,0.00,,0.00,,0.00,,0.00,,0.00,,0.00,0.00,,0.00,0.00,0.00,0.00,,0.00,0.00,0.00,0.00,,,,0.00,0.00,0.00,0.00,0.00,0.00,0.00,0.00,0.00,0.00
Morocco,MAR,20200118,0.00,,0.00,,0.00,,0.00,,0.00,,0.00,,0.00,,0.00,0.00,,0.00,0.00,0.00,0.00,,0.00,0.00,0.00,0.00,,,,0.00,0.00,0.00,0.00,0.00,0.00,0.00,0.00,0.00,0.00
Morocco,MAR,20200119,0.00,,0.00,,0.00,,0.00,,0.00,,0.00,,0.00,,0.00,0.00,,0.00,0.00,0.00,0.00,,0.00,0.00,0.00,0.00,,,,0.00,0.00,0.00,0.00,0.00,0.00,0.00,0.00,0.00,0.00
Morocco,MAR,20200120,0.00,,0.00,,0.00,,0.00,,0.00,,0.00,,0.00,,0.00,0.00,,0.00,0.00,0.00,0.00,,0.00,0.00,0.00,0.00,,,,0.00,0.00,0.00,0.00,0.00,0.00,0.00,0.00,0.00,0.00
Morocco,MAR,20200121,0.00,,0.00,,0.00,,0.00,,0.00,,0.00,,0.00,,0.00,0.00,,0.00,0.00,0.00,0.00,,0.00,0.00,0.00,0.00,,,,0.00,0.00,0.00,0.00,0.00,0.00,0.00,0.00,0.00,0.00
Morocco,MAR,20200122,0.00,,0.00,,0.00,,0.00,,0.00,,0.00,,0.00,,0.00,0.00,,0.00,0.00,0.00,0.00,,0.00,0.00,0.00,0.00,,,,0.00,0.00,0.00,0.00,0.00,0.00,0.00,0.00,0.00,0.00
Morocco,MAR,20200123,0.00,,0.00,,0.00,,0.00,,0.00,,0.00,,0.00,,0.00,0.00,,0.00,0.00,0.00,0.00,,0.00,0.00,0.00,0.00,,,,0.00,0.00,0.00,0.00,0.00,0.00,0.00,0.00,0.00,0.00
Morocco,MAR,20200124,0.00,,0.00,,0.00,,0.00,,0.00,,0.00,,0.00,,0.00,0.00,,0.00,0.00,0.00,0.00,,0.00,0.00,0.00,0.00,,,,0.00,0.00,0.00,0.00,0.00,0.00,0.00,0.00,0.00,0.00
Morocco,MAR,20200125,0.00,,0.00,,0.00,,0.00,,0.00,,0.00,,0.00,,0.00,0.00,,0.00,0.00,0.00,0.00,,0.00,0.00,0.00,0.00,,,,0.00,0.00,0.00,0.00,0.00,0.00,0.00,0.00,0.00,0.00
Morocco,MAR,20200126,0.00,,0.00,,0.00,,0.00,,0.00,,0.00,,0.00,,0.00,0.00,,0.00,0.00,0.00,0.00,,0.00,0.00,0.00,0.00,,,,0.00,0.00,0.00,0.00,0.00,0.00,0.00,0.00,0.00,0.00
Morocco,MAR,20200127,0.00,,0.00,,0.00,,0.00,,0.00,,0.00,,0.00,,0.00,0.00,,0.00,0.00,0.00,0.00,,0.00,0.00,0.00,0.00,,,,0.00,0.00,0.00,0.00,0.00,0.00,0.00,0.00,0.00,0.00
Morocco,MAR,20200128,0.00,,0.00,,0.00,,0.00,,0.00,,0.00,,0.00,,0.00,0.00,,0.00,0.00,0.00,0.00,,0.00,0.00,0.00,0.00,,,,0.00,0.00,0.00,0.00,0.00,0.00,0.00,0.00,0.00,0.00
Morocco,MAR,20200129,0.00,,0.00,,0.00,,0.00,,0.00,,0.00,,0.00,,0.00,0.00,,0.00,0.00,0.00,0.00,,0.00,0.00,0.00,0.00,,,,0.00,0.00,0.00,0.00,0.00,0.00,0.00,0.00,0.00,0.00
Morocco,MAR,20200130,0.00,,0.00,,0.00,,0.00,,0.00,,0.00,,0.00,,0.00,0.00,,0.00,0.00,0.00,0.00,,0.00,0.00,0.00,0.00,,,,0.00,0.00,0.00,0.00,0.00,0.00,0.00,0.00,0.00,0.00
Morocco,MAR,20200131,0.00,,0.00,,0.00,,0.00,,0.00,,0.00,,0.00,,0.00,0.00,,0.00,0.00,0.00,0.00,,0.00,0.00,0.00,0.00,,,,0.00,0.00,0.00,0.00,0.00,0.00,0.00,0.00,0.00,0.00
Morocco,MAR,20200201,0.00,,0.00,,0.00,,0.00,,0.00,,0.00,,0.00,,0.00,0.00,,0.00,0.00,0.00,0.00,,0.00,0.00,0.00,0.00,,,,0.00,0.00,0.00,0.00,0.00,0.00,0.00,0.00,0.00,0.00
Morocco,MAR,20200202,0.00,,0.00,,0.00,,0.00,,0.00,,0.00,,0.00,,0.00,0.00,,0.00,0.00,0.00,0.00,,0.00,0.00,0.00,0.00,,,,0.00,0.00,0.00,0.00,0.00,0.00,0.00,0.00,0.00,0.00
Morocco,MAR,20200203,0.00,,0.00,,0.00,,0.00,,0.00,,0.00,,0.00,,0.00,0.00,,0.00,0.00,0.00,0.00,,0.00,0.00,0.00,0.00,,,,0.00,0.00,0.00,0.00,0.00,0.00,0.00,0.00,0.00,0.00
Morocco,MAR,20200204,0.00,,0.00,,0.00,,0.00,,0.00,,0.00,,0.00,,0.00,0.00,,0.00,0.00,0.00,0.00,,0.00,0.00,0.00,0.00,,,,0.00,0.00,0.00,0.00,0.00,0.00,0.00,0.00,0.00,0.00
Morocco,MAR,20200205,0.00,,0.00,,0.00,,0.00,,0.00,,0.00,,0.00,,0.00,0.00,,0.00,0.00,0.00,0.00,,0.00,0.00,0.00,0.00,,,,0.00,0.00,0.00,0.00,0.00,0.00,0.00,0.00,0.00,0.00
Morocco,MAR,20200206,0.00,,0.00,,0.00,,0.00,,0.00,,0.00,,0.00,,0.00,0.00,,0.00,0.00,0.00,0.00,,0.00,0.00,0.00,0.00,,,,0.00,0.00,0.00,0.00,0.00,0.00,0.00,0.00,0.00,0.00
Morocco,MAR,20200207,0.00,,0.00,,0.00,,0.00,,0.00,,0.00,,0.00,,0.00,0.00,,0.00,0.00,0.00,0.00,,0.00,0.00,0.00,0.00,,,,0.00,0.00,0.00,0.00,0.00,0.00,0.00,0.00,0.00,0.00
Morocco,MAR,20200208,0.00,,0.00,,0.00,,0.00,,0.00,,0.00,,0.00,,0.00,0.00,,0.00,0.00,0.00,0.00,,0.00,0.00,0.00,0.00,,,,0.00,0.00,0.00,0.00,0.00,0.00,0.00,0.00,0.00,0.00
Morocco,MAR,20200209,0.00,,0.00,,0.00,,0.00,,0.00,,0.00,,0.00,,0.00,0.00,,0.00,0.00,0.00,0.00,,0.00,0.00,0.00,0.00,,,,0.00,0.00,0.00,0.00,0.00,0.00,0.00,0.00,0.00,0.00
Morocco,MAR,20200210,0.00,,0.00,,0.00,,0.00,,0.00,,0.00,,0.00,,0.00,0.00,,0.00,0.00,0.00,0.00,,0.00,0.00,0.00,0.00,,,,0.00,0.00,0.00,0.00,0.00,0.00,0.00,0.00,0.00,0.00
Morocco,MAR,20200211,0.00,,0.00,,0.00,,0.00,,0.00,,0.00,,0.00,,0.00,0.00,,0.00,0.00,0.00,0.00,,0.00,0.00,0.00,0.00,,,,0.00,0.00,0.00,0.00,0.00,0.00,0.00,0.00,0.00,0.00
Morocco,MAR,20200212,0.00,,0.00,,0.00,,0.00,,0.00,,0.00,,0.00,,0.00,0.00,,0.00,0.00,0.00,0.00,,0.00,0.00,0.00,0.00,,,,0.00,0.00,0.00,0.00,0.00,0.00,0.00,0.00,0.00,0.00
Morocco,MAR,20200213,0.00,,0.00,,0.00,,0.00,,0.00,,0.00,,0.00,,0.00,0.00,,0.00,0.00,0.00,0.00,,0.00,0.00,0.00,0.00,,,,0.00,0.00,0.00,0.00,0.00,0.00,0.00,0.00,0.00,0.00
Morocco,MAR,20200214,0.00,,0.00,,0.00,,0.00,,0.00,,0.00,,0.00,,0.00,0.00,,0.00,0.00,0.00,0.00,,0.00,0.00,0.00,0.00,,,,0.00,0.00,0.00,0.00,0.00,0.00,0.00,0.00,0.00,0.00
Morocco,MAR,20200215,0.00,,0.00,,0.00,,0.00,,0.00,,0.00,,0.00,,0.00,0.00,,0.00,0.00,0.00,0.00,,0.00,0.00,0.00,0.00,,,,0.00,0.00,0.00,0.00,0.00,0.00,0.00,0.00,0.00,0.00
Morocco,MAR,20200216,0.00,,0.00,,0.00,,0.00,,0.00,,0.00,,0.00,,0.00,0.00,,0.00,0.00,0.00,0.00,,0.00,0.00,0.00,0.00,,,,0.00,0.00,0.00,0.00,0.00,0.00,0.00,0.00,0.00,0.00
Morocco,MAR,20200217,0.00,,0.00,,0.00,,0.00,,0.00,,0.00,,0.00,,0.00,0.00,,0.00,0.00,0.00,0.00,,0.00,0.00,0.00,0.00,,,,0.00,0.00,0.00,0.00,0.00,0.00,0.00,0.00,0.00,0.00
Morocco,MAR,20200218,0.00,,0.00,,0.00,,0.00,,0.00,,0.00,,0.00,,0.00,0.00,,0.00,0.00,0.00,0.00,,0.00,0.00,0.00,0.00,,,,0.00,0.00,0.00,0.00,0.00,0.00,0.00,0.00,0.00,0.00
Morocco,MAR,20200219,0.00,,0.00,,0.00,,0.00,,0.00,,0.00,,0.00,,0.00,0.00,,0.00,0.00,0.00,0.00,,0.00,0.00,0.00,0.00,,,,0.00,0.00,0.00,0.00,0.00,0.00,0.00,0.00,0.00,0.00
Morocco,MAR,20200220,0.00,,0.00,,0.00,,0.00,,0.00,,0.00,,0.00,,0.00,0.00,,0.00,0.00,0.00,0.00,,0.00,0.00,0.00,0.00,,,,0.00,0.00,0.00,0.00,0.00,0.00,0.00,0.00,0.00,0.00
Morocco,MAR,20200221,0.00,,0.00,,0.00,,0.00,,0.00,,0.00,,0.00,,0.00,0.00,,0.00,0.00,0.00,0.00,,0.00,0.00,0.00,0.00,,,,0.00,0.00,0.00,0.00,0.00,0.00,0.00,0.00,0.00,0.00
Morocco,MAR,20200222,0.00,,0.00,,0.00,,0.00,,0.00,,0.00,,0.00,,0.00,0.00,,0.00,0.00,0.00,0.00,,0.00,0.00,0.00,0.00,,,,0.00,0.00,0.00,0.00,0.00,0.00,0.00,0.00,0.00,0.00
Morocco,MAR,20200223,0.00,,0.00,,0.00,,0.00,,0.00,,0.00,,0.00,,0.00,0.00,,0.00,0.00,0.00,0.00,,0.00,0.00,0.00,0.00,,,,0.00,0.00,0.00,0.00,0.00,0.00,0.00,0.00,0.00,0.00
Morocco,MAR,20200224,0.00,,0.00,,0.00,,0.00,,0.00,,0.00,,0.00,,0.00,0.00,,0.00,0.00,0.00,0.00,,0.00,0.00,0.00,0.00,,,,0.00,0.00,0.00,0.00,0.00,0.00,0.00,0.00,0.00,0.00
Morocco,MAR,20200225,0.00,,0.00,,0.00,,0.00,,0.00,,0.00,,0.00,,0.00,0.00,,0.00,0.00,0.00,0.00,,0.00,0.00,0.00,0.00,,,,0.00,0.00,0.00,0.00,0.00,0.00,0.00,0.00,0.00,0.00
Morocco,MAR,20200226,0.00,,0.00,,0.00,,0.00,,0.00,,0.00,,0.00,,0.00,0.00,,0.00,0.00,0.00,0.00,,0.00,0.00,0.00,0.00,,,,0.00,0.00,0.00,0.00,0.00,0.00,0.00,0.00,0.00,0.00
Morocco,MAR,20200227,0.00,,0.00,,0.00,,0.00,,0.00,,0.00,,0.00,,0.00,0.00,,0.00,0.00,0.00,0.00,,0.00,0.00,0.00,0.00,,,,0.00,0.00,0.00,0.00,0.00,0.00,0.00,0.00,0.00,0.00
Morocco,MAR,20200228,0.00,,0.00,,0.00,,0.00,,0.00,,0.00,,0.00,,0.00,0.00,,0.00,0.00,0.00,0.00,,0.00,0.00,0.00,0.00,,,,0.00,0.00,0.00,0.00,0.00,0.00,0.00,0.00,0.00,0.00
Morocco,MAR,20200229,0.00,,0.00,,0.00,,0.00,,0.00,,0.00,,0.00,,0.00,0.00,,0.00,0.00,0.00,0.00,,0.00,0.00,0.00,0.00,,,,0.00,0.00,0.00,0.00,0.00,0.00,0.00,0.00,0.00,0.00
Morocco,MAR,20200301,0.00,,0.00,,0.00,,0.00,,0.00,,0.00,,0.00,,0.00,0.00,,0.00,0.00,0.00,0.00,,0.00,0.00,0.00,0.00,,,,0.00,0.00,0.00,0.00,0.00,0.00,0.00,0.00,0.00,0.00
Morocco,MAR,20200302,0.00,,0.00,,0.00,,0.00,,0.00,,0.00,,0.00,,0.00,0.00,,0.00,0.00,0.00,0.00,,2.00,0.00,0.00,0.00,,,,0.00,0.00,0.00,0.00,5.13,5.13,6.06,6.06,0.00,0.00
Morocco,MAR,20200303,0.00,,0.00,,0.00,,0.00,,0.00,,0.00,,0.00,,0.00,0.00,,0.00,0.00,0.00,0.00,,2.00,0.00,0.00,0.00,,1,0,0.00,0.00,0.00,0.00,5.13,5.13,6.06,6.06,0.00,0.00
Morocco,MAR,20200304,0.00,,0.00,,0.00,,0.00,,0.00,,0.00,,0.00,,0.00,0.00,,0.00,0.00,0.00,1.00,1,2.00,0.00,0.00,0.00,,,,5.56,5.56,9.52,9.52,8.97,8.97,10.61,10.61,0.00,0.00
Morocco,MAR,20200305,0.00,,0.00,,0.00,,0.00,,0.00,,0.00,,0.00,,0.00,0.00,,0.00,0.00,0.00,1.00,1,2.00,0.00,0.00,0.00,,,,5.56,5.56,9.52,9.52,8.97,8.97,10.61,10.61,0.00,0.00
Morocco,MAR,20200306,0.00,,0.00,,0.00,,0.00,,0.00,,0.00,,0.00,,0.00,0.00,,0.00,0.00,0.00,1.00,1,2.00,0.00,0.00,0.00,,2,0,5.56,5.56,9.52,9.52,8.97,8.97,10.61,10.61,0.00,0.00
Morocco,MAR,20200307,0.00,,0.00,,0.00,,0.00,,0.00,,0.00,,0.00,,0.00,0.00,,0.00,0.00,0.00,1.00,1,2.00,0.00,0.00,0.00,,,,5.56,5.56,9.52,9.52,8.97,8.97,10.61,10.61,0.00,0.00
Morocco,MAR,20200308,0.00,,0.00,,0.00,,0.00,,0.00,,0.00,,0.00,,0.00,0.00,,0.00,0.00,0.00,1.00,1,2.00,0.00,0.00,0.00,,,,5.56,5.56,9.52,9.52,8.97,8.97,10.61,10.61,0.00,0.00
Morocco,MAR,20200309,0.00,,0.00,,0.00,,0.00,,0.00,,0.00,,0.00,,0.00,0.00,,0.00,0.00,0.00,1.00,1,2.00,0.00,0.00,0.00,,,,5.56,5.56,9.52,9.52,8.97,8.97,10.61,10.61,0.00,0.00
Morocco,MAR,20200310,0.00,,0.00,,0.00,,0.00,,0.00,,0.00,,0.00,,0.00,0.00,,0.00,0.00,0.00,1.00,1,2.00,0.00,0.00,0.00,,,,5.56,5.56,9.52,9.52,8.97,8.97,10.61,10.61,0.00,0.00
Morocco,MAR,20200311,0.00,,0.00,,0.00,,0.00,,0.00,,0.00,,0.00,,0.00,0.00,,0.00,0.00,0.00,1.00,1,2.00,0.00,0.00,0.00,,,,5.56,5.56,9.52,9.52,8.97,8.97,10.61,10.61,0.00,0.00
Morocco,MAR,20200312,0.00,,0.00,,0.00,,0.00,,0.00,,0.00,,0.00,,0.00,0.00,,0.00,0.00,0.00,1.00,1,2.00,0.00,0.00,0.00,,5,1,5.56,5.56,9.52,9.52,8.97,8.97,10.61,10.61,0.00,0.00
Morocco,MAR,20200313,0.00,,0.00,,0.00,,0.00,,0.00,,0.00,,2.00,0,3.00,0.00,,0.00,0.00,0.00,2.00,0,2.00,0.00,0.00,0.00,,6,1,25.00,25.00,29.76,29.76,22.44,22.44,26.52,26.52,0.00,0.00
Morocco,MAR,20200314,0.00,,0.00,,2.00,1,3.00,1,0.00,,0.00,,2.00,0,3.00,0.00,,0.00,0.00,0.00,2.00,0,2.00,0.00,0.00,0.00,,7,1,44.44,44.44,44.05,44.05,35.90,35.90,42.42,42.42,0.00,0.00
Morocco,MAR,20200315,0.00,,0.00,,2.00,1,3.00,1,0.00,,0.00,,2.00,0,3.00,0.00,,0.00,1000000000.00,0.00,2.00,0,2.00,0.00,0.00,0.00,,18,1,44.44,44.44,44.05,44.05,35.90,35.90,42.42,42.42,0.00,0.00
Morocco,MAR,20200316,3.00,1,0.00,,2.00,1,3.00,1,0.00,,0.00,,2.00,0,3.00,0.00,,0.00,0.00,0.00,2.00,0,2.00,0.00,0.00,0.00,,28,1,55.56,55.56,58.33,58.33,43.59,43.59,51.52,51.52,0.00,0.00
Morocco,MAR,20200317,3.00,1,0.00,,2.00,1,3.00,1,0.00,,0.00,,2.00,0,3.00,0.00,,0.00,0.00,0.00,2.00,0,2.00,0.00,0.00,0.00,,37,1,55.56,55.56,58.33,58.33,43.59,43.59,51.52,51.52,0.00,0.00
Morocco,MAR,20200318,3.00,1,0.00,,2.00,1,3.00,1,0.00,,0.00,,2.00,0,3.00,0.00,,0.00,0.00,0.00,2.00,0,2.00,0.00,0.00,0.00,,44,2,55.56,55.56,58.33,58.33,43.59,43.59,51.52,51.52,0.00,0.00
Morocco,MAR,20200319,3.00,1,0.00,,2.00,1,3.00,1,0.00,,0.00,,2.00,0,3.00,0.00,,0.00,0.00,0.00,2.00,0,2.00,0.00,0.00,0.00,,54,2,55.56,55.56,58.33,58.33,43.59,43.59,51.52,51.52,0.00,0.00
Morocco,MAR,20200320,3.00,1,3.00,1,2.00,1,3.00,1,2.00,1,2.00,1,2.00,1,4.00,0.00,,0.00,0.00,0.00,2.00,0,2.00,0.00,0.00,0.00,,63,2,90.74,90.74,95.24,95.24,67.95,67.95,80.30,80.30,0.00,0.00
Morocco,MAR,20200321,3.00,1,3.00,1,2.00,1,3.00,1,2.00,1,2.00,1,2.00,1,4.00,0.00,,0.00,0.00,0.00,2.00,0,2.00,0.00,0.00,0.00,,86,3,90.74,90.74,95.24,95.24,67.95,67.95,80.30,80.30,0.00,0.00
Morocco,MAR,20200322,3.00,1,3.00,1,2.00,1,3.00,1,2.00,1,2.00,1,2.00,1,4.00,0.00,,0.00,0.00,0.00,2.00,0,2.00,0.00,0.00,0.00,,96,3,90.74,90.74,95.24,95.24,67.95,67.95,80.30,80.30,0.00,0.00
Morocco,MAR,20200323,3.00,1,3.00,1,2.00,1,3.00,1,2.00,1,2.00,1,2.00,1,4.00,1.00,1,0.00,0.00,0.00,2.00,0,2.00,0.00,0.00,0.00,,115,4,90.74,90.74,95.24,95.24,71.79,71.79,80.30,80.30,25.00,25.00
Morocco,MAR,20200324,3.00,1,3.00,1,2.00,1,3.00,1,2.00,1,2.00,1,2.00,1,4.00,1.00,1,0.00,0.00,0.00,2.00,0,2.00,0.00,0.00,0.00,,134,4,90.74,90.74,95.24,95.24,71.79,71.79,80.30,80.30,25.00,25.00
Morocco,MAR,20200325,3.00,1,3.00,1,2.00,1,3.00,1,2.00,1,2.00,1,2.00,1,4.00,1.00,1,0.00,0.00,0.00,2.00,1,2.00,0.00,0.00,0.00,,170,5,93.52,93.52,100.00,100.00,73.72,73.72,82.58,82.58,25.00,25.00
Morocco,MAR,20200326,3.00,1,3.00,1,2.00,1,3.00,1,2.00,1,2.00,1,2.00,1,4.00,1.00,1,0.00,0.00,0.00,2.00,1,2.00,0.00,0.00,0.00,,225,6,93.52,93.52,100.00,100.00,73.72,73.72,82.58,82.58,25.00,25.00
Morocco,MAR,20200327,3.00,1,3.00,1,2.00,1,3.00,1,2.00,1,2.00,1,2.00,1,4.00,1.00,1,0.00,0.00,0.00,2.00,1,2.00,0.00,200000000.00,0.00,,275,10,93.52,93.52,100.00,100.00,73.72,73.72,82.58,82.58,25.00,25.00
Morocco,MAR,20200328,3.00,1,3.00,1,2.00,1,3.00,1,2.00,1,2.00,1,2.00,1,4.00,1.00,1,0.00,3000000000.00,0.00,2.00,1,2.00,0.00,0.00,0.00,,345,23,93.52,93.52,100.00,100.00,73.72,73.72,82.58,82.58,25.00,25.00
Morocco,MAR,20200329,3.00,1,3.00,1,2.00,1,3.00,1,2.00,1,2.00,1,2.00,1,4.00,1.00,1,0.00,0.00,0.00,2.00,1,2.00,0.00,0.00,0.00,,358,23,93.52,93.52,100.00,100.00,73.72,73.72,82.58,82.58,25.00,25.00
Morocco,MAR,20200330,3.00,1,3.00,1,2.00,1,3.00,1,2.00,1,2.00,1,2.00,1,4.00,1.00,1,0.00,0.00,0.00,2.00,1,2.00,0.00,0.00,0.00,,479,26,93.52,93.52,100.00,100.00,73.72,73.72,82.58,82.58,25.00,25.00
Morocco,MAR,20200331,3.00,1,3.00,1,2.00,1,3.00,1,2.00,1,2.00,1,2.00,1,4.00,1.00,1,0.00,0.00,0.00,2.00,1,2.00,0.00,0.00,0.00,,556,33,93.52,93.52,100.00,100.00,73.72,73.72,82.58,82.58,25.00,25.00
Morocco,MAR,20200401,3.00,1,3.00,1,2.00,1,3.00,1,2.00,1,2.00,1,2.00,1,4.00,1.00,1,0.00,0.00,0.00,2.00,1,2.00,0.00,0.00,0.00,,617,36,93.52,93.52,100.00,100.00,73.72,73.72,82.58,82.58,25.00,25.00
Morocco,MAR,20200402,3.00,1,3.00,1,2.00,1,3.00,1,2.00,1,2.00,1,2.00,1,4.00,1.00,1,0.00,0.00,0.00,2.00,1,2.00,0.00,0.00,0.00,,654,39,93.52,93.52,100.00,100.00,73.72,73.72,82.58,82.58,25.00,25.00
Morocco,MAR,20200403,3.00,1,3.00,1,2.00,1,3.00,1,2.00,1,2.00,1,2.00,1,4.00,1.00,1,1.00,0.00,0.00,2.00,1,2.00,0.00,0.00,0.00,,708,44,93.52,93.52,100.00,100.00,77.56,77.56,82.58,82.58,50.00,50.00
Morocco,MAR,20200404,3.00,1,3.00,1,2.00,1,3.00,1,2.00,1,2.00,1,2.00,1,4.00,1.00,1,1.00,0.00,0.00,2.00,1,2.00,0.00,0.00,0.00,,708,44,93.52,93.52,100.00,100.00,77.56,77.56,82.58,82.58,50.00,50.00
Morocco,MAR,20200405,3.00,1,3.00,1,2.00,1,3.00,1,2.00,1,2.00,1,2.00,1,4.00,1.00,1,1.00,0.00,0.00,2.00,1,2.00,0.00,0.00,0.00,,919,59,93.52,93.52,100.00,100.00,77.56,77.56,82.58,82.58,50.00,50.00
Morocco,MAR,20200406,3.00,1,3.00,1,2.00,1,3.00,1,2.00,1,2.00,1,2.00,1,4.00,1.00,1,1.00,0.00,0.00,2.00,1,2.00,0.00,0.00,0.00,,1021,70,93.52,93.52,100.00,100.00,77.56,77.56,82.58,82.58,50.00,50.00
Morocco,MAR,20200407,3.00,1,3.00,1,2.00,1,3.00,1,2.00,1,2.00,1,2.00,1,4.00,1.00,1,1.00,0.00,0.00,2.00,1,2.00,0.00,0.00,0.00,,1120,80,93.52,93.52,100.00,100.00,77.56,77.56,82.58,82.58,50.00,50.00
Morocco,MAR,20200408,3.00,1,3.00,1,2.00,1,3.00,1,2.00,1,2.00,1,2.00,1,4.00,1.00,1,1.00,0.00,0.00,2.00,1,2.00,0.00,0.00,0.00,,1184,90,93.52,93.52,100.00,100.00,77.56,77.56,82.58,82.58,50.00,50.00
Morocco,MAR,20200409,3.00,1,3.00,1,2.00,1,3.00,1,2.00,1,2.00,1,2.00,1,4.00,1.00,1,1.00,0.00,0.00,2.00,1,2.00,0.00,0.00,0.00,,1275,93,93.52,93.52,100.00,100.00,77.56,77.56,82.58,82.58,50.00,50.00
Morocco,MAR,20200410,3.00,1,3.00,1,2.00,1,3.00,1,2.00,1,2.00,1,2.00,1,4.00,1.00,1,1.00,0.00,0.00,2.00,1,2.00,0.00,0.00,0.00,,1374,97,93.52,93.52,100.00,100.00,77.56,77.56,82.58,82.58,50.00,50.00
Morocco,MAR,20200411,3.00,1,3.00,1,2.00,1,3.00,1,2.00,1,2.00,1,2.00,1,4.00,1.00,1,1.00,0.00,0.00,2.00,1,2.00,0.00,0.00,0.00,,1448,107,93.52,93.52,100.00,100.00,77.56,77.56,82.58,82.58,50.00,50.00
Morocco,MAR,20200412,3.00,1,3.00,1,2.00,1,3.00,1,2.00,1,2.00,1,2.00,1,4.00,1.00,1,1.00,0.00,0.00,2.00,1,2.00,0.00,0.00,0.00,,1545,111,93.52,93.52,100.00,100.00,77.56,77.56,82.58,82.58,50.00,50.00
Morocco,MAR,20200413,3.00,1,3.00,1,2.00,1,3.00,1,2.00,1,2.00,1,2.00,1,4.00,1.00,1,1.00,0.00,0.00,2.00,1,2.00,0.00,0.00,0.00,,1661,118,93.52,93.52,100.00,100.00,77.56,77.56,82.58,82.58,50.00,50.00
Morocco,MAR,20200414,3.00,1,3.00,1,2.00,1,3.00,1,2.00,1,2.00,1,2.00,1,4.00,1.00,1,1.00,0.00,0.00,2.00,1,2.00,0.00,0.00,0.00,,1763,126,93.52,93.52,100.00,100.00,77.56,77.56,82.58,82.58,50.00,50.00
Morocco,MAR,20200415,3.00,1,3.00,1,2.00,1,3.00,1,2.00,1,2.00,1,2.00,1,4.00,1.00,1,2.00,0.00,0.00,2.00,1,2.00,0.00,0.00,0.00,,1888,126,93.52,93.52,100.00,100.00,81.41,81.41,82.58,82.58,75.00,75.00
Morocco,MAR,20200416,3.00,1,3.00,1,2.00,1,3.00,1,2.00,1,2.00,1,2.00,1,4.00,1.00,1,2.00,0.00,0.00,2.00,1,2.00,0.00,0.00,0.00,,2024,127,93.52,93.52,100.00,100.00,81.41,81.41,82.58,82.58,75.00,75.00
Morocco,MAR,20200417,3.00,1,3.00,1,2.00,1,3.00,1,2.00,1,2.00,1,2.00,1,4.00,1.00,1,2.00,0.00,0.00,2.00,1,2.00,0.00,0.00,0.00,,2283,130,93.52,93.52,100.00,100.00,81.41,81.41,82.58,82.58,75.00,75.00
Morocco,MAR,20200418,3.00,1,3.00,1,2.00,1,3.00,1,2.00,1,2.00,1,2.00,1,4.00,1.00,1,2.00,0.00,0.00,2.00,1,2.00,0.00,0.00,0.00,,2564,135,93.52,93.52,100.00,100.00,81.41,81.41,82.58,82.58,75.00,75.00
Morocco,MAR,20200419,3.00,1,3.00,1,2.00,1,3.00,1,2.00,1,2.00,1,2.00,1,4.00,1.00,1,2.00,0.00,0.00,2.00,1,2.00,0.00,0.00,0.00,,2685,137,93.52,93.52,100.00,100.00,81.41,81.41,82.58,82.58,75.00,75.00
Morocco,MAR,20200420,3.00,1,3.00,1,2.00,1,3.00,1,2.00,1,2.00,1,2.00,1,4.00,1.00,1,2.00,0.00,0.00,2.00,1,2.00,0.00,0.00,0.00,,2855,141,93.52,93.52,100.00,100.00,81.41,81.41,82.58,82.58,75.00,75.00
Morocco,MAR,20200421,3.00,1,3.00,1,2.00,1,3.00,1,2.00,1,2.00,1,2.00,1,4.00,1.00,1,2.00,0.00,0.00,2.00,1,2.00,0.00,0.00,0.00,,3046,143,93.52,93.52,100.00,100.00,81.41,81.41,82.58,82.58,75.00,75.00
Morocco,MAR,20200422,3.00,1,3.00,1,2.00,1,3.00,1,2.00,1,2.00,1,2.00,1,4.00,1.00,1,2.00,0.00,0.00,2.00,1,2.00,0.00,0.00,0.00,,3209,145,93.52,93.52,100.00,100.00,81.41,81.41,82.58,82.58,75.00,75.00
Morocco,MAR,20200423,3.00,1,3.00,1,2.00,1,3.00,1,2.00,1,2.00,1,2.00,1,4.00,1.00,1,2.00,0.00,0.00,2.00,1,2.00,0.00,0.00,0.00,,3377,149,93.52,93.52,100.00,100.00,81.41,81.41,82.58,82.58,75.00,75.00
Morocco,MAR,20200424,3.00,1,3.00,1,2.00,1,3.00,1,2.00,1,2.00,1,2.00,1,4.00,1.00,1,2.00,0.00,0.00,2.00,1,2.00,0.00,0.00,0.00,,3568,155,93.52,93.52,100.00,100.00,81.41,81.41,82.58,82.58,75.00,75.00
Morocco,MAR,20200425,3.00,1,3.00,1,2.00,1,3.00,1,2.00,1,2.00,1,2.00,1,4.00,1.00,1,2.00,0.00,0.00,2.00,1,2.00,0.00,0.00,0.00,,3758,158,93.52,93.52,100.00,100.00,81.41,81.41,82.58,82.58,75.00,75.00
Morocco,MAR,20200426,3.00,1,3.00,1,2.00,1,3.00,1,2.00,1,2.00,1,2.00,1,4.00,1.00,1,2.00,0.00,0.00,2.00,1,2.00,0.00,0.00,0.00,,3897,159,93.52,93.52,100.00,100.00,81.41,81.41,82.58,82.58,75.00,75.00
Morocco,MAR,20200427,3.00,1,3.00,1,2.00,1,3.00,1,2.00,1,2.00,1,2.00,1,4.00,1.00,1,2.00,152.00,0.00,2.00,1,2.00,0.00,0.00,0.00,,4065,161,93.52,93.52,100.00,100.00,81.41,81.41,82.58,82.58,75.00,75.00
Morocco,MAR,20200428,3.00,1,3.00,1,2.00,1,3.00,1,2.00,1,2.00,1,2.00,1,4.00,1.00,1,2.00,0.00,0.00,2.00,1,2.00,0.00,0.00,0.00,,4120,162,93.52,93.52,100.00,100.00,81.41,81.41,82.58,82.58,75.00,75.00
Morocco,MAR,20200429,3.00,1,3.00,1,2.00,1,3.00,1,2.00,1,2.00,1,2.00,1,4.00,1.00,1,2.00,0.00,0.00,2.00,1,2.00,0.00,0.00,0.00,,4252,165,93.52,93.52,100.00,100.00,81.41,81.41,82.58,82.58,75.00,75.00
Morocco,MAR,20200430,3.00,1,3.00,1,2.00,1,3.00,1,2.00,1,2.00,1,2.00,1,4.00,1.00,1,2.00,0.00,0.00,2.00,1,2.00,0.00,0.00,0.00,,4321,168,93.52,93.52,100.00,100.00,81.41,81.41,82.58,82.58,75.00,75.00
Morocco,MAR,20200501,3.00,1,3.00,1,2.00,1,3.00,1,2.00,1,2.00,1,2.00,1,4.00,1.00,1,2.00,0.00,0.00,2.00,1,2.00,0.00,0.00,0.00,,4423,170,93.52,93.52,100.00,100.00,81.41,81.41,82.58,82.58,75.00,75.00
Morocco,MAR,20200502,3.00,1,3.00,1,2.00,1,3.00,1,2.00,1,2.00,1,2.00,1,4.00,1.00,1,2.00,0.00,0.00,2.00,1,2.00,0.00,0.00,0.00,,4569,171,93.52,93.52,100.00,100.00,81.41,81.41,82.58,82.58,75.00,75.00
Morocco,MAR,20200503,3.00,1,3.00,1,2.00,1,3.00,1,2.00,1,2.00,1,2.00,1,4.00,1.00,1,2.00,0.00,0.00,2.00,1,2.00,0.00,0.00,0.00,,4729,173,93.52,93.52,100.00,100.00,81.41,81.41,82.58,82.58,75.00,75.00
Morocco,MAR,20200504,3.00,1,3.00,1,2.00,1,3.00,1,2.00,1,2.00,1,2.00,1,4.00,1.00,1,2.00,0.00,0.00,2.00,1,2.00,0.00,0.00,0.00,,4903,174,93.52,93.52,100.00,100.00,81.41,81.41,82.58,82.58,75.00,75.00
Morocco,MAR,20200505,3.00,1,3.00,1,2.00,1,3.00,1,2.00,1,2.00,1,2.00,1,4.00,1.00,1,2.00,0.00,0.00,2.00,1,2.00,0.00,0.00,0.00,,5043,179,93.52,93.52,100.00,100.00,81.41,81.41,82.58,82.58,75.00,75.00
Morocco,MAR,20200506,3.00,1,3.00,1,2.00,1,3.00,1,2.00,1,2.00,1,2.00,1,4.00,1.00,1,2.00,0.00,0.00,2.00,1,2.00,0.00,0.00,0.00,,5219,181,93.52,93.52,100.00,100.00,81.41,81.41,82.58,82.58,75.00,75.00
Morocco,MAR,20200507,3.00,1,3.00,1,2.00,1,3.00,1,2.00,1,2.00,1,2.00,1,4.00,1.00,1,2.00,0.00,0.00,2.00,1,2.00,0.00,0.00,0.00,,5408,183,93.52,93.52,100.00,100.00,81.41,81.41,82.58,82.58,75.00,75.00
Morocco,MAR,20200508,3.00,1,3.00,1,2.00,1,3.00,1,2.00,1,2.00,1,2.00,1,4.00,1.00,1,2.00,0.00,0.00,2.00,1,2.00,0.00,0.00,0.00,,5548,183,93.52,93.52,100.00,100.00,81.41,81.41,82.58,82.58,75.00,75.00
Morocco,MAR,20200509,3.00,1,3.00,1,2.00,1,3.00,1,2.00,1,2.00,1,2.00,1,4.00,1.00,1,2.00,0.00,0.00,2.00,1,2.00,0.00,0.00,0.00,,5711,186,93.52,93.52,100.00,100.00,81.41,81.41,82.58,82.58,75.00,75.00
Morocco,MAR,20200510,3.00,1,3.00,1,2.00,1,3.00,1,2.00,1,2.00,1,2.00,1,4.00,1.00,1,2.00,0.00,0.00,2.00,1,2.00,0.00,0.00,0.00,,5910,186,93.52,93.52,100.00,100.00,81.41,81.41,82.58,82.58,75.00,75.00
Morocco,MAR,20200511,3.00,1,3.00,1,2.00,1,3.00,1,2.00,1,2.00,1,2.00,1,4.00,1.00,1,2.00,0.00,0.00,2.00,1,2.00,0.00,0.00,0.00,,6063,188,93.52,93.52,100.00,100.00,81.41,81.41,82.58,82.58,75.00,75.00
Morocco,MAR,20200512,3.00,1,3.00,1,2.00,1,3.00,1,2.00,1,2.00,1,2.00,1,4.00,1.00,1,2.00,0.00,0.00,2.00,1,2.00,0.00,0.00,0.00,,6281,188,93.52,93.52,100.00,100.00,81.41,81.41,82.58,82.58,75.00,75.00
Morocco,MAR,20200513,3.00,1,3.00,1,2.00,1,3.00,1,2.00,1,2.00,1,2.00,1,4.00,1.00,1,2.00,0.00,0.00,2.00,1,2.00,0.00,0.00,0.00,,6418,188,93.52,93.52,100.00,100.00,81.41,81.41,82.58,82.58,75.00,75.00
Morocco,MAR,20200514,3.00,1,3.00,1,2.00,1,3.00,1,2.00,1,2.00,1,2.00,1,4.00,1.00,1,2.00,0.00,0.00,2.00,1,2.00,0.00,0.00,0.00,,6512,188,93.52,93.52,100.00,100.00,81.41,81.41,82.58,82.58,75.00,75.00
Morocco,MAR,20200515,3.00,1,3.00,1,2.00,1,3.00,1,2.00,1,2.00,1,2.00,1,4.00,1.00,1,2.00,0.00,0.00,2.00,1,2.00,0.00,0.00,0.00,,6607,190,93.52,93.52,100.00,100.00,81.41,81.41,82.58,82.58,75.00,75.00
Morocco,MAR,20200516,3.00,1,3.00,1,2.00,1,3.00,1,2.00,1,2.00,1,2.00,1,4.00,1.00,1,2.00,0.00,0.00,2.00,1,2.00,0.00,0.00,0.00,,6652,190,93.52,93.52,100.00,100.00,81.41,81.41,82.58,82.58,75.00,75.00
Morocco,MAR,20200517,3.00,1,3.00,1,2.00,1,3.00,1,2.00,1,2.00,1,2.00,1,4.00,1.00,1,2.00,0.00,0.00,2.00,1,2.00,0.00,0.00,0.00,,6741,192,93.52,93.52,100.00,100.00,81.41,81.41,82.58,82.58,75.00,75.00
Morocco,MAR,20200518,3.00,1,3.00,1,2.00,1,3.00,1,2.00,1,2.00,1,2.00,1,4.00,1.00,1,2.00,0.00,0.00,2.00,1,2.00,0.00,0.00,0.00,,6870,192,93.52,93.52,100.00,100.00,81.41,81.41,82.58,82.58,75.00,75.00
Morocco,MAR,20200519,3.00,1,3.00,1,2.00,1,3.00,1,2.00,1,2.00,1,2.00,1,4.00,1.00,1,2.00,0.00,0.00,2.00,1,2.00,0.00,0.00,0.00,,6952,192,93.52,93.52,100.00,100.00,81.41,81.41,82.58,82.58,75.00,75.00
Morocco,MAR,20200520,3.00,1,3.00,1,2.00,1,3.00,1,2.00,1,2.00,1,2.00,1,4.00,1.00,1,2.00,0.00,0.00,2.00,1,2.00,0.00,0.00,0.00,,7023,193,93.52,93.52,100.00,100.00,81.41,81.41,82.58,82.58,75.00,75.00
Morocco,MAR,20200521,3.00,1,3.00,1,2.00,1,3.00,1,2.00,1,2.00,1,2.00,1,4.00,1.00,1,2.00,0.00,0.00,2.00,1,2.00,0.00,0.00,0.00,,7133,194,93.52,93.52,100.00,100.00,81.41,81.41,82.58,82.58,75.00,75.00
Morocco,MAR,20200522,3.00,1,3.00,1,2.00,1,3.00,1,2.00,1,2.00,1,2.00,1,4.00,1.00,1,2.00,0.00,0.00,2.00,1,2.00,0.00,0.00,0.00,,7211,196,93.52,93.52,100.00,100.00,81.41,81.41,82.58,82.58,75.00,75.00
Morocco,MAR,20200523,3.00,1,3.00,1,2.00,1,3.00,1,2.00,1,2.00,1,2.00,1,4.00,1.00,1,2.00,0.00,0.00,2.00,1,2.00,0.00,0.00,0.00,,7332,197,93.52,93.52,100.00,100.00,81.41,81.41,82.58,82.58,75.00,75.00
Morocco,MAR,20200524,3.00,1,3.00,1,2.00,1,3.00,1,2.00,1,2.00,1,2.00,1,4.00,1.00,1,2.00,0.00,0.00,2.00,1,2.00,0.00,0.00,0.00,,7406,198,93.52,93.52,100.00,100.00,81.41,81.41,82.58,82.58,75.00,75.00
Morocco,MAR,20200525,3.00,1,3.00,1,2.00,1,3.00,1,2.00,1,2.00,1,2.00,1,4.00,1.00,1,2.00,0.00,0.00,2.00,1,2.00,0.00,0.00,0.00,,7433,199,93.52,93.52,100.00,100.00,81.41,81.41,82.58,82.58,75.00,75.00
Morocco,MAR,20200526,3.00,1,3.00,1,2.00,1,3.00,1,2.00,1,2.00,1,2.00,1,4.00,1.00,1,2.00,0.00,0.00,2.00,1,2.00,0.00,0.00,0.00,,7532,200,93.52,93.52,100.00,100.00,81.41,81.41,82.58,82.58,75.00,75.00
Morocco,MAR,20200527,3.00,1,3.00,1,2.00,1,3.00,1,2.00,1,2.00,1,2.00,1,4.00,1.00,1,2.00,0.00,0.00,2.00,1,2.00,0.00,0.00,0.00,,7577,202,93.52,93.52,100.00,100.00,81.41,81.41,82.58,82.58,75.00,75.00
Morocco,MAR,20200528,3.00,1,3.00,1,2.00,1,3.00,1,2.00,1,2.00,1,2.00,1,4.00,1.00,1,2.00,0.00,0.00,2.00,1,2.00,0.00,0.00,0.00,,7601,202,93.52,93.52,100.00,100.00,81.41,81.41,82.58,82.58,75.00,75.00
Morocco,MAR,20200529,3.00,1,3.00,1,2.00,1,3.00,1,2.00,1,2.00,1,2.00,1,4.00,1.00,1,2.00,0.00,0.00,2.00,1,2.00,0.00,0.00,0.00,,7643,202,93.52,93.52,100.00,100.00,81.41,81.41,82.58,82.58,75.00,75.00
Morocco,MAR,20200530,3.00,1,3.00,1,2.00,1,3.00,1,2.00,1,2.00,1,2.00,1,4.00,1.00,1,2.00,0.00,0.00,2.00,1,2.00,0.00,0.00,0.00,,7714,202,93.52,93.52,100.00,100.00,81.41,81.41,82.58,82.58,75.00,75.00
Morocco,MAR,20200531,3.00,1,3.00,1,2.00,1,3.00,1,2.00,1,2.00,1,2.00,1,4.00,1.00,1,2.00,0.00,0.00,2.00,1,2.00,0.00,0.00,0.00,,7780,204,93.52,93.52,100.00,100.00,81.41,81.41,82.58,82.58,75.00,75.00
Morocco,MAR,20200601,3.00,1,3.00,1,2.00,1,3.00,1,2.00,1,2.00,1,2.00,1,4.00,1.00,1,2.00,0.00,0.00,2.00,1,2.00,1.00,0.00,0.00,,7807,205,93.52,93.52,100.00,100.00,85.26,85.26,87.12,87.12,75.00,75.00
Morocco,MAR,20200602,3.00,1,3.00,1,2.00,1,3.00,1,2.00,1,2.00,1,2.00,1,4.00,1.00,1,2.00,0.00,0.00,2.00,1,2.00,1.00,0.00,0.00,,7833,205,93.52,93.52,100.00,100.00,85.26,85.26,87.12,87.12,75.00,75.00
Morocco,MAR,20200603,3.00,1,3.00,1,2.00,1,3.00,1,2.00,1,2.00,1,2.00,1,4.00,1.00,1,2.00,0.00,0.00,2.00,1,2.00,1.00,0.00,0.00,,7866,206,93.52,93.52,100.00,100.00,85.26,85.26,87.12,87.12,75.00,75.00
Morocco,MAR,20200604,3.00,1,3.00,1,2.00,1,3.00,1,2.00,1,2.00,1,2.00,1,4.00,1.00,1,2.00,0.00,0.00,2.00,1,2.00,1.00,0.00,0.00,,7922,206,93.52,93.52,100.00,100.00,85.26,85.26,87.12,87.12,75.00,75.00
Morocco,MAR,20200605,3.00,1,3.00,1,2.00,1,3.00,1,2.00,1,2.00,1,2.00,1,4.00,1.00,1,2.00,0.00,0.00,2.00,1,2.00,1.00,0.00,0.00,,8003,208,93.52,93.52,100.00,100.00,85.26,85.26,87.12,87.12,75.00,75.00
Morocco,MAR,20200606,3.00,1,3.00,1,2.00,1,3.00,1,2.00,1,2.00,1,2.00,1,4.00,1.00,1,2.00,0.00,0.00,2.00,1,2.00,1.00,0.00,0.00,,8071,208,93.52,93.52,100.00,100.00,85.26,85.26,87.12,87.12,75.00,75.00
Morocco,MAR,20200607,3.00,1,3.00,1,2.00,1,3.00,1,2.00,1,2.00,1,2.00,1,4.00,1.00,1,2.00,0.00,0.00,2.00,1,2.00,1.00,0.00,0.00,,8132,208,93.52,93.52,100.00,100.00,85.26,85.26,87.12,87.12,75.00,75.00
Morocco,MAR,20200608,3.00,1,3.00,1,2.00,1,3.00,1,2.00,1,2.00,1,2.00,1,4.00,1.00,1,2.00,0.00,0.00,2.00,1,2.00,1.00,0.00,0.00,,8224,208,93.52,93.52,100.00,100.00,85.26,85.26,87.12,87.12,75.00,75.00
Morocco,MAR,20200609,3.00,1,3.00,1,2.00,1,3.00,1,2.00,1,2.00,1,2.00,1,4.00,1.00,1,2.00,0.00,0.00,2.00,1,2.00,1.00,0.00,0.00,,8302,208,93.52,93.52,100.00,100.00,85.26,85.26,87.12,87.12,75.00,75.00
Morocco,MAR,20200610,3.00,1,3.00,1,2.00,1,3.00,1,2.00,1,2.00,1,2.00,1,4.00,1.00,1,2.00,0.00,0.00,2.00,1,2.00,1.00,0.00,0.00,,8437,210,93.52,93.52,100.00,100.00,85.26,85.26,87.12,87.12,75.00,75.00
Morocco,MAR,20200611,3.00,1,2.00,1,2.00,1,3.00,1,0.00,,2.00,0,2.00,1,4.00,1.00,1,2.00,0.00,0.00,2.00,1,3.00,1.00,0.00,0.00,,8455,210,76.85,76.85,82.14,82.14,76.28,76.28,76.52,76.52,75.00,75.00
Morocco,MAR,20200612,3.00,1,2.00,1,2.00,1,3.00,1,0.00,,2.00,0,2.00,1,4.00,1.00,1,2.00,0.00,0.00,2.00,1,3.00,1.00,0.00,0.00,,8537,211,76.85,76.85,82.14,82.14,76.28,76.28,76.52,76.52,75.00,75.00
Morocco,MAR,20200613,,,,,,,,,,,,,,,,,,,,,,,,,,,,8610,212,,,,,,,,,,
Morocco,MAR,20200614,,,,,,,,,,,,,,,,,,,,,,,,,,,,8692,212,,,,,,,,,,
Morocco,MAR,20200615,,,,,,,,,,,,,,,,,,,,,,,,,,,,8734,212,,,,,,,,,,
Morocco,MAR,20200616,,,,,,,,,,,,,,,,,,,,,,,,,,,,8838,212,,,,,,,,,,
Morocco,MAR,20200617,,,,,,,,,,,,,,,,,,,,,,,,,,,,8921,212,,76.85,,82.14,,76.28,,76.52,,75.00
Morocco,MAR,20200618,,,,,,,,,,,,,,,,,,,,,,,,,,,,8997,213,,76.85,,82.14,,76.28,,76.52,,75.00
Morocco,MAR,20200619,,,,,,,,,,,,,,,,,,,,,,,,,,,,9074,213,,76.85,,82.14,,76.28,,76.52,,75.00
Morocco,MAR,20200620,,,,,,,,,,,,,,,,,,,,,,,,,,,,9613,213,,76.85,,82.14,,76.28,,76.52,,75.00
Morocco,MAR,20200621,,,,,,,,,,,,,,,,,,,,,,,,,,,,9801,213,,76.85,,82.14,,76.28,,76.52,,75.00
Morocco,MAR,20200622,,,,,,,,,,,,,,,,,,,,,,,,,,,,9977,214,,76.85,,82.14,,76.28,,76.52,,75.00
Morocco,MAR,20200623,,,,,,,,,,,,,,,,,,,,,,,,,,,,10172,214,,76.85,,82.14,,76.28,,76.52,,75.00
