Mauritania,MRT,20200101,0.00,,0.00,,0.00,,0.00,,0.00,,0.00,,0.00,,0.00,0.00,,0.00,0.00,0.00,0.00,,0.00,0.00,0.00,0.00,,,,0.00,0.00,0.00,0.00,0.00,0.00,0.00,0.00,0.00,0.00
Mauritania,MRT,20200102,0.00,,0.00,,0.00,,0.00,,0.00,,0.00,,0.00,,0.00,0.00,,0.00,0.00,0.00,0.00,,0.00,0.00,0.00,0.00,,,,0.00,0.00,0.00,0.00,0.00,0.00,0.00,0.00,0.00,0.00
Mauritania,MRT,20200103,0.00,,0.00,,0.00,,0.00,,0.00,,0.00,,0.00,,0.00,0.00,,0.00,0.00,0.00,0.00,,0.00,0.00,0.00,0.00,,,,0.00,0.00,0.00,0.00,0.00,0.00,0.00,0.00,0.00,0.00
Mauritania,MRT,20200104,0.00,,0.00,,0.00,,0.00,,0.00,,0.00,,0.00,,0.00,0.00,,0.00,0.00,0.00,0.00,,0.00,0.00,0.00,0.00,,,,0.00,0.00,0.00,0.00,0.00,0.00,0.00,0.00,0.00,0.00
Mauritania,MRT,20200105,0.00,,0.00,,0.00,,0.00,,0.00,,0.00,,0.00,,0.00,0.00,,0.00,0.00,0.00,0.00,,0.00,0.00,0.00,0.00,,,,0.00,0.00,0.00,0.00,0.00,0.00,0.00,0.00,0.00,0.00
Mauritania,MRT,20200106,0.00,,0.00,,0.00,,0.00,,0.00,,0.00,,0.00,,0.00,0.00,,0.00,0.00,0.00,0.00,,0.00,0.00,0.00,0.00,,,,0.00,0.00,0.00,0.00,0.00,0.00,0.00,0.00,0.00,0.00
Mauritania,MRT,20200107,0.00,,0.00,,0.00,,0.00,,0.00,,0.00,,0.00,,0.00,0.00,,0.00,0.00,0.00,0.00,,0.00,0.00,0.00,0.00,,,,0.00,0.00,0.00,0.00,0.00,0.00,0.00,0.00,0.00,0.00
Mauritania,MRT,20200108,0.00,,0.00,,0.00,,0.00,,0.00,,0.00,,0.00,,0.00,0.00,,0.00,0.00,0.00,0.00,,0.00,0.00,0.00,0.00,,,,0.00,0.00,0.00,0.00,0.00,0.00,0.00,0.00,0.00,0.00
Mauritania,MRT,20200109,0.00,,0.00,,0.00,,0.00,,0.00,,0.00,,0.00,,0.00,0.00,,0.00,0.00,0.00,0.00,,0.00,0.00,0.00,0.00,,,,0.00,0.00,0.00,0.00,0.00,0.00,0.00,0.00,0.00,0.00
Mauritania,MRT,20200110,0.00,,0.00,,0.00,,0.00,,0.00,,0.00,,0.00,,0.00,0.00,,0.00,0.00,0.00,0.00,,0.00,0.00,0.00,0.00,,,,0.00,0.00,0.00,0.00,0.00,0.00,0.00,0.00,0.00,0.00
Mauritania,MRT,20200111,0.00,,0.00,,0.00,,0.00,,0.00,,0.00,,0.00,,0.00,0.00,,0.00,0.00,0.00,0.00,,0.00,0.00,0.00,0.00,,,,0.00,0.00,0.00,0.00,0.00,0.00,0.00,0.00,0.00,0.00
Mauritania,MRT,20200112,0.00,,0.00,,0.00,,0.00,,0.00,,0.00,,0.00,,0.00,0.00,,0.00,0.00,0.00,0.00,,0.00,0.00,0.00,0.00,,,,0.00,0.00,0.00,0.00,0.00,0.00,0.00,0.00,0.00,0.00
Mauritania,MRT,20200113,0.00,,0.00,,0.00,,0.00,,0.00,,0.00,,0.00,,0.00,0.00,,0.00,0.00,0.00,0.00,,0.00,0.00,0.00,0.00,,,,0.00,0.00,0.00,0.00,0.00,0.00,0.00,0.00,0.00,0.00
Mauritania,MRT,20200114,0.00,,0.00,,0.00,,0.00,,0.00,,0.00,,0.00,,0.00,0.00,,0.00,0.00,0.00,0.00,,0.00,0.00,0.00,0.00,,,,0.00,0.00,0.00,0.00,0.00,0.00,0.00,0.00,0.00,0.00
Mauritania,MRT,20200115,0.00,,0.00,,0.00,,0.00,,0.00,,0.00,,0.00,,0.00,0.00,,0.00,0.00,0.00,0.00,,0.00,0.00,0.00,0.00,,,,0.00,0.00,0.00,0.00,0.00,0.00,0.00,0.00,0.00,0.00
Mauritania,MRT,20200116,0.00,,0.00,,0.00,,0.00,,0.00,,0.00,,0.00,,0.00,0.00,,0.00,0.00,0.00,0.00,,0.00,0.00,0.00,0.00,,,,0.00,0.00,0.00,0.00,0.00,0.00,0.00,0.00,0.00,0.00
Mauritania,MRT,20200117,0.00,,0.00,,0.00,,0.00,,0.00,,0.00,,0.00,,0.00,0.00,,0.00,0.00,0.00,0.00,,0.00,0.00,0.00,0.00,,,,0.00,0.00,0.00,0.00,0.00,0.00,0.00,0.00,0.00,0.00
Mauritania,MRT,20200118,0.00,,0.00,,0.00,,0.00,,0.00,,0.00,,0.00,,0.00,0.00,,0.00,0.00,0.00,0.00,,0.00,0.00,0.00,0.00,,,,0.00,0.00,0.00,0.00,0.00,0.00,0.00,0.00,0.00,0.00
Mauritania,MRT,20200119,0.00,,0.00,,0.00,,0.00,,0.00,,0.00,,0.00,,0.00,0.00,,0.00,0.00,0.00,0.00,,0.00,0.00,0.00,0.00,,,,0.00,0.00,0.00,0.00,0.00,0.00,0.00,0.00,0.00,0.00
Mauritania,MRT,20200120,0.00,,0.00,,0.00,,0.00,,0.00,,0.00,,0.00,,0.00,0.00,,0.00,0.00,0.00,0.00,,0.00,0.00,0.00,0.00,,,,0.00,0.00,0.00,0.00,0.00,0.00,0.00,0.00,0.00,0.00
Mauritania,MRT,20200121,0.00,,0.00,,0.00,,0.00,,0.00,,0.00,,0.00,,0.00,0.00,,0.00,0.00,0.00,0.00,,0.00,0.00,0.00,0.00,,,,0.00,0.00,0.00,0.00,0.00,0.00,0.00,0.00,0.00,0.00
Mauritania,MRT,20200122,0.00,,0.00,,0.00,,0.00,,0.00,,0.00,,0.00,,0.00,0.00,,0.00,0.00,0.00,0.00,,0.00,0.00,0.00,0.00,,,,0.00,0.00,0.00,0.00,0.00,0.00,0.00,0.00,0.00,0.00
Mauritania,MRT,20200123,0.00,,0.00,,0.00,,0.00,,0.00,,0.00,,0.00,,0.00,0.00,,0.00,0.00,0.00,0.00,,0.00,0.00,0.00,0.00,,,,0.00,0.00,0.00,0.00,0.00,0.00,0.00,0.00,0.00,0.00
Mauritania,MRT,20200124,0.00,,0.00,,0.00,,0.00,,0.00,,0.00,,0.00,,0.00,0.00,,0.00,0.00,0.00,0.00,,0.00,0.00,0.00,0.00,,,,0.00,0.00,0.00,0.00,0.00,0.00,0.00,0.00,0.00,0.00
Mauritania,MRT,20200125,0.00,,0.00,,0.00,,0.00,,0.00,,0.00,,0.00,,0.00,0.00,,0.00,0.00,0.00,0.00,,0.00,0.00,0.00,0.00,,,,0.00,0.00,0.00,0.00,0.00,0.00,0.00,0.00,0.00,0.00
Mauritania,MRT,20200126,0.00,,0.00,,0.00,,0.00,,0.00,,0.00,,0.00,,0.00,0.00,,0.00,0.00,0.00,0.00,,0.00,0.00,0.00,0.00,,,,0.00,0.00,0.00,0.00,0.00,0.00,0.00,0.00,0.00,0.00
Mauritania,MRT,20200127,0.00,,0.00,,0.00,,0.00,,0.00,,0.00,,0.00,,0.00,0.00,,0.00,0.00,0.00,0.00,,0.00,0.00,0.00,0.00,,,,0.00,0.00,0.00,0.00,0.00,0.00,0.00,0.00,0.00,0.00
Mauritania,MRT,20200128,0.00,,0.00,,0.00,,0.00,,0.00,,0.00,,0.00,,0.00,0.00,,0.00,0.00,0.00,0.00,,0.00,0.00,0.00,0.00,,,,0.00,0.00,0.00,0.00,0.00,0.00,0.00,0.00,0.00,0.00
Mauritania,MRT,20200129,0.00,,0.00,,0.00,,0.00,,0.00,,0.00,,0.00,,0.00,0.00,,0.00,0.00,0.00,0.00,,0.00,0.00,0.00,0.00,,,,0.00,0.00,0.00,0.00,0.00,0.00,0.00,0.00,0.00,0.00
Mauritania,MRT,20200130,0.00,,0.00,,0.00,,0.00,,0.00,,0.00,,0.00,,0.00,0.00,,0.00,0.00,0.00,0.00,,0.00,0.00,0.00,0.00,,,,0.00,0.00,0.00,0.00,0.00,0.00,0.00,0.00,0.00,0.00
Mauritania,MRT,20200131,0.00,,0.00,,0.00,,0.00,,0.00,,0.00,,0.00,,0.00,0.00,,0.00,0.00,0.00,0.00,,0.00,0.00,0.00,0.00,,,,0.00,0.00,0.00,0.00,0.00,0.00,0.00,0.00,0.00,0.00
Mauritania,MRT,20200201,0.00,,0.00,,0.00,,0.00,,0.00,,0.00,,0.00,,0.00,0.00,,0.00,0.00,0.00,0.00,,0.00,0.00,0.00,0.00,,,,0.00,0.00,0.00,0.00,0.00,0.00,0.00,0.00,0.00,0.00
Mauritania,MRT,20200202,0.00,,0.00,,0.00,,0.00,,0.00,,0.00,,0.00,,0.00,0.00,,0.00,0.00,0.00,0.00,,0.00,0.00,0.00,0.00,,,,0.00,0.00,0.00,0.00,0.00,0.00,0.00,0.00,0.00,0.00
Mauritania,MRT,20200203,0.00,,0.00,,0.00,,0.00,,0.00,,0.00,,0.00,,0.00,0.00,,0.00,0.00,0.00,0.00,,0.00,0.00,0.00,0.00,,,,0.00,0.00,0.00,0.00,0.00,0.00,0.00,0.00,0.00,0.00
Mauritania,MRT,20200204,0.00,,0.00,,0.00,,0.00,,0.00,,0.00,,0.00,,0.00,0.00,,0.00,0.00,0.00,0.00,,0.00,0.00,0.00,0.00,,,,0.00,0.00,0.00,0.00,0.00,0.00,0.00,0.00,0.00,0.00
Mauritania,MRT,20200205,0.00,,0.00,,0.00,,0.00,,0.00,,0.00,,0.00,,2.00,0.00,,0.00,0.00,0.00,0.00,,0.00,0.00,0.00,0.00,,,,5.56,5.56,7.14,7.14,3.85,3.85,4.55,4.55,0.00,0.00
Mauritania,MRT,20200206,0.00,,0.00,,0.00,,0.00,,0.00,,0.00,,0.00,,2.00,0.00,,0.00,0.00,0.00,0.00,,0.00,0.00,0.00,0.00,,,,5.56,5.56,7.14,7.14,3.85,3.85,4.55,4.55,0.00,0.00
Mauritania,MRT,20200207,0.00,,0.00,,0.00,,0.00,,0.00,,0.00,,0.00,,2.00,0.00,,0.00,0.00,0.00,0.00,,0.00,0.00,0.00,0.00,,,,5.56,5.56,7.14,7.14,3.85,3.85,4.55,4.55,0.00,0.00
Mauritania,MRT,20200208,0.00,,0.00,,0.00,,0.00,,0.00,,0.00,,0.00,,2.00,0.00,,0.00,0.00,0.00,0.00,,0.00,0.00,0.00,0.00,,,,5.56,5.56,7.14,7.14,3.85,3.85,4.55,4.55,0.00,0.00
Mauritania,MRT,20200209,0.00,,0.00,,0.00,,0.00,,0.00,,0.00,,0.00,,2.00,0.00,,0.00,0.00,0.00,0.00,,0.00,0.00,0.00,0.00,,,,5.56,5.56,7.14,7.14,3.85,3.85,4.55,4.55,0.00,0.00
Mauritania,MRT,20200210,0.00,,0.00,,0.00,,0.00,,0.00,,0.00,,0.00,,2.00,0.00,,0.00,0.00,0.00,0.00,,0.00,0.00,0.00,0.00,,,,5.56,5.56,7.14,7.14,3.85,3.85,4.55,4.55,0.00,0.00
Mauritania,MRT,20200211,0.00,,0.00,,0.00,,0.00,,0.00,,0.00,,0.00,,2.00,0.00,,0.00,0.00,0.00,0.00,,0.00,0.00,0.00,0.00,,,,5.56,5.56,7.14,7.14,3.85,3.85,4.55,4.55,0.00,0.00
Mauritania,MRT,20200212,0.00,,0.00,,0.00,,0.00,,0.00,,0.00,,0.00,,2.00,0.00,,0.00,0.00,0.00,0.00,,0.00,0.00,0.00,0.00,,,,5.56,5.56,7.14,7.14,3.85,3.85,4.55,4.55,0.00,0.00
Mauritania,MRT,20200213,0.00,,0.00,,0.00,,0.00,,0.00,,0.00,,0.00,,2.00,0.00,,0.00,0.00,0.00,0.00,,0.00,0.00,0.00,0.00,,,,5.56,5.56,7.14,7.14,3.85,3.85,4.55,4.55,0.00,0.00
Mauritania,MRT,20200214,0.00,,0.00,,0.00,,0.00,,0.00,,0.00,,0.00,,2.00,0.00,,0.00,0.00,0.00,0.00,,0.00,0.00,0.00,0.00,,,,5.56,5.56,7.14,7.14,3.85,3.85,4.55,4.55,0.00,0.00
Mauritania,MRT,20200215,0.00,,0.00,,0.00,,0.00,,0.00,,0.00,,0.00,,2.00,0.00,,0.00,0.00,0.00,0.00,,0.00,0.00,0.00,0.00,,,,5.56,5.56,7.14,7.14,3.85,3.85,4.55,4.55,0.00,0.00
Mauritania,MRT,20200216,0.00,,0.00,,0.00,,0.00,,0.00,,0.00,,0.00,,2.00,0.00,,0.00,0.00,0.00,0.00,,0.00,0.00,0.00,0.00,,,,5.56,5.56,7.14,7.14,3.85,3.85,4.55,4.55,0.00,0.00
Mauritania,MRT,20200217,0.00,,0.00,,0.00,,0.00,,0.00,,0.00,,0.00,,2.00,0.00,,0.00,0.00,0.00,0.00,,0.00,0.00,0.00,0.00,,,,5.56,5.56,7.14,7.14,3.85,3.85,4.55,4.55,0.00,0.00
Mauritania,MRT,20200218,0.00,,0.00,,0.00,,0.00,,0.00,,0.00,,0.00,,2.00,0.00,,0.00,0.00,0.00,0.00,,0.00,0.00,0.00,0.00,,,,5.56,5.56,7.14,7.14,3.85,3.85,4.55,4.55,0.00,0.00
Mauritania,MRT,20200219,0.00,,0.00,,0.00,,0.00,,0.00,,0.00,,0.00,,2.00,0.00,,0.00,0.00,0.00,0.00,,0.00,0.00,0.00,0.00,,,,5.56,5.56,7.14,7.14,3.85,3.85,4.55,4.55,0.00,0.00
Mauritania,MRT,20200220,0.00,,0.00,,0.00,,0.00,,0.00,,0.00,,0.00,,2.00,0.00,,0.00,0.00,0.00,0.00,,0.00,0.00,0.00,0.00,,,,5.56,5.56,7.14,7.14,3.85,3.85,4.55,4.55,0.00,0.00
Mauritania,MRT,20200221,0.00,,0.00,,0.00,,0.00,,0.00,,0.00,,0.00,,2.00,0.00,,0.00,0.00,0.00,0.00,,0.00,0.00,0.00,0.00,,,,5.56,5.56,7.14,7.14,3.85,3.85,4.55,4.55,0.00,0.00
Mauritania,MRT,20200222,0.00,,0.00,,0.00,,0.00,,0.00,,0.00,,0.00,,2.00,0.00,,0.00,0.00,0.00,0.00,,0.00,0.00,0.00,0.00,,,,5.56,5.56,7.14,7.14,3.85,3.85,4.55,4.55,0.00,0.00
Mauritania,MRT,20200223,0.00,,0.00,,0.00,,0.00,,0.00,,0.00,,0.00,,2.00,0.00,,0.00,0.00,0.00,0.00,,0.00,0.00,0.00,0.00,,,,5.56,5.56,7.14,7.14,3.85,3.85,4.55,4.55,0.00,0.00
Mauritania,MRT,20200224,0.00,,0.00,,0.00,,0.00,,0.00,,0.00,,0.00,,2.00,0.00,,0.00,0.00,0.00,0.00,,0.00,0.00,0.00,0.00,,,,5.56,5.56,7.14,7.14,3.85,3.85,4.55,4.55,0.00,0.00
Mauritania,MRT,20200225,0.00,,0.00,,0.00,,0.00,,0.00,,0.00,,0.00,,2.00,0.00,,0.00,0.00,0.00,0.00,,0.00,0.00,0.00,0.00,,,,5.56,5.56,7.14,7.14,3.85,3.85,4.55,4.55,0.00,0.00
Mauritania,MRT,20200226,0.00,,0.00,,0.00,,0.00,,0.00,,0.00,,0.00,,2.00,0.00,,0.00,0.00,0.00,0.00,,0.00,0.00,0.00,0.00,,,,5.56,5.56,7.14,7.14,3.85,3.85,4.55,4.55,0.00,0.00
Mauritania,MRT,20200227,0.00,,0.00,,0.00,,0.00,,0.00,,0.00,,0.00,,2.00,0.00,,0.00,0.00,0.00,0.00,,0.00,0.00,0.00,0.00,,,,5.56,5.56,7.14,7.14,3.85,3.85,4.55,4.55,0.00,0.00
Mauritania,MRT,20200228,0.00,,0.00,,0.00,,0.00,,0.00,,0.00,,0.00,,2.00,0.00,,0.00,0.00,0.00,0.00,,0.00,0.00,0.00,0.00,,,,5.56,5.56,7.14,7.14,3.85,3.85,4.55,4.55,0.00,0.00
Mauritania,MRT,20200229,0.00,,0.00,,0.00,,0.00,,0.00,,0.00,,0.00,,2.00,0.00,,0.00,0.00,0.00,0.00,,0.00,0.00,0.00,0.00,,,,5.56,5.56,7.14,7.14,3.85,3.85,4.55,4.55,0.00,0.00
Mauritania,MRT,20200301,0.00,,0.00,,0.00,,0.00,,0.00,,0.00,,0.00,,2.00,0.00,,0.00,0.00,0.00,0.00,,0.00,0.00,0.00,0.00,,,,5.56,5.56,7.14,7.14,3.85,3.85,4.55,4.55,0.00,0.00
Mauritania,MRT,20200302,0.00,,0.00,,0.00,,0.00,,0.00,,0.00,,0.00,,2.00,0.00,,0.00,0.00,0.00,0.00,,0.00,0.00,0.00,0.00,,,,5.56,5.56,7.14,7.14,3.85,3.85,4.55,4.55,0.00,0.00
Mauritania,MRT,20200303,0.00,,0.00,,0.00,,0.00,,0.00,,0.00,,0.00,,2.00,0.00,,0.00,0.00,0.00,0.00,,0.00,0.00,0.00,0.00,,,,5.56,5.56,7.14,7.14,3.85,3.85,4.55,4.55,0.00,0.00
Mauritania,MRT,20200304,0.00,,0.00,,0.00,,0.00,,0.00,,0.00,,0.00,,2.00,0.00,,0.00,0.00,0.00,0.00,,0.00,0.00,0.00,0.00,,,,5.56,5.56,7.14,7.14,3.85,3.85,4.55,4.55,0.00,0.00
Mauritania,MRT,20200305,0.00,,0.00,,0.00,,0.00,,0.00,,0.00,,0.00,,2.00,0.00,,0.00,0.00,0.00,0.00,,0.00,0.00,0.00,0.00,,,,5.56,5.56,7.14,7.14,3.85,3.85,4.55,4.55,0.00,0.00
Mauritania,MRT,20200306,0.00,,0.00,,0.00,,0.00,,0.00,,0.00,,0.00,,2.00,0.00,,0.00,0.00,0.00,0.00,,0.00,0.00,0.00,0.00,,,,5.56,5.56,7.14,7.14,3.85,3.85,4.55,4.55,0.00,0.00
Mauritania,MRT,20200307,0.00,,0.00,,0.00,,0.00,,0.00,,0.00,,0.00,,2.00,0.00,,0.00,0.00,0.00,0.00,,0.00,0.00,0.00,0.00,,,,5.56,5.56,7.14,7.14,3.85,3.85,4.55,4.55,0.00,0.00
Mauritania,MRT,20200308,0.00,,0.00,,0.00,,0.00,,0.00,,0.00,,0.00,,2.00,0.00,,0.00,0.00,0.00,0.00,,0.00,0.00,0.00,0.00,,,,5.56,5.56,7.14,7.14,3.85,3.85,4.55,4.55,0.00,0.00
Mauritania,MRT,20200309,0.00,,0.00,,0.00,,0.00,,0.00,,0.00,,0.00,,2.00,0.00,,0.00,0.00,0.00,0.00,,0.00,0.00,0.00,0.00,,,,5.56,5.56,7.14,7.14,3.85,3.85,4.55,4.55,0.00,0.00
Mauritania,MRT,20200310,0.00,,0.00,,0.00,,0.00,,0.00,,0.00,,0.00,,2.00,0.00,,0.00,0.00,0.00,0.00,,0.00,0.00,0.00,0.00,,,,5.56,5.56,7.14,7.14,3.85,3.85,4.55,4.55,0.00,0.00
Mauritania,MRT,20200311,0.00,,0.00,,0.00,,0.00,,0.00,,0.00,,0.00,,2.00,0.00,,0.00,0.00,0.00,0.00,,0.00,0.00,0.00,0.00,,,,5.56,5.56,7.14,7.14,3.85,3.85,4.55,4.55,0.00,0.00
Mauritania,MRT,20200312,0.00,,0.00,,0.00,,0.00,,0.00,,0.00,,0.00,,2.00,0.00,,0.00,0.00,0.00,0.00,,0.00,0.00,0.00,0.00,,,,5.56,5.56,7.14,7.14,3.85,3.85,4.55,4.55,0.00,0.00
Mauritania,MRT,20200313,0.00,,0.00,,0.00,,0.00,,0.00,,0.00,,0.00,,2.00,0.00,,0.00,0.00,0.00,2.00,1,0.00,2.00,0.00,0.00,,,,16.67,16.67,21.43,21.43,19.23,19.23,22.73,22.73,0.00,0.00
Mauritania,MRT,20200314,0.00,,0.00,,0.00,,0.00,,0.00,,0.00,,0.00,,2.00,0.00,,0.00,0.00,0.00,2.00,1,0.00,2.00,0.00,0.00,,,,16.67,16.67,21.43,21.43,19.23,19.23,22.73,22.73,0.00,0.00
Mauritania,MRT,20200315,0.00,,0.00,,0.00,,0.00,,0.00,,0.00,,0.00,,2.00,0.00,,0.00,0.00,0.00,2.00,1,0.00,2.00,0.00,0.00,,1,0,16.67,16.67,21.43,21.43,19.23,19.23,22.73,22.73,0.00,0.00
Mauritania,MRT,20200316,3.00,1,0.00,,0.00,,0.00,,0.00,,0.00,,0.00,,2.00,0.00,,0.00,0.00,0.00,2.00,1,0.00,2.00,0.00,0.00,,1,0,27.78,27.78,35.71,35.71,26.92,26.92,31.82,31.82,0.00,0.00
Mauritania,MRT,20200317,3.00,1,0.00,,0.00,,0.00,,0.00,,0.00,,0.00,,2.00,0.00,,0.00,0.00,0.00,2.00,1,0.00,2.00,0.00,0.00,,1,0,27.78,27.78,35.71,35.71,26.92,26.92,31.82,31.82,0.00,0.00
Mauritania,MRT,20200318,3.00,1,0.00,,0.00,,0.00,,0.00,,0.00,,0.00,,2.00,0.00,,0.00,0.00,0.00,2.00,1,0.00,2.00,0.00,0.00,,1,0,27.78,27.78,35.71,35.71,26.92,26.92,31.82,31.82,0.00,0.00
Mauritania,MRT,20200319,3.00,1,0.00,,2.00,1,4.00,1,0.00,,2.00,1,0.00,,2.00,0.00,,0.00,0.00,0.00,2.00,1,0.00,2.00,0.00,0.00,,1,0,57.41,57.41,60.71,60.71,47.44,47.44,56.06,56.06,0.00,0.00
Mauritania,MRT,20200320,3.00,1,0.00,,2.00,1,4.00,1,0.00,,2.00,1,0.00,,2.00,0.00,,0.00,0.00,0.00,2.00,1,0.00,2.00,0.00,0.00,,2,0,57.41,57.41,60.71,60.71,47.44,47.44,56.06,56.06,0.00,0.00
Mauritania,MRT,20200321,3.00,1,0.00,,2.00,1,4.00,1,0.00,,2.00,1,0.00,,2.00,0.00,,0.00,0.00,0.00,2.00,1,0.00,2.00,0.00,0.00,,2,0,57.41,57.41,60.71,60.71,47.44,47.44,56.06,56.06,0.00,0.00
Mauritania,MRT,20200322,3.00,1,0.00,,2.00,1,4.00,1,0.00,,2.00,1,0.00,,2.00,0.00,,0.00,0.00,0.00,2.00,1,0.00,2.00,0.00,0.00,,2,0,57.41,57.41,60.71,60.71,47.44,47.44,56.06,56.06,0.00,0.00
Mauritania,MRT,20200323,3.00,1,0.00,,2.00,1,4.00,1,0.00,,2.00,1,0.00,,4.00,0.00,,0.00,0.00,0.00,2.00,1,0.00,2.00,0.00,0.00,,2,0,62.96,62.96,67.86,67.86,51.28,51.28,60.61,60.61,0.00,0.00
Mauritania,MRT,20200324,3.00,1,0.00,,2.00,1,4.00,1,0.00,,2.00,1,0.00,,4.00,0.00,,0.00,0.00,0.00,2.00,1,0.00,2.00,0.00,0.00,,2,0,62.96,62.96,67.86,67.86,51.28,51.28,60.61,60.61,0.00,0.00
Mauritania,MRT,20200325,3.00,1,0.00,,2.00,1,4.00,1,0.00,,2.00,1,0.00,,4.00,1.00,1,1.00,80000000.00,0.00,2.00,1,0.00,2.00,80000000.00,0.00,,2,0,62.96,62.96,67.86,67.86,58.97,58.97,60.61,60.61,50.00,50.00
Mauritania,MRT,20200326,3.00,1,0.00,,2.00,1,4.00,1,0.00,,2.00,1,0.00,,4.00,1.00,1,1.00,0.00,0.00,2.00,1,0.00,2.00,0.00,0.00,,2,0,62.96,62.96,67.86,67.86,58.97,58.97,60.61,60.61,50.00,50.00
Mauritania,MRT,20200327,3.00,1,1.00,1,2.00,1,4.00,1,0.00,,2.00,1,0.00,,4.00,1.00,1,1.00,0.00,0.00,2.00,1,0.00,2.00,0.00,0.00,,3,0,66.67,66.67,75.00,75.00,61.54,61.54,63.64,63.64,50.00,50.00
Mauritania,MRT,20200328,3.00,1,1.00,1,2.00,1,4.00,1,0.00,,2.00,1,0.00,,4.00,1.00,1,1.00,0.00,0.00,2.00,1,0.00,2.00,0.00,0.00,,3,0,66.67,66.67,75.00,75.00,61.54,61.54,63.64,63.64,50.00,50.00
Mauritania,MRT,20200329,3.00,1,1.00,1,2.00,1,4.00,1,0.00,,2.00,1,2.00,1,4.00,1.00,1,1.00,0.00,0.00,2.00,1,0.00,2.00,0.00,0.00,,5,0,77.78,77.78,78.57,78.57,69.23,69.23,72.73,72.73,50.00,50.00
Mauritania,MRT,20200330,3.00,1,1.00,1,2.00,1,4.00,1,0.00,,2.00,1,2.00,1,4.00,1.00,1,1.00,0.00,0.00,2.00,1,0.00,2.00,0.00,0.00,,5,0,77.78,77.78,78.57,78.57,69.23,69.23,72.73,72.73,50.00,50.00
Mauritania,MRT,20200331,3.00,1,1.00,1,2.00,1,4.00,1,0.00,,2.00,1,2.00,1,4.00,1.00,1,1.00,0.00,0.00,2.00,1,0.00,2.00,0.00,0.00,,5,0,77.78,77.78,78.57,78.57,69.23,69.23,72.73,72.73,50.00,50.00
Mauritania,MRT,20200401,3.00,1,1.00,1,2.00,1,4.00,1,0.00,,2.00,1,2.00,1,4.00,1.00,1,1.00,0.00,0.00,2.00,1,0.00,2.00,0.00,0.00,,5,0,77.78,77.78,78.57,78.57,69.23,69.23,72.73,72.73,50.00,50.00
Mauritania,MRT,20200402,3.00,1,1.00,1,2.00,1,4.00,1,0.00,,2.00,1,2.00,1,4.00,1.00,1,1.00,0.00,0.00,2.00,1,0.00,2.00,0.00,0.00,,5,0,77.78,77.78,78.57,78.57,69.23,69.23,72.73,72.73,50.00,50.00
Mauritania,MRT,20200403,3.00,1,1.00,1,2.00,1,4.00,1,0.00,,2.00,1,2.00,1,4.00,1.00,1,1.00,0.00,0.00,2.00,1,0.00,2.00,0.00,0.00,,6,1,77.78,77.78,78.57,78.57,69.23,69.23,72.73,72.73,50.00,50.00
Mauritania,MRT,20200404,3.00,1,1.00,1,2.00,1,4.00,1,0.00,,2.00,1,2.00,1,4.00,1.00,1,1.00,0.00,0.00,2.00,1,0.00,2.00,0.00,0.00,,6,1,77.78,77.78,78.57,78.57,69.23,69.23,72.73,72.73,50.00,50.00
Mauritania,MRT,20200405,3.00,1,1.00,1,2.00,1,4.00,1,0.00,,2.00,1,2.00,1,4.00,1.00,1,1.00,0.00,0.00,2.00,1,0.00,2.00,0.00,0.00,,6,1,77.78,77.78,78.57,78.57,69.23,69.23,72.73,72.73,50.00,50.00
Mauritania,MRT,20200406,3.00,1,1.00,1,2.00,1,4.00,1,0.00,,2.00,1,2.00,1,4.00,1.00,1,1.00,0.00,0.00,2.00,1,0.00,2.00,0.00,0.00,,6,1,77.78,77.78,78.57,78.57,69.23,69.23,72.73,72.73,50.00,50.00
Mauritania,MRT,20200407,3.00,1,1.00,1,2.00,1,4.00,1,0.00,,2.00,1,2.00,1,4.00,1.00,1,1.00,0.00,0.00,2.00,1,0.00,2.00,0.00,0.00,,6,1,77.78,77.78,78.57,78.57,69.23,69.23,72.73,72.73,50.00,50.00
Mauritania,MRT,20200408,3.00,1,1.00,1,2.00,1,4.00,1,0.00,,2.00,1,2.00,1,4.00,1.00,1,1.00,0.00,0.00,2.00,1,0.00,2.00,0.00,0.00,,6,1,77.78,77.78,78.57,78.57,69.23,69.23,72.73,72.73,50.00,50.00
Mauritania,MRT,20200409,3.00,1,1.00,1,2.00,1,4.00,1,0.00,,2.00,1,2.00,1,4.00,1.00,1,1.00,0.00,0.00,2.00,1,0.00,2.00,0.00,0.00,,6,1,77.78,77.78,78.57,78.57,69.23,69.23,72.73,72.73,50.00,50.00
Mauritania,MRT,20200410,3.00,1,1.00,1,2.00,1,4.00,1,0.00,,2.00,1,2.00,1,4.00,1.00,1,1.00,0.00,0.00,2.00,1,0.00,2.00,0.00,0.00,,7,1,77.78,77.78,78.57,78.57,69.23,69.23,72.73,72.73,50.00,50.00
Mauritania,MRT,20200411,3.00,1,1.00,1,2.00,1,4.00,1,0.00,,2.00,1,2.00,1,4.00,1.00,1,1.00,0.00,0.00,2.00,1,0.00,2.00,0.00,0.00,,7,1,77.78,77.78,78.57,78.57,69.23,69.23,72.73,72.73,50.00,50.00
Mauritania,MRT,20200412,3.00,1,1.00,1,2.00,1,4.00,1,0.00,,2.00,1,2.00,1,4.00,1.00,1,1.00,0.00,0.00,2.00,1,0.00,2.00,0.00,0.00,,7,1,77.78,77.78,78.57,78.57,69.23,69.23,72.73,72.73,50.00,50.00
Mauritania,MRT,20200413,3.00,1,1.00,1,2.00,1,4.00,1,0.00,,2.00,1,2.00,1,4.00,1.00,1,1.00,0.00,0.00,2.00,1,0.00,2.00,0.00,0.00,,7,1,77.78,77.78,78.57,78.57,69.23,69.23,72.73,72.73,50.00,50.00
Mauritania,MRT,20200414,3.00,1,1.00,1,2.00,1,4.00,1,0.00,,2.00,1,2.00,1,4.00,1.00,1,1.00,0.00,0.00,2.00,1,0.00,2.00,0.00,0.00,,7,1,77.78,77.78,78.57,78.57,69.23,69.23,72.73,72.73,50.00,50.00
Mauritania,MRT,20200415,3.00,1,1.00,1,2.00,1,4.00,1,0.00,,2.00,1,2.00,1,4.00,1.00,1,1.00,0.00,0.00,2.00,1,0.00,2.00,0.00,0.00,,7,1,77.78,77.78,78.57,78.57,69.23,69.23,72.73,72.73,50.00,50.00
Mauritania,MRT,20200416,3.00,1,1.00,1,2.00,1,4.00,1,0.00,,2.00,1,2.00,1,4.00,1.00,1,1.00,0.00,0.00,2.00,1,0.00,2.00,0.00,0.00,,7,1,77.78,77.78,78.57,78.57,69.23,69.23,72.73,72.73,50.00,50.00
Mauritania,MRT,20200417,3.00,1,1.00,1,2.00,1,4.00,1,0.00,,2.00,1,2.00,1,4.00,1.00,1,1.00,0.00,0.00,2.00,1,0.00,2.00,0.00,0.00,,7,1,77.78,77.78,78.57,78.57,69.23,69.23,72.73,72.73,50.00,50.00
Mauritania,MRT,20200418,3.00,1,1.00,1,2.00,1,4.00,1,0.00,,2.00,1,2.00,1,4.00,1.00,1,1.00,0.00,0.00,2.00,1,0.00,2.00,0.00,0.00,,7,1,77.78,77.78,78.57,78.57,69.23,69.23,72.73,72.73,50.00,50.00
Mauritania,MRT,20200419,3.00,1,1.00,1,2.00,1,4.00,1,0.00,,2.00,1,2.00,1,4.00,1.00,1,1.00,0.00,0.00,2.00,1,0.00,2.00,0.00,0.00,,7,1,77.78,77.78,78.57,78.57,69.23,69.23,72.73,72.73,50.00,50.00
Mauritania,MRT,20200420,3.00,1,1.00,1,2.00,1,4.00,1,0.00,,2.00,1,2.00,1,4.00,1.00,1,1.00,0.00,0.00,2.00,1,0.00,2.00,0.00,0.00,,7,1,77.78,77.78,78.57,78.57,69.23,69.23,72.73,72.73,50.00,50.00
Mauritania,MRT,20200421,3.00,1,1.00,1,2.00,1,4.00,1,0.00,,2.00,1,2.00,1,4.00,1.00,1,1.00,0.00,0.00,2.00,1,0.00,2.00,0.00,0.00,,7,1,77.78,77.78,78.57,78.57,69.23,69.23,72.73,72.73,50.00,50.00
Mauritania,MRT,20200422,3.00,1,1.00,1,2.00,1,4.00,1,0.00,,2.00,1,2.00,1,4.00,1.00,1,1.00,0.00,0.00,2.00,1,0.00,2.00,0.00,0.00,,7,1,77.78,77.78,78.57,78.57,69.23,69.23,72.73,72.73,50.00,50.00
Mauritania,MRT,20200423,3.00,1,1.00,1,2.00,1,4.00,1,0.00,,2.00,1,2.00,1,4.00,1.00,1,1.00,0.00,0.00,2.00,1,0.00,2.00,0.00,0.00,,7,1,77.78,77.78,78.57,78.57,69.23,69.23,72.73,72.73,50.00,50.00
Mauritania,MRT,20200424,3.00,1,1.00,1,2.00,1,4.00,1,0.00,,2.00,1,2.00,1,4.00,1.00,1,1.00,0.00,0.00,2.00,1,0.00,2.00,0.00,0.00,,7,1,77.78,77.78,78.57,78.57,69.23,69.23,72.73,72.73,50.00,50.00
Mauritania,MRT,20200425,3.00,1,1.00,1,2.00,1,4.00,1,0.00,,2.00,1,2.00,1,4.00,1.00,1,1.00,0.00,0.00,2.00,1,0.00,2.00,0.00,0.00,,7,1,77.78,77.78,78.57,78.57,69.23,69.23,72.73,72.73,50.00,50.00
Mauritania,MRT,20200426,3.00,1,1.00,1,2.00,1,4.00,1,0.00,,2.00,1,2.00,1,4.00,1.00,1,1.00,0.00,0.00,2.00,1,0.00,2.00,0.00,0.00,,7,1,77.78,77.78,78.57,78.57,69.23,69.23,72.73,72.73,50.00,50.00
Mauritania,MRT,20200427,3.00,1,1.00,1,2.00,1,4.00,1,0.00,,2.00,1,2.00,1,4.00,1.00,1,1.00,0.00,0.00,2.00,1,0.00,2.00,0.00,0.00,,7,1,77.78,77.78,78.57,78.57,69.23,69.23,72.73,72.73,50.00,50.00
Mauritania,MRT,20200428,3.00,1,1.00,1,2.00,1,4.00,1,0.00,,2.00,1,2.00,1,4.00,1.00,1,1.00,0.00,0.00,2.00,1,0.00,2.00,0.00,0.00,,7,1,77.78,77.78,78.57,78.57,69.23,69.23,72.73,72.73,50.00,50.00
Mauritania,MRT,20200429,3.00,1,1.00,1,2.00,1,4.00,1,0.00,,2.00,1,2.00,1,4.00,1.00,1,1.00,0.00,0.00,2.00,1,0.00,2.00,0.00,0.00,,7,1,77.78,77.78,78.57,78.57,69.23,69.23,72.73,72.73,50.00,50.00
Mauritania,MRT,20200430,3.00,1,1.00,1,2.00,1,4.00,1,0.00,,2.00,1,2.00,1,4.00,1.00,1,1.00,0.00,0.00,2.00,1,0.00,2.00,0.00,0.00,,7,1,77.78,77.78,78.57,78.57,69.23,69.23,72.73,72.73,50.00,50.00
Mauritania,MRT,20200501,3.00,1,1.00,1,2.00,1,4.00,1,0.00,,2.00,1,2.00,1,4.00,1.00,1,1.00,0.00,0.00,2.00,1,0.00,2.00,0.00,0.00,,8,1,77.78,77.78,78.57,78.57,69.23,69.23,72.73,72.73,50.00,50.00
Mauritania,MRT,20200502,3.00,1,1.00,1,2.00,1,4.00,1,0.00,,2.00,1,2.00,1,4.00,1.00,1,1.00,0.00,0.00,2.00,1,0.00,2.00,0.00,0.00,,8,1,77.78,77.78,78.57,78.57,69.23,69.23,72.73,72.73,50.00,50.00
Mauritania,MRT,20200503,3.00,1,1.00,1,2.00,1,4.00,1,0.00,,2.00,1,2.00,1,4.00,1.00,1,1.00,0.00,0.00,2.00,1,0.00,2.00,0.00,0.00,,8,1,77.78,77.78,78.57,78.57,69.23,69.23,72.73,72.73,50.00,50.00
Mauritania,MRT,20200504,3.00,1,1.00,1,2.00,1,4.00,1,0.00,,2.00,1,2.00,1,4.00,1.00,1,1.00,0.00,0.00,2.00,1,0.00,2.00,0.00,0.00,,8,1,77.78,77.78,78.57,78.57,69.23,69.23,72.73,72.73,50.00,50.00
Mauritania,MRT,20200505,3.00,1,1.00,1,2.00,1,4.00,1,0.00,,2.00,1,2.00,1,4.00,1.00,1,1.00,0.00,0.00,2.00,1,0.00,2.00,0.00,0.00,,8,1,77.78,77.78,78.57,78.57,69.23,69.23,72.73,72.73,50.00,50.00
Mauritania,MRT,20200506,3.00,1,1.00,1,2.00,1,4.00,1,0.00,,2.00,1,2.00,1,4.00,1.00,1,1.00,210000000.00,0.00,2.00,1,0.00,2.00,0.00,0.00,,8,1,77.78,77.78,78.57,78.57,69.23,69.23,72.73,72.73,50.00,50.00
Mauritania,MRT,20200507,3.00,1,1.00,1,2.00,1,4.00,1,0.00,,2.00,1,2.00,1,4.00,1.00,1,1.00,0.00,0.00,2.00,1,0.00,2.00,0.00,0.00,,8,1,77.78,77.78,78.57,78.57,69.23,69.23,72.73,72.73,50.00,50.00
Mauritania,MRT,20200508,3.00,1,1.00,1,2.00,1,4.00,1,0.00,,2.00,1,2.00,1,4.00,1.00,1,1.00,0.00,0.00,2.00,1,0.00,2.00,0.00,0.00,,8,1,77.78,77.78,78.57,78.57,69.23,69.23,72.73,72.73,50.00,50.00
Mauritania,MRT,20200509,3.00,1,1.00,1,2.00,1,4.00,1,0.00,,2.00,1,2.00,1,4.00,1.00,1,1.00,0.00,0.00,2.00,1,0.00,2.00,0.00,0.00,,8,1,77.78,77.78,78.57,78.57,69.23,69.23,72.73,72.73,50.00,50.00
Mauritania,MRT,20200510,3.00,1,1.00,1,2.00,1,4.00,1,0.00,,2.00,1,2.00,1,4.00,1.00,1,1.00,0.00,0.00,2.00,1,0.00,2.00,0.00,0.00,,8,1,77.78,77.78,78.57,78.57,69.23,69.23,72.73,72.73,50.00,50.00
Mauritania,MRT,20200511,3.00,1,1.00,1,2.00,1,4.00,1,0.00,,2.00,1,2.00,1,4.00,1.00,1,1.00,0.00,0.00,2.00,1,0.00,2.00,0.00,0.00,,8,1,77.78,77.78,78.57,78.57,69.23,69.23,72.73,72.73,50.00,50.00
Mauritania,MRT,20200512,3.00,1,1.00,1,2.00,1,4.00,1,0.00,,2.00,1,2.00,1,4.00,1.00,1,1.00,0.00,0.00,2.00,1,0.00,2.00,0.00,0.00,,8,1,77.78,77.78,78.57,78.57,69.23,69.23,72.73,72.73,50.00,50.00
Mauritania,MRT,20200513,3.00,1,1.00,1,2.00,1,4.00,1,0.00,,2.00,1,2.00,1,4.00,1.00,1,1.00,0.00,0.00,2.00,1,0.00,2.00,0.00,0.00,,8,1,77.78,77.78,78.57,78.57,69.23,69.23,72.73,72.73,50.00,50.00
Mauritania,MRT,20200514,3.00,1,1.00,1,2.00,1,4.00,1,0.00,,2.00,1,2.00,1,4.00,1.00,1,1.00,0.00,0.00,2.00,1,0.00,2.00,0.00,0.00,,9,2,77.78,77.78,78.57,78.57,69.23,69.23,72.73,72.73,50.00,50.00
Mauritania,MRT,20200515,3.00,1,1.00,1,2.00,1,4.00,1,0.00,,2.00,1,2.00,1,4.00,1.00,1,1.00,0.00,0.00,2.00,1,0.00,2.00,0.00,0.00,,16,2,77.78,77.78,78.57,78.57,69.23,69.23,72.73,72.73,50.00,50.00
Mauritania,MRT,20200516,3.00,1,1.00,1,2.00,1,4.00,1,0.00,,2.00,1,2.00,1,4.00,1.00,1,1.00,0.00,0.00,2.00,1,0.00,2.00,0.00,0.00,,29,3,77.78,77.78,78.57,78.57,69.23,69.23,72.73,72.73,50.00,50.00
Mauritania,MRT,20200517,3.00,1,1.00,1,2.00,1,4.00,1,0.00,,2.00,1,2.00,1,4.00,1.00,1,1.00,0.00,0.00,2.00,1,0.00,2.00,0.00,0.00,,29,3,77.78,77.78,78.57,78.57,69.23,69.23,72.73,72.73,50.00,50.00
Mauritania,MRT,20200518,3.00,1,1.00,1,2.00,1,4.00,1,0.00,,2.00,1,2.00,1,4.00,1.00,1,1.00,0.00,0.00,2.00,1,0.00,2.00,0.00,0.00,,62,4,77.78,77.78,78.57,78.57,69.23,69.23,72.73,72.73,50.00,50.00
Mauritania,MRT,20200519,3.00,1,1.00,1,2.00,1,4.00,1,0.00,,2.00,1,2.00,1,4.00,1.00,1,1.00,0.00,0.00,2.00,1,1.00,2.00,0.00,0.00,,81,4,77.78,77.78,78.57,78.57,71.79,71.79,75.76,75.76,50.00,50.00
Mauritania,MRT,20200520,3.00,1,1.00,1,2.00,1,4.00,1,0.00,,2.00,1,2.00,1,4.00,1.00,1,1.00,0.00,0.00,2.00,1,1.00,2.00,0.00,0.00,,81,4,77.78,77.78,78.57,78.57,71.79,71.79,75.76,75.76,50.00,50.00
Mauritania,MRT,20200521,3.00,1,1.00,1,2.00,1,4.00,1,0.00,,2.00,1,2.00,1,4.00,1.00,1,1.00,0.00,0.00,2.00,1,1.00,2.00,0.00,0.00,,131,4,77.78,77.78,78.57,78.57,71.79,71.79,75.76,75.76,50.00,50.00
Mauritania,MRT,20200522,3.00,1,1.00,1,2.00,1,4.00,1,0.00,,2.00,1,2.00,1,4.00,1.00,1,1.00,0.00,0.00,2.00,1,1.00,2.00,0.00,0.00,,173,5,77.78,77.78,78.57,78.57,71.79,71.79,75.76,75.76,50.00,50.00
Mauritania,MRT,20200523,3.00,1,1.00,1,2.00,1,4.00,1,0.00,,2.00,1,2.00,1,4.00,1.00,1,1.00,0.00,0.00,2.00,1,1.00,2.00,0.00,0.00,,173,5,77.78,77.78,78.57,78.57,71.79,71.79,75.76,75.76,50.00,50.00
Mauritania,MRT,20200524,3.00,1,1.00,1,2.00,1,4.00,1,0.00,,2.00,1,2.00,1,4.00,1.00,1,1.00,0.00,0.00,2.00,1,1.00,2.00,0.00,0.00,,227,6,77.78,77.78,78.57,78.57,71.79,71.79,75.76,75.76,50.00,50.00
Mauritania,MRT,20200525,3.00,1,1.00,1,2.00,1,4.00,1,0.00,,2.00,1,2.00,1,4.00,1.00,1,1.00,0.00,0.00,2.00,1,1.00,2.00,0.00,0.00,,237,6,77.78,77.78,78.57,78.57,71.79,71.79,75.76,75.76,50.00,50.00
Mauritania,MRT,20200526,3.00,1,1.00,1,2.00,1,4.00,1,0.00,,2.00,1,2.00,1,4.00,1.00,1,1.00,0.00,0.00,2.00,1,1.00,2.00,0.00,0.00,,237,6,77.78,77.78,78.57,78.57,71.79,71.79,75.76,75.76,50.00,50.00
Mauritania,MRT,20200527,3.00,1,1.00,1,2.00,1,4.00,1,0.00,,2.00,1,2.00,1,4.00,1.00,1,1.00,0.00,0.00,2.00,1,1.00,2.00,0.00,0.00,,262,9,77.78,77.78,78.57,78.57,71.79,71.79,75.76,75.76,50.00,50.00
Mauritania,MRT,20200528,3.00,1,1.00,1,2.00,1,4.00,1,0.00,,2.00,1,2.00,1,4.00,1.00,1,1.00,0.00,0.00,2.00,1,1.00,2.00,0.00,0.00,,292,16,77.78,77.78,78.57,78.57,71.79,71.79,75.76,75.76,50.00,50.00
Mauritania,MRT,20200529,3.00,1,1.00,1,2.00,1,4.00,1,0.00,,2.00,1,2.00,1,4.00,1.00,1,1.00,0.00,0.00,2.00,1,1.00,2.00,0.00,0.00,,292,16,77.78,77.78,78.57,78.57,71.79,71.79,75.76,75.76,50.00,50.00
Mauritania,MRT,20200530,3.00,1,1.00,1,2.00,1,4.00,1,0.00,,2.00,1,2.00,1,4.00,1.00,1,1.00,0.00,0.00,2.00,1,1.00,2.00,0.00,0.00,,423,20,77.78,77.78,78.57,78.57,71.79,71.79,75.76,75.76,50.00,50.00
Mauritania,MRT,20200531,3.00,1,1.00,1,2.00,1,4.00,1,0.00,,2.00,1,2.00,1,4.00,1.00,1,1.00,0.00,0.00,2.00,1,1.00,2.00,0.00,0.00,,483,21,77.78,77.78,78.57,78.57,71.79,71.79,75.76,75.76,50.00,50.00
Mauritania,MRT,20200601,3.00,1,1.00,1,2.00,1,4.00,1,0.00,,2.00,1,2.00,1,4.00,1.00,1,1.00,0.00,0.00,2.00,1,1.00,2.00,0.00,0.00,,530,23,77.78,77.78,78.57,78.57,71.79,71.79,75.76,75.76,50.00,50.00
Mauritania,MRT,20200602,3.00,1,1.00,1,2.00,1,4.00,1,0.00,,2.00,1,2.00,1,4.00,1.00,1,1.00,0.00,0.00,2.00,1,1.00,2.00,0.00,0.00,,530,23,77.78,77.78,78.57,78.57,71.79,71.79,75.76,75.76,50.00,50.00
Mauritania,MRT,20200603,3.00,1,1.00,1,2.00,1,4.00,1,0.00,,2.00,1,2.00,1,4.00,1.00,1,1.00,0.00,0.00,2.00,1,1.00,2.00,0.00,0.00,,668,31,77.78,77.78,78.57,78.57,71.79,71.79,75.76,75.76,50.00,50.00
Mauritania,MRT,20200604,3.00,1,1.00,1,2.00,1,4.00,1,0.00,,2.00,1,2.00,1,4.00,1.00,1,1.00,0.00,0.00,2.00,1,1.00,2.00,0.00,0.00,,668,31,77.78,77.78,78.57,78.57,71.79,71.79,75.76,75.76,50.00,50.00
Mauritania,MRT,20200605,3.00,1,1.00,1,2.00,1,4.00,1,0.00,,2.00,1,2.00,1,4.00,1.00,1,1.00,0.00,0.00,2.00,1,1.00,2.00,0.00,0.00,,784,39,77.78,77.78,78.57,78.57,71.79,71.79,75.76,75.76,50.00,50.00
Mauritania,MRT,20200606,3.00,1,1.00,1,2.00,1,4.00,1,0.00,,2.00,1,2.00,1,4.00,1.00,1,1.00,0.00,0.00,2.00,1,1.00,2.00,0.00,0.00,,883,43,77.78,77.78,78.57,78.57,71.79,71.79,75.76,75.76,50.00,50.00
Mauritania,MRT,20200607,3.00,1,1.00,1,2.00,1,4.00,1,0.00,,2.00,1,2.00,1,4.00,1.00,1,1.00,0.00,0.00,2.00,1,1.00,2.00,0.00,0.00,,947,43,77.78,77.78,78.57,78.57,71.79,71.79,75.76,75.76,50.00,50.00
Mauritania,MRT,20200608,3.00,1,1.00,1,2.00,1,4.00,1,0.00,,2.00,1,2.00,1,4.00,1.00,1,1.00,0.00,0.00,2.00,1,1.00,2.00,0.00,0.00,,947,43,77.78,77.78,78.57,78.57,71.79,71.79,75.76,75.76,50.00,50.00
Mauritania,MRT,20200609,3.00,1,1.00,1,2.00,1,4.00,1,0.00,,2.00,1,2.00,1,4.00,1.00,1,1.00,0.00,0.00,2.00,1,1.00,2.00,0.00,0.00,,947,43,77.78,77.78,78.57,78.57,71.79,71.79,75.76,75.76,50.00,50.00
Mauritania,MRT,20200610,3.00,1,1.00,1,2.00,1,4.00,1,0.00,,2.00,1,2.00,1,4.00,1.00,1,1.00,0.00,0.00,2.00,1,1.00,2.00,0.00,0.00,,1162,61,77.78,77.78,78.57,78.57,71.79,71.79,75.76,75.76,50.00,50.00
Mauritania,MRT,20200611,3.00,1,1.00,1,2.00,1,4.00,1,0.00,,2.00,1,2.00,1,4.00,1.00,1,1.00,0.00,0.00,2.00,1,1.00,2.00,0.00,0.00,,1162,61,77.78,77.78,78.57,78.57,71.79,71.79,75.76,75.76,50.00,50.00
Mauritania,MRT,20200612,3.00,1,1.00,1,2.00,1,4.00,1,0.00,,2.00,1,2.00,1,4.00,1.00,1,1.00,0.00,0.00,2.00,1,1.00,2.00,0.00,0.00,,1162,61,77.78,77.78,78.57,78.57,71.79,71.79,75.76,75.76,50.00,50.00
Mauritania,MRT,20200613,3.00,1,1.00,1,2.00,1,4.00,1,0.00,,2.00,1,2.00,1,4.00,1.00,1,1.00,0.00,0.00,2.00,1,1.00,2.00,0.00,0.00,,1439,74,77.78,77.78,78.57,78.57,71.79,71.79,75.76,75.76,50.00,50.00
Mauritania,MRT,20200614,3.00,1,1.00,1,2.00,1,4.00,1,0.00,,2.00,1,2.00,1,4.00,1.00,1,1.00,0.00,0.00,2.00,1,1.00,2.00,0.00,0.00,,1439,74,77.78,77.78,78.57,78.57,71.79,71.79,75.76,75.76,50.00,50.00
Mauritania,MRT,20200615,3.00,1,1.00,1,2.00,1,4.00,1,0.00,,2.00,1,2.00,1,4.00,1.00,1,1.00,0.00,0.00,2.00,1,1.00,2.00,0.00,0.00,,1783,87,77.78,77.78,78.57,78.57,71.79,71.79,75.76,75.76,50.00,50.00
Mauritania,MRT,20200616,3.00,1,1.00,1,2.00,1,4.00,1,0.00,,2.00,1,2.00,1,4.00,1.00,1,1.00,0.00,0.00,2.00,1,1.00,2.00,0.00,0.00,,1887,91,77.78,77.78,78.57,78.57,71.79,71.79,75.76,75.76,50.00,50.00
Mauritania,MRT,20200617,3.00,1,1.00,1,2.00,1,4.00,1,0.00,,2.00,1,2.00,1,4.00,1.00,1,1.00,0.00,0.00,2.00,1,1.00,2.00,0.00,0.00,,2057,93,77.78,77.78,78.57,78.57,71.79,71.79,75.76,75.76,50.00,50.00
Mauritania,MRT,20200618,3.00,1,1.00,1,2.00,1,4.00,1,0.00,,2.00,1,2.00,1,4.00,1.00,1,1.00,0.00,0.00,2.00,1,1.00,2.00,0.00,0.00,,2057,93,77.78,77.78,78.57,78.57,71.79,71.79,75.76,75.76,50.00,50.00
Mauritania,MRT,20200619,3.00,1,1.00,1,2.00,1,4.00,1,0.00,,2.00,1,2.00,1,4.00,1.00,1,1.00,0.00,0.00,2.00,1,1.00,2.00,0.00,0.00,,2223,95,77.78,77.78,78.57,78.57,71.79,71.79,75.76,75.76,50.00,50.00
Mauritania,MRT,20200620,3.00,1,1.00,1,2.00,1,4.00,1,0.00,,2.00,1,2.00,1,4.00,1.00,1,1.00,0.00,0.00,2.00,1,1.00,2.00,0.00,0.00,,2223,95,77.78,77.78,78.57,78.57,71.79,71.79,75.76,75.76,50.00,50.00
Mauritania,MRT,20200621,3.00,1,1.00,1,2.00,1,4.00,1,0.00,,2.00,1,2.00,1,4.00,1.00,1,1.00,0.00,0.00,2.00,1,1.00,2.00,0.00,0.00,,2813,108,77.78,77.78,78.57,78.57,71.79,71.79,75.76,75.76,50.00,50.00
Mauritania,MRT,20200622,3.00,1,1.00,1,2.00,1,4.00,1,0.00,,2.00,1,2.00,1,4.00,1.00,1,1.00,0.00,0.00,2.00,1,1.00,2.00,0.00,0.00,,2813,108,77.78,77.78,78.57,78.57,71.79,71.79,75.76,75.76,50.00,50.00
Mauritania,MRT,20200623,,,,,,,,,,,,,,,,,,,,,,,,,,,,2984,111,,77.78,,78.57,,71.79,,75.76,,50.00
