Mexico,MEX,20200101,0.00,,0.00,,0.00,,0.00,,0.00,,0.00,,0.00,,0.00,0.00,,0.00,0.00,0.00,0.00,,0.00,0.00,0.00,0.00,,0,0,0.00,0.00,0.00,0.00,0.00,0.00,0.00,0.00,0.00,0.00
Mexico,MEX,20200102,0.00,,0.00,,0.00,,0.00,,0.00,,0.00,,0.00,,0.00,0.00,,0.00,0.00,0.00,0.00,,0.00,0.00,0.00,0.00,,0,0,0.00,0.00,0.00,0.00,0.00,0.00,0.00,0.00,0.00,0.00
Mexico,MEX,20200103,0.00,,0.00,,0.00,,0.00,,0.00,,0.00,,0.00,,0.00,0.00,,0.00,0.00,0.00,0.00,,0.00,0.00,0.00,0.00,,0,0,0.00,0.00,0.00,0.00,0.00,0.00,0.00,0.00,0.00,0.00
Mexico,MEX,20200104,0.00,,0.00,,0.00,,0.00,,0.00,,0.00,,0.00,,0.00,0.00,,0.00,0.00,0.00,0.00,,0.00,0.00,0.00,0.00,,0,0,0.00,0.00,0.00,0.00,0.00,0.00,0.00,0.00,0.00,0.00
Mexico,MEX,20200105,0.00,,0.00,,0.00,,0.00,,0.00,,0.00,,0.00,,0.00,0.00,,0.00,0.00,0.00,0.00,,0.00,0.00,0.00,0.00,,0,0,0.00,0.00,0.00,0.00,0.00,0.00,0.00,0.00,0.00,0.00
Mexico,MEX,20200106,0.00,,0.00,,0.00,,0.00,,0.00,,0.00,,0.00,,0.00,0.00,,0.00,0.00,0.00,0.00,,0.00,0.00,0.00,0.00,,0,0,0.00,0.00,0.00,0.00,0.00,0.00,0.00,0.00,0.00,0.00
Mexico,MEX,20200107,0.00,,0.00,,0.00,,0.00,,0.00,,0.00,,0.00,,0.00,0.00,,0.00,0.00,0.00,0.00,,0.00,0.00,0.00,0.00,,0,0,0.00,0.00,0.00,0.00,0.00,0.00,0.00,0.00,0.00,0.00
Mexico,MEX,20200108,0.00,,0.00,,0.00,,0.00,,0.00,,0.00,,0.00,,0.00,0.00,,0.00,0.00,0.00,0.00,,0.00,0.00,0.00,0.00,,0,0,0.00,0.00,0.00,0.00,0.00,0.00,0.00,0.00,0.00,0.00
Mexico,MEX,20200109,0.00,,0.00,,0.00,,0.00,,0.00,,0.00,,0.00,,0.00,0.00,,0.00,0.00,0.00,0.00,,0.00,0.00,0.00,0.00,,0,0,0.00,0.00,0.00,0.00,0.00,0.00,0.00,0.00,0.00,0.00
Mexico,MEX,20200110,0.00,,0.00,,0.00,,0.00,,0.00,,0.00,,0.00,,0.00,0.00,,0.00,0.00,0.00,0.00,,0.00,0.00,0.00,0.00,,0,0,0.00,0.00,0.00,0.00,0.00,0.00,0.00,0.00,0.00,0.00
Mexico,MEX,20200111,0.00,,0.00,,0.00,,0.00,,0.00,,0.00,,0.00,,0.00,0.00,,0.00,0.00,0.00,0.00,,0.00,0.00,0.00,0.00,,0,0,0.00,0.00,0.00,0.00,0.00,0.00,0.00,0.00,0.00,0.00
Mexico,MEX,20200112,0.00,,0.00,,0.00,,0.00,,0.00,,0.00,,0.00,,0.00,0.00,,0.00,0.00,0.00,0.00,,0.00,0.00,0.00,0.00,,0,0,0.00,0.00,0.00,0.00,0.00,0.00,0.00,0.00,0.00,0.00
Mexico,MEX,20200113,0.00,,0.00,,0.00,,0.00,,0.00,,0.00,,0.00,,0.00,0.00,,0.00,0.00,0.00,0.00,,0.00,0.00,0.00,0.00,,0,0,0.00,0.00,0.00,0.00,0.00,0.00,0.00,0.00,0.00,0.00
Mexico,MEX,20200114,0.00,,0.00,,0.00,,0.00,,0.00,,0.00,,0.00,,0.00,0.00,,0.00,0.00,0.00,0.00,,0.00,0.00,0.00,0.00,,0,0,0.00,0.00,0.00,0.00,0.00,0.00,0.00,0.00,0.00,0.00
Mexico,MEX,20200115,0.00,,0.00,,0.00,,0.00,,0.00,,0.00,,0.00,,0.00,0.00,,0.00,0.00,0.00,0.00,,0.00,0.00,0.00,0.00,,0,0,0.00,0.00,0.00,0.00,0.00,0.00,0.00,0.00,0.00,0.00
Mexico,MEX,20200116,0.00,,0.00,,0.00,,0.00,,0.00,,0.00,,0.00,,0.00,0.00,,0.00,0.00,0.00,0.00,,0.00,0.00,0.00,0.00,,0,0,0.00,0.00,0.00,0.00,0.00,0.00,0.00,0.00,0.00,0.00
Mexico,MEX,20200117,0.00,,0.00,,0.00,,0.00,,0.00,,0.00,,0.00,,0.00,0.00,,0.00,0.00,0.00,0.00,,0.00,0.00,0.00,0.00,,0,0,0.00,0.00,0.00,0.00,0.00,0.00,0.00,0.00,0.00,0.00
Mexico,MEX,20200118,0.00,,0.00,,0.00,,0.00,,0.00,,0.00,,0.00,,0.00,0.00,,0.00,0.00,0.00,0.00,,0.00,0.00,0.00,0.00,,0,0,0.00,0.00,0.00,0.00,0.00,0.00,0.00,0.00,0.00,0.00
Mexico,MEX,20200119,0.00,,0.00,,0.00,,0.00,,0.00,,0.00,,0.00,,0.00,0.00,,0.00,0.00,0.00,0.00,,0.00,0.00,0.00,0.00,,0,0,0.00,0.00,0.00,0.00,0.00,0.00,0.00,0.00,0.00,0.00
Mexico,MEX,20200120,0.00,,0.00,,0.00,,0.00,,0.00,,0.00,,0.00,,0.00,0.00,,0.00,0.00,0.00,0.00,,0.00,0.00,0.00,0.00,,0,0,0.00,0.00,0.00,0.00,0.00,0.00,0.00,0.00,0.00,0.00
Mexico,MEX,20200121,0.00,,0.00,,0.00,,0.00,,0.00,,0.00,,0.00,,0.00,0.00,,0.00,0.00,0.00,0.00,,0.00,0.00,0.00,0.00,,0,0,0.00,0.00,0.00,0.00,0.00,0.00,0.00,0.00,0.00,0.00
Mexico,MEX,20200122,0.00,,0.00,,0.00,,0.00,,0.00,,0.00,,0.00,,0.00,0.00,,0.00,0.00,0.00,0.00,,0.00,0.00,0.00,0.00,,0,0,0.00,0.00,0.00,0.00,0.00,0.00,0.00,0.00,0.00,0.00
Mexico,MEX,20200123,0.00,,0.00,,0.00,,0.00,,0.00,,0.00,,0.00,,0.00,0.00,,0.00,0.00,0.00,0.00,,0.00,0.00,0.00,0.00,,0,0,0.00,0.00,0.00,0.00,0.00,0.00,0.00,0.00,0.00,0.00
Mexico,MEX,20200124,0.00,,0.00,,0.00,,0.00,,0.00,,0.00,,0.00,,0.00,0.00,,0.00,0.00,0.00,0.00,,0.00,0.00,0.00,0.00,,0,0,0.00,0.00,0.00,0.00,0.00,0.00,0.00,0.00,0.00,0.00
Mexico,MEX,20200125,0.00,,0.00,,0.00,,0.00,,0.00,,0.00,,0.00,,0.00,0.00,,0.00,0.00,0.00,0.00,,0.00,0.00,0.00,0.00,,0,0,0.00,0.00,0.00,0.00,0.00,0.00,0.00,0.00,0.00,0.00
Mexico,MEX,20200126,0.00,,0.00,,0.00,,0.00,,0.00,,0.00,,0.00,,0.00,0.00,,0.00,0.00,0.00,0.00,,0.00,0.00,0.00,0.00,,0,0,0.00,0.00,0.00,0.00,0.00,0.00,0.00,0.00,0.00,0.00
Mexico,MEX,20200127,0.00,,0.00,,0.00,,0.00,,0.00,,0.00,,0.00,,0.00,0.00,,0.00,0.00,0.00,0.00,,0.00,0.00,0.00,0.00,,0,0,0.00,0.00,0.00,0.00,0.00,0.00,0.00,0.00,0.00,0.00
Mexico,MEX,20200128,0.00,,0.00,,0.00,,0.00,,0.00,,0.00,,0.00,,0.00,0.00,,0.00,0.00,0.00,0.00,,0.00,0.00,0.00,0.00,,0,0,0.00,0.00,0.00,0.00,0.00,0.00,0.00,0.00,0.00,0.00
Mexico,MEX,20200129,0.00,,0.00,,0.00,,0.00,,0.00,,0.00,,0.00,,0.00,0.00,,0.00,0.00,0.00,0.00,,0.00,0.00,0.00,0.00,,0,0,0.00,0.00,0.00,0.00,0.00,0.00,0.00,0.00,0.00,0.00
Mexico,MEX,20200130,0.00,,0.00,,0.00,,0.00,,0.00,,0.00,,0.00,,0.00,0.00,,0.00,0.00,0.00,0.00,,0.00,0.00,0.00,0.00,,0,0,0.00,0.00,0.00,0.00,0.00,0.00,0.00,0.00,0.00,0.00
Mexico,MEX,20200131,0.00,,0.00,,0.00,,0.00,,0.00,,0.00,,0.00,,0.00,0.00,,0.00,0.00,0.00,0.00,,0.00,0.00,0.00,0.00,,0,0,0.00,0.00,0.00,0.00,0.00,0.00,0.00,0.00,0.00,0.00
Mexico,MEX,20200201,0.00,,0.00,,0.00,,0.00,,0.00,,0.00,,0.00,,0.00,0.00,,0.00,0.00,0.00,0.00,,0.00,0.00,0.00,0.00,,0,0,0.00,0.00,0.00,0.00,0.00,0.00,0.00,0.00,0.00,0.00
Mexico,MEX,20200202,0.00,,0.00,,0.00,,0.00,,0.00,,0.00,,0.00,,0.00,0.00,,0.00,0.00,0.00,0.00,,0.00,0.00,0.00,0.00,,0,0,0.00,0.00,0.00,0.00,0.00,0.00,0.00,0.00,0.00,0.00
Mexico,MEX,20200203,0.00,,0.00,,0.00,,0.00,,0.00,,0.00,,0.00,,0.00,0.00,,0.00,0.00,0.00,0.00,,0.00,0.00,0.00,0.00,,0,0,0.00,0.00,0.00,0.00,0.00,0.00,0.00,0.00,0.00,0.00
Mexico,MEX,20200204,0.00,,0.00,,0.00,,0.00,,0.00,,0.00,,0.00,,0.00,0.00,,0.00,0.00,0.00,0.00,,0.00,0.00,0.00,0.00,,0,0,0.00,0.00,0.00,0.00,0.00,0.00,0.00,0.00,0.00,0.00
Mexico,MEX,20200205,0.00,,0.00,,0.00,,0.00,,0.00,,0.00,,0.00,,0.00,0.00,,0.00,0.00,0.00,0.00,,0.00,0.00,0.00,0.00,,0,0,0.00,0.00,0.00,0.00,0.00,0.00,0.00,0.00,0.00,0.00
Mexico,MEX,20200206,0.00,,0.00,,0.00,,0.00,,0.00,,0.00,,0.00,,0.00,0.00,,0.00,0.00,0.00,0.00,,0.00,0.00,0.00,0.00,,0,0,0.00,0.00,0.00,0.00,0.00,0.00,0.00,0.00,0.00,0.00
Mexico,MEX,20200207,0.00,,0.00,,0.00,,0.00,,0.00,,0.00,,0.00,,0.00,0.00,,0.00,0.00,0.00,0.00,,0.00,0.00,0.00,0.00,,0,0,0.00,0.00,0.00,0.00,0.00,0.00,0.00,0.00,0.00,0.00
Mexico,MEX,20200208,0.00,,0.00,,0.00,,0.00,,0.00,,0.00,,0.00,,0.00,0.00,,0.00,0.00,0.00,0.00,,0.00,0.00,0.00,0.00,,0,0,0.00,0.00,0.00,0.00,0.00,0.00,0.00,0.00,0.00,0.00
Mexico,MEX,20200209,0.00,,0.00,,0.00,,0.00,,0.00,,0.00,,0.00,,0.00,0.00,,0.00,0.00,0.00,0.00,,0.00,0.00,0.00,0.00,,0,0,0.00,0.00,0.00,0.00,0.00,0.00,0.00,0.00,0.00,0.00
Mexico,MEX,20200210,0.00,,0.00,,0.00,,0.00,,0.00,,0.00,,0.00,,0.00,0.00,,0.00,0.00,0.00,0.00,,0.00,0.00,0.00,0.00,,0,0,0.00,0.00,0.00,0.00,0.00,0.00,0.00,0.00,0.00,0.00
Mexico,MEX,20200211,0.00,,0.00,,0.00,,0.00,,0.00,,0.00,,0.00,,0.00,0.00,,0.00,0.00,0.00,0.00,,0.00,0.00,0.00,0.00,,0,0,0.00,0.00,0.00,0.00,0.00,0.00,0.00,0.00,0.00,0.00
Mexico,MEX,20200212,0.00,,0.00,,0.00,,0.00,,0.00,,0.00,,0.00,,0.00,0.00,,0.00,0.00,0.00,0.00,,0.00,0.00,0.00,0.00,,0,0,0.00,0.00,0.00,0.00,0.00,0.00,0.00,0.00,0.00,0.00
Mexico,MEX,20200213,0.00,,0.00,,0.00,,0.00,,0.00,,0.00,,0.00,,0.00,0.00,,0.00,0.00,0.00,0.00,,0.00,0.00,0.00,0.00,,0,0,0.00,0.00,0.00,0.00,0.00,0.00,0.00,0.00,0.00,0.00
Mexico,MEX,20200214,0.00,,0.00,,0.00,,0.00,,0.00,,0.00,,0.00,,0.00,0.00,,0.00,0.00,0.00,0.00,,0.00,0.00,0.00,0.00,,0,0,0.00,0.00,0.00,0.00,0.00,0.00,0.00,0.00,0.00,0.00
Mexico,MEX,20200215,0.00,,0.00,,0.00,,0.00,,0.00,,0.00,,0.00,,0.00,0.00,,0.00,0.00,0.00,0.00,,0.00,0.00,0.00,0.00,,0,0,0.00,0.00,0.00,0.00,0.00,0.00,0.00,0.00,0.00,0.00
Mexico,MEX,20200216,0.00,,0.00,,0.00,,0.00,,0.00,,0.00,,0.00,,0.00,0.00,,0.00,0.00,0.00,0.00,,0.00,0.00,0.00,0.00,,0,0,0.00,0.00,0.00,0.00,0.00,0.00,0.00,0.00,0.00,0.00
Mexico,MEX,20200217,0.00,,0.00,,0.00,,0.00,,0.00,,0.00,,0.00,,0.00,0.00,,0.00,0.00,0.00,0.00,,0.00,0.00,0.00,0.00,,0,0,0.00,0.00,0.00,0.00,0.00,0.00,0.00,0.00,0.00,0.00
Mexico,MEX,20200218,0.00,,0.00,,0.00,,0.00,,0.00,,0.00,,0.00,,0.00,0.00,,0.00,0.00,0.00,0.00,,0.00,0.00,0.00,0.00,,0,0,0.00,0.00,0.00,0.00,0.00,0.00,0.00,0.00,0.00,0.00
Mexico,MEX,20200219,0.00,,0.00,,0.00,,0.00,,0.00,,0.00,,0.00,,0.00,0.00,,0.00,0.00,0.00,0.00,,0.00,0.00,0.00,0.00,,0,0,0.00,0.00,0.00,0.00,0.00,0.00,0.00,0.00,0.00,0.00
Mexico,MEX,20200220,0.00,,0.00,,0.00,,0.00,,0.00,,0.00,,0.00,,0.00,0.00,,0.00,0.00,0.00,0.00,,0.00,0.00,0.00,0.00,,0,0,0.00,0.00,0.00,0.00,0.00,0.00,0.00,0.00,0.00,0.00
Mexico,MEX,20200221,0.00,,0.00,,0.00,,0.00,,0.00,,0.00,,0.00,,0.00,0.00,,0.00,0.00,0.00,0.00,,0.00,0.00,0.00,0.00,,0,0,0.00,0.00,0.00,0.00,0.00,0.00,0.00,0.00,0.00,0.00
Mexico,MEX,20200222,0.00,,0.00,,0.00,,0.00,,0.00,,0.00,,0.00,,0.00,0.00,,0.00,0.00,0.00,0.00,,0.00,0.00,0.00,0.00,,0,0,0.00,0.00,0.00,0.00,0.00,0.00,0.00,0.00,0.00,0.00
Mexico,MEX,20200223,0.00,,0.00,,0.00,,0.00,,0.00,,0.00,,0.00,,0.00,0.00,,0.00,0.00,0.00,0.00,,0.00,0.00,0.00,0.00,,0,0,0.00,0.00,0.00,0.00,0.00,0.00,0.00,0.00,0.00,0.00
Mexico,MEX,20200224,0.00,,0.00,,0.00,,0.00,,0.00,,0.00,,0.00,,0.00,0.00,,0.00,0.00,0.00,0.00,,0.00,0.00,0.00,0.00,,0,0,0.00,0.00,0.00,0.00,0.00,0.00,0.00,0.00,0.00,0.00
Mexico,MEX,20200225,0.00,,0.00,,0.00,,0.00,,0.00,,0.00,,0.00,,0.00,0.00,,0.00,0.00,0.00,0.00,,0.00,0.00,0.00,0.00,,0,0,0.00,0.00,0.00,0.00,0.00,0.00,0.00,0.00,0.00,0.00
Mexico,MEX,20200226,0.00,,0.00,,0.00,,0.00,,0.00,,0.00,,0.00,,0.00,0.00,,0.00,0.00,0.00,0.00,,0.00,0.00,0.00,0.00,,0,0,0.00,0.00,0.00,0.00,0.00,0.00,0.00,0.00,0.00,0.00
Mexico,MEX,20200227,0.00,,0.00,,0.00,,0.00,,0.00,,0.00,,0.00,,0.00,0.00,,0.00,0.00,0.00,0.00,,0.00,0.00,0.00,0.00,,0,0,0.00,0.00,0.00,0.00,0.00,0.00,0.00,0.00,0.00,0.00
Mexico,MEX,20200228,0.00,,0.00,,0.00,,0.00,,0.00,,0.00,,0.00,,1.00,0.00,,0.00,0.00,0.00,0.00,,0.00,1.00,0.00,0.00,,0,0,2.78,2.78,3.57,3.57,5.77,5.77,6.82,6.82,0.00,0.00
Mexico,MEX,20200229,0.00,,0.00,,0.00,,0.00,,0.00,,0.00,,0.00,,1.00,0.00,,0.00,0.00,0.00,0.00,,0.00,1.00,0.00,0.00,,2,0,2.78,2.78,3.57,3.57,5.77,5.77,6.82,6.82,0.00,0.00
Mexico,MEX,20200301,0.00,,0.00,,0.00,,0.00,,0.00,,0.00,,0.00,,1.00,0.00,,0.00,0.00,0.00,0.00,,0.00,1.00,0.00,0.00,,4,0,2.78,2.78,3.57,3.57,5.77,5.77,6.82,6.82,0.00,0.00
Mexico,MEX,20200302,0.00,,0.00,,0.00,,0.00,,0.00,,0.00,,0.00,,1.00,0.00,,0.00,0.00,0.00,0.00,,0.00,1.00,0.00,0.00,,5,0,2.78,2.78,3.57,3.57,5.77,5.77,6.82,6.82,0.00,0.00
Mexico,MEX,20200303,0.00,,0.00,,0.00,,0.00,,0.00,,0.00,,0.00,,1.00,0.00,,0.00,0.00,0.00,0.00,,0.00,1.00,0.00,0.00,,,,2.78,2.78,3.57,3.57,5.77,5.77,6.82,6.82,0.00,0.00
Mexico,MEX,20200304,0.00,,0.00,,0.00,,0.00,,0.00,,0.00,,0.00,,1.00,0.00,,0.00,0.00,0.00,0.00,,0.00,1.00,0.00,0.00,,,,2.78,2.78,3.57,3.57,5.77,5.77,6.82,6.82,0.00,0.00
Mexico,MEX,20200305,0.00,,0.00,,0.00,,0.00,,0.00,,0.00,,0.00,,1.00,0.00,,0.00,0.00,0.00,0.00,,0.00,1.00,0.00,0.00,,,,2.78,2.78,3.57,3.57,5.77,5.77,6.82,6.82,0.00,0.00
Mexico,MEX,20200306,0.00,,0.00,,0.00,,0.00,,0.00,,0.00,,0.00,,1.00,0.00,,0.00,0.00,0.00,0.00,,0.00,1.00,0.00,0.00,,,,2.78,2.78,3.57,3.57,5.77,5.77,6.82,6.82,0.00,0.00
Mexico,MEX,20200307,0.00,,0.00,,0.00,,0.00,,0.00,,0.00,,0.00,,1.00,0.00,,0.00,0.00,0.00,0.00,,0.00,1.00,0.00,0.00,,,,2.78,2.78,3.57,3.57,5.77,5.77,6.82,6.82,0.00,0.00
Mexico,MEX,20200308,0.00,,0.00,,0.00,,0.00,,0.00,,0.00,,0.00,,1.00,0.00,,0.00,0.00,0.00,0.00,,0.00,1.00,0.00,0.00,,,,2.78,2.78,3.57,3.57,5.77,5.77,6.82,6.82,0.00,0.00
Mexico,MEX,20200309,0.00,,0.00,,0.00,,0.00,,0.00,,0.00,,0.00,,1.00,0.00,,0.00,0.00,0.00,0.00,,0.00,1.00,0.00,0.00,,7,0,2.78,2.78,3.57,3.57,5.77,5.77,6.82,6.82,0.00,0.00
Mexico,MEX,20200310,0.00,,0.00,,0.00,,0.00,,0.00,,0.00,,0.00,,1.00,0.00,,0.00,0.00,0.00,0.00,,0.00,1.00,0.00,0.00,,,,2.78,2.78,3.57,3.57,5.77,5.77,6.82,6.82,0.00,0.00
Mexico,MEX,20200311,0.00,,0.00,,0.00,,0.00,,0.00,,0.00,,0.00,,1.00,0.00,,0.00,0.00,0.00,0.00,,0.00,1.00,0.00,0.00,,,,2.78,2.78,3.57,3.57,5.77,5.77,6.82,6.82,0.00,0.00
Mexico,MEX,20200312,0.00,,0.00,,0.00,,0.00,,0.00,,0.00,,0.00,,1.00,0.00,,0.00,0.00,0.00,0.00,,0.00,1.00,0.00,0.00,,11,0,2.78,2.78,3.57,3.57,5.77,5.77,6.82,6.82,0.00,0.00
Mexico,MEX,20200313,0.00,,0.00,,0.00,,0.00,,0.00,,0.00,,0.00,,1.00,0.00,,0.00,0.00,0.00,0.00,,0.00,1.00,0.00,0.00,,16,0,2.78,2.78,3.57,3.57,5.77,5.77,6.82,6.82,0.00,0.00
Mexico,MEX,20200314,0.00,,0.00,,0.00,,0.00,,0.00,,0.00,,0.00,,1.00,0.00,,0.00,0.00,0.00,0.00,,0.00,1.00,0.00,0.00,,26,0,2.78,2.78,3.57,3.57,5.77,5.77,6.82,6.82,0.00,0.00
Mexico,MEX,20200315,0.00,,0.00,,0.00,,0.00,,0.00,,0.00,,0.00,,1.00,0.00,,0.00,0.00,0.00,0.00,,0.00,1.00,0.00,0.00,,41,0,2.78,2.78,3.57,3.57,5.77,5.77,6.82,6.82,0.00,0.00
Mexico,MEX,20200316,0.00,,0.00,,0.00,,0.00,,0.00,,0.00,,0.00,,1.00,0.00,,0.00,0.00,0.00,0.00,,0.00,1.00,0.00,0.00,,53,0,2.78,2.78,3.57,3.57,5.77,5.77,6.82,6.82,0.00,0.00
Mexico,MEX,20200317,0.00,,0.00,,0.00,,0.00,,0.00,,0.00,,0.00,,1.00,0.00,,0.00,0.00,0.00,0.00,,0.00,1.00,0.00,0.00,,82,0,2.78,2.78,3.57,3.57,5.77,5.77,6.82,6.82,0.00,0.00
Mexico,MEX,20200318,0.00,,0.00,,0.00,,0.00,,0.00,,0.00,,0.00,,1.00,0.00,,0.00,0.00,0.00,0.00,,0.00,1.00,7340000000.00,0.00,,93,0,2.78,2.78,3.57,3.57,5.77,5.77,6.82,6.82,0.00,0.00
Mexico,MEX,20200319,0.00,,0.00,,0.00,,0.00,,0.00,,0.00,,0.00,,1.00,0.00,,0.00,0.00,0.00,0.00,,0.00,1.00,0.00,0.00,,118,0,2.78,2.78,3.57,3.57,5.77,5.77,6.82,6.82,0.00,0.00
Mexico,MEX,20200320,0.00,,0.00,,0.00,,0.00,,0.00,,0.00,,0.00,,1.00,0.00,,0.00,0.00,0.00,0.00,,0.00,1.00,0.00,0.00,,164,0,2.78,2.78,3.57,3.57,5.77,5.77,6.82,6.82,0.00,0.00
Mexico,MEX,20200321,0.00,,0.00,,0.00,,0.00,,0.00,,0.00,,0.00,,3.00,0.00,,0.00,0.00,0.00,0.00,,0.00,1.00,0.00,0.00,,203,2,8.33,8.33,10.71,10.71,9.62,9.62,11.36,11.36,0.00,0.00
Mexico,MEX,20200322,0.00,,0.00,,0.00,,0.00,,0.00,,0.00,,0.00,,3.00,0.00,,0.00,0.00,0.00,0.00,,0.00,1.00,0.00,0.00,,251,2,8.33,8.33,10.71,10.71,9.62,9.62,11.36,11.36,0.00,0.00
Mexico,MEX,20200323,3.00,1,0.00,,0.00,,0.00,,0.00,,0.00,,0.00,,3.00,0.00,,0.00,0.00,0.00,0.00,,0.00,1.00,0.00,0.00,,316,2,19.44,19.44,25.00,25.00,17.31,17.31,20.45,20.45,0.00,0.00
Mexico,MEX,20200324,3.00,1,0.00,,2.00,1,2.00,1,0.00,,0.00,,1.00,1,3.00,0.00,,0.00,0.00,0.00,2.00,1,0.00,1.00,0.00,0.00,,367,4,52.78,52.78,63.10,63.10,40.38,40.38,47.73,47.73,0.00,0.00
Mexico,MEX,20200325,3.00,1,0.00,,2.00,1,2.00,1,0.00,,0.00,,1.00,1,3.00,0.00,,0.00,0.00,0.00,2.00,1,0.00,1.00,0.00,0.00,,405,5,52.78,52.78,63.10,63.10,40.38,40.38,47.73,47.73,0.00,0.00
Mexico,MEX,20200326,3.00,1,3.00,1,2.00,1,2.00,1,0.00,,0.00,,1.00,1,3.00,0.00,,0.00,0.00,0.00,2.00,1,0.00,1.00,0.00,0.00,,475,5,63.89,63.89,77.38,77.38,48.08,48.08,56.82,56.82,0.00,0.00
Mexico,MEX,20200327,3.00,1,3.00,1,2.00,1,2.00,1,0.00,,0.00,,1.00,1,3.00,0.00,,0.00,0.00,0.00,2.00,1,0.00,1.00,0.00,0.00,,585,8,63.89,63.89,77.38,77.38,48.08,48.08,56.82,56.82,0.00,0.00
Mexico,MEX,20200328,3.00,1,3.00,1,2.00,1,2.00,1,0.00,,0.00,,1.00,1,3.00,0.00,,0.00,0.00,0.00,2.00,1,0.00,1.00,0.00,0.00,,717,12,63.89,63.89,77.38,77.38,48.08,48.08,56.82,56.82,0.00,0.00
Mexico,MEX,20200329,3.00,1,3.00,1,2.00,1,2.00,1,0.00,,0.00,,1.00,1,3.00,0.00,,0.00,0.00,0.00,2.00,1,0.00,1.00,0.00,0.00,,848,16,63.89,63.89,77.38,77.38,48.08,48.08,56.82,56.82,0.00,0.00
Mexico,MEX,20200330,3.00,1,3.00,1,2.00,1,3.00,1,1.00,0,2.00,1,2.00,1,3.00,0.00,,0.00,0.00,0.00,2.00,1,0.00,1.00,0.00,0.00,,993,20,82.41,82.41,86.90,86.90,60.90,60.90,71.97,71.97,0.00,0.00
Mexico,MEX,20200331,3.00,1,3.00,1,2.00,1,3.00,1,1.00,0,2.00,1,2.00,1,3.00,0.00,,0.00,0.00,0.00,2.00,1,0.00,1.00,0.00,0.00,,1094,28,82.41,82.41,86.90,86.90,60.90,60.90,71.97,71.97,0.00,0.00
Mexico,MEX,20200401,3.00,1,3.00,1,2.00,1,3.00,1,1.00,0,2.00,1,2.00,1,3.00,0.00,,0.00,0.00,0.00,2.00,1,0.00,1.00,0.00,0.00,,1215,29,82.41,82.41,86.90,86.90,60.90,60.90,71.97,71.97,0.00,0.00
Mexico,MEX,20200402,3.00,1,3.00,1,2.00,1,3.00,1,1.00,0,2.00,1,2.00,1,3.00,0.00,,0.00,0.00,0.00,2.00,1,0.00,1.00,0.00,0.00,,1378,37,82.41,82.41,86.90,86.90,60.90,60.90,71.97,71.97,0.00,0.00
Mexico,MEX,20200403,3.00,1,3.00,1,2.00,1,3.00,1,1.00,0,2.00,1,2.00,1,3.00,0.00,,0.00,0.00,0.00,2.00,1,0.00,1.00,0.00,0.00,,1510,50,82.41,82.41,86.90,86.90,60.90,60.90,71.97,71.97,0.00,0.00
Mexico,MEX,20200404,3.00,1,3.00,1,2.00,1,3.00,1,1.00,0,2.00,1,2.00,1,3.00,0.00,,0.00,0.00,0.00,2.00,1,0.00,1.00,0.00,0.00,,1688,60,82.41,82.41,86.90,86.90,60.90,60.90,71.97,71.97,0.00,0.00
Mexico,MEX,20200405,3.00,1,3.00,1,2.00,1,3.00,1,1.00,0,2.00,1,2.00,1,3.00,0.00,,0.00,0.00,0.00,2.00,1,0.00,1.00,0.00,0.00,,1890,79,82.41,82.41,86.90,86.90,60.90,60.90,71.97,71.97,0.00,0.00
Mexico,MEX,20200406,3.00,1,3.00,1,2.00,1,3.00,1,1.00,0,2.00,1,2.00,1,3.00,0.00,,0.00,0.00,0.00,2.00,1,1.00,1.00,0.00,0.00,,2143,94,82.41,82.41,86.90,86.90,63.46,63.46,75.00,75.00,0.00,0.00
Mexico,MEX,20200407,3.00,1,3.00,1,2.00,1,3.00,1,1.00,0,2.00,1,2.00,1,3.00,0.00,,0.00,0.00,0.00,2.00,1,1.00,1.00,0.00,0.00,,2439,125,82.41,82.41,86.90,86.90,63.46,63.46,75.00,75.00,0.00,0.00
Mexico,MEX,20200408,3.00,1,3.00,1,2.00,1,3.00,1,1.00,0,2.00,1,2.00,1,3.00,0.00,,0.00,0.00,0.00,2.00,1,1.00,1.00,0.00,0.00,,2785,141,82.41,82.41,86.90,86.90,63.46,63.46,75.00,75.00,0.00,0.00
Mexico,MEX,20200409,3.00,1,3.00,1,2.00,1,3.00,1,1.00,0,2.00,1,2.00,1,3.00,0.00,,0.00,0.00,0.00,2.00,1,1.00,1.00,0.00,0.00,,3181,174,82.41,82.41,86.90,86.90,63.46,63.46,75.00,75.00,0.00,0.00
Mexico,MEX,20200410,3.00,1,3.00,1,2.00,1,3.00,1,1.00,0,2.00,1,2.00,1,3.00,0.00,,0.00,0.00,0.00,2.00,1,1.00,1.00,0.00,0.00,,3441,194,82.41,82.41,86.90,86.90,63.46,63.46,75.00,75.00,0.00,0.00
Mexico,MEX,20200411,3.00,1,3.00,1,2.00,1,3.00,1,1.00,0,2.00,1,2.00,1,3.00,0.00,,0.00,0.00,0.00,2.00,1,1.00,1.00,0.00,0.00,,3844,233,82.41,82.41,86.90,86.90,63.46,63.46,75.00,75.00,0.00,0.00
Mexico,MEX,20200412,3.00,1,3.00,1,2.00,1,3.00,1,1.00,0,2.00,1,2.00,1,3.00,0.00,,0.00,0.00,0.00,2.00,1,1.00,1.00,0.00,0.00,,4219,273,82.41,82.41,86.90,86.90,63.46,63.46,75.00,75.00,0.00,0.00
Mexico,MEX,20200413,3.00,1,3.00,1,2.00,1,3.00,1,1.00,0,2.00,1,2.00,1,3.00,0.00,,0.00,0.00,0.00,2.00,1,1.00,1.00,0.00,0.00,,4661,296,82.41,82.41,86.90,86.90,63.46,63.46,75.00,75.00,0.00,0.00
Mexico,MEX,20200414,3.00,1,3.00,1,2.00,1,3.00,1,1.00,0,2.00,1,2.00,1,3.00,0.00,,0.00,0.00,0.00,2.00,1,1.00,1.00,0.00,0.00,,5014,332,82.41,82.41,86.90,86.90,63.46,63.46,75.00,75.00,0.00,0.00
Mexico,MEX,20200415,3.00,1,3.00,1,2.00,1,3.00,1,1.00,0,2.00,1,2.00,1,3.00,0.00,,0.00,0.00,0.00,2.00,1,1.00,1.00,0.00,0.00,,5399,406,82.41,82.41,86.90,86.90,63.46,63.46,75.00,75.00,0.00,0.00
Mexico,MEX,20200416,3.00,1,3.00,1,2.00,1,3.00,1,1.00,0,2.00,1,2.00,1,3.00,0.00,,0.00,0.00,0.00,2.00,1,1.00,1.00,0.00,0.00,,5847,449,82.41,82.41,86.90,86.90,63.46,63.46,75.00,75.00,0.00,0.00
Mexico,MEX,20200417,3.00,1,3.00,1,2.00,1,3.00,1,1.00,0,2.00,1,2.00,1,3.00,0.00,,0.00,0.00,0.00,2.00,1,1.00,1.00,0.00,0.00,,6297,486,82.41,82.41,86.90,86.90,63.46,63.46,75.00,75.00,0.00,0.00
Mexico,MEX,20200418,3.00,1,3.00,1,2.00,1,3.00,1,1.00,0,2.00,1,2.00,1,3.00,0.00,,0.00,0.00,0.00,2.00,1,1.00,1.00,0.00,0.00,,6875,546,82.41,82.41,86.90,86.90,63.46,63.46,75.00,75.00,0.00,0.00
Mexico,MEX,20200419,3.00,1,3.00,1,2.00,1,3.00,1,1.00,0,2.00,1,2.00,1,3.00,0.00,,0.00,0.00,0.00,2.00,1,1.00,1.00,0.00,0.00,,7497,650,82.41,82.41,86.90,86.90,63.46,63.46,75.00,75.00,0.00,0.00
Mexico,MEX,20200420,3.00,1,3.00,1,2.00,1,3.00,1,1.00,0,2.00,1,2.00,1,3.00,0.00,,0.00,0.00,0.00,2.00,1,1.00,1.00,0.00,0.00,,8261,686,82.41,82.41,86.90,86.90,63.46,63.46,75.00,75.00,0.00,0.00
Mexico,MEX,20200421,3.00,1,3.00,1,2.00,1,3.00,1,1.00,0,2.00,1,2.00,1,3.00,0.00,,0.00,0.00,0.00,2.00,1,1.00,1.00,0.00,0.00,,8772,712,82.41,82.41,86.90,86.90,63.46,63.46,75.00,75.00,0.00,0.00
Mexico,MEX,20200422,3.00,1,3.00,1,2.00,1,3.00,1,1.00,0,2.00,1,2.00,1,3.00,0.00,,0.00,0.00,0.00,2.00,1,1.00,1.00,0.00,0.00,,9501,857,82.41,82.41,86.90,86.90,63.46,63.46,75.00,75.00,0.00,0.00
Mexico,MEX,20200423,3.00,1,3.00,1,2.00,1,3.00,1,1.00,0,2.00,1,2.00,1,3.00,0.00,,0.00,0.00,0.00,2.00,1,1.00,1.00,0.00,0.00,,10544,970,82.41,82.41,86.90,86.90,63.46,63.46,75.00,75.00,0.00,0.00
Mexico,MEX,20200424,3.00,1,3.00,1,2.00,1,3.00,1,1.00,0,2.00,1,2.00,1,3.00,0.00,,0.00,0.00,0.00,2.00,1,1.00,1.00,0.00,0.00,,11633,1069,82.41,82.41,86.90,86.90,63.46,63.46,75.00,75.00,0.00,0.00
Mexico,MEX,20200425,3.00,1,3.00,1,2.00,1,3.00,1,1.00,0,2.00,1,2.00,1,3.00,0.00,,0.00,0.00,0.00,2.00,1,1.00,1.00,0.00,0.00,,12872,1221,82.41,82.41,86.90,86.90,63.46,63.46,75.00,75.00,0.00,0.00
Mexico,MEX,20200426,3.00,1,3.00,1,2.00,1,3.00,1,1.00,0,2.00,1,2.00,1,3.00,0.00,,0.00,0.00,0.00,2.00,1,1.00,1.00,0.00,0.00,,13842,1305,82.41,82.41,86.90,86.90,63.46,63.46,75.00,75.00,0.00,0.00
Mexico,MEX,20200427,3.00,1,3.00,1,2.00,1,3.00,1,1.00,0,2.00,1,2.00,1,3.00,0.00,,0.00,0.00,0.00,2.00,1,1.00,1.00,0.00,0.00,,14677,1351,82.41,82.41,86.90,86.90,63.46,63.46,75.00,75.00,0.00,0.00
Mexico,MEX,20200428,3.00,1,3.00,1,2.00,1,3.00,1,1.00,0,2.00,1,2.00,1,3.00,0.00,,0.00,0.00,0.00,2.00,1,1.00,1.00,0.00,0.00,,15529,1434,82.41,82.41,86.90,86.90,63.46,63.46,75.00,75.00,0.00,0.00
Mexico,MEX,20200429,3.00,1,3.00,1,2.00,1,3.00,1,1.00,0,2.00,1,2.00,1,3.00,0.00,,0.00,0.00,0.00,2.00,1,1.00,1.00,0.00,0.00,,16752,1569,82.41,82.41,86.90,86.90,63.46,63.46,75.00,75.00,0.00,0.00
Mexico,MEX,20200430,3.00,1,3.00,1,2.00,1,3.00,1,1.00,0,2.00,1,2.00,1,3.00,0.00,,0.00,5004000000.00,0.00,2.00,1,1.00,1.00,0.00,0.00,,17799,1732,82.41,82.41,86.90,86.90,63.46,63.46,75.00,75.00,0.00,0.00
Mexico,MEX,20200501,3.00,1,3.00,1,2.00,1,3.00,1,1.00,0,2.00,1,2.00,1,3.00,0.00,,0.00,0.00,0.00,2.00,1,1.00,1.00,0.00,0.00,,19224,1859,82.41,82.41,86.90,86.90,63.46,63.46,75.00,75.00,0.00,0.00
Mexico,MEX,20200502,3.00,1,3.00,1,2.00,1,3.00,1,1.00,0,2.00,1,2.00,1,3.00,0.00,,0.00,0.00,0.00,2.00,1,1.00,1.00,0.00,0.00,,20739,1972,82.41,82.41,86.90,86.90,63.46,63.46,75.00,75.00,0.00,0.00
Mexico,MEX,20200503,3.00,1,3.00,1,2.00,1,3.00,1,1.00,0,2.00,1,2.00,1,3.00,0.00,,0.00,0.00,0.00,2.00,1,1.00,1.00,0.00,0.00,,22088,2061,82.41,82.41,86.90,86.90,63.46,63.46,75.00,75.00,0.00,0.00
Mexico,MEX,20200504,3.00,1,3.00,1,2.00,1,3.00,1,1.00,0,2.00,1,2.00,1,3.00,0.00,,0.00,0.00,0.00,2.00,1,1.00,1.00,0.00,0.00,,23471,2154,82.41,82.41,86.90,86.90,63.46,63.46,75.00,75.00,0.00,0.00
Mexico,MEX,20200505,3.00,1,3.00,1,2.00,1,3.00,1,1.00,0,2.00,1,2.00,1,3.00,0.00,,0.00,0.00,0.00,2.00,1,1.00,1.00,0.00,0.00,,24905,2271,82.41,82.41,86.90,86.90,63.46,63.46,75.00,75.00,0.00,0.00
Mexico,MEX,20200506,3.00,1,3.00,1,2.00,1,3.00,1,1.00,0,2.00,1,2.00,1,3.00,0.00,,0.00,0.00,0.00,2.00,1,1.00,1.00,0.00,0.00,,26025,2507,82.41,82.41,86.90,86.90,63.46,63.46,75.00,75.00,0.00,0.00
Mexico,MEX,20200507,3.00,1,3.00,1,2.00,1,3.00,1,1.00,0,2.00,1,2.00,1,3.00,0.00,,0.00,0.00,0.00,2.00,1,1.00,1.00,0.00,0.00,,27634,2704,82.41,82.41,86.90,86.90,63.46,63.46,75.00,75.00,0.00,0.00
Mexico,MEX,20200508,3.00,1,3.00,1,2.00,1,3.00,1,1.00,0,2.00,1,2.00,1,3.00,0.00,,0.00,0.00,0.00,2.00,1,1.00,1.00,0.00,0.00,,29616,2961,82.41,82.41,86.90,86.90,63.46,63.46,75.00,75.00,0.00,0.00
Mexico,MEX,20200509,3.00,1,3.00,1,2.00,1,3.00,1,1.00,0,2.00,1,2.00,1,3.00,0.00,,0.00,0.00,0.00,2.00,1,1.00,1.00,0.00,0.00,,31522,3160,82.41,82.41,86.90,86.90,63.46,63.46,75.00,75.00,0.00,0.00
Mexico,MEX,20200510,3.00,1,3.00,1,2.00,1,3.00,1,1.00,0,2.00,1,2.00,1,3.00,0.00,,0.00,0.00,0.00,2.00,1,1.00,1.00,0.00,0.00,,33460,3353,82.41,82.41,86.90,86.90,63.46,63.46,75.00,75.00,0.00,0.00
Mexico,MEX,20200511,3.00,1,3.00,1,2.00,1,3.00,1,1.00,0,2.00,1,2.00,1,3.00,0.00,,0.00,0.00,0.00,2.00,1,1.00,1.00,0.00,0.00,,35022,3465,82.41,82.41,86.90,86.90,63.46,63.46,75.00,75.00,0.00,0.00
Mexico,MEX,20200512,3.00,1,3.00,1,2.00,1,3.00,1,1.00,0,2.00,1,2.00,1,3.00,0.00,,0.00,0.00,0.00,2.00,1,1.00,1.00,0.00,0.00,,36327,3573,82.41,82.41,86.90,86.90,63.46,63.46,75.00,75.00,0.00,0.00
Mexico,MEX,20200513,3.00,1,3.00,1,2.00,1,3.00,1,1.00,0,2.00,1,2.00,1,3.00,0.00,,0.00,0.00,0.00,2.00,1,1.00,1.00,0.00,0.00,,38324,3926,82.41,82.41,86.90,86.90,63.46,63.46,75.00,75.00,0.00,0.00
Mexico,MEX,20200514,3.00,1,3.00,1,2.00,1,3.00,1,1.00,0,2.00,1,2.00,1,3.00,0.00,,0.00,0.00,0.00,2.00,1,1.00,1.00,0.00,0.00,,40186,4220,82.41,82.41,86.90,86.90,63.46,63.46,75.00,75.00,0.00,0.00
Mexico,MEX,20200515,3.00,1,3.00,1,2.00,1,3.00,1,1.00,0,2.00,1,2.00,1,3.00,0.00,,0.00,0.00,0.00,2.00,1,1.00,1.00,0.00,0.00,,42595,4477,82.41,82.41,86.90,86.90,63.46,63.46,75.00,75.00,0.00,0.00
Mexico,MEX,20200516,3.00,1,3.00,1,2.00,1,3.00,1,1.00,0,2.00,1,2.00,1,3.00,0.00,,0.00,0.00,0.00,2.00,1,1.00,1.00,0.00,0.00,,45032,4767,82.41,82.41,86.90,86.90,63.46,63.46,75.00,75.00,0.00,0.00
Mexico,MEX,20200517,3.00,1,3.00,1,2.00,1,3.00,1,1.00,0,2.00,1,2.00,1,3.00,0.00,,0.00,0.00,0.00,2.00,1,1.00,1.00,0.00,0.00,,47144,5045,82.41,82.41,86.90,86.90,63.46,63.46,75.00,75.00,0.00,0.00
Mexico,MEX,20200518,3.00,1,3.00,1,2.00,1,3.00,1,1.00,0,2.00,1,2.00,1,3.00,0.00,,0.00,0.00,0.00,2.00,1,1.00,1.00,0.00,0.00,,49219,5177,82.41,82.41,86.90,86.90,63.46,63.46,75.00,75.00,0.00,0.00
Mexico,MEX,20200519,3.00,1,3.00,1,2.00,1,3.00,1,1.00,0,2.00,1,2.00,1,3.00,0.00,,0.00,0.00,0.00,2.00,1,1.00,1.00,0.00,0.00,,51633,5332,82.41,82.41,86.90,86.90,63.46,63.46,75.00,75.00,0.00,0.00
Mexico,MEX,20200520,3.00,1,3.00,1,2.00,1,3.00,1,1.00,0,2.00,1,2.00,1,3.00,0.00,,0.00,0.00,0.00,2.00,1,1.00,1.00,0.00,0.00,,54346,5666,82.41,82.41,86.90,86.90,63.46,63.46,75.00,75.00,0.00,0.00
Mexico,MEX,20200521,3.00,1,3.00,1,2.00,1,3.00,1,1.00,0,2.00,1,2.00,1,3.00,0.00,,0.00,0.00,0.00,2.00,1,1.00,1.00,0.00,0.00,,56594,6090,82.41,82.41,86.90,86.90,63.46,63.46,75.00,75.00,0.00,0.00
Mexico,MEX,20200522,3.00,1,3.00,1,2.00,1,3.00,1,1.00,0,2.00,1,2.00,1,3.00,0.00,,0.00,0.00,0.00,2.00,1,1.00,1.00,0.00,0.00,,59567,6510,82.41,82.41,86.90,86.90,63.46,63.46,75.00,75.00,0.00,0.00
Mexico,MEX,20200523,3.00,1,3.00,1,2.00,1,3.00,1,1.00,0,2.00,1,2.00,1,3.00,0.00,,0.00,0.00,0.00,2.00,1,1.00,1.00,0.00,0.00,,62527,6989,82.41,82.41,86.90,86.90,63.46,63.46,75.00,75.00,0.00,0.00
Mexico,MEX,20200524,3.00,1,3.00,1,2.00,1,3.00,1,1.00,0,2.00,1,2.00,1,3.00,0.00,,0.00,0.00,0.00,2.00,1,1.00,1.00,0.00,0.00,,65856,7179,82.41,82.41,86.90,86.90,63.46,63.46,75.00,75.00,0.00,0.00
Mexico,MEX,20200525,3.00,1,3.00,1,2.00,1,3.00,1,1.00,0,2.00,1,2.00,1,3.00,0.00,,0.00,0.00,0.00,2.00,1,1.00,1.00,0.00,0.00,,68620,7394,82.41,82.41,86.90,86.90,63.46,63.46,75.00,75.00,0.00,0.00
Mexico,MEX,20200526,3.00,1,3.00,1,2.00,1,3.00,1,1.00,0,2.00,1,2.00,1,3.00,0.00,,0.00,0.00,0.00,2.00,1,1.00,1.00,0.00,0.00,,71105,7633,82.41,82.41,86.90,86.90,63.46,63.46,75.00,75.00,0.00,0.00
Mexico,MEX,20200527,3.00,1,3.00,1,2.00,1,3.00,1,1.00,0,2.00,1,2.00,1,3.00,0.00,,0.00,0.00,0.00,2.00,1,1.00,1.00,0.00,0.00,,74560,8134,82.41,82.41,86.90,86.90,63.46,63.46,75.00,75.00,0.00,0.00
Mexico,MEX,20200528,3.00,1,3.00,1,2.00,1,3.00,1,1.00,0,2.00,1,2.00,1,3.00,0.00,,0.00,0.00,0.00,2.00,1,1.00,1.00,0.00,0.00,,78023,8597,82.41,82.41,86.90,86.90,63.46,63.46,75.00,75.00,0.00,0.00
Mexico,MEX,20200529,3.00,1,3.00,1,2.00,1,3.00,1,1.00,0,2.00,1,2.00,1,3.00,0.00,,0.00,0.00,0.00,2.00,1,1.00,1.00,0.00,0.00,,81400,9044,82.41,82.41,86.90,86.90,63.46,63.46,75.00,75.00,0.00,0.00
Mexico,MEX,20200530,3.00,1,3.00,1,2.00,1,3.00,1,1.00,0,2.00,1,2.00,1,3.00,0.00,,0.00,0.00,0.00,2.00,1,1.00,1.00,0.00,0.00,,84627,9415,82.41,82.41,86.90,86.90,63.46,63.46,75.00,75.00,0.00,0.00
Mexico,MEX,20200531,3.00,1,3.00,1,2.00,1,3.00,1,1.00,0,2.00,1,2.00,1,3.00,0.00,,0.00,0.00,0.00,2.00,1,1.00,1.00,0.00,0.00,,87512,9779,82.41,82.41,86.90,86.90,63.46,63.46,75.00,75.00,0.00,0.00
Mexico,MEX,20200601,3.00,1,2.00,1,2.00,1,3.00,0,1.00,0,2.00,0,2.00,0,3.00,0.00,,0.00,0.00,0.00,2.00,1,1.00,1.00,0.00,0.00,,90664,9930,72.69,72.69,78.57,78.57,56.73,56.73,67.05,67.05,0.00,0.00
Mexico,MEX,20200602,3.00,1,2.00,1,2.00,1,3.00,0,1.00,0,2.00,0,2.00,0,3.00,0.00,,0.00,0.00,0.00,2.00,1,1.00,1.00,0.00,0.00,,93435,10167,72.69,72.69,78.57,78.57,56.73,56.73,67.05,67.05,0.00,0.00
Mexico,MEX,20200603,3.00,1,2.00,1,2.00,1,3.00,0,1.00,0,2.00,0,2.00,0,3.00,0.00,,0.00,0.00,0.00,2.00,1,1.00,1.00,0.00,0.00,,97326,10637,72.69,72.69,78.57,78.57,56.73,56.73,67.05,67.05,0.00,0.00
Mexico,MEX,20200604,3.00,1,2.00,1,2.00,1,3.00,0,1.00,0,2.00,0,2.00,0,3.00,0.00,,0.00,0.00,0.00,2.00,1,1.00,1.00,0.00,0.00,,101238,11728,72.69,72.69,78.57,78.57,56.73,56.73,67.05,67.05,0.00,0.00
Mexico,MEX,20200605,3.00,1,2.00,1,2.00,1,3.00,0,1.00,0,2.00,0,2.00,0,3.00,0.00,,0.00,0.00,0.00,2.00,1,1.00,1.00,0.00,0.00,,105680,12545,72.69,72.69,78.57,78.57,56.73,56.73,67.05,67.05,0.00,0.00
Mexico,MEX,20200606,3.00,1,2.00,1,2.00,1,3.00,0,1.00,0,2.00,0,2.00,0,3.00,0.00,,0.00,0.00,0.00,2.00,1,1.00,1.00,0.00,0.00,,110026,13170,72.69,72.69,78.57,78.57,56.73,56.73,67.05,67.05,0.00,0.00
Mexico,MEX,20200607,3.00,1,2.00,1,2.00,1,3.00,0,1.00,0,2.00,0,2.00,0,3.00,0.00,,0.00,0.00,0.00,2.00,1,1.00,1.00,0.00,0.00,,113619,13511,72.69,72.69,78.57,78.57,56.73,56.73,67.05,67.05,0.00,0.00
Mexico,MEX,20200608,3.00,1,2.00,1,2.00,1,3.00,0,1.00,0,2.00,0,2.00,0,3.00,0.00,,0.00,0.00,0.00,2.00,1,1.00,1.00,0.00,0.00,,117103,13699,72.69,72.69,78.57,78.57,56.73,56.73,67.05,67.05,0.00,0.00
Mexico,MEX,20200609,3.00,1,2.00,1,2.00,1,3.00,0,1.00,0,2.00,0,2.00,0,3.00,0.00,,0.00,0.00,0.00,2.00,1,1.00,1.00,0.00,0.00,,120102,14053,72.69,72.69,78.57,78.57,56.73,56.73,67.05,67.05,0.00,0.00
Mexico,MEX,20200610,3.00,1,2.00,1,2.00,1,3.00,0,1.00,0,2.00,0,2.00,0,3.00,0.00,,0.00,0.00,0.00,2.00,1,1.00,1.00,0.00,0.00,,124301,14649,72.69,72.69,78.57,78.57,56.73,56.73,67.05,67.05,0.00,0.00
Mexico,MEX,20200611,3.00,1,2.00,1,2.00,1,3.00,0,1.00,0,2.00,0,2.00,0,3.00,0.00,,0.00,0.00,0.00,2.00,1,1.00,1.00,0.00,0.00,,129184,15357,72.69,72.69,78.57,78.57,56.73,56.73,67.05,67.05,0.00,0.00
Mexico,MEX,20200612,,,,,,,,,,,,,,,,,,,,,,,,,,,,133974,15944,,,,,,,,,,
Mexico,MEX,20200613,,,,,,,,,,,,,,,,,,,,,,,,,,,,139196,16448,,,,,,,,,,
Mexico,MEX,20200614,,,,,,,,,,,,,,,,,,,,,,,,,,,,142690,16872,,,,,,,,,,
Mexico,MEX,20200615,,,,,,,,,,,,,,,,,,,,,,,,,,,,146837,17141,,,,,,,,,,
Mexico,MEX,20200616,,,,,,,,,,,,,,,,,,,,,,,,,,,,150264,17580,,,,,,,,,,
Mexico,MEX,20200617,,,,,,,,,,,,,,,,,,,,,,,,,,,,154863,18310,,72.69,,78.57,,56.73,,67.05,,0.00
Mexico,MEX,20200618,,,,,,,,,,,,,,,,,,,,,,,,,,,,159793,19080,,72.69,,78.57,,56.73,,67.05,,0.00
Mexico,MEX,20200619,,,,,,,,,,,,,,,,,,,,,,,,,,,,165455,19747,,72.69,,78.57,,56.73,,67.05,,0.00
Mexico,MEX,20200620,,,,,,,,,,,,,,,,,,,,,,,,,,,,170485,20394,,72.69,,78.57,,56.73,,67.05,,0.00
Mexico,MEX,20200621,,,,,,,,,,,,,,,,,,,,,,,,,,,,175202,20781,,72.69,,78.57,,56.73,,67.05,,0.00
Mexico,MEX,20200622,,,,,,,,,,,,,,,,,,,,,,,,,,,,180545,21825,,72.69,,78.57,,56.73,,67.05,,0.00
Mexico,MEX,20200623,,,,,,,,,,,,,,,,,,,,,,,,,,,,185122,22584,,72.69,,78.57,,56.73,,67.05,,0.00
