Mozambique,MOZ,20200101,0.00,,0.00,,0.00,,0.00,,0.00,,0.00,,0.00,,0.00,0.00,,0.00,0.00,0.00,0.00,,0.00,0.00,0.00,0.00,,,,0.00,0.00,0.00,0.00,0.00,0.00,0.00,0.00,0.00,0.00
Mozambique,MOZ,20200102,0.00,,0.00,,0.00,,0.00,,0.00,,0.00,,0.00,,0.00,0.00,,0.00,0.00,0.00,0.00,,0.00,0.00,0.00,0.00,,,,0.00,0.00,0.00,0.00,0.00,0.00,0.00,0.00,0.00,0.00
Mozambique,MOZ,20200103,0.00,,0.00,,0.00,,0.00,,0.00,,0.00,,0.00,,0.00,0.00,,0.00,0.00,0.00,0.00,,0.00,0.00,0.00,0.00,,,,0.00,0.00,0.00,0.00,0.00,0.00,0.00,0.00,0.00,0.00
Mozambique,MOZ,20200104,0.00,,0.00,,0.00,,0.00,,0.00,,0.00,,0.00,,0.00,0.00,,0.00,0.00,0.00,0.00,,0.00,0.00,0.00,0.00,,,,0.00,0.00,0.00,0.00,0.00,0.00,0.00,0.00,0.00,0.00
Mozambique,MOZ,20200105,0.00,,0.00,,0.00,,0.00,,0.00,,0.00,,0.00,,0.00,0.00,,0.00,0.00,0.00,0.00,,0.00,0.00,0.00,0.00,,,,0.00,0.00,0.00,0.00,0.00,0.00,0.00,0.00,0.00,0.00
Mozambique,MOZ,20200106,0.00,,0.00,,0.00,,0.00,,0.00,,0.00,,0.00,,0.00,0.00,,0.00,0.00,0.00,0.00,,0.00,0.00,0.00,0.00,,,,0.00,0.00,0.00,0.00,0.00,0.00,0.00,0.00,0.00,0.00
Mozambique,MOZ,20200107,0.00,,0.00,,0.00,,0.00,,0.00,,0.00,,0.00,,0.00,0.00,,0.00,0.00,0.00,0.00,,0.00,0.00,0.00,0.00,,,,0.00,0.00,0.00,0.00,0.00,0.00,0.00,0.00,0.00,0.00
Mozambique,MOZ,20200108,0.00,,0.00,,0.00,,0.00,,0.00,,0.00,,0.00,,0.00,0.00,,0.00,0.00,0.00,0.00,,0.00,0.00,0.00,0.00,,,,0.00,0.00,0.00,0.00,0.00,0.00,0.00,0.00,0.00,0.00
Mozambique,MOZ,20200109,0.00,,0.00,,0.00,,0.00,,0.00,,0.00,,0.00,,0.00,0.00,,0.00,0.00,0.00,0.00,,0.00,0.00,0.00,0.00,,,,0.00,0.00,0.00,0.00,0.00,0.00,0.00,0.00,0.00,0.00
Mozambique,MOZ,20200110,0.00,,0.00,,0.00,,0.00,,0.00,,0.00,,0.00,,0.00,0.00,,0.00,0.00,0.00,0.00,,0.00,0.00,0.00,0.00,,,,0.00,0.00,0.00,0.00,0.00,0.00,0.00,0.00,0.00,0.00
Mozambique,MOZ,20200111,0.00,,0.00,,0.00,,0.00,,0.00,,0.00,,0.00,,0.00,0.00,,0.00,0.00,0.00,0.00,,0.00,0.00,0.00,0.00,,,,0.00,0.00,0.00,0.00,0.00,0.00,0.00,0.00,0.00,0.00
Mozambique,MOZ,20200112,0.00,,0.00,,0.00,,0.00,,0.00,,0.00,,0.00,,0.00,0.00,,0.00,0.00,0.00,0.00,,0.00,0.00,0.00,0.00,,,,0.00,0.00,0.00,0.00,0.00,0.00,0.00,0.00,0.00,0.00
Mozambique,MOZ,20200113,0.00,,0.00,,0.00,,0.00,,0.00,,0.00,,0.00,,0.00,0.00,,0.00,0.00,0.00,0.00,,0.00,0.00,0.00,0.00,,,,0.00,0.00,0.00,0.00,0.00,0.00,0.00,0.00,0.00,0.00
Mozambique,MOZ,20200114,0.00,,0.00,,0.00,,0.00,,0.00,,0.00,,0.00,,0.00,0.00,,0.00,0.00,0.00,0.00,,0.00,0.00,0.00,0.00,,,,0.00,0.00,0.00,0.00,0.00,0.00,0.00,0.00,0.00,0.00
Mozambique,MOZ,20200115,0.00,,0.00,,0.00,,0.00,,0.00,,0.00,,0.00,,0.00,0.00,,0.00,0.00,0.00,0.00,,0.00,0.00,0.00,0.00,,,,0.00,0.00,0.00,0.00,0.00,0.00,0.00,0.00,0.00,0.00
Mozambique,MOZ,20200116,0.00,,0.00,,0.00,,0.00,,0.00,,0.00,,0.00,,0.00,0.00,,0.00,0.00,0.00,0.00,,0.00,0.00,0.00,0.00,,,,0.00,0.00,0.00,0.00,0.00,0.00,0.00,0.00,0.00,0.00
Mozambique,MOZ,20200117,0.00,,0.00,,0.00,,0.00,,0.00,,0.00,,0.00,,0.00,0.00,,0.00,0.00,0.00,0.00,,0.00,0.00,0.00,0.00,,,,0.00,0.00,0.00,0.00,0.00,0.00,0.00,0.00,0.00,0.00
Mozambique,MOZ,20200118,0.00,,0.00,,0.00,,0.00,,0.00,,0.00,,0.00,,0.00,0.00,,0.00,0.00,0.00,0.00,,0.00,0.00,0.00,0.00,,,,0.00,0.00,0.00,0.00,0.00,0.00,0.00,0.00,0.00,0.00
Mozambique,MOZ,20200119,0.00,,0.00,,0.00,,0.00,,0.00,,0.00,,0.00,,0.00,0.00,,0.00,0.00,0.00,0.00,,0.00,0.00,0.00,0.00,,,,0.00,0.00,0.00,0.00,0.00,0.00,0.00,0.00,0.00,0.00
Mozambique,MOZ,20200120,0.00,,0.00,,0.00,,0.00,,0.00,,0.00,,0.00,,0.00,0.00,,0.00,0.00,0.00,0.00,,0.00,0.00,0.00,0.00,,,,0.00,0.00,0.00,0.00,0.00,0.00,0.00,0.00,0.00,0.00
Mozambique,MOZ,20200121,0.00,,0.00,,0.00,,0.00,,0.00,,0.00,,0.00,,0.00,0.00,,0.00,0.00,0.00,0.00,,0.00,0.00,0.00,0.00,,,,0.00,0.00,0.00,0.00,0.00,0.00,0.00,0.00,0.00,0.00
Mozambique,MOZ,20200122,0.00,,0.00,,0.00,,0.00,,0.00,,0.00,,0.00,,0.00,0.00,,0.00,0.00,0.00,0.00,,0.00,0.00,0.00,0.00,,,,0.00,0.00,0.00,0.00,0.00,0.00,0.00,0.00,0.00,0.00
Mozambique,MOZ,20200123,0.00,,0.00,,0.00,,0.00,,0.00,,0.00,,0.00,,0.00,0.00,,0.00,0.00,0.00,0.00,,0.00,0.00,0.00,0.00,,,,0.00,0.00,0.00,0.00,0.00,0.00,0.00,0.00,0.00,0.00
Mozambique,MOZ,20200124,0.00,,0.00,,0.00,,0.00,,0.00,,0.00,,0.00,,0.00,0.00,,0.00,0.00,0.00,0.00,,0.00,0.00,0.00,0.00,,,,0.00,0.00,0.00,0.00,0.00,0.00,0.00,0.00,0.00,0.00
Mozambique,MOZ,20200125,0.00,,0.00,,0.00,,0.00,,0.00,,0.00,,0.00,,0.00,0.00,,0.00,0.00,0.00,0.00,,0.00,0.00,0.00,0.00,,,,0.00,0.00,0.00,0.00,0.00,0.00,0.00,0.00,0.00,0.00
Mozambique,MOZ,20200126,0.00,,0.00,,0.00,,0.00,,0.00,,0.00,,0.00,,0.00,0.00,,0.00,0.00,0.00,0.00,,0.00,0.00,0.00,0.00,,,,0.00,0.00,0.00,0.00,0.00,0.00,0.00,0.00,0.00,0.00
Mozambique,MOZ,20200127,0.00,,0.00,,0.00,,0.00,,0.00,,0.00,,0.00,,0.00,0.00,,0.00,0.00,0.00,0.00,,0.00,0.00,0.00,0.00,,,,0.00,0.00,0.00,0.00,0.00,0.00,0.00,0.00,0.00,0.00
Mozambique,MOZ,20200128,0.00,,0.00,,0.00,,0.00,,0.00,,0.00,,0.00,,0.00,0.00,,0.00,0.00,0.00,0.00,,0.00,0.00,0.00,0.00,,,,0.00,0.00,0.00,0.00,0.00,0.00,0.00,0.00,0.00,0.00
Mozambique,MOZ,20200129,0.00,,0.00,,0.00,,0.00,,0.00,,0.00,,0.00,,0.00,0.00,,0.00,0.00,0.00,0.00,,0.00,0.00,0.00,0.00,,,,0.00,0.00,0.00,0.00,0.00,0.00,0.00,0.00,0.00,0.00
Mozambique,MOZ,20200130,0.00,,0.00,,0.00,,0.00,,0.00,,0.00,,0.00,,0.00,0.00,,0.00,0.00,0.00,0.00,,0.00,0.00,0.00,0.00,,,,0.00,0.00,0.00,0.00,0.00,0.00,0.00,0.00,0.00,0.00
Mozambique,MOZ,20200131,0.00,,0.00,,0.00,,0.00,,0.00,,0.00,,0.00,,0.00,0.00,,0.00,0.00,0.00,0.00,,0.00,0.00,0.00,0.00,,,,0.00,0.00,0.00,0.00,0.00,0.00,0.00,0.00,0.00,0.00
Mozambique,MOZ,20200201,0.00,,0.00,,0.00,,0.00,,0.00,,0.00,,0.00,,0.00,0.00,,0.00,0.00,0.00,0.00,,0.00,0.00,0.00,0.00,,,,0.00,0.00,0.00,0.00,0.00,0.00,0.00,0.00,0.00,0.00
Mozambique,MOZ,20200202,0.00,,0.00,,0.00,,0.00,,0.00,,0.00,,0.00,,0.00,0.00,,0.00,0.00,0.00,0.00,,0.00,0.00,0.00,0.00,,,,0.00,0.00,0.00,0.00,0.00,0.00,0.00,0.00,0.00,0.00
Mozambique,MOZ,20200203,0.00,,0.00,,0.00,,0.00,,0.00,,0.00,,0.00,,0.00,0.00,,0.00,0.00,0.00,0.00,,0.00,0.00,0.00,0.00,,,,0.00,0.00,0.00,0.00,0.00,0.00,0.00,0.00,0.00,0.00
Mozambique,MOZ,20200204,0.00,,0.00,,0.00,,0.00,,0.00,,0.00,,0.00,,0.00,0.00,,0.00,0.00,0.00,0.00,,0.00,0.00,0.00,0.00,,,,0.00,0.00,0.00,0.00,0.00,0.00,0.00,0.00,0.00,0.00
Mozambique,MOZ,20200205,0.00,,0.00,,0.00,,0.00,,0.00,,0.00,,0.00,,0.00,0.00,,0.00,0.00,0.00,0.00,,0.00,0.00,0.00,0.00,,,,0.00,0.00,0.00,0.00,0.00,0.00,0.00,0.00,0.00,0.00
Mozambique,MOZ,20200206,0.00,,0.00,,0.00,,0.00,,0.00,,0.00,,0.00,,0.00,0.00,,0.00,0.00,0.00,0.00,,0.00,0.00,0.00,0.00,,,,0.00,0.00,0.00,0.00,0.00,0.00,0.00,0.00,0.00,0.00
Mozambique,MOZ,20200207,0.00,,0.00,,0.00,,0.00,,0.00,,0.00,,0.00,,0.00,0.00,,0.00,0.00,0.00,0.00,,0.00,0.00,0.00,0.00,,,,0.00,0.00,0.00,0.00,0.00,0.00,0.00,0.00,0.00,0.00
Mozambique,MOZ,20200208,0.00,,0.00,,0.00,,0.00,,0.00,,0.00,,0.00,,0.00,0.00,,0.00,0.00,0.00,0.00,,0.00,0.00,0.00,0.00,,,,0.00,0.00,0.00,0.00,0.00,0.00,0.00,0.00,0.00,0.00
Mozambique,MOZ,20200209,0.00,,0.00,,0.00,,0.00,,0.00,,0.00,,0.00,,0.00,0.00,,0.00,0.00,0.00,0.00,,0.00,0.00,0.00,0.00,,,,0.00,0.00,0.00,0.00,0.00,0.00,0.00,0.00,0.00,0.00
Mozambique,MOZ,20200210,0.00,,0.00,,0.00,,0.00,,0.00,,0.00,,0.00,,0.00,0.00,,0.00,0.00,0.00,0.00,,0.00,0.00,0.00,0.00,,,,0.00,0.00,0.00,0.00,0.00,0.00,0.00,0.00,0.00,0.00
Mozambique,MOZ,20200211,0.00,,0.00,,0.00,,0.00,,0.00,,0.00,,0.00,,1.00,0.00,,0.00,0.00,0.00,1.00,1,0.00,0.00,0.00,0.00,,,,8.33,8.33,13.10,13.10,5.77,5.77,6.82,6.82,0.00,0.00
Mozambique,MOZ,20200212,0.00,,0.00,,0.00,,0.00,,0.00,,0.00,,0.00,,1.00,0.00,,0.00,0.00,0.00,1.00,1,0.00,0.00,0.00,0.00,,,,8.33,8.33,13.10,13.10,5.77,5.77,6.82,6.82,0.00,0.00
Mozambique,MOZ,20200213,0.00,,0.00,,0.00,,0.00,,0.00,,0.00,,0.00,,1.00,0.00,,0.00,0.00,0.00,1.00,1,0.00,0.00,0.00,0.00,,,,8.33,8.33,13.10,13.10,5.77,5.77,6.82,6.82,0.00,0.00
Mozambique,MOZ,20200214,0.00,,0.00,,0.00,,0.00,,0.00,,0.00,,0.00,,1.00,0.00,,0.00,0.00,0.00,1.00,1,0.00,0.00,0.00,0.00,,,,8.33,8.33,13.10,13.10,5.77,5.77,6.82,6.82,0.00,0.00
Mozambique,MOZ,20200215,0.00,,0.00,,0.00,,0.00,,0.00,,0.00,,0.00,,1.00,0.00,,0.00,0.00,0.00,1.00,1,0.00,0.00,0.00,0.00,,,,8.33,8.33,13.10,13.10,5.77,5.77,6.82,6.82,0.00,0.00
Mozambique,MOZ,20200216,0.00,,0.00,,0.00,,0.00,,0.00,,0.00,,0.00,,1.00,0.00,,0.00,0.00,0.00,1.00,1,0.00,0.00,0.00,0.00,,,,8.33,8.33,13.10,13.10,5.77,5.77,6.82,6.82,0.00,0.00
Mozambique,MOZ,20200217,0.00,,0.00,,0.00,,0.00,,0.00,,0.00,,0.00,,1.00,0.00,,0.00,0.00,0.00,1.00,1,0.00,0.00,0.00,0.00,,,,8.33,8.33,13.10,13.10,5.77,5.77,6.82,6.82,0.00,0.00
Mozambique,MOZ,20200218,0.00,,0.00,,0.00,,0.00,,0.00,,0.00,,0.00,,1.00,0.00,,0.00,0.00,0.00,1.00,1,0.00,0.00,0.00,0.00,,,,8.33,8.33,13.10,13.10,5.77,5.77,6.82,6.82,0.00,0.00
Mozambique,MOZ,20200219,0.00,,0.00,,0.00,,0.00,,0.00,,0.00,,0.00,,1.00,0.00,,0.00,0.00,0.00,1.00,1,0.00,0.00,0.00,0.00,,,,8.33,8.33,13.10,13.10,5.77,5.77,6.82,6.82,0.00,0.00
Mozambique,MOZ,20200220,0.00,,0.00,,0.00,,0.00,,0.00,,0.00,,0.00,,1.00,0.00,,0.00,0.00,0.00,1.00,1,0.00,0.00,0.00,0.00,,,,8.33,8.33,13.10,13.10,5.77,5.77,6.82,6.82,0.00,0.00
Mozambique,MOZ,20200221,0.00,,0.00,,0.00,,0.00,,0.00,,0.00,,0.00,,1.00,0.00,,0.00,0.00,0.00,1.00,1,0.00,0.00,0.00,0.00,,,,8.33,8.33,13.10,13.10,5.77,5.77,6.82,6.82,0.00,0.00
Mozambique,MOZ,20200222,0.00,,0.00,,0.00,,0.00,,0.00,,0.00,,0.00,,1.00,0.00,,0.00,0.00,0.00,1.00,1,0.00,0.00,0.00,0.00,,,,8.33,8.33,13.10,13.10,5.77,5.77,6.82,6.82,0.00,0.00
Mozambique,MOZ,20200223,0.00,,0.00,,0.00,,0.00,,0.00,,0.00,,0.00,,1.00,0.00,,0.00,0.00,0.00,1.00,1,0.00,0.00,0.00,0.00,,,,8.33,8.33,13.10,13.10,5.77,5.77,6.82,6.82,0.00,0.00
Mozambique,MOZ,20200224,0.00,,0.00,,0.00,,0.00,,0.00,,0.00,,0.00,,1.00,0.00,,0.00,0.00,0.00,1.00,1,0.00,0.00,0.00,0.00,,,,8.33,8.33,13.10,13.10,5.77,5.77,6.82,6.82,0.00,0.00
Mozambique,MOZ,20200225,0.00,,0.00,,0.00,,0.00,,0.00,,0.00,,0.00,,1.00,0.00,,0.00,0.00,0.00,1.00,1,0.00,0.00,0.00,0.00,,,,8.33,8.33,13.10,13.10,5.77,5.77,6.82,6.82,0.00,0.00
Mozambique,MOZ,20200226,0.00,,0.00,,0.00,,0.00,,0.00,,0.00,,0.00,,1.00,0.00,,0.00,0.00,0.00,1.00,1,0.00,0.00,0.00,0.00,,,,8.33,8.33,13.10,13.10,5.77,5.77,6.82,6.82,0.00,0.00
Mozambique,MOZ,20200227,0.00,,0.00,,0.00,,0.00,,0.00,,0.00,,0.00,,1.00,0.00,,0.00,0.00,0.00,1.00,1,0.00,0.00,0.00,0.00,,,,8.33,8.33,13.10,13.10,5.77,5.77,6.82,6.82,0.00,0.00
Mozambique,MOZ,20200228,0.00,,0.00,,0.00,,0.00,,0.00,,0.00,,0.00,,1.00,0.00,,0.00,0.00,0.00,1.00,1,0.00,0.00,0.00,0.00,,,,8.33,8.33,13.10,13.10,5.77,5.77,6.82,6.82,0.00,0.00
Mozambique,MOZ,20200229,0.00,,0.00,,0.00,,0.00,,0.00,,0.00,,0.00,,1.00,0.00,,0.00,0.00,0.00,1.00,1,0.00,0.00,0.00,0.00,,,,8.33,8.33,13.10,13.10,5.77,5.77,6.82,6.82,0.00,0.00
Mozambique,MOZ,20200301,0.00,,0.00,,0.00,,0.00,,0.00,,0.00,,0.00,,1.00,0.00,,0.00,0.00,0.00,1.00,1,0.00,0.00,0.00,0.00,,,,8.33,8.33,13.10,13.10,5.77,5.77,6.82,6.82,0.00,0.00
Mozambique,MOZ,20200302,0.00,,0.00,,0.00,,0.00,,0.00,,0.00,,0.00,,1.00,0.00,,0.00,0.00,0.00,1.00,1,0.00,0.00,0.00,0.00,,,,8.33,8.33,13.10,13.10,5.77,5.77,6.82,6.82,0.00,0.00
Mozambique,MOZ,20200303,0.00,,0.00,,0.00,,0.00,,0.00,,0.00,,0.00,,1.00,0.00,,0.00,0.00,0.00,1.00,1,0.00,0.00,0.00,0.00,,,,8.33,8.33,13.10,13.10,5.77,5.77,6.82,6.82,0.00,0.00
Mozambique,MOZ,20200304,0.00,,0.00,,0.00,,0.00,,0.00,,0.00,,0.00,,1.00,0.00,,0.00,0.00,0.00,1.00,1,0.00,0.00,0.00,0.00,,,,8.33,8.33,13.10,13.10,5.77,5.77,6.82,6.82,0.00,0.00
Mozambique,MOZ,20200305,0.00,,0.00,,0.00,,0.00,,0.00,,0.00,,0.00,,1.00,0.00,,0.00,0.00,0.00,1.00,1,0.00,0.00,0.00,0.00,,,,8.33,8.33,13.10,13.10,5.77,5.77,6.82,6.82,0.00,0.00
Mozambique,MOZ,20200306,0.00,,0.00,,0.00,,0.00,,0.00,,0.00,,0.00,,1.00,0.00,,0.00,0.00,0.00,1.00,1,0.00,0.00,0.00,0.00,,,,8.33,8.33,13.10,13.10,5.77,5.77,6.82,6.82,0.00,0.00
Mozambique,MOZ,20200307,0.00,,0.00,,0.00,,0.00,,0.00,,0.00,,0.00,,1.00,0.00,,0.00,0.00,0.00,1.00,1,0.00,0.00,0.00,0.00,,,,8.33,8.33,13.10,13.10,5.77,5.77,6.82,6.82,0.00,0.00
Mozambique,MOZ,20200308,0.00,,0.00,,0.00,,0.00,,0.00,,0.00,,0.00,,1.00,0.00,,0.00,0.00,0.00,1.00,1,0.00,0.00,0.00,0.00,,,,8.33,8.33,13.10,13.10,5.77,5.77,6.82,6.82,0.00,0.00
Mozambique,MOZ,20200309,0.00,,0.00,,0.00,,0.00,,0.00,,0.00,,0.00,,1.00,0.00,,0.00,0.00,0.00,1.00,1,0.00,0.00,0.00,0.00,,,,8.33,8.33,13.10,13.10,5.77,5.77,6.82,6.82,0.00,0.00
Mozambique,MOZ,20200310,0.00,,0.00,,0.00,,0.00,,0.00,,0.00,,0.00,,1.00,0.00,,0.00,0.00,0.00,1.00,1,0.00,0.00,0.00,0.00,,,,8.33,8.33,13.10,13.10,5.77,5.77,6.82,6.82,0.00,0.00
Mozambique,MOZ,20200311,0.00,,0.00,,0.00,,0.00,,0.00,,0.00,,0.00,,1.00,0.00,,0.00,0.00,0.00,1.00,1,0.00,0.00,0.00,0.00,,,,8.33,8.33,13.10,13.10,5.77,5.77,6.82,6.82,0.00,0.00
Mozambique,MOZ,20200312,0.00,,0.00,,0.00,,0.00,,0.00,,0.00,,0.00,,1.00,0.00,,0.00,0.00,0.00,1.00,1,0.00,0.00,0.00,0.00,,,,8.33,8.33,13.10,13.10,5.77,5.77,6.82,6.82,0.00,0.00
Mozambique,MOZ,20200313,0.00,,0.00,,0.00,,0.00,,0.00,,0.00,,0.00,,1.00,0.00,,0.00,0.00,0.00,1.00,1,0.00,0.00,0.00,0.00,,,,8.33,8.33,13.10,13.10,5.77,5.77,6.82,6.82,0.00,0.00
Mozambique,MOZ,20200314,0.00,,0.00,,0.00,,0.00,,0.00,,0.00,,0.00,,1.00,0.00,,0.00,0.00,0.00,1.00,1,0.00,0.00,0.00,0.00,,,,8.33,8.33,13.10,13.10,5.77,5.77,6.82,6.82,0.00,0.00
Mozambique,MOZ,20200315,0.00,,0.00,,0.00,,0.00,,0.00,,0.00,,0.00,,1.00,0.00,,0.00,0.00,0.00,1.00,1,0.00,0.00,0.00,0.00,,,,8.33,8.33,13.10,13.10,5.77,5.77,6.82,6.82,0.00,0.00
Mozambique,MOZ,20200316,0.00,,0.00,,0.00,,0.00,,0.00,,0.00,,0.00,,1.00,0.00,,0.00,0.00,0.00,1.00,1,0.00,0.00,0.00,0.00,,,,8.33,8.33,13.10,13.10,5.77,5.77,6.82,6.82,0.00,0.00
Mozambique,MOZ,20200317,0.00,,0.00,,0.00,,0.00,,0.00,,0.00,,0.00,,1.00,0.00,,0.00,0.00,0.00,1.00,1,0.00,0.00,0.00,0.00,,,,8.33,8.33,13.10,13.10,5.77,5.77,6.82,6.82,0.00,0.00
Mozambique,MOZ,20200318,0.00,,0.00,,0.00,,0.00,,0.00,,0.00,,0.00,,1.00,0.00,,0.00,0.00,0.00,1.00,1,0.00,0.00,0.00,0.00,,,,8.33,8.33,13.10,13.10,5.77,5.77,6.82,6.82,0.00,0.00
Mozambique,MOZ,20200319,0.00,,0.00,,1.00,1,0.00,,0.00,,0.00,,0.00,,1.00,0.00,,0.00,0.00,0.00,1.00,1,0.00,0.00,0.00,0.00,,,,13.89,13.89,22.62,22.62,9.62,9.62,11.36,11.36,0.00,0.00
Mozambique,MOZ,20200320,0.00,,0.00,,1.00,1,0.00,,0.00,,0.00,,0.00,,2.00,0.00,,0.00,0.00,0.00,1.00,1,1.00,0.00,0.00,0.00,,,,16.67,16.67,26.19,26.19,14.10,14.10,16.67,16.67,0.00,0.00
Mozambique,MOZ,20200321,0.00,,0.00,,1.00,1,0.00,,0.00,,0.00,,0.00,,2.00,0.00,,0.00,0.00,0.00,1.00,1,1.00,0.00,0.00,0.00,,,,16.67,16.67,26.19,26.19,14.10,14.10,16.67,16.67,0.00,0.00
Mozambique,MOZ,20200322,0.00,,0.00,,1.00,1,0.00,,0.00,,0.00,,0.00,,2.00,0.00,,0.00,500000000.00,0.00,2.00,1,1.00,2.00,0.00,0.00,,,,22.22,22.22,30.95,30.95,25.64,25.64,30.30,30.30,0.00,0.00
Mozambique,MOZ,20200323,3.00,1,0.00,,2.00,1,3.00,1,0.00,,0.00,,0.00,,2.00,0.00,,0.00,0.00,0.00,2.00,1,1.00,2.00,0.00,0.00,,1,0,47.22,47.22,50.00,50.00,42.95,42.95,50.76,50.76,0.00,0.00
Mozambique,MOZ,20200324,3.00,1,0.00,,2.00,1,3.00,1,0.00,,0.00,,0.00,,2.00,0.00,,0.00,0.00,0.00,2.00,1,1.00,2.00,19500000.00,0.00,,1,0,47.22,47.22,50.00,50.00,42.95,42.95,50.76,50.76,0.00,0.00
Mozambique,MOZ,20200325,3.00,1,0.00,,2.00,1,3.00,1,0.00,,0.00,,0.00,,2.00,0.00,,0.00,0.00,0.00,2.00,1,1.00,2.00,0.00,0.00,,1,0,47.22,47.22,50.00,50.00,42.95,42.95,50.76,50.76,0.00,0.00
Mozambique,MOZ,20200326,3.00,1,0.00,,2.00,1,3.00,1,0.00,,0.00,,0.00,,2.00,0.00,,0.00,0.00,0.00,2.00,1,1.00,2.00,0.00,0.00,,5,0,47.22,47.22,50.00,50.00,42.95,42.95,50.76,50.76,0.00,0.00
Mozambique,MOZ,20200327,3.00,1,0.00,,2.00,1,3.00,1,0.00,,0.00,,0.00,,2.00,0.00,,0.00,0.00,0.00,2.00,1,1.00,2.00,0.00,0.00,,7,0,47.22,47.22,50.00,50.00,42.95,42.95,50.76,50.76,0.00,0.00
Mozambique,MOZ,20200328,3.00,1,0.00,,2.00,1,3.00,1,0.00,,0.00,,0.00,,2.00,0.00,,0.00,0.00,0.00,2.00,1,1.00,2.00,0.00,0.00,,7,0,47.22,47.22,50.00,50.00,42.95,42.95,50.76,50.76,0.00,0.00
Mozambique,MOZ,20200329,3.00,1,0.00,,2.00,1,3.00,1,0.00,,0.00,,0.00,,2.00,0.00,,0.00,0.00,0.00,2.00,1,1.00,2.00,0.00,0.00,,8,0,47.22,47.22,50.00,50.00,42.95,42.95,50.76,50.76,0.00,0.00
Mozambique,MOZ,20200330,3.00,1,0.00,,2.00,1,3.00,1,0.00,,0.00,,0.00,,2.00,0.00,,0.00,0.00,0.00,2.00,1,1.00,2.00,0.00,0.00,,8,0,47.22,47.22,50.00,50.00,42.95,42.95,50.76,50.76,0.00,0.00
Mozambique,MOZ,20200331,3.00,1,0.00,,2.00,1,3.00,1,0.00,,0.00,,0.00,,2.00,0.00,,0.00,0.00,0.00,2.00,1,1.00,2.00,0.00,0.00,,8,0,47.22,47.22,50.00,50.00,42.95,42.95,50.76,50.76,0.00,0.00
Mozambique,MOZ,20200401,3.00,1,0.00,,2.00,1,3.00,1,1.00,1,1.00,1,0.00,,2.00,0.00,,0.00,0.00,0.00,2.00,1,1.00,2.00,0.00,0.00,,8,0,56.48,56.48,66.67,66.67,49.36,49.36,58.33,58.33,0.00,0.00
Mozambique,MOZ,20200402,3.00,1,0.00,,2.00,1,3.00,1,1.00,1,1.00,1,0.00,,2.00,0.00,,0.00,0.00,0.00,2.00,1,1.00,2.00,0.00,0.00,,10,0,56.48,56.48,66.67,66.67,49.36,49.36,58.33,58.33,0.00,0.00
Mozambique,MOZ,20200403,3.00,1,0.00,,2.00,1,3.00,1,1.00,1,1.00,1,0.00,,2.00,0.00,,0.00,0.00,0.00,2.00,1,1.00,2.00,0.00,0.00,,10,0,56.48,56.48,66.67,66.67,49.36,49.36,58.33,58.33,0.00,0.00
Mozambique,MOZ,20200404,3.00,1,0.00,,2.00,1,3.00,1,1.00,1,1.00,1,0.00,,2.00,0.00,,0.00,0.00,0.00,2.00,1,1.00,2.00,0.00,0.00,,10,0,56.48,56.48,66.67,66.67,49.36,49.36,58.33,58.33,0.00,0.00
Mozambique,MOZ,20200405,3.00,1,0.00,,2.00,1,3.00,1,1.00,1,1.00,1,0.00,,2.00,0.00,,0.00,0.00,0.00,2.00,1,1.00,2.00,0.00,0.00,,10,0,56.48,56.48,66.67,66.67,49.36,49.36,58.33,58.33,0.00,0.00
Mozambique,MOZ,20200406,3.00,1,0.00,,2.00,1,3.00,1,1.00,1,1.00,1,0.00,,2.00,0.00,,0.00,0.00,0.00,2.00,1,1.00,2.00,0.00,0.00,,10,0,56.48,56.48,66.67,66.67,49.36,49.36,58.33,58.33,0.00,0.00
Mozambique,MOZ,20200407,3.00,1,0.00,,2.00,1,3.00,1,1.00,1,1.00,1,0.00,,2.00,0.00,,0.00,0.00,0.00,2.00,1,1.00,2.00,0.00,0.00,,10,0,56.48,56.48,66.67,66.67,49.36,49.36,58.33,58.33,0.00,0.00
Mozambique,MOZ,20200408,3.00,1,0.00,,2.00,1,3.00,1,1.00,1,1.00,1,0.00,,2.00,0.00,,0.00,0.00,0.00,2.00,1,1.00,2.00,0.00,0.00,,10,0,56.48,56.48,66.67,66.67,49.36,49.36,58.33,58.33,0.00,0.00
Mozambique,MOZ,20200409,3.00,1,0.00,,2.00,1,3.00,1,1.00,1,1.00,1,0.00,,2.00,0.00,,0.00,0.00,0.00,2.00,1,1.00,2.00,0.00,0.00,,17,0,56.48,56.48,66.67,66.67,49.36,49.36,58.33,58.33,0.00,0.00
Mozambique,MOZ,20200410,3.00,1,0.00,,2.00,1,3.00,1,1.00,1,1.00,1,0.00,,2.00,0.00,,0.00,0.00,0.00,2.00,1,1.00,2.00,0.00,0.00,,17,0,56.48,56.48,66.67,66.67,49.36,49.36,58.33,58.33,0.00,0.00
Mozambique,MOZ,20200411,3.00,1,0.00,,2.00,1,3.00,1,1.00,1,1.00,1,0.00,,2.00,0.00,,0.00,0.00,0.00,2.00,1,1.00,2.00,0.00,0.00,,20,0,56.48,56.48,66.67,66.67,49.36,49.36,58.33,58.33,0.00,0.00
Mozambique,MOZ,20200412,3.00,1,0.00,,2.00,1,3.00,1,1.00,1,1.00,1,0.00,,2.00,0.00,,0.00,0.00,0.00,2.00,1,1.00,2.00,3300000.00,0.00,,20,0,56.48,56.48,66.67,66.67,49.36,49.36,58.33,58.33,0.00,0.00
Mozambique,MOZ,20200413,3.00,1,0.00,,2.00,1,3.00,1,1.00,1,1.00,1,0.00,,2.00,0.00,,0.00,0.00,0.00,2.00,1,1.00,2.00,0.00,0.00,,21,0,56.48,56.48,66.67,66.67,49.36,49.36,58.33,58.33,0.00,0.00
Mozambique,MOZ,20200414,3.00,1,0.00,,2.00,1,3.00,1,1.00,1,1.00,1,0.00,,2.00,0.00,,0.00,0.00,0.00,2.00,1,1.00,2.00,0.00,0.00,,27,0,56.48,56.48,66.67,66.67,49.36,49.36,58.33,58.33,0.00,0.00
Mozambique,MOZ,20200415,3.00,1,0.00,,2.00,1,3.00,1,1.00,1,1.00,1,0.00,,2.00,0.00,,0.00,0.00,0.00,2.00,1,1.00,2.00,0.00,0.00,,28,0,56.48,56.48,66.67,66.67,49.36,49.36,58.33,58.33,0.00,0.00
Mozambique,MOZ,20200416,3.00,1,0.00,,2.00,1,3.00,1,1.00,1,1.00,1,0.00,,2.00,0.00,,0.00,0.00,0.00,2.00,1,1.00,2.00,0.00,0.00,,29,0,56.48,56.48,66.67,66.67,49.36,49.36,58.33,58.33,0.00,0.00
Mozambique,MOZ,20200417,3.00,1,0.00,,2.00,1,3.00,1,1.00,1,1.00,1,0.00,,2.00,0.00,,0.00,0.00,0.00,2.00,1,1.00,2.00,0.00,0.00,,31,0,56.48,56.48,66.67,66.67,49.36,49.36,58.33,58.33,0.00,0.00
Mozambique,MOZ,20200418,3.00,1,0.00,,2.00,1,3.00,1,1.00,1,1.00,1,0.00,,2.00,0.00,,0.00,0.00,0.00,2.00,1,1.00,2.00,0.00,0.00,,34,0,56.48,56.48,66.67,66.67,49.36,49.36,58.33,58.33,0.00,0.00
Mozambique,MOZ,20200419,3.00,1,0.00,,2.00,1,3.00,1,1.00,1,1.00,1,0.00,,2.00,0.00,,0.00,0.00,0.00,2.00,1,1.00,2.00,0.00,0.00,,35,0,56.48,56.48,66.67,66.67,49.36,49.36,58.33,58.33,0.00,0.00
Mozambique,MOZ,20200420,3.00,1,0.00,,2.00,1,3.00,1,1.00,1,1.00,1,0.00,,2.00,0.00,,0.00,0.00,0.00,2.00,1,1.00,2.00,0.00,0.00,,39,0,56.48,56.48,66.67,66.67,49.36,49.36,58.33,58.33,0.00,0.00
Mozambique,MOZ,20200421,3.00,1,0.00,,2.00,1,3.00,1,1.00,1,1.00,1,0.00,,2.00,0.00,,0.00,0.00,0.00,2.00,1,1.00,2.00,0.00,0.00,,39,0,56.48,56.48,66.67,66.67,49.36,49.36,58.33,58.33,0.00,0.00
Mozambique,MOZ,20200422,3.00,1,0.00,,2.00,1,3.00,1,1.00,1,1.00,1,0.00,,2.00,0.00,,0.00,0.00,0.00,2.00,1,1.00,2.00,0.00,0.00,,39,0,56.48,56.48,66.67,66.67,49.36,49.36,58.33,58.33,0.00,0.00
Mozambique,MOZ,20200423,3.00,1,0.00,,2.00,1,3.00,1,1.00,1,1.00,1,0.00,,2.00,0.00,,0.00,0.00,0.00,2.00,1,1.00,2.00,0.00,0.00,,41,0,56.48,56.48,66.67,66.67,49.36,49.36,58.33,58.33,0.00,0.00
Mozambique,MOZ,20200424,3.00,1,0.00,,2.00,1,3.00,1,1.00,1,1.00,1,0.00,,2.00,0.00,,0.00,0.00,0.00,2.00,1,1.00,2.00,0.00,0.00,,46,0,56.48,56.48,66.67,66.67,49.36,49.36,58.33,58.33,0.00,0.00
Mozambique,MOZ,20200425,3.00,1,0.00,,2.00,1,3.00,1,1.00,1,1.00,1,0.00,,2.00,0.00,,0.00,0.00,0.00,2.00,1,1.00,2.00,0.00,0.00,,65,0,56.48,56.48,66.67,66.67,49.36,49.36,58.33,58.33,0.00,0.00
Mozambique,MOZ,20200426,3.00,1,0.00,,2.00,1,3.00,1,1.00,1,1.00,1,0.00,,2.00,0.00,,0.00,0.00,0.00,2.00,1,1.00,2.00,0.00,0.00,,70,0,56.48,56.48,66.67,66.67,49.36,49.36,58.33,58.33,0.00,0.00
Mozambique,MOZ,20200427,3.00,1,0.00,,2.00,1,3.00,1,1.00,1,1.00,1,0.00,,2.00,0.00,,0.00,0.00,0.00,2.00,1,1.00,2.00,0.00,0.00,,76,0,56.48,56.48,66.67,66.67,49.36,49.36,58.33,58.33,0.00,0.00
Mozambique,MOZ,20200428,3.00,1,0.00,,2.00,1,3.00,1,1.00,1,1.00,1,0.00,,2.00,0.00,,0.00,0.00,0.00,2.00,1,1.00,2.00,0.00,0.00,,76,0,56.48,56.48,66.67,66.67,49.36,49.36,58.33,58.33,0.00,0.00
Mozambique,MOZ,20200429,3.00,1,0.00,,2.00,1,3.00,1,1.00,1,1.00,1,0.00,,2.00,0.00,,0.00,0.00,0.00,2.00,1,1.00,2.00,0.00,0.00,,76,0,56.48,56.48,66.67,66.67,49.36,49.36,58.33,58.33,0.00,0.00
Mozambique,MOZ,20200430,3.00,1,0.00,,2.00,1,3.00,1,1.00,1,1.00,1,0.00,,2.00,0.00,,0.00,0.00,0.00,2.00,1,1.00,2.00,0.00,0.00,,76,0,56.48,56.48,66.67,66.67,49.36,49.36,58.33,58.33,0.00,0.00
Mozambique,MOZ,20200501,3.00,1,0.00,,2.00,1,3.00,1,1.00,1,1.00,1,0.00,,2.00,0.00,,0.00,0.00,0.00,2.00,1,1.00,2.00,0.00,0.00,,76,0,56.48,56.48,66.67,66.67,49.36,49.36,58.33,58.33,0.00,0.00
Mozambique,MOZ,20200502,3.00,1,0.00,,2.00,1,3.00,1,1.00,1,1.00,1,0.00,,2.00,0.00,,0.00,0.00,0.00,2.00,1,1.00,2.00,0.00,0.00,,79,0,56.48,56.48,66.67,66.67,49.36,49.36,58.33,58.33,0.00,0.00
Mozambique,MOZ,20200503,3.00,1,0.00,,2.00,1,3.00,1,1.00,1,1.00,1,0.00,,2.00,0.00,,0.00,0.00,0.00,2.00,1,1.00,2.00,0.00,0.00,,79,0,56.48,56.48,66.67,66.67,49.36,49.36,58.33,58.33,0.00,0.00
Mozambique,MOZ,20200504,3.00,1,0.00,,2.00,1,3.00,1,1.00,1,1.00,1,0.00,,2.00,0.00,,0.00,0.00,0.00,2.00,1,1.00,2.00,0.00,0.00,,80,0,56.48,56.48,66.67,66.67,49.36,49.36,58.33,58.33,0.00,0.00
Mozambique,MOZ,20200505,3.00,1,0.00,,2.00,1,3.00,1,1.00,1,1.00,1,0.00,,2.00,0.00,,0.00,0.00,0.00,2.00,1,1.00,2.00,0.00,0.00,,80,0,56.48,56.48,66.67,66.67,49.36,49.36,58.33,58.33,0.00,0.00
Mozambique,MOZ,20200506,3.00,1,0.00,,2.00,1,3.00,1,1.00,1,1.00,1,0.00,,2.00,0.00,,0.00,0.00,0.00,2.00,1,1.00,2.00,0.00,0.00,,81,0,56.48,56.48,66.67,66.67,49.36,49.36,58.33,58.33,0.00,0.00
Mozambique,MOZ,20200507,3.00,1,0.00,,2.00,1,3.00,1,1.00,1,1.00,1,0.00,,2.00,0.00,,0.00,0.00,0.00,2.00,1,1.00,2.00,0.00,0.00,,81,0,56.48,56.48,66.67,66.67,49.36,49.36,58.33,58.33,0.00,0.00
Mozambique,MOZ,20200508,3.00,1,0.00,,2.00,1,3.00,1,1.00,1,1.00,1,0.00,,2.00,0.00,,0.00,0.00,0.00,2.00,1,1.00,2.00,0.00,0.00,,81,0,56.48,56.48,66.67,66.67,49.36,49.36,58.33,58.33,0.00,0.00
Mozambique,MOZ,20200509,3.00,1,0.00,,2.00,1,3.00,1,1.00,1,1.00,1,0.00,,2.00,0.00,,0.00,0.00,0.00,2.00,1,1.00,2.00,0.00,0.00,,82,0,56.48,56.48,66.67,66.67,49.36,49.36,58.33,58.33,0.00,0.00
Mozambique,MOZ,20200510,3.00,1,0.00,,2.00,1,3.00,1,1.00,1,1.00,1,0.00,,2.00,0.00,,0.00,0.00,0.00,2.00,1,1.00,2.00,0.00,0.00,,87,0,56.48,56.48,66.67,66.67,49.36,49.36,58.33,58.33,0.00,0.00
Mozambique,MOZ,20200511,3.00,1,0.00,,2.00,1,3.00,1,1.00,1,1.00,1,0.00,,2.00,0.00,,0.00,0.00,0.00,2.00,1,1.00,2.00,0.00,0.00,,91,0,56.48,56.48,66.67,66.67,49.36,49.36,58.33,58.33,0.00,0.00
Mozambique,MOZ,20200512,3.00,1,0.00,,2.00,1,3.00,1,1.00,1,1.00,1,0.00,,2.00,0.00,,0.00,0.00,0.00,2.00,1,1.00,2.00,0.00,0.00,,103,0,56.48,56.48,66.67,66.67,49.36,49.36,58.33,58.33,0.00,0.00
Mozambique,MOZ,20200513,3.00,1,0.00,,2.00,1,3.00,1,1.00,1,1.00,1,0.00,,2.00,0.00,,0.00,0.00,0.00,2.00,1,1.00,2.00,0.00,0.00,,104,0,56.48,56.48,66.67,66.67,49.36,49.36,58.33,58.33,0.00,0.00
Mozambique,MOZ,20200514,3.00,1,0.00,,2.00,1,3.00,1,1.00,1,1.00,1,0.00,,2.00,0.00,,0.00,0.00,0.00,2.00,1,1.00,2.00,0.00,0.00,,107,0,56.48,56.48,66.67,66.67,49.36,49.36,58.33,58.33,0.00,0.00
Mozambique,MOZ,20200515,3.00,1,0.00,,2.00,1,3.00,1,1.00,1,1.00,1,0.00,,2.00,0.00,,0.00,0.00,0.00,2.00,1,1.00,2.00,0.00,0.00,,115,0,56.48,56.48,66.67,66.67,49.36,49.36,58.33,58.33,0.00,0.00
Mozambique,MOZ,20200516,3.00,1,0.00,,2.00,1,3.00,1,1.00,1,1.00,1,0.00,,2.00,0.00,,0.00,0.00,0.00,2.00,1,1.00,2.00,0.00,0.00,,119,0,56.48,56.48,66.67,66.67,49.36,49.36,58.33,58.33,0.00,0.00
Mozambique,MOZ,20200517,3.00,1,0.00,,2.00,1,3.00,1,1.00,1,1.00,1,0.00,,2.00,0.00,,0.00,0.00,0.00,2.00,1,1.00,2.00,0.00,0.00,,129,0,56.48,56.48,66.67,66.67,49.36,49.36,58.33,58.33,0.00,0.00
Mozambique,MOZ,20200518,3.00,1,0.00,,2.00,1,3.00,1,1.00,1,1.00,1,0.00,,2.00,0.00,,0.00,0.00,0.00,2.00,1,1.00,2.00,0.00,0.00,,137,0,56.48,56.48,66.67,66.67,49.36,49.36,58.33,58.33,0.00,0.00
Mozambique,MOZ,20200519,3.00,1,0.00,,2.00,1,3.00,1,1.00,1,1.00,1,0.00,,2.00,0.00,,0.00,0.00,0.00,2.00,1,1.00,2.00,0.00,0.00,,145,0,56.48,56.48,66.67,66.67,49.36,49.36,58.33,58.33,0.00,0.00
Mozambique,MOZ,20200520,3.00,1,0.00,,2.00,1,3.00,1,1.00,1,1.00,1,0.00,,2.00,0.00,,0.00,0.00,0.00,2.00,1,1.00,2.00,0.00,0.00,,146,0,56.48,56.48,66.67,66.67,49.36,49.36,58.33,58.33,0.00,0.00
Mozambique,MOZ,20200521,3.00,1,0.00,,2.00,1,3.00,1,1.00,1,1.00,1,0.00,,2.00,0.00,,0.00,0.00,0.00,2.00,1,1.00,2.00,0.00,0.00,,156,0,56.48,56.48,66.67,66.67,49.36,49.36,58.33,58.33,0.00,0.00
Mozambique,MOZ,20200522,3.00,1,0.00,,2.00,1,3.00,1,1.00,1,1.00,1,0.00,,2.00,0.00,,0.00,0.00,0.00,2.00,1,1.00,2.00,0.00,0.00,,162,0,56.48,56.48,66.67,66.67,49.36,49.36,58.33,58.33,0.00,0.00
Mozambique,MOZ,20200523,3.00,1,0.00,,2.00,1,3.00,1,1.00,1,1.00,1,0.00,,2.00,0.00,,0.00,0.00,0.00,2.00,1,1.00,2.00,0.00,0.00,,164,0,56.48,56.48,66.67,66.67,49.36,49.36,58.33,58.33,0.00,0.00
Mozambique,MOZ,20200524,3.00,1,0.00,,2.00,1,3.00,1,1.00,1,1.00,1,0.00,,2.00,0.00,,0.00,0.00,0.00,2.00,1,1.00,2.00,0.00,0.00,,168,0,56.48,56.48,66.67,66.67,49.36,49.36,58.33,58.33,0.00,0.00
Mozambique,MOZ,20200525,3.00,1,0.00,,2.00,1,3.00,1,1.00,1,1.00,1,0.00,,2.00,0.00,,0.00,0.00,0.00,2.00,1,1.00,2.00,0.00,0.00,,194,0,56.48,56.48,66.67,66.67,49.36,49.36,58.33,58.33,0.00,0.00
Mozambique,MOZ,20200526,3.00,1,0.00,,2.00,1,3.00,1,1.00,1,1.00,1,0.00,,2.00,0.00,,0.00,0.00,0.00,2.00,1,1.00,2.00,0.00,0.00,,209,1,56.48,56.48,66.67,66.67,49.36,49.36,58.33,58.33,0.00,0.00
Mozambique,MOZ,20200527,3.00,1,0.00,,2.00,1,3.00,1,1.00,1,1.00,1,0.00,,2.00,0.00,,0.00,0.00,0.00,2.00,1,1.00,2.00,0.00,0.00,,213,1,56.48,56.48,66.67,66.67,49.36,49.36,58.33,58.33,0.00,0.00
Mozambique,MOZ,20200528,3.00,1,0.00,,2.00,1,3.00,1,1.00,1,1.00,1,0.00,,2.00,0.00,,0.00,0.00,0.00,2.00,1,1.00,2.00,0.00,0.00,,227,1,56.48,56.48,66.67,66.67,49.36,49.36,58.33,58.33,0.00,0.00
Mozambique,MOZ,20200529,3.00,1,0.00,,2.00,1,3.00,1,1.00,1,1.00,1,0.00,,4.00,0.00,,0.00,0.00,0.00,2.00,1,1.00,2.00,0.00,0.00,,233,2,62.04,62.04,73.81,73.81,53.21,53.21,62.88,62.88,0.00,0.00
Mozambique,MOZ,20200530,3.00,1,0.00,,2.00,1,3.00,1,1.00,1,1.00,1,0.00,,4.00,0.00,,0.00,0.00,0.00,2.00,1,1.00,2.00,0.00,0.00,,234,2,62.04,62.04,73.81,73.81,53.21,53.21,62.88,62.88,0.00,0.00
Mozambique,MOZ,20200531,3.00,1,0.00,,2.00,1,3.00,1,1.00,1,1.00,1,0.00,,4.00,0.00,,0.00,0.00,0.00,2.00,1,1.00,2.00,0.00,0.00,,244,2,62.04,62.04,73.81,73.81,53.21,53.21,62.88,62.88,0.00,0.00
Mozambique,MOZ,20200601,3.00,1,0.00,,2.00,1,3.00,1,1.00,1,1.00,1,0.00,,4.00,0.00,,0.00,0.00,0.00,2.00,1,1.00,2.00,0.00,0.00,,254,2,62.04,62.04,73.81,73.81,53.21,53.21,62.88,62.88,0.00,0.00
Mozambique,MOZ,20200602,3.00,1,0.00,,2.00,1,3.00,1,1.00,1,1.00,1,0.00,,4.00,0.00,,0.00,0.00,0.00,2.00,1,1.00,2.00,0.00,0.00,,254,2,62.04,62.04,73.81,73.81,53.21,53.21,62.88,62.88,0.00,0.00
Mozambique,MOZ,20200603,3.00,1,0.00,,2.00,1,3.00,1,1.00,1,1.00,1,0.00,,4.00,0.00,,0.00,0.00,0.00,2.00,1,1.00,2.00,0.00,0.00,,307,2,62.04,62.04,73.81,73.81,53.21,53.21,62.88,62.88,0.00,0.00
Mozambique,MOZ,20200604,3.00,1,0.00,,2.00,1,3.00,1,1.00,1,1.00,1,0.00,,4.00,0.00,,0.00,0.00,0.00,2.00,1,1.00,2.00,0.00,0.00,,316,2,62.04,62.04,73.81,73.81,53.21,53.21,62.88,62.88,0.00,0.00
Mozambique,MOZ,20200605,3.00,1,0.00,,2.00,1,3.00,1,1.00,1,1.00,1,0.00,,4.00,0.00,,0.00,0.00,0.00,2.00,1,1.00,2.00,0.00,0.00,,352,2,62.04,62.04,73.81,73.81,53.21,53.21,62.88,62.88,0.00,0.00
Mozambique,MOZ,20200606,3.00,1,0.00,,2.00,1,3.00,1,1.00,1,1.00,1,0.00,,4.00,0.00,,0.00,0.00,0.00,2.00,1,1.00,2.00,0.00,0.00,,354,2,62.04,62.04,73.81,73.81,53.21,53.21,62.88,62.88,0.00,0.00
Mozambique,MOZ,20200607,3.00,1,0.00,,2.00,1,3.00,1,1.00,1,1.00,1,0.00,,4.00,0.00,,0.00,0.00,0.00,2.00,1,1.00,2.00,0.00,0.00,,411,2,62.04,62.04,73.81,73.81,53.21,53.21,62.88,62.88,0.00,0.00
Mozambique,MOZ,20200608,3.00,1,0.00,,2.00,1,3.00,1,1.00,1,1.00,1,0.00,,4.00,0.00,,0.00,0.00,0.00,2.00,1,1.00,2.00,0.00,0.00,,426,2,62.04,62.04,73.81,73.81,53.21,53.21,62.88,62.88,0.00,0.00
Mozambique,MOZ,20200609,3.00,1,0.00,,2.00,1,3.00,1,1.00,1,1.00,1,0.00,,4.00,0.00,,0.00,0.00,0.00,2.00,1,1.00,2.00,0.00,0.00,,433,2,62.04,62.04,73.81,73.81,53.21,53.21,62.88,62.88,0.00,0.00
Mozambique,MOZ,20200610,3.00,1,0.00,,2.00,1,3.00,1,1.00,1,1.00,1,0.00,,4.00,0.00,,0.00,0.00,0.00,2.00,1,1.00,2.00,0.00,0.00,,453,2,62.04,62.04,73.81,73.81,53.21,53.21,62.88,62.88,0.00,0.00
Mozambique,MOZ,20200611,3.00,1,0.00,,2.00,1,3.00,1,1.00,1,1.00,1,0.00,,4.00,0.00,,0.00,0.00,0.00,2.00,1,1.00,2.00,0.00,0.00,,472,2,62.04,62.04,73.81,73.81,53.21,53.21,62.88,62.88,0.00,0.00
Mozambique,MOZ,20200612,3.00,1,0.00,,2.00,1,3.00,1,1.00,1,1.00,1,0.00,,4.00,0.00,,0.00,0.00,0.00,2.00,1,1.00,2.00,0.00,0.00,,489,2,62.04,62.04,73.81,73.81,53.21,53.21,62.88,62.88,0.00,0.00
Mozambique,MOZ,20200613,3.00,1,0.00,,2.00,1,3.00,1,1.00,1,1.00,1,0.00,,4.00,0.00,,0.00,0.00,0.00,2.00,1,1.00,2.00,0.00,0.00,,509,2,62.04,62.04,73.81,73.81,53.21,53.21,62.88,62.88,0.00,0.00
Mozambique,MOZ,20200614,3.00,1,0.00,,2.00,1,3.00,1,1.00,1,1.00,1,0.00,,4.00,0.00,,0.00,0.00,0.00,2.00,1,1.00,2.00,0.00,0.00,,553,2,62.04,62.04,73.81,73.81,53.21,53.21,62.88,62.88,0.00,0.00
Mozambique,MOZ,20200615,3.00,1,0.00,,2.00,1,3.00,1,1.00,1,1.00,1,0.00,,4.00,0.00,,0.00,0.00,0.00,2.00,1,1.00,2.00,0.00,0.00,,583,3,62.04,62.04,73.81,73.81,53.21,53.21,62.88,62.88,0.00,0.00
Mozambique,MOZ,20200616,3.00,1,0.00,,2.00,1,3.00,1,1.00,1,1.00,1,0.00,,4.00,0.00,,0.00,0.00,0.00,2.00,1,1.00,2.00,0.00,0.00,,609,3,62.04,62.04,73.81,73.81,53.21,53.21,62.88,62.88,0.00,0.00
Mozambique,MOZ,20200617,,,,,,,,,,,,,,,,,,,,,,,,,,,,638,4,,62.04,,73.81,,53.21,,62.88,,0.00
Mozambique,MOZ,20200618,,,,,,,,,,,,,,,,,,,,,,,,,,,,651,4,,62.04,,73.81,,53.21,,62.88,,0.00
Mozambique,MOZ,20200619,,,,,,,,,,,,,,,,,,,,,,,,,,,,662,4,,62.04,,73.81,,53.21,,62.88,,0.00
Mozambique,MOZ,20200620,,,,,,,,,,,,,,,,,,,,,,,,,,,,668,4,,62.04,,73.81,,53.21,,62.88,,0.00
Mozambique,MOZ,20200621,,,,,,,,,,,,,,,,,,,,,,,,,,,,688,4,,62.04,,73.81,,53.21,,62.88,,0.00
Mozambique,MOZ,20200622,,,,,,,,,,,,,,,,,,,,,,,,,,,,733,5,,62.04,,73.81,,53.21,,62.88,,0.00
Mozambique,MOZ,20200623,,,,,,,,,,,,,,,,,,,,,,,,,,,,737,5,,62.04,,73.81,,53.21,,62.88,,0.00
