Namibia,NAM,20200101,0.00,,0.00,,0.00,,0.00,,0.00,,0.00,,0.00,,0.00,0.00,,0.00,0.00,0.00,0.00,,0.00,0.00,0.00,0.00,,,,0.00,0.00,0.00,0.00,0.00,0.00,0.00,0.00,0.00,0.00
Namibia,NAM,20200102,0.00,,0.00,,0.00,,0.00,,0.00,,0.00,,0.00,,0.00,0.00,,0.00,0.00,0.00,0.00,,0.00,0.00,0.00,0.00,,,,0.00,0.00,0.00,0.00,0.00,0.00,0.00,0.00,0.00,0.00
Namibia,NAM,20200103,0.00,,0.00,,0.00,,0.00,,0.00,,0.00,,0.00,,0.00,0.00,,0.00,0.00,0.00,0.00,,0.00,0.00,0.00,0.00,,,,0.00,0.00,0.00,0.00,0.00,0.00,0.00,0.00,0.00,0.00
Namibia,NAM,20200104,0.00,,0.00,,0.00,,0.00,,0.00,,0.00,,0.00,,0.00,0.00,,0.00,0.00,0.00,0.00,,0.00,0.00,0.00,0.00,,,,0.00,0.00,0.00,0.00,0.00,0.00,0.00,0.00,0.00,0.00
Namibia,NAM,20200105,0.00,,0.00,,0.00,,0.00,,0.00,,0.00,,0.00,,0.00,0.00,,0.00,0.00,0.00,0.00,,0.00,0.00,0.00,0.00,,,,0.00,0.00,0.00,0.00,0.00,0.00,0.00,0.00,0.00,0.00
Namibia,NAM,20200106,0.00,,0.00,,0.00,,0.00,,0.00,,0.00,,0.00,,0.00,0.00,,0.00,0.00,0.00,0.00,,0.00,0.00,0.00,0.00,,,,0.00,0.00,0.00,0.00,0.00,0.00,0.00,0.00,0.00,0.00
Namibia,NAM,20200107,0.00,,0.00,,0.00,,0.00,,0.00,,0.00,,0.00,,0.00,0.00,,0.00,0.00,0.00,0.00,,0.00,0.00,0.00,0.00,,,,0.00,0.00,0.00,0.00,0.00,0.00,0.00,0.00,0.00,0.00
Namibia,NAM,20200108,0.00,,0.00,,0.00,,0.00,,0.00,,0.00,,0.00,,0.00,0.00,,0.00,0.00,0.00,0.00,,0.00,0.00,0.00,0.00,,,,0.00,0.00,0.00,0.00,0.00,0.00,0.00,0.00,0.00,0.00
Namibia,NAM,20200109,0.00,,0.00,,0.00,,0.00,,0.00,,0.00,,0.00,,0.00,0.00,,0.00,0.00,0.00,0.00,,0.00,0.00,0.00,0.00,,,,0.00,0.00,0.00,0.00,0.00,0.00,0.00,0.00,0.00,0.00
Namibia,NAM,20200110,0.00,,0.00,,0.00,,0.00,,0.00,,0.00,,0.00,,0.00,0.00,,0.00,0.00,0.00,0.00,,0.00,0.00,0.00,0.00,,,,0.00,0.00,0.00,0.00,0.00,0.00,0.00,0.00,0.00,0.00
Namibia,NAM,20200111,0.00,,0.00,,0.00,,0.00,,0.00,,0.00,,0.00,,0.00,0.00,,0.00,0.00,0.00,0.00,,0.00,0.00,0.00,0.00,,,,0.00,0.00,0.00,0.00,0.00,0.00,0.00,0.00,0.00,0.00
Namibia,NAM,20200112,0.00,,0.00,,0.00,,0.00,,0.00,,0.00,,0.00,,0.00,0.00,,0.00,0.00,0.00,0.00,,0.00,0.00,0.00,0.00,,,,0.00,0.00,0.00,0.00,0.00,0.00,0.00,0.00,0.00,0.00
Namibia,NAM,20200113,0.00,,0.00,,0.00,,0.00,,0.00,,0.00,,0.00,,0.00,0.00,,0.00,0.00,0.00,0.00,,0.00,0.00,0.00,0.00,,,,0.00,0.00,0.00,0.00,0.00,0.00,0.00,0.00,0.00,0.00
Namibia,NAM,20200114,0.00,,0.00,,0.00,,0.00,,0.00,,0.00,,0.00,,0.00,0.00,,0.00,0.00,0.00,0.00,,0.00,0.00,0.00,0.00,,,,0.00,0.00,0.00,0.00,0.00,0.00,0.00,0.00,0.00,0.00
Namibia,NAM,20200115,0.00,,0.00,,0.00,,0.00,,0.00,,0.00,,0.00,,0.00,0.00,,0.00,0.00,0.00,0.00,,0.00,0.00,0.00,0.00,,,,0.00,0.00,0.00,0.00,0.00,0.00,0.00,0.00,0.00,0.00
Namibia,NAM,20200116,0.00,,0.00,,0.00,,0.00,,0.00,,0.00,,0.00,,0.00,0.00,,0.00,0.00,0.00,0.00,,0.00,0.00,0.00,0.00,,,,0.00,0.00,0.00,0.00,0.00,0.00,0.00,0.00,0.00,0.00
Namibia,NAM,20200117,0.00,,0.00,,0.00,,0.00,,0.00,,0.00,,0.00,,0.00,0.00,,0.00,0.00,0.00,0.00,,0.00,0.00,0.00,0.00,,,,0.00,0.00,0.00,0.00,0.00,0.00,0.00,0.00,0.00,0.00
Namibia,NAM,20200118,0.00,,0.00,,0.00,,0.00,,0.00,,0.00,,0.00,,0.00,0.00,,0.00,0.00,0.00,0.00,,0.00,0.00,0.00,0.00,,,,0.00,0.00,0.00,0.00,0.00,0.00,0.00,0.00,0.00,0.00
Namibia,NAM,20200119,0.00,,0.00,,0.00,,0.00,,0.00,,0.00,,0.00,,0.00,0.00,,0.00,0.00,0.00,0.00,,0.00,0.00,0.00,0.00,,,,0.00,0.00,0.00,0.00,0.00,0.00,0.00,0.00,0.00,0.00
Namibia,NAM,20200120,0.00,,0.00,,0.00,,0.00,,0.00,,0.00,,0.00,,0.00,0.00,,0.00,0.00,0.00,0.00,,0.00,0.00,0.00,0.00,,,,0.00,0.00,0.00,0.00,0.00,0.00,0.00,0.00,0.00,0.00
Namibia,NAM,20200121,0.00,,0.00,,0.00,,0.00,,0.00,,0.00,,0.00,,0.00,0.00,,0.00,0.00,0.00,0.00,,0.00,0.00,0.00,0.00,,,,0.00,0.00,0.00,0.00,0.00,0.00,0.00,0.00,0.00,0.00
Namibia,NAM,20200122,0.00,,0.00,,0.00,,0.00,,0.00,,0.00,,0.00,,0.00,0.00,,0.00,0.00,0.00,0.00,,0.00,0.00,0.00,0.00,,,,0.00,0.00,0.00,0.00,0.00,0.00,0.00,0.00,0.00,0.00
Namibia,NAM,20200123,0.00,,0.00,,0.00,,0.00,,0.00,,0.00,,0.00,,0.00,0.00,,0.00,0.00,0.00,0.00,,0.00,0.00,0.00,0.00,,,,0.00,0.00,0.00,0.00,0.00,0.00,0.00,0.00,0.00,0.00
Namibia,NAM,20200124,0.00,,0.00,,0.00,,0.00,,0.00,,0.00,,0.00,,0.00,0.00,,0.00,0.00,0.00,0.00,,0.00,0.00,0.00,0.00,,,,0.00,0.00,0.00,0.00,0.00,0.00,0.00,0.00,0.00,0.00
Namibia,NAM,20200125,0.00,,0.00,,0.00,,0.00,,0.00,,0.00,,0.00,,0.00,0.00,,0.00,0.00,0.00,0.00,,0.00,0.00,0.00,0.00,,,,0.00,0.00,0.00,0.00,0.00,0.00,0.00,0.00,0.00,0.00
Namibia,NAM,20200126,0.00,,0.00,,0.00,,0.00,,0.00,,0.00,,0.00,,0.00,0.00,,0.00,0.00,0.00,0.00,,0.00,0.00,0.00,0.00,,,,0.00,0.00,0.00,0.00,0.00,0.00,0.00,0.00,0.00,0.00
Namibia,NAM,20200127,0.00,,0.00,,0.00,,0.00,,0.00,,0.00,,0.00,,0.00,0.00,,0.00,0.00,0.00,0.00,,0.00,0.00,0.00,0.00,,,,0.00,0.00,0.00,0.00,0.00,0.00,0.00,0.00,0.00,0.00
Namibia,NAM,20200128,0.00,,0.00,,0.00,,0.00,,0.00,,0.00,,0.00,,0.00,0.00,,0.00,0.00,0.00,0.00,,0.00,0.00,0.00,0.00,,,,0.00,0.00,0.00,0.00,0.00,0.00,0.00,0.00,0.00,0.00
Namibia,NAM,20200129,0.00,,0.00,,0.00,,0.00,,0.00,,0.00,,0.00,,0.00,0.00,,0.00,0.00,0.00,0.00,,0.00,0.00,0.00,0.00,,,,0.00,0.00,0.00,0.00,0.00,0.00,0.00,0.00,0.00,0.00
Namibia,NAM,20200130,0.00,,0.00,,0.00,,0.00,,0.00,,0.00,,0.00,,0.00,0.00,,0.00,0.00,0.00,0.00,,0.00,0.00,0.00,0.00,,,,0.00,0.00,0.00,0.00,0.00,0.00,0.00,0.00,0.00,0.00
Namibia,NAM,20200131,0.00,,0.00,,0.00,,0.00,,0.00,,0.00,,0.00,,0.00,0.00,,0.00,0.00,0.00,0.00,,0.00,0.00,0.00,0.00,,,,0.00,0.00,0.00,0.00,0.00,0.00,0.00,0.00,0.00,0.00
Namibia,NAM,20200201,0.00,,0.00,,0.00,,0.00,,0.00,,0.00,,0.00,,0.00,0.00,,0.00,0.00,0.00,0.00,,0.00,0.00,0.00,0.00,,,,0.00,0.00,0.00,0.00,0.00,0.00,0.00,0.00,0.00,0.00
Namibia,NAM,20200202,0.00,,0.00,,0.00,,0.00,,0.00,,0.00,,0.00,,0.00,0.00,,0.00,0.00,0.00,0.00,,0.00,0.00,0.00,0.00,,,,0.00,0.00,0.00,0.00,0.00,0.00,0.00,0.00,0.00,0.00
Namibia,NAM,20200203,0.00,,0.00,,0.00,,0.00,,0.00,,0.00,,0.00,,0.00,0.00,,0.00,0.00,0.00,0.00,,0.00,0.00,0.00,0.00,,,,0.00,0.00,0.00,0.00,0.00,0.00,0.00,0.00,0.00,0.00
Namibia,NAM,20200204,0.00,,0.00,,0.00,,0.00,,0.00,,0.00,,0.00,,0.00,0.00,,0.00,0.00,0.00,0.00,,0.00,0.00,0.00,0.00,,,,0.00,0.00,0.00,0.00,0.00,0.00,0.00,0.00,0.00,0.00
Namibia,NAM,20200205,0.00,,0.00,,0.00,,0.00,,0.00,,0.00,,0.00,,0.00,0.00,,0.00,0.00,0.00,0.00,,0.00,0.00,0.00,0.00,,,,0.00,0.00,0.00,0.00,0.00,0.00,0.00,0.00,0.00,0.00
Namibia,NAM,20200206,0.00,,0.00,,0.00,,0.00,,0.00,,0.00,,0.00,,0.00,0.00,,0.00,0.00,0.00,0.00,,0.00,0.00,0.00,0.00,,,,0.00,0.00,0.00,0.00,0.00,0.00,0.00,0.00,0.00,0.00
Namibia,NAM,20200207,0.00,,0.00,,0.00,,0.00,,0.00,,0.00,,0.00,,0.00,0.00,,0.00,0.00,0.00,0.00,,0.00,0.00,0.00,0.00,,,,0.00,0.00,0.00,0.00,0.00,0.00,0.00,0.00,0.00,0.00
Namibia,NAM,20200208,0.00,,0.00,,0.00,,0.00,,0.00,,0.00,,0.00,,0.00,0.00,,0.00,0.00,0.00,0.00,,0.00,0.00,0.00,0.00,,,,0.00,0.00,0.00,0.00,0.00,0.00,0.00,0.00,0.00,0.00
Namibia,NAM,20200209,0.00,,0.00,,0.00,,0.00,,0.00,,0.00,,0.00,,0.00,0.00,,0.00,0.00,0.00,0.00,,0.00,0.00,0.00,0.00,,,,0.00,0.00,0.00,0.00,0.00,0.00,0.00,0.00,0.00,0.00
Namibia,NAM,20200210,0.00,,0.00,,0.00,,0.00,,0.00,,0.00,,0.00,,0.00,0.00,,0.00,0.00,0.00,0.00,,0.00,0.00,0.00,0.00,,,,0.00,0.00,0.00,0.00,0.00,0.00,0.00,0.00,0.00,0.00
Namibia,NAM,20200211,0.00,,0.00,,0.00,,0.00,,0.00,,0.00,,0.00,,0.00,0.00,,0.00,0.00,0.00,0.00,,0.00,0.00,0.00,0.00,,,,0.00,0.00,0.00,0.00,0.00,0.00,0.00,0.00,0.00,0.00
Namibia,NAM,20200212,0.00,,0.00,,0.00,,0.00,,0.00,,0.00,,0.00,,0.00,0.00,,0.00,0.00,0.00,0.00,,0.00,0.00,0.00,0.00,,,,0.00,0.00,0.00,0.00,0.00,0.00,0.00,0.00,0.00,0.00
Namibia,NAM,20200213,0.00,,0.00,,0.00,,0.00,,0.00,,0.00,,0.00,,0.00,0.00,,0.00,0.00,0.00,0.00,,0.00,0.00,0.00,0.00,,,,0.00,0.00,0.00,0.00,0.00,0.00,0.00,0.00,0.00,0.00
Namibia,NAM,20200214,0.00,,0.00,,0.00,,0.00,,0.00,,0.00,,0.00,,0.00,0.00,,0.00,0.00,0.00,0.00,,0.00,0.00,0.00,0.00,,,,0.00,0.00,0.00,0.00,0.00,0.00,0.00,0.00,0.00,0.00
Namibia,NAM,20200215,0.00,,0.00,,0.00,,0.00,,0.00,,0.00,,0.00,,0.00,0.00,,0.00,0.00,0.00,0.00,,0.00,0.00,0.00,0.00,,,,0.00,0.00,0.00,0.00,0.00,0.00,0.00,0.00,0.00,0.00
Namibia,NAM,20200216,0.00,,0.00,,0.00,,0.00,,0.00,,0.00,,0.00,,0.00,0.00,,0.00,0.00,0.00,0.00,,0.00,0.00,0.00,0.00,,,,0.00,0.00,0.00,0.00,0.00,0.00,0.00,0.00,0.00,0.00
Namibia,NAM,20200217,0.00,,0.00,,0.00,,0.00,,0.00,,0.00,,0.00,,0.00,0.00,,0.00,0.00,0.00,0.00,,0.00,0.00,0.00,0.00,,,,0.00,0.00,0.00,0.00,0.00,0.00,0.00,0.00,0.00,0.00
Namibia,NAM,20200218,0.00,,0.00,,0.00,,0.00,,0.00,,0.00,,0.00,,0.00,0.00,,0.00,0.00,0.00,0.00,,0.00,0.00,0.00,0.00,,,,0.00,0.00,0.00,0.00,0.00,0.00,0.00,0.00,0.00,0.00
Namibia,NAM,20200219,0.00,,0.00,,0.00,,0.00,,0.00,,0.00,,0.00,,0.00,0.00,,0.00,0.00,0.00,0.00,,0.00,0.00,0.00,0.00,,,,0.00,0.00,0.00,0.00,0.00,0.00,0.00,0.00,0.00,0.00
Namibia,NAM,20200220,0.00,,0.00,,0.00,,0.00,,0.00,,0.00,,0.00,,0.00,0.00,,0.00,0.00,0.00,0.00,,0.00,0.00,0.00,0.00,,,,0.00,0.00,0.00,0.00,0.00,0.00,0.00,0.00,0.00,0.00
Namibia,NAM,20200221,0.00,,0.00,,0.00,,0.00,,0.00,,0.00,,0.00,,0.00,0.00,,0.00,0.00,0.00,0.00,,0.00,0.00,0.00,0.00,,,,0.00,0.00,0.00,0.00,0.00,0.00,0.00,0.00,0.00,0.00
Namibia,NAM,20200222,0.00,,0.00,,0.00,,0.00,,0.00,,0.00,,0.00,,0.00,0.00,,0.00,0.00,0.00,0.00,,0.00,0.00,0.00,0.00,,,,0.00,0.00,0.00,0.00,0.00,0.00,0.00,0.00,0.00,0.00
Namibia,NAM,20200223,0.00,,0.00,,0.00,,0.00,,0.00,,0.00,,0.00,,0.00,0.00,,0.00,0.00,0.00,0.00,,0.00,0.00,0.00,0.00,,,,0.00,0.00,0.00,0.00,0.00,0.00,0.00,0.00,0.00,0.00
Namibia,NAM,20200224,0.00,,0.00,,0.00,,0.00,,0.00,,0.00,,0.00,,0.00,0.00,,0.00,0.00,0.00,0.00,,0.00,0.00,0.00,0.00,,,,0.00,0.00,0.00,0.00,0.00,0.00,0.00,0.00,0.00,0.00
Namibia,NAM,20200225,0.00,,0.00,,0.00,,0.00,,0.00,,0.00,,0.00,,0.00,0.00,,0.00,0.00,0.00,0.00,,0.00,0.00,0.00,0.00,,,,0.00,0.00,0.00,0.00,0.00,0.00,0.00,0.00,0.00,0.00
Namibia,NAM,20200226,0.00,,0.00,,0.00,,0.00,,0.00,,0.00,,0.00,,0.00,0.00,,0.00,0.00,0.00,0.00,,0.00,0.00,0.00,0.00,,,,0.00,0.00,0.00,0.00,0.00,0.00,0.00,0.00,0.00,0.00
Namibia,NAM,20200227,0.00,,0.00,,0.00,,0.00,,0.00,,0.00,,0.00,,0.00,0.00,,0.00,0.00,0.00,0.00,,0.00,0.00,0.00,0.00,,,,0.00,0.00,0.00,0.00,0.00,0.00,0.00,0.00,0.00,0.00
Namibia,NAM,20200228,0.00,,0.00,,0.00,,0.00,,0.00,,0.00,,0.00,,0.00,0.00,,0.00,0.00,0.00,0.00,,0.00,0.00,0.00,0.00,,,,0.00,0.00,0.00,0.00,0.00,0.00,0.00,0.00,0.00,0.00
Namibia,NAM,20200229,0.00,,0.00,,0.00,,0.00,,0.00,,0.00,,0.00,,0.00,0.00,,0.00,0.00,0.00,0.00,,0.00,0.00,0.00,0.00,,,,0.00,0.00,0.00,0.00,0.00,0.00,0.00,0.00,0.00,0.00
Namibia,NAM,20200301,0.00,,0.00,,0.00,,0.00,,0.00,,0.00,,0.00,,1.00,0.00,,0.00,0.00,0.00,0.00,,0.00,0.00,0.00,0.00,,,,2.78,2.78,3.57,3.57,1.92,1.92,2.27,2.27,0.00,0.00
Namibia,NAM,20200302,0.00,,0.00,,0.00,,0.00,,0.00,,0.00,,0.00,,1.00,0.00,,0.00,0.00,0.00,0.00,,0.00,0.00,0.00,0.00,,,,2.78,2.78,3.57,3.57,1.92,1.92,2.27,2.27,0.00,0.00
Namibia,NAM,20200303,0.00,,0.00,,0.00,,0.00,,0.00,,0.00,,0.00,,1.00,0.00,,0.00,0.00,0.00,0.00,,0.00,0.00,0.00,0.00,,,,2.78,2.78,3.57,3.57,1.92,1.92,2.27,2.27,0.00,0.00
Namibia,NAM,20200304,0.00,,0.00,,0.00,,0.00,,0.00,,0.00,,0.00,,1.00,0.00,,0.00,0.00,0.00,0.00,,0.00,0.00,0.00,0.00,,,,2.78,2.78,3.57,3.57,1.92,1.92,2.27,2.27,0.00,0.00
Namibia,NAM,20200305,0.00,,0.00,,0.00,,0.00,,0.00,,0.00,,0.00,,1.00,0.00,,0.00,0.00,0.00,0.00,,0.00,0.00,0.00,0.00,,,,2.78,2.78,3.57,3.57,1.92,1.92,2.27,2.27,0.00,0.00
Namibia,NAM,20200306,0.00,,0.00,,0.00,,0.00,,0.00,,0.00,,0.00,,1.00,0.00,,0.00,0.00,0.00,0.00,,0.00,0.00,0.00,0.00,,,,2.78,2.78,3.57,3.57,1.92,1.92,2.27,2.27,0.00,0.00
Namibia,NAM,20200307,0.00,,0.00,,0.00,,0.00,,0.00,,0.00,,0.00,,1.00,0.00,,0.00,0.00,0.00,0.00,,0.00,0.00,0.00,0.00,,,,2.78,2.78,3.57,3.57,1.92,1.92,2.27,2.27,0.00,0.00
Namibia,NAM,20200308,0.00,,0.00,,0.00,,0.00,,0.00,,0.00,,0.00,,1.00,0.00,,0.00,0.00,0.00,0.00,,0.00,0.00,0.00,0.00,,,,2.78,2.78,3.57,3.57,1.92,1.92,2.27,2.27,0.00,0.00
Namibia,NAM,20200309,0.00,,0.00,,0.00,,0.00,,0.00,,0.00,,0.00,,1.00,0.00,,0.00,0.00,0.00,0.00,,0.00,0.00,0.00,0.00,,,,2.78,2.78,3.57,3.57,1.92,1.92,2.27,2.27,0.00,0.00
Namibia,NAM,20200310,0.00,,0.00,,0.00,,0.00,,0.00,,0.00,,0.00,,1.00,0.00,,0.00,0.00,0.00,0.00,,0.00,0.00,0.00,0.00,,,,2.78,2.78,3.57,3.57,1.92,1.92,2.27,2.27,0.00,0.00
Namibia,NAM,20200311,0.00,,0.00,,0.00,,0.00,,0.00,,0.00,,0.00,,1.00,0.00,,0.00,0.00,0.00,0.00,,0.00,0.00,0.00,0.00,,,,2.78,2.78,3.57,3.57,1.92,1.92,2.27,2.27,0.00,0.00
Namibia,NAM,20200312,0.00,,0.00,,0.00,,0.00,,0.00,,0.00,,0.00,,1.00,0.00,,0.00,0.00,0.00,0.00,,0.00,0.00,0.00,0.00,,,,2.78,2.78,3.57,3.57,1.92,1.92,2.27,2.27,0.00,0.00
Namibia,NAM,20200313,0.00,,0.00,,0.00,,0.00,,0.00,,0.00,,0.00,,1.00,0.00,,0.00,0.00,0.00,0.00,,0.00,0.00,0.00,0.00,,,,2.78,2.78,3.57,3.57,1.92,1.92,2.27,2.27,0.00,0.00
Namibia,NAM,20200314,0.00,,0.00,,0.00,,0.00,,0.00,,0.00,,0.00,,3.00,0.00,,0.00,0.00,0.00,0.00,,1.00,2.00,0.00,0.00,,,,8.33,8.33,10.71,10.71,16.03,16.03,18.94,18.94,0.00,0.00
Namibia,NAM,20200315,0.00,,0.00,,0.00,,0.00,,0.00,,0.00,,0.00,,3.00,0.00,,0.00,0.00,0.00,0.00,,1.00,2.00,0.00,0.00,,2,0,8.33,8.33,10.71,10.71,16.03,16.03,18.94,18.94,0.00,0.00
Namibia,NAM,20200316,0.00,,0.00,,0.00,,0.00,,0.00,,0.00,,0.00,,3.00,0.00,,0.00,0.00,0.00,0.00,,1.00,2.00,0.00,0.00,,2,0,8.33,8.33,10.71,10.71,16.03,16.03,18.94,18.94,0.00,0.00
Namibia,NAM,20200317,3.00,1,0.00,,2.00,1,3.00,1,0.00,,0.00,,0.00,,3.00,0.00,,0.00,0.00,0.00,2.00,1,1.00,2.00,0.00,0.00,,2,0,50.00,50.00,53.57,53.57,44.87,44.87,53.03,53.03,0.00,0.00
Namibia,NAM,20200318,3.00,1,0.00,,2.00,1,3.00,1,0.00,,0.00,,0.00,,3.00,0.00,,0.00,0.00,0.00,2.00,1,1.00,2.00,0.00,0.00,,2,0,50.00,50.00,53.57,53.57,44.87,44.87,53.03,53.03,0.00,0.00
Namibia,NAM,20200319,3.00,1,0.00,,2.00,1,3.00,1,0.00,,0.00,,0.00,,3.00,0.00,,0.00,0.00,0.00,2.00,1,1.00,2.00,0.00,0.00,,2,0,50.00,50.00,53.57,53.57,44.87,44.87,53.03,53.03,0.00,0.00
Namibia,NAM,20200320,3.00,1,0.00,,2.00,1,3.00,1,0.00,,0.00,,0.00,,3.00,0.00,,0.00,0.00,0.00,2.00,1,1.00,2.00,0.00,0.00,,2,0,50.00,50.00,53.57,53.57,44.87,44.87,53.03,53.03,0.00,0.00
Namibia,NAM,20200321,3.00,1,0.00,,2.00,1,3.00,1,0.00,,0.00,,0.00,,3.00,0.00,,0.00,0.00,0.00,2.00,1,1.00,2.00,0.00,0.00,,3,0,50.00,50.00,53.57,53.57,44.87,44.87,53.03,53.03,0.00,0.00
Namibia,NAM,20200322,3.00,1,0.00,,2.00,1,3.00,1,0.00,,0.00,,0.00,,3.00,0.00,,0.00,0.00,0.00,2.00,1,1.00,2.00,0.00,0.00,,3,0,50.00,50.00,53.57,53.57,44.87,44.87,53.03,53.03,0.00,0.00
Namibia,NAM,20200323,3.00,1,0.00,,2.00,1,3.00,1,0.00,,0.00,,0.00,,3.00,0.00,,0.00,0.00,0.00,2.00,1,1.00,2.00,0.00,0.00,,3,0,50.00,50.00,53.57,53.57,44.87,44.87,53.03,53.03,0.00,0.00
Namibia,NAM,20200324,3.00,1,0.00,,2.00,1,3.00,1,0.00,,0.00,,0.00,,4.00,0.00,,0.00,0.00,0.00,2.00,1,1.00,2.00,0.00,0.00,,3,0,52.78,52.78,57.14,57.14,46.79,46.79,55.30,55.30,0.00,0.00
Namibia,NAM,20200325,3.00,1,0.00,,2.00,1,3.00,1,0.00,,0.00,,0.00,,4.00,0.00,,0.00,0.00,0.00,2.00,1,1.00,2.00,0.00,0.00,,3,0,52.78,52.78,57.14,57.14,46.79,46.79,55.30,55.30,0.00,0.00
Namibia,NAM,20200326,3.00,1,0.00,,2.00,1,3.00,1,0.00,,0.00,,0.00,,4.00,0.00,,1.00,0.00,0.00,2.00,1,1.00,2.00,0.00,0.00,,4,0,52.78,52.78,57.14,57.14,50.64,50.64,55.30,55.30,25.00,25.00
Namibia,NAM,20200327,3.00,1,0.00,,2.00,1,3.00,1,0.00,,2.00,0,2.00,0,4.00,0.00,,1.00,0.00,0.00,2.00,1,1.00,2.00,0.00,0.00,,8,0,66.67,66.67,66.67,66.67,60.26,60.26,66.67,66.67,25.00,25.00
Namibia,NAM,20200328,3.00,1,0.00,,2.00,1,3.00,1,0.00,,2.00,0,2.00,0,4.00,0.00,,1.00,0.00,0.00,2.00,1,1.00,2.00,0.00,0.00,,8,0,66.67,66.67,66.67,66.67,60.26,60.26,66.67,66.67,25.00,25.00
Namibia,NAM,20200329,3.00,1,0.00,,2.00,1,3.00,1,0.00,,2.00,0,2.00,0,4.00,0.00,,1.00,0.00,0.00,2.00,1,1.00,2.00,0.00,0.00,,8,0,66.67,66.67,66.67,66.67,60.26,60.26,66.67,66.67,25.00,25.00
Namibia,NAM,20200330,3.00,1,0.00,,2.00,1,3.00,1,0.00,,2.00,0,2.00,0,4.00,0.00,,1.00,0.00,0.00,2.00,1,1.00,2.00,0.00,0.00,,11,0,66.67,66.67,66.67,66.67,60.26,60.26,66.67,66.67,25.00,25.00
Namibia,NAM,20200331,3.00,1,0.00,,2.00,1,3.00,1,0.00,,2.00,0,2.00,0,4.00,0.00,,1.00,0.00,0.00,2.00,1,1.00,2.00,0.00,0.00,,11,0,66.67,66.67,66.67,66.67,60.26,60.26,66.67,66.67,25.00,25.00
Namibia,NAM,20200401,3.00,1,0.00,,2.00,1,3.00,1,0.00,,2.00,0,2.00,0,4.00,2.00,1,1.00,441411500.91,0.00,2.00,1,1.00,2.00,0.00,0.00,,11,0,66.67,66.67,66.67,66.67,67.95,67.95,66.67,66.67,75.00,75.00
Namibia,NAM,20200402,3.00,1,0.00,,2.00,1,3.00,1,0.00,,2.00,0,2.00,0,4.00,2.00,1,1.00,0.00,0.00,2.00,1,1.00,2.00,0.00,0.00,,13,0,66.67,66.67,66.67,66.67,67.95,67.95,66.67,66.67,75.00,75.00
Namibia,NAM,20200403,3.00,1,0.00,,2.00,1,3.00,1,0.00,,2.00,0,2.00,0,4.00,2.00,1,1.00,0.00,0.00,2.00,1,1.00,2.00,0.00,0.00,,13,0,66.67,66.67,66.67,66.67,67.95,67.95,66.67,66.67,75.00,75.00
Namibia,NAM,20200404,3.00,1,0.00,,2.00,1,3.00,1,0.00,,2.00,0,2.00,0,4.00,2.00,1,1.00,0.00,0.00,2.00,1,1.00,2.00,0.00,0.00,,14,0,66.67,66.67,66.67,66.67,67.95,67.95,66.67,66.67,75.00,75.00
Namibia,NAM,20200405,3.00,1,0.00,,2.00,1,3.00,1,0.00,,2.00,0,2.00,0,4.00,2.00,1,1.00,0.00,0.00,2.00,1,1.00,2.00,0.00,0.00,,14,0,66.67,66.67,66.67,66.67,67.95,67.95,66.67,66.67,75.00,75.00
Namibia,NAM,20200406,3.00,1,0.00,,2.00,1,3.00,1,0.00,,2.00,0,2.00,0,4.00,2.00,1,1.00,0.00,0.00,2.00,1,1.00,2.00,0.00,0.00,,16,0,66.67,66.67,66.67,66.67,67.95,67.95,66.67,66.67,75.00,75.00
Namibia,NAM,20200407,3.00,1,0.00,,2.00,1,3.00,1,0.00,,2.00,0,2.00,0,4.00,2.00,1,1.00,0.00,0.00,2.00,1,1.00,2.00,0.00,0.00,,16,0,66.67,66.67,66.67,66.67,67.95,67.95,66.67,66.67,75.00,75.00
Namibia,NAM,20200408,3.00,1,0.00,,2.00,1,3.00,1,0.00,,2.00,0,2.00,0,4.00,2.00,1,1.00,0.00,0.00,2.00,1,1.00,2.00,0.00,0.00,,16,0,66.67,66.67,66.67,66.67,67.95,67.95,66.67,66.67,75.00,75.00
Namibia,NAM,20200409,3.00,1,0.00,,2.00,1,3.00,1,0.00,,2.00,0,2.00,0,4.00,2.00,1,1.00,0.00,0.00,2.00,1,1.00,2.00,0.00,0.00,,16,0,66.67,66.67,66.67,66.67,67.95,67.95,66.67,66.67,75.00,75.00
Namibia,NAM,20200410,3.00,1,0.00,,2.00,1,3.00,1,0.00,,2.00,0,2.00,0,4.00,2.00,1,1.00,0.00,0.00,2.00,1,1.00,2.00,0.00,0.00,,16,0,66.67,66.67,66.67,66.67,67.95,67.95,66.67,66.67,75.00,75.00
Namibia,NAM,20200411,3.00,1,0.00,,2.00,1,3.00,1,0.00,,2.00,0,2.00,0,4.00,2.00,1,1.00,0.00,0.00,2.00,1,1.00,2.00,0.00,0.00,,16,0,66.67,66.67,66.67,66.67,67.95,67.95,66.67,66.67,75.00,75.00
Namibia,NAM,20200412,3.00,1,0.00,,2.00,1,3.00,1,0.00,,2.00,0,2.00,0,4.00,2.00,1,1.00,0.00,0.00,2.00,1,1.00,2.00,0.00,0.00,,16,0,66.67,66.67,66.67,66.67,67.95,67.95,66.67,66.67,75.00,75.00
Namibia,NAM,20200413,3.00,1,0.00,,2.00,1,3.00,1,0.00,,2.00,0,2.00,0,4.00,2.00,1,1.00,0.00,0.00,2.00,1,1.00,2.00,0.00,0.00,,16,0,66.67,66.67,66.67,66.67,67.95,67.95,66.67,66.67,75.00,75.00
Namibia,NAM,20200414,3.00,1,0.00,,2.00,1,3.00,1,0.00,,2.00,0,2.00,0,4.00,2.00,1,1.00,0.00,0.00,2.00,1,1.00,2.00,0.00,0.00,,16,0,66.67,66.67,66.67,66.67,67.95,67.95,66.67,66.67,75.00,75.00
Namibia,NAM,20200415,3.00,1,0.00,,2.00,1,3.00,1,0.00,,2.00,0,2.00,0,4.00,2.00,1,1.00,0.00,0.00,2.00,1,1.00,2.00,0.00,0.00,,16,0,66.67,66.67,66.67,66.67,67.95,67.95,66.67,66.67,75.00,75.00
Namibia,NAM,20200416,3.00,1,0.00,,2.00,1,3.00,1,0.00,,2.00,0,2.00,0,4.00,2.00,1,1.00,0.00,0.00,2.00,1,1.00,2.00,0.00,0.00,,16,0,66.67,66.67,66.67,66.67,67.95,67.95,66.67,66.67,75.00,75.00
Namibia,NAM,20200417,3.00,1,1.00,1,2.00,1,3.00,1,0.00,,2.00,0,2.00,1,4.00,2.00,1,1.00,0.00,0.00,2.00,1,1.00,2.00,0.00,0.00,,16,0,73.15,73.15,78.57,78.57,72.44,72.44,71.97,71.97,75.00,75.00
Namibia,NAM,20200418,3.00,1,1.00,1,2.00,1,3.00,1,0.00,,2.00,0,2.00,1,4.00,2.00,1,1.00,0.00,0.00,2.00,1,1.00,2.00,0.00,0.00,,16,0,73.15,73.15,78.57,78.57,72.44,72.44,71.97,71.97,75.00,75.00
Namibia,NAM,20200419,3.00,1,1.00,1,2.00,1,3.00,1,0.00,,2.00,0,2.00,1,4.00,2.00,1,1.00,0.00,0.00,2.00,1,1.00,2.00,0.00,0.00,,16,0,73.15,73.15,78.57,78.57,72.44,72.44,71.97,71.97,75.00,75.00
Namibia,NAM,20200420,3.00,1,1.00,1,2.00,1,3.00,1,0.00,,2.00,0,2.00,1,4.00,2.00,1,1.00,0.00,0.00,2.00,1,1.00,2.00,0.00,0.00,,16,0,73.15,73.15,78.57,78.57,72.44,72.44,71.97,71.97,75.00,75.00
Namibia,NAM,20200421,3.00,1,1.00,1,2.00,1,3.00,1,0.00,,2.00,0,2.00,1,4.00,2.00,1,1.00,0.00,0.00,2.00,1,1.00,2.00,0.00,0.00,,16,0,73.15,73.15,78.57,78.57,72.44,72.44,71.97,71.97,75.00,75.00
Namibia,NAM,20200422,3.00,1,1.00,1,2.00,1,3.00,1,0.00,,2.00,0,2.00,1,4.00,2.00,1,1.00,0.00,0.00,2.00,1,1.00,2.00,0.00,0.00,,16,0,73.15,73.15,78.57,78.57,72.44,72.44,71.97,71.97,75.00,75.00
Namibia,NAM,20200423,3.00,1,1.00,1,2.00,1,3.00,1,0.00,,2.00,0,2.00,1,4.00,2.00,1,1.00,0.00,0.00,2.00,1,1.00,2.00,0.00,0.00,,16,0,73.15,73.15,78.57,78.57,72.44,72.44,71.97,71.97,75.00,75.00
Namibia,NAM,20200424,3.00,1,1.00,1,2.00,1,3.00,1,0.00,,2.00,0,2.00,1,4.00,2.00,1,1.00,0.00,0.00,2.00,1,1.00,2.00,0.00,0.00,,16,0,73.15,73.15,78.57,78.57,72.44,72.44,71.97,71.97,75.00,75.00
Namibia,NAM,20200425,3.00,1,1.00,1,2.00,1,3.00,1,0.00,,2.00,0,2.00,1,4.00,2.00,1,1.00,0.00,0.00,2.00,1,1.00,2.00,0.00,0.00,,16,0,73.15,73.15,78.57,78.57,72.44,72.44,71.97,71.97,75.00,75.00
Namibia,NAM,20200426,3.00,1,1.00,1,2.00,1,3.00,1,0.00,,2.00,0,2.00,1,4.00,2.00,1,1.00,0.00,0.00,2.00,1,1.00,2.00,0.00,0.00,,16,0,73.15,73.15,78.57,78.57,72.44,72.44,71.97,71.97,75.00,75.00
Namibia,NAM,20200427,3.00,1,1.00,1,2.00,1,3.00,1,0.00,,2.00,0,2.00,1,4.00,2.00,1,1.00,0.00,0.00,2.00,1,1.00,2.00,0.00,0.00,,16,0,73.15,73.15,78.57,78.57,72.44,72.44,71.97,71.97,75.00,75.00
Namibia,NAM,20200428,3.00,1,1.00,1,2.00,1,3.00,1,0.00,,2.00,0,2.00,1,4.00,2.00,1,1.00,0.00,0.00,2.00,1,1.00,2.00,0.00,0.00,,16,0,73.15,73.15,78.57,78.57,72.44,72.44,71.97,71.97,75.00,75.00
Namibia,NAM,20200429,3.00,1,1.00,1,2.00,1,3.00,1,0.00,,2.00,0,2.00,1,4.00,2.00,1,1.00,0.00,0.00,2.00,1,1.00,2.00,0.00,0.00,,16,0,73.15,73.15,78.57,78.57,72.44,72.44,71.97,71.97,75.00,75.00
Namibia,NAM,20200430,3.00,1,1.00,1,2.00,1,3.00,1,0.00,,2.00,0,2.00,1,4.00,2.00,1,1.00,0.00,0.00,2.00,1,1.00,2.00,0.00,0.00,,16,0,73.15,73.15,78.57,78.57,72.44,72.44,71.97,71.97,75.00,75.00
Namibia,NAM,20200501,3.00,1,1.00,1,2.00,1,3.00,1,0.00,,2.00,0,2.00,1,4.00,2.00,1,1.00,0.00,0.00,2.00,1,1.00,2.00,0.00,0.00,,16,0,73.15,73.15,78.57,78.57,72.44,72.44,71.97,71.97,75.00,75.00
Namibia,NAM,20200502,3.00,1,1.00,1,2.00,1,3.00,1,0.00,,2.00,0,2.00,1,4.00,2.00,1,1.00,0.00,0.00,2.00,1,1.00,2.00,0.00,0.00,,16,0,73.15,73.15,78.57,78.57,72.44,72.44,71.97,71.97,75.00,75.00
Namibia,NAM,20200503,3.00,1,1.00,1,2.00,1,3.00,1,0.00,,2.00,0,2.00,1,4.00,2.00,1,1.00,0.00,0.00,2.00,1,1.00,2.00,0.00,0.00,,16,0,73.15,73.15,78.57,78.57,72.44,72.44,71.97,71.97,75.00,75.00
Namibia,NAM,20200504,3.00,1,1.00,1,2.00,1,3.00,1,0.00,,2.00,0,2.00,1,4.00,2.00,1,1.00,0.00,0.00,2.00,1,1.00,2.00,0.00,0.00,,16,0,73.15,73.15,78.57,78.57,72.44,72.44,71.97,71.97,75.00,75.00
Namibia,NAM,20200505,3.00,1,2.00,1,2.00,1,4.00,1,0.00,,2.00,0,0.00,,4.00,2.00,1,1.00,0.00,0.00,2.00,1,1.00,2.00,0.00,0.00,,16,0,68.52,68.52,75.00,75.00,69.23,69.23,68.18,68.18,75.00,75.00
Namibia,NAM,20200506,3.00,1,2.00,1,2.00,1,4.00,1,0.00,,2.00,0,0.00,,4.00,2.00,1,1.00,0.00,0.00,2.00,1,1.00,2.00,0.00,0.00,,16,0,68.52,68.52,75.00,75.00,69.23,69.23,68.18,68.18,75.00,75.00
Namibia,NAM,20200507,3.00,1,2.00,1,2.00,1,4.00,1,0.00,,1.00,1,0.00,,4.00,2.00,1,1.00,0.00,0.00,2.00,1,1.00,2.00,0.00,0.00,,16,0,66.67,66.67,75.00,75.00,67.95,67.95,66.67,66.67,75.00,75.00
Namibia,NAM,20200508,3.00,1,2.00,1,2.00,1,4.00,1,0.00,,1.00,1,0.00,,4.00,2.00,1,1.00,0.00,0.00,2.00,1,1.00,2.00,0.00,0.00,,16,0,66.67,66.67,75.00,75.00,67.95,67.95,66.67,66.67,75.00,75.00
Namibia,NAM,20200509,3.00,1,2.00,1,2.00,1,4.00,1,0.00,,1.00,1,0.00,,4.00,2.00,1,1.00,0.00,0.00,2.00,1,1.00,2.00,0.00,0.00,,16,0,66.67,66.67,75.00,75.00,67.95,67.95,66.67,66.67,75.00,75.00
Namibia,NAM,20200510,3.00,1,2.00,1,2.00,1,4.00,1,0.00,,1.00,1,0.00,,4.00,2.00,1,1.00,0.00,0.00,2.00,1,1.00,2.00,0.00,0.00,,16,0,66.67,66.67,75.00,75.00,67.95,67.95,66.67,66.67,75.00,75.00
Namibia,NAM,20200511,3.00,1,2.00,1,2.00,1,4.00,1,0.00,,1.00,1,0.00,,4.00,2.00,1,1.00,0.00,0.00,2.00,1,1.00,2.00,0.00,0.00,,16,0,66.67,66.67,75.00,75.00,67.95,67.95,66.67,66.67,75.00,75.00
Namibia,NAM,20200512,3.00,1,2.00,1,2.00,1,4.00,1,0.00,,1.00,1,0.00,,4.00,2.00,1,1.00,0.00,0.00,2.00,1,1.00,2.00,0.00,0.00,,16,0,66.67,66.67,75.00,75.00,67.95,67.95,66.67,66.67,75.00,75.00
Namibia,NAM,20200513,3.00,1,2.00,1,2.00,1,4.00,1,0.00,,1.00,1,0.00,,4.00,2.00,1,1.00,0.00,0.00,2.00,1,1.00,2.00,0.00,0.00,,16,0,66.67,66.67,75.00,75.00,67.95,67.95,66.67,66.67,75.00,75.00
Namibia,NAM,20200514,3.00,1,2.00,1,2.00,1,4.00,1,0.00,,1.00,1,0.00,,4.00,2.00,1,1.00,0.00,0.00,2.00,1,1.00,2.00,0.00,0.00,,16,0,66.67,66.67,75.00,75.00,67.95,67.95,66.67,66.67,75.00,75.00
Namibia,NAM,20200515,3.00,1,2.00,1,2.00,1,4.00,1,0.00,,1.00,1,0.00,,4.00,2.00,1,1.00,0.00,0.00,2.00,1,1.00,2.00,0.00,0.00,,16,0,66.67,66.67,75.00,75.00,67.95,67.95,66.67,66.67,75.00,75.00
Namibia,NAM,20200516,3.00,1,2.00,1,2.00,1,4.00,1,0.00,,1.00,1,0.00,,4.00,2.00,1,1.00,0.00,0.00,2.00,1,1.00,2.00,0.00,0.00,,16,0,66.67,66.67,75.00,75.00,67.95,67.95,66.67,66.67,75.00,75.00
Namibia,NAM,20200517,3.00,1,2.00,1,2.00,1,4.00,1,0.00,,1.00,1,0.00,,4.00,2.00,1,1.00,0.00,0.00,2.00,1,1.00,2.00,0.00,0.00,,16,0,66.67,66.67,75.00,75.00,67.95,67.95,66.67,66.67,75.00,75.00
Namibia,NAM,20200518,3.00,1,2.00,1,2.00,1,4.00,1,0.00,,1.00,1,0.00,,4.00,2.00,1,1.00,0.00,0.00,2.00,1,1.00,2.00,0.00,0.00,,16,0,66.67,66.67,75.00,75.00,67.95,67.95,66.67,66.67,75.00,75.00
Namibia,NAM,20200519,3.00,1,2.00,1,2.00,1,4.00,1,0.00,,1.00,1,0.00,,4.00,2.00,1,1.00,0.00,0.00,2.00,1,1.00,2.00,0.00,0.00,,16,0,66.67,66.67,75.00,75.00,67.95,67.95,66.67,66.67,75.00,75.00
Namibia,NAM,20200520,3.00,1,2.00,1,2.00,1,4.00,1,0.00,,1.00,1,0.00,,4.00,2.00,1,1.00,0.00,0.00,2.00,1,1.00,2.00,0.00,0.00,,16,0,66.67,66.67,75.00,75.00,67.95,67.95,66.67,66.67,75.00,75.00
Namibia,NAM,20200521,3.00,1,2.00,1,2.00,1,4.00,1,0.00,,1.00,1,0.00,,4.00,2.00,1,1.00,0.00,0.00,2.00,1,1.00,2.00,0.00,0.00,,16,0,66.67,66.67,75.00,75.00,67.95,67.95,66.67,66.67,75.00,75.00
Namibia,NAM,20200522,3.00,1,2.00,1,2.00,1,4.00,1,0.00,,1.00,1,0.00,,4.00,2.00,1,1.00,0.00,0.00,2.00,1,1.00,2.00,0.00,0.00,,18,0,66.67,66.67,75.00,75.00,67.95,67.95,66.67,66.67,75.00,75.00
Namibia,NAM,20200523,3.00,1,2.00,1,2.00,1,4.00,1,0.00,,1.00,1,0.00,,4.00,2.00,1,1.00,0.00,0.00,2.00,1,1.00,2.00,0.00,0.00,,19,0,66.67,66.67,75.00,75.00,67.95,67.95,66.67,66.67,75.00,75.00
Namibia,NAM,20200524,3.00,1,2.00,1,2.00,1,4.00,1,0.00,,1.00,1,0.00,,4.00,2.00,1,1.00,0.00,0.00,2.00,1,1.00,2.00,0.00,0.00,,20,0,66.67,66.67,75.00,75.00,67.95,67.95,66.67,66.67,75.00,75.00
Namibia,NAM,20200525,3.00,1,2.00,1,2.00,1,4.00,1,0.00,,1.00,1,0.00,,4.00,2.00,1,1.00,0.00,0.00,2.00,1,1.00,2.00,0.00,0.00,,21,0,66.67,66.67,75.00,75.00,67.95,67.95,66.67,66.67,75.00,75.00
Namibia,NAM,20200526,3.00,1,2.00,1,2.00,1,4.00,1,0.00,,1.00,1,0.00,,4.00,2.00,1,1.00,0.00,0.00,2.00,1,1.00,2.00,0.00,0.00,,21,0,66.67,66.67,75.00,75.00,67.95,67.95,66.67,66.67,75.00,75.00
Namibia,NAM,20200527,3.00,1,2.00,1,2.00,1,4.00,1,0.00,,1.00,1,0.00,,4.00,2.00,1,1.00,0.00,0.00,2.00,1,1.00,2.00,0.00,0.00,,21,0,66.67,66.67,75.00,75.00,67.95,67.95,66.67,66.67,75.00,75.00
Namibia,NAM,20200528,3.00,1,2.00,1,2.00,1,4.00,1,0.00,,1.00,1,0.00,,4.00,2.00,1,1.00,0.00,0.00,2.00,1,1.00,2.00,0.00,0.00,,22,0,66.67,66.67,75.00,75.00,67.95,67.95,66.67,66.67,75.00,75.00
Namibia,NAM,20200529,3.00,1,2.00,1,2.00,1,4.00,1,0.00,,1.00,1,0.00,,4.00,2.00,1,1.00,0.00,0.00,2.00,1,1.00,2.00,0.00,0.00,,22,0,66.67,66.67,75.00,75.00,67.95,67.95,66.67,66.67,75.00,75.00
Namibia,NAM,20200530,3.00,1,2.00,1,2.00,1,4.00,1,0.00,,1.00,1,0.00,,4.00,2.00,1,1.00,0.00,0.00,2.00,1,1.00,2.00,0.00,0.00,,23,0,66.67,66.67,75.00,75.00,67.95,67.95,66.67,66.67,75.00,75.00
Namibia,NAM,20200531,3.00,1,2.00,1,2.00,1,4.00,1,0.00,,1.00,1,0.00,,4.00,2.00,1,1.00,0.00,0.00,2.00,1,1.00,2.00,0.00,0.00,,23,0,66.67,66.67,75.00,75.00,67.95,67.95,66.67,66.67,75.00,75.00
Namibia,NAM,20200601,2.00,1,2.00,1,1.00,1,3.00,1,0.00,,1.00,1,0.00,,4.00,2.00,1,1.00,0.00,0.00,2.00,1,1.00,2.00,0.00,0.00,,24,0,54.63,54.63,68.57,68.57,59.62,59.62,56.82,56.82,75.00,75.00
Namibia,NAM,20200602,2.00,1,2.00,1,1.00,1,3.00,1,0.00,,1.00,1,2.00,0,4.00,2.00,1,1.00,0.00,0.00,2.00,1,1.00,2.00,0.00,0.00,,25,0,62.96,62.96,70.95,70.95,65.38,65.38,63.64,63.64,75.00,75.00
Namibia,NAM,20200603,2.00,1,2.00,1,1.00,1,3.00,1,0.00,,1.00,1,2.00,0,4.00,2.00,1,1.00,0.00,0.00,2.00,1,1.00,2.00,0.00,0.00,,25,0,62.96,62.96,70.95,70.95,65.38,65.38,63.64,63.64,75.00,75.00
Namibia,NAM,20200604,2.00,1,2.00,1,1.00,1,3.00,1,0.00,,1.00,1,2.00,0,4.00,2.00,1,1.00,0.00,0.00,2.00,1,1.00,2.00,0.00,0.00,,25,0,62.96,62.96,70.95,70.95,65.38,65.38,63.64,63.64,75.00,75.00
Namibia,NAM,20200605,2.00,1,2.00,1,1.00,1,3.00,1,0.00,,1.00,1,2.00,0,4.00,2.00,1,1.00,0.00,0.00,2.00,1,1.00,2.00,0.00,0.00,,25,0,62.96,62.96,70.95,70.95,65.38,65.38,63.64,63.64,75.00,75.00
Namibia,NAM,20200606,2.00,1,2.00,1,1.00,1,3.00,1,0.00,,1.00,1,2.00,0,4.00,2.00,1,1.00,0.00,0.00,2.00,1,1.00,2.00,0.00,0.00,,25,0,62.96,62.96,70.95,70.95,65.38,65.38,63.64,63.64,75.00,75.00
Namibia,NAM,20200607,2.00,1,2.00,1,1.00,1,3.00,1,0.00,,1.00,1,2.00,0,4.00,2.00,1,1.00,0.00,0.00,2.00,1,1.00,2.00,0.00,0.00,,29,0,62.96,62.96,70.95,70.95,65.38,65.38,63.64,63.64,75.00,75.00
Namibia,NAM,20200608,2.00,1,2.00,1,1.00,1,3.00,1,0.00,,1.00,1,2.00,0,4.00,2.00,1,1.00,0.00,0.00,2.00,1,1.00,2.00,0.00,0.00,,29,0,62.96,62.96,70.95,70.95,65.38,65.38,63.64,63.64,75.00,75.00
Namibia,NAM,20200609,2.00,1,2.00,1,1.00,1,3.00,1,0.00,,1.00,1,2.00,0,4.00,2.00,1,1.00,0.00,0.00,2.00,1,1.00,2.00,0.00,0.00,,31,0,62.96,62.96,70.95,70.95,65.38,65.38,63.64,63.64,75.00,75.00
Namibia,NAM,20200610,2.00,1,2.00,1,1.00,1,3.00,1,0.00,,1.00,1,2.00,0,4.00,2.00,1,1.00,0.00,0.00,2.00,1,1.00,2.00,0.00,0.00,,31,0,62.96,62.96,70.95,70.95,65.38,65.38,63.64,63.64,75.00,75.00
Namibia,NAM,20200611,2.00,1,2.00,1,1.00,1,3.00,1,0.00,,1.00,1,2.00,0,4.00,2.00,1,1.00,0.00,0.00,2.00,1,1.00,2.00,0.00,0.00,,31,0,62.96,62.96,70.95,70.95,65.38,65.38,63.64,63.64,75.00,75.00
Namibia,NAM,20200612,2.00,1,2.00,1,1.00,1,3.00,1,0.00,,1.00,1,2.00,0,4.00,2.00,1,1.00,0.00,0.00,2.00,1,1.00,2.00,0.00,0.00,,31,0,62.96,62.96,70.95,70.95,65.38,65.38,63.64,63.64,75.00,75.00
Namibia,NAM,20200613,2.00,1,2.00,1,1.00,1,3.00,1,0.00,,1.00,1,2.00,0,4.00,2.00,1,1.00,0.00,0.00,2.00,1,1.00,2.00,0.00,0.00,,31,0,62.96,62.96,70.95,70.95,65.38,65.38,63.64,63.64,75.00,75.00
Namibia,NAM,20200614,2.00,1,2.00,1,1.00,1,3.00,1,0.00,,1.00,1,2.00,0,4.00,2.00,1,1.00,0.00,0.00,2.00,1,1.00,2.00,0.00,0.00,,32,0,62.96,62.96,70.95,70.95,65.38,65.38,63.64,63.64,75.00,75.00
Namibia,NAM,20200615,2.00,1,2.00,1,1.00,1,3.00,1,0.00,,1.00,1,2.00,0,4.00,2.00,1,1.00,,0.00,2.00,1,1.00,2.00,0.00,0.00,,32,0,62.96,62.96,70.95,70.95,65.38,65.38,63.64,63.64,75.00,75.00
Namibia,NAM,20200616,2.00,1,2.00,1,1.00,1,3.00,1,0.00,,1.00,1,2.00,0,4.00,2.00,1,1.00,0.00,0.00,2.00,1,1.00,2.00,0.00,0.00,,32,0,62.96,62.96,70.95,70.95,65.38,65.38,63.64,63.64,75.00,75.00
Namibia,NAM,20200617,2.00,1,2.00,1,1.00,1,3.00,1,0.00,,1.00,1,2.00,0,4.00,2.00,1,1.00,,0.00,2.00,1,1.00,2.00,0.00,0.00,,34,0,62.96,62.96,70.95,70.95,65.38,65.38,63.64,63.64,75.00,75.00
Namibia,NAM,20200618,2.00,1,2.00,1,1.00,1,3.00,1,0.00,,1.00,1,2.00,0,4.00,2.00,1,1.00,0.00,0.00,2.00,1,1.00,2.00,0.00,0.00,,36,0,62.96,62.96,70.95,70.95,65.38,65.38,63.64,63.64,75.00,75.00
Namibia,NAM,20200619,2.00,1,2.00,1,1.00,1,3.00,1,0.00,,1.00,1,2.00,0,4.00,2.00,1,1.00,0.00,0.00,2.00,1,1.00,2.00,0.00,0.00,,39,0,62.96,62.96,70.95,70.95,65.38,65.38,63.64,63.64,75.00,75.00
Namibia,NAM,20200620,2.00,1,2.00,1,1.00,1,3.00,1,0.00,,1.00,1,2.00,0,4.00,2.00,1,1.00,0.00,0.00,2.00,1,1.00,2.00,0.00,0.00,,45,0,62.96,62.96,70.95,70.95,65.38,65.38,63.64,63.64,75.00,75.00
Namibia,NAM,20200621,2.00,1,2.00,1,1.00,1,3.00,1,0.00,,1.00,1,2.00,0,4.00,2.00,1,1.00,0.00,0.00,2.00,1,1.00,2.00,0.00,0.00,,46,0,62.96,62.96,70.95,70.95,65.38,65.38,63.64,63.64,75.00,75.00
Namibia,NAM,20200622,2.00,1,2.00,1,1.00,1,3.00,1,0.00,,1.00,1,2.00,0,4.00,2.00,1,1.00,0.00,0.00,2.00,1,1.00,2.00,0.00,0.00,,55,0,62.96,62.96,70.95,70.95,65.38,65.38,63.64,63.64,75.00,75.00
Namibia,NAM,20200623,,,,,,,,,,,,,,,,,,,,,,,,,,,,63,0,,62.96,,70.95,,65.38,,63.64,,75.00
