Nicaragua,NIC,20200101,0.00,,0.00,,0.00,,0.00,,0.00,,0.00,,0.00,,0.00,0.00,,0.00,0.00,0.00,0.00,,0.00,0.00,0.00,0.00,,,,0.00,0.00,0.00,0.00,0.00,0.00,0.00,0.00,0.00,0.00
Nicaragua,NIC,20200102,0.00,,0.00,,0.00,,0.00,,0.00,,0.00,,0.00,,0.00,0.00,,0.00,0.00,0.00,0.00,,0.00,0.00,0.00,0.00,,,,0.00,0.00,0.00,0.00,0.00,0.00,0.00,0.00,0.00,0.00
Nicaragua,NIC,20200103,0.00,,0.00,,0.00,,0.00,,0.00,,0.00,,0.00,,0.00,0.00,,0.00,0.00,0.00,0.00,,0.00,0.00,0.00,0.00,,,,0.00,0.00,0.00,0.00,0.00,0.00,0.00,0.00,0.00,0.00
Nicaragua,NIC,20200104,0.00,,0.00,,0.00,,0.00,,0.00,,0.00,,0.00,,0.00,0.00,,0.00,0.00,0.00,0.00,,0.00,0.00,0.00,0.00,,,,0.00,0.00,0.00,0.00,0.00,0.00,0.00,0.00,0.00,0.00
Nicaragua,NIC,20200105,0.00,,0.00,,0.00,,0.00,,0.00,,0.00,,0.00,,0.00,0.00,,0.00,0.00,0.00,0.00,,0.00,0.00,0.00,0.00,,,,0.00,0.00,0.00,0.00,0.00,0.00,0.00,0.00,0.00,0.00
Nicaragua,NIC,20200106,0.00,,0.00,,0.00,,0.00,,0.00,,0.00,,0.00,,0.00,0.00,,0.00,0.00,0.00,0.00,,0.00,0.00,0.00,0.00,,,,0.00,0.00,0.00,0.00,0.00,0.00,0.00,0.00,0.00,0.00
Nicaragua,NIC,20200107,0.00,,0.00,,0.00,,0.00,,0.00,,0.00,,0.00,,0.00,0.00,,0.00,0.00,0.00,0.00,,0.00,0.00,0.00,0.00,,,,0.00,0.00,0.00,0.00,0.00,0.00,0.00,0.00,0.00,0.00
Nicaragua,NIC,20200108,0.00,,0.00,,0.00,,0.00,,0.00,,0.00,,0.00,,0.00,0.00,,0.00,0.00,0.00,0.00,,0.00,0.00,0.00,0.00,,,,0.00,0.00,0.00,0.00,0.00,0.00,0.00,0.00,0.00,0.00
Nicaragua,NIC,20200109,0.00,,0.00,,0.00,,0.00,,0.00,,0.00,,0.00,,0.00,0.00,,0.00,0.00,0.00,0.00,,0.00,0.00,0.00,0.00,,,,0.00,0.00,0.00,0.00,0.00,0.00,0.00,0.00,0.00,0.00
Nicaragua,NIC,20200110,0.00,,0.00,,0.00,,0.00,,0.00,,0.00,,0.00,,0.00,0.00,,0.00,0.00,0.00,0.00,,0.00,0.00,0.00,0.00,,,,0.00,0.00,0.00,0.00,0.00,0.00,0.00,0.00,0.00,0.00
Nicaragua,NIC,20200111,0.00,,0.00,,0.00,,0.00,,0.00,,0.00,,0.00,,0.00,0.00,,0.00,0.00,0.00,0.00,,0.00,0.00,0.00,0.00,,,,0.00,0.00,0.00,0.00,0.00,0.00,0.00,0.00,0.00,0.00
Nicaragua,NIC,20200112,0.00,,0.00,,0.00,,0.00,,0.00,,0.00,,0.00,,0.00,0.00,,0.00,0.00,0.00,0.00,,0.00,0.00,0.00,0.00,,,,0.00,0.00,0.00,0.00,0.00,0.00,0.00,0.00,0.00,0.00
Nicaragua,NIC,20200113,0.00,,0.00,,0.00,,0.00,,0.00,,0.00,,0.00,,0.00,0.00,,0.00,0.00,0.00,0.00,,0.00,0.00,0.00,0.00,,,,0.00,0.00,0.00,0.00,0.00,0.00,0.00,0.00,0.00,0.00
Nicaragua,NIC,20200114,0.00,,0.00,,0.00,,0.00,,0.00,,0.00,,0.00,,0.00,0.00,,0.00,0.00,0.00,0.00,,0.00,0.00,0.00,0.00,,,,0.00,0.00,0.00,0.00,0.00,0.00,0.00,0.00,0.00,0.00
Nicaragua,NIC,20200115,0.00,,0.00,,0.00,,0.00,,0.00,,0.00,,0.00,,0.00,0.00,,0.00,0.00,0.00,0.00,,0.00,0.00,0.00,0.00,,,,0.00,0.00,0.00,0.00,0.00,0.00,0.00,0.00,0.00,0.00
Nicaragua,NIC,20200116,0.00,,0.00,,0.00,,0.00,,0.00,,0.00,,0.00,,0.00,0.00,,0.00,0.00,0.00,0.00,,0.00,0.00,0.00,0.00,,,,0.00,0.00,0.00,0.00,0.00,0.00,0.00,0.00,0.00,0.00
Nicaragua,NIC,20200117,0.00,,0.00,,0.00,,0.00,,0.00,,0.00,,0.00,,0.00,0.00,,0.00,0.00,0.00,0.00,,0.00,0.00,0.00,0.00,,,,0.00,0.00,0.00,0.00,0.00,0.00,0.00,0.00,0.00,0.00
Nicaragua,NIC,20200118,0.00,,0.00,,0.00,,0.00,,0.00,,0.00,,0.00,,0.00,0.00,,0.00,0.00,0.00,0.00,,0.00,0.00,0.00,0.00,,,,0.00,0.00,0.00,0.00,0.00,0.00,0.00,0.00,0.00,0.00
Nicaragua,NIC,20200119,0.00,,0.00,,0.00,,0.00,,0.00,,0.00,,0.00,,0.00,0.00,,0.00,0.00,0.00,0.00,,0.00,0.00,0.00,0.00,,,,0.00,0.00,0.00,0.00,0.00,0.00,0.00,0.00,0.00,0.00
Nicaragua,NIC,20200120,0.00,,0.00,,0.00,,0.00,,0.00,,0.00,,0.00,,0.00,0.00,,0.00,0.00,0.00,0.00,,0.00,0.00,0.00,0.00,,,,0.00,0.00,0.00,0.00,0.00,0.00,0.00,0.00,0.00,0.00
Nicaragua,NIC,20200121,0.00,,0.00,,0.00,,0.00,,0.00,,0.00,,0.00,,0.00,0.00,,0.00,0.00,0.00,0.00,,0.00,0.00,0.00,0.00,,,,0.00,0.00,0.00,0.00,0.00,0.00,0.00,0.00,0.00,0.00
Nicaragua,NIC,20200122,0.00,,0.00,,0.00,,0.00,,0.00,,0.00,,0.00,,0.00,0.00,,0.00,0.00,0.00,0.00,,0.00,0.00,0.00,0.00,,,,0.00,0.00,0.00,0.00,0.00,0.00,0.00,0.00,0.00,0.00
Nicaragua,NIC,20200123,0.00,,0.00,,0.00,,0.00,,0.00,,0.00,,0.00,,0.00,0.00,,0.00,0.00,0.00,0.00,,0.00,0.00,0.00,0.00,,,,0.00,0.00,0.00,0.00,0.00,0.00,0.00,0.00,0.00,0.00
Nicaragua,NIC,20200124,0.00,,0.00,,0.00,,0.00,,0.00,,0.00,,0.00,,0.00,0.00,,0.00,0.00,0.00,0.00,,0.00,0.00,0.00,0.00,,,,0.00,0.00,0.00,0.00,0.00,0.00,0.00,0.00,0.00,0.00
Nicaragua,NIC,20200125,0.00,,0.00,,0.00,,0.00,,0.00,,0.00,,0.00,,0.00,0.00,,0.00,0.00,0.00,0.00,,0.00,0.00,0.00,0.00,,,,0.00,0.00,0.00,0.00,0.00,0.00,0.00,0.00,0.00,0.00
Nicaragua,NIC,20200126,0.00,,0.00,,0.00,,0.00,,0.00,,0.00,,0.00,,0.00,0.00,,0.00,0.00,0.00,0.00,,0.00,0.00,0.00,0.00,,,,0.00,0.00,0.00,0.00,0.00,0.00,0.00,0.00,0.00,0.00
Nicaragua,NIC,20200127,0.00,,0.00,,0.00,,0.00,,0.00,,0.00,,0.00,,0.00,0.00,,0.00,0.00,0.00,0.00,,0.00,0.00,0.00,0.00,,,,0.00,0.00,0.00,0.00,0.00,0.00,0.00,0.00,0.00,0.00
Nicaragua,NIC,20200128,0.00,,0.00,,0.00,,0.00,,0.00,,0.00,,0.00,,0.00,0.00,,0.00,0.00,0.00,0.00,,0.00,0.00,0.00,0.00,,,,0.00,0.00,0.00,0.00,0.00,0.00,0.00,0.00,0.00,0.00
Nicaragua,NIC,20200129,0.00,,0.00,,0.00,,0.00,,0.00,,0.00,,0.00,,0.00,0.00,,0.00,0.00,0.00,0.00,,0.00,0.00,0.00,0.00,,,,0.00,0.00,0.00,0.00,0.00,0.00,0.00,0.00,0.00,0.00
Nicaragua,NIC,20200130,0.00,,0.00,,0.00,,0.00,,0.00,,0.00,,0.00,,0.00,0.00,,0.00,0.00,0.00,0.00,,0.00,0.00,0.00,0.00,,,,0.00,0.00,0.00,0.00,0.00,0.00,0.00,0.00,0.00,0.00
Nicaragua,NIC,20200131,0.00,,0.00,,0.00,,0.00,,0.00,,0.00,,0.00,,0.00,0.00,,0.00,0.00,0.00,0.00,,0.00,0.00,0.00,0.00,,,,0.00,0.00,0.00,0.00,0.00,0.00,0.00,0.00,0.00,0.00
Nicaragua,NIC,20200201,0.00,,0.00,,0.00,,0.00,,0.00,,0.00,,0.00,,0.00,0.00,,0.00,0.00,0.00,0.00,,0.00,0.00,0.00,0.00,,,,0.00,0.00,0.00,0.00,0.00,0.00,0.00,0.00,0.00,0.00
Nicaragua,NIC,20200202,0.00,,0.00,,0.00,,0.00,,0.00,,0.00,,0.00,,0.00,0.00,,0.00,0.00,0.00,0.00,,0.00,0.00,0.00,0.00,,,,0.00,0.00,0.00,0.00,0.00,0.00,0.00,0.00,0.00,0.00
Nicaragua,NIC,20200203,0.00,,0.00,,0.00,,0.00,,0.00,,0.00,,0.00,,0.00,0.00,,0.00,0.00,0.00,0.00,,0.00,0.00,0.00,0.00,,,,0.00,0.00,0.00,0.00,0.00,0.00,0.00,0.00,0.00,0.00
Nicaragua,NIC,20200204,0.00,,0.00,,0.00,,0.00,,0.00,,0.00,,0.00,,0.00,0.00,,0.00,0.00,0.00,0.00,,0.00,0.00,0.00,0.00,,,,0.00,0.00,0.00,0.00,0.00,0.00,0.00,0.00,0.00,0.00
Nicaragua,NIC,20200205,0.00,,0.00,,0.00,,0.00,,0.00,,0.00,,0.00,,0.00,0.00,,0.00,0.00,0.00,0.00,,0.00,0.00,0.00,0.00,,,,0.00,0.00,0.00,0.00,0.00,0.00,0.00,0.00,0.00,0.00
Nicaragua,NIC,20200206,0.00,,0.00,,0.00,,0.00,,0.00,,0.00,,0.00,,0.00,0.00,,0.00,0.00,0.00,0.00,,0.00,0.00,0.00,0.00,,,,0.00,0.00,0.00,0.00,0.00,0.00,0.00,0.00,0.00,0.00
Nicaragua,NIC,20200207,0.00,,0.00,,0.00,,0.00,,0.00,,0.00,,0.00,,0.00,0.00,,0.00,0.00,0.00,0.00,,0.00,0.00,0.00,0.00,,,,0.00,0.00,0.00,0.00,0.00,0.00,0.00,0.00,0.00,0.00
Nicaragua,NIC,20200208,0.00,,0.00,,0.00,,0.00,,0.00,,0.00,,0.00,,0.00,0.00,,0.00,0.00,0.00,0.00,,0.00,0.00,0.00,0.00,,,,0.00,0.00,0.00,0.00,0.00,0.00,0.00,0.00,0.00,0.00
Nicaragua,NIC,20200209,0.00,,0.00,,0.00,,0.00,,0.00,,0.00,,0.00,,0.00,0.00,,0.00,0.00,0.00,0.00,,0.00,0.00,0.00,0.00,,,,0.00,0.00,0.00,0.00,0.00,0.00,0.00,0.00,0.00,0.00
Nicaragua,NIC,20200210,0.00,,0.00,,0.00,,0.00,,0.00,,0.00,,0.00,,0.00,0.00,,0.00,0.00,0.00,0.00,,0.00,0.00,0.00,0.00,,,,0.00,0.00,0.00,0.00,0.00,0.00,0.00,0.00,0.00,0.00
Nicaragua,NIC,20200211,0.00,,0.00,,0.00,,0.00,,0.00,,0.00,,0.00,,0.00,0.00,,0.00,0.00,0.00,0.00,,0.00,0.00,0.00,0.00,,,,0.00,0.00,0.00,0.00,0.00,0.00,0.00,0.00,0.00,0.00
Nicaragua,NIC,20200212,0.00,,0.00,,0.00,,0.00,,0.00,,0.00,,0.00,,0.00,0.00,,0.00,0.00,0.00,0.00,,0.00,0.00,0.00,0.00,,,,0.00,0.00,0.00,0.00,0.00,0.00,0.00,0.00,0.00,0.00
Nicaragua,NIC,20200213,0.00,,0.00,,0.00,,0.00,,0.00,,0.00,,0.00,,0.00,0.00,,0.00,0.00,0.00,0.00,,0.00,0.00,0.00,0.00,,,,0.00,0.00,0.00,0.00,0.00,0.00,0.00,0.00,0.00,0.00
Nicaragua,NIC,20200214,0.00,,0.00,,0.00,,0.00,,0.00,,0.00,,0.00,,0.00,0.00,,0.00,0.00,0.00,0.00,,0.00,0.00,0.00,0.00,,,,0.00,0.00,0.00,0.00,0.00,0.00,0.00,0.00,0.00,0.00
Nicaragua,NIC,20200215,0.00,,0.00,,0.00,,0.00,,0.00,,0.00,,0.00,,0.00,0.00,,0.00,0.00,0.00,0.00,,0.00,0.00,0.00,0.00,,,,0.00,0.00,0.00,0.00,0.00,0.00,0.00,0.00,0.00,0.00
Nicaragua,NIC,20200216,0.00,,0.00,,0.00,,0.00,,0.00,,0.00,,0.00,,0.00,0.00,,0.00,0.00,0.00,0.00,,0.00,0.00,0.00,0.00,,,,0.00,0.00,0.00,0.00,0.00,0.00,0.00,0.00,0.00,0.00
Nicaragua,NIC,20200217,0.00,,0.00,,0.00,,0.00,,0.00,,0.00,,0.00,,0.00,0.00,,0.00,0.00,0.00,0.00,,0.00,0.00,0.00,0.00,,,,0.00,0.00,0.00,0.00,0.00,0.00,0.00,0.00,0.00,0.00
Nicaragua,NIC,20200218,0.00,,0.00,,0.00,,0.00,,0.00,,0.00,,0.00,,0.00,0.00,,0.00,0.00,0.00,0.00,,0.00,0.00,0.00,0.00,,,,0.00,0.00,0.00,0.00,0.00,0.00,0.00,0.00,0.00,0.00
Nicaragua,NIC,20200219,0.00,,0.00,,0.00,,0.00,,0.00,,0.00,,0.00,,0.00,0.00,,0.00,0.00,0.00,0.00,,0.00,0.00,0.00,0.00,,,,0.00,0.00,0.00,0.00,0.00,0.00,0.00,0.00,0.00,0.00
Nicaragua,NIC,20200220,0.00,,0.00,,0.00,,0.00,,0.00,,0.00,,0.00,,0.00,0.00,,0.00,0.00,0.00,0.00,,0.00,0.00,0.00,0.00,,,,0.00,0.00,0.00,0.00,0.00,0.00,0.00,0.00,0.00,0.00
Nicaragua,NIC,20200221,0.00,,0.00,,0.00,,0.00,,0.00,,0.00,,0.00,,1.00,0.00,,0.00,0.00,0.00,0.00,,1.00,0.00,0.00,0.00,,,,2.78,2.78,3.57,3.57,4.49,4.49,5.30,5.30,0.00,0.00
Nicaragua,NIC,20200222,0.00,,0.00,,0.00,,0.00,,0.00,,0.00,,0.00,,1.00,0.00,,0.00,0.00,0.00,0.00,,1.00,0.00,0.00,0.00,,,,2.78,2.78,3.57,3.57,4.49,4.49,5.30,5.30,0.00,0.00
Nicaragua,NIC,20200223,0.00,,0.00,,0.00,,0.00,,0.00,,0.00,,0.00,,1.00,0.00,,0.00,0.00,0.00,0.00,,1.00,0.00,0.00,0.00,,,,2.78,2.78,3.57,3.57,4.49,4.49,5.30,5.30,0.00,0.00
Nicaragua,NIC,20200224,0.00,,0.00,,0.00,,0.00,,0.00,,0.00,,0.00,,1.00,0.00,,0.00,0.00,0.00,0.00,,1.00,0.00,0.00,0.00,,,,2.78,2.78,3.57,3.57,4.49,4.49,5.30,5.30,0.00,0.00
Nicaragua,NIC,20200225,0.00,,0.00,,0.00,,0.00,,0.00,,0.00,,0.00,,1.00,0.00,,0.00,0.00,0.00,1.00,1,1.00,0.00,0.00,0.00,,,,8.33,8.33,13.10,13.10,8.33,8.33,9.85,9.85,0.00,0.00
Nicaragua,NIC,20200226,0.00,,0.00,,0.00,,0.00,,0.00,,0.00,,0.00,,1.00,0.00,,0.00,0.00,0.00,1.00,1,1.00,0.00,0.00,0.00,,,,8.33,8.33,13.10,13.10,8.33,8.33,9.85,9.85,0.00,0.00
Nicaragua,NIC,20200227,0.00,,0.00,,0.00,,0.00,,0.00,,0.00,,0.00,,1.00,0.00,,0.00,0.00,0.00,1.00,1,1.00,0.00,0.00,0.00,,,,8.33,8.33,13.10,13.10,8.33,8.33,9.85,9.85,0.00,0.00
Nicaragua,NIC,20200228,0.00,,0.00,,0.00,,0.00,,0.00,,0.00,,0.00,,1.00,0.00,,0.00,0.00,0.00,1.00,1,1.00,0.00,0.00,0.00,,,,8.33,8.33,13.10,13.10,8.33,8.33,9.85,9.85,0.00,0.00
Nicaragua,NIC,20200229,0.00,,0.00,,0.00,,0.00,,0.00,,0.00,,0.00,,1.00,0.00,,0.00,0.00,0.00,1.00,1,1.00,0.00,0.00,0.00,,,,8.33,8.33,13.10,13.10,8.33,8.33,9.85,9.85,0.00,0.00
Nicaragua,NIC,20200301,0.00,,0.00,,0.00,,0.00,,0.00,,0.00,,0.00,,1.00,0.00,,0.00,0.00,0.00,1.00,1,1.00,0.00,0.00,0.00,,,,8.33,8.33,13.10,13.10,8.33,8.33,9.85,9.85,0.00,0.00
Nicaragua,NIC,20200302,0.00,,0.00,,0.00,,0.00,,0.00,,0.00,,0.00,,1.00,0.00,,0.00,0.00,0.00,1.00,1,1.00,0.00,0.00,0.00,,,,8.33,8.33,13.10,13.10,8.33,8.33,9.85,9.85,0.00,0.00
Nicaragua,NIC,20200303,0.00,,0.00,,0.00,,0.00,,0.00,,0.00,,0.00,,1.00,0.00,,0.00,0.00,0.00,1.00,1,1.00,0.00,0.00,0.00,,,,8.33,8.33,13.10,13.10,8.33,8.33,9.85,9.85,0.00,0.00
Nicaragua,NIC,20200304,0.00,,0.00,,0.00,,0.00,,0.00,,0.00,,0.00,,1.00,0.00,,0.00,0.00,0.00,1.00,1,1.00,0.00,0.00,0.00,,,,8.33,8.33,13.10,13.10,8.33,8.33,9.85,9.85,0.00,0.00
Nicaragua,NIC,20200305,0.00,,0.00,,0.00,,0.00,,0.00,,0.00,,0.00,,1.00,0.00,,0.00,0.00,0.00,1.00,1,1.00,0.00,0.00,0.00,,,,8.33,8.33,13.10,13.10,8.33,8.33,9.85,9.85,0.00,0.00
Nicaragua,NIC,20200306,0.00,,0.00,,0.00,,0.00,,0.00,,0.00,,0.00,,1.00,0.00,,0.00,0.00,0.00,1.00,1,1.00,0.00,0.00,0.00,,,,8.33,8.33,13.10,13.10,8.33,8.33,9.85,9.85,0.00,0.00
Nicaragua,NIC,20200307,0.00,,0.00,,0.00,,0.00,,0.00,,0.00,,0.00,,1.00,0.00,,0.00,0.00,0.00,1.00,1,1.00,0.00,0.00,0.00,,,,8.33,8.33,13.10,13.10,8.33,8.33,9.85,9.85,0.00,0.00
Nicaragua,NIC,20200308,0.00,,0.00,,0.00,,0.00,,0.00,,0.00,,0.00,,1.00,0.00,,0.00,0.00,0.00,1.00,1,1.00,0.00,0.00,0.00,,,,8.33,8.33,13.10,13.10,8.33,8.33,9.85,9.85,0.00,0.00
Nicaragua,NIC,20200309,0.00,,0.00,,0.00,,0.00,,0.00,,0.00,,0.00,,1.00,0.00,,0.00,0.00,0.00,1.00,1,1.00,0.00,0.00,0.00,,,,8.33,8.33,13.10,13.10,8.33,8.33,9.85,9.85,0.00,0.00
Nicaragua,NIC,20200310,0.00,,0.00,,0.00,,0.00,,0.00,,0.00,,0.00,,1.00,0.00,,0.00,0.00,0.00,1.00,1,1.00,0.00,0.00,0.00,,,,8.33,8.33,13.10,13.10,8.33,8.33,9.85,9.85,0.00,0.00
Nicaragua,NIC,20200311,0.00,,0.00,,0.00,,0.00,,0.00,,0.00,,0.00,,1.00,0.00,,0.00,0.00,0.00,1.00,1,1.00,0.00,0.00,0.00,,,,8.33,8.33,13.10,13.10,8.33,8.33,9.85,9.85,0.00,0.00
Nicaragua,NIC,20200312,0.00,,0.00,,0.00,,0.00,,0.00,,0.00,,0.00,,1.00,0.00,,0.00,0.00,0.00,1.00,1,1.00,0.00,0.00,0.00,,,,8.33,8.33,13.10,13.10,8.33,8.33,9.85,9.85,0.00,0.00
Nicaragua,NIC,20200313,0.00,,0.00,,0.00,,0.00,,0.00,,0.00,,0.00,,1.00,0.00,,0.00,0.00,0.00,1.00,1,1.00,0.00,0.00,0.00,,,,8.33,8.33,13.10,13.10,8.33,8.33,9.85,9.85,0.00,0.00
Nicaragua,NIC,20200314,0.00,,0.00,,0.00,,0.00,,0.00,,0.00,,0.00,,1.00,0.00,,0.00,0.00,0.00,1.00,1,1.00,0.00,0.00,0.00,,,,8.33,8.33,13.10,13.10,8.33,8.33,9.85,9.85,0.00,0.00
Nicaragua,NIC,20200315,0.00,,0.00,,0.00,,0.00,,0.00,,0.00,,0.00,,1.00,0.00,,0.00,0.00,0.00,1.00,1,1.00,0.00,0.00,0.00,,,,8.33,8.33,13.10,13.10,8.33,8.33,9.85,9.85,0.00,0.00
Nicaragua,NIC,20200316,0.00,,0.00,,0.00,,0.00,,0.00,,0.00,,0.00,,1.00,0.00,,0.00,0.00,0.00,1.00,1,1.00,0.00,0.00,0.00,,,,8.33,8.33,13.10,13.10,8.33,8.33,9.85,9.85,0.00,0.00
Nicaragua,NIC,20200317,0.00,,0.00,,0.00,,0.00,,0.00,,0.00,,0.00,,1.00,0.00,,0.00,0.00,0.00,1.00,1,1.00,0.00,0.00,0.00,,,,8.33,8.33,13.10,13.10,8.33,8.33,9.85,9.85,0.00,0.00
Nicaragua,NIC,20200318,0.00,,0.00,,0.00,,0.00,,0.00,,0.00,,0.00,,1.00,0.00,,0.00,0.00,0.00,1.00,1,1.00,0.00,0.00,0.00,,,,8.33,8.33,13.10,13.10,8.33,8.33,9.85,9.85,0.00,0.00
Nicaragua,NIC,20200319,0.00,,0.00,,0.00,,0.00,,0.00,,0.00,,0.00,,1.00,0.00,,0.00,0.00,0.00,1.00,1,1.00,0.00,0.00,0.00,,1,0,8.33,8.33,13.10,13.10,8.33,8.33,9.85,9.85,0.00,0.00
Nicaragua,NIC,20200320,0.00,,0.00,,0.00,,0.00,,0.00,,0.00,,0.00,,1.00,0.00,,0.00,0.00,0.00,1.00,1,1.00,0.00,0.00,0.00,,1,0,8.33,8.33,13.10,13.10,8.33,8.33,9.85,9.85,0.00,0.00
Nicaragua,NIC,20200321,0.00,,0.00,,0.00,,0.00,,0.00,,0.00,,0.00,,1.00,0.00,,0.00,0.00,0.00,1.00,1,1.00,0.00,0.00,0.00,,2,0,8.33,8.33,13.10,13.10,8.33,8.33,9.85,9.85,0.00,0.00
Nicaragua,NIC,20200322,0.00,,0.00,,0.00,,0.00,,0.00,,0.00,,0.00,,1.00,0.00,,0.00,0.00,0.00,1.00,1,1.00,0.00,0.00,0.00,,2,0,8.33,8.33,13.10,13.10,8.33,8.33,9.85,9.85,0.00,0.00
Nicaragua,NIC,20200323,0.00,,0.00,,0.00,,0.00,,0.00,,0.00,,0.00,,1.00,0.00,,0.00,0.00,0.00,1.00,1,1.00,0.00,0.00,0.00,,2,0,8.33,8.33,13.10,13.10,8.33,8.33,9.85,9.85,0.00,0.00
Nicaragua,NIC,20200324,0.00,,0.00,,0.00,,0.00,,0.00,,0.00,,0.00,,1.00,0.00,,0.00,0.00,0.00,1.00,1,1.00,0.00,0.00,0.00,,2,0,8.33,8.33,13.10,13.10,8.33,8.33,9.85,9.85,0.00,0.00
Nicaragua,NIC,20200325,0.00,,0.00,,0.00,,0.00,,0.00,,0.00,,0.00,,1.00,0.00,,0.00,0.00,0.00,1.00,1,1.00,0.00,0.00,0.00,,2,0,8.33,8.33,13.10,13.10,8.33,8.33,9.85,9.85,0.00,0.00
Nicaragua,NIC,20200326,0.00,,0.00,,0.00,,0.00,,0.00,,0.00,,0.00,,1.00,0.00,,0.00,0.00,0.00,1.00,1,1.00,0.00,0.00,0.00,,2,0,8.33,8.33,13.10,13.10,8.33,8.33,9.85,9.85,0.00,0.00
Nicaragua,NIC,20200327,0.00,,0.00,,0.00,,0.00,,0.00,,0.00,,0.00,,1.00,0.00,,0.00,0.00,0.00,1.00,1,1.00,0.00,0.00,0.00,,2,0,8.33,8.33,13.10,13.10,8.33,8.33,9.85,9.85,0.00,0.00
Nicaragua,NIC,20200328,0.00,,0.00,,0.00,,0.00,,0.00,,0.00,,0.00,,1.00,0.00,,0.00,0.00,0.00,1.00,1,1.00,0.00,0.00,0.00,,2,1,8.33,8.33,13.10,13.10,8.33,8.33,9.85,9.85,0.00,0.00
Nicaragua,NIC,20200329,0.00,,0.00,,0.00,,0.00,,0.00,,0.00,,0.00,,1.00,0.00,,0.00,0.00,0.00,1.00,1,1.00,0.00,0.00,0.00,,4,1,8.33,8.33,13.10,13.10,8.33,8.33,9.85,9.85,0.00,0.00
Nicaragua,NIC,20200330,0.00,,0.00,,0.00,,0.00,,0.00,,0.00,,0.00,,1.00,0.00,,0.00,0.00,0.00,1.00,1,1.00,0.00,0.00,0.00,,4,1,8.33,8.33,13.10,13.10,8.33,8.33,9.85,9.85,0.00,0.00
Nicaragua,NIC,20200331,0.00,,0.00,,0.00,,0.00,,0.00,,0.00,,0.00,,1.00,0.00,,0.00,0.00,0.00,1.00,1,1.00,0.00,0.00,0.00,,4,1,8.33,8.33,13.10,13.10,8.33,8.33,9.85,9.85,0.00,0.00
Nicaragua,NIC,20200401,0.00,,0.00,,0.00,,0.00,,0.00,,0.00,,0.00,,1.00,0.00,,0.00,0.00,0.00,1.00,1,1.00,0.00,0.00,0.00,,4,1,8.33,8.33,13.10,13.10,8.33,8.33,9.85,9.85,0.00,0.00
Nicaragua,NIC,20200402,0.00,,0.00,,0.00,,0.00,,0.00,,0.00,,0.00,,1.00,0.00,,0.00,0.00,0.00,1.00,1,1.00,0.00,0.00,0.00,,5,1,8.33,8.33,13.10,13.10,8.33,8.33,9.85,9.85,0.00,0.00
Nicaragua,NIC,20200403,0.00,,0.00,,0.00,,0.00,,0.00,,0.00,,0.00,,1.00,0.00,,0.00,0.00,0.00,1.00,1,1.00,0.00,0.00,0.00,,5,1,8.33,8.33,13.10,13.10,8.33,8.33,9.85,9.85,0.00,0.00
Nicaragua,NIC,20200404,0.00,,0.00,,0.00,,0.00,,0.00,,0.00,,0.00,,1.00,0.00,,0.00,0.00,0.00,1.00,1,1.00,0.00,0.00,0.00,,5,1,8.33,8.33,13.10,13.10,8.33,8.33,9.85,9.85,0.00,0.00
Nicaragua,NIC,20200405,0.00,,0.00,,0.00,,0.00,,0.00,,0.00,,0.00,,1.00,0.00,,0.00,0.00,0.00,1.00,1,1.00,0.00,0.00,0.00,,5,1,8.33,8.33,13.10,13.10,8.33,8.33,9.85,9.85,0.00,0.00
Nicaragua,NIC,20200406,0.00,,0.00,,0.00,,0.00,,0.00,,0.00,,0.00,,1.00,0.00,,0.00,0.00,0.00,1.00,1,1.00,0.00,0.00,0.00,,5,1,8.33,8.33,13.10,13.10,8.33,8.33,9.85,9.85,0.00,0.00
Nicaragua,NIC,20200407,0.00,,0.00,,0.00,,0.00,,0.00,,0.00,,0.00,,1.00,0.00,,0.00,0.00,0.00,1.00,1,1.00,0.00,0.00,0.00,,6,1,8.33,8.33,13.10,13.10,8.33,8.33,9.85,9.85,0.00,0.00
Nicaragua,NIC,20200408,0.00,,0.00,,0.00,,0.00,,0.00,,0.00,,0.00,,1.00,0.00,,0.00,0.00,0.00,1.00,1,1.00,0.00,0.00,0.00,,6,1,8.33,8.33,13.10,13.10,8.33,8.33,9.85,9.85,0.00,0.00
Nicaragua,NIC,20200409,0.00,,0.00,,0.00,,0.00,,0.00,,0.00,,0.00,,1.00,0.00,,0.00,0.00,0.00,1.00,1,1.00,0.00,0.00,0.00,,6,1,8.33,8.33,13.10,13.10,8.33,8.33,9.85,9.85,0.00,0.00
Nicaragua,NIC,20200410,0.00,,0.00,,0.00,,0.00,,0.00,,0.00,,0.00,,1.00,0.00,,0.00,0.00,0.00,1.00,1,1.00,0.00,0.00,0.00,,6,1,8.33,8.33,13.10,13.10,8.33,8.33,9.85,9.85,0.00,0.00
Nicaragua,NIC,20200411,0.00,,0.00,,0.00,,0.00,,0.00,,0.00,,0.00,,1.00,0.00,,0.00,0.00,0.00,1.00,1,1.00,0.00,0.00,0.00,,7,1,8.33,8.33,13.10,13.10,8.33,8.33,9.85,9.85,0.00,0.00
Nicaragua,NIC,20200412,0.00,,0.00,,0.00,,0.00,,0.00,,0.00,,0.00,,1.00,0.00,,0.00,0.00,0.00,1.00,1,1.00,0.00,0.00,0.00,,7,1,8.33,8.33,13.10,13.10,8.33,8.33,9.85,9.85,0.00,0.00
Nicaragua,NIC,20200413,0.00,,0.00,,0.00,,0.00,,0.00,,0.00,,0.00,,1.00,0.00,,0.00,0.00,0.00,1.00,1,1.00,0.00,0.00,0.00,,9,1,8.33,8.33,13.10,13.10,8.33,8.33,9.85,9.85,0.00,0.00
Nicaragua,NIC,20200414,0.00,,0.00,,0.00,,0.00,,0.00,,0.00,,0.00,,1.00,0.00,,0.00,0.00,0.00,1.00,1,,,,,,9,1,8.33,8.33,13.10,13.10,,,,,0.00,0.00
Nicaragua,NIC,20200415,0.00,,0.00,,0.00,,0.00,,0.00,,0.00,,0.00,,2.00,0.00,,0.00,0.00,0.00,2.00,1,1.00,0.00,0.00,0.00,,9,1,16.67,16.67,21.43,21.43,14.10,14.10,16.67,16.67,0.00,0.00
Nicaragua,NIC,20200416,0.00,,0.00,,0.00,,0.00,,0.00,,0.00,,0.00,,2.00,0.00,,0.00,0.00,0.00,2.00,1,1.00,0.00,0.00,0.00,,9,1,16.67,16.67,21.43,21.43,14.10,14.10,16.67,16.67,0.00,0.00
Nicaragua,NIC,20200417,0.00,,0.00,,0.00,,0.00,,0.00,,0.00,,0.00,,2.00,0.00,,0.00,0.00,0.00,2.00,1,1.00,0.00,0.00,0.00,,9,1,16.67,16.67,21.43,21.43,14.10,14.10,16.67,16.67,0.00,0.00
Nicaragua,NIC,20200418,0.00,,0.00,,0.00,,0.00,,0.00,,0.00,,0.00,,2.00,0.00,,0.00,0.00,0.00,2.00,1,1.00,0.00,0.00,0.00,,9,1,16.67,16.67,21.43,21.43,14.10,14.10,16.67,16.67,0.00,0.00
Nicaragua,NIC,20200419,0.00,,0.00,,0.00,,0.00,,0.00,,0.00,,0.00,,2.00,0.00,,0.00,0.00,0.00,2.00,1,1.00,0.00,0.00,0.00,,9,1,16.67,16.67,21.43,21.43,14.10,14.10,16.67,16.67,0.00,0.00
Nicaragua,NIC,20200420,0.00,,0.00,,0.00,,0.00,,0.00,,0.00,,0.00,,2.00,0.00,,0.00,0.00,0.00,2.00,1,1.00,0.00,0.00,0.00,,9,1,16.67,16.67,21.43,21.43,14.10,14.10,16.67,16.67,0.00,0.00
Nicaragua,NIC,20200421,0.00,,0.00,,0.00,,0.00,,0.00,,0.00,,0.00,,2.00,0.00,,0.00,0.00,0.00,2.00,1,1.00,0.00,0.00,0.00,,9,2,16.67,16.67,21.43,21.43,14.10,14.10,16.67,16.67,0.00,0.00
Nicaragua,NIC,20200422,0.00,,0.00,,0.00,,0.00,,0.00,,0.00,,0.00,,2.00,0.00,,0.00,0.00,0.00,2.00,1,1.00,0.00,0.00,0.00,,10,2,16.67,16.67,21.43,21.43,14.10,14.10,16.67,16.67,0.00,0.00
Nicaragua,NIC,20200423,0.00,,0.00,,0.00,,0.00,,0.00,,0.00,,0.00,,2.00,0.00,,0.00,0.00,0.00,2.00,1,1.00,0.00,0.00,0.00,,10,2,16.67,16.67,21.43,21.43,14.10,14.10,16.67,16.67,0.00,0.00
Nicaragua,NIC,20200424,0.00,,0.00,,0.00,,0.00,,0.00,,0.00,,0.00,,2.00,0.00,,0.00,0.00,0.00,2.00,1,1.00,0.00,0.00,0.00,,10,2,16.67,16.67,21.43,21.43,14.10,14.10,16.67,16.67,0.00,0.00
Nicaragua,NIC,20200425,0.00,,0.00,,0.00,,0.00,,0.00,,0.00,,0.00,,2.00,0.00,,0.00,0.00,0.00,2.00,1,1.00,0.00,0.00,0.00,,11,3,16.67,16.67,21.43,21.43,14.10,14.10,16.67,16.67,0.00,0.00
Nicaragua,NIC,20200426,0.00,,0.00,,0.00,,0.00,,0.00,,0.00,,0.00,,2.00,0.00,,0.00,0.00,0.00,2.00,1,1.00,0.00,0.00,0.00,,12,3,16.67,16.67,21.43,21.43,14.10,14.10,16.67,16.67,0.00,0.00
Nicaragua,NIC,20200427,0.00,,0.00,,0.00,,0.00,,0.00,,0.00,,0.00,,2.00,0.00,,0.00,0.00,0.00,2.00,1,1.00,0.00,0.00,0.00,,13,3,16.67,16.67,21.43,21.43,14.10,14.10,16.67,16.67,0.00,0.00
Nicaragua,NIC,20200428,0.00,,0.00,,0.00,,0.00,,0.00,,0.00,,0.00,,2.00,0.00,,0.00,0.00,0.00,2.00,1,1.00,0.00,0.00,0.00,,13,3,16.67,16.67,21.43,21.43,14.10,14.10,16.67,16.67,0.00,0.00
Nicaragua,NIC,20200429,0.00,,0.00,,0.00,,0.00,,0.00,,0.00,,0.00,,2.00,0.00,,0.00,0.00,0.00,2.00,1,1.00,0.00,0.00,0.00,,13,3,16.67,16.67,21.43,21.43,14.10,14.10,16.67,16.67,0.00,0.00
Nicaragua,NIC,20200430,0.00,,0.00,,0.00,,0.00,,0.00,,0.00,,0.00,,2.00,0.00,,0.00,0.00,0.00,2.00,1,1.00,0.00,0.00,0.00,,14,4,16.67,16.67,21.43,21.43,14.10,14.10,16.67,16.67,0.00,0.00
Nicaragua,NIC,20200501,0.00,,0.00,,0.00,,0.00,,0.00,,0.00,,0.00,,2.00,0.00,,0.00,0.00,0.00,2.00,1,1.00,0.00,0.00,0.00,,14,4,16.67,16.67,21.43,21.43,14.10,14.10,16.67,16.67,0.00,0.00
Nicaragua,NIC,20200502,0.00,,0.00,,0.00,,0.00,,0.00,,0.00,,0.00,,2.00,0.00,,0.00,0.00,0.00,2.00,1,1.00,0.00,0.00,0.00,,14,4,16.67,16.67,21.43,21.43,14.10,14.10,16.67,16.67,0.00,0.00
Nicaragua,NIC,20200503,0.00,,0.00,,0.00,,0.00,,0.00,,0.00,,0.00,,2.00,0.00,,0.00,0.00,0.00,2.00,1,1.00,0.00,0.00,0.00,,14,4,16.67,16.67,21.43,21.43,14.10,14.10,16.67,16.67,0.00,0.00
Nicaragua,NIC,20200504,0.00,,0.00,,0.00,,0.00,,0.00,,0.00,,0.00,,2.00,0.00,,0.00,0.00,0.00,2.00,1,1.00,0.00,0.00,0.00,,14,5,16.67,16.67,21.43,21.43,14.10,14.10,16.67,16.67,0.00,0.00
Nicaragua,NIC,20200505,0.00,,0.00,,0.00,,0.00,,0.00,,0.00,,0.00,,2.00,0.00,,0.00,0.00,0.00,2.00,1,1.00,0.00,0.00,0.00,,15,5,16.67,16.67,21.43,21.43,14.10,14.10,16.67,16.67,0.00,0.00
Nicaragua,NIC,20200506,0.00,,0.00,,0.00,,0.00,,0.00,,0.00,,0.00,,2.00,0.00,,0.00,0.00,0.00,2.00,1,1.00,0.00,0.00,0.00,,16,5,16.67,16.67,21.43,21.43,14.10,14.10,16.67,16.67,0.00,0.00
Nicaragua,NIC,20200507,0.00,,0.00,,0.00,,0.00,,0.00,,0.00,,0.00,,0.00,0.00,,0.00,0.00,0.00,2.00,1,1.00,0.00,0.00,0.00,,16,5,11.11,11.11,14.29,14.29,10.26,10.26,12.12,12.12,0.00,0.00
Nicaragua,NIC,20200508,0.00,,0.00,,0.00,,0.00,,0.00,,0.00,,0.00,,0.00,0.00,,0.00,0.00,0.00,2.00,1,1.00,0.00,0.00,0.00,,16,5,11.11,11.11,14.29,14.29,10.26,10.26,12.12,12.12,0.00,0.00
Nicaragua,NIC,20200509,0.00,,0.00,,0.00,,0.00,,0.00,,0.00,,0.00,,0.00,0.00,,0.00,0.00,0.00,2.00,1,1.00,0.00,0.00,0.00,,16,5,11.11,11.11,14.29,14.29,10.26,10.26,12.12,12.12,0.00,0.00
Nicaragua,NIC,20200510,0.00,,0.00,,0.00,,0.00,,0.00,,0.00,,0.00,,0.00,0.00,,0.00,0.00,0.00,2.00,1,1.00,0.00,0.00,0.00,,16,5,11.11,11.11,14.29,14.29,10.26,10.26,12.12,12.12,0.00,0.00
Nicaragua,NIC,20200511,0.00,,0.00,,0.00,,0.00,,0.00,,0.00,,0.00,,0.00,0.00,,0.00,0.00,0.00,2.00,1,1.00,0.00,0.00,0.00,,16,5,11.11,11.11,14.29,14.29,10.26,10.26,12.12,12.12,0.00,0.00
Nicaragua,NIC,20200512,0.00,,0.00,,0.00,,0.00,,0.00,,0.00,,0.00,,0.00,0.00,,0.00,0.00,0.00,2.00,1,1.00,0.00,0.00,0.00,,16,5,11.11,11.11,14.29,14.29,10.26,10.26,12.12,12.12,0.00,0.00
Nicaragua,NIC,20200513,0.00,,0.00,,0.00,,0.00,,0.00,,0.00,,0.00,,0.00,0.00,,0.00,0.00,0.00,2.00,1,1.00,0.00,0.00,0.00,,25,8,11.11,11.11,14.29,14.29,10.26,10.26,12.12,12.12,0.00,0.00
Nicaragua,NIC,20200514,0.00,,0.00,,0.00,,0.00,,0.00,,0.00,,0.00,,0.00,0.00,,0.00,0.00,0.00,2.00,1,1.00,0.00,0.00,0.00,,25,8,11.11,11.11,14.29,14.29,10.26,10.26,12.12,12.12,0.00,0.00
Nicaragua,NIC,20200515,0.00,,0.00,,0.00,,0.00,,0.00,,0.00,,0.00,,0.00,0.00,,0.00,0.00,0.00,2.00,1,1.00,0.00,0.00,0.00,,25,8,11.11,11.11,14.29,14.29,10.26,10.26,12.12,12.12,0.00,0.00
Nicaragua,NIC,20200516,0.00,,0.00,,0.00,,0.00,,0.00,,0.00,,0.00,,0.00,0.00,,0.00,0.00,0.00,2.00,1,1.00,1.00,0.00,0.00,,25,8,11.11,11.11,14.29,14.29,14.10,14.10,16.67,16.67,0.00,0.00
Nicaragua,NIC,20200517,0.00,,0.00,,0.00,,0.00,,0.00,,0.00,,0.00,,0.00,0.00,,0.00,0.00,0.00,2.00,1,1.00,1.00,0.00,0.00,,25,8,11.11,11.11,14.29,14.29,14.10,14.10,16.67,16.67,0.00,0.00
Nicaragua,NIC,20200518,0.00,,0.00,,0.00,,0.00,,0.00,,0.00,,0.00,,0.00,0.00,,0.00,0.00,0.00,2.00,1,1.00,1.00,0.00,0.00,,25,8,11.11,11.11,14.29,14.29,14.10,14.10,16.67,16.67,0.00,0.00
Nicaragua,NIC,20200519,0.00,,0.00,,0.00,,0.00,,0.00,,0.00,,0.00,,0.00,0.00,,0.00,0.00,0.00,2.00,1,1.00,1.00,0.00,0.00,,25,8,11.11,11.11,14.29,14.29,14.10,14.10,16.67,16.67,0.00,0.00
Nicaragua,NIC,20200520,0.00,,0.00,,0.00,,0.00,,0.00,,0.00,,0.00,,0.00,0.00,,0.00,0.00,0.00,2.00,1,1.00,1.00,0.00,0.00,,25,8,11.11,11.11,14.29,14.29,14.10,14.10,16.67,16.67,0.00,0.00
Nicaragua,NIC,20200521,0.00,,0.00,,0.00,,0.00,,0.00,,0.00,,0.00,,0.00,0.00,,0.00,0.00,0.00,2.00,1,1.00,1.00,0.00,0.00,,25,8,11.11,11.11,14.29,14.29,14.10,14.10,16.67,16.67,0.00,0.00
Nicaragua,NIC,20200522,0.00,,0.00,,0.00,,0.00,,0.00,,0.00,,0.00,,0.00,0.00,,0.00,0.00,0.00,2.00,1,1.00,1.00,0.00,0.00,,25,8,11.11,11.11,14.29,14.29,14.10,14.10,16.67,16.67,0.00,0.00
Nicaragua,NIC,20200523,0.00,,0.00,,0.00,,0.00,,0.00,,0.00,,0.00,,0.00,0.00,,0.00,0.00,0.00,2.00,1,1.00,1.00,0.00,0.00,,279,17,11.11,11.11,14.29,14.29,14.10,14.10,16.67,16.67,0.00,0.00
Nicaragua,NIC,20200524,0.00,,0.00,,0.00,,0.00,,0.00,,0.00,,0.00,,0.00,0.00,,0.00,0.00,0.00,2.00,1,1.00,1.00,0.00,0.00,,279,17,11.11,11.11,14.29,14.29,14.10,14.10,16.67,16.67,0.00,0.00
Nicaragua,NIC,20200525,0.00,,0.00,,0.00,,0.00,,0.00,,0.00,,0.00,,0.00,0.00,,0.00,0.00,0.00,2.00,1,1.00,1.00,0.00,0.00,,279,17,11.11,11.11,14.29,14.29,14.10,14.10,16.67,16.67,0.00,0.00
Nicaragua,NIC,20200526,0.00,,0.00,,0.00,,0.00,,0.00,,0.00,,0.00,,0.00,0.00,,0.00,0.00,0.00,2.00,1,1.00,0.00,0.00,0.00,,279,17,11.11,11.11,14.29,14.29,10.26,10.26,12.12,12.12,0.00,0.00
Nicaragua,NIC,20200527,0.00,,0.00,,0.00,,0.00,,0.00,,0.00,,0.00,,0.00,0.00,,0.00,0.00,0.00,2.00,1,1.00,0.00,0.00,0.00,,759,35,11.11,11.11,14.29,14.29,10.26,10.26,12.12,12.12,0.00,0.00
Nicaragua,NIC,20200528,0.00,,0.00,,0.00,,0.00,,0.00,,0.00,,0.00,,0.00,0.00,,0.00,0.00,0.00,2.00,1,1.00,0.00,0.00,0.00,,759,35,11.11,11.11,14.29,14.29,10.26,10.26,12.12,12.12,0.00,0.00
Nicaragua,NIC,20200529,0.00,,0.00,,0.00,,0.00,,0.00,,0.00,,0.00,,0.00,0.00,,0.00,0.00,0.00,2.00,1,1.00,0.00,0.00,0.00,,759,35,11.11,11.11,14.29,14.29,10.26,10.26,12.12,12.12,0.00,0.00
Nicaragua,NIC,20200530,0.00,,0.00,,0.00,,0.00,,0.00,,0.00,,0.00,,0.00,0.00,,0.00,0.00,0.00,2.00,1,1.00,0.00,0.00,0.00,,759,35,11.11,11.11,14.29,14.29,10.26,10.26,12.12,12.12,0.00,0.00
Nicaragua,NIC,20200531,0.00,,0.00,,0.00,,0.00,,0.00,,0.00,,0.00,,0.00,0.00,,0.00,0.00,0.00,2.00,1,1.00,0.00,0.00,0.00,,759,35,11.11,11.11,14.29,14.29,10.26,10.26,12.12,12.12,0.00,0.00
Nicaragua,NIC,20200601,0.00,,0.00,,0.00,,0.00,,0.00,,0.00,,0.00,,0.00,0.00,,0.00,0.00,0.00,2.00,1,1.00,0.00,0.00,0.00,,759,35,11.11,11.11,14.29,14.29,10.26,10.26,12.12,12.12,0.00,0.00
Nicaragua,NIC,20200602,0.00,,0.00,,0.00,,0.00,,0.00,,0.00,,0.00,,0.00,0.00,,0.00,0.00,0.00,2.00,1,1.00,0.00,0.00,0.00,,759,35,11.11,11.11,14.29,14.29,10.26,10.26,12.12,12.12,0.00,0.00
Nicaragua,NIC,20200603,0.00,,0.00,,0.00,,0.00,,0.00,,0.00,,0.00,,0.00,0.00,,0.00,0.00,0.00,2.00,1,1.00,0.00,0.00,0.00,,1118,46,11.11,11.11,14.29,14.29,10.26,10.26,12.12,12.12,0.00,0.00
Nicaragua,NIC,20200604,0.00,,0.00,,0.00,,0.00,,0.00,,0.00,,0.00,,0.00,0.00,,0.00,0.00,0.00,2.00,1,1.00,0.00,0.00,0.00,,1118,46,11.11,11.11,14.29,14.29,10.26,10.26,12.12,12.12,0.00,0.00
Nicaragua,NIC,20200605,0.00,,0.00,,0.00,,0.00,,0.00,,0.00,,0.00,,0.00,0.00,,0.00,0.00,0.00,2.00,1,1.00,0.00,0.00,0.00,,1118,46,11.11,11.11,14.29,14.29,10.26,10.26,12.12,12.12,0.00,0.00
Nicaragua,NIC,20200606,0.00,,0.00,,0.00,,0.00,,0.00,,0.00,,0.00,,0.00,0.00,,0.00,0.00,0.00,2.00,1,1.00,0.00,0.00,0.00,,1118,46,11.11,11.11,14.29,14.29,10.26,10.26,12.12,12.12,0.00,0.00
Nicaragua,NIC,20200607,0.00,,0.00,,0.00,,0.00,,0.00,,0.00,,0.00,,0.00,0.00,,0.00,0.00,0.00,2.00,1,1.00,0.00,0.00,0.00,,1309,46,11.11,11.11,14.29,14.29,10.26,10.26,12.12,12.12,0.00,0.00
Nicaragua,NIC,20200608,0.00,,0.00,,0.00,,0.00,,0.00,,0.00,,0.00,,0.00,0.00,,0.00,0.00,0.00,2.00,1,1.00,0.00,0.00,0.00,,1309,46,11.11,11.11,14.29,14.29,10.26,10.26,12.12,12.12,0.00,0.00
Nicaragua,NIC,20200609,0.00,,0.00,,0.00,,0.00,,0.00,,0.00,,0.00,,0.00,0.00,,0.00,0.00,0.00,2.00,1,1.00,0.00,0.00,0.00,,1309,46,11.11,11.11,14.29,14.29,10.26,10.26,12.12,12.12,0.00,0.00
Nicaragua,NIC,20200610,0.00,,0.00,,0.00,,0.00,,0.00,,0.00,,0.00,,0.00,0.00,,0.00,0.00,0.00,2.00,1,1.00,0.00,0.00,0.00,,1309,46,11.11,11.11,14.29,14.29,10.26,10.26,12.12,12.12,0.00,0.00
Nicaragua,NIC,20200611,0.00,,0.00,,0.00,,0.00,,0.00,,0.00,,0.00,,0.00,0.00,,0.00,0.00,0.00,2.00,1,1.00,0.00,0.00,0.00,,1464,55,11.11,11.11,14.29,14.29,10.26,10.26,12.12,12.12,0.00,0.00
Nicaragua,NIC,20200612,0.00,,0.00,,0.00,,0.00,,0.00,,0.00,,0.00,,0.00,0.00,,0.00,0.00,0.00,2.00,1,1.00,0.00,0.00,0.00,,1464,55,11.11,11.11,14.29,14.29,10.26,10.26,12.12,12.12,0.00,0.00
Nicaragua,NIC,20200613,0.00,,0.00,,0.00,,0.00,,0.00,,0.00,,0.00,,0.00,0.00,,0.00,0.00,0.00,2.00,1,1.00,0.00,0.00,0.00,,1655,55,11.11,11.11,14.29,14.29,10.26,10.26,12.12,12.12,0.00,0.00
Nicaragua,NIC,20200614,0.00,,0.00,,0.00,,0.00,,0.00,,0.00,,0.00,,0.00,0.00,,0.00,0.00,0.00,2.00,1,1.00,0.00,0.00,0.00,,1655,55,11.11,11.11,14.29,14.29,10.26,10.26,12.12,12.12,0.00,0.00
Nicaragua,NIC,20200615,0.00,,0.00,,0.00,,0.00,,0.00,,0.00,,0.00,,0.00,0.00,,0.00,0.00,0.00,2.00,1,1.00,0.00,0.00,0.00,,1655,55,11.11,11.11,14.29,14.29,10.26,10.26,12.12,12.12,0.00,0.00
Nicaragua,NIC,20200616,,,,,,,,,,,,,,,,,,,,,,,,,,,,1655,55,,,,,,,,,,
Nicaragua,NIC,20200617,,,,,,,,,,,,,,,,,,,,,,,,,,,,1823,64,,11.11,,14.29,,10.26,,12.12,,0.00
Nicaragua,NIC,20200618,,,,,,,,,,,,,,,,,,,,,,,,,,,,2014,64,,11.11,,14.29,,10.26,,12.12,,0.00
Nicaragua,NIC,20200619,,,,,,,,,,,,,,,,,,,,,,,,,,,,2014,64,,11.11,,14.29,,10.26,,12.12,,0.00
Nicaragua,NIC,20200620,,,,,,,,,,,,,,,,,,,,,,,,,,,,2014,64,,11.11,,14.29,,10.26,,12.12,,0.00
Nicaragua,NIC,20200621,,,,,,,,,,,,,,,,,,,,,,,,,,,,2014,64,,11.11,,14.29,,10.26,,12.12,,0.00
Nicaragua,NIC,20200622,,,,,,,,,,,,,,,,,,,,,,,,,,,,2014,64,,11.11,,14.29,,10.26,,12.12,,0.00
Nicaragua,NIC,20200623,,,,,,,,,,,,,,,,,,,,,,,,,,,,2014,64,,11.11,,14.29,,10.26,,12.12,,0.00
