Niger,NER,20200101,0.00,,0.00,,0.00,,0.00,,0.00,,0.00,,0.00,,0.00,0.00,,0.00,0.00,0.00,0.00,,0.00,0.00,0.00,0.00,,,,0.00,0.00,0.00,0.00,0.00,0.00,0.00,0.00,0.00,0.00
Niger,NER,20200102,0.00,,0.00,,0.00,,0.00,,0.00,,0.00,,0.00,,0.00,0.00,,0.00,0.00,0.00,0.00,,0.00,0.00,0.00,0.00,,,,0.00,0.00,0.00,0.00,0.00,0.00,0.00,0.00,0.00,0.00
Niger,NER,20200103,0.00,,0.00,,0.00,,0.00,,0.00,,0.00,,0.00,,0.00,0.00,,0.00,0.00,0.00,0.00,,0.00,0.00,0.00,0.00,,,,0.00,0.00,0.00,0.00,0.00,0.00,0.00,0.00,0.00,0.00
Niger,NER,20200104,0.00,,0.00,,0.00,,0.00,,0.00,,0.00,,0.00,,0.00,0.00,,0.00,0.00,0.00,0.00,,0.00,0.00,0.00,0.00,,,,0.00,0.00,0.00,0.00,0.00,0.00,0.00,0.00,0.00,0.00
Niger,NER,20200105,0.00,,0.00,,0.00,,0.00,,0.00,,0.00,,0.00,,0.00,0.00,,0.00,0.00,0.00,0.00,,0.00,0.00,0.00,0.00,,,,0.00,0.00,0.00,0.00,0.00,0.00,0.00,0.00,0.00,0.00
Niger,NER,20200106,0.00,,0.00,,0.00,,0.00,,0.00,,0.00,,0.00,,0.00,0.00,,0.00,0.00,0.00,0.00,,0.00,0.00,0.00,0.00,,,,0.00,0.00,0.00,0.00,0.00,0.00,0.00,0.00,0.00,0.00
Niger,NER,20200107,0.00,,0.00,,0.00,,0.00,,0.00,,0.00,,0.00,,0.00,0.00,,0.00,0.00,0.00,0.00,,0.00,0.00,0.00,0.00,,,,0.00,0.00,0.00,0.00,0.00,0.00,0.00,0.00,0.00,0.00
Niger,NER,20200108,0.00,,0.00,,0.00,,0.00,,0.00,,0.00,,0.00,,0.00,0.00,,0.00,0.00,0.00,0.00,,0.00,0.00,0.00,0.00,,,,0.00,0.00,0.00,0.00,0.00,0.00,0.00,0.00,0.00,0.00
Niger,NER,20200109,0.00,,0.00,,0.00,,0.00,,0.00,,0.00,,0.00,,0.00,0.00,,0.00,0.00,0.00,0.00,,0.00,0.00,0.00,0.00,,,,0.00,0.00,0.00,0.00,0.00,0.00,0.00,0.00,0.00,0.00
Niger,NER,20200110,0.00,,0.00,,0.00,,0.00,,0.00,,0.00,,0.00,,0.00,0.00,,0.00,0.00,0.00,0.00,,0.00,0.00,0.00,0.00,,,,0.00,0.00,0.00,0.00,0.00,0.00,0.00,0.00,0.00,0.00
Niger,NER,20200111,0.00,,0.00,,0.00,,0.00,,0.00,,0.00,,0.00,,0.00,0.00,,0.00,0.00,0.00,0.00,,0.00,0.00,0.00,0.00,,,,0.00,0.00,0.00,0.00,0.00,0.00,0.00,0.00,0.00,0.00
Niger,NER,20200112,0.00,,0.00,,0.00,,0.00,,0.00,,0.00,,0.00,,0.00,0.00,,0.00,0.00,0.00,0.00,,0.00,0.00,0.00,0.00,,,,0.00,0.00,0.00,0.00,0.00,0.00,0.00,0.00,0.00,0.00
Niger,NER,20200113,0.00,,0.00,,0.00,,0.00,,0.00,,0.00,,0.00,,0.00,0.00,,0.00,0.00,0.00,0.00,,0.00,0.00,0.00,0.00,,,,0.00,0.00,0.00,0.00,0.00,0.00,0.00,0.00,0.00,0.00
Niger,NER,20200114,0.00,,0.00,,0.00,,0.00,,0.00,,0.00,,0.00,,0.00,0.00,,0.00,0.00,0.00,0.00,,0.00,0.00,0.00,0.00,,,,0.00,0.00,0.00,0.00,0.00,0.00,0.00,0.00,0.00,0.00
Niger,NER,20200115,0.00,,0.00,,0.00,,0.00,,0.00,,0.00,,0.00,,0.00,0.00,,0.00,0.00,0.00,0.00,,0.00,0.00,0.00,0.00,,,,0.00,0.00,0.00,0.00,0.00,0.00,0.00,0.00,0.00,0.00
Niger,NER,20200116,0.00,,0.00,,0.00,,0.00,,0.00,,0.00,,0.00,,0.00,0.00,,0.00,0.00,0.00,0.00,,0.00,0.00,0.00,0.00,,,,0.00,0.00,0.00,0.00,0.00,0.00,0.00,0.00,0.00,0.00
Niger,NER,20200117,0.00,,0.00,,0.00,,0.00,,0.00,,0.00,,0.00,,0.00,0.00,,0.00,0.00,0.00,0.00,,0.00,0.00,0.00,0.00,,,,0.00,0.00,0.00,0.00,0.00,0.00,0.00,0.00,0.00,0.00
Niger,NER,20200118,0.00,,0.00,,0.00,,0.00,,0.00,,0.00,,0.00,,0.00,0.00,,0.00,0.00,0.00,0.00,,0.00,0.00,0.00,0.00,,,,0.00,0.00,0.00,0.00,0.00,0.00,0.00,0.00,0.00,0.00
Niger,NER,20200119,0.00,,0.00,,0.00,,0.00,,0.00,,0.00,,0.00,,0.00,0.00,,0.00,0.00,0.00,0.00,,0.00,0.00,0.00,0.00,,,,0.00,0.00,0.00,0.00,0.00,0.00,0.00,0.00,0.00,0.00
Niger,NER,20200120,0.00,,0.00,,0.00,,0.00,,0.00,,0.00,,0.00,,0.00,0.00,,0.00,0.00,0.00,0.00,,0.00,0.00,0.00,0.00,,,,0.00,0.00,0.00,0.00,0.00,0.00,0.00,0.00,0.00,0.00
Niger,NER,20200121,0.00,,0.00,,0.00,,0.00,,0.00,,0.00,,0.00,,0.00,0.00,,0.00,0.00,0.00,0.00,,0.00,0.00,0.00,0.00,,,,0.00,0.00,0.00,0.00,0.00,0.00,0.00,0.00,0.00,0.00
Niger,NER,20200122,0.00,,0.00,,0.00,,0.00,,0.00,,0.00,,0.00,,0.00,0.00,,0.00,0.00,0.00,0.00,,0.00,0.00,0.00,0.00,,,,0.00,0.00,0.00,0.00,0.00,0.00,0.00,0.00,0.00,0.00
Niger,NER,20200123,0.00,,0.00,,0.00,,0.00,,0.00,,0.00,,0.00,,0.00,0.00,,0.00,0.00,0.00,0.00,,0.00,0.00,0.00,0.00,,,,0.00,0.00,0.00,0.00,0.00,0.00,0.00,0.00,0.00,0.00
Niger,NER,20200124,0.00,,0.00,,0.00,,0.00,,0.00,,0.00,,0.00,,0.00,0.00,,0.00,0.00,0.00,0.00,,0.00,0.00,0.00,0.00,,,,0.00,0.00,0.00,0.00,0.00,0.00,0.00,0.00,0.00,0.00
Niger,NER,20200125,0.00,,0.00,,0.00,,0.00,,0.00,,0.00,,0.00,,0.00,0.00,,0.00,0.00,0.00,0.00,,0.00,0.00,0.00,0.00,,,,0.00,0.00,0.00,0.00,0.00,0.00,0.00,0.00,0.00,0.00
Niger,NER,20200126,0.00,,0.00,,0.00,,0.00,,0.00,,0.00,,0.00,,0.00,0.00,,0.00,0.00,0.00,0.00,,0.00,0.00,0.00,0.00,,,,0.00,0.00,0.00,0.00,0.00,0.00,0.00,0.00,0.00,0.00
Niger,NER,20200127,0.00,,0.00,,0.00,,0.00,,0.00,,0.00,,0.00,,0.00,0.00,,0.00,0.00,0.00,0.00,,0.00,0.00,0.00,0.00,,,,0.00,0.00,0.00,0.00,0.00,0.00,0.00,0.00,0.00,0.00
Niger,NER,20200128,0.00,,0.00,,0.00,,0.00,,0.00,,0.00,,0.00,,0.00,0.00,,0.00,0.00,0.00,0.00,,0.00,0.00,0.00,0.00,,,,0.00,0.00,0.00,0.00,0.00,0.00,0.00,0.00,0.00,0.00
Niger,NER,20200129,0.00,,0.00,,0.00,,0.00,,0.00,,0.00,,0.00,,0.00,0.00,,0.00,0.00,0.00,0.00,,0.00,0.00,0.00,0.00,,,,0.00,0.00,0.00,0.00,0.00,0.00,0.00,0.00,0.00,0.00
Niger,NER,20200130,0.00,,0.00,,0.00,,0.00,,0.00,,0.00,,0.00,,0.00,0.00,,0.00,0.00,0.00,0.00,,0.00,0.00,0.00,0.00,,,,0.00,0.00,0.00,0.00,0.00,0.00,0.00,0.00,0.00,0.00
Niger,NER,20200131,0.00,,0.00,,0.00,,0.00,,0.00,,0.00,,0.00,,0.00,0.00,,0.00,0.00,0.00,0.00,,0.00,0.00,0.00,0.00,,,,0.00,0.00,0.00,0.00,0.00,0.00,0.00,0.00,0.00,0.00
Niger,NER,20200201,0.00,,0.00,,0.00,,0.00,,0.00,,0.00,,0.00,,0.00,0.00,,0.00,0.00,0.00,0.00,,0.00,0.00,0.00,0.00,,,,0.00,0.00,0.00,0.00,0.00,0.00,0.00,0.00,0.00,0.00
Niger,NER,20200202,0.00,,0.00,,0.00,,0.00,,0.00,,0.00,,0.00,,0.00,0.00,,0.00,0.00,0.00,0.00,,0.00,0.00,0.00,0.00,,,,0.00,0.00,0.00,0.00,0.00,0.00,0.00,0.00,0.00,0.00
Niger,NER,20200203,0.00,,0.00,,0.00,,0.00,,0.00,,0.00,,0.00,,0.00,0.00,,0.00,0.00,0.00,0.00,,0.00,0.00,0.00,0.00,,,,0.00,0.00,0.00,0.00,0.00,0.00,0.00,0.00,0.00,0.00
Niger,NER,20200204,0.00,,0.00,,0.00,,0.00,,0.00,,0.00,,0.00,,0.00,0.00,,0.00,0.00,0.00,0.00,,0.00,0.00,0.00,0.00,,,,0.00,0.00,0.00,0.00,0.00,0.00,0.00,0.00,0.00,0.00
Niger,NER,20200205,0.00,,0.00,,0.00,,0.00,,0.00,,0.00,,0.00,,0.00,0.00,,0.00,0.00,0.00,0.00,,0.00,0.00,0.00,0.00,,,,0.00,0.00,0.00,0.00,0.00,0.00,0.00,0.00,0.00,0.00
Niger,NER,20200206,0.00,,0.00,,0.00,,0.00,,0.00,,0.00,,0.00,,0.00,0.00,,0.00,0.00,0.00,0.00,,0.00,0.00,0.00,0.00,,,,0.00,0.00,0.00,0.00,0.00,0.00,0.00,0.00,0.00,0.00
Niger,NER,20200207,0.00,,0.00,,0.00,,0.00,,0.00,,0.00,,0.00,,0.00,0.00,,0.00,0.00,0.00,0.00,,0.00,0.00,0.00,0.00,,,,0.00,0.00,0.00,0.00,0.00,0.00,0.00,0.00,0.00,0.00
Niger,NER,20200208,0.00,,0.00,,0.00,,0.00,,0.00,,0.00,,0.00,,0.00,0.00,,0.00,0.00,0.00,0.00,,0.00,0.00,0.00,0.00,,,,0.00,0.00,0.00,0.00,0.00,0.00,0.00,0.00,0.00,0.00
Niger,NER,20200209,0.00,,0.00,,0.00,,0.00,,0.00,,0.00,,0.00,,0.00,0.00,,0.00,0.00,0.00,0.00,,0.00,0.00,0.00,0.00,,,,0.00,0.00,0.00,0.00,0.00,0.00,0.00,0.00,0.00,0.00
Niger,NER,20200210,0.00,,0.00,,0.00,,0.00,,0.00,,0.00,,0.00,,0.00,0.00,,0.00,0.00,0.00,0.00,,0.00,0.00,0.00,0.00,,,,0.00,0.00,0.00,0.00,0.00,0.00,0.00,0.00,0.00,0.00
Niger,NER,20200211,0.00,,0.00,,0.00,,0.00,,0.00,,0.00,,0.00,,0.00,0.00,,0.00,0.00,0.00,0.00,,0.00,0.00,0.00,0.00,,,,0.00,0.00,0.00,0.00,0.00,0.00,0.00,0.00,0.00,0.00
Niger,NER,20200212,0.00,,0.00,,0.00,,0.00,,0.00,,0.00,,0.00,,0.00,0.00,,0.00,0.00,0.00,0.00,,0.00,0.00,0.00,0.00,,,,0.00,0.00,0.00,0.00,0.00,0.00,0.00,0.00,0.00,0.00
Niger,NER,20200213,0.00,,0.00,,0.00,,0.00,,0.00,,0.00,,0.00,,0.00,0.00,,0.00,0.00,0.00,0.00,,0.00,0.00,0.00,0.00,,,,0.00,0.00,0.00,0.00,0.00,0.00,0.00,0.00,0.00,0.00
Niger,NER,20200214,0.00,,0.00,,0.00,,0.00,,0.00,,0.00,,0.00,,0.00,0.00,,0.00,0.00,0.00,0.00,,0.00,0.00,0.00,0.00,,,,0.00,0.00,0.00,0.00,0.00,0.00,0.00,0.00,0.00,0.00
Niger,NER,20200215,0.00,,0.00,,0.00,,0.00,,0.00,,0.00,,0.00,,0.00,0.00,,0.00,0.00,0.00,0.00,,0.00,0.00,0.00,0.00,,,,0.00,0.00,0.00,0.00,0.00,0.00,0.00,0.00,0.00,0.00
Niger,NER,20200216,0.00,,0.00,,0.00,,0.00,,0.00,,0.00,,0.00,,0.00,0.00,,0.00,0.00,0.00,0.00,,0.00,0.00,0.00,0.00,,,,0.00,0.00,0.00,0.00,0.00,0.00,0.00,0.00,0.00,0.00
Niger,NER,20200217,0.00,,0.00,,0.00,,0.00,,0.00,,0.00,,0.00,,0.00,0.00,,0.00,0.00,0.00,0.00,,0.00,0.00,0.00,0.00,,,,0.00,0.00,0.00,0.00,0.00,0.00,0.00,0.00,0.00,0.00
Niger,NER,20200218,0.00,,0.00,,0.00,,0.00,,0.00,,0.00,,0.00,,0.00,0.00,,0.00,0.00,0.00,0.00,,0.00,0.00,0.00,0.00,,,,0.00,0.00,0.00,0.00,0.00,0.00,0.00,0.00,0.00,0.00
Niger,NER,20200219,0.00,,0.00,,0.00,,0.00,,0.00,,0.00,,0.00,,0.00,0.00,,0.00,0.00,0.00,0.00,,0.00,0.00,0.00,0.00,,,,0.00,0.00,0.00,0.00,0.00,0.00,0.00,0.00,0.00,0.00
Niger,NER,20200220,0.00,,0.00,,0.00,,0.00,,0.00,,0.00,,0.00,,0.00,0.00,,0.00,0.00,0.00,0.00,,0.00,0.00,0.00,0.00,,,,0.00,0.00,0.00,0.00,0.00,0.00,0.00,0.00,0.00,0.00
Niger,NER,20200221,0.00,,0.00,,0.00,,0.00,,0.00,,0.00,,0.00,,0.00,0.00,,0.00,0.00,0.00,0.00,,0.00,0.00,0.00,0.00,,,,0.00,0.00,0.00,0.00,0.00,0.00,0.00,0.00,0.00,0.00
Niger,NER,20200222,0.00,,0.00,,0.00,,0.00,,0.00,,0.00,,0.00,,0.00,0.00,,0.00,0.00,0.00,0.00,,0.00,0.00,0.00,0.00,,,,0.00,0.00,0.00,0.00,0.00,0.00,0.00,0.00,0.00,0.00
Niger,NER,20200223,0.00,,0.00,,0.00,,0.00,,0.00,,0.00,,0.00,,0.00,0.00,,0.00,0.00,0.00,0.00,,0.00,0.00,0.00,0.00,,,,0.00,0.00,0.00,0.00,0.00,0.00,0.00,0.00,0.00,0.00
Niger,NER,20200224,0.00,,0.00,,0.00,,0.00,,0.00,,0.00,,0.00,,0.00,0.00,,0.00,0.00,0.00,0.00,,0.00,0.00,0.00,0.00,,,,0.00,0.00,0.00,0.00,0.00,0.00,0.00,0.00,0.00,0.00
Niger,NER,20200225,0.00,,0.00,,0.00,,0.00,,0.00,,0.00,,0.00,,0.00,0.00,,0.00,0.00,0.00,0.00,,0.00,0.00,0.00,0.00,,,,0.00,0.00,0.00,0.00,0.00,0.00,0.00,0.00,0.00,0.00
Niger,NER,20200226,0.00,,0.00,,0.00,,0.00,,0.00,,0.00,,0.00,,0.00,0.00,,0.00,0.00,0.00,0.00,,0.00,0.00,0.00,0.00,,,,0.00,0.00,0.00,0.00,0.00,0.00,0.00,0.00,0.00,0.00
Niger,NER,20200227,0.00,,0.00,,0.00,,0.00,,0.00,,0.00,,0.00,,0.00,0.00,,0.00,0.00,0.00,0.00,,0.00,0.00,0.00,0.00,,,,0.00,0.00,0.00,0.00,0.00,0.00,0.00,0.00,0.00,0.00
Niger,NER,20200228,0.00,,0.00,,0.00,,0.00,,0.00,,0.00,,0.00,,0.00,0.00,,0.00,0.00,0.00,0.00,,0.00,0.00,0.00,0.00,,,,0.00,0.00,0.00,0.00,0.00,0.00,0.00,0.00,0.00,0.00
Niger,NER,20200229,0.00,,0.00,,0.00,,0.00,,0.00,,0.00,,0.00,,0.00,0.00,,0.00,0.00,0.00,0.00,,0.00,0.00,0.00,0.00,,,,0.00,0.00,0.00,0.00,0.00,0.00,0.00,0.00,0.00,0.00
Niger,NER,20200301,0.00,,0.00,,0.00,,0.00,,0.00,,0.00,,0.00,,0.00,0.00,,0.00,0.00,0.00,0.00,,0.00,0.00,0.00,0.00,,,,0.00,0.00,0.00,0.00,0.00,0.00,0.00,0.00,0.00,0.00
Niger,NER,20200302,0.00,,0.00,,0.00,,0.00,,0.00,,0.00,,0.00,,0.00,0.00,,0.00,0.00,0.00,0.00,,0.00,0.00,0.00,0.00,,,,0.00,0.00,0.00,0.00,0.00,0.00,0.00,0.00,0.00,0.00
Niger,NER,20200303,0.00,,0.00,,0.00,,0.00,,0.00,,0.00,,0.00,,0.00,0.00,,0.00,0.00,0.00,0.00,,0.00,0.00,0.00,0.00,,,,0.00,0.00,0.00,0.00,0.00,0.00,0.00,0.00,0.00,0.00
Niger,NER,20200304,0.00,,0.00,,0.00,,0.00,,0.00,,0.00,,0.00,,0.00,0.00,,0.00,0.00,0.00,0.00,,0.00,0.00,0.00,0.00,,,,0.00,0.00,0.00,0.00,0.00,0.00,0.00,0.00,0.00,0.00
Niger,NER,20200305,0.00,,0.00,,0.00,,0.00,,0.00,,0.00,,0.00,,0.00,0.00,,0.00,0.00,0.00,0.00,,0.00,0.00,0.00,0.00,,,,0.00,0.00,0.00,0.00,0.00,0.00,0.00,0.00,0.00,0.00
Niger,NER,20200306,0.00,,0.00,,0.00,,0.00,,0.00,,0.00,,0.00,,0.00,0.00,,0.00,0.00,0.00,0.00,,0.00,0.00,0.00,0.00,,,,0.00,0.00,0.00,0.00,0.00,0.00,0.00,0.00,0.00,0.00
Niger,NER,20200307,0.00,,0.00,,0.00,,0.00,,0.00,,0.00,,0.00,,0.00,0.00,,0.00,0.00,0.00,0.00,,0.00,0.00,0.00,0.00,,,,0.00,0.00,0.00,0.00,0.00,0.00,0.00,0.00,0.00,0.00
Niger,NER,20200308,0.00,,0.00,,0.00,,0.00,,0.00,,0.00,,0.00,,0.00,0.00,,0.00,0.00,0.00,0.00,,0.00,0.00,0.00,0.00,,,,0.00,0.00,0.00,0.00,0.00,0.00,0.00,0.00,0.00,0.00
Niger,NER,20200309,0.00,,0.00,,0.00,,0.00,,0.00,,0.00,,0.00,,0.00,0.00,,0.00,0.00,0.00,0.00,,0.00,0.00,0.00,0.00,,,,0.00,0.00,0.00,0.00,0.00,0.00,0.00,0.00,0.00,0.00
Niger,NER,20200310,0.00,,0.00,,0.00,,0.00,,0.00,,0.00,,0.00,,0.00,0.00,,0.00,0.00,0.00,0.00,,0.00,0.00,0.00,0.00,,,,0.00,0.00,0.00,0.00,0.00,0.00,0.00,0.00,0.00,0.00
Niger,NER,20200311,0.00,,0.00,,0.00,,0.00,,0.00,,0.00,,0.00,,0.00,0.00,,0.00,0.00,0.00,0.00,,0.00,0.00,0.00,0.00,,,,0.00,0.00,0.00,0.00,0.00,0.00,0.00,0.00,0.00,0.00
Niger,NER,20200312,0.00,,0.00,,0.00,,0.00,,0.00,,0.00,,0.00,,0.00,0.00,,0.00,0.00,0.00,0.00,,0.00,0.00,0.00,0.00,,,,0.00,0.00,0.00,0.00,0.00,0.00,0.00,0.00,0.00,0.00
Niger,NER,20200313,0.00,,0.00,,2.00,1,1.00,1,0.00,,0.00,,0.00,,0.00,0.00,,0.00,0.00,0.00,0.00,,0.00,0.00,0.00,0.00,,,,13.89,13.89,14.29,14.29,9.62,9.62,11.36,11.36,0.00,0.00
Niger,NER,20200314,0.00,,0.00,,2.00,1,1.00,1,0.00,,0.00,,0.00,,0.00,0.00,,0.00,0.00,0.00,0.00,,0.00,0.00,0.00,0.00,,,,13.89,13.89,14.29,14.29,9.62,9.62,11.36,11.36,0.00,0.00
Niger,NER,20200315,0.00,,0.00,,2.00,1,1.00,1,0.00,,0.00,,0.00,,0.00,0.00,,0.00,0.00,0.00,0.00,,0.00,0.00,0.00,0.00,,,,13.89,13.89,14.29,14.29,9.62,9.62,11.36,11.36,0.00,0.00
Niger,NER,20200316,0.00,,0.00,,2.00,1,1.00,1,0.00,,0.00,,0.00,,0.00,0.00,,0.00,0.00,0.00,0.00,,0.00,0.00,0.00,0.00,,,,13.89,13.89,14.29,14.29,9.62,9.62,11.36,11.36,0.00,0.00
Niger,NER,20200317,0.00,,0.00,,2.00,1,1.00,1,0.00,,0.00,,0.00,,0.00,0.00,,0.00,0.00,0.00,2.00,1,0.00,0.00,0.00,0.00,,,,25.00,25.00,28.57,28.57,17.31,17.31,20.45,20.45,0.00,0.00
Niger,NER,20200318,0.00,,0.00,,2.00,1,1.00,1,0.00,,0.00,,0.00,,0.00,0.00,,0.00,0.00,0.00,2.00,1,0.00,0.00,0.00,0.00,,,,25.00,25.00,28.57,28.57,17.31,17.31,20.45,20.45,0.00,0.00
Niger,NER,20200319,0.00,,0.00,,2.00,1,3.00,1,0.00,,0.00,,0.00,,4.00,0.00,,0.00,0.00,0.00,2.00,1,1.00,0.00,0.00,0.00,,,,41.67,41.67,42.86,42.86,31.41,31.41,37.12,37.12,0.00,0.00
Niger,NER,20200320,3.00,1,0.00,,2.00,1,3.00,1,0.00,,0.00,,0.00,,4.00,0.00,,0.00,0.00,0.00,2.00,1,1.00,0.00,0.00,0.00,,,,52.78,52.78,57.14,57.14,39.10,39.10,46.21,46.21,0.00,0.00
Niger,NER,20200321,3.00,1,0.00,,2.00,1,3.00,1,0.00,,0.00,,0.00,,4.00,0.00,,0.00,0.00,0.00,2.00,1,1.00,0.00,0.00,0.00,,1,0,52.78,52.78,57.14,57.14,39.10,39.10,46.21,46.21,0.00,0.00
Niger,NER,20200322,3.00,1,0.00,,2.00,1,3.00,1,0.00,,0.00,,0.00,,4.00,0.00,,0.00,0.00,0.00,2.00,1,1.00,0.00,0.00,0.00,,1,0,52.78,52.78,57.14,57.14,39.10,39.10,46.21,46.21,0.00,0.00
Niger,NER,20200323,3.00,1,0.00,,2.00,1,3.00,1,0.00,,0.00,,0.00,,4.00,0.00,,0.00,0.00,0.00,2.00,1,1.00,0.00,0.00,0.00,,1,0,52.78,52.78,57.14,57.14,39.10,39.10,46.21,46.21,0.00,0.00
Niger,NER,20200324,3.00,1,0.00,,2.00,1,3.00,1,0.00,,0.00,,0.00,,4.00,0.00,,0.00,0.00,0.00,2.00,1,1.00,0.00,0.00,0.00,,2,0,52.78,52.78,57.14,57.14,39.10,39.10,46.21,46.21,0.00,0.00
Niger,NER,20200325,3.00,1,0.00,,2.00,1,3.00,1,0.00,,0.00,,0.00,,4.00,0.00,,0.00,0.00,0.00,2.00,1,1.00,0.00,0.00,0.00,,7,1,52.78,52.78,57.14,57.14,39.10,39.10,46.21,46.21,0.00,0.00
Niger,NER,20200326,3.00,1,0.00,,2.00,1,3.00,1,0.00,,0.00,,0.00,,4.00,0.00,,0.00,0.00,0.00,2.00,1,1.00,0.00,0.00,0.00,,7,1,52.78,52.78,57.14,57.14,39.10,39.10,46.21,46.21,0.00,0.00
Niger,NER,20200327,3.00,1,0.00,,2.00,1,3.00,1,0.00,,0.00,,0.00,,4.00,0.00,,0.00,,0.00,2.00,1,1.00,1.00,,0.00,,10,1,52.78,52.78,57.14,57.14,42.95,42.95,50.76,50.76,0.00,0.00
Niger,NER,20200328,3.00,1,0.00,,2.00,1,3.00,1,0.00,,0.00,,2.00,0,4.00,0.00,,0.00,0.00,0.00,2.00,1,1.00,1.00,,0.00,,10,1,61.11,61.11,66.67,66.67,48.72,48.72,57.58,57.58,0.00,0.00
Niger,NER,20200329,3.00,1,0.00,,2.00,1,3.00,1,0.00,,0.00,,2.00,0,4.00,0.00,,0.00,0.00,0.00,2.00,1,1.00,1.00,0.00,0.00,,10,1,61.11,61.11,66.67,66.67,48.72,48.72,57.58,57.58,0.00,0.00
Niger,NER,20200330,3.00,1,0.00,,2.00,1,3.00,1,0.00,,0.00,,2.00,0,4.00,0.00,,0.00,,0.00,2.00,1,1.00,1.00,0.00,0.00,,10,1,61.11,61.11,66.67,66.67,48.72,48.72,57.58,57.58,0.00,0.00
Niger,NER,20200331,3.00,1,0.00,,2.00,1,3.00,1,0.00,,0.00,,2.00,0,4.00,0.00,,0.00,0.00,0.00,2.00,1,1.00,1.00,,0.00,,20,3,61.11,61.11,66.67,66.67,48.72,48.72,57.58,57.58,0.00,0.00
Niger,NER,20200401,3.00,1,0.00,,2.00,1,3.00,1,0.00,,0.00,,2.00,0,4.00,0.00,,0.00,,0.00,2.00,1,1.00,1.00,0.00,0.00,,20,3,61.11,61.11,66.67,66.67,48.72,48.72,57.58,57.58,0.00,0.00
Niger,NER,20200402,3.00,1,0.00,,2.00,1,3.00,1,0.00,,0.00,,2.00,0,4.00,0.00,,0.00,0.00,0.00,2.00,1,1.00,1.00,0.00,0.00,,74,5,61.11,61.11,66.67,66.67,48.72,48.72,57.58,57.58,0.00,0.00
Niger,NER,20200403,3.00,1,0.00,,2.00,1,3.00,1,0.00,,0.00,,2.00,0,4.00,0.00,,0.00,0.00,0.00,2.00,1,1.00,1.00,0.00,0.00,,74,5,61.11,61.11,66.67,66.67,48.72,48.72,57.58,57.58,0.00,0.00
Niger,NER,20200404,3.00,1,0.00,,2.00,1,3.00,1,0.00,,0.00,,2.00,0,4.00,0.00,,0.00,0.00,0.00,2.00,1,1.00,1.00,0.00,0.00,,98,5,61.11,61.11,66.67,66.67,48.72,48.72,57.58,57.58,0.00,0.00
Niger,NER,20200405,3.00,1,0.00,,2.00,1,3.00,1,0.00,,0.00,,2.00,0,4.00,0.00,,0.00,0.00,0.00,2.00,1,1.00,1.00,0.00,0.00,,120,5,61.11,61.11,66.67,66.67,48.72,48.72,57.58,57.58,0.00,0.00
Niger,NER,20200406,3.00,1,0.00,,2.00,1,3.00,1,0.00,,0.00,,2.00,0,4.00,0.00,,0.00,140000000.00,0.00,2.00,1,1.00,1.00,0.00,0.00,,184,10,61.11,61.11,66.67,66.67,48.72,48.72,57.58,57.58,0.00,0.00
Niger,NER,20200407,3.00,1,0.00,,2.00,1,3.00,1,0.00,,0.00,,2.00,0,4.00,0.00,,0.00,0.00,0.00,2.00,1,1.00,1.00,0.00,0.00,,253,10,61.11,61.11,66.67,66.67,48.72,48.72,57.58,57.58,0.00,0.00
Niger,NER,20200408,3.00,1,0.00,,2.00,1,3.00,1,0.00,,0.00,,2.00,0,4.00,0.00,,0.00,0.00,0.00,2.00,1,1.00,1.00,0.00,0.00,,278,11,61.11,61.11,66.67,66.67,48.72,48.72,57.58,57.58,0.00,0.00
Niger,NER,20200409,3.00,1,0.00,,2.00,1,3.00,1,0.00,,0.00,,2.00,0,4.00,0.00,,0.00,0.00,0.00,2.00,1,1.00,1.00,0.00,0.00,,342,11,61.11,61.11,66.67,66.67,48.72,48.72,57.58,57.58,0.00,0.00
Niger,NER,20200410,3.00,1,0.00,,2.00,1,3.00,1,0.00,,0.00,,2.00,0,4.00,0.00,,0.00,0.00,0.00,2.00,1,1.00,1.00,0.00,0.00,,410,11,61.11,61.11,66.67,66.67,48.72,48.72,57.58,57.58,0.00,0.00
Niger,NER,20200411,3.00,1,0.00,,2.00,1,3.00,1,0.00,,0.00,,2.00,0,4.00,0.00,,0.00,0.00,0.00,2.00,1,1.00,1.00,0.00,0.00,,438,11,61.11,61.11,66.67,66.67,48.72,48.72,57.58,57.58,0.00,0.00
Niger,NER,20200412,3.00,1,0.00,,2.00,1,3.00,1,0.00,,0.00,,2.00,0,4.00,0.00,,0.00,0.00,0.00,2.00,1,1.00,1.00,0.00,0.00,,491,11,61.11,61.11,66.67,66.67,48.72,48.72,57.58,57.58,0.00,0.00
Niger,NER,20200413,3.00,1,0.00,,2.00,1,3.00,1,0.00,,0.00,,2.00,0,4.00,0.00,,0.00,,0.00,2.00,1,1.00,1.00,0.00,0.00,,529,12,61.11,61.11,66.67,66.67,48.72,48.72,57.58,57.58,0.00,0.00
Niger,NER,20200414,3.00,1,0.00,,2.00,1,3.00,1,0.00,,0.00,,2.00,0,4.00,0.00,,0.00,114500000.00,0.00,2.00,1,1.00,1.00,0.00,0.00,,548,13,61.11,61.11,66.67,66.67,48.72,48.72,57.58,57.58,0.00,0.00
Niger,NER,20200415,3.00,1,0.00,,2.00,1,3.00,1,0.00,,0.00,,2.00,0,4.00,0.00,,1.00,0.00,0.00,2.00,1,1.00,1.00,13950000.00,0.00,,570,14,61.11,61.11,66.67,66.67,52.56,52.56,57.58,57.58,25.00,25.00
Niger,NER,20200416,3.00,1,0.00,,2.00,1,3.00,1,0.00,,0.00,,2.00,0,4.00,0.00,,1.00,0.00,0.00,2.00,1,1.00,1.00,0.00,0.00,,584,14,61.11,61.11,66.67,66.67,52.56,52.56,57.58,57.58,25.00,25.00
Niger,NER,20200417,3.00,1,0.00,,2.00,1,3.00,1,0.00,,0.00,,2.00,0,4.00,0.00,,1.00,0.00,0.00,2.00,1,1.00,1.00,0.00,0.00,,609,15,61.11,61.11,66.67,66.67,52.56,52.56,57.58,57.58,25.00,25.00
Niger,NER,20200418,3.00,1,0.00,,2.00,1,3.00,1,0.00,,0.00,,2.00,0,4.00,0.00,,1.00,0.00,0.00,2.00,1,1.00,1.00,0.00,0.00,,627,18,61.11,61.11,66.67,66.67,52.56,52.56,57.58,57.58,25.00,25.00
Niger,NER,20200419,3.00,1,0.00,,2.00,1,3.00,1,0.00,,0.00,,2.00,0,4.00,0.00,,1.00,0.00,0.00,2.00,1,1.00,1.00,0.00,0.00,,639,19,61.11,61.11,66.67,66.67,52.56,52.56,57.58,57.58,25.00,25.00
Niger,NER,20200420,3.00,1,0.00,,2.00,1,3.00,1,0.00,,0.00,,2.00,0,4.00,0.00,,1.00,0.00,0.00,2.00,1,1.00,1.00,0.00,0.00,,648,20,61.11,61.11,66.67,66.67,52.56,52.56,57.58,57.58,25.00,25.00
Niger,NER,20200421,3.00,1,0.00,,2.00,1,3.00,1,0.00,,0.00,,2.00,0,4.00,0.00,,1.00,0.00,0.00,2.00,1,1.00,1.00,0.00,0.00,,655,20,61.11,61.11,66.67,66.67,52.56,52.56,57.58,57.58,25.00,25.00
Niger,NER,20200422,3.00,1,0.00,,2.00,1,3.00,1,0.00,,0.00,,2.00,0,4.00,0.00,,1.00,0.00,0.00,2.00,1,1.00,1.00,0.00,0.00,,655,20,61.11,61.11,66.67,66.67,52.56,52.56,57.58,57.58,25.00,25.00
Niger,NER,20200423,3.00,1,0.00,,2.00,1,3.00,1,0.00,,0.00,,2.00,0,4.00,0.00,,1.00,0.00,0.00,2.00,1,1.00,1.00,0.00,0.00,,662,22,61.11,61.11,66.67,66.67,52.56,52.56,57.58,57.58,25.00,25.00
Niger,NER,20200424,3.00,1,0.00,,2.00,1,3.00,1,0.00,,0.00,,2.00,0,4.00,0.00,,1.00,0.00,0.00,2.00,1,1.00,1.00,0.00,0.00,,671,24,61.11,61.11,66.67,66.67,52.56,52.56,57.58,57.58,25.00,25.00
Niger,NER,20200425,3.00,1,0.00,,2.00,1,3.00,1,0.00,,0.00,,2.00,0,4.00,0.00,,1.00,0.00,0.00,2.00,1,1.00,1.00,0.00,0.00,,681,24,61.11,61.11,66.67,66.67,52.56,52.56,57.58,57.58,25.00,25.00
Niger,NER,20200426,3.00,1,0.00,,2.00,1,3.00,1,0.00,,0.00,,2.00,0,4.00,0.00,,1.00,0.00,0.00,2.00,1,1.00,1.00,0.00,0.00,,684,27,61.11,61.11,66.67,66.67,52.56,52.56,57.58,57.58,25.00,25.00
Niger,NER,20200427,3.00,1,0.00,,2.00,1,3.00,1,0.00,,0.00,,2.00,0,4.00,0.00,,1.00,0.00,0.00,2.00,1,1.00,1.00,0.00,0.00,,696,29,61.11,61.11,66.67,66.67,52.56,52.56,57.58,57.58,25.00,25.00
Niger,NER,20200428,3.00,1,0.00,,2.00,1,3.00,1,0.00,,0.00,,2.00,0,4.00,0.00,,1.00,0.00,0.00,2.00,1,1.00,1.00,0.00,0.00,,701,29,61.11,61.11,66.67,66.67,52.56,52.56,57.58,57.58,25.00,25.00
Niger,NER,20200429,3.00,1,0.00,,2.00,1,3.00,1,0.00,,0.00,,2.00,0,4.00,0.00,,1.00,0.00,0.00,2.00,1,1.00,1.00,0.00,0.00,,709,31,61.11,61.11,66.67,66.67,52.56,52.56,57.58,57.58,25.00,25.00
Niger,NER,20200430,3.00,1,0.00,,2.00,1,3.00,1,0.00,,0.00,,2.00,0,4.00,0.00,,1.00,0.00,0.00,2.00,1,1.00,1.00,0.00,0.00,,713,32,61.11,61.11,66.67,66.67,52.56,52.56,57.58,57.58,25.00,25.00
Niger,NER,20200501,3.00,1,0.00,,2.00,1,3.00,1,0.00,,0.00,,2.00,0,4.00,0.00,,1.00,0.00,0.00,2.00,1,1.00,1.00,0.00,0.00,,719,32,61.11,61.11,66.67,66.67,52.56,52.56,57.58,57.58,25.00,25.00
Niger,NER,20200502,3.00,1,0.00,,2.00,1,3.00,1,0.00,,0.00,,2.00,0,4.00,0.00,,1.00,0.00,0.00,2.00,1,1.00,1.00,0.00,0.00,,728,33,61.11,61.11,66.67,66.67,52.56,52.56,57.58,57.58,25.00,25.00
Niger,NER,20200503,3.00,1,0.00,,2.00,1,3.00,1,0.00,,0.00,,2.00,0,4.00,0.00,,1.00,0.00,0.00,2.00,1,1.00,1.00,0.00,0.00,,736,35,61.11,61.11,66.67,66.67,52.56,52.56,57.58,57.58,25.00,25.00
Niger,NER,20200504,3.00,1,0.00,,2.00,1,3.00,1,0.00,,0.00,,2.00,0,4.00,0.00,,1.00,0.00,0.00,2.00,1,1.00,1.00,0.00,0.00,,750,36,61.11,61.11,66.67,66.67,52.56,52.56,57.58,57.58,25.00,25.00
Niger,NER,20200505,3.00,1,0.00,,2.00,1,3.00,1,0.00,,0.00,,2.00,0,4.00,0.00,,1.00,0.00,0.00,2.00,1,1.00,1.00,0.00,0.00,,755,37,61.11,61.11,66.67,66.67,52.56,52.56,57.58,57.58,25.00,25.00
Niger,NER,20200506,3.00,1,0.00,,2.00,1,3.00,1,0.00,,0.00,,2.00,0,4.00,0.00,,1.00,0.00,0.00,2.00,1,1.00,1.00,0.00,0.00,,763,38,61.11,61.11,66.67,66.67,52.56,52.56,57.58,57.58,25.00,25.00
Niger,NER,20200507,3.00,1,0.00,,2.00,1,3.00,1,0.00,,0.00,,2.00,0,4.00,0.00,,1.00,0.00,0.00,2.00,1,1.00,1.00,0.00,0.00,,770,38,61.11,61.11,66.67,66.67,52.56,52.56,57.58,57.58,25.00,25.00
Niger,NER,20200508,3.00,1,0.00,,2.00,1,3.00,1,0.00,,0.00,,2.00,0,4.00,0.00,,1.00,0.00,0.00,2.00,1,1.00,1.00,0.00,0.00,,781,42,61.11,61.11,66.67,66.67,52.56,52.56,57.58,57.58,25.00,25.00
Niger,NER,20200509,3.00,1,0.00,,2.00,1,3.00,1,0.00,,0.00,,2.00,0,4.00,0.00,,1.00,0.00,0.00,2.00,1,1.00,1.00,0.00,0.00,,795,44,61.11,61.11,66.67,66.67,52.56,52.56,57.58,57.58,25.00,25.00
Niger,NER,20200510,3.00,1,0.00,,2.00,1,3.00,1,0.00,,0.00,,2.00,0,4.00,0.00,,1.00,0.00,0.00,2.00,1,1.00,1.00,0.00,0.00,,815,45,61.11,61.11,66.67,66.67,52.56,52.56,57.58,57.58,25.00,25.00
Niger,NER,20200511,3.00,1,0.00,,2.00,1,3.00,1,0.00,,0.00,,2.00,0,4.00,0.00,,1.00,0.00,0.00,2.00,1,1.00,1.00,0.00,0.00,,821,46,61.11,61.11,66.67,66.67,52.56,52.56,57.58,57.58,25.00,25.00
Niger,NER,20200512,3.00,1,0.00,,2.00,1,3.00,1,0.00,,0.00,,2.00,0,4.00,0.00,,1.00,0.00,0.00,2.00,1,1.00,1.00,0.00,0.00,,832,46,61.11,61.11,66.67,66.67,52.56,52.56,57.58,57.58,25.00,25.00
Niger,NER,20200513,3.00,1,0.00,,0.00,,0.00,,0.00,,0.00,,0.00,,4.00,0.00,,1.00,0.00,0.00,2.00,1,1.00,1.00,0.00,0.00,,854,47,33.33,33.33,42.86,42.86,33.33,33.33,34.85,34.85,25.00,25.00
Niger,NER,20200514,3.00,1,0.00,,0.00,,0.00,,0.00,,0.00,,0.00,,4.00,0.00,,1.00,0.00,0.00,2.00,1,1.00,1.00,0.00,0.00,,860,49,33.33,33.33,42.86,42.86,33.33,33.33,34.85,34.85,25.00,25.00
Niger,NER,20200515,3.00,1,0.00,,0.00,,0.00,,0.00,,0.00,,0.00,,4.00,0.00,,1.00,0.00,0.00,2.00,1,1.00,1.00,0.00,0.00,,876,50,33.33,33.33,42.86,42.86,33.33,33.33,34.85,34.85,25.00,25.00
Niger,NER,20200516,3.00,1,0.00,,0.00,,0.00,,0.00,,0.00,,0.00,,4.00,0.00,,1.00,0.00,0.00,2.00,1,1.00,1.00,0.00,0.00,,885,51,33.33,33.33,42.86,42.86,33.33,33.33,34.85,34.85,25.00,25.00
Niger,NER,20200517,3.00,1,0.00,,0.00,,0.00,,0.00,,0.00,,0.00,,4.00,0.00,,1.00,0.00,0.00,2.00,1,1.00,1.00,0.00,0.00,,889,51,33.33,33.33,42.86,42.86,33.33,33.33,34.85,34.85,25.00,25.00
Niger,NER,20200518,3.00,1,0.00,,0.00,,0.00,,0.00,,0.00,,0.00,,4.00,0.00,,1.00,0.00,0.00,2.00,1,1.00,1.00,0.00,0.00,,904,54,33.33,33.33,42.86,42.86,33.33,33.33,34.85,34.85,25.00,25.00
Niger,NER,20200519,3.00,1,0.00,,0.00,,0.00,,0.00,,0.00,,0.00,,4.00,0.00,,1.00,0.00,0.00,2.00,1,1.00,1.00,0.00,0.00,,909,55,33.33,33.33,42.86,42.86,33.33,33.33,34.85,34.85,25.00,25.00
Niger,NER,20200520,3.00,1,0.00,,0.00,,0.00,,0.00,,0.00,,0.00,,4.00,0.00,,1.00,0.00,0.00,2.00,1,1.00,1.00,0.00,0.00,,914,55,33.33,33.33,42.86,42.86,33.33,33.33,34.85,34.85,25.00,25.00
Niger,NER,20200521,3.00,1,0.00,,0.00,,0.00,,0.00,,0.00,,0.00,,4.00,0.00,,1.00,0.00,0.00,2.00,1,1.00,1.00,0.00,0.00,,920,58,33.33,33.33,42.86,42.86,33.33,33.33,34.85,34.85,25.00,25.00
Niger,NER,20200522,3.00,1,0.00,,0.00,,0.00,,0.00,,0.00,,0.00,,4.00,0.00,,1.00,0.00,0.00,2.00,1,1.00,1.00,0.00,0.00,,924,60,33.33,33.33,42.86,42.86,33.33,33.33,34.85,34.85,25.00,25.00
Niger,NER,20200523,3.00,1,0.00,,0.00,,0.00,,0.00,,0.00,,0.00,,4.00,0.00,,1.00,0.00,0.00,2.00,1,1.00,1.00,0.00,0.00,,937,60,33.33,33.33,42.86,42.86,33.33,33.33,34.85,34.85,25.00,25.00
Niger,NER,20200524,3.00,1,0.00,,0.00,,0.00,,0.00,,0.00,,0.00,,4.00,0.00,,1.00,0.00,0.00,2.00,1,1.00,1.00,0.00,0.00,,943,61,33.33,33.33,42.86,42.86,33.33,33.33,34.85,34.85,25.00,25.00
Niger,NER,20200525,3.00,1,0.00,,0.00,,0.00,,0.00,,0.00,,0.00,,4.00,0.00,,1.00,0.00,0.00,2.00,1,1.00,1.00,0.00,0.00,,945,61,33.33,33.33,42.86,42.86,33.33,33.33,34.85,34.85,25.00,25.00
Niger,NER,20200526,3.00,1,0.00,,0.00,,0.00,,0.00,,0.00,,0.00,,4.00,0.00,,1.00,0.00,0.00,2.00,1,1.00,1.00,0.00,0.00,,951,62,33.33,33.33,42.86,42.86,33.33,33.33,34.85,34.85,25.00,25.00
Niger,NER,20200527,3.00,1,0.00,,0.00,,0.00,,0.00,,0.00,,0.00,,4.00,0.00,,1.00,0.00,0.00,2.00,1,1.00,1.00,0.00,0.00,,952,63,33.33,33.33,42.86,42.86,33.33,33.33,34.85,34.85,25.00,25.00
Niger,NER,20200528,3.00,1,0.00,,0.00,,0.00,,0.00,,0.00,,0.00,,4.00,0.00,,1.00,0.00,0.00,2.00,1,1.00,1.00,0.00,0.00,,955,64,33.33,33.33,42.86,42.86,33.33,33.33,34.85,34.85,25.00,25.00
Niger,NER,20200529,3.00,1,0.00,,0.00,,0.00,,0.00,,0.00,,0.00,,4.00,0.00,,1.00,0.00,0.00,2.00,1,1.00,1.00,0.00,0.00,,955,64,33.33,33.33,42.86,42.86,33.33,33.33,34.85,34.85,25.00,25.00
Niger,NER,20200530,3.00,1,0.00,,0.00,,0.00,,0.00,,0.00,,0.00,,4.00,0.00,,1.00,0.00,0.00,2.00,1,1.00,1.00,0.00,0.00,,955,64,33.33,33.33,42.86,42.86,33.33,33.33,34.85,34.85,25.00,25.00
Niger,NER,20200531,3.00,1,0.00,,0.00,,0.00,,0.00,,0.00,,0.00,,4.00,0.00,,1.00,0.00,0.00,2.00,1,1.00,1.00,0.00,0.00,,956,64,33.33,33.33,42.86,42.86,33.33,33.33,34.85,34.85,25.00,25.00
Niger,NER,20200601,0.00,,0.00,,0.00,,0.00,,0.00,,0.00,,0.00,,4.00,0.00,,1.00,0.00,0.00,2.00,1,1.00,1.00,0.00,0.00,,958,64,22.22,22.22,28.57,28.57,25.64,25.64,25.76,25.76,25.00,25.00
Niger,NER,20200602,0.00,,0.00,,0.00,,0.00,,0.00,,0.00,,0.00,,4.00,0.00,,1.00,0.00,0.00,2.00,1,1.00,1.00,0.00,0.00,,958,65,22.22,22.22,28.57,28.57,25.64,25.64,25.76,25.76,25.00,25.00
Niger,NER,20200603,0.00,,0.00,,0.00,,0.00,,0.00,,0.00,,0.00,,4.00,0.00,,1.00,0.00,0.00,2.00,1,1.00,1.00,0.00,0.00,,960,65,22.22,22.22,28.57,28.57,25.64,25.64,25.76,25.76,25.00,25.00
Niger,NER,20200604,0.00,,0.00,,0.00,,0.00,,0.00,,0.00,,0.00,,4.00,0.00,,1.00,0.00,0.00,2.00,1,1.00,1.00,0.00,0.00,,961,65,22.22,22.22,28.57,28.57,25.64,25.64,25.76,25.76,25.00,25.00
Niger,NER,20200605,0.00,,0.00,,0.00,,0.00,,0.00,,0.00,,0.00,,4.00,0.00,,1.00,0.00,0.00,2.00,1,1.00,1.00,0.00,0.00,,963,65,22.22,22.22,28.57,28.57,25.64,25.64,25.76,25.76,25.00,25.00
Niger,NER,20200606,0.00,,0.00,,0.00,,0.00,,0.00,,0.00,,0.00,,4.00,0.00,,1.00,0.00,0.00,2.00,1,1.00,1.00,0.00,0.00,,966,65,22.22,22.22,28.57,28.57,25.64,25.64,25.76,25.76,25.00,25.00
Niger,NER,20200607,0.00,,0.00,,0.00,,0.00,,0.00,,0.00,,0.00,,4.00,0.00,,1.00,0.00,0.00,2.00,1,1.00,1.00,0.00,0.00,,970,65,22.22,22.22,28.57,28.57,25.64,25.64,25.76,25.76,25.00,25.00
Niger,NER,20200608,0.00,,0.00,,0.00,,0.00,,0.00,,0.00,,0.00,,4.00,0.00,,1.00,0.00,0.00,2.00,1,1.00,1.00,0.00,0.00,,973,65,22.22,22.22,28.57,28.57,25.64,25.64,25.76,25.76,25.00,25.00
Niger,NER,20200609,0.00,,0.00,,0.00,,0.00,,0.00,,0.00,,0.00,,4.00,0.00,,1.00,0.00,0.00,2.00,1,1.00,1.00,0.00,0.00,,973,65,22.22,22.22,28.57,28.57,25.64,25.64,25.76,25.76,25.00,25.00
Niger,NER,20200610,0.00,,0.00,,0.00,,0.00,,0.00,,0.00,,0.00,,4.00,0.00,,1.00,0.00,0.00,2.00,1,1.00,1.00,0.00,0.00,,974,65,22.22,22.22,28.57,28.57,25.64,25.64,25.76,25.76,25.00,25.00
Niger,NER,20200611,0.00,,0.00,,0.00,,0.00,,0.00,,0.00,,0.00,,4.00,0.00,,1.00,0.00,0.00,2.00,1,1.00,1.00,0.00,0.00,,974,65,22.22,22.22,28.57,28.57,25.64,25.64,25.76,25.76,25.00,25.00
Niger,NER,20200612,0.00,,0.00,,0.00,,0.00,,0.00,,0.00,,0.00,,4.00,0.00,,1.00,0.00,0.00,2.00,1,1.00,1.00,0.00,0.00,,974,65,22.22,22.22,28.57,28.57,25.64,25.64,25.76,25.76,25.00,25.00
Niger,NER,20200613,0.00,,0.00,,0.00,,0.00,,0.00,,0.00,,0.00,,4.00,0.00,,1.00,0.00,0.00,2.00,1,1.00,1.00,0.00,0.00,,978,65,22.22,22.22,28.57,28.57,25.64,25.64,25.76,25.76,25.00,25.00
Niger,NER,20200614,0.00,,0.00,,0.00,,0.00,,0.00,,0.00,,0.00,,4.00,0.00,,1.00,0.00,0.00,2.00,1,1.00,1.00,0.00,0.00,,980,66,22.22,22.22,28.57,28.57,25.64,25.64,25.76,25.76,25.00,25.00
Niger,NER,20200615,0.00,,0.00,,0.00,,0.00,,0.00,,0.00,,0.00,,4.00,0.00,,1.00,0.00,0.00,2.00,1,1.00,1.00,0.00,0.00,,980,66,22.22,22.22,28.57,28.57,25.64,25.64,25.76,25.76,25.00,25.00
Niger,NER,20200616,0.00,,0.00,,0.00,,0.00,,0.00,,0.00,,0.00,,4.00,0.00,,1.00,0.00,0.00,2.00,1,1.00,1.00,0.00,0.00,,980,66,22.22,22.22,28.57,28.57,25.64,25.64,25.76,25.76,25.00,25.00
Niger,NER,20200617,0.00,,0.00,,0.00,,0.00,,0.00,,0.00,,0.00,,4.00,0.00,,1.00,0.00,0.00,2.00,1,1.00,1.00,0.00,0.00,,1016,66,22.22,22.22,28.57,28.57,25.64,25.64,25.76,25.76,25.00,25.00
Niger,NER,20200618,0.00,,0.00,,0.00,,0.00,,0.00,,0.00,,0.00,,4.00,0.00,,1.00,0.00,0.00,2.00,1,1.00,1.00,0.00,0.00,,1020,67,22.22,22.22,28.57,28.57,25.64,25.64,25.76,25.76,25.00,25.00
Niger,NER,20200619,0.00,,0.00,,0.00,,0.00,,0.00,,0.00,,0.00,,4.00,0.00,,1.00,0.00,0.00,2.00,1,1.00,1.00,0.00,0.00,,1020,67,22.22,22.22,28.57,28.57,25.64,25.64,25.76,25.76,25.00,25.00
Niger,NER,20200620,0.00,,0.00,,0.00,,0.00,,0.00,,0.00,,0.00,,4.00,0.00,,1.00,0.00,0.00,2.00,1,1.00,1.00,0.00,0.00,,1020,67,22.22,22.22,28.57,28.57,25.64,25.64,25.76,25.76,25.00,25.00
Niger,NER,20200621,0.00,,0.00,,0.00,,0.00,,0.00,,0.00,,0.00,,4.00,0.00,,1.00,0.00,0.00,2.00,1,1.00,1.00,0.00,0.00,,1035,67,22.22,22.22,28.57,28.57,25.64,25.64,25.76,25.76,25.00,25.00
Niger,NER,20200622,,,,,,,,,,,,,,,,,,,,,,,,,,,,1036,67,,22.22,,28.57,,25.64,,25.76,,25.00
Niger,NER,20200623,,,,,,,,,,,,,,,,,,,,,,,,,,,,1046,67,,22.22,,28.57,,25.64,,25.76,,25.00
