Nigeria,NGA,20200101,0.00,,0.00,,0.00,,0.00,,0.00,,0.00,,0.00,,0.00,0.00,,0.00,0.00,0.00,0.00,,0.00,0.00,0.00,0.00,,0,0,0.00,0.00,0.00,0.00,0.00,0.00,0.00,0.00,0.00,0.00
Nigeria,NGA,20200102,0.00,,0.00,,0.00,,0.00,,0.00,,0.00,,0.00,,0.00,0.00,,0.00,0.00,0.00,0.00,,0.00,0.00,0.00,0.00,,0,0,0.00,0.00,0.00,0.00,0.00,0.00,0.00,0.00,0.00,0.00
Nigeria,NGA,20200103,0.00,,0.00,,0.00,,0.00,,0.00,,0.00,,0.00,,0.00,0.00,,0.00,0.00,0.00,0.00,,0.00,0.00,0.00,0.00,,0,0,0.00,0.00,0.00,0.00,0.00,0.00,0.00,0.00,0.00,0.00
Nigeria,NGA,20200104,0.00,,0.00,,0.00,,0.00,,0.00,,0.00,,0.00,,0.00,0.00,,0.00,0.00,0.00,0.00,,0.00,0.00,0.00,0.00,,0,0,0.00,0.00,0.00,0.00,0.00,0.00,0.00,0.00,0.00,0.00
Nigeria,NGA,20200105,0.00,,0.00,,0.00,,0.00,,0.00,,0.00,,0.00,,0.00,0.00,,0.00,0.00,0.00,0.00,,0.00,0.00,0.00,0.00,,0,0,0.00,0.00,0.00,0.00,0.00,0.00,0.00,0.00,0.00,0.00
Nigeria,NGA,20200106,0.00,,0.00,,0.00,,0.00,,0.00,,0.00,,0.00,,0.00,0.00,,0.00,0.00,0.00,0.00,,0.00,0.00,0.00,0.00,,0,0,0.00,0.00,0.00,0.00,0.00,0.00,0.00,0.00,0.00,0.00
Nigeria,NGA,20200107,0.00,,0.00,,0.00,,0.00,,0.00,,0.00,,0.00,,0.00,0.00,,0.00,0.00,0.00,0.00,,0.00,0.00,0.00,0.00,,0,0,0.00,0.00,0.00,0.00,0.00,0.00,0.00,0.00,0.00,0.00
Nigeria,NGA,20200108,0.00,,0.00,,0.00,,0.00,,0.00,,0.00,,0.00,,0.00,0.00,,0.00,0.00,0.00,0.00,,0.00,0.00,0.00,0.00,,0,0,0.00,0.00,0.00,0.00,0.00,0.00,0.00,0.00,0.00,0.00
Nigeria,NGA,20200109,0.00,,0.00,,0.00,,0.00,,0.00,,0.00,,0.00,,0.00,0.00,,0.00,0.00,0.00,0.00,,0.00,0.00,0.00,0.00,,0,0,0.00,0.00,0.00,0.00,0.00,0.00,0.00,0.00,0.00,0.00
Nigeria,NGA,20200110,0.00,,0.00,,0.00,,0.00,,0.00,,0.00,,0.00,,0.00,0.00,,0.00,0.00,0.00,0.00,,0.00,0.00,0.00,0.00,,0,0,0.00,0.00,0.00,0.00,0.00,0.00,0.00,0.00,0.00,0.00
Nigeria,NGA,20200111,0.00,,0.00,,0.00,,0.00,,0.00,,0.00,,0.00,,0.00,0.00,,0.00,0.00,0.00,0.00,,0.00,0.00,0.00,0.00,,0,0,0.00,0.00,0.00,0.00,0.00,0.00,0.00,0.00,0.00,0.00
Nigeria,NGA,20200112,0.00,,0.00,,0.00,,0.00,,0.00,,0.00,,0.00,,0.00,0.00,,0.00,0.00,0.00,0.00,,0.00,0.00,0.00,0.00,,0,0,0.00,0.00,0.00,0.00,0.00,0.00,0.00,0.00,0.00,0.00
Nigeria,NGA,20200113,0.00,,0.00,,0.00,,0.00,,0.00,,0.00,,0.00,,0.00,0.00,,0.00,0.00,0.00,0.00,,0.00,0.00,0.00,0.00,,0,0,0.00,0.00,0.00,0.00,0.00,0.00,0.00,0.00,0.00,0.00
Nigeria,NGA,20200114,0.00,,0.00,,0.00,,0.00,,0.00,,0.00,,0.00,,0.00,0.00,,0.00,0.00,0.00,0.00,,0.00,0.00,0.00,0.00,,0,0,0.00,0.00,0.00,0.00,0.00,0.00,0.00,0.00,0.00,0.00
Nigeria,NGA,20200115,0.00,,0.00,,0.00,,0.00,,0.00,,0.00,,0.00,,0.00,0.00,,0.00,0.00,0.00,0.00,,0.00,0.00,0.00,0.00,,0,0,0.00,0.00,0.00,0.00,0.00,0.00,0.00,0.00,0.00,0.00
Nigeria,NGA,20200116,0.00,,0.00,,0.00,,0.00,,0.00,,0.00,,0.00,,0.00,0.00,,0.00,0.00,0.00,0.00,,0.00,0.00,0.00,0.00,,0,0,0.00,0.00,0.00,0.00,0.00,0.00,0.00,0.00,0.00,0.00
Nigeria,NGA,20200117,0.00,,0.00,,0.00,,0.00,,0.00,,0.00,,0.00,,0.00,0.00,,0.00,0.00,0.00,0.00,,0.00,0.00,0.00,0.00,,0,0,0.00,0.00,0.00,0.00,0.00,0.00,0.00,0.00,0.00,0.00
Nigeria,NGA,20200118,0.00,,0.00,,0.00,,0.00,,0.00,,0.00,,0.00,,0.00,0.00,,0.00,0.00,0.00,0.00,,0.00,0.00,0.00,0.00,,0,0,0.00,0.00,0.00,0.00,0.00,0.00,0.00,0.00,0.00,0.00
Nigeria,NGA,20200119,0.00,,0.00,,0.00,,0.00,,0.00,,0.00,,0.00,,0.00,0.00,,0.00,0.00,0.00,0.00,,0.00,0.00,0.00,0.00,,0,0,0.00,0.00,0.00,0.00,0.00,0.00,0.00,0.00,0.00,0.00
Nigeria,NGA,20200120,0.00,,0.00,,0.00,,0.00,,0.00,,0.00,,0.00,,0.00,0.00,,0.00,0.00,0.00,0.00,,0.00,0.00,0.00,0.00,,0,0,0.00,0.00,0.00,0.00,0.00,0.00,0.00,0.00,0.00,0.00
Nigeria,NGA,20200121,0.00,,0.00,,0.00,,0.00,,0.00,,0.00,,0.00,,0.00,0.00,,0.00,0.00,0.00,0.00,,0.00,0.00,0.00,0.00,,0,0,0.00,0.00,0.00,0.00,0.00,0.00,0.00,0.00,0.00,0.00
Nigeria,NGA,20200122,0.00,,0.00,,0.00,,0.00,,0.00,,0.00,,0.00,,0.00,0.00,,0.00,0.00,0.00,1.00,1,0.00,0.00,0.00,0.00,,0,0,5.56,5.56,9.52,9.52,3.85,3.85,4.55,4.55,0.00,0.00
Nigeria,NGA,20200123,0.00,,0.00,,0.00,,0.00,,0.00,,0.00,,0.00,,0.00,0.00,,0.00,0.00,0.00,1.00,1,0.00,0.00,0.00,0.00,,0,0,5.56,5.56,9.52,9.52,3.85,3.85,4.55,4.55,0.00,0.00
Nigeria,NGA,20200124,0.00,,0.00,,0.00,,0.00,,0.00,,0.00,,0.00,,0.00,0.00,,0.00,0.00,0.00,1.00,1,0.00,0.00,0.00,0.00,,0,0,5.56,5.56,9.52,9.52,3.85,3.85,4.55,4.55,0.00,0.00
Nigeria,NGA,20200125,0.00,,0.00,,0.00,,0.00,,0.00,,0.00,,0.00,,0.00,0.00,,0.00,0.00,0.00,1.00,1,0.00,0.00,0.00,0.00,,0,0,5.56,5.56,9.52,9.52,3.85,3.85,4.55,4.55,0.00,0.00
Nigeria,NGA,20200126,0.00,,0.00,,0.00,,0.00,,0.00,,0.00,,0.00,,0.00,0.00,,0.00,0.00,0.00,1.00,1,0.00,0.00,0.00,0.00,,0,0,5.56,5.56,9.52,9.52,3.85,3.85,4.55,4.55,0.00,0.00
Nigeria,NGA,20200127,0.00,,0.00,,0.00,,0.00,,0.00,,0.00,,0.00,,0.00,0.00,,0.00,0.00,0.00,1.00,1,0.00,0.00,0.00,0.00,,0,0,5.56,5.56,9.52,9.52,3.85,3.85,4.55,4.55,0.00,0.00
Nigeria,NGA,20200128,0.00,,0.00,,0.00,,0.00,,0.00,,0.00,,0.00,,0.00,0.00,,0.00,0.00,0.00,1.00,1,0.00,0.00,0.00,0.00,,0,0,5.56,5.56,9.52,9.52,3.85,3.85,4.55,4.55,0.00,0.00
Nigeria,NGA,20200129,0.00,,0.00,,0.00,,0.00,,0.00,,0.00,,0.00,,0.00,0.00,,0.00,0.00,0.00,1.00,1,0.00,0.00,0.00,0.00,,0,0,5.56,5.56,9.52,9.52,3.85,3.85,4.55,4.55,0.00,0.00
Nigeria,NGA,20200130,0.00,,0.00,,0.00,,0.00,,0.00,,0.00,,0.00,,0.00,0.00,,0.00,0.00,0.00,1.00,1,0.00,0.00,0.00,0.00,,0,0,5.56,5.56,9.52,9.52,3.85,3.85,4.55,4.55,0.00,0.00
Nigeria,NGA,20200131,0.00,,0.00,,0.00,,0.00,,0.00,,0.00,,0.00,,0.00,0.00,,0.00,0.00,0.00,2.00,1,0.00,0.00,0.00,0.00,,0,0,11.11,11.11,14.29,14.29,7.69,7.69,9.09,9.09,0.00,0.00
Nigeria,NGA,20200201,0.00,,0.00,,0.00,,0.00,,0.00,,0.00,,0.00,,0.00,0.00,,0.00,0.00,0.00,2.00,1,0.00,0.00,0.00,0.00,,0,0,11.11,11.11,14.29,14.29,7.69,7.69,9.09,9.09,0.00,0.00
Nigeria,NGA,20200202,0.00,,0.00,,0.00,,0.00,,0.00,,0.00,,0.00,,0.00,0.00,,0.00,0.00,0.00,2.00,1,1.00,0.00,0.00,0.00,,0,0,11.11,11.11,14.29,14.29,10.26,10.26,12.12,12.12,0.00,0.00
Nigeria,NGA,20200203,0.00,,0.00,,0.00,,0.00,,0.00,,0.00,,0.00,,0.00,0.00,,0.00,0.00,0.00,2.00,1,1.00,0.00,0.00,0.00,,0,0,11.11,11.11,14.29,14.29,10.26,10.26,12.12,12.12,0.00,0.00
Nigeria,NGA,20200204,0.00,,0.00,,0.00,,0.00,,0.00,,0.00,,0.00,,0.00,0.00,,0.00,0.00,0.00,2.00,1,1.00,0.00,0.00,0.00,,0,0,11.11,11.11,14.29,14.29,10.26,10.26,12.12,12.12,0.00,0.00
Nigeria,NGA,20200205,0.00,,0.00,,0.00,,0.00,,0.00,,0.00,,0.00,,0.00,0.00,,0.00,0.00,0.00,2.00,1,1.00,0.00,0.00,0.00,,0,0,11.11,11.11,14.29,14.29,10.26,10.26,12.12,12.12,0.00,0.00
Nigeria,NGA,20200206,0.00,,0.00,,0.00,,0.00,,0.00,,0.00,,0.00,,0.00,0.00,,0.00,0.00,0.00,2.00,1,1.00,0.00,0.00,0.00,,0,0,11.11,11.11,14.29,14.29,10.26,10.26,12.12,12.12,0.00,0.00
Nigeria,NGA,20200207,0.00,,0.00,,0.00,,0.00,,0.00,,0.00,,0.00,,0.00,0.00,,0.00,0.00,0.00,2.00,1,1.00,0.00,0.00,0.00,,0,0,11.11,11.11,14.29,14.29,10.26,10.26,12.12,12.12,0.00,0.00
Nigeria,NGA,20200208,0.00,,0.00,,0.00,,0.00,,0.00,,0.00,,0.00,,0.00,0.00,,0.00,0.00,0.00,2.00,1,1.00,0.00,0.00,0.00,,0,0,11.11,11.11,14.29,14.29,10.26,10.26,12.12,12.12,0.00,0.00
Nigeria,NGA,20200209,0.00,,0.00,,0.00,,0.00,,0.00,,0.00,,0.00,,0.00,0.00,,0.00,0.00,0.00,2.00,1,1.00,0.00,0.00,0.00,,0,0,11.11,11.11,14.29,14.29,10.26,10.26,12.12,12.12,0.00,0.00
Nigeria,NGA,20200210,0.00,,0.00,,0.00,,0.00,,0.00,,0.00,,0.00,,0.00,0.00,,0.00,0.00,0.00,2.00,1,1.00,0.00,0.00,0.00,,0,0,11.11,11.11,14.29,14.29,10.26,10.26,12.12,12.12,0.00,0.00
Nigeria,NGA,20200211,0.00,,0.00,,0.00,,0.00,,0.00,,0.00,,0.00,,0.00,0.00,,0.00,0.00,0.00,2.00,1,1.00,0.00,0.00,0.00,,0,0,11.11,11.11,14.29,14.29,10.26,10.26,12.12,12.12,0.00,0.00
Nigeria,NGA,20200212,0.00,,0.00,,0.00,,0.00,,0.00,,0.00,,0.00,,0.00,0.00,,0.00,0.00,0.00,2.00,1,1.00,0.00,0.00,0.00,,0,0,11.11,11.11,14.29,14.29,10.26,10.26,12.12,12.12,0.00,0.00
Nigeria,NGA,20200213,0.00,,0.00,,0.00,,0.00,,0.00,,0.00,,0.00,,0.00,0.00,,0.00,0.00,0.00,2.00,1,1.00,0.00,0.00,0.00,,0,0,11.11,11.11,14.29,14.29,10.26,10.26,12.12,12.12,0.00,0.00
Nigeria,NGA,20200214,0.00,,0.00,,0.00,,0.00,,0.00,,0.00,,0.00,,0.00,0.00,,0.00,0.00,0.00,2.00,1,1.00,0.00,0.00,0.00,,0,0,11.11,11.11,14.29,14.29,10.26,10.26,12.12,12.12,0.00,0.00
Nigeria,NGA,20200215,0.00,,0.00,,0.00,,0.00,,0.00,,0.00,,0.00,,0.00,0.00,,0.00,0.00,0.00,2.00,1,1.00,0.00,0.00,0.00,,0,0,11.11,11.11,14.29,14.29,10.26,10.26,12.12,12.12,0.00,0.00
Nigeria,NGA,20200216,0.00,,0.00,,0.00,,0.00,,0.00,,0.00,,0.00,,0.00,0.00,,0.00,0.00,0.00,2.00,1,1.00,0.00,0.00,0.00,,0,0,11.11,11.11,14.29,14.29,10.26,10.26,12.12,12.12,0.00,0.00
Nigeria,NGA,20200217,0.00,,0.00,,0.00,,0.00,,0.00,,0.00,,0.00,,0.00,0.00,,0.00,0.00,0.00,2.00,1,1.00,0.00,0.00,0.00,,0,0,11.11,11.11,14.29,14.29,10.26,10.26,12.12,12.12,0.00,0.00
Nigeria,NGA,20200218,0.00,,0.00,,0.00,,0.00,,0.00,,0.00,,0.00,,0.00,0.00,,0.00,0.00,0.00,2.00,1,1.00,0.00,0.00,0.00,,0,0,11.11,11.11,14.29,14.29,10.26,10.26,12.12,12.12,0.00,0.00
Nigeria,NGA,20200219,0.00,,0.00,,0.00,,0.00,,0.00,,0.00,,0.00,,0.00,0.00,,0.00,0.00,0.00,2.00,1,1.00,0.00,0.00,0.00,,0,0,11.11,11.11,14.29,14.29,10.26,10.26,12.12,12.12,0.00,0.00
Nigeria,NGA,20200220,0.00,,0.00,,0.00,,0.00,,0.00,,0.00,,0.00,,0.00,0.00,,0.00,0.00,0.00,2.00,1,1.00,0.00,0.00,0.00,,0,0,11.11,11.11,14.29,14.29,10.26,10.26,12.12,12.12,0.00,0.00
Nigeria,NGA,20200221,0.00,,0.00,,0.00,,0.00,,0.00,,0.00,,0.00,,0.00,0.00,,0.00,0.00,0.00,2.00,1,1.00,0.00,0.00,0.00,,0,0,11.11,11.11,14.29,14.29,10.26,10.26,12.12,12.12,0.00,0.00
Nigeria,NGA,20200222,0.00,,0.00,,0.00,,0.00,,0.00,,0.00,,0.00,,0.00,0.00,,0.00,0.00,0.00,2.00,1,1.00,0.00,0.00,0.00,,0,0,11.11,11.11,14.29,14.29,10.26,10.26,12.12,12.12,0.00,0.00
Nigeria,NGA,20200223,0.00,,0.00,,0.00,,0.00,,0.00,,0.00,,0.00,,0.00,0.00,,0.00,0.00,0.00,2.00,1,1.00,0.00,0.00,0.00,,0,0,11.11,11.11,14.29,14.29,10.26,10.26,12.12,12.12,0.00,0.00
Nigeria,NGA,20200224,0.00,,0.00,,0.00,,0.00,,0.00,,0.00,,0.00,,0.00,0.00,,0.00,0.00,0.00,2.00,1,1.00,0.00,0.00,0.00,,0,0,11.11,11.11,14.29,14.29,10.26,10.26,12.12,12.12,0.00,0.00
Nigeria,NGA,20200225,0.00,,0.00,,0.00,,0.00,,0.00,,0.00,,0.00,,0.00,0.00,,0.00,0.00,0.00,2.00,1,1.00,0.00,0.00,0.00,,0,0,11.11,11.11,14.29,14.29,10.26,10.26,12.12,12.12,0.00,0.00
Nigeria,NGA,20200226,0.00,,0.00,,0.00,,0.00,,0.00,,0.00,,0.00,,0.00,0.00,,0.00,0.00,0.00,2.00,1,1.00,0.00,0.00,0.00,,0,0,11.11,11.11,14.29,14.29,10.26,10.26,12.12,12.12,0.00,0.00
Nigeria,NGA,20200227,0.00,,0.00,,0.00,,0.00,,0.00,,0.00,,0.00,,0.00,0.00,,0.00,0.00,0.00,2.00,1,1.00,0.00,0.00,0.00,,0,0,11.11,11.11,14.29,14.29,10.26,10.26,12.12,12.12,0.00,0.00
Nigeria,NGA,20200228,0.00,,0.00,,0.00,,0.00,,0.00,,0.00,,0.00,,0.00,0.00,,0.00,0.00,0.00,2.00,1,1.00,2.00,0.00,0.00,,1,0,11.11,11.11,14.29,14.29,17.95,17.95,21.21,21.21,0.00,0.00
Nigeria,NGA,20200229,0.00,,0.00,,0.00,,0.00,,0.00,,0.00,,0.00,,0.00,0.00,,0.00,0.00,0.00,2.00,1,1.00,2.00,0.00,0.00,,1,0,11.11,11.11,14.29,14.29,17.95,17.95,21.21,21.21,0.00,0.00
Nigeria,NGA,20200301,0.00,,0.00,,0.00,,0.00,,0.00,,0.00,,0.00,,0.00,0.00,,0.00,0.00,0.00,2.00,1,1.00,2.00,0.00,0.00,,1,0,11.11,11.11,14.29,14.29,17.95,17.95,21.21,21.21,0.00,0.00
Nigeria,NGA,20200302,0.00,,0.00,,0.00,,0.00,,0.00,,0.00,,0.00,,0.00,0.00,,0.00,0.00,0.00,2.00,1,1.00,2.00,0.00,0.00,,1,0,11.11,11.11,14.29,14.29,17.95,17.95,21.21,21.21,0.00,0.00
Nigeria,NGA,20200303,0.00,,0.00,,0.00,,0.00,,0.00,,0.00,,0.00,,0.00,0.00,,0.00,0.00,0.00,2.00,1,1.00,2.00,0.00,0.00,,,,11.11,11.11,14.29,14.29,17.95,17.95,21.21,21.21,0.00,0.00
Nigeria,NGA,20200304,0.00,,0.00,,0.00,,0.00,,0.00,,0.00,,0.00,,0.00,0.00,,0.00,0.00,0.00,2.00,1,1.00,2.00,18200000.00,0.00,,,,11.11,11.11,14.29,14.29,17.95,17.95,21.21,21.21,0.00,0.00
Nigeria,NGA,20200305,0.00,,0.00,,0.00,,0.00,,0.00,,0.00,,0.00,,0.00,0.00,,0.00,0.00,0.00,2.00,1,1.00,2.00,0.00,0.00,,,,11.11,11.11,14.29,14.29,17.95,17.95,21.21,21.21,0.00,0.00
Nigeria,NGA,20200306,0.00,,0.00,,0.00,,0.00,,0.00,,0.00,,0.00,,0.00,0.00,,0.00,0.00,0.00,2.00,1,1.00,2.00,0.00,0.00,,,,11.11,11.11,14.29,14.29,17.95,17.95,21.21,21.21,0.00,0.00
Nigeria,NGA,20200307,0.00,,0.00,,0.00,,0.00,,0.00,,0.00,,0.00,,0.00,0.00,,0.00,0.00,0.00,2.00,1,1.00,2.00,2692215.00,0.00,,,,11.11,11.11,14.29,14.29,17.95,17.95,21.21,21.21,0.00,0.00
Nigeria,NGA,20200308,0.00,,0.00,,0.00,,0.00,,0.00,,0.00,,0.00,,0.00,0.00,,0.00,0.00,0.00,2.00,1,1.00,2.00,0.00,0.00,,,,11.11,11.11,14.29,14.29,17.95,17.95,21.21,21.21,0.00,0.00
Nigeria,NGA,20200309,0.00,,0.00,,0.00,,0.00,,0.00,,0.00,,0.00,,0.00,0.00,,0.00,0.00,0.00,2.00,1,1.00,2.00,0.00,0.00,,,,11.11,11.11,14.29,14.29,17.95,17.95,21.21,21.21,0.00,0.00
Nigeria,NGA,20200310,0.00,,0.00,,0.00,,0.00,,0.00,,0.00,,0.00,,0.00,0.00,,0.00,0.00,0.00,2.00,1,1.00,2.00,0.00,0.00,,2,0,11.11,11.11,14.29,14.29,17.95,17.95,21.21,21.21,0.00,0.00
Nigeria,NGA,20200311,0.00,,0.00,,0.00,,0.00,,0.00,,0.00,,0.00,,0.00,0.00,,0.00,0.00,0.00,2.00,1,1.00,2.00,0.00,0.00,,,,11.11,11.11,14.29,14.29,17.95,17.95,21.21,21.21,0.00,0.00
Nigeria,NGA,20200312,0.00,,0.00,,0.00,,0.00,,0.00,,0.00,,0.00,,0.00,0.00,,0.00,0.00,0.00,2.00,1,1.00,2.00,0.00,0.00,,,,11.11,11.11,14.29,14.29,17.95,17.95,21.21,21.21,0.00,0.00
Nigeria,NGA,20200313,0.00,,0.00,,0.00,,0.00,,0.00,,0.00,,0.00,,0.00,0.00,,0.00,0.00,0.00,2.00,1,1.00,2.00,0.00,0.00,,,,11.11,11.11,14.29,14.29,17.95,17.95,21.21,21.21,0.00,0.00
Nigeria,NGA,20200314,0.00,,0.00,,0.00,,0.00,,0.00,,0.00,,0.00,,0.00,0.00,,0.00,0.00,0.00,2.00,1,1.00,2.00,0.00,0.00,,,,11.11,11.11,14.29,14.29,17.95,17.95,21.21,21.21,0.00,0.00
Nigeria,NGA,20200315,0.00,,0.00,,0.00,,0.00,,0.00,,0.00,,0.00,,0.00,0.00,,0.00,0.00,0.00,2.00,1,1.00,2.00,0.00,0.00,,2,0,11.11,11.11,14.29,14.29,17.95,17.95,21.21,21.21,0.00,0.00
Nigeria,NGA,20200316,0.00,,0.00,,0.00,,0.00,,0.00,,0.00,,0.00,,0.00,0.00,,0.00,163000000.00,0.00,2.00,1,1.00,2.00,0.00,0.00,,2,0,11.11,11.11,14.29,14.29,17.95,17.95,21.21,21.21,0.00,0.00
Nigeria,NGA,20200317,0.00,,0.00,,0.00,,0.00,,0.00,,0.00,,0.00,,0.00,0.00,,0.00,0.00,0.00,2.00,1,1.00,2.00,0.00,0.00,,2,0,11.11,11.11,14.29,14.29,17.95,17.95,21.21,21.21,0.00,0.00
Nigeria,NGA,20200318,0.00,,1.00,0,1.00,1,3.00,0,0.00,,0.00,,0.00,,0.00,0.00,,0.00,3270000000.00,0.00,2.00,1,1.00,2.00,272869480.00,0.00,,3,0,25.46,25.46,27.38,27.38,27.88,27.88,32.95,32.95,0.00,0.00
Nigeria,NGA,20200319,0.00,,1.00,0,1.00,1,3.00,0,0.00,,0.00,,0.00,,0.00,0.00,,0.00,0.00,0.00,2.00,1,1.00,2.00,0.00,0.00,,8,0,25.46,25.46,27.38,27.38,27.88,27.88,32.95,32.95,0.00,0.00
Nigeria,NGA,20200320,2.00,0,1.00,0,2.00,0,3.00,0,0.00,,0.00,,0.00,,0.00,0.00,,0.00,0.00,0.00,2.00,1,1.00,2.00,0.00,0.00,,8,0,33.80,33.80,34.52,34.52,33.65,33.65,39.77,39.77,0.00,0.00
Nigeria,NGA,20200321,2.00,0,1.00,0,2.00,0,3.00,0,0.00,,0.00,,0.00,,0.00,0.00,,0.00,0.00,0.00,2.00,1,1.00,2.00,0.00,0.00,,12,0,33.80,33.80,34.52,34.52,33.65,33.65,39.77,39.77,0.00,0.00
Nigeria,NGA,20200322,2.00,0,1.00,0,2.00,0,3.00,0,0.00,,0.00,,0.00,,0.00,0.00,,0.00,0.00,0.00,2.00,1,1.00,2.00,0.00,0.00,,22,0,33.80,33.80,34.52,34.52,33.65,33.65,39.77,39.77,0.00,0.00
Nigeria,NGA,20200323,2.00,1,1.00,0,2.00,0,3.00,0,0.00,,1.00,0,0.00,,4.00,0.00,,0.00,0.00,0.00,2.00,1,1.00,2.00,0.00,0.00,,30,0,48.61,48.61,55.95,55.95,43.91,43.91,51.89,51.89,0.00,0.00
Nigeria,NGA,20200324,2.00,1,1.00,0,2.00,0,3.00,0,0.00,,1.00,0,0.00,,4.00,0.00,,0.00,0.00,0.00,2.00,1,1.00,2.00,0.00,0.00,,40,1,48.61,48.61,55.95,55.95,43.91,43.91,51.89,51.89,0.00,0.00
Nigeria,NGA,20200325,2.00,1,1.00,0,2.00,0,3.00,0,0.00,,1.00,0,0.00,,4.00,0.00,,0.00,0.00,0.00,2.00,1,1.00,2.00,0.00,0.00,,44,1,48.61,48.61,55.95,55.95,43.91,43.91,51.89,51.89,0.00,0.00
Nigeria,NGA,20200326,3.00,1,1.00,0,2.00,0,3.00,0,0.00,,1.00,0,0.00,,4.00,0.00,,0.00,0.00,0.00,2.00,1,1.00,2.00,44619620.00,0.00,,51,1,52.31,52.31,59.52,59.52,46.47,46.47,54.92,54.92,0.00,0.00
Nigeria,NGA,20200327,3.00,1,1.00,0,2.00,0,3.00,0,0.00,,1.00,0,0.00,,4.00,0.00,,0.00,0.00,0.00,2.00,1,1.00,2.00,0.00,0.00,,65,1,52.31,52.31,59.52,59.52,46.47,46.47,54.92,54.92,0.00,0.00
Nigeria,NGA,20200328,3.00,1,1.00,0,2.00,0,4.00,0,0.00,,1.00,0,0.00,,4.00,0.00,,0.00,0.00,0.00,2.00,1,1.00,2.00,0.00,0.00,,81,1,55.09,55.09,61.43,61.43,48.40,48.40,57.20,57.20,0.00,0.00
Nigeria,NGA,20200329,3.00,1,3.00,0,2.00,0,4.00,0,2.00,0,2.00,0,2.00,0,4.00,0.00,,0.00,0.00,0.00,2.00,1,1.00,2.00,0.00,0.00,,97,1,82.87,82.87,84.05,84.05,67.63,67.63,79.92,79.92,0.00,0.00
Nigeria,NGA,20200330,3.00,1,3.00,0,2.00,0,4.00,0,2.00,0,2.00,0,2.00,0,4.00,0.00,,0.00,0.00,0.00,2.00,1,1.00,2.00,0.00,0.00,,97,1,82.87,82.87,84.05,84.05,67.63,67.63,79.92,79.92,0.00,0.00
Nigeria,NGA,20200331,3.00,1,3.00,0,2.00,0,4.00,0,2.00,0,2.00,0,2.00,0,4.00,0.00,,0.00,0.00,0.00,2.00,1,1.00,2.00,0.00,0.00,,131,2,82.87,82.87,84.05,84.05,67.63,67.63,79.92,79.92,0.00,0.00
Nigeria,NGA,20200401,3.00,1,3.00,0,2.00,0,4.00,0,2.00,0,2.00,0,2.00,0,4.00,0.00,,0.00,0.00,0.00,2.00,1,1.00,2.00,0.00,0.00,,131,2,82.87,82.87,84.05,84.05,67.63,67.63,79.92,79.92,0.00,0.00
Nigeria,NGA,20200402,3.00,1,3.00,0,2.00,0,4.00,0,2.00,0,2.00,0,2.00,0,4.00,0.00,,0.00,0.00,0.00,2.00,1,1.00,2.00,0.00,0.00,,151,2,82.87,82.87,84.05,84.05,67.63,67.63,79.92,79.92,0.00,0.00
Nigeria,NGA,20200403,3.00,1,3.00,0,2.00,0,4.00,0,2.00,0,2.00,0,2.00,0,4.00,0.00,,0.00,0.00,0.00,2.00,1,1.00,2.00,0.00,0.00,,174,2,82.87,82.87,84.05,84.05,67.63,67.63,79.92,79.92,0.00,0.00
Nigeria,NGA,20200404,3.00,1,3.00,0,2.00,0,4.00,0,2.00,0,2.00,0,2.00,0,4.00,0.00,,0.00,0.00,0.00,2.00,1,1.00,2.00,0.00,0.00,,190,2,82.87,82.87,84.05,84.05,67.63,67.63,79.92,79.92,0.00,0.00
Nigeria,NGA,20200405,3.00,1,3.00,0,2.00,0,4.00,0,2.00,0,2.00,0,2.00,0,4.00,0.00,,0.00,0.00,0.00,2.00,1,1.00,2.00,0.00,0.00,,210,4,82.87,82.87,84.05,84.05,67.63,67.63,79.92,79.92,0.00,0.00
Nigeria,NGA,20200406,3.00,1,3.00,0,2.00,0,4.00,0,2.00,0,2.00,0,2.00,0,4.00,0.00,,0.00,0.00,0.00,2.00,1,1.00,2.00,0.00,0.00,,232,5,82.87,82.87,84.05,84.05,67.63,67.63,79.92,79.92,0.00,0.00
Nigeria,NGA,20200407,3.00,1,3.00,0,2.00,0,4.00,0,2.00,0,2.00,0,2.00,0,4.00,0.00,,0.00,0.00,0.00,2.00,1,1.00,2.00,0.00,0.00,,238,5,82.87,82.87,84.05,84.05,67.63,67.63,79.92,79.92,0.00,0.00
Nigeria,NGA,20200408,3.00,1,3.00,0,2.00,0,4.00,0,2.00,0,2.00,0,2.00,0,4.00,0.00,,0.00,0.00,0.00,2.00,1,1.00,2.00,0.00,0.00,,254,6,82.87,82.87,84.05,84.05,67.63,67.63,79.92,79.92,0.00,0.00
Nigeria,NGA,20200409,3.00,1,3.00,0,2.00,0,4.00,0,2.00,0,2.00,0,2.00,0,4.00,0.00,,0.00,0.00,0.00,2.00,1,1.00,2.00,0.00,0.00,,276,6,82.87,82.87,84.05,84.05,67.63,67.63,79.92,79.92,0.00,0.00
Nigeria,NGA,20200410,3.00,1,3.00,0,2.00,0,4.00,0,2.00,0,2.00,0,2.00,0,4.00,0.00,,0.00,0.00,0.00,2.00,1,1.00,2.00,0.00,0.00,,288,7,82.87,82.87,84.05,84.05,67.63,67.63,79.92,79.92,0.00,0.00
Nigeria,NGA,20200411,3.00,1,3.00,0,2.00,0,4.00,0,2.00,0,2.00,0,2.00,0,4.00,0.00,,0.00,0.00,0.00,2.00,1,1.00,2.00,0.00,0.00,,305,7,82.87,82.87,84.05,84.05,67.63,67.63,79.92,79.92,0.00,0.00
Nigeria,NGA,20200412,3.00,1,3.00,0,2.00,0,4.00,0,2.00,0,2.00,0,2.00,0,4.00,0.00,,0.00,0.00,0.00,2.00,1,1.00,2.00,0.00,0.00,,318,10,82.87,82.87,84.05,84.05,67.63,67.63,79.92,79.92,0.00,0.00
Nigeria,NGA,20200413,3.00,1,3.00,0,2.00,0,4.00,0,2.00,0,2.00,0,2.00,0,4.00,0.00,,0.00,0.00,0.00,2.00,1,1.00,2.00,20.70,0.00,,323,10,82.87,82.87,84.05,84.05,67.63,67.63,79.92,79.92,0.00,0.00
Nigeria,NGA,20200414,3.00,1,3.00,0,2.00,0,4.00,0,2.00,0,2.00,0,2.00,0,4.00,0.00,,0.00,0.00,0.00,2.00,1,1.00,2.00,20.70,0.00,,343,10,82.87,82.87,84.05,84.05,67.63,67.63,79.92,79.92,0.00,0.00
Nigeria,NGA,20200415,3.00,1,3.00,0,2.00,0,4.00,0,2.00,0,2.00,0,2.00,0,4.00,0.00,,0.00,0.00,0.00,2.00,1,1.00,2.00,20.70,0.00,,373,11,82.87,82.87,84.05,84.05,67.63,67.63,79.92,79.92,0.00,0.00
Nigeria,NGA,20200416,3.00,1,3.00,0,2.00,0,4.00,0,2.00,0,2.00,0,2.00,0,4.00,0.00,,0.00,0.00,0.00,2.00,1,1.00,2.00,20.70,0.00,,407,12,82.87,82.87,84.05,84.05,67.63,67.63,79.92,79.92,0.00,0.00
Nigeria,NGA,20200417,3.00,1,3.00,0,2.00,0,4.00,0,2.00,0,2.00,0,2.00,0,4.00,0.00,,0.00,0.00,0.00,2.00,1,1.00,2.00,20.70,0.00,,442,13,82.87,82.87,84.05,84.05,67.63,67.63,79.92,79.92,0.00,0.00
Nigeria,NGA,20200418,3.00,1,3.00,0,2.00,0,4.00,0,2.00,0,2.00,0,2.00,0,4.00,0.00,,0.00,0.00,0.00,2.00,1,1.00,2.00,20.70,0.00,,493,17,82.87,82.87,84.05,84.05,67.63,67.63,79.92,79.92,0.00,0.00
Nigeria,NGA,20200419,3.00,1,3.00,0,2.00,0,4.00,0,2.00,0,2.00,0,2.00,0,4.00,0.00,,0.00,0.00,0.00,2.00,1,1.00,2.00,20.70,0.00,,542,19,82.87,82.87,84.05,84.05,67.63,67.63,79.92,79.92,0.00,0.00
Nigeria,NGA,20200420,3.00,1,3.00,0,2.00,0,4.00,0,2.00,0,2.00,0,2.00,0,4.00,0.00,,0.00,0.00,0.00,2.00,1,1.00,2.00,20.70,0.00,,627,21,82.87,82.87,84.05,84.05,67.63,67.63,79.92,79.92,0.00,0.00
Nigeria,NGA,20200421,3.00,1,3.00,0,2.00,0,4.00,0,2.00,0,2.00,0,2.00,0,4.00,0.00,,0.00,0.00,0.00,2.00,1,1.00,2.00,20.70,0.00,,665,22,82.87,82.87,84.05,84.05,67.63,67.63,79.92,79.92,0.00,0.00
Nigeria,NGA,20200422,3.00,1,3.00,0,2.00,0,4.00,0,2.00,0,2.00,0,2.00,0,4.00,0.00,,0.00,0.00,0.00,2.00,1,1.00,2.00,20.70,0.00,,782,25,82.87,82.87,84.05,84.05,67.63,67.63,79.92,79.92,0.00,0.00
Nigeria,NGA,20200423,3.00,1,3.00,0,2.00,0,4.00,0,2.00,0,2.00,0,2.00,1,4.00,0.00,,0.00,0.00,0.00,2.00,1,1.00,2.00,0.00,0.00,,873,28,85.65,85.65,88.81,88.81,69.55,69.55,82.20,82.20,0.00,0.00
Nigeria,NGA,20200424,3.00,1,3.00,0,2.00,0,4.00,0,2.00,0,2.00,0,2.00,1,4.00,0.00,,0.00,0.00,0.00,2.00,1,1.00,2.00,0.00,0.00,,981,31,85.65,85.65,88.81,88.81,69.55,69.55,82.20,82.20,0.00,0.00
Nigeria,NGA,20200425,3.00,1,3.00,0,2.00,0,4.00,0,2.00,0,2.00,0,2.00,1,4.00,0.00,,0.00,0.00,0.00,2.00,1,1.00,2.00,0.00,0.00,,1095,32,85.65,85.65,88.81,88.81,69.55,69.55,82.20,82.20,0.00,0.00
Nigeria,NGA,20200426,3.00,1,3.00,0,2.00,0,4.00,0,2.00,0,2.00,0,2.00,1,4.00,0.00,,0.00,0.00,0.00,2.00,1,1.00,2.00,0.00,0.00,,1182,35,85.65,85.65,88.81,88.81,69.55,69.55,82.20,82.20,0.00,0.00
Nigeria,NGA,20200427,3.00,1,3.00,0,2.00,0,4.00,0,2.00,0,2.00,0,2.00,1,4.00,0.00,,0.00,0.00,0.00,2.00,1,1.00,2.00,0.00,0.00,,1273,40,85.65,85.65,88.81,88.81,69.55,69.55,82.20,82.20,0.00,0.00
Nigeria,NGA,20200428,3.00,1,3.00,0,2.00,0,4.00,0,2.00,0,2.00,0,2.00,1,4.00,0.00,,0.00,0.00,34000000000.00,2.00,1,1.00,2.00,0.00,0.00,,1337,40,85.65,85.65,88.81,88.81,69.55,69.55,82.20,82.20,0.00,0.00
Nigeria,NGA,20200429,3.00,1,3.00,0,2.00,0,4.00,0,2.00,0,2.00,0,2.00,1,4.00,0.00,,0.00,0.00,0.00,2.00,1,1.00,2.00,0.00,0.00,,1532,44,85.65,85.65,88.81,88.81,69.55,69.55,82.20,82.20,0.00,0.00
Nigeria,NGA,20200430,3.00,1,3.00,0,2.00,0,4.00,0,2.00,0,2.00,0,2.00,1,4.00,0.00,,0.00,0.00,0.00,2.00,1,1.00,2.00,0.00,0.00,,1728,51,85.65,85.65,88.81,88.81,69.55,69.55,82.20,82.20,0.00,0.00
Nigeria,NGA,20200501,3.00,1,3.00,0,2.00,0,4.00,0,2.00,0,2.00,0,2.00,1,4.00,0.00,,0.00,0.00,0.00,2.00,1,1.00,2.00,0.00,0.00,,1932,58,85.65,85.65,88.81,88.81,69.55,69.55,82.20,82.20,0.00,0.00
Nigeria,NGA,20200502,3.00,1,3.00,0,2.00,0,4.00,0,2.00,0,2.00,0,2.00,1,4.00,0.00,,0.00,0.00,0.00,2.00,1,1.00,2.00,0.00,0.00,,2170,68,85.65,85.65,88.81,88.81,69.55,69.55,82.20,82.20,0.00,0.00
Nigeria,NGA,20200503,3.00,1,3.00,0,2.00,0,4.00,0,2.00,0,2.00,0,2.00,1,4.00,0.00,,0.00,0.00,0.00,2.00,1,1.00,2.00,0.00,0.00,,2388,85,85.65,85.65,88.81,88.81,69.55,69.55,82.20,82.20,0.00,0.00
Nigeria,NGA,20200504,3.00,1,2.00,1,2.00,1,3.00,1,1.00,1,1.00,1,2.00,1,4.00,0.00,,0.00,0.00,0.00,2.00,1,1.00,2.00,0.00,0.00,,2558,87,80.56,80.56,91.67,91.67,66.03,66.03,78.03,78.03,0.00,0.00
Nigeria,NGA,20200505,3.00,1,2.00,1,2.00,1,3.00,1,1.00,1,1.00,1,2.00,1,4.00,0.00,,0.00,0.00,0.00,2.00,1,1.00,2.00,0.00,0.00,,2802,93,80.56,80.56,91.67,91.67,66.03,66.03,78.03,78.03,0.00,0.00
Nigeria,NGA,20200506,3.00,1,2.00,1,2.00,1,3.00,1,1.00,1,1.00,1,2.00,1,4.00,0.00,,0.00,0.00,0.00,2.00,1,1.00,2.00,0.00,0.00,,2950,98,80.56,80.56,91.67,91.67,66.03,66.03,78.03,78.03,0.00,0.00
Nigeria,NGA,20200507,3.00,1,2.00,1,2.00,1,3.00,1,1.00,1,1.00,1,2.00,1,4.00,0.00,,0.00,128222179.10,0.00,2.00,1,1.00,2.00,0.00,0.00,,3145,103,80.56,80.56,91.67,91.67,66.03,66.03,78.03,78.03,0.00,0.00
Nigeria,NGA,20200508,3.00,1,2.00,1,2.00,1,3.00,1,1.00,1,1.00,1,2.00,1,4.00,0.00,,0.00,0.00,0.00,2.00,1,1.00,2.00,0.00,0.00,,3526,107,80.56,80.56,91.67,91.67,66.03,66.03,78.03,78.03,0.00,0.00
Nigeria,NGA,20200509,3.00,1,2.00,1,2.00,1,3.00,1,1.00,1,1.00,1,2.00,1,4.00,0.00,,0.00,0.00,0.00,2.00,1,1.00,2.00,0.00,0.00,,3912,117,80.56,80.56,91.67,91.67,66.03,66.03,78.03,78.03,0.00,0.00
Nigeria,NGA,20200510,3.00,1,2.00,1,2.00,1,3.00,1,1.00,1,1.00,1,2.00,1,4.00,0.00,,0.00,0.00,0.00,2.00,1,1.00,2.00,0.00,0.00,,4151,128,80.56,80.56,91.67,91.67,66.03,66.03,78.03,78.03,0.00,0.00
Nigeria,NGA,20200511,3.00,1,2.00,1,2.00,1,3.00,1,1.00,1,1.00,1,2.00,1,4.00,0.00,,0.00,0.00,0.00,2.00,1,1.00,2.00,0.00,0.00,,4399,143,80.56,80.56,91.67,91.67,66.03,66.03,78.03,78.03,0.00,0.00
Nigeria,NGA,20200512,3.00,1,2.00,1,2.00,1,3.00,1,1.00,1,1.00,1,2.00,1,4.00,0.00,,0.00,0.00,0.00,2.00,1,1.00,2.00,0.00,0.00,,4641,150,80.56,80.56,91.67,91.67,66.03,66.03,78.03,78.03,0.00,0.00
Nigeria,NGA,20200513,3.00,1,2.00,1,2.00,1,3.00,1,1.00,1,1.00,1,2.00,1,4.00,0.00,,0.00,0.00,0.00,2.00,1,1.00,2.00,0.00,0.00,,4787,158,80.56,80.56,91.67,91.67,66.03,66.03,78.03,78.03,0.00,0.00
Nigeria,NGA,20200514,3.00,1,2.00,1,2.00,1,3.00,1,1.00,1,1.00,1,2.00,1,4.00,0.00,,0.00,0.00,0.00,2.00,1,1.00,2.00,0.00,0.00,,4971,164,80.56,80.56,91.67,91.67,66.03,66.03,78.03,78.03,0.00,0.00
Nigeria,NGA,20200515,3.00,1,2.00,1,2.00,1,3.00,1,1.00,1,1.00,1,2.00,1,4.00,0.00,,0.00,0.00,0.00,2.00,1,1.00,2.00,0.00,0.00,,5162,167,80.56,80.56,91.67,91.67,66.03,66.03,78.03,78.03,0.00,0.00
Nigeria,NGA,20200516,3.00,1,2.00,1,2.00,1,3.00,1,1.00,1,1.00,1,2.00,1,4.00,0.00,,0.00,0.00,0.00,2.00,1,1.00,2.00,0.00,0.00,,5445,171,80.56,80.56,91.67,91.67,66.03,66.03,78.03,78.03,0.00,0.00
Nigeria,NGA,20200517,3.00,1,2.00,1,2.00,1,3.00,1,1.00,1,1.00,1,2.00,1,4.00,0.00,,0.00,0.00,0.00,2.00,1,1.00,2.00,0.00,0.00,,5621,176,80.56,80.56,91.67,91.67,66.03,66.03,78.03,78.03,0.00,0.00
Nigeria,NGA,20200518,3.00,1,2.00,1,2.00,1,3.00,1,1.00,1,1.00,1,2.00,1,4.00,0.00,,0.00,0.00,0.00,2.00,1,1.00,2.00,0.00,0.00,,5959,182,80.56,80.56,91.67,91.67,66.03,66.03,78.03,78.03,0.00,0.00
Nigeria,NGA,20200519,3.00,1,2.00,1,2.00,1,3.00,1,1.00,1,1.00,1,2.00,1,4.00,0.00,,0.00,0.00,0.00,2.00,1,1.00,2.00,0.00,0.00,,6175,191,80.56,80.56,91.67,91.67,66.03,66.03,78.03,78.03,0.00,0.00
Nigeria,NGA,20200520,3.00,1,2.00,1,2.00,1,3.00,1,1.00,1,1.00,1,2.00,1,4.00,0.00,,0.00,0.00,0.00,2.00,1,1.00,2.00,0.00,0.00,,6401,192,80.56,80.56,91.67,91.67,66.03,66.03,78.03,78.03,0.00,0.00
Nigeria,NGA,20200521,3.00,1,2.00,1,2.00,1,3.00,1,1.00,1,1.00,1,2.00,1,4.00,0.00,,0.00,256410256.00,0.00,2.00,1,1.00,2.00,0.00,0.00,,6677,200,80.56,80.56,91.67,91.67,66.03,66.03,78.03,78.03,0.00,0.00
Nigeria,NGA,20200522,3.00,1,2.00,1,2.00,1,3.00,1,1.00,1,1.00,1,2.00,1,4.00,0.00,,0.00,0.00,0.00,2.00,1,1.00,2.00,0.00,0.00,,7016,211,80.56,80.56,91.67,91.67,66.03,66.03,78.03,78.03,0.00,0.00
Nigeria,NGA,20200523,3.00,1,2.00,1,2.00,1,3.00,1,1.00,1,1.00,1,2.00,1,4.00,0.00,,0.00,0.00,0.00,2.00,1,1.00,2.00,0.00,0.00,,7261,221,80.56,80.56,91.67,91.67,66.03,66.03,78.03,78.03,0.00,0.00
Nigeria,NGA,20200524,3.00,1,2.00,1,2.00,1,3.00,1,1.00,1,1.00,1,2.00,1,4.00,0.00,,0.00,0.00,0.00,2.00,1,1.00,2.00,0.00,0.00,,7526,221,80.56,80.56,91.67,91.67,66.03,66.03,78.03,78.03,0.00,0.00
Nigeria,NGA,20200525,3.00,1,2.00,1,2.00,1,3.00,1,1.00,1,1.00,1,2.00,1,4.00,0.00,,0.00,0.00,0.00,2.00,1,1.00,2.00,0.00,0.00,,7839,226,80.56,80.56,91.67,91.67,66.03,66.03,78.03,78.03,0.00,0.00
Nigeria,NGA,20200526,3.00,1,2.00,1,2.00,1,3.00,1,1.00,1,1.00,1,2.00,1,4.00,0.00,,0.00,0.00,0.00,2.00,1,1.00,2.00,0.00,0.00,,8068,233,80.56,80.56,91.67,91.67,66.03,66.03,78.03,78.03,0.00,0.00
Nigeria,NGA,20200527,3.00,1,2.00,1,2.00,1,3.00,1,1.00,1,1.00,1,2.00,1,4.00,0.00,,0.00,0.00,0.00,2.00,1,1.00,2.00,0.00,0.00,,8344,249,80.56,80.56,91.67,91.67,66.03,66.03,78.03,78.03,0.00,0.00
Nigeria,NGA,20200528,3.00,1,2.00,1,2.00,1,3.00,1,1.00,1,1.00,1,2.00,1,4.00,0.00,,0.00,0.00,0.00,2.00,1,1.00,2.00,0.00,0.00,,8733,254,80.56,80.56,91.67,91.67,66.03,66.03,78.03,78.03,0.00,0.00
Nigeria,NGA,20200529,3.00,1,2.00,1,2.00,1,3.00,1,1.00,1,1.00,1,2.00,1,4.00,0.00,,0.00,0.00,0.00,2.00,1,1.00,2.00,0.00,0.00,,8915,259,80.56,80.56,91.67,91.67,66.03,66.03,78.03,78.03,0.00,0.00
Nigeria,NGA,20200530,3.00,1,2.00,1,2.00,1,3.00,1,1.00,1,1.00,1,2.00,1,4.00,0.00,,0.00,0.00,0.00,2.00,1,1.00,2.00,0.00,0.00,,9302,261,80.56,80.56,91.67,91.67,66.03,66.03,78.03,78.03,0.00,0.00
Nigeria,NGA,20200531,3.00,1,2.00,1,2.00,1,3.00,1,1.00,1,1.00,1,2.00,1,4.00,0.00,,0.00,0.00,0.00,2.00,1,1.00,2.00,0.00,0.00,,9855,273,80.56,80.56,91.67,91.67,66.03,66.03,78.03,78.03,0.00,0.00
Nigeria,NGA,20200601,3.00,1,2.00,1,2.00,1,3.00,1,1.00,1,1.00,1,2.00,1,4.00,0.00,,0.00,0.00,0.00,2.00,1,1.00,2.00,0.00,0.00,,10162,287,80.56,80.56,91.67,91.67,66.03,66.03,78.03,78.03,0.00,0.00
Nigeria,NGA,20200602,3.00,1,2.00,1,2.00,1,3.00,1,1.00,1,1.00,1,2.00,1,4.00,0.00,,0.00,0.00,0.00,2.00,1,1.00,2.00,0.00,0.00,,10578,299,80.56,80.56,91.67,91.67,66.03,66.03,78.03,78.03,0.00,0.00
Nigeria,NGA,20200603,3.00,1,2.00,1,2.00,1,3.00,1,1.00,1,1.00,1,2.00,1,4.00,0.00,,0.00,0.00,0.00,2.00,1,1.00,2.00,0.00,0.00,,10819,314,80.56,80.56,91.67,91.67,66.03,66.03,78.03,78.03,0.00,0.00
Nigeria,NGA,20200604,3.00,1,2.00,1,2.00,1,3.00,1,1.00,1,1.00,1,2.00,1,4.00,0.00,,0.00,0.00,0.00,2.00,1,1.00,2.00,0.00,0.00,,11166,315,80.56,80.56,91.67,91.67,66.03,66.03,78.03,78.03,0.00,0.00
Nigeria,NGA,20200605,3.00,1,2.00,1,2.00,1,3.00,1,1.00,1,1.00,1,2.00,1,4.00,0.00,,0.00,0.00,0.00,2.00,1,1.00,2.00,0.00,0.00,,11516,323,80.56,80.56,91.67,91.67,66.03,66.03,78.03,78.03,0.00,0.00
Nigeria,NGA,20200606,3.00,1,2.00,1,2.00,1,3.00,1,1.00,1,1.00,1,2.00,1,4.00,0.00,,0.00,0.00,0.00,2.00,1,1.00,2.00,0.00,0.00,,11844,333,80.56,80.56,91.67,91.67,66.03,66.03,78.03,78.03,0.00,0.00
Nigeria,NGA,20200607,3.00,1,2.00,1,2.00,1,3.00,1,1.00,1,1.00,1,2.00,1,4.00,0.00,,0.00,0.00,0.00,2.00,1,1.00,2.00,0.00,0.00,,12233,342,80.56,80.56,91.67,91.67,66.03,66.03,78.03,78.03,0.00,0.00
Nigeria,NGA,20200608,3.00,1,2.00,1,2.00,1,3.00,1,1.00,1,1.00,1,2.00,1,4.00,0.00,,0.00,0.00,0.00,2.00,1,1.00,2.00,0.00,0.00,,12486,354,80.56,80.56,91.67,91.67,66.03,66.03,78.03,78.03,0.00,0.00
Nigeria,NGA,20200609,3.00,1,2.00,1,2.00,1,3.00,1,1.00,1,1.00,1,2.00,1,4.00,0.00,,0.00,0.00,0.00,2.00,1,1.00,2.00,0.00,0.00,,12801,361,80.56,80.56,91.67,91.67,66.03,66.03,78.03,78.03,0.00,0.00
Nigeria,NGA,20200610,3.00,1,2.00,1,2.00,1,3.00,1,1.00,1,1.00,1,2.00,1,4.00,0.00,,0.00,0.00,0.00,2.00,1,1.00,2.00,0.00,0.00,,13464,365,80.56,80.56,91.67,91.67,66.03,66.03,78.03,78.03,0.00,0.00
Nigeria,NGA,20200611,3.00,1,2.00,1,2.00,1,3.00,1,1.00,1,1.00,1,2.00,1,4.00,0.00,,0.00,0.00,0.00,2.00,1,1.00,2.00,0.00,0.00,,13873,382,80.56,80.56,91.67,91.67,66.03,66.03,78.03,78.03,0.00,0.00
Nigeria,NGA,20200612,3.00,1,2.00,1,2.00,1,3.00,1,1.00,1,1.00,1,2.00,1,4.00,0.00,,0.00,0.00,0.00,2.00,1,1.00,2.00,0.00,0.00,,14554,387,80.56,80.56,91.67,91.67,66.03,66.03,78.03,78.03,0.00,0.00
Nigeria,NGA,20200613,3.00,1,2.00,1,2.00,1,3.00,1,1.00,1,1.00,1,2.00,1,4.00,0.00,,0.00,0.00,0.00,2.00,1,1.00,2.00,0.00,0.00,,15181,399,80.56,80.56,91.67,91.67,66.03,66.03,78.03,78.03,0.00,0.00
Nigeria,NGA,20200614,3.00,1,2.00,1,2.00,1,3.00,1,1.00,1,1.00,1,2.00,1,4.00,0.00,,0.00,0.00,0.00,2.00,1,1.00,2.00,0.00,0.00,,15682,407,80.56,80.56,91.67,91.67,66.03,66.03,78.03,78.03,0.00,0.00
Nigeria,NGA,20200615,3.00,1,2.00,1,2.00,1,3.00,1,1.00,1,1.00,1,2.00,1,4.00,0.00,,0.00,0.00,0.00,2.00,1,1.00,2.00,0.00,0.00,,16085,420,80.56,80.56,91.67,91.67,66.03,66.03,78.03,78.03,0.00,0.00
Nigeria,NGA,20200616,,,,,,,,,,,,,,,,,,,,,,,,,,,,16658,424,,,,,,,,,,
Nigeria,NGA,20200617,,,,,,,,,,,,,,,,,,,,,,,,,,,,17148,455,,80.56,,91.67,,66.03,,78.03,,0.00
Nigeria,NGA,20200618,,,,,,,,,,,,,,,,,,,,,,,,,,,,17735,469,,80.56,,91.67,,66.03,,78.03,,0.00
Nigeria,NGA,20200619,,,,,,,,,,,,,,,,,,,,,,,,,,,,18480,475,,80.56,,91.67,,66.03,,78.03,,0.00
Nigeria,NGA,20200620,,,,,,,,,,,,,,,,,,,,,,,,,,,,19147,487,,80.56,,91.67,,66.03,,78.03,,0.00
Nigeria,NGA,20200621,,,,,,,,,,,,,,,,,,,,,,,,,,,,19808,506,,80.56,,91.67,,66.03,,78.03,,0.00
Nigeria,NGA,20200622,,,,,,,,,,,,,,,,,,,,,,,,,,,,20244,518,,80.56,,91.67,,66.03,,78.03,,0.00
Nigeria,NGA,20200623,,,,,,,,,,,,,,,,,,,,,,,,,,,,20919,525,,80.56,,91.67,,66.03,,78.03,,0.00
