Norway,NOR,20200101,0.00,,0.00,,0.00,,0.00,,0.00,,0.00,,0.00,,0.00,0.00,,0.00,0.00,0.00,0.00,,0.00,0.00,0.00,0.00,,0,0,0.00,0.00,0.00,0.00,0.00,0.00,0.00,0.00,0.00,0.00
Norway,NOR,20200102,0.00,,0.00,,0.00,,0.00,,0.00,,0.00,,0.00,,0.00,0.00,,0.00,0.00,0.00,0.00,,0.00,0.00,0.00,0.00,,0,0,0.00,0.00,0.00,0.00,0.00,0.00,0.00,0.00,0.00,0.00
Norway,NOR,20200103,0.00,,0.00,,0.00,,0.00,,0.00,,0.00,,0.00,,0.00,0.00,,0.00,0.00,0.00,0.00,,0.00,0.00,0.00,0.00,,0,0,0.00,0.00,0.00,0.00,0.00,0.00,0.00,0.00,0.00,0.00
Norway,NOR,20200104,0.00,,0.00,,0.00,,0.00,,0.00,,0.00,,0.00,,0.00,0.00,,0.00,0.00,0.00,0.00,,0.00,0.00,0.00,0.00,,0,0,0.00,0.00,0.00,0.00,0.00,0.00,0.00,0.00,0.00,0.00
Norway,NOR,20200105,0.00,,0.00,,0.00,,0.00,,0.00,,0.00,,0.00,,0.00,0.00,,0.00,0.00,0.00,0.00,,0.00,0.00,0.00,0.00,,0,0,0.00,0.00,0.00,0.00,0.00,0.00,0.00,0.00,0.00,0.00
Norway,NOR,20200106,0.00,,0.00,,0.00,,0.00,,0.00,,0.00,,0.00,,0.00,0.00,,0.00,0.00,0.00,0.00,,0.00,0.00,0.00,0.00,,0,0,0.00,0.00,0.00,0.00,0.00,0.00,0.00,0.00,0.00,0.00
Norway,NOR,20200107,0.00,,0.00,,0.00,,0.00,,0.00,,0.00,,0.00,,0.00,0.00,,0.00,0.00,0.00,0.00,,0.00,0.00,0.00,0.00,,0,0,0.00,0.00,0.00,0.00,0.00,0.00,0.00,0.00,0.00,0.00
Norway,NOR,20200108,0.00,,0.00,,0.00,,0.00,,0.00,,0.00,,0.00,,0.00,0.00,,0.00,0.00,0.00,0.00,,0.00,0.00,0.00,0.00,,0,0,0.00,0.00,0.00,0.00,0.00,0.00,0.00,0.00,0.00,0.00
Norway,NOR,20200109,0.00,,0.00,,0.00,,0.00,,0.00,,0.00,,0.00,,0.00,0.00,,0.00,0.00,0.00,0.00,,0.00,0.00,0.00,0.00,,0,0,0.00,0.00,0.00,0.00,0.00,0.00,0.00,0.00,0.00,0.00
Norway,NOR,20200110,0.00,,0.00,,0.00,,0.00,,0.00,,0.00,,0.00,,0.00,0.00,,0.00,0.00,0.00,0.00,,0.00,0.00,0.00,0.00,,0,0,0.00,0.00,0.00,0.00,0.00,0.00,0.00,0.00,0.00,0.00
Norway,NOR,20200111,0.00,,0.00,,0.00,,0.00,,0.00,,0.00,,0.00,,0.00,0.00,,0.00,0.00,0.00,0.00,,0.00,0.00,0.00,0.00,,0,0,0.00,0.00,0.00,0.00,0.00,0.00,0.00,0.00,0.00,0.00
Norway,NOR,20200112,0.00,,0.00,,0.00,,0.00,,0.00,,0.00,,0.00,,0.00,0.00,,0.00,0.00,0.00,0.00,,0.00,0.00,0.00,0.00,,0,0,0.00,0.00,0.00,0.00,0.00,0.00,0.00,0.00,0.00,0.00
Norway,NOR,20200113,0.00,,0.00,,0.00,,0.00,,0.00,,0.00,,0.00,,0.00,0.00,,0.00,0.00,0.00,0.00,,0.00,0.00,0.00,0.00,,0,0,0.00,0.00,0.00,0.00,0.00,0.00,0.00,0.00,0.00,0.00
Norway,NOR,20200114,0.00,,0.00,,0.00,,0.00,,0.00,,0.00,,0.00,,0.00,0.00,,0.00,0.00,0.00,0.00,,0.00,0.00,0.00,0.00,,0,0,0.00,0.00,0.00,0.00,0.00,0.00,0.00,0.00,0.00,0.00
Norway,NOR,20200115,0.00,,0.00,,0.00,,0.00,,0.00,,0.00,,0.00,,0.00,0.00,,0.00,0.00,0.00,0.00,,0.00,0.00,0.00,0.00,,0,0,0.00,0.00,0.00,0.00,0.00,0.00,0.00,0.00,0.00,0.00
Norway,NOR,20200116,0.00,,0.00,,0.00,,0.00,,0.00,,0.00,,0.00,,0.00,0.00,,0.00,0.00,0.00,0.00,,0.00,0.00,0.00,0.00,,0,0,0.00,0.00,0.00,0.00,0.00,0.00,0.00,0.00,0.00,0.00
Norway,NOR,20200117,0.00,,0.00,,0.00,,0.00,,0.00,,0.00,,0.00,,0.00,0.00,,0.00,0.00,0.00,0.00,,0.00,0.00,0.00,0.00,,0,0,0.00,0.00,0.00,0.00,0.00,0.00,0.00,0.00,0.00,0.00
Norway,NOR,20200118,0.00,,0.00,,0.00,,0.00,,0.00,,0.00,,0.00,,0.00,0.00,,0.00,0.00,0.00,0.00,,0.00,0.00,0.00,0.00,,0,0,0.00,0.00,0.00,0.00,0.00,0.00,0.00,0.00,0.00,0.00
Norway,NOR,20200119,0.00,,0.00,,0.00,,0.00,,0.00,,0.00,,0.00,,0.00,0.00,,0.00,0.00,0.00,0.00,,0.00,0.00,0.00,0.00,,0,0,0.00,0.00,0.00,0.00,0.00,0.00,0.00,0.00,0.00,0.00
Norway,NOR,20200120,0.00,,0.00,,0.00,,0.00,,0.00,,0.00,,0.00,,0.00,0.00,,0.00,0.00,0.00,0.00,,0.00,0.00,0.00,0.00,,0,0,0.00,0.00,0.00,0.00,0.00,0.00,0.00,0.00,0.00,0.00
Norway,NOR,20200121,0.00,,0.00,,0.00,,0.00,,0.00,,0.00,,0.00,,0.00,0.00,,0.00,0.00,0.00,0.00,,0.00,0.00,0.00,0.00,,0,0,0.00,0.00,0.00,0.00,0.00,0.00,0.00,0.00,0.00,0.00
Norway,NOR,20200122,0.00,,0.00,,0.00,,0.00,,0.00,,0.00,,0.00,,0.00,0.00,,0.00,0.00,0.00,0.00,,0.00,0.00,0.00,0.00,,0,0,0.00,0.00,0.00,0.00,0.00,0.00,0.00,0.00,0.00,0.00
Norway,NOR,20200123,0.00,,0.00,,0.00,,0.00,,0.00,,0.00,,0.00,,0.00,0.00,,0.00,0.00,0.00,0.00,,0.00,0.00,0.00,0.00,,0,0,0.00,0.00,0.00,0.00,0.00,0.00,0.00,0.00,0.00,0.00
Norway,NOR,20200124,0.00,,0.00,,0.00,,0.00,,0.00,,0.00,,0.00,,0.00,0.00,,0.00,0.00,0.00,0.00,,0.00,0.00,0.00,0.00,,0,0,0.00,0.00,0.00,0.00,0.00,0.00,0.00,0.00,0.00,0.00
Norway,NOR,20200125,0.00,,0.00,,0.00,,0.00,,0.00,,0.00,,0.00,,0.00,0.00,,0.00,0.00,0.00,0.00,,0.00,0.00,0.00,0.00,,0,0,0.00,0.00,0.00,0.00,0.00,0.00,0.00,0.00,0.00,0.00
Norway,NOR,20200126,0.00,,0.00,,0.00,,0.00,,0.00,,0.00,,0.00,,0.00,0.00,,0.00,0.00,0.00,0.00,,0.00,0.00,0.00,0.00,,0,0,0.00,0.00,0.00,0.00,0.00,0.00,0.00,0.00,0.00,0.00
Norway,NOR,20200127,0.00,,0.00,,0.00,,0.00,,0.00,,0.00,,0.00,,0.00,0.00,,0.00,0.00,0.00,0.00,,0.00,0.00,0.00,0.00,,0,0,0.00,0.00,0.00,0.00,0.00,0.00,0.00,0.00,0.00,0.00
Norway,NOR,20200128,0.00,,0.00,,0.00,,0.00,,0.00,,0.00,,0.00,,0.00,0.00,,0.00,0.00,0.00,0.00,,0.00,0.00,0.00,0.00,,0,0,0.00,0.00,0.00,0.00,0.00,0.00,0.00,0.00,0.00,0.00
Norway,NOR,20200129,0.00,,0.00,,0.00,,0.00,,0.00,,0.00,,0.00,,0.00,0.00,,0.00,0.00,0.00,0.00,,0.00,0.00,0.00,0.00,,0,0,0.00,0.00,0.00,0.00,0.00,0.00,0.00,0.00,0.00,0.00
Norway,NOR,20200130,0.00,,0.00,,0.00,,0.00,,0.00,,0.00,,0.00,,0.00,0.00,,0.00,0.00,0.00,0.00,,0.00,0.00,0.00,0.00,,0,0,0.00,0.00,0.00,0.00,0.00,0.00,0.00,0.00,0.00,0.00
Norway,NOR,20200131,0.00,,0.00,,0.00,,0.00,,0.00,,0.00,,0.00,,0.00,0.00,,0.00,0.00,0.00,2.00,1,0.00,0.00,0.00,0.00,,0,0,11.11,11.11,14.29,14.29,7.69,7.69,9.09,9.09,0.00,0.00
Norway,NOR,20200201,0.00,,0.00,,0.00,,0.00,,0.00,,0.00,,0.00,,0.00,0.00,,0.00,0.00,0.00,2.00,1,0.00,0.00,0.00,0.00,,0,0,11.11,11.11,14.29,14.29,7.69,7.69,9.09,9.09,0.00,0.00
Norway,NOR,20200202,0.00,,0.00,,0.00,,0.00,,0.00,,0.00,,0.00,,0.00,0.00,,0.00,0.00,0.00,2.00,1,0.00,0.00,0.00,0.00,,0,0,11.11,11.11,14.29,14.29,7.69,7.69,9.09,9.09,0.00,0.00
Norway,NOR,20200203,0.00,,0.00,,0.00,,0.00,,0.00,,0.00,,0.00,,0.00,0.00,,0.00,0.00,0.00,2.00,1,0.00,0.00,0.00,0.00,,0,0,11.11,11.11,14.29,14.29,7.69,7.69,9.09,9.09,0.00,0.00
Norway,NOR,20200204,0.00,,0.00,,0.00,,0.00,,0.00,,0.00,,0.00,,0.00,0.00,,0.00,0.00,0.00,2.00,1,0.00,0.00,0.00,0.00,,0,0,11.11,11.11,14.29,14.29,7.69,7.69,9.09,9.09,0.00,0.00
Norway,NOR,20200205,0.00,,0.00,,0.00,,0.00,,0.00,,0.00,,0.00,,0.00,0.00,,0.00,0.00,0.00,2.00,1,0.00,0.00,0.00,0.00,,0,0,11.11,11.11,14.29,14.29,7.69,7.69,9.09,9.09,0.00,0.00
Norway,NOR,20200206,0.00,,0.00,,0.00,,0.00,,0.00,,0.00,,0.00,,0.00,0.00,,0.00,0.00,0.00,2.00,1,0.00,0.00,0.00,0.00,,0,0,11.11,11.11,14.29,14.29,7.69,7.69,9.09,9.09,0.00,0.00
Norway,NOR,20200207,0.00,,0.00,,0.00,,0.00,,0.00,,0.00,,0.00,,0.00,0.00,,0.00,0.00,0.00,2.00,1,0.00,0.00,0.00,0.00,,0,0,11.11,11.11,14.29,14.29,7.69,7.69,9.09,9.09,0.00,0.00
Norway,NOR,20200208,0.00,,0.00,,0.00,,0.00,,0.00,,0.00,,0.00,,0.00,0.00,,0.00,0.00,0.00,2.00,1,0.00,0.00,0.00,0.00,,0,0,11.11,11.11,14.29,14.29,7.69,7.69,9.09,9.09,0.00,0.00
Norway,NOR,20200209,0.00,,0.00,,0.00,,0.00,,0.00,,0.00,,0.00,,0.00,0.00,,0.00,0.00,0.00,2.00,1,0.00,0.00,0.00,0.00,,0,0,11.11,11.11,14.29,14.29,7.69,7.69,9.09,9.09,0.00,0.00
Norway,NOR,20200210,0.00,,0.00,,0.00,,0.00,,0.00,,0.00,,0.00,,0.00,0.00,,0.00,0.00,0.00,2.00,1,0.00,0.00,0.00,0.00,,0,0,11.11,11.11,14.29,14.29,7.69,7.69,9.09,9.09,0.00,0.00
Norway,NOR,20200211,0.00,,0.00,,0.00,,0.00,,0.00,,0.00,,0.00,,0.00,0.00,,0.00,0.00,0.00,2.00,1,0.00,0.00,0.00,0.00,,0,0,11.11,11.11,14.29,14.29,7.69,7.69,9.09,9.09,0.00,0.00
Norway,NOR,20200212,0.00,,0.00,,0.00,,0.00,,0.00,,0.00,,0.00,,0.00,0.00,,0.00,0.00,0.00,2.00,1,0.00,0.00,0.00,0.00,,0,0,11.11,11.11,14.29,14.29,7.69,7.69,9.09,9.09,0.00,0.00
Norway,NOR,20200213,0.00,,0.00,,0.00,,0.00,,0.00,,0.00,,0.00,,0.00,0.00,,0.00,0.00,0.00,2.00,1,0.00,0.00,0.00,0.00,,0,0,11.11,11.11,14.29,14.29,7.69,7.69,9.09,9.09,0.00,0.00
Norway,NOR,20200214,0.00,,0.00,,0.00,,0.00,,0.00,,0.00,,0.00,,0.00,0.00,,0.00,0.00,0.00,2.00,1,0.00,0.00,1080950.00,3891420.00,,0,0,11.11,11.11,14.29,14.29,7.69,7.69,9.09,9.09,0.00,0.00
Norway,NOR,20200215,0.00,,0.00,,0.00,,0.00,,0.00,,0.00,,0.00,,0.00,0.00,,0.00,0.00,0.00,2.00,1,0.00,0.00,0.00,0.00,,0,0,11.11,11.11,14.29,14.29,7.69,7.69,9.09,9.09,0.00,0.00
Norway,NOR,20200216,0.00,,0.00,,0.00,,0.00,,0.00,,0.00,,0.00,,0.00,0.00,,0.00,0.00,0.00,2.00,1,0.00,0.00,0.00,0.00,,0,0,11.11,11.11,14.29,14.29,7.69,7.69,9.09,9.09,0.00,0.00
Norway,NOR,20200217,0.00,,0.00,,0.00,,0.00,,0.00,,0.00,,0.00,,0.00,0.00,,0.00,0.00,0.00,2.00,1,0.00,0.00,0.00,0.00,,0,0,11.11,11.11,14.29,14.29,7.69,7.69,9.09,9.09,0.00,0.00
Norway,NOR,20200218,0.00,,0.00,,0.00,,0.00,,0.00,,0.00,,0.00,,0.00,0.00,,0.00,0.00,0.00,2.00,1,0.00,0.00,0.00,0.00,,0,0,11.11,11.11,14.29,14.29,7.69,7.69,9.09,9.09,0.00,0.00
Norway,NOR,20200219,0.00,,0.00,,0.00,,0.00,,0.00,,0.00,,0.00,,0.00,0.00,,0.00,0.00,0.00,2.00,1,0.00,0.00,0.00,0.00,,0,0,11.11,11.11,14.29,14.29,7.69,7.69,9.09,9.09,0.00,0.00
Norway,NOR,20200220,0.00,,0.00,,0.00,,0.00,,0.00,,0.00,,0.00,,0.00,0.00,,0.00,0.00,0.00,2.00,1,0.00,0.00,0.00,0.00,,0,0,11.11,11.11,14.29,14.29,7.69,7.69,9.09,9.09,0.00,0.00
Norway,NOR,20200221,0.00,,0.00,,0.00,,0.00,,0.00,,0.00,,0.00,,0.00,0.00,,0.00,0.00,0.00,2.00,1,0.00,0.00,0.00,0.00,,0,0,11.11,11.11,14.29,14.29,7.69,7.69,9.09,9.09,0.00,0.00
Norway,NOR,20200222,0.00,,0.00,,0.00,,0.00,,0.00,,0.00,,0.00,,0.00,0.00,,0.00,0.00,0.00,2.00,1,0.00,0.00,0.00,0.00,,0,0,11.11,11.11,14.29,14.29,7.69,7.69,9.09,9.09,0.00,0.00
Norway,NOR,20200223,0.00,,0.00,,0.00,,0.00,,0.00,,0.00,,0.00,,0.00,0.00,,0.00,0.00,0.00,2.00,1,0.00,0.00,0.00,0.00,,0,0,11.11,11.11,14.29,14.29,7.69,7.69,9.09,9.09,0.00,0.00
Norway,NOR,20200224,0.00,,0.00,,0.00,,0.00,,0.00,,0.00,,0.00,,0.00,0.00,,0.00,0.00,0.00,2.00,1,0.00,0.00,0.00,0.00,,0,0,11.11,11.11,14.29,14.29,7.69,7.69,9.09,9.09,0.00,0.00
Norway,NOR,20200225,0.00,,0.00,,0.00,,0.00,,0.00,,0.00,,0.00,,0.00,0.00,,0.00,0.00,0.00,2.00,1,0.00,0.00,0.00,0.00,,0,0,11.11,11.11,14.29,14.29,7.69,7.69,9.09,9.09,0.00,0.00
Norway,NOR,20200226,0.00,,0.00,,0.00,,0.00,,0.00,,0.00,,0.00,,0.00,0.00,,0.00,0.00,0.00,2.00,1,1.00,0.00,0.00,0.00,,0,0,11.11,11.11,14.29,14.29,10.26,10.26,12.12,12.12,0.00,0.00
Norway,NOR,20200227,0.00,,0.00,,0.00,,0.00,,0.00,,0.00,,0.00,,0.00,0.00,,0.00,0.00,0.00,2.00,1,1.00,0.00,0.00,0.00,,1,0,11.11,11.11,14.29,14.29,10.26,10.26,12.12,12.12,0.00,0.00
Norway,NOR,20200228,0.00,,0.00,,0.00,,0.00,,0.00,,0.00,,0.00,,0.00,0.00,,0.00,0.00,0.00,2.00,1,1.00,0.00,0.00,0.00,,4,0,11.11,11.11,14.29,14.29,10.26,10.26,12.12,12.12,0.00,0.00
Norway,NOR,20200229,0.00,,0.00,,0.00,,0.00,,0.00,,0.00,,0.00,,0.00,0.00,,0.00,0.00,0.00,2.00,1,1.00,0.00,0.00,0.00,,6,0,11.11,11.11,14.29,14.29,10.26,10.26,12.12,12.12,0.00,0.00
Norway,NOR,20200301,0.00,,0.00,,0.00,,0.00,,0.00,,0.00,,0.00,,0.00,0.00,,0.00,0.00,0.00,2.00,1,1.00,0.00,0.00,0.00,,15,0,11.11,11.11,14.29,14.29,10.26,10.26,12.12,12.12,0.00,0.00
Norway,NOR,20200302,0.00,,0.00,,0.00,,0.00,,0.00,,0.00,,0.00,,0.00,0.00,,0.00,0.00,0.00,2.00,1,1.00,0.00,0.00,0.00,,19,0,11.11,11.11,14.29,14.29,10.26,10.26,12.12,12.12,0.00,0.00
Norway,NOR,20200303,0.00,,0.00,,0.00,,0.00,,0.00,,0.00,,0.00,,0.00,0.00,,0.00,0.00,0.00,2.00,1,1.00,0.00,0.00,0.00,,25,0,11.11,11.11,14.29,14.29,10.26,10.26,12.12,12.12,0.00,0.00
Norway,NOR,20200304,0.00,,0.00,,0.00,,0.00,,0.00,,0.00,,0.00,,0.00,0.00,,0.00,0.00,0.00,2.00,1,1.00,0.00,0.00,0.00,,33,0,11.11,11.11,14.29,14.29,10.26,10.26,12.12,12.12,0.00,0.00
Norway,NOR,20200305,0.00,,0.00,,0.00,,0.00,,0.00,,0.00,,,,0.00,0.00,,0.00,0.00,0.00,2.00,1,1.00,0.00,0.00,0.00,,56,0,11.11,11.11,14.29,14.29,10.26,10.26,12.12,12.12,0.00,0.00
Norway,NOR,20200306,0.00,,0.00,,0.00,,0.00,,0.00,,0.00,,0.00,,0.00,0.00,,0.00,0.00,0.00,2.00,1,1.00,0.00,0.00,0.00,,86,0,11.11,11.11,14.29,14.29,10.26,10.26,12.12,12.12,0.00,0.00
Norway,NOR,20200307,0.00,,0.00,,0.00,,0.00,,0.00,,0.00,,0.00,,0.00,0.00,,0.00,0.00,0.00,2.00,1,1.00,0.00,0.00,0.00,,113,0,11.11,11.11,14.29,14.29,10.26,10.26,12.12,12.12,0.00,0.00
Norway,NOR,20200308,0.00,,0.00,,0.00,,0.00,,0.00,,0.00,,0.00,,0.00,0.00,,0.00,0.00,0.00,2.00,1,1.00,0.00,0.00,0.00,,147,0,11.11,11.11,14.29,14.29,10.26,10.26,12.12,12.12,0.00,0.00
Norway,NOR,20200309,0.00,,0.00,,0.00,,0.00,,0.00,,0.00,,0.00,,0.00,0.00,,0.00,0.00,0.00,2.00,1,1.00,0.00,0.00,0.00,,169,0,11.11,11.11,14.29,14.29,10.26,10.26,12.12,12.12,0.00,0.00
Norway,NOR,20200310,0.00,,1.00,1,0.00,,0.00,,0.00,,0.00,,0.00,,0.00,0.00,,0.00,0.00,0.00,2.00,1,1.00,0.00,0.00,0.00,,192,0,14.81,14.81,21.43,21.43,12.82,12.82,15.15,15.15,0.00,0.00
Norway,NOR,20200311,0.00,,1.00,1,0.00,,2.00,1,0.00,,0.00,,0.00,,0.00,0.00,,0.00,0.00,0.00,2.00,1,1.00,0.00,0.00,0.00,,277,0,20.37,20.37,30.00,30.00,16.67,16.67,19.70,19.70,0.00,0.00
Norway,NOR,20200312,3.00,1,1.00,1,2.00,1,2.00,1,1.00,1,0.00,,0.00,,0.00,0.00,,0.00,0.00,0.00,2.00,1,1.00,0.00,0.00,0.00,,489,0,48.15,48.15,59.52,59.52,35.90,35.90,42.42,42.42,0.00,0.00
Norway,NOR,20200313,3.00,1,1.00,1,2.00,1,2.00,1,1.00,1,0.00,,0.00,,0.00,0.00,,2.00,0.00,0.00,2.00,1,1.00,0.00,0.00,0.00,,621,1,48.15,48.15,59.52,59.52,43.59,43.59,42.42,42.42,50.00,50.00
Norway,NOR,20200314,3.00,1,1.00,1,2.00,1,2.00,1,1.00,1,0.00,,0.00,,2.00,0.00,,2.00,0.00,0.00,2.00,1,1.00,0.00,0.00,0.00,,621,1,53.70,53.70,66.67,66.67,47.44,47.44,46.97,46.97,50.00,50.00
Norway,NOR,20200315,3.00,1,1.00,1,2.00,1,2.00,1,1.00,1,0.00,,0.00,,4.00,0.00,,2.00,0.00,0.00,2.00,1,1.00,0.00,0.00,0.00,,907,1,59.26,59.26,73.81,73.81,51.28,51.28,51.52,51.52,50.00,50.00
Norway,NOR,20200316,3.00,1,1.00,1,2.00,1,2.00,1,1.00,1,0.00,,2.00,0,4.00,0.00,,2.00,9729500000.00,0.00,2.00,1,1.00,0.00,0.00,0.00,,1077,1,67.59,67.59,83.33,83.33,57.05,57.05,58.33,58.33,50.00,50.00
Norway,NOR,20200317,3.00,1,1.00,1,2.00,1,2.00,1,1.00,1,0.00,,2.00,0,4.00,0.00,,2.00,0.00,0.00,2.00,1,1.00,0.00,0.00,0.00,,1169,3,67.59,67.59,83.33,83.33,57.05,57.05,58.33,58.33,50.00,50.00
Norway,NOR,20200318,3.00,1,1.00,1,2.00,1,2.00,1,1.00,1,0.00,,2.00,0,4.00,0.00,,2.00,81041400.00,0.00,2.00,1,1.00,0.00,0.00,0.00,,1308,3,67.59,67.59,83.33,83.33,57.05,57.05,58.33,58.33,50.00,50.00
Norway,NOR,20200319,3.00,1,1.00,1,2.00,1,2.00,1,1.00,1,0.00,,2.00,1,4.00,0.00,,2.00,0.00,0.00,2.00,1,1.00,0.00,0.00,0.00,,1423,3,70.37,70.37,88.10,88.10,58.97,58.97,60.61,60.61,50.00,50.00
Norway,NOR,20200320,3.00,1,1.00,1,2.00,1,2.00,1,1.00,1,0.00,,2.00,1,4.00,0.00,,2.00,8666000000.00,0.00,2.00,1,1.00,0.00,0.00,0.00,,1552,6,70.37,70.37,88.10,88.10,58.97,58.97,60.61,60.61,50.00,50.00
Norway,NOR,20200321,3.00,1,1.00,1,2.00,1,2.00,1,1.00,1,0.00,,2.00,1,4.00,0.00,,2.00,0.00,0.00,2.00,1,1.00,0.00,0.00,0.00,,1742,7,70.37,70.37,88.10,88.10,58.97,58.97,60.61,60.61,50.00,50.00
Norway,NOR,20200322,3.00,1,1.00,1,2.00,1,2.00,1,1.00,1,0.00,,2.00,1,4.00,0.00,,2.00,0.00,0.00,2.00,1,1.00,0.00,0.00,0.00,,1926,7,70.37,70.37,88.10,88.10,58.97,58.97,60.61,60.61,50.00,50.00
Norway,NOR,20200323,3.00,1,1.00,1,2.00,1,2.00,1,1.00,1,0.00,,2.00,1,4.00,0.00,,2.00,0.00,0.00,2.00,1,1.00,0.00,0.00,0.00,,2132,7,70.37,70.37,88.10,88.10,58.97,58.97,60.61,60.61,50.00,50.00
Norway,NOR,20200324,3.00,1,1.00,1,2.00,1,4.00,1,1.00,1,0.00,,2.00,1,4.00,0.00,,2.00,0.00,0.00,2.00,1,1.00,0.00,0.00,0.00,,2371,8,75.93,75.93,88.10,88.10,62.82,62.82,65.15,65.15,50.00,50.00
Norway,NOR,20200325,3.00,1,1.00,1,2.00,1,4.00,1,1.00,1,0.00,,2.00,1,4.00,0.00,,2.00,0.00,0.00,2.00,1,1.00,0.00,0.00,0.00,,2566,10,75.93,75.93,88.10,88.10,62.82,62.82,65.15,65.15,50.00,50.00
Norway,NOR,20200326,3.00,1,1.00,1,2.00,1,4.00,1,1.00,1,0.00,,2.00,1,4.00,0.00,,2.00,0.00,0.00,2.00,1,1.00,0.00,0.00,0.00,,2916,12,75.93,75.93,88.10,88.10,62.82,62.82,65.15,65.15,50.00,50.00
Norway,NOR,20200327,3.00,1,1.00,1,2.00,1,4.00,1,1.00,1,0.00,,2.00,1,4.00,0.00,,2.00,0.00,0.00,2.00,1,1.00,0.00,0.00,190372000.00,,3156,14,75.93,75.93,88.10,88.10,62.82,62.82,65.15,65.15,50.00,50.00
Norway,NOR,20200328,3.00,1,1.00,1,2.00,1,4.00,1,1.00,1,0.00,,2.00,1,4.00,0.00,,2.00,0.00,0.00,2.00,1,1.00,0.00,0.00,0.00,,3581,16,75.93,75.93,88.10,88.10,62.82,62.82,65.15,65.15,50.00,50.00
Norway,NOR,20200329,3.00,1,1.00,1,2.00,1,4.00,1,1.00,1,0.00,,2.00,1,4.00,0.00,,2.00,0.00,0.00,2.00,1,1.00,0.00,0.00,0.00,,3845,20,75.93,75.93,88.10,88.10,62.82,62.82,65.15,65.15,50.00,50.00
Norway,NOR,20200330,3.00,1,1.00,1,2.00,1,4.00,1,1.00,1,0.00,,2.00,1,4.00,0.00,,2.00,658721.00,0.00,2.00,1,1.00,0.00,0.00,0.00,,4102,22,75.93,75.93,88.10,88.10,62.82,62.82,65.15,65.15,50.00,50.00
Norway,NOR,20200331,3.00,1,1.00,1,2.00,1,4.00,1,1.00,1,0.00,,2.00,1,4.00,0.00,,2.00,0.00,0.00,2.00,1,1.00,0.00,14115450.00,0.00,,4226,26,75.93,75.93,88.10,88.10,62.82,62.82,65.15,65.15,50.00,50.00
Norway,NOR,20200401,3.00,1,1.00,1,2.00,1,4.00,1,1.00,1,0.00,,2.00,1,4.00,0.00,,2.00,0.00,0.00,2.00,1,1.00,1.00,0.00,0.00,,4447,28,75.93,75.93,88.10,88.10,66.67,66.67,69.70,69.70,50.00,50.00
Norway,NOR,20200402,3.00,1,1.00,1,2.00,1,4.00,1,1.00,1,0.00,,2.00,1,4.00,0.00,,2.00,0.00,0.00,2.00,1,1.00,1.00,9638900.00,0.00,,4665,32,75.93,75.93,88.10,88.10,66.67,66.67,69.70,69.70,50.00,50.00
Norway,NOR,20200403,3.00,1,1.00,1,2.00,1,4.00,1,1.00,1,0.00,,2.00,1,4.00,0.00,,2.00,241066800.00,0.00,2.00,1,1.00,1.00,0.00,0.00,,4935,42,75.93,75.93,88.10,88.10,66.67,66.67,69.70,69.70,50.00,50.00
Norway,NOR,20200404,3.00,1,1.00,1,2.00,1,4.00,1,1.00,1,0.00,,2.00,1,4.00,0.00,,2.00,0.00,0.00,2.00,1,1.00,1.00,0.00,0.00,,5208,44,75.93,75.93,88.10,88.10,66.67,66.67,69.70,69.70,50.00,50.00
Norway,NOR,20200405,3.00,1,1.00,1,2.00,1,4.00,1,1.00,1,0.00,,2.00,1,4.00,0.00,,2.00,0.00,0.00,2.00,1,1.00,1.00,0.00,0.00,,5510,50,75.93,75.93,88.10,88.10,66.67,66.67,69.70,69.70,50.00,50.00
Norway,NOR,20200406,3.00,1,1.00,1,2.00,1,4.00,1,1.00,1,0.00,,2.00,1,4.00,0.00,,2.00,0.00,0.00,2.00,1,1.00,1.00,0.00,0.00,,5640,58,75.93,75.93,88.10,88.10,66.67,66.67,69.70,69.70,50.00,50.00
Norway,NOR,20200407,3.00,1,1.00,1,2.00,1,4.00,1,1.00,1,0.00,,2.00,1,4.00,0.00,,2.00,14641200.00,0.00,2.00,1,1.00,1.00,0.00,0.00,,5755,59,75.93,75.93,88.10,88.10,66.67,66.67,69.70,69.70,50.00,50.00
Norway,NOR,20200408,3.00,1,1.00,1,2.00,1,4.00,1,1.00,1,0.00,,2.00,1,4.00,0.00,,2.00,0.00,0.00,2.00,1,1.00,1.00,0.00,0.00,,5863,69,75.93,75.93,88.10,88.10,66.67,66.67,69.70,69.70,50.00,50.00
Norway,NOR,20200409,3.00,1,1.00,1,2.00,1,4.00,1,1.00,1,0.00,,2.00,1,4.00,0.00,,2.00,1952160.00,0.00,2.00,1,1.00,1.00,0.00,0.00,,6010,80,75.93,75.93,88.10,88.10,66.67,66.67,69.70,69.70,50.00,50.00
Norway,NOR,20200410,3.00,1,1.00,1,2.00,1,4.00,1,1.00,1,0.00,,2.00,1,4.00,0.00,,2.00,0.00,0.00,2.00,1,1.00,1.00,0.00,0.00,,6160,88,75.93,75.93,88.10,88.10,66.67,66.67,69.70,69.70,50.00,50.00
Norway,NOR,20200411,3.00,1,1.00,1,2.00,1,4.00,1,1.00,1,0.00,,2.00,1,4.00,0.00,,2.00,0.00,0.00,2.00,1,1.00,1.00,2943480.00,0.00,,6244,92,75.93,75.93,88.10,88.10,66.67,66.67,69.70,69.70,50.00,50.00
Norway,NOR,20200412,3.00,1,1.00,1,2.00,1,4.00,1,1.00,1,0.00,,2.00,1,4.00,0.00,,2.00,0.00,0.00,2.00,1,1.00,1.00,0.00,0.00,,6320,98,75.93,75.93,88.10,88.10,66.67,66.67,69.70,69.70,50.00,50.00
Norway,NOR,20200413,3.00,1,1.00,1,2.00,1,4.00,1,1.00,1,0.00,,2.00,1,4.00,0.00,,2.00,0.00,0.00,2.00,1,1.00,1.00,0.00,0.00,,6415,103,75.93,75.93,88.10,88.10,66.67,66.67,69.70,69.70,50.00,50.00
Norway,NOR,20200414,3.00,1,1.00,1,2.00,1,4.00,1,1.00,1,0.00,,2.00,1,4.00,0.00,,2.00,58213800.00,0.00,2.00,1,1.00,1.00,0.00,0.00,,6488,114,75.93,75.93,88.10,88.10,66.67,66.67,69.70,69.70,50.00,50.00
Norway,NOR,20200415,3.00,1,1.00,1,2.00,1,4.00,1,1.00,1,0.00,,2.00,1,4.00,0.00,,2.00,0.00,0.00,2.00,1,1.00,1.00,0.00,0.00,,6566,127,75.93,75.93,88.10,88.10,66.67,66.67,69.70,69.70,50.00,50.00
Norway,NOR,20200416,3.00,1,1.00,1,2.00,1,4.00,1,1.00,1,0.00,,2.00,1,4.00,0.00,,2.00,0.00,0.00,2.00,1,1.00,1.00,0.00,0.00,,6677,130,75.93,75.93,88.10,88.10,66.67,66.67,69.70,69.70,50.00,50.00
Norway,NOR,20200417,3.00,1,1.00,1,2.00,1,4.00,1,1.00,1,0.00,,2.00,1,4.00,0.00,,2.00,0.00,0.00,2.00,1,1.00,1.00,0.00,0.00,,6791,136,75.93,75.93,88.10,88.10,66.67,66.67,69.70,69.70,50.00,50.00
Norway,NOR,20200418,3.00,1,1.00,1,2.00,1,4.00,1,1.00,1,0.00,,2.00,1,4.00,0.00,,2.00,0.00,0.00,2.00,1,1.00,1.00,0.00,0.00,,6791,136,75.93,75.93,88.10,88.10,66.67,66.67,69.70,69.70,50.00,50.00
Norway,NOR,20200419,3.00,1,1.00,1,2.00,1,4.00,1,1.00,1,0.00,,2.00,1,4.00,0.00,,2.00,145414500.00,0.00,2.00,1,1.00,1.00,0.00,0.00,,6984,148,75.93,75.93,88.10,88.10,66.67,66.67,69.70,69.70,50.00,50.00
Norway,NOR,20200420,2.00,1,1.00,1,2.00,1,4.00,1,1.00,1,0.00,,1.00,1,4.00,0.00,,2.00,593278200.00,0.00,2.00,1,1.00,1.00,0.00,0.00,,7068,154,66.67,66.67,79.76,79.76,60.26,60.26,62.12,62.12,50.00,50.00
Norway,NOR,20200421,2.00,1,1.00,1,2.00,1,2.00,1,1.00,1,0.00,,1.00,1,4.00,0.00,,2.00,9428100.00,0.00,2.00,1,1.00,1.00,0.00,0.00,,7113,154,61.11,61.11,79.76,79.76,56.41,56.41,57.58,57.58,50.00,50.00
Norway,NOR,20200422,2.00,1,1.00,1,2.00,1,2.00,1,1.00,1,0.00,,1.00,1,4.00,0.00,,2.00,18525800.00,0.00,2.00,1,1.00,1.00,0.00,0.00,,7166,163,61.11,61.11,79.76,79.76,56.41,56.41,57.58,57.58,50.00,50.00
Norway,NOR,20200423,2.00,1,1.00,1,2.00,1,2.00,1,1.00,1,0.00,,1.00,1,4.00,0.00,,2.00,0.00,0.00,2.00,1,1.00,1.00,0.00,0.00,,7250,169,61.11,61.11,79.76,79.76,56.41,56.41,57.58,57.58,50.00,50.00
Norway,NOR,20200424,2.00,1,1.00,1,2.00,1,2.00,1,1.00,1,0.00,,1.00,1,4.00,0.00,,2.00,0.00,0.00,2.00,1,1.00,1.00,0.00,0.00,,7345,180,61.11,61.11,79.76,79.76,56.41,56.41,57.58,57.58,50.00,50.00
Norway,NOR,20200425,2.00,1,1.00,1,2.00,1,2.00,1,1.00,1,0.00,,1.00,1,4.00,0.00,,2.00,0.00,0.00,2.00,1,1.00,1.00,0.00,0.00,,7408,191,61.11,61.11,79.76,79.76,56.41,56.41,57.58,57.58,50.00,50.00
Norway,NOR,20200426,2.00,1,1.00,1,2.00,1,2.00,1,1.00,1,0.00,,1.00,1,4.00,0.00,,2.00,0.00,0.00,2.00,1,1.00,1.00,0.00,0.00,,7467,193,61.11,61.11,79.76,79.76,56.41,56.41,57.58,57.58,50.00,50.00
Norway,NOR,20200427,2.00,1,1.00,1,2.00,1,2.00,1,1.00,1,0.00,,1.00,1,4.00,0.00,,2.00,0.00,0.00,2.00,1,1.00,1.00,0.00,0.00,,7505,193,61.11,61.11,79.76,79.76,56.41,56.41,57.58,57.58,50.00,50.00
Norway,NOR,20200428,2.00,1,1.00,1,2.00,1,2.00,1,1.00,1,0.00,,1.00,1,4.00,0.00,,2.00,0.00,0.00,2.00,1,1.00,1.00,0.00,0.00,,7533,193,61.11,61.11,79.76,79.76,56.41,56.41,57.58,57.58,50.00,50.00
Norway,NOR,20200429,2.00,1,1.00,1,2.00,1,2.00,1,1.00,1,0.00,,1.00,1,4.00,0.00,,2.00,0.00,0.00,2.00,1,1.00,1.00,0.00,0.00,,7605,195,61.11,61.11,79.76,79.76,56.41,56.41,57.58,57.58,50.00,50.00
Norway,NOR,20200430,2.00,1,2.00,1,2.00,1,2.00,1,1.00,1,0.00,,1.00,1,4.00,0.00,,2.00,0.00,0.00,2.00,1,1.00,1.00,0.00,0.00,,7667,202,64.81,64.81,83.33,83.33,58.97,58.97,60.61,60.61,50.00,50.00
Norway,NOR,20200501,2.00,1,2.00,1,2.00,1,2.00,1,1.00,1,0.00,,1.00,1,4.00,0.00,,2.00,0.00,0.00,2.00,1,1.00,1.00,0.00,0.00,,7710,204,64.81,64.81,83.33,83.33,58.97,58.97,60.61,60.61,50.00,50.00
Norway,NOR,20200502,2.00,1,2.00,1,2.00,1,2.00,1,1.00,1,0.00,,1.00,1,4.00,0.00,,2.00,0.00,0.00,2.00,1,1.00,1.00,0.00,0.00,,7759,204,64.81,64.81,83.33,83.33,58.97,58.97,60.61,60.61,50.00,50.00
Norway,NOR,20200503,2.00,1,2.00,1,2.00,1,2.00,1,1.00,1,0.00,,1.00,1,4.00,0.00,,2.00,0.00,0.00,2.00,1,1.00,1.00,0.00,0.00,,7759,204,64.81,64.81,83.33,83.33,58.97,58.97,60.61,60.61,50.00,50.00
Norway,NOR,20200504,2.00,1,2.00,1,2.00,1,2.00,1,1.00,1,0.00,,1.00,1,4.00,0.00,,2.00,0.00,0.00,2.00,1,1.00,1.00,0.00,0.00,,7809,208,64.81,64.81,83.33,83.33,58.97,58.97,60.61,60.61,50.00,50.00
Norway,NOR,20200505,2.00,1,2.00,1,2.00,1,2.00,1,1.00,1,0.00,,1.00,1,4.00,0.00,,2.00,0.00,0.00,2.00,1,1.00,1.00,0.00,0.00,,7847,208,64.81,64.81,83.33,83.33,58.97,58.97,60.61,60.61,50.00,50.00
Norway,NOR,20200506,2.00,1,2.00,1,2.00,1,2.00,1,1.00,1,0.00,,1.00,1,4.00,0.00,,2.00,0.00,0.00,2.00,1,1.00,1.00,0.00,0.00,,7903,209,64.81,64.81,83.33,83.33,58.97,58.97,60.61,60.61,50.00,50.00
Norway,NOR,20200507,2.00,1,2.00,1,2.00,1,2.00,1,1.00,1,0.00,,1.00,1,4.00,0.00,,2.00,0.00,0.00,2.00,1,1.00,1.00,0.00,0.00,,7953,209,64.81,64.81,83.33,83.33,58.97,58.97,60.61,60.61,50.00,50.00
Norway,NOR,20200508,2.00,1,2.00,1,2.00,1,2.00,1,1.00,1,0.00,,1.00,1,4.00,0.00,,2.00,0.00,0.00,2.00,1,1.00,1.00,0.00,0.00,,7995,209,64.81,64.81,83.33,83.33,58.97,58.97,60.61,60.61,50.00,50.00
Norway,NOR,20200509,2.00,1,2.00,1,2.00,1,2.00,1,1.00,1,0.00,,1.00,1,4.00,0.00,,2.00,0.00,0.00,2.00,1,1.00,1.00,0.00,0.00,,8034,213,64.81,64.81,83.33,83.33,58.97,58.97,60.61,60.61,50.00,50.00
Norway,NOR,20200510,2.00,1,2.00,1,2.00,1,2.00,1,1.00,1,0.00,,1.00,1,4.00,0.00,,2.00,0.00,0.00,2.00,1,1.00,1.00,0.00,0.00,,8069,213,64.81,64.81,83.33,83.33,58.97,58.97,60.61,60.61,50.00,50.00
Norway,NOR,20200511,0.00,,2.00,1,2.00,1,3.00,1,1.00,1,0.00,,1.00,1,4.00,0.00,,2.00,0.00,0.00,2.00,1,1.00,1.00,0.00,0.00,,8099,217,60.19,60.19,72.62,72.62,55.77,55.77,56.82,56.82,50.00,50.00
Norway,NOR,20200512,0.00,,2.00,1,2.00,1,3.00,1,1.00,1,0.00,,1.00,1,4.00,0.00,,2.00,0.00,0.00,2.00,1,1.00,1.00,0.00,0.00,,8106,224,60.19,60.19,72.62,72.62,55.77,55.77,56.82,56.82,50.00,50.00
Norway,NOR,20200513,0.00,,2.00,1,2.00,1,3.00,1,1.00,1,0.00,,1.00,1,4.00,0.00,,2.00,0.00,0.00,2.00,1,1.00,1.00,0.00,0.00,,8135,228,60.19,60.19,72.62,72.62,55.77,55.77,56.82,56.82,50.00,50.00
Norway,NOR,20200514,0.00,,2.00,1,2.00,1,3.00,1,0.00,,0.00,,1.00,1,4.00,0.00,,2.00,0.00,0.00,2.00,1,1.00,1.00,0.00,0.00,,8158,229,54.63,54.63,63.10,63.10,51.92,51.92,52.27,52.27,50.00,50.00
Norway,NOR,20200515,0.00,,2.00,1,2.00,1,3.00,1,0.00,,0.00,,1.00,1,4.00,0.00,,2.00,0.00,0.00,2.00,1,1.00,1.00,0.00,0.00,,8175,232,54.63,54.63,63.10,63.10,51.92,51.92,52.27,52.27,50.00,50.00
Norway,NOR,20200516,0.00,,2.00,1,2.00,1,3.00,1,0.00,,0.00,,1.00,1,4.00,0.00,,2.00,0.00,0.00,2.00,1,1.00,1.00,0.00,0.00,,8197,232,54.63,54.63,63.10,63.10,51.92,51.92,52.27,52.27,50.00,50.00
Norway,NOR,20200517,0.00,,2.00,1,2.00,1,3.00,1,0.00,,0.00,,1.00,1,4.00,0.00,,2.00,0.00,0.00,2.00,1,1.00,1.00,0.00,0.00,,8197,232,54.63,54.63,63.10,63.10,51.92,51.92,52.27,52.27,50.00,50.00
Norway,NOR,20200518,0.00,,2.00,1,2.00,1,3.00,1,0.00,,0.00,,1.00,1,4.00,0.00,,2.00,0.00,0.00,2.00,1,1.00,1.00,0.00,0.00,,8197,232,54.63,54.63,63.10,63.10,51.92,51.92,52.27,52.27,50.00,50.00
Norway,NOR,20200519,0.00,,2.00,1,2.00,1,3.00,1,0.00,,0.00,,1.00,1,4.00,0.00,,2.00,0.00,0.00,2.00,1,1.00,1.00,0.00,0.00,,8249,233,54.63,54.63,63.10,63.10,51.92,51.92,52.27,52.27,50.00,50.00
Norway,NOR,20200520,0.00,,2.00,1,2.00,1,3.00,1,0.00,,0.00,,1.00,1,4.00,0.00,,2.00,0.00,0.00,2.00,1,1.00,1.00,0.00,0.00,,8257,233,54.63,54.63,63.10,63.10,51.92,51.92,52.27,52.27,50.00,50.00
Norway,NOR,20200521,0.00,,2.00,1,2.00,1,3.00,1,0.00,,0.00,,1.00,1,4.00,0.00,,2.00,0.00,0.00,2.00,1,1.00,1.00,0.00,0.00,,8268,234,54.63,54.63,63.10,63.10,51.92,51.92,52.27,52.27,50.00,50.00
Norway,NOR,20200522,0.00,,2.00,1,2.00,1,3.00,1,0.00,,0.00,,1.00,1,4.00,0.00,,2.00,0.00,0.00,2.00,1,1.00,1.00,0.00,0.00,,8268,234,54.63,54.63,63.10,63.10,51.92,51.92,52.27,52.27,50.00,50.00
Norway,NOR,20200523,0.00,,2.00,1,2.00,1,3.00,1,0.00,,0.00,,1.00,1,4.00,0.00,,2.00,0.00,0.00,2.00,1,1.00,1.00,0.00,0.00,,8309,235,54.63,54.63,63.10,63.10,51.92,51.92,52.27,52.27,50.00,50.00
Norway,NOR,20200524,0.00,,2.00,1,2.00,1,3.00,1,0.00,,0.00,,1.00,1,4.00,0.00,,2.00,0.00,0.00,2.00,1,1.00,1.00,0.00,0.00,,8309,235,54.63,54.63,63.10,63.10,51.92,51.92,52.27,52.27,50.00,50.00
Norway,NOR,20200525,0.00,,2.00,1,2.00,1,3.00,1,0.00,,0.00,,1.00,1,4.00,0.00,,2.00,0.00,0.00,2.00,1,1.00,1.00,0.00,0.00,,8309,235,54.63,54.63,63.10,63.10,51.92,51.92,52.27,52.27,50.00,50.00
Norway,NOR,20200526,0.00,,2.00,1,2.00,1,3.00,1,0.00,,0.00,,1.00,1,4.00,0.00,,2.00,0.00,0.00,2.00,1,1.00,1.00,0.00,0.00,,8352,235,54.63,54.63,63.10,63.10,51.92,51.92,52.27,52.27,50.00,50.00
Norway,NOR,20200527,0.00,,2.00,1,2.00,1,3.00,1,0.00,,0.00,,1.00,1,4.00,0.00,,2.00,0.00,0.00,2.00,1,1.00,1.00,0.00,0.00,,8364,235,54.63,54.63,63.10,63.10,51.92,51.92,52.27,52.27,50.00,50.00
Norway,NOR,20200528,0.00,,2.00,1,2.00,1,3.00,1,0.00,,0.00,,1.00,1,4.00,0.00,,2.00,0.00,0.00,2.00,1,1.00,1.00,0.00,0.00,,8383,235,54.63,54.63,63.10,63.10,51.92,51.92,52.27,52.27,50.00,50.00
Norway,NOR,20200529,0.00,,2.00,1,2.00,1,3.00,1,0.00,,0.00,,1.00,1,4.00,0.00,,2.00,0.00,0.00,2.00,1,1.00,1.00,0.00,0.00,,8401,236,54.63,54.63,63.10,63.10,51.92,51.92,52.27,52.27,50.00,50.00
Norway,NOR,20200530,0.00,,2.00,1,2.00,1,3.00,1,0.00,,0.00,,1.00,1,4.00,0.00,,2.00,0.00,0.00,2.00,1,1.00,1.00,0.00,0.00,,8411,236,54.63,54.63,63.10,63.10,51.92,51.92,52.27,52.27,50.00,50.00
Norway,NOR,20200531,0.00,,2.00,1,2.00,1,3.00,1,0.00,,0.00,,1.00,1,4.00,0.00,,2.00,0.00,0.00,2.00,1,1.00,1.00,0.00,0.00,,8411,236,54.63,54.63,63.10,63.10,51.92,51.92,52.27,52.27,50.00,50.00
Norway,NOR,20200601,0.00,,2.00,1,2.00,1,3.00,1,0.00,,0.00,,1.00,1,4.00,0.00,,2.00,0.00,0.00,2.00,1,1.00,1.00,0.00,0.00,,8411,236,54.63,54.63,63.10,63.10,51.92,51.92,52.27,52.27,50.00,50.00
Norway,NOR,20200602,0.00,,1.00,1,0.00,,3.00,1,0.00,,0.00,,1.00,1,4.00,0.00,,2.00,0.00,0.00,2.00,1,2.00,2.00,0.00,0.00,,8411,236,39.81,39.81,56.67,56.67,48.08,48.08,47.73,47.73,50.00,50.00
Norway,NOR,20200603,0.00,,1.00,1,0.00,,3.00,1,0.00,,0.00,,1.00,1,4.00,0.00,,2.00,0.00,0.00,2.00,1,2.00,2.00,0.00,0.00,,8446,237,39.81,39.81,56.67,56.67,48.08,48.08,47.73,47.73,50.00,50.00
Norway,NOR,20200604,0.00,,1.00,1,0.00,,3.00,1,0.00,,0.00,,1.00,1,4.00,0.00,,2.00,0.00,0.00,2.00,1,2.00,2.00,0.00,0.00,,8446,237,39.81,39.81,56.67,56.67,48.08,48.08,47.73,47.73,50.00,50.00
Norway,NOR,20200605,0.00,,1.00,1,0.00,,3.00,1,0.00,,0.00,,1.00,1,4.00,0.00,,2.00,0.00,0.00,2.00,1,2.00,2.00,0.00,0.00,,8477,238,39.81,39.81,56.67,56.67,48.08,48.08,47.73,47.73,50.00,50.00
Norway,NOR,20200606,0.00,,1.00,1,0.00,,3.00,1,0.00,,0.00,,1.00,1,4.00,0.00,,2.00,0.00,0.00,2.00,1,2.00,2.00,0.00,0.00,,8504,238,39.81,39.81,56.67,56.67,48.08,48.08,47.73,47.73,50.00,50.00
Norway,NOR,20200607,0.00,,1.00,1,0.00,,3.00,1,0.00,,0.00,,1.00,1,4.00,0.00,,2.00,0.00,0.00,2.00,1,2.00,2.00,0.00,0.00,,8504,238,39.81,39.81,56.67,56.67,48.08,48.08,47.73,47.73,50.00,50.00
Norway,NOR,20200608,0.00,,1.00,1,0.00,,3.00,1,0.00,,0.00,,1.00,1,4.00,0.00,,2.00,0.00,0.00,2.00,1,2.00,2.00,0.00,0.00,,8504,238,39.81,39.81,56.67,56.67,48.08,48.08,47.73,47.73,50.00,50.00
Norway,NOR,20200609,0.00,,1.00,1,0.00,,3.00,1,0.00,,0.00,,1.00,1,4.00,0.00,,2.00,0.00,0.00,2.00,1,2.00,2.00,0.00,0.00,,8547,239,39.81,39.81,56.67,56.67,48.08,48.08,47.73,47.73,50.00,50.00
Norway,NOR,20200610,0.00,,1.00,1,0.00,,3.00,1,0.00,,0.00,,1.00,1,4.00,0.00,,2.00,0.00,0.00,2.00,1,2.00,2.00,0.00,0.00,,8563,239,39.81,39.81,56.67,56.67,48.08,48.08,47.73,47.73,50.00,50.00
Norway,NOR,20200611,0.00,,1.00,1,0.00,,3.00,1,0.00,,0.00,,1.00,1,4.00,0.00,,2.00,0.00,0.00,2.00,1,2.00,2.00,0.00,0.00,,8576,239,39.81,39.81,56.67,56.67,48.08,48.08,47.73,47.73,50.00,50.00
Norway,NOR,20200612,0.00,,1.00,1,0.00,,3.00,1,0.00,,0.00,,1.00,1,4.00,0.00,,2.00,0.00,0.00,2.00,1,2.00,2.00,0.00,0.00,,8594,242,39.81,39.81,56.67,56.67,48.08,48.08,47.73,47.73,50.00,50.00
Norway,NOR,20200613,0.00,,1.00,1,0.00,,3.00,1,0.00,,0.00,,1.00,1,4.00,0.00,,2.00,0.00,0.00,2.00,1,2.00,2.00,0.00,0.00,,8606,242,39.81,39.81,56.67,56.67,48.08,48.08,47.73,47.73,50.00,50.00
Norway,NOR,20200614,0.00,,1.00,1,0.00,,3.00,1,0.00,,0.00,,1.00,1,4.00,0.00,,2.00,0.00,0.00,2.00,1,2.00,2.00,0.00,0.00,,8606,242,39.81,39.81,56.67,56.67,48.08,48.08,47.73,47.73,50.00,50.00
Norway,NOR,20200615,0.00,,1.00,1,0.00,,2.00,1,0.00,,0.00,,1.00,1,3.00,0.00,,2.00,0.00,0.00,2.00,1,2.00,2.00,0.00,0.00,,8606,242,34.26,34.26,50.24,50.24,44.23,44.23,43.18,43.18,50.00,50.00
Norway,NOR,20200616,0.00,,1.00,1,0.00,,2.00,1,0.00,,0.00,,1.00,1,3.00,0.00,,2.00,0.00,0.00,2.00,1,2.00,2.00,0.00,0.00,,8631,242,34.26,34.26,50.24,50.24,44.23,44.23,43.18,43.18,50.00,50.00
Norway,NOR,20200617,0.00,,1.00,1,0.00,,2.00,1,0.00,,0.00,,1.00,1,3.00,0.00,,2.00,0.00,0.00,2.00,1,2.00,2.00,0.00,0.00,,8631,242,34.26,34.26,50.24,50.24,44.23,44.23,43.18,43.18,50.00,50.00
Norway,NOR,20200618,0.00,,1.00,1,0.00,,2.00,1,0.00,,0.00,,1.00,1,3.00,0.00,,2.00,0.00,0.00,2.00,1,2.00,2.00,0.00,0.00,,8660,243,34.26,34.26,50.24,50.24,44.23,44.23,43.18,43.18,50.00,50.00
Norway,NOR,20200619,0.00,,1.00,1,0.00,,2.00,1,0.00,,0.00,,1.00,1,3.00,0.00,,2.00,0.00,0.00,2.00,1,2.00,2.00,0.00,0.00,,8692,244,34.26,34.26,50.24,50.24,44.23,44.23,43.18,43.18,50.00,50.00
Norway,NOR,20200620,0.00,,1.00,1,0.00,,2.00,1,0.00,,0.00,,1.00,1,3.00,0.00,,2.00,0.00,0.00,2.00,1,2.00,2.00,0.00,0.00,,8692,244,34.26,34.26,50.24,50.24,44.23,44.23,43.18,43.18,50.00,50.00
Norway,NOR,20200621,0.00,,1.00,1,0.00,,2.00,1,0.00,,0.00,,1.00,1,3.00,0.00,,2.00,0.00,0.00,2.00,1,2.00,2.00,0.00,0.00,,8708,244,34.26,34.26,50.24,50.24,44.23,44.23,43.18,43.18,50.00,50.00
Norway,NOR,20200622,0.00,,1.00,1,0.00,,2.00,1,0.00,,0.00,,1.00,1,3.00,0.00,,2.00,0.00,0.00,2.00,1,2.00,2.00,0.00,0.00,,8708,244,34.26,34.26,50.24,50.24,44.23,44.23,43.18,43.18,50.00,50.00
Norway,NOR,20200623,,,,,,,,,,,,,,,,,,,,,,,,,,,,8745,248,,34.26,,50.24,,44.23,,43.18,,50.00
