New Zealand,NZL,20200101,0.00,,0.00,,0.00,,0.00,,0.00,,0.00,,0.00,,0.00,0.00,,0.00,0.00,0.00,0.00,,0.00,0.00,0.00,0.00,,0,0,0.00,0.00,0.00,0.00,0.00,0.00,0.00,0.00,0.00,0.00
New Zealand,NZL,20200102,0.00,,0.00,,0.00,,0.00,,0.00,,0.00,,0.00,,0.00,0.00,,0.00,0.00,0.00,0.00,,0.00,0.00,0.00,0.00,,0,0,0.00,0.00,0.00,0.00,0.00,0.00,0.00,0.00,0.00,0.00
New Zealand,NZL,20200103,0.00,,0.00,,0.00,,0.00,,0.00,,0.00,,0.00,,0.00,0.00,,0.00,0.00,0.00,0.00,,0.00,0.00,0.00,0.00,,0,0,0.00,0.00,0.00,0.00,0.00,0.00,0.00,0.00,0.00,0.00
New Zealand,NZL,20200104,0.00,,0.00,,0.00,,0.00,,0.00,,0.00,,0.00,,0.00,0.00,,0.00,0.00,0.00,0.00,,0.00,0.00,0.00,0.00,,0,0,0.00,0.00,0.00,0.00,0.00,0.00,0.00,0.00,0.00,0.00
New Zealand,NZL,20200105,0.00,,0.00,,0.00,,0.00,,0.00,,0.00,,0.00,,0.00,0.00,,0.00,0.00,0.00,0.00,,0.00,0.00,0.00,0.00,,0,0,0.00,0.00,0.00,0.00,0.00,0.00,0.00,0.00,0.00,0.00
New Zealand,NZL,20200106,0.00,,0.00,,0.00,,0.00,,0.00,,0.00,,0.00,,0.00,0.00,,0.00,0.00,0.00,0.00,,0.00,0.00,0.00,0.00,,0,0,0.00,0.00,0.00,0.00,0.00,0.00,0.00,0.00,0.00,0.00
New Zealand,NZL,20200107,0.00,,0.00,,0.00,,0.00,,0.00,,0.00,,0.00,,0.00,0.00,,0.00,0.00,0.00,0.00,,0.00,0.00,0.00,0.00,,0,0,0.00,0.00,0.00,0.00,0.00,0.00,0.00,0.00,0.00,0.00
New Zealand,NZL,20200108,0.00,,0.00,,0.00,,0.00,,0.00,,0.00,,0.00,,0.00,0.00,,0.00,0.00,0.00,0.00,,0.00,0.00,0.00,0.00,,0,0,0.00,0.00,0.00,0.00,0.00,0.00,0.00,0.00,0.00,0.00
New Zealand,NZL,20200109,0.00,,0.00,,0.00,,0.00,,0.00,,0.00,,0.00,,0.00,0.00,,0.00,0.00,0.00,0.00,,0.00,0.00,0.00,0.00,,0,0,0.00,0.00,0.00,0.00,0.00,0.00,0.00,0.00,0.00,0.00
New Zealand,NZL,20200110,0.00,,0.00,,0.00,,0.00,,0.00,,0.00,,0.00,,0.00,0.00,,0.00,0.00,0.00,0.00,,0.00,0.00,0.00,0.00,,0,0,0.00,0.00,0.00,0.00,0.00,0.00,0.00,0.00,0.00,0.00
New Zealand,NZL,20200111,0.00,,0.00,,0.00,,0.00,,0.00,,0.00,,0.00,,0.00,0.00,,0.00,0.00,0.00,0.00,,0.00,0.00,0.00,0.00,,0,0,0.00,0.00,0.00,0.00,0.00,0.00,0.00,0.00,0.00,0.00
New Zealand,NZL,20200112,0.00,,0.00,,0.00,,0.00,,0.00,,0.00,,0.00,,0.00,0.00,,0.00,0.00,0.00,0.00,,0.00,0.00,0.00,0.00,,0,0,0.00,0.00,0.00,0.00,0.00,0.00,0.00,0.00,0.00,0.00
New Zealand,NZL,20200113,0.00,,0.00,,0.00,,0.00,,0.00,,0.00,,0.00,,0.00,0.00,,0.00,0.00,0.00,0.00,,0.00,0.00,0.00,0.00,,0,0,0.00,0.00,0.00,0.00,0.00,0.00,0.00,0.00,0.00,0.00
New Zealand,NZL,20200114,0.00,,0.00,,0.00,,0.00,,0.00,,0.00,,0.00,,0.00,0.00,,0.00,0.00,0.00,0.00,,0.00,0.00,0.00,0.00,,0,0,0.00,0.00,0.00,0.00,0.00,0.00,0.00,0.00,0.00,0.00
New Zealand,NZL,20200115,0.00,,0.00,,0.00,,0.00,,0.00,,0.00,,0.00,,0.00,0.00,,0.00,0.00,0.00,0.00,,0.00,0.00,0.00,0.00,,0,0,0.00,0.00,0.00,0.00,0.00,0.00,0.00,0.00,0.00,0.00
New Zealand,NZL,20200116,0.00,,0.00,,0.00,,0.00,,0.00,,0.00,,0.00,,0.00,0.00,,0.00,0.00,0.00,0.00,,0.00,0.00,0.00,0.00,,0,0,0.00,0.00,0.00,0.00,0.00,0.00,0.00,0.00,0.00,0.00
New Zealand,NZL,20200117,0.00,,0.00,,0.00,,0.00,,0.00,,0.00,,0.00,,0.00,0.00,,0.00,0.00,0.00,0.00,,0.00,0.00,0.00,0.00,,0,0,0.00,0.00,0.00,0.00,0.00,0.00,0.00,0.00,0.00,0.00
New Zealand,NZL,20200118,0.00,,0.00,,0.00,,0.00,,0.00,,0.00,,0.00,,0.00,0.00,,0.00,0.00,0.00,0.00,,0.00,0.00,0.00,0.00,,0,0,0.00,0.00,0.00,0.00,0.00,0.00,0.00,0.00,0.00,0.00
New Zealand,NZL,20200119,0.00,,0.00,,0.00,,0.00,,0.00,,0.00,,0.00,,0.00,0.00,,0.00,0.00,0.00,0.00,,0.00,0.00,0.00,0.00,,0,0,0.00,0.00,0.00,0.00,0.00,0.00,0.00,0.00,0.00,0.00
New Zealand,NZL,20200120,0.00,,0.00,,0.00,,0.00,,0.00,,0.00,,0.00,,0.00,0.00,,0.00,0.00,0.00,0.00,,0.00,0.00,0.00,0.00,,0,0,0.00,0.00,0.00,0.00,0.00,0.00,0.00,0.00,0.00,0.00
New Zealand,NZL,20200121,0.00,,0.00,,0.00,,0.00,,0.00,,0.00,,0.00,,0.00,0.00,,0.00,0.00,0.00,0.00,,0.00,0.00,0.00,0.00,,0,0,0.00,0.00,0.00,0.00,0.00,0.00,0.00,0.00,0.00,0.00
New Zealand,NZL,20200122,0.00,,0.00,,0.00,,0.00,,0.00,,0.00,,0.00,,0.00,0.00,,0.00,0.00,0.00,2.00,1,0.00,0.00,0.00,0.00,,0,0,11.11,11.11,14.29,14.29,7.69,7.69,9.09,9.09,0.00,0.00
New Zealand,NZL,20200123,0.00,,0.00,,0.00,,0.00,,0.00,,0.00,,0.00,,0.00,0.00,,0.00,0.00,0.00,2.00,1,0.00,0.00,0.00,0.00,,0,0,11.11,11.11,14.29,14.29,7.69,7.69,9.09,9.09,0.00,0.00
New Zealand,NZL,20200124,0.00,,0.00,,0.00,,0.00,,0.00,,0.00,,0.00,,0.00,0.00,,0.00,0.00,0.00,2.00,1,0.00,0.00,0.00,0.00,,0,0,11.11,11.11,14.29,14.29,7.69,7.69,9.09,9.09,0.00,0.00
New Zealand,NZL,20200125,0.00,,0.00,,0.00,,0.00,,0.00,,0.00,,0.00,,0.00,0.00,,0.00,0.00,0.00,2.00,1,0.00,0.00,0.00,0.00,,0,0,11.11,11.11,14.29,14.29,7.69,7.69,9.09,9.09,0.00,0.00
New Zealand,NZL,20200126,0.00,,0.00,,0.00,,0.00,,0.00,,0.00,,0.00,,0.00,0.00,,0.00,0.00,0.00,2.00,1,0.00,0.00,0.00,0.00,,0,0,11.11,11.11,14.29,14.29,7.69,7.69,9.09,9.09,0.00,0.00
New Zealand,NZL,20200127,0.00,,0.00,,0.00,,0.00,,0.00,,0.00,,0.00,,0.00,0.00,,0.00,0.00,0.00,2.00,1,0.00,0.00,0.00,0.00,,0,0,11.11,11.11,14.29,14.29,7.69,7.69,9.09,9.09,0.00,0.00
New Zealand,NZL,20200128,0.00,,0.00,,0.00,,0.00,,0.00,,0.00,,0.00,,0.00,0.00,,0.00,0.00,0.00,2.00,1,0.00,0.00,0.00,0.00,,0,0,11.11,11.11,14.29,14.29,7.69,7.69,9.09,9.09,0.00,0.00
New Zealand,NZL,20200129,0.00,,0.00,,0.00,,0.00,,0.00,,0.00,,0.00,,0.00,0.00,,0.00,0.00,0.00,2.00,1,0.00,0.00,0.00,0.00,,0,0,11.11,11.11,14.29,14.29,7.69,7.69,9.09,9.09,0.00,0.00
New Zealand,NZL,20200130,0.00,,0.00,,0.00,,0.00,,0.00,,0.00,,0.00,,0.00,0.00,,0.00,0.00,0.00,2.00,1,0.00,0.00,0.00,0.00,,0,0,11.11,11.11,14.29,14.29,7.69,7.69,9.09,9.09,0.00,0.00
New Zealand,NZL,20200131,0.00,,0.00,,0.00,,0.00,,0.00,,0.00,,0.00,,0.00,0.00,,0.00,0.00,0.00,2.00,1,0.00,0.00,0.00,0.00,,0,0,11.11,11.11,14.29,14.29,7.69,7.69,9.09,9.09,0.00,0.00
New Zealand,NZL,20200201,0.00,,0.00,,0.00,,0.00,,0.00,,0.00,,0.00,,0.00,0.00,,0.00,0.00,0.00,2.00,1,0.00,0.00,0.00,0.00,,0,0,11.11,11.11,14.29,14.29,7.69,7.69,9.09,9.09,0.00,0.00
New Zealand,NZL,20200202,0.00,,0.00,,0.00,,0.00,,0.00,,0.00,,0.00,,3.00,0.00,,0.00,0.00,0.00,2.00,1,0.00,0.00,0.00,0.00,,0,0,19.44,19.44,25.00,25.00,13.46,13.46,15.91,15.91,0.00,0.00
New Zealand,NZL,20200203,0.00,,0.00,,0.00,,0.00,,0.00,,0.00,,0.00,,3.00,0.00,,0.00,0.00,0.00,2.00,1,0.00,0.00,0.00,0.00,,0,0,19.44,19.44,25.00,25.00,13.46,13.46,15.91,15.91,0.00,0.00
New Zealand,NZL,20200204,0.00,,0.00,,0.00,,0.00,,0.00,,0.00,,0.00,,3.00,0.00,,0.00,0.00,0.00,2.00,1,0.00,0.00,0.00,0.00,,0,0,19.44,19.44,25.00,25.00,13.46,13.46,15.91,15.91,0.00,0.00
New Zealand,NZL,20200205,0.00,,0.00,,0.00,,0.00,,0.00,,0.00,,0.00,,3.00,0.00,,0.00,0.00,0.00,2.00,1,0.00,0.00,0.00,0.00,,0,0,19.44,19.44,25.00,25.00,13.46,13.46,15.91,15.91,0.00,0.00
New Zealand,NZL,20200206,0.00,,0.00,,0.00,,0.00,,0.00,,0.00,,0.00,,3.00,0.00,,0.00,0.00,0.00,2.00,1,0.00,0.00,0.00,0.00,,0,0,19.44,19.44,25.00,25.00,13.46,13.46,15.91,15.91,0.00,0.00
New Zealand,NZL,20200207,0.00,,0.00,,0.00,,0.00,,0.00,,0.00,,0.00,,3.00,0.00,,0.00,0.00,0.00,2.00,1,0.00,0.00,0.00,0.00,,0,0,19.44,19.44,25.00,25.00,13.46,13.46,15.91,15.91,0.00,0.00
New Zealand,NZL,20200208,0.00,,0.00,,0.00,,0.00,,0.00,,0.00,,0.00,,3.00,0.00,,0.00,0.00,0.00,2.00,1,0.00,0.00,0.00,0.00,,0,0,19.44,19.44,25.00,25.00,13.46,13.46,15.91,15.91,0.00,0.00
New Zealand,NZL,20200209,0.00,,0.00,,0.00,,0.00,,0.00,,0.00,,0.00,,3.00,0.00,,0.00,0.00,0.00,2.00,1,0.00,0.00,0.00,0.00,,0,0,19.44,19.44,25.00,25.00,13.46,13.46,15.91,15.91,0.00,0.00
New Zealand,NZL,20200210,0.00,,0.00,,0.00,,0.00,,0.00,,0.00,,0.00,,3.00,0.00,,0.00,0.00,0.00,2.00,1,0.00,0.00,0.00,0.00,,0,0,19.44,19.44,25.00,25.00,13.46,13.46,15.91,15.91,0.00,0.00
New Zealand,NZL,20200211,0.00,,0.00,,0.00,,0.00,,0.00,,0.00,,0.00,,3.00,0.00,,0.00,0.00,0.00,2.00,1,0.00,0.00,0.00,0.00,,0,0,19.44,19.44,25.00,25.00,13.46,13.46,15.91,15.91,0.00,0.00
New Zealand,NZL,20200212,0.00,,0.00,,0.00,,0.00,,0.00,,0.00,,0.00,,3.00,0.00,,0.00,0.00,0.00,2.00,1,0.00,0.00,0.00,0.00,,0,0,19.44,19.44,25.00,25.00,13.46,13.46,15.91,15.91,0.00,0.00
New Zealand,NZL,20200213,0.00,,0.00,,0.00,,0.00,,0.00,,0.00,,0.00,,3.00,0.00,,0.00,0.00,0.00,2.00,1,0.00,0.00,0.00,0.00,,0,0,19.44,19.44,25.00,25.00,13.46,13.46,15.91,15.91,0.00,0.00
New Zealand,NZL,20200214,0.00,,0.00,,0.00,,0.00,,0.00,,0.00,,0.00,,3.00,0.00,,0.00,0.00,0.00,2.00,1,0.00,0.00,0.00,0.00,,0,0,19.44,19.44,25.00,25.00,13.46,13.46,15.91,15.91,0.00,0.00
New Zealand,NZL,20200215,0.00,,0.00,,0.00,,0.00,,0.00,,0.00,,0.00,,3.00,0.00,,0.00,0.00,0.00,2.00,1,0.00,0.00,0.00,0.00,,0,0,19.44,19.44,25.00,25.00,13.46,13.46,15.91,15.91,0.00,0.00
New Zealand,NZL,20200216,0.00,,0.00,,0.00,,0.00,,0.00,,0.00,,0.00,,3.00,0.00,,0.00,0.00,0.00,2.00,1,0.00,0.00,0.00,0.00,,0,0,19.44,19.44,25.00,25.00,13.46,13.46,15.91,15.91,0.00,0.00
New Zealand,NZL,20200217,0.00,,0.00,,0.00,,0.00,,0.00,,0.00,,0.00,,3.00,0.00,,0.00,0.00,0.00,2.00,1,0.00,0.00,0.00,0.00,,0,0,19.44,19.44,25.00,25.00,13.46,13.46,15.91,15.91,0.00,0.00
New Zealand,NZL,20200218,0.00,,0.00,,0.00,,0.00,,0.00,,0.00,,0.00,,3.00,0.00,,0.00,0.00,0.00,2.00,1,0.00,0.00,0.00,0.00,,0,0,19.44,19.44,25.00,25.00,13.46,13.46,15.91,15.91,0.00,0.00
New Zealand,NZL,20200219,0.00,,0.00,,0.00,,0.00,,0.00,,0.00,,0.00,,3.00,0.00,,0.00,0.00,0.00,2.00,1,0.00,0.00,0.00,0.00,,0,0,19.44,19.44,25.00,25.00,13.46,13.46,15.91,15.91,0.00,0.00
New Zealand,NZL,20200220,0.00,,0.00,,0.00,,0.00,,0.00,,0.00,,0.00,,3.00,0.00,,0.00,0.00,0.00,2.00,1,0.00,0.00,0.00,0.00,,0,0,19.44,19.44,25.00,25.00,13.46,13.46,15.91,15.91,0.00,0.00
New Zealand,NZL,20200221,0.00,,0.00,,0.00,,0.00,,0.00,,0.00,,0.00,,3.00,0.00,,0.00,0.00,0.00,2.00,1,0.00,0.00,0.00,0.00,,0,0,19.44,19.44,25.00,25.00,13.46,13.46,15.91,15.91,0.00,0.00
New Zealand,NZL,20200222,0.00,,0.00,,0.00,,0.00,,0.00,,0.00,,0.00,,3.00,0.00,,0.00,0.00,0.00,2.00,1,0.00,0.00,0.00,0.00,,0,0,19.44,19.44,25.00,25.00,13.46,13.46,15.91,15.91,0.00,0.00
New Zealand,NZL,20200223,0.00,,0.00,,0.00,,0.00,,0.00,,0.00,,0.00,,3.00,0.00,,0.00,0.00,0.00,2.00,1,0.00,0.00,0.00,0.00,,0,0,19.44,19.44,25.00,25.00,13.46,13.46,15.91,15.91,0.00,0.00
New Zealand,NZL,20200224,0.00,,0.00,,0.00,,0.00,,0.00,,0.00,,0.00,,3.00,0.00,,0.00,0.00,0.00,2.00,1,0.00,0.00,0.00,,,0,0,19.44,19.44,25.00,25.00,13.46,13.46,15.91,15.91,0.00,0.00
New Zealand,NZL,20200225,0.00,,0.00,,0.00,,0.00,,0.00,,0.00,,0.00,,3.00,0.00,,0.00,0.00,0.00,2.00,1,0.00,0.00,0.00,0.00,,0,0,19.44,19.44,25.00,25.00,13.46,13.46,15.91,15.91,0.00,0.00
New Zealand,NZL,20200226,0.00,,0.00,,0.00,,0.00,,0.00,,0.00,,0.00,,3.00,0.00,,0.00,0.00,0.00,2.00,1,0.00,0.00,0.00,0.00,,0,0,19.44,19.44,25.00,25.00,13.46,13.46,15.91,15.91,0.00,0.00
New Zealand,NZL,20200227,0.00,,0.00,,0.00,,0.00,,0.00,,0.00,,0.00,,3.00,0.00,,0.00,0.00,0.00,2.00,1,0.00,0.00,0.00,0.00,,0,0,19.44,19.44,25.00,25.00,13.46,13.46,15.91,15.91,0.00,0.00
New Zealand,NZL,20200228,0.00,,0.00,,0.00,,0.00,,0.00,,0.00,,0.00,,3.00,0.00,,0.00,0.00,0.00,2.00,1,1.00,2.00,0.00,0.00,,1,0,19.44,19.44,25.00,25.00,23.72,23.72,28.03,28.03,0.00,0.00
New Zealand,NZL,20200229,0.00,,0.00,,0.00,,0.00,,0.00,,0.00,,0.00,,3.00,0.00,,0.00,0.00,0.00,2.00,1,1.00,2.00,0.00,0.00,,1,0,19.44,19.44,25.00,25.00,23.72,23.72,28.03,28.03,0.00,0.00
New Zealand,NZL,20200301,0.00,,0.00,,0.00,,0.00,,0.00,,0.00,,0.00,,3.00,0.00,,0.00,0.00,0.00,2.00,1,1.00,2.00,0.00,0.00,,1,0,19.44,19.44,25.00,25.00,23.72,23.72,28.03,28.03,0.00,0.00
New Zealand,NZL,20200302,0.00,,0.00,,0.00,,0.00,,0.00,,0.00,,0.00,,3.00,0.00,,0.00,0.00,0.00,2.00,1,1.00,2.00,0.00,0.00,,1,0,19.44,19.44,25.00,25.00,23.72,23.72,28.03,28.03,0.00,0.00
New Zealand,NZL,20200303,0.00,,0.00,,0.00,,0.00,,0.00,,0.00,,0.00,,3.00,0.00,,0.00,0.00,0.00,2.00,1,1.00,2.00,0.00,0.00,,,,19.44,19.44,25.00,25.00,23.72,23.72,28.03,28.03,0.00,0.00
New Zealand,NZL,20200304,0.00,,0.00,,0.00,,0.00,,0.00,,0.00,,0.00,,3.00,0.00,,0.00,0.00,0.00,2.00,1,1.00,2.00,0.00,0.00,,2,0,19.44,19.44,25.00,25.00,23.72,23.72,28.03,28.03,0.00,0.00
New Zealand,NZL,20200305,0.00,,0.00,,0.00,,0.00,,0.00,,0.00,,0.00,,3.00,0.00,,0.00,0.00,0.00,2.00,1,1.00,2.00,0.00,0.00,,3,0,19.44,19.44,25.00,25.00,23.72,23.72,28.03,28.03,0.00,0.00
New Zealand,NZL,20200306,0.00,,0.00,,0.00,,0.00,,0.00,,0.00,,0.00,,3.00,0.00,,0.00,0.00,0.00,2.00,1,1.00,2.00,0.00,0.00,,4,0,19.44,19.44,25.00,25.00,23.72,23.72,28.03,28.03,0.00,0.00
New Zealand,NZL,20200307,0.00,,0.00,,0.00,,0.00,,0.00,,0.00,,0.00,,3.00,0.00,,0.00,0.00,0.00,2.00,1,1.00,2.00,0.00,0.00,,5,0,19.44,19.44,25.00,25.00,23.72,23.72,28.03,28.03,0.00,0.00
New Zealand,NZL,20200308,0.00,,0.00,,0.00,,0.00,,0.00,,0.00,,0.00,,3.00,0.00,,0.00,0.00,0.00,2.00,1,1.00,2.00,0.00,0.00,,,,19.44,19.44,25.00,25.00,23.72,23.72,28.03,28.03,0.00,0.00
New Zealand,NZL,20200309,0.00,,0.00,,0.00,,0.00,,0.00,,0.00,,0.00,,3.00,0.00,,0.00,0.00,0.00,2.00,1,1.00,2.00,0.00,0.00,,,,19.44,19.44,25.00,25.00,23.72,23.72,28.03,28.03,0.00,0.00
New Zealand,NZL,20200310,0.00,,0.00,,0.00,,0.00,,0.00,,0.00,,0.00,,3.00,0.00,,0.00,0.00,0.00,2.00,1,1.00,2.00,0.00,0.00,,,,19.44,19.44,25.00,25.00,23.72,23.72,28.03,28.03,0.00,0.00
New Zealand,NZL,20200311,0.00,,0.00,,0.00,,0.00,,0.00,,0.00,,0.00,,3.00,0.00,,0.00,0.00,0.00,2.00,1,1.00,2.00,0.00,0.00,,,,19.44,19.44,25.00,25.00,23.72,23.72,28.03,28.03,0.00,0.00
New Zealand,NZL,20200312,0.00,,0.00,,0.00,,0.00,,0.00,,0.00,,0.00,,3.00,0.00,,0.00,0.00,0.00,2.00,1,1.00,2.00,0.00,0.00,,,,19.44,19.44,25.00,25.00,23.72,23.72,28.03,28.03,0.00,0.00
New Zealand,NZL,20200313,0.00,,0.00,,0.00,,0.00,,0.00,,0.00,,0.00,,3.00,0.00,,0.00,0.00,0.00,2.00,1,1.00,2.00,0.00,0.00,,,,19.44,19.44,25.00,25.00,23.72,23.72,28.03,28.03,0.00,0.00
New Zealand,NZL,20200314,0.00,,0.00,,0.00,,0.00,,0.00,,0.00,,0.00,,3.00,0.00,,0.00,0.00,0.00,2.00,1,1.00,2.00,0.00,0.00,,6,0,19.44,19.44,25.00,25.00,23.72,23.72,28.03,28.03,0.00,0.00
New Zealand,NZL,20200315,0.00,,0.00,,0.00,,0.00,,0.00,,0.00,,0.00,,3.00,0.00,,0.00,0.00,0.00,2.00,1,1.00,2.00,0.00,0.00,,8,0,19.44,19.44,25.00,25.00,23.72,23.72,28.03,28.03,0.00,0.00
New Zealand,NZL,20200316,0.00,,0.00,,2.00,1,2.00,1,0.00,,0.00,,0.00,,3.00,0.00,,0.00,0.00,0.00,2.00,1,1.00,2.00,0.00,0.00,,,,36.11,36.11,39.29,39.29,35.26,35.26,41.67,41.67,0.00,0.00
New Zealand,NZL,20200317,0.00,,0.00,,2.00,1,2.00,1,0.00,,0.00,,0.00,,3.00,2.00,0,0.00,11500000000.00,0.00,2.00,1,1.00,2.00,297228142.00,0.00,,,,36.11,36.11,39.29,39.29,41.03,41.03,41.67,41.67,37.50,37.50
New Zealand,NZL,20200318,0.00,,0.00,,2.00,1,2.00,1,0.00,,0.00,,0.00,,3.00,2.00,0,0.00,0.00,0.00,2.00,1,1.00,2.00,0.00,0.00,,20,0,36.11,36.11,39.29,39.29,41.03,41.03,41.67,41.67,37.50,37.50
New Zealand,NZL,20200319,0.00,,0.00,,2.00,1,2.00,1,0.00,,0.00,,0.00,,3.00,2.00,0,0.00,0.00,0.00,2.00,1,1.00,2.00,0.00,0.00,,28,0,36.11,36.11,39.29,39.29,41.03,41.03,41.67,41.67,37.50,37.50
New Zealand,NZL,20200320,0.00,,0.00,,2.00,1,2.00,1,0.00,,0.00,,0.00,,4.00,2.00,0,0.00,0.00,0.00,2.00,1,1.00,2.00,0.00,0.00,,39,0,38.89,38.89,42.86,42.86,42.95,42.95,43.94,43.94,37.50,37.50
New Zealand,NZL,20200321,0.00,,1.00,1,2.00,1,3.00,1,0.00,,1.00,1,1.00,1,4.00,2.00,0,0.00,0.00,0.00,2.00,1,1.00,2.00,0.00,0.00,,53,0,54.63,54.63,59.52,59.52,53.85,53.85,56.82,56.82,37.50,37.50
New Zealand,NZL,20200322,0.00,,1.00,1,2.00,1,3.00,1,0.00,,1.00,1,1.00,1,4.00,2.00,0,0.00,0.00,0.00,2.00,1,1.00,2.00,0.00,0.00,,66,0,54.63,54.63,59.52,59.52,53.85,53.85,56.82,56.82,37.50,37.50
New Zealand,NZL,20200323,0.00,,2.00,1,2.00,1,4.00,1,1.00,1,2.00,1,2.00,1,4.00,2.00,0,0.00,0.00,0.00,2.00,1,1.00,2.00,0.00,0.00,,102,0,75.93,75.93,77.38,77.38,68.59,68.59,74.24,74.24,37.50,37.50
New Zealand,NZL,20200324,3.00,1,2.00,1,2.00,1,4.00,1,1.00,1,2.00,1,2.00,1,4.00,2.00,0,1.00,0.00,0.00,2.00,1,1.00,2.00,0.00,0.00,,142,0,87.04,87.04,91.67,91.67,80.13,80.13,83.33,83.33,62.50,62.50
New Zealand,NZL,20200325,3.00,1,3.00,1,2.00,1,4.00,1,1.00,1,2.00,1,2.00,1,4.00,2.00,0,1.00,0.00,0.00,2.00,1,1.00,2.00,0.00,0.00,,189,0,90.74,90.74,95.24,95.24,82.69,82.69,86.36,86.36,62.50,62.50
New Zealand,NZL,20200326,3.00,1,3.00,1,2.00,1,4.00,1,2.00,1,2.00,1,2.00,1,4.00,2.00,0,1.00,0.00,0.00,2.00,1,1.00,2.00,0.00,0.00,,262,0,96.30,96.30,100.00,100.00,86.54,86.54,90.91,90.91,62.50,62.50
New Zealand,NZL,20200327,3.00,1,3.00,1,2.00,1,4.00,1,2.00,1,2.00,1,2.00,1,4.00,2.00,0,1.00,0.00,0.00,2.00,1,1.00,2.00,0.00,0.00,,338,0,96.30,96.30,100.00,100.00,86.54,86.54,90.91,90.91,62.50,62.50
New Zealand,NZL,20200328,3.00,1,3.00,1,2.00,1,4.00,1,2.00,1,2.00,1,2.00,1,4.00,2.00,0,1.00,0.00,0.00,2.00,1,1.00,2.00,0.00,0.00,,416,0,96.30,96.30,100.00,100.00,86.54,86.54,90.91,90.91,62.50,62.50
New Zealand,NZL,20200329,3.00,1,3.00,1,2.00,1,4.00,1,2.00,1,2.00,1,2.00,1,4.00,2.00,0,1.00,0.00,0.00,2.00,1,1.00,2.00,0.00,0.00,,476,1,96.30,96.30,100.00,100.00,86.54,86.54,90.91,90.91,62.50,62.50
New Zealand,NZL,20200330,3.00,1,3.00,1,2.00,1,4.00,1,2.00,1,2.00,1,2.00,1,4.00,2.00,0,1.00,0.00,0.00,2.00,1,1.00,2.00,0.00,0.00,,552,1,96.30,96.30,100.00,100.00,86.54,86.54,90.91,90.91,62.50,62.50
New Zealand,NZL,20200331,3.00,1,3.00,1,2.00,1,4.00,1,2.00,1,2.00,1,2.00,1,4.00,2.00,0,1.00,0.00,0.00,2.00,1,1.00,2.00,0.00,0.00,,647,1,96.30,96.30,100.00,100.00,86.54,86.54,90.91,90.91,62.50,62.50
New Zealand,NZL,20200401,3.00,1,3.00,1,2.00,1,4.00,1,2.00,1,2.00,1,2.00,1,4.00,2.00,0,1.00,0.00,0.00,2.00,1,2.00,2.00,0.00,0.00,,647,1,96.30,96.30,100.00,100.00,89.10,89.10,93.94,93.94,62.50,62.50
New Zealand,NZL,20200402,3.00,1,3.00,1,2.00,1,4.00,1,2.00,1,2.00,1,2.00,1,4.00,2.00,0,1.00,0.00,0.00,2.00,1,2.00,2.00,0.00,0.00,,723,1,96.30,96.30,100.00,100.00,89.10,89.10,93.94,93.94,62.50,62.50
New Zealand,NZL,20200403,3.00,1,3.00,1,2.00,1,4.00,1,2.00,1,2.00,1,2.00,1,4.00,2.00,0,1.00,0.00,0.00,2.00,1,2.00,2.00,0.00,0.00,,772,1,96.30,96.30,100.00,100.00,89.10,89.10,93.94,93.94,62.50,62.50
New Zealand,NZL,20200404,3.00,1,3.00,1,2.00,1,4.00,1,2.00,1,2.00,1,2.00,1,4.00,2.00,0,1.00,0.00,0.00,2.00,1,2.00,2.00,0.00,0.00,,824,1,96.30,96.30,100.00,100.00,89.10,89.10,93.94,93.94,62.50,62.50
New Zealand,NZL,20200405,3.00,1,3.00,1,2.00,1,4.00,1,2.00,1,2.00,1,2.00,1,4.00,2.00,0,1.00,0.00,0.00,2.00,1,2.00,2.00,0.00,0.00,,872,1,96.30,96.30,100.00,100.00,89.10,89.10,93.94,93.94,62.50,62.50
New Zealand,NZL,20200406,3.00,1,3.00,1,2.00,1,4.00,1,2.00,1,2.00,1,2.00,1,4.00,2.00,0,1.00,0.00,0.00,2.00,1,2.00,2.00,0.00,0.00,,911,1,96.30,96.30,100.00,100.00,89.10,89.10,93.94,93.94,62.50,62.50
New Zealand,NZL,20200407,3.00,1,3.00,1,2.00,1,4.00,1,2.00,1,2.00,1,2.00,1,4.00,2.00,0,1.00,0.00,0.00,2.00,1,2.00,2.00,0.00,0.00,,943,1,96.30,96.30,100.00,100.00,89.10,89.10,93.94,93.94,62.50,62.50
New Zealand,NZL,20200408,3.00,1,3.00,1,2.00,1,4.00,1,2.00,1,2.00,1,2.00,1,4.00,2.00,0,1.00,0.00,0.00,2.00,1,2.00,2.00,0.00,0.00,,969,1,96.30,96.30,100.00,100.00,89.10,89.10,93.94,93.94,62.50,62.50
New Zealand,NZL,20200409,3.00,1,3.00,1,2.00,1,4.00,1,2.00,1,2.00,1,2.00,1,4.00,2.00,0,1.00,0.00,0.00,2.00,1,2.00,2.00,0.00,0.00,,992,1,96.30,96.30,100.00,100.00,89.10,89.10,93.94,93.94,62.50,62.50
New Zealand,NZL,20200410,3.00,1,3.00,1,2.00,1,4.00,1,2.00,1,2.00,1,2.00,1,4.00,2.00,0,1.00,0.00,0.00,2.00,1,2.00,2.00,0.00,0.00,,1015,2,96.30,96.30,100.00,100.00,89.10,89.10,93.94,93.94,62.50,62.50
New Zealand,NZL,20200411,3.00,1,3.00,1,2.00,1,4.00,1,2.00,1,2.00,1,2.00,1,4.00,2.00,0,1.00,0.00,0.00,2.00,1,2.00,2.00,0.00,0.00,,1035,4,96.30,96.30,100.00,100.00,89.10,89.10,93.94,93.94,62.50,62.50
New Zealand,NZL,20200412,3.00,1,3.00,1,2.00,1,4.00,1,2.00,1,2.00,1,2.00,1,4.00,2.00,0,1.00,0.00,0.00,2.00,1,2.00,2.00,0.00,0.00,,1049,4,96.30,96.30,100.00,100.00,89.10,89.10,93.94,93.94,62.50,62.50
New Zealand,NZL,20200413,3.00,1,3.00,1,2.00,1,4.00,1,2.00,1,2.00,1,2.00,1,4.00,2.00,0,1.00,0.00,0.00,2.00,1,2.00,2.00,0.00,0.00,,1064,5,96.30,96.30,100.00,100.00,89.10,89.10,93.94,93.94,62.50,62.50
New Zealand,NZL,20200414,3.00,1,3.00,1,2.00,1,4.00,1,2.00,1,2.00,1,2.00,1,4.00,2.00,0,1.00,0.00,0.00,2.00,1,2.00,2.00,0.00,0.00,,1072,9,96.30,96.30,100.00,100.00,89.10,89.10,93.94,93.94,62.50,62.50
New Zealand,NZL,20200415,3.00,1,3.00,1,2.00,1,4.00,1,2.00,1,2.00,1,2.00,1,4.00,2.00,0,1.00,0.00,0.00,2.00,1,2.00,2.00,0.00,0.00,,1078,9,96.30,96.30,100.00,100.00,89.10,89.10,93.94,93.94,62.50,62.50
New Zealand,NZL,20200416,3.00,1,3.00,1,2.00,1,4.00,1,2.00,1,2.00,1,2.00,1,4.00,2.00,0,1.00,0.00,0.00,2.00,1,2.00,2.00,0.00,0.00,,1084,9,96.30,96.30,100.00,100.00,89.10,89.10,93.94,93.94,62.50,62.50
New Zealand,NZL,20200417,3.00,1,3.00,1,2.00,1,4.00,1,2.00,1,2.00,1,2.00,1,4.00,2.00,0,1.00,0.00,0.00,2.00,1,2.00,2.00,0.00,0.00,,1086,11,96.30,96.30,100.00,100.00,89.10,89.10,93.94,93.94,62.50,62.50
New Zealand,NZL,20200418,3.00,1,3.00,1,2.00,1,4.00,1,2.00,1,2.00,1,2.00,1,4.00,2.00,0,1.00,0.00,0.00,2.00,1,2.00,2.00,0.00,0.00,,1094,11,96.30,96.30,100.00,100.00,89.10,89.10,93.94,93.94,62.50,62.50
New Zealand,NZL,20200419,3.00,1,3.00,1,2.00,1,4.00,1,2.00,1,2.00,1,2.00,1,4.00,2.00,0,1.00,0.00,0.00,2.00,1,2.00,2.00,0.00,0.00,,1098,12,96.30,96.30,100.00,100.00,89.10,89.10,93.94,93.94,62.50,62.50
New Zealand,NZL,20200420,3.00,1,3.00,1,2.00,1,4.00,1,2.00,1,2.00,1,2.00,1,4.00,2.00,0,1.00,0.00,0.00,2.00,1,2.00,2.00,0.00,0.00,,1105,12,96.30,96.30,100.00,100.00,89.10,89.10,93.94,93.94,62.50,62.50
New Zealand,NZL,20200421,3.00,1,3.00,1,2.00,1,4.00,1,2.00,1,2.00,1,2.00,1,4.00,2.00,0,1.00,0.00,0.00,2.00,1,2.00,2.00,0.00,0.00,,1107,13,96.30,96.30,100.00,100.00,89.10,89.10,93.94,93.94,62.50,62.50
New Zealand,NZL,20200422,3.00,1,3.00,1,2.00,1,4.00,1,2.00,1,2.00,1,2.00,1,4.00,2.00,0,1.00,0.00,0.00,2.00,1,2.00,2.00,0.00,0.00,,1112,14,96.30,96.30,100.00,100.00,89.10,89.10,93.94,93.94,62.50,62.50
New Zealand,NZL,20200423,3.00,1,3.00,1,2.00,1,4.00,1,2.00,1,2.00,1,2.00,1,4.00,2.00,0,1.00,0.00,0.00,2.00,1,2.00,2.00,0.00,0.00,,1112,16,96.30,96.30,100.00,100.00,89.10,89.10,93.94,93.94,62.50,62.50
New Zealand,NZL,20200424,3.00,1,3.00,1,2.00,1,4.00,1,2.00,1,2.00,1,2.00,1,4.00,2.00,0,1.00,0.00,0.00,2.00,1,2.00,2.00,0.00,0.00,,1114,17,96.30,96.30,100.00,100.00,89.10,89.10,93.94,93.94,62.50,62.50
New Zealand,NZL,20200425,3.00,1,3.00,1,2.00,1,4.00,1,2.00,1,2.00,1,2.00,1,4.00,2.00,0,1.00,0.00,0.00,2.00,1,2.00,2.00,0.00,0.00,,1117,18,96.30,96.30,100.00,100.00,89.10,89.10,93.94,93.94,62.50,62.50
New Zealand,NZL,20200426,3.00,1,3.00,1,2.00,1,4.00,1,2.00,1,2.00,1,2.00,1,4.00,2.00,0,1.00,0.00,0.00,2.00,1,2.00,2.00,0.00,0.00,,1121,18,96.30,96.30,100.00,100.00,89.10,89.10,93.94,93.94,62.50,62.50
New Zealand,NZL,20200427,3.00,1,3.00,1,2.00,1,4.00,1,2.00,1,2.00,1,2.00,1,4.00,2.00,0,1.00,0.00,0.00,2.00,1,2.00,2.00,0.00,0.00,,1122,19,96.30,96.30,100.00,100.00,89.10,89.10,93.94,93.94,62.50,62.50
New Zealand,NZL,20200428,3.00,1,2.00,1,2.00,1,4.00,1,1.00,1,2.00,1,2.00,1,4.00,2.00,0,1.00,0.00,0.00,2.00,1,2.00,2.00,0.00,0.00,,1124,19,87.04,87.04,91.67,91.67,82.69,82.69,86.36,86.36,62.50,62.50
New Zealand,NZL,20200429,2.00,1,2.00,1,2.00,1,4.00,1,1.00,1,2.00,1,2.00,1,4.00,2.00,0,1.00,0.00,0.00,2.00,1,2.00,2.00,0.00,0.00,,1126,19,83.33,83.33,88.10,88.10,80.13,80.13,83.33,83.33,62.50,62.50
New Zealand,NZL,20200430,2.00,1,2.00,1,2.00,1,4.00,1,1.00,1,2.00,1,2.00,1,4.00,2.00,0,1.00,0.00,0.00,2.00,1,2.00,2.00,0.00,0.00,,1129,19,83.33,83.33,88.10,88.10,80.13,80.13,83.33,83.33,62.50,62.50
New Zealand,NZL,20200501,2.00,1,2.00,1,2.00,1,4.00,1,1.00,1,2.00,1,2.00,1,4.00,2.00,0,1.00,0.00,0.00,2.00,1,2.00,2.00,0.00,0.00,,1132,19,83.33,83.33,88.10,88.10,80.13,80.13,83.33,83.33,62.50,62.50
New Zealand,NZL,20200502,2.00,1,2.00,1,2.00,1,4.00,1,1.00,1,2.00,1,2.00,1,4.00,2.00,0,1.00,0.00,0.00,2.00,1,2.00,2.00,0.00,0.00,,1134,20,83.33,83.33,88.10,88.10,80.13,80.13,83.33,83.33,62.50,62.50
New Zealand,NZL,20200503,2.00,1,2.00,1,2.00,1,4.00,1,1.00,1,2.00,1,2.00,1,4.00,2.00,0,1.00,0.00,0.00,2.00,1,2.00,2.00,0.00,0.00,,1136,20,83.33,83.33,88.10,88.10,80.13,80.13,83.33,83.33,62.50,62.50
New Zealand,NZL,20200504,2.00,1,2.00,1,2.00,1,4.00,1,1.00,1,2.00,1,2.00,1,4.00,2.00,0,1.00,0.00,0.00,2.00,1,2.00,2.00,0.00,0.00,,1137,20,83.33,83.33,88.10,88.10,80.13,80.13,83.33,83.33,62.50,62.50
New Zealand,NZL,20200505,2.00,1,2.00,1,2.00,1,4.00,1,1.00,1,2.00,1,2.00,1,4.00,2.00,0,1.00,0.00,0.00,2.00,1,2.00,2.00,0.00,0.00,,1137,20,83.33,83.33,88.10,88.10,80.13,80.13,83.33,83.33,62.50,62.50
New Zealand,NZL,20200506,2.00,1,2.00,1,2.00,1,4.00,1,1.00,1,2.00,1,2.00,1,4.00,2.00,0,1.00,0.00,0.00,2.00,1,2.00,2.00,0.00,0.00,,1138,21,83.33,83.33,88.10,88.10,80.13,80.13,83.33,83.33,62.50,62.50
New Zealand,NZL,20200507,2.00,1,2.00,1,2.00,1,4.00,1,1.00,1,2.00,1,2.00,1,4.00,2.00,0,1.00,0.00,0.00,2.00,1,2.00,2.00,0.00,0.00,,1139,21,83.33,83.33,88.10,88.10,80.13,80.13,83.33,83.33,62.50,62.50
New Zealand,NZL,20200508,2.00,1,2.00,1,2.00,1,4.00,1,1.00,1,2.00,1,2.00,1,4.00,2.00,0,1.00,0.00,0.00,2.00,1,2.00,2.00,0.00,0.00,,1141,21,83.33,83.33,88.10,88.10,80.13,80.13,83.33,83.33,62.50,62.50
New Zealand,NZL,20200509,2.00,1,2.00,1,2.00,1,4.00,1,1.00,1,2.00,1,2.00,1,4.00,2.00,0,1.00,0.00,0.00,2.00,1,2.00,2.00,0.00,0.00,,1142,21,83.33,83.33,88.10,88.10,80.13,80.13,83.33,83.33,62.50,62.50
New Zealand,NZL,20200510,2.00,1,2.00,1,2.00,1,4.00,1,1.00,1,2.00,1,2.00,1,4.00,2.00,0,1.00,0.00,0.00,2.00,1,2.00,2.00,0.00,0.00,,1144,21,83.33,83.33,88.10,88.10,80.13,80.13,83.33,83.33,62.50,62.50
New Zealand,NZL,20200511,2.00,1,2.00,1,2.00,1,4.00,1,1.00,1,2.00,1,2.00,1,4.00,2.00,0,1.00,0.00,0.00,2.00,1,2.00,2.00,0.00,0.00,,1147,21,83.33,83.33,88.10,88.10,80.13,80.13,83.33,83.33,62.50,62.50
New Zealand,NZL,20200512,2.00,1,2.00,1,2.00,1,4.00,1,1.00,1,2.00,1,2.00,1,4.00,2.00,0,1.00,0.00,0.00,2.00,1,2.00,2.00,0.00,0.00,,1147,21,83.33,83.33,88.10,88.10,80.13,80.13,83.33,83.33,62.50,62.50
New Zealand,NZL,20200513,2.00,1,2.00,1,2.00,1,4.00,1,1.00,1,2.00,1,2.00,1,4.00,2.00,0,1.00,0.00,0.00,2.00,1,2.00,2.00,0.00,0.00,,1147,21,83.33,83.33,88.10,88.10,80.13,80.13,83.33,83.33,62.50,62.50
New Zealand,NZL,20200514,0.00,,0.00,,1.00,1,3.00,1,0.00,,0.00,,0.00,,4.00,2.00,0,1.00,0.00,0.00,2.00,1,2.00,2.00,0.00,0.00,,1147,21,36.11,36.11,40.00,40.00,47.44,47.44,44.70,44.70,62.50,62.50
New Zealand,NZL,20200515,0.00,,0.00,,1.00,1,3.00,1,0.00,,0.00,,0.00,,4.00,2.00,0,1.00,0.00,0.00,2.00,1,2.00,2.00,0.00,0.00,,1148,21,36.11,36.11,40.00,40.00,47.44,47.44,44.70,44.70,62.50,62.50
New Zealand,NZL,20200516,0.00,,0.00,,1.00,1,3.00,1,0.00,,0.00,,0.00,,4.00,2.00,0,1.00,0.00,0.00,2.00,1,2.00,2.00,0.00,0.00,,1148,21,36.11,36.11,40.00,40.00,47.44,47.44,44.70,44.70,62.50,62.50
New Zealand,NZL,20200517,0.00,,0.00,,1.00,1,3.00,1,0.00,,0.00,,0.00,,4.00,2.00,0,1.00,0.00,0.00,2.00,1,2.00,2.00,0.00,0.00,,1149,21,36.11,36.11,40.00,40.00,47.44,47.44,44.70,44.70,62.50,62.50
New Zealand,NZL,20200518,0.00,,0.00,,1.00,1,3.00,1,0.00,,0.00,,0.00,,4.00,2.00,0,1.00,0.00,0.00,2.00,1,2.00,2.00,0.00,0.00,,1149,21,36.11,36.11,40.00,40.00,47.44,47.44,44.70,44.70,62.50,62.50
New Zealand,NZL,20200519,0.00,,0.00,,1.00,1,3.00,1,0.00,,0.00,,0.00,,4.00,2.00,0,1.00,0.00,0.00,2.00,1,2.00,2.00,0.00,0.00,,1153,21,36.11,36.11,40.00,40.00,47.44,47.44,44.70,44.70,62.50,62.50
New Zealand,NZL,20200520,0.00,,0.00,,1.00,1,3.00,1,0.00,,0.00,,0.00,,4.00,2.00,0,1.00,0.00,0.00,2.00,1,2.00,2.00,0.00,0.00,,1153,21,36.11,36.11,40.00,40.00,47.44,47.44,44.70,44.70,62.50,62.50
New Zealand,NZL,20200521,0.00,,0.00,,1.00,1,3.00,1,0.00,,0.00,,0.00,,4.00,2.00,0,1.00,0.00,0.00,2.00,1,2.00,2.00,0.00,0.00,,1153,21,36.11,36.11,40.00,40.00,47.44,47.44,44.70,44.70,62.50,62.50
New Zealand,NZL,20200522,0.00,,0.00,,1.00,1,3.00,1,0.00,,0.00,,0.00,,4.00,2.00,0,1.00,0.00,0.00,2.00,1,2.00,2.00,0.00,0.00,,1154,21,36.11,36.11,40.00,40.00,47.44,47.44,44.70,44.70,62.50,62.50
New Zealand,NZL,20200523,0.00,,0.00,,1.00,1,3.00,1,0.00,,0.00,,0.00,,4.00,2.00,0,1.00,0.00,0.00,2.00,1,2.00,2.00,0.00,0.00,,1154,21,36.11,36.11,40.00,40.00,47.44,47.44,44.70,44.70,62.50,62.50
New Zealand,NZL,20200524,0.00,,0.00,,1.00,1,3.00,1,0.00,,0.00,,0.00,,4.00,2.00,0,1.00,0.00,0.00,2.00,1,2.00,2.00,0.00,0.00,,1154,21,36.11,36.11,40.00,40.00,47.44,47.44,44.70,44.70,62.50,62.50
New Zealand,NZL,20200525,0.00,,0.00,,1.00,1,3.00,1,0.00,,0.00,,0.00,,4.00,2.00,0,1.00,0.00,0.00,2.00,1,2.00,2.00,0.00,0.00,,1154,21,36.11,36.11,40.00,40.00,47.44,47.44,44.70,44.70,62.50,62.50
New Zealand,NZL,20200526,0.00,,0.00,,1.00,1,3.00,1,0.00,,0.00,,0.00,,4.00,2.00,0,1.00,0.00,0.00,2.00,1,2.00,2.00,0.00,0.00,,1154,21,36.11,36.11,40.00,40.00,47.44,47.44,44.70,44.70,62.50,62.50
New Zealand,NZL,20200527,0.00,,0.00,,1.00,1,3.00,1,0.00,,0.00,,0.00,,4.00,2.00,0,1.00,0.00,0.00,2.00,1,2.00,2.00,0.00,23870000.00,,1154,21,36.11,36.11,40.00,40.00,47.44,47.44,44.70,44.70,62.50,62.50
New Zealand,NZL,20200528,0.00,,0.00,,1.00,1,3.00,1,0.00,,0.00,,0.00,,4.00,2.00,0,1.00,0.00,0.00,2.00,1,2.00,2.00,0.00,0.00,,1154,22,36.11,36.11,40.00,40.00,47.44,47.44,44.70,44.70,62.50,62.50
New Zealand,NZL,20200529,0.00,,0.00,,1.00,1,2.00,1,0.00,,0.00,,0.00,,4.00,2.00,0,1.00,0.00,0.00,2.00,1,2.00,2.00,0.00,0.00,,1154,22,33.33,33.33,38.10,38.10,45.51,45.51,42.42,42.42,62.50,62.50
New Zealand,NZL,20200530,0.00,,0.00,,1.00,1,2.00,1,0.00,,0.00,,0.00,,4.00,2.00,0,1.00,0.00,0.00,2.00,1,2.00,2.00,0.00,0.00,,1154,22,33.33,33.33,38.10,38.10,45.51,45.51,42.42,42.42,62.50,62.50
New Zealand,NZL,20200531,0.00,,0.00,,1.00,1,2.00,1,0.00,,0.00,,0.00,,4.00,2.00,0,1.00,0.00,0.00,2.00,1,2.00,2.00,0.00,0.00,,1154,22,33.33,33.33,38.10,38.10,45.51,45.51,42.42,42.42,62.50,62.50
New Zealand,NZL,20200601,0.00,,0.00,,1.00,1,2.00,1,0.00,,0.00,,0.00,,4.00,2.00,0,1.00,0.00,0.00,2.00,1,2.00,2.00,0.00,0.00,,1154,22,33.33,33.33,38.10,38.10,45.51,45.51,42.42,42.42,62.50,62.50
New Zealand,NZL,20200602,0.00,,0.00,,1.00,1,2.00,1,0.00,,0.00,,0.00,,4.00,2.00,0,1.00,0.00,0.00,2.00,1,2.00,2.00,0.00,0.00,,1154,22,33.33,33.33,38.10,38.10,45.51,45.51,42.42,42.42,62.50,62.50
New Zealand,NZL,20200603,0.00,,0.00,,1.00,1,2.00,1,0.00,,0.00,,0.00,,4.00,2.00,0,1.00,0.00,0.00,2.00,1,2.00,2.00,0.00,0.00,,1154,22,33.33,33.33,38.10,38.10,45.51,45.51,42.42,42.42,62.50,62.50
New Zealand,NZL,20200604,0.00,,0.00,,1.00,1,2.00,1,0.00,,0.00,,0.00,,4.00,2.00,0,1.00,0.00,0.00,2.00,1,2.00,2.00,0.00,0.00,,1154,22,33.33,33.33,38.10,38.10,45.51,45.51,42.42,42.42,62.50,62.50
New Zealand,NZL,20200605,0.00,,0.00,,1.00,1,2.00,1,0.00,,0.00,,0.00,,4.00,2.00,0,1.00,0.00,0.00,2.00,1,2.00,2.00,0.00,0.00,,1154,22,33.33,33.33,38.10,38.10,45.51,45.51,42.42,42.42,62.50,62.50
New Zealand,NZL,20200606,0.00,,0.00,,1.00,1,2.00,1,0.00,,0.00,,0.00,,4.00,2.00,0,1.00,0.00,0.00,2.00,1,2.00,2.00,0.00,0.00,,1154,22,33.33,33.33,38.10,38.10,45.51,45.51,42.42,42.42,62.50,62.50
New Zealand,NZL,20200607,0.00,,0.00,,1.00,1,2.00,1,0.00,,0.00,,0.00,,4.00,2.00,0,1.00,0.00,0.00,2.00,1,2.00,2.00,0.00,0.00,,1154,22,33.33,33.33,38.10,38.10,45.51,45.51,42.42,42.42,62.50,62.50
New Zealand,NZL,20200608,0.00,,0.00,,0.00,,0.00,,0.00,,0.00,,0.00,,4.00,2.00,0,1.00,0.00,0.00,2.00,1,2.00,2.00,0.00,0.00,,1154,22,22.22,22.22,28.57,28.57,37.82,37.82,33.33,33.33,62.50,62.50
New Zealand,NZL,20200609,0.00,,0.00,,0.00,,0.00,,0.00,,0.00,,0.00,,4.00,2.00,0,1.00,0.00,0.00,2.00,1,2.00,2.00,0.00,0.00,,1154,22,22.22,22.22,28.57,28.57,37.82,37.82,33.33,33.33,62.50,62.50
New Zealand,NZL,20200610,0.00,,0.00,,0.00,,0.00,,0.00,,0.00,,0.00,,4.00,2.00,0,1.00,0.00,0.00,2.00,1,2.00,2.00,0.00,0.00,,1154,22,22.22,22.22,28.57,28.57,37.82,37.82,33.33,33.33,62.50,62.50
New Zealand,NZL,20200611,0.00,,0.00,,0.00,,0.00,,0.00,,0.00,,0.00,,3.00,2.00,0,1.00,0.00,0.00,2.00,1,2.00,2.00,0.00,0.00,,1154,22,19.44,19.44,25.00,25.00,35.90,35.90,31.06,31.06,62.50,62.50
New Zealand,NZL,20200612,0.00,,0.00,,0.00,,0.00,,0.00,,0.00,,0.00,,3.00,2.00,0,1.00,0.00,0.00,2.00,1,2.00,2.00,0.00,0.00,,1154,22,19.44,19.44,25.00,25.00,35.90,35.90,31.06,31.06,62.50,62.50
New Zealand,NZL,20200613,0.00,,0.00,,0.00,,0.00,,0.00,,0.00,,0.00,,3.00,2.00,0,1.00,0.00,0.00,2.00,1,2.00,2.00,0.00,0.00,,1154,22,19.44,19.44,25.00,25.00,35.90,35.90,31.06,31.06,62.50,62.50
New Zealand,NZL,20200614,0.00,,0.00,,0.00,,0.00,,0.00,,0.00,,0.00,,3.00,2.00,0,1.00,0.00,0.00,2.00,1,2.00,2.00,0.00,0.00,,1154,22,19.44,19.44,25.00,25.00,35.90,35.90,31.06,31.06,62.50,62.50
New Zealand,NZL,20200615,0.00,,0.00,,0.00,,0.00,,0.00,,0.00,,0.00,,3.00,2.00,0,1.00,0.00,0.00,2.00,1,2.00,2.00,0.00,0.00,,1154,22,19.44,19.44,25.00,25.00,35.90,35.90,31.06,31.06,62.50,62.50
New Zealand,NZL,20200616,0.00,,0.00,,0.00,,0.00,,0.00,,0.00,,0.00,,3.00,2.00,0,1.00,0.00,0.00,2.00,1,2.00,2.00,0.00,0.00,,1156,22,19.44,19.44,25.00,25.00,35.90,35.90,31.06,31.06,62.50,62.50
New Zealand,NZL,20200617,0.00,,0.00,,0.00,,0.00,,0.00,,0.00,,0.00,,3.00,2.00,0,1.00,0.00,0.00,2.00,1,2.00,2.00,0.00,0.00,,1156,22,19.44,19.44,25.00,25.00,35.90,35.90,31.06,31.06,62.50,62.50
New Zealand,NZL,20200618,0.00,,0.00,,0.00,,0.00,,0.00,,0.00,,0.00,,3.00,2.00,0,1.00,0.00,0.00,2.00,1,2.00,2.00,0.00,0.00,,1157,22,19.44,19.44,25.00,25.00,35.90,35.90,31.06,31.06,62.50,62.50
New Zealand,NZL,20200619,,,,,,,,,,,,,,,,,,,,,,,,,,,,1157,22,,19.44,,25.00,,35.90,,31.06,,62.50
New Zealand,NZL,20200620,,,,,,,,,,,,,,,,,,,,,,,,,,,,1159,22,,19.44,,25.00,,35.90,,31.06,,62.50
New Zealand,NZL,20200621,,,,,,,,,,,,,,,,,,,,,,,,,,,,1161,22,,19.44,,25.00,,35.90,,31.06,,62.50
New Zealand,NZL,20200622,,,,,,,,,,,,,,,,,,,,,,,,,,,,1163,22,,19.44,,25.00,,35.90,,31.06,,62.50
New Zealand,NZL,20200623,,,,,,,,,,,,,,,,,,,,,,,,,,,,1165,22,,19.44,,25.00,,35.90,,31.06,,62.50
