Nepal,NPL,20200101,0.00,,0.00,,0.00,,0.00,,0.00,,0.00,,0.00,,0.00,0.00,,0.00,0.00,0.00,0.00,,0.00,0.00,0.00,0.00,,0,0,0.00,0.00,0.00,0.00,0.00,0.00,0.00,0.00,0.00,0.00
Nepal,NPL,20200102,0.00,,0.00,,0.00,,0.00,,0.00,,0.00,,0.00,,0.00,0.00,,0.00,0.00,0.00,0.00,,0.00,0.00,0.00,0.00,,0,0,0.00,0.00,0.00,0.00,0.00,0.00,0.00,0.00,0.00,0.00
Nepal,NPL,20200103,0.00,,0.00,,0.00,,0.00,,0.00,,0.00,,0.00,,0.00,0.00,,0.00,0.00,0.00,0.00,,0.00,0.00,0.00,0.00,,0,0,0.00,0.00,0.00,0.00,0.00,0.00,0.00,0.00,0.00,0.00
Nepal,NPL,20200104,0.00,,0.00,,0.00,,0.00,,0.00,,0.00,,0.00,,0.00,0.00,,0.00,0.00,0.00,0.00,,0.00,0.00,0.00,0.00,,0,0,0.00,0.00,0.00,0.00,0.00,0.00,0.00,0.00,0.00,0.00
Nepal,NPL,20200105,0.00,,0.00,,0.00,,0.00,,0.00,,0.00,,0.00,,0.00,0.00,,0.00,0.00,0.00,0.00,,0.00,0.00,0.00,0.00,,0,0,0.00,0.00,0.00,0.00,0.00,0.00,0.00,0.00,0.00,0.00
Nepal,NPL,20200106,0.00,,0.00,,0.00,,0.00,,0.00,,0.00,,0.00,,0.00,0.00,,0.00,0.00,0.00,0.00,,0.00,0.00,0.00,0.00,,0,0,0.00,0.00,0.00,0.00,0.00,0.00,0.00,0.00,0.00,0.00
Nepal,NPL,20200107,0.00,,0.00,,0.00,,0.00,,0.00,,0.00,,0.00,,0.00,0.00,,0.00,0.00,0.00,0.00,,0.00,0.00,0.00,0.00,,0,0,0.00,0.00,0.00,0.00,0.00,0.00,0.00,0.00,0.00,0.00
Nepal,NPL,20200108,0.00,,0.00,,0.00,,0.00,,0.00,,0.00,,0.00,,0.00,0.00,,0.00,0.00,0.00,0.00,,0.00,0.00,0.00,0.00,,0,0,0.00,0.00,0.00,0.00,0.00,0.00,0.00,0.00,0.00,0.00
Nepal,NPL,20200109,0.00,,0.00,,0.00,,0.00,,0.00,,0.00,,0.00,,0.00,0.00,,0.00,0.00,0.00,0.00,,0.00,0.00,0.00,0.00,,0,0,0.00,0.00,0.00,0.00,0.00,0.00,0.00,0.00,0.00,0.00
Nepal,NPL,20200110,0.00,,0.00,,0.00,,0.00,,0.00,,0.00,,0.00,,0.00,0.00,,0.00,0.00,0.00,0.00,,0.00,0.00,0.00,0.00,,0,0,0.00,0.00,0.00,0.00,0.00,0.00,0.00,0.00,0.00,0.00
Nepal,NPL,20200111,0.00,,0.00,,0.00,,0.00,,0.00,,0.00,,0.00,,0.00,0.00,,0.00,0.00,0.00,0.00,,0.00,0.00,0.00,0.00,,0,0,0.00,0.00,0.00,0.00,0.00,0.00,0.00,0.00,0.00,0.00
Nepal,NPL,20200112,0.00,,0.00,,0.00,,0.00,,0.00,,0.00,,0.00,,0.00,0.00,,0.00,0.00,0.00,0.00,,0.00,0.00,0.00,0.00,,0,0,0.00,0.00,0.00,0.00,0.00,0.00,0.00,0.00,0.00,0.00
Nepal,NPL,20200113,0.00,,0.00,,0.00,,0.00,,0.00,,0.00,,0.00,,0.00,0.00,,0.00,0.00,0.00,0.00,,1.00,0.00,0.00,0.00,,0,0,0.00,0.00,0.00,0.00,2.56,2.56,3.03,3.03,0.00,0.00
Nepal,NPL,20200114,0.00,,0.00,,0.00,,0.00,,0.00,,0.00,,0.00,,0.00,0.00,,0.00,0.00,0.00,0.00,,1.00,0.00,0.00,0.00,,0,0,0.00,0.00,0.00,0.00,2.56,2.56,3.03,3.03,0.00,0.00
Nepal,NPL,20200115,0.00,,0.00,,0.00,,0.00,,0.00,,0.00,,0.00,,0.00,0.00,,0.00,0.00,0.00,0.00,,1.00,0.00,0.00,0.00,,0,0,0.00,0.00,0.00,0.00,2.56,2.56,3.03,3.03,0.00,0.00
Nepal,NPL,20200116,0.00,,0.00,,0.00,,0.00,,0.00,,0.00,,0.00,,0.00,0.00,,0.00,0.00,0.00,1.00,1,1.00,0.00,0.00,0.00,,0,0,5.56,5.56,9.52,9.52,6.41,6.41,7.58,7.58,0.00,0.00
Nepal,NPL,20200117,0.00,,0.00,,0.00,,0.00,,0.00,,0.00,,0.00,,0.00,0.00,,0.00,0.00,0.00,1.00,1,1.00,0.00,0.00,0.00,,0,0,5.56,5.56,9.52,9.52,6.41,6.41,7.58,7.58,0.00,0.00
Nepal,NPL,20200118,0.00,,0.00,,0.00,,0.00,,0.00,,0.00,,0.00,,0.00,0.00,,0.00,0.00,0.00,1.00,1,1.00,0.00,0.00,0.00,,0,0,5.56,5.56,9.52,9.52,6.41,6.41,7.58,7.58,0.00,0.00
Nepal,NPL,20200119,0.00,,0.00,,0.00,,0.00,,0.00,,0.00,,0.00,,0.00,0.00,,0.00,0.00,0.00,1.00,1,1.00,0.00,0.00,0.00,,0,0,5.56,5.56,9.52,9.52,6.41,6.41,7.58,7.58,0.00,0.00
Nepal,NPL,20200120,0.00,,0.00,,0.00,,0.00,,0.00,,0.00,,0.00,,0.00,0.00,,0.00,0.00,0.00,1.00,1,1.00,0.00,0.00,0.00,,0,0,5.56,5.56,9.52,9.52,6.41,6.41,7.58,7.58,0.00,0.00
Nepal,NPL,20200121,0.00,,0.00,,0.00,,0.00,,0.00,,0.00,,0.00,,0.00,0.00,,0.00,0.00,0.00,1.00,1,1.00,0.00,0.00,0.00,,0,0,5.56,5.56,9.52,9.52,6.41,6.41,7.58,7.58,0.00,0.00
Nepal,NPL,20200122,0.00,,0.00,,0.00,,0.00,,0.00,,0.00,,0.00,,0.00,0.00,,0.00,0.00,0.00,1.00,1,1.00,0.00,0.00,0.00,,0,0,5.56,5.56,9.52,9.52,6.41,6.41,7.58,7.58,0.00,0.00
Nepal,NPL,20200123,0.00,,0.00,,0.00,,0.00,,0.00,,0.00,,0.00,,0.00,0.00,,0.00,0.00,0.00,1.00,1,1.00,0.00,0.00,0.00,,0,0,5.56,5.56,9.52,9.52,6.41,6.41,7.58,7.58,0.00,0.00
Nepal,NPL,20200124,0.00,,0.00,,0.00,,0.00,,0.00,,0.00,,0.00,,0.00,0.00,,0.00,0.00,0.00,1.00,1,1.00,2.00,0.00,0.00,,0,0,5.56,5.56,9.52,9.52,14.10,14.10,16.67,16.67,0.00,0.00
Nepal,NPL,20200125,0.00,,0.00,,0.00,,0.00,,0.00,,0.00,,0.00,,1.00,0.00,,0.00,0.00,0.00,1.00,1,1.00,2.00,0.00,0.00,,1,0,8.33,8.33,13.10,13.10,16.03,16.03,18.94,18.94,0.00,0.00
Nepal,NPL,20200126,0.00,,0.00,,0.00,,0.00,,0.00,,0.00,,0.00,,1.00,0.00,,0.00,0.00,0.00,1.00,1,1.00,2.00,0.00,0.00,,1,0,8.33,8.33,13.10,13.10,16.03,16.03,18.94,18.94,0.00,0.00
Nepal,NPL,20200127,0.00,,0.00,,0.00,,0.00,,0.00,,0.00,,0.00,,1.00,0.00,,0.00,0.00,0.00,1.00,1,1.00,2.00,0.00,0.00,,1,0,8.33,8.33,13.10,13.10,16.03,16.03,18.94,18.94,0.00,0.00
Nepal,NPL,20200128,0.00,,0.00,,0.00,,0.00,,0.00,,0.00,,0.00,,1.00,0.00,,0.00,0.00,0.00,2.00,1,1.00,2.00,0.00,0.00,,1,0,13.89,13.89,17.86,17.86,19.87,19.87,23.48,23.48,0.00,0.00
Nepal,NPL,20200129,0.00,,0.00,,0.00,,0.00,,0.00,,0.00,,0.00,,1.00,0.00,,0.00,0.00,0.00,2.00,1,1.00,2.00,0.00,0.00,,1,0,13.89,13.89,17.86,17.86,19.87,19.87,23.48,23.48,0.00,0.00
Nepal,NPL,20200130,0.00,,0.00,,0.00,,0.00,,0.00,,0.00,,0.00,,1.00,0.00,,0.00,0.00,0.00,2.00,1,1.00,2.00,0.00,0.00,,1,0,13.89,13.89,17.86,17.86,19.87,19.87,23.48,23.48,0.00,0.00
Nepal,NPL,20200131,0.00,,0.00,,0.00,,0.00,,0.00,,0.00,,0.00,,1.00,0.00,,0.00,0.00,0.00,2.00,1,1.00,2.00,0.00,0.00,,1,0,13.89,13.89,17.86,17.86,19.87,19.87,23.48,23.48,0.00,0.00
Nepal,NPL,20200201,0.00,,0.00,,0.00,,0.00,,0.00,,0.00,,0.00,,1.00,0.00,,0.00,0.00,0.00,2.00,1,1.00,2.00,0.00,0.00,,1,0,13.89,13.89,17.86,17.86,19.87,19.87,23.48,23.48,0.00,0.00
Nepal,NPL,20200202,0.00,,0.00,,0.00,,0.00,,0.00,,0.00,,0.00,,1.00,0.00,,0.00,0.00,0.00,2.00,1,1.00,2.00,0.00,0.00,,1,0,13.89,13.89,17.86,17.86,19.87,19.87,23.48,23.48,0.00,0.00
Nepal,NPL,20200203,0.00,,0.00,,0.00,,0.00,,0.00,,0.00,,0.00,,1.00,0.00,,0.00,0.00,0.00,2.00,1,1.00,2.00,0.00,0.00,,1,0,13.89,13.89,17.86,17.86,19.87,19.87,23.48,23.48,0.00,0.00
Nepal,NPL,20200204,0.00,,0.00,,0.00,,0.00,,0.00,,0.00,,0.00,,2.00,0.00,,0.00,0.00,0.00,2.00,1,1.00,2.00,0.00,0.00,,1,0,16.67,16.67,21.43,21.43,21.79,21.79,25.76,25.76,0.00,0.00
Nepal,NPL,20200205,0.00,,0.00,,0.00,,0.00,,0.00,,0.00,,0.00,,2.00,0.00,,0.00,0.00,0.00,2.00,1,1.00,2.00,0.00,0.00,,1,0,16.67,16.67,21.43,21.43,21.79,21.79,25.76,25.76,0.00,0.00
Nepal,NPL,20200206,0.00,,0.00,,0.00,,0.00,,0.00,,0.00,,0.00,,2.00,0.00,,0.00,0.00,0.00,2.00,1,1.00,2.00,0.00,0.00,,1,0,16.67,16.67,21.43,21.43,21.79,21.79,25.76,25.76,0.00,0.00
Nepal,NPL,20200207,0.00,,0.00,,0.00,,0.00,,0.00,,0.00,,0.00,,2.00,0.00,,0.00,0.00,0.00,2.00,1,1.00,2.00,0.00,0.00,,1,0,16.67,16.67,21.43,21.43,21.79,21.79,25.76,25.76,0.00,0.00
Nepal,NPL,20200208,0.00,,0.00,,0.00,,0.00,,0.00,,0.00,,0.00,,2.00,0.00,,0.00,0.00,0.00,2.00,1,1.00,2.00,0.00,0.00,,1,0,16.67,16.67,21.43,21.43,21.79,21.79,25.76,25.76,0.00,0.00
Nepal,NPL,20200209,0.00,,0.00,,0.00,,0.00,,0.00,,0.00,,0.00,,2.00,0.00,,0.00,0.00,0.00,2.00,1,1.00,2.00,0.00,0.00,,1,0,16.67,16.67,21.43,21.43,21.79,21.79,25.76,25.76,0.00,0.00
Nepal,NPL,20200210,0.00,,0.00,,0.00,,0.00,,0.00,,0.00,,0.00,,2.00,0.00,,0.00,0.00,0.00,2.00,1,1.00,2.00,0.00,0.00,,1,0,16.67,16.67,21.43,21.43,21.79,21.79,25.76,25.76,0.00,0.00
Nepal,NPL,20200211,0.00,,0.00,,0.00,,0.00,,0.00,,0.00,,0.00,,2.00,0.00,,0.00,0.00,0.00,2.00,1,1.00,2.00,0.00,0.00,,1,0,16.67,16.67,21.43,21.43,21.79,21.79,25.76,25.76,0.00,0.00
Nepal,NPL,20200212,0.00,,0.00,,0.00,,0.00,,0.00,,0.00,,0.00,,2.00,0.00,,0.00,0.00,0.00,2.00,1,1.00,2.00,0.00,0.00,,1,0,16.67,16.67,21.43,21.43,21.79,21.79,25.76,25.76,0.00,0.00
Nepal,NPL,20200213,0.00,,0.00,,0.00,,0.00,,0.00,,0.00,,0.00,,2.00,0.00,,0.00,0.00,0.00,2.00,1,1.00,2.00,0.00,0.00,,1,0,16.67,16.67,21.43,21.43,21.79,21.79,25.76,25.76,0.00,0.00
Nepal,NPL,20200214,0.00,,0.00,,0.00,,0.00,,0.00,,0.00,,0.00,,2.00,0.00,,0.00,0.00,0.00,2.00,1,1.00,2.00,0.00,0.00,,1,0,16.67,16.67,21.43,21.43,21.79,21.79,25.76,25.76,0.00,0.00
Nepal,NPL,20200215,0.00,,0.00,,0.00,,0.00,,0.00,,0.00,,0.00,,2.00,0.00,,0.00,0.00,0.00,2.00,1,1.00,2.00,0.00,0.00,,1,0,16.67,16.67,21.43,21.43,21.79,21.79,25.76,25.76,0.00,0.00
Nepal,NPL,20200216,0.00,,0.00,,0.00,,0.00,,0.00,,0.00,,0.00,,2.00,0.00,,0.00,0.00,0.00,2.00,1,1.00,2.00,0.00,0.00,,1,0,16.67,16.67,21.43,21.43,21.79,21.79,25.76,25.76,0.00,0.00
Nepal,NPL,20200217,0.00,,0.00,,0.00,,0.00,,0.00,,0.00,,0.00,,2.00,0.00,,0.00,0.00,0.00,2.00,1,1.00,2.00,0.00,0.00,,1,0,16.67,16.67,21.43,21.43,21.79,21.79,25.76,25.76,0.00,0.00
Nepal,NPL,20200218,0.00,,0.00,,0.00,,0.00,,0.00,,0.00,,0.00,,2.00,0.00,,0.00,0.00,0.00,2.00,1,1.00,2.00,0.00,0.00,,1,0,16.67,16.67,21.43,21.43,21.79,21.79,25.76,25.76,0.00,0.00
Nepal,NPL,20200219,0.00,,0.00,,0.00,,0.00,,0.00,,0.00,,0.00,,2.00,0.00,,0.00,0.00,0.00,2.00,1,1.00,2.00,0.00,0.00,,1,0,16.67,16.67,21.43,21.43,21.79,21.79,25.76,25.76,0.00,0.00
Nepal,NPL,20200220,0.00,,0.00,,0.00,,0.00,,0.00,,0.00,,0.00,,2.00,0.00,,0.00,0.00,0.00,2.00,1,1.00,2.00,0.00,0.00,,1,0,16.67,16.67,21.43,21.43,21.79,21.79,25.76,25.76,0.00,0.00
Nepal,NPL,20200221,0.00,,0.00,,0.00,,0.00,,0.00,,0.00,,0.00,,2.00,0.00,,0.00,0.00,0.00,2.00,1,1.00,2.00,0.00,0.00,,1,0,16.67,16.67,21.43,21.43,21.79,21.79,25.76,25.76,0.00,0.00
Nepal,NPL,20200222,0.00,,0.00,,0.00,,0.00,,0.00,,0.00,,0.00,,2.00,0.00,,0.00,0.00,0.00,2.00,1,1.00,2.00,0.00,0.00,,1,0,16.67,16.67,21.43,21.43,21.79,21.79,25.76,25.76,0.00,0.00
Nepal,NPL,20200223,0.00,,0.00,,0.00,,0.00,,0.00,,0.00,,0.00,,2.00,0.00,,0.00,0.00,0.00,2.00,1,1.00,2.00,0.00,0.00,,1,0,16.67,16.67,21.43,21.43,21.79,21.79,25.76,25.76,0.00,0.00
Nepal,NPL,20200224,0.00,,0.00,,0.00,,0.00,,0.00,,0.00,,0.00,,2.00,0.00,,0.00,0.00,0.00,2.00,1,1.00,2.00,0.00,0.00,,1,0,16.67,16.67,21.43,21.43,21.79,21.79,25.76,25.76,0.00,0.00
Nepal,NPL,20200225,0.00,,0.00,,0.00,,0.00,,0.00,,0.00,,0.00,,2.00,0.00,,0.00,0.00,0.00,2.00,1,1.00,2.00,0.00,0.00,,1,0,16.67,16.67,21.43,21.43,21.79,21.79,25.76,25.76,0.00,0.00
Nepal,NPL,20200226,0.00,,0.00,,0.00,,0.00,,0.00,,0.00,,0.00,,2.00,0.00,,0.00,0.00,0.00,2.00,1,1.00,2.00,0.00,0.00,,1,0,16.67,16.67,21.43,21.43,21.79,21.79,25.76,25.76,0.00,0.00
Nepal,NPL,20200227,0.00,,0.00,,0.00,,0.00,,0.00,,0.00,,0.00,,2.00,0.00,,0.00,0.00,0.00,2.00,1,1.00,2.00,0.00,0.00,,1,0,16.67,16.67,21.43,21.43,21.79,21.79,25.76,25.76,0.00,0.00
Nepal,NPL,20200228,0.00,,0.00,,0.00,,0.00,,0.00,,0.00,,0.00,,2.00,0.00,,0.00,0.00,0.00,2.00,1,1.00,2.00,0.00,0.00,,1,0,16.67,16.67,21.43,21.43,21.79,21.79,25.76,25.76,0.00,0.00
Nepal,NPL,20200229,0.00,,0.00,,0.00,,0.00,,0.00,,0.00,,0.00,,2.00,0.00,,0.00,0.00,0.00,2.00,1,1.00,2.00,0.00,0.00,,1,0,16.67,16.67,21.43,21.43,21.79,21.79,25.76,25.76,0.00,0.00
Nepal,NPL,20200301,0.00,,0.00,,1.00,1,0.00,,0.00,,0.00,,0.00,,2.00,0.00,,0.00,0.00,0.00,2.00,1,1.00,2.00,0.00,0.00,,1,0,22.22,22.22,30.95,30.95,25.64,25.64,30.30,30.30,0.00,0.00
Nepal,NPL,20200302,0.00,,0.00,,1.00,1,0.00,,0.00,,0.00,,0.00,,2.00,0.00,,0.00,0.00,0.00,2.00,1,1.00,2.00,0.00,0.00,,1,0,22.22,22.22,30.95,30.95,25.64,25.64,30.30,30.30,0.00,0.00
Nepal,NPL,20200303,0.00,,0.00,,1.00,1,0.00,,0.00,,0.00,,0.00,,2.00,0.00,,0.00,0.00,0.00,2.00,1,1.00,2.00,0.00,0.00,,,,22.22,22.22,30.95,30.95,25.64,25.64,30.30,30.30,0.00,0.00
Nepal,NPL,20200304,0.00,,0.00,,1.00,1,0.00,,0.00,,0.00,,0.00,,2.00,0.00,,0.00,0.00,0.00,2.00,1,1.00,2.00,0.00,0.00,,,,22.22,22.22,30.95,30.95,25.64,25.64,30.30,30.30,0.00,0.00
Nepal,NPL,20200305,0.00,,0.00,,1.00,1,0.00,,0.00,,0.00,,0.00,,2.00,0.00,,0.00,0.00,0.00,2.00,1,1.00,2.00,0.00,0.00,,,,22.22,22.22,30.95,30.95,25.64,25.64,30.30,30.30,0.00,0.00
Nepal,NPL,20200306,0.00,,0.00,,1.00,1,0.00,,0.00,,0.00,,0.00,,2.00,0.00,,0.00,0.00,0.00,2.00,1,1.00,2.00,0.00,0.00,,,,22.22,22.22,30.95,30.95,25.64,25.64,30.30,30.30,0.00,0.00
Nepal,NPL,20200307,0.00,,0.00,,1.00,1,0.00,,0.00,,0.00,,0.00,,2.00,0.00,,0.00,0.00,0.00,2.00,1,1.00,2.00,0.00,0.00,,,,22.22,22.22,30.95,30.95,25.64,25.64,30.30,30.30,0.00,0.00
Nepal,NPL,20200308,0.00,,0.00,,1.00,1,0.00,,0.00,,0.00,,0.00,,2.00,0.00,,0.00,0.00,0.00,2.00,1,1.00,2.00,0.00,0.00,,,,22.22,22.22,30.95,30.95,25.64,25.64,30.30,30.30,0.00,0.00
Nepal,NPL,20200309,0.00,,0.00,,1.00,1,0.00,,0.00,,0.00,,0.00,,2.00,0.00,,0.00,0.00,0.00,2.00,1,1.00,2.00,0.00,0.00,,,,22.22,22.22,30.95,30.95,25.64,25.64,30.30,30.30,0.00,0.00
Nepal,NPL,20200310,0.00,,0.00,,1.00,1,0.00,,0.00,,0.00,,0.00,,2.00,0.00,,0.00,0.00,0.00,2.00,1,1.00,2.00,0.00,0.00,,,,22.22,22.22,30.95,30.95,25.64,25.64,30.30,30.30,0.00,0.00
Nepal,NPL,20200311,0.00,,0.00,,1.00,1,0.00,,0.00,,0.00,,0.00,,2.00,0.00,,0.00,0.00,0.00,2.00,1,1.00,2.00,0.00,0.00,,,,22.22,22.22,30.95,30.95,25.64,25.64,30.30,30.30,0.00,0.00
Nepal,NPL,20200312,0.00,,0.00,,1.00,1,0.00,,0.00,,0.00,,0.00,,2.00,0.00,,0.00,0.00,0.00,2.00,1,1.00,2.00,0.00,0.00,,,,22.22,22.22,30.95,30.95,25.64,25.64,30.30,30.30,0.00,0.00
Nepal,NPL,20200313,0.00,,0.00,,1.00,1,0.00,,0.00,,0.00,,0.00,,2.00,0.00,,0.00,0.00,0.00,2.00,1,1.00,2.00,0.00,0.00,,,,22.22,22.22,30.95,30.95,25.64,25.64,30.30,30.30,0.00,0.00
Nepal,NPL,20200314,0.00,,0.00,,1.00,1,0.00,,0.00,,0.00,,0.00,,2.00,0.00,,0.00,0.00,0.00,2.00,1,1.00,2.00,0.00,0.00,,,,22.22,22.22,30.95,30.95,25.64,25.64,30.30,30.30,0.00,0.00
Nepal,NPL,20200315,0.00,,0.00,,1.00,1,0.00,,0.00,,0.00,,0.00,,2.00,0.00,,0.00,0.00,0.00,2.00,1,1.00,2.00,0.00,0.00,,1,0,22.22,22.22,30.95,30.95,25.64,25.64,30.30,30.30,0.00,0.00
Nepal,NPL,20200316,0.00,,0.00,,1.00,1,0.00,,0.00,,0.00,,0.00,,2.00,0.00,,0.00,0.00,0.00,2.00,1,1.00,2.00,0.00,0.00,,,,22.22,22.22,30.95,30.95,25.64,25.64,30.30,30.30,0.00,0.00
Nepal,NPL,20200317,0.00,,0.00,,1.00,1,0.00,,0.00,,0.00,,0.00,,2.00,0.00,,0.00,0.00,0.00,2.00,1,1.00,2.00,0.00,0.00,,1,0,22.22,22.22,30.95,30.95,25.64,25.64,30.30,30.30,0.00,0.00
Nepal,NPL,20200318,0.00,,0.00,,2.00,1,3.00,1,0.00,,0.00,,0.00,,2.00,0.00,,0.00,0.00,0.00,2.00,1,1.00,2.00,0.00,0.00,,1,0,36.11,36.11,35.71,35.71,35.26,35.26,41.67,41.67,0.00,0.00
Nepal,NPL,20200319,3.00,1,0.00,,2.00,1,3.00,1,0.00,,0.00,,0.00,,2.00,0.00,,0.00,0.00,0.00,2.00,1,1.00,2.00,0.00,0.00,,1,0,47.22,47.22,50.00,50.00,42.95,42.95,50.76,50.76,0.00,0.00
Nepal,NPL,20200320,3.00,1,2.00,1,2.00,1,3.00,1,0.00,,1.00,1,0.00,,2.00,0.00,,0.00,0.00,0.00,2.00,1,1.00,2.00,0.00,0.00,,1,0,58.33,58.33,67.86,67.86,50.64,50.64,59.85,59.85,0.00,0.00
Nepal,NPL,20200321,3.00,1,2.00,1,2.00,1,3.00,1,0.00,,1.00,1,0.00,,2.00,0.00,,0.00,0.00,0.00,2.00,1,1.00,2.00,0.00,0.00,,1,0,58.33,58.33,67.86,67.86,50.64,50.64,59.85,59.85,0.00,0.00
Nepal,NPL,20200322,3.00,1,3.00,1,2.00,1,4.00,1,0.00,,1.00,1,2.00,1,3.00,0.00,,0.00,0.00,1000000.00,2.00,1,1.00,2.00,0.00,0.00,,1,0,78.70,78.70,82.14,82.14,64.74,64.74,76.52,76.52,0.00,0.00
Nepal,NPL,20200323,3.00,1,3.00,1,2.00,1,4.00,1,0.00,,2.00,0,2.00,1,4.00,0.00,,0.00,0.00,0.00,2.00,1,1.00,2.00,0.00,0.00,,1,0,83.33,83.33,85.71,85.71,67.95,67.95,80.30,80.30,0.00,0.00
Nepal,NPL,20200324,3.00,1,3.00,1,2.00,1,4.00,1,2.00,1,2.00,1,2.00,1,4.00,0.00,,0.00,0.00,0.00,2.00,1,1.00,2.00,0.00,0.00,,2,0,96.30,96.30,100.00,100.00,76.92,76.92,90.91,90.91,0.00,0.00
Nepal,NPL,20200325,3.00,1,3.00,1,2.00,1,4.00,1,2.00,1,2.00,1,2.00,1,4.00,0.00,,0.00,0.00,0.00,2.00,1,1.00,2.00,0.00,0.00,,3,0,96.30,96.30,100.00,100.00,76.92,76.92,90.91,90.91,0.00,0.00
Nepal,NPL,20200326,3.00,1,3.00,1,2.00,1,4.00,1,2.00,1,2.00,1,2.00,1,4.00,0.00,,0.00,0.00,0.00,2.00,1,1.00,2.00,0.00,0.00,,3,0,96.30,96.30,100.00,100.00,76.92,76.92,90.91,90.91,0.00,0.00
Nepal,NPL,20200327,3.00,1,3.00,1,2.00,1,4.00,1,2.00,1,2.00,1,2.00,1,4.00,0.00,,0.00,0.00,0.00,2.00,1,1.00,2.00,0.00,0.00,,3,0,96.30,96.30,100.00,100.00,76.92,76.92,90.91,90.91,0.00,0.00
Nepal,NPL,20200328,3.00,1,3.00,1,2.00,1,4.00,1,2.00,1,2.00,1,2.00,1,4.00,0.00,,0.00,0.00,0.00,2.00,1,1.00,2.00,0.00,0.00,,3,0,96.30,96.30,100.00,100.00,76.92,76.92,90.91,90.91,0.00,0.00
Nepal,NPL,20200329,3.00,1,3.00,1,2.00,1,4.00,1,2.00,1,2.00,1,2.00,1,4.00,0.00,,0.00,0.00,0.00,2.00,1,1.00,2.00,0.00,0.00,,5,0,96.30,96.30,100.00,100.00,76.92,76.92,90.91,90.91,0.00,0.00
Nepal,NPL,20200330,3.00,1,3.00,1,2.00,1,4.00,1,2.00,1,2.00,1,2.00,1,4.00,1.00,1,2.00,0.00,0.00,2.00,1,1.00,2.00,20642.00,0.00,,5,0,96.30,96.30,100.00,100.00,88.46,88.46,90.91,90.91,75.00,75.00
Nepal,NPL,20200331,3.00,1,3.00,1,2.00,1,4.00,1,2.00,1,2.00,1,2.00,1,4.00,1.00,1,2.00,0.00,0.00,2.00,1,1.00,2.00,0.00,0.00,,5,0,96.30,96.30,100.00,100.00,88.46,88.46,90.91,90.91,75.00,75.00
Nepal,NPL,20200401,3.00,1,3.00,1,2.00,1,4.00,1,2.00,1,2.00,1,2.00,1,4.00,1.00,1,2.00,0.00,0.00,2.00,1,1.00,2.00,0.00,0.00,,5,0,96.30,96.30,100.00,100.00,88.46,88.46,90.91,90.91,75.00,75.00
Nepal,NPL,20200402,3.00,1,3.00,1,2.00,1,4.00,1,2.00,1,2.00,1,2.00,1,4.00,1.00,1,2.00,0.00,0.00,2.00,1,1.00,2.00,0.00,0.00,,5,0,96.30,96.30,100.00,100.00,88.46,88.46,90.91,90.91,75.00,75.00
Nepal,NPL,20200403,3.00,1,3.00,1,2.00,1,4.00,1,2.00,1,2.00,1,2.00,1,4.00,1.00,1,2.00,0.00,0.00,2.00,1,1.00,2.00,0.00,0.00,,5,0,96.30,96.30,100.00,100.00,88.46,88.46,90.91,90.91,75.00,75.00
Nepal,NPL,20200404,3.00,1,3.00,1,2.00,1,4.00,1,2.00,1,2.00,1,2.00,1,4.00,1.00,1,2.00,0.00,0.00,2.00,1,1.00,2.00,0.00,0.00,,6,0,96.30,96.30,100.00,100.00,88.46,88.46,90.91,90.91,75.00,75.00
Nepal,NPL,20200405,3.00,1,3.00,1,2.00,1,4.00,1,2.00,1,2.00,1,2.00,1,4.00,1.00,1,2.00,0.00,0.00,2.00,1,1.00,2.00,0.00,0.00,,6,0,96.30,96.30,100.00,100.00,88.46,88.46,90.91,90.91,75.00,75.00
Nepal,NPL,20200406,3.00,1,3.00,1,2.00,1,4.00,1,2.00,1,2.00,1,2.00,1,4.00,1.00,1,2.00,0.00,0.00,2.00,1,1.00,2.00,0.00,0.00,,9,0,96.30,96.30,100.00,100.00,88.46,88.46,90.91,90.91,75.00,75.00
Nepal,NPL,20200407,3.00,1,3.00,1,2.00,1,4.00,1,2.00,1,2.00,1,2.00,1,4.00,1.00,1,2.00,0.00,0.00,2.00,1,1.00,2.00,0.00,0.00,,9,0,96.30,96.30,100.00,100.00,88.46,88.46,90.91,90.91,75.00,75.00
Nepal,NPL,20200408,3.00,1,3.00,1,2.00,1,4.00,1,2.00,1,2.00,1,2.00,1,4.00,1.00,1,2.00,0.00,0.00,2.00,1,1.00,2.00,0.00,0.00,,9,0,96.30,96.30,100.00,100.00,88.46,88.46,90.91,90.91,75.00,75.00
Nepal,NPL,20200409,3.00,1,3.00,1,2.00,1,4.00,1,2.00,1,2.00,1,2.00,1,4.00,1.00,1,2.00,0.00,0.00,2.00,1,1.00,2.00,0.00,0.00,,9,0,96.30,96.30,100.00,100.00,88.46,88.46,90.91,90.91,75.00,75.00
Nepal,NPL,20200410,3.00,1,3.00,1,2.00,1,4.00,1,2.00,1,2.00,1,2.00,1,4.00,1.00,1,2.00,0.00,0.00,2.00,1,1.00,2.00,0.00,0.00,,9,0,96.30,96.30,100.00,100.00,88.46,88.46,90.91,90.91,75.00,75.00
Nepal,NPL,20200411,3.00,1,3.00,1,2.00,1,4.00,1,2.00,1,2.00,1,2.00,1,4.00,1.00,1,2.00,0.00,0.00,2.00,1,1.00,2.00,0.00,0.00,,9,0,96.30,96.30,100.00,100.00,88.46,88.46,90.91,90.91,75.00,75.00
Nepal,NPL,20200412,3.00,1,3.00,1,2.00,1,4.00,1,2.00,1,2.00,1,2.00,1,4.00,1.00,1,2.00,0.00,0.00,2.00,1,1.00,2.00,0.00,0.00,,9,0,96.30,96.30,100.00,100.00,88.46,88.46,90.91,90.91,75.00,75.00
Nepal,NPL,20200413,3.00,1,3.00,1,2.00,1,4.00,1,2.00,1,2.00,1,2.00,1,4.00,1.00,1,2.00,0.00,0.00,2.00,1,1.00,2.00,0.00,0.00,,12,0,96.30,96.30,100.00,100.00,88.46,88.46,90.91,90.91,75.00,75.00
Nepal,NPL,20200414,3.00,1,3.00,1,2.00,1,4.00,1,2.00,1,2.00,1,2.00,1,4.00,1.00,1,2.00,0.00,0.00,2.00,1,1.00,2.00,0.00,0.00,,14,0,96.30,96.30,100.00,100.00,88.46,88.46,90.91,90.91,75.00,75.00
Nepal,NPL,20200415,3.00,1,3.00,1,2.00,1,4.00,1,2.00,1,2.00,1,2.00,1,4.00,1.00,1,2.00,0.00,0.00,2.00,1,1.00,2.00,0.00,0.00,,16,0,96.30,96.30,100.00,100.00,88.46,88.46,90.91,90.91,75.00,75.00
Nepal,NPL,20200416,3.00,1,3.00,1,2.00,1,4.00,1,2.00,1,2.00,1,2.00,1,4.00,1.00,1,2.00,0.00,0.00,2.00,1,1.00,2.00,0.00,0.00,,16,0,96.30,96.30,100.00,100.00,88.46,88.46,90.91,90.91,75.00,75.00
Nepal,NPL,20200417,3.00,1,3.00,1,2.00,1,4.00,1,2.00,1,2.00,1,2.00,1,4.00,1.00,1,2.00,0.00,0.00,2.00,1,1.00,2.00,0.00,0.00,,16,0,96.30,96.30,100.00,100.00,88.46,88.46,90.91,90.91,75.00,75.00
Nepal,NPL,20200418,3.00,1,3.00,1,2.00,1,4.00,1,2.00,1,2.00,1,2.00,1,4.00,1.00,1,2.00,0.00,0.00,2.00,1,1.00,2.00,0.00,0.00,,30,0,96.30,96.30,100.00,100.00,88.46,88.46,90.91,90.91,75.00,75.00
Nepal,NPL,20200419,3.00,1,3.00,1,2.00,1,4.00,1,2.00,1,2.00,1,2.00,1,4.00,1.00,1,2.00,0.00,0.00,2.00,1,1.00,2.00,0.00,0.00,,31,0,96.30,96.30,100.00,100.00,88.46,88.46,90.91,90.91,75.00,75.00
Nepal,NPL,20200420,3.00,1,3.00,1,2.00,1,4.00,1,2.00,1,2.00,1,2.00,1,4.00,1.00,1,2.00,0.00,0.00,2.00,1,1.00,2.00,0.00,0.00,,31,0,96.30,96.30,100.00,100.00,88.46,88.46,90.91,90.91,75.00,75.00
Nepal,NPL,20200421,3.00,1,3.00,1,2.00,1,4.00,1,2.00,1,2.00,1,2.00,1,4.00,1.00,1,2.00,0.00,0.00,2.00,1,1.00,2.00,0.00,0.00,,31,0,96.30,96.30,100.00,100.00,88.46,88.46,90.91,90.91,75.00,75.00
Nepal,NPL,20200422,3.00,1,3.00,1,2.00,1,4.00,1,2.00,1,2.00,1,2.00,1,4.00,1.00,1,2.00,0.00,0.00,2.00,1,1.00,2.00,0.00,0.00,,42,0,96.30,96.30,100.00,100.00,88.46,88.46,90.91,90.91,75.00,75.00
Nepal,NPL,20200423,3.00,1,3.00,1,2.00,1,4.00,1,2.00,1,2.00,1,2.00,1,4.00,1.00,1,2.00,0.00,0.00,2.00,1,1.00,2.00,0.00,0.00,,45,0,96.30,96.30,100.00,100.00,88.46,88.46,90.91,90.91,75.00,75.00
Nepal,NPL,20200424,3.00,1,3.00,1,2.00,1,4.00,1,2.00,1,2.00,1,2.00,1,4.00,1.00,1,2.00,0.00,0.00,2.00,1,1.00,2.00,0.00,0.00,,48,0,96.30,96.30,100.00,100.00,88.46,88.46,90.91,90.91,75.00,75.00
Nepal,NPL,20200425,3.00,1,3.00,1,2.00,1,4.00,1,2.00,1,2.00,1,2.00,1,4.00,1.00,1,2.00,0.00,0.00,2.00,1,1.00,2.00,0.00,0.00,,49,0,96.30,96.30,100.00,100.00,88.46,88.46,90.91,90.91,75.00,75.00
Nepal,NPL,20200426,3.00,1,3.00,1,2.00,1,4.00,1,2.00,1,2.00,1,2.00,1,4.00,1.00,1,2.00,0.00,0.00,2.00,1,1.00,2.00,0.00,0.00,,49,0,96.30,96.30,100.00,100.00,88.46,88.46,90.91,90.91,75.00,75.00
Nepal,NPL,20200427,3.00,1,3.00,1,2.00,1,4.00,1,2.00,1,2.00,1,2.00,1,4.00,1.00,1,2.00,0.00,0.00,2.00,1,1.00,2.00,0.00,0.00,,52,0,96.30,96.30,100.00,100.00,88.46,88.46,90.91,90.91,75.00,75.00
Nepal,NPL,20200428,3.00,1,3.00,1,2.00,1,4.00,1,2.00,1,2.00,1,2.00,1,4.00,1.00,1,2.00,0.00,0.00,2.00,1,1.00,2.00,0.00,0.00,,52,0,96.30,96.30,100.00,100.00,88.46,88.46,90.91,90.91,75.00,75.00
Nepal,NPL,20200429,3.00,1,3.00,1,2.00,1,4.00,1,2.00,1,2.00,1,2.00,1,4.00,1.00,1,2.00,0.00,0.00,2.00,1,1.00,2.00,0.00,0.00,,54,0,96.30,96.30,100.00,100.00,88.46,88.46,90.91,90.91,75.00,75.00
Nepal,NPL,20200430,3.00,1,3.00,1,2.00,1,4.00,1,2.00,1,2.00,1,2.00,1,4.00,1.00,1,2.00,0.00,0.00,2.00,1,1.00,2.00,0.00,0.00,,57,0,96.30,96.30,100.00,100.00,88.46,88.46,90.91,90.91,75.00,75.00
Nepal,NPL,20200501,3.00,1,3.00,1,2.00,1,4.00,1,2.00,1,2.00,1,2.00,1,4.00,1.00,1,2.00,0.00,0.00,2.00,1,1.00,2.00,0.00,0.00,,57,0,96.30,96.30,100.00,100.00,88.46,88.46,90.91,90.91,75.00,75.00
Nepal,NPL,20200502,3.00,1,3.00,1,2.00,1,4.00,1,2.00,1,2.00,1,2.00,1,4.00,1.00,1,2.00,0.00,0.00,2.00,1,1.00,2.00,0.00,0.00,,59,0,96.30,96.30,100.00,100.00,88.46,88.46,90.91,90.91,75.00,75.00
Nepal,NPL,20200503,3.00,1,3.00,1,2.00,1,4.00,1,2.00,1,2.00,1,2.00,1,4.00,1.00,1,2.00,0.00,0.00,2.00,1,1.00,2.00,0.00,0.00,,59,0,96.30,96.30,100.00,100.00,88.46,88.46,90.91,90.91,75.00,75.00
Nepal,NPL,20200504,3.00,1,3.00,1,2.00,1,4.00,1,2.00,1,2.00,1,2.00,1,4.00,1.00,1,2.00,0.00,0.00,2.00,1,1.00,2.00,0.00,0.00,,75,0,96.30,96.30,100.00,100.00,88.46,88.46,90.91,90.91,75.00,75.00
Nepal,NPL,20200505,3.00,1,3.00,1,2.00,1,4.00,1,2.00,1,2.00,1,2.00,1,4.00,1.00,1,2.00,0.00,0.00,2.00,1,1.00,2.00,0.00,0.00,,82,0,96.30,96.30,100.00,100.00,88.46,88.46,90.91,90.91,75.00,75.00
Nepal,NPL,20200506,3.00,1,3.00,1,2.00,1,4.00,1,2.00,1,2.00,1,2.00,1,4.00,1.00,1,2.00,0.00,0.00,2.00,1,1.00,2.00,0.00,0.00,,82,0,96.30,96.30,100.00,100.00,88.46,88.46,90.91,90.91,75.00,75.00
Nepal,NPL,20200507,3.00,1,2.00,1,2.00,1,4.00,1,2.00,1,2.00,1,2.00,1,4.00,1.00,1,2.00,0.00,0.00,2.00,1,1.00,2.00,0.00,0.00,,99,0,92.59,92.59,96.43,96.43,85.90,85.90,87.88,87.88,75.00,75.00
Nepal,NPL,20200508,3.00,1,2.00,1,2.00,1,4.00,1,2.00,1,2.00,1,2.00,1,4.00,1.00,1,2.00,0.00,0.00,2.00,1,1.00,2.00,0.00,0.00,,101,0,92.59,92.59,96.43,96.43,85.90,85.90,87.88,87.88,75.00,75.00
Nepal,NPL,20200509,3.00,1,2.00,1,2.00,1,4.00,1,2.00,1,2.00,1,2.00,1,4.00,1.00,1,2.00,0.00,0.00,2.00,1,1.00,2.00,0.00,0.00,,101,0,92.59,92.59,96.43,96.43,85.90,85.90,87.88,87.88,75.00,75.00
Nepal,NPL,20200510,3.00,1,2.00,1,2.00,1,4.00,1,2.00,1,2.00,1,2.00,1,4.00,1.00,1,2.00,0.00,0.00,2.00,1,1.00,2.00,0.00,0.00,,109,0,92.59,92.59,96.43,96.43,85.90,85.90,87.88,87.88,75.00,75.00
Nepal,NPL,20200511,3.00,1,2.00,1,2.00,1,4.00,1,2.00,1,2.00,1,2.00,1,4.00,1.00,1,2.00,0.00,0.00,2.00,1,1.00,2.00,0.00,0.00,,120,0,92.59,92.59,96.43,96.43,85.90,85.90,87.88,87.88,75.00,75.00
Nepal,NPL,20200512,3.00,1,2.00,1,2.00,1,4.00,1,2.00,1,2.00,1,2.00,1,4.00,1.00,1,2.00,0.00,0.00,2.00,1,1.00,2.00,0.00,0.00,,134,0,92.59,92.59,96.43,96.43,85.90,85.90,87.88,87.88,75.00,75.00
Nepal,NPL,20200513,3.00,1,2.00,1,2.00,1,4.00,1,2.00,1,2.00,1,2.00,1,4.00,1.00,1,2.00,0.00,0.00,2.00,1,1.00,2.00,0.00,0.00,,217,0,92.59,92.59,96.43,96.43,85.90,85.90,87.88,87.88,75.00,75.00
Nepal,NPL,20200514,3.00,1,2.00,1,2.00,1,4.00,1,2.00,1,2.00,1,2.00,1,4.00,1.00,1,2.00,0.00,0.00,2.00,1,1.00,2.00,0.00,0.00,,219,0,92.59,92.59,96.43,96.43,85.90,85.90,87.88,87.88,75.00,75.00
Nepal,NPL,20200515,3.00,1,2.00,1,2.00,1,4.00,1,2.00,1,2.00,1,2.00,1,4.00,1.00,1,2.00,0.00,0.00,2.00,1,1.00,2.00,0.00,0.00,,258,0,92.59,92.59,96.43,96.43,85.90,85.90,87.88,87.88,75.00,75.00
Nepal,NPL,20200516,3.00,1,2.00,1,2.00,1,4.00,1,2.00,1,2.00,1,2.00,1,4.00,1.00,1,2.00,0.00,0.00,2.00,1,1.00,2.00,0.00,0.00,,276,0,92.59,92.59,96.43,96.43,85.90,85.90,87.88,87.88,75.00,75.00
Nepal,NPL,20200517,3.00,1,2.00,1,2.00,1,4.00,1,2.00,1,2.00,1,2.00,1,4.00,1.00,1,2.00,0.00,0.00,2.00,1,1.00,2.00,0.00,0.00,,291,1,92.59,92.59,96.43,96.43,85.90,85.90,87.88,87.88,75.00,75.00
Nepal,NPL,20200518,3.00,1,2.00,1,2.00,1,4.00,1,2.00,1,2.00,1,2.00,1,4.00,1.00,1,2.00,0.00,0.00,2.00,1,1.00,2.00,0.00,0.00,,304,2,92.59,92.59,96.43,96.43,85.90,85.90,87.88,87.88,75.00,75.00
Nepal,NPL,20200519,3.00,1,2.00,1,2.00,1,4.00,1,2.00,1,2.00,1,2.00,1,4.00,1.00,1,2.00,0.00,0.00,2.00,1,1.00,2.00,0.00,0.00,,375,2,92.59,92.59,96.43,96.43,85.90,85.90,87.88,87.88,75.00,75.00
Nepal,NPL,20200520,3.00,1,2.00,1,2.00,1,4.00,1,2.00,1,2.00,1,2.00,1,4.00,1.00,1,2.00,0.00,0.00,2.00,1,1.00,2.00,0.00,0.00,,402,2,92.59,92.59,96.43,96.43,85.90,85.90,87.88,87.88,75.00,75.00
Nepal,NPL,20200521,3.00,1,2.00,1,2.00,1,4.00,1,2.00,1,2.00,1,2.00,1,4.00,1.00,1,2.00,0.00,0.00,2.00,1,1.00,2.00,0.00,0.00,,444,2,92.59,92.59,96.43,96.43,85.90,85.90,87.88,87.88,75.00,75.00
Nepal,NPL,20200522,3.00,1,2.00,1,2.00,1,4.00,1,2.00,1,2.00,1,2.00,1,4.00,1.00,1,2.00,0.00,0.00,2.00,1,1.00,2.00,0.00,0.00,,487,3,92.59,92.59,96.43,96.43,85.90,85.90,87.88,87.88,75.00,75.00
Nepal,NPL,20200523,3.00,1,2.00,1,2.00,1,4.00,1,2.00,1,2.00,1,2.00,1,4.00,1.00,1,2.00,0.00,0.00,2.00,1,1.00,2.00,0.00,0.00,,548,3,92.59,92.59,96.43,96.43,85.90,85.90,87.88,87.88,75.00,75.00
Nepal,NPL,20200524,3.00,1,2.00,1,2.00,1,4.00,1,2.00,1,2.00,1,2.00,1,4.00,1.00,1,2.00,0.00,0.00,2.00,1,1.00,2.00,0.00,0.00,,584,3,92.59,92.59,96.43,96.43,85.90,85.90,87.88,87.88,75.00,75.00
Nepal,NPL,20200525,3.00,1,2.00,1,2.00,1,4.00,1,2.00,1,2.00,1,2.00,1,4.00,1.00,1,2.00,0.00,0.00,2.00,1,1.00,2.00,0.00,0.00,,603,3,92.59,92.59,96.43,96.43,85.90,85.90,87.88,87.88,75.00,75.00
Nepal,NPL,20200526,3.00,1,2.00,1,2.00,1,4.00,1,2.00,1,2.00,1,2.00,1,4.00,1.00,1,2.00,0.00,0.00,2.00,1,1.00,2.00,0.00,0.00,,682,4,92.59,92.59,96.43,96.43,85.90,85.90,87.88,87.88,75.00,75.00
Nepal,NPL,20200527,3.00,1,2.00,1,2.00,1,4.00,1,2.00,1,2.00,1,2.00,1,4.00,1.00,1,2.00,0.00,0.00,2.00,1,1.00,2.00,0.00,0.00,,772,4,92.59,92.59,96.43,96.43,85.90,85.90,87.88,87.88,75.00,75.00
Nepal,NPL,20200528,3.00,1,2.00,1,2.00,1,4.00,1,2.00,1,2.00,1,2.00,1,4.00,1.00,1,2.00,0.00,0.00,2.00,1,1.00,2.00,0.00,0.00,,886,4,92.59,92.59,96.43,96.43,85.90,85.90,87.88,87.88,75.00,75.00
Nepal,NPL,20200529,3.00,1,2.00,1,2.00,1,4.00,1,2.00,1,2.00,1,2.00,1,4.00,1.00,1,2.00,0.00,0.00,2.00,1,1.00,2.00,0.00,0.00,,1042,5,92.59,92.59,96.43,96.43,85.90,85.90,87.88,87.88,75.00,75.00
Nepal,NPL,20200530,3.00,1,2.00,1,2.00,1,4.00,1,2.00,1,2.00,1,2.00,1,4.00,1.00,1,2.00,0.00,0.00,2.00,1,1.00,2.00,0.00,0.00,,1212,6,92.59,92.59,96.43,96.43,85.90,85.90,87.88,87.88,75.00,75.00
Nepal,NPL,20200531,3.00,1,2.00,1,2.00,1,4.00,1,2.00,1,2.00,1,2.00,1,4.00,1.00,1,2.00,0.00,0.00,2.00,1,1.00,2.00,0.00,0.00,,1401,6,92.59,92.59,96.43,96.43,85.90,85.90,87.88,87.88,75.00,75.00
Nepal,NPL,20200601,3.00,1,2.00,1,2.00,1,4.00,1,2.00,1,2.00,1,2.00,1,4.00,1.00,1,2.00,0.00,0.00,2.00,1,1.00,2.00,0.00,0.00,,1572,8,92.59,92.59,96.43,96.43,85.90,85.90,87.88,87.88,75.00,75.00
Nepal,NPL,20200602,3.00,1,2.00,1,2.00,1,4.00,1,2.00,1,2.00,1,2.00,1,4.00,1.00,1,2.00,0.00,0.00,2.00,1,1.00,2.00,0.00,0.00,,1798,8,92.59,92.59,96.43,96.43,85.90,85.90,87.88,87.88,75.00,75.00
Nepal,NPL,20200603,3.00,1,2.00,1,2.00,1,4.00,1,2.00,1,2.00,1,2.00,1,4.00,1.00,1,2.00,0.00,0.00,2.00,1,1.00,2.00,0.00,0.00,,2099,8,92.59,92.59,96.43,96.43,85.90,85.90,87.88,87.88,75.00,75.00
Nepal,NPL,20200604,3.00,1,2.00,1,2.00,1,4.00,1,2.00,1,2.00,1,2.00,1,4.00,1.00,1,2.00,0.00,0.00,2.00,1,1.00,2.00,0.00,0.00,,2300,9,92.59,92.59,96.43,96.43,85.90,85.90,87.88,87.88,75.00,75.00
Nepal,NPL,20200605,3.00,1,2.00,1,2.00,1,4.00,1,2.00,1,2.00,1,2.00,1,4.00,1.00,1,2.00,0.00,0.00,2.00,1,1.00,2.00,0.00,0.00,,2634,10,92.59,92.59,96.43,96.43,85.90,85.90,87.88,87.88,75.00,75.00
Nepal,NPL,20200606,3.00,1,2.00,1,2.00,1,4.00,1,2.00,1,2.00,1,2.00,1,4.00,1.00,1,2.00,0.00,0.00,2.00,1,1.00,2.00,0.00,0.00,,2912,11,92.59,92.59,96.43,96.43,85.90,85.90,87.88,87.88,75.00,75.00
Nepal,NPL,20200607,3.00,1,2.00,1,2.00,1,4.00,1,2.00,1,2.00,1,2.00,1,4.00,1.00,1,2.00,0.00,0.00,2.00,1,1.00,2.00,0.00,0.00,,2912,11,92.59,92.59,96.43,96.43,85.90,85.90,87.88,87.88,75.00,75.00
Nepal,NPL,20200608,3.00,1,2.00,1,2.00,1,4.00,1,2.00,1,2.00,1,2.00,1,4.00,1.00,1,2.00,0.00,0.00,2.00,1,1.00,2.00,0.00,0.00,,3448,13,92.59,92.59,96.43,96.43,85.90,85.90,87.88,87.88,75.00,75.00
Nepal,NPL,20200609,3.00,1,2.00,1,2.00,1,4.00,1,2.00,1,2.00,1,2.00,1,4.00,1.00,1,2.00,0.00,0.00,2.00,1,1.00,2.00,0.00,0.00,,3762,14,92.59,92.59,96.43,96.43,85.90,85.90,87.88,87.88,75.00,75.00
Nepal,NPL,20200610,3.00,1,2.00,1,2.00,1,4.00,1,2.00,1,2.00,1,2.00,1,4.00,1.00,1,2.00,0.00,0.00,2.00,1,1.00,2.00,0.00,0.00,,4085,15,92.59,92.59,96.43,96.43,85.90,85.90,87.88,87.88,75.00,75.00
Nepal,NPL,20200611,3.00,1,2.00,1,2.00,1,4.00,1,2.00,1,2.00,1,2.00,1,4.00,1.00,1,2.00,0.00,0.00,2.00,1,1.00,2.00,0.00,0.00,,4364,15,92.59,92.59,96.43,96.43,85.90,85.90,87.88,87.88,75.00,75.00
Nepal,NPL,20200612,3.00,1,2.00,0,2.00,1,4.00,1,2.00,1,1.00,1,2.00,1,4.00,1.00,1,2.00,0.00,0.00,2.00,1,1.00,2.00,0.00,0.00,,4614,15,87.04,87.04,92.86,92.86,82.05,82.05,83.33,83.33,75.00,75.00
Nepal,NPL,20200613,3.00,1,2.00,0,2.00,1,4.00,1,2.00,1,1.00,1,2.00,1,4.00,1.00,1,2.00,0.00,0.00,2.00,1,1.00,2.00,0.00,0.00,,5062,16,87.04,87.04,92.86,92.86,82.05,82.05,83.33,83.33,75.00,75.00
Nepal,NPL,20200614,3.00,1,2.00,0,2.00,1,4.00,1,2.00,1,1.00,1,2.00,1,4.00,1.00,1,2.00,0.00,0.00,2.00,1,1.00,2.00,0.00,0.00,,5335,18,87.04,87.04,92.86,92.86,82.05,82.05,83.33,83.33,75.00,75.00
Nepal,NPL,20200615,3.00,1,2.00,0,2.00,1,4.00,1,2.00,1,1.00,1,2.00,1,4.00,1.00,1,2.00,0.00,0.00,2.00,1,1.00,2.00,0.00,0.00,,5760,19,87.04,87.04,92.86,92.86,82.05,82.05,83.33,83.33,75.00,75.00
Nepal,NPL,20200616,3.00,1,2.00,0,2.00,1,4.00,1,2.00,1,1.00,1,2.00,1,4.00,1.00,1,2.00,0.00,0.00,2.00,1,1.00,2.00,0.00,0.00,,6211,19,87.04,87.04,92.86,92.86,82.05,82.05,83.33,83.33,75.00,75.00
Nepal,NPL,20200617,3.00,1,2.00,0,2.00,1,4.00,1,2.00,1,1.00,1,2.00,1,4.00,1.00,1,2.00,0.00,0.00,2.00,1,1.00,2.00,0.00,0.00,,6591,19,87.04,87.04,92.86,92.86,82.05,82.05,83.33,83.33,75.00,75.00
Nepal,NPL,20200618,3.00,1,2.00,0,2.00,1,4.00,1,2.00,1,1.00,1,2.00,1,4.00,1.00,1,2.00,0.00,0.00,2.00,1,1.00,2.00,0.00,0.00,,7177,20,87.04,87.04,92.86,92.86,82.05,82.05,83.33,83.33,75.00,75.00
Nepal,NPL,20200619,,,,,,,,,,,,,,,,,,,,,,,,,,,,7848,22,,87.04,,92.86,,82.05,,83.33,,75.00
Nepal,NPL,20200620,,,,,,,,,,,,,,,,,,,,,,,,,,,,8274,22,,87.04,,92.86,,82.05,,83.33,,75.00
Nepal,NPL,20200621,,,,,,,,,,,,,,,,,,,,,,,,,,,,8605,22,,87.04,,92.86,,82.05,,83.33,,75.00
Nepal,NPL,20200622,,,,,,,,,,,,,,,,,,,,,,,,,,,,9026,23,,87.04,,92.86,,82.05,,83.33,,75.00
Nepal,NPL,20200623,,,,,,,,,,,,,,,,,,,,,,,,,,,,9026,23,,87.04,,92.86,,82.05,,83.33,,75.00
