Oman,OMN,20200101,0.00,,0.00,,0.00,,0.00,,0.00,,0.00,,0.00,,0.00,0.00,,0.00,0.00,0.00,0.00,,0.00,0.00,0.00,0.00,,0,0,0.00,0.00,0.00,0.00,0.00,0.00,0.00,0.00,0.00,0.00
Oman,OMN,20200102,0.00,,0.00,,0.00,,0.00,,0.00,,0.00,,0.00,,0.00,0.00,,0.00,0.00,0.00,0.00,,0.00,0.00,0.00,0.00,,0,0,0.00,0.00,0.00,0.00,0.00,0.00,0.00,0.00,0.00,0.00
Oman,OMN,20200103,0.00,,0.00,,0.00,,0.00,,0.00,,0.00,,0.00,,0.00,0.00,,0.00,0.00,0.00,0.00,,0.00,0.00,0.00,0.00,,0,0,0.00,0.00,0.00,0.00,0.00,0.00,0.00,0.00,0.00,0.00
Oman,OMN,20200104,0.00,,0.00,,0.00,,0.00,,0.00,,0.00,,0.00,,0.00,0.00,,0.00,0.00,0.00,0.00,,0.00,0.00,0.00,0.00,,0,0,0.00,0.00,0.00,0.00,0.00,0.00,0.00,0.00,0.00,0.00
Oman,OMN,20200105,0.00,,0.00,,0.00,,0.00,,0.00,,0.00,,0.00,,0.00,0.00,,0.00,0.00,0.00,0.00,,0.00,0.00,0.00,0.00,,0,0,0.00,0.00,0.00,0.00,0.00,0.00,0.00,0.00,0.00,0.00
Oman,OMN,20200106,0.00,,0.00,,0.00,,0.00,,0.00,,0.00,,0.00,,0.00,0.00,,0.00,0.00,0.00,0.00,,0.00,0.00,0.00,0.00,,0,0,0.00,0.00,0.00,0.00,0.00,0.00,0.00,0.00,0.00,0.00
Oman,OMN,20200107,0.00,,0.00,,0.00,,0.00,,0.00,,0.00,,0.00,,0.00,0.00,,0.00,0.00,0.00,0.00,,0.00,0.00,0.00,0.00,,0,0,0.00,0.00,0.00,0.00,0.00,0.00,0.00,0.00,0.00,0.00
Oman,OMN,20200108,0.00,,0.00,,0.00,,0.00,,0.00,,0.00,,0.00,,0.00,0.00,,0.00,0.00,0.00,0.00,,0.00,0.00,0.00,0.00,,0,0,0.00,0.00,0.00,0.00,0.00,0.00,0.00,0.00,0.00,0.00
Oman,OMN,20200109,0.00,,0.00,,0.00,,0.00,,0.00,,0.00,,0.00,,0.00,0.00,,0.00,0.00,0.00,0.00,,0.00,0.00,0.00,0.00,,0,0,0.00,0.00,0.00,0.00,0.00,0.00,0.00,0.00,0.00,0.00
Oman,OMN,20200110,0.00,,0.00,,0.00,,0.00,,0.00,,0.00,,0.00,,0.00,0.00,,0.00,0.00,0.00,0.00,,0.00,0.00,0.00,0.00,,0,0,0.00,0.00,0.00,0.00,0.00,0.00,0.00,0.00,0.00,0.00
Oman,OMN,20200111,0.00,,0.00,,0.00,,0.00,,0.00,,0.00,,0.00,,0.00,0.00,,0.00,0.00,0.00,0.00,,0.00,0.00,0.00,0.00,,0,0,0.00,0.00,0.00,0.00,0.00,0.00,0.00,0.00,0.00,0.00
Oman,OMN,20200112,0.00,,0.00,,0.00,,0.00,,0.00,,0.00,,0.00,,0.00,0.00,,0.00,0.00,0.00,0.00,,0.00,0.00,0.00,0.00,,0,0,0.00,0.00,0.00,0.00,0.00,0.00,0.00,0.00,0.00,0.00
Oman,OMN,20200113,0.00,,0.00,,0.00,,0.00,,0.00,,0.00,,0.00,,0.00,0.00,,0.00,0.00,0.00,0.00,,0.00,0.00,0.00,0.00,,0,0,0.00,0.00,0.00,0.00,0.00,0.00,0.00,0.00,0.00,0.00
Oman,OMN,20200114,0.00,,0.00,,0.00,,0.00,,0.00,,0.00,,0.00,,0.00,0.00,,0.00,0.00,0.00,0.00,,0.00,0.00,0.00,0.00,,0,0,0.00,0.00,0.00,0.00,0.00,0.00,0.00,0.00,0.00,0.00
Oman,OMN,20200115,0.00,,0.00,,0.00,,0.00,,0.00,,0.00,,0.00,,0.00,0.00,,0.00,0.00,0.00,0.00,,0.00,0.00,0.00,0.00,,0,0,0.00,0.00,0.00,0.00,0.00,0.00,0.00,0.00,0.00,0.00
Oman,OMN,20200116,0.00,,0.00,,0.00,,0.00,,0.00,,0.00,,0.00,,0.00,0.00,,0.00,0.00,0.00,0.00,,0.00,0.00,0.00,0.00,,0,0,0.00,0.00,0.00,0.00,0.00,0.00,0.00,0.00,0.00,0.00
Oman,OMN,20200117,0.00,,0.00,,0.00,,0.00,,0.00,,0.00,,0.00,,0.00,0.00,,0.00,0.00,0.00,0.00,,0.00,0.00,0.00,0.00,,0,0,0.00,0.00,0.00,0.00,0.00,0.00,0.00,0.00,0.00,0.00
Oman,OMN,20200118,0.00,,0.00,,0.00,,0.00,,0.00,,0.00,,0.00,,0.00,0.00,,0.00,0.00,0.00,0.00,,0.00,0.00,0.00,0.00,,0,0,0.00,0.00,0.00,0.00,0.00,0.00,0.00,0.00,0.00,0.00
Oman,OMN,20200119,0.00,,0.00,,0.00,,0.00,,0.00,,0.00,,0.00,,0.00,0.00,,0.00,0.00,0.00,0.00,,0.00,0.00,0.00,0.00,,0,0,0.00,0.00,0.00,0.00,0.00,0.00,0.00,0.00,0.00,0.00
Oman,OMN,20200120,0.00,,0.00,,0.00,,0.00,,0.00,,0.00,,0.00,,0.00,0.00,,0.00,0.00,0.00,1.00,1,0.00,0.00,0.00,0.00,,0,0,5.56,5.56,9.52,9.52,3.85,3.85,4.55,4.55,0.00,0.00
Oman,OMN,20200121,0.00,,0.00,,0.00,,0.00,,0.00,,0.00,,0.00,,0.00,0.00,,0.00,0.00,0.00,1.00,1,0.00,0.00,0.00,0.00,,0,0,5.56,5.56,9.52,9.52,3.85,3.85,4.55,4.55,0.00,0.00
Oman,OMN,20200122,0.00,,0.00,,0.00,,0.00,,0.00,,0.00,,0.00,,0.00,0.00,,0.00,0.00,0.00,1.00,1,0.00,0.00,0.00,0.00,,0,0,5.56,5.56,9.52,9.52,3.85,3.85,4.55,4.55,0.00,0.00
Oman,OMN,20200123,0.00,,0.00,,0.00,,0.00,,0.00,,0.00,,0.00,,0.00,0.00,,0.00,0.00,0.00,1.00,1,0.00,0.00,0.00,0.00,,0,0,5.56,5.56,9.52,9.52,3.85,3.85,4.55,4.55,0.00,0.00
Oman,OMN,20200124,0.00,,0.00,,0.00,,0.00,,0.00,,0.00,,0.00,,0.00,0.00,,0.00,0.00,0.00,1.00,1,0.00,0.00,0.00,0.00,,0,0,5.56,5.56,9.52,9.52,3.85,3.85,4.55,4.55,0.00,0.00
Oman,OMN,20200125,0.00,,0.00,,0.00,,0.00,,0.00,,0.00,,0.00,,0.00,0.00,,0.00,0.00,0.00,1.00,1,0.00,0.00,0.00,0.00,,0,0,5.56,5.56,9.52,9.52,3.85,3.85,4.55,4.55,0.00,0.00
Oman,OMN,20200126,0.00,,0.00,,0.00,,0.00,,0.00,,0.00,,0.00,,0.00,0.00,,0.00,0.00,0.00,2.00,1,0.00,0.00,0.00,0.00,,0,0,11.11,11.11,14.29,14.29,7.69,7.69,9.09,9.09,0.00,0.00
Oman,OMN,20200127,0.00,,0.00,,0.00,,0.00,,0.00,,0.00,,0.00,,0.00,0.00,,0.00,0.00,0.00,2.00,1,0.00,0.00,0.00,0.00,,0,0,11.11,11.11,14.29,14.29,7.69,7.69,9.09,9.09,0.00,0.00
Oman,OMN,20200128,0.00,,0.00,,0.00,,0.00,,0.00,,0.00,,0.00,,0.00,0.00,,0.00,0.00,0.00,2.00,1,0.00,0.00,0.00,0.00,,0,0,11.11,11.11,14.29,14.29,7.69,7.69,9.09,9.09,0.00,0.00
Oman,OMN,20200129,0.00,,0.00,,0.00,,0.00,,0.00,,0.00,,0.00,,0.00,0.00,,0.00,0.00,0.00,2.00,1,0.00,0.00,0.00,0.00,,0,0,11.11,11.11,14.29,14.29,7.69,7.69,9.09,9.09,0.00,0.00
Oman,OMN,20200130,0.00,,0.00,,0.00,,0.00,,0.00,,0.00,,0.00,,0.00,0.00,,0.00,0.00,0.00,2.00,1,0.00,0.00,0.00,0.00,,0,0,11.11,11.11,14.29,14.29,7.69,7.69,9.09,9.09,0.00,0.00
Oman,OMN,20200131,0.00,,0.00,,0.00,,0.00,,0.00,,0.00,,0.00,,0.00,0.00,,0.00,0.00,0.00,2.00,1,0.00,0.00,0.00,0.00,,0,0,11.11,11.11,14.29,14.29,7.69,7.69,9.09,9.09,0.00,0.00
Oman,OMN,20200201,0.00,,0.00,,0.00,,0.00,,0.00,,0.00,,0.00,,0.00,0.00,,0.00,0.00,0.00,2.00,1,2.00,0.00,0.00,0.00,,0,0,11.11,11.11,14.29,14.29,12.82,12.82,15.15,15.15,0.00,0.00
Oman,OMN,20200202,0.00,,0.00,,0.00,,0.00,,0.00,,0.00,,0.00,,0.00,0.00,,0.00,0.00,0.00,2.00,1,2.00,0.00,0.00,0.00,,0,0,11.11,11.11,14.29,14.29,12.82,12.82,15.15,15.15,0.00,0.00
Oman,OMN,20200203,0.00,,0.00,,0.00,,0.00,,0.00,,0.00,,0.00,,3.00,0.00,,0.00,0.00,0.00,2.00,1,2.00,0.00,0.00,0.00,,0,0,19.44,19.44,25.00,25.00,18.59,18.59,21.97,21.97,0.00,0.00
Oman,OMN,20200204,0.00,,0.00,,0.00,,0.00,,0.00,,0.00,,0.00,,3.00,0.00,,0.00,0.00,0.00,2.00,1,2.00,0.00,0.00,0.00,,0,0,19.44,19.44,25.00,25.00,18.59,18.59,21.97,21.97,0.00,0.00
Oman,OMN,20200205,0.00,,0.00,,0.00,,0.00,,0.00,,0.00,,0.00,,3.00,0.00,,0.00,0.00,0.00,2.00,1,2.00,0.00,0.00,0.00,,0,0,19.44,19.44,25.00,25.00,18.59,18.59,21.97,21.97,0.00,0.00
Oman,OMN,20200206,0.00,,0.00,,0.00,,0.00,,0.00,,0.00,,0.00,,3.00,0.00,,0.00,0.00,0.00,2.00,1,2.00,0.00,0.00,0.00,,0,0,19.44,19.44,25.00,25.00,18.59,18.59,21.97,21.97,0.00,0.00
Oman,OMN,20200207,0.00,,0.00,,0.00,,0.00,,0.00,,0.00,,0.00,,3.00,0.00,,0.00,0.00,0.00,2.00,1,2.00,0.00,0.00,0.00,,0,0,19.44,19.44,25.00,25.00,18.59,18.59,21.97,21.97,0.00,0.00
Oman,OMN,20200208,0.00,,0.00,,0.00,,0.00,,0.00,,0.00,,0.00,,3.00,0.00,,0.00,0.00,0.00,2.00,1,2.00,0.00,0.00,0.00,,0,0,19.44,19.44,25.00,25.00,18.59,18.59,21.97,21.97,0.00,0.00
Oman,OMN,20200209,0.00,,0.00,,0.00,,0.00,,0.00,,0.00,,0.00,,3.00,0.00,,0.00,0.00,0.00,2.00,1,2.00,0.00,0.00,0.00,,0,0,19.44,19.44,25.00,25.00,18.59,18.59,21.97,21.97,0.00,0.00
Oman,OMN,20200210,0.00,,0.00,,0.00,,0.00,,0.00,,0.00,,0.00,,3.00,0.00,,0.00,0.00,0.00,2.00,1,2.00,0.00,0.00,0.00,,0,0,19.44,19.44,25.00,25.00,18.59,18.59,21.97,21.97,0.00,0.00
Oman,OMN,20200211,0.00,,0.00,,0.00,,0.00,,0.00,,0.00,,0.00,,3.00,0.00,,0.00,0.00,0.00,2.00,1,2.00,0.00,0.00,0.00,,0,0,19.44,19.44,25.00,25.00,18.59,18.59,21.97,21.97,0.00,0.00
Oman,OMN,20200212,0.00,,0.00,,0.00,,0.00,,0.00,,0.00,,0.00,,3.00,0.00,,0.00,0.00,0.00,2.00,1,2.00,0.00,0.00,0.00,,0,0,19.44,19.44,25.00,25.00,18.59,18.59,21.97,21.97,0.00,0.00
Oman,OMN,20200213,0.00,,0.00,,0.00,,0.00,,0.00,,0.00,,0.00,,3.00,0.00,,0.00,0.00,0.00,2.00,1,2.00,0.00,0.00,0.00,,0,0,19.44,19.44,25.00,25.00,18.59,18.59,21.97,21.97,0.00,0.00
Oman,OMN,20200214,0.00,,0.00,,0.00,,0.00,,0.00,,0.00,,0.00,,3.00,0.00,,0.00,0.00,0.00,2.00,1,2.00,0.00,0.00,0.00,,0,0,19.44,19.44,25.00,25.00,18.59,18.59,21.97,21.97,0.00,0.00
Oman,OMN,20200215,0.00,,0.00,,0.00,,0.00,,0.00,,0.00,,0.00,,3.00,0.00,,0.00,0.00,0.00,2.00,1,2.00,0.00,0.00,0.00,,0,0,19.44,19.44,25.00,25.00,18.59,18.59,21.97,21.97,0.00,0.00
Oman,OMN,20200216,0.00,,0.00,,0.00,,0.00,,0.00,,0.00,,0.00,,3.00,0.00,,0.00,0.00,0.00,2.00,1,2.00,0.00,0.00,0.00,,0,0,19.44,19.44,25.00,25.00,18.59,18.59,21.97,21.97,0.00,0.00
Oman,OMN,20200217,0.00,,0.00,,0.00,,0.00,,0.00,,0.00,,0.00,,3.00,0.00,,0.00,0.00,0.00,2.00,1,2.00,0.00,0.00,0.00,,0,0,19.44,19.44,25.00,25.00,18.59,18.59,21.97,21.97,0.00,0.00
Oman,OMN,20200218,0.00,,0.00,,0.00,,0.00,,0.00,,0.00,,0.00,,3.00,0.00,,0.00,0.00,0.00,2.00,1,2.00,0.00,0.00,0.00,,0,0,19.44,19.44,25.00,25.00,18.59,18.59,21.97,21.97,0.00,0.00
Oman,OMN,20200219,0.00,,0.00,,0.00,,0.00,,0.00,,0.00,,0.00,,3.00,0.00,,0.00,0.00,0.00,2.00,1,2.00,0.00,0.00,0.00,,0,0,19.44,19.44,25.00,25.00,18.59,18.59,21.97,21.97,0.00,0.00
Oman,OMN,20200220,0.00,,0.00,,0.00,,0.00,,0.00,,0.00,,0.00,,3.00,0.00,,0.00,0.00,0.00,2.00,1,2.00,0.00,0.00,0.00,,0,0,19.44,19.44,25.00,25.00,18.59,18.59,21.97,21.97,0.00,0.00
Oman,OMN,20200221,0.00,,0.00,,0.00,,0.00,,0.00,,0.00,,0.00,,3.00,0.00,,0.00,0.00,0.00,2.00,1,2.00,0.00,0.00,0.00,,0,0,19.44,19.44,25.00,25.00,18.59,18.59,21.97,21.97,0.00,0.00
Oman,OMN,20200222,0.00,,0.00,,0.00,,0.00,,0.00,,0.00,,0.00,,3.00,0.00,,0.00,0.00,0.00,2.00,1,2.00,0.00,0.00,0.00,,0,0,19.44,19.44,25.00,25.00,18.59,18.59,21.97,21.97,0.00,0.00
Oman,OMN,20200223,0.00,,0.00,,0.00,,0.00,,0.00,,0.00,,0.00,,3.00,0.00,,0.00,0.00,0.00,2.00,1,2.00,0.00,0.00,0.00,,0,0,19.44,19.44,25.00,25.00,18.59,18.59,21.97,21.97,0.00,0.00
Oman,OMN,20200224,0.00,,0.00,,0.00,,0.00,,0.00,,0.00,,0.00,,3.00,0.00,,0.00,0.00,0.00,2.00,1,2.00,0.00,0.00,0.00,,0,0,19.44,19.44,25.00,25.00,18.59,18.59,21.97,21.97,0.00,0.00
Oman,OMN,20200225,0.00,,0.00,,0.00,,0.00,,0.00,,0.00,,0.00,,3.00,0.00,,0.00,0.00,0.00,2.00,1,2.00,0.00,0.00,0.00,,2,0,19.44,19.44,25.00,25.00,18.59,18.59,21.97,21.97,0.00,0.00
Oman,OMN,20200226,0.00,,0.00,,0.00,,0.00,,0.00,,0.00,,0.00,,3.00,0.00,,0.00,0.00,0.00,2.00,1,2.00,0.00,0.00,0.00,,4,0,19.44,19.44,25.00,25.00,18.59,18.59,21.97,21.97,0.00,0.00
Oman,OMN,20200227,0.00,,0.00,,0.00,,0.00,,0.00,,0.00,,0.00,,3.00,0.00,,0.00,0.00,0.00,2.00,1,2.00,0.00,0.00,0.00,,4,0,19.44,19.44,25.00,25.00,18.59,18.59,21.97,21.97,0.00,0.00
Oman,OMN,20200228,0.00,,0.00,,0.00,,0.00,,0.00,,0.00,,0.00,,3.00,0.00,,0.00,0.00,0.00,2.00,1,2.00,0.00,0.00,0.00,,6,0,19.44,19.44,25.00,25.00,18.59,18.59,21.97,21.97,0.00,0.00
Oman,OMN,20200229,0.00,,0.00,,0.00,,0.00,,0.00,,0.00,,0.00,,3.00,0.00,,0.00,0.00,0.00,2.00,1,2.00,0.00,0.00,0.00,,6,0,19.44,19.44,25.00,25.00,18.59,18.59,21.97,21.97,0.00,0.00
Oman,OMN,20200301,0.00,,0.00,,0.00,,0.00,,0.00,,0.00,,0.00,,3.00,0.00,,0.00,0.00,0.00,2.00,1,2.00,0.00,0.00,0.00,,6,0,19.44,19.44,25.00,25.00,18.59,18.59,21.97,21.97,0.00,0.00
Oman,OMN,20200302,0.00,,0.00,,0.00,,0.00,,0.00,,0.00,,0.00,,3.00,0.00,,0.00,0.00,0.00,2.00,1,2.00,0.00,0.00,0.00,,6,0,19.44,19.44,25.00,25.00,18.59,18.59,21.97,21.97,0.00,0.00
Oman,OMN,20200303,0.00,,0.00,,0.00,,0.00,,0.00,,0.00,,0.00,,3.00,0.00,,0.00,0.00,0.00,2.00,1,2.00,0.00,0.00,0.00,,7,0,19.44,19.44,25.00,25.00,18.59,18.59,21.97,21.97,0.00,0.00
Oman,OMN,20200304,0.00,,0.00,,0.00,,0.00,,0.00,,0.00,,0.00,,3.00,0.00,,0.00,0.00,0.00,2.00,1,2.00,0.00,0.00,0.00,,,,19.44,19.44,25.00,25.00,18.59,18.59,21.97,21.97,0.00,0.00
Oman,OMN,20200305,0.00,,0.00,,0.00,,0.00,,0.00,,0.00,,0.00,,3.00,0.00,,0.00,0.00,0.00,2.00,1,2.00,0.00,0.00,0.00,,15,0,19.44,19.44,25.00,25.00,18.59,18.59,21.97,21.97,0.00,0.00
Oman,OMN,20200306,0.00,,0.00,,0.00,,0.00,,0.00,,0.00,,0.00,,3.00,0.00,,0.00,0.00,0.00,2.00,1,2.00,0.00,0.00,0.00,,16,0,19.44,19.44,25.00,25.00,18.59,18.59,21.97,21.97,0.00,0.00
Oman,OMN,20200307,0.00,,0.00,,0.00,,0.00,,0.00,,0.00,,0.00,,3.00,0.00,,0.00,0.00,0.00,2.00,1,2.00,0.00,0.00,0.00,,,,19.44,19.44,25.00,25.00,18.59,18.59,21.97,21.97,0.00,0.00
Oman,OMN,20200308,0.00,,0.00,,0.00,,0.00,,0.00,,0.00,,0.00,,3.00,0.00,,0.00,0.00,0.00,2.00,1,2.00,0.00,0.00,0.00,,,,19.44,19.44,25.00,25.00,18.59,18.59,21.97,21.97,0.00,0.00
Oman,OMN,20200309,0.00,,0.00,,0.00,,0.00,,0.00,,0.00,,0.00,,3.00,0.00,,0.00,0.00,0.00,2.00,1,2.00,0.00,0.00,0.00,,,,19.44,19.44,25.00,25.00,18.59,18.59,21.97,21.97,0.00,0.00
Oman,OMN,20200310,0.00,,0.00,,0.00,,0.00,,0.00,,0.00,,0.00,,3.00,0.00,,0.00,0.00,0.00,2.00,1,2.00,0.00,0.00,0.00,,18,0,19.44,19.44,25.00,25.00,18.59,18.59,21.97,21.97,0.00,0.00
Oman,OMN,20200311,0.00,,0.00,,0.00,,0.00,,0.00,,0.00,,0.00,,3.00,0.00,,0.00,0.00,0.00,2.00,1,2.00,0.00,0.00,0.00,,18,0,19.44,19.44,25.00,25.00,18.59,18.59,21.97,21.97,0.00,0.00
Oman,OMN,20200312,0.00,,0.00,,0.00,,0.00,,0.00,,0.00,,0.00,,3.00,0.00,,0.00,0.00,0.00,2.00,1,2.00,0.00,0.00,0.00,,,,19.44,19.44,25.00,25.00,18.59,18.59,21.97,21.97,0.00,0.00
Oman,OMN,20200313,0.00,,0.00,,0.00,,0.00,,0.00,,0.00,,0.00,,3.00,0.00,,0.00,0.00,0.00,2.00,1,2.00,0.00,0.00,0.00,,,,19.44,19.44,25.00,25.00,18.59,18.59,21.97,21.97,0.00,0.00
Oman,OMN,20200314,0.00,,0.00,,0.00,,0.00,,0.00,,0.00,,0.00,,3.00,0.00,,0.00,0.00,0.00,2.00,1,2.00,0.00,0.00,0.00,,20,0,19.44,19.44,25.00,25.00,18.59,18.59,21.97,21.97,0.00,0.00
Oman,OMN,20200315,3.00,1,0.00,,0.00,,0.00,,0.00,,0.00,,0.00,,3.00,0.00,,0.00,0.00,0.00,2.00,1,2.00,0.00,0.00,0.00,,20,0,30.56,30.56,39.29,39.29,26.28,26.28,31.06,31.06,0.00,0.00
Oman,OMN,20200316,3.00,1,0.00,,0.00,,0.00,,0.00,,0.00,,0.00,,3.00,0.00,,0.00,0.00,0.00,2.00,1,2.00,0.00,0.00,0.00,,22,0,30.56,30.56,39.29,39.29,26.28,26.28,31.06,31.06,0.00,0.00
Oman,OMN,20200317,3.00,1,0.00,,2.00,1,4.00,1,0.00,,0.00,,0.00,,3.00,0.00,,0.00,0.00,0.00,2.00,1,2.00,2.00,0.00,0.00,,24,0,52.78,52.78,53.57,53.57,49.36,49.36,58.33,58.33,0.00,0.00
Oman,OMN,20200318,3.00,1,0.00,,2.00,1,4.00,1,0.00,,0.00,,2.00,1,4.00,0.00,,0.00,20000000000.00,0.00,2.00,1,2.00,2.00,0.00,0.00,,24,0,66.67,66.67,71.43,71.43,58.97,58.97,69.70,69.70,0.00,0.00
Oman,OMN,20200319,3.00,1,0.00,,2.00,1,4.00,1,2.00,1,0.00,,2.00,1,4.00,0.00,,0.00,0.00,0.00,2.00,1,2.00,2.00,0.00,0.00,,39,0,77.78,77.78,85.71,85.71,66.67,66.67,78.79,78.79,0.00,0.00
Oman,OMN,20200320,3.00,1,0.00,,2.00,1,4.00,1,2.00,1,0.00,,2.00,1,4.00,0.00,,0.00,0.00,0.00,2.00,1,2.00,2.00,0.00,0.00,,39,0,77.78,77.78,85.71,85.71,66.67,66.67,78.79,78.79,0.00,0.00
Oman,OMN,20200321,3.00,1,1.00,1,2.00,1,4.00,1,2.00,1,0.00,,2.00,1,4.00,0.00,,0.00,0.00,0.00,2.00,1,2.00,2.00,0.00,0.00,,48,0,81.48,81.48,92.86,92.86,69.23,69.23,81.82,81.82,0.00,0.00
Oman,OMN,20200322,3.00,1,1.00,1,2.00,1,4.00,1,2.00,1,0.00,,2.00,1,4.00,0.00,,0.00,0.00,0.00,2.00,1,2.00,2.00,0.00,0.00,,52,0,81.48,81.48,92.86,92.86,69.23,69.23,81.82,81.82,0.00,0.00
Oman,OMN,20200323,3.00,1,1.00,1,2.00,1,4.00,1,2.00,1,0.00,,2.00,1,4.00,0.00,,0.00,0.00,0.00,2.00,1,2.00,2.00,0.00,0.00,,55,0,81.48,81.48,92.86,92.86,69.23,69.23,81.82,81.82,0.00,0.00
Oman,OMN,20200324,3.00,1,1.00,1,2.00,1,4.00,1,2.00,1,0.00,,2.00,1,4.00,0.00,,0.00,0.00,0.00,2.00,1,2.00,2.00,0.00,0.00,,66,0,81.48,81.48,92.86,92.86,69.23,69.23,81.82,81.82,0.00,0.00
Oman,OMN,20200325,3.00,1,1.00,1,2.00,1,4.00,1,2.00,1,0.00,,2.00,1,4.00,0.00,,0.00,0.00,0.00,2.00,1,2.00,2.00,0.00,0.00,,84,0,81.48,81.48,92.86,92.86,69.23,69.23,81.82,81.82,0.00,0.00
Oman,OMN,20200326,3.00,1,1.00,1,2.00,1,4.00,1,2.00,1,0.00,,2.00,1,4.00,0.00,,0.00,0.00,0.00,2.00,1,2.00,2.00,26007802.00,0.00,,99,0,81.48,81.48,92.86,92.86,69.23,69.23,81.82,81.82,0.00,0.00
Oman,OMN,20200327,3.00,1,1.00,1,2.00,1,4.00,1,2.00,1,0.00,,2.00,1,4.00,0.00,,0.00,0.00,0.00,2.00,1,2.00,2.00,0.00,0.00,,109,0,81.48,81.48,92.86,92.86,69.23,69.23,81.82,81.82,0.00,0.00
Oman,OMN,20200328,3.00,1,1.00,1,2.00,1,4.00,1,2.00,1,0.00,,2.00,1,4.00,0.00,,0.00,0.00,0.00,2.00,1,2.00,2.00,0.00,0.00,,131,0,81.48,81.48,92.86,92.86,69.23,69.23,81.82,81.82,0.00,0.00
Oman,OMN,20200329,3.00,1,1.00,1,2.00,1,4.00,1,2.00,1,0.00,,2.00,1,4.00,0.00,,0.00,2600780.00,0.00,2.00,1,2.00,2.00,2600000.00,0.00,,152,0,81.48,81.48,92.86,92.86,69.23,69.23,81.82,81.82,0.00,0.00
Oman,OMN,20200330,3.00,1,1.00,1,2.00,1,4.00,1,2.00,1,0.00,,2.00,1,4.00,0.00,,0.00,0.00,0.00,2.00,1,2.00,2.00,0.00,0.00,,167,0,81.48,81.48,92.86,92.86,69.23,69.23,81.82,81.82,0.00,0.00
Oman,OMN,20200331,3.00,1,2.00,1,2.00,1,4.00,1,2.00,1,0.00,,2.00,1,4.00,0.00,,0.00,0.00,0.00,2.00,1,2.00,2.00,0.00,0.00,,179,0,85.19,85.19,96.43,96.43,71.79,71.79,84.85,84.85,0.00,0.00
Oman,OMN,20200401,3.00,1,2.00,1,2.00,1,4.00,1,2.00,1,0.00,,2.00,1,4.00,0.00,,0.00,0.00,0.00,2.00,1,2.00,2.00,0.00,0.00,,192,1,85.19,85.19,96.43,96.43,71.79,71.79,84.85,84.85,0.00,0.00
Oman,OMN,20200402,3.00,1,2.00,1,2.00,1,4.00,1,2.00,1,0.00,,2.00,1,4.00,0.00,,0.00,0.00,0.00,2.00,1,2.00,2.00,0.00,0.00,,210,1,85.19,85.19,96.43,96.43,71.79,71.79,84.85,84.85,0.00,0.00
Oman,OMN,20200403,3.00,1,2.00,1,2.00,1,4.00,1,2.00,1,0.00,,2.00,1,4.00,0.00,,0.00,0.00,0.00,2.00,1,2.00,2.00,0.00,0.00,,231,1,85.19,85.19,96.43,96.43,71.79,71.79,84.85,84.85,0.00,0.00
Oman,OMN,20200404,3.00,1,2.00,1,2.00,1,4.00,1,2.00,1,0.00,,2.00,1,4.00,0.00,,0.00,0.00,0.00,2.00,1,2.00,2.00,0.00,0.00,,231,1,85.19,85.19,96.43,96.43,71.79,71.79,84.85,84.85,0.00,0.00
Oman,OMN,20200405,3.00,1,2.00,1,2.00,1,4.00,1,2.00,1,0.00,,2.00,1,4.00,0.00,,0.00,0.00,0.00,2.00,1,2.00,2.00,0.00,0.00,,277,2,85.19,85.19,96.43,96.43,71.79,71.79,84.85,84.85,0.00,0.00
Oman,OMN,20200406,3.00,1,2.00,1,2.00,1,4.00,1,2.00,1,0.00,,2.00,1,4.00,0.00,,0.00,0.00,0.00,2.00,1,2.00,2.00,0.00,0.00,,298,2,85.19,85.19,96.43,96.43,71.79,71.79,84.85,84.85,0.00,0.00
Oman,OMN,20200407,3.00,1,2.00,1,2.00,1,4.00,1,2.00,1,0.00,,2.00,1,4.00,0.00,,0.00,0.00,0.00,2.00,1,2.00,2.00,0.00,0.00,,371,2,85.19,85.19,96.43,96.43,71.79,71.79,84.85,84.85,0.00,0.00
Oman,OMN,20200408,3.00,1,2.00,1,2.00,1,4.00,1,2.00,1,0.00,,2.00,1,4.00,0.00,,0.00,0.00,0.00,2.00,1,2.00,2.00,0.00,0.00,,419,2,85.19,85.19,96.43,96.43,71.79,71.79,84.85,84.85,0.00,0.00
Oman,OMN,20200409,3.00,1,2.00,1,2.00,1,4.00,1,2.00,1,0.00,,2.00,1,4.00,0.00,,0.00,0.00,0.00,2.00,1,2.00,2.00,0.00,0.00,,419,2,85.19,85.19,96.43,96.43,71.79,71.79,84.85,84.85,0.00,0.00
Oman,OMN,20200410,3.00,1,2.00,1,2.00,1,4.00,1,2.00,1,2.00,1,2.00,1,4.00,0.00,,0.00,0.00,0.00,2.00,1,2.00,2.00,0.00,0.00,,457,3,92.59,92.59,96.43,96.43,76.92,76.92,90.91,90.91,0.00,0.00
Oman,OMN,20200411,3.00,1,2.00,1,2.00,1,4.00,1,2.00,1,2.00,1,2.00,1,4.00,0.00,,0.00,0.00,0.00,2.00,1,2.00,2.00,0.00,0.00,,484,3,92.59,92.59,96.43,96.43,76.92,76.92,90.91,90.91,0.00,0.00
Oman,OMN,20200412,3.00,1,2.00,1,2.00,1,4.00,1,2.00,1,2.00,1,2.00,1,4.00,0.00,,0.00,0.00,0.00,2.00,1,2.00,2.00,0.00,0.00,,546,3,92.59,92.59,96.43,96.43,76.92,76.92,90.91,90.91,0.00,0.00
Oman,OMN,20200413,3.00,1,2.00,1,2.00,1,4.00,1,2.00,1,2.00,1,2.00,1,4.00,0.00,,0.00,0.00,0.00,2.00,1,2.00,2.00,0.00,0.00,,599,4,92.59,92.59,96.43,96.43,76.92,76.92,90.91,90.91,0.00,0.00
Oman,OMN,20200414,3.00,1,2.00,1,2.00,1,4.00,1,2.00,1,2.00,1,2.00,1,4.00,0.00,,0.00,0.00,0.00,2.00,1,2.00,2.00,0.00,0.00,,813,4,92.59,92.59,96.43,96.43,76.92,76.92,90.91,90.91,0.00,0.00
Oman,OMN,20200415,3.00,1,2.00,1,2.00,1,4.00,1,2.00,1,2.00,1,2.00,1,4.00,2.00,0,0.00,0.00,0.00,2.00,1,2.00,2.00,0.00,0.00,,910,4,92.59,92.59,96.43,96.43,82.69,82.69,90.91,90.91,37.50,37.50
Oman,OMN,20200416,3.00,1,2.00,1,2.00,1,4.00,1,2.00,1,2.00,1,2.00,1,4.00,2.00,0,0.00,0.00,0.00,2.00,1,2.00,2.00,0.00,0.00,,910,4,92.59,92.59,96.43,96.43,82.69,82.69,90.91,90.91,37.50,37.50
Oman,OMN,20200417,3.00,1,2.00,1,2.00,1,4.00,1,2.00,1,2.00,1,2.00,1,4.00,2.00,0,0.00,0.00,0.00,2.00,1,2.00,2.00,0.00,0.00,,1019,4,92.59,92.59,96.43,96.43,82.69,82.69,90.91,90.91,37.50,37.50
Oman,OMN,20200418,3.00,1,2.00,1,2.00,1,4.00,1,2.00,1,2.00,1,2.00,1,4.00,2.00,0,0.00,0.00,0.00,2.00,1,2.00,2.00,0.00,0.00,,1069,6,92.59,92.59,96.43,96.43,82.69,82.69,90.91,90.91,37.50,37.50
Oman,OMN,20200419,3.00,1,2.00,1,2.00,1,4.00,1,2.00,1,2.00,1,2.00,1,4.00,2.00,0,0.00,0.00,0.00,2.00,1,2.00,2.00,0.00,0.00,,1180,6,92.59,92.59,96.43,96.43,82.69,82.69,90.91,90.91,37.50,37.50
Oman,OMN,20200420,3.00,1,2.00,1,2.00,1,4.00,1,2.00,1,2.00,1,2.00,1,4.00,2.00,0,0.00,0.00,0.00,2.00,1,2.00,2.00,0.00,0.00,,1266,7,92.59,92.59,96.43,96.43,82.69,82.69,90.91,90.91,37.50,37.50
Oman,OMN,20200421,3.00,1,2.00,1,2.00,1,4.00,1,2.00,1,2.00,1,2.00,1,4.00,2.00,0,0.00,0.00,0.00,2.00,1,2.00,2.00,0.00,0.00,,1508,8,92.59,92.59,96.43,96.43,82.69,82.69,90.91,90.91,37.50,37.50
Oman,OMN,20200422,3.00,1,2.00,1,2.00,1,4.00,1,2.00,1,2.00,1,2.00,1,4.00,2.00,0,0.00,0.00,0.00,2.00,1,2.00,2.00,0.00,0.00,,1508,8,92.59,92.59,96.43,96.43,82.69,82.69,90.91,90.91,37.50,37.50
Oman,OMN,20200423,3.00,1,2.00,1,2.00,1,4.00,1,2.00,1,2.00,1,2.00,1,4.00,2.00,0,0.00,0.00,0.00,2.00,1,2.00,2.00,0.00,0.00,,1614,8,92.59,92.59,96.43,96.43,82.69,82.69,90.91,90.91,37.50,37.50
Oman,OMN,20200424,3.00,1,2.00,1,2.00,1,4.00,1,2.00,1,2.00,1,2.00,1,4.00,2.00,0,0.00,0.00,0.00,2.00,1,2.00,2.00,0.00,0.00,,1716,9,92.59,92.59,96.43,96.43,82.69,82.69,90.91,90.91,37.50,37.50
Oman,OMN,20200425,3.00,1,2.00,1,2.00,1,4.00,1,2.00,1,2.00,1,2.00,1,4.00,2.00,0,0.00,0.00,0.00,2.00,1,2.00,2.00,0.00,0.00,,1790,10,92.59,92.59,96.43,96.43,82.69,82.69,90.91,90.91,37.50,37.50
Oman,OMN,20200426,3.00,1,2.00,1,2.00,1,4.00,1,2.00,1,2.00,1,2.00,1,4.00,2.00,0,0.00,0.00,0.00,2.00,1,2.00,2.00,0.00,0.00,,1905,10,92.59,92.59,96.43,96.43,82.69,82.69,90.91,90.91,37.50,37.50
Oman,OMN,20200427,3.00,1,2.00,1,2.00,1,4.00,1,2.00,1,2.00,1,2.00,1,4.00,2.00,0,0.00,0.00,0.00,2.00,1,2.00,2.00,0.00,0.00,,1998,10,92.59,92.59,96.43,96.43,82.69,82.69,90.91,90.91,37.50,37.50
Oman,OMN,20200428,3.00,1,2.00,1,2.00,1,4.00,1,2.00,1,2.00,1,2.00,1,4.00,2.00,0,0.00,842508.00,0.00,2.00,1,2.00,2.00,0.00,0.00,,2049,10,92.59,92.59,96.43,96.43,82.69,82.69,90.91,90.91,37.50,37.50
Oman,OMN,20200429,3.00,1,2.00,1,2.00,1,4.00,1,2.00,1,2.00,1,2.00,1,4.00,2.00,0,0.00,0.00,0.00,2.00,1,2.00,2.00,0.00,0.00,,2131,10,92.59,92.59,96.43,96.43,82.69,82.69,90.91,90.91,37.50,37.50
Oman,OMN,20200430,3.00,1,2.00,0,2.00,1,4.00,1,2.00,1,2.00,0,2.00,0,4.00,2.00,0,0.00,0.00,0.00,2.00,1,2.00,2.00,0.00,0.00,,2274,10,86.11,86.11,88.10,88.10,78.21,78.21,85.61,85.61,37.50,37.50
Oman,OMN,20200501,3.00,1,2.00,0,2.00,1,4.00,1,2.00,1,2.00,0,2.00,0,4.00,2.00,0,0.00,0.00,0.00,2.00,1,2.00,2.00,0.00,0.00,,2348,11,86.11,86.11,88.10,88.10,78.21,78.21,85.61,85.61,37.50,37.50
Oman,OMN,20200502,3.00,1,2.00,0,2.00,1,4.00,1,2.00,1,2.00,0,2.00,0,4.00,2.00,0,0.00,0.00,0.00,2.00,1,2.00,2.00,0.00,0.00,,2447,11,86.11,86.11,88.10,88.10,78.21,78.21,85.61,85.61,37.50,37.50
Oman,OMN,20200503,3.00,1,2.00,0,2.00,1,4.00,1,2.00,1,2.00,0,2.00,0,4.00,2.00,0,0.00,0.00,0.00,2.00,1,2.00,2.00,0.00,0.00,,2483,12,86.11,86.11,88.10,88.10,78.21,78.21,85.61,85.61,37.50,37.50
Oman,OMN,20200504,3.00,1,2.00,0,2.00,1,4.00,1,2.00,1,2.00,0,2.00,0,4.00,2.00,0,0.00,0.00,0.00,2.00,1,2.00,2.00,0.00,0.00,,2568,12,86.11,86.11,88.10,88.10,78.21,78.21,85.61,85.61,37.50,37.50
Oman,OMN,20200505,3.00,1,2.00,0,2.00,1,4.00,1,2.00,1,2.00,0,2.00,0,4.00,2.00,0,0.00,0.00,0.00,2.00,1,2.00,2.00,0.00,0.00,,2637,12,86.11,86.11,88.10,88.10,78.21,78.21,85.61,85.61,37.50,37.50
Oman,OMN,20200506,3.00,1,2.00,0,2.00,1,4.00,1,2.00,1,2.00,0,2.00,0,4.00,2.00,0,0.00,0.00,0.00,2.00,1,2.00,2.00,0.00,0.00,,2735,12,86.11,86.11,88.10,88.10,78.21,78.21,85.61,85.61,37.50,37.50
Oman,OMN,20200507,3.00,1,2.00,0,2.00,1,4.00,1,2.00,1,2.00,0,2.00,0,4.00,2.00,0,0.00,0.00,0.00,2.00,1,2.00,2.00,0.00,0.00,,2903,13,86.11,86.11,88.10,88.10,78.21,78.21,85.61,85.61,37.50,37.50
Oman,OMN,20200508,3.00,1,2.00,0,2.00,1,4.00,1,2.00,1,2.00,0,2.00,0,4.00,2.00,0,0.00,0.00,0.00,2.00,1,2.00,2.00,0.00,0.00,,2958,14,86.11,86.11,88.10,88.10,78.21,78.21,85.61,85.61,37.50,37.50
Oman,OMN,20200509,3.00,1,2.00,0,2.00,1,4.00,1,2.00,1,2.00,0,2.00,0,4.00,2.00,0,0.00,0.00,0.00,2.00,1,2.00,2.00,0.00,0.00,,3112,15,86.11,86.11,88.10,88.10,78.21,78.21,85.61,85.61,37.50,37.50
Oman,OMN,20200510,3.00,1,2.00,0,2.00,1,4.00,1,2.00,1,2.00,0,2.00,0,4.00,2.00,0,0.00,0.00,0.00,2.00,1,2.00,2.00,0.00,0.00,,3224,17,86.11,86.11,88.10,88.10,78.21,78.21,85.61,85.61,37.50,37.50
Oman,OMN,20200511,3.00,1,2.00,0,2.00,1,4.00,1,2.00,1,2.00,0,2.00,0,4.00,2.00,0,0.00,0.00,0.00,2.00,1,2.00,2.00,0.00,0.00,,3399,17,86.11,86.11,88.10,88.10,78.21,78.21,85.61,85.61,37.50,37.50
Oman,OMN,20200512,3.00,1,2.00,0,2.00,1,4.00,1,2.00,1,2.00,0,2.00,0,4.00,2.00,0,0.00,0.00,0.00,2.00,1,2.00,2.00,0.00,0.00,,3574,17,86.11,86.11,88.10,88.10,78.21,78.21,85.61,85.61,37.50,37.50
Oman,OMN,20200513,3.00,1,2.00,0,2.00,1,4.00,1,2.00,1,2.00,0,2.00,0,4.00,2.00,0,0.00,0.00,0.00,2.00,1,2.00,2.00,0.00,0.00,,3721,17,86.11,86.11,88.10,88.10,78.21,78.21,85.61,85.61,37.50,37.50
Oman,OMN,20200514,3.00,1,2.00,0,2.00,1,4.00,1,2.00,1,2.00,0,2.00,0,4.00,2.00,0,0.00,0.00,0.00,2.00,1,2.00,2.00,0.00,0.00,,4019,17,86.11,86.11,88.10,88.10,78.21,78.21,85.61,85.61,37.50,37.50
Oman,OMN,20200515,3.00,1,2.00,0,2.00,1,4.00,1,2.00,1,2.00,0,2.00,0,4.00,2.00,0,0.00,0.00,0.00,2.00,1,2.00,2.00,0.00,0.00,,4341,19,86.11,86.11,88.10,88.10,78.21,78.21,85.61,85.61,37.50,37.50
Oman,OMN,20200516,3.00,1,2.00,0,2.00,1,4.00,1,2.00,1,2.00,0,2.00,0,4.00,2.00,0,0.00,0.00,0.00,2.00,1,2.00,2.00,0.00,0.00,,4625,19,86.11,86.11,88.10,88.10,78.21,78.21,85.61,85.61,37.50,37.50
Oman,OMN,20200517,3.00,1,2.00,0,2.00,1,4.00,1,2.00,1,2.00,0,2.00,0,4.00,2.00,0,0.00,0.00,0.00,2.00,1,2.00,2.00,0.00,0.00,,5029,21,86.11,86.11,88.10,88.10,78.21,78.21,85.61,85.61,37.50,37.50
Oman,OMN,20200518,3.00,1,2.00,0,2.00,1,4.00,1,2.00,1,2.00,0,2.00,0,4.00,2.00,0,0.00,0.00,0.00,2.00,1,2.00,2.00,0.00,0.00,,5186,22,86.11,86.11,88.10,88.10,78.21,78.21,85.61,85.61,37.50,37.50
Oman,OMN,20200519,3.00,1,2.00,0,2.00,1,4.00,1,2.00,1,2.00,0,2.00,0,4.00,2.00,0,0.00,0.00,0.00,2.00,1,2.00,2.00,0.00,0.00,,5379,26,86.11,86.11,88.10,88.10,78.21,78.21,85.61,85.61,37.50,37.50
Oman,OMN,20200520,3.00,1,2.00,0,2.00,1,4.00,1,2.00,1,2.00,0,2.00,0,4.00,2.00,0,0.00,0.00,0.00,2.00,1,2.00,2.00,0.00,0.00,,5671,27,86.11,86.11,88.10,88.10,78.21,78.21,85.61,85.61,37.50,37.50
Oman,OMN,20200521,3.00,1,2.00,0,2.00,1,4.00,1,2.00,1,1.00,1,2.00,0,4.00,2.00,0,0.00,0.00,0.00,2.00,1,2.00,2.00,0.00,0.00,,6043,30,84.26,84.26,88.10,88.10,76.92,76.92,84.09,84.09,37.50,37.50
Oman,OMN,20200522,3.00,1,2.00,0,2.00,1,4.00,1,2.00,1,1.00,1,2.00,0,4.00,2.00,0,0.00,0.00,0.00,2.00,1,2.00,2.00,0.00,0.00,,6370,31,84.26,84.26,88.10,88.10,76.92,76.92,84.09,84.09,37.50,37.50
Oman,OMN,20200523,3.00,1,2.00,0,2.00,1,4.00,1,2.00,1,1.00,1,2.00,0,4.00,2.00,0,0.00,0.00,0.00,2.00,1,2.00,2.00,0.00,0.00,,6794,32,84.26,84.26,88.10,88.10,76.92,76.92,84.09,84.09,37.50,37.50
Oman,OMN,20200524,3.00,1,2.00,0,2.00,1,4.00,1,2.00,1,1.00,1,2.00,0,4.00,2.00,0,0.00,0.00,0.00,2.00,1,2.00,2.00,0.00,0.00,,7257,36,84.26,84.26,88.10,88.10,76.92,76.92,84.09,84.09,37.50,37.50
Oman,OMN,20200525,3.00,1,2.00,0,2.00,1,4.00,1,2.00,1,1.00,1,2.00,0,4.00,2.00,0,0.00,0.00,0.00,2.00,1,2.00,2.00,0.00,0.00,,7770,37,84.26,84.26,88.10,88.10,76.92,76.92,84.09,84.09,37.50,37.50
Oman,OMN,20200526,3.00,1,2.00,0,2.00,1,4.00,1,2.00,1,1.00,1,2.00,0,4.00,2.00,0,0.00,0.00,0.00,2.00,1,2.00,2.00,0.00,0.00,,7770,37,84.26,84.26,88.10,88.10,76.92,76.92,84.09,84.09,37.50,37.50
Oman,OMN,20200527,3.00,1,2.00,0,2.00,1,4.00,1,2.00,1,1.00,1,2.00,0,4.00,2.00,0,0.00,0.00,0.00,2.00,1,2.00,2.00,0.00,0.00,,8118,37,84.26,84.26,88.10,88.10,76.92,76.92,84.09,84.09,37.50,37.50
Oman,OMN,20200528,3.00,1,2.00,0,2.00,1,4.00,1,2.00,1,1.00,1,2.00,0,4.00,2.00,0,0.00,0.00,0.00,2.00,1,2.00,2.00,0.00,0.00,,8373,38,84.26,84.26,88.10,88.10,76.92,76.92,84.09,84.09,37.50,37.50
Oman,OMN,20200529,3.00,1,2.00,0,2.00,1,4.00,1,2.00,0,1.00,1,2.00,0,4.00,2.00,0,0.00,0.00,0.00,2.00,1,2.00,2.00,0.00,0.00,,9009,40,81.48,81.48,83.33,83.33,75.00,75.00,81.82,81.82,37.50,37.50
Oman,OMN,20200530,3.00,1,2.00,0,2.00,1,4.00,1,2.00,0,1.00,1,2.00,0,4.00,2.00,0,0.00,0.00,0.00,2.00,1,2.00,2.00,0.00,0.00,,9820,40,81.48,81.48,83.33,83.33,75.00,75.00,81.82,81.82,37.50,37.50
Oman,OMN,20200531,3.00,1,2.00,0,2.00,1,4.00,1,2.00,0,1.00,1,2.00,0,4.00,2.00,0,0.00,0.00,0.00,2.00,1,2.00,2.00,0.00,0.00,,10423,42,81.48,81.48,83.33,83.33,75.00,75.00,81.82,81.82,37.50,37.50
Oman,OMN,20200601,3.00,1,2.00,0,2.00,1,4.00,1,2.00,0,1.00,1,2.00,0,4.00,2.00,0,0.00,0.00,0.00,2.00,1,2.00,2.00,0.00,0.00,,11437,47,81.48,81.48,83.33,83.33,75.00,75.00,81.82,81.82,37.50,37.50
Oman,OMN,20200602,3.00,1,2.00,0,2.00,1,4.00,1,2.00,0,1.00,1,2.00,0,4.00,2.00,0,0.00,0.00,0.00,2.00,1,2.00,2.00,0.00,0.00,,12223,50,81.48,81.48,83.33,83.33,75.00,75.00,81.82,81.82,37.50,37.50
Oman,OMN,20200603,3.00,1,2.00,0,2.00,1,4.00,1,2.00,0,1.00,1,2.00,0,4.00,2.00,0,0.00,0.00,0.00,2.00,1,2.00,2.00,0.00,0.00,,12799,59,81.48,81.48,83.33,83.33,75.00,75.00,81.82,81.82,37.50,37.50
Oman,OMN,20200604,3.00,1,2.00,0,2.00,1,4.00,1,2.00,0,1.00,1,2.00,0,4.00,2.00,0,0.00,0.00,0.00,2.00,1,2.00,2.00,0.00,0.00,,13537,67,81.48,81.48,83.33,83.33,75.00,75.00,81.82,81.82,37.50,37.50
Oman,OMN,20200605,3.00,1,2.00,0,2.00,1,4.00,1,2.00,0,1.00,1,2.00,0,4.00,2.00,0,0.00,0.00,0.00,2.00,1,2.00,2.00,0.00,0.00,,14316,67,81.48,81.48,83.33,83.33,75.00,75.00,81.82,81.82,37.50,37.50
Oman,OMN,20200606,3.00,1,2.00,0,2.00,1,4.00,1,2.00,0,1.00,1,2.00,0,4.00,2.00,0,0.00,0.00,0.00,2.00,1,2.00,2.00,0.00,0.00,,15086,72,81.48,81.48,83.33,83.33,75.00,75.00,81.82,81.82,37.50,37.50
Oman,OMN,20200607,3.00,1,2.00,0,2.00,1,4.00,1,2.00,0,1.00,1,2.00,0,4.00,2.00,0,0.00,0.00,0.00,2.00,1,2.00,2.00,0.00,0.00,,16016,72,81.48,81.48,83.33,83.33,75.00,75.00,81.82,81.82,37.50,37.50
Oman,OMN,20200608,3.00,1,2.00,0,2.00,1,4.00,1,2.00,0,1.00,1,2.00,0,4.00,2.00,0,0.00,0.00,0.00,2.00,1,2.00,2.00,0.00,0.00,,16882,75,81.48,81.48,83.33,83.33,75.00,75.00,81.82,81.82,37.50,37.50
Oman,OMN,20200609,3.00,1,2.00,0,2.00,1,4.00,1,2.00,0,1.00,1,2.00,0,4.00,2.00,0,0.00,0.00,0.00,2.00,1,2.00,2.00,0.00,0.00,,17486,81,81.48,81.48,83.33,83.33,75.00,75.00,81.82,81.82,37.50,37.50
Oman,OMN,20200610,3.00,1,2.00,0,2.00,1,4.00,1,2.00,0,1.00,1,2.00,0,4.00,2.00,0,0.00,0.00,0.00,2.00,1,2.00,2.00,0.00,0.00,,18198,83,81.48,81.48,83.33,83.33,75.00,75.00,81.82,81.82,37.50,37.50
Oman,OMN,20200611,3.00,1,2.00,0,2.00,1,4.00,1,2.00,0,1.00,1,2.00,0,4.00,2.00,0,0.00,0.00,0.00,2.00,1,2.00,2.00,0.00,0.00,,18887,84,81.48,81.48,83.33,83.33,75.00,75.00,81.82,81.82,37.50,37.50
Oman,OMN,20200612,3.00,1,2.00,0,2.00,1,4.00,1,2.00,0,1.00,1,2.00,0,4.00,2.00,0,0.00,0.00,0.00,2.00,1,2.00,2.00,0.00,0.00,,19954,89,81.48,81.48,83.33,83.33,75.00,75.00,81.82,81.82,37.50,37.50
Oman,OMN,20200613,3.00,1,2.00,0,2.00,1,4.00,1,2.00,0,1.00,1,2.00,0,4.00,2.00,0,0.00,0.00,0.00,2.00,1,2.00,2.00,0.00,0.00,,21071,96,81.48,81.48,83.33,83.33,75.00,75.00,81.82,81.82,37.50,37.50
Oman,OMN,20200614,3.00,1,2.00,0,2.00,1,4.00,1,2.00,0,1.00,1,2.00,0,4.00,2.00,0,0.00,0.00,0.00,2.00,1,2.00,2.00,0.00,0.00,,22077,99,81.48,81.48,83.33,83.33,75.00,75.00,81.82,81.82,37.50,37.50
Oman,OMN,20200615,3.00,1,2.00,0,2.00,1,4.00,1,2.00,0,1.00,1,2.00,0,4.00,2.00,0,0.00,0.00,0.00,2.00,1,2.00,2.00,0.00,0.00,,23481,104,81.48,81.48,83.33,83.33,75.00,75.00,81.82,81.82,37.50,37.50
Oman,OMN,20200616,,,,,,,,,,,,,,,,,,,,,,,,,,,,24524,108,,,,,,,,,,
Oman,OMN,20200617,,,,,,,,,,,,,,,,,,,,,,,,,,,,25269,114,,81.48,,83.33,,75.00,,81.82,,37.50
Oman,OMN,20200618,,,,,,,,,,,,,,,,,,,,,,,,,,,,26079,116,,81.48,,83.33,,75.00,,81.82,,37.50
Oman,OMN,20200619,,,,,,,,,,,,,,,,,,,,,,,,,,,,26818,119,,81.48,,83.33,,75.00,,81.82,,37.50
Oman,OMN,20200620,,,,,,,,,,,,,,,,,,,,,,,,,,,,27670,125,,81.48,,83.33,,75.00,,81.82,,37.50
Oman,OMN,20200621,,,,,,,,,,,,,,,,,,,,,,,,,,,,28566,128,,81.48,,83.33,,75.00,,81.82,,37.50
Oman,OMN,20200622,,,,,,,,,,,,,,,,,,,,,,,,,,,,29471,131,,81.48,,83.33,,75.00,,81.82,,37.50
Oman,OMN,20200623,,,,,,,,,,,,,,,,,,,,,,,,,,,,31076,137,,81.48,,83.33,,75.00,,81.82,,37.50
