Uzbekistan,UZB,20200101,0.00,,0.00,,0.00,,0.00,,0.00,,0.00,,0.00,,0.00,0.00,,0.00,0.00,0.00,0.00,,0.00,0.00,0.00,0.00,,,,0.00,0.00,0.00,0.00,0.00,0.00,0.00,0.00,0.00,0.00
Uzbekistan,UZB,20200102,0.00,,0.00,,0.00,,0.00,,0.00,,0.00,,0.00,,0.00,0.00,,0.00,0.00,0.00,0.00,,0.00,0.00,0.00,0.00,,,,0.00,0.00,0.00,0.00,0.00,0.00,0.00,0.00,0.00,0.00
Uzbekistan,UZB,20200103,0.00,,0.00,,0.00,,0.00,,0.00,,0.00,,0.00,,0.00,0.00,,0.00,0.00,0.00,0.00,,0.00,0.00,0.00,0.00,,,,0.00,0.00,0.00,0.00,0.00,0.00,0.00,0.00,0.00,0.00
Uzbekistan,UZB,20200104,0.00,,0.00,,0.00,,0.00,,0.00,,0.00,,0.00,,0.00,0.00,,0.00,0.00,0.00,0.00,,0.00,0.00,0.00,0.00,,,,0.00,0.00,0.00,0.00,0.00,0.00,0.00,0.00,0.00,0.00
Uzbekistan,UZB,20200105,0.00,,0.00,,0.00,,0.00,,0.00,,0.00,,0.00,,0.00,0.00,,0.00,0.00,0.00,0.00,,0.00,0.00,0.00,0.00,,,,0.00,0.00,0.00,0.00,0.00,0.00,0.00,0.00,0.00,0.00
Uzbekistan,UZB,20200106,0.00,,0.00,,0.00,,0.00,,0.00,,0.00,,0.00,,0.00,0.00,,0.00,0.00,0.00,0.00,,0.00,0.00,0.00,0.00,,,,0.00,0.00,0.00,0.00,0.00,0.00,0.00,0.00,0.00,0.00
Uzbekistan,UZB,20200107,0.00,,0.00,,0.00,,0.00,,0.00,,0.00,,0.00,,0.00,0.00,,0.00,0.00,0.00,0.00,,0.00,0.00,0.00,0.00,,,,0.00,0.00,0.00,0.00,0.00,0.00,0.00,0.00,0.00,0.00
Uzbekistan,UZB,20200108,0.00,,0.00,,0.00,,0.00,,0.00,,0.00,,0.00,,0.00,0.00,,0.00,0.00,0.00,0.00,,0.00,0.00,0.00,0.00,,,,0.00,0.00,0.00,0.00,0.00,0.00,0.00,0.00,0.00,0.00
Uzbekistan,UZB,20200109,0.00,,0.00,,0.00,,0.00,,0.00,,0.00,,0.00,,0.00,0.00,,0.00,0.00,0.00,0.00,,0.00,0.00,0.00,0.00,,,,0.00,0.00,0.00,0.00,0.00,0.00,0.00,0.00,0.00,0.00
Uzbekistan,UZB,20200110,0.00,,0.00,,0.00,,0.00,,0.00,,0.00,,0.00,,0.00,0.00,,0.00,0.00,0.00,0.00,,0.00,0.00,0.00,0.00,,,,0.00,0.00,0.00,0.00,0.00,0.00,0.00,0.00,0.00,0.00
Uzbekistan,UZB,20200111,0.00,,0.00,,0.00,,0.00,,0.00,,0.00,,0.00,,0.00,0.00,,0.00,0.00,0.00,0.00,,0.00,0.00,0.00,0.00,,,,0.00,0.00,0.00,0.00,0.00,0.00,0.00,0.00,0.00,0.00
Uzbekistan,UZB,20200112,0.00,,0.00,,0.00,,0.00,,0.00,,0.00,,0.00,,0.00,0.00,,0.00,0.00,0.00,0.00,,0.00,0.00,0.00,0.00,,,,0.00,0.00,0.00,0.00,0.00,0.00,0.00,0.00,0.00,0.00
Uzbekistan,UZB,20200113,0.00,,0.00,,0.00,,0.00,,0.00,,0.00,,0.00,,0.00,0.00,,0.00,0.00,0.00,0.00,,0.00,0.00,0.00,0.00,,,,0.00,0.00,0.00,0.00,0.00,0.00,0.00,0.00,0.00,0.00
Uzbekistan,UZB,20200114,0.00,,0.00,,0.00,,0.00,,0.00,,0.00,,0.00,,0.00,0.00,,0.00,0.00,0.00,0.00,,0.00,0.00,0.00,0.00,,,,0.00,0.00,0.00,0.00,0.00,0.00,0.00,0.00,0.00,0.00
Uzbekistan,UZB,20200115,0.00,,0.00,,0.00,,0.00,,0.00,,0.00,,0.00,,0.00,0.00,,0.00,0.00,0.00,0.00,,0.00,0.00,0.00,0.00,,,,0.00,0.00,0.00,0.00,0.00,0.00,0.00,0.00,0.00,0.00
Uzbekistan,UZB,20200116,0.00,,0.00,,0.00,,0.00,,0.00,,0.00,,0.00,,0.00,0.00,,0.00,0.00,0.00,0.00,,0.00,0.00,0.00,0.00,,,,0.00,0.00,0.00,0.00,0.00,0.00,0.00,0.00,0.00,0.00
Uzbekistan,UZB,20200117,0.00,,0.00,,0.00,,0.00,,0.00,,0.00,,0.00,,0.00,0.00,,0.00,0.00,0.00,0.00,,0.00,0.00,0.00,0.00,,,,0.00,0.00,0.00,0.00,0.00,0.00,0.00,0.00,0.00,0.00
Uzbekistan,UZB,20200118,0.00,,0.00,,0.00,,0.00,,0.00,,0.00,,0.00,,0.00,0.00,,0.00,0.00,0.00,0.00,,0.00,0.00,0.00,0.00,,,,0.00,0.00,0.00,0.00,0.00,0.00,0.00,0.00,0.00,0.00
Uzbekistan,UZB,20200119,0.00,,0.00,,0.00,,0.00,,0.00,,0.00,,0.00,,0.00,0.00,,0.00,0.00,0.00,0.00,,0.00,0.00,0.00,0.00,,,,0.00,0.00,0.00,0.00,0.00,0.00,0.00,0.00,0.00,0.00
Uzbekistan,UZB,20200120,0.00,,0.00,,0.00,,0.00,,0.00,,0.00,,0.00,,0.00,0.00,,0.00,0.00,0.00,0.00,,0.00,0.00,0.00,0.00,,,,0.00,0.00,0.00,0.00,0.00,0.00,0.00,0.00,0.00,0.00
Uzbekistan,UZB,20200121,0.00,,0.00,,0.00,,0.00,,0.00,,0.00,,0.00,,0.00,0.00,,0.00,0.00,0.00,2.00,1,0.00,0.00,0.00,0.00,,,,11.11,11.11,14.29,14.29,7.69,7.69,9.09,9.09,0.00,0.00
Uzbekistan,UZB,20200122,0.00,,0.00,,0.00,,0.00,,0.00,,0.00,,0.00,,0.00,0.00,,0.00,0.00,0.00,2.00,1,0.00,0.00,0.00,0.00,,,,11.11,11.11,14.29,14.29,7.69,7.69,9.09,9.09,0.00,0.00
Uzbekistan,UZB,20200123,0.00,,0.00,,0.00,,0.00,,0.00,,0.00,,0.00,,0.00,0.00,,0.00,0.00,0.00,2.00,1,0.00,0.00,0.00,0.00,,,,11.11,11.11,14.29,14.29,7.69,7.69,9.09,9.09,0.00,0.00
Uzbekistan,UZB,20200124,0.00,,0.00,,0.00,,0.00,,0.00,,0.00,,0.00,,0.00,0.00,,0.00,0.00,0.00,2.00,1,0.00,0.00,0.00,0.00,,,,11.11,11.11,14.29,14.29,7.69,7.69,9.09,9.09,0.00,0.00
Uzbekistan,UZB,20200125,0.00,,0.00,,0.00,,0.00,,0.00,,0.00,,0.00,,0.00,0.00,,0.00,0.00,0.00,2.00,1,0.00,0.00,0.00,0.00,,,,11.11,11.11,14.29,14.29,7.69,7.69,9.09,9.09,0.00,0.00
Uzbekistan,UZB,20200126,0.00,,0.00,,0.00,,0.00,,0.00,,0.00,,0.00,,0.00,0.00,,0.00,0.00,0.00,2.00,1,0.00,0.00,0.00,0.00,,,,11.11,11.11,14.29,14.29,7.69,7.69,9.09,9.09,0.00,0.00
Uzbekistan,UZB,20200127,0.00,,0.00,,0.00,,0.00,,0.00,,0.00,,0.00,,0.00,0.00,,0.00,0.00,0.00,2.00,1,0.00,0.00,0.00,0.00,,,,11.11,11.11,14.29,14.29,7.69,7.69,9.09,9.09,0.00,0.00
Uzbekistan,UZB,20200128,0.00,,0.00,,0.00,,0.00,,0.00,,0.00,,0.00,,0.00,0.00,,0.00,0.00,0.00,2.00,1,0.00,0.00,0.00,0.00,,,,11.11,11.11,14.29,14.29,7.69,7.69,9.09,9.09,0.00,0.00
Uzbekistan,UZB,20200129,0.00,,0.00,,0.00,,0.00,,0.00,,0.00,,0.00,,0.00,0.00,,0.00,0.00,0.00,2.00,1,1.00,0.00,0.00,0.00,,,,11.11,11.11,14.29,14.29,10.26,10.26,12.12,12.12,0.00,0.00
Uzbekistan,UZB,20200130,0.00,,0.00,,0.00,,0.00,,0.00,,0.00,,0.00,,0.00,0.00,,0.00,0.00,0.00,2.00,1,1.00,0.00,0.00,0.00,,,,11.11,11.11,14.29,14.29,10.26,10.26,12.12,12.12,0.00,0.00
Uzbekistan,UZB,20200131,0.00,,0.00,,0.00,,0.00,,0.00,,0.00,,0.00,,0.00,0.00,,0.00,0.00,0.00,2.00,1,1.00,0.00,0.00,0.00,,,,11.11,11.11,14.29,14.29,10.26,10.26,12.12,12.12,0.00,0.00
Uzbekistan,UZB,20200201,0.00,,0.00,,0.00,,0.00,,0.00,,0.00,,0.00,,0.00,0.00,,0.00,0.00,0.00,2.00,1,1.00,0.00,0.00,0.00,,,,11.11,11.11,14.29,14.29,10.26,10.26,12.12,12.12,0.00,0.00
Uzbekistan,UZB,20200202,0.00,,0.00,,0.00,,0.00,,0.00,,0.00,,0.00,,0.00,0.00,,0.00,0.00,0.00,2.00,1,1.00,0.00,0.00,0.00,,,,11.11,11.11,14.29,14.29,10.26,10.26,12.12,12.12,0.00,0.00
Uzbekistan,UZB,20200203,0.00,,0.00,,0.00,,0.00,,0.00,,0.00,,0.00,,0.00,0.00,,0.00,0.00,0.00,2.00,1,1.00,0.00,0.00,0.00,,,,11.11,11.11,14.29,14.29,10.26,10.26,12.12,12.12,0.00,0.00
Uzbekistan,UZB,20200204,0.00,,0.00,,0.00,,0.00,,0.00,,0.00,,0.00,,0.00,0.00,,0.00,0.00,0.00,2.00,1,1.00,0.00,0.00,0.00,,,,11.11,11.11,14.29,14.29,10.26,10.26,12.12,12.12,0.00,0.00
Uzbekistan,UZB,20200205,0.00,,0.00,,0.00,,0.00,,0.00,,0.00,,0.00,,0.00,0.00,,0.00,0.00,0.00,2.00,1,1.00,0.00,0.00,0.00,,,,11.11,11.11,14.29,14.29,10.26,10.26,12.12,12.12,0.00,0.00
Uzbekistan,UZB,20200206,0.00,,0.00,,0.00,,0.00,,0.00,,0.00,,0.00,,0.00,0.00,,0.00,0.00,0.00,2.00,1,1.00,0.00,0.00,0.00,,,,11.11,11.11,14.29,14.29,10.26,10.26,12.12,12.12,0.00,0.00
Uzbekistan,UZB,20200207,0.00,,0.00,,0.00,,0.00,,0.00,,0.00,,0.00,,0.00,0.00,,0.00,0.00,0.00,2.00,1,1.00,0.00,0.00,0.00,,,,11.11,11.11,14.29,14.29,10.26,10.26,12.12,12.12,0.00,0.00
Uzbekistan,UZB,20200208,0.00,,0.00,,0.00,,0.00,,0.00,,0.00,,0.00,,0.00,0.00,,0.00,0.00,0.00,2.00,1,1.00,0.00,0.00,0.00,,,,11.11,11.11,14.29,14.29,10.26,10.26,12.12,12.12,0.00,0.00
Uzbekistan,UZB,20200209,0.00,,0.00,,0.00,,0.00,,0.00,,0.00,,0.00,,0.00,0.00,,0.00,0.00,0.00,2.00,1,1.00,0.00,0.00,0.00,,,,11.11,11.11,14.29,14.29,10.26,10.26,12.12,12.12,0.00,0.00
Uzbekistan,UZB,20200210,0.00,,0.00,,0.00,,0.00,,0.00,,0.00,,0.00,,0.00,0.00,,0.00,0.00,0.00,2.00,1,1.00,0.00,0.00,0.00,,,,11.11,11.11,14.29,14.29,10.26,10.26,12.12,12.12,0.00,0.00
Uzbekistan,UZB,20200211,0.00,,0.00,,0.00,,0.00,,0.00,,0.00,,0.00,,0.00,0.00,,0.00,0.00,0.00,2.00,1,1.00,0.00,0.00,0.00,,,,11.11,11.11,14.29,14.29,10.26,10.26,12.12,12.12,0.00,0.00
Uzbekistan,UZB,20200212,0.00,,0.00,,0.00,,0.00,,0.00,,0.00,,0.00,,0.00,0.00,,0.00,0.00,0.00,2.00,1,1.00,0.00,0.00,0.00,,,,11.11,11.11,14.29,14.29,10.26,10.26,12.12,12.12,0.00,0.00
Uzbekistan,UZB,20200213,0.00,,0.00,,0.00,,0.00,,0.00,,0.00,,0.00,,0.00,0.00,,0.00,0.00,0.00,2.00,1,1.00,0.00,0.00,0.00,,,,11.11,11.11,14.29,14.29,10.26,10.26,12.12,12.12,0.00,0.00
Uzbekistan,UZB,20200214,0.00,,0.00,,0.00,,0.00,,0.00,,0.00,,0.00,,0.00,0.00,,0.00,0.00,0.00,2.00,1,1.00,0.00,0.00,0.00,,,,11.11,11.11,14.29,14.29,10.26,10.26,12.12,12.12,0.00,0.00
Uzbekistan,UZB,20200215,0.00,,0.00,,0.00,,0.00,,0.00,,0.00,,0.00,,0.00,0.00,,0.00,0.00,0.00,2.00,1,1.00,0.00,0.00,0.00,,,,11.11,11.11,14.29,14.29,10.26,10.26,12.12,12.12,0.00,0.00
Uzbekistan,UZB,20200216,0.00,,0.00,,0.00,,0.00,,0.00,,0.00,,0.00,,0.00,0.00,,0.00,0.00,0.00,2.00,1,1.00,0.00,0.00,0.00,,,,11.11,11.11,14.29,14.29,10.26,10.26,12.12,12.12,0.00,0.00
Uzbekistan,UZB,20200217,0.00,,0.00,,0.00,,0.00,,0.00,,0.00,,0.00,,0.00,0.00,,0.00,0.00,0.00,2.00,1,1.00,0.00,0.00,0.00,,,,11.11,11.11,14.29,14.29,10.26,10.26,12.12,12.12,0.00,0.00
Uzbekistan,UZB,20200218,0.00,,0.00,,0.00,,0.00,,0.00,,0.00,,0.00,,0.00,0.00,,0.00,0.00,0.00,2.00,1,1.00,0.00,0.00,0.00,,,,11.11,11.11,14.29,14.29,10.26,10.26,12.12,12.12,0.00,0.00
Uzbekistan,UZB,20200219,0.00,,0.00,,0.00,,0.00,,0.00,,0.00,,0.00,,0.00,0.00,,0.00,0.00,0.00,2.00,1,1.00,0.00,0.00,0.00,,,,11.11,11.11,14.29,14.29,10.26,10.26,12.12,12.12,0.00,0.00
Uzbekistan,UZB,20200220,0.00,,0.00,,0.00,,0.00,,0.00,,0.00,,0.00,,0.00,0.00,,0.00,0.00,0.00,2.00,1,1.00,0.00,0.00,0.00,,,,11.11,11.11,14.29,14.29,10.26,10.26,12.12,12.12,0.00,0.00
Uzbekistan,UZB,20200221,0.00,,0.00,,0.00,,0.00,,0.00,,0.00,,0.00,,0.00,0.00,,0.00,0.00,0.00,2.00,1,1.00,0.00,0.00,0.00,,,,11.11,11.11,14.29,14.29,10.26,10.26,12.12,12.12,0.00,0.00
Uzbekistan,UZB,20200222,0.00,,0.00,,0.00,,0.00,,0.00,,0.00,,0.00,,0.00,0.00,,0.00,0.00,0.00,2.00,1,1.00,0.00,0.00,0.00,,,,11.11,11.11,14.29,14.29,10.26,10.26,12.12,12.12,0.00,0.00
Uzbekistan,UZB,20200223,0.00,,0.00,,0.00,,0.00,,0.00,,0.00,,0.00,,0.00,0.00,,0.00,0.00,0.00,2.00,1,1.00,0.00,0.00,0.00,,,,11.11,11.11,14.29,14.29,10.26,10.26,12.12,12.12,0.00,0.00
Uzbekistan,UZB,20200224,0.00,,0.00,,0.00,,0.00,,0.00,,0.00,,0.00,,0.00,0.00,,0.00,0.00,0.00,2.00,1,1.00,0.00,0.00,0.00,,,,11.11,11.11,14.29,14.29,10.26,10.26,12.12,12.12,0.00,0.00
Uzbekistan,UZB,20200225,0.00,,0.00,,0.00,,0.00,,0.00,,0.00,,0.00,,0.00,0.00,,0.00,0.00,0.00,2.00,1,1.00,0.00,0.00,0.00,,,,11.11,11.11,14.29,14.29,10.26,10.26,12.12,12.12,0.00,0.00
Uzbekistan,UZB,20200226,0.00,,0.00,,0.00,,0.00,,0.00,,0.00,,0.00,,0.00,0.00,,0.00,0.00,0.00,2.00,1,1.00,0.00,0.00,0.00,,,,11.11,11.11,14.29,14.29,10.26,10.26,12.12,12.12,0.00,0.00
Uzbekistan,UZB,20200227,0.00,,0.00,,0.00,,0.00,,0.00,,0.00,,0.00,,0.00,0.00,,0.00,0.00,0.00,2.00,1,1.00,0.00,0.00,0.00,,,,11.11,11.11,14.29,14.29,10.26,10.26,12.12,12.12,0.00,0.00
Uzbekistan,UZB,20200228,0.00,,0.00,,0.00,,0.00,,0.00,,0.00,,0.00,,0.00,0.00,,0.00,0.00,0.00,2.00,1,1.00,0.00,0.00,0.00,,,,11.11,11.11,14.29,14.29,10.26,10.26,12.12,12.12,0.00,0.00
Uzbekistan,UZB,20200229,0.00,,0.00,,0.00,,0.00,,0.00,,0.00,,0.00,,0.00,0.00,,0.00,0.00,0.00,2.00,1,1.00,0.00,0.00,0.00,,,,11.11,11.11,14.29,14.29,10.26,10.26,12.12,12.12,0.00,0.00
Uzbekistan,UZB,20200301,0.00,,0.00,,0.00,,0.00,,0.00,,0.00,,0.00,,2.00,0.00,,0.00,0.00,0.00,2.00,1,1.00,0.00,0.00,0.00,,,,16.67,16.67,21.43,21.43,14.10,14.10,16.67,16.67,0.00,0.00
Uzbekistan,UZB,20200302,0.00,,0.00,,0.00,,0.00,,0.00,,0.00,,0.00,,2.00,0.00,,0.00,0.00,0.00,2.00,1,1.00,0.00,0.00,0.00,,,,16.67,16.67,21.43,21.43,14.10,14.10,16.67,16.67,0.00,0.00
Uzbekistan,UZB,20200303,0.00,,0.00,,0.00,,0.00,,0.00,,0.00,,0.00,,2.00,0.00,,0.00,0.00,0.00,2.00,1,1.00,0.00,0.00,0.00,,,,16.67,16.67,21.43,21.43,14.10,14.10,16.67,16.67,0.00,0.00
Uzbekistan,UZB,20200304,0.00,,0.00,,0.00,,0.00,,0.00,,0.00,,0.00,,2.00,0.00,,0.00,0.00,0.00,2.00,1,1.00,0.00,0.00,0.00,,,,16.67,16.67,21.43,21.43,14.10,14.10,16.67,16.67,0.00,0.00
Uzbekistan,UZB,20200305,0.00,,0.00,,0.00,,0.00,,0.00,,0.00,,0.00,,2.00,0.00,,0.00,0.00,0.00,2.00,1,1.00,0.00,0.00,0.00,,,,16.67,16.67,21.43,21.43,14.10,14.10,16.67,16.67,0.00,0.00
Uzbekistan,UZB,20200306,0.00,,0.00,,0.00,,0.00,,0.00,,0.00,,0.00,,2.00,0.00,,0.00,0.00,0.00,2.00,1,1.00,0.00,0.00,0.00,,,,16.67,16.67,21.43,21.43,14.10,14.10,16.67,16.67,0.00,0.00
Uzbekistan,UZB,20200307,0.00,,0.00,,0.00,,0.00,,0.00,,0.00,,0.00,,2.00,0.00,,0.00,0.00,0.00,2.00,1,1.00,0.00,0.00,0.00,,,,16.67,16.67,21.43,21.43,14.10,14.10,16.67,16.67,0.00,0.00
Uzbekistan,UZB,20200308,0.00,,0.00,,0.00,,0.00,,0.00,,0.00,,0.00,,2.00,0.00,,0.00,0.00,0.00,2.00,1,1.00,0.00,0.00,0.00,,,,16.67,16.67,21.43,21.43,14.10,14.10,16.67,16.67,0.00,0.00
Uzbekistan,UZB,20200309,0.00,,0.00,,0.00,,0.00,,0.00,,0.00,,0.00,,2.00,0.00,,0.00,0.00,0.00,2.00,1,1.00,0.00,0.00,0.00,,,,16.67,16.67,21.43,21.43,14.10,14.10,16.67,16.67,0.00,0.00
Uzbekistan,UZB,20200310,0.00,,0.00,,0.00,,0.00,,0.00,,0.00,,0.00,,2.00,0.00,,0.00,0.00,0.00,2.00,1,1.00,0.00,0.00,0.00,,,,16.67,16.67,21.43,21.43,14.10,14.10,16.67,16.67,0.00,0.00
Uzbekistan,UZB,20200311,0.00,,0.00,,0.00,,0.00,,0.00,,0.00,,0.00,,2.00,0.00,,0.00,0.00,0.00,2.00,1,1.00,0.00,0.00,0.00,,,,16.67,16.67,21.43,21.43,14.10,14.10,16.67,16.67,0.00,0.00
Uzbekistan,UZB,20200312,0.00,,0.00,,0.00,,0.00,,0.00,,0.00,,0.00,,2.00,0.00,,0.00,0.00,0.00,2.00,1,1.00,0.00,0.00,0.00,,,,16.67,16.67,21.43,21.43,14.10,14.10,16.67,16.67,0.00,0.00
Uzbekistan,UZB,20200313,0.00,,0.00,,0.00,,0.00,,0.00,,0.00,,0.00,,2.00,0.00,,0.00,0.00,0.00,2.00,1,1.00,0.00,0.00,0.00,,,,16.67,16.67,21.43,21.43,14.10,14.10,16.67,16.67,0.00,0.00
Uzbekistan,UZB,20200314,0.00,,0.00,,0.00,,0.00,,0.00,,0.00,,0.00,,2.00,0.00,,0.00,0.00,0.00,2.00,1,1.00,0.00,0.00,0.00,,,,16.67,16.67,21.43,21.43,14.10,14.10,16.67,16.67,0.00,0.00
Uzbekistan,UZB,20200315,0.00,,0.00,,0.00,,0.00,,0.00,,0.00,,0.00,,2.00,0.00,,0.00,0.00,0.00,2.00,1,1.00,2.00,0.00,0.00,,,,16.67,16.67,21.43,21.43,21.79,21.79,25.76,25.76,0.00,0.00
Uzbekistan,UZB,20200316,3.00,1,2.00,1,2.00,1,0.00,,2.00,0,0.00,,0.00,,4.00,0.00,,0.00,0.00,0.00,2.00,1,1.00,2.00,0.00,0.00,,6,0,60.19,60.19,77.38,77.38,51.92,51.92,61.36,61.36,0.00,0.00
Uzbekistan,UZB,20200317,3.00,1,2.00,1,2.00,1,0.00,,2.00,0,0.00,,0.00,,4.00,0.00,,0.00,0.00,0.00,2.00,1,1.00,2.00,209424.00,0.00,,8,0,60.19,60.19,77.38,77.38,51.92,51.92,61.36,61.36,0.00,0.00
Uzbekistan,UZB,20200318,3.00,1,2.00,1,2.00,1,0.00,,2.00,0,0.00,,0.00,,4.00,0.00,,0.00,0.00,0.00,2.00,1,1.00,2.00,0.00,0.00,,16,0,60.19,60.19,77.38,77.38,51.92,51.92,61.36,61.36,0.00,0.00
Uzbekistan,UZB,20200319,3.00,1,2.00,1,2.00,1,0.00,,2.00,0,0.00,,0.00,,4.00,0.00,,0.00,0.00,0.00,2.00,1,1.00,2.00,0.00,0.00,,23,0,60.19,60.19,77.38,77.38,51.92,51.92,61.36,61.36,0.00,0.00
Uzbekistan,UZB,20200320,3.00,1,2.00,1,2.00,1,0.00,,2.00,0,0.00,,0.00,,4.00,0.00,,0.00,1047120400.00,0.00,2.00,1,1.00,2.00,52356020.00,0.00,,23,0,60.19,60.19,77.38,77.38,51.92,51.92,61.36,61.36,0.00,0.00
Uzbekistan,UZB,20200321,3.00,1,3.00,1,2.00,1,0.00,,2.00,0,0.00,,0.00,,4.00,0.00,,0.00,0.00,0.00,2.00,1,1.00,2.00,0.00,0.00,,33,0,63.89,63.89,80.95,80.95,54.49,54.49,64.39,64.39,0.00,0.00
Uzbekistan,UZB,20200322,3.00,1,3.00,1,2.00,1,0.00,,2.00,0,0.00,,0.00,,4.00,0.00,,0.00,0.00,0.00,2.00,1,1.00,2.00,0.00,0.00,,33,0,63.89,63.89,80.95,80.95,54.49,54.49,64.39,64.39,0.00,0.00
Uzbekistan,UZB,20200323,3.00,1,3.00,1,2.00,1,3.00,1,2.00,0,0.00,,0.00,,4.00,0.00,,0.00,0.00,0.00,2.00,1,1.00,2.00,0.00,0.00,,46,0,72.22,72.22,80.95,80.95,60.26,60.26,71.21,71.21,0.00,0.00
Uzbekistan,UZB,20200324,3.00,1,3.00,1,2.00,1,3.00,1,2.00,0,0.00,,2.00,0,4.00,0.00,,2.00,0.00,0.00,2.00,1,1.00,2.00,0.00,0.00,,49,0,80.56,80.56,90.48,90.48,73.72,73.72,78.03,78.03,50.00,50.00
Uzbekistan,UZB,20200325,3.00,1,3.00,1,2.00,1,3.00,1,2.00,0,0.00,,2.00,0,4.00,0.00,,2.00,0.00,0.00,2.00,1,1.00,2.00,0.00,0.00,,55,0,80.56,80.56,90.48,90.48,73.72,73.72,78.03,78.03,50.00,50.00
Uzbekistan,UZB,20200326,3.00,1,3.00,1,2.00,1,3.00,1,2.00,0,0.00,,2.00,0,4.00,0.00,,2.00,0.00,0.00,2.00,1,1.00,2.00,0.00,0.00,,65,0,80.56,80.56,90.48,90.48,73.72,73.72,78.03,78.03,50.00,50.00
Uzbekistan,UZB,20200327,3.00,1,3.00,1,2.00,1,3.00,1,2.00,0,2.00,1,2.00,1,4.00,0.00,,2.00,0.00,0.00,2.00,1,1.00,2.00,0.00,0.00,,83,0,90.74,90.74,95.24,95.24,80.77,80.77,86.36,86.36,50.00,50.00
Uzbekistan,UZB,20200328,3.00,1,3.00,1,2.00,1,3.00,1,2.00,0,2.00,1,2.00,1,4.00,0.00,,2.00,0.00,0.00,2.00,1,1.00,2.00,0.00,0.00,,104,0,90.74,90.74,95.24,95.24,80.77,80.77,86.36,86.36,50.00,50.00
Uzbekistan,UZB,20200329,3.00,1,3.00,1,2.00,1,3.00,1,2.00,0,2.00,1,2.00,1,4.00,0.00,,2.00,0.00,0.00,2.00,1,1.00,2.00,0.00,0.00,,133,1,90.74,90.74,95.24,95.24,80.77,80.77,86.36,86.36,50.00,50.00
Uzbekistan,UZB,20200330,3.00,1,3.00,1,2.00,1,3.00,1,2.00,0,2.00,1,2.00,1,4.00,0.00,,2.00,0.00,0.00,2.00,1,1.00,2.00,0.00,0.00,,145,1,90.74,90.74,95.24,95.24,80.77,80.77,86.36,86.36,50.00,50.00
Uzbekistan,UZB,20200331,3.00,1,3.00,1,2.00,1,3.00,1,2.00,0,2.00,1,2.00,1,4.00,0.00,,2.00,0.00,0.00,2.00,1,1.00,2.00,0.00,0.00,,149,2,90.74,90.74,95.24,95.24,80.77,80.77,86.36,86.36,50.00,50.00
Uzbekistan,UZB,20200401,3.00,1,3.00,1,2.00,1,3.00,1,2.00,0,2.00,1,2.00,1,4.00,0.00,,2.00,0.00,0.00,2.00,1,1.00,2.00,0.00,0.00,,173,2,90.74,90.74,95.24,95.24,80.77,80.77,86.36,86.36,50.00,50.00
Uzbekistan,UZB,20200402,3.00,1,3.00,1,2.00,1,3.00,1,2.00,0,2.00,1,2.00,1,4.00,0.00,,2.00,0.00,0.00,2.00,1,1.00,2.00,0.00,0.00,,187,2,90.74,90.74,95.24,95.24,80.77,80.77,86.36,86.36,50.00,50.00
Uzbekistan,UZB,20200403,3.00,1,3.00,1,2.00,1,3.00,1,2.00,0,2.00,1,2.00,1,4.00,0.00,,2.00,376402306.00,0.00,2.00,1,1.00,2.00,0.00,0.00,,190,2,90.74,90.74,95.24,95.24,80.77,80.77,86.36,86.36,50.00,50.00
Uzbekistan,UZB,20200404,3.00,1,3.00,1,2.00,1,3.00,1,2.00,0,2.00,1,2.00,1,4.00,0.00,,2.00,0.00,0.00,2.00,1,1.00,2.00,0.00,0.00,,227,2,90.74,90.74,95.24,95.24,80.77,80.77,86.36,86.36,50.00,50.00
Uzbekistan,UZB,20200405,3.00,1,3.00,1,2.00,1,3.00,1,2.00,0,2.00,1,2.00,1,4.00,0.00,,2.00,0.00,0.00,2.00,1,1.00,2.00,0.00,0.00,,266,2,90.74,90.74,95.24,95.24,80.77,80.77,86.36,86.36,50.00,50.00
Uzbekistan,UZB,20200406,3.00,1,3.00,1,2.00,1,3.00,1,2.00,0,2.00,1,2.00,1,4.00,0.00,,2.00,0.00,0.00,2.00,1,1.00,2.00,0.00,0.00,,342,2,90.74,90.74,95.24,95.24,80.77,80.77,86.36,86.36,50.00,50.00
Uzbekistan,UZB,20200407,3.00,1,3.00,1,2.00,1,3.00,1,2.00,0,2.00,1,2.00,1,4.00,0.00,,2.00,0.00,0.00,2.00,1,1.00,2.00,0.00,0.00,,397,2,90.74,90.74,95.24,95.24,80.77,80.77,86.36,86.36,50.00,50.00
Uzbekistan,UZB,20200408,3.00,1,3.00,1,2.00,1,3.00,1,2.00,0,2.00,1,2.00,1,4.00,0.00,,2.00,0.00,0.00,2.00,1,1.00,2.00,0.00,0.00,,504,2,90.74,90.74,95.24,95.24,80.77,80.77,86.36,86.36,50.00,50.00
Uzbekistan,UZB,20200409,3.00,1,3.00,1,2.00,1,3.00,1,2.00,0,2.00,1,2.00,1,4.00,0.00,,2.00,0.00,0.00,2.00,1,1.00,2.00,0.00,0.00,,555,3,90.74,90.74,95.24,95.24,80.77,80.77,86.36,86.36,50.00,50.00
Uzbekistan,UZB,20200410,3.00,1,3.00,1,2.00,1,3.00,1,2.00,0,2.00,1,2.00,1,4.00,0.00,,2.00,0.00,0.00,2.00,1,1.00,2.00,0.00,0.00,,582,3,90.74,90.74,95.24,95.24,80.77,80.77,86.36,86.36,50.00,50.00
Uzbekistan,UZB,20200411,3.00,1,3.00,1,2.00,1,3.00,1,2.00,0,2.00,1,2.00,1,4.00,0.00,,2.00,0.00,0.00,2.00,1,1.00,2.00,0.00,0.00,,624,3,90.74,90.74,95.24,95.24,80.77,80.77,86.36,86.36,50.00,50.00
Uzbekistan,UZB,20200412,3.00,1,3.00,1,2.00,1,3.00,1,2.00,0,2.00,1,2.00,1,4.00,0.00,,2.00,0.00,0.00,2.00,1,1.00,2.00,0.00,0.00,,796,4,90.74,90.74,95.24,95.24,80.77,80.77,86.36,86.36,50.00,50.00
Uzbekistan,UZB,20200413,3.00,1,3.00,1,2.00,1,3.00,1,2.00,0,2.00,1,2.00,1,4.00,0.00,,2.00,0.00,0.00,2.00,1,1.00,2.00,0.00,0.00,,865,4,90.74,90.74,95.24,95.24,80.77,80.77,86.36,86.36,50.00,50.00
Uzbekistan,UZB,20200414,3.00,1,3.00,1,2.00,1,3.00,1,2.00,0,2.00,1,2.00,1,4.00,0.00,,2.00,29569324.00,0.00,2.00,1,1.00,2.00,0.00,0.00,,998,4,90.74,90.74,95.24,95.24,80.77,80.77,86.36,86.36,50.00,50.00
Uzbekistan,UZB,20200415,3.00,1,3.00,1,2.00,1,3.00,1,2.00,0,2.00,1,2.00,1,4.00,0.00,,2.00,0.00,0.00,2.00,1,1.00,2.00,0.00,0.00,,1165,4,90.74,90.74,95.24,95.24,80.77,80.77,86.36,86.36,50.00,50.00
Uzbekistan,UZB,20200416,3.00,1,3.00,1,2.00,1,3.00,1,2.00,0,2.00,1,2.00,1,4.00,0.00,,2.00,0.00,0.00,2.00,1,1.00,2.00,0.00,0.00,,1302,4,90.74,90.74,95.24,95.24,80.77,80.77,86.36,86.36,50.00,50.00
Uzbekistan,UZB,20200417,3.00,1,3.00,1,2.00,1,3.00,1,2.00,0,2.00,1,2.00,1,4.00,0.00,,2.00,0.00,0.00,2.00,1,1.00,2.00,0.00,0.00,,1380,4,90.74,90.74,95.24,95.24,80.77,80.77,86.36,86.36,50.00,50.00
Uzbekistan,UZB,20200418,3.00,1,3.00,1,2.00,1,3.00,1,2.00,0,2.00,1,2.00,1,4.00,0.00,,2.00,0.00,0.00,2.00,1,1.00,2.00,0.00,0.00,,1450,4,90.74,90.74,95.24,95.24,80.77,80.77,86.36,86.36,50.00,50.00
Uzbekistan,UZB,20200419,3.00,1,3.00,1,2.00,1,3.00,1,2.00,0,2.00,1,2.00,1,4.00,0.00,,2.00,0.00,0.00,2.00,1,1.00,2.00,0.00,0.00,,1495,5,90.74,90.74,95.24,95.24,80.77,80.77,86.36,86.36,50.00,50.00
Uzbekistan,UZB,20200420,3.00,1,3.00,1,2.00,1,3.00,1,2.00,0,2.00,1,2.00,1,4.00,0.00,,2.00,0.00,0.00,2.00,1,1.00,2.00,0.00,0.00,,1565,5,90.74,90.74,95.24,95.24,80.77,80.77,86.36,86.36,50.00,50.00
Uzbekistan,UZB,20200421,3.00,1,3.00,1,2.00,1,3.00,1,2.00,0,2.00,1,2.00,1,4.00,0.00,,2.00,0.00,0.00,2.00,1,1.00,2.00,0.00,0.00,,1657,5,90.74,90.74,95.24,95.24,80.77,80.77,86.36,86.36,50.00,50.00
Uzbekistan,UZB,20200422,3.00,1,3.00,1,2.00,1,3.00,1,2.00,0,2.00,1,2.00,1,4.00,0.00,,2.00,0.00,0.00,2.00,1,1.00,2.00,0.00,0.00,,1692,6,90.74,90.74,95.24,95.24,80.77,80.77,86.36,86.36,50.00,50.00
Uzbekistan,UZB,20200423,3.00,1,3.00,1,2.00,1,3.00,1,2.00,0,2.00,1,2.00,1,4.00,0.00,,2.00,0.00,0.00,2.00,1,1.00,2.00,0.00,0.00,,1716,7,90.74,90.74,95.24,95.24,80.77,80.77,86.36,86.36,50.00,50.00
Uzbekistan,UZB,20200424,3.00,1,3.00,1,2.00,1,3.00,1,2.00,0,2.00,1,2.00,1,4.00,0.00,,2.00,0.00,0.00,2.00,1,1.00,2.00,0.00,0.00,,1778,7,90.74,90.74,95.24,95.24,80.77,80.77,86.36,86.36,50.00,50.00
Uzbekistan,UZB,20200425,3.00,1,3.00,1,2.00,1,3.00,1,2.00,0,2.00,1,2.00,1,4.00,0.00,,2.00,0.00,0.00,2.00,1,1.00,2.00,0.00,0.00,,1836,8,90.74,90.74,95.24,95.24,80.77,80.77,86.36,86.36,50.00,50.00
Uzbekistan,UZB,20200426,3.00,1,3.00,1,2.00,1,3.00,1,2.00,0,2.00,1,2.00,1,4.00,0.00,,2.00,0.00,0.00,2.00,1,1.00,2.00,0.00,0.00,,1865,8,90.74,90.74,95.24,95.24,80.77,80.77,86.36,86.36,50.00,50.00
Uzbekistan,UZB,20200427,3.00,1,3.00,1,2.00,1,3.00,1,2.00,0,2.00,1,2.00,1,4.00,0.00,,2.00,0.00,0.00,2.00,1,1.00,2.00,0.00,0.00,,1887,8,90.74,90.74,95.24,95.24,80.77,80.77,86.36,86.36,50.00,50.00
Uzbekistan,UZB,20200428,3.00,1,3.00,1,2.00,1,4.00,1,2.00,1,2.00,1,2.00,1,4.00,0.00,,2.00,0.00,0.00,2.00,1,1.00,2.00,0.00,0.00,,1904,8,96.30,96.30,100.00,100.00,84.62,84.62,90.91,90.91,50.00,50.00
Uzbekistan,UZB,20200429,3.00,1,3.00,1,2.00,1,4.00,1,2.00,1,2.00,1,2.00,1,4.00,0.00,,2.00,0.00,0.00,2.00,1,1.00,2.00,0.00,0.00,,1939,8,96.30,96.30,100.00,100.00,84.62,84.62,90.91,90.91,50.00,50.00
Uzbekistan,UZB,20200430,3.00,1,3.00,1,2.00,1,4.00,1,2.00,1,2.00,1,2.00,1,4.00,0.00,,2.00,0.00,0.00,2.00,1,1.00,2.00,0.00,0.00,,2002,9,96.30,96.30,100.00,100.00,84.62,84.62,90.91,90.91,50.00,50.00
Uzbekistan,UZB,20200501,3.00,1,3.00,1,2.00,1,4.00,1,2.00,1,2.00,1,2.00,1,4.00,0.00,,2.00,0.00,0.00,2.00,1,1.00,2.00,0.00,0.00,,2046,9,96.30,96.30,100.00,100.00,84.62,84.62,90.91,90.91,50.00,50.00
Uzbekistan,UZB,20200502,3.00,1,3.00,1,2.00,1,4.00,1,2.00,1,2.00,1,2.00,1,4.00,0.00,,2.00,0.00,0.00,2.00,1,1.00,2.00,0.00,0.00,,2094,9,96.30,96.30,100.00,100.00,84.62,84.62,90.91,90.91,50.00,50.00
Uzbekistan,UZB,20200503,3.00,1,3.00,1,2.00,1,4.00,1,2.00,1,2.00,1,2.00,1,4.00,0.00,,2.00,0.00,0.00,2.00,1,1.00,2.00,0.00,0.00,,2127,9,96.30,96.30,100.00,100.00,84.62,84.62,90.91,90.91,50.00,50.00
Uzbekistan,UZB,20200504,3.00,1,3.00,1,2.00,1,4.00,1,2.00,1,2.00,1,2.00,1,4.00,0.00,,2.00,0.00,0.00,2.00,1,1.00,2.00,0.00,0.00,,2149,10,96.30,96.30,100.00,100.00,84.62,84.62,90.91,90.91,50.00,50.00
Uzbekistan,UZB,20200505,3.00,1,3.00,1,2.00,1,4.00,1,2.00,1,2.00,1,2.00,1,4.00,0.00,,2.00,0.00,0.00,2.00,1,1.00,2.00,0.00,0.00,,2189,10,96.30,96.30,100.00,100.00,84.62,84.62,90.91,90.91,50.00,50.00
Uzbekistan,UZB,20200506,3.00,1,3.00,1,2.00,1,4.00,1,2.00,1,2.00,1,2.00,1,4.00,0.00,,2.00,0.00,0.00,2.00,1,1.00,2.00,0.00,0.00,,2207,10,96.30,96.30,100.00,100.00,84.62,84.62,90.91,90.91,50.00,50.00
Uzbekistan,UZB,20200507,3.00,1,3.00,1,2.00,1,4.00,1,2.00,1,2.00,1,2.00,1,4.00,0.00,,2.00,0.00,0.00,2.00,1,1.00,2.00,0.00,0.00,,2233,10,96.30,96.30,100.00,100.00,84.62,84.62,90.91,90.91,50.00,50.00
Uzbekistan,UZB,20200508,3.00,1,2.00,0,2.00,1,4.00,1,2.00,1,2.00,0,2.00,1,4.00,0.00,,2.00,0.00,0.00,2.00,1,1.00,2.00,0.00,0.00,,2298,10,88.89,88.89,92.86,92.86,79.49,79.49,84.85,84.85,50.00,50.00
Uzbekistan,UZB,20200509,3.00,1,2.00,0,2.00,1,4.00,1,2.00,1,2.00,0,2.00,1,4.00,0.00,,2.00,0.00,0.00,2.00,1,1.00,2.00,0.00,0.00,,2336,10,88.89,88.89,92.86,92.86,79.49,79.49,84.85,84.85,50.00,50.00
Uzbekistan,UZB,20200510,3.00,1,2.00,0,2.00,1,4.00,1,2.00,1,2.00,0,2.00,1,4.00,0.00,,2.00,0.00,0.00,2.00,1,1.00,2.00,0.00,0.00,,2387,10,88.89,88.89,92.86,92.86,79.49,79.49,84.85,84.85,50.00,50.00
Uzbekistan,UZB,20200511,3.00,1,2.00,0,2.00,1,4.00,1,2.00,1,2.00,0,2.00,1,4.00,0.00,,2.00,0.00,0.00,2.00,1,1.00,2.00,0.00,0.00,,2418,10,88.89,88.89,92.86,92.86,79.49,79.49,84.85,84.85,50.00,50.00
Uzbekistan,UZB,20200512,3.00,1,2.00,0,2.00,1,4.00,1,2.00,1,2.00,0,2.00,1,4.00,0.00,,2.00,0.00,0.00,2.00,1,1.00,2.00,0.00,0.00,,2509,10,88.89,88.89,92.86,92.86,79.49,79.49,84.85,84.85,50.00,50.00
Uzbekistan,UZB,20200513,3.00,1,2.00,0,2.00,1,4.00,1,2.00,1,2.00,0,2.00,1,4.00,0.00,,2.00,19726700.00,0.00,2.00,1,1.00,2.00,0.00,0.00,,2547,10,88.89,88.89,92.86,92.86,79.49,79.49,84.85,84.85,50.00,50.00
Uzbekistan,UZB,20200514,3.00,1,2.00,0,2.00,1,4.00,1,2.00,1,2.00,0,2.00,1,4.00,0.00,,2.00,0.00,0.00,2.00,1,1.00,2.00,0.00,0.00,,2612,11,88.89,88.89,92.86,92.86,79.49,79.49,84.85,84.85,50.00,50.00
Uzbekistan,UZB,20200515,3.00,1,2.00,0,2.00,1,4.00,1,2.00,1,2.00,0,2.00,1,4.00,0.00,,2.00,0.00,0.00,2.00,1,1.00,2.00,0.00,0.00,,2645,11,88.89,88.89,92.86,92.86,79.49,79.49,84.85,84.85,50.00,50.00
Uzbekistan,UZB,20200516,3.00,1,2.00,0,2.00,1,4.00,1,2.00,1,2.00,0,2.00,1,4.00,0.00,,2.00,0.00,0.00,2.00,1,1.00,2.00,0.00,0.00,,2691,11,88.89,88.89,92.86,92.86,79.49,79.49,84.85,84.85,50.00,50.00
Uzbekistan,UZB,20200517,3.00,1,2.00,0,2.00,1,4.00,1,2.00,1,2.00,0,2.00,1,4.00,0.00,,2.00,0.00,0.00,2.00,1,1.00,2.00,0.00,0.00,,2741,11,88.89,88.89,92.86,92.86,79.49,79.49,84.85,84.85,50.00,50.00
Uzbekistan,UZB,20200518,3.00,1,2.00,0,2.00,1,4.00,1,2.00,1,2.00,0,2.00,0,4.00,0.00,,2.00,0.00,0.00,2.00,1,1.00,2.00,0.00,0.00,,2753,12,86.11,86.11,88.10,88.10,77.56,77.56,82.58,82.58,50.00,50.00
Uzbekistan,UZB,20200519,3.00,1,2.00,0,2.00,1,4.00,1,2.00,1,2.00,0,2.00,0,4.00,0.00,,2.00,0.00,0.00,2.00,1,1.00,2.00,0.00,0.00,,2802,13,86.11,86.11,88.10,88.10,77.56,77.56,82.58,82.58,50.00,50.00
Uzbekistan,UZB,20200520,3.00,1,2.00,0,2.00,1,4.00,1,2.00,1,2.00,0,2.00,0,4.00,0.00,,2.00,0.00,0.00,2.00,1,1.00,2.00,0.00,0.00,,2880,13,86.11,86.11,88.10,88.10,77.56,77.56,82.58,82.58,50.00,50.00
Uzbekistan,UZB,20200521,3.00,1,2.00,0,2.00,1,4.00,1,2.00,1,2.00,0,2.00,0,4.00,0.00,,2.00,0.00,0.00,2.00,1,1.00,2.00,0.00,0.00,,2950,13,86.11,86.11,88.10,88.10,77.56,77.56,82.58,82.58,50.00,50.00
Uzbekistan,UZB,20200522,3.00,1,2.00,0,2.00,1,4.00,1,2.00,1,2.00,0,2.00,0,4.00,0.00,,2.00,0.00,0.00,2.00,1,1.00,2.00,0.00,0.00,,3006,13,86.11,86.11,88.10,88.10,77.56,77.56,82.58,82.58,50.00,50.00
Uzbekistan,UZB,20200523,3.00,1,2.00,0,2.00,1,4.00,1,2.00,1,2.00,0,2.00,0,4.00,0.00,,2.00,0.00,0.00,2.00,1,1.00,2.00,0.00,0.00,,3078,13,86.11,86.11,88.10,88.10,77.56,77.56,82.58,82.58,50.00,50.00
Uzbekistan,UZB,20200524,3.00,1,2.00,0,2.00,1,4.00,1,2.00,1,2.00,0,2.00,0,4.00,0.00,,2.00,0.00,0.00,2.00,1,1.00,2.00,0.00,0.00,,3132,13,86.11,86.11,88.10,88.10,77.56,77.56,82.58,82.58,50.00,50.00
Uzbekistan,UZB,20200525,3.00,1,2.00,0,2.00,1,4.00,1,2.00,1,2.00,0,2.00,0,4.00,0.00,,2.00,0.00,0.00,2.00,1,1.00,2.00,0.00,0.00,,3164,13,86.11,86.11,88.10,88.10,77.56,77.56,82.58,82.58,50.00,50.00
Uzbekistan,UZB,20200526,3.00,1,2.00,0,2.00,1,4.00,1,2.00,1,2.00,0,2.00,0,4.00,0.00,,2.00,0.00,0.00,2.00,1,1.00,2.00,0.00,0.00,,3261,13,86.11,86.11,88.10,88.10,77.56,77.56,82.58,82.58,50.00,50.00
Uzbekistan,UZB,20200527,3.00,1,2.00,0,2.00,1,4.00,1,2.00,1,2.00,0,2.00,0,4.00,0.00,,2.00,0.00,0.00,2.00,1,1.00,2.00,14000000.00,0.00,,3333,14,86.11,86.11,88.10,88.10,77.56,77.56,82.58,82.58,50.00,50.00
Uzbekistan,UZB,20200528,3.00,1,2.00,0,2.00,1,4.00,1,2.00,1,2.00,0,2.00,0,4.00,0.00,,2.00,0.00,0.00,2.00,1,1.00,2.00,0.00,0.00,,3333,14,86.11,86.11,88.10,88.10,77.56,77.56,82.58,82.58,50.00,50.00
Uzbekistan,UZB,20200529,3.00,1,2.00,0,2.00,1,4.00,1,2.00,1,2.00,0,2.00,0,4.00,0.00,,2.00,0.00,0.00,2.00,1,1.00,2.00,0.00,0.00,,3444,14,86.11,86.11,88.10,88.10,77.56,77.56,82.58,82.58,50.00,50.00
Uzbekistan,UZB,20200530,3.00,1,2.00,0,2.00,1,4.00,1,2.00,1,2.00,0,2.00,0,4.00,0.00,,2.00,0.00,0.00,2.00,1,1.00,2.00,0.00,0.00,,3513,14,86.11,86.11,88.10,88.10,77.56,77.56,82.58,82.58,50.00,50.00
Uzbekistan,UZB,20200531,3.00,1,2.00,0,2.00,1,4.00,1,2.00,1,2.00,0,2.00,0,4.00,0.00,,2.00,0.00,0.00,2.00,1,1.00,2.00,0.00,0.00,,3554,14,86.11,86.11,88.10,88.10,77.56,77.56,82.58,82.58,50.00,50.00
Uzbekistan,UZB,20200601,3.00,1,2.00,0,2.00,1,3.00,0,2.00,1,2.00,0,2.00,0,4.00,0.00,,2.00,0.00,0.00,2.00,1,1.00,2.00,0.00,0.00,,3662,15,81.94,81.94,88.10,88.10,74.68,74.68,79.17,79.17,50.00,50.00
Uzbekistan,UZB,20200602,3.00,1,2.00,0,2.00,1,3.00,0,2.00,1,2.00,0,2.00,0,4.00,0.00,,2.00,0.00,0.00,2.00,1,1.00,2.00,0.00,0.00,,3718,15,81.94,81.94,88.10,88.10,74.68,74.68,79.17,79.17,50.00,50.00
Uzbekistan,UZB,20200603,3.00,1,2.00,0,2.00,1,3.00,0,2.00,1,2.00,0,2.00,0,4.00,0.00,,2.00,0.00,0.00,2.00,1,1.00,2.00,0.00,0.00,,3769,15,81.94,81.94,88.10,88.10,74.68,74.68,79.17,79.17,50.00,50.00
Uzbekistan,UZB,20200604,3.00,1,2.00,0,2.00,1,3.00,0,2.00,1,2.00,0,2.00,0,4.00,0.00,,2.00,0.00,0.00,2.00,1,1.00,2.00,0.00,0.00,,3874,16,81.94,81.94,88.10,88.10,74.68,74.68,79.17,79.17,50.00,50.00
Uzbekistan,UZB,20200605,3.00,1,2.00,0,2.00,1,3.00,0,1.00,1,2.00,0,2.00,0,4.00,0.00,,2.00,0.00,0.00,2.00,1,1.00,2.00,0.00,0.00,,3965,16,76.39,76.39,83.33,83.33,70.83,70.83,74.62,74.62,50.00,50.00
Uzbekistan,UZB,20200606,3.00,1,2.00,0,2.00,1,3.00,0,1.00,1,2.00,0,2.00,0,4.00,0.00,,2.00,0.00,0.00,2.00,1,1.00,2.00,0.00,0.00,,4022,16,76.39,76.39,83.33,83.33,70.83,70.83,74.62,74.62,50.00,50.00
Uzbekistan,UZB,20200607,3.00,1,2.00,0,2.00,1,3.00,0,1.00,1,2.00,0,2.00,0,4.00,0.00,,2.00,0.00,0.00,2.00,1,1.00,2.00,0.00,0.00,,4181,17,76.39,76.39,83.33,83.33,70.83,70.83,74.62,74.62,50.00,50.00
Uzbekistan,UZB,20200608,3.00,1,2.00,0,2.00,1,3.00,0,1.00,1,2.00,0,2.00,0,4.00,0.00,,2.00,0.00,0.00,2.00,1,1.00,2.00,0.00,0.00,,4352,17,76.39,76.39,83.33,83.33,70.83,70.83,74.62,74.62,50.00,50.00
Uzbekistan,UZB,20200609,3.00,1,2.00,0,2.00,1,3.00,0,1.00,1,2.00,0,2.00,0,4.00,0.00,,2.00,0.00,0.00,2.00,1,1.00,2.00,0.00,0.00,,4448,18,76.39,76.39,83.33,83.33,70.83,70.83,74.62,74.62,50.00,50.00
Uzbekistan,UZB,20200610,3.00,1,2.00,0,2.00,1,3.00,0,1.00,1,2.00,0,2.00,0,4.00,0.00,,2.00,0.00,0.00,2.00,1,1.00,2.00,0.00,0.00,,4547,18,76.39,76.39,83.33,83.33,70.83,70.83,74.62,74.62,50.00,50.00
Uzbekistan,UZB,20200611,3.00,1,2.00,0,2.00,1,3.00,0,1.00,1,2.00,0,2.00,0,4.00,0.00,,2.00,0.00,0.00,2.00,1,1.00,2.00,0.00,0.00,,4695,19,76.39,76.39,83.33,83.33,70.83,70.83,74.62,74.62,50.00,50.00
Uzbekistan,UZB,20200612,3.00,1,2.00,0,2.00,1,3.00,0,1.00,1,2.00,0,2.00,0,4.00,0.00,,2.00,0.00,0.00,2.00,1,1.00,2.00,0.00,0.00,,4819,19,76.39,76.39,83.33,83.33,70.83,70.83,74.62,74.62,50.00,50.00
Uzbekistan,UZB,20200613,3.00,1,2.00,0,2.00,1,3.00,0,1.00,1,2.00,0,2.00,0,4.00,0.00,,2.00,0.00,0.00,2.00,1,1.00,2.00,0.00,0.00,,4901,19,76.39,76.39,83.33,83.33,70.83,70.83,74.62,74.62,50.00,50.00
Uzbekistan,UZB,20200614,3.00,1,2.00,0,2.00,1,3.00,0,1.00,1,2.00,0,2.00,0,4.00,0.00,,2.00,0.00,0.00,2.00,1,1.00,2.00,0.00,0.00,,4994,19,76.39,76.39,83.33,83.33,70.83,70.83,74.62,74.62,50.00,50.00
Uzbekistan,UZB,20200615,2.00,1,2.00,0,2.00,1,3.00,0,1.00,1,2.00,0,1.00,0,4.00,0.00,,2.00,0.00,0.00,2.00,1,1.00,2.00,0.00,0.00,,5103,19,67.13,67.13,77.38,77.38,64.42,64.42,67.05,67.05,50.00,50.00
Uzbekistan,UZB,20200616,2.00,1,2.00,0,2.00,1,3.00,0,1.00,1,2.00,0,1.00,0,4.00,0.00,,2.00,0.00,0.00,2.00,1,1.00,2.00,0.00,0.00,,5293,19,67.13,67.13,77.38,77.38,64.42,64.42,67.05,67.05,50.00,50.00
Uzbekistan,UZB,20200617,2.00,1,2.00,0,2.00,1,3.00,0,1.00,1,2.00,0,1.00,0,4.00,0.00,,2.00,0.00,0.00,2.00,1,1.00,2.00,0.00,0.00,,5561,19,67.13,67.13,77.38,77.38,64.42,64.42,67.05,67.05,50.00,50.00
Uzbekistan,UZB,20200618,2.00,1,2.00,0,2.00,1,3.00,0,1.00,1,2.00,0,1.00,0,4.00,0.00,,2.00,0.00,0.00,2.00,1,1.00,2.00,0.00,0.00,,5697,19,67.13,67.13,77.38,77.38,64.42,64.42,67.05,67.05,50.00,50.00
Uzbekistan,UZB,20200619,,,,,,,,,,,,,,,,,,,,,,,,,,,,5855,19,,67.13,,77.38,,64.42,,67.05,,50.00
Uzbekistan,UZB,20200620,,,,,,,,,,,,,,,,,,,,,,,,,,,,6025,19,,67.13,,77.38,,64.42,,67.05,,50.00
Uzbekistan,UZB,20200621,,,,,,,,,,,,,,,,,,,,,,,,,,,,6216,19,,67.13,,77.38,,64.42,,67.05,,50.00
Uzbekistan,UZB,20200622,,,,,,,,,,,,,,,,,,,,,,,,,,,,6358,19,,67.13,,77.38,,64.42,,67.05,,50.00
Uzbekistan,UZB,20200623,,,,,,,,,,,,,,,,,,,,,,,,,,,,6500,19,,67.13,,77.38,,64.42,,67.05,,50.00
