Panama,PAN,20200101,0.00,,0.00,,0.00,,0.00,,0.00,,0.00,,0.00,,0.00,0.00,,0.00,0.00,0.00,0.00,,0.00,0.00,0.00,0.00,,,,0.00,0.00,0.00,0.00,0.00,0.00,0.00,0.00,0.00,0.00
Panama,PAN,20200102,0.00,,0.00,,0.00,,0.00,,0.00,,0.00,,0.00,,0.00,0.00,,0.00,0.00,0.00,0.00,,0.00,0.00,0.00,0.00,,,,0.00,0.00,0.00,0.00,0.00,0.00,0.00,0.00,0.00,0.00
Panama,PAN,20200103,0.00,,0.00,,0.00,,0.00,,0.00,,0.00,,0.00,,0.00,0.00,,0.00,0.00,0.00,0.00,,0.00,0.00,0.00,0.00,,,,0.00,0.00,0.00,0.00,0.00,0.00,0.00,0.00,0.00,0.00
Panama,PAN,20200104,0.00,,0.00,,0.00,,0.00,,0.00,,0.00,,0.00,,0.00,0.00,,0.00,0.00,0.00,0.00,,0.00,0.00,0.00,0.00,,,,0.00,0.00,0.00,0.00,0.00,0.00,0.00,0.00,0.00,0.00
Panama,PAN,20200105,0.00,,0.00,,0.00,,0.00,,0.00,,0.00,,0.00,,0.00,0.00,,0.00,0.00,0.00,0.00,,0.00,0.00,0.00,0.00,,,,0.00,0.00,0.00,0.00,0.00,0.00,0.00,0.00,0.00,0.00
Panama,PAN,20200106,0.00,,0.00,,0.00,,0.00,,0.00,,0.00,,0.00,,0.00,0.00,,0.00,0.00,0.00,0.00,,0.00,0.00,0.00,0.00,,,,0.00,0.00,0.00,0.00,0.00,0.00,0.00,0.00,0.00,0.00
Panama,PAN,20200107,0.00,,0.00,,0.00,,0.00,,0.00,,0.00,,0.00,,0.00,0.00,,0.00,0.00,0.00,0.00,,0.00,0.00,0.00,0.00,,,,0.00,0.00,0.00,0.00,0.00,0.00,0.00,0.00,0.00,0.00
Panama,PAN,20200108,0.00,,0.00,,0.00,,0.00,,0.00,,0.00,,0.00,,0.00,0.00,,0.00,0.00,0.00,0.00,,0.00,0.00,0.00,0.00,,,,0.00,0.00,0.00,0.00,0.00,0.00,0.00,0.00,0.00,0.00
Panama,PAN,20200109,0.00,,0.00,,0.00,,0.00,,0.00,,0.00,,0.00,,0.00,0.00,,0.00,0.00,0.00,0.00,,0.00,0.00,0.00,0.00,,,,0.00,0.00,0.00,0.00,0.00,0.00,0.00,0.00,0.00,0.00
Panama,PAN,20200110,0.00,,0.00,,0.00,,0.00,,0.00,,0.00,,0.00,,0.00,0.00,,0.00,0.00,0.00,0.00,,0.00,0.00,0.00,0.00,,,,0.00,0.00,0.00,0.00,0.00,0.00,0.00,0.00,0.00,0.00
Panama,PAN,20200111,0.00,,0.00,,0.00,,0.00,,0.00,,0.00,,0.00,,0.00,0.00,,0.00,0.00,0.00,0.00,,0.00,0.00,0.00,0.00,,,,0.00,0.00,0.00,0.00,0.00,0.00,0.00,0.00,0.00,0.00
Panama,PAN,20200112,0.00,,0.00,,0.00,,0.00,,0.00,,0.00,,0.00,,0.00,0.00,,0.00,0.00,0.00,0.00,,0.00,0.00,0.00,0.00,,,,0.00,0.00,0.00,0.00,0.00,0.00,0.00,0.00,0.00,0.00
Panama,PAN,20200113,0.00,,0.00,,0.00,,0.00,,0.00,,0.00,,0.00,,0.00,0.00,,0.00,0.00,0.00,0.00,,0.00,0.00,0.00,0.00,,,,0.00,0.00,0.00,0.00,0.00,0.00,0.00,0.00,0.00,0.00
Panama,PAN,20200114,0.00,,0.00,,0.00,,0.00,,0.00,,0.00,,0.00,,0.00,0.00,,0.00,0.00,0.00,0.00,,0.00,0.00,0.00,0.00,,,,0.00,0.00,0.00,0.00,0.00,0.00,0.00,0.00,0.00,0.00
Panama,PAN,20200115,0.00,,0.00,,0.00,,0.00,,0.00,,0.00,,0.00,,0.00,0.00,,0.00,0.00,0.00,0.00,,0.00,0.00,0.00,0.00,,,,0.00,0.00,0.00,0.00,0.00,0.00,0.00,0.00,0.00,0.00
Panama,PAN,20200116,0.00,,0.00,,0.00,,0.00,,0.00,,0.00,,0.00,,0.00,0.00,,0.00,0.00,0.00,0.00,,0.00,0.00,0.00,0.00,,,,0.00,0.00,0.00,0.00,0.00,0.00,0.00,0.00,0.00,0.00
Panama,PAN,20200117,0.00,,0.00,,0.00,,0.00,,0.00,,0.00,,0.00,,0.00,0.00,,0.00,0.00,0.00,0.00,,0.00,0.00,0.00,0.00,,,,0.00,0.00,0.00,0.00,0.00,0.00,0.00,0.00,0.00,0.00
Panama,PAN,20200118,0.00,,0.00,,0.00,,0.00,,0.00,,0.00,,0.00,,0.00,0.00,,0.00,0.00,0.00,0.00,,0.00,0.00,0.00,0.00,,,,0.00,0.00,0.00,0.00,0.00,0.00,0.00,0.00,0.00,0.00
Panama,PAN,20200119,0.00,,0.00,,0.00,,0.00,,0.00,,0.00,,0.00,,0.00,0.00,,0.00,0.00,0.00,0.00,,0.00,0.00,0.00,0.00,,,,0.00,0.00,0.00,0.00,0.00,0.00,0.00,0.00,0.00,0.00
Panama,PAN,20200120,0.00,,0.00,,0.00,,0.00,,0.00,,0.00,,0.00,,0.00,0.00,,0.00,0.00,0.00,0.00,,0.00,0.00,0.00,0.00,,,,0.00,0.00,0.00,0.00,0.00,0.00,0.00,0.00,0.00,0.00
Panama,PAN,20200121,0.00,,0.00,,0.00,,0.00,,0.00,,0.00,,0.00,,0.00,0.00,,0.00,0.00,0.00,1.00,1,0.00,0.00,0.00,0.00,,,,5.56,5.56,9.52,9.52,3.85,3.85,4.55,4.55,0.00,0.00
Panama,PAN,20200122,0.00,,0.00,,0.00,,0.00,,0.00,,0.00,,0.00,,1.00,0.00,,0.00,0.00,0.00,1.00,1,0.00,0.00,0.00,0.00,,,,8.33,8.33,13.10,13.10,5.77,5.77,6.82,6.82,0.00,0.00
Panama,PAN,20200123,0.00,,0.00,,0.00,,0.00,,0.00,,0.00,,0.00,,1.00,0.00,,0.00,0.00,0.00,1.00,1,0.00,0.00,0.00,0.00,,,,8.33,8.33,13.10,13.10,5.77,5.77,6.82,6.82,0.00,0.00
Panama,PAN,20200124,0.00,,0.00,,0.00,,0.00,,0.00,,0.00,,0.00,,1.00,0.00,,0.00,0.00,0.00,1.00,1,0.00,0.00,0.00,0.00,,,,8.33,8.33,13.10,13.10,5.77,5.77,6.82,6.82,0.00,0.00
Panama,PAN,20200125,0.00,,0.00,,0.00,,0.00,,0.00,,0.00,,0.00,,1.00,0.00,,0.00,0.00,0.00,1.00,1,0.00,0.00,0.00,0.00,,,,8.33,8.33,13.10,13.10,5.77,5.77,6.82,6.82,0.00,0.00
Panama,PAN,20200126,0.00,,0.00,,0.00,,0.00,,0.00,,0.00,,0.00,,1.00,0.00,,0.00,0.00,0.00,1.00,1,0.00,0.00,0.00,0.00,,,,8.33,8.33,13.10,13.10,5.77,5.77,6.82,6.82,0.00,0.00
Panama,PAN,20200127,0.00,,0.00,,0.00,,0.00,,0.00,,0.00,,0.00,,1.00,0.00,,0.00,0.00,0.00,1.00,1,0.00,0.00,0.00,0.00,,,,8.33,8.33,13.10,13.10,5.77,5.77,6.82,6.82,0.00,0.00
Panama,PAN,20200128,0.00,,0.00,,0.00,,0.00,,0.00,,0.00,,0.00,,1.00,0.00,,0.00,0.00,0.00,1.00,1,0.00,0.00,0.00,0.00,,,,8.33,8.33,13.10,13.10,5.77,5.77,6.82,6.82,0.00,0.00
Panama,PAN,20200129,0.00,,0.00,,0.00,,0.00,,0.00,,0.00,,0.00,,1.00,0.00,,0.00,0.00,0.00,1.00,1,0.00,0.00,0.00,0.00,,,,8.33,8.33,13.10,13.10,5.77,5.77,6.82,6.82,0.00,0.00
Panama,PAN,20200130,0.00,,0.00,,0.00,,0.00,,0.00,,0.00,,0.00,,1.00,0.00,,0.00,0.00,0.00,1.00,1,0.00,0.00,0.00,0.00,,,,8.33,8.33,13.10,13.10,5.77,5.77,6.82,6.82,0.00,0.00
Panama,PAN,20200131,0.00,,0.00,,0.00,,0.00,,0.00,,0.00,,0.00,,1.00,0.00,,0.00,0.00,0.00,1.00,1,0.00,0.00,0.00,0.00,,,,8.33,8.33,13.10,13.10,5.77,5.77,6.82,6.82,0.00,0.00
Panama,PAN,20200201,0.00,,0.00,,0.00,,0.00,,0.00,,0.00,,0.00,,1.00,0.00,,0.00,0.00,0.00,1.00,1,0.00,0.00,0.00,0.00,,,,8.33,8.33,13.10,13.10,5.77,5.77,6.82,6.82,0.00,0.00
Panama,PAN,20200202,0.00,,0.00,,0.00,,0.00,,0.00,,0.00,,0.00,,1.00,0.00,,0.00,0.00,0.00,1.00,1,0.00,0.00,0.00,0.00,,,,8.33,8.33,13.10,13.10,5.77,5.77,6.82,6.82,0.00,0.00
Panama,PAN,20200203,0.00,,0.00,,0.00,,0.00,,0.00,,0.00,,0.00,,1.00,0.00,,0.00,0.00,0.00,1.00,1,0.00,0.00,1.00,0.00,,,,8.33,8.33,13.10,13.10,5.77,5.77,6.82,6.82,0.00,0.00
Panama,PAN,20200204,0.00,,0.00,,0.00,,0.00,,0.00,,0.00,,0.00,,1.00,0.00,,0.00,0.00,0.00,1.00,1,0.00,0.00,0.00,0.00,,,,8.33,8.33,13.10,13.10,5.77,5.77,6.82,6.82,0.00,0.00
Panama,PAN,20200205,0.00,,0.00,,0.00,,0.00,,0.00,,0.00,,0.00,,1.00,0.00,,0.00,0.00,0.00,1.00,1,0.00,0.00,0.00,0.00,,,,8.33,8.33,13.10,13.10,5.77,5.77,6.82,6.82,0.00,0.00
Panama,PAN,20200206,0.00,,0.00,,0.00,,0.00,,0.00,,0.00,,0.00,,1.00,0.00,,0.00,0.00,0.00,1.00,1,0.00,0.00,0.00,0.00,,,,8.33,8.33,13.10,13.10,5.77,5.77,6.82,6.82,0.00,0.00
Panama,PAN,20200207,0.00,,0.00,,0.00,,0.00,,0.00,,0.00,,0.00,,1.00,0.00,,0.00,0.00,0.00,1.00,1,0.00,0.00,0.00,0.00,,,,8.33,8.33,13.10,13.10,5.77,5.77,6.82,6.82,0.00,0.00
Panama,PAN,20200208,0.00,,0.00,,0.00,,0.00,,0.00,,0.00,,0.00,,1.00,0.00,,0.00,0.00,0.00,1.00,1,0.00,0.00,0.00,0.00,,,,8.33,8.33,13.10,13.10,5.77,5.77,6.82,6.82,0.00,0.00
Panama,PAN,20200209,0.00,,0.00,,0.00,,0.00,,0.00,,0.00,,0.00,,1.00,0.00,,0.00,0.00,0.00,1.00,1,0.00,0.00,0.00,0.00,,,,8.33,8.33,13.10,13.10,5.77,5.77,6.82,6.82,0.00,0.00
Panama,PAN,20200210,0.00,,0.00,,0.00,,0.00,,0.00,,0.00,,0.00,,1.00,0.00,,0.00,0.00,0.00,1.00,1,0.00,0.00,0.00,0.00,,,,8.33,8.33,13.10,13.10,5.77,5.77,6.82,6.82,0.00,0.00
Panama,PAN,20200211,0.00,,0.00,,0.00,,0.00,,0.00,,0.00,,0.00,,1.00,0.00,,0.00,0.00,0.00,1.00,1,0.00,0.00,0.00,0.00,,,,8.33,8.33,13.10,13.10,5.77,5.77,6.82,6.82,0.00,0.00
Panama,PAN,20200212,0.00,,0.00,,0.00,,0.00,,0.00,,0.00,,0.00,,1.00,0.00,,0.00,0.00,0.00,1.00,1,0.00,0.00,0.00,0.00,,,,8.33,8.33,13.10,13.10,5.77,5.77,6.82,6.82,0.00,0.00
Panama,PAN,20200213,0.00,,0.00,,0.00,,0.00,,0.00,,0.00,,0.00,,1.00,0.00,,0.00,0.00,0.00,1.00,1,0.00,0.00,0.00,0.00,,,,8.33,8.33,13.10,13.10,5.77,5.77,6.82,6.82,0.00,0.00
Panama,PAN,20200214,0.00,,0.00,,0.00,,0.00,,0.00,,0.00,,0.00,,1.00,0.00,,0.00,0.00,0.00,1.00,1,0.00,0.00,0.00,0.00,,,,8.33,8.33,13.10,13.10,5.77,5.77,6.82,6.82,0.00,0.00
Panama,PAN,20200215,0.00,,0.00,,0.00,,0.00,,0.00,,0.00,,0.00,,1.00,0.00,,0.00,0.00,0.00,1.00,1,0.00,0.00,0.00,0.00,,,,8.33,8.33,13.10,13.10,5.77,5.77,6.82,6.82,0.00,0.00
Panama,PAN,20200216,0.00,,0.00,,0.00,,0.00,,0.00,,0.00,,0.00,,1.00,0.00,,0.00,0.00,0.00,1.00,1,0.00,0.00,0.00,0.00,,,,8.33,8.33,13.10,13.10,5.77,5.77,6.82,6.82,0.00,0.00
Panama,PAN,20200217,0.00,,0.00,,0.00,,0.00,,0.00,,0.00,,0.00,,1.00,0.00,,0.00,0.00,0.00,1.00,1,0.00,0.00,0.00,0.00,,,,8.33,8.33,13.10,13.10,5.77,5.77,6.82,6.82,0.00,0.00
Panama,PAN,20200218,0.00,,0.00,,0.00,,0.00,,0.00,,0.00,,0.00,,1.00,0.00,,0.00,0.00,0.00,1.00,1,0.00,0.00,0.00,0.00,,,,8.33,8.33,13.10,13.10,5.77,5.77,6.82,6.82,0.00,0.00
Panama,PAN,20200219,0.00,,0.00,,0.00,,0.00,,0.00,,0.00,,0.00,,1.00,0.00,,0.00,0.00,0.00,1.00,1,0.00,0.00,0.00,0.00,,,,8.33,8.33,13.10,13.10,5.77,5.77,6.82,6.82,0.00,0.00
Panama,PAN,20200220,0.00,,0.00,,0.00,,0.00,,0.00,,0.00,,0.00,,1.00,0.00,,0.00,0.00,0.00,1.00,1,0.00,0.00,0.00,0.00,,,,8.33,8.33,13.10,13.10,5.77,5.77,6.82,6.82,0.00,0.00
Panama,PAN,20200221,0.00,,0.00,,0.00,,0.00,,0.00,,0.00,,0.00,,1.00,0.00,,0.00,0.00,0.00,1.00,1,0.00,0.00,0.00,0.00,,,,8.33,8.33,13.10,13.10,5.77,5.77,6.82,6.82,0.00,0.00
Panama,PAN,20200222,0.00,,0.00,,0.00,,0.00,,0.00,,0.00,,0.00,,1.00,0.00,,0.00,0.00,0.00,1.00,1,0.00,0.00,0.00,0.00,,,,8.33,8.33,13.10,13.10,5.77,5.77,6.82,6.82,0.00,0.00
Panama,PAN,20200223,0.00,,0.00,,0.00,,0.00,,0.00,,0.00,,0.00,,1.00,0.00,,0.00,0.00,0.00,1.00,1,0.00,0.00,0.00,0.00,,,,8.33,8.33,13.10,13.10,5.77,5.77,6.82,6.82,0.00,0.00
Panama,PAN,20200224,0.00,,0.00,,0.00,,0.00,,0.00,,0.00,,0.00,,1.00,0.00,,0.00,0.00,0.00,1.00,1,0.00,0.00,0.00,0.00,,,,8.33,8.33,13.10,13.10,5.77,5.77,6.82,6.82,0.00,0.00
Panama,PAN,20200225,0.00,,0.00,,0.00,,0.00,,0.00,,0.00,,0.00,,1.00,0.00,,0.00,0.00,0.00,1.00,1,0.00,0.00,0.00,0.00,,,,8.33,8.33,13.10,13.10,5.77,5.77,6.82,6.82,0.00,0.00
Panama,PAN,20200226,0.00,,0.00,,0.00,,0.00,,0.00,,0.00,,0.00,,1.00,0.00,,0.00,0.00,0.00,1.00,1,0.00,0.00,0.00,0.00,,,,8.33,8.33,13.10,13.10,5.77,5.77,6.82,6.82,0.00,0.00
Panama,PAN,20200227,0.00,,0.00,,0.00,,0.00,,0.00,,0.00,,0.00,,1.00,0.00,,0.00,0.00,0.00,1.00,1,0.00,0.00,0.00,0.00,,,,8.33,8.33,13.10,13.10,5.77,5.77,6.82,6.82,0.00,0.00
Panama,PAN,20200228,0.00,,0.00,,0.00,,0.00,,0.00,,0.00,,0.00,,1.00,0.00,,0.00,0.00,0.00,1.00,1,0.00,0.00,0.00,0.00,,,,8.33,8.33,13.10,13.10,5.77,5.77,6.82,6.82,0.00,0.00
Panama,PAN,20200229,0.00,,0.00,,0.00,,0.00,,0.00,,0.00,,0.00,,1.00,0.00,,0.00,0.00,0.00,1.00,1,0.00,0.00,0.00,0.00,,,,8.33,8.33,13.10,13.10,5.77,5.77,6.82,6.82,0.00,0.00
Panama,PAN,20200301,0.00,,0.00,,0.00,,0.00,,0.00,,0.00,,0.00,,1.00,0.00,,0.00,0.00,0.00,1.00,1,0.00,0.00,0.00,0.00,,,,8.33,8.33,13.10,13.10,5.77,5.77,6.82,6.82,0.00,0.00
Panama,PAN,20200302,0.00,,0.00,,0.00,,0.00,,0.00,,0.00,,0.00,,1.00,0.00,,0.00,0.00,0.00,1.00,1,0.00,0.00,0.00,0.00,,,,8.33,8.33,13.10,13.10,5.77,5.77,6.82,6.82,0.00,0.00
Panama,PAN,20200303,0.00,,0.00,,0.00,,0.00,,0.00,,0.00,,0.00,,1.00,0.00,,0.00,0.00,0.00,1.00,1,0.00,0.00,0.00,0.00,,,,8.33,8.33,13.10,13.10,5.77,5.77,6.82,6.82,0.00,0.00
Panama,PAN,20200304,0.00,,0.00,,0.00,,0.00,,0.00,,0.00,,0.00,,1.00,0.00,,0.00,0.00,0.00,1.00,1,0.00,0.00,0.00,0.00,,,,8.33,8.33,13.10,13.10,5.77,5.77,6.82,6.82,0.00,0.00
Panama,PAN,20200305,0.00,,0.00,,0.00,,0.00,,0.00,,0.00,,0.00,,1.00,0.00,,0.00,0.00,0.00,1.00,1,0.00,0.00,0.00,0.00,,,,8.33,8.33,13.10,13.10,5.77,5.77,6.82,6.82,0.00,0.00
Panama,PAN,20200306,0.00,,0.00,,0.00,,0.00,,0.00,,0.00,,0.00,,1.00,0.00,,0.00,0.00,0.00,1.00,1,0.00,0.00,0.00,0.00,,,,8.33,8.33,13.10,13.10,5.77,5.77,6.82,6.82,0.00,0.00
Panama,PAN,20200307,0.00,,0.00,,0.00,,0.00,,0.00,,0.00,,0.00,,1.00,0.00,,0.00,0.00,0.00,1.00,1,0.00,0.00,0.00,0.00,,,,8.33,8.33,13.10,13.10,5.77,5.77,6.82,6.82,0.00,0.00
Panama,PAN,20200308,0.00,,0.00,,0.00,,0.00,,0.00,,0.00,,0.00,,1.00,0.00,,0.00,0.00,0.00,1.00,1,0.00,0.00,0.00,0.00,,,,8.33,8.33,13.10,13.10,5.77,5.77,6.82,6.82,0.00,0.00
Panama,PAN,20200309,0.00,,0.00,,0.00,,0.00,,0.00,,0.00,,0.00,,1.00,0.00,,0.00,0.00,0.00,1.00,1,0.00,0.00,0.00,0.00,,,,8.33,8.33,13.10,13.10,5.77,5.77,6.82,6.82,0.00,0.00
Panama,PAN,20200310,0.00,,0.00,,0.00,,0.00,,0.00,,0.00,,0.00,,1.00,0.00,,0.00,0.00,0.00,1.00,1,2.00,1.00,0.00,0.00,,1,0,8.33,8.33,13.10,13.10,14.74,14.74,17.42,17.42,0.00,0.00
Panama,PAN,20200311,0.00,,0.00,,0.00,,0.00,,0.00,,0.00,,0.00,,1.00,0.00,,0.00,0.00,0.00,1.00,1,2.00,1.00,0.00,0.00,,7,1,8.33,8.33,13.10,13.10,14.74,14.74,17.42,17.42,0.00,0.00
Panama,PAN,20200312,3.00,1,0.00,,0.00,,0.00,,0.00,,0.00,,0.00,,1.00,0.00,,0.00,0.00,0.00,1.00,1,2.00,1.00,0.00,0.00,,14,1,19.44,19.44,27.38,27.38,22.44,22.44,26.52,26.52,0.00,0.00
Panama,PAN,20200313,3.00,1,0.00,,2.00,1,3.00,1,0.00,,0.00,,0.00,,3.00,0.00,,0.00,0.00,0.00,1.00,1,2.00,1.00,0.00,0.00,,27,1,44.44,44.44,48.81,48.81,39.74,39.74,46.97,46.97,0.00,0.00
Panama,PAN,20200314,3.00,1,0.00,,2.00,1,3.00,1,0.00,,0.00,,0.00,,3.00,0.00,,0.00,0.00,0.00,1.00,1,2.00,1.00,0.00,0.00,,36,1,44.44,44.44,48.81,48.81,39.74,39.74,46.97,46.97,0.00,0.00
Panama,PAN,20200315,3.00,1,0.00,,2.00,1,3.00,1,0.00,,0.00,,0.00,,3.00,0.00,,0.00,1372000000.00,0.00,1.00,1,2.00,1.00,0.00,0.00,,43,1,44.44,44.44,48.81,48.81,39.74,39.74,46.97,46.97,0.00,0.00
Panama,PAN,20200316,3.00,1,1.00,1,2.00,1,3.00,1,0.00,,0.00,,0.00,,3.00,0.00,,0.00,0.00,0.00,1.00,1,2.00,1.00,1000000.00,0.00,,43,1,48.15,48.15,55.95,55.95,42.31,42.31,50.00,50.00,0.00,0.00
Panama,PAN,20200317,3.00,1,1.00,1,2.00,1,3.00,1,0.00,,1.00,1,0.00,,3.00,0.00,,0.00,0.00,0.00,1.00,1,2.00,1.00,0.00,0.00,,69,1,51.85,51.85,63.10,63.10,44.87,44.87,53.03,53.03,0.00,0.00
Panama,PAN,20200318,3.00,1,1.00,1,2.00,1,3.00,1,0.00,,1.00,1,0.00,,3.00,0.00,,0.00,0.00,0.00,1.00,1,2.00,1.00,0.00,0.00,,86,1,51.85,51.85,63.10,63.10,44.87,44.87,53.03,53.03,0.00,0.00
Panama,PAN,20200319,3.00,1,1.00,1,2.00,1,3.00,1,0.00,,1.00,1,0.00,,3.00,0.00,,0.00,0.00,0.00,1.00,1,2.00,1.00,0.00,0.00,,109,1,51.85,51.85,63.10,63.10,44.87,44.87,53.03,53.03,0.00,0.00
Panama,PAN,20200320,3.00,1,3.00,1,2.00,1,3.00,1,0.00,,1.00,1,0.00,,3.00,0.00,,0.00,0.00,0.00,1.00,1,2.00,1.00,0.00,0.00,,137,1,59.26,59.26,70.24,70.24,50.00,50.00,59.09,59.09,0.00,0.00
Panama,PAN,20200321,3.00,1,3.00,1,2.00,1,3.00,1,0.00,,1.00,1,0.00,,3.00,0.00,,0.00,0.00,0.00,1.00,1,2.00,1.00,0.00,0.00,,200,1,59.26,59.26,70.24,70.24,50.00,50.00,59.09,59.09,0.00,0.00
Panama,PAN,20200322,3.00,1,3.00,1,2.00,1,3.00,1,0.00,,1.00,1,0.00,,3.00,0.00,,0.00,0.00,0.00,1.00,1,2.00,1.00,0.00,0.00,,245,3,59.26,59.26,70.24,70.24,50.00,50.00,59.09,59.09,0.00,0.00
Panama,PAN,20200323,3.00,1,3.00,1,2.00,1,3.00,1,0.00,,1.00,1,2.00,1,3.00,0.00,,0.00,575000.00,0.00,1.00,1,2.00,1.00,0.00,0.00,,313,3,70.37,70.37,77.38,77.38,57.69,57.69,68.18,68.18,0.00,0.00
Panama,PAN,20200324,3.00,1,3.00,1,2.00,1,3.00,1,0.00,,1.00,1,2.00,1,3.00,0.00,,0.00,0.00,0.00,2.00,1,2.00,1.00,0.00,0.00,,345,6,75.93,75.93,82.14,82.14,61.54,61.54,72.73,72.73,0.00,0.00
Panama,PAN,20200325,3.00,1,3.00,1,2.00,1,3.00,1,0.00,,1.00,1,2.00,1,3.00,0.00,,0.00,0.00,0.00,2.00,1,2.00,1.00,0.00,0.00,,443,6,75.93,75.93,82.14,82.14,61.54,61.54,72.73,72.73,0.00,0.00
Panama,PAN,20200326,3.00,1,3.00,1,2.00,1,3.00,1,0.00,,1.00,1,2.00,1,3.00,0.00,,0.00,0.00,0.00,2.00,1,2.00,1.00,0.00,0.00,,588,6,75.93,75.93,82.14,82.14,61.54,61.54,72.73,72.73,0.00,0.00
Panama,PAN,20200327,3.00,1,3.00,1,2.00,1,3.00,1,0.00,,1.00,1,2.00,1,3.00,0.00,,0.00,0.00,0.00,2.00,1,2.00,1.00,0.00,0.00,,674,9,75.93,75.93,82.14,82.14,61.54,61.54,72.73,72.73,0.00,0.00
Panama,PAN,20200328,3.00,1,3.00,1,2.00,1,3.00,1,0.00,,1.00,1,2.00,1,3.00,0.00,,0.00,0.00,0.00,2.00,1,2.00,1.00,0.00,0.00,,786,14,75.93,75.93,82.14,82.14,61.54,61.54,72.73,72.73,0.00,0.00
Panama,PAN,20200329,3.00,1,3.00,1,2.00,1,3.00,1,0.00,,1.00,1,2.00,1,3.00,0.00,,0.00,0.00,0.00,2.00,1,2.00,1.00,0.00,0.00,,901,17,75.93,75.93,82.14,82.14,61.54,61.54,72.73,72.73,0.00,0.00
Panama,PAN,20200330,3.00,1,3.00,1,2.00,1,3.00,1,0.00,,1.00,1,2.00,1,3.00,0.00,,0.00,0.00,0.00,2.00,1,2.00,1.00,0.00,0.00,,989,24,75.93,75.93,82.14,82.14,61.54,61.54,72.73,72.73,0.00,0.00
Panama,PAN,20200331,3.00,1,3.00,1,2.00,1,3.00,1,0.00,,1.00,1,2.00,1,3.00,0.00,,0.00,0.00,0.00,2.00,1,2.00,1.00,0.00,0.00,,1075,26,75.93,75.93,82.14,82.14,61.54,61.54,72.73,72.73,0.00,0.00
Panama,PAN,20200401,3.00,1,3.00,1,2.00,1,3.00,1,0.00,,2.00,1,2.00,1,3.00,0.00,,0.00,0.00,0.00,2.00,1,2.00,1.00,0.00,0.00,,1181,30,79.63,79.63,82.14,82.14,64.10,64.10,75.76,75.76,0.00,0.00
Panama,PAN,20200402,3.00,1,3.00,1,2.00,1,3.00,1,0.00,,2.00,1,2.00,1,3.00,0.00,,0.00,0.00,0.00,2.00,1,2.00,1.00,0.00,0.00,,1317,32,79.63,79.63,82.14,82.14,64.10,64.10,75.76,75.76,0.00,0.00
Panama,PAN,20200403,3.00,1,3.00,1,2.00,1,3.00,1,2.00,1,2.00,1,2.00,1,3.00,0.00,,0.00,0.00,0.00,2.00,1,2.00,1.00,0.00,0.00,,1475,37,90.74,90.74,96.43,96.43,71.79,71.79,84.85,84.85,0.00,0.00
Panama,PAN,20200404,3.00,1,3.00,1,2.00,1,3.00,1,2.00,1,2.00,1,2.00,1,3.00,0.00,,0.00,0.00,0.00,2.00,1,2.00,1.00,0.00,0.00,,1673,41,90.74,90.74,96.43,96.43,71.79,71.79,84.85,84.85,0.00,0.00
Panama,PAN,20200405,3.00,1,3.00,1,2.00,1,3.00,1,2.00,1,2.00,1,2.00,1,3.00,0.00,,0.00,0.00,0.00,2.00,1,2.00,1.00,0.00,0.00,,1801,46,90.74,90.74,96.43,96.43,71.79,71.79,84.85,84.85,0.00,0.00
Panama,PAN,20200406,3.00,1,3.00,1,2.00,1,3.00,1,2.00,1,2.00,1,2.00,1,3.00,0.00,,0.00,0.00,0.00,2.00,1,2.00,1.00,0.00,0.00,,1988,54,90.74,90.74,96.43,96.43,71.79,71.79,84.85,84.85,0.00,0.00
Panama,PAN,20200407,3.00,1,3.00,1,2.00,1,3.00,1,2.00,1,2.00,1,2.00,1,3.00,0.00,,0.00,0.00,0.00,2.00,1,2.00,1.00,0.00,0.00,,2100,55,90.74,90.74,96.43,96.43,71.79,71.79,84.85,84.85,0.00,0.00
Panama,PAN,20200408,3.00,1,3.00,1,2.00,1,3.00,1,2.00,1,2.00,1,2.00,1,3.00,0.00,,0.00,0.00,0.00,2.00,1,2.00,1.00,0.00,0.00,,2249,59,90.74,90.74,96.43,96.43,71.79,71.79,84.85,84.85,0.00,0.00
Panama,PAN,20200409,3.00,1,3.00,1,2.00,1,3.00,1,2.00,1,2.00,1,2.00,1,3.00,0.00,,0.00,0.00,0.00,2.00,1,2.00,1.00,0.00,0.00,,2528,63,90.74,90.74,96.43,96.43,71.79,71.79,84.85,84.85,0.00,0.00
Panama,PAN,20200410,3.00,1,3.00,1,2.00,1,3.00,1,2.00,1,2.00,1,2.00,1,3.00,0.00,,0.00,0.00,0.00,2.00,1,2.00,1.00,0.00,0.00,,2752,66,90.74,90.74,96.43,96.43,71.79,71.79,84.85,84.85,0.00,0.00
Panama,PAN,20200411,3.00,1,3.00,1,2.00,1,3.00,1,2.00,1,2.00,1,2.00,1,3.00,0.00,,0.00,0.00,0.00,2.00,1,2.00,1.00,0.00,0.00,,2974,74,90.74,90.74,96.43,96.43,71.79,71.79,84.85,84.85,0.00,0.00
Panama,PAN,20200412,3.00,1,3.00,1,2.00,1,3.00,1,2.00,1,2.00,1,2.00,1,3.00,0.00,,0.00,0.00,0.00,2.00,1,2.00,1.00,0.00,0.00,,3234,79,90.74,90.74,96.43,96.43,71.79,71.79,84.85,84.85,0.00,0.00
Panama,PAN,20200413,3.00,1,3.00,1,2.00,1,3.00,1,2.00,1,2.00,1,2.00,1,3.00,0.00,,0.00,0.00,0.00,2.00,1,2.00,1.00,0.00,0.00,,3400,87,90.74,90.74,96.43,96.43,71.79,71.79,84.85,84.85,0.00,0.00
Panama,PAN,20200414,3.00,1,3.00,1,2.00,1,3.00,1,2.00,1,2.00,1,2.00,1,3.00,0.00,,0.00,0.00,0.00,2.00,1,2.00,1.00,0.00,0.00,,3472,94,90.74,90.74,96.43,96.43,71.79,71.79,84.85,84.85,0.00,0.00
Panama,PAN,20200415,3.00,1,3.00,1,2.00,1,3.00,1,2.00,1,2.00,1,2.00,1,3.00,0.00,,0.00,0.00,0.00,2.00,1,2.00,1.00,0.00,0.00,,3574,95,90.74,90.74,96.43,96.43,71.79,71.79,84.85,84.85,0.00,0.00
Panama,PAN,20200416,3.00,1,3.00,1,2.00,1,3.00,1,2.00,1,2.00,1,2.00,1,3.00,0.00,,0.00,0.00,0.00,2.00,1,2.00,1.00,0.00,0.00,,3751,103,90.74,90.74,96.43,96.43,71.79,71.79,84.85,84.85,0.00,0.00
Panama,PAN,20200417,3.00,1,3.00,1,2.00,1,3.00,1,2.00,1,2.00,1,2.00,1,3.00,0.00,,0.00,0.00,0.00,2.00,1,2.00,1.00,0.00,0.00,,4016,109,90.74,90.74,96.43,96.43,71.79,71.79,84.85,84.85,0.00,0.00
Panama,PAN,20200418,3.00,1,3.00,1,2.00,1,3.00,1,2.00,1,2.00,1,2.00,1,4.00,0.00,,0.00,0.00,0.00,2.00,1,2.00,1.00,0.00,0.00,,4210,116,93.52,93.52,100.00,100.00,73.72,73.72,87.12,87.12,0.00,0.00
Panama,PAN,20200419,3.00,1,3.00,1,2.00,1,3.00,1,2.00,1,2.00,1,2.00,1,4.00,0.00,,0.00,0.00,0.00,2.00,1,2.00,1.00,0.00,0.00,,4273,120,93.52,93.52,100.00,100.00,73.72,73.72,87.12,87.12,0.00,0.00
Panama,PAN,20200420,3.00,1,3.00,1,2.00,1,3.00,1,2.00,1,2.00,1,2.00,1,4.00,0.00,,0.00,0.00,0.00,2.00,1,2.00,1.00,0.00,0.00,,4467,126,93.52,93.52,100.00,100.00,73.72,73.72,87.12,87.12,0.00,0.00
Panama,PAN,20200421,3.00,1,3.00,1,2.00,1,3.00,1,2.00,1,2.00,1,2.00,1,4.00,0.00,,0.00,0.00,0.00,2.00,1,2.00,1.00,0.00,0.00,,4658,136,93.52,93.52,100.00,100.00,73.72,73.72,87.12,87.12,0.00,0.00
Panama,PAN,20200422,3.00,1,3.00,1,2.00,1,3.00,1,2.00,1,2.00,1,2.00,1,4.00,0.00,,0.00,0.00,0.00,2.00,1,2.00,1.00,0.00,0.00,,4821,141,93.52,93.52,100.00,100.00,73.72,73.72,87.12,87.12,0.00,0.00
Panama,PAN,20200423,3.00,1,3.00,1,2.00,1,3.00,1,2.00,1,2.00,1,2.00,1,4.00,0.00,,0.00,0.00,0.00,2.00,1,2.00,1.00,0.00,0.00,,4992,144,93.52,93.52,100.00,100.00,73.72,73.72,87.12,87.12,0.00,0.00
Panama,PAN,20200424,3.00,1,3.00,1,2.00,1,3.00,1,2.00,1,2.00,1,2.00,1,4.00,0.00,,0.00,0.00,0.00,2.00,1,2.00,1.00,0.00,0.00,,5166,146,93.52,93.52,100.00,100.00,73.72,73.72,87.12,87.12,0.00,0.00
Panama,PAN,20200425,3.00,1,3.00,1,2.00,1,3.00,1,2.00,1,2.00,1,2.00,1,4.00,0.00,,0.00,0.00,0.00,2.00,1,2.00,1.00,0.00,0.00,,5338,154,93.52,93.52,100.00,100.00,73.72,73.72,87.12,87.12,0.00,0.00
Panama,PAN,20200426,3.00,1,3.00,1,2.00,1,3.00,1,2.00,1,2.00,1,2.00,1,4.00,0.00,,0.00,0.00,0.00,2.00,1,2.00,1.00,0.00,0.00,,5538,159,93.52,93.52,100.00,100.00,73.72,73.72,87.12,87.12,0.00,0.00
Panama,PAN,20200427,3.00,1,3.00,1,2.00,1,3.00,1,2.00,1,2.00,1,2.00,1,4.00,0.00,,0.00,0.00,0.00,2.00,1,2.00,1.00,0.00,0.00,,5779,165,93.52,93.52,100.00,100.00,73.72,73.72,87.12,87.12,0.00,0.00
Panama,PAN,20200428,3.00,1,3.00,1,2.00,1,3.00,1,2.00,1,2.00,1,2.00,1,4.00,0.00,,0.00,0.00,0.00,2.00,1,2.00,1.00,0.00,0.00,,6021,167,93.52,93.52,100.00,100.00,73.72,73.72,87.12,87.12,0.00,0.00
Panama,PAN,20200429,3.00,1,3.00,1,2.00,1,3.00,1,2.00,1,2.00,1,2.00,1,4.00,0.00,,0.00,0.00,0.00,2.00,1,2.00,1.00,0.00,0.00,,6200,176,93.52,93.52,100.00,100.00,73.72,73.72,87.12,87.12,0.00,0.00
Panama,PAN,20200430,3.00,1,3.00,1,2.00,1,3.00,1,2.00,1,2.00,1,2.00,1,4.00,1.00,0,2.00,6700000.00,0.00,2.00,1,2.00,1.00,0.00,0.00,,6378,178,93.52,93.52,100.00,100.00,83.33,83.33,87.12,87.12,62.50,62.50
Panama,PAN,20200501,3.00,1,3.00,1,2.00,1,3.00,1,2.00,1,2.00,1,2.00,1,4.00,1.00,0,2.00,0.00,0.00,2.00,1,2.00,1.00,0.00,0.00,,6532,188,93.52,93.52,100.00,100.00,83.33,83.33,87.12,87.12,62.50,62.50
Panama,PAN,20200502,3.00,1,3.00,1,2.00,1,3.00,1,2.00,1,2.00,1,2.00,1,4.00,1.00,0,2.00,0.00,0.00,2.00,1,2.00,1.00,0.00,0.00,,6720,192,93.52,93.52,100.00,100.00,83.33,83.33,87.12,87.12,62.50,62.50
Panama,PAN,20200503,3.00,1,3.00,1,2.00,1,3.00,1,2.00,1,2.00,1,2.00,1,4.00,1.00,0,2.00,0.00,0.00,2.00,1,2.00,1.00,0.00,0.00,,7090,197,93.52,93.52,100.00,100.00,83.33,83.33,87.12,87.12,62.50,62.50
Panama,PAN,20200504,3.00,1,3.00,1,2.00,1,3.00,1,2.00,1,2.00,1,2.00,1,4.00,1.00,0,2.00,0.00,0.00,2.00,1,2.00,1.00,0.00,0.00,,7197,200,93.52,93.52,100.00,100.00,83.33,83.33,87.12,87.12,62.50,62.50
Panama,PAN,20200505,3.00,1,3.00,1,2.00,1,3.00,1,2.00,1,2.00,1,2.00,1,4.00,1.00,0,2.00,0.00,0.00,2.00,1,2.00,1.00,0.00,0.00,,7387,203,93.52,93.52,100.00,100.00,83.33,83.33,87.12,87.12,62.50,62.50
Panama,PAN,20200506,3.00,1,3.00,1,2.00,1,3.00,1,2.00,1,2.00,1,2.00,1,4.00,1.00,0,2.00,0.00,0.00,2.00,1,2.00,1.00,0.00,0.00,,7523,210,93.52,93.52,100.00,100.00,83.33,83.33,87.12,87.12,62.50,62.50
Panama,PAN,20200507,3.00,1,3.00,1,2.00,1,3.00,1,2.00,1,2.00,1,2.00,1,4.00,1.00,0,2.00,0.00,0.00,2.00,1,2.00,1.00,0.00,0.00,,7731,218,93.52,93.52,100.00,100.00,83.33,83.33,87.12,87.12,62.50,62.50
Panama,PAN,20200508,3.00,1,3.00,1,2.00,1,3.00,1,2.00,1,2.00,1,2.00,1,4.00,1.00,0,2.00,0.00,0.00,2.00,1,2.00,1.00,0.00,0.00,,7868,225,93.52,93.52,100.00,100.00,83.33,83.33,87.12,87.12,62.50,62.50
Panama,PAN,20200509,3.00,1,3.00,1,2.00,1,3.00,1,2.00,1,2.00,1,2.00,1,4.00,1.00,0,2.00,0.00,0.00,2.00,1,2.00,1.00,0.00,0.00,,8070,231,93.52,93.52,100.00,100.00,83.33,83.33,87.12,87.12,62.50,62.50
Panama,PAN,20200510,3.00,1,3.00,1,2.00,1,3.00,1,2.00,1,2.00,1,2.00,1,4.00,1.00,0,2.00,0.00,0.00,2.00,1,2.00,1.00,0.00,0.00,,8282,237,93.52,93.52,100.00,100.00,83.33,83.33,87.12,87.12,62.50,62.50
Panama,PAN,20200511,3.00,1,3.00,1,2.00,1,3.00,1,2.00,1,2.00,1,2.00,1,4.00,1.00,0,2.00,0.00,0.00,2.00,1,2.00,1.00,0.00,0.00,,8448,244,93.52,93.52,100.00,100.00,83.33,83.33,87.12,87.12,62.50,62.50
Panama,PAN,20200512,3.00,1,3.00,1,2.00,1,3.00,1,2.00,1,2.00,1,2.00,1,4.00,1.00,0,2.00,0.00,0.00,2.00,1,2.00,1.00,0.00,0.00,,8616,249,93.52,93.52,100.00,100.00,83.33,83.33,87.12,87.12,62.50,62.50
Panama,PAN,20200513,3.00,1,2.00,1,2.00,1,3.00,1,2.00,1,2.00,1,2.00,1,4.00,1.00,0,2.00,0.00,0.00,2.00,1,2.00,1.00,0.00,0.00,,8783,252,89.81,89.81,96.43,96.43,80.77,80.77,84.09,84.09,62.50,62.50
Panama,PAN,20200514,3.00,1,2.00,1,2.00,1,3.00,1,2.00,1,2.00,1,2.00,1,4.00,1.00,0,2.00,0.00,0.00,2.00,1,2.00,1.00,0.00,0.00,,8944,256,89.81,89.81,96.43,96.43,80.77,80.77,84.09,84.09,62.50,62.50
Panama,PAN,20200515,3.00,1,2.00,1,2.00,1,3.00,1,2.00,1,2.00,1,2.00,1,4.00,1.00,0,2.00,0.00,0.00,2.00,1,2.00,1.00,0.00,0.00,,9118,260,89.81,89.81,96.43,96.43,80.77,80.77,84.09,84.09,62.50,62.50
Panama,PAN,20200516,3.00,1,2.00,1,2.00,1,3.00,1,2.00,1,2.00,1,2.00,1,4.00,1.00,0,2.00,0.00,0.00,2.00,1,2.00,1.00,0.00,0.00,,9268,266,89.81,89.81,96.43,96.43,80.77,80.77,84.09,84.09,62.50,62.50
Panama,PAN,20200517,3.00,1,2.00,1,2.00,1,3.00,1,2.00,1,2.00,1,2.00,1,4.00,1.00,0,2.00,0.00,0.00,2.00,1,2.00,1.00,0.00,0.00,,9449,269,89.81,89.81,96.43,96.43,80.77,80.77,84.09,84.09,62.50,62.50
Panama,PAN,20200518,3.00,1,2.00,1,2.00,1,3.00,1,2.00,1,2.00,1,2.00,1,4.00,1.00,0,2.00,0.00,0.00,2.00,1,2.00,1.00,0.00,0.00,,9606,275,89.81,89.81,96.43,96.43,80.77,80.77,84.09,84.09,62.50,62.50
Panama,PAN,20200519,3.00,1,2.00,1,2.00,1,3.00,1,2.00,1,2.00,1,2.00,1,4.00,1.00,0,2.00,0.00,0.00,2.00,1,2.00,1.00,0.00,0.00,,9726,279,89.81,89.81,96.43,96.43,80.77,80.77,84.09,84.09,62.50,62.50
Panama,PAN,20200520,3.00,1,2.00,1,2.00,1,3.00,1,2.00,1,2.00,1,2.00,1,4.00,1.00,0,2.00,0.00,0.00,2.00,1,2.00,1.00,0.00,0.00,,9867,281,89.81,89.81,96.43,96.43,80.77,80.77,84.09,84.09,62.50,62.50
Panama,PAN,20200521,3.00,1,2.00,1,2.00,1,3.00,1,2.00,1,2.00,1,2.00,1,4.00,1.00,0,2.00,0.00,0.00,2.00,1,2.00,1.00,0.00,0.00,,9977,287,89.81,89.81,96.43,96.43,80.77,80.77,84.09,84.09,62.50,62.50
Panama,PAN,20200522,3.00,1,2.00,1,2.00,1,3.00,1,2.00,1,2.00,1,2.00,1,4.00,1.00,0,2.00,0.00,0.00,2.00,1,2.00,1.00,0.00,0.00,,10116,291,89.81,89.81,96.43,96.43,80.77,80.77,84.09,84.09,62.50,62.50
Panama,PAN,20200523,3.00,1,2.00,1,2.00,1,3.00,1,2.00,1,2.00,1,2.00,1,4.00,1.00,0,2.00,0.00,0.00,2.00,1,2.00,1.00,0.00,0.00,,10267,295,89.81,89.81,96.43,96.43,80.77,80.77,84.09,84.09,62.50,62.50
Panama,PAN,20200524,3.00,1,2.00,1,2.00,1,3.00,1,2.00,1,2.00,1,2.00,1,4.00,1.00,0,2.00,0.00,0.00,2.00,1,2.00,1.00,0.00,0.00,,10577,299,89.81,89.81,96.43,96.43,80.77,80.77,84.09,84.09,62.50,62.50
Panama,PAN,20200525,3.00,1,2.00,1,2.00,1,3.00,1,2.00,1,2.00,1,2.00,1,4.00,1.00,0,2.00,0.00,0.00,2.00,1,2.00,1.00,2000000.00,0.00,,10926,306,89.81,89.81,96.43,96.43,80.77,80.77,84.09,84.09,62.50,62.50
Panama,PAN,20200526,3.00,1,2.00,1,2.00,1,3.00,1,2.00,1,2.00,1,2.00,1,4.00,1.00,0,2.00,0.00,0.00,2.00,1,2.00,1.00,0.00,0.00,,11183,310,89.81,89.81,96.43,96.43,80.77,80.77,84.09,84.09,62.50,62.50
Panama,PAN,20200527,3.00,1,2.00,1,2.00,1,3.00,1,2.00,1,2.00,1,2.00,1,4.00,1.00,0,2.00,0.00,0.00,2.00,1,2.00,1.00,0.00,0.00,,11447,313,89.81,89.81,96.43,96.43,80.77,80.77,84.09,84.09,62.50,62.50
Panama,PAN,20200528,3.00,1,2.00,1,2.00,1,3.00,1,2.00,1,2.00,1,2.00,1,4.00,1.00,0,2.00,0.00,0.00,2.00,1,2.00,1.00,0.00,0.00,,11728,315,89.81,89.81,96.43,96.43,80.77,80.77,84.09,84.09,62.50,62.50
Panama,PAN,20200529,3.00,1,2.00,1,2.00,1,3.00,1,2.00,1,2.00,1,2.00,1,4.00,1.00,0,2.00,0.00,0.00,2.00,1,2.00,1.00,0.00,0.00,,12131,320,89.81,89.81,96.43,96.43,80.77,80.77,84.09,84.09,62.50,62.50
Panama,PAN,20200530,3.00,1,2.00,1,2.00,1,3.00,1,2.00,1,2.00,1,2.00,1,4.00,1.00,0,2.00,0.00,0.00,2.00,1,2.00,1.00,2000000.00,0.00,,12531,326,89.81,89.81,96.43,96.43,80.77,80.77,84.09,84.09,62.50,62.50
Panama,PAN,20200531,3.00,1,2.00,1,2.00,1,3.00,1,2.00,1,2.00,1,2.00,1,4.00,1.00,0,2.00,0.00,0.00,2.00,1,2.00,1.00,0.00,0.00,,13018,330,89.81,89.81,96.43,96.43,80.77,80.77,84.09,84.09,62.50,62.50
Panama,PAN,20200601,3.00,1,2.00,1,2.00,1,3.00,1,2.00,1,2.00,1,2.00,1,4.00,1.00,0,2.00,0.00,0.00,2.00,1,2.00,1.00,0.00,0.00,,13463,336,89.81,89.81,96.43,96.43,80.77,80.77,84.09,84.09,62.50,62.50
Panama,PAN,20200602,3.00,1,2.00,1,2.00,1,3.00,1,2.00,1,2.00,1,2.00,1,4.00,1.00,0,2.00,0.00,0.00,2.00,1,2.00,1.00,0.00,0.00,,13837,344,89.81,89.81,96.43,96.43,80.77,80.77,84.09,84.09,62.50,62.50
Panama,PAN,20200603,3.00,1,2.00,1,2.00,1,3.00,1,2.00,1,2.00,1,2.00,1,4.00,1.00,0,2.00,0.00,0.00,2.00,1,2.00,1.00,0.00,0.00,,14095,352,89.81,89.81,96.43,96.43,80.77,80.77,84.09,84.09,62.50,62.50
Panama,PAN,20200604,3.00,1,2.00,1,2.00,1,3.00,1,2.00,1,2.00,1,2.00,1,4.00,1.00,0,2.00,0.00,0.00,2.00,1,2.00,1.00,300000.00,0.00,,14609,357,89.81,89.81,96.43,96.43,80.77,80.77,84.09,84.09,62.50,62.50
Panama,PAN,20200605,3.00,1,2.00,1,2.00,1,3.00,1,2.00,1,2.00,1,2.00,1,4.00,1.00,0,2.00,0.00,0.00,2.00,1,2.00,1.00,0.00,0.00,,15044,363,89.81,89.81,96.43,96.43,80.77,80.77,84.09,84.09,62.50,62.50
Panama,PAN,20200606,3.00,1,2.00,1,2.00,1,3.00,1,2.00,1,3.00,0,2.00,1,4.00,1.00,0,2.00,0.00,0.00,2.00,1,2.00,1.00,0.00,0.00,,15463,370,91.67,91.67,96.43,96.43,82.05,82.05,85.61,85.61,62.50,62.50
Panama,PAN,20200607,3.00,1,2.00,1,2.00,1,3.00,1,2.00,1,3.00,0,2.00,1,4.00,1.00,0,2.00,0.00,0.00,2.00,1,2.00,1.00,0.00,0.00,,16004,386,91.67,91.67,96.43,96.43,82.05,82.05,85.61,85.61,62.50,62.50
Panama,PAN,20200608,3.00,1,2.00,1,2.00,1,3.00,1,2.00,1,2.00,1,2.00,1,4.00,1.00,0,2.00,0.00,0.00,2.00,1,2.00,1.00,0.00,0.00,,16425,393,89.81,89.81,96.43,96.43,80.77,80.77,84.09,84.09,62.50,62.50
Panama,PAN,20200609,3.00,1,2.00,1,2.00,1,3.00,1,2.00,1,2.00,1,2.00,1,4.00,1.00,0,2.00,0.00,0.00,2.00,1,2.00,1.00,0.00,0.00,,16854,398,89.81,89.81,96.43,96.43,80.77,80.77,84.09,84.09,62.50,62.50
Panama,PAN,20200610,3.00,1,2.00,1,2.00,1,3.00,1,2.00,1,2.00,1,2.00,1,4.00,1.00,0,2.00,0.00,0.00,2.00,1,2.00,1.00,0.00,0.00,,17233,403,89.81,89.81,96.43,96.43,80.77,80.77,84.09,84.09,62.50,62.50
Panama,PAN,20200611,3.00,1,2.00,1,2.00,1,3.00,1,2.00,1,2.00,1,2.00,1,4.00,1.00,0,2.00,0.00,0.00,2.00,1,2.00,1.00,0.00,0.00,,17889,413,89.81,89.81,96.43,96.43,80.77,80.77,84.09,84.09,62.50,62.50
Panama,PAN,20200612,3.00,1,2.00,1,2.00,1,3.00,1,2.00,1,2.00,1,2.00,1,4.00,1.00,0,2.00,0.00,0.00,2.00,1,2.00,1.00,0.00,0.00,,18586,418,89.81,89.81,96.43,96.43,80.77,80.77,84.09,84.09,62.50,62.50
Panama,PAN,20200613,3.00,1,2.00,1,2.00,1,3.00,1,2.00,1,2.00,1,2.00,1,4.00,1.00,0,2.00,0.00,0.00,2.00,1,2.00,1.00,0.00,0.00,,19211,421,89.81,89.81,96.43,96.43,80.77,80.77,84.09,84.09,62.50,62.50
Panama,PAN,20200614,3.00,1,2.00,1,2.00,1,3.00,1,2.00,1,2.00,1,2.00,1,4.00,1.00,0,2.00,0.00,0.00,2.00,1,2.00,1.00,0.00,0.00,,20059,429,89.81,89.81,96.43,96.43,80.77,80.77,84.09,84.09,62.50,62.50
Panama,PAN,20200615,3.00,1,2.00,1,2.00,1,3.00,1,2.00,1,2.00,1,2.00,1,4.00,1.00,0,2.00,0.00,0.00,2.00,1,2.00,1.00,0.00,0.00,,20686,437,89.81,89.81,96.43,96.43,80.77,80.77,84.09,84.09,62.50,62.50
Panama,PAN,20200616,,,,,,,,,,,,,,,,,,,,,,,,,,,,21422,448,,,,,,,,,,
Panama,PAN,20200617,,,,,,,,,,,,,,,,,,,,,,,,,,,,21962,457,,89.81,,96.43,,80.77,,84.09,,62.50
Panama,PAN,20200618,,,,,,,,,,,,,,,,,,,,,,,,,,,,22597,470,,89.81,,96.43,,80.77,,84.09,,62.50
Panama,PAN,20200619,,,,,,,,,,,,,,,,,,,,,,,,,,,,23351,475,,89.81,,96.43,,80.77,,84.09,,62.50
Panama,PAN,20200620,,,,,,,,,,,,,,,,,,,,,,,,,,,,24274,485,,89.81,,96.43,,80.77,,84.09,,62.50
Panama,PAN,20200621,,,,,,,,,,,,,,,,,,,,,,,,,,,,25222,493,,89.81,,96.43,,80.77,,84.09,,62.50
Panama,PAN,20200622,,,,,,,,,,,,,,,,,,,,,,,,,,,,26030,501,,89.81,,96.43,,80.77,,84.09,,62.50
Panama,PAN,20200623,,,,,,,,,,,,,,,,,,,,,,,,,,,,26752,521,,89.81,,96.43,,80.77,,84.09,,62.50
