Papua New Guinea,PNG,20200101,0.00,,0.00,,0.00,,0.00,,0.00,,0.00,,0.00,,0.00,0.00,,0.00,0.00,0.00,0.00,,0.00,0.00,0.00,0.00,,,,0.00,0.00,0.00,0.00,0.00,0.00,0.00,0.00,0.00,0.00
Papua New Guinea,PNG,20200102,0.00,,0.00,,0.00,,0.00,,0.00,,0.00,,0.00,,0.00,0.00,,0.00,0.00,0.00,0.00,,0.00,0.00,0.00,0.00,,,,0.00,0.00,0.00,0.00,0.00,0.00,0.00,0.00,0.00,0.00
Papua New Guinea,PNG,20200103,0.00,,0.00,,0.00,,0.00,,0.00,,0.00,,0.00,,0.00,0.00,,0.00,0.00,0.00,0.00,,0.00,0.00,0.00,0.00,,,,0.00,0.00,0.00,0.00,0.00,0.00,0.00,0.00,0.00,0.00
Papua New Guinea,PNG,20200104,0.00,,0.00,,0.00,,0.00,,0.00,,0.00,,0.00,,0.00,0.00,,0.00,0.00,0.00,0.00,,0.00,0.00,0.00,0.00,,,,0.00,0.00,0.00,0.00,0.00,0.00,0.00,0.00,0.00,0.00
Papua New Guinea,PNG,20200105,0.00,,0.00,,0.00,,0.00,,0.00,,0.00,,0.00,,0.00,0.00,,0.00,0.00,0.00,0.00,,0.00,0.00,0.00,0.00,,,,0.00,0.00,0.00,0.00,0.00,0.00,0.00,0.00,0.00,0.00
Papua New Guinea,PNG,20200106,0.00,,0.00,,0.00,,0.00,,0.00,,0.00,,0.00,,0.00,0.00,,0.00,0.00,0.00,0.00,,0.00,0.00,0.00,0.00,,,,0.00,0.00,0.00,0.00,0.00,0.00,0.00,0.00,0.00,0.00
Papua New Guinea,PNG,20200107,0.00,,0.00,,0.00,,0.00,,0.00,,0.00,,0.00,,0.00,0.00,,0.00,0.00,0.00,0.00,,0.00,0.00,0.00,0.00,,,,0.00,0.00,0.00,0.00,0.00,0.00,0.00,0.00,0.00,0.00
Papua New Guinea,PNG,20200108,0.00,,0.00,,0.00,,0.00,,0.00,,0.00,,0.00,,0.00,0.00,,0.00,0.00,0.00,0.00,,0.00,0.00,0.00,0.00,,,,0.00,0.00,0.00,0.00,0.00,0.00,0.00,0.00,0.00,0.00
Papua New Guinea,PNG,20200109,0.00,,0.00,,0.00,,0.00,,0.00,,0.00,,0.00,,0.00,0.00,,0.00,0.00,0.00,0.00,,0.00,0.00,0.00,0.00,,,,0.00,0.00,0.00,0.00,0.00,0.00,0.00,0.00,0.00,0.00
Papua New Guinea,PNG,20200110,0.00,,0.00,,0.00,,0.00,,0.00,,0.00,,0.00,,0.00,0.00,,0.00,0.00,0.00,0.00,,0.00,0.00,0.00,0.00,,,,0.00,0.00,0.00,0.00,0.00,0.00,0.00,0.00,0.00,0.00
Papua New Guinea,PNG,20200111,0.00,,0.00,,0.00,,0.00,,0.00,,0.00,,0.00,,0.00,0.00,,0.00,0.00,0.00,0.00,,0.00,0.00,0.00,0.00,,,,0.00,0.00,0.00,0.00,0.00,0.00,0.00,0.00,0.00,0.00
Papua New Guinea,PNG,20200112,0.00,,0.00,,0.00,,0.00,,0.00,,0.00,,0.00,,0.00,0.00,,0.00,0.00,0.00,0.00,,0.00,0.00,0.00,0.00,,,,0.00,0.00,0.00,0.00,0.00,0.00,0.00,0.00,0.00,0.00
Papua New Guinea,PNG,20200113,0.00,,0.00,,0.00,,0.00,,0.00,,0.00,,0.00,,0.00,0.00,,0.00,0.00,0.00,0.00,,0.00,0.00,0.00,0.00,,,,0.00,0.00,0.00,0.00,0.00,0.00,0.00,0.00,0.00,0.00
Papua New Guinea,PNG,20200114,0.00,,0.00,,0.00,,0.00,,0.00,,0.00,,0.00,,0.00,0.00,,0.00,0.00,0.00,0.00,,0.00,0.00,0.00,0.00,,,,0.00,0.00,0.00,0.00,0.00,0.00,0.00,0.00,0.00,0.00
Papua New Guinea,PNG,20200115,0.00,,0.00,,0.00,,0.00,,0.00,,0.00,,0.00,,0.00,0.00,,0.00,0.00,0.00,0.00,,0.00,0.00,0.00,0.00,,,,0.00,0.00,0.00,0.00,0.00,0.00,0.00,0.00,0.00,0.00
Papua New Guinea,PNG,20200116,0.00,,0.00,,0.00,,0.00,,0.00,,0.00,,0.00,,0.00,0.00,,0.00,0.00,0.00,0.00,,0.00,0.00,0.00,0.00,,,,0.00,0.00,0.00,0.00,0.00,0.00,0.00,0.00,0.00,0.00
Papua New Guinea,PNG,20200117,0.00,,0.00,,0.00,,0.00,,0.00,,0.00,,0.00,,0.00,0.00,,0.00,0.00,0.00,0.00,,0.00,0.00,0.00,0.00,,,,0.00,0.00,0.00,0.00,0.00,0.00,0.00,0.00,0.00,0.00
Papua New Guinea,PNG,20200118,0.00,,0.00,,0.00,,0.00,,0.00,,0.00,,0.00,,0.00,0.00,,0.00,0.00,0.00,0.00,,0.00,0.00,0.00,0.00,,,,0.00,0.00,0.00,0.00,0.00,0.00,0.00,0.00,0.00,0.00
Papua New Guinea,PNG,20200119,0.00,,0.00,,0.00,,0.00,,0.00,,0.00,,0.00,,0.00,0.00,,0.00,0.00,0.00,0.00,,0.00,0.00,0.00,0.00,,,,0.00,0.00,0.00,0.00,0.00,0.00,0.00,0.00,0.00,0.00
Papua New Guinea,PNG,20200120,0.00,,0.00,,0.00,,0.00,,0.00,,0.00,,0.00,,0.00,0.00,,0.00,0.00,0.00,0.00,,0.00,0.00,0.00,0.00,,,,0.00,0.00,0.00,0.00,0.00,0.00,0.00,0.00,0.00,0.00
Papua New Guinea,PNG,20200121,0.00,,0.00,,0.00,,0.00,,0.00,,0.00,,0.00,,0.00,0.00,,0.00,0.00,0.00,0.00,,0.00,0.00,0.00,0.00,,,,0.00,0.00,0.00,0.00,0.00,0.00,0.00,0.00,0.00,0.00
Papua New Guinea,PNG,20200122,0.00,,0.00,,0.00,,0.00,,0.00,,0.00,,0.00,,0.00,0.00,,0.00,0.00,0.00,0.00,,0.00,0.00,0.00,0.00,,,,0.00,0.00,0.00,0.00,0.00,0.00,0.00,0.00,0.00,0.00
Papua New Guinea,PNG,20200123,0.00,,0.00,,0.00,,0.00,,0.00,,0.00,,0.00,,0.00,0.00,,0.00,0.00,0.00,0.00,,0.00,0.00,0.00,0.00,,,,0.00,0.00,0.00,0.00,0.00,0.00,0.00,0.00,0.00,0.00
Papua New Guinea,PNG,20200124,0.00,,0.00,,0.00,,0.00,,0.00,,0.00,,0.00,,0.00,0.00,,0.00,0.00,0.00,0.00,,0.00,0.00,0.00,0.00,,,,0.00,0.00,0.00,0.00,0.00,0.00,0.00,0.00,0.00,0.00
Papua New Guinea,PNG,20200125,0.00,,0.00,,0.00,,0.00,,0.00,,0.00,,0.00,,0.00,0.00,,0.00,0.00,0.00,0.00,,0.00,0.00,0.00,0.00,,,,0.00,0.00,0.00,0.00,0.00,0.00,0.00,0.00,0.00,0.00
Papua New Guinea,PNG,20200126,0.00,,0.00,,0.00,,0.00,,0.00,,0.00,,0.00,,0.00,0.00,,0.00,0.00,0.00,0.00,,0.00,0.00,0.00,0.00,,,,0.00,0.00,0.00,0.00,0.00,0.00,0.00,0.00,0.00,0.00
Papua New Guinea,PNG,20200127,0.00,,0.00,,0.00,,0.00,,0.00,,0.00,,0.00,,1.00,0.00,,0.00,0.00,0.00,1.00,1,0.00,0.00,0.00,0.00,,,,8.33,8.33,13.10,13.10,5.77,5.77,6.82,6.82,0.00,0.00
Papua New Guinea,PNG,20200128,0.00,,0.00,,0.00,,0.00,,0.00,,0.00,,0.00,,1.00,0.00,,0.00,0.00,0.00,1.00,1,0.00,0.00,0.00,0.00,,,,8.33,8.33,13.10,13.10,5.77,5.77,6.82,6.82,0.00,0.00
Papua New Guinea,PNG,20200129,0.00,,0.00,,0.00,,0.00,,0.00,,0.00,,0.00,,3.00,0.00,,0.00,0.00,0.00,1.00,1,0.00,0.00,0.00,0.00,,,,13.89,13.89,20.24,20.24,9.62,9.62,11.36,11.36,0.00,0.00
Papua New Guinea,PNG,20200130,0.00,,0.00,,0.00,,0.00,,0.00,,0.00,,0.00,,3.00,0.00,,0.00,0.00,0.00,1.00,1,0.00,0.00,0.00,0.00,,,,13.89,13.89,20.24,20.24,9.62,9.62,11.36,11.36,0.00,0.00
Papua New Guinea,PNG,20200131,0.00,,0.00,,0.00,,0.00,,0.00,,0.00,,0.00,,3.00,0.00,,0.00,0.00,0.00,1.00,1,0.00,2.00,0.00,0.00,,,,13.89,13.89,20.24,20.24,17.31,17.31,20.45,20.45,0.00,0.00
Papua New Guinea,PNG,20200201,0.00,,0.00,,0.00,,0.00,,0.00,,0.00,,0.00,,3.00,0.00,,0.00,0.00,0.00,1.00,1,0.00,2.00,0.00,0.00,,,,13.89,13.89,20.24,20.24,17.31,17.31,20.45,20.45,0.00,0.00
Papua New Guinea,PNG,20200202,0.00,,0.00,,0.00,,0.00,,0.00,,0.00,,0.00,,3.00,0.00,,0.00,0.00,0.00,1.00,1,0.00,2.00,0.00,0.00,,,,13.89,13.89,20.24,20.24,17.31,17.31,20.45,20.45,0.00,0.00
Papua New Guinea,PNG,20200203,0.00,,0.00,,,,0.00,,0.00,,0.00,,0.00,,3.00,0.00,,0.00,0.00,0.00,1.00,1,0.00,2.00,0.00,0.00,,,,13.89,13.89,20.24,20.24,17.31,17.31,20.45,20.45,0.00,0.00
Papua New Guinea,PNG,20200204,0.00,,0.00,,0.00,,0.00,,0.00,,0.00,,0.00,,3.00,0.00,,0.00,0.00,0.00,1.00,1,0.00,2.00,0.00,0.00,,,,13.89,13.89,20.24,20.24,17.31,17.31,20.45,20.45,0.00,0.00
Papua New Guinea,PNG,20200205,0.00,,0.00,,0.00,,0.00,,0.00,,0.00,,0.00,,3.00,0.00,,0.00,0.00,0.00,1.00,1,0.00,2.00,0.00,0.00,,,,13.89,13.89,20.24,20.24,17.31,17.31,20.45,20.45,0.00,0.00
Papua New Guinea,PNG,20200206,0.00,,0.00,,0.00,,0.00,,0.00,,0.00,,0.00,,3.00,0.00,,0.00,0.00,0.00,1.00,1,0.00,2.00,0.00,0.00,,,,13.89,13.89,20.24,20.24,17.31,17.31,20.45,20.45,0.00,0.00
Papua New Guinea,PNG,20200207,0.00,,0.00,,0.00,,0.00,,0.00,,0.00,,0.00,,3.00,0.00,,0.00,0.00,0.00,1.00,1,0.00,2.00,0.00,0.00,,,,13.89,13.89,20.24,20.24,17.31,17.31,20.45,20.45,0.00,0.00
Papua New Guinea,PNG,20200208,0.00,,0.00,,0.00,,0.00,,0.00,,0.00,,0.00,,3.00,0.00,,0.00,0.00,0.00,1.00,1,0.00,2.00,0.00,0.00,,,,13.89,13.89,20.24,20.24,17.31,17.31,20.45,20.45,0.00,0.00
Papua New Guinea,PNG,20200209,0.00,,0.00,,0.00,,0.00,,0.00,,0.00,,0.00,,3.00,0.00,,0.00,0.00,0.00,1.00,1,0.00,2.00,0.00,0.00,,,,13.89,13.89,20.24,20.24,17.31,17.31,20.45,20.45,0.00,0.00
Papua New Guinea,PNG,20200210,0.00,,0.00,,0.00,,0.00,,0.00,,0.00,,0.00,,3.00,0.00,,0.00,0.00,0.00,1.00,1,0.00,2.00,0.00,0.00,,,,13.89,13.89,20.24,20.24,17.31,17.31,20.45,20.45,0.00,0.00
Papua New Guinea,PNG,20200211,0.00,,0.00,,0.00,,0.00,,0.00,,0.00,,0.00,,3.00,0.00,,0.00,0.00,0.00,1.00,1,0.00,2.00,0.00,0.00,,,,13.89,13.89,20.24,20.24,17.31,17.31,20.45,20.45,0.00,0.00
Papua New Guinea,PNG,20200212,0.00,,0.00,,0.00,,0.00,,0.00,,0.00,,0.00,,3.00,0.00,,0.00,0.00,0.00,1.00,1,0.00,2.00,0.00,0.00,,,,13.89,13.89,20.24,20.24,17.31,17.31,20.45,20.45,0.00,0.00
Papua New Guinea,PNG,20200213,0.00,,0.00,,0.00,,0.00,,0.00,,0.00,,0.00,,3.00,0.00,,0.00,0.00,0.00,1.00,1,0.00,2.00,0.00,0.00,,,,13.89,13.89,20.24,20.24,17.31,17.31,20.45,20.45,0.00,0.00
Papua New Guinea,PNG,20200214,0.00,,0.00,,0.00,,0.00,,0.00,,0.00,,0.00,,3.00,0.00,,0.00,0.00,0.00,1.00,1,0.00,2.00,0.00,0.00,,,,13.89,13.89,20.24,20.24,17.31,17.31,20.45,20.45,0.00,0.00
Papua New Guinea,PNG,20200215,0.00,,0.00,,0.00,,0.00,,0.00,,0.00,,0.00,,3.00,0.00,,0.00,0.00,0.00,1.00,1,0.00,2.00,0.00,0.00,,,,13.89,13.89,20.24,20.24,17.31,17.31,20.45,20.45,0.00,0.00
Papua New Guinea,PNG,20200216,0.00,,0.00,,0.00,,0.00,,0.00,,0.00,,0.00,,3.00,0.00,,0.00,0.00,0.00,1.00,1,0.00,2.00,0.00,0.00,,,,13.89,13.89,20.24,20.24,17.31,17.31,20.45,20.45,0.00,0.00
Papua New Guinea,PNG,20200217,0.00,,0.00,,0.00,,0.00,,0.00,,0.00,,0.00,,3.00,0.00,,0.00,0.00,0.00,1.00,1,0.00,2.00,0.00,0.00,,,,13.89,13.89,20.24,20.24,17.31,17.31,20.45,20.45,0.00,0.00
Papua New Guinea,PNG,20200218,0.00,,0.00,,0.00,,0.00,,0.00,,0.00,,0.00,,3.00,0.00,,0.00,0.00,0.00,1.00,1,0.00,2.00,0.00,0.00,,,,13.89,13.89,20.24,20.24,17.31,17.31,20.45,20.45,0.00,0.00
Papua New Guinea,PNG,20200219,0.00,,0.00,,0.00,,0.00,,0.00,,0.00,,0.00,,3.00,0.00,,0.00,0.00,0.00,1.00,1,0.00,2.00,0.00,0.00,,,,13.89,13.89,20.24,20.24,17.31,17.31,20.45,20.45,0.00,0.00
Papua New Guinea,PNG,20200220,0.00,,0.00,,0.00,,0.00,,0.00,,0.00,,0.00,,3.00,0.00,,0.00,0.00,0.00,1.00,1,0.00,2.00,0.00,0.00,,,,13.89,13.89,20.24,20.24,17.31,17.31,20.45,20.45,0.00,0.00
Papua New Guinea,PNG,20200221,0.00,,0.00,,0.00,,0.00,,0.00,,0.00,,0.00,,3.00,0.00,,0.00,0.00,0.00,1.00,1,0.00,2.00,0.00,0.00,,,,13.89,13.89,20.24,20.24,17.31,17.31,20.45,20.45,0.00,0.00
Papua New Guinea,PNG,20200222,0.00,,0.00,,0.00,,0.00,,0.00,,0.00,,0.00,,3.00,0.00,,0.00,0.00,0.00,1.00,1,0.00,2.00,0.00,0.00,,,,13.89,13.89,20.24,20.24,17.31,17.31,20.45,20.45,0.00,0.00
Papua New Guinea,PNG,20200223,0.00,,0.00,,0.00,,0.00,,0.00,,0.00,,0.00,,3.00,0.00,,0.00,0.00,0.00,1.00,1,0.00,2.00,0.00,0.00,,,,13.89,13.89,20.24,20.24,17.31,17.31,20.45,20.45,0.00,0.00
Papua New Guinea,PNG,20200224,0.00,,0.00,,0.00,,0.00,,0.00,,0.00,,0.00,,3.00,0.00,,0.00,0.00,0.00,1.00,1,0.00,2.00,0.00,0.00,,,,13.89,13.89,20.24,20.24,17.31,17.31,20.45,20.45,0.00,0.00
Papua New Guinea,PNG,20200225,0.00,,0.00,,0.00,,0.00,,0.00,,0.00,,0.00,,3.00,0.00,,0.00,0.00,0.00,1.00,1,0.00,2.00,0.00,0.00,,,,13.89,13.89,20.24,20.24,17.31,17.31,20.45,20.45,0.00,0.00
Papua New Guinea,PNG,20200226,0.00,,0.00,,0.00,,0.00,,0.00,,0.00,,0.00,,3.00,0.00,,0.00,0.00,0.00,1.00,1,0.00,2.00,0.00,0.00,,,,13.89,13.89,20.24,20.24,17.31,17.31,20.45,20.45,0.00,0.00
Papua New Guinea,PNG,20200227,0.00,,0.00,,0.00,,0.00,,0.00,,0.00,,0.00,,3.00,0.00,,0.00,0.00,0.00,1.00,1,0.00,2.00,0.00,0.00,,,,13.89,13.89,20.24,20.24,17.31,17.31,20.45,20.45,0.00,0.00
Papua New Guinea,PNG,20200228,0.00,,0.00,,0.00,,0.00,,0.00,,0.00,,0.00,,3.00,0.00,,0.00,0.00,0.00,1.00,1,0.00,2.00,0.00,0.00,,,,13.89,13.89,20.24,20.24,17.31,17.31,20.45,20.45,0.00,0.00
Papua New Guinea,PNG,20200229,0.00,,0.00,,0.00,,0.00,,0.00,,0.00,,0.00,,3.00,0.00,,0.00,0.00,0.00,1.00,1,0.00,2.00,0.00,0.00,,,,13.89,13.89,20.24,20.24,17.31,17.31,20.45,20.45,0.00,0.00
Papua New Guinea,PNG,20200301,0.00,,0.00,,0.00,,0.00,,0.00,,0.00,,0.00,,3.00,0.00,,0.00,0.00,0.00,1.00,1,0.00,2.00,0.00,0.00,,,,13.89,13.89,20.24,20.24,17.31,17.31,20.45,20.45,0.00,0.00
Papua New Guinea,PNG,20200302,0.00,,0.00,,0.00,,0.00,,0.00,,0.00,,0.00,,3.00,0.00,,0.00,0.00,0.00,1.00,1,0.00,2.00,0.00,0.00,,,,13.89,13.89,20.24,20.24,17.31,17.31,20.45,20.45,0.00,0.00
Papua New Guinea,PNG,20200303,0.00,,0.00,,0.00,,0.00,,0.00,,0.00,,0.00,,3.00,0.00,,0.00,0.00,0.00,1.00,1,0.00,2.00,0.00,0.00,,,,13.89,13.89,20.24,20.24,17.31,17.31,20.45,20.45,0.00,0.00
Papua New Guinea,PNG,20200304,0.00,,0.00,,0.00,,0.00,,0.00,,0.00,,0.00,,3.00,0.00,,0.00,0.00,0.00,1.00,1,0.00,2.00,0.00,0.00,,,,13.89,13.89,20.24,20.24,17.31,17.31,20.45,20.45,0.00,0.00
Papua New Guinea,PNG,20200305,0.00,,0.00,,0.00,,0.00,,0.00,,0.00,,0.00,,3.00,0.00,,0.00,0.00,0.00,1.00,1,0.00,2.00,0.00,0.00,,,,13.89,13.89,20.24,20.24,17.31,17.31,20.45,20.45,0.00,0.00
Papua New Guinea,PNG,20200306,0.00,,0.00,,0.00,,0.00,,0.00,,0.00,,0.00,,3.00,0.00,,0.00,0.00,0.00,1.00,1,0.00,2.00,0.00,0.00,,,,13.89,13.89,20.24,20.24,17.31,17.31,20.45,20.45,0.00,0.00
Papua New Guinea,PNG,20200307,0.00,,0.00,,0.00,,0.00,,0.00,,0.00,,0.00,,3.00,0.00,,0.00,0.00,0.00,1.00,1,0.00,2.00,0.00,0.00,,,,13.89,13.89,20.24,20.24,17.31,17.31,20.45,20.45,0.00,0.00
Papua New Guinea,PNG,20200308,0.00,,0.00,,0.00,,0.00,,0.00,,0.00,,0.00,,3.00,0.00,,0.00,0.00,0.00,1.00,1,0.00,2.00,0.00,0.00,,,,13.89,13.89,20.24,20.24,17.31,17.31,20.45,20.45,0.00,0.00
Papua New Guinea,PNG,20200309,0.00,,0.00,,0.00,,0.00,,0.00,,0.00,,0.00,,3.00,0.00,,0.00,0.00,0.00,1.00,1,0.00,2.00,0.00,0.00,,,,13.89,13.89,20.24,20.24,17.31,17.31,20.45,20.45,0.00,0.00
Papua New Guinea,PNG,20200310,0.00,,0.00,,0.00,,0.00,,0.00,,0.00,,0.00,,3.00,0.00,,0.00,0.00,0.00,1.00,1,0.00,2.00,0.00,0.00,,,,13.89,13.89,20.24,20.24,17.31,17.31,20.45,20.45,0.00,0.00
Papua New Guinea,PNG,20200311,0.00,,0.00,,0.00,,0.00,,0.00,,0.00,,0.00,,3.00,0.00,,0.00,0.00,0.00,1.00,1,0.00,2.00,0.00,0.00,,,,13.89,13.89,20.24,20.24,17.31,17.31,20.45,20.45,0.00,0.00
Papua New Guinea,PNG,20200312,0.00,,0.00,,0.00,,0.00,,0.00,,0.00,,0.00,,3.00,0.00,,0.00,0.00,0.00,1.00,1,0.00,2.00,0.00,0.00,,,,13.89,13.89,20.24,20.24,17.31,17.31,20.45,20.45,0.00,0.00
Papua New Guinea,PNG,20200313,0.00,,0.00,,0.00,,0.00,,0.00,,0.00,,0.00,,3.00,0.00,,0.00,0.00,0.00,1.00,1,0.00,2.00,0.00,0.00,,,,13.89,13.89,20.24,20.24,17.31,17.31,20.45,20.45,0.00,0.00
Papua New Guinea,PNG,20200314,0.00,,0.00,,0.00,,0.00,,0.00,,0.00,,0.00,,3.00,0.00,,0.00,0.00,0.00,1.00,1,0.00,2.00,0.00,0.00,,,,13.89,13.89,20.24,20.24,17.31,17.31,20.45,20.45,0.00,0.00
Papua New Guinea,PNG,20200315,0.00,,0.00,,0.00,,0.00,,0.00,,0.00,,0.00,,3.00,0.00,,0.00,0.00,0.00,1.00,1,0.00,2.00,0.00,0.00,,,,13.89,13.89,20.24,20.24,17.31,17.31,20.45,20.45,0.00,0.00
Papua New Guinea,PNG,20200316,0.00,,0.00,,0.00,,0.00,,0.00,,0.00,,0.00,,3.00,0.00,,0.00,0.00,0.00,1.00,1,0.00,2.00,0.00,0.00,,,,13.89,13.89,20.24,20.24,17.31,17.31,20.45,20.45,0.00,0.00
Papua New Guinea,PNG,20200317,0.00,,0.00,,0.00,,0.00,,0.00,,0.00,,0.00,,3.00,0.00,,0.00,0.00,0.00,1.00,1,0.00,2.00,0.00,0.00,,,,13.89,13.89,20.24,20.24,17.31,17.31,20.45,20.45,0.00,0.00
Papua New Guinea,PNG,20200318,0.00,,0.00,,0.00,,0.00,,0.00,,0.00,,0.00,,3.00,0.00,,0.00,0.00,0.00,1.00,1,0.00,2.00,0.00,0.00,,,,13.89,13.89,20.24,20.24,17.31,17.31,20.45,20.45,0.00,0.00
Papua New Guinea,PNG,20200319,0.00,,0.00,,0.00,,0.00,,0.00,,0.00,,0.00,,3.00,0.00,,0.00,0.00,0.00,1.00,1,0.00,2.00,0.00,0.00,,,,13.89,13.89,20.24,20.24,17.31,17.31,20.45,20.45,0.00,0.00
Papua New Guinea,PNG,20200320,0.00,,0.00,,0.00,,2.00,1,0.00,,0.00,,0.00,,3.00,0.00,,0.00,0.00,0.00,1.00,1,0.00,2.00,0.00,0.00,,,,19.44,19.44,28.81,28.81,21.15,21.15,25.00,25.00,0.00,0.00
Papua New Guinea,PNG,20200321,0.00,,0.00,,0.00,,2.00,1,0.00,,0.00,,0.00,,4.00,0.00,,0.00,0.00,0.00,1.00,1,0.00,2.00,0.00,0.00,,1,0,22.22,22.22,32.38,32.38,23.08,23.08,27.27,27.27,0.00,0.00
Papua New Guinea,PNG,20200322,0.00,,0.00,,0.00,,2.00,1,0.00,,0.00,,0.00,,4.00,0.00,,0.00,0.00,0.00,1.00,1,0.00,2.00,0.00,0.00,,1,0,22.22,22.22,32.38,32.38,23.08,23.08,27.27,27.27,0.00,0.00
Papua New Guinea,PNG,20200323,3.00,1,0.00,,0.00,,2.00,1,0.00,,0.00,,0.00,,4.00,0.00,,0.00,0.00,0.00,1.00,1,0.00,2.00,0.00,0.00,,1,0,33.33,33.33,46.67,46.67,30.77,30.77,36.36,36.36,0.00,0.00
Papua New Guinea,PNG,20200324,3.00,1,3.00,1,2.00,1,2.00,1,2.00,1,0.00,,2.00,1,4.00,0.00,,0.00,0.00,0.00,1.00,1,0.00,2.00,0.00,0.00,,1,0,77.78,77.78,95.24,95.24,61.54,61.54,72.73,72.73,0.00,0.00
Papua New Guinea,PNG,20200325,3.00,1,3.00,1,2.00,1,2.00,1,2.00,1,0.00,,2.00,1,4.00,0.00,,0.00,0.00,0.00,1.00,1,0.00,2.00,0.00,0.00,,1,0,77.78,77.78,95.24,95.24,61.54,61.54,72.73,72.73,0.00,0.00
Papua New Guinea,PNG,20200326,3.00,1,3.00,1,2.00,1,2.00,1,2.00,1,0.00,,2.00,1,4.00,0.00,,0.00,0.00,0.00,1.00,1,0.00,2.00,0.00,0.00,,1,0,77.78,77.78,95.24,95.24,61.54,61.54,72.73,72.73,0.00,0.00
Papua New Guinea,PNG,20200327,3.00,1,3.00,1,2.00,1,2.00,1,2.00,1,0.00,,2.00,1,4.00,0.00,,0.00,0.00,0.00,1.00,1,1.00,2.00,0.00,0.00,,1,0,77.78,77.78,95.24,95.24,64.10,64.10,75.76,75.76,0.00,0.00
Papua New Guinea,PNG,20200328,3.00,1,3.00,1,2.00,1,2.00,1,2.00,1,0.00,,2.00,1,4.00,0.00,,0.00,0.00,0.00,1.00,1,1.00,2.00,0.00,0.00,,1,0,77.78,77.78,95.24,95.24,64.10,64.10,75.76,75.76,0.00,0.00
Papua New Guinea,PNG,20200329,3.00,1,3.00,1,2.00,1,2.00,1,2.00,1,0.00,,2.00,1,4.00,0.00,,0.00,0.00,0.00,1.00,1,1.00,2.00,0.00,0.00,,1,0,77.78,77.78,95.24,95.24,64.10,64.10,75.76,75.76,0.00,0.00
Papua New Guinea,PNG,20200330,3.00,1,3.00,1,2.00,1,2.00,1,2.00,1,0.00,,2.00,1,4.00,0.00,,0.00,0.00,0.00,1.00,1,1.00,2.00,0.00,0.00,,1,0,77.78,77.78,95.24,95.24,64.10,64.10,75.76,75.76,0.00,0.00
Papua New Guinea,PNG,20200331,3.00,1,3.00,1,2.00,1,2.00,1,2.00,1,0.00,,2.00,1,4.00,0.00,,0.00,0.00,0.00,1.00,1,1.00,2.00,0.00,0.00,,1,0,77.78,77.78,95.24,95.24,64.10,64.10,75.76,75.76,0.00,0.00
Papua New Guinea,PNG,20200401,3.00,1,3.00,1,2.00,1,2.00,1,2.00,1,0.00,,2.00,1,4.00,0.00,,0.00,0.00,0.00,1.00,1,1.00,2.00,0.00,0.00,,1,0,77.78,77.78,95.24,95.24,64.10,64.10,75.76,75.76,0.00,0.00
Papua New Guinea,PNG,20200402,3.00,1,3.00,1,2.00,1,2.00,1,2.00,1,0.00,,2.00,1,4.00,0.00,,0.00,1652000000.00,0.00,1.00,1,1.00,2.00,0.00,0.00,,1,0,77.78,77.78,95.24,95.24,64.10,64.10,75.76,75.76,0.00,0.00
Papua New Guinea,PNG,20200403,3.00,1,3.00,1,2.00,1,2.00,1,2.00,1,0.00,,2.00,1,4.00,0.00,,0.00,0.00,0.00,1.00,1,1.00,2.00,0.00,0.00,,1,0,77.78,77.78,95.24,95.24,64.10,64.10,75.76,75.76,0.00,0.00
Papua New Guinea,PNG,20200404,3.00,1,3.00,1,2.00,1,2.00,1,2.00,1,0.00,,2.00,1,4.00,0.00,,0.00,0.00,0.00,1.00,1,1.00,2.00,0.00,0.00,,1,0,77.78,77.78,95.24,95.24,64.10,64.10,75.76,75.76,0.00,0.00
Papua New Guinea,PNG,20200405,3.00,1,3.00,1,2.00,1,2.00,1,2.00,1,0.00,,2.00,1,4.00,0.00,,0.00,0.00,0.00,1.00,1,1.00,2.00,0.00,0.00,,1,0,77.78,77.78,95.24,95.24,64.10,64.10,75.76,75.76,0.00,0.00
Papua New Guinea,PNG,20200406,3.00,1,3.00,1,2.00,1,2.00,1,2.00,1,0.00,,2.00,1,4.00,0.00,,0.00,0.00,0.00,1.00,1,1.00,2.00,0.00,0.00,,1,0,77.78,77.78,95.24,95.24,64.10,64.10,75.76,75.76,0.00,0.00
Papua New Guinea,PNG,20200407,3.00,1,3.00,1,2.00,1,2.00,1,1.00,1,0.00,,2.00,1,4.00,0.00,,0.00,0.00,0.00,1.00,1,1.00,2.00,0.00,0.00,,1,0,72.22,72.22,90.48,90.48,60.26,60.26,71.21,71.21,0.00,0.00
Papua New Guinea,PNG,20200408,3.00,1,3.00,1,2.00,1,2.00,1,1.00,1,0.00,,2.00,0,4.00,0.00,,0.00,0.00,0.00,2.00,1,2.00,2.00,0.00,0.00,,2,0,75.00,75.00,90.48,90.48,64.74,64.74,76.52,76.52,0.00,0.00
Papua New Guinea,PNG,20200409,3.00,1,3.00,1,2.00,1,2.00,1,1.00,1,0.00,,2.00,0,4.00,0.00,,0.00,0.00,0.00,2.00,1,2.00,2.00,0.00,0.00,,2,0,75.00,75.00,90.48,90.48,64.74,64.74,76.52,76.52,0.00,0.00
Papua New Guinea,PNG,20200410,3.00,1,3.00,1,2.00,1,2.00,1,1.00,1,0.00,,2.00,0,4.00,0.00,,0.00,0.00,0.00,2.00,1,2.00,2.00,0.00,0.00,,2,0,75.00,75.00,90.48,90.48,64.74,64.74,76.52,76.52,0.00,0.00
Papua New Guinea,PNG,20200411,3.00,1,3.00,1,2.00,1,2.00,1,1.00,1,0.00,,2.00,0,4.00,0.00,,0.00,0.00,0.00,2.00,1,2.00,2.00,0.00,0.00,,2,0,75.00,75.00,90.48,90.48,64.74,64.74,76.52,76.52,0.00,0.00
Papua New Guinea,PNG,20200412,3.00,1,3.00,1,2.00,1,2.00,1,1.00,1,0.00,,2.00,0,4.00,0.00,,0.00,0.00,0.00,2.00,1,2.00,2.00,0.00,0.00,,2,0,75.00,75.00,90.48,90.48,64.74,64.74,76.52,76.52,0.00,0.00
Papua New Guinea,PNG,20200413,3.00,1,3.00,1,2.00,1,2.00,1,1.00,1,0.00,,2.00,0,4.00,0.00,,0.00,0.00,0.00,2.00,1,2.00,2.00,20000000.00,0.00,,2,0,75.00,75.00,90.48,90.48,64.74,64.74,76.52,76.52,0.00,0.00
Papua New Guinea,PNG,20200414,3.00,1,3.00,1,2.00,1,2.00,1,1.00,1,0.00,,2.00,0,4.00,0.00,,0.00,0.00,0.00,2.00,1,2.00,2.00,0.00,0.00,,2,0,75.00,75.00,90.48,90.48,64.74,64.74,76.52,76.52,0.00,0.00
Papua New Guinea,PNG,20200415,3.00,1,3.00,1,2.00,1,2.00,1,1.00,1,0.00,,2.00,0,4.00,0.00,,0.00,0.00,0.00,2.00,1,2.00,2.00,0.00,0.00,,2,0,75.00,75.00,90.48,90.48,64.74,64.74,76.52,76.52,0.00,0.00
Papua New Guinea,PNG,20200416,3.00,1,3.00,1,2.00,1,2.00,1,1.00,1,0.00,,2.00,0,4.00,0.00,,0.00,0.00,0.00,2.00,1,2.00,2.00,0.00,0.00,,2,0,75.00,75.00,90.48,90.48,64.74,64.74,76.52,76.52,0.00,0.00
Papua New Guinea,PNG,20200417,3.00,1,3.00,1,2.00,1,2.00,1,1.00,1,0.00,,2.00,0,4.00,0.00,,0.00,0.00,0.00,2.00,1,2.00,2.00,0.00,0.00,,7,0,75.00,75.00,90.48,90.48,64.74,64.74,76.52,76.52,0.00,0.00
Papua New Guinea,PNG,20200418,3.00,1,3.00,1,2.00,1,2.00,1,1.00,1,2.00,0,2.00,0,4.00,0.00,,0.00,0.00,0.00,2.00,1,2.00,2.00,0.00,0.00,,7,0,80.56,80.56,90.48,90.48,68.59,68.59,81.06,81.06,0.00,0.00
Papua New Guinea,PNG,20200419,3.00,1,3.00,1,2.00,1,2.00,1,1.00,1,2.00,0,2.00,0,4.00,0.00,,0.00,0.00,0.00,2.00,1,2.00,2.00,0.00,0.00,,7,0,80.56,80.56,90.48,90.48,68.59,68.59,81.06,81.06,0.00,0.00
Papua New Guinea,PNG,20200420,3.00,1,3.00,1,2.00,1,2.00,1,1.00,1,2.00,0,2.00,0,4.00,0.00,,0.00,0.00,0.00,2.00,1,2.00,2.00,0.00,0.00,,7,0,80.56,80.56,90.48,90.48,68.59,68.59,81.06,81.06,0.00,0.00
Papua New Guinea,PNG,20200421,3.00,1,3.00,1,2.00,1,2.00,1,0.00,,2.00,0,2.00,0,4.00,0.00,,0.00,0.00,0.00,2.00,1,2.00,2.00,0.00,0.00,,7,0,75.00,75.00,80.95,80.95,64.74,64.74,76.52,76.52,0.00,0.00
Papua New Guinea,PNG,20200422,3.00,1,3.00,1,2.00,1,2.00,1,0.00,,2.00,0,2.00,0,4.00,0.00,,0.00,0.00,0.00,2.00,1,2.00,2.00,0.00,0.00,,7,0,75.00,75.00,80.95,80.95,64.74,64.74,76.52,76.52,0.00,0.00
Papua New Guinea,PNG,20200423,3.00,1,3.00,1,2.00,1,2.00,1,0.00,,2.00,0,2.00,0,4.00,0.00,,0.00,0.00,0.00,2.00,1,2.00,2.00,0.00,0.00,,8,0,75.00,75.00,80.95,80.95,64.74,64.74,76.52,76.52,0.00,0.00
Papua New Guinea,PNG,20200424,3.00,1,3.00,1,2.00,1,2.00,1,0.00,,2.00,0,2.00,0,4.00,0.00,,0.00,0.00,0.00,2.00,1,2.00,2.00,0.00,0.00,,8,0,75.00,75.00,80.95,80.95,64.74,64.74,76.52,76.52,0.00,0.00
Papua New Guinea,PNG,20200425,3.00,1,2.00,1,2.00,1,2.00,1,0.00,,2.00,0,2.00,0,2.00,0.00,,0.00,0.00,0.00,2.00,1,2.00,2.00,0.00,0.00,,8,0,65.74,65.74,70.24,70.24,58.33,58.33,68.94,68.94,0.00,0.00
Papua New Guinea,PNG,20200426,3.00,1,2.00,1,2.00,1,2.00,1,0.00,,2.00,0,2.00,0,2.00,0.00,,0.00,0.00,0.00,2.00,1,2.00,2.00,0.00,0.00,,8,0,65.74,65.74,70.24,70.24,58.33,58.33,68.94,68.94,0.00,0.00
Papua New Guinea,PNG,20200427,2.00,1,2.00,1,2.00,1,2.00,1,0.00,,1.00,0,2.00,0,2.00,0.00,,0.00,0.00,0.00,2.00,1,2.00,2.00,0.00,0.00,,8,0,58.33,58.33,66.67,66.67,53.21,53.21,62.88,62.88,0.00,0.00
Papua New Guinea,PNG,20200428,2.00,1,2.00,1,2.00,1,,,0.00,,1.00,0,2.00,0,2.00,0.00,,0.00,0.00,0.00,2.00,1,2.00,2.00,0.00,0.00,,8,0,52.78,52.78,66.67,66.67,49.36,49.36,58.33,58.33,0.00,0.00
Papua New Guinea,PNG,20200429,2.00,1,2.00,1,2.00,1,4.00,0,0.00,,1.00,0,2.00,0,2.00,0.00,,0.00,0.00,0.00,2.00,1,2.00,2.00,0.00,0.00,,8,0,62.50,62.50,66.67,66.67,56.09,56.09,66.29,66.29,0.00,0.00
Papua New Guinea,PNG,20200430,2.00,1,2.00,1,2.00,1,4.00,0,0.00,,1.00,0,2.00,0,2.00,0.00,,0.00,0.00,0.00,2.00,1,2.00,2.00,0.00,0.00,,8,0,62.50,62.50,66.67,66.67,56.09,56.09,66.29,66.29,0.00,0.00
Papua New Guinea,PNG,20200501,2.00,1,2.00,1,2.00,1,4.00,0,0.00,,1.00,0,2.00,0,2.00,0.00,,0.00,0.00,0.00,2.00,1,2.00,2.00,0.00,0.00,,8,0,62.50,62.50,66.67,66.67,56.09,56.09,66.29,66.29,0.00,0.00
Papua New Guinea,PNG,20200502,2.00,1,2.00,1,2.00,1,4.00,0,0.00,,1.00,0,2.00,0,2.00,0.00,,0.00,0.00,0.00,2.00,1,2.00,2.00,0.00,0.00,,8,0,62.50,62.50,66.67,66.67,56.09,56.09,66.29,66.29,0.00,0.00
Papua New Guinea,PNG,20200503,2.00,1,2.00,0,2.00,1,4.00,0,0.00,,1.00,0,2.00,0,2.00,0.00,,0.00,0.00,0.00,2.00,1,2.00,2.00,0.00,0.00,,8,0,60.65,60.65,63.10,63.10,54.81,54.81,64.77,64.77,0.00,0.00
Papua New Guinea,PNG,20200504,0.00,,2.00,0,2.00,1,4.00,0,0.00,,1.00,0,2.00,0,2.00,0.00,,0.00,0.00,0.00,2.00,1,2.00,2.00,0.00,0.00,,8,0,53.24,53.24,52.38,52.38,49.68,49.68,58.71,58.71,0.00,0.00
Papua New Guinea,PNG,20200505,0.00,,2.00,0,2.00,1,4.00,0,0.00,,1.00,0,2.00,0,2.00,0.00,,0.00,0.00,0.00,2.00,1,2.00,2.00,0.00,0.00,,8,0,53.24,53.24,52.38,52.38,49.68,49.68,58.71,58.71,0.00,0.00
Papua New Guinea,PNG,20200506,0.00,,2.00,0,2.00,1,4.00,0,0.00,,1.00,0,2.00,0,2.00,0.00,,0.00,0.00,0.00,2.00,1,2.00,2.00,0.00,0.00,,8,0,53.24,53.24,52.38,52.38,49.68,49.68,58.71,58.71,0.00,0.00
Papua New Guinea,PNG,20200507,0.00,,2.00,0,2.00,1,4.00,0,0.00,,1.00,0,2.00,0,2.00,0.00,,0.00,0.00,0.00,2.00,1,2.00,2.00,0.00,0.00,,8,0,53.24,53.24,52.38,52.38,49.68,49.68,58.71,58.71,0.00,0.00
Papua New Guinea,PNG,20200508,0.00,,2.00,0,2.00,1,4.00,0,0.00,,1.00,0,2.00,0,2.00,0.00,,0.00,0.00,0.00,2.00,1,2.00,2.00,0.00,0.00,,8,0,53.24,53.24,52.38,52.38,49.68,49.68,58.71,58.71,0.00,0.00
Papua New Guinea,PNG,20200509,0.00,,2.00,0,2.00,1,4.00,0,0.00,,1.00,0,2.00,0,2.00,0.00,,0.00,0.00,0.00,2.00,1,2.00,2.00,0.00,0.00,,8,0,53.24,53.24,52.38,52.38,49.68,49.68,58.71,58.71,0.00,0.00
Papua New Guinea,PNG,20200510,0.00,,2.00,0,2.00,1,4.00,0,0.00,,1.00,0,2.00,0,2.00,0.00,,0.00,0.00,0.00,2.00,1,2.00,2.00,0.00,0.00,,8,0,53.24,53.24,52.38,52.38,49.68,49.68,58.71,58.71,0.00,0.00
Papua New Guinea,PNG,20200511,0.00,,2.00,0,2.00,1,4.00,0,0.00,,1.00,0,2.00,0,2.00,0.00,,0.00,0.00,0.00,2.00,1,2.00,2.00,0.00,0.00,,8,0,53.24,53.24,52.38,52.38,49.68,49.68,58.71,58.71,0.00,0.00
Papua New Guinea,PNG,20200512,0.00,,2.00,0,2.00,1,4.00,0,0.00,,1.00,0,2.00,0,2.00,0.00,,0.00,0.00,0.00,2.00,1,2.00,2.00,0.00,0.00,,8,0,53.24,53.24,52.38,52.38,49.68,49.68,58.71,58.71,0.00,0.00
Papua New Guinea,PNG,20200513,0.00,,2.00,0,2.00,1,4.00,0,0.00,,1.00,0,0.00,,2.00,0.00,,0.00,0.00,0.00,2.00,1,2.00,2.00,0.00,0.00,,8,0,44.91,44.91,46.43,46.43,43.91,43.91,51.89,51.89,0.00,0.00
Papua New Guinea,PNG,20200514,0.00,,2.00,0,2.00,1,4.00,0,0.00,,1.00,0,0.00,,2.00,0.00,,0.00,0.00,0.00,2.00,1,2.00,2.00,0.00,0.00,,8,0,44.91,44.91,46.43,46.43,43.91,43.91,51.89,51.89,0.00,0.00
Papua New Guinea,PNG,20200515,0.00,,2.00,0,2.00,1,4.00,0,0.00,,1.00,0,0.00,,2.00,0.00,,0.00,0.00,0.00,2.00,1,2.00,2.00,0.00,0.00,,8,0,44.91,44.91,46.43,46.43,43.91,43.91,51.89,51.89,0.00,0.00
Papua New Guinea,PNG,20200516,0.00,,2.00,0,2.00,1,4.00,0,0.00,,1.00,0,0.00,,2.00,0.00,,0.00,0.00,0.00,2.00,1,2.00,2.00,0.00,0.00,,8,0,44.91,44.91,46.43,46.43,43.91,43.91,51.89,51.89,0.00,0.00
Papua New Guinea,PNG,20200517,0.00,,2.00,0,2.00,1,4.00,0,0.00,,1.00,0,0.00,,2.00,0.00,,0.00,0.00,0.00,2.00,1,2.00,2.00,0.00,0.00,,8,0,44.91,44.91,46.43,46.43,43.91,43.91,51.89,51.89,0.00,0.00
Papua New Guinea,PNG,20200518,0.00,,2.00,0,2.00,1,4.00,0,0.00,,1.00,0,0.00,,2.00,0.00,,0.00,0.00,0.00,2.00,1,2.00,2.00,0.00,0.00,,8,0,44.91,44.91,46.43,46.43,43.91,43.91,51.89,51.89,0.00,0.00
Papua New Guinea,PNG,20200519,0.00,,2.00,1,2.00,1,4.00,0,0.00,,1.00,0,0.00,,2.00,0.00,,0.00,0.00,0.00,2.00,1,2.00,2.00,0.00,0.00,,8,0,46.76,46.76,50.00,50.00,45.19,45.19,53.41,53.41,0.00,0.00
Papua New Guinea,PNG,20200520,0.00,,2.00,1,2.00,1,4.00,0,0.00,,1.00,0,0.00,,2.00,0.00,,0.00,0.00,0.00,2.00,1,2.00,2.00,0.00,0.00,,8,0,46.76,46.76,50.00,50.00,45.19,45.19,53.41,53.41,0.00,0.00
Papua New Guinea,PNG,20200521,0.00,,2.00,1,2.00,1,4.00,0,0.00,,1.00,0,0.00,,2.00,0.00,,0.00,0.00,0.00,2.00,1,2.00,2.00,0.00,0.00,,8,0,46.76,46.76,50.00,50.00,45.19,45.19,53.41,53.41,0.00,0.00
Papua New Guinea,PNG,20200522,0.00,,2.00,1,2.00,1,4.00,0,0.00,,1.00,0,0.00,,2.00,0.00,,0.00,0.00,0.00,2.00,1,2.00,2.00,0.00,0.00,,8,0,46.76,46.76,50.00,50.00,45.19,45.19,53.41,53.41,0.00,0.00
Papua New Guinea,PNG,20200523,0.00,,2.00,1,2.00,1,4.00,0,0.00,,1.00,0,0.00,,2.00,0.00,,0.00,0.00,0.00,2.00,1,2.00,2.00,0.00,0.00,,8,0,46.76,46.76,50.00,50.00,45.19,45.19,53.41,53.41,0.00,0.00
Papua New Guinea,PNG,20200524,0.00,,2.00,1,2.00,1,4.00,0,0.00,,1.00,0,0.00,,2.00,0.00,,0.00,0.00,0.00,2.00,1,2.00,2.00,0.00,0.00,,8,0,46.76,46.76,50.00,50.00,45.19,45.19,53.41,53.41,0.00,0.00
Papua New Guinea,PNG,20200525,0.00,,2.00,1,2.00,1,4.00,0,0.00,,1.00,0,0.00,,2.00,0.00,,0.00,0.00,0.00,2.00,1,2.00,2.00,0.00,0.00,,8,0,46.76,46.76,50.00,50.00,45.19,45.19,53.41,53.41,0.00,0.00
Papua New Guinea,PNG,20200526,0.00,,2.00,1,2.00,1,4.00,0,0.00,,1.00,0,0.00,,2.00,0.00,,0.00,0.00,0.00,2.00,1,2.00,2.00,0.00,0.00,,8,0,46.76,46.76,50.00,50.00,45.19,45.19,53.41,53.41,0.00,0.00
Papua New Guinea,PNG,20200527,0.00,,2.00,1,2.00,1,4.00,0,0.00,,1.00,0,0.00,,2.00,0.00,,0.00,0.00,0.00,2.00,1,2.00,2.00,0.00,0.00,,8,0,46.76,46.76,50.00,50.00,45.19,45.19,53.41,53.41,0.00,0.00
Papua New Guinea,PNG,20200528,0.00,,2.00,1,2.00,1,4.00,0,0.00,,1.00,0,0.00,,2.00,0.00,,0.00,0.00,0.00,2.00,1,2.00,2.00,0.00,0.00,,8,0,46.76,46.76,50.00,50.00,45.19,45.19,53.41,53.41,0.00,0.00
Papua New Guinea,PNG,20200529,0.00,,2.00,1,2.00,1,4.00,0,0.00,,1.00,0,0.00,,2.00,0.00,,0.00,0.00,0.00,2.00,1,2.00,2.00,0.00,0.00,,8,0,46.76,46.76,50.00,50.00,45.19,45.19,53.41,53.41,0.00,0.00
Papua New Guinea,PNG,20200530,0.00,,2.00,1,2.00,1,4.00,0,0.00,,1.00,0,0.00,,2.00,0.00,,0.00,0.00,0.00,2.00,1,2.00,2.00,0.00,0.00,,8,0,46.76,46.76,50.00,50.00,45.19,45.19,53.41,53.41,0.00,0.00
Papua New Guinea,PNG,20200531,0.00,,2.00,1,2.00,1,4.00,0,0.00,,1.00,0,0.00,,2.00,0.00,,0.00,0.00,0.00,2.00,1,2.00,2.00,0.00,0.00,,8,0,46.76,46.76,50.00,50.00,45.19,45.19,53.41,53.41,0.00,0.00
Papua New Guinea,PNG,20200601,0.00,,2.00,1,2.00,1,4.00,0,0.00,,1.00,0,0.00,,2.00,0.00,,0.00,0.00,0.00,2.00,1,2.00,2.00,0.00,0.00,,8,0,46.76,46.76,50.00,50.00,45.19,45.19,53.41,53.41,0.00,0.00
Papua New Guinea,PNG,20200602,0.00,,2.00,1,2.00,1,4.00,0,0.00,,1.00,0,0.00,,2.00,0.00,,0.00,0.00,0.00,2.00,1,2.00,2.00,0.00,0.00,,8,0,46.76,46.76,50.00,50.00,45.19,45.19,53.41,53.41,0.00,0.00
Papua New Guinea,PNG,20200603,0.00,,2.00,1,2.00,1,4.00,0,0.00,,1.00,0,0.00,,2.00,0.00,,0.00,0.00,0.00,2.00,1,2.00,2.00,0.00,0.00,,8,0,46.76,46.76,50.00,50.00,45.19,45.19,53.41,53.41,0.00,0.00
Papua New Guinea,PNG,20200604,0.00,,2.00,1,2.00,1,4.00,0,0.00,,1.00,0,0.00,,2.00,0.00,,0.00,0.00,0.00,2.00,1,2.00,2.00,0.00,0.00,,8,0,46.76,46.76,50.00,50.00,45.19,45.19,53.41,53.41,0.00,0.00
Papua New Guinea,PNG,20200605,0.00,,2.00,1,2.00,1,4.00,0,0.00,,1.00,0,0.00,,2.00,0.00,,0.00,0.00,0.00,2.00,1,2.00,2.00,0.00,0.00,,8,0,46.76,46.76,50.00,50.00,45.19,45.19,53.41,53.41,0.00,0.00
Papua New Guinea,PNG,20200606,0.00,,2.00,1,2.00,1,4.00,0,0.00,,1.00,0,0.00,,2.00,0.00,,0.00,0.00,0.00,2.00,1,2.00,2.00,0.00,0.00,,8,0,46.76,46.76,50.00,50.00,45.19,45.19,53.41,53.41,0.00,0.00
Papua New Guinea,PNG,20200607,0.00,,2.00,1,2.00,1,4.00,0,0.00,,1.00,0,0.00,,2.00,0.00,,0.00,0.00,0.00,2.00,1,2.00,2.00,0.00,0.00,,8,0,46.76,46.76,50.00,50.00,45.19,45.19,53.41,53.41,0.00,0.00
Papua New Guinea,PNG,20200608,0.00,,2.00,1,2.00,1,4.00,0,0.00,,1.00,0,0.00,,2.00,0.00,,0.00,0.00,0.00,2.00,1,2.00,2.00,0.00,0.00,,8,0,46.76,46.76,50.00,50.00,45.19,45.19,53.41,53.41,0.00,0.00
Papua New Guinea,PNG,20200609,0.00,,2.00,1,2.00,1,4.00,0,0.00,,1.00,0,0.00,,2.00,0.00,,0.00,0.00,0.00,2.00,1,2.00,2.00,0.00,0.00,,8,0,46.76,46.76,50.00,50.00,45.19,45.19,53.41,53.41,0.00,0.00
Papua New Guinea,PNG,20200610,0.00,,2.00,1,2.00,1,4.00,0,0.00,,1.00,0,0.00,,2.00,0.00,,0.00,0.00,0.00,2.00,1,2.00,2.00,0.00,0.00,,8,0,46.76,46.76,50.00,50.00,45.19,45.19,53.41,53.41,0.00,0.00
Papua New Guinea,PNG,20200611,0.00,,2.00,1,2.00,1,4.00,0,0.00,,1.00,0,0.00,,2.00,0.00,,0.00,0.00,0.00,2.00,1,2.00,2.00,0.00,0.00,,8,0,46.76,46.76,50.00,50.00,45.19,45.19,53.41,53.41,0.00,0.00
Papua New Guinea,PNG,20200612,0.00,,2.00,1,2.00,1,4.00,0,0.00,,1.00,0,0.00,,2.00,0.00,,0.00,0.00,0.00,2.00,1,2.00,2.00,0.00,0.00,,8,0,46.76,46.76,50.00,50.00,45.19,45.19,53.41,53.41,0.00,0.00
Papua New Guinea,PNG,20200613,0.00,,2.00,1,2.00,1,4.00,0,0.00,,1.00,0,0.00,,2.00,0.00,,0.00,0.00,0.00,2.00,1,2.00,2.00,0.00,0.00,,8,0,46.76,46.76,50.00,50.00,45.19,45.19,53.41,53.41,0.00,0.00
Papua New Guinea,PNG,20200614,0.00,,2.00,1,2.00,1,4.00,0,0.00,,1.00,0,0.00,,2.00,0.00,,0.00,0.00,0.00,2.00,1,2.00,2.00,0.00,0.00,,8,0,46.76,46.76,50.00,50.00,45.19,45.19,53.41,53.41,0.00,0.00
Papua New Guinea,PNG,20200615,0.00,,2.00,1,2.00,1,4.00,0,0.00,,1.00,0,0.00,,2.00,0.00,,0.00,0.00,0.00,2.00,1,2.00,2.00,0.00,0.00,,8,0,46.76,46.76,50.00,50.00,45.19,45.19,53.41,53.41,0.00,0.00
Papua New Guinea,PNG,20200616,0.00,,2.00,1,2.00,1,4.00,0,0.00,,1.00,0,0.00,,2.00,0.00,,0.00,0.00,0.00,2.00,1,2.00,2.00,0.00,0.00,,8,0,46.76,46.76,50.00,50.00,45.19,45.19,53.41,53.41,0.00,0.00
Papua New Guinea,PNG,20200617,0.00,,2.00,1,2.00,1,4.00,0,0.00,,1.00,0,0.00,,2.00,0.00,,0.00,0.00,0.00,2.00,1,2.00,2.00,0.00,0.00,,8,0,46.76,46.76,50.00,50.00,45.19,45.19,53.41,53.41,0.00,0.00
Papua New Guinea,PNG,20200618,0.00,,2.00,1,2.00,1,4.00,0,0.00,,1.00,0,0.00,,2.00,0.00,,0.00,0.00,0.00,2.00,1,2.00,2.00,0.00,0.00,,8,0,46.76,46.76,50.00,50.00,45.19,45.19,53.41,53.41,0.00,0.00
Papua New Guinea,PNG,20200619,,,,,,,,,,,,,,,,,,,,,,,,,,,,8,0,,46.76,,50.00,,45.19,,53.41,,0.00
Papua New Guinea,PNG,20200620,,,,,,,,,,,,,,,,,,,,,,,,,,,,8,0,,46.76,,50.00,,45.19,,53.41,,0.00
Papua New Guinea,PNG,20200621,,,,,,,,,,,,,,,,,,,,,,,,,,,,8,0,,46.76,,50.00,,45.19,,53.41,,0.00
Papua New Guinea,PNG,20200622,,,,,,,,,,,,,,,,,,,,,,,,,,,,9,0,,46.76,,50.00,,45.19,,53.41,,0.00
Papua New Guinea,PNG,20200623,,,,,,,,,,,,,,,,,,,,,,,,,,,,9,0,,46.76,,50.00,,45.19,,53.41,,0.00
