Paraguay,PRY,20200101,0.00,,0.00,,0.00,,0.00,,0.00,,0.00,,0.00,,0.00,0.00,,0.00,0.00,0.00,0.00,,0.00,0.00,0.00,0.00,,,,0.00,0.00,0.00,0.00,0.00,0.00,0.00,0.00,0.00,0.00
Paraguay,PRY,20200102,0.00,,0.00,,0.00,,0.00,,0.00,,0.00,,0.00,,0.00,0.00,,0.00,0.00,0.00,0.00,,0.00,0.00,0.00,0.00,,,,0.00,0.00,0.00,0.00,0.00,0.00,0.00,0.00,0.00,0.00
Paraguay,PRY,20200103,0.00,,0.00,,0.00,,0.00,,0.00,,0.00,,0.00,,0.00,0.00,,0.00,0.00,0.00,0.00,,0.00,0.00,0.00,0.00,,,,0.00,0.00,0.00,0.00,0.00,0.00,0.00,0.00,0.00,0.00
Paraguay,PRY,20200104,0.00,,0.00,,0.00,,0.00,,0.00,,0.00,,0.00,,0.00,0.00,,0.00,0.00,0.00,0.00,,0.00,0.00,0.00,0.00,,,,0.00,0.00,0.00,0.00,0.00,0.00,0.00,0.00,0.00,0.00
Paraguay,PRY,20200105,0.00,,0.00,,0.00,,0.00,,0.00,,0.00,,0.00,,0.00,0.00,,0.00,0.00,0.00,0.00,,0.00,0.00,0.00,0.00,,,,0.00,0.00,0.00,0.00,0.00,0.00,0.00,0.00,0.00,0.00
Paraguay,PRY,20200106,0.00,,0.00,,0.00,,0.00,,0.00,,0.00,,0.00,,0.00,0.00,,0.00,0.00,0.00,0.00,,0.00,0.00,0.00,0.00,,,,0.00,0.00,0.00,0.00,0.00,0.00,0.00,0.00,0.00,0.00
Paraguay,PRY,20200107,0.00,,0.00,,0.00,,0.00,,0.00,,0.00,,0.00,,0.00,0.00,,0.00,0.00,0.00,0.00,,0.00,0.00,0.00,0.00,,,,0.00,0.00,0.00,0.00,0.00,0.00,0.00,0.00,0.00,0.00
Paraguay,PRY,20200108,0.00,,0.00,,0.00,,0.00,,0.00,,0.00,,0.00,,0.00,0.00,,0.00,0.00,0.00,0.00,,0.00,0.00,0.00,0.00,,,,0.00,0.00,0.00,0.00,0.00,0.00,0.00,0.00,0.00,0.00
Paraguay,PRY,20200109,0.00,,0.00,,0.00,,0.00,,0.00,,0.00,,0.00,,0.00,0.00,,0.00,0.00,0.00,0.00,,0.00,0.00,0.00,0.00,,,,0.00,0.00,0.00,0.00,0.00,0.00,0.00,0.00,0.00,0.00
Paraguay,PRY,20200110,0.00,,0.00,,0.00,,0.00,,0.00,,0.00,,0.00,,0.00,0.00,,0.00,0.00,0.00,0.00,,0.00,0.00,0.00,0.00,,,,0.00,0.00,0.00,0.00,0.00,0.00,0.00,0.00,0.00,0.00
Paraguay,PRY,20200111,0.00,,0.00,,0.00,,0.00,,0.00,,0.00,,0.00,,0.00,0.00,,0.00,0.00,0.00,0.00,,0.00,0.00,0.00,0.00,,,,0.00,0.00,0.00,0.00,0.00,0.00,0.00,0.00,0.00,0.00
Paraguay,PRY,20200112,0.00,,0.00,,0.00,,0.00,,0.00,,0.00,,0.00,,0.00,0.00,,0.00,0.00,0.00,0.00,,0.00,0.00,0.00,0.00,,,,0.00,0.00,0.00,0.00,0.00,0.00,0.00,0.00,0.00,0.00
Paraguay,PRY,20200113,0.00,,0.00,,0.00,,0.00,,0.00,,0.00,,0.00,,0.00,0.00,,0.00,0.00,0.00,0.00,,0.00,0.00,0.00,0.00,,,,0.00,0.00,0.00,0.00,0.00,0.00,0.00,0.00,0.00,0.00
Paraguay,PRY,20200114,0.00,,0.00,,0.00,,0.00,,0.00,,0.00,,0.00,,0.00,0.00,,0.00,0.00,0.00,0.00,,0.00,0.00,0.00,0.00,,,,0.00,0.00,0.00,0.00,0.00,0.00,0.00,0.00,0.00,0.00
Paraguay,PRY,20200115,0.00,,0.00,,0.00,,0.00,,0.00,,0.00,,0.00,,0.00,0.00,,0.00,0.00,0.00,0.00,,0.00,0.00,0.00,0.00,,,,0.00,0.00,0.00,0.00,0.00,0.00,0.00,0.00,0.00,0.00
Paraguay,PRY,20200116,0.00,,0.00,,0.00,,0.00,,0.00,,0.00,,0.00,,0.00,0.00,,0.00,0.00,0.00,0.00,,0.00,0.00,0.00,0.00,,,,0.00,0.00,0.00,0.00,0.00,0.00,0.00,0.00,0.00,0.00
Paraguay,PRY,20200117,0.00,,0.00,,0.00,,0.00,,0.00,,0.00,,0.00,,0.00,0.00,,0.00,0.00,0.00,0.00,,0.00,0.00,0.00,0.00,,,,0.00,0.00,0.00,0.00,0.00,0.00,0.00,0.00,0.00,0.00
Paraguay,PRY,20200118,0.00,,0.00,,0.00,,0.00,,0.00,,0.00,,0.00,,0.00,0.00,,0.00,0.00,0.00,0.00,,0.00,0.00,0.00,0.00,,,,0.00,0.00,0.00,0.00,0.00,0.00,0.00,0.00,0.00,0.00
Paraguay,PRY,20200119,0.00,,0.00,,0.00,,0.00,,0.00,,0.00,,0.00,,0.00,0.00,,0.00,0.00,0.00,0.00,,0.00,0.00,0.00,0.00,,,,0.00,0.00,0.00,0.00,0.00,0.00,0.00,0.00,0.00,0.00
Paraguay,PRY,20200120,0.00,,0.00,,0.00,,0.00,,0.00,,0.00,,0.00,,0.00,0.00,,0.00,0.00,0.00,0.00,,0.00,0.00,0.00,0.00,,,,0.00,0.00,0.00,0.00,0.00,0.00,0.00,0.00,0.00,0.00
Paraguay,PRY,20200121,0.00,,0.00,,0.00,,0.00,,0.00,,0.00,,0.00,,0.00,0.00,,0.00,0.00,0.00,0.00,,0.00,0.00,0.00,0.00,,,,0.00,0.00,0.00,0.00,0.00,0.00,0.00,0.00,0.00,0.00
Paraguay,PRY,20200122,0.00,,0.00,,0.00,,0.00,,0.00,,0.00,,0.00,,0.00,0.00,,0.00,0.00,0.00,0.00,,0.00,0.00,0.00,0.00,,,,0.00,0.00,0.00,0.00,0.00,0.00,0.00,0.00,0.00,0.00
Paraguay,PRY,20200123,0.00,,0.00,,0.00,,0.00,,0.00,,0.00,,0.00,,0.00,0.00,,0.00,0.00,0.00,1.00,1,0.00,0.00,0.00,0.00,,,,5.56,5.56,9.52,9.52,3.85,3.85,4.55,4.55,0.00,0.00
Paraguay,PRY,20200124,0.00,,0.00,,0.00,,0.00,,0.00,,0.00,,0.00,,0.00,0.00,,0.00,0.00,0.00,1.00,1,0.00,0.00,0.00,0.00,,,,5.56,5.56,9.52,9.52,3.85,3.85,4.55,4.55,0.00,0.00
Paraguay,PRY,20200125,0.00,,0.00,,0.00,,0.00,,0.00,,0.00,,0.00,,0.00,0.00,,0.00,0.00,0.00,1.00,1,0.00,0.00,0.00,0.00,,,,5.56,5.56,9.52,9.52,3.85,3.85,4.55,4.55,0.00,0.00
Paraguay,PRY,20200126,0.00,,0.00,,0.00,,0.00,,0.00,,0.00,,0.00,,0.00,0.00,,0.00,0.00,0.00,1.00,1,0.00,0.00,0.00,0.00,,,,5.56,5.56,9.52,9.52,3.85,3.85,4.55,4.55,0.00,0.00
Paraguay,PRY,20200127,0.00,,0.00,,0.00,,0.00,,0.00,,0.00,,0.00,,0.00,0.00,,0.00,0.00,0.00,1.00,1,0.00,0.00,0.00,0.00,,,,5.56,5.56,9.52,9.52,3.85,3.85,4.55,4.55,0.00,0.00
Paraguay,PRY,20200128,0.00,,0.00,,0.00,,0.00,,0.00,,0.00,,0.00,,0.00,0.00,,0.00,0.00,0.00,1.00,1,0.00,0.00,0.00,0.00,,,,5.56,5.56,9.52,9.52,3.85,3.85,4.55,4.55,0.00,0.00
Paraguay,PRY,20200129,0.00,,0.00,,0.00,,0.00,,0.00,,0.00,,0.00,,0.00,0.00,,0.00,0.00,0.00,1.00,1,0.00,0.00,0.00,0.00,,,,5.56,5.56,9.52,9.52,3.85,3.85,4.55,4.55,0.00,0.00
Paraguay,PRY,20200130,0.00,,0.00,,0.00,,0.00,,0.00,,0.00,,0.00,,0.00,0.00,,0.00,0.00,0.00,1.00,1,0.00,0.00,0.00,0.00,,,,5.56,5.56,9.52,9.52,3.85,3.85,4.55,4.55,0.00,0.00
Paraguay,PRY,20200131,0.00,,0.00,,0.00,,0.00,,0.00,,0.00,,0.00,,0.00,0.00,,0.00,0.00,0.00,1.00,1,0.00,0.00,0.00,0.00,,,,5.56,5.56,9.52,9.52,3.85,3.85,4.55,4.55,0.00,0.00
Paraguay,PRY,20200201,0.00,,0.00,,0.00,,0.00,,0.00,,0.00,,0.00,,0.00,0.00,,0.00,0.00,0.00,1.00,1,0.00,0.00,0.00,0.00,,,,5.56,5.56,9.52,9.52,3.85,3.85,4.55,4.55,0.00,0.00
Paraguay,PRY,20200202,0.00,,0.00,,0.00,,0.00,,0.00,,0.00,,0.00,,0.00,0.00,,0.00,0.00,0.00,1.00,1,0.00,0.00,0.00,0.00,,,,5.56,5.56,9.52,9.52,3.85,3.85,4.55,4.55,0.00,0.00
Paraguay,PRY,20200203,0.00,,0.00,,0.00,,0.00,,0.00,,0.00,,0.00,,0.00,0.00,,0.00,0.00,0.00,1.00,1,0.00,0.00,0.00,0.00,,,,5.56,5.56,9.52,9.52,3.85,3.85,4.55,4.55,0.00,0.00
Paraguay,PRY,20200204,0.00,,0.00,,0.00,,0.00,,0.00,,0.00,,0.00,,0.00,0.00,,0.00,0.00,0.00,1.00,1,0.00,0.00,0.00,0.00,,,,5.56,5.56,9.52,9.52,3.85,3.85,4.55,4.55,0.00,0.00
Paraguay,PRY,20200205,0.00,,0.00,,0.00,,0.00,,0.00,,0.00,,0.00,,0.00,0.00,,0.00,0.00,0.00,1.00,1,0.00,0.00,0.00,0.00,,,,5.56,5.56,9.52,9.52,3.85,3.85,4.55,4.55,0.00,0.00
Paraguay,PRY,20200206,0.00,,0.00,,0.00,,0.00,,0.00,,0.00,,0.00,,0.00,0.00,,0.00,0.00,0.00,1.00,1,0.00,0.00,0.00,0.00,,,,5.56,5.56,9.52,9.52,3.85,3.85,4.55,4.55,0.00,0.00
Paraguay,PRY,20200207,0.00,,0.00,,0.00,,0.00,,0.00,,0.00,,0.00,,0.00,0.00,,0.00,0.00,0.00,1.00,1,0.00,0.00,0.00,0.00,,,,5.56,5.56,9.52,9.52,3.85,3.85,4.55,4.55,0.00,0.00
Paraguay,PRY,20200208,0.00,,0.00,,0.00,,0.00,,0.00,,0.00,,0.00,,0.00,0.00,,0.00,0.00,0.00,1.00,1,0.00,0.00,0.00,0.00,,,,5.56,5.56,9.52,9.52,3.85,3.85,4.55,4.55,0.00,0.00
Paraguay,PRY,20200209,0.00,,0.00,,0.00,,0.00,,0.00,,0.00,,0.00,,0.00,0.00,,0.00,0.00,0.00,1.00,1,0.00,0.00,0.00,0.00,,,,5.56,5.56,9.52,9.52,3.85,3.85,4.55,4.55,0.00,0.00
Paraguay,PRY,20200210,0.00,,0.00,,0.00,,0.00,,0.00,,0.00,,0.00,,0.00,0.00,,0.00,0.00,0.00,1.00,1,0.00,0.00,0.00,0.00,,,,5.56,5.56,9.52,9.52,3.85,3.85,4.55,4.55,0.00,0.00
Paraguay,PRY,20200211,0.00,,0.00,,0.00,,0.00,,0.00,,0.00,,0.00,,0.00,0.00,,0.00,0.00,0.00,1.00,1,0.00,0.00,0.00,0.00,,,,5.56,5.56,9.52,9.52,3.85,3.85,4.55,4.55,0.00,0.00
Paraguay,PRY,20200212,0.00,,0.00,,0.00,,0.00,,0.00,,0.00,,0.00,,0.00,0.00,,0.00,0.00,0.00,1.00,1,0.00,0.00,0.00,0.00,,,,5.56,5.56,9.52,9.52,3.85,3.85,4.55,4.55,0.00,0.00
Paraguay,PRY,20200213,0.00,,0.00,,0.00,,0.00,,0.00,,0.00,,0.00,,0.00,0.00,,0.00,0.00,0.00,1.00,1,0.00,0.00,0.00,0.00,,,,5.56,5.56,9.52,9.52,3.85,3.85,4.55,4.55,0.00,0.00
Paraguay,PRY,20200214,0.00,,0.00,,0.00,,0.00,,0.00,,0.00,,0.00,,0.00,0.00,,0.00,0.00,0.00,1.00,1,0.00,0.00,0.00,0.00,,,,5.56,5.56,9.52,9.52,3.85,3.85,4.55,4.55,0.00,0.00
Paraguay,PRY,20200215,0.00,,0.00,,0.00,,0.00,,0.00,,0.00,,0.00,,0.00,0.00,,0.00,0.00,0.00,1.00,1,0.00,0.00,0.00,0.00,,,,5.56,5.56,9.52,9.52,3.85,3.85,4.55,4.55,0.00,0.00
Paraguay,PRY,20200216,0.00,,0.00,,0.00,,0.00,,0.00,,0.00,,0.00,,0.00,0.00,,0.00,0.00,0.00,1.00,1,0.00,0.00,0.00,0.00,,,,5.56,5.56,9.52,9.52,3.85,3.85,4.55,4.55,0.00,0.00
Paraguay,PRY,20200217,0.00,,0.00,,0.00,,0.00,,0.00,,0.00,,0.00,,0.00,0.00,,0.00,0.00,0.00,1.00,1,0.00,0.00,0.00,0.00,,,,5.56,5.56,9.52,9.52,3.85,3.85,4.55,4.55,0.00,0.00
Paraguay,PRY,20200218,0.00,,0.00,,0.00,,0.00,,0.00,,0.00,,0.00,,0.00,0.00,,0.00,0.00,0.00,1.00,1,0.00,0.00,0.00,0.00,,,,5.56,5.56,9.52,9.52,3.85,3.85,4.55,4.55,0.00,0.00
Paraguay,PRY,20200219,0.00,,0.00,,0.00,,0.00,,0.00,,0.00,,0.00,,0.00,0.00,,0.00,0.00,0.00,1.00,1,0.00,0.00,0.00,0.00,,,,5.56,5.56,9.52,9.52,3.85,3.85,4.55,4.55,0.00,0.00
Paraguay,PRY,20200220,0.00,,0.00,,0.00,,0.00,,0.00,,0.00,,0.00,,0.00,0.00,,0.00,0.00,0.00,1.00,1,0.00,0.00,0.00,0.00,,,,5.56,5.56,9.52,9.52,3.85,3.85,4.55,4.55,0.00,0.00
Paraguay,PRY,20200221,0.00,,0.00,,0.00,,0.00,,0.00,,0.00,,0.00,,0.00,0.00,,0.00,0.00,0.00,1.00,1,0.00,0.00,0.00,0.00,,,,5.56,5.56,9.52,9.52,3.85,3.85,4.55,4.55,0.00,0.00
Paraguay,PRY,20200222,0.00,,0.00,,0.00,,0.00,,0.00,,0.00,,0.00,,0.00,0.00,,0.00,0.00,0.00,1.00,1,0.00,0.00,0.00,0.00,,,,5.56,5.56,9.52,9.52,3.85,3.85,4.55,4.55,0.00,0.00
Paraguay,PRY,20200223,0.00,,0.00,,0.00,,0.00,,0.00,,0.00,,0.00,,0.00,0.00,,0.00,0.00,0.00,1.00,1,0.00,0.00,0.00,0.00,,,,5.56,5.56,9.52,9.52,3.85,3.85,4.55,4.55,0.00,0.00
Paraguay,PRY,20200224,0.00,,0.00,,0.00,,0.00,,0.00,,0.00,,0.00,,0.00,0.00,,0.00,0.00,0.00,1.00,1,0.00,0.00,0.00,0.00,,,,5.56,5.56,9.52,9.52,3.85,3.85,4.55,4.55,0.00,0.00
Paraguay,PRY,20200225,0.00,,0.00,,0.00,,0.00,,0.00,,0.00,,0.00,,0.00,0.00,,0.00,0.00,0.00,1.00,1,0.00,0.00,0.00,0.00,,,,5.56,5.56,9.52,9.52,3.85,3.85,4.55,4.55,0.00,0.00
Paraguay,PRY,20200226,0.00,,0.00,,0.00,,0.00,,0.00,,0.00,,0.00,,0.00,0.00,,0.00,0.00,0.00,1.00,1,0.00,0.00,0.00,0.00,,,,5.56,5.56,9.52,9.52,3.85,3.85,4.55,4.55,0.00,0.00
Paraguay,PRY,20200227,0.00,,0.00,,0.00,,0.00,,0.00,,0.00,,0.00,,0.00,0.00,,0.00,0.00,0.00,1.00,1,0.00,0.00,0.00,0.00,,,,5.56,5.56,9.52,9.52,3.85,3.85,4.55,4.55,0.00,0.00
Paraguay,PRY,20200228,0.00,,0.00,,0.00,,0.00,,0.00,,0.00,,0.00,,0.00,0.00,,0.00,0.00,0.00,1.00,1,0.00,0.00,0.00,0.00,,,,5.56,5.56,9.52,9.52,3.85,3.85,4.55,4.55,0.00,0.00
Paraguay,PRY,20200229,0.00,,0.00,,0.00,,0.00,,0.00,,0.00,,0.00,,0.00,0.00,,0.00,0.00,0.00,1.00,1,0.00,0.00,0.00,0.00,,,,5.56,5.56,9.52,9.52,3.85,3.85,4.55,4.55,0.00,0.00
Paraguay,PRY,20200301,0.00,,0.00,,0.00,,0.00,,0.00,,0.00,,0.00,,0.00,0.00,,0.00,0.00,0.00,1.00,1,0.00,0.00,0.00,0.00,,,,5.56,5.56,9.52,9.52,3.85,3.85,4.55,4.55,0.00,0.00
Paraguay,PRY,20200302,0.00,,0.00,,0.00,,0.00,,0.00,,0.00,,0.00,,0.00,0.00,,0.00,0.00,0.00,1.00,1,0.00,0.00,0.00,0.00,,,,5.56,5.56,9.52,9.52,3.85,3.85,4.55,4.55,0.00,0.00
Paraguay,PRY,20200303,0.00,,0.00,,0.00,,0.00,,0.00,,0.00,,0.00,,0.00,0.00,,0.00,0.00,0.00,1.00,1,0.00,0.00,0.00,0.00,,,,5.56,5.56,9.52,9.52,3.85,3.85,4.55,4.55,0.00,0.00
Paraguay,PRY,20200304,0.00,,0.00,,0.00,,0.00,,0.00,,0.00,,0.00,,0.00,0.00,,0.00,0.00,0.00,1.00,1,0.00,0.00,0.00,0.00,,,,5.56,5.56,9.52,9.52,3.85,3.85,4.55,4.55,0.00,0.00
Paraguay,PRY,20200305,0.00,,0.00,,0.00,,0.00,,0.00,,0.00,,0.00,,0.00,0.00,,0.00,0.00,0.00,1.00,1,0.00,0.00,0.00,0.00,,,,5.56,5.56,9.52,9.52,3.85,3.85,4.55,4.55,0.00,0.00
Paraguay,PRY,20200306,0.00,,0.00,,0.00,,0.00,,0.00,,0.00,,0.00,,0.00,0.00,,0.00,0.00,0.00,1.00,1,0.00,0.00,0.00,0.00,,,,5.56,5.56,9.52,9.52,3.85,3.85,4.55,4.55,0.00,0.00
Paraguay,PRY,20200307,0.00,,0.00,,0.00,,0.00,,0.00,,0.00,,0.00,,0.00,0.00,,0.00,0.00,0.00,1.00,1,1.00,2.00,0.00,0.00,,,,5.56,5.56,9.52,9.52,14.10,14.10,16.67,16.67,0.00,0.00
Paraguay,PRY,20200308,0.00,,0.00,,0.00,,0.00,,0.00,,0.00,,0.00,,0.00,0.00,,0.00,0.00,0.00,1.00,1,1.00,2.00,0.00,0.00,,1,0,5.56,5.56,9.52,9.52,14.10,14.10,16.67,16.67,0.00,0.00
Paraguay,PRY,20200309,0.00,,0.00,,0.00,,0.00,,0.00,,0.00,,0.00,,0.00,0.00,,0.00,0.00,0.00,1.00,1,1.00,2.00,0.00,0.00,,,,5.56,5.56,9.52,9.52,14.10,14.10,16.67,16.67,0.00,0.00
Paraguay,PRY,20200310,3.00,1,0.00,,2.00,1,3.00,1,0.00,,1.00,1,0.00,,0.00,0.00,,0.00,0.00,0.00,1.00,1,1.00,2.00,0.00,0.00,,,,39.81,39.81,45.24,45.24,37.82,37.82,44.70,44.70,0.00,0.00
Paraguay,PRY,20200311,3.00,1,0.00,,2.00,1,3.00,1,0.00,,1.00,1,0.00,,0.00,0.00,,0.00,0.00,0.00,1.00,1,1.00,2.00,0.00,0.00,,5,0,39.81,39.81,45.24,45.24,37.82,37.82,44.70,44.70,0.00,0.00
Paraguay,PRY,20200312,3.00,1,0.00,,2.00,1,3.00,1,0.00,,1.00,1,0.00,,0.00,0.00,,0.00,513366.00,0.00,1.00,1,1.00,2.00,0.00,0.00,,,,39.81,39.81,45.24,45.24,37.82,37.82,44.70,44.70,0.00,0.00
Paraguay,PRY,20200313,3.00,1,3.00,1,2.00,1,3.00,1,0.00,,1.00,1,0.00,,0.00,0.00,,0.00,76152646.00,0.00,1.00,1,1.00,2.00,80721805.00,0.00,,6,0,50.93,50.93,59.52,59.52,45.51,45.51,53.79,53.79,0.00,0.00
Paraguay,PRY,20200314,3.00,1,3.00,1,2.00,1,3.00,1,0.00,,1.00,1,0.00,,0.00,0.00,,0.00,0.00,0.00,1.00,1,1.00,2.00,0.00,0.00,,7,0,50.93,50.93,59.52,59.52,45.51,45.51,53.79,53.79,0.00,0.00
Paraguay,PRY,20200315,3.00,1,3.00,1,2.00,1,3.00,1,0.00,,1.00,1,0.00,,0.00,0.00,,0.00,0.00,0.00,1.00,1,1.00,2.00,0.00,0.00,,,,50.93,50.93,59.52,59.52,45.51,45.51,53.79,53.79,0.00,0.00
Paraguay,PRY,20200316,3.00,1,3.00,1,2.00,1,3.00,1,0.00,,1.00,1,2.00,1,3.00,0.00,,0.00,0.00,0.00,1.00,1,1.00,2.00,0.00,0.00,,8,0,70.37,70.37,77.38,77.38,58.97,58.97,69.70,69.70,0.00,0.00
Paraguay,PRY,20200317,3.00,1,3.00,1,2.00,1,3.00,1,0.00,,2.00,1,2.00,1,3.00,0.00,,0.00,0.00,0.00,1.00,1,1.00,2.00,0.00,0.00,,9,0,74.07,74.07,77.38,77.38,61.54,61.54,72.73,72.73,0.00,0.00
Paraguay,PRY,20200318,3.00,1,3.00,1,2.00,1,3.00,1,0.00,,2.00,1,2.00,1,3.00,0.00,,0.00,0.00,0.00,1.00,1,1.00,2.00,45454063.00,0.00,,11,0,74.07,74.07,77.38,77.38,61.54,61.54,72.73,72.73,0.00,0.00
Paraguay,PRY,20200319,3.00,1,3.00,1,2.00,1,3.00,1,0.00,,2.00,1,2.00,1,3.00,0.00,,0.00,0.00,0.00,1.00,1,1.00,2.00,0.00,0.00,,11,0,74.07,74.07,77.38,77.38,61.54,61.54,72.73,72.73,0.00,0.00
Paraguay,PRY,20200320,3.00,1,3.00,1,2.00,1,3.00,1,0.00,,2.00,1,2.00,1,3.00,0.00,,0.00,10000000.00,0.00,1.00,1,2.00,1.00,0.00,0.00,,13,0,74.07,74.07,77.38,77.38,60.26,60.26,71.21,71.21,0.00,0.00
Paraguay,PRY,20200321,3.00,1,3.00,1,2.00,1,4.00,1,2.00,0,2.00,1,2.00,1,3.00,0.00,,0.00,0.00,0.00,1.00,1,2.00,1.00,0.00,0.00,,18,1,85.19,85.19,86.90,86.90,67.95,67.95,80.30,80.30,0.00,0.00
Paraguay,PRY,20200322,3.00,1,3.00,1,2.00,1,4.00,1,2.00,0,2.00,1,2.00,1,3.00,0.00,,0.00,0.00,0.00,1.00,1,2.00,1.00,0.00,0.00,,22,1,85.19,85.19,86.90,86.90,67.95,67.95,80.30,80.30,0.00,0.00
Paraguay,PRY,20200323,3.00,1,3.00,1,2.00,1,4.00,1,2.00,0,2.00,1,2.00,1,3.00,0.00,,0.00,0.00,0.00,2.00,1,2.00,1.00,45203.00,0.00,,22,1,90.74,90.74,91.67,91.67,71.79,71.79,84.85,84.85,0.00,0.00
Paraguay,PRY,20200324,3.00,1,3.00,1,2.00,1,4.00,1,2.00,0,2.00,1,2.00,1,4.00,0.00,,0.00,0.00,0.00,2.00,1,2.00,1.00,1600000.00,0.00,,27,1,93.52,93.52,95.24,95.24,73.72,73.72,87.12,87.12,0.00,0.00
Paraguay,PRY,20200325,3.00,1,3.00,1,2.00,1,4.00,1,2.00,0,2.00,1,2.00,1,4.00,0.00,,0.00,0.00,0.00,2.00,1,2.00,1.00,0.00,0.00,,37,3,93.52,93.52,95.24,95.24,73.72,73.72,87.12,87.12,0.00,0.00
Paraguay,PRY,20200326,3.00,1,3.00,1,2.00,1,4.00,1,2.00,0,2.00,1,2.00,1,4.00,0.00,,0.00,2066226272.00,0.00,2.00,1,2.00,1.00,0.00,0.00,,41,3,93.52,93.52,95.24,95.24,73.72,73.72,87.12,87.12,0.00,0.00
Paraguay,PRY,20200327,3.00,1,3.00,1,2.00,1,4.00,1,2.00,0,2.00,1,2.00,1,4.00,0.00,,0.00,0.00,0.00,2.00,1,2.00,1.00,1055233.00,0.00,,52,3,93.52,93.52,95.24,95.24,73.72,73.72,87.12,87.12,0.00,0.00
Paraguay,PRY,20200328,3.00,1,3.00,1,2.00,1,4.00,1,2.00,0,2.00,1,2.00,1,4.00,0.00,,0.00,0.00,0.00,2.00,1,2.00,1.00,0.00,0.00,,56,3,93.52,93.52,95.24,95.24,73.72,73.72,87.12,87.12,0.00,0.00
Paraguay,PRY,20200329,3.00,1,3.00,1,2.00,1,4.00,1,2.00,0,2.00,1,2.00,1,4.00,0.00,,0.00,0.00,0.00,2.00,1,2.00,1.00,0.00,0.00,,59,3,93.52,93.52,95.24,95.24,73.72,73.72,87.12,87.12,0.00,0.00
Paraguay,PRY,20200330,3.00,1,3.00,1,2.00,1,4.00,1,2.00,0,2.00,1,2.00,1,4.00,0.00,,0.00,0.00,0.00,2.00,1,2.00,1.00,0.00,0.00,,64,3,93.52,93.52,95.24,95.24,73.72,73.72,87.12,87.12,0.00,0.00
Paraguay,PRY,20200331,3.00,1,3.00,1,2.00,1,4.00,1,2.00,0,2.00,1,2.00,1,4.00,1.00,1,0.00,0.00,0.00,2.00,1,2.00,1.00,0.00,0.00,,65,3,93.52,93.52,95.24,95.24,77.56,77.56,87.12,87.12,25.00,25.00
Paraguay,PRY,20200401,3.00,1,3.00,1,2.00,1,4.00,1,2.00,0,2.00,1,2.00,1,4.00,1.00,1,2.00,0.00,0.00,2.00,1,2.00,1.00,100000000.00,0.00,,69,3,93.52,93.52,95.24,95.24,85.26,85.26,87.12,87.12,75.00,75.00
Paraguay,PRY,20200402,3.00,1,3.00,1,2.00,1,4.00,1,2.00,0,2.00,1,2.00,1,4.00,1.00,1,2.00,0.00,0.00,2.00,1,2.00,1.00,0.00,0.00,,69,3,93.52,93.52,95.24,95.24,85.26,85.26,87.12,87.12,75.00,75.00
Paraguay,PRY,20200403,3.00,1,3.00,1,2.00,1,4.00,1,2.00,0,2.00,1,2.00,1,4.00,1.00,1,2.00,0.00,0.00,2.00,1,2.00,1.00,0.00,0.00,,77,3,93.52,93.52,95.24,95.24,85.26,85.26,87.12,87.12,75.00,75.00
Paraguay,PRY,20200404,3.00,1,3.00,1,2.00,1,4.00,1,2.00,0,2.00,1,2.00,1,4.00,1.00,1,2.00,0.00,0.00,2.00,1,2.00,1.00,0.00,0.00,,96,3,93.52,93.52,95.24,95.24,85.26,85.26,87.12,87.12,75.00,75.00
Paraguay,PRY,20200405,3.00,1,3.00,1,2.00,1,4.00,1,2.00,0,2.00,1,2.00,1,4.00,1.00,1,2.00,0.00,0.00,2.00,1,2.00,1.00,0.00,0.00,,104,3,93.52,93.52,95.24,95.24,85.26,85.26,87.12,87.12,75.00,75.00
Paraguay,PRY,20200406,3.00,1,3.00,1,2.00,1,4.00,1,2.00,0,2.00,1,2.00,1,4.00,1.00,1,2.00,0.00,0.00,2.00,1,2.00,1.00,0.00,0.00,,113,5,93.52,93.52,95.24,95.24,85.26,85.26,87.12,87.12,75.00,75.00
Paraguay,PRY,20200407,3.00,1,3.00,1,2.00,1,4.00,1,2.00,0,2.00,1,2.00,1,4.00,1.00,1,2.00,0.00,0.00,2.00,1,2.00,1.00,0.00,0.00,,113,5,93.52,93.52,95.24,95.24,85.26,85.26,87.12,87.12,75.00,75.00
Paraguay,PRY,20200408,3.00,1,3.00,1,2.00,1,4.00,1,2.00,0,2.00,1,2.00,1,4.00,1.00,1,2.00,0.00,0.00,2.00,1,2.00,1.00,0.00,0.00,,115,5,93.52,93.52,95.24,95.24,85.26,85.26,87.12,87.12,75.00,75.00
Paraguay,PRY,20200409,3.00,1,3.00,1,2.00,1,4.00,1,1.00,1,3.00,1,2.00,1,4.00,1.00,1,2.00,0.00,0.00,2.00,1,2.00,1.00,0.00,0.00,,124,5,94.44,94.44,95.24,95.24,85.90,85.90,87.88,87.88,75.00,75.00
Paraguay,PRY,20200410,3.00,1,3.00,1,2.00,1,4.00,1,1.00,1,3.00,1,2.00,1,4.00,1.00,1,2.00,0.00,0.00,2.00,1,2.00,1.00,0.00,0.00,,129,6,94.44,94.44,95.24,95.24,85.90,85.90,87.88,87.88,75.00,75.00
Paraguay,PRY,20200411,3.00,1,3.00,1,2.00,1,4.00,1,1.00,1,3.00,1,2.00,1,4.00,1.00,1,2.00,0.00,0.00,2.00,1,2.00,1.00,0.00,0.00,,133,6,94.44,94.44,95.24,95.24,85.90,85.90,87.88,87.88,75.00,75.00
Paraguay,PRY,20200412,3.00,1,3.00,1,2.00,1,4.00,1,1.00,1,3.00,1,2.00,1,4.00,1.00,1,2.00,0.00,0.00,2.00,1,2.00,1.00,0.00,0.00,,134,6,94.44,94.44,95.24,95.24,85.90,85.90,87.88,87.88,75.00,75.00
Paraguay,PRY,20200413,3.00,1,3.00,1,2.00,1,4.00,1,1.00,1,3.00,1,2.00,1,4.00,1.00,1,2.00,0.00,0.00,2.00,1,2.00,1.00,0.00,0.00,,147,6,94.44,94.44,95.24,95.24,85.90,85.90,87.88,87.88,75.00,75.00
Paraguay,PRY,20200414,3.00,1,3.00,1,2.00,1,4.00,1,1.00,1,3.00,1,2.00,1,4.00,1.00,1,2.00,0.00,0.00,2.00,1,2.00,1.00,0.00,0.00,,159,7,94.44,94.44,95.24,95.24,85.90,85.90,87.88,87.88,75.00,75.00
Paraguay,PRY,20200415,3.00,1,3.00,1,2.00,1,4.00,1,1.00,1,3.00,1,2.00,1,4.00,1.00,1,2.00,0.00,0.00,2.00,1,2.00,1.00,0.00,0.00,,161,8,94.44,94.44,95.24,95.24,85.90,85.90,87.88,87.88,75.00,75.00
Paraguay,PRY,20200416,3.00,1,3.00,1,2.00,1,4.00,1,1.00,1,3.00,1,2.00,1,4.00,1.00,1,2.00,0.00,0.00,2.00,1,2.00,1.00,0.00,0.00,,174,8,94.44,94.44,95.24,95.24,85.90,85.90,87.88,87.88,75.00,75.00
Paraguay,PRY,20200417,3.00,1,3.00,1,2.00,1,4.00,1,1.00,1,3.00,1,2.00,1,4.00,1.00,1,2.00,0.00,0.00,2.00,1,2.00,1.00,0.00,0.00,,174,8,94.44,94.44,95.24,95.24,85.90,85.90,87.88,87.88,75.00,75.00
Paraguay,PRY,20200418,3.00,1,3.00,1,2.00,1,4.00,1,1.00,1,3.00,1,2.00,1,4.00,1.00,1,2.00,0.00,0.00,2.00,1,2.00,1.00,0.00,0.00,,202,8,94.44,94.44,95.24,95.24,85.90,85.90,87.88,87.88,75.00,75.00
Paraguay,PRY,20200419,3.00,1,3.00,1,2.00,1,4.00,1,1.00,1,3.00,1,2.00,1,4.00,1.00,1,2.00,0.00,0.00,2.00,1,2.00,1.00,0.00,0.00,,202,8,94.44,94.44,95.24,95.24,85.90,85.90,87.88,87.88,75.00,75.00
Paraguay,PRY,20200420,3.00,1,3.00,1,2.00,1,4.00,1,1.00,1,3.00,1,2.00,1,4.00,1.00,1,2.00,0.00,0.00,2.00,1,2.00,1.00,0.00,0.00,,206,8,94.44,94.44,95.24,95.24,85.90,85.90,87.88,87.88,75.00,75.00
Paraguay,PRY,20200421,3.00,1,3.00,1,2.00,1,4.00,1,1.00,1,3.00,1,2.00,1,4.00,1.00,1,2.00,274000000.00,0.00,2.00,1,2.00,1.00,0.00,0.00,,208,8,94.44,94.44,95.24,95.24,85.90,85.90,87.88,87.88,75.00,75.00
Paraguay,PRY,20200422,3.00,1,3.00,1,2.00,1,4.00,1,1.00,1,3.00,1,2.00,1,4.00,1.00,1,2.00,0.00,0.00,2.00,1,2.00,1.00,0.00,0.00,,213,9,94.44,94.44,95.24,95.24,85.90,85.90,87.88,87.88,75.00,75.00
Paraguay,PRY,20200423,3.00,1,3.00,1,2.00,1,4.00,1,1.00,1,3.00,1,2.00,1,4.00,1.00,1,2.00,0.00,0.00,2.00,1,2.00,1.00,0.00,0.00,,213,9,94.44,94.44,95.24,95.24,85.90,85.90,87.88,87.88,75.00,75.00
Paraguay,PRY,20200424,3.00,1,3.00,1,2.00,1,4.00,1,1.00,1,3.00,1,2.00,1,4.00,1.00,1,2.00,0.00,0.00,2.00,1,2.00,1.00,0.00,0.00,,220,9,94.44,94.44,95.24,95.24,85.90,85.90,87.88,87.88,75.00,75.00
Paraguay,PRY,20200425,3.00,1,3.00,1,2.00,1,4.00,1,1.00,1,3.00,1,2.00,1,4.00,1.00,1,2.00,0.00,0.00,2.00,1,2.00,1.00,0.00,0.00,,223,9,94.44,94.44,95.24,95.24,85.90,85.90,87.88,87.88,75.00,75.00
Paraguay,PRY,20200426,3.00,1,3.00,1,2.00,1,4.00,1,1.00,1,3.00,1,2.00,1,4.00,1.00,1,2.00,0.00,0.00,2.00,1,2.00,1.00,0.00,0.00,,228,9,94.44,94.44,95.24,95.24,85.90,85.90,87.88,87.88,75.00,75.00
Paraguay,PRY,20200427,3.00,1,3.00,1,2.00,1,4.00,1,1.00,1,3.00,1,2.00,1,4.00,1.00,1,2.00,0.00,0.00,2.00,1,2.00,1.00,0.00,0.00,,228,9,94.44,94.44,95.24,95.24,85.90,85.90,87.88,87.88,75.00,75.00
Paraguay,PRY,20200428,3.00,1,3.00,1,2.00,1,4.00,1,1.00,1,3.00,1,2.00,1,4.00,1.00,1,2.00,0.00,0.00,2.00,1,2.00,1.00,0.00,0.00,,230,9,94.44,94.44,95.24,95.24,85.90,85.90,87.88,87.88,75.00,75.00
Paraguay,PRY,20200429,3.00,1,3.00,1,2.00,1,4.00,1,1.00,1,3.00,1,2.00,1,4.00,1.00,1,2.00,0.00,0.00,2.00,1,2.00,1.00,0.00,0.00,,239,9,94.44,94.44,95.24,95.24,85.90,85.90,87.88,87.88,75.00,75.00
Paraguay,PRY,20200430,3.00,1,3.00,1,2.00,1,4.00,1,1.00,1,3.00,1,2.00,1,4.00,1.00,1,2.00,0.00,0.00,2.00,1,2.00,1.00,0.00,0.00,,249,9,94.44,94.44,95.24,95.24,85.90,85.90,87.88,87.88,75.00,75.00
Paraguay,PRY,20200501,3.00,1,3.00,1,2.00,1,4.00,1,1.00,1,3.00,1,2.00,1,4.00,1.00,1,2.00,0.00,0.00,2.00,1,2.00,1.00,0.00,0.00,,266,10,94.44,94.44,95.24,95.24,85.90,85.90,87.88,87.88,75.00,75.00
Paraguay,PRY,20200502,3.00,1,3.00,1,2.00,1,4.00,1,1.00,1,3.00,1,2.00,1,4.00,1.00,1,2.00,0.00,0.00,2.00,1,2.00,1.00,0.00,0.00,,333,10,94.44,94.44,95.24,95.24,85.90,85.90,87.88,87.88,75.00,75.00
Paraguay,PRY,20200503,3.00,1,3.00,1,2.00,1,4.00,1,1.00,1,3.00,1,2.00,1,4.00,1.00,1,2.00,0.00,0.00,2.00,1,2.00,1.00,0.00,0.00,,370,10,94.44,94.44,95.24,95.24,85.90,85.90,87.88,87.88,75.00,75.00
Paraguay,PRY,20200504,3.00,1,3.00,1,2.00,1,4.00,1,1.00,1,3.00,1,2.00,1,4.00,1.00,1,2.00,0.00,0.00,2.00,1,2.00,1.00,0.00,0.00,,396,10,94.44,94.44,95.24,95.24,85.90,85.90,87.88,87.88,75.00,75.00
Paraguay,PRY,20200505,3.00,1,3.00,1,2.00,1,4.00,1,1.00,1,3.00,1,2.00,1,4.00,1.00,1,2.00,0.00,0.00,2.00,1,2.00,1.00,0.00,0.00,,415,10,94.44,94.44,95.24,95.24,85.90,85.90,87.88,87.88,75.00,75.00
Paraguay,PRY,20200506,3.00,1,3.00,1,2.00,1,4.00,1,1.00,1,3.00,1,2.00,1,4.00,1.00,1,2.00,0.00,0.00,2.00,1,2.00,1.00,0.00,0.00,,431,10,94.44,94.44,95.24,95.24,85.90,85.90,87.88,87.88,75.00,75.00
Paraguay,PRY,20200507,3.00,1,3.00,1,2.00,1,4.00,1,1.00,1,3.00,1,2.00,1,4.00,1.00,1,2.00,0.00,0.00,2.00,1,2.00,1.00,0.00,0.00,,440,10,94.44,94.44,95.24,95.24,85.90,85.90,87.88,87.88,75.00,75.00
Paraguay,PRY,20200508,3.00,1,3.00,1,2.00,1,4.00,1,1.00,1,3.00,1,2.00,1,4.00,1.00,1,2.00,0.00,0.00,2.00,1,2.00,1.00,0.00,0.00,,462,10,94.44,94.44,95.24,95.24,85.90,85.90,87.88,87.88,75.00,75.00
Paraguay,PRY,20200509,3.00,1,3.00,1,2.00,1,4.00,1,1.00,1,3.00,1,2.00,1,4.00,1.00,1,2.00,0.00,0.00,2.00,1,2.00,1.00,0.00,0.00,,563,10,94.44,94.44,95.24,95.24,85.90,85.90,87.88,87.88,75.00,75.00
Paraguay,PRY,20200510,3.00,1,3.00,1,2.00,1,4.00,1,1.00,1,3.00,1,2.00,1,4.00,1.00,1,2.00,0.00,0.00,2.00,1,2.00,1.00,0.00,0.00,,689,10,94.44,94.44,95.24,95.24,85.90,85.90,87.88,87.88,75.00,75.00
Paraguay,PRY,20200511,3.00,1,3.00,1,2.00,1,4.00,1,1.00,1,3.00,1,2.00,1,4.00,1.00,1,2.00,0.00,0.00,2.00,1,2.00,1.00,0.00,0.00,,713,10,94.44,94.44,95.24,95.24,85.90,85.90,87.88,87.88,75.00,75.00
Paraguay,PRY,20200512,3.00,1,3.00,1,2.00,1,4.00,1,1.00,1,3.00,1,2.00,1,4.00,1.00,1,2.00,0.00,0.00,2.00,1,2.00,1.00,0.00,0.00,,724,10,94.44,94.44,95.24,95.24,85.90,85.90,87.88,87.88,75.00,75.00
Paraguay,PRY,20200513,3.00,1,3.00,1,2.00,1,4.00,1,1.00,1,3.00,1,2.00,1,4.00,1.00,1,2.00,0.00,0.00,2.00,1,2.00,1.00,0.00,0.00,,737,10,94.44,94.44,95.24,95.24,85.90,85.90,87.88,87.88,75.00,75.00
Paraguay,PRY,20200514,3.00,1,3.00,1,2.00,1,4.00,1,1.00,1,3.00,1,2.00,1,4.00,1.00,1,2.00,0.00,0.00,2.00,1,2.00,1.00,0.00,0.00,,740,11,94.44,94.44,95.24,95.24,85.90,85.90,87.88,87.88,75.00,75.00
Paraguay,PRY,20200515,3.00,1,3.00,1,2.00,1,4.00,1,1.00,1,3.00,1,2.00,1,4.00,1.00,1,2.00,0.00,0.00,2.00,1,2.00,1.00,0.00,0.00,,754,11,94.44,94.44,95.24,95.24,85.90,85.90,87.88,87.88,75.00,75.00
Paraguay,PRY,20200516,3.00,1,3.00,1,2.00,1,4.00,1,1.00,1,3.00,1,2.00,1,4.00,1.00,1,2.00,0.00,0.00,2.00,1,2.00,1.00,0.00,0.00,,759,11,94.44,94.44,95.24,95.24,85.90,85.90,87.88,87.88,75.00,75.00
Paraguay,PRY,20200517,3.00,1,3.00,1,2.00,1,4.00,1,1.00,1,3.00,1,2.00,1,4.00,1.00,1,2.00,0.00,0.00,2.00,1,2.00,1.00,0.00,0.00,,778,11,94.44,94.44,95.24,95.24,85.90,85.90,87.88,87.88,75.00,75.00
Paraguay,PRY,20200518,3.00,1,3.00,1,2.00,1,4.00,1,1.00,1,3.00,1,2.00,1,4.00,1.00,1,2.00,210000000.00,0.00,2.00,1,2.00,1.00,0.00,0.00,,786,11,94.44,94.44,95.24,95.24,85.90,85.90,87.88,87.88,75.00,75.00
Paraguay,PRY,20200519,3.00,1,3.00,1,2.00,1,4.00,1,1.00,1,3.00,1,2.00,1,4.00,1.00,1,2.00,0.00,0.00,2.00,1,2.00,1.00,0.00,0.00,,788,11,94.44,94.44,95.24,95.24,85.90,85.90,87.88,87.88,75.00,75.00
Paraguay,PRY,20200520,3.00,1,3.00,1,2.00,1,4.00,1,1.00,1,3.00,1,2.00,1,4.00,1.00,1,2.00,0.00,0.00,2.00,1,2.00,1.00,0.00,0.00,,829,11,94.44,94.44,95.24,95.24,85.90,85.90,87.88,87.88,75.00,75.00
Paraguay,PRY,20200521,3.00,1,3.00,1,2.00,1,4.00,1,1.00,1,3.00,1,2.00,1,4.00,1.00,1,2.00,0.00,0.00,2.00,1,2.00,1.00,0.00,0.00,,833,11,94.44,94.44,95.24,95.24,85.90,85.90,87.88,87.88,75.00,75.00
Paraguay,PRY,20200522,3.00,1,3.00,1,2.00,1,4.00,1,1.00,1,3.00,1,2.00,1,4.00,1.00,1,2.00,0.00,0.00,2.00,1,2.00,1.00,0.00,0.00,,836,11,94.44,94.44,95.24,95.24,85.90,85.90,87.88,87.88,75.00,75.00
Paraguay,PRY,20200523,3.00,1,3.00,1,2.00,1,4.00,1,1.00,1,3.00,1,2.00,1,4.00,1.00,1,2.00,0.00,0.00,2.00,1,2.00,1.00,0.00,0.00,,838,11,94.44,94.44,95.24,95.24,85.90,85.90,87.88,87.88,75.00,75.00
Paraguay,PRY,20200524,3.00,1,3.00,1,2.00,1,4.00,1,1.00,1,3.00,1,2.00,1,4.00,1.00,1,2.00,0.00,0.00,2.00,1,2.00,1.00,0.00,0.00,,850,11,94.44,94.44,95.24,95.24,85.90,85.90,87.88,87.88,75.00,75.00
Paraguay,PRY,20200525,3.00,1,2.00,1,2.00,1,4.00,1,1.00,1,2.00,1,1.00,1,4.00,1.00,1,2.00,0.00,0.00,2.00,1,2.00,1.00,0.00,0.00,,862,11,81.48,81.48,88.10,88.10,76.92,76.92,77.27,77.27,75.00,75.00
Paraguay,PRY,20200526,3.00,1,2.00,1,2.00,1,4.00,1,1.00,1,2.00,1,1.00,1,4.00,1.00,1,2.00,0.00,0.00,2.00,1,2.00,1.00,0.00,0.00,,865,11,81.48,81.48,88.10,88.10,76.92,76.92,77.27,77.27,75.00,75.00
Paraguay,PRY,20200527,3.00,1,2.00,1,2.00,1,4.00,1,1.00,1,2.00,1,1.00,1,4.00,1.00,1,2.00,0.00,0.00,2.00,1,2.00,1.00,0.00,0.00,,877,11,81.48,81.48,88.10,88.10,76.92,76.92,77.27,77.27,75.00,75.00
Paraguay,PRY,20200528,3.00,1,2.00,1,2.00,1,4.00,1,1.00,1,2.00,1,1.00,1,4.00,1.00,1,2.00,0.00,0.00,2.00,1,2.00,1.00,0.00,0.00,,884,11,81.48,81.48,88.10,88.10,76.92,76.92,77.27,77.27,75.00,75.00
Paraguay,PRY,20200529,3.00,1,2.00,1,2.00,1,4.00,1,1.00,1,2.00,1,1.00,1,4.00,1.00,1,2.00,0.00,0.00,2.00,1,2.00,1.00,0.00,0.00,,900,11,81.48,81.48,88.10,88.10,76.92,76.92,77.27,77.27,75.00,75.00
Paraguay,PRY,20200530,3.00,1,2.00,1,2.00,1,4.00,1,1.00,1,2.00,1,1.00,1,4.00,1.00,1,2.00,0.00,0.00,2.00,1,2.00,1.00,0.00,0.00,,917,11,81.48,81.48,88.10,88.10,76.92,76.92,77.27,77.27,75.00,75.00
Paraguay,PRY,20200531,3.00,1,2.00,1,2.00,1,4.00,1,1.00,1,2.00,1,1.00,1,4.00,1.00,1,2.00,0.00,0.00,2.00,1,2.00,1.00,0.00,0.00,,964,11,81.48,81.48,88.10,88.10,76.92,76.92,77.27,77.27,75.00,75.00
Paraguay,PRY,20200601,3.00,1,2.00,1,2.00,1,4.00,1,1.00,1,2.00,1,1.00,1,4.00,1.00,1,2.00,0.00,0.00,2.00,1,2.00,1.00,0.00,0.00,,986,11,81.48,81.48,88.10,88.10,76.92,76.92,77.27,77.27,75.00,75.00
Paraguay,PRY,20200602,3.00,1,2.00,1,2.00,1,4.00,1,1.00,1,1.00,1,1.00,1,4.00,1.00,1,2.00,0.00,0.00,2.00,1,1.00,2.00,0.00,0.00,,995,11,77.78,77.78,86.90,86.90,75.64,75.64,75.76,75.76,75.00,75.00
Paraguay,PRY,20200603,3.00,1,2.00,1,2.00,1,4.00,1,1.00,1,1.00,1,1.00,1,4.00,1.00,1,2.00,0.00,0.00,2.00,1,1.00,2.00,0.00,0.00,,1013,11,77.78,77.78,86.90,86.90,75.64,75.64,75.76,75.76,75.00,75.00
Paraguay,PRY,20200604,3.00,1,2.00,1,2.00,1,4.00,1,1.00,1,1.00,1,1.00,1,4.00,1.00,1,2.00,43000000.00,0.00,2.00,1,1.00,2.00,0.00,0.00,,1070,11,77.78,77.78,86.90,86.90,75.64,75.64,75.76,75.76,75.00,75.00
Paraguay,PRY,20200605,3.00,1,2.00,1,2.00,1,4.00,1,1.00,1,1.00,1,1.00,1,4.00,1.00,1,2.00,0.00,0.00,2.00,1,1.00,2.00,0.00,0.00,,1086,11,77.78,77.78,86.90,86.90,75.64,75.64,75.76,75.76,75.00,75.00
Paraguay,PRY,20200606,3.00,1,2.00,1,2.00,1,4.00,1,1.00,1,1.00,1,1.00,1,4.00,1.00,1,2.00,0.00,0.00,2.00,1,1.00,2.00,0.00,0.00,,1087,11,77.78,77.78,86.90,86.90,75.64,75.64,75.76,75.76,75.00,75.00
Paraguay,PRY,20200607,3.00,1,2.00,1,2.00,1,4.00,1,1.00,1,1.00,1,1.00,1,4.00,1.00,1,2.00,0.00,0.00,2.00,1,1.00,2.00,0.00,0.00,,1090,11,77.78,77.78,86.90,86.90,75.64,75.64,75.76,75.76,75.00,75.00
Paraguay,PRY,20200608,3.00,1,2.00,1,2.00,1,4.00,1,1.00,1,1.00,1,1.00,1,4.00,1.00,1,2.00,0.00,0.00,2.00,1,1.00,2.00,0.00,0.00,,1135,11,77.78,77.78,86.90,86.90,75.64,75.64,75.76,75.76,75.00,75.00
Paraguay,PRY,20200609,3.00,1,2.00,1,2.00,1,4.00,1,1.00,1,1.00,1,1.00,1,4.00,1.00,1,2.00,0.00,0.00,2.00,1,1.00,2.00,0.00,0.00,,1145,11,77.78,77.78,86.90,86.90,75.64,75.64,75.76,75.76,75.00,75.00
Paraguay,PRY,20200610,3.00,1,2.00,1,2.00,1,4.00,1,1.00,1,1.00,1,1.00,1,4.00,1.00,1,2.00,16000000.00,0.00,2.00,1,1.00,2.00,0.00,0.00,,1187,11,77.78,77.78,86.90,86.90,75.64,75.64,75.76,75.76,75.00,75.00
Paraguay,PRY,20200611,3.00,1,2.00,1,2.00,1,4.00,1,1.00,1,1.00,1,1.00,1,4.00,1.00,1,2.00,0.00,0.00,2.00,1,1.00,2.00,0.00,0.00,,1202,11,77.78,77.78,86.90,86.90,75.64,75.64,75.76,75.76,75.00,75.00
Paraguay,PRY,20200612,,,,,,,,,,,,,,,,,,,,,2.00,1,1.00,2.00,0.00,0.00,,1230,11,,,,,,,,,,
Paraguay,PRY,20200613,,,,,,,,,,,,,,,,,,,,,,,,,,,,1254,11,,,,,,,,,,
Paraguay,PRY,20200614,,,,,,,,,,,,,,,,,,,,,,,,,,,,1261,11,,,,,,,,,,
Paraguay,PRY,20200615,,,,,,,,,,,,,,,,,,,,,,,,,,,,1289,11,,,,,,,,,,
Paraguay,PRY,20200616,,,,,,,,,,,,,,,,,,,,,,,,,,,,1289,12,,,,,,,,,,
Paraguay,PRY,20200617,,,,,,,,,,,,,,,,,,,,,,,,,,,,1303,13,,77.78,,86.90,,75.64,,75.76,,75.00
Paraguay,PRY,20200618,,,,,,,,,,,,,,,,,,,,,,,,,,,,1308,13,,77.78,,86.90,,75.64,,75.76,,75.00
Paraguay,PRY,20200619,,,,,,,,,,,,,,,,,,,,,,,,,,,,1330,13,,77.78,,86.90,,75.64,,75.76,,75.00
Paraguay,PRY,20200620,,,,,,,,,,,,,,,,,,,,,,,,,,,,1336,13,,77.78,,86.90,,75.64,,75.76,,75.00
Paraguay,PRY,20200621,,,,,,,,,,,,,,,,,,,,,,,,,,,,1362,13,,77.78,,86.90,,75.64,,75.76,,75.00
Paraguay,PRY,20200622,,,,,,,,,,,,,,,,,,,,,,,,,,,,1379,13,,77.78,,86.90,,75.64,,75.76,,75.00
Paraguay,PRY,20200623,,,,,,,,,,,,,,,,,,,,,,,,,,,,1392,13,,77.78,,86.90,,75.64,,75.76,,75.00
