Netherlands,NLD,20200101,0.00,,0.00,,0.00,,0.00,,0.00,,0.00,,0.00,,0.00,0.00,,0.00,0.00,0.00,0.00,,0.00,0.00,0.00,0.00,,0,0,0.00,0.00,0.00,0.00,0.00,0.00,0.00,0.00,0.00,0.00
Netherlands,NLD,20200102,0.00,,0.00,,0.00,,0.00,,0.00,,0.00,,0.00,,0.00,0.00,,0.00,0.00,0.00,0.00,,0.00,0.00,0.00,0.00,,0,0,0.00,0.00,0.00,0.00,0.00,0.00,0.00,0.00,0.00,0.00
Netherlands,NLD,20200103,0.00,,0.00,,0.00,,0.00,,0.00,,0.00,,0.00,,0.00,0.00,,0.00,0.00,0.00,0.00,,0.00,0.00,0.00,0.00,,0,0,0.00,0.00,0.00,0.00,0.00,0.00,0.00,0.00,0.00,0.00
Netherlands,NLD,20200104,0.00,,0.00,,0.00,,0.00,,0.00,,0.00,,0.00,,0.00,0.00,,0.00,0.00,0.00,0.00,,0.00,0.00,0.00,0.00,,0,0,0.00,0.00,0.00,0.00,0.00,0.00,0.00,0.00,0.00,0.00
Netherlands,NLD,20200105,0.00,,0.00,,0.00,,0.00,,0.00,,0.00,,0.00,,0.00,0.00,,0.00,0.00,0.00,0.00,,0.00,0.00,0.00,0.00,,0,0,0.00,0.00,0.00,0.00,0.00,0.00,0.00,0.00,0.00,0.00
Netherlands,NLD,20200106,0.00,,0.00,,0.00,,0.00,,0.00,,0.00,,0.00,,0.00,0.00,,0.00,0.00,0.00,0.00,,0.00,0.00,0.00,0.00,,0,0,0.00,0.00,0.00,0.00,0.00,0.00,0.00,0.00,0.00,0.00
Netherlands,NLD,20200107,0.00,,0.00,,0.00,,0.00,,0.00,,0.00,,0.00,,0.00,0.00,,0.00,0.00,0.00,0.00,,0.00,0.00,0.00,0.00,,0,0,0.00,0.00,0.00,0.00,0.00,0.00,0.00,0.00,0.00,0.00
Netherlands,NLD,20200108,0.00,,0.00,,0.00,,0.00,,0.00,,0.00,,0.00,,0.00,0.00,,0.00,0.00,0.00,0.00,,0.00,0.00,0.00,0.00,,0,0,0.00,0.00,0.00,0.00,0.00,0.00,0.00,0.00,0.00,0.00
Netherlands,NLD,20200109,0.00,,0.00,,0.00,,0.00,,0.00,,0.00,,0.00,,0.00,0.00,,0.00,0.00,0.00,0.00,,0.00,0.00,0.00,0.00,,0,0,0.00,0.00,0.00,0.00,0.00,0.00,0.00,0.00,0.00,0.00
Netherlands,NLD,20200110,0.00,,0.00,,0.00,,0.00,,0.00,,0.00,,0.00,,0.00,0.00,,0.00,0.00,0.00,0.00,,0.00,0.00,0.00,0.00,,0,0,0.00,0.00,0.00,0.00,0.00,0.00,0.00,0.00,0.00,0.00
Netherlands,NLD,20200111,0.00,,0.00,,0.00,,0.00,,0.00,,0.00,,0.00,,0.00,0.00,,0.00,0.00,0.00,0.00,,0.00,0.00,0.00,0.00,,0,0,0.00,0.00,0.00,0.00,0.00,0.00,0.00,0.00,0.00,0.00
Netherlands,NLD,20200112,0.00,,0.00,,0.00,,0.00,,0.00,,0.00,,0.00,,0.00,0.00,,0.00,0.00,0.00,0.00,,0.00,0.00,0.00,0.00,,0,0,0.00,0.00,0.00,0.00,0.00,0.00,0.00,0.00,0.00,0.00
Netherlands,NLD,20200113,0.00,,0.00,,0.00,,0.00,,0.00,,0.00,,0.00,,0.00,0.00,,0.00,0.00,0.00,0.00,,0.00,0.00,0.00,0.00,,0,0,0.00,0.00,0.00,0.00,0.00,0.00,0.00,0.00,0.00,0.00
Netherlands,NLD,20200114,0.00,,0.00,,0.00,,0.00,,0.00,,0.00,,0.00,,0.00,0.00,,0.00,0.00,0.00,0.00,,0.00,0.00,0.00,0.00,,0,0,0.00,0.00,0.00,0.00,0.00,0.00,0.00,0.00,0.00,0.00
Netherlands,NLD,20200115,0.00,,0.00,,0.00,,0.00,,0.00,,0.00,,0.00,,0.00,0.00,,0.00,0.00,0.00,0.00,,0.00,0.00,0.00,0.00,,0,0,0.00,0.00,0.00,0.00,0.00,0.00,0.00,0.00,0.00,0.00
Netherlands,NLD,20200116,0.00,,0.00,,0.00,,0.00,,0.00,,0.00,,0.00,,0.00,0.00,,0.00,0.00,0.00,0.00,,0.00,0.00,0.00,0.00,,0,0,0.00,0.00,0.00,0.00,0.00,0.00,0.00,0.00,0.00,0.00
Netherlands,NLD,20200117,0.00,,0.00,,0.00,,0.00,,0.00,,0.00,,0.00,,0.00,0.00,,0.00,0.00,0.00,0.00,,0.00,0.00,0.00,0.00,,0,0,0.00,0.00,0.00,0.00,0.00,0.00,0.00,0.00,0.00,0.00
Netherlands,NLD,20200118,0.00,,0.00,,0.00,,0.00,,0.00,,0.00,,0.00,,0.00,0.00,,0.00,0.00,0.00,0.00,,0.00,0.00,0.00,0.00,,0,0,0.00,0.00,0.00,0.00,0.00,0.00,0.00,0.00,0.00,0.00
Netherlands,NLD,20200119,0.00,,0.00,,0.00,,0.00,,0.00,,0.00,,0.00,,0.00,0.00,,0.00,0.00,0.00,0.00,,0.00,0.00,0.00,0.00,,0,0,0.00,0.00,0.00,0.00,0.00,0.00,0.00,0.00,0.00,0.00
Netherlands,NLD,20200120,0.00,,0.00,,0.00,,0.00,,0.00,,0.00,,0.00,,0.00,0.00,,0.00,0.00,0.00,0.00,,0.00,0.00,0.00,0.00,,0,0,0.00,0.00,0.00,0.00,0.00,0.00,0.00,0.00,0.00,0.00
Netherlands,NLD,20200121,0.00,,0.00,,0.00,,0.00,,0.00,,0.00,,0.00,,0.00,0.00,,0.00,0.00,0.00,0.00,,0.00,0.00,0.00,0.00,,0,0,0.00,0.00,0.00,0.00,0.00,0.00,0.00,0.00,0.00,0.00
Netherlands,NLD,20200122,0.00,,0.00,,0.00,,0.00,,0.00,,0.00,,0.00,,0.00,0.00,,0.00,0.00,0.00,0.00,,0.00,0.00,0.00,0.00,,0,0,0.00,0.00,0.00,0.00,0.00,0.00,0.00,0.00,0.00,0.00
Netherlands,NLD,20200123,0.00,,0.00,,0.00,,0.00,,0.00,,0.00,,0.00,,0.00,0.00,,0.00,0.00,0.00,0.00,,0.00,0.00,0.00,0.00,,0,0,0.00,0.00,0.00,0.00,0.00,0.00,0.00,0.00,0.00,0.00
Netherlands,NLD,20200124,0.00,,0.00,,0.00,,0.00,,0.00,,0.00,,0.00,,0.00,0.00,,0.00,0.00,0.00,0.00,,0.00,0.00,0.00,0.00,,0,0,0.00,0.00,0.00,0.00,0.00,0.00,0.00,0.00,0.00,0.00
Netherlands,NLD,20200125,0.00,,0.00,,0.00,,0.00,,0.00,,0.00,,0.00,,0.00,0.00,,0.00,0.00,0.00,0.00,,0.00,0.00,0.00,0.00,,0,0,0.00,0.00,0.00,0.00,0.00,0.00,0.00,0.00,0.00,0.00
Netherlands,NLD,20200126,0.00,,0.00,,0.00,,0.00,,0.00,,0.00,,0.00,,0.00,0.00,,0.00,0.00,0.00,0.00,,0.00,0.00,0.00,0.00,,0,0,0.00,0.00,0.00,0.00,0.00,0.00,0.00,0.00,0.00,0.00
Netherlands,NLD,20200127,0.00,,0.00,,0.00,,0.00,,0.00,,0.00,,0.00,,0.00,0.00,,0.00,0.00,0.00,0.00,,1.00,0.00,0.00,0.00,,0,0,0.00,0.00,0.00,0.00,2.56,2.56,3.03,3.03,0.00,0.00
Netherlands,NLD,20200128,0.00,,0.00,,0.00,,0.00,,0.00,,0.00,,0.00,,0.00,0.00,,0.00,0.00,0.00,0.00,,1.00,0.00,0.00,0.00,,0,0,0.00,0.00,0.00,0.00,2.56,2.56,3.03,3.03,0.00,0.00
Netherlands,NLD,20200129,0.00,,0.00,,0.00,,0.00,,0.00,,0.00,,0.00,,0.00,0.00,,0.00,0.00,0.00,0.00,,1.00,0.00,0.00,0.00,,0,0,0.00,0.00,0.00,0.00,2.56,2.56,3.03,3.03,0.00,0.00
Netherlands,NLD,20200130,0.00,,0.00,,0.00,,0.00,,0.00,,0.00,,0.00,,0.00,0.00,,0.00,0.00,0.00,0.00,,1.00,0.00,0.00,0.00,,0,0,0.00,0.00,0.00,0.00,2.56,2.56,3.03,3.03,0.00,0.00
Netherlands,NLD,20200131,0.00,,0.00,,0.00,,0.00,,0.00,,0.00,,0.00,,0.00,0.00,,0.00,0.00,0.00,0.00,,1.00,0.00,0.00,0.00,,0,0,0.00,0.00,0.00,0.00,2.56,2.56,3.03,3.03,0.00,0.00
Netherlands,NLD,20200201,0.00,,0.00,,0.00,,0.00,,0.00,,0.00,,0.00,,0.00,0.00,,0.00,0.00,0.00,0.00,,1.00,0.00,0.00,0.00,,0,0,0.00,0.00,0.00,0.00,2.56,2.56,3.03,3.03,0.00,0.00
Netherlands,NLD,20200202,0.00,,0.00,,0.00,,0.00,,0.00,,0.00,,0.00,,0.00,0.00,,0.00,0.00,0.00,0.00,,1.00,0.00,0.00,0.00,,0,0,0.00,0.00,0.00,0.00,2.56,2.56,3.03,3.03,0.00,0.00
Netherlands,NLD,20200203,0.00,,0.00,,0.00,,0.00,,0.00,,0.00,,0.00,,0.00,0.00,,0.00,0.00,0.00,0.00,,1.00,0.00,0.00,0.00,,0,0,0.00,0.00,0.00,0.00,2.56,2.56,3.03,3.03,0.00,0.00
Netherlands,NLD,20200204,0.00,,0.00,,0.00,,0.00,,0.00,,0.00,,0.00,,0.00,0.00,,0.00,0.00,0.00,0.00,,1.00,0.00,0.00,0.00,,0,0,0.00,0.00,0.00,0.00,2.56,2.56,3.03,3.03,0.00,0.00
Netherlands,NLD,20200205,0.00,,0.00,,0.00,,0.00,,0.00,,0.00,,0.00,,0.00,0.00,,0.00,0.00,0.00,0.00,,1.00,0.00,0.00,0.00,,0,0,0.00,0.00,0.00,0.00,2.56,2.56,3.03,3.03,0.00,0.00
Netherlands,NLD,20200206,0.00,,0.00,,0.00,,0.00,,0.00,,0.00,,0.00,,0.00,0.00,,0.00,0.00,0.00,0.00,,1.00,0.00,0.00,0.00,,0,0,0.00,0.00,0.00,0.00,2.56,2.56,3.03,3.03,0.00,0.00
Netherlands,NLD,20200207,0.00,,0.00,,0.00,,0.00,,0.00,,0.00,,0.00,,0.00,0.00,,0.00,0.00,0.00,0.00,,1.00,0.00,0.00,0.00,,0,0,0.00,0.00,0.00,0.00,2.56,2.56,3.03,3.03,0.00,0.00
Netherlands,NLD,20200208,0.00,,0.00,,0.00,,0.00,,0.00,,0.00,,0.00,,0.00,0.00,,0.00,0.00,0.00,0.00,,1.00,0.00,0.00,0.00,,0,0,0.00,0.00,0.00,0.00,2.56,2.56,3.03,3.03,0.00,0.00
Netherlands,NLD,20200209,0.00,,0.00,,0.00,,0.00,,0.00,,0.00,,0.00,,0.00,0.00,,0.00,0.00,0.00,0.00,,1.00,0.00,0.00,0.00,,0,0,0.00,0.00,0.00,0.00,2.56,2.56,3.03,3.03,0.00,0.00
Netherlands,NLD,20200210,0.00,,0.00,,0.00,,0.00,,0.00,,0.00,,0.00,,0.00,0.00,,0.00,0.00,0.00,0.00,,1.00,0.00,0.00,0.00,,0,0,0.00,0.00,0.00,0.00,2.56,2.56,3.03,3.03,0.00,0.00
Netherlands,NLD,20200211,0.00,,0.00,,0.00,,0.00,,0.00,,0.00,,0.00,,0.00,0.00,,0.00,0.00,0.00,0.00,,1.00,0.00,0.00,0.00,,0,0,0.00,0.00,0.00,0.00,2.56,2.56,3.03,3.03,0.00,0.00
Netherlands,NLD,20200212,0.00,,0.00,,0.00,,0.00,,0.00,,0.00,,0.00,,0.00,0.00,,0.00,0.00,0.00,0.00,,1.00,0.00,0.00,0.00,,0,0,0.00,0.00,0.00,0.00,2.56,2.56,3.03,3.03,0.00,0.00
Netherlands,NLD,20200213,0.00,,0.00,,0.00,,0.00,,0.00,,0.00,,0.00,,0.00,0.00,,0.00,0.00,0.00,0.00,,1.00,0.00,0.00,0.00,,0,0,0.00,0.00,0.00,0.00,2.56,2.56,3.03,3.03,0.00,0.00
Netherlands,NLD,20200214,0.00,,0.00,,0.00,,0.00,,0.00,,0.00,,0.00,,0.00,0.00,,0.00,0.00,0.00,0.00,,1.00,0.00,0.00,0.00,,0,0,0.00,0.00,0.00,0.00,2.56,2.56,3.03,3.03,0.00,0.00
Netherlands,NLD,20200215,0.00,,0.00,,0.00,,0.00,,0.00,,0.00,,0.00,,0.00,0.00,,0.00,0.00,0.00,0.00,,1.00,0.00,0.00,0.00,,0,0,0.00,0.00,0.00,0.00,2.56,2.56,3.03,3.03,0.00,0.00
Netherlands,NLD,20200216,0.00,,0.00,,0.00,,0.00,,0.00,,0.00,,0.00,,0.00,0.00,,0.00,0.00,0.00,0.00,,1.00,0.00,0.00,0.00,,0,0,0.00,0.00,0.00,0.00,2.56,2.56,3.03,3.03,0.00,0.00
Netherlands,NLD,20200217,0.00,,0.00,,0.00,,0.00,,0.00,,0.00,,0.00,,0.00,0.00,,0.00,0.00,0.00,0.00,,1.00,0.00,0.00,0.00,,0,0,0.00,0.00,0.00,0.00,2.56,2.56,3.03,3.03,0.00,0.00
Netherlands,NLD,20200218,0.00,,0.00,,0.00,,0.00,,0.00,,0.00,,0.00,,0.00,0.00,,0.00,0.00,0.00,0.00,,1.00,0.00,0.00,0.00,,0,0,0.00,0.00,0.00,0.00,2.56,2.56,3.03,3.03,0.00,0.00
Netherlands,NLD,20200219,0.00,,0.00,,0.00,,0.00,,0.00,,0.00,,0.00,,0.00,0.00,,0.00,0.00,0.00,0.00,,1.00,0.00,0.00,0.00,,0,0,0.00,0.00,0.00,0.00,2.56,2.56,3.03,3.03,0.00,0.00
Netherlands,NLD,20200220,0.00,,0.00,,0.00,,0.00,,0.00,,0.00,,0.00,,0.00,0.00,,0.00,0.00,0.00,0.00,,1.00,0.00,0.00,0.00,,0,0,0.00,0.00,0.00,0.00,2.56,2.56,3.03,3.03,0.00,0.00
Netherlands,NLD,20200221,0.00,,0.00,,0.00,,0.00,,0.00,,0.00,,0.00,,0.00,0.00,,0.00,0.00,0.00,0.00,,1.00,0.00,0.00,0.00,,0,0,0.00,0.00,0.00,0.00,2.56,2.56,3.03,3.03,0.00,0.00
Netherlands,NLD,20200222,0.00,,0.00,,0.00,,0.00,,0.00,,0.00,,0.00,,0.00,0.00,,0.00,0.00,0.00,0.00,,1.00,0.00,0.00,0.00,,0,0,0.00,0.00,0.00,0.00,2.56,2.56,3.03,3.03,0.00,0.00
Netherlands,NLD,20200223,0.00,,0.00,,0.00,,0.00,,0.00,,0.00,,0.00,,0.00,0.00,,0.00,0.00,0.00,0.00,,1.00,0.00,0.00,0.00,,0,0,0.00,0.00,0.00,0.00,2.56,2.56,3.03,3.03,0.00,0.00
Netherlands,NLD,20200224,0.00,,0.00,,0.00,,0.00,,0.00,,0.00,,0.00,,0.00,0.00,,0.00,0.00,0.00,0.00,,1.00,0.00,0.00,0.00,,0,0,0.00,0.00,0.00,0.00,2.56,2.56,3.03,3.03,0.00,0.00
Netherlands,NLD,20200225,0.00,,0.00,,0.00,,0.00,,0.00,,0.00,,0.00,,0.00,0.00,,0.00,0.00,0.00,0.00,,1.00,0.00,0.00,0.00,,0,0,0.00,0.00,0.00,0.00,2.56,2.56,3.03,3.03,0.00,0.00
Netherlands,NLD,20200226,0.00,,0.00,,0.00,,0.00,,0.00,,0.00,,0.00,,0.00,0.00,,0.00,0.00,0.00,0.00,,1.00,0.00,0.00,0.00,,0,0,0.00,0.00,0.00,0.00,2.56,2.56,3.03,3.03,0.00,0.00
Netherlands,NLD,20200227,0.00,,0.00,,0.00,,0.00,,0.00,,0.00,,0.00,,0.00,0.00,,0.00,0.00,0.00,0.00,,1.00,2.00,0.00,0.00,,0,0,0.00,0.00,0.00,0.00,10.26,10.26,12.12,12.12,0.00,0.00
Netherlands,NLD,20200228,0.00,,0.00,,0.00,,0.00,,0.00,,0.00,,0.00,,0.00,0.00,,0.00,0.00,0.00,0.00,,1.00,2.00,0.00,0.00,,1,0,0.00,0.00,0.00,0.00,10.26,10.26,12.12,12.12,0.00,0.00
Netherlands,NLD,20200229,0.00,,0.00,,0.00,,0.00,,0.00,,0.00,,0.00,,0.00,0.00,,0.00,0.00,0.00,0.00,,1.00,2.00,0.00,0.00,,2,0,0.00,0.00,0.00,0.00,10.26,10.26,12.12,12.12,0.00,0.00
Netherlands,NLD,20200301,0.00,,0.00,,0.00,,0.00,,0.00,,0.00,,0.00,,0.00,0.00,,0.00,0.00,0.00,0.00,,1.00,2.00,0.00,0.00,,7,0,0.00,0.00,0.00,0.00,10.26,10.26,12.12,12.12,0.00,0.00
Netherlands,NLD,20200302,0.00,,0.00,,0.00,,0.00,,0.00,,0.00,,0.00,,0.00,0.00,,0.00,0.00,0.00,0.00,,1.00,2.00,0.00,0.00,,13,0,0.00,0.00,0.00,0.00,10.26,10.26,12.12,12.12,0.00,0.00
Netherlands,NLD,20200303,0.00,,0.00,,0.00,,0.00,,0.00,,0.00,,0.00,,0.00,0.00,,0.00,0.00,0.00,0.00,,1.00,2.00,0.00,0.00,,18,0,0.00,0.00,0.00,0.00,10.26,10.26,12.12,12.12,0.00,0.00
Netherlands,NLD,20200304,0.00,,0.00,,0.00,,0.00,,0.00,,0.00,,0.00,,0.00,0.00,,0.00,0.00,0.00,0.00,,1.00,2.00,0.00,0.00,,28,0,0.00,0.00,0.00,0.00,10.26,10.26,12.12,12.12,0.00,0.00
Netherlands,NLD,20200305,0.00,,0.00,,0.00,,0.00,,0.00,,0.00,,0.00,,0.00,0.00,,0.00,0.00,0.00,0.00,,1.00,2.00,0.00,0.00,,38,0,0.00,0.00,0.00,0.00,10.26,10.26,12.12,12.12,0.00,0.00
Netherlands,NLD,20200306,0.00,,0.00,,0.00,,0.00,,0.00,,1.00,0,0.00,,0.00,0.00,,0.00,0.00,0.00,0.00,,1.00,2.00,0.00,0.00,,82,0,1.85,1.85,3.57,3.57,11.54,11.54,13.64,13.64,0.00,0.00
Netherlands,NLD,20200307,0.00,,0.00,,0.00,,0.00,,0.00,,1.00,0,0.00,,0.00,0.00,,0.00,0.00,0.00,0.00,,1.00,2.00,0.00,0.00,,128,1,1.85,1.85,3.57,3.57,11.54,11.54,13.64,13.64,0.00,0.00
Netherlands,NLD,20200308,0.00,,0.00,,0.00,,0.00,,0.00,,1.00,0,0.00,,0.00,0.00,,0.00,0.00,0.00,0.00,,1.00,2.00,0.00,0.00,,188,1,1.85,1.85,3.57,3.57,11.54,11.54,13.64,13.64,0.00,0.00
Netherlands,NLD,20200309,0.00,,0.00,,0.00,,0.00,,0.00,,1.00,0,0.00,,0.00,0.00,,0.00,0.00,0.00,2.00,0,1.00,2.00,0.00,0.00,,265,3,10.19,10.19,13.10,13.10,17.31,17.31,20.45,20.45,0.00,0.00
Netherlands,NLD,20200310,0.00,,0.00,,2.00,0,0.00,,0.00,,1.00,0,0.00,,0.00,0.00,,0.00,0.00,0.00,2.00,0,1.00,2.00,0.00,0.00,,321,3,18.52,18.52,22.62,22.62,23.08,23.08,27.27,27.27,0.00,0.00
Netherlands,NLD,20200311,0.00,,0.00,,2.00,0,0.00,,0.00,,1.00,0,0.00,,0.00,0.00,,0.00,0.00,0.00,2.00,0,1.00,2.00,0.00,0.00,,382,4,18.52,18.52,22.62,22.62,23.08,23.08,27.27,27.27,0.00,0.00
Netherlands,NLD,20200312,1.00,1,1.00,1,2.00,1,3.00,1,0.00,,1.00,1,0.00,,0.00,0.00,,0.00,0.00,0.00,2.00,1,1.00,1.00,0.00,0.00,,503,5,41.67,41.67,50.00,50.00,35.26,35.26,41.67,41.67,0.00,0.00
Netherlands,NLD,20200313,1.00,1,1.00,1,2.00,1,3.00,1,0.00,,1.00,1,0.00,,0.00,0.00,,0.00,0.00,0.00,2.00,1,1.00,1.00,0.00,0.00,,614,5,41.67,41.67,50.00,50.00,35.26,35.26,41.67,41.67,0.00,0.00
Netherlands,NLD,20200314,1.00,1,1.00,1,2.00,1,3.00,1,0.00,,1.00,1,0.00,,0.00,0.00,,0.00,0.00,0.00,2.00,1,1.00,1.00,0.00,0.00,,804,5,41.67,41.67,50.00,50.00,35.26,35.26,41.67,41.67,0.00,0.00
Netherlands,NLD,20200315,1.00,1,3.00,1,2.00,1,3.00,1,0.00,,1.00,1,1.00,1,0.00,0.00,,0.00,0.00,0.00,2.00,1,1.00,1.00,0.00,0.00,,959,12,54.63,54.63,59.52,59.52,44.23,44.23,52.27,52.27,0.00,0.00
Netherlands,NLD,20200316,3.00,1,3.00,1,2.00,1,3.00,1,0.00,,1.00,1,1.00,1,0.00,0.00,,0.00,0.00,0.00,2.00,1,1.00,1.00,0.00,0.00,,1135,20,62.04,62.04,66.67,66.67,49.36,49.36,58.33,58.33,0.00,0.00
Netherlands,NLD,20200317,3.00,1,3.00,1,2.00,1,3.00,1,0.00,,1.00,1,1.00,1,0.00,2.00,0,0.00,10976048954.00,0.00,2.00,1,1.00,1.00,0.00,0.00,,1413,24,62.04,62.04,66.67,66.67,55.13,55.13,58.33,58.33,37.50,37.50
Netherlands,NLD,20200318,3.00,1,3.00,1,2.00,1,3.00,1,0.00,,1.00,1,1.00,1,0.00,2.00,0,0.00,0.00,0.00,2.00,1,1.00,1.00,0.00,0.00,,1705,43,62.04,62.04,66.67,66.67,55.13,55.13,58.33,58.33,37.50,37.50
Netherlands,NLD,20200319,3.00,1,3.00,1,2.00,1,3.00,1,0.00,,1.00,1,1.00,1,3.00,2.00,0,0.00,0.00,0.00,2.00,1,1.00,1.00,0.00,0.00,,2051,58,70.37,70.37,77.38,77.38,60.90,60.90,65.15,65.15,37.50,37.50
Netherlands,NLD,20200320,3.00,1,3.00,1,2.00,1,3.00,1,0.00,,1.00,1,1.00,1,3.00,2.00,0,0.00,0.00,0.00,2.00,1,1.00,1.00,0.00,0.00,,2460,76,70.37,70.37,77.38,77.38,60.90,60.90,65.15,65.15,37.50,37.50
Netherlands,NLD,20200321,3.00,1,3.00,1,2.00,1,3.00,1,0.00,,1.00,1,1.00,1,3.00,2.00,0,0.00,0.00,0.00,2.00,1,1.00,1.00,0.00,0.00,,2994,106,70.37,70.37,77.38,77.38,60.90,60.90,65.15,65.15,37.50,37.50
Netherlands,NLD,20200322,3.00,1,3.00,1,2.00,1,3.00,1,0.00,,1.00,1,1.00,1,3.00,2.00,0,0.00,0.00,0.00,2.00,1,1.00,1.00,0.00,0.00,,3631,136,70.37,70.37,77.38,77.38,60.90,60.90,65.15,65.15,37.50,37.50
Netherlands,NLD,20200323,3.00,1,3.00,1,2.00,1,3.00,1,0.00,,2.00,1,1.00,1,3.00,2.00,0,0.00,0.00,0.00,2.00,1,1.00,1.00,0.00,0.00,,4204,179,74.07,74.07,78.57,78.57,63.46,63.46,68.18,68.18,37.50,37.50
Netherlands,NLD,20200324,3.00,1,3.00,1,2.00,1,3.00,1,0.00,,2.00,1,1.00,1,3.00,2.00,0,0.00,0.00,0.00,2.00,1,1.00,1.00,0.00,0.00,,4749,213,74.07,74.07,78.57,78.57,63.46,63.46,68.18,68.18,37.50,37.50
Netherlands,NLD,20200325,3.00,1,3.00,1,2.00,1,3.00,1,0.00,,2.00,1,1.00,1,3.00,2.00,0,0.00,0.00,0.00,2.00,1,1.00,1.00,0.00,0.00,,5560,276,74.07,74.07,78.57,78.57,63.46,63.46,68.18,68.18,37.50,37.50
Netherlands,NLD,20200326,3.00,1,3.00,1,2.00,1,3.00,1,0.00,,2.00,1,1.00,1,3.00,2.00,0,0.00,0.00,0.00,2.00,1,1.00,1.00,0.00,0.00,,6412,356,74.07,74.07,78.57,78.57,63.46,63.46,68.18,68.18,37.50,37.50
Netherlands,NLD,20200327,3.00,1,3.00,1,2.00,1,3.00,1,0.00,,2.00,1,1.00,1,3.00,2.00,0,0.00,0.00,0.00,2.00,1,1.00,1.00,0.00,0.00,,7431,434,74.07,74.07,78.57,78.57,63.46,63.46,68.18,68.18,37.50,37.50
Netherlands,NLD,20200328,3.00,1,3.00,1,2.00,1,3.00,1,0.00,,2.00,1,1.00,1,3.00,2.00,0,1.00,0.00,0.00,2.00,1,1.00,1.00,0.00,0.00,,8603,546,74.07,74.07,78.57,78.57,67.31,67.31,68.18,68.18,62.50,62.50
Netherlands,NLD,20200329,3.00,1,3.00,1,2.00,1,3.00,1,0.00,,2.00,1,1.00,1,3.00,2.00,0,1.00,0.00,0.00,2.00,1,1.00,1.00,0.00,0.00,,9762,639,74.07,74.07,78.57,78.57,67.31,67.31,68.18,68.18,62.50,62.50
Netherlands,NLD,20200330,3.00,1,3.00,1,2.00,1,3.00,1,0.00,,2.00,1,1.00,1,3.00,2.00,0,1.00,0.00,0.00,2.00,1,1.00,1.00,0.00,0.00,,10866,771,74.07,74.07,78.57,78.57,67.31,67.31,68.18,68.18,62.50,62.50
Netherlands,NLD,20200331,3.00,1,3.00,1,2.00,1,3.00,1,1.00,1,2.00,1,1.00,1,3.00,2.00,0,1.00,0.00,0.00,2.00,1,1.00,1.00,0.00,0.00,,11750,864,79.63,79.63,88.10,88.10,71.15,71.15,72.73,72.73,62.50,62.50
Netherlands,NLD,20200401,3.00,1,3.00,1,2.00,1,3.00,1,1.00,1,2.00,1,1.00,1,3.00,2.00,0,1.00,0.00,0.00,2.00,1,1.00,1.00,0.00,0.00,,12595,1039,79.63,79.63,88.10,88.10,71.15,71.15,72.73,72.73,62.50,62.50
Netherlands,NLD,20200402,3.00,1,3.00,1,2.00,1,3.00,1,1.00,1,2.00,1,1.00,1,3.00,2.00,0,1.00,0.00,0.00,2.00,1,1.00,1.00,0.00,0.00,,13614,1173,79.63,79.63,88.10,88.10,71.15,71.15,72.73,72.73,62.50,62.50
Netherlands,NLD,20200403,3.00,1,3.00,1,2.00,1,3.00,1,1.00,1,2.00,1,1.00,1,3.00,2.00,0,1.00,0.00,0.00,2.00,1,1.00,1.00,25701603.00,0.00,,14697,1339,79.63,79.63,88.10,88.10,71.15,71.15,72.73,72.73,62.50,62.50
Netherlands,NLD,20200404,3.00,1,3.00,1,2.00,1,3.00,1,1.00,1,2.00,1,1.00,1,3.00,2.00,0,1.00,0.00,0.00,2.00,1,1.00,1.00,0.00,0.00,,15723,1487,79.63,79.63,88.10,88.10,71.15,71.15,72.73,72.73,62.50,62.50
Netherlands,NLD,20200405,3.00,1,3.00,1,2.00,1,3.00,1,1.00,1,2.00,1,1.00,1,3.00,2.00,0,1.00,0.00,0.00,2.00,1,1.00,1.00,0.00,0.00,,16627,1651,79.63,79.63,88.10,88.10,71.15,71.15,72.73,72.73,62.50,62.50
Netherlands,NLD,20200406,3.00,1,3.00,1,2.00,1,3.00,1,1.00,1,2.00,1,1.00,1,3.00,2.00,0,1.00,0.00,0.00,2.00,1,1.00,1.00,0.00,0.00,,17851,1766,79.63,79.63,88.10,88.10,71.15,71.15,72.73,72.73,62.50,62.50
Netherlands,NLD,20200407,3.00,1,3.00,1,2.00,1,3.00,1,1.00,1,2.00,1,1.00,1,3.00,2.00,0,1.00,121834143.00,0.00,2.00,1,1.00,1.00,0.00,0.00,,18803,1867,79.63,79.63,88.10,88.10,71.15,71.15,72.73,72.73,62.50,62.50
Netherlands,NLD,20200408,3.00,1,3.00,1,2.00,1,3.00,1,1.00,1,2.00,1,1.00,1,3.00,2.00,0,1.00,0.00,0.00,2.00,1,1.00,1.00,0.00,0.00,,19580,2101,79.63,79.63,88.10,88.10,71.15,71.15,72.73,72.73,62.50,62.50
Netherlands,NLD,20200409,3.00,1,3.00,1,2.00,1,3.00,1,1.00,1,2.00,1,1.00,1,3.00,2.00,0,1.00,0.00,0.00,2.00,1,1.00,1.00,0.00,0.00,,20549,2248,79.63,79.63,88.10,88.10,71.15,71.15,72.73,72.73,62.50,62.50
Netherlands,NLD,20200410,3.00,1,3.00,1,2.00,1,3.00,1,1.00,1,2.00,1,1.00,1,3.00,2.00,0,1.00,0.00,0.00,2.00,1,1.00,1.00,0.00,0.00,,21762,2396,79.63,79.63,88.10,88.10,71.15,71.15,72.73,72.73,62.50,62.50
Netherlands,NLD,20200411,3.00,1,3.00,1,2.00,1,3.00,1,1.00,1,2.00,1,1.00,1,3.00,2.00,0,1.00,0.00,0.00,2.00,1,1.00,1.00,0.00,0.00,,23097,2511,79.63,79.63,88.10,88.10,71.15,71.15,72.73,72.73,62.50,62.50
Netherlands,NLD,20200412,3.00,1,3.00,1,2.00,1,3.00,1,1.00,1,2.00,1,1.00,1,3.00,2.00,0,1.00,0.00,0.00,2.00,1,1.00,1.00,0.00,0.00,,24413,2643,79.63,79.63,88.10,88.10,71.15,71.15,72.73,72.73,62.50,62.50
Netherlands,NLD,20200413,3.00,1,3.00,1,2.00,1,3.00,1,1.00,1,2.00,1,1.00,1,3.00,2.00,0,1.00,0.00,0.00,2.00,1,1.00,1.00,0.00,0.00,,25587,2737,79.63,79.63,88.10,88.10,71.15,71.15,72.73,72.73,62.50,62.50
Netherlands,NLD,20200414,3.00,1,3.00,1,2.00,1,3.00,1,1.00,1,2.00,1,1.00,1,3.00,2.00,0,1.00,0.00,0.00,2.00,1,1.00,1.00,0.00,0.00,,26551,2823,79.63,79.63,88.10,88.10,71.15,71.15,72.73,72.73,62.50,62.50
Netherlands,NLD,20200415,3.00,1,3.00,1,2.00,1,3.00,1,1.00,1,2.00,1,1.00,1,3.00,2.00,0,1.00,0.00,0.00,2.00,1,1.00,1.00,0.00,0.00,,27419,2945,79.63,79.63,88.10,88.10,71.15,71.15,72.73,72.73,62.50,62.50
Netherlands,NLD,20200416,3.00,1,3.00,1,2.00,1,3.00,1,1.00,1,2.00,1,1.00,1,3.00,2.00,0,1.00,0.00,0.00,2.00,1,1.00,1.00,0.00,0.00,,28153,3134,79.63,79.63,88.10,88.10,71.15,71.15,72.73,72.73,62.50,62.50
Netherlands,NLD,20200417,3.00,1,3.00,1,2.00,1,3.00,1,1.00,1,2.00,1,1.00,1,3.00,2.00,0,1.00,0.00,0.00,2.00,1,1.00,1.00,0.00,0.00,,29214,3315,79.63,79.63,88.10,88.10,71.15,71.15,72.73,72.73,62.50,62.50
Netherlands,NLD,20200418,3.00,1,3.00,1,2.00,1,3.00,1,1.00,1,2.00,1,1.00,1,3.00,2.00,0,1.00,0.00,0.00,2.00,1,1.00,1.00,0.00,0.00,,30449,3459,79.63,79.63,88.10,88.10,71.15,71.15,72.73,72.73,62.50,62.50
Netherlands,NLD,20200419,3.00,1,3.00,1,2.00,1,3.00,1,1.00,1,2.00,1,1.00,1,3.00,2.00,0,1.00,0.00,0.00,2.00,1,1.00,1.00,0.00,0.00,,31589,3601,79.63,79.63,88.10,88.10,71.15,71.15,72.73,72.73,62.50,62.50
Netherlands,NLD,20200420,3.00,1,3.00,1,2.00,1,3.00,1,1.00,1,2.00,1,1.00,1,3.00,2.00,0,1.00,0.00,0.00,2.00,1,1.00,1.00,0.00,0.00,,32655,3684,79.63,79.63,88.10,88.10,71.15,71.15,72.73,72.73,62.50,62.50
Netherlands,NLD,20200421,3.00,1,3.00,1,2.00,1,3.00,1,1.00,1,2.00,1,1.00,1,3.00,2.00,0,1.00,0.00,0.00,2.00,1,1.00,1.00,0.00,0.00,,33405,3751,79.63,79.63,88.10,88.10,71.15,71.15,72.73,72.73,62.50,62.50
Netherlands,NLD,20200422,3.00,1,3.00,1,2.00,1,3.00,1,1.00,1,2.00,1,1.00,1,3.00,2.00,0,1.00,0.00,0.00,2.00,1,1.00,1.00,0.00,0.00,,34134,3916,79.63,79.63,88.10,88.10,71.15,71.15,72.73,72.73,62.50,62.50
Netherlands,NLD,20200423,3.00,1,3.00,1,2.00,1,3.00,1,1.00,1,2.00,1,1.00,1,3.00,2.00,0,1.00,0.00,0.00,2.00,1,1.00,1.00,0.00,0.00,,34842,4054,79.63,79.63,88.10,88.10,71.15,71.15,72.73,72.73,62.50,62.50
Netherlands,NLD,20200424,3.00,1,3.00,1,2.00,1,3.00,1,1.00,1,2.00,1,1.00,1,3.00,2.00,0,1.00,0.00,0.00,2.00,1,1.00,1.00,0.00,0.00,,35729,4177,79.63,79.63,88.10,88.10,71.15,71.15,72.73,72.73,62.50,62.50
Netherlands,NLD,20200425,3.00,1,3.00,1,2.00,1,3.00,1,1.00,1,2.00,1,1.00,1,3.00,2.00,0,1.00,0.00,0.00,2.00,1,1.00,1.00,0.00,0.00,,36535,4289,79.63,79.63,88.10,88.10,71.15,71.15,72.73,72.73,62.50,62.50
Netherlands,NLD,20200426,3.00,1,3.00,1,2.00,1,3.00,1,1.00,1,2.00,1,1.00,1,3.00,2.00,0,1.00,0.00,0.00,2.00,1,1.00,1.00,0.00,0.00,,37190,4409,79.63,79.63,88.10,88.10,71.15,71.15,72.73,72.73,62.50,62.50
Netherlands,NLD,20200427,3.00,1,3.00,1,2.00,1,3.00,1,1.00,1,2.00,1,1.00,1,3.00,2.00,0,1.00,0.00,0.00,2.00,1,1.00,1.00,0.00,0.00,,37845,4475,79.63,79.63,88.10,88.10,71.15,71.15,72.73,72.73,62.50,62.50
Netherlands,NLD,20200428,3.00,1,3.00,1,2.00,1,3.00,1,1.00,1,2.00,1,1.00,1,3.00,2.00,0,1.00,0.00,0.00,2.00,1,1.00,1.00,0.00,0.00,,38245,4518,79.63,79.63,88.10,88.10,71.15,71.15,72.73,72.73,62.50,62.50
Netherlands,NLD,20200429,3.00,1,3.00,1,2.00,1,3.00,1,1.00,1,2.00,1,1.00,1,3.00,2.00,0,1.00,0.00,0.00,2.00,1,1.00,1.00,0.00,0.00,,38416,4566,79.63,79.63,88.10,88.10,71.15,71.15,72.73,72.73,62.50,62.50
Netherlands,NLD,20200430,3.00,1,3.00,1,2.00,1,3.00,1,1.00,1,2.00,1,1.00,1,3.00,2.00,0,1.00,0.00,0.00,2.00,1,1.00,1.00,0.00,0.00,,38802,4711,79.63,79.63,88.10,88.10,71.15,71.15,72.73,72.73,62.50,62.50
Netherlands,NLD,20200501,3.00,1,3.00,1,2.00,1,3.00,1,1.00,1,2.00,1,1.00,1,3.00,2.00,0,1.00,120974758.00,0.00,2.00,1,1.00,1.00,0.00,0.00,,39316,4795,79.63,79.63,88.10,88.10,71.15,71.15,72.73,72.73,62.50,62.50
Netherlands,NLD,20200502,3.00,1,3.00,1,2.00,1,3.00,1,1.00,1,2.00,1,1.00,1,3.00,2.00,0,1.00,0.00,0.00,2.00,1,1.00,1.00,0.00,0.00,,39791,4893,79.63,79.63,88.10,88.10,71.15,71.15,72.73,72.73,62.50,62.50
Netherlands,NLD,20200503,3.00,1,3.00,1,2.00,1,3.00,1,1.00,1,2.00,1,1.00,1,3.00,2.00,0,1.00,0.00,0.00,2.00,1,1.00,1.00,0.00,0.00,,40236,4987,79.63,79.63,88.10,88.10,71.15,71.15,72.73,72.73,62.50,62.50
Netherlands,NLD,20200504,3.00,1,3.00,1,2.00,1,3.00,1,1.00,1,2.00,1,1.00,1,3.00,2.00,0,1.00,0.00,0.00,2.00,1,1.00,1.00,0.00,0.00,,40571,5056,79.63,79.63,88.10,88.10,71.15,71.15,72.73,72.73,62.50,62.50
Netherlands,NLD,20200505,3.00,1,3.00,1,2.00,1,3.00,1,1.00,1,2.00,1,1.00,1,3.00,2.00,0,1.00,0.00,0.00,2.00,1,1.00,1.00,0.00,0.00,,40770,5082,79.63,79.63,88.10,88.10,71.15,71.15,72.73,72.73,62.50,62.50
Netherlands,NLD,20200506,3.00,1,3.00,1,2.00,1,3.00,1,1.00,1,2.00,1,1.00,1,3.00,2.00,0,1.00,0.00,0.00,2.00,1,1.00,1.00,0.00,0.00,,41087,5168,79.63,79.63,88.10,88.10,71.15,71.15,72.73,72.73,62.50,62.50
Netherlands,NLD,20200507,3.00,1,3.00,1,2.00,1,3.00,1,1.00,1,2.00,1,1.00,1,3.00,2.00,0,1.00,0.00,0.00,2.00,1,1.00,1.00,0.00,0.00,,41319,5204,79.63,79.63,88.10,88.10,71.15,71.15,72.73,72.73,62.50,62.50
Netherlands,NLD,20200508,3.00,1,3.00,1,2.00,1,3.00,1,1.00,1,2.00,1,1.00,1,3.00,2.00,0,1.00,823203672.00,0.00,2.00,1,1.00,1.00,0.00,0.00,,41774,5288,79.63,79.63,88.10,88.10,71.15,71.15,72.73,72.73,62.50,62.50
Netherlands,NLD,20200509,3.00,1,3.00,1,2.00,1,3.00,1,1.00,1,2.00,1,1.00,1,3.00,2.00,0,1.00,0.00,0.00,2.00,1,1.00,1.00,0.00,0.00,,42093,5359,79.63,79.63,88.10,88.10,71.15,71.15,72.73,72.73,62.50,62.50
Netherlands,NLD,20200510,3.00,1,3.00,1,2.00,1,3.00,1,1.00,1,2.00,1,1.00,1,3.00,2.00,0,1.00,0.00,0.00,2.00,1,1.00,1.00,0.00,0.00,,42382,5422,79.63,79.63,88.10,88.10,71.15,71.15,72.73,72.73,62.50,62.50
Netherlands,NLD,20200511,2.00,1,2.00,1,2.00,1,3.00,1,1.00,1,1.00,1,1.00,1,3.00,2.00,0,1.00,0.00,0.00,2.00,1,1.00,1.00,0.00,0.00,,42627,5440,68.52,68.52,79.76,79.76,63.46,63.46,63.64,63.64,62.50,62.50
Netherlands,NLD,20200512,2.00,1,2.00,1,2.00,1,3.00,1,1.00,1,1.00,1,1.00,1,3.00,2.00,0,1.00,0.00,0.00,2.00,1,1.00,1.00,0.00,0.00,,42788,5456,68.52,68.52,79.76,79.76,63.46,63.46,63.64,63.64,62.50,62.50
Netherlands,NLD,20200513,2.00,1,2.00,1,2.00,1,3.00,1,1.00,1,1.00,1,1.00,1,3.00,2.00,0,1.00,0.00,0.00,2.00,1,1.00,1.00,0.00,0.00,,42984,5510,68.52,68.52,79.76,79.76,63.46,63.46,63.64,63.64,62.50,62.50
Netherlands,NLD,20200514,2.00,1,2.00,1,2.00,1,3.00,1,1.00,1,1.00,1,1.00,1,3.00,2.00,0,1.00,0.00,0.00,2.00,1,1.00,1.00,0.00,0.00,,43211,5562,68.52,68.52,79.76,79.76,63.46,63.46,63.64,63.64,62.50,62.50
Netherlands,NLD,20200515,2.00,1,2.00,1,2.00,1,3.00,1,1.00,1,1.00,1,1.00,1,3.00,2.00,0,1.00,0.00,0.00,2.00,1,1.00,1.00,0.00,0.00,,43481,5590,68.52,68.52,79.76,79.76,63.46,63.46,63.64,63.64,62.50,62.50
Netherlands,NLD,20200516,2.00,1,2.00,1,2.00,1,3.00,1,1.00,1,1.00,1,1.00,1,3.00,2.00,0,1.00,0.00,0.00,2.00,1,1.00,1.00,0.00,0.00,,43681,5643,68.52,68.52,79.76,79.76,63.46,63.46,63.64,63.64,62.50,62.50
Netherlands,NLD,20200517,2.00,1,2.00,1,2.00,1,3.00,1,1.00,1,1.00,1,1.00,1,3.00,2.00,0,1.00,0.00,0.00,2.00,1,1.00,1.00,0.00,0.00,,43870,5670,68.52,68.52,79.76,79.76,63.46,63.46,63.64,63.64,62.50,62.50
Netherlands,NLD,20200518,2.00,1,2.00,1,2.00,1,3.00,1,1.00,1,1.00,1,1.00,1,3.00,2.00,0,1.00,0.00,0.00,2.00,1,1.00,1.00,0.00,0.00,,43995,5680,68.52,68.52,79.76,79.76,63.46,63.46,63.64,63.64,62.50,62.50
Netherlands,NLD,20200519,2.00,1,2.00,1,2.00,1,3.00,1,1.00,1,1.00,1,1.00,1,3.00,2.00,0,1.00,0.00,0.00,2.00,1,1.00,1.00,0.00,0.00,,44141,5694,68.52,68.52,79.76,79.76,63.46,63.46,63.64,63.64,62.50,62.50
Netherlands,NLD,20200520,2.00,1,2.00,1,2.00,1,3.00,1,1.00,1,1.00,1,1.00,1,3.00,2.00,0,1.00,14272921000.00,0.00,2.00,1,1.00,1.00,0.00,0.00,,44249,5715,68.52,68.52,79.76,79.76,63.46,63.46,63.64,63.64,62.50,62.50
Netherlands,NLD,20200521,2.00,1,2.00,1,2.00,1,3.00,1,1.00,1,1.00,1,1.00,1,3.00,2.00,0,1.00,0.00,0.00,2.00,1,1.00,1.00,0.00,0.00,,44447,5748,68.52,68.52,79.76,79.76,63.46,63.46,63.64,63.64,62.50,62.50
Netherlands,NLD,20200522,2.00,1,2.00,1,2.00,1,3.00,1,1.00,1,1.00,1,1.00,1,3.00,2.00,0,1.00,0.00,0.00,2.00,1,1.00,1.00,0.00,0.00,,44700,5775,68.52,68.52,79.76,79.76,63.46,63.46,63.64,63.64,62.50,62.50
Netherlands,NLD,20200523,2.00,1,2.00,1,2.00,1,3.00,1,1.00,1,1.00,1,1.00,1,3.00,2.00,0,1.00,0.00,0.00,2.00,1,1.00,1.00,0.00,0.00,,44888,5788,68.52,68.52,79.76,79.76,63.46,63.46,63.64,63.64,62.50,62.50
Netherlands,NLD,20200524,2.00,1,2.00,1,2.00,1,3.00,1,1.00,1,1.00,1,1.00,1,3.00,2.00,0,1.00,0.00,0.00,2.00,1,1.00,1.00,0.00,0.00,,45064,5811,68.52,68.52,79.76,79.76,63.46,63.46,63.64,63.64,62.50,62.50
Netherlands,NLD,20200525,2.00,1,2.00,1,2.00,1,3.00,1,1.00,1,1.00,1,1.00,1,3.00,2.00,0,1.00,0.00,0.00,2.00,1,1.00,1.00,0.00,0.00,,45236,5822,68.52,68.52,79.76,79.76,63.46,63.46,63.64,63.64,62.50,62.50
Netherlands,NLD,20200526,2.00,1,2.00,1,2.00,1,3.00,1,1.00,1,1.00,1,1.00,1,3.00,2.00,0,1.00,0.00,0.00,2.00,1,1.00,1.00,0.00,0.00,,45445,5830,68.52,68.52,79.76,79.76,63.46,63.46,63.64,63.64,62.50,62.50
Netherlands,NLD,20200527,2.00,1,2.00,1,2.00,1,3.00,1,1.00,1,1.00,1,1.00,1,3.00,2.00,0,1.00,0.00,0.00,2.00,1,1.00,1.00,0.00,0.00,,45578,5856,68.52,68.52,79.76,79.76,63.46,63.46,63.64,63.64,62.50,62.50
Netherlands,NLD,20200528,2.00,1,2.00,1,2.00,1,3.00,1,1.00,1,1.00,1,1.00,1,3.00,2.00,0,1.00,0.00,0.00,2.00,1,1.00,1.00,0.00,0.00,,45768,5871,68.52,68.52,79.76,79.76,63.46,63.46,63.64,63.64,62.50,62.50
Netherlands,NLD,20200529,2.00,1,2.00,1,2.00,1,3.00,1,1.00,1,1.00,1,1.00,1,3.00,2.00,0,1.00,0.00,0.00,2.00,1,1.00,1.00,0.00,0.00,,45950,5903,68.52,68.52,79.76,79.76,63.46,63.46,63.64,63.64,62.50,62.50
Netherlands,NLD,20200530,2.00,1,2.00,1,2.00,1,3.00,1,1.00,1,1.00,1,1.00,1,3.00,2.00,0,1.00,0.00,0.00,2.00,1,1.00,1.00,0.00,0.00,,46126,5931,68.52,68.52,79.76,79.76,63.46,63.46,63.64,63.64,62.50,62.50
Netherlands,NLD,20200531,2.00,1,2.00,1,2.00,1,3.00,1,1.00,1,1.00,1,1.00,1,3.00,2.00,0,1.00,0.00,0.00,2.00,1,1.00,1.00,0.00,0.00,,46257,5951,68.52,68.52,79.76,79.76,63.46,63.46,63.64,63.64,62.50,62.50
Netherlands,NLD,20200601,2.00,1,2.00,1,2.00,1,3.00,1,0.00,,1.00,1,1.00,1,3.00,2.00,0,1.00,0.00,0.00,2.00,1,2.00,1.00,0.00,0.00,,46442,5956,62.96,62.96,70.24,70.24,62.18,62.18,62.12,62.12,62.50,62.50
Netherlands,NLD,20200602,2.00,1,2.00,1,2.00,1,3.00,1,0.00,,1.00,1,1.00,1,3.00,2.00,0,1.00,0.00,0.00,2.00,1,2.00,1.00,0.00,0.00,,46545,5962,62.96,62.96,70.24,70.24,62.18,62.18,62.12,62.12,62.50,62.50
Netherlands,NLD,20200603,2.00,1,2.00,1,2.00,1,3.00,1,0.00,,1.00,1,1.00,1,3.00,2.00,0,1.00,0.00,0.00,2.00,1,2.00,1.00,0.00,0.00,,46647,5967,62.96,62.96,70.24,70.24,62.18,62.18,62.12,62.12,62.50,62.50
Netherlands,NLD,20200604,2.00,1,2.00,1,2.00,1,3.00,1,0.00,,1.00,1,1.00,1,3.00,2.00,0,1.00,0.00,0.00,2.00,1,2.00,1.00,0.00,0.00,,46733,5977,62.96,62.96,70.24,70.24,62.18,62.18,62.12,62.12,62.50,62.50
Netherlands,NLD,20200605,2.00,1,2.00,1,2.00,1,3.00,1,0.00,,1.00,1,1.00,1,3.00,2.00,0,1.00,0.00,0.00,2.00,1,2.00,1.00,0.00,0.00,,46942,5990,62.96,62.96,70.24,70.24,62.18,62.18,62.12,62.12,62.50,62.50
Netherlands,NLD,20200606,2.00,1,2.00,1,2.00,1,3.00,1,0.00,,1.00,1,1.00,1,3.00,2.00,0,1.00,0.00,0.00,2.00,1,2.00,1.00,0.00,0.00,,47152,6005,62.96,62.96,70.24,70.24,62.18,62.18,62.12,62.12,62.50,62.50
Netherlands,NLD,20200607,2.00,1,2.00,1,2.00,1,3.00,1,0.00,,1.00,1,1.00,1,3.00,2.00,0,1.00,0.00,0.00,2.00,1,2.00,1.00,0.00,0.00,,47335,6011,62.96,62.96,70.24,70.24,62.18,62.18,62.12,62.12,62.50,62.50
Netherlands,NLD,20200608,2.00,1,2.00,1,2.00,1,3.00,1,0.00,,1.00,1,1.00,1,3.00,2.00,0,1.00,0.00,0.00,2.00,1,2.00,1.00,0.00,0.00,,47574,6013,62.96,62.96,70.24,70.24,62.18,62.18,62.12,62.12,62.50,62.50
Netherlands,NLD,20200609,2.00,1,2.00,1,2.00,1,3.00,1,0.00,,1.00,1,1.00,1,3.00,2.00,0,1.00,0.00,0.00,2.00,1,2.00,1.00,0.00,0.00,,47739,6016,62.96,62.96,70.24,70.24,62.18,62.18,62.12,62.12,62.50,62.50
Netherlands,NLD,20200610,2.00,1,2.00,1,2.00,1,3.00,1,0.00,,1.00,1,1.00,1,3.00,2.00,0,1.00,0.00,0.00,2.00,1,2.00,1.00,0.00,0.00,,47903,6031,62.96,62.96,70.24,70.24,62.18,62.18,62.12,62.12,62.50,62.50
Netherlands,NLD,20200611,2.00,1,2.00,1,2.00,1,3.00,1,0.00,,1.00,1,1.00,1,3.00,2.00,0,1.00,0.00,0.00,2.00,1,2.00,1.00,0.00,0.00,,48087,6042,62.96,62.96,70.24,70.24,62.18,62.18,62.12,62.12,62.50,62.50
Netherlands,NLD,20200612,2.00,1,2.00,1,2.00,1,3.00,1,0.00,,1.00,1,1.00,1,3.00,2.00,0,1.00,0.00,0.00,2.00,1,2.00,1.00,0.00,0.00,,48251,6044,62.96,62.96,70.24,70.24,62.18,62.18,62.12,62.12,62.50,62.50
Netherlands,NLD,20200613,2.00,1,2.00,1,2.00,1,3.00,1,0.00,,1.00,1,1.00,1,3.00,2.00,0,1.00,0.00,0.00,2.00,1,2.00,1.00,0.00,0.00,,48461,6053,62.96,62.96,70.24,70.24,62.18,62.18,62.12,62.12,62.50,62.50
Netherlands,NLD,20200614,2.00,1,2.00,1,2.00,1,3.00,1,0.00,,1.00,1,1.00,1,3.00,2.00,0,1.00,0.00,0.00,2.00,1,2.00,1.00,0.00,0.00,,48640,6057,62.96,62.96,70.24,70.24,62.18,62.18,62.12,62.12,62.50,62.50
Netherlands,NLD,20200615,1.00,1,2.00,1,2.00,1,3.00,1,0.00,,1.00,1,1.00,1,3.00,2.00,0,1.00,0.00,0.00,2.00,1,2.00,1.00,0.00,0.00,,48783,6059,59.26,59.26,66.67,66.67,59.62,59.62,59.09,59.09,62.50,62.50
Netherlands,NLD,20200616,1.00,1,2.00,1,2.00,1,3.00,1,0.00,,1.00,1,1.00,1,3.00,2.00,0,1.00,0.00,0.00,2.00,1,2.00,1.00,0.00,0.00,,48783,6059,59.26,59.26,66.67,66.67,59.62,59.62,59.09,59.09,62.50,62.50
Netherlands,NLD,20200617,1.00,1,2.00,1,2.00,1,3.00,1,0.00,,1.00,1,1.00,1,3.00,2.00,0,1.00,2195209.00,0.00,2.00,1,2.00,1.00,0.00,0.00,,49087,6070,59.26,59.26,66.67,66.67,59.62,59.62,59.09,59.09,62.50,62.50
Netherlands,NLD,20200618,1.00,1,2.00,1,2.00,1,3.00,1,0.00,,1.00,1,1.00,1,3.00,2.00,0,1.00,0.00,0.00,2.00,1,2.00,1.00,0.00,0.00,,49204,6074,59.26,59.26,66.67,66.67,59.62,59.62,59.09,59.09,62.50,62.50
Netherlands,NLD,20200619,,,,,,,,,,,,,,,,,,,,,,,,,,,,49319,6078,,59.26,,66.67,,59.62,,59.09,,62.50
Netherlands,NLD,20200620,,,,,,,,,,,,,,,,,,,,,,,,,,,,49426,6081,,59.26,,66.67,,59.62,,59.09,,62.50
Netherlands,NLD,20200621,,,,,,,,,,,,,,,,,,,,,,,,,,,,49502,6089,,59.26,,66.67,,59.62,,59.09,,62.50
Netherlands,NLD,20200622,,,,,,,,,,,,,,,,,,,,,,,,,,,,49593,6090,,59.26,,66.67,,59.62,,59.09,,62.50
Netherlands,NLD,20200623,,,,,,,,,,,,,,,,,,,,,,,,,,,,49658,6090,,59.26,,66.67,,59.62,,59.09,,62.50
