Philippines,PHL,20200101,0.00,,0.00,,0.00,,0.00,,0.00,,0.00,,0.00,,0.00,0.00,,0.00,0.00,0.00,0.00,,0.00,0.00,0.00,0.00,,0,0,0.00,0.00,0.00,0.00,0.00,0.00,0.00,0.00,0.00,0.00
Philippines,PHL,20200102,0.00,,0.00,,0.00,,0.00,,0.00,,0.00,,0.00,,0.00,0.00,,0.00,0.00,0.00,0.00,,0.00,0.00,0.00,0.00,,0,0,0.00,0.00,0.00,0.00,0.00,0.00,0.00,0.00,0.00,0.00
Philippines,PHL,20200103,0.00,,0.00,,0.00,,0.00,,0.00,,0.00,,0.00,,0.00,0.00,,0.00,0.00,0.00,0.00,,0.00,0.00,0.00,0.00,,0,0,0.00,0.00,0.00,0.00,0.00,0.00,0.00,0.00,0.00,0.00
Philippines,PHL,20200104,0.00,,0.00,,0.00,,0.00,,0.00,,0.00,,0.00,,0.00,0.00,,0.00,0.00,0.00,0.00,,0.00,0.00,0.00,0.00,,0,0,0.00,0.00,0.00,0.00,0.00,0.00,0.00,0.00,0.00,0.00
Philippines,PHL,20200105,0.00,,0.00,,0.00,,0.00,,0.00,,0.00,,0.00,,0.00,0.00,,0.00,0.00,0.00,0.00,,0.00,0.00,0.00,0.00,,0,0,0.00,0.00,0.00,0.00,0.00,0.00,0.00,0.00,0.00,0.00
Philippines,PHL,20200106,0.00,,0.00,,0.00,,0.00,,0.00,,0.00,,0.00,,0.00,0.00,,0.00,0.00,0.00,0.00,,0.00,0.00,0.00,0.00,,0,0,0.00,0.00,0.00,0.00,0.00,0.00,0.00,0.00,0.00,0.00
Philippines,PHL,20200107,0.00,,0.00,,0.00,,0.00,,0.00,,0.00,,0.00,,0.00,0.00,,0.00,0.00,0.00,0.00,,0.00,0.00,0.00,0.00,,0,0,0.00,0.00,0.00,0.00,0.00,0.00,0.00,0.00,0.00,0.00
Philippines,PHL,20200108,0.00,,0.00,,0.00,,0.00,,0.00,,0.00,,0.00,,0.00,0.00,,0.00,0.00,0.00,0.00,,0.00,0.00,0.00,0.00,,0,0,0.00,0.00,0.00,0.00,0.00,0.00,0.00,0.00,0.00,0.00
Philippines,PHL,20200109,0.00,,0.00,,0.00,,0.00,,0.00,,0.00,,0.00,,0.00,0.00,,0.00,0.00,0.00,0.00,,0.00,0.00,0.00,0.00,,0,0,0.00,0.00,0.00,0.00,0.00,0.00,0.00,0.00,0.00,0.00
Philippines,PHL,20200110,0.00,,0.00,,0.00,,0.00,,0.00,,0.00,,0.00,,0.00,0.00,,0.00,0.00,0.00,0.00,,0.00,0.00,0.00,0.00,,0,0,0.00,0.00,0.00,0.00,0.00,0.00,0.00,0.00,0.00,0.00
Philippines,PHL,20200111,0.00,,0.00,,0.00,,0.00,,0.00,,0.00,,0.00,,0.00,0.00,,0.00,0.00,0.00,0.00,,0.00,0.00,0.00,0.00,,0,0,0.00,0.00,0.00,0.00,0.00,0.00,0.00,0.00,0.00,0.00
Philippines,PHL,20200112,0.00,,0.00,,0.00,,0.00,,0.00,,0.00,,0.00,,0.00,0.00,,0.00,0.00,0.00,0.00,,0.00,0.00,0.00,0.00,,0,0,0.00,0.00,0.00,0.00,0.00,0.00,0.00,0.00,0.00,0.00
Philippines,PHL,20200113,0.00,,0.00,,0.00,,0.00,,0.00,,0.00,,0.00,,0.00,0.00,,0.00,0.00,0.00,0.00,,0.00,0.00,0.00,0.00,,0,0,0.00,0.00,0.00,0.00,0.00,0.00,0.00,0.00,0.00,0.00
Philippines,PHL,20200114,0.00,,0.00,,0.00,,0.00,,0.00,,0.00,,0.00,,0.00,0.00,,0.00,0.00,0.00,0.00,,0.00,0.00,0.00,0.00,,0,0,0.00,0.00,0.00,0.00,0.00,0.00,0.00,0.00,0.00,0.00
Philippines,PHL,20200115,0.00,,0.00,,0.00,,0.00,,0.00,,0.00,,0.00,,0.00,0.00,,0.00,0.00,0.00,0.00,,0.00,0.00,0.00,0.00,,0,0,0.00,0.00,0.00,0.00,0.00,0.00,0.00,0.00,0.00,0.00
Philippines,PHL,20200116,0.00,,0.00,,0.00,,0.00,,0.00,,0.00,,0.00,,0.00,0.00,,0.00,0.00,0.00,0.00,,0.00,0.00,0.00,0.00,,0,0,0.00,0.00,0.00,0.00,0.00,0.00,0.00,0.00,0.00,0.00
Philippines,PHL,20200117,0.00,,0.00,,0.00,,0.00,,0.00,,0.00,,0.00,,0.00,0.00,,0.00,0.00,0.00,0.00,,0.00,0.00,0.00,0.00,,0,0,0.00,0.00,0.00,0.00,0.00,0.00,0.00,0.00,0.00,0.00
Philippines,PHL,20200118,0.00,,0.00,,0.00,,0.00,,0.00,,0.00,,0.00,,0.00,0.00,,0.00,0.00,0.00,0.00,,0.00,0.00,0.00,0.00,,0,0,0.00,0.00,0.00,0.00,0.00,0.00,0.00,0.00,0.00,0.00
Philippines,PHL,20200119,0.00,,0.00,,0.00,,0.00,,0.00,,0.00,,0.00,,0.00,0.00,,0.00,0.00,0.00,0.00,,0.00,0.00,0.00,0.00,,0,0,0.00,0.00,0.00,0.00,0.00,0.00,0.00,0.00,0.00,0.00
Philippines,PHL,20200120,0.00,,0.00,,0.00,,0.00,,0.00,,0.00,,0.00,,0.00,0.00,,0.00,0.00,0.00,0.00,,0.00,0.00,0.00,0.00,,0,0,0.00,0.00,0.00,0.00,0.00,0.00,0.00,0.00,0.00,0.00
Philippines,PHL,20200121,0.00,,0.00,,0.00,,0.00,,0.00,,0.00,,0.00,,0.00,0.00,,0.00,0.00,0.00,0.00,,0.00,0.00,0.00,0.00,,0,0,0.00,0.00,0.00,0.00,0.00,0.00,0.00,0.00,0.00,0.00
Philippines,PHL,20200122,0.00,,0.00,,0.00,,0.00,,0.00,,0.00,,0.00,,0.00,0.00,,0.00,0.00,0.00,0.00,,0.00,0.00,0.00,0.00,,0,0,0.00,0.00,0.00,0.00,0.00,0.00,0.00,0.00,0.00,0.00
Philippines,PHL,20200123,0.00,,0.00,,0.00,,0.00,,0.00,,0.00,,0.00,,0.00,0.00,,0.00,0.00,0.00,0.00,,0.00,0.00,0.00,0.00,,0,0,0.00,0.00,0.00,0.00,0.00,0.00,0.00,0.00,0.00,0.00
Philippines,PHL,20200124,0.00,,0.00,,0.00,,0.00,,0.00,,0.00,,0.00,,0.00,0.00,,0.00,0.00,0.00,2.00,1,1.00,0.00,0.00,0.00,,0,0,11.11,11.11,14.29,14.29,10.26,10.26,12.12,12.12,0.00,0.00
Philippines,PHL,20200125,0.00,,0.00,,0.00,,0.00,,0.00,,0.00,,0.00,,0.00,0.00,,0.00,0.00,0.00,2.00,1,1.00,0.00,0.00,0.00,,0,0,11.11,11.11,14.29,14.29,10.26,10.26,12.12,12.12,0.00,0.00
Philippines,PHL,20200126,0.00,,0.00,,0.00,,0.00,,0.00,,0.00,,0.00,,0.00,0.00,,0.00,0.00,0.00,2.00,1,1.00,0.00,0.00,0.00,,0,0,11.11,11.11,14.29,14.29,10.26,10.26,12.12,12.12,0.00,0.00
Philippines,PHL,20200127,0.00,,0.00,,0.00,,0.00,,0.00,,0.00,,0.00,,0.00,0.00,,0.00,0.00,0.00,2.00,1,1.00,0.00,0.00,0.00,,0,0,11.11,11.11,14.29,14.29,10.26,10.26,12.12,12.12,0.00,0.00
Philippines,PHL,20200128,0.00,,0.00,,0.00,,0.00,,0.00,,0.00,,0.00,,0.00,0.00,,0.00,0.00,0.00,2.00,1,1.00,0.00,0.00,0.00,,0,0,11.11,11.11,14.29,14.29,10.26,10.26,12.12,12.12,0.00,0.00
Philippines,PHL,20200129,0.00,,0.00,,0.00,,0.00,,0.00,,0.00,,0.00,,0.00,0.00,,0.00,0.00,0.00,2.00,1,1.00,0.00,0.00,0.00,,0,0,11.11,11.11,14.29,14.29,10.26,10.26,12.12,12.12,0.00,0.00
Philippines,PHL,20200130,0.00,,0.00,,0.00,,0.00,,0.00,,0.00,,0.00,,0.00,0.00,,0.00,0.00,0.00,2.00,1,1.00,0.00,0.00,0.00,,1,0,11.11,11.11,14.29,14.29,10.26,10.26,12.12,12.12,0.00,0.00
Philippines,PHL,20200131,0.00,,0.00,,0.00,,0.00,,0.00,,0.00,,0.00,,3.00,0.00,,0.00,0.00,0.00,2.00,1,1.00,0.00,0.00,0.00,,1,0,19.44,19.44,25.00,25.00,16.03,16.03,18.94,18.94,0.00,0.00
Philippines,PHL,20200201,0.00,,0.00,,0.00,,0.00,,0.00,,0.00,,0.00,,3.00,0.00,,0.00,0.00,0.00,2.00,1,1.00,0.00,0.00,0.00,,1,0,19.44,19.44,25.00,25.00,16.03,16.03,18.94,18.94,0.00,0.00
Philippines,PHL,20200202,0.00,,0.00,,0.00,,0.00,,0.00,,0.00,,0.00,,3.00,0.00,,0.00,0.00,0.00,2.00,1,1.00,0.00,0.00,0.00,,2,1,19.44,19.44,25.00,25.00,16.03,16.03,18.94,18.94,0.00,0.00
Philippines,PHL,20200203,0.00,,0.00,,0.00,,0.00,,0.00,,0.00,,0.00,,3.00,0.00,,0.00,0.00,0.00,2.00,1,1.00,0.00,0.00,0.00,,2,1,19.44,19.44,25.00,25.00,16.03,16.03,18.94,18.94,0.00,0.00
Philippines,PHL,20200204,0.00,,0.00,,0.00,,0.00,,0.00,,0.00,,0.00,,3.00,0.00,,0.00,0.00,0.00,2.00,1,1.00,0.00,0.00,0.00,,2,1,19.44,19.44,25.00,25.00,16.03,16.03,18.94,18.94,0.00,0.00
Philippines,PHL,20200205,0.00,,0.00,,0.00,,0.00,,0.00,,0.00,,0.00,,3.00,0.00,,0.00,0.00,0.00,2.00,1,1.00,2.00,0.00,0.00,,2,1,19.44,19.44,25.00,25.00,23.72,23.72,28.03,28.03,0.00,0.00
Philippines,PHL,20200206,0.00,,0.00,,0.00,,0.00,,0.00,,0.00,,0.00,,3.00,0.00,,0.00,0.00,0.00,2.00,1,1.00,2.00,0.00,0.00,,3,1,19.44,19.44,25.00,25.00,23.72,23.72,28.03,28.03,0.00,0.00
Philippines,PHL,20200207,0.00,,0.00,,1.00,1,0.00,,0.00,,0.00,,0.00,,3.00,0.00,,0.00,0.00,0.00,2.00,1,1.00,2.00,0.00,0.00,,3,1,25.00,25.00,34.52,34.52,27.56,27.56,32.58,32.58,0.00,0.00
Philippines,PHL,20200208,0.00,,0.00,,1.00,1,0.00,,0.00,,0.00,,0.00,,3.00,0.00,,0.00,0.00,0.00,2.00,1,1.00,2.00,0.00,0.00,,3,1,25.00,25.00,34.52,34.52,27.56,27.56,32.58,32.58,0.00,0.00
Philippines,PHL,20200209,0.00,,0.00,,1.00,1,0.00,,0.00,,0.00,,0.00,,3.00,0.00,,0.00,0.00,0.00,2.00,1,1.00,2.00,0.00,0.00,,3,1,25.00,25.00,34.52,34.52,27.56,27.56,32.58,32.58,0.00,0.00
Philippines,PHL,20200210,0.00,,0.00,,1.00,1,0.00,,0.00,,0.00,,0.00,,3.00,0.00,,0.00,0.00,0.00,2.00,1,1.00,2.00,0.00,0.00,,3,1,25.00,25.00,34.52,34.52,27.56,27.56,32.58,32.58,0.00,0.00
Philippines,PHL,20200211,0.00,,0.00,,1.00,1,0.00,,0.00,,0.00,,0.00,,3.00,0.00,,0.00,0.00,0.00,2.00,1,1.00,2.00,0.00,0.00,,3,1,25.00,25.00,34.52,34.52,27.56,27.56,32.58,32.58,0.00,0.00
Philippines,PHL,20200212,0.00,,0.00,,1.00,1,0.00,,0.00,,0.00,,0.00,,3.00,0.00,,0.00,0.00,0.00,2.00,1,1.00,2.00,0.00,0.00,,3,1,25.00,25.00,34.52,34.52,27.56,27.56,32.58,32.58,0.00,0.00
Philippines,PHL,20200213,0.00,,0.00,,1.00,1,0.00,,0.00,,0.00,,0.00,,3.00,0.00,,0.00,0.00,0.00,2.00,1,1.00,2.00,0.00,0.00,,3,1,25.00,25.00,34.52,34.52,27.56,27.56,32.58,32.58,0.00,0.00
Philippines,PHL,20200214,0.00,,0.00,,1.00,1,0.00,,0.00,,0.00,,0.00,,3.00,0.00,,0.00,0.00,0.00,2.00,1,1.00,2.00,0.00,0.00,,3,1,25.00,25.00,34.52,34.52,27.56,27.56,32.58,32.58,0.00,0.00
Philippines,PHL,20200215,0.00,,0.00,,1.00,1,0.00,,0.00,,0.00,,0.00,,3.00,0.00,,0.00,0.00,0.00,2.00,1,1.00,2.00,0.00,0.00,,3,1,25.00,25.00,34.52,34.52,27.56,27.56,32.58,32.58,0.00,0.00
Philippines,PHL,20200216,0.00,,0.00,,1.00,1,0.00,,0.00,,0.00,,0.00,,3.00,0.00,,0.00,0.00,0.00,2.00,1,1.00,2.00,0.00,0.00,,3,1,25.00,25.00,34.52,34.52,27.56,27.56,32.58,32.58,0.00,0.00
Philippines,PHL,20200217,0.00,,0.00,,1.00,1,0.00,,0.00,,0.00,,0.00,,3.00,0.00,,0.00,0.00,0.00,2.00,1,2.00,2.00,0.00,0.00,,3,1,25.00,25.00,34.52,34.52,30.13,30.13,35.61,35.61,0.00,0.00
Philippines,PHL,20200218,0.00,,0.00,,1.00,1,0.00,,0.00,,0.00,,0.00,,3.00,0.00,,0.00,0.00,0.00,2.00,1,2.00,2.00,0.00,0.00,,3,1,25.00,25.00,34.52,34.52,30.13,30.13,35.61,35.61,0.00,0.00
Philippines,PHL,20200219,0.00,,0.00,,1.00,1,0.00,,0.00,,0.00,,0.00,,3.00,0.00,,0.00,0.00,0.00,2.00,1,2.00,2.00,0.00,0.00,,3,1,25.00,25.00,34.52,34.52,30.13,30.13,35.61,35.61,0.00,0.00
Philippines,PHL,20200220,0.00,,0.00,,1.00,1,0.00,,0.00,,0.00,,0.00,,3.00,0.00,,0.00,0.00,0.00,2.00,1,2.00,2.00,0.00,0.00,,3,1,25.00,25.00,34.52,34.52,30.13,30.13,35.61,35.61,0.00,0.00
Philippines,PHL,20200221,0.00,,0.00,,1.00,1,0.00,,0.00,,0.00,,0.00,,3.00,0.00,,0.00,0.00,0.00,2.00,1,2.00,2.00,0.00,0.00,,3,1,25.00,25.00,34.52,34.52,30.13,30.13,35.61,35.61,0.00,0.00
Philippines,PHL,20200222,0.00,,0.00,,1.00,1,0.00,,0.00,,0.00,,0.00,,3.00,0.00,,0.00,0.00,0.00,2.00,1,2.00,2.00,0.00,0.00,,3,1,25.00,25.00,34.52,34.52,30.13,30.13,35.61,35.61,0.00,0.00
Philippines,PHL,20200223,0.00,,0.00,,1.00,1,0.00,,0.00,,0.00,,0.00,,3.00,0.00,,0.00,0.00,0.00,2.00,1,2.00,2.00,0.00,0.00,,3,1,25.00,25.00,34.52,34.52,30.13,30.13,35.61,35.61,0.00,0.00
Philippines,PHL,20200224,0.00,,0.00,,1.00,1,0.00,,0.00,,0.00,,0.00,,3.00,0.00,,0.00,0.00,0.00,2.00,1,2.00,2.00,0.00,0.00,,3,1,25.00,25.00,34.52,34.52,30.13,30.13,35.61,35.61,0.00,0.00
Philippines,PHL,20200225,0.00,,0.00,,1.00,1,0.00,,0.00,,0.00,,0.00,,3.00,0.00,,0.00,0.00,0.00,2.00,1,2.00,2.00,0.00,0.00,,3,1,25.00,25.00,34.52,34.52,30.13,30.13,35.61,35.61,0.00,0.00
Philippines,PHL,20200226,0.00,,0.00,,1.00,1,0.00,,0.00,,0.00,,0.00,,3.00,0.00,,0.00,0.00,0.00,2.00,1,2.00,2.00,0.00,0.00,,3,1,25.00,25.00,34.52,34.52,30.13,30.13,35.61,35.61,0.00,0.00
Philippines,PHL,20200227,0.00,,0.00,,1.00,1,0.00,,0.00,,0.00,,0.00,,3.00,0.00,,0.00,0.00,0.00,2.00,1,2.00,2.00,0.00,0.00,,3,1,25.00,25.00,34.52,34.52,30.13,30.13,35.61,35.61,0.00,0.00
Philippines,PHL,20200228,0.00,,0.00,,1.00,1,0.00,,0.00,,0.00,,0.00,,3.00,0.00,,0.00,0.00,0.00,2.00,1,2.00,2.00,0.00,0.00,,3,1,25.00,25.00,34.52,34.52,30.13,30.13,35.61,35.61,0.00,0.00
Philippines,PHL,20200229,0.00,,0.00,,1.00,1,0.00,,0.00,,0.00,,0.00,,3.00,0.00,,0.00,0.00,0.00,2.00,1,2.00,2.00,0.00,0.00,,3,1,25.00,25.00,34.52,34.52,30.13,30.13,35.61,35.61,0.00,0.00
Philippines,PHL,20200301,0.00,,0.00,,1.00,1,0.00,,0.00,,0.00,,0.00,,3.00,0.00,,0.00,0.00,0.00,2.00,1,2.00,2.00,0.00,0.00,,3,1,25.00,25.00,34.52,34.52,30.13,30.13,35.61,35.61,0.00,0.00
Philippines,PHL,20200302,0.00,,0.00,,1.00,1,0.00,,0.00,,0.00,,0.00,,3.00,0.00,,0.00,0.00,0.00,2.00,1,2.00,2.00,0.00,0.00,,3,1,25.00,25.00,34.52,34.52,30.13,30.13,35.61,35.61,0.00,0.00
Philippines,PHL,20200303,0.00,,0.00,,1.00,1,0.00,,0.00,,0.00,,0.00,,3.00,0.00,,0.00,0.00,0.00,2.00,1,2.00,2.00,0.00,0.00,,,,25.00,25.00,34.52,34.52,30.13,30.13,35.61,35.61,0.00,0.00
Philippines,PHL,20200304,0.00,,0.00,,1.00,1,0.00,,0.00,,0.00,,0.00,,3.00,0.00,,0.00,0.00,0.00,2.00,1,2.00,2.00,0.00,0.00,,,,25.00,25.00,34.52,34.52,30.13,30.13,35.61,35.61,0.00,0.00
Philippines,PHL,20200305,0.00,,0.00,,1.00,1,0.00,,0.00,,0.00,,0.00,,3.00,0.00,,0.00,0.00,0.00,2.00,1,2.00,2.00,0.00,0.00,,,,25.00,25.00,34.52,34.52,30.13,30.13,35.61,35.61,0.00,0.00
Philippines,PHL,20200306,0.00,,0.00,,1.00,1,0.00,,0.00,,0.00,,0.00,,3.00,0.00,,0.00,0.00,0.00,2.00,1,2.00,2.00,0.00,0.00,,,,25.00,25.00,34.52,34.52,30.13,30.13,35.61,35.61,0.00,0.00
Philippines,PHL,20200307,0.00,,0.00,,1.00,1,0.00,,0.00,,0.00,,0.00,,3.00,0.00,,0.00,0.00,0.00,2.00,1,2.00,2.00,0.00,0.00,,5,1,25.00,25.00,34.52,34.52,30.13,30.13,35.61,35.61,0.00,0.00
Philippines,PHL,20200308,0.00,,0.00,,1.00,1,0.00,,0.00,,0.00,,0.00,,3.00,0.00,,0.00,0.00,0.00,2.00,1,2.00,2.00,0.00,0.00,,6,1,25.00,25.00,34.52,34.52,30.13,30.13,35.61,35.61,0.00,0.00
Philippines,PHL,20200309,0.00,,0.00,,1.00,1,0.00,,0.00,,0.00,,0.00,,3.00,0.00,,0.00,0.00,0.00,2.00,1,2.00,2.00,0.00,0.00,,10,1,25.00,25.00,34.52,34.52,30.13,30.13,35.61,35.61,0.00,0.00
Philippines,PHL,20200310,3.00,0,0.00,,1.00,1,0.00,,0.00,,0.00,,0.00,,3.00,0.00,,0.00,0.00,0.00,2.00,1,2.00,2.00,0.00,0.00,,33,1,34.26,34.26,45.24,45.24,36.54,36.54,43.18,43.18,0.00,0.00
Philippines,PHL,20200311,3.00,0,0.00,,1.00,1,0.00,,0.00,,0.00,,0.00,,3.00,0.00,,0.00,0.00,0.00,2.00,1,2.00,2.00,0.00,0.00,,33,1,34.26,34.26,45.24,45.24,36.54,36.54,43.18,43.18,0.00,0.00
Philippines,PHL,20200312,3.00,0,0.00,,1.00,1,0.00,,0.00,,0.00,,0.00,,3.00,0.00,,0.00,0.00,0.00,2.00,1,2.00,2.00,0.00,0.00,,49,2,34.26,34.26,45.24,45.24,36.54,36.54,43.18,43.18,0.00,0.00
Philippines,PHL,20200313,3.00,0,0.00,,1.00,1,0.00,,0.00,,0.00,,0.00,,3.00,0.00,,0.00,0.00,0.00,2.00,1,2.00,2.00,0.00,0.00,,52,2,34.26,34.26,45.24,45.24,36.54,36.54,43.18,43.18,0.00,0.00
Philippines,PHL,20200314,3.00,0,0.00,,1.00,1,0.00,,0.00,,0.00,,0.00,,3.00,0.00,,0.00,0.00,0.00,2.00,1,2.00,2.00,0.00,0.00,,64,6,34.26,34.26,45.24,45.24,36.54,36.54,43.18,43.18,0.00,0.00
Philippines,PHL,20200315,3.00,1,2.00,0,2.00,0,3.00,1,2.00,0,2.00,0,2.00,0,3.00,0.00,,0.00,0.00,0.00,2.00,1,2.00,2.00,0.00,0.00,,111,6,75.00,75.00,76.90,76.90,64.74,64.74,76.52,76.52,0.00,0.00
Philippines,PHL,20200316,3.00,1,2.00,0,2.00,0,3.00,1,2.00,0,2.00,0,2.00,0,3.00,0.00,,0.00,0.00,0.00,2.00,1,2.00,2.00,0.00,0.00,,140,12,75.00,75.00,76.90,76.90,64.74,64.74,76.52,76.52,0.00,0.00
Philippines,PHL,20200317,3.00,1,2.00,0,2.00,0,3.00,1,2.00,0,2.00,0,2.00,0,3.00,0.00,,0.00,0.00,0.00,2.00,1,2.00,2.00,0.00,0.00,,142,12,75.00,75.00,76.90,76.90,64.74,64.74,76.52,76.52,0.00,0.00
Philippines,PHL,20200318,3.00,1,3.00,1,2.00,1,4.00,1,2.00,1,3.00,1,2.00,1,3.00,0.00,,0.00,0.00,0.00,2.00,1,2.00,2.00,0.00,0.00,,187,14,97.22,97.22,96.43,96.43,80.13,80.13,94.70,94.70,0.00,0.00
Philippines,PHL,20200319,3.00,1,3.00,1,2.00,1,4.00,1,2.00,1,3.00,1,2.00,1,3.00,0.00,,0.00,0.00,0.00,2.00,1,2.00,2.00,0.00,0.00,,202,17,97.22,97.22,96.43,96.43,80.13,80.13,94.70,94.70,0.00,0.00
Philippines,PHL,20200320,3.00,1,3.00,1,2.00,1,4.00,1,2.00,1,3.00,1,2.00,1,3.00,0.00,,0.00,0.00,0.00,2.00,1,2.00,2.00,0.00,0.00,,230,18,97.22,97.22,96.43,96.43,80.13,80.13,94.70,94.70,0.00,0.00
Philippines,PHL,20200321,3.00,1,3.00,1,2.00,1,4.00,1,2.00,1,3.00,1,2.00,1,3.00,0.00,,0.00,0.00,0.00,2.00,1,2.00,2.00,0.00,0.00,,230,18,97.22,97.22,96.43,96.43,80.13,80.13,94.70,94.70,0.00,0.00
Philippines,PHL,20200322,3.00,1,3.00,1,2.00,1,4.00,1,2.00,1,3.00,1,2.00,1,4.00,0.00,,0.00,0.00,0.00,2.00,1,2.00,2.00,0.00,0.00,,380,25,100.00,100.00,100.00,100.00,82.05,82.05,96.97,96.97,0.00,0.00
Philippines,PHL,20200323,3.00,1,3.00,1,2.00,1,4.00,1,2.00,1,3.00,1,2.00,1,4.00,0.00,,0.00,0.00,0.00,2.00,1,2.00,2.00,0.00,0.00,,380,25,100.00,100.00,100.00,100.00,82.05,82.05,96.97,96.97,0.00,0.00
Philippines,PHL,20200324,3.00,1,3.00,1,2.00,1,4.00,1,2.00,1,3.00,1,2.00,1,4.00,0.00,,0.00,0.00,0.00,2.00,1,2.00,2.00,0.00,0.00,,462,33,100.00,100.00,100.00,100.00,82.05,82.05,96.97,96.97,0.00,0.00
Philippines,PHL,20200325,3.00,1,3.00,1,2.00,1,4.00,1,2.00,1,3.00,1,2.00,1,4.00,0.00,,0.00,0.00,0.00,2.00,1,2.00,2.00,0.00,0.00,,552,35,100.00,100.00,100.00,100.00,82.05,82.05,96.97,96.97,0.00,0.00
Philippines,PHL,20200326,3.00,1,3.00,1,2.00,1,4.00,1,2.00,1,3.00,1,2.00,1,4.00,0.00,,0.00,0.00,0.00,2.00,1,2.00,2.00,0.00,0.00,,636,38,100.00,100.00,100.00,100.00,82.05,82.05,96.97,96.97,0.00,0.00
Philippines,PHL,20200327,3.00,1,3.00,1,2.00,1,4.00,1,2.00,1,3.00,1,2.00,1,4.00,0.00,,0.00,0.00,0.00,2.00,1,2.00,2.00,0.00,0.00,,707,45,100.00,100.00,100.00,100.00,82.05,82.05,96.97,96.97,0.00,0.00
Philippines,PHL,20200328,3.00,1,3.00,1,2.00,1,4.00,1,2.00,1,3.00,1,2.00,1,4.00,0.00,,0.00,0.00,0.00,2.00,1,2.00,2.00,0.00,0.00,,803,54,100.00,100.00,100.00,100.00,82.05,82.05,96.97,96.97,0.00,0.00
Philippines,PHL,20200329,3.00,1,3.00,1,2.00,1,4.00,1,2.00,1,3.00,1,2.00,1,4.00,0.00,,0.00,0.00,0.00,2.00,1,2.00,2.00,0.00,0.00,,1075,68,100.00,100.00,100.00,100.00,82.05,82.05,96.97,96.97,0.00,0.00
Philippines,PHL,20200330,3.00,1,3.00,1,2.00,1,4.00,1,2.00,1,3.00,1,2.00,1,4.00,0.00,,0.00,0.00,0.00,2.00,1,2.00,2.00,0.00,0.00,,1418,71,100.00,100.00,100.00,100.00,82.05,82.05,96.97,96.97,0.00,0.00
Philippines,PHL,20200331,3.00,1,3.00,1,2.00,1,4.00,1,2.00,1,3.00,1,2.00,1,4.00,0.00,,0.00,0.00,0.00,2.00,1,2.00,2.00,61000000.00,0.00,,2084,88,100.00,100.00,100.00,100.00,82.05,82.05,96.97,96.97,0.00,0.00
Philippines,PHL,20200401,3.00,1,3.00,1,2.00,1,4.00,1,2.00,1,3.00,1,2.00,1,4.00,0.00,,0.00,0.00,0.00,2.00,1,2.00,2.00,0.00,0.00,,2084,88,100.00,100.00,100.00,100.00,82.05,82.05,96.97,96.97,0.00,0.00
Philippines,PHL,20200402,3.00,1,3.00,1,2.00,1,4.00,1,2.00,1,3.00,1,2.00,1,4.00,0.00,,0.00,0.00,0.00,2.00,1,2.00,2.00,0.00,0.00,,2311,96,100.00,100.00,100.00,100.00,82.05,82.05,96.97,96.97,0.00,0.00
Philippines,PHL,20200403,3.00,1,3.00,1,2.00,1,4.00,1,2.00,1,3.00,1,2.00,1,4.00,0.00,,0.00,0.00,0.00,2.00,1,2.00,2.00,0.00,0.00,,2633,107,100.00,100.00,100.00,100.00,82.05,82.05,96.97,96.97,0.00,0.00
Philippines,PHL,20200404,3.00,1,3.00,1,2.00,1,4.00,1,2.00,1,3.00,1,2.00,1,4.00,0.00,,0.00,0.00,0.00,2.00,1,2.00,2.00,0.00,0.00,,3018,136,100.00,100.00,100.00,100.00,82.05,82.05,96.97,96.97,0.00,0.00
Philippines,PHL,20200405,3.00,1,3.00,1,2.00,1,4.00,1,2.00,1,3.00,1,2.00,1,4.00,0.00,,0.00,0.00,0.00,2.00,1,2.00,2.00,0.00,0.00,,3094,144,100.00,100.00,100.00,100.00,82.05,82.05,96.97,96.97,0.00,0.00
Philippines,PHL,20200406,3.00,1,3.00,1,2.00,1,4.00,1,2.00,1,3.00,1,2.00,1,4.00,0.00,,2.00,0.00,0.00,2.00,1,2.00,2.00,0.00,0.00,,3246,152,100.00,100.00,100.00,100.00,89.74,89.74,96.97,96.97,50.00,50.00
Philippines,PHL,20200407,3.00,1,3.00,1,2.00,1,4.00,1,2.00,1,3.00,1,2.00,1,4.00,0.00,,2.00,0.00,0.00,2.00,1,2.00,2.00,0.00,0.00,,3660,163,100.00,100.00,100.00,100.00,89.74,89.74,96.97,96.97,50.00,50.00
Philippines,PHL,20200408,3.00,1,3.00,1,2.00,1,4.00,1,2.00,1,3.00,1,2.00,1,4.00,0.00,,2.00,23000000000.00,0.00,2.00,1,2.00,2.00,0.00,0.00,,3764,177,100.00,100.00,100.00,100.00,89.74,89.74,96.97,96.97,50.00,50.00
Philippines,PHL,20200409,3.00,1,3.00,1,2.00,1,4.00,1,2.00,1,3.00,1,2.00,1,4.00,0.00,,2.00,0.00,0.00,2.00,1,2.00,2.00,0.00,0.00,,3870,182,100.00,100.00,100.00,100.00,89.74,89.74,96.97,96.97,50.00,50.00
Philippines,PHL,20200410,3.00,1,3.00,1,2.00,1,4.00,1,2.00,1,3.00,1,2.00,1,4.00,0.00,,2.00,0.00,0.00,2.00,1,2.00,2.00,0.00,0.00,,4076,203,100.00,100.00,100.00,100.00,89.74,89.74,96.97,96.97,50.00,50.00
Philippines,PHL,20200411,3.00,1,3.00,1,2.00,1,4.00,1,2.00,1,3.00,1,2.00,1,4.00,0.00,,2.00,0.00,0.00,2.00,1,2.00,2.00,0.00,0.00,,4076,203,100.00,100.00,100.00,100.00,89.74,89.74,96.97,96.97,50.00,50.00
Philippines,PHL,20200412,3.00,1,3.00,1,2.00,1,4.00,1,2.00,1,3.00,1,2.00,1,4.00,0.00,,2.00,0.00,0.00,2.00,1,2.00,2.00,0.00,0.00,,4428,247,100.00,100.00,100.00,100.00,89.74,89.74,96.97,96.97,50.00,50.00
Philippines,PHL,20200413,3.00,1,3.00,1,2.00,1,4.00,1,2.00,1,3.00,1,2.00,1,4.00,1.00,0,2.00,0.00,0.00,2.00,1,2.00,2.00,0.00,0.00,,4648,297,100.00,100.00,100.00,100.00,91.67,91.67,96.97,96.97,62.50,62.50
Philippines,PHL,20200414,3.00,1,3.00,1,2.00,1,4.00,1,2.00,1,3.00,1,2.00,1,4.00,1.00,0,2.00,0.00,0.00,2.00,1,2.00,2.00,0.00,0.00,,4932,315,100.00,100.00,100.00,100.00,91.67,91.67,96.97,96.97,62.50,62.50
Philippines,PHL,20200415,3.00,1,3.00,1,2.00,1,4.00,1,2.00,1,3.00,1,2.00,1,4.00,1.00,0,2.00,0.00,0.00,2.00,1,2.00,2.00,0.00,0.00,,5223,335,100.00,100.00,100.00,100.00,91.67,91.67,96.97,96.97,62.50,62.50
Philippines,PHL,20200416,3.00,1,3.00,1,2.00,1,4.00,1,2.00,1,3.00,1,2.00,1,4.00,1.00,0,2.00,0.00,0.00,2.00,1,2.00,2.00,0.00,0.00,,5453,349,100.00,100.00,100.00,100.00,91.67,91.67,96.97,96.97,62.50,62.50
Philippines,PHL,20200417,3.00,1,3.00,1,2.00,1,4.00,1,2.00,1,3.00,1,2.00,1,4.00,1.00,0,2.00,0.00,0.00,2.00,1,2.00,2.00,0.00,0.00,,5660,362,100.00,100.00,100.00,100.00,91.67,91.67,96.97,96.97,62.50,62.50
Philippines,PHL,20200418,3.00,1,3.00,1,2.00,1,4.00,1,2.00,1,3.00,1,2.00,1,4.00,1.00,0,2.00,0.00,0.00,2.00,1,2.00,2.00,0.00,0.00,,5878,387,100.00,100.00,100.00,100.00,91.67,91.67,96.97,96.97,62.50,62.50
Philippines,PHL,20200419,3.00,1,3.00,1,2.00,1,4.00,1,2.00,1,3.00,1,2.00,1,4.00,1.00,0,2.00,0.00,0.00,2.00,1,2.00,2.00,0.00,0.00,,6087,397,100.00,100.00,100.00,100.00,91.67,91.67,96.97,96.97,62.50,62.50
Philippines,PHL,20200420,3.00,1,3.00,1,2.00,1,4.00,1,2.00,1,3.00,1,2.00,1,4.00,1.00,0,2.00,0.00,0.00,2.00,1,2.00,2.00,0.00,0.00,,6259,409,100.00,100.00,100.00,100.00,91.67,91.67,96.97,96.97,62.50,62.50
Philippines,PHL,20200421,3.00,1,3.00,1,2.00,1,4.00,1,2.00,1,3.00,1,2.00,1,4.00,1.00,0,2.00,0.00,0.00,2.00,1,2.00,2.00,0.00,0.00,,6459,428,100.00,100.00,100.00,100.00,91.67,91.67,96.97,96.97,62.50,62.50
Philippines,PHL,20200422,3.00,1,3.00,1,2.00,1,4.00,1,2.00,1,3.00,1,2.00,1,4.00,1.00,0,2.00,0.00,0.00,2.00,1,2.00,2.00,0.00,0.00,,6599,437,100.00,100.00,100.00,100.00,91.67,91.67,96.97,96.97,62.50,62.50
Philippines,PHL,20200423,3.00,1,3.00,1,2.00,1,4.00,1,2.00,1,3.00,1,2.00,1,4.00,1.00,0,2.00,0.00,0.00,2.00,1,2.00,2.00,0.00,0.00,,6710,446,100.00,100.00,100.00,100.00,91.67,91.67,96.97,96.97,62.50,62.50
Philippines,PHL,20200424,3.00,1,3.00,1,2.00,1,4.00,1,2.00,1,3.00,1,2.00,1,4.00,1.00,0,2.00,0.00,0.00,2.00,1,2.00,2.00,0.00,0.00,,6981,462,100.00,100.00,100.00,100.00,91.67,91.67,96.97,96.97,62.50,62.50
Philippines,PHL,20200425,3.00,1,3.00,1,2.00,1,4.00,1,2.00,1,3.00,1,2.00,1,4.00,1.00,0,2.00,0.00,0.00,2.00,1,2.00,2.00,0.00,0.00,,7192,477,100.00,100.00,100.00,100.00,91.67,91.67,96.97,96.97,62.50,62.50
Philippines,PHL,20200426,3.00,1,3.00,1,2.00,1,4.00,1,2.00,1,3.00,1,2.00,1,4.00,1.00,0,2.00,0.00,0.00,2.00,1,2.00,2.00,0.00,0.00,,7294,494,100.00,100.00,100.00,100.00,91.67,91.67,96.97,96.97,62.50,62.50
Philippines,PHL,20200427,3.00,1,3.00,1,2.00,1,4.00,1,2.00,1,3.00,1,2.00,1,4.00,1.00,0,2.00,0.00,0.00,2.00,1,2.00,2.00,0.00,,,7579,501,100.00,100.00,100.00,100.00,91.67,91.67,96.97,96.97,62.50,62.50
Philippines,PHL,20200428,3.00,1,3.00,1,2.00,1,4.00,1,2.00,1,3.00,1,2.00,1,4.00,1.00,0,2.00,0.00,0.00,2.00,1,2.00,2.00,0.00,0.00,,7777,511,100.00,100.00,100.00,100.00,91.67,91.67,96.97,96.97,62.50,62.50
Philippines,PHL,20200429,3.00,1,3.00,1,2.00,1,4.00,1,2.00,1,3.00,1,2.00,1,4.00,1.00,0,2.00,0.00,0.00,2.00,1,2.00,2.00,0.00,0.00,,7958,530,100.00,100.00,100.00,100.00,91.67,91.67,96.97,96.97,62.50,62.50
Philippines,PHL,20200430,3.00,1,3.00,1,2.00,1,4.00,1,2.00,1,3.00,1,2.00,1,4.00,1.00,0,2.00,0.00,0.00,2.00,1,2.00,2.00,0.00,0.00,,8212,558,100.00,100.00,100.00,100.00,91.67,91.67,96.97,96.97,62.50,62.50
Philippines,PHL,20200501,3.00,1,3.00,1,2.00,1,4.00,1,2.00,1,2.00,1,2.00,1,4.00,1.00,0,2.00,0.00,0.00,2.00,1,2.00,2.00,0.00,0.00,,8488,568,96.30,96.30,100.00,100.00,89.10,89.10,93.94,93.94,62.50,62.50
Philippines,PHL,20200502,3.00,1,3.00,1,2.00,1,4.00,1,2.00,1,2.00,1,2.00,1,4.00,1.00,0,2.00,0.00,0.00,2.00,1,2.00,2.00,0.00,0.00,,8772,579,96.30,96.30,100.00,100.00,89.10,89.10,93.94,93.94,62.50,62.50
Philippines,PHL,20200503,3.00,1,3.00,1,2.00,1,4.00,1,2.00,1,2.00,1,2.00,1,4.00,1.00,0,2.00,0.00,0.00,2.00,1,2.00,2.00,0.00,0.00,,8928,603,96.30,96.30,100.00,100.00,89.10,89.10,93.94,93.94,62.50,62.50
Philippines,PHL,20200504,3.00,1,3.00,1,2.00,1,4.00,1,2.00,1,2.00,1,2.00,1,4.00,1.00,0,2.00,0.00,0.00,2.00,1,2.00,2.00,0.00,0.00,,9223,607,96.30,96.30,100.00,100.00,89.10,89.10,93.94,93.94,62.50,62.50
Philippines,PHL,20200505,3.00,1,3.00,1,2.00,1,4.00,1,2.00,1,2.00,1,2.00,1,4.00,1.00,0,2.00,0.00,0.00,2.00,1,2.00,2.00,0.00,0.00,,9485,623,96.30,96.30,100.00,100.00,89.10,89.10,93.94,93.94,62.50,62.50
Philippines,PHL,20200506,3.00,1,3.00,1,2.00,1,4.00,1,2.00,1,2.00,1,2.00,1,4.00,1.00,0,0.00,0.00,0.00,2.00,1,2.00,2.00,0.00,0.00,,9684,637,96.30,96.30,100.00,100.00,81.41,81.41,93.94,93.94,12.50,12.50
Philippines,PHL,20200507,3.00,1,3.00,1,2.00,1,4.00,1,2.00,1,2.00,1,2.00,1,4.00,1.00,0,0.00,0.00,0.00,2.00,1,2.00,2.00,0.00,0.00,,10004,658,96.30,96.30,100.00,100.00,81.41,81.41,93.94,93.94,12.50,12.50
Philippines,PHL,20200508,3.00,1,3.00,1,2.00,1,4.00,1,2.00,1,2.00,1,2.00,1,4.00,1.00,0,0.00,0.00,0.00,2.00,1,2.00,2.00,0.00,0.00,,10343,685,96.30,96.30,100.00,100.00,81.41,81.41,93.94,93.94,12.50,12.50
Philippines,PHL,20200509,3.00,1,3.00,1,2.00,1,4.00,1,2.00,1,2.00,1,2.00,1,4.00,1.00,0,0.00,0.00,0.00,2.00,1,2.00,2.00,0.00,0.00,,10463,696,96.30,96.30,100.00,100.00,81.41,81.41,93.94,93.94,12.50,12.50
Philippines,PHL,20200510,3.00,1,3.00,1,2.00,1,4.00,1,2.00,1,2.00,1,2.00,1,4.00,1.00,0,0.00,0.00,0.00,2.00,1,2.00,2.00,0.00,0.00,,10610,704,96.30,96.30,100.00,100.00,81.41,81.41,93.94,93.94,12.50,12.50
Philippines,PHL,20200511,3.00,1,3.00,1,2.00,1,4.00,1,2.00,1,2.00,1,2.00,1,4.00,1.00,0,0.00,0.00,0.00,2.00,1,2.00,2.00,0.00,0.00,,10794,719,96.30,96.30,100.00,100.00,81.41,81.41,93.94,93.94,12.50,12.50
Philippines,PHL,20200512,3.00,1,3.00,1,2.00,1,4.00,1,2.00,1,2.00,1,2.00,1,4.00,1.00,0,0.00,0.00,0.00,2.00,1,2.00,2.00,0.00,0.00,,11086,726,96.30,96.30,100.00,100.00,81.41,81.41,93.94,93.94,12.50,12.50
Philippines,PHL,20200513,3.00,1,3.00,1,2.00,1,4.00,1,2.00,1,2.00,1,2.00,1,4.00,1.00,0,0.00,0.00,0.00,2.00,1,2.00,2.00,0.00,0.00,,11350,751,96.30,96.30,100.00,100.00,81.41,81.41,93.94,93.94,12.50,12.50
Philippines,PHL,20200514,3.00,1,3.00,1,2.00,1,4.00,1,2.00,1,2.00,1,2.00,1,4.00,1.00,0,0.00,0.00,0.00,2.00,1,2.00,2.00,0.00,0.00,,11618,772,96.30,96.30,100.00,100.00,81.41,81.41,93.94,93.94,12.50,12.50
Philippines,PHL,20200515,3.00,1,3.00,1,2.00,1,4.00,1,2.00,1,2.00,1,2.00,1,4.00,1.00,0,0.00,0.00,0.00,2.00,1,2.00,2.00,0.00,0.00,,11876,790,96.30,96.30,100.00,100.00,81.41,81.41,93.94,93.94,12.50,12.50
Philippines,PHL,20200516,3.00,1,3.00,1,2.00,1,4.00,1,2.00,1,2.00,1,2.00,1,4.00,1.00,0,0.00,0.00,0.00,2.00,1,2.00,2.00,0.00,0.00,,12091,806,96.30,96.30,100.00,100.00,81.41,81.41,93.94,93.94,12.50,12.50
Philippines,PHL,20200517,3.00,1,3.00,1,2.00,1,4.00,1,2.00,1,2.00,1,2.00,1,4.00,1.00,0,0.00,0.00,0.00,2.00,1,2.00,2.00,0.00,0.00,,12305,817,96.30,96.30,100.00,100.00,81.41,81.41,93.94,93.94,12.50,12.50
Philippines,PHL,20200518,3.00,1,3.00,1,2.00,1,4.00,1,2.00,1,2.00,1,2.00,1,4.00,1.00,0,0.00,0.00,0.00,2.00,1,2.00,2.00,0.00,0.00,,12513,824,96.30,96.30,100.00,100.00,81.41,81.41,93.94,93.94,12.50,12.50
Philippines,PHL,20200519,3.00,1,3.00,1,2.00,1,4.00,1,2.00,1,2.00,1,2.00,1,4.00,1.00,0,0.00,0.00,0.00,2.00,1,2.00,2.00,0.00,0.00,,12718,831,96.30,96.30,100.00,100.00,81.41,81.41,93.94,93.94,12.50,12.50
Philippines,PHL,20200520,3.00,1,3.00,1,2.00,1,4.00,1,2.00,1,2.00,1,2.00,1,4.00,1.00,0,0.00,0.00,0.00,2.00,1,2.00,2.00,0.00,0.00,,12942,837,96.30,96.30,100.00,100.00,81.41,81.41,93.94,93.94,12.50,12.50
Philippines,PHL,20200521,3.00,1,3.00,1,2.00,1,4.00,1,2.00,1,2.00,1,2.00,1,4.00,1.00,0,0.00,0.00,0.00,2.00,1,2.00,2.00,0.00,0.00,,13221,842,96.30,96.30,100.00,100.00,81.41,81.41,93.94,93.94,12.50,12.50
Philippines,PHL,20200522,3.00,1,3.00,1,2.00,1,4.00,1,2.00,1,2.00,1,2.00,1,4.00,1.00,0,0.00,0.00,0.00,2.00,1,2.00,2.00,0.00,0.00,,13434,846,96.30,96.30,100.00,100.00,81.41,81.41,93.94,93.94,12.50,12.50
Philippines,PHL,20200523,3.00,1,3.00,1,2.00,1,4.00,1,2.00,1,2.00,1,2.00,1,4.00,1.00,0,0.00,0.00,0.00,2.00,1,2.00,2.00,0.00,0.00,,13597,857,96.30,96.30,100.00,100.00,81.41,81.41,93.94,93.94,12.50,12.50
Philippines,PHL,20200524,3.00,1,3.00,1,2.00,1,4.00,1,2.00,1,2.00,1,2.00,1,4.00,1.00,0,0.00,0.00,0.00,2.00,1,2.00,2.00,0.00,0.00,,13777,863,96.30,96.30,100.00,100.00,81.41,81.41,93.94,93.94,12.50,12.50
Philippines,PHL,20200525,3.00,1,3.00,1,2.00,1,4.00,1,2.00,1,2.00,1,2.00,1,4.00,1.00,0,0.00,0.00,0.00,2.00,1,2.00,2.00,0.00,0.00,,14035,868,96.30,96.30,100.00,100.00,81.41,81.41,93.94,93.94,12.50,12.50
Philippines,PHL,20200526,3.00,1,3.00,1,2.00,1,4.00,1,2.00,1,2.00,1,2.00,1,4.00,1.00,0,0.00,0.00,0.00,2.00,1,2.00,2.00,0.00,0.00,,14319,873,96.30,96.30,100.00,100.00,81.41,81.41,93.94,93.94,12.50,12.50
Philippines,PHL,20200527,3.00,1,3.00,1,2.00,1,4.00,1,2.00,1,2.00,1,2.00,1,4.00,1.00,0,0.00,0.00,0.00,2.00,1,2.00,2.00,0.00,0.00,,14669,886,96.30,96.30,100.00,100.00,81.41,81.41,93.94,93.94,12.50,12.50
Philippines,PHL,20200528,3.00,1,3.00,1,2.00,1,4.00,1,2.00,1,2.00,1,2.00,1,4.00,1.00,0,0.00,0.00,0.00,2.00,1,2.00,2.00,0.00,0.00,,15049,904,96.30,96.30,100.00,100.00,81.41,81.41,93.94,93.94,12.50,12.50
Philippines,PHL,20200529,3.00,1,2.00,1,2.00,1,4.00,1,1.00,1,1.00,1,1.00,1,4.00,1.00,0,0.00,0.00,0.00,2.00,1,2.00,2.00,0.00,0.00,,15588,921,77.78,77.78,86.90,86.90,68.59,68.59,78.79,78.79,12.50,12.50
Philippines,PHL,20200530,3.00,1,2.00,1,2.00,1,4.00,1,1.00,1,1.00,1,1.00,1,4.00,1.00,0,0.00,0.00,0.00,2.00,1,2.00,2.00,0.00,0.00,,16634,942,77.78,77.78,86.90,86.90,68.59,68.59,78.79,78.79,12.50,12.50
Philippines,PHL,20200531,3.00,1,2.00,1,2.00,1,4.00,1,1.00,1,1.00,1,1.00,1,4.00,1.00,0,0.00,0.00,0.00,2.00,1,2.00,2.00,0.00,0.00,,17224,950,77.78,77.78,86.90,86.90,68.59,68.59,78.79,78.79,12.50,12.50
Philippines,PHL,20200601,3.00,1,2.00,1,2.00,1,4.00,1,1.00,1,1.00,1,1.00,1,4.00,1.00,0,0.00,0.00,0.00,2.00,1,2.00,2.00,0.00,0.00,,18086,957,77.78,77.78,86.90,86.90,68.59,68.59,78.79,78.79,12.50,12.50
Philippines,PHL,20200602,3.00,1,2.00,1,2.00,1,4.00,1,1.00,1,1.00,1,1.00,1,4.00,1.00,0,0.00,0.00,0.00,2.00,1,2.00,2.00,0.00,0.00,,18638,960,77.78,77.78,86.90,86.90,68.59,68.59,78.79,78.79,12.50,12.50
Philippines,PHL,20200603,3.00,1,2.00,1,2.00,1,4.00,1,1.00,1,1.00,1,1.00,1,4.00,1.00,0,0.00,0.00,0.00,2.00,1,2.00,2.00,0.00,0.00,,18997,966,77.78,77.78,86.90,86.90,68.59,68.59,78.79,78.79,12.50,12.50
Philippines,PHL,20200604,3.00,1,2.00,1,2.00,1,4.00,1,1.00,1,1.00,1,1.00,1,4.00,1.00,0,0.00,0.00,0.00,2.00,1,2.00,2.00,0.00,0.00,,19748,974,77.78,77.78,86.90,86.90,68.59,68.59,78.79,78.79,12.50,12.50
Philippines,PHL,20200605,3.00,1,2.00,1,2.00,1,4.00,1,1.00,1,1.00,1,1.00,1,4.00,1.00,0,0.00,0.00,0.00,2.00,1,2.00,2.00,0.00,0.00,,20382,984,77.78,77.78,86.90,86.90,68.59,68.59,78.79,78.79,12.50,12.50
Philippines,PHL,20200606,3.00,1,2.00,1,2.00,1,4.00,1,1.00,1,1.00,1,1.00,1,4.00,1.00,0,0.00,0.00,0.00,2.00,1,2.00,2.00,0.00,0.00,,20626,987,77.78,77.78,86.90,86.90,68.59,68.59,78.79,78.79,12.50,12.50
Philippines,PHL,20200607,3.00,1,2.00,1,2.00,1,4.00,1,1.00,1,1.00,1,1.00,1,4.00,1.00,0,0.00,0.00,0.00,2.00,1,2.00,2.00,0.00,0.00,,21340,994,77.78,77.78,86.90,86.90,68.59,68.59,78.79,78.79,12.50,12.50
Philippines,PHL,20200608,3.00,1,2.00,1,2.00,1,4.00,1,1.00,1,1.00,1,1.00,1,4.00,1.00,0,0.00,0.00,0.00,2.00,1,2.00,2.00,0.00,0.00,,21895,1003,77.78,77.78,86.90,86.90,68.59,68.59,78.79,78.79,12.50,12.50
Philippines,PHL,20200609,3.00,1,2.00,1,2.00,1,4.00,1,1.00,1,1.00,1,1.00,1,4.00,1.00,0,0.00,0.00,0.00,2.00,1,2.00,2.00,0.00,0.00,,22474,1011,77.78,77.78,86.90,86.90,68.59,68.59,78.79,78.79,12.50,12.50
Philippines,PHL,20200610,3.00,1,2.00,1,2.00,1,4.00,1,1.00,1,1.00,1,1.00,1,4.00,1.00,0,0.00,0.00,0.00,2.00,1,2.00,2.00,0.00,0.00,,22992,1017,77.78,77.78,86.90,86.90,68.59,68.59,78.79,78.79,12.50,12.50
Philippines,PHL,20200611,3.00,1,2.00,1,2.00,1,4.00,1,1.00,1,1.00,1,1.00,1,4.00,1.00,0,0.00,0.00,0.00,2.00,1,2.00,2.00,0.00,0.00,,23732,1027,77.78,77.78,86.90,86.90,68.59,68.59,78.79,78.79,12.50,12.50
Philippines,PHL,20200612,3.00,1,2.00,1,2.00,1,4.00,1,1.00,1,1.00,1,1.00,1,4.00,1.00,0,0.00,0.00,0.00,2.00,1,2.00,2.00,0.00,0.00,,24175,1036,77.78,77.78,86.90,86.90,68.59,68.59,78.79,78.79,12.50,12.50
Philippines,PHL,20200613,3.00,1,2.00,1,2.00,1,4.00,1,1.00,1,1.00,1,1.00,1,4.00,1.00,0,0.00,0.00,0.00,2.00,1,2.00,2.00,0.00,0.00,,24787,1052,77.78,77.78,86.90,86.90,68.59,68.59,78.79,78.79,12.50,12.50
Philippines,PHL,20200614,3.00,1,2.00,1,2.00,1,4.00,1,1.00,1,1.00,1,1.00,1,4.00,1.00,0,0.00,0.00,0.00,2.00,1,2.00,2.00,0.00,0.00,,25392,1074,77.78,77.78,86.90,86.90,68.59,68.59,78.79,78.79,12.50,12.50
Philippines,PHL,20200615,3.00,1,2.00,1,2.00,1,4.00,1,1.00,1,3.00,0,1.00,1,4.00,1.00,0,0.00,0.00,0.00,2.00,1,2.00,2.00,0.00,0.00,,25930,1088,83.33,83.33,88.10,88.10,72.44,72.44,83.33,83.33,12.50,12.50
Philippines,PHL,20200616,,,2.00,1,,,,,,,3.00,0,,,,,,,,,,,,,,,,26420,1098,,,,,,,,,,
Philippines,PHL,20200617,,,,,,,,,,,,,,,,,,,,,,,,,,,,26781,1103,,83.33,,88.10,,72.44,,83.33,,12.50
Philippines,PHL,20200618,,,,,,,,,,,,,,,,,,,,,,,,,,,,27238,1108,,83.33,,88.10,,72.44,,83.33,,12.50
Philippines,PHL,20200619,,,,,,,,,,,,,,,,,,,,,,,,,,,,27799,1116,,83.33,,88.10,,72.44,,83.33,,12.50
Philippines,PHL,20200620,,,,,,,,,,,,,,,,,,,,,,,,,,,,28459,1130,,83.33,,88.10,,72.44,,83.33,,12.50
Philippines,PHL,20200621,,,,,,,,,,,,,,,,,,,,,,,,,,,,29400,1150,,83.33,,88.10,,72.44,,83.33,,12.50
Philippines,PHL,20200622,,,,,,,,,,,,,,,,,,,,,,,,,,,,30052,1169,,83.33,,88.10,,72.44,,83.33,,12.50
Philippines,PHL,20200623,,,,,,,,,,,,,,,,,,,,,,,,,,,,30682,1177,,83.33,,88.10,,72.44,,83.33,,12.50
