Poland,POL,20200101,0.00,,0.00,,0.00,,0.00,,0.00,,0.00,,0.00,,0.00,0.00,,0.00,0.00,0.00,0.00,,0.00,0.00,0.00,0.00,,,,0.00,0.00,0.00,0.00,0.00,0.00,0.00,0.00,0.00,0.00
Poland,POL,20200102,0.00,,0.00,,0.00,,0.00,,0.00,,0.00,,0.00,,0.00,0.00,,0.00,0.00,0.00,0.00,,0.00,0.00,0.00,0.00,,,,0.00,0.00,0.00,0.00,0.00,0.00,0.00,0.00,0.00,0.00
Poland,POL,20200103,0.00,,0.00,,0.00,,0.00,,0.00,,0.00,,0.00,,0.00,0.00,,0.00,0.00,0.00,0.00,,0.00,0.00,0.00,0.00,,,,0.00,0.00,0.00,0.00,0.00,0.00,0.00,0.00,0.00,0.00
Poland,POL,20200104,0.00,,0.00,,0.00,,0.00,,0.00,,0.00,,0.00,,0.00,0.00,,0.00,0.00,0.00,0.00,,0.00,0.00,0.00,0.00,,,,0.00,0.00,0.00,0.00,0.00,0.00,0.00,0.00,0.00,0.00
Poland,POL,20200105,0.00,,0.00,,0.00,,0.00,,0.00,,0.00,,0.00,,0.00,0.00,,0.00,0.00,0.00,0.00,,0.00,0.00,0.00,0.00,,,,0.00,0.00,0.00,0.00,0.00,0.00,0.00,0.00,0.00,0.00
Poland,POL,20200106,0.00,,0.00,,0.00,,0.00,,0.00,,0.00,,0.00,,0.00,0.00,,0.00,0.00,0.00,0.00,,0.00,0.00,0.00,0.00,,,,0.00,0.00,0.00,0.00,0.00,0.00,0.00,0.00,0.00,0.00
Poland,POL,20200107,0.00,,0.00,,0.00,,0.00,,0.00,,0.00,,0.00,,0.00,0.00,,0.00,0.00,0.00,0.00,,0.00,0.00,0.00,0.00,,,,0.00,0.00,0.00,0.00,0.00,0.00,0.00,0.00,0.00,0.00
Poland,POL,20200108,0.00,,0.00,,0.00,,0.00,,0.00,,0.00,,0.00,,0.00,0.00,,0.00,0.00,0.00,0.00,,0.00,0.00,0.00,0.00,,,,0.00,0.00,0.00,0.00,0.00,0.00,0.00,0.00,0.00,0.00
Poland,POL,20200109,0.00,,0.00,,0.00,,0.00,,0.00,,0.00,,0.00,,0.00,0.00,,0.00,0.00,0.00,0.00,,0.00,0.00,0.00,0.00,,,,0.00,0.00,0.00,0.00,0.00,0.00,0.00,0.00,0.00,0.00
Poland,POL,20200110,0.00,,0.00,,0.00,,0.00,,0.00,,0.00,,0.00,,0.00,0.00,,0.00,0.00,0.00,0.00,,0.00,0.00,0.00,0.00,,,,0.00,0.00,0.00,0.00,0.00,0.00,0.00,0.00,0.00,0.00
Poland,POL,20200111,0.00,,0.00,,0.00,,0.00,,0.00,,0.00,,0.00,,0.00,0.00,,0.00,0.00,0.00,0.00,,0.00,0.00,0.00,0.00,,,,0.00,0.00,0.00,0.00,0.00,0.00,0.00,0.00,0.00,0.00
Poland,POL,20200112,0.00,,0.00,,0.00,,0.00,,0.00,,0.00,,0.00,,0.00,0.00,,0.00,0.00,0.00,0.00,,0.00,0.00,0.00,0.00,,,,0.00,0.00,0.00,0.00,0.00,0.00,0.00,0.00,0.00,0.00
Poland,POL,20200113,0.00,,0.00,,0.00,,0.00,,0.00,,0.00,,0.00,,0.00,0.00,,0.00,0.00,0.00,0.00,,0.00,0.00,0.00,0.00,,,,0.00,0.00,0.00,0.00,0.00,0.00,0.00,0.00,0.00,0.00
Poland,POL,20200114,0.00,,0.00,,0.00,,0.00,,0.00,,0.00,,0.00,,0.00,0.00,,0.00,0.00,0.00,0.00,,0.00,0.00,0.00,0.00,,,,0.00,0.00,0.00,0.00,0.00,0.00,0.00,0.00,0.00,0.00
Poland,POL,20200115,0.00,,0.00,,0.00,,0.00,,0.00,,0.00,,0.00,,0.00,0.00,,0.00,0.00,0.00,0.00,,0.00,0.00,0.00,0.00,,,,0.00,0.00,0.00,0.00,0.00,0.00,0.00,0.00,0.00,0.00
Poland,POL,20200116,0.00,,0.00,,0.00,,0.00,,0.00,,0.00,,0.00,,0.00,0.00,,0.00,0.00,0.00,0.00,,0.00,0.00,0.00,0.00,,,,0.00,0.00,0.00,0.00,0.00,0.00,0.00,0.00,0.00,0.00
Poland,POL,20200117,0.00,,0.00,,0.00,,0.00,,0.00,,0.00,,0.00,,0.00,0.00,,0.00,0.00,0.00,0.00,,0.00,0.00,0.00,0.00,,,,0.00,0.00,0.00,0.00,0.00,0.00,0.00,0.00,0.00,0.00
Poland,POL,20200118,0.00,,0.00,,0.00,,0.00,,0.00,,0.00,,0.00,,0.00,0.00,,0.00,0.00,0.00,0.00,,0.00,0.00,0.00,0.00,,,,0.00,0.00,0.00,0.00,0.00,0.00,0.00,0.00,0.00,0.00
Poland,POL,20200119,0.00,,0.00,,0.00,,0.00,,0.00,,0.00,,0.00,,0.00,0.00,,0.00,0.00,0.00,0.00,,0.00,0.00,0.00,0.00,,,,0.00,0.00,0.00,0.00,0.00,0.00,0.00,0.00,0.00,0.00
Poland,POL,20200120,0.00,,0.00,,0.00,,0.00,,0.00,,0.00,,0.00,,0.00,0.00,,0.00,0.00,0.00,0.00,,0.00,0.00,0.00,0.00,,,,0.00,0.00,0.00,0.00,0.00,0.00,0.00,0.00,0.00,0.00
Poland,POL,20200121,0.00,,0.00,,0.00,,0.00,,0.00,,0.00,,0.00,,0.00,0.00,,0.00,0.00,0.00,0.00,,0.00,0.00,0.00,0.00,,,,0.00,0.00,0.00,0.00,0.00,0.00,0.00,0.00,0.00,0.00
Poland,POL,20200122,0.00,,0.00,,0.00,,0.00,,0.00,,0.00,,0.00,,0.00,0.00,,0.00,0.00,0.00,0.00,,0.00,0.00,0.00,0.00,,,,0.00,0.00,0.00,0.00,0.00,0.00,0.00,0.00,0.00,0.00
Poland,POL,20200123,0.00,,0.00,,0.00,,0.00,,0.00,,0.00,,0.00,,0.00,0.00,,0.00,0.00,0.00,1.00,1,0.00,0.00,0.00,0.00,,,,5.56,5.56,9.52,9.52,3.85,3.85,4.55,4.55,0.00,0.00
Poland,POL,20200124,0.00,,0.00,,0.00,,0.00,,0.00,,0.00,,0.00,,0.00,0.00,,0.00,0.00,0.00,1.00,1,0.00,0.00,0.00,0.00,,,,5.56,5.56,9.52,9.52,3.85,3.85,4.55,4.55,0.00,0.00
Poland,POL,20200125,0.00,,0.00,,0.00,,0.00,,0.00,,0.00,,0.00,,0.00,0.00,,0.00,0.00,0.00,1.00,1,0.00,0.00,0.00,0.00,,,,5.56,5.56,9.52,9.52,3.85,3.85,4.55,4.55,0.00,0.00
Poland,POL,20200126,0.00,,0.00,,0.00,,0.00,,0.00,,0.00,,0.00,,0.00,0.00,,0.00,0.00,0.00,1.00,1,0.00,0.00,0.00,0.00,,,,5.56,5.56,9.52,9.52,3.85,3.85,4.55,4.55,0.00,0.00
Poland,POL,20200127,0.00,,0.00,,0.00,,0.00,,0.00,,0.00,,0.00,,0.00,0.00,,0.00,0.00,0.00,1.00,1,0.00,0.00,0.00,0.00,,,,5.56,5.56,9.52,9.52,3.85,3.85,4.55,4.55,0.00,0.00
Poland,POL,20200128,0.00,,0.00,,0.00,,0.00,,0.00,,0.00,,0.00,,0.00,0.00,,0.00,0.00,0.00,1.00,1,0.00,0.00,0.00,0.00,,,,5.56,5.56,9.52,9.52,3.85,3.85,4.55,4.55,0.00,0.00
Poland,POL,20200129,0.00,,0.00,,0.00,,0.00,,0.00,,0.00,,0.00,,0.00,0.00,,0.00,0.00,0.00,1.00,1,0.00,0.00,0.00,0.00,,,,5.56,5.56,9.52,9.52,3.85,3.85,4.55,4.55,0.00,0.00
Poland,POL,20200130,0.00,,0.00,,0.00,,0.00,,0.00,,0.00,,0.00,,0.00,0.00,,0.00,0.00,0.00,1.00,1,0.00,0.00,0.00,0.00,,,,5.56,5.56,9.52,9.52,3.85,3.85,4.55,4.55,0.00,0.00
Poland,POL,20200131,0.00,,0.00,,0.00,,0.00,,0.00,,0.00,,0.00,,0.00,0.00,,0.00,0.00,0.00,1.00,1,0.00,0.00,0.00,0.00,,,,5.56,5.56,9.52,9.52,3.85,3.85,4.55,4.55,0.00,0.00
Poland,POL,20200201,0.00,,0.00,,0.00,,0.00,,0.00,,0.00,,0.00,,0.00,0.00,,0.00,0.00,0.00,1.00,1,0.00,0.00,0.00,0.00,,,,5.56,5.56,9.52,9.52,3.85,3.85,4.55,4.55,0.00,0.00
Poland,POL,20200202,0.00,,0.00,,0.00,,0.00,,0.00,,0.00,,0.00,,0.00,0.00,,0.00,0.00,0.00,1.00,1,0.00,0.00,0.00,0.00,,,,5.56,5.56,9.52,9.52,3.85,3.85,4.55,4.55,0.00,0.00
Poland,POL,20200203,0.00,,0.00,,0.00,,0.00,,0.00,,0.00,,0.00,,0.00,0.00,,0.00,0.00,0.00,1.00,1,0.00,0.00,0.00,0.00,,,,5.56,5.56,9.52,9.52,3.85,3.85,4.55,4.55,0.00,0.00
Poland,POL,20200204,0.00,,0.00,,0.00,,0.00,,0.00,,0.00,,0.00,,0.00,0.00,,0.00,0.00,0.00,1.00,1,0.00,0.00,0.00,0.00,,,,5.56,5.56,9.52,9.52,3.85,3.85,4.55,4.55,0.00,0.00
Poland,POL,20200205,0.00,,0.00,,0.00,,0.00,,0.00,,0.00,,0.00,,0.00,0.00,,0.00,0.00,0.00,1.00,1,0.00,0.00,0.00,0.00,,,,5.56,5.56,9.52,9.52,3.85,3.85,4.55,4.55,0.00,0.00
Poland,POL,20200206,0.00,,0.00,,0.00,,0.00,,0.00,,0.00,,0.00,,0.00,0.00,,0.00,0.00,0.00,1.00,1,0.00,0.00,0.00,0.00,,,,5.56,5.56,9.52,9.52,3.85,3.85,4.55,4.55,0.00,0.00
Poland,POL,20200207,0.00,,0.00,,0.00,,0.00,,0.00,,0.00,,0.00,,0.00,0.00,,0.00,0.00,0.00,1.00,1,0.00,0.00,0.00,0.00,,,,5.56,5.56,9.52,9.52,3.85,3.85,4.55,4.55,0.00,0.00
Poland,POL,20200208,0.00,,0.00,,0.00,,0.00,,0.00,,0.00,,0.00,,0.00,0.00,,0.00,0.00,0.00,1.00,1,0.00,0.00,0.00,0.00,,,,5.56,5.56,9.52,9.52,3.85,3.85,4.55,4.55,0.00,0.00
Poland,POL,20200209,0.00,,0.00,,0.00,,0.00,,0.00,,0.00,,0.00,,0.00,0.00,,0.00,0.00,0.00,1.00,1,0.00,0.00,0.00,0.00,,,,5.56,5.56,9.52,9.52,3.85,3.85,4.55,4.55,0.00,0.00
Poland,POL,20200210,0.00,,0.00,,0.00,,0.00,,0.00,,0.00,,0.00,,0.00,0.00,,0.00,0.00,0.00,1.00,1,0.00,0.00,0.00,0.00,,,,5.56,5.56,9.52,9.52,3.85,3.85,4.55,4.55,0.00,0.00
Poland,POL,20200211,0.00,,0.00,,0.00,,0.00,,0.00,,0.00,,0.00,,0.00,0.00,,0.00,0.00,0.00,1.00,1,0.00,0.00,0.00,0.00,,,,5.56,5.56,9.52,9.52,3.85,3.85,4.55,4.55,0.00,0.00
Poland,POL,20200212,0.00,,0.00,,0.00,,0.00,,0.00,,0.00,,0.00,,0.00,0.00,,0.00,0.00,0.00,1.00,1,0.00,0.00,0.00,0.00,,,,5.56,5.56,9.52,9.52,3.85,3.85,4.55,4.55,0.00,0.00
Poland,POL,20200213,0.00,,0.00,,0.00,,0.00,,0.00,,0.00,,0.00,,0.00,0.00,,0.00,0.00,0.00,1.00,1,0.00,0.00,0.00,0.00,,,,5.56,5.56,9.52,9.52,3.85,3.85,4.55,4.55,0.00,0.00
Poland,POL,20200214,0.00,,0.00,,0.00,,0.00,,0.00,,0.00,,0.00,,0.00,0.00,,0.00,0.00,0.00,1.00,1,0.00,0.00,0.00,0.00,,,,5.56,5.56,9.52,9.52,3.85,3.85,4.55,4.55,0.00,0.00
Poland,POL,20200215,0.00,,0.00,,0.00,,0.00,,0.00,,0.00,,0.00,,0.00,0.00,,0.00,0.00,0.00,1.00,1,0.00,0.00,0.00,0.00,,,,5.56,5.56,9.52,9.52,3.85,3.85,4.55,4.55,0.00,0.00
Poland,POL,20200216,0.00,,0.00,,0.00,,0.00,,0.00,,0.00,,0.00,,0.00,0.00,,0.00,0.00,0.00,1.00,1,0.00,0.00,0.00,0.00,,,,5.56,5.56,9.52,9.52,3.85,3.85,4.55,4.55,0.00,0.00
Poland,POL,20200217,0.00,,0.00,,0.00,,0.00,,0.00,,0.00,,0.00,,0.00,0.00,,0.00,0.00,0.00,1.00,1,0.00,0.00,0.00,0.00,,,,5.56,5.56,9.52,9.52,3.85,3.85,4.55,4.55,0.00,0.00
Poland,POL,20200218,0.00,,0.00,,0.00,,0.00,,0.00,,0.00,,0.00,,0.00,0.00,,0.00,0.00,0.00,1.00,1,0.00,0.00,0.00,0.00,,,,5.56,5.56,9.52,9.52,3.85,3.85,4.55,4.55,0.00,0.00
Poland,POL,20200219,0.00,,0.00,,0.00,,0.00,,0.00,,0.00,,0.00,,0.00,0.00,,0.00,0.00,0.00,1.00,1,0.00,0.00,0.00,0.00,,,,5.56,5.56,9.52,9.52,3.85,3.85,4.55,4.55,0.00,0.00
Poland,POL,20200220,0.00,,0.00,,0.00,,0.00,,0.00,,0.00,,0.00,,0.00,0.00,,0.00,0.00,0.00,1.00,1,0.00,0.00,0.00,0.00,,,,5.56,5.56,9.52,9.52,3.85,3.85,4.55,4.55,0.00,0.00
Poland,POL,20200221,0.00,,0.00,,0.00,,0.00,,0.00,,0.00,,0.00,,0.00,0.00,,0.00,0.00,0.00,1.00,1,0.00,0.00,0.00,0.00,,,,5.56,5.56,9.52,9.52,3.85,3.85,4.55,4.55,0.00,0.00
Poland,POL,20200222,0.00,,0.00,,0.00,,0.00,,0.00,,0.00,,0.00,,0.00,0.00,,0.00,0.00,0.00,1.00,1,0.00,0.00,0.00,0.00,,,,5.56,5.56,9.52,9.52,3.85,3.85,4.55,4.55,0.00,0.00
Poland,POL,20200223,0.00,,0.00,,0.00,,0.00,,0.00,,0.00,,0.00,,0.00,0.00,,0.00,0.00,0.00,1.00,1,0.00,0.00,0.00,0.00,,,,5.56,5.56,9.52,9.52,3.85,3.85,4.55,4.55,0.00,0.00
Poland,POL,20200224,0.00,,0.00,,0.00,,0.00,,0.00,,0.00,,0.00,,0.00,0.00,,0.00,0.00,0.00,1.00,1,0.00,0.00,0.00,0.00,,,,5.56,5.56,9.52,9.52,3.85,3.85,4.55,4.55,0.00,0.00
Poland,POL,20200225,0.00,,0.00,,0.00,,0.00,,0.00,,0.00,,0.00,,0.00,0.00,,0.00,0.00,0.00,1.00,1,0.00,0.00,0.00,0.00,,,,5.56,5.56,9.52,9.52,3.85,3.85,4.55,4.55,0.00,0.00
Poland,POL,20200226,0.00,,0.00,,0.00,,0.00,,0.00,,0.00,,0.00,,0.00,0.00,,0.00,0.00,0.00,1.00,1,0.00,0.00,0.00,0.00,,,,5.56,5.56,9.52,9.52,3.85,3.85,4.55,4.55,0.00,0.00
Poland,POL,20200227,0.00,,0.00,,0.00,,0.00,,0.00,,0.00,,0.00,,0.00,0.00,,0.00,0.00,0.00,2.00,1,0.00,0.00,0.00,0.00,,,,11.11,11.11,14.29,14.29,7.69,7.69,9.09,9.09,0.00,0.00
Poland,POL,20200228,0.00,,0.00,,0.00,,0.00,,0.00,,0.00,,0.00,,0.00,0.00,,0.00,0.00,0.00,2.00,1,0.00,0.00,0.00,0.00,,,,11.11,11.11,14.29,14.29,7.69,7.69,9.09,9.09,0.00,0.00
Poland,POL,20200229,0.00,,0.00,,0.00,,0.00,,0.00,,0.00,,0.00,,0.00,0.00,,0.00,0.00,0.00,2.00,1,0.00,0.00,0.00,0.00,,,,11.11,11.11,14.29,14.29,7.69,7.69,9.09,9.09,0.00,0.00
Poland,POL,20200301,0.00,,0.00,,0.00,,0.00,,0.00,,0.00,,0.00,,0.00,0.00,,0.00,0.00,0.00,2.00,1,0.00,0.00,0.00,0.00,,,,11.11,11.11,14.29,14.29,7.69,7.69,9.09,9.09,0.00,0.00
Poland,POL,20200302,0.00,,0.00,,0.00,,0.00,,0.00,,0.00,,0.00,,0.00,0.00,,0.00,0.00,0.00,2.00,1,0.00,0.00,0.00,0.00,,,,11.11,11.11,14.29,14.29,7.69,7.69,9.09,9.09,0.00,0.00
Poland,POL,20200303,0.00,,0.00,,0.00,,0.00,,0.00,,0.00,,0.00,,0.00,0.00,,0.00,0.00,0.00,2.00,1,0.00,0.00,0.00,0.00,,,,11.11,11.11,14.29,14.29,7.69,7.69,9.09,9.09,0.00,0.00
Poland,POL,20200304,0.00,,0.00,,0.00,,0.00,,0.00,,0.00,,0.00,,0.00,0.00,,0.00,0.00,0.00,2.00,1,0.00,0.00,0.00,0.00,,1,0,11.11,11.11,14.29,14.29,7.69,7.69,9.09,9.09,0.00,0.00
Poland,POL,20200305,0.00,,0.00,,0.00,,0.00,,0.00,,0.00,,0.00,,0.00,0.00,,0.00,0.00,0.00,2.00,1,0.00,0.00,0.00,0.00,,,,11.11,11.11,14.29,14.29,7.69,7.69,9.09,9.09,0.00,0.00
Poland,POL,20200306,0.00,,0.00,,0.00,,0.00,,0.00,,0.00,,0.00,,0.00,0.00,,0.00,0.00,0.00,2.00,1,0.00,0.00,0.00,0.00,,,,11.11,11.11,14.29,14.29,7.69,7.69,9.09,9.09,0.00,0.00
Poland,POL,20200307,0.00,,0.00,,0.00,,0.00,,0.00,,0.00,,0.00,,0.00,0.00,,0.00,0.00,0.00,2.00,1,0.00,0.00,0.00,0.00,,5,0,11.11,11.11,14.29,14.29,7.69,7.69,9.09,9.09,0.00,0.00
Poland,POL,20200308,0.00,,0.00,,0.00,,0.00,,0.00,,0.00,,0.00,,0.00,0.00,,0.00,0.00,0.00,2.00,1,0.00,0.00,0.00,0.00,,6,0,11.11,11.11,14.29,14.29,7.69,7.69,9.09,9.09,0.00,0.00
Poland,POL,20200309,0.00,,0.00,,0.00,,0.00,,0.00,,0.00,,0.00,,1.00,0.00,,0.00,0.00,0.00,2.00,1,0.00,0.00,0.00,0.00,,11,0,13.89,13.89,17.86,17.86,9.62,9.62,11.36,11.36,0.00,0.00
Poland,POL,20200310,0.00,,0.00,,2.00,1,0.00,,0.00,,0.00,,0.00,,1.00,0.00,,0.00,0.00,0.00,2.00,1,0.00,0.00,0.00,0.00,,17,0,25.00,25.00,32.14,32.14,17.31,17.31,20.45,20.45,0.00,0.00
Poland,POL,20200311,0.00,,0.00,,2.00,1,0.00,,0.00,,0.00,,0.00,,1.00,0.00,,0.00,0.00,0.00,2.00,1,0.00,0.00,0.00,0.00,,22,0,25.00,25.00,32.14,32.14,17.31,17.31,20.45,20.45,0.00,0.00
Poland,POL,20200312,3.00,1,0.00,,2.00,1,0.00,,0.00,,0.00,,1.00,1,1.00,0.00,,0.00,0.00,0.00,2.00,1,0.00,0.00,0.00,0.00,,31,0,41.67,41.67,55.95,55.95,28.85,28.85,34.09,34.09,0.00,0.00
Poland,POL,20200313,3.00,1,0.00,,2.00,1,0.00,,0.00,,0.00,,1.00,1,1.00,0.00,,0.00,0.00,0.00,2.00,1,0.00,0.00,336870464.00,0.00,,49,1,41.67,41.67,55.95,55.95,28.85,28.85,34.09,34.09,0.00,0.00
Poland,POL,20200314,3.00,1,2.00,1,2.00,1,0.00,,0.00,,0.00,,1.00,1,1.00,0.00,,0.00,0.00,0.00,2.00,1,0.00,0.00,0.00,0.00,,68,2,49.07,49.07,66.67,66.67,33.97,33.97,40.15,40.15,0.00,0.00
Poland,POL,20200315,3.00,1,2.00,1,2.00,1,0.00,,0.00,,0.00,,1.00,1,4.00,0.00,,0.00,0.00,0.00,2.00,1,0.00,0.00,0.00,0.00,,104,3,57.41,57.41,77.38,77.38,39.74,39.74,46.97,46.97,0.00,0.00
Poland,POL,20200316,3.00,1,2.00,1,2.00,1,0.00,,0.00,,0.00,,1.00,1,4.00,0.00,,0.00,0.00,0.00,2.00,1,0.00,0.00,0.00,0.00,,125,3,57.41,57.41,77.38,77.38,39.74,39.74,46.97,46.97,0.00,0.00
Poland,POL,20200317,3.00,1,2.00,1,2.00,1,0.00,,0.00,,0.00,,1.00,1,4.00,0.00,,0.00,0.00,0.00,2.00,1,0.00,0.00,0.00,0.00,,177,4,57.41,57.41,77.38,77.38,39.74,39.74,46.97,46.97,0.00,0.00
Poland,POL,20200318,3.00,1,2.00,1,2.00,1,0.00,,0.00,,0.00,,1.00,1,4.00,1.00,0,0.00,50740292000.00,0.00,2.00,1,0.00,0.00,0.00,0.00,,238,5,57.41,57.41,77.38,77.38,41.67,41.67,46.97,46.97,12.50,12.50
Poland,POL,20200319,3.00,1,2.00,1,2.00,1,0.00,,0.00,,0.00,,1.00,1,4.00,1.00,0,0.00,0.00,0.00,2.00,1,0.00,0.00,0.00,0.00,,287,5,57.41,57.41,77.38,77.38,41.67,41.67,46.97,46.97,12.50,12.50
Poland,POL,20200320,3.00,1,2.00,1,2.00,1,0.00,,0.00,,0.00,,1.00,1,4.00,1.00,0,0.00,0.00,0.00,2.00,1,0.00,0.00,0.00,0.00,,355,5,57.41,57.41,77.38,77.38,41.67,41.67,46.97,46.97,12.50,12.50
Poland,POL,20200321,3.00,1,2.00,1,2.00,1,0.00,,0.00,,0.00,,1.00,1,4.00,1.00,0,0.00,0.00,0.00,2.00,1,0.00,0.00,0.00,0.00,,425,5,57.41,57.41,77.38,77.38,41.67,41.67,46.97,46.97,12.50,12.50
Poland,POL,20200322,3.00,1,2.00,1,2.00,1,0.00,,0.00,,0.00,,1.00,1,4.00,1.00,0,0.00,0.00,0.00,2.00,1,1.00,0.00,0.00,0.00,,536,5,57.41,57.41,77.38,77.38,44.23,44.23,50.00,50.00,12.50,12.50
Poland,POL,20200323,3.00,1,2.00,1,2.00,1,0.00,,0.00,,0.00,,1.00,1,4.00,1.00,0,0.00,0.00,0.00,2.00,1,1.00,0.00,0.00,0.00,,634,7,57.41,57.41,77.38,77.38,44.23,44.23,50.00,50.00,12.50,12.50
Poland,POL,20200324,3.00,1,2.00,1,2.00,1,0.00,,0.00,,0.00,,1.00,1,4.00,1.00,0,0.00,0.00,0.00,2.00,1,1.00,0.00,0.00,0.00,,749,8,57.41,57.41,77.38,77.38,44.23,44.23,50.00,50.00,12.50,12.50
Poland,POL,20200325,3.00,1,2.00,1,2.00,1,0.00,,0.00,,0.00,,1.00,1,4.00,1.00,0,1.00,0.00,0.00,2.00,1,1.00,0.00,0.00,0.00,,901,10,57.41,57.41,77.38,77.38,48.08,48.08,50.00,50.00,37.50,37.50
Poland,POL,20200326,3.00,1,2.00,1,2.00,1,0.00,,0.00,,0.00,,1.00,1,4.00,1.00,0,1.00,0.00,0.00,2.00,1,1.00,0.00,0.00,0.00,,1051,14,57.41,57.41,77.38,77.38,48.08,48.08,50.00,50.00,37.50,37.50
Poland,POL,20200327,3.00,1,2.00,1,2.00,1,0.00,,0.00,,0.00,,1.00,1,4.00,1.00,0,1.00,0.00,0.00,2.00,1,1.00,0.00,0.00,0.00,,1221,16,57.41,57.41,77.38,77.38,48.08,48.08,50.00,50.00,37.50,37.50
Poland,POL,20200328,3.00,1,2.00,1,2.00,1,0.00,,0.00,,0.00,,1.00,1,4.00,1.00,0,1.00,0.00,0.00,2.00,1,1.00,0.00,0.00,0.00,,1389,16,57.41,57.41,77.38,77.38,48.08,48.08,50.00,50.00,37.50,37.50
Poland,POL,20200329,3.00,1,2.00,1,2.00,1,0.00,,0.00,,0.00,,1.00,1,4.00,1.00,0,1.00,0.00,0.00,2.00,1,1.00,0.00,0.00,0.00,,1638,18,57.41,57.41,77.38,77.38,48.08,48.08,50.00,50.00,37.50,37.50
Poland,POL,20200330,3.00,1,2.00,1,2.00,1,0.00,,0.00,,0.00,,1.00,1,4.00,1.00,0,1.00,0.00,0.00,2.00,1,1.00,0.00,0.00,0.00,,1862,22,57.41,57.41,77.38,77.38,48.08,48.08,50.00,50.00,37.50,37.50
Poland,POL,20200331,3.00,1,2.00,1,2.00,1,4.00,1,0.00,,2.00,1,2.00,1,4.00,1.00,0,1.00,0.00,0.00,2.00,1,1.00,0.00,0.00,0.00,,2055,31,81.48,81.48,82.14,82.14,64.74,64.74,69.70,69.70,37.50,37.50
Poland,POL,20200401,3.00,1,2.00,1,2.00,1,4.00,1,0.00,,2.00,1,2.00,1,4.00,1.00,0,1.00,0.00,0.00,2.00,1,1.00,0.00,0.00,0.00,,2311,33,81.48,81.48,82.14,82.14,64.74,64.74,69.70,69.70,37.50,37.50
Poland,POL,20200402,3.00,1,2.00,1,2.00,1,4.00,1,0.00,,2.00,1,2.00,1,4.00,1.00,0,1.00,0.00,0.00,2.00,1,1.00,0.00,0.00,0.00,,2554,43,81.48,81.48,82.14,82.14,64.74,64.74,69.70,69.70,37.50,37.50
Poland,POL,20200403,3.00,1,2.00,1,2.00,1,4.00,1,0.00,,2.00,1,2.00,1,4.00,1.00,0,1.00,0.00,0.00,2.00,1,1.00,0.00,0.00,0.00,,2946,57,81.48,81.48,82.14,82.14,64.74,64.74,69.70,69.70,37.50,37.50
Poland,POL,20200404,3.00,1,2.00,1,2.00,1,4.00,1,0.00,,2.00,1,2.00,1,4.00,1.00,0,1.00,0.00,0.00,2.00,1,1.00,0.00,0.00,0.00,,3383,71,81.48,81.48,82.14,82.14,64.74,64.74,69.70,69.70,37.50,37.50
Poland,POL,20200405,3.00,1,2.00,1,2.00,1,4.00,1,0.00,,2.00,1,2.00,1,4.00,1.00,0,1.00,0.00,0.00,2.00,1,1.00,0.00,0.00,0.00,,3627,79,81.48,81.48,82.14,82.14,64.74,64.74,69.70,69.70,37.50,37.50
Poland,POL,20200406,3.00,1,2.00,1,2.00,1,4.00,1,0.00,,2.00,1,2.00,1,4.00,1.00,0,1.00,0.00,0.00,2.00,1,1.00,0.00,0.00,0.00,,4102,94,81.48,81.48,82.14,82.14,64.74,64.74,69.70,69.70,37.50,37.50
Poland,POL,20200407,3.00,1,2.00,1,2.00,1,4.00,1,0.00,,2.00,1,2.00,1,4.00,1.00,0,1.00,4331191680.00,0.00,2.00,1,1.00,0.00,0.00,0.00,,4413,107,81.48,81.48,82.14,82.14,64.74,64.74,69.70,69.70,37.50,37.50
Poland,POL,20200408,3.00,1,2.00,1,2.00,1,4.00,1,0.00,,2.00,1,2.00,1,4.00,1.00,0,1.00,24062176000.00,0.00,2.00,1,1.00,0.00,0.00,0.00,,4848,129,81.48,81.48,82.14,82.14,64.74,64.74,69.70,69.70,37.50,37.50
Poland,POL,20200409,3.00,1,2.00,1,2.00,1,4.00,1,1.00,1,1.00,1,2.00,1,4.00,1.00,0,1.00,0.00,0.00,2.00,1,1.00,0.00,0.00,0.00,,5205,159,83.33,83.33,91.67,91.67,66.03,66.03,71.21,71.21,37.50,37.50
Poland,POL,20200410,3.00,1,2.00,1,2.00,1,4.00,1,1.00,1,1.00,1,2.00,1,4.00,1.00,0,1.00,0.00,0.00,2.00,1,1.00,0.00,0.00,0.00,,5575,174,83.33,83.33,91.67,91.67,66.03,66.03,71.21,71.21,37.50,37.50
Poland,POL,20200411,3.00,1,2.00,1,2.00,1,4.00,1,1.00,1,1.00,1,2.00,1,4.00,1.00,0,1.00,0.00,0.00,2.00,1,1.00,0.00,0.00,0.00,,5955,181,83.33,83.33,91.67,91.67,66.03,66.03,71.21,71.21,37.50,37.50
Poland,POL,20200412,3.00,1,2.00,1,2.00,1,4.00,1,1.00,1,1.00,1,2.00,1,4.00,1.00,0,1.00,0.00,0.00,2.00,1,1.00,0.00,0.00,0.00,,6356,208,83.33,83.33,91.67,91.67,66.03,66.03,71.21,71.21,37.50,37.50
Poland,POL,20200413,3.00,1,2.00,1,2.00,1,4.00,1,1.00,1,1.00,1,2.00,1,4.00,1.00,0,1.00,0.00,0.00,2.00,1,1.00,0.00,0.00,0.00,,6674,232,83.33,83.33,91.67,91.67,66.03,66.03,71.21,71.21,37.50,37.50
Poland,POL,20200414,3.00,1,2.00,1,2.00,1,4.00,1,1.00,1,1.00,1,2.00,1,4.00,1.00,0,1.00,0.00,0.00,2.00,1,1.00,0.00,0.00,0.00,,6934,245,83.33,83.33,91.67,91.67,66.03,66.03,71.21,71.21,37.50,37.50
Poland,POL,20200415,3.00,1,2.00,1,2.00,1,4.00,1,1.00,1,1.00,1,2.00,1,4.00,1.00,0,1.00,0.00,0.00,2.00,1,1.00,0.00,0.00,0.00,,7202,263,83.33,83.33,91.67,91.67,66.03,66.03,71.21,71.21,37.50,37.50
Poland,POL,20200416,3.00,1,2.00,1,2.00,1,4.00,1,1.00,1,1.00,1,2.00,1,4.00,1.00,0,1.00,0.00,0.00,2.00,1,1.00,0.00,0.00,0.00,,7582,286,83.33,83.33,91.67,91.67,66.03,66.03,71.21,71.21,37.50,37.50
Poland,POL,20200417,3.00,1,2.00,1,2.00,1,4.00,1,1.00,1,1.00,1,2.00,1,4.00,1.00,0,1.00,0.00,0.00,2.00,1,1.00,0.00,0.00,0.00,,7918,314,83.33,83.33,91.67,91.67,66.03,66.03,71.21,71.21,37.50,37.50
Poland,POL,20200418,3.00,1,2.00,1,2.00,1,4.00,1,1.00,1,1.00,1,2.00,1,4.00,1.00,0,1.00,0.00,0.00,2.00,1,1.00,0.00,0.00,0.00,,8379,332,83.33,83.33,91.67,91.67,66.03,66.03,71.21,71.21,37.50,37.50
Poland,POL,20200419,3.00,1,2.00,1,2.00,1,4.00,1,1.00,1,1.00,1,2.00,1,4.00,1.00,0,1.00,0.00,0.00,2.00,1,1.00,0.00,0.00,0.00,,8742,347,83.33,83.33,91.67,91.67,66.03,66.03,71.21,71.21,37.50,37.50
Poland,POL,20200420,3.00,1,2.00,1,2.00,1,4.00,1,1.00,1,1.00,1,2.00,1,4.00,1.00,0,1.00,0.00,0.00,2.00,1,1.00,0.00,0.00,0.00,,9287,360,83.33,83.33,91.67,91.67,66.03,66.03,71.21,71.21,37.50,37.50
Poland,POL,20200421,3.00,1,2.00,1,2.00,1,4.00,1,1.00,1,1.00,1,2.00,1,4.00,1.00,0,1.00,0.00,0.00,2.00,1,1.00,0.00,0.00,0.00,,9593,380,83.33,83.33,91.67,91.67,66.03,66.03,71.21,71.21,37.50,37.50
Poland,POL,20200422,3.00,1,2.00,1,2.00,1,4.00,1,1.00,1,1.00,1,2.00,1,4.00,1.00,0,1.00,0.00,0.00,2.00,1,1.00,0.00,0.00,0.00,,9856,401,83.33,83.33,91.67,91.67,66.03,66.03,71.21,71.21,37.50,37.50
Poland,POL,20200423,3.00,1,2.00,1,2.00,1,4.00,1,1.00,1,1.00,1,2.00,1,4.00,1.00,0,1.00,0.00,0.00,2.00,1,1.00,0.00,0.00,0.00,,10169,426,83.33,83.33,91.67,91.67,66.03,66.03,71.21,71.21,37.50,37.50
Poland,POL,20200424,3.00,1,2.00,1,2.00,1,4.00,1,1.00,1,1.00,1,2.00,1,4.00,1.00,0,1.00,0.00,0.00,2.00,1,1.00,0.00,0.00,0.00,,10511,454,83.33,83.33,91.67,91.67,66.03,66.03,71.21,71.21,37.50,37.50
Poland,POL,20200425,3.00,1,2.00,1,2.00,1,4.00,1,1.00,1,1.00,1,2.00,1,4.00,1.00,0,1.00,0.00,0.00,2.00,1,1.00,0.00,0.00,0.00,,10892,494,83.33,83.33,91.67,91.67,66.03,66.03,71.21,71.21,37.50,37.50
Poland,POL,20200426,3.00,1,2.00,1,2.00,1,4.00,1,1.00,1,1.00,1,2.00,1,4.00,1.00,0,1.00,0.00,0.00,2.00,1,1.00,0.00,0.00,0.00,,11273,524,83.33,83.33,91.67,91.67,66.03,66.03,71.21,71.21,37.50,37.50
Poland,POL,20200427,3.00,1,2.00,1,2.00,1,4.00,1,1.00,1,1.00,1,2.00,1,4.00,1.00,0,1.00,0.00,0.00,2.00,1,1.00,0.00,0.00,0.00,,11617,535,83.33,83.33,91.67,91.67,66.03,66.03,71.21,71.21,37.50,37.50
Poland,POL,20200428,3.00,1,2.00,1,2.00,1,4.00,1,1.00,1,1.00,1,2.00,1,4.00,1.00,0,1.00,0.00,0.00,2.00,1,1.00,0.00,0.00,0.00,,11902,562,83.33,83.33,91.67,91.67,66.03,66.03,71.21,71.21,37.50,37.50
Poland,POL,20200429,3.00,1,2.00,1,2.00,1,4.00,1,1.00,1,1.00,1,2.00,1,4.00,1.00,0,1.00,0.00,0.00,2.00,1,1.00,0.00,0.00,0.00,,12218,596,83.33,83.33,91.67,91.67,66.03,66.03,71.21,71.21,37.50,37.50
Poland,POL,20200430,3.00,1,2.00,1,2.00,1,4.00,1,1.00,1,1.00,1,2.00,1,4.00,1.00,0,1.00,0.00,0.00,2.00,1,1.00,0.00,0.00,0.00,,12640,624,83.33,83.33,91.67,91.67,66.03,66.03,71.21,71.21,37.50,37.50
Poland,POL,20200501,3.00,1,2.00,1,2.00,1,4.00,1,1.00,1,1.00,1,2.00,1,4.00,1.00,0,1.00,0.00,0.00,2.00,1,1.00,0.00,0.00,0.00,,12877,644,83.33,83.33,91.67,91.67,66.03,66.03,71.21,71.21,37.50,37.50
Poland,POL,20200502,3.00,1,2.00,1,2.00,1,4.00,1,1.00,1,1.00,1,2.00,1,4.00,1.00,0,1.00,0.00,0.00,2.00,1,1.00,0.00,0.00,0.00,,13105,651,83.33,83.33,91.67,91.67,66.03,66.03,71.21,71.21,37.50,37.50
Poland,POL,20200503,3.00,1,2.00,1,2.00,1,4.00,1,1.00,1,1.00,1,2.00,1,4.00,1.00,0,1.00,0.00,0.00,2.00,1,1.00,0.00,0.00,0.00,,13375,664,83.33,83.33,91.67,91.67,66.03,66.03,71.21,71.21,37.50,37.50
Poland,POL,20200504,3.00,1,2.00,1,2.00,1,4.00,1,1.00,1,1.00,1,2.00,1,4.00,1.00,0,1.00,0.00,0.00,2.00,1,1.00,0.00,0.00,0.00,,13693,678,83.33,83.33,91.67,91.67,66.03,66.03,71.21,71.21,37.50,37.50
Poland,POL,20200505,3.00,1,2.00,1,2.00,1,4.00,1,1.00,1,1.00,1,2.00,1,4.00,1.00,0,1.00,118721500.00,0.00,2.00,1,1.00,0.00,0.00,0.00,,14006,698,83.33,83.33,91.67,91.67,66.03,66.03,71.21,71.21,37.50,37.50
Poland,POL,20200506,3.00,1,2.00,1,2.00,1,4.00,1,1.00,1,1.00,1,2.00,1,4.00,1.00,0,1.00,0.00,0.00,2.00,1,1.00,0.00,0.00,0.00,,14431,716,83.33,83.33,91.67,91.67,66.03,66.03,71.21,71.21,37.50,37.50
Poland,POL,20200507,3.00,1,2.00,1,2.00,1,4.00,1,1.00,1,1.00,1,2.00,1,4.00,1.00,0,1.00,0.00,0.00,2.00,1,1.00,0.00,0.00,0.00,,14740,733,83.33,83.33,91.67,91.67,66.03,66.03,71.21,71.21,37.50,37.50
Poland,POL,20200508,3.00,1,2.00,1,2.00,1,4.00,1,1.00,1,1.00,1,2.00,1,4.00,1.00,0,1.00,0.00,0.00,2.00,1,1.00,0.00,0.00,0.00,,15047,755,83.33,83.33,91.67,91.67,66.03,66.03,71.21,71.21,37.50,37.50
Poland,POL,20200509,3.00,1,2.00,1,2.00,1,4.00,1,1.00,1,1.00,1,2.00,1,4.00,1.00,0,1.00,0.00,0.00,2.00,1,1.00,0.00,0.00,0.00,,15366,776,83.33,83.33,91.67,91.67,66.03,66.03,71.21,71.21,37.50,37.50
Poland,POL,20200510,3.00,1,2.00,1,2.00,1,4.00,1,1.00,1,1.00,1,2.00,1,4.00,1.00,0,1.00,0.00,0.00,2.00,1,1.00,0.00,0.00,0.00,,15651,785,83.33,83.33,91.67,91.67,66.03,66.03,71.21,71.21,37.50,37.50
Poland,POL,20200511,3.00,1,2.00,1,2.00,1,4.00,1,1.00,1,1.00,1,2.00,1,4.00,1.00,0,1.00,0.00,0.00,2.00,1,1.00,0.00,0.00,0.00,,15996,800,83.33,83.33,91.67,91.67,66.03,66.03,71.21,71.21,37.50,37.50
Poland,POL,20200512,3.00,1,2.00,1,2.00,1,4.00,1,1.00,1,1.00,1,2.00,1,4.00,1.00,0,1.00,0.00,0.00,2.00,1,1.00,0.00,0.00,0.00,,16326,811,83.33,83.33,91.67,91.67,66.03,66.03,71.21,71.21,37.50,37.50
Poland,POL,20200513,3.00,1,2.00,1,2.00,1,4.00,1,1.00,1,1.00,1,2.00,1,4.00,1.00,0,1.00,0.00,0.00,2.00,1,1.00,0.00,0.00,0.00,,16921,839,83.33,83.33,91.67,91.67,66.03,66.03,71.21,71.21,37.50,37.50
Poland,POL,20200514,3.00,1,2.00,1,2.00,1,4.00,1,1.00,1,1.00,1,2.00,1,4.00,1.00,0,1.00,0.00,0.00,2.00,1,1.00,0.00,0.00,0.00,,17204,861,83.33,83.33,91.67,91.67,66.03,66.03,71.21,71.21,37.50,37.50
Poland,POL,20200515,3.00,1,2.00,1,2.00,1,4.00,1,1.00,1,1.00,1,2.00,1,4.00,1.00,0,1.00,0.00,0.00,2.00,1,1.00,0.00,0.00,0.00,,17615,883,83.33,83.33,91.67,91.67,66.03,66.03,71.21,71.21,37.50,37.50
Poland,POL,20200516,3.00,1,2.00,1,2.00,1,4.00,1,1.00,1,1.00,1,2.00,1,4.00,1.00,0,1.00,0.00,0.00,2.00,1,1.00,0.00,0.00,0.00,,18016,907,83.33,83.33,91.67,91.67,66.03,66.03,71.21,71.21,37.50,37.50
Poland,POL,20200517,3.00,1,2.00,1,2.00,1,4.00,1,1.00,1,1.00,1,2.00,1,4.00,1.00,0,1.00,0.00,0.00,2.00,1,1.00,0.00,0.00,0.00,,18257,915,83.33,83.33,91.67,91.67,66.03,66.03,71.21,71.21,37.50,37.50
Poland,POL,20200518,3.00,1,2.00,1,2.00,1,4.00,1,1.00,1,1.00,1,2.00,1,4.00,1.00,0,1.00,0.00,0.00,2.00,1,1.00,0.00,0.00,0.00,,18529,925,83.33,83.33,91.67,91.67,66.03,66.03,71.21,71.21,37.50,37.50
Poland,POL,20200519,3.00,1,2.00,1,2.00,1,4.00,1,1.00,1,1.00,1,2.00,1,4.00,1.00,0,1.00,0.00,0.00,2.00,1,1.00,0.00,0.00,0.00,,18885,936,83.33,83.33,91.67,91.67,66.03,66.03,71.21,71.21,37.50,37.50
Poland,POL,20200520,3.00,1,2.00,1,2.00,1,4.00,1,1.00,1,1.00,1,2.00,1,4.00,1.00,0,1.00,0.00,0.00,2.00,1,1.00,0.00,0.00,0.00,,19268,948,83.33,83.33,91.67,91.67,66.03,66.03,71.21,71.21,37.50,37.50
Poland,POL,20200521,3.00,1,2.00,1,2.00,1,4.00,1,1.00,1,1.00,1,2.00,1,4.00,1.00,0,1.00,0.00,0.00,2.00,1,1.00,0.00,0.00,0.00,,19739,962,83.33,83.33,91.67,91.67,66.03,66.03,71.21,71.21,37.50,37.50
Poland,POL,20200522,3.00,1,2.00,1,2.00,1,4.00,1,1.00,1,1.00,1,2.00,1,4.00,1.00,0,1.00,0.00,0.00,2.00,1,1.00,0.00,0.00,0.00,,20143,972,83.33,83.33,91.67,91.67,66.03,66.03,71.21,71.21,37.50,37.50
Poland,POL,20200523,3.00,1,2.00,1,2.00,1,4.00,1,1.00,1,1.00,1,2.00,1,4.00,1.00,0,1.00,0.00,0.00,2.00,1,1.00,0.00,0.00,0.00,,20619,982,83.33,83.33,91.67,91.67,66.03,66.03,71.21,71.21,37.50,37.50
Poland,POL,20200524,3.00,1,2.00,1,2.00,1,4.00,1,1.00,1,1.00,1,2.00,1,4.00,1.00,0,1.00,0.00,0.00,2.00,1,1.00,0.00,0.00,0.00,,20931,993,83.33,83.33,91.67,91.67,66.03,66.03,71.21,71.21,37.50,37.50
Poland,POL,20200525,2.00,1,2.00,1,2.00,1,4.00,1,1.00,1,1.00,1,2.00,1,4.00,1.00,0,1.00,0.00,0.00,2.00,1,1.00,0.00,0.00,0.00,,21326,996,79.63,79.63,88.10,88.10,63.46,63.46,68.18,68.18,37.50,37.50
Poland,POL,20200526,2.00,1,2.00,1,2.00,1,4.00,1,1.00,1,1.00,1,2.00,1,4.00,1.00,0,1.00,0.00,0.00,2.00,1,1.00,0.00,0.00,0.00,,21631,1007,79.63,79.63,88.10,88.10,63.46,63.46,68.18,68.18,37.50,37.50
Poland,POL,20200527,2.00,1,2.00,1,2.00,1,4.00,1,1.00,1,1.00,1,2.00,1,4.00,1.00,0,1.00,0.00,0.00,2.00,1,1.00,0.00,0.00,0.00,,22074,1024,79.63,79.63,88.10,88.10,63.46,63.46,68.18,68.18,37.50,37.50
Poland,POL,20200528,2.00,1,2.00,1,2.00,1,4.00,1,1.00,1,1.00,1,2.00,1,4.00,1.00,0,1.00,0.00,0.00,2.00,1,1.00,0.00,0.00,0.00,,22473,1028,79.63,79.63,88.10,88.10,63.46,63.46,68.18,68.18,37.50,37.50
Poland,POL,20200529,2.00,1,2.00,1,2.00,1,4.00,1,1.00,1,1.00,1,2.00,1,4.00,1.00,0,1.00,0.00,0.00,2.00,1,1.00,0.00,0.00,0.00,,22825,1038,79.63,79.63,88.10,88.10,63.46,63.46,68.18,68.18,37.50,37.50
Poland,POL,20200530,2.00,1,2.00,1,1.00,1,2.00,1,1.00,1,0.00,,2.00,1,4.00,1.00,0,1.00,0.00,0.00,2.00,1,1.00,0.00,0.00,0.00,,23155,1051,64.81,64.81,83.33,83.33,53.21,53.21,56.06,56.06,37.50,37.50
Poland,POL,20200531,2.00,1,2.00,1,1.00,1,2.00,1,1.00,1,0.00,,2.00,1,4.00,1.00,0,1.00,0.00,0.00,2.00,1,1.00,0.00,0.00,0.00,,23571,1061,64.81,64.81,83.33,83.33,53.21,53.21,56.06,56.06,37.50,37.50
Poland,POL,20200601,2.00,1,2.00,1,1.00,1,2.00,1,1.00,1,0.00,,2.00,1,4.00,1.00,0,1.00,0.00,0.00,2.00,1,1.00,0.00,0.00,0.00,,23786,1064,64.81,64.81,83.33,83.33,53.21,53.21,56.06,56.06,37.50,37.50
Poland,POL,20200602,2.00,1,2.00,1,1.00,1,2.00,1,1.00,1,0.00,,0.00,,4.00,1.00,0,1.00,0.00,0.00,2.00,1,2.00,2.00,0.00,0.00,,24165,1074,53.70,53.70,69.05,69.05,55.77,55.77,59.09,59.09,37.50,37.50
Poland,POL,20200603,2.00,1,2.00,1,1.00,1,2.00,1,1.00,1,0.00,,0.00,,4.00,1.00,0,1.00,0.00,0.00,2.00,1,2.00,2.00,0.00,0.00,,24395,1092,53.70,53.70,69.05,69.05,55.77,55.77,59.09,59.09,37.50,37.50
Poland,POL,20200604,2.00,1,2.00,1,1.00,1,2.00,1,1.00,1,0.00,,0.00,,4.00,1.00,0,1.00,0.00,0.00,2.00,1,2.00,2.00,0.00,0.00,,24395,1092,53.70,53.70,69.05,69.05,55.77,55.77,59.09,59.09,37.50,37.50
Poland,POL,20200605,2.00,1,2.00,1,1.00,1,2.00,1,1.00,1,0.00,,0.00,,4.00,1.00,0,1.00,0.00,0.00,2.00,1,2.00,2.00,0.00,0.00,,25048,1117,53.70,53.70,69.05,69.05,55.77,55.77,59.09,59.09,37.50,37.50
Poland,POL,20200606,2.00,1,2.00,1,1.00,1,2.00,1,1.00,1,0.00,,0.00,,4.00,1.00,0,1.00,0.00,0.00,2.00,1,2.00,2.00,0.00,0.00,,25419,1137,53.70,53.70,69.05,69.05,55.77,55.77,59.09,59.09,37.50,37.50
Poland,POL,20200607,2.00,1,2.00,1,1.00,1,2.00,1,1.00,1,0.00,,0.00,,4.00,1.00,0,1.00,0.00,0.00,2.00,1,2.00,2.00,0.00,0.00,,25986,1153,53.70,53.70,69.05,69.05,55.77,55.77,59.09,59.09,37.50,37.50
Poland,POL,20200608,2.00,1,2.00,1,1.00,1,2.00,1,1.00,1,0.00,,0.00,,4.00,1.00,0,1.00,0.00,0.00,2.00,1,2.00,2.00,0.00,0.00,,26561,1157,53.70,53.70,69.05,69.05,55.77,55.77,59.09,59.09,37.50,37.50
Poland,POL,20200609,2.00,1,2.00,1,1.00,1,2.00,1,1.00,1,0.00,,0.00,,4.00,1.00,0,1.00,0.00,0.00,2.00,1,2.00,2.00,0.00,0.00,,27160,1166,53.70,53.70,69.05,69.05,55.77,55.77,59.09,59.09,37.50,37.50
Poland,POL,20200610,2.00,1,2.00,1,1.00,1,2.00,1,1.00,1,0.00,,0.00,,4.00,1.00,0,1.00,0.00,0.00,2.00,1,2.00,2.00,0.00,0.00,,27560,1183,53.70,53.70,69.05,69.05,55.77,55.77,59.09,59.09,37.50,37.50
Poland,POL,20200611,2.00,1,2.00,1,1.00,1,2.00,1,1.00,1,0.00,,0.00,,4.00,1.00,0,1.00,0.00,0.00,2.00,1,2.00,2.00,0.00,0.00,,27757,1206,53.70,53.70,69.05,69.05,55.77,55.77,59.09,59.09,37.50,37.50
Poland,POL,20200612,2.00,1,2.00,1,1.00,1,2.00,1,1.00,1,0.00,,0.00,,4.00,1.00,0,1.00,0.00,0.00,2.00,1,2.00,2.00,0.00,0.00,,28201,1215,53.70,53.70,69.05,69.05,55.77,55.77,59.09,59.09,37.50,37.50
Poland,POL,20200613,2.00,1,2.00,1,1.00,1,2.00,1,1.00,1,0.00,,0.00,,4.00,1.00,0,1.00,0.00,0.00,2.00,1,2.00,2.00,0.00,0.00,,28577,1222,53.70,53.70,69.05,69.05,55.77,55.77,59.09,59.09,37.50,37.50
Poland,POL,20200614,2.00,1,2.00,1,1.00,1,2.00,1,1.00,1,0.00,,0.00,,4.00,1.00,0,1.00,0.00,0.00,2.00,1,2.00,2.00,0.00,0.00,,29017,1237,53.70,53.70,69.05,69.05,55.77,55.77,59.09,59.09,37.50,37.50
Poland,POL,20200615,2.00,1,2.00,1,1.00,1,2.00,1,1.00,1,0.00,,0.00,,3.00,1.00,0,1.00,0.00,0.00,2.00,1,2.00,2.00,0.00,0.00,,29392,1247,50.93,50.93,65.48,65.48,53.85,53.85,56.82,56.82,37.50,37.50
Poland,POL,20200616,2.00,1,2.00,1,1.00,1,2.00,1,1.00,1,0.00,,0.00,,3.00,1.00,0,1.00,0.00,0.00,2.00,1,2.00,2.00,0.00,0.00,,29788,1256,50.93,50.93,65.48,65.48,53.85,53.85,56.82,56.82,37.50,37.50
Poland,POL,20200617,2.00,1,2.00,1,1.00,1,2.00,1,1.00,1,0.00,,0.00,,3.00,1.00,0,1.00,0.00,0.00,2.00,1,2.00,2.00,0.00,0.00,,30195,1272,50.93,50.93,65.48,65.48,53.85,53.85,56.82,56.82,37.50,37.50
Poland,POL,20200618,2.00,1,2.00,1,1.00,1,2.00,1,1.00,1,0.00,,0.00,,3.00,1.00,0,1.00,0.00,0.00,2.00,1,2.00,2.00,0.00,0.00,,30701,1286,50.93,50.93,65.48,65.48,53.85,53.85,56.82,56.82,37.50,37.50
Poland,POL,20200619,2.00,1,2.00,1,1.00,1,2.00,1,1.00,1,0.00,,0.00,,3.00,1.00,0,1.00,0.00,0.00,2.00,1,2.00,2.00,0.00,0.00,,31015,1316,50.93,50.93,65.48,65.48,53.85,53.85,56.82,56.82,37.50,37.50
Poland,POL,20200620,2.00,1,2.00,1,1.00,1,2.00,1,1.00,1,0.00,,0.00,,3.00,1.00,0,1.00,0.00,0.00,2.00,1,2.00,2.00,0.00,0.00,,31316,1334,50.93,50.93,65.48,65.48,53.85,53.85,56.82,56.82,37.50,37.50
Poland,POL,20200621,2.00,1,2.00,1,1.00,1,2.00,1,1.00,1,0.00,,0.00,,3.00,1.00,0,1.00,0.00,0.00,2.00,1,2.00,2.00,0.00,0.00,,31620,1346,50.93,50.93,65.48,65.48,53.85,53.85,56.82,56.82,37.50,37.50
Poland,POL,20200622,2.00,1,2.00,1,1.00,1,2.00,1,1.00,1,0.00,,0.00,,3.00,1.00,0,1.00,0.00,0.00,2.00,1,2.00,2.00,0.00,507361020.00,,31931,1356,50.93,50.93,65.48,65.48,53.85,53.85,56.82,56.82,37.50,37.50
Poland,POL,20200623,2.00,1,2.00,1,1.00,1,2.00,1,1.00,1,0.00,,0.00,,3.00,1.00,0,1.00,0.00,0.00,2.00,1,2.00,2.00,0.00,0.00,,32227,1359,50.93,50.93,65.48,65.48,53.85,53.85,56.82,56.82,37.50,37.50
