Puerto Rico,PRI,20200101,0.00,,0.00,,0.00,,0.00,,0.00,,0.00,,0.00,,0.00,0.00,,0.00,0.00,0.00,0.00,,0.00,0.00,0.00,0.00,,,,0.00,0.00,0.00,0.00,0.00,0.00,0.00,0.00,0.00,0.00
Puerto Rico,PRI,20200102,0.00,,0.00,,0.00,,0.00,,0.00,,0.00,,0.00,,0.00,0.00,,0.00,0.00,0.00,0.00,,0.00,0.00,0.00,0.00,,,,0.00,0.00,0.00,0.00,0.00,0.00,0.00,0.00,0.00,0.00
Puerto Rico,PRI,20200103,0.00,,0.00,,0.00,,0.00,,0.00,,0.00,,0.00,,0.00,0.00,,0.00,0.00,0.00,0.00,,0.00,0.00,0.00,0.00,,,,0.00,0.00,0.00,0.00,0.00,0.00,0.00,0.00,0.00,0.00
Puerto Rico,PRI,20200104,0.00,,0.00,,0.00,,0.00,,0.00,,0.00,,0.00,,0.00,0.00,,0.00,0.00,0.00,0.00,,0.00,0.00,0.00,0.00,,,,0.00,0.00,0.00,0.00,0.00,0.00,0.00,0.00,0.00,0.00
Puerto Rico,PRI,20200105,0.00,,0.00,,0.00,,0.00,,0.00,,0.00,,0.00,,0.00,0.00,,0.00,0.00,0.00,0.00,,0.00,0.00,0.00,0.00,,,,0.00,0.00,0.00,0.00,0.00,0.00,0.00,0.00,0.00,0.00
Puerto Rico,PRI,20200106,0.00,,0.00,,0.00,,0.00,,0.00,,0.00,,0.00,,0.00,0.00,,0.00,0.00,0.00,0.00,,0.00,0.00,0.00,0.00,,,,0.00,0.00,0.00,0.00,0.00,0.00,0.00,0.00,0.00,0.00
Puerto Rico,PRI,20200107,0.00,,0.00,,0.00,,0.00,,0.00,,0.00,,0.00,,0.00,0.00,,0.00,0.00,0.00,0.00,,0.00,0.00,0.00,0.00,,,,0.00,0.00,0.00,0.00,0.00,0.00,0.00,0.00,0.00,0.00
Puerto Rico,PRI,20200108,0.00,,0.00,,0.00,,0.00,,0.00,,0.00,,0.00,,0.00,0.00,,0.00,0.00,0.00,0.00,,0.00,0.00,0.00,0.00,,,,0.00,0.00,0.00,0.00,0.00,0.00,0.00,0.00,0.00,0.00
Puerto Rico,PRI,20200109,0.00,,0.00,,0.00,,0.00,,0.00,,0.00,,0.00,,0.00,0.00,,0.00,0.00,0.00,0.00,,0.00,0.00,0.00,0.00,,,,0.00,0.00,0.00,0.00,0.00,0.00,0.00,0.00,0.00,0.00
Puerto Rico,PRI,20200110,0.00,,0.00,,0.00,,0.00,,0.00,,0.00,,0.00,,0.00,0.00,,0.00,0.00,0.00,0.00,,0.00,0.00,0.00,0.00,,,,0.00,0.00,0.00,0.00,0.00,0.00,0.00,0.00,0.00,0.00
Puerto Rico,PRI,20200111,0.00,,0.00,,0.00,,0.00,,0.00,,0.00,,0.00,,0.00,0.00,,0.00,0.00,0.00,0.00,,0.00,0.00,0.00,0.00,,,,0.00,0.00,0.00,0.00,0.00,0.00,0.00,0.00,0.00,0.00
Puerto Rico,PRI,20200112,0.00,,0.00,,0.00,,0.00,,0.00,,0.00,,0.00,,0.00,0.00,,0.00,0.00,0.00,0.00,,0.00,0.00,0.00,0.00,,,,0.00,0.00,0.00,0.00,0.00,0.00,0.00,0.00,0.00,0.00
Puerto Rico,PRI,20200113,0.00,,0.00,,0.00,,0.00,,0.00,,0.00,,0.00,,0.00,0.00,,0.00,0.00,0.00,0.00,,0.00,0.00,0.00,0.00,,,,0.00,0.00,0.00,0.00,0.00,0.00,0.00,0.00,0.00,0.00
Puerto Rico,PRI,20200114,0.00,,0.00,,0.00,,0.00,,0.00,,0.00,,0.00,,0.00,0.00,,0.00,0.00,0.00,0.00,,0.00,0.00,0.00,0.00,,,,0.00,0.00,0.00,0.00,0.00,0.00,0.00,0.00,0.00,0.00
Puerto Rico,PRI,20200115,0.00,,0.00,,0.00,,0.00,,0.00,,0.00,,0.00,,0.00,0.00,,0.00,0.00,0.00,0.00,,0.00,0.00,0.00,0.00,,,,0.00,0.00,0.00,0.00,0.00,0.00,0.00,0.00,0.00,0.00
Puerto Rico,PRI,20200116,0.00,,0.00,,0.00,,0.00,,0.00,,0.00,,0.00,,0.00,0.00,,0.00,0.00,0.00,0.00,,0.00,0.00,0.00,0.00,,,,0.00,0.00,0.00,0.00,0.00,0.00,0.00,0.00,0.00,0.00
Puerto Rico,PRI,20200117,0.00,,0.00,,0.00,,0.00,,0.00,,0.00,,0.00,,0.00,0.00,,0.00,0.00,0.00,0.00,,0.00,0.00,0.00,0.00,,,,0.00,0.00,0.00,0.00,0.00,0.00,0.00,0.00,0.00,0.00
Puerto Rico,PRI,20200118,0.00,,0.00,,0.00,,0.00,,0.00,,0.00,,0.00,,0.00,0.00,,0.00,0.00,0.00,0.00,,0.00,0.00,0.00,0.00,,,,0.00,0.00,0.00,0.00,0.00,0.00,0.00,0.00,0.00,0.00
Puerto Rico,PRI,20200119,0.00,,0.00,,0.00,,0.00,,0.00,,0.00,,0.00,,0.00,0.00,,0.00,0.00,0.00,0.00,,0.00,0.00,0.00,0.00,,,,0.00,0.00,0.00,0.00,0.00,0.00,0.00,0.00,0.00,0.00
Puerto Rico,PRI,20200120,0.00,,0.00,,0.00,,0.00,,0.00,,0.00,,0.00,,0.00,0.00,,0.00,0.00,0.00,0.00,,0.00,0.00,0.00,0.00,,,,0.00,0.00,0.00,0.00,0.00,0.00,0.00,0.00,0.00,0.00
Puerto Rico,PRI,20200121,0.00,,0.00,,0.00,,0.00,,0.00,,0.00,,0.00,,0.00,0.00,,0.00,0.00,0.00,0.00,,0.00,0.00,0.00,0.00,,,,0.00,0.00,0.00,0.00,0.00,0.00,0.00,0.00,0.00,0.00
Puerto Rico,PRI,20200122,0.00,,0.00,,0.00,,0.00,,0.00,,0.00,,0.00,,0.00,0.00,,0.00,0.00,0.00,0.00,,0.00,0.00,0.00,0.00,,,,0.00,0.00,0.00,0.00,0.00,0.00,0.00,0.00,0.00,0.00
Puerto Rico,PRI,20200123,0.00,,0.00,,0.00,,0.00,,0.00,,0.00,,0.00,,0.00,0.00,,0.00,0.00,0.00,0.00,,0.00,0.00,0.00,0.00,,,,0.00,0.00,0.00,0.00,0.00,0.00,0.00,0.00,0.00,0.00
Puerto Rico,PRI,20200124,0.00,,0.00,,0.00,,0.00,,0.00,,0.00,,0.00,,0.00,0.00,,0.00,0.00,0.00,0.00,,0.00,0.00,0.00,0.00,,,,0.00,0.00,0.00,0.00,0.00,0.00,0.00,0.00,0.00,0.00
Puerto Rico,PRI,20200125,0.00,,0.00,,0.00,,0.00,,0.00,,0.00,,0.00,,0.00,0.00,,0.00,0.00,0.00,0.00,,0.00,0.00,0.00,0.00,,,,0.00,0.00,0.00,0.00,0.00,0.00,0.00,0.00,0.00,0.00
Puerto Rico,PRI,20200126,0.00,,0.00,,0.00,,0.00,,0.00,,0.00,,0.00,,0.00,0.00,,0.00,0.00,0.00,0.00,,0.00,0.00,0.00,0.00,,,,0.00,0.00,0.00,0.00,0.00,0.00,0.00,0.00,0.00,0.00
Puerto Rico,PRI,20200127,0.00,,0.00,,0.00,,0.00,,0.00,,0.00,,0.00,,0.00,0.00,,0.00,0.00,0.00,0.00,,0.00,0.00,0.00,0.00,,,,0.00,0.00,0.00,0.00,0.00,0.00,0.00,0.00,0.00,0.00
Puerto Rico,PRI,20200128,0.00,,0.00,,0.00,,0.00,,0.00,,0.00,,0.00,,0.00,0.00,,0.00,0.00,0.00,0.00,,0.00,0.00,0.00,0.00,,,,0.00,0.00,0.00,0.00,0.00,0.00,0.00,0.00,0.00,0.00
Puerto Rico,PRI,20200129,0.00,,0.00,,0.00,,0.00,,0.00,,0.00,,0.00,,0.00,0.00,,0.00,0.00,0.00,0.00,,0.00,0.00,0.00,0.00,,,,0.00,0.00,0.00,0.00,0.00,0.00,0.00,0.00,0.00,0.00
Puerto Rico,PRI,20200130,0.00,,0.00,,0.00,,0.00,,0.00,,0.00,,0.00,,1.00,0.00,,0.00,0.00,0.00,0.00,,0.00,0.00,0.00,0.00,,,,2.78,2.78,3.57,3.57,1.92,1.92,2.27,2.27,0.00,0.00
Puerto Rico,PRI,20200131,0.00,,0.00,,0.00,,0.00,,0.00,,0.00,,0.00,,1.00,0.00,,0.00,0.00,0.00,0.00,,0.00,0.00,0.00,0.00,,,,2.78,2.78,3.57,3.57,1.92,1.92,2.27,2.27,0.00,0.00
Puerto Rico,PRI,20200201,0.00,,0.00,,0.00,,0.00,,0.00,,0.00,,0.00,,1.00,0.00,,0.00,0.00,0.00,0.00,,0.00,0.00,0.00,0.00,,,,2.78,2.78,3.57,3.57,1.92,1.92,2.27,2.27,0.00,0.00
Puerto Rico,PRI,20200202,0.00,,0.00,,0.00,,0.00,,0.00,,0.00,,0.00,,1.00,0.00,,0.00,0.00,0.00,0.00,,0.00,0.00,0.00,0.00,,,,2.78,2.78,3.57,3.57,1.92,1.92,2.27,2.27,0.00,0.00
Puerto Rico,PRI,20200203,0.00,,0.00,,0.00,,0.00,,0.00,,0.00,,0.00,,1.00,0.00,,0.00,0.00,0.00,0.00,,0.00,0.00,0.00,0.00,,,,2.78,2.78,3.57,3.57,1.92,1.92,2.27,2.27,0.00,0.00
Puerto Rico,PRI,20200204,0.00,,0.00,,0.00,,0.00,,0.00,,0.00,,0.00,,1.00,0.00,,0.00,0.00,0.00,0.00,,0.00,0.00,0.00,0.00,,,,2.78,2.78,3.57,3.57,1.92,1.92,2.27,2.27,0.00,0.00
Puerto Rico,PRI,20200205,0.00,,0.00,,0.00,,0.00,,0.00,,0.00,,0.00,,1.00,0.00,,0.00,0.00,0.00,0.00,,0.00,0.00,0.00,0.00,,,,2.78,2.78,3.57,3.57,1.92,1.92,2.27,2.27,0.00,0.00
Puerto Rico,PRI,20200206,0.00,,0.00,,0.00,,0.00,,0.00,,0.00,,0.00,,1.00,0.00,,0.00,0.00,0.00,0.00,,0.00,0.00,0.00,0.00,,,,2.78,2.78,3.57,3.57,1.92,1.92,2.27,2.27,0.00,0.00
Puerto Rico,PRI,20200207,0.00,,0.00,,0.00,,0.00,,0.00,,0.00,,0.00,,1.00,0.00,,0.00,0.00,0.00,0.00,,0.00,0.00,0.00,0.00,,,,2.78,2.78,3.57,3.57,1.92,1.92,2.27,2.27,0.00,0.00
Puerto Rico,PRI,20200208,0.00,,0.00,,0.00,,0.00,,0.00,,0.00,,0.00,,1.00,0.00,,0.00,0.00,0.00,0.00,,0.00,0.00,0.00,0.00,,,,2.78,2.78,3.57,3.57,1.92,1.92,2.27,2.27,0.00,0.00
Puerto Rico,PRI,20200209,0.00,,0.00,,0.00,,0.00,,0.00,,0.00,,0.00,,1.00,0.00,,0.00,0.00,0.00,0.00,,0.00,0.00,0.00,0.00,,,,2.78,2.78,3.57,3.57,1.92,1.92,2.27,2.27,0.00,0.00
Puerto Rico,PRI,20200210,0.00,,0.00,,0.00,,0.00,,0.00,,0.00,,0.00,,1.00,0.00,,0.00,0.00,0.00,0.00,,0.00,0.00,0.00,0.00,,,,2.78,2.78,3.57,3.57,1.92,1.92,2.27,2.27,0.00,0.00
Puerto Rico,PRI,20200211,0.00,,0.00,,0.00,,0.00,,0.00,,0.00,,0.00,,1.00,0.00,,0.00,0.00,0.00,0.00,,0.00,0.00,0.00,0.00,,,,2.78,2.78,3.57,3.57,1.92,1.92,2.27,2.27,0.00,0.00
Puerto Rico,PRI,20200212,0.00,,0.00,,0.00,,0.00,,0.00,,0.00,,0.00,,1.00,0.00,,0.00,0.00,0.00,0.00,,0.00,0.00,0.00,0.00,,,,2.78,2.78,3.57,3.57,1.92,1.92,2.27,2.27,0.00,0.00
Puerto Rico,PRI,20200213,0.00,,0.00,,0.00,,0.00,,0.00,,0.00,,0.00,,1.00,0.00,,0.00,0.00,0.00,0.00,,0.00,0.00,0.00,0.00,,,,2.78,2.78,3.57,3.57,1.92,1.92,2.27,2.27,0.00,0.00
Puerto Rico,PRI,20200214,0.00,,0.00,,0.00,,0.00,,0.00,,0.00,,0.00,,1.00,0.00,,0.00,0.00,0.00,0.00,,0.00,0.00,0.00,0.00,,,,2.78,2.78,3.57,3.57,1.92,1.92,2.27,2.27,0.00,0.00
Puerto Rico,PRI,20200215,0.00,,0.00,,0.00,,0.00,,0.00,,0.00,,0.00,,1.00,0.00,,0.00,0.00,0.00,0.00,,0.00,0.00,0.00,0.00,,,,2.78,2.78,3.57,3.57,1.92,1.92,2.27,2.27,0.00,0.00
Puerto Rico,PRI,20200216,0.00,,0.00,,0.00,,0.00,,0.00,,0.00,,0.00,,1.00,0.00,,0.00,0.00,0.00,0.00,,0.00,0.00,0.00,0.00,,,,2.78,2.78,3.57,3.57,1.92,1.92,2.27,2.27,0.00,0.00
Puerto Rico,PRI,20200217,0.00,,0.00,,0.00,,0.00,,0.00,,0.00,,0.00,,1.00,0.00,,0.00,0.00,0.00,0.00,,0.00,0.00,0.00,0.00,,,,2.78,2.78,3.57,3.57,1.92,1.92,2.27,2.27,0.00,0.00
Puerto Rico,PRI,20200218,0.00,,0.00,,0.00,,0.00,,0.00,,0.00,,0.00,,1.00,0.00,,0.00,0.00,0.00,0.00,,0.00,0.00,0.00,0.00,,,,2.78,2.78,3.57,3.57,1.92,1.92,2.27,2.27,0.00,0.00
Puerto Rico,PRI,20200219,0.00,,0.00,,0.00,,0.00,,0.00,,0.00,,0.00,,1.00,0.00,,0.00,0.00,0.00,0.00,,0.00,0.00,0.00,0.00,,,,2.78,2.78,3.57,3.57,1.92,1.92,2.27,2.27,0.00,0.00
Puerto Rico,PRI,20200220,0.00,,0.00,,0.00,,0.00,,0.00,,0.00,,0.00,,1.00,0.00,,0.00,0.00,0.00,0.00,,0.00,0.00,0.00,0.00,,,,2.78,2.78,3.57,3.57,1.92,1.92,2.27,2.27,0.00,0.00
Puerto Rico,PRI,20200221,0.00,,0.00,,0.00,,0.00,,0.00,,0.00,,0.00,,1.00,0.00,,0.00,0.00,0.00,0.00,,0.00,0.00,0.00,0.00,,,,2.78,2.78,3.57,3.57,1.92,1.92,2.27,2.27,0.00,0.00
Puerto Rico,PRI,20200222,0.00,,0.00,,0.00,,0.00,,0.00,,0.00,,0.00,,1.00,0.00,,0.00,0.00,0.00,0.00,,0.00,0.00,0.00,0.00,,,,2.78,2.78,3.57,3.57,1.92,1.92,2.27,2.27,0.00,0.00
Puerto Rico,PRI,20200223,0.00,,0.00,,0.00,,0.00,,0.00,,0.00,,0.00,,1.00,0.00,,0.00,0.00,0.00,0.00,,0.00,0.00,0.00,0.00,,,,2.78,2.78,3.57,3.57,1.92,1.92,2.27,2.27,0.00,0.00
Puerto Rico,PRI,20200224,0.00,,0.00,,0.00,,0.00,,0.00,,0.00,,0.00,,1.00,0.00,,0.00,0.00,0.00,0.00,,0.00,0.00,0.00,0.00,,,,2.78,2.78,3.57,3.57,1.92,1.92,2.27,2.27,0.00,0.00
Puerto Rico,PRI,20200225,0.00,,0.00,,0.00,,0.00,,0.00,,0.00,,0.00,,1.00,0.00,,0.00,0.00,0.00,0.00,,0.00,0.00,0.00,0.00,,,,2.78,2.78,3.57,3.57,1.92,1.92,2.27,2.27,0.00,0.00
Puerto Rico,PRI,20200226,0.00,,0.00,,0.00,,0.00,,0.00,,0.00,,0.00,,1.00,0.00,,0.00,0.00,0.00,0.00,,0.00,0.00,0.00,0.00,,,,2.78,2.78,3.57,3.57,1.92,1.92,2.27,2.27,0.00,0.00
Puerto Rico,PRI,20200227,0.00,,0.00,,0.00,,0.00,,0.00,,0.00,,0.00,,1.00,0.00,,0.00,0.00,0.00,0.00,,0.00,0.00,0.00,0.00,,,,2.78,2.78,3.57,3.57,1.92,1.92,2.27,2.27,0.00,0.00
Puerto Rico,PRI,20200228,0.00,,0.00,,0.00,,0.00,,0.00,,0.00,,0.00,,1.00,0.00,,0.00,0.00,0.00,0.00,,1.00,1.00,0.00,0.00,,,,2.78,2.78,3.57,3.57,8.33,8.33,9.85,9.85,0.00,0.00
Puerto Rico,PRI,20200229,0.00,,0.00,,0.00,,0.00,,0.00,,0.00,,0.00,,1.00,0.00,,0.00,0.00,0.00,0.00,,1.00,1.00,0.00,0.00,,,,2.78,2.78,3.57,3.57,8.33,8.33,9.85,9.85,0.00,0.00
Puerto Rico,PRI,20200301,0.00,,0.00,,0.00,,0.00,,0.00,,0.00,,0.00,,1.00,0.00,,0.00,0.00,0.00,0.00,,1.00,1.00,0.00,0.00,,,,2.78,2.78,3.57,3.57,8.33,8.33,9.85,9.85,0.00,0.00
Puerto Rico,PRI,20200302,0.00,,0.00,,0.00,,0.00,,0.00,,0.00,,0.00,,1.00,0.00,,0.00,0.00,0.00,2.00,1,1.00,1.00,0.00,0.00,,,,13.89,13.89,17.86,17.86,16.03,16.03,18.94,18.94,0.00,0.00
Puerto Rico,PRI,20200303,0.00,,0.00,,0.00,,0.00,,0.00,,0.00,,0.00,,1.00,0.00,,0.00,0.00,0.00,2.00,1,1.00,1.00,0.00,0.00,,,,13.89,13.89,17.86,17.86,16.03,16.03,18.94,18.94,0.00,0.00
Puerto Rico,PRI,20200304,0.00,,0.00,,0.00,,0.00,,0.00,,0.00,,0.00,,1.00,0.00,,0.00,0.00,0.00,2.00,1,1.00,1.00,0.00,0.00,,,,13.89,13.89,17.86,17.86,16.03,16.03,18.94,18.94,0.00,0.00
Puerto Rico,PRI,20200305,0.00,,0.00,,0.00,,0.00,,0.00,,0.00,,0.00,,1.00,0.00,,0.00,0.00,0.00,2.00,1,1.00,1.00,0.00,0.00,,,,13.89,13.89,17.86,17.86,16.03,16.03,18.94,18.94,0.00,0.00
Puerto Rico,PRI,20200306,0.00,,0.00,,0.00,,0.00,,0.00,,0.00,,0.00,,1.00,0.00,,0.00,0.00,0.00,2.00,1,1.00,1.00,0.00,0.00,,,,13.89,13.89,17.86,17.86,16.03,16.03,18.94,18.94,0.00,0.00
Puerto Rico,PRI,20200307,0.00,,0.00,,0.00,,0.00,,0.00,,0.00,,0.00,,1.00,0.00,,0.00,0.00,0.00,2.00,1,1.00,1.00,0.00,0.00,,,,13.89,13.89,17.86,17.86,16.03,16.03,18.94,18.94,0.00,0.00
Puerto Rico,PRI,20200308,0.00,,0.00,,0.00,,0.00,,0.00,,0.00,,0.00,,1.00,0.00,,0.00,0.00,0.00,2.00,1,1.00,1.00,0.00,0.00,,,,13.89,13.89,17.86,17.86,16.03,16.03,18.94,18.94,0.00,0.00
Puerto Rico,PRI,20200309,0.00,,0.00,,0.00,,0.00,,0.00,,0.00,,0.00,,1.00,0.00,,0.00,0.00,0.00,2.00,1,1.00,1.00,0.00,0.00,,,,13.89,13.89,17.86,17.86,16.03,16.03,18.94,18.94,0.00,0.00
Puerto Rico,PRI,20200310,0.00,,0.00,,0.00,,0.00,,0.00,,0.00,,0.00,,1.00,0.00,,0.00,0.00,0.00,2.00,1,1.00,1.00,0.00,0.00,,,,13.89,13.89,17.86,17.86,16.03,16.03,18.94,18.94,0.00,0.00
Puerto Rico,PRI,20200311,0.00,,0.00,,0.00,,0.00,,0.00,,0.00,,0.00,,1.00,0.00,,0.00,0.00,0.00,2.00,1,1.00,1.00,0.00,0.00,,,,13.89,13.89,17.86,17.86,16.03,16.03,18.94,18.94,0.00,0.00
Puerto Rico,PRI,20200312,0.00,,1.00,1,0.00,,0.00,,0.00,,0.00,,2.00,0,2.00,0.00,,0.00,0.00,0.00,2.00,1,1.00,1.00,0.00,0.00,,,,28.70,28.70,38.10,38.10,26.28,26.28,31.06,31.06,0.00,0.00
Puerto Rico,PRI,20200313,0.00,,1.00,1,2.00,1,0.00,,0.00,,0.00,,2.00,0,2.00,0.00,,0.00,0.00,0.00,2.00,1,1.00,1.00,0.00,0.00,,,,39.81,39.81,52.38,52.38,33.97,33.97,40.15,40.15,0.00,0.00
Puerto Rico,PRI,20200314,3.00,1,1.00,1,2.00,1,0.00,,0.00,,0.00,,2.00,0,2.00,0.00,,0.00,0.00,0.00,2.00,1,1.00,1.00,0.00,0.00,,,,50.93,50.93,66.67,66.67,41.67,41.67,49.24,49.24,0.00,0.00
Puerto Rico,PRI,20200315,3.00,1,3.00,1,2.00,1,4.00,1,2.00,1,2.00,1,2.00,1,3.00,0.00,,0.00,0.00,0.00,2.00,1,1.00,1.00,0.00,0.00,,,,93.52,93.52,96.43,96.43,71.15,71.15,84.09,84.09,0.00,0.00
Puerto Rico,PRI,20200316,3.00,1,3.00,1,2.00,1,4.00,1,2.00,1,2.00,1,2.00,1,3.00,0.00,,2.00,0.00,0.00,2.00,1,1.00,1.00,0.00,0.00,,,,93.52,93.52,96.43,96.43,78.85,78.85,84.09,84.09,50.00,50.00
Puerto Rico,PRI,20200317,3.00,1,3.00,1,2.00,1,4.00,1,2.00,1,2.00,1,2.00,1,3.00,0.00,,2.00,0.00,0.00,2.00,1,1.00,1.00,0.00,0.00,,,,93.52,93.52,96.43,96.43,78.85,78.85,84.09,84.09,50.00,50.00
Puerto Rico,PRI,20200318,3.00,1,3.00,1,2.00,1,4.00,1,2.00,1,2.00,1,2.00,1,3.00,0.00,,2.00,0.00,0.00,2.00,1,1.00,1.00,0.00,0.00,,,,93.52,93.52,96.43,96.43,78.85,78.85,84.09,84.09,50.00,50.00
Puerto Rico,PRI,20200319,3.00,1,3.00,1,2.00,1,4.00,1,2.00,1,2.00,1,2.00,1,3.00,0.00,,2.00,0.00,0.00,2.00,1,1.00,1.00,0.00,0.00,,,,93.52,93.52,96.43,96.43,78.85,78.85,84.09,84.09,50.00,50.00
Puerto Rico,PRI,20200320,3.00,1,3.00,1,2.00,1,4.00,1,2.00,1,2.00,1,2.00,1,3.00,0.00,,2.00,0.00,0.00,2.00,1,1.00,1.00,0.00,0.00,,,,93.52,93.52,96.43,96.43,78.85,78.85,84.09,84.09,50.00,50.00
Puerto Rico,PRI,20200321,3.00,1,3.00,1,2.00,1,4.00,1,2.00,1,2.00,1,2.00,1,3.00,0.00,,2.00,0.00,0.00,2.00,1,1.00,1.00,0.00,0.00,,,,93.52,93.52,96.43,96.43,78.85,78.85,84.09,84.09,50.00,50.00
Puerto Rico,PRI,20200322,3.00,1,3.00,1,2.00,1,4.00,1,2.00,1,2.00,1,2.00,1,3.00,0.00,,2.00,0.00,0.00,2.00,1,1.00,1.00,0.00,0.00,,,,93.52,93.52,96.43,96.43,78.85,78.85,84.09,84.09,50.00,50.00
Puerto Rico,PRI,20200323,3.00,1,3.00,1,2.00,1,4.00,1,2.00,1,2.00,1,2.00,1,3.00,0.00,,2.00,160000000.00,0.00,2.00,1,1.00,1.00,0.00,0.00,,,,93.52,93.52,96.43,96.43,78.85,78.85,84.09,84.09,50.00,50.00
Puerto Rico,PRI,20200324,3.00,1,3.00,1,2.00,1,4.00,1,2.00,1,2.00,1,2.00,1,3.00,0.00,,2.00,0.00,0.00,2.00,1,1.00,1.00,0.00,0.00,,,,93.52,93.52,96.43,96.43,78.85,78.85,84.09,84.09,50.00,50.00
Puerto Rico,PRI,20200325,3.00,1,3.00,1,2.00,1,4.00,1,2.00,1,2.00,1,2.00,1,3.00,0.00,,2.00,0.00,0.00,2.00,1,1.00,1.00,0.00,0.00,,,,93.52,93.52,96.43,96.43,78.85,78.85,84.09,84.09,50.00,50.00
Puerto Rico,PRI,20200326,3.00,1,3.00,1,2.00,1,4.00,1,2.00,1,2.00,1,2.00,1,3.00,0.00,,2.00,0.00,0.00,2.00,1,1.00,1.00,0.00,0.00,,,,93.52,93.52,96.43,96.43,78.85,78.85,84.09,84.09,50.00,50.00
Puerto Rico,PRI,20200327,3.00,1,3.00,1,2.00,1,4.00,1,2.00,1,2.00,1,2.00,1,3.00,0.00,,2.00,0.00,0.00,2.00,1,1.00,1.00,0.00,0.00,,,,93.52,93.52,96.43,96.43,78.85,78.85,84.09,84.09,50.00,50.00
Puerto Rico,PRI,20200328,3.00,1,3.00,1,2.00,1,4.00,1,2.00,1,2.00,1,2.00,1,3.00,0.00,,2.00,0.00,0.00,2.00,1,1.00,1.00,0.00,0.00,,64,2,93.52,93.52,96.43,96.43,78.85,78.85,84.09,84.09,50.00,50.00
Puerto Rico,PRI,20200329,3.00,1,3.00,1,2.00,1,4.00,1,2.00,1,2.00,1,2.00,1,3.00,0.00,,2.00,0.00,0.00,2.00,1,1.00,1.00,0.00,0.00,,100,3,93.52,93.52,96.43,96.43,78.85,78.85,84.09,84.09,50.00,50.00
Puerto Rico,PRI,20200330,3.00,1,3.00,1,2.00,1,4.00,1,2.00,1,2.00,1,2.00,1,3.00,0.00,,2.00,0.00,0.00,2.00,1,1.00,1.00,0.00,0.00,,127,5,93.52,93.52,96.43,96.43,78.85,78.85,84.09,84.09,50.00,50.00
Puerto Rico,PRI,20200331,3.00,1,3.00,1,2.00,1,4.00,1,2.00,1,2.00,1,2.00,1,3.00,0.00,,2.00,0.00,0.00,2.00,1,1.00,1.00,0.00,0.00,,174,6,93.52,93.52,96.43,96.43,78.85,78.85,84.09,84.09,50.00,50.00
Puerto Rico,PRI,20200401,3.00,1,3.00,1,2.00,1,4.00,1,2.00,1,2.00,1,2.00,1,3.00,0.00,,2.00,0.00,0.00,2.00,1,1.00,1.00,0.00,0.00,,239,8,93.52,93.52,96.43,96.43,78.85,78.85,84.09,84.09,50.00,50.00
Puerto Rico,PRI,20200402,3.00,1,3.00,1,2.00,1,4.00,1,2.00,1,2.00,1,2.00,1,3.00,0.00,,2.00,0.00,0.00,2.00,1,1.00,1.00,0.00,0.00,,286,11,93.52,93.52,96.43,96.43,78.85,78.85,84.09,84.09,50.00,50.00
Puerto Rico,PRI,20200403,3.00,1,3.00,1,2.00,1,4.00,1,2.00,1,2.00,1,2.00,1,3.00,0.00,,2.00,0.00,0.00,2.00,1,1.00,1.00,0.00,0.00,,316,12,93.52,93.52,96.43,96.43,78.85,78.85,84.09,84.09,50.00,50.00
Puerto Rico,PRI,20200404,3.00,1,3.00,1,2.00,1,4.00,1,2.00,1,2.00,1,2.00,1,3.00,0.00,,2.00,0.00,0.00,2.00,1,1.00,1.00,0.00,0.00,,378,15,93.52,93.52,96.43,96.43,78.85,78.85,84.09,84.09,50.00,50.00
Puerto Rico,PRI,20200405,3.00,1,3.00,1,2.00,1,4.00,1,2.00,1,2.00,1,2.00,1,3.00,0.00,,2.00,0.00,0.00,2.00,1,1.00,1.00,0.00,0.00,,452,18,93.52,93.52,96.43,96.43,78.85,78.85,84.09,84.09,50.00,50.00
Puerto Rico,PRI,20200406,3.00,1,3.00,1,2.00,1,4.00,1,2.00,1,2.00,1,2.00,1,3.00,0.00,,2.00,0.00,0.00,2.00,1,1.00,1.00,0.00,0.00,,475,20,93.52,93.52,96.43,96.43,78.85,78.85,84.09,84.09,50.00,50.00
Puerto Rico,PRI,20200407,3.00,1,3.00,1,2.00,1,4.00,1,2.00,1,2.00,1,2.00,1,3.00,0.00,,2.00,0.00,0.00,2.00,1,1.00,2.00,0.00,0.00,,513,21,93.52,93.52,96.43,96.43,82.69,82.69,88.64,88.64,50.00,50.00
Puerto Rico,PRI,20200408,3.00,1,3.00,1,2.00,1,4.00,1,2.00,1,2.00,1,2.00,1,3.00,0.00,,2.00,0.00,0.00,2.00,1,1.00,2.00,0.00,0.00,,573,23,93.52,93.52,96.43,96.43,82.69,82.69,88.64,88.64,50.00,50.00
Puerto Rico,PRI,20200409,3.00,1,3.00,1,2.00,1,4.00,1,2.00,1,2.00,1,2.00,1,3.00,0.00,,2.00,0.00,0.00,2.00,1,1.00,2.00,18431090.00,0.00,,620,24,93.52,93.52,96.43,96.43,82.69,82.69,88.64,88.64,50.00,50.00
Puerto Rico,PRI,20200410,3.00,1,3.00,1,2.00,1,4.00,1,2.00,1,2.00,1,2.00,1,3.00,0.00,,2.00,0.00,0.00,2.00,1,1.00,2.00,0.00,0.00,,683,33,93.52,93.52,96.43,96.43,82.69,82.69,88.64,88.64,50.00,50.00
Puerto Rico,PRI,20200411,3.00,1,3.00,1,2.00,1,4.00,1,2.00,1,2.00,1,2.00,1,3.00,0.00,,2.00,0.00,0.00,2.00,1,1.00,2.00,0.00,0.00,,725,39,93.52,93.52,96.43,96.43,82.69,82.69,88.64,88.64,50.00,50.00
Puerto Rico,PRI,20200412,3.00,1,3.00,1,2.00,1,4.00,1,2.00,1,2.00,1,2.00,1,3.00,0.00,,2.00,0.00,0.00,2.00,1,1.00,2.00,0.00,0.00,,788,42,93.52,93.52,96.43,96.43,82.69,82.69,88.64,88.64,50.00,50.00
Puerto Rico,PRI,20200413,3.00,1,3.00,1,2.00,1,4.00,1,2.00,1,2.00,1,2.00,1,3.00,0.00,,2.00,0.00,0.00,2.00,1,1.00,2.00,0.00,0.00,,897,44,93.52,93.52,96.43,96.43,82.69,82.69,88.64,88.64,50.00,50.00
Puerto Rico,PRI,20200414,3.00,1,3.00,1,2.00,1,4.00,1,2.00,1,2.00,1,2.00,1,3.00,0.00,,2.00,0.00,0.00,2.00,1,1.00,2.00,0.00,0.00,,903,45,93.52,93.52,96.43,96.43,82.69,82.69,88.64,88.64,50.00,50.00
Puerto Rico,PRI,20200415,3.00,1,3.00,1,2.00,1,4.00,1,2.00,1,3.00,1,2.00,1,3.00,0.00,,2.00,0.00,0.00,2.00,1,1.00,2.00,0.00,0.00,,923,45,97.22,97.22,96.43,96.43,85.26,85.26,91.67,91.67,50.00,50.00
Puerto Rico,PRI,20200416,3.00,1,3.00,1,2.00,1,4.00,1,2.00,1,3.00,1,2.00,1,3.00,0.00,,2.00,0.00,0.00,2.00,1,1.00,2.00,0.00,0.00,,974,51,97.22,97.22,96.43,96.43,85.26,85.26,91.67,91.67,50.00,50.00
Puerto Rico,PRI,20200417,3.00,1,3.00,1,2.00,1,4.00,1,2.00,1,3.00,1,2.00,1,3.00,0.00,,2.00,0.00,0.00,2.00,1,1.00,2.00,500000.00,0.00,,1043,56,97.22,97.22,96.43,96.43,85.26,85.26,91.67,91.67,50.00,50.00
Puerto Rico,PRI,20200418,3.00,1,3.00,1,2.00,1,4.00,1,2.00,1,3.00,1,2.00,1,3.00,0.00,,2.00,0.00,0.00,2.00,1,1.00,2.00,0.00,0.00,,1068,58,97.22,97.22,96.43,96.43,85.26,85.26,91.67,91.67,50.00,50.00
Puerto Rico,PRI,20200419,3.00,1,3.00,1,2.00,1,4.00,1,2.00,1,3.00,1,2.00,1,3.00,0.00,,2.00,0.00,0.00,2.00,1,1.00,2.00,0.00,0.00,,1118,60,97.22,97.22,96.43,96.43,85.26,85.26,91.67,91.67,50.00,50.00
Puerto Rico,PRI,20200420,3.00,1,3.00,1,2.00,1,4.00,1,2.00,1,3.00,1,2.00,1,3.00,0.00,,2.00,0.00,0.00,2.00,1,1.00,2.00,0.00,0.00,,1213,62,97.22,97.22,96.43,96.43,85.26,85.26,91.67,91.67,50.00,50.00
Puerto Rico,PRI,20200421,3.00,1,3.00,1,2.00,1,4.00,1,2.00,1,3.00,1,2.00,1,3.00,0.00,,2.00,0.00,0.00,2.00,1,1.00,2.00,0.00,0.00,,1252,63,97.22,97.22,96.43,96.43,85.26,85.26,91.67,91.67,50.00,50.00
Puerto Rico,PRI,20200422,3.00,1,3.00,1,2.00,1,4.00,1,2.00,1,3.00,1,2.00,1,3.00,0.00,,2.00,0.00,0.00,2.00,1,1.00,2.00,0.00,0.00,,1252,63,97.22,97.22,96.43,96.43,85.26,85.26,91.67,91.67,50.00,50.00
Puerto Rico,PRI,20200423,3.00,1,3.00,1,2.00,1,4.00,1,2.00,1,3.00,1,2.00,1,3.00,0.00,,2.00,0.00,0.00,2.00,1,1.00,2.00,0.00,0.00,,1252,64,97.22,97.22,96.43,96.43,85.26,85.26,91.67,91.67,50.00,50.00
Puerto Rico,PRI,20200424,3.00,1,3.00,1,2.00,1,4.00,1,2.00,1,3.00,1,2.00,1,3.00,0.00,,2.00,0.00,0.00,2.00,1,1.00,2.00,0.00,0.00,,1252,69,97.22,97.22,96.43,96.43,85.26,85.26,91.67,91.67,50.00,50.00
Puerto Rico,PRI,20200425,3.00,1,3.00,1,2.00,1,4.00,1,2.00,1,3.00,1,2.00,1,3.00,0.00,,2.00,0.00,0.00,2.00,1,1.00,2.00,0.00,0.00,,1276,77,97.22,97.22,96.43,96.43,85.26,85.26,91.67,91.67,50.00,50.00
Puerto Rico,PRI,20200426,3.00,1,3.00,1,2.00,1,4.00,1,2.00,1,3.00,1,2.00,1,3.00,0.00,,2.00,0.00,0.00,2.00,1,1.00,2.00,0.00,0.00,,1307,83,97.22,97.22,96.43,96.43,85.26,85.26,91.67,91.67,50.00,50.00
Puerto Rico,PRI,20200427,3.00,1,3.00,1,2.00,1,4.00,1,2.00,1,3.00,1,2.00,1,3.00,0.00,,2.00,127000000.00,0.00,2.00,1,1.00,2.00,0.00,0.00,,1371,84,97.22,97.22,96.43,96.43,85.26,85.26,91.67,91.67,50.00,50.00
Puerto Rico,PRI,20200428,3.00,1,3.00,1,2.00,1,4.00,1,2.00,1,3.00,1,2.00,1,3.00,0.00,,2.00,0.00,0.00,2.00,1,1.00,2.00,0.00,0.00,,1389,84,97.22,97.22,96.43,96.43,85.26,85.26,91.67,91.67,50.00,50.00
Puerto Rico,PRI,20200429,3.00,1,3.00,1,2.00,1,4.00,1,2.00,1,3.00,1,2.00,1,3.00,0.00,,2.00,0.00,0.00,2.00,1,1.00,2.00,0.00,0.00,,1400,86,97.22,97.22,96.43,96.43,85.26,85.26,91.67,91.67,50.00,50.00
Puerto Rico,PRI,20200430,3.00,1,3.00,1,2.00,1,4.00,1,2.00,1,3.00,1,2.00,1,3.00,0.00,,2.00,0.00,0.00,2.00,1,1.00,2.00,0.00,0.00,,1433,86,97.22,97.22,96.43,96.43,85.26,85.26,91.67,91.67,50.00,50.00
Puerto Rico,PRI,20200501,3.00,1,3.00,1,2.00,1,4.00,1,2.00,1,3.00,1,2.00,1,3.00,0.00,,2.00,0.00,0.00,2.00,1,1.00,2.00,0.00,0.00,,1539,92,97.22,97.22,96.43,96.43,85.26,85.26,91.67,91.67,50.00,50.00
Puerto Rico,PRI,20200502,3.00,1,3.00,1,2.00,1,4.00,1,2.00,1,3.00,1,2.00,1,3.00,1.00,1,2.00,0.00,0.00,2.00,1,1.00,2.00,0.00,0.00,,1575,94,97.22,97.22,96.43,96.43,89.10,89.10,91.67,91.67,75.00,75.00
Puerto Rico,PRI,20200503,3.00,1,3.00,1,2.00,1,4.00,1,2.00,1,3.00,1,2.00,1,3.00,1.00,1,2.00,0.00,0.00,2.00,1,1.00,2.00,0.00,0.00,,1757,95,97.22,97.22,96.43,96.43,89.10,89.10,91.67,91.67,75.00,75.00
Puerto Rico,PRI,20200504,3.00,1,3.00,1,2.00,1,4.00,1,2.00,1,3.00,1,2.00,1,3.00,1.00,1,2.00,0.00,0.00,2.00,1,1.00,2.00,0.00,0.00,,1808,97,97.22,97.22,96.43,96.43,89.10,89.10,91.67,91.67,75.00,75.00
Puerto Rico,PRI,20200505,3.00,1,3.00,1,2.00,1,4.00,1,2.00,1,3.00,1,2.00,1,3.00,1.00,1,2.00,0.00,0.00,2.00,1,1.00,2.00,0.00,0.00,,1843,97,97.22,97.22,96.43,96.43,89.10,89.10,91.67,91.67,75.00,75.00
Puerto Rico,PRI,20200506,3.00,1,3.00,1,2.00,1,4.00,1,2.00,1,3.00,1,2.00,1,3.00,1.00,1,2.00,0.00,0.00,2.00,1,1.00,2.00,0.00,0.00,,1924,99,97.22,97.22,96.43,96.43,89.10,89.10,91.67,91.67,75.00,75.00
Puerto Rico,PRI,20200507,3.00,1,2.00,1,2.00,1,4.00,1,2.00,1,3.00,1,2.00,1,3.00,1.00,1,2.00,0.00,0.00,2.00,1,1.00,2.00,8550688.00,0.00,,1968,99,93.52,93.52,92.86,92.86,86.54,86.54,88.64,88.64,75.00,75.00
Puerto Rico,PRI,20200508,3.00,1,2.00,1,2.00,1,4.00,1,2.00,1,3.00,1,2.00,1,3.00,1.00,1,2.00,0.00,0.00,2.00,1,1.00,2.00,0.00,0.00,,2031,102,93.52,93.52,92.86,92.86,86.54,86.54,88.64,88.64,75.00,75.00
Puerto Rico,PRI,20200509,3.00,1,2.00,1,2.00,1,4.00,1,2.00,1,3.00,1,2.00,1,3.00,1.00,1,2.00,0.00,0.00,2.00,1,1.00,2.00,0.00,0.00,,2156,107,93.52,93.52,92.86,92.86,86.54,86.54,88.64,88.64,75.00,75.00
Puerto Rico,PRI,20200510,3.00,1,2.00,1,2.00,1,4.00,1,2.00,1,3.00,1,2.00,1,3.00,1.00,1,2.00,0.00,0.00,2.00,1,1.00,2.00,0.00,0.00,,2173,108,93.52,93.52,92.86,92.86,86.54,86.54,88.64,88.64,75.00,75.00
Puerto Rico,PRI,20200511,3.00,1,2.00,1,2.00,1,4.00,1,2.00,1,3.00,1,2.00,1,3.00,1.00,1,2.00,0.00,0.00,2.00,1,1.00,2.00,0.00,0.00,,2198,111,93.52,93.52,92.86,92.86,86.54,86.54,88.64,88.64,75.00,75.00
Puerto Rico,PRI,20200512,3.00,1,2.00,1,2.00,1,4.00,1,2.00,1,3.00,1,2.00,1,3.00,1.00,1,2.00,0.00,0.00,2.00,1,1.00,2.00,0.00,0.00,,2256,113,93.52,93.52,92.86,92.86,86.54,86.54,88.64,88.64,75.00,75.00
Puerto Rico,PRI,20200513,3.00,1,2.00,1,2.00,1,4.00,1,2.00,1,3.00,1,2.00,1,3.00,1.00,1,2.00,0.00,0.00,2.00,1,1.00,2.00,0.00,0.00,,2299,114,93.52,93.52,92.86,92.86,86.54,86.54,88.64,88.64,75.00,75.00
Puerto Rico,PRI,20200514,3.00,1,2.00,1,2.00,1,4.00,1,2.00,1,3.00,1,2.00,1,3.00,1.00,1,2.00,700000000.00,0.00,2.00,1,1.00,2.00,340000000.00,0.00,,2329,115,93.52,93.52,92.86,92.86,86.54,86.54,88.64,88.64,75.00,75.00
Puerto Rico,PRI,20200515,3.00,1,2.00,1,2.00,1,4.00,1,2.00,1,3.00,1,2.00,1,3.00,1.00,1,2.00,0.00,0.00,2.00,1,1.00,2.00,0.00,0.00,,2427,117,93.52,93.52,92.86,92.86,86.54,86.54,88.64,88.64,75.00,75.00
Puerto Rico,PRI,20200516,3.00,1,2.00,1,2.00,1,4.00,1,2.00,1,3.00,1,2.00,1,3.00,1.00,1,2.00,0.00,0.00,2.00,1,1.00,2.00,0.00,0.00,,2542,122,93.52,93.52,92.86,92.86,86.54,86.54,88.64,88.64,75.00,75.00
Puerto Rico,PRI,20200517,3.00,1,2.00,1,2.00,1,4.00,1,2.00,1,3.00,1,2.00,1,3.00,1.00,1,2.00,0.00,0.00,2.00,1,1.00,2.00,0.00,0.00,,2589,122,93.52,93.52,92.86,92.86,86.54,86.54,88.64,88.64,75.00,75.00
Puerto Rico,PRI,20200518,3.00,1,2.00,1,2.00,1,4.00,1,2.00,1,2.00,1,2.00,1,3.00,1.00,1,2.00,347000000.00,0.00,2.00,1,1.00,2.00,0.00,0.00,,2646,123,89.81,89.81,92.86,92.86,83.97,83.97,85.61,85.61,75.00,75.00
Puerto Rico,PRI,20200519,3.00,1,2.00,1,2.00,1,4.00,1,2.00,1,2.00,1,2.00,1,3.00,1.00,1,2.00,0.00,0.00,2.00,1,1.00,2.00,0.00,0.00,,2710,124,89.81,89.81,92.86,92.86,83.97,83.97,85.61,85.61,75.00,75.00
Puerto Rico,PRI,20200520,3.00,1,2.00,1,2.00,1,4.00,1,2.00,1,2.00,1,2.00,1,3.00,1.00,1,2.00,0.00,0.00,2.00,1,1.00,2.00,0.00,0.00,,2805,124,89.81,89.81,92.86,92.86,83.97,83.97,85.61,85.61,75.00,75.00
Puerto Rico,PRI,20200521,3.00,1,2.00,1,2.00,1,4.00,1,2.00,1,2.00,1,2.00,1,3.00,1.00,1,2.00,0.00,0.00,2.00,1,1.00,2.00,0.00,0.00,,2866,125,89.81,89.81,92.86,92.86,83.97,83.97,85.61,85.61,75.00,75.00
Puerto Rico,PRI,20200522,3.00,1,2.00,1,2.00,1,4.00,1,2.00,1,2.00,1,2.00,1,3.00,1.00,1,2.00,0.00,0.00,2.00,1,1.00,2.00,0.00,0.00,,2913,126,89.81,89.81,92.86,92.86,83.97,83.97,85.61,85.61,75.00,75.00
Puerto Rico,PRI,20200523,3.00,1,2.00,1,2.00,1,4.00,1,2.00,1,2.00,1,2.00,1,3.00,1.00,1,2.00,0.00,0.00,2.00,1,1.00,2.00,0.00,0.00,,3030,126,89.81,89.81,92.86,92.86,83.97,83.97,85.61,85.61,75.00,75.00
Puerto Rico,PRI,20200524,3.00,1,2.00,1,2.00,1,4.00,1,2.00,1,2.00,1,2.00,1,3.00,1.00,1,2.00,0.00,0.00,2.00,1,1.00,2.00,0.00,0.00,,3100,127,89.81,89.81,92.86,92.86,83.97,83.97,85.61,85.61,75.00,75.00
Puerto Rico,PRI,20200525,3.00,1,1.00,1,2.00,1,4.00,1,2.00,1,2.00,1,2.00,1,3.00,1.00,1,2.00,0.00,0.00,2.00,1,1.00,2.00,0.00,0.00,,3189,127,86.11,86.11,89.29,89.29,81.41,81.41,82.58,82.58,75.00,75.00
Puerto Rico,PRI,20200526,3.00,1,1.00,1,2.00,1,4.00,1,2.00,1,2.00,1,2.00,1,3.00,1.00,1,2.00,0.00,0.00,2.00,1,1.00,2.00,0.00,0.00,,3260,129,86.11,86.11,89.29,89.29,81.41,81.41,82.58,82.58,75.00,75.00
Puerto Rico,PRI,20200527,3.00,1,1.00,1,2.00,1,4.00,1,2.00,1,2.00,1,2.00,1,3.00,1.00,1,2.00,0.00,0.00,2.00,1,1.00,2.00,0.00,0.00,,3324,129,86.11,86.11,89.29,89.29,81.41,81.41,82.58,82.58,75.00,75.00
Puerto Rico,PRI,20200528,3.00,1,1.00,1,2.00,1,4.00,1,2.00,1,2.00,1,2.00,1,3.00,1.00,1,2.00,0.00,0.00,2.00,1,1.00,2.00,0.00,0.00,,3397,129,86.11,86.11,89.29,89.29,81.41,81.41,82.58,82.58,75.00,75.00
Puerto Rico,PRI,20200529,3.00,1,1.00,1,2.00,1,4.00,1,2.00,1,2.00,1,2.00,1,3.00,1.00,1,2.00,0.00,0.00,2.00,1,1.00,2.00,0.00,0.00,,3486,131,86.11,86.11,89.29,89.29,81.41,81.41,82.58,82.58,75.00,75.00
Puerto Rico,PRI,20200530,3.00,1,1.00,1,2.00,1,4.00,1,2.00,1,2.00,1,2.00,1,3.00,1.00,1,2.00,0.00,0.00,2.00,1,1.00,2.00,0.00,0.00,,3647,132,86.11,86.11,89.29,89.29,81.41,81.41,82.58,82.58,75.00,75.00
Puerto Rico,PRI,20200531,3.00,1,1.00,1,2.00,1,4.00,1,2.00,1,2.00,1,2.00,1,3.00,1.00,1,2.00,0.00,0.00,2.00,1,1.00,2.00,0.00,0.00,,3718,133,86.11,86.11,89.29,89.29,81.41,81.41,82.58,82.58,75.00,75.00
Puerto Rico,PRI,20200601,3.00,1,1.00,1,2.00,1,4.00,1,2.00,1,2.00,1,2.00,1,3.00,1.00,1,2.00,0.00,0.00,2.00,1,1.00,2.00,0.00,0.00,,3776,136,86.11,86.11,89.29,89.29,81.41,81.41,82.58,82.58,75.00,75.00
Puerto Rico,PRI,20200602,3.00,1,1.00,1,2.00,1,4.00,1,2.00,1,2.00,1,2.00,1,3.00,1.00,1,2.00,0.00,0.00,2.00,1,1.00,2.00,0.00,0.00,,3873,136,86.11,86.11,89.29,89.29,81.41,81.41,82.58,82.58,75.00,75.00
Puerto Rico,PRI,20200603,3.00,1,1.00,1,2.00,1,4.00,1,2.00,1,2.00,1,2.00,1,3.00,1.00,1,2.00,0.00,0.00,2.00,1,1.00,2.00,0.00,0.00,,3935,138,86.11,86.11,89.29,89.29,81.41,81.41,82.58,82.58,75.00,75.00
Puerto Rico,PRI,20200604,3.00,1,1.00,1,2.00,1,4.00,1,2.00,1,2.00,1,2.00,1,3.00,1.00,1,2.00,0.00,0.00,2.00,1,1.00,2.00,0.00,0.00,,4023,140,86.11,86.11,89.29,89.29,81.41,81.41,82.58,82.58,75.00,75.00
Puerto Rico,PRI,20200605,3.00,1,1.00,1,2.00,1,4.00,1,2.00,1,2.00,1,2.00,1,3.00,1.00,1,2.00,0.00,0.00,2.00,1,1.00,2.00,0.00,0.00,,4508,140,86.11,86.11,89.29,89.29,81.41,81.41,82.58,82.58,75.00,75.00
Puerto Rico,PRI,20200606,3.00,1,1.00,1,2.00,1,4.00,1,2.00,1,2.00,1,2.00,1,3.00,1.00,1,2.00,0.00,0.00,2.00,1,1.00,2.00,0.00,0.00,,4620,141,86.11,86.11,89.29,89.29,81.41,81.41,82.58,82.58,75.00,75.00
Puerto Rico,PRI,20200607,3.00,1,1.00,1,2.00,1,4.00,1,2.00,1,2.00,1,2.00,1,3.00,1.00,1,2.00,0.00,0.00,2.00,1,1.00,2.00,0.00,0.00,,4915,142,86.11,86.11,89.29,89.29,81.41,81.41,82.58,82.58,75.00,75.00
Puerto Rico,PRI,20200608,3.00,1,1.00,1,2.00,1,4.00,1,2.00,1,2.00,1,2.00,1,3.00,1.00,1,2.00,0.00,0.00,2.00,1,1.00,2.00,0.00,0.00,,4985,142,86.11,86.11,89.29,89.29,81.41,81.41,82.58,82.58,75.00,75.00
Puerto Rico,PRI,20200609,3.00,1,1.00,1,2.00,1,4.00,1,2.00,1,2.00,1,2.00,1,3.00,1.00,1,2.00,0.00,0.00,2.00,1,1.00,2.00,0.00,0.00,,5046,142,86.11,86.11,89.29,89.29,81.41,81.41,82.58,82.58,75.00,75.00
Puerto Rico,PRI,20200610,3.00,1,1.00,1,2.00,1,4.00,1,2.00,1,2.00,1,2.00,1,3.00,1.00,1,2.00,0.00,0.00,2.00,1,1.00,2.00,0.00,0.00,,5185,142,86.11,86.11,89.29,89.29,81.41,81.41,82.58,82.58,75.00,75.00
Puerto Rico,PRI,20200611,3.00,1,1.00,1,2.00,1,4.00,1,2.00,1,2.00,1,2.00,1,3.00,1.00,1,2.00,0.00,0.00,2.00,1,1.00,2.00,0.00,0.00,,5329,143,86.11,86.11,89.29,89.29,81.41,81.41,82.58,82.58,75.00,75.00
Puerto Rico,PRI,20200612,3.00,1,1.00,1,2.00,1,4.00,1,2.00,1,2.00,1,2.00,1,3.00,1.00,1,2.00,349000000.00,0.00,2.00,1,1.00,2.00,0.00,0.00,,5352,144,86.11,86.11,89.29,89.29,81.41,81.41,82.58,82.58,75.00,75.00
Puerto Rico,PRI,20200613,3.00,1,1.00,1,2.00,1,4.00,1,2.00,1,2.00,1,2.00,1,3.00,1.00,1,2.00,0.00,0.00,2.00,1,1.00,2.00,0.00,0.00,,5536,146,86.11,86.11,89.29,89.29,81.41,81.41,82.58,82.58,75.00,75.00
Puerto Rico,PRI,20200614,3.00,1,1.00,1,2.00,1,4.00,1,2.00,1,2.00,1,2.00,1,3.00,1.00,1,2.00,0.00,0.00,2.00,1,1.00,2.00,0.00,0.00,,5690,146,86.11,86.11,89.29,89.29,81.41,81.41,82.58,82.58,75.00,75.00
Puerto Rico,PRI,20200615,3.00,1,1.00,1,2.00,1,4.00,1,2.00,1,2.00,1,2.00,1,3.00,1.00,1,2.00,0.00,0.00,2.00,1,1.00,2.00,0.00,0.00,,5811,147,86.11,86.11,89.29,89.29,81.41,81.41,82.58,82.58,75.00,75.00
Puerto Rico,PRI,20200616,3.00,1,1.00,1,2.00,1,4.00,1,2.00,1,2.00,1,2.00,1,3.00,1.00,1,2.00,0.00,0.00,2.00,1,1.00,2.00,0.00,0.00,,5890,147,86.11,86.11,89.29,89.29,81.41,81.41,82.58,82.58,75.00,75.00
Puerto Rico,PRI,20200617,3.00,1,1.00,1,2.00,1,4.00,1,2.00,1,2.00,1,2.00,1,3.00,1.00,1,2.00,0.00,0.00,2.00,1,1.00,2.00,0.00,0.00,,5951,147,86.11,86.11,89.29,89.29,81.41,81.41,82.58,82.58,75.00,75.00
Puerto Rico,PRI,20200618,,,,,,,,,,,,,,,,,,,,,,,,,,,,6003,147,,86.11,,89.29,,81.41,,82.58,,75.00
Puerto Rico,PRI,20200619,,,,,,,,,,,,,,,,,,,,,,,,,,,,6111,147,,86.11,,89.29,,81.41,,82.58,,75.00
Puerto Rico,PRI,20200620,,,,,,,,,,,,,,,,,,,,,,,,,,,,6111,147,,86.11,,89.29,,81.41,,82.58,,75.00
Puerto Rico,PRI,20200621,,,,,,,,,,,,,,,,,,,,,,,,,,,,6463,147,,86.11,,89.29,,81.41,,82.58,,75.00
Puerto Rico,PRI,20200622,,,,,,,,,,,,,,,,,,,,,,,,,,,,6525,149,,86.11,,89.29,,81.41,,82.58,,75.00
Puerto Rico,PRI,20200623,,,,,,,,,,,,,,,,,,,,,,,,,,,,6564,149,,86.11,,89.29,,81.41,,82.58,,75.00
