Portugal,PRT,20200101,0.00,,0.00,,0.00,,0.00,,0.00,,0.00,,0.00,,0.00,0.00,,0.00,0.00,0.00,0.00,,0.00,0.00,0.00,0.00,,,,0.00,0.00,0.00,0.00,0.00,0.00,0.00,0.00,0.00,0.00
Portugal,PRT,20200102,0.00,,0.00,,0.00,,0.00,,0.00,,0.00,,0.00,,0.00,0.00,,0.00,0.00,0.00,0.00,,0.00,0.00,0.00,0.00,,,,0.00,0.00,0.00,0.00,0.00,0.00,0.00,0.00,0.00,0.00
Portugal,PRT,20200103,0.00,,0.00,,0.00,,0.00,,0.00,,0.00,,0.00,,0.00,0.00,,0.00,0.00,0.00,0.00,,0.00,0.00,0.00,0.00,,,,0.00,0.00,0.00,0.00,0.00,0.00,0.00,0.00,0.00,0.00
Portugal,PRT,20200104,0.00,,0.00,,0.00,,0.00,,0.00,,0.00,,0.00,,0.00,0.00,,0.00,0.00,0.00,0.00,,0.00,0.00,0.00,0.00,,,,0.00,0.00,0.00,0.00,0.00,0.00,0.00,0.00,0.00,0.00
Portugal,PRT,20200105,0.00,,0.00,,0.00,,0.00,,0.00,,0.00,,0.00,,0.00,0.00,,0.00,0.00,0.00,0.00,,0.00,0.00,0.00,0.00,,,,0.00,0.00,0.00,0.00,0.00,0.00,0.00,0.00,0.00,0.00
Portugal,PRT,20200106,0.00,,0.00,,0.00,,0.00,,0.00,,0.00,,0.00,,0.00,0.00,,0.00,0.00,0.00,0.00,,0.00,0.00,0.00,0.00,,,,0.00,0.00,0.00,0.00,0.00,0.00,0.00,0.00,0.00,0.00
Portugal,PRT,20200107,0.00,,0.00,,0.00,,0.00,,0.00,,0.00,,0.00,,0.00,0.00,,0.00,0.00,0.00,0.00,,0.00,0.00,0.00,0.00,,,,0.00,0.00,0.00,0.00,0.00,0.00,0.00,0.00,0.00,0.00
Portugal,PRT,20200108,0.00,,0.00,,0.00,,0.00,,0.00,,0.00,,0.00,,0.00,0.00,,0.00,0.00,0.00,0.00,,0.00,0.00,0.00,0.00,,,,0.00,0.00,0.00,0.00,0.00,0.00,0.00,0.00,0.00,0.00
Portugal,PRT,20200109,0.00,,0.00,,0.00,,0.00,,0.00,,0.00,,0.00,,0.00,0.00,,0.00,0.00,0.00,0.00,,0.00,0.00,0.00,0.00,,,,0.00,0.00,0.00,0.00,0.00,0.00,0.00,0.00,0.00,0.00
Portugal,PRT,20200110,0.00,,0.00,,0.00,,0.00,,0.00,,0.00,,0.00,,0.00,0.00,,0.00,0.00,0.00,0.00,,0.00,0.00,0.00,0.00,,,,0.00,0.00,0.00,0.00,0.00,0.00,0.00,0.00,0.00,0.00
Portugal,PRT,20200111,0.00,,0.00,,0.00,,0.00,,0.00,,0.00,,0.00,,0.00,0.00,,0.00,0.00,0.00,0.00,,0.00,0.00,0.00,0.00,,,,0.00,0.00,0.00,0.00,0.00,0.00,0.00,0.00,0.00,0.00
Portugal,PRT,20200112,0.00,,0.00,,0.00,,0.00,,0.00,,0.00,,0.00,,0.00,0.00,,0.00,0.00,0.00,0.00,,0.00,0.00,0.00,0.00,,,,0.00,0.00,0.00,0.00,0.00,0.00,0.00,0.00,0.00,0.00
Portugal,PRT,20200113,0.00,,0.00,,0.00,,0.00,,0.00,,0.00,,0.00,,0.00,0.00,,0.00,0.00,0.00,0.00,,0.00,0.00,0.00,0.00,,,,0.00,0.00,0.00,0.00,0.00,0.00,0.00,0.00,0.00,0.00
Portugal,PRT,20200114,0.00,,0.00,,0.00,,0.00,,0.00,,0.00,,0.00,,0.00,0.00,,0.00,0.00,0.00,0.00,,0.00,0.00,0.00,0.00,,,,0.00,0.00,0.00,0.00,0.00,0.00,0.00,0.00,0.00,0.00
Portugal,PRT,20200115,0.00,,0.00,,0.00,,0.00,,0.00,,0.00,,0.00,,0.00,0.00,,0.00,0.00,0.00,0.00,,0.00,0.00,0.00,0.00,,,,0.00,0.00,0.00,0.00,0.00,0.00,0.00,0.00,0.00,0.00
Portugal,PRT,20200116,0.00,,0.00,,0.00,,0.00,,0.00,,0.00,,0.00,,0.00,0.00,,0.00,0.00,0.00,0.00,,0.00,0.00,0.00,0.00,,,,0.00,0.00,0.00,0.00,0.00,0.00,0.00,0.00,0.00,0.00
Portugal,PRT,20200117,0.00,,0.00,,0.00,,0.00,,0.00,,0.00,,0.00,,0.00,0.00,,0.00,0.00,0.00,0.00,,0.00,0.00,0.00,0.00,,,,0.00,0.00,0.00,0.00,0.00,0.00,0.00,0.00,0.00,0.00
Portugal,PRT,20200118,0.00,,0.00,,0.00,,0.00,,0.00,,0.00,,0.00,,0.00,0.00,,0.00,0.00,0.00,0.00,,0.00,0.00,0.00,0.00,,,,0.00,0.00,0.00,0.00,0.00,0.00,0.00,0.00,0.00,0.00
Portugal,PRT,20200119,0.00,,0.00,,0.00,,0.00,,0.00,,0.00,,0.00,,0.00,0.00,,0.00,0.00,0.00,0.00,,0.00,0.00,0.00,0.00,,,,0.00,0.00,0.00,0.00,0.00,0.00,0.00,0.00,0.00,0.00
Portugal,PRT,20200120,0.00,,0.00,,0.00,,0.00,,0.00,,0.00,,0.00,,0.00,0.00,,0.00,0.00,0.00,0.00,,0.00,0.00,0.00,0.00,,,,0.00,0.00,0.00,0.00,0.00,0.00,0.00,0.00,0.00,0.00
Portugal,PRT,20200121,0.00,,0.00,,0.00,,0.00,,0.00,,0.00,,0.00,,0.00,0.00,,0.00,0.00,0.00,0.00,,0.00,0.00,0.00,0.00,,,,0.00,0.00,0.00,0.00,0.00,0.00,0.00,0.00,0.00,0.00
Portugal,PRT,20200122,0.00,,0.00,,0.00,,0.00,,0.00,,0.00,,0.00,,0.00,0.00,,0.00,0.00,0.00,0.00,,0.00,0.00,0.00,0.00,,,,0.00,0.00,0.00,0.00,0.00,0.00,0.00,0.00,0.00,0.00
Portugal,PRT,20200123,0.00,,0.00,,0.00,,0.00,,0.00,,0.00,,0.00,,0.00,0.00,,0.00,0.00,0.00,0.00,,0.00,0.00,0.00,0.00,,,,0.00,0.00,0.00,0.00,0.00,0.00,0.00,0.00,0.00,0.00
Portugal,PRT,20200124,0.00,,0.00,,0.00,,0.00,,0.00,,0.00,,0.00,,0.00,0.00,,0.00,0.00,0.00,0.00,,0.00,0.00,0.00,0.00,,,,0.00,0.00,0.00,0.00,0.00,0.00,0.00,0.00,0.00,0.00
Portugal,PRT,20200125,0.00,,0.00,,0.00,,0.00,,0.00,,0.00,,0.00,,0.00,0.00,,0.00,0.00,0.00,0.00,,0.00,0.00,0.00,0.00,,,,0.00,0.00,0.00,0.00,0.00,0.00,0.00,0.00,0.00,0.00
Portugal,PRT,20200126,0.00,,0.00,,0.00,,0.00,,0.00,,0.00,,0.00,,0.00,0.00,,0.00,0.00,0.00,2.00,1,1.00,2.00,0.00,0.00,,,,11.11,11.11,14.29,14.29,17.95,17.95,21.21,21.21,0.00,0.00
Portugal,PRT,20200127,0.00,,0.00,,0.00,,0.00,,0.00,,0.00,,0.00,,0.00,0.00,,0.00,0.00,0.00,2.00,1,1.00,2.00,0.00,0.00,,,,11.11,11.11,14.29,14.29,17.95,17.95,21.21,21.21,0.00,0.00
Portugal,PRT,20200128,0.00,,0.00,,0.00,,0.00,,0.00,,0.00,,0.00,,0.00,0.00,,0.00,0.00,0.00,2.00,1,1.00,2.00,0.00,0.00,,,,11.11,11.11,14.29,14.29,17.95,17.95,21.21,21.21,0.00,0.00
Portugal,PRT,20200129,0.00,,0.00,,0.00,,0.00,,0.00,,0.00,,0.00,,0.00,0.00,,0.00,0.00,0.00,2.00,1,1.00,2.00,0.00,0.00,,,,11.11,11.11,14.29,14.29,17.95,17.95,21.21,21.21,0.00,0.00
Portugal,PRT,20200130,0.00,,0.00,,0.00,,0.00,,0.00,,0.00,,0.00,,0.00,0.00,,0.00,0.00,0.00,2.00,1,1.00,2.00,0.00,0.00,,,,11.11,11.11,14.29,14.29,17.95,17.95,21.21,21.21,0.00,0.00
Portugal,PRT,20200131,0.00,,0.00,,0.00,,0.00,,0.00,,0.00,,0.00,,0.00,0.00,,0.00,0.00,0.00,2.00,1,1.00,2.00,0.00,0.00,,,,11.11,11.11,14.29,14.29,17.95,17.95,21.21,21.21,0.00,0.00
Portugal,PRT,20200201,0.00,,0.00,,0.00,,0.00,,0.00,,0.00,,0.00,,0.00,0.00,,0.00,0.00,0.00,2.00,1,1.00,2.00,0.00,0.00,,,,11.11,11.11,14.29,14.29,17.95,17.95,21.21,21.21,0.00,0.00
Portugal,PRT,20200202,0.00,,0.00,,0.00,,0.00,,0.00,,0.00,,0.00,,0.00,0.00,,0.00,0.00,0.00,2.00,1,1.00,2.00,0.00,0.00,,,,11.11,11.11,14.29,14.29,17.95,17.95,21.21,21.21,0.00,0.00
Portugal,PRT,20200203,0.00,,0.00,,0.00,,0.00,,0.00,,0.00,,0.00,,0.00,0.00,,0.00,0.00,0.00,2.00,1,1.00,2.00,0.00,0.00,,,,11.11,11.11,14.29,14.29,17.95,17.95,21.21,21.21,0.00,0.00
Portugal,PRT,20200204,0.00,,0.00,,0.00,,0.00,,0.00,,0.00,,0.00,,0.00,0.00,,0.00,0.00,0.00,2.00,1,1.00,2.00,0.00,0.00,,,,11.11,11.11,14.29,14.29,17.95,17.95,21.21,21.21,0.00,0.00
Portugal,PRT,20200205,0.00,,0.00,,0.00,,0.00,,0.00,,0.00,,0.00,,0.00,0.00,,0.00,0.00,0.00,2.00,1,1.00,2.00,0.00,0.00,,,,11.11,11.11,14.29,14.29,17.95,17.95,21.21,21.21,0.00,0.00
Portugal,PRT,20200206,0.00,,0.00,,0.00,,0.00,,0.00,,0.00,,0.00,,0.00,0.00,,0.00,0.00,0.00,2.00,1,1.00,2.00,0.00,0.00,,,,11.11,11.11,14.29,14.29,17.95,17.95,21.21,21.21,0.00,0.00
Portugal,PRT,20200207,0.00,,0.00,,0.00,,0.00,,0.00,,0.00,,0.00,,0.00,0.00,,0.00,0.00,0.00,2.00,1,1.00,2.00,0.00,0.00,,,,11.11,11.11,14.29,14.29,17.95,17.95,21.21,21.21,0.00,0.00
Portugal,PRT,20200208,0.00,,0.00,,0.00,,0.00,,0.00,,0.00,,0.00,,0.00,0.00,,0.00,0.00,0.00,2.00,1,1.00,2.00,0.00,0.00,,,,11.11,11.11,14.29,14.29,17.95,17.95,21.21,21.21,0.00,0.00
Portugal,PRT,20200209,0.00,,0.00,,0.00,,0.00,,0.00,,0.00,,0.00,,0.00,0.00,,0.00,0.00,0.00,2.00,1,1.00,2.00,0.00,0.00,,,,11.11,11.11,14.29,14.29,17.95,17.95,21.21,21.21,0.00,0.00
Portugal,PRT,20200210,0.00,,0.00,,0.00,,0.00,,0.00,,0.00,,0.00,,0.00,0.00,,0.00,0.00,0.00,2.00,1,1.00,2.00,0.00,0.00,,,,11.11,11.11,14.29,14.29,17.95,17.95,21.21,21.21,0.00,0.00
Portugal,PRT,20200211,0.00,,0.00,,0.00,,0.00,,0.00,,0.00,,0.00,,0.00,0.00,,0.00,0.00,0.00,2.00,1,1.00,2.00,0.00,0.00,,,,11.11,11.11,14.29,14.29,17.95,17.95,21.21,21.21,0.00,0.00
Portugal,PRT,20200212,0.00,,0.00,,0.00,,0.00,,0.00,,0.00,,0.00,,0.00,0.00,,0.00,0.00,0.00,2.00,1,1.00,2.00,0.00,0.00,,,,11.11,11.11,14.29,14.29,17.95,17.95,21.21,21.21,0.00,0.00
Portugal,PRT,20200213,0.00,,0.00,,0.00,,0.00,,0.00,,0.00,,0.00,,0.00,0.00,,0.00,0.00,0.00,2.00,1,1.00,2.00,0.00,0.00,,,,11.11,11.11,14.29,14.29,17.95,17.95,21.21,21.21,0.00,0.00
Portugal,PRT,20200214,0.00,,0.00,,0.00,,0.00,,0.00,,0.00,,0.00,,0.00,0.00,,0.00,0.00,0.00,2.00,1,1.00,2.00,0.00,0.00,,,,11.11,11.11,14.29,14.29,17.95,17.95,21.21,21.21,0.00,0.00
Portugal,PRT,20200215,0.00,,0.00,,0.00,,0.00,,0.00,,0.00,,0.00,,0.00,0.00,,0.00,0.00,0.00,2.00,1,1.00,2.00,0.00,0.00,,,,11.11,11.11,14.29,14.29,17.95,17.95,21.21,21.21,0.00,0.00
Portugal,PRT,20200216,0.00,,0.00,,0.00,,0.00,,0.00,,0.00,,0.00,,0.00,0.00,,0.00,0.00,0.00,2.00,1,1.00,2.00,0.00,0.00,,,,11.11,11.11,14.29,14.29,17.95,17.95,21.21,21.21,0.00,0.00
Portugal,PRT,20200217,0.00,,0.00,,0.00,,0.00,,0.00,,0.00,,0.00,,0.00,0.00,,0.00,0.00,0.00,2.00,1,1.00,2.00,0.00,0.00,,,,11.11,11.11,14.29,14.29,17.95,17.95,21.21,21.21,0.00,0.00
Portugal,PRT,20200218,0.00,,0.00,,0.00,,0.00,,0.00,,0.00,,0.00,,0.00,0.00,,0.00,0.00,0.00,2.00,1,1.00,2.00,0.00,0.00,,,,11.11,11.11,14.29,14.29,17.95,17.95,21.21,21.21,0.00,0.00
Portugal,PRT,20200219,0.00,,0.00,,0.00,,0.00,,0.00,,0.00,,0.00,,0.00,0.00,,0.00,0.00,0.00,2.00,1,1.00,2.00,0.00,0.00,,,,11.11,11.11,14.29,14.29,17.95,17.95,21.21,21.21,0.00,0.00
Portugal,PRT,20200220,0.00,,0.00,,0.00,,0.00,,0.00,,0.00,,0.00,,0.00,0.00,,0.00,0.00,0.00,2.00,1,1.00,2.00,0.00,0.00,,,,11.11,11.11,14.29,14.29,17.95,17.95,21.21,21.21,0.00,0.00
Portugal,PRT,20200221,0.00,,0.00,,0.00,,0.00,,0.00,,0.00,,0.00,,0.00,0.00,,0.00,0.00,0.00,2.00,1,1.00,2.00,0.00,0.00,,,,11.11,11.11,14.29,14.29,17.95,17.95,21.21,21.21,0.00,0.00
Portugal,PRT,20200222,0.00,,0.00,,0.00,,0.00,,0.00,,0.00,,0.00,,0.00,0.00,,0.00,0.00,0.00,2.00,1,1.00,2.00,0.00,0.00,,,,11.11,11.11,14.29,14.29,17.95,17.95,21.21,21.21,0.00,0.00
Portugal,PRT,20200223,0.00,,0.00,,0.00,,0.00,,0.00,,0.00,,0.00,,0.00,0.00,,0.00,0.00,0.00,2.00,1,1.00,2.00,0.00,0.00,,,,11.11,11.11,14.29,14.29,17.95,17.95,21.21,21.21,0.00,0.00
Portugal,PRT,20200224,0.00,,0.00,,0.00,,0.00,,0.00,,0.00,,0.00,,0.00,0.00,,0.00,0.00,0.00,2.00,1,1.00,2.00,0.00,0.00,,,,11.11,11.11,14.29,14.29,17.95,17.95,21.21,21.21,0.00,0.00
Portugal,PRT,20200225,0.00,,0.00,,0.00,,0.00,,0.00,,0.00,,0.00,,0.00,0.00,,0.00,0.00,0.00,2.00,1,1.00,2.00,0.00,0.00,,,,11.11,11.11,14.29,14.29,17.95,17.95,21.21,21.21,0.00,0.00
Portugal,PRT,20200226,0.00,,0.00,,0.00,,0.00,,0.00,,0.00,,0.00,,0.00,0.00,,0.00,0.00,0.00,2.00,1,1.00,2.00,0.00,0.00,,,,11.11,11.11,14.29,14.29,17.95,17.95,21.21,21.21,0.00,0.00
Portugal,PRT,20200227,0.00,,0.00,,0.00,,0.00,,0.00,,0.00,,0.00,,0.00,0.00,,0.00,0.00,0.00,2.00,1,1.00,2.00,0.00,0.00,,,,11.11,11.11,14.29,14.29,17.95,17.95,21.21,21.21,0.00,0.00
Portugal,PRT,20200228,0.00,,0.00,,0.00,,0.00,,0.00,,0.00,,0.00,,0.00,0.00,,0.00,0.00,0.00,2.00,1,1.00,2.00,0.00,0.00,,,,11.11,11.11,14.29,14.29,17.95,17.95,21.21,21.21,0.00,0.00
Portugal,PRT,20200229,0.00,,0.00,,0.00,,0.00,,0.00,,0.00,,0.00,,0.00,0.00,,0.00,0.00,0.00,2.00,1,1.00,2.00,0.00,0.00,,,,11.11,11.11,14.29,14.29,17.95,17.95,21.21,21.21,0.00,0.00
Portugal,PRT,20200301,0.00,,0.00,,0.00,,0.00,,0.00,,0.00,,0.00,,0.00,0.00,,0.00,0.00,0.00,2.00,1,1.00,2.00,0.00,0.00,,,,11.11,11.11,14.29,14.29,17.95,17.95,21.21,21.21,0.00,0.00
Portugal,PRT,20200302,0.00,,0.00,,0.00,,0.00,,0.00,,0.00,,0.00,,0.00,0.00,,0.00,0.00,0.00,2.00,1,1.00,2.00,0.00,0.00,,,,11.11,11.11,14.29,14.29,17.95,17.95,21.21,21.21,0.00,0.00
Portugal,PRT,20200303,0.00,,0.00,,0.00,,0.00,,0.00,,0.00,,0.00,,0.00,0.00,,0.00,0.00,0.00,2.00,1,1.00,2.00,0.00,0.00,,2,0,11.11,11.11,14.29,14.29,17.95,17.95,21.21,21.21,0.00,0.00
Portugal,PRT,20200304,0.00,,0.00,,0.00,,0.00,,0.00,,0.00,,0.00,,0.00,0.00,,0.00,0.00,0.00,2.00,1,1.00,2.00,0.00,0.00,,4,0,11.11,11.11,14.29,14.29,17.95,17.95,21.21,21.21,0.00,0.00
Portugal,PRT,20200305,0.00,,0.00,,0.00,,0.00,,0.00,,0.00,,0.00,,0.00,0.00,,0.00,0.00,0.00,2.00,1,1.00,2.00,0.00,0.00,,5,0,11.11,11.11,14.29,14.29,17.95,17.95,21.21,21.21,0.00,0.00
Portugal,PRT,20200306,0.00,,0.00,,0.00,,0.00,,0.00,,0.00,,0.00,,0.00,0.00,,0.00,0.00,0.00,2.00,1,1.00,2.00,0.00,0.00,,9,0,11.11,11.11,14.29,14.29,17.95,17.95,21.21,21.21,0.00,0.00
Portugal,PRT,20200307,0.00,,0.00,,0.00,,0.00,,0.00,,0.00,,0.00,,0.00,0.00,,0.00,0.00,0.00,2.00,1,1.00,2.00,0.00,0.00,,13,0,11.11,11.11,14.29,14.29,17.95,17.95,21.21,21.21,0.00,0.00
Portugal,PRT,20200308,0.00,,0.00,,0.00,,0.00,,0.00,,0.00,,0.00,,0.00,0.00,,0.00,0.00,0.00,2.00,1,1.00,2.00,0.00,0.00,,21,0,11.11,11.11,14.29,14.29,17.95,17.95,21.21,21.21,0.00,0.00
Portugal,PRT,20200309,2.00,0,0.00,,0.00,,0.00,,0.00,,0.00,,0.00,,0.00,0.00,,1.00,0.00,0.00,2.00,1,1.00,2.00,0.00,0.00,,30,0,16.67,16.67,21.43,21.43,25.64,25.64,25.76,25.76,25.00,25.00
Portugal,PRT,20200310,2.00,0,0.00,,0.00,,0.00,,0.00,,0.00,,0.00,,3.00,0.00,,1.00,0.00,0.00,2.00,1,1.00,2.00,0.00,0.00,,39,0,25.00,25.00,32.14,32.14,31.41,31.41,32.58,32.58,25.00,25.00
Portugal,PRT,20200311,2.00,0,0.00,,0.00,,0.00,,0.00,,0.00,,0.00,,3.00,0.00,,1.00,0.00,0.00,2.00,1,1.00,2.00,0.00,0.00,,41,0,25.00,25.00,32.14,32.14,31.41,31.41,32.58,32.58,25.00,25.00
Portugal,PRT,20200312,2.00,0,2.00,1,0.00,,0.00,,0.00,,0.00,,0.00,,3.00,0.00,,1.00,285040000.00,0.00,2.00,1,1.00,2.00,0.00,0.00,,59,0,32.41,32.41,42.86,42.86,36.54,36.54,38.64,38.64,25.00,25.00
Portugal,PRT,20200313,2.00,0,2.00,1,0.00,,0.00,,0.00,,0.00,,0.00,,3.00,1.00,1,1.00,0.00,0.00,2.00,1,1.00,2.00,0.00,0.00,,78,0,32.41,32.41,42.86,42.86,40.38,40.38,38.64,38.64,50.00,50.00
Portugal,PRT,20200314,2.00,0,2.00,1,0.00,,0.00,,0.00,,0.00,,0.00,,3.00,1.00,1,1.00,0.00,0.00,2.00,1,1.00,2.00,0.00,0.00,,112,0,32.41,32.41,42.86,42.86,40.38,40.38,38.64,38.64,50.00,50.00
Portugal,PRT,20200315,2.00,0,2.00,1,0.00,,0.00,,0.00,,0.00,,0.00,,3.00,1.00,1,1.00,0.00,0.00,2.00,1,1.00,2.00,0.00,0.00,,169,0,32.41,32.41,42.86,42.86,40.38,40.38,38.64,38.64,50.00,50.00
Portugal,PRT,20200316,3.00,1,2.00,1,0.00,,0.00,,0.00,,0.00,,0.00,,3.00,1.00,1,1.00,0.00,0.00,2.00,1,1.00,2.00,0.00,0.00,,245,0,37.96,37.96,50.00,50.00,44.23,44.23,43.18,43.18,50.00,50.00
Portugal,PRT,20200317,3.00,1,2.00,1,0.00,,0.00,,0.00,,0.00,,0.00,,3.00,1.00,1,1.00,0.00,0.00,2.00,1,1.00,2.00,0.00,0.00,,331,0,37.96,37.96,50.00,50.00,44.23,44.23,43.18,43.18,50.00,50.00
Portugal,PRT,20200318,3.00,1,2.00,1,0.00,,0.00,,0.00,,0.00,,0.00,,3.00,1.00,1,1.00,10121400000.00,0.00,2.00,1,1.00,2.00,0.00,0.00,,448,1,37.96,37.96,50.00,50.00,44.23,44.23,43.18,43.18,50.00,50.00
Portugal,PRT,20200319,3.00,1,3.00,1,2.00,1,4.00,1,1.00,1,2.00,1,1.00,1,3.00,1.00,1,1.00,0.00,0.00,2.00,1,1.00,2.00,0.00,0.00,,642,2,82.41,82.41,88.10,88.10,75.00,75.00,79.55,79.55,50.00,50.00
Portugal,PRT,20200320,3.00,1,3.00,1,2.00,1,4.00,1,1.00,1,2.00,1,1.00,1,3.00,1.00,1,2.00,0.00,0.00,2.00,1,1.00,2.00,0.00,0.00,,785,3,82.41,82.41,88.10,88.10,78.85,78.85,79.55,79.55,75.00,75.00
Portugal,PRT,20200321,3.00,1,3.00,1,2.00,1,4.00,1,1.00,1,2.00,1,1.00,1,3.00,1.00,1,2.00,0.00,0.00,2.00,1,1.00,2.00,0.00,0.00,,1020,6,82.41,82.41,88.10,88.10,78.85,78.85,79.55,79.55,75.00,75.00
Portugal,PRT,20200322,3.00,1,3.00,1,2.00,1,4.00,1,1.00,1,2.00,1,1.00,1,3.00,1.00,1,2.00,0.00,0.00,2.00,1,1.00,2.00,0.00,0.00,,1280,12,82.41,82.41,88.10,88.10,78.85,78.85,79.55,79.55,75.00,75.00
Portugal,PRT,20200323,3.00,1,3.00,1,2.00,1,4.00,1,1.00,1,2.00,1,1.00,1,3.00,1.00,1,2.00,0.00,0.00,2.00,1,1.00,2.00,0.00,0.00,,1600,14,82.41,82.41,88.10,88.10,78.85,78.85,79.55,79.55,75.00,75.00
Portugal,PRT,20200324,3.00,1,3.00,1,2.00,1,4.00,1,1.00,1,2.00,1,1.00,1,3.00,1.00,1,2.00,0.00,0.00,2.00,1,1.00,2.00,0.00,0.00,,2060,23,82.41,82.41,88.10,88.10,78.85,78.85,79.55,79.55,75.00,75.00
Portugal,PRT,20200325,3.00,1,3.00,1,2.00,1,4.00,1,1.00,1,2.00,1,1.00,1,3.00,1.00,1,2.00,0.00,0.00,2.00,1,1.00,0.00,0.00,0.00,,2362,33,82.41,82.41,88.10,88.10,71.15,71.15,70.45,70.45,75.00,75.00
Portugal,PRT,20200326,3.00,1,3.00,1,2.00,1,4.00,1,1.00,1,2.00,1,1.00,1,3.00,1.00,1,2.00,0.00,0.00,2.00,1,2.00,0.00,0.00,0.00,,2995,43,82.41,82.41,88.10,88.10,73.72,73.72,73.48,73.48,75.00,75.00
Portugal,PRT,20200327,3.00,1,3.00,1,2.00,1,4.00,1,1.00,1,2.00,1,1.00,1,3.00,1.00,1,2.00,0.00,0.00,2.00,1,2.00,0.00,0.00,0.00,,3544,60,82.41,82.41,88.10,88.10,73.72,73.72,73.48,73.48,75.00,75.00
Portugal,PRT,20200328,3.00,1,3.00,1,2.00,1,4.00,1,1.00,1,2.00,1,1.00,1,3.00,1.00,1,2.00,0.00,0.00,2.00,1,2.00,0.00,0.00,0.00,,4268,76,82.41,82.41,88.10,88.10,73.72,73.72,73.48,73.48,75.00,75.00
Portugal,PRT,20200329,3.00,1,3.00,1,2.00,1,4.00,1,1.00,1,2.00,1,1.00,1,3.00,1.00,1,2.00,0.00,0.00,2.00,1,2.00,0.00,0.00,0.00,,5170,100,82.41,82.41,88.10,88.10,73.72,73.72,73.48,73.48,75.00,75.00
Portugal,PRT,20200330,3.00,1,3.00,1,2.00,1,4.00,1,1.00,1,2.00,1,1.00,1,3.00,1.00,1,2.00,0.00,0.00,2.00,1,2.00,0.00,0.00,0.00,,5962,119,82.41,82.41,88.10,88.10,73.72,73.72,73.48,73.48,75.00,75.00
Portugal,PRT,20200331,3.00,1,3.00,1,2.00,1,4.00,1,1.00,1,2.00,1,1.00,1,3.00,1.00,1,2.00,0.00,0.00,2.00,1,2.00,0.00,0.00,0.00,,6408,140,82.41,82.41,88.10,88.10,73.72,73.72,73.48,73.48,75.00,75.00
Portugal,PRT,20200401,3.00,1,3.00,1,2.00,1,4.00,1,1.00,1,2.00,1,1.00,1,3.00,1.00,1,2.00,0.00,0.00,2.00,1,2.00,0.00,0.00,0.00,,7443,160,82.41,82.41,88.10,88.10,73.72,73.72,73.48,73.48,75.00,75.00
Portugal,PRT,20200402,3.00,1,3.00,1,2.00,1,4.00,1,1.00,1,2.00,1,1.00,1,3.00,1.00,1,2.00,0.00,0.00,2.00,1,2.00,0.00,0.00,0.00,,8251,187,82.41,82.41,88.10,88.10,73.72,73.72,73.48,73.48,75.00,75.00
Portugal,PRT,20200403,3.00,1,3.00,1,2.00,1,4.00,1,1.00,1,2.00,1,1.00,1,3.00,1.00,1,2.00,0.00,0.00,2.00,1,2.00,0.00,0.00,0.00,,9034,209,82.41,82.41,88.10,88.10,73.72,73.72,73.48,73.48,75.00,75.00
Portugal,PRT,20200404,3.00,1,3.00,1,2.00,1,4.00,1,1.00,1,2.00,1,1.00,1,3.00,1.00,1,2.00,0.00,0.00,2.00,1,2.00,0.00,0.00,0.00,,9886,246,82.41,82.41,88.10,88.10,73.72,73.72,73.48,73.48,75.00,75.00
Portugal,PRT,20200405,3.00,1,3.00,1,2.00,1,4.00,1,1.00,1,2.00,1,1.00,1,3.00,1.00,1,2.00,0.00,0.00,2.00,1,2.00,0.00,0.00,0.00,,10524,266,82.41,82.41,88.10,88.10,73.72,73.72,73.48,73.48,75.00,75.00
Portugal,PRT,20200406,3.00,1,3.00,1,2.00,1,4.00,1,1.00,1,2.00,1,1.00,1,3.00,1.00,1,2.00,0.00,0.00,2.00,1,2.00,0.00,0.00,0.00,,11278,295,82.41,82.41,88.10,88.10,73.72,73.72,73.48,73.48,75.00,75.00
Portugal,PRT,20200407,3.00,1,3.00,1,2.00,1,4.00,1,1.00,1,2.00,1,1.00,1,3.00,1.00,1,2.00,0.00,0.00,2.00,1,2.00,0.00,0.00,0.00,,11730,311,82.41,82.41,88.10,88.10,73.72,73.72,73.48,73.48,75.00,75.00
Portugal,PRT,20200408,3.00,1,3.00,1,2.00,1,4.00,1,1.00,1,2.00,1,1.00,1,3.00,1.00,1,2.00,0.00,0.00,2.00,1,2.00,0.00,0.00,0.00,,12442,345,82.41,82.41,88.10,88.10,73.72,73.72,73.48,73.48,75.00,75.00
Portugal,PRT,20200409,3.00,1,3.00,1,2.00,1,4.00,1,1.00,1,2.00,1,2.00,1,3.00,1.00,1,2.00,0.00,0.00,2.00,1,2.00,0.00,0.00,0.00,,13141,380,87.96,87.96,91.67,91.67,77.56,77.56,78.03,78.03,75.00,75.00
Portugal,PRT,20200410,3.00,1,3.00,1,2.00,1,4.00,1,1.00,1,2.00,1,2.00,1,3.00,1.00,1,2.00,0.00,0.00,2.00,1,3.00,1.00,0.00,0.00,,13956,409,87.96,87.96,91.67,91.67,83.97,83.97,85.61,85.61,75.00,75.00
Portugal,PRT,20200411,3.00,1,3.00,1,2.00,1,4.00,1,1.00,1,2.00,1,2.00,1,3.00,1.00,1,2.00,0.00,0.00,2.00,1,3.00,1.00,0.00,0.00,,15472,435,87.96,87.96,91.67,91.67,83.97,83.97,85.61,85.61,75.00,75.00
Portugal,PRT,20200412,3.00,1,3.00,1,2.00,1,4.00,1,1.00,1,2.00,1,2.00,1,3.00,1.00,1,2.00,0.00,0.00,2.00,1,3.00,1.00,0.00,0.00,,15987,470,87.96,87.96,91.67,91.67,83.97,83.97,85.61,85.61,75.00,75.00
Portugal,PRT,20200413,3.00,1,3.00,1,2.00,1,4.00,1,1.00,1,2.00,1,2.00,1,3.00,1.00,1,2.00,0.00,0.00,2.00,1,3.00,1.00,0.00,0.00,,16585,504,87.96,87.96,91.67,91.67,83.97,83.97,85.61,85.61,75.00,75.00
Portugal,PRT,20200414,3.00,1,3.00,1,2.00,1,4.00,1,1.00,1,2.00,1,1.00,1,3.00,1.00,1,2.00,0.00,0.00,2.00,1,3.00,1.00,0.00,0.00,,16934,535,82.41,82.41,88.10,88.10,80.13,80.13,81.06,81.06,75.00,75.00
Portugal,PRT,20200415,3.00,1,3.00,1,2.00,1,4.00,1,1.00,1,2.00,1,1.00,1,3.00,1.00,1,2.00,0.00,0.00,2.00,1,3.00,1.00,0.00,0.00,,17448,567,82.41,82.41,88.10,88.10,80.13,80.13,81.06,81.06,75.00,75.00
Portugal,PRT,20200416,3.00,1,3.00,1,2.00,1,4.00,1,1.00,1,2.00,1,1.00,1,3.00,1.00,1,2.00,0.00,0.00,2.00,1,3.00,1.00,0.00,0.00,,18091,599,82.41,82.41,88.10,88.10,80.13,80.13,81.06,81.06,75.00,75.00
Portugal,PRT,20200417,3.00,1,3.00,1,2.00,1,4.00,1,1.00,1,2.00,1,1.00,1,3.00,1.00,1,2.00,0.00,0.00,2.00,1,3.00,1.00,0.00,0.00,,18841,629,82.41,82.41,88.10,88.10,80.13,80.13,81.06,81.06,75.00,75.00
Portugal,PRT,20200418,3.00,1,3.00,1,2.00,1,4.00,1,1.00,1,2.00,1,1.00,1,3.00,1.00,1,2.00,0.00,0.00,2.00,1,3.00,1.00,0.00,0.00,,19022,657,82.41,82.41,88.10,88.10,80.13,80.13,81.06,81.06,75.00,75.00
Portugal,PRT,20200419,3.00,1,3.00,1,2.00,1,4.00,1,1.00,1,2.00,1,1.00,1,3.00,1.00,1,2.00,0.00,0.00,2.00,1,3.00,1.00,0.00,0.00,,19685,687,82.41,82.41,88.10,88.10,80.13,80.13,81.06,81.06,75.00,75.00
Portugal,PRT,20200420,3.00,1,3.00,1,2.00,1,4.00,1,1.00,1,2.00,1,1.00,1,3.00,1.00,1,2.00,0.00,0.00,2.00,1,3.00,1.00,0.00,0.00,,20206,714,82.41,82.41,88.10,88.10,80.13,80.13,81.06,81.06,75.00,75.00
Portugal,PRT,20200421,3.00,1,3.00,1,2.00,1,4.00,1,1.00,1,2.00,1,1.00,1,3.00,1.00,1,2.00,0.00,0.00,2.00,1,3.00,1.00,0.00,0.00,,20863,735,82.41,82.41,88.10,88.10,80.13,80.13,81.06,81.06,75.00,75.00
Portugal,PRT,20200422,3.00,1,3.00,1,2.00,1,4.00,1,1.00,1,2.00,1,1.00,1,3.00,1.00,1,2.00,0.00,0.00,2.00,1,3.00,1.00,0.00,0.00,,21379,762,82.41,82.41,88.10,88.10,80.13,80.13,81.06,81.06,75.00,75.00
Portugal,PRT,20200423,3.00,1,3.00,1,2.00,1,4.00,1,1.00,1,2.00,1,1.00,1,3.00,1.00,1,2.00,0.00,0.00,2.00,1,3.00,1.00,0.00,0.00,,21982,785,82.41,82.41,88.10,88.10,80.13,80.13,81.06,81.06,75.00,75.00
Portugal,PRT,20200424,3.00,1,3.00,1,2.00,1,4.00,1,1.00,1,2.00,1,1.00,1,3.00,1.00,1,2.00,0.00,0.00,2.00,1,3.00,1.00,0.00,0.00,,22353,820,82.41,82.41,88.10,88.10,80.13,80.13,81.06,81.06,75.00,75.00
Portugal,PRT,20200425,3.00,1,3.00,1,2.00,1,4.00,1,1.00,1,2.00,1,1.00,1,3.00,1.00,1,2.00,0.00,0.00,2.00,1,3.00,1.00,0.00,0.00,,23271,880,82.41,82.41,88.10,88.10,80.13,80.13,81.06,81.06,75.00,75.00
Portugal,PRT,20200426,3.00,1,3.00,1,2.00,1,4.00,1,1.00,1,2.00,1,1.00,1,3.00,1.00,1,2.00,0.00,0.00,2.00,1,3.00,1.00,0.00,0.00,,23683,903,82.41,82.41,88.10,88.10,80.13,80.13,81.06,81.06,75.00,75.00
Portugal,PRT,20200427,3.00,1,3.00,1,2.00,1,4.00,1,1.00,1,2.00,1,1.00,1,3.00,1.00,1,2.00,0.00,0.00,2.00,1,3.00,1.00,0.00,0.00,,23846,928,82.41,82.41,88.10,88.10,80.13,80.13,81.06,81.06,75.00,75.00
Portugal,PRT,20200428,3.00,1,3.00,1,2.00,1,4.00,1,1.00,1,2.00,1,1.00,1,3.00,1.00,1,2.00,0.00,0.00,2.00,1,3.00,1.00,0.00,0.00,,24144,948,82.41,82.41,88.10,88.10,80.13,80.13,81.06,81.06,75.00,75.00
Portugal,PRT,20200429,3.00,1,3.00,1,2.00,1,4.00,1,1.00,1,2.00,1,1.00,1,3.00,1.00,1,2.00,0.00,0.00,2.00,1,3.00,1.00,0.00,0.00,,24324,973,82.41,82.41,88.10,88.10,80.13,80.13,81.06,81.06,75.00,75.00
Portugal,PRT,20200430,3.00,1,3.00,1,2.00,1,4.00,1,1.00,1,2.00,1,1.00,1,3.00,1.00,1,2.00,0.00,0.00,2.00,1,3.00,1.00,0.00,0.00,,24692,989,82.41,82.41,88.10,88.10,80.13,80.13,81.06,81.06,75.00,75.00
Portugal,PRT,20200501,3.00,1,3.00,1,2.00,1,4.00,1,1.00,1,2.00,1,2.00,1,3.00,1.00,1,2.00,0.00,0.00,2.00,1,3.00,1.00,0.00,0.00,,24987,1007,87.96,87.96,91.67,91.67,83.97,83.97,85.61,85.61,75.00,75.00
Portugal,PRT,20200502,3.00,1,3.00,1,2.00,1,4.00,1,1.00,1,2.00,1,2.00,1,3.00,1.00,1,2.00,0.00,0.00,2.00,1,3.00,1.00,0.00,0.00,,25351,1007,87.96,87.96,91.67,91.67,83.97,83.97,85.61,85.61,75.00,75.00
Portugal,PRT,20200503,3.00,1,3.00,1,2.00,1,4.00,1,1.00,1,2.00,1,2.00,1,3.00,1.00,1,2.00,0.00,0.00,2.00,1,3.00,1.00,0.00,0.00,,25190,1023,87.96,87.96,91.67,91.67,83.97,83.97,85.61,85.61,75.00,75.00
Portugal,PRT,20200504,3.00,1,2.00,1,2.00,1,4.00,1,1.00,1,1.00,1,1.00,1,3.00,1.00,1,2.00,0.00,0.00,2.00,1,3.00,1.00,0.00,10819830.00,,25524,1063,75.00,75.00,83.33,83.33,75.00,75.00,75.00,75.00,75.00,75.00
Portugal,PRT,20200505,3.00,1,2.00,1,2.00,1,4.00,1,1.00,1,1.00,1,1.00,1,3.00,1.00,1,2.00,0.00,0.00,2.00,1,3.00,1.00,0.00,0.00,,25524,1063,75.00,75.00,83.33,83.33,75.00,75.00,75.00,75.00,75.00,75.00
Portugal,PRT,20200506,3.00,1,2.00,1,2.00,1,4.00,1,1.00,1,1.00,1,1.00,1,3.00,1.00,1,2.00,0.00,0.00,2.00,1,3.00,1.00,0.00,0.00,,25702,1074,75.00,75.00,83.33,83.33,75.00,75.00,75.00,75.00,75.00,75.00
Portugal,PRT,20200507,3.00,1,2.00,1,2.00,1,4.00,1,1.00,1,1.00,1,1.00,1,3.00,1.00,1,2.00,0.00,0.00,2.00,1,3.00,1.00,0.00,0.00,,26182,1089,75.00,75.00,83.33,83.33,75.00,75.00,75.00,75.00,75.00,75.00
Portugal,PRT,20200508,3.00,1,2.00,1,2.00,1,4.00,1,1.00,1,1.00,1,1.00,1,3.00,1.00,1,2.00,0.00,0.00,2.00,1,3.00,1.00,0.00,0.00,,26715,1105,75.00,75.00,83.33,83.33,75.00,75.00,75.00,75.00,75.00,75.00
Portugal,PRT,20200509,3.00,1,2.00,1,2.00,1,4.00,1,1.00,1,1.00,1,1.00,1,3.00,1.00,1,2.00,0.00,0.00,2.00,1,3.00,1.00,0.00,0.00,,27268,1114,75.00,75.00,83.33,83.33,75.00,75.00,75.00,75.00,75.00,75.00
Portugal,PRT,20200510,3.00,1,2.00,1,2.00,1,4.00,1,1.00,1,1.00,1,1.00,1,3.00,1.00,1,2.00,0.00,0.00,2.00,1,3.00,1.00,0.00,0.00,,27406,1126,75.00,75.00,83.33,83.33,75.00,75.00,75.00,75.00,75.00,75.00
Portugal,PRT,20200511,3.00,1,2.00,1,2.00,1,4.00,1,1.00,1,1.00,1,1.00,1,3.00,1.00,1,2.00,0.00,0.00,2.00,1,3.00,1.00,0.00,0.00,,27581,1135,75.00,75.00,83.33,83.33,75.00,75.00,75.00,75.00,75.00,75.00
Portugal,PRT,20200512,3.00,1,2.00,1,2.00,1,4.00,1,1.00,1,1.00,1,1.00,1,3.00,1.00,1,2.00,0.00,0.00,2.00,1,3.00,1.00,0.00,0.00,,27679,1144,75.00,75.00,83.33,83.33,75.00,75.00,75.00,75.00,75.00,75.00
Portugal,PRT,20200513,3.00,1,2.00,1,2.00,1,4.00,1,1.00,1,1.00,1,1.00,1,3.00,1.00,1,2.00,0.00,0.00,2.00,1,3.00,1.00,0.00,0.00,,27913,1163,75.00,75.00,83.33,83.33,75.00,75.00,75.00,75.00,75.00,75.00
Portugal,PRT,20200514,3.00,1,2.00,1,2.00,1,4.00,1,1.00,1,1.00,1,1.00,1,3.00,1.00,1,2.00,0.00,0.00,2.00,1,3.00,1.00,0.00,0.00,,28132,1175,75.00,75.00,83.33,83.33,75.00,75.00,75.00,75.00,75.00,75.00
Portugal,PRT,20200515,3.00,1,2.00,1,2.00,1,4.00,1,1.00,1,1.00,1,1.00,1,3.00,1.00,1,2.00,0.00,0.00,2.00,1,3.00,1.00,0.00,0.00,,28319,1184,75.00,75.00,83.33,83.33,75.00,75.00,75.00,75.00,75.00,75.00
Portugal,PRT,20200516,3.00,1,2.00,1,2.00,1,4.00,1,1.00,1,1.00,1,1.00,1,3.00,1.00,1,2.00,0.00,0.00,2.00,1,3.00,1.00,0.00,0.00,,28583,1190,75.00,75.00,83.33,83.33,75.00,75.00,75.00,75.00,75.00,75.00
Portugal,PRT,20200517,3.00,1,2.00,1,2.00,1,4.00,1,1.00,1,1.00,1,1.00,1,3.00,1.00,1,1.00,0.00,0.00,2.00,1,3.00,1.00,0.00,0.00,,28810,1203,75.00,75.00,83.33,83.33,71.15,71.15,75.00,75.00,50.00,50.00
Portugal,PRT,20200518,2.00,1,2.00,1,2.00,1,4.00,1,1.00,1,1.00,1,1.00,1,3.00,1.00,1,1.00,0.00,0.00,2.00,1,3.00,1.00,0.00,0.00,,29036,1218,71.30,71.30,79.76,79.76,68.59,68.59,71.97,71.97,50.00,50.00
Portugal,PRT,20200519,2.00,1,2.00,1,2.00,1,4.00,1,1.00,1,1.00,1,1.00,1,3.00,1.00,1,1.00,0.00,0.00,2.00,1,3.00,1.00,0.00,0.00,,29209,1231,71.30,71.30,79.76,79.76,68.59,68.59,71.97,71.97,50.00,50.00
Portugal,PRT,20200520,2.00,1,2.00,1,2.00,1,4.00,1,1.00,1,1.00,1,1.00,1,3.00,1.00,1,1.00,0.00,0.00,2.00,1,3.00,1.00,0.00,0.00,,29432,1247,71.30,71.30,79.76,79.76,68.59,68.59,71.97,71.97,50.00,50.00
Portugal,PRT,20200521,2.00,1,2.00,1,2.00,1,4.00,1,1.00,1,1.00,1,1.00,1,3.00,1.00,1,1.00,0.00,0.00,2.00,1,3.00,1.00,0.00,0.00,,29660,1263,71.30,71.30,79.76,79.76,68.59,68.59,71.97,71.97,50.00,50.00
Portugal,PRT,20200522,2.00,1,2.00,1,2.00,1,4.00,1,1.00,1,1.00,1,1.00,1,3.00,1.00,1,1.00,0.00,0.00,2.00,1,3.00,1.00,0.00,0.00,,29912,1277,71.30,71.30,79.76,79.76,68.59,68.59,71.97,71.97,50.00,50.00
Portugal,PRT,20200523,2.00,1,2.00,1,2.00,1,4.00,1,1.00,1,1.00,1,1.00,1,3.00,1.00,1,1.00,0.00,0.00,2.00,1,3.00,1.00,0.00,0.00,,30200,1289,71.30,71.30,79.76,79.76,68.59,68.59,71.97,71.97,50.00,50.00
Portugal,PRT,20200524,2.00,1,2.00,1,2.00,1,4.00,1,1.00,1,1.00,1,1.00,1,3.00,1.00,1,1.00,0.00,0.00,2.00,1,3.00,1.00,0.00,0.00,,30471,1302,71.30,71.30,79.76,79.76,68.59,68.59,71.97,71.97,50.00,50.00
Portugal,PRT,20200525,2.00,1,2.00,1,2.00,1,4.00,1,1.00,1,1.00,1,1.00,1,3.00,1.00,1,1.00,0.00,0.00,2.00,1,3.00,1.00,0.00,0.00,,30623,1316,71.30,71.30,79.76,79.76,68.59,68.59,71.97,71.97,50.00,50.00
Portugal,PRT,20200526,2.00,1,2.00,1,2.00,1,4.00,1,1.00,1,1.00,1,1.00,1,3.00,1.00,1,1.00,0.00,0.00,2.00,1,3.00,1.00,0.00,0.00,,30788,1330,71.30,71.30,79.76,79.76,68.59,68.59,71.97,71.97,50.00,50.00
Portugal,PRT,20200527,2.00,1,2.00,1,2.00,1,4.00,1,1.00,1,1.00,1,1.00,1,3.00,1.00,1,1.00,0.00,0.00,2.00,1,3.00,1.00,0.00,0.00,,31007,1342,71.30,71.30,79.76,79.76,68.59,68.59,71.97,71.97,50.00,50.00
Portugal,PRT,20200528,2.00,1,2.00,1,2.00,1,4.00,1,1.00,1,1.00,1,1.00,1,3.00,1.00,1,1.00,0.00,0.00,2.00,1,3.00,1.00,0.00,0.00,,31292,1356,71.30,71.30,79.76,79.76,68.59,68.59,71.97,71.97,50.00,50.00
Portugal,PRT,20200529,2.00,1,2.00,1,2.00,1,4.00,1,1.00,1,1.00,1,1.00,1,3.00,1.00,1,1.00,0.00,0.00,2.00,1,3.00,1.00,0.00,0.00,,31596,1369,71.30,71.30,79.76,79.76,68.59,68.59,71.97,71.97,50.00,50.00
Portugal,PRT,20200530,2.00,1,2.00,1,2.00,1,4.00,1,1.00,1,1.00,1,1.00,1,3.00,1.00,1,1.00,0.00,0.00,2.00,1,3.00,1.00,0.00,0.00,,31946,1383,71.30,71.30,79.76,79.76,68.59,68.59,71.97,71.97,50.00,50.00
Portugal,PRT,20200531,2.00,1,2.00,1,2.00,1,4.00,1,1.00,1,1.00,1,1.00,1,3.00,1.00,1,1.00,0.00,0.00,2.00,1,3.00,1.00,0.00,0.00,,32203,1396,71.30,71.30,79.76,79.76,68.59,68.59,71.97,71.97,50.00,50.00
Portugal,PRT,20200601,2.00,1,2.00,1,2.00,1,4.00,1,1.00,1,1.00,1,1.00,1,3.00,1.00,1,1.00,0.00,0.00,2.00,1,3.00,1.00,0.00,0.00,,32500,1410,71.30,71.30,79.76,79.76,68.59,68.59,71.97,71.97,50.00,50.00
Portugal,PRT,20200602,2.00,1,2.00,1,2.00,1,4.00,1,1.00,1,1.00,1,1.00,1,3.00,1.00,1,1.00,0.00,0.00,2.00,1,3.00,1.00,0.00,0.00,,32700,1424,71.30,71.30,79.76,79.76,68.59,68.59,71.97,71.97,50.00,50.00
Portugal,PRT,20200603,2.00,1,2.00,1,2.00,1,4.00,1,1.00,1,1.00,1,1.00,1,3.00,1.00,1,1.00,0.00,0.00,2.00,1,3.00,1.00,0.00,0.00,,32895,1436,71.30,71.30,79.76,79.76,68.59,68.59,71.97,71.97,50.00,50.00
Portugal,PRT,20200604,2.00,1,2.00,1,2.00,1,4.00,1,1.00,1,1.00,1,1.00,1,3.00,1.00,1,1.00,0.00,0.00,2.00,1,3.00,1.00,0.00,0.00,,33261,1447,71.30,71.30,79.76,79.76,68.59,68.59,71.97,71.97,50.00,50.00
Portugal,PRT,20200605,2.00,1,2.00,1,2.00,1,4.00,1,1.00,1,1.00,1,1.00,1,3.00,1.00,1,1.00,,0.00,2.00,1,3.00,1.00,0.00,0.00,,33592,1455,71.30,71.30,79.76,79.76,68.59,68.59,71.97,71.97,50.00,50.00
Portugal,PRT,20200606,2.00,1,2.00,1,2.00,1,4.00,1,1.00,1,1.00,1,1.00,1,3.00,1.00,1,1.00,,0.00,2.00,1,3.00,1.00,0.00,0.00,,33969,1465,71.30,71.30,79.76,79.76,68.59,68.59,71.97,71.97,50.00,50.00
Portugal,PRT,20200607,2.00,1,2.00,1,2.00,1,4.00,1,1.00,1,1.00,1,1.00,1,3.00,1.00,1,1.00,,0.00,2.00,1,3.00,1.00,0.00,0.00,,34351,1474,71.30,71.30,79.76,79.76,68.59,68.59,71.97,71.97,50.00,50.00
Portugal,PRT,20200608,2.00,1,2.00,1,2.00,1,4.00,1,1.00,1,1.00,1,1.00,1,3.00,1.00,1,1.00,,0.00,2.00,1,3.00,1.00,0.00,0.00,,34493,1479,71.30,71.30,79.76,79.76,68.59,68.59,71.97,71.97,50.00,50.00
Portugal,PRT,20200609,2.00,1,2.00,1,2.00,1,4.00,1,1.00,1,1.00,1,1.00,1,3.00,1.00,1,1.00,,0.00,2.00,1,3.00,1.00,0.00,0.00,,34885,1485,71.30,71.30,79.76,79.76,68.59,68.59,71.97,71.97,50.00,50.00
Portugal,PRT,20200610,2.00,1,2.00,1,2.00,1,4.00,1,1.00,1,1.00,1,1.00,1,3.00,1.00,1,1.00,,0.00,2.00,1,3.00,1.00,0.00,0.00,,35306,1492,71.30,71.30,79.76,79.76,68.59,68.59,71.97,71.97,50.00,50.00
Portugal,PRT,20200611,2.00,1,2.00,1,2.00,1,4.00,1,1.00,1,1.00,1,1.00,1,3.00,1.00,1,1.00,,0.00,2.00,1,3.00,1.00,0.00,0.00,,35600,1495,71.30,71.30,79.76,79.76,68.59,68.59,71.97,71.97,50.00,50.00
Portugal,PRT,20200612,2.00,1,2.00,1,2.00,1,4.00,1,1.00,1,1.00,1,1.00,1,3.00,1.00,1,1.00,,0.00,2.00,1,3.00,1.00,0.00,0.00,,35910,1504,71.30,71.30,79.76,79.76,68.59,68.59,71.97,71.97,50.00,50.00
Portugal,PRT,20200613,2.00,1,2.00,1,2.00,1,4.00,1,1.00,1,1.00,1,1.00,1,3.00,1.00,1,1.00,,0.00,2.00,1,3.00,1.00,0.00,0.00,,36180,1505,71.30,71.30,79.76,79.76,68.59,68.59,71.97,71.97,50.00,50.00
Portugal,PRT,20200614,,,,,,,,,,,,,,,,1.00,1,,,,,,,,,,,36463,1512,,,,,,,,,,
Portugal,PRT,20200615,,,,,,,,,,,,,,,,1.00,1,,,,,,,,,,,36690,1517,,,,,,,,,,
Portugal,PRT,20200616,,,,,,,,,,,,,,,,1.00,1,,,,,,,,,,,37036,1520,,,,,,,,,,
Portugal,PRT,20200617,,,,,,,,,,,,,,,,1.00,1,,,,,,,,,,,37336,1522,,71.30,,79.76,,68.59,,71.97,,50.00
Portugal,PRT,20200618,,,,,,,,,,,,,,,,1.00,1,,,,,,,,,,,37672,1523,,71.30,,79.76,,68.59,,71.97,,50.00
Portugal,PRT,20200619,,,,,,,,,,,,,,,,1.00,1,,,,,,,,,,,38089,1524,,71.30,,79.76,,68.59,,71.97,,50.00
Portugal,PRT,20200620,,,,,,,,,,,,,,,,1.00,1,,,,,,,,,,,38464,1527,,71.30,,79.76,,68.59,,71.97,,50.00
Portugal,PRT,20200621,,,,,,,,,,,,,,,,1.00,1,,,,,,,,,,,38841,1528,,71.30,,79.76,,68.59,,71.97,,50.00
Portugal,PRT,20200622,,,,,,,,,,,,,,,,1.00,1,,,,,,,,,,,39133,1530,,71.30,,79.76,,68.59,,71.97,,50.00
Portugal,PRT,20200623,,,,,,,,,,,,,,,,1.00,1,,,,,,,,,,,39392,1534,,71.30,,79.76,,68.59,,71.97,,50.00
