Peru,PER,20200101,0.00,,0.00,,0.00,,0.00,,0.00,,0.00,,0.00,,0.00,0.00,,0.00,0.00,0.00,0.00,,0.00,0.00,0.00,0.00,,,,0.00,0.00,0.00,0.00,0.00,0.00,0.00,0.00,0.00,0.00
Peru,PER,20200102,0.00,,0.00,,0.00,,0.00,,0.00,,0.00,,0.00,,0.00,0.00,,0.00,0.00,0.00,0.00,,0.00,0.00,0.00,0.00,,,,0.00,0.00,0.00,0.00,0.00,0.00,0.00,0.00,0.00,0.00
Peru,PER,20200103,0.00,,0.00,,0.00,,0.00,,0.00,,0.00,,0.00,,0.00,0.00,,0.00,0.00,0.00,0.00,,0.00,0.00,0.00,0.00,,,,0.00,0.00,0.00,0.00,0.00,0.00,0.00,0.00,0.00,0.00
Peru,PER,20200104,0.00,,0.00,,0.00,,0.00,,0.00,,0.00,,0.00,,0.00,0.00,,0.00,0.00,0.00,0.00,,0.00,0.00,0.00,0.00,,,,0.00,0.00,0.00,0.00,0.00,0.00,0.00,0.00,0.00,0.00
Peru,PER,20200105,0.00,,0.00,,0.00,,0.00,,0.00,,0.00,,0.00,,0.00,0.00,,0.00,0.00,0.00,0.00,,0.00,0.00,0.00,0.00,,,,0.00,0.00,0.00,0.00,0.00,0.00,0.00,0.00,0.00,0.00
Peru,PER,20200106,0.00,,0.00,,0.00,,0.00,,0.00,,0.00,,0.00,,0.00,0.00,,0.00,0.00,0.00,0.00,,0.00,0.00,0.00,0.00,,,,0.00,0.00,0.00,0.00,0.00,0.00,0.00,0.00,0.00,0.00
Peru,PER,20200107,0.00,,0.00,,0.00,,0.00,,0.00,,0.00,,0.00,,0.00,0.00,,0.00,0.00,0.00,0.00,,0.00,0.00,0.00,0.00,,,,0.00,0.00,0.00,0.00,0.00,0.00,0.00,0.00,0.00,0.00
Peru,PER,20200108,0.00,,0.00,,0.00,,0.00,,0.00,,0.00,,0.00,,0.00,0.00,,0.00,0.00,0.00,0.00,,0.00,0.00,0.00,0.00,,,,0.00,0.00,0.00,0.00,0.00,0.00,0.00,0.00,0.00,0.00
Peru,PER,20200109,0.00,,0.00,,0.00,,0.00,,0.00,,0.00,,0.00,,0.00,0.00,,0.00,0.00,0.00,0.00,,0.00,0.00,0.00,0.00,,,,0.00,0.00,0.00,0.00,0.00,0.00,0.00,0.00,0.00,0.00
Peru,PER,20200110,0.00,,0.00,,0.00,,0.00,,0.00,,0.00,,0.00,,0.00,0.00,,0.00,0.00,0.00,0.00,,0.00,0.00,0.00,0.00,,,,0.00,0.00,0.00,0.00,0.00,0.00,0.00,0.00,0.00,0.00
Peru,PER,20200111,0.00,,0.00,,0.00,,0.00,,0.00,,0.00,,0.00,,0.00,0.00,,0.00,0.00,0.00,0.00,,0.00,0.00,0.00,0.00,,,,0.00,0.00,0.00,0.00,0.00,0.00,0.00,0.00,0.00,0.00
Peru,PER,20200112,0.00,,0.00,,0.00,,0.00,,0.00,,0.00,,0.00,,0.00,0.00,,0.00,0.00,0.00,0.00,,0.00,0.00,0.00,0.00,,,,0.00,0.00,0.00,0.00,0.00,0.00,0.00,0.00,0.00,0.00
Peru,PER,20200113,0.00,,0.00,,0.00,,0.00,,0.00,,0.00,,0.00,,0.00,0.00,,0.00,0.00,0.00,0.00,,0.00,0.00,0.00,0.00,,,,0.00,0.00,0.00,0.00,0.00,0.00,0.00,0.00,0.00,0.00
Peru,PER,20200114,0.00,,0.00,,0.00,,0.00,,0.00,,0.00,,0.00,,0.00,0.00,,0.00,0.00,0.00,0.00,,0.00,0.00,0.00,0.00,,,,0.00,0.00,0.00,0.00,0.00,0.00,0.00,0.00,0.00,0.00
Peru,PER,20200115,0.00,,0.00,,0.00,,0.00,,0.00,,0.00,,0.00,,0.00,0.00,,0.00,0.00,0.00,0.00,,0.00,0.00,0.00,0.00,,,,0.00,0.00,0.00,0.00,0.00,0.00,0.00,0.00,0.00,0.00
Peru,PER,20200116,0.00,,0.00,,0.00,,0.00,,0.00,,0.00,,0.00,,0.00,0.00,,0.00,0.00,0.00,0.00,,0.00,0.00,0.00,0.00,,,,0.00,0.00,0.00,0.00,0.00,0.00,0.00,0.00,0.00,0.00
Peru,PER,20200117,0.00,,0.00,,0.00,,0.00,,0.00,,0.00,,0.00,,0.00,0.00,,0.00,0.00,0.00,0.00,,0.00,0.00,0.00,0.00,,,,0.00,0.00,0.00,0.00,0.00,0.00,0.00,0.00,0.00,0.00
Peru,PER,20200118,0.00,,0.00,,0.00,,0.00,,0.00,,0.00,,0.00,,0.00,0.00,,0.00,0.00,0.00,0.00,,0.00,0.00,0.00,0.00,,,,0.00,0.00,0.00,0.00,0.00,0.00,0.00,0.00,0.00,0.00
Peru,PER,20200119,0.00,,0.00,,0.00,,0.00,,0.00,,0.00,,0.00,,0.00,0.00,,0.00,0.00,0.00,0.00,,0.00,0.00,0.00,0.00,,,,0.00,0.00,0.00,0.00,0.00,0.00,0.00,0.00,0.00,0.00
Peru,PER,20200120,0.00,,0.00,,0.00,,0.00,,0.00,,0.00,,0.00,,0.00,0.00,,0.00,0.00,0.00,0.00,,0.00,0.00,0.00,0.00,,,,0.00,0.00,0.00,0.00,0.00,0.00,0.00,0.00,0.00,0.00
Peru,PER,20200121,0.00,,0.00,,0.00,,0.00,,0.00,,0.00,,0.00,,0.00,0.00,,0.00,0.00,0.00,0.00,,0.00,0.00,0.00,0.00,,,,0.00,0.00,0.00,0.00,0.00,0.00,0.00,0.00,0.00,0.00
Peru,PER,20200122,0.00,,0.00,,0.00,,0.00,,0.00,,0.00,,0.00,,0.00,0.00,,0.00,0.00,0.00,0.00,,0.00,0.00,0.00,0.00,,,,0.00,0.00,0.00,0.00,0.00,0.00,0.00,0.00,0.00,0.00
Peru,PER,20200123,0.00,,0.00,,0.00,,0.00,,0.00,,0.00,,0.00,,0.00,0.00,,0.00,0.00,0.00,0.00,,0.00,0.00,0.00,0.00,,,,0.00,0.00,0.00,0.00,0.00,0.00,0.00,0.00,0.00,0.00
Peru,PER,20200124,0.00,,0.00,,0.00,,0.00,,0.00,,0.00,,0.00,,0.00,0.00,,0.00,0.00,0.00,0.00,,0.00,0.00,0.00,0.00,,,,0.00,0.00,0.00,0.00,0.00,0.00,0.00,0.00,0.00,0.00
Peru,PER,20200125,0.00,,0.00,,0.00,,0.00,,0.00,,0.00,,0.00,,0.00,0.00,,0.00,0.00,0.00,0.00,,0.00,0.00,0.00,0.00,,,,0.00,0.00,0.00,0.00,0.00,0.00,0.00,0.00,0.00,0.00
Peru,PER,20200126,0.00,,0.00,,0.00,,0.00,,0.00,,0.00,,0.00,,0.00,0.00,,0.00,0.00,0.00,0.00,,0.00,0.00,0.00,0.00,,,,0.00,0.00,0.00,0.00,0.00,0.00,0.00,0.00,0.00,0.00
Peru,PER,20200127,0.00,,0.00,,0.00,,0.00,,0.00,,0.00,,0.00,,0.00,0.00,,0.00,0.00,0.00,0.00,,0.00,0.00,0.00,0.00,,,,0.00,0.00,0.00,0.00,0.00,0.00,0.00,0.00,0.00,0.00
Peru,PER,20200128,0.00,,0.00,,0.00,,0.00,,0.00,,0.00,,0.00,,0.00,0.00,,0.00,0.00,0.00,0.00,,0.00,0.00,0.00,0.00,,,,0.00,0.00,0.00,0.00,0.00,0.00,0.00,0.00,0.00,0.00
Peru,PER,20200129,0.00,,0.00,,0.00,,0.00,,0.00,,0.00,,0.00,,0.00,0.00,,0.00,0.00,0.00,0.00,,0.00,0.00,0.00,0.00,,,,0.00,0.00,0.00,0.00,0.00,0.00,0.00,0.00,0.00,0.00
Peru,PER,20200130,0.00,,0.00,,0.00,,0.00,,0.00,,0.00,,0.00,,0.00,0.00,,0.00,0.00,0.00,0.00,,0.00,0.00,0.00,0.00,,,,0.00,0.00,0.00,0.00,0.00,0.00,0.00,0.00,0.00,0.00
Peru,PER,20200131,0.00,,0.00,,0.00,,0.00,,0.00,,0.00,,0.00,,0.00,0.00,,0.00,0.00,0.00,0.00,,1.00,0.00,0.00,0.00,,,,0.00,0.00,0.00,0.00,2.56,2.56,3.03,3.03,0.00,0.00
Peru,PER,20200201,0.00,,0.00,,0.00,,0.00,,0.00,,0.00,,0.00,,0.00,0.00,,0.00,0.00,0.00,0.00,,1.00,0.00,0.00,0.00,,,,0.00,0.00,0.00,0.00,2.56,2.56,3.03,3.03,0.00,0.00
Peru,PER,20200202,0.00,,0.00,,0.00,,0.00,,0.00,,0.00,,0.00,,0.00,0.00,,0.00,0.00,0.00,0.00,,1.00,0.00,0.00,0.00,,,,0.00,0.00,0.00,0.00,2.56,2.56,3.03,3.03,0.00,0.00
Peru,PER,20200203,0.00,,0.00,,0.00,,0.00,,0.00,,0.00,,0.00,,0.00,0.00,,0.00,0.00,0.00,0.00,,1.00,0.00,0.00,0.00,,,,0.00,0.00,0.00,0.00,2.56,2.56,3.03,3.03,0.00,0.00
Peru,PER,20200204,0.00,,0.00,,0.00,,0.00,,0.00,,0.00,,0.00,,0.00,0.00,,0.00,0.00,0.00,0.00,,1.00,0.00,0.00,0.00,,,,0.00,0.00,0.00,0.00,2.56,2.56,3.03,3.03,0.00,0.00
Peru,PER,20200205,0.00,,0.00,,0.00,,0.00,,0.00,,0.00,,0.00,,0.00,0.00,,0.00,0.00,0.00,0.00,,1.00,0.00,0.00,0.00,,,,0.00,0.00,0.00,0.00,2.56,2.56,3.03,3.03,0.00,0.00
Peru,PER,20200206,0.00,,0.00,,0.00,,0.00,,0.00,,0.00,,0.00,,0.00,0.00,,0.00,0.00,0.00,0.00,,1.00,0.00,0.00,0.00,,,,0.00,0.00,0.00,0.00,2.56,2.56,3.03,3.03,0.00,0.00
Peru,PER,20200207,0.00,,0.00,,0.00,,0.00,,0.00,,0.00,,0.00,,0.00,0.00,,0.00,0.00,0.00,0.00,,1.00,0.00,0.00,0.00,,,,0.00,0.00,0.00,0.00,2.56,2.56,3.03,3.03,0.00,0.00
Peru,PER,20200208,0.00,,0.00,,0.00,,0.00,,0.00,,0.00,,0.00,,0.00,0.00,,0.00,0.00,0.00,0.00,,1.00,0.00,0.00,0.00,,,,0.00,0.00,0.00,0.00,2.56,2.56,3.03,3.03,0.00,0.00
Peru,PER,20200209,0.00,,0.00,,0.00,,0.00,,0.00,,0.00,,0.00,,0.00,0.00,,0.00,0.00,0.00,0.00,,1.00,0.00,0.00,0.00,,,,0.00,0.00,0.00,0.00,2.56,2.56,3.03,3.03,0.00,0.00
Peru,PER,20200210,0.00,,0.00,,0.00,,0.00,,0.00,,0.00,,0.00,,0.00,0.00,,0.00,0.00,0.00,0.00,,1.00,0.00,0.00,0.00,,,,0.00,0.00,0.00,0.00,2.56,2.56,3.03,3.03,0.00,0.00
Peru,PER,20200211,0.00,,0.00,,0.00,,0.00,,0.00,,0.00,,0.00,,0.00,0.00,,0.00,0.00,0.00,0.00,,1.00,0.00,0.00,0.00,,,,0.00,0.00,0.00,0.00,2.56,2.56,3.03,3.03,0.00,0.00
Peru,PER,20200212,0.00,,0.00,,0.00,,0.00,,0.00,,0.00,,0.00,,0.00,0.00,,0.00,0.00,0.00,0.00,,1.00,0.00,0.00,0.00,,,,0.00,0.00,0.00,0.00,2.56,2.56,3.03,3.03,0.00,0.00
Peru,PER,20200213,0.00,,0.00,,0.00,,0.00,,0.00,,0.00,,0.00,,0.00,0.00,,0.00,0.00,0.00,0.00,,1.00,0.00,0.00,0.00,,,,0.00,0.00,0.00,0.00,2.56,2.56,3.03,3.03,0.00,0.00
Peru,PER,20200214,0.00,,0.00,,0.00,,0.00,,0.00,,0.00,,0.00,,0.00,0.00,,0.00,0.00,0.00,0.00,,1.00,0.00,0.00,0.00,,,,0.00,0.00,0.00,0.00,2.56,2.56,3.03,3.03,0.00,0.00
Peru,PER,20200215,0.00,,0.00,,0.00,,0.00,,0.00,,0.00,,0.00,,0.00,0.00,,0.00,0.00,0.00,0.00,,1.00,0.00,0.00,0.00,,,,0.00,0.00,0.00,0.00,2.56,2.56,3.03,3.03,0.00,0.00
Peru,PER,20200216,0.00,,0.00,,0.00,,0.00,,0.00,,0.00,,0.00,,0.00,0.00,,0.00,0.00,0.00,0.00,,1.00,0.00,0.00,0.00,,,,0.00,0.00,0.00,0.00,2.56,2.56,3.03,3.03,0.00,0.00
Peru,PER,20200217,0.00,,0.00,,0.00,,0.00,,0.00,,0.00,,0.00,,0.00,0.00,,0.00,0.00,0.00,0.00,,1.00,0.00,0.00,0.00,,,,0.00,0.00,0.00,0.00,2.56,2.56,3.03,3.03,0.00,0.00
Peru,PER,20200218,0.00,,0.00,,0.00,,0.00,,0.00,,0.00,,0.00,,0.00,0.00,,0.00,0.00,0.00,0.00,,1.00,0.00,0.00,0.00,,,,0.00,0.00,0.00,0.00,2.56,2.56,3.03,3.03,0.00,0.00
Peru,PER,20200219,0.00,,0.00,,0.00,,0.00,,0.00,,0.00,,0.00,,0.00,0.00,,0.00,0.00,0.00,0.00,,1.00,0.00,0.00,0.00,,,,0.00,0.00,0.00,0.00,2.56,2.56,3.03,3.03,0.00,0.00
Peru,PER,20200220,0.00,,0.00,,0.00,,0.00,,0.00,,0.00,,0.00,,0.00,0.00,,0.00,0.00,0.00,0.00,,1.00,0.00,0.00,0.00,,,,0.00,0.00,0.00,0.00,2.56,2.56,3.03,3.03,0.00,0.00
Peru,PER,20200221,0.00,,0.00,,0.00,,0.00,,0.00,,0.00,,0.00,,0.00,0.00,,0.00,0.00,0.00,0.00,,1.00,0.00,0.00,0.00,,,,0.00,0.00,0.00,0.00,2.56,2.56,3.03,3.03,0.00,0.00
Peru,PER,20200222,0.00,,0.00,,0.00,,0.00,,0.00,,0.00,,0.00,,0.00,0.00,,0.00,0.00,0.00,0.00,,1.00,0.00,0.00,0.00,,,,0.00,0.00,0.00,0.00,2.56,2.56,3.03,3.03,0.00,0.00
Peru,PER,20200223,0.00,,0.00,,0.00,,0.00,,0.00,,0.00,,0.00,,0.00,0.00,,0.00,0.00,0.00,0.00,,1.00,0.00,0.00,0.00,,,,0.00,0.00,0.00,0.00,2.56,2.56,3.03,3.03,0.00,0.00
Peru,PER,20200224,0.00,,0.00,,0.00,,0.00,,0.00,,0.00,,0.00,,0.00,0.00,,0.00,0.00,0.00,0.00,,1.00,0.00,0.00,0.00,,,,0.00,0.00,0.00,0.00,2.56,2.56,3.03,3.03,0.00,0.00
Peru,PER,20200225,0.00,,0.00,,0.00,,0.00,,0.00,,0.00,,0.00,,0.00,0.00,,0.00,0.00,0.00,0.00,,1.00,0.00,0.00,0.00,,,,0.00,0.00,0.00,0.00,2.56,2.56,3.03,3.03,0.00,0.00
Peru,PER,20200226,0.00,,0.00,,0.00,,0.00,,0.00,,0.00,,0.00,,0.00,0.00,,0.00,0.00,0.00,0.00,,1.00,0.00,0.00,0.00,,,,0.00,0.00,0.00,0.00,2.56,2.56,3.03,3.03,0.00,0.00
Peru,PER,20200227,0.00,,0.00,,0.00,,0.00,,0.00,,0.00,,0.00,,0.00,0.00,,0.00,0.00,0.00,0.00,,1.00,0.00,0.00,0.00,,,,0.00,0.00,0.00,0.00,2.56,2.56,3.03,3.03,0.00,0.00
Peru,PER,20200228,0.00,,0.00,,0.00,,0.00,,0.00,,0.00,,0.00,,0.00,0.00,,0.00,0.00,0.00,0.00,,1.00,0.00,0.00,0.00,,,,0.00,0.00,0.00,0.00,2.56,2.56,3.03,3.03,0.00,0.00
Peru,PER,20200229,0.00,,0.00,,0.00,,0.00,,0.00,,0.00,,0.00,,0.00,0.00,,0.00,0.00,0.00,0.00,,1.00,0.00,0.00,0.00,,,,0.00,0.00,0.00,0.00,2.56,2.56,3.03,3.03,0.00,0.00
Peru,PER,20200301,0.00,,0.00,,0.00,,0.00,,0.00,,0.00,,0.00,,0.00,0.00,,0.00,0.00,0.00,0.00,,1.00,0.00,0.00,0.00,,,,0.00,0.00,0.00,0.00,2.56,2.56,3.03,3.03,0.00,0.00
Peru,PER,20200302,0.00,,0.00,,0.00,,0.00,,0.00,,0.00,,0.00,,0.00,0.00,,0.00,0.00,0.00,0.00,,1.00,0.00,0.00,0.00,,,,0.00,0.00,0.00,0.00,2.56,2.56,3.03,3.03,0.00,0.00
Peru,PER,20200303,0.00,,0.00,,0.00,,0.00,,0.00,,0.00,,0.00,,0.00,0.00,,0.00,0.00,0.00,0.00,,1.00,0.00,0.00,0.00,,,,0.00,0.00,0.00,0.00,2.56,2.56,3.03,3.03,0.00,0.00
Peru,PER,20200304,0.00,,0.00,,0.00,,0.00,,0.00,,0.00,,0.00,,0.00,0.00,,0.00,0.00,0.00,0.00,,1.00,0.00,0.00,0.00,,,,0.00,0.00,0.00,0.00,2.56,2.56,3.03,3.03,0.00,0.00
Peru,PER,20200305,0.00,,0.00,,0.00,,0.00,,0.00,,0.00,,0.00,,0.00,0.00,,0.00,0.00,0.00,2.00,1,1.00,0.00,0.00,0.00,,,,11.11,11.11,14.29,14.29,10.26,10.26,12.12,12.12,0.00,0.00
Peru,PER,20200306,0.00,,0.00,,0.00,,0.00,,0.00,,0.00,,0.00,,1.00,0.00,,0.00,0.00,0.00,2.00,1,1.00,1.00,0.00,0.00,,,,13.89,13.89,17.86,17.86,16.03,16.03,18.94,18.94,0.00,0.00
Peru,PER,20200307,0.00,,0.00,,0.00,,0.00,,0.00,,0.00,,0.00,,1.00,0.00,,0.00,0.00,0.00,2.00,1,1.00,1.00,0.00,0.00,,1,0,13.89,13.89,17.86,17.86,16.03,16.03,18.94,18.94,0.00,0.00
Peru,PER,20200308,0.00,,0.00,,0.00,,0.00,,0.00,,0.00,,0.00,,1.00,0.00,,0.00,0.00,0.00,2.00,1,1.00,1.00,0.00,0.00,,,,13.89,13.89,17.86,17.86,16.03,16.03,18.94,18.94,0.00,0.00
Peru,PER,20200309,0.00,,0.00,,0.00,,0.00,,0.00,,0.00,,0.00,,1.00,0.00,,0.00,0.00,0.00,2.00,1,1.00,1.00,0.00,0.00,,7,0,13.89,13.89,17.86,17.86,16.03,16.03,18.94,18.94,0.00,0.00
Peru,PER,20200310,0.00,,0.00,,0.00,,0.00,,0.00,,0.00,,0.00,,1.00,0.00,,0.00,0.00,0.00,2.00,1,1.00,1.00,0.00,0.00,,9,0,13.89,13.89,17.86,17.86,16.03,16.03,18.94,18.94,0.00,0.00
Peru,PER,20200311,0.00,,0.00,,0.00,,0.00,,0.00,,0.00,,0.00,,2.00,0.00,,0.00,0.00,0.00,2.00,1,1.00,1.00,75498575.00,0.00,,11,0,16.67,16.67,21.43,21.43,17.95,17.95,21.21,21.21,0.00,0.00
Peru,PER,20200312,3.00,1,0.00,,2.00,1,2.00,1,0.00,,0.00,,0.00,,2.00,0.00,,0.00,0.00,0.00,2.00,1,1.00,1.00,0.00,0.00,,17,0,44.44,44.44,50.00,50.00,37.18,37.18,43.94,43.94,0.00,0.00
Peru,PER,20200313,3.00,1,0.00,,2.00,1,2.00,1,0.00,,0.00,,0.00,,2.00,0.00,,0.00,0.00,0.00,2.00,1,1.00,1.00,9348442.00,0.00,,22,0,44.44,44.44,50.00,50.00,37.18,37.18,43.94,43.94,0.00,0.00
Peru,PER,20200314,3.00,1,0.00,,2.00,1,2.00,1,0.00,,0.00,,1.00,1,2.00,0.00,,0.00,0.00,0.00,2.00,1,1.00,1.00,0.00,0.00,,38,0,50.00,50.00,59.52,59.52,41.03,41.03,48.48,48.48,0.00,0.00
Peru,PER,20200315,3.00,1,0.00,,2.00,1,4.00,1,1.00,1,2.00,1,2.00,1,2.00,0.00,,0.00,56338028.00,0.00,2.00,1,1.00,1.00,89706310.00,0.00,,43,0,74.07,74.07,73.81,73.81,57.69,57.69,68.18,68.18,0.00,0.00
Peru,PER,20200316,3.00,1,3.00,1,2.00,1,4.00,1,1.00,1,2.00,1,2.00,1,4.00,1.00,1,0.00,331944885.00,0.00,2.00,1,1.00,1.00,34209974.00,0.00,,71,0,90.74,90.74,95.24,95.24,73.08,73.08,81.82,81.82,25.00,25.00
Peru,PER,20200317,3.00,1,3.00,1,2.00,1,4.00,1,1.00,1,2.00,1,2.00,1,4.00,1.00,1,0.00,0.00,0.00,2.00,1,1.00,1.00,0.00,0.00,,86,0,90.74,90.74,95.24,95.24,73.08,73.08,81.82,81.82,25.00,25.00
Peru,PER,20200318,3.00,1,3.00,1,2.00,1,4.00,1,1.00,1,3.00,1,2.00,1,4.00,1.00,1,2.00,1121076233.00,0.00,2.00,1,1.00,1.00,0.00,0.00,,117,0,94.44,94.44,95.24,95.24,83.33,83.33,84.85,84.85,75.00,75.00
Peru,PER,20200319,3.00,1,3.00,1,2.00,1,4.00,1,1.00,1,3.00,1,2.00,1,4.00,1.00,1,2.00,84151473.00,0.00,2.00,1,1.00,1.00,35465074.00,0.00,,145,0,94.44,94.44,95.24,95.24,83.33,83.33,84.85,84.85,75.00,75.00
Peru,PER,20200320,3.00,1,3.00,1,2.00,1,4.00,1,1.00,1,3.00,1,2.00,1,4.00,1.00,1,2.00,0.00,0.00,2.00,1,1.00,1.00,8068568.00,0.00,,234,2,94.44,94.44,95.24,95.24,83.33,83.33,84.85,84.85,75.00,75.00
Peru,PER,20200321,3.00,1,3.00,1,2.00,1,4.00,1,1.00,1,3.00,1,2.00,1,4.00,1.00,1,2.00,0.00,0.00,2.00,1,1.00,1.00,0.00,0.00,,263,3,94.44,94.44,95.24,95.24,83.33,83.33,84.85,84.85,75.00,75.00
Peru,PER,20200322,3.00,1,3.00,1,2.00,1,4.00,1,1.00,1,3.00,1,2.00,1,4.00,1.00,1,2.00,0.00,0.00,2.00,1,1.00,1.00,0.00,0.00,,318,5,94.44,94.44,95.24,95.24,83.33,83.33,84.85,84.85,75.00,75.00
Peru,PER,20200323,3.00,1,3.00,1,2.00,1,4.00,1,1.00,1,3.00,1,2.00,1,4.00,1.00,1,2.00,0.00,0.00,2.00,1,1.00,1.00,16408371.00,0.00,,363,5,94.44,94.44,95.24,95.24,83.33,83.33,84.85,84.85,75.00,75.00
Peru,PER,20200324,3.00,1,3.00,1,2.00,1,4.00,1,1.00,1,3.00,1,2.00,1,4.00,1.00,1,2.00,0.00,0.00,2.00,1,1.00,1.00,0.00,0.00,,395,5,94.44,94.44,95.24,95.24,83.33,83.33,84.85,84.85,75.00,75.00
Peru,PER,20200325,3.00,1,3.00,1,2.00,1,4.00,1,1.00,1,3.00,1,2.00,1,4.00,1.00,1,2.00,0.00,0.00,2.00,1,1.00,1.00,38562996.00,0.00,,416,7,94.44,94.44,95.24,95.24,83.33,83.33,84.85,84.85,75.00,75.00
Peru,PER,20200326,3.00,1,3.00,1,2.00,1,4.00,1,1.00,1,3.00,1,2.00,1,4.00,1.00,1,2.00,0.00,0.00,2.00,1,1.00,1.00,0.00,0.00,,558,8,94.44,94.44,95.24,95.24,83.33,83.33,84.85,84.85,75.00,75.00
Peru,PER,20200327,3.00,1,3.00,1,2.00,1,4.00,1,1.00,1,3.00,1,2.00,1,4.00,1.00,1,2.00,327728951.00,0.00,2.00,1,1.00,1.00,0.00,0.00,,580,9,94.44,94.44,95.24,95.24,83.33,83.33,84.85,84.85,75.00,75.00
Peru,PER,20200328,3.00,1,3.00,1,2.00,1,4.00,1,1.00,1,3.00,1,2.00,1,4.00,1.00,1,2.00,0.00,0.00,2.00,1,1.00,1.00,0.00,0.00,,635,11,94.44,94.44,95.24,95.24,83.33,83.33,84.85,84.85,75.00,75.00
Peru,PER,20200329,3.00,1,3.00,1,2.00,1,4.00,1,1.00,1,3.00,1,2.00,1,4.00,1.00,1,2.00,0.00,0.00,2.00,1,1.00,1.00,0.00,0.00,,671,16,94.44,94.44,95.24,95.24,83.33,83.33,84.85,84.85,75.00,75.00
Peru,PER,20200330,3.00,1,3.00,1,2.00,1,4.00,1,1.00,1,3.00,1,2.00,1,4.00,1.00,1,2.00,0.00,0.00,2.00,1,1.00,1.00,0.00,0.00,,852,18,94.44,94.44,95.24,95.24,83.33,83.33,84.85,84.85,75.00,75.00
Peru,PER,20200331,3.00,1,3.00,1,2.00,1,4.00,1,1.00,1,3.00,1,2.00,1,4.00,1.00,1,2.00,0.00,0.00,2.00,1,1.00,1.00,0.00,0.00,,950,24,94.44,94.44,95.24,95.24,83.33,83.33,84.85,84.85,75.00,75.00
Peru,PER,20200401,3.00,1,3.00,1,2.00,1,4.00,1,1.00,1,3.00,1,2.00,1,4.00,1.00,1,2.00,0.00,0.00,2.00,1,1.00,1.00,0.00,0.00,,1065,30,94.44,94.44,95.24,95.24,83.33,83.33,84.85,84.85,75.00,75.00
Peru,PER,20200402,3.00,1,3.00,1,2.00,1,4.00,1,1.00,1,3.00,1,2.00,1,4.00,1.00,1,2.00,0.00,0.00,2.00,1,1.00,1.00,0.00,0.00,,1323,47,94.44,94.44,95.24,95.24,83.33,83.33,84.85,84.85,75.00,75.00
Peru,PER,20200403,3.00,1,3.00,1,2.00,1,4.00,1,1.00,1,3.00,1,2.00,1,4.00,1.00,1,2.00,0.00,0.00,2.00,1,1.00,1.00,0.00,0.00,,1414,55,94.44,94.44,95.24,95.24,83.33,83.33,84.85,84.85,75.00,75.00
Peru,PER,20200404,3.00,1,3.00,1,2.00,1,4.00,1,1.00,1,3.00,1,2.00,1,4.00,1.00,1,2.00,0.00,0.00,2.00,1,1.00,1.00,4240092.00,0.00,,1595,61,94.44,94.44,95.24,95.24,83.33,83.33,84.85,84.85,75.00,75.00
Peru,PER,20200405,3.00,1,3.00,1,2.00,1,4.00,1,1.00,1,3.00,1,2.00,1,4.00,1.00,1,2.00,0.00,0.00,2.00,1,1.00,1.00,0.00,0.00,,1746,73,94.44,94.44,95.24,95.24,83.33,83.33,84.85,84.85,75.00,75.00
Peru,PER,20200406,3.00,1,3.00,1,2.00,1,4.00,1,1.00,1,3.00,1,2.00,1,4.00,1.00,1,2.00,8792497069.00,0.00,2.00,1,1.00,1.00,0.00,0.00,,2281,83,94.44,94.44,95.24,95.24,83.33,83.33,84.85,84.85,75.00,75.00
Peru,PER,20200407,3.00,1,3.00,1,2.00,1,4.00,1,1.00,1,3.00,1,2.00,1,4.00,1.00,1,2.00,0.00,0.00,2.00,1,1.00,1.00,0.00,0.00,,2561,92,94.44,94.44,95.24,95.24,83.33,83.33,84.85,84.85,75.00,75.00
Peru,PER,20200408,3.00,1,3.00,1,2.00,1,4.00,1,1.00,1,3.00,1,2.00,1,4.00,1.00,1,2.00,0.00,0.00,2.00,1,1.00,1.00,0.00,0.00,,2954,107,94.44,94.44,95.24,95.24,83.33,83.33,84.85,84.85,75.00,75.00
Peru,PER,20200409,3.00,1,3.00,1,2.00,1,4.00,1,1.00,1,3.00,1,2.00,1,4.00,1.00,1,2.00,0.00,0.00,2.00,1,1.00,1.00,0.00,0.00,,4342,121,94.44,94.44,95.24,95.24,83.33,83.33,84.85,84.85,75.00,75.00
Peru,PER,20200410,3.00,1,3.00,1,2.00,1,4.00,1,1.00,1,3.00,1,2.00,1,4.00,1.00,1,2.00,0.00,0.00,2.00,1,2.00,1.00,0.00,0.00,,5256,138,94.44,94.44,95.24,95.24,85.90,85.90,87.88,87.88,75.00,75.00
Peru,PER,20200411,3.00,1,3.00,1,2.00,1,4.00,1,1.00,1,3.00,1,2.00,1,4.00,1.00,1,2.00,0.00,0.00,2.00,1,2.00,1.00,0.00,0.00,,5897,169,94.44,94.44,95.24,95.24,85.90,85.90,87.88,87.88,75.00,75.00
Peru,PER,20200412,3.00,1,3.00,1,2.00,1,4.00,1,1.00,1,3.00,1,2.00,1,4.00,1.00,1,2.00,0.00,0.00,2.00,1,2.00,1.00,0.00,0.00,,6848,181,94.44,94.44,95.24,95.24,85.90,85.90,87.88,87.88,75.00,75.00
Peru,PER,20200413,3.00,1,3.00,1,2.00,1,4.00,1,1.00,1,3.00,1,2.00,1,4.00,1.00,1,2.00,0.00,0.00,2.00,1,2.00,1.00,0.00,0.00,,7519,193,94.44,94.44,95.24,95.24,85.90,85.90,87.88,87.88,75.00,75.00
Peru,PER,20200414,3.00,1,3.00,1,2.00,1,4.00,1,1.00,1,3.00,1,2.00,1,4.00,1.00,1,2.00,0.00,0.00,2.00,1,2.00,1.00,0.00,0.00,,7519,193,94.44,94.44,95.24,95.24,85.90,85.90,87.88,87.88,75.00,75.00
Peru,PER,20200415,3.00,1,3.00,1,2.00,1,4.00,1,1.00,1,3.00,1,2.00,1,4.00,1.00,1,2.00,0.00,0.00,2.00,1,2.00,1.00,0.00,0.00,,10303,230,94.44,94.44,95.24,95.24,85.90,85.90,87.88,87.88,75.00,75.00
Peru,PER,20200416,3.00,1,3.00,1,2.00,1,4.00,1,1.00,1,3.00,1,2.00,1,4.00,1.00,1,2.00,0.00,0.00,2.00,1,2.00,1.00,0.00,0.00,,11475,254,94.44,94.44,95.24,95.24,85.90,85.90,87.88,87.88,75.00,75.00
Peru,PER,20200417,3.00,1,3.00,1,2.00,1,4.00,1,1.00,1,3.00,1,2.00,1,4.00,1.00,1,2.00,0.00,0.00,2.00,1,2.00,1.00,0.00,0.00,,12491,274,94.44,94.44,95.24,95.24,85.90,85.90,87.88,87.88,75.00,75.00
Peru,PER,20200418,3.00,1,3.00,1,2.00,1,4.00,1,1.00,1,3.00,1,2.00,1,4.00,1.00,1,2.00,0.00,0.00,2.00,1,2.00,1.00,0.00,0.00,,13489,300,94.44,94.44,95.24,95.24,85.90,85.90,87.88,87.88,75.00,75.00
Peru,PER,20200419,3.00,1,3.00,1,2.00,1,4.00,1,1.00,1,3.00,1,2.00,1,4.00,1.00,1,2.00,0.00,0.00,2.00,1,2.00,1.00,0.00,0.00,,14420,348,94.44,94.44,95.24,95.24,85.90,85.90,87.88,87.88,75.00,75.00
Peru,PER,20200420,3.00,1,3.00,1,2.00,1,4.00,1,1.00,1,3.00,1,2.00,1,4.00,1.00,1,2.00,0.00,0.00,2.00,1,2.00,1.00,0.00,0.00,,15628,400,94.44,94.44,95.24,95.24,85.90,85.90,87.88,87.88,75.00,75.00
Peru,PER,20200421,3.00,1,3.00,1,2.00,1,4.00,1,1.00,1,3.00,1,2.00,1,4.00,1.00,1,2.00,0.00,0.00,2.00,1,2.00,1.00,0.00,0.00,,16325,445,94.44,94.44,95.24,95.24,85.90,85.90,87.88,87.88,75.00,75.00
Peru,PER,20200422,3.00,1,3.00,1,2.00,1,4.00,1,1.00,1,3.00,1,2.00,1,4.00,1.00,1,2.00,0.00,0.00,2.00,1,2.00,1.00,0.00,0.00,,17837,484,94.44,94.44,95.24,95.24,85.90,85.90,87.88,87.88,75.00,75.00
Peru,PER,20200423,3.00,1,3.00,1,2.00,1,4.00,1,1.00,1,3.00,1,2.00,1,4.00,1.00,1,2.00,0.00,0.00,2.00,1,2.00,1.00,0.00,0.00,,19250,530,94.44,94.44,95.24,95.24,85.90,85.90,87.88,87.88,75.00,75.00
Peru,PER,20200424,3.00,1,3.00,1,2.00,1,4.00,1,1.00,1,3.00,1,2.00,1,4.00,1.00,1,2.00,0.00,0.00,2.00,1,2.00,1.00,0.00,0.00,,20914,572,94.44,94.44,95.24,95.24,85.90,85.90,87.88,87.88,75.00,75.00
Peru,PER,20200425,3.00,1,3.00,1,2.00,1,4.00,1,1.00,1,3.00,1,2.00,1,4.00,1.00,1,2.00,0.00,0.00,2.00,1,2.00,1.00,0.00,0.00,,21648,634,94.44,94.44,95.24,95.24,85.90,85.90,87.88,87.88,75.00,75.00
Peru,PER,20200426,3.00,1,3.00,1,2.00,1,4.00,1,1.00,1,3.00,1,2.00,1,4.00,1.00,1,2.00,0.00,0.00,2.00,1,2.00,1.00,0.00,0.00,,25331,700,94.44,94.44,95.24,95.24,85.90,85.90,87.88,87.88,75.00,75.00
Peru,PER,20200427,3.00,1,3.00,1,2.00,1,4.00,1,1.00,1,3.00,1,2.00,1,4.00,1.00,1,2.00,0.00,0.00,2.00,1,2.00,1.00,0.00,0.00,,27517,728,94.44,94.44,95.24,95.24,85.90,85.90,87.88,87.88,75.00,75.00
Peru,PER,20200428,3.00,1,3.00,1,2.00,1,4.00,1,1.00,1,3.00,1,2.00,1,4.00,1.00,1,2.00,0.00,0.00,2.00,1,2.00,1.00,0.00,0.00,,28699,782,94.44,94.44,95.24,95.24,85.90,85.90,87.88,87.88,75.00,75.00
Peru,PER,20200429,3.00,1,3.00,1,2.00,1,4.00,1,1.00,1,3.00,1,2.00,1,4.00,1.00,1,2.00,0.00,0.00,2.00,1,2.00,1.00,0.00,0.00,,31190,854,94.44,94.44,95.24,95.24,85.90,85.90,87.88,87.88,75.00,75.00
Peru,PER,20200430,3.00,1,3.00,1,2.00,1,4.00,1,1.00,1,3.00,1,2.00,1,4.00,1.00,1,2.00,0.00,0.00,2.00,1,2.00,1.00,0.00,0.00,,33931,943,94.44,94.44,95.24,95.24,85.90,85.90,87.88,87.88,75.00,75.00
Peru,PER,20200501,3.00,1,2.00,1,2.00,1,4.00,1,2.00,1,3.00,1,2.00,1,4.00,1.00,1,2.00,0.00,0.00,2.00,1,2.00,1.00,0.00,0.00,,36976,1051,96.30,96.30,96.43,96.43,87.18,87.18,89.39,89.39,75.00,75.00
Peru,PER,20200502,3.00,1,2.00,1,2.00,1,4.00,1,2.00,1,3.00,1,2.00,1,4.00,1.00,1,2.00,0.00,0.00,2.00,1,2.00,1.00,0.00,0.00,,40459,1124,96.30,96.30,96.43,96.43,87.18,87.18,89.39,89.39,75.00,75.00
Peru,PER,20200503,3.00,1,2.00,1,2.00,1,4.00,1,2.00,1,3.00,1,2.00,1,4.00,1.00,1,2.00,0.00,0.00,2.00,1,2.00,1.00,0.00,0.00,,42534,1200,96.30,96.30,96.43,96.43,87.18,87.18,89.39,89.39,75.00,75.00
Peru,PER,20200504,3.00,1,2.00,1,2.00,1,4.00,1,2.00,1,3.00,1,2.00,1,4.00,1.00,1,2.00,0.00,0.00,2.00,1,2.00,1.00,0.00,0.00,,45928,1286,96.30,96.30,96.43,96.43,87.18,87.18,89.39,89.39,75.00,75.00
Peru,PER,20200505,3.00,1,2.00,1,2.00,1,4.00,1,2.00,1,3.00,1,2.00,1,4.00,1.00,1,2.00,0.00,0.00,2.00,1,2.00,1.00,0.00,0.00,,47372,1344,96.30,96.30,96.43,96.43,87.18,87.18,89.39,89.39,75.00,75.00
Peru,PER,20200506,3.00,1,2.00,1,2.00,1,4.00,1,2.00,1,3.00,1,2.00,1,4.00,1.00,1,2.00,0.00,0.00,2.00,1,2.00,1.00,0.00,0.00,,51189,1444,96.30,96.30,96.43,96.43,87.18,87.18,89.39,89.39,75.00,75.00
Peru,PER,20200507,3.00,1,2.00,1,2.00,1,4.00,1,2.00,1,3.00,1,2.00,1,4.00,1.00,1,2.00,0.00,0.00,2.00,1,2.00,1.00,0.00,0.00,,54817,1533,96.30,96.30,96.43,96.43,87.18,87.18,89.39,89.39,75.00,75.00
Peru,PER,20200508,3.00,1,2.00,1,2.00,1,4.00,1,2.00,1,3.00,1,2.00,1,4.00,1.00,1,2.00,0.00,0.00,2.00,1,2.00,1.00,0.00,0.00,,58526,1627,96.30,96.30,96.43,96.43,87.18,87.18,89.39,89.39,75.00,75.00
Peru,PER,20200509,3.00,1,2.00,1,2.00,1,4.00,1,2.00,1,3.00,1,2.00,1,4.00,1.00,1,2.00,0.00,0.00,2.00,1,2.00,1.00,0.00,0.00,,61847,1714,96.30,96.30,96.43,96.43,87.18,87.18,89.39,89.39,75.00,75.00
Peru,PER,20200510,3.00,1,2.00,1,2.00,1,4.00,1,2.00,1,3.00,1,2.00,1,4.00,1.00,1,2.00,0.00,0.00,2.00,1,2.00,1.00,0.00,0.00,,65015,1814,96.30,96.30,96.43,96.43,87.18,87.18,89.39,89.39,75.00,75.00
Peru,PER,20200511,3.00,1,2.00,1,2.00,1,4.00,1,2.00,1,2.00,1,2.00,1,4.00,1.00,1,2.00,0.00,0.00,2.00,1,2.00,1.00,0.00,0.00,,67307,1889,92.59,92.59,96.43,96.43,84.62,84.62,86.36,86.36,75.00,75.00
Peru,PER,20200512,3.00,1,2.00,1,2.00,1,4.00,1,2.00,1,2.00,1,2.00,1,4.00,1.00,1,2.00,0.00,0.00,2.00,1,2.00,1.00,0.00,0.00,,68822,1961,92.59,92.59,96.43,96.43,84.62,84.62,86.36,86.36,75.00,75.00
Peru,PER,20200513,3.00,1,2.00,1,2.00,1,4.00,1,2.00,1,2.00,1,2.00,1,4.00,1.00,1,2.00,0.00,0.00,2.00,1,2.00,1.00,0.00,0.00,,72059,2057,92.59,92.59,96.43,96.43,84.62,84.62,86.36,86.36,75.00,75.00
Peru,PER,20200514,3.00,1,2.00,1,2.00,1,4.00,1,2.00,1,2.00,1,2.00,1,4.00,1.00,1,2.00,0.00,0.00,2.00,1,2.00,1.00,0.00,0.00,,76306,2169,92.59,92.59,96.43,96.43,84.62,84.62,86.36,86.36,75.00,75.00
Peru,PER,20200515,3.00,1,2.00,1,2.00,1,4.00,1,2.00,1,2.00,1,2.00,1,4.00,1.00,1,2.00,0.00,0.00,2.00,1,2.00,1.00,0.00,0.00,,80604,2267,92.59,92.59,96.43,96.43,84.62,84.62,86.36,86.36,75.00,75.00
Peru,PER,20200516,3.00,1,2.00,1,2.00,1,4.00,1,2.00,1,2.00,1,2.00,1,4.00,1.00,1,2.00,0.00,0.00,2.00,1,2.00,1.00,0.00,0.00,,84495,2393,92.59,92.59,96.43,96.43,84.62,84.62,86.36,86.36,75.00,75.00
Peru,PER,20200517,3.00,1,2.00,1,2.00,1,4.00,1,2.00,1,2.00,1,2.00,1,4.00,1.00,1,2.00,0.00,0.00,2.00,1,2.00,1.00,0.00,0.00,,88541,2523,92.59,92.59,96.43,96.43,84.62,84.62,86.36,86.36,75.00,75.00
Peru,PER,20200518,3.00,1,2.00,1,2.00,1,4.00,1,2.00,1,2.00,1,2.00,1,4.00,1.00,1,2.00,0.00,0.00,2.00,1,2.00,1.00,0.00,0.00,,92273,2648,92.59,92.59,96.43,96.43,84.62,84.62,86.36,86.36,75.00,75.00
Peru,PER,20200519,3.00,1,2.00,1,2.00,1,4.00,1,2.00,1,2.00,1,2.00,1,4.00,1.00,1,2.00,0.00,0.00,2.00,1,2.00,1.00,0.00,0.00,,94933,2789,92.59,92.59,96.43,96.43,84.62,84.62,86.36,86.36,75.00,75.00
Peru,PER,20200520,3.00,1,2.00,1,2.00,1,4.00,1,2.00,1,2.00,1,2.00,1,4.00,1.00,1,2.00,0.00,0.00,2.00,1,2.00,1.00,0.00,0.00,,99483,2914,92.59,92.59,96.43,96.43,84.62,84.62,86.36,86.36,75.00,75.00
Peru,PER,20200521,3.00,1,2.00,1,2.00,1,4.00,1,2.00,1,2.00,1,2.00,1,4.00,1.00,1,2.00,0.00,0.00,2.00,1,2.00,1.00,0.00,0.00,,104020,3024,92.59,92.59,96.43,96.43,84.62,84.62,86.36,86.36,75.00,75.00
Peru,PER,20200522,3.00,1,2.00,1,2.00,1,4.00,1,2.00,1,2.00,1,2.00,1,4.00,1.00,1,2.00,0.00,0.00,2.00,1,2.00,1.00,0.00,0.00,,108769,3148,92.59,92.59,96.43,96.43,84.62,84.62,86.36,86.36,75.00,75.00
Peru,PER,20200523,3.00,1,2.00,1,2.00,1,4.00,1,2.00,1,2.00,1,2.00,1,4.00,1.00,1,2.00,0.00,0.00,2.00,1,2.00,1.00,0.00,0.00,,111698,3244,92.59,92.59,96.43,96.43,84.62,84.62,86.36,86.36,75.00,75.00
Peru,PER,20200524,3.00,1,2.00,1,2.00,1,4.00,1,2.00,1,2.00,1,2.00,1,4.00,1.00,1,2.00,0.00,0.00,2.00,1,2.00,1.00,0.00,0.00,,115754,3373,92.59,92.59,96.43,96.43,84.62,84.62,86.36,86.36,75.00,75.00
Peru,PER,20200525,3.00,1,2.00,1,2.00,1,4.00,1,2.00,0,2.00,1,2.00,1,4.00,1.00,1,2.00,0.00,0.00,2.00,1,2.00,1.00,0.00,0.00,,119959,3456,89.81,89.81,91.67,91.67,82.69,82.69,84.09,84.09,75.00,75.00
Peru,PER,20200526,3.00,1,2.00,1,2.00,1,4.00,1,2.00,0,2.00,1,2.00,1,4.00,1.00,1,2.00,0.00,0.00,2.00,1,2.00,1.00,0.00,0.00,,123979,3629,89.81,89.81,91.67,91.67,82.69,82.69,84.09,84.09,75.00,75.00
Peru,PER,20200527,3.00,1,2.00,1,2.00,1,4.00,1,2.00,0,2.00,1,2.00,1,4.00,1.00,1,2.00,0.00,0.00,2.00,1,2.00,1.00,0.00,0.00,,129751,3788,89.81,89.81,91.67,91.67,82.69,82.69,84.09,84.09,75.00,75.00
Peru,PER,20200528,3.00,1,2.00,1,2.00,1,4.00,1,2.00,0,2.00,1,2.00,1,4.00,1.00,1,2.00,0.00,0.00,2.00,1,2.00,1.00,0.00,0.00,,135905,3983,89.81,89.81,91.67,91.67,82.69,82.69,84.09,84.09,75.00,75.00
Peru,PER,20200529,3.00,1,2.00,1,2.00,1,4.00,1,2.00,0,2.00,1,2.00,1,4.00,1.00,1,2.00,0.00,0.00,2.00,1,2.00,1.00,0.00,0.00,,141779,4099,89.81,89.81,91.67,91.67,82.69,82.69,84.09,84.09,75.00,75.00
Peru,PER,20200530,3.00,1,2.00,1,2.00,1,4.00,1,2.00,0,2.00,1,2.00,1,4.00,1.00,1,2.00,0.00,0.00,2.00,1,2.00,1.00,0.00,0.00,,148285,4230,89.81,89.81,91.67,91.67,82.69,82.69,84.09,84.09,75.00,75.00
Peru,PER,20200531,3.00,1,2.00,1,2.00,1,4.00,1,2.00,0,2.00,1,2.00,1,4.00,1.00,1,2.00,0.00,0.00,2.00,1,2.00,1.00,0.00,0.00,,155671,4371,89.81,89.81,91.67,91.67,82.69,82.69,84.09,84.09,75.00,75.00
Peru,PER,20200601,3.00,1,2.00,1,2.00,1,4.00,1,2.00,0,2.00,1,2.00,1,4.00,1.00,1,2.00,0.00,0.00,2.00,1,2.00,1.00,0.00,0.00,,164476,4506,89.81,89.81,91.67,91.67,82.69,82.69,84.09,84.09,75.00,75.00
Peru,PER,20200602,3.00,1,2.00,1,2.00,1,4.00,1,2.00,0,2.00,1,2.00,1,4.00,1.00,1,2.00,0.00,0.00,2.00,1,1.00,1.00,0.00,0.00,,170039,4634,89.81,89.81,91.67,91.67,80.13,80.13,81.06,81.06,75.00,75.00
Peru,PER,20200603,3.00,1,2.00,1,2.00,1,4.00,1,2.00,0,2.00,1,2.00,1,4.00,1.00,1,2.00,0.00,0.00,2.00,1,1.00,1.00,0.00,0.00,,170039,4634,89.81,89.81,91.67,91.67,80.13,80.13,81.06,81.06,75.00,75.00
Peru,PER,20200604,3.00,1,2.00,1,2.00,1,4.00,1,2.00,0,2.00,1,2.00,1,4.00,1.00,1,2.00,0.00,0.00,2.00,1,1.00,1.00,0.00,0.00,,178914,4894,89.81,89.81,91.67,91.67,80.13,80.13,81.06,81.06,75.00,75.00
Peru,PER,20200605,3.00,1,2.00,1,2.00,1,4.00,1,2.00,0,2.00,1,2.00,1,4.00,1.00,1,2.00,0.00,0.00,2.00,1,1.00,1.00,0.00,0.00,,183198,5031,89.81,89.81,91.67,91.67,80.13,80.13,81.06,81.06,75.00,75.00
Peru,PER,20200606,3.00,1,2.00,1,2.00,1,4.00,1,2.00,0,2.00,1,2.00,1,4.00,1.00,1,2.00,0.00,0.00,2.00,1,1.00,1.00,0.00,0.00,,187400,5162,89.81,89.81,91.67,91.67,80.13,80.13,81.06,81.06,75.00,75.00
Peru,PER,20200607,3.00,1,2.00,1,2.00,1,4.00,1,2.00,0,2.00,1,2.00,1,4.00,1.00,1,2.00,0.00,0.00,2.00,1,1.00,1.00,0.00,0.00,,191758,5301,89.81,89.81,91.67,91.67,80.13,80.13,81.06,81.06,75.00,75.00
Peru,PER,20200608,3.00,1,2.00,1,2.00,1,4.00,1,2.00,0,2.00,1,2.00,1,4.00,1.00,1,2.00,0.00,0.00,2.00,1,1.00,1.00,0.00,0.00,,196515,5465,89.81,89.81,91.67,91.67,80.13,80.13,81.06,81.06,75.00,75.00
Peru,PER,20200609,3.00,1,2.00,1,2.00,1,4.00,1,2.00,0,2.00,1,2.00,1,4.00,1.00,1,2.00,0.00,0.00,2.00,1,1.00,1.00,0.00,0.00,,199696,5571,89.81,89.81,91.67,91.67,80.13,80.13,81.06,81.06,75.00,75.00
Peru,PER,20200610,3.00,1,2.00,1,2.00,1,4.00,1,2.00,0,2.00,1,2.00,1,4.00,1.00,1,2.00,0.00,0.00,2.00,1,1.00,1.00,0.00,0.00,,203736,5738,89.81,89.81,91.67,91.67,80.13,80.13,81.06,81.06,75.00,75.00
Peru,PER,20200611,3.00,1,2.00,1,2.00,1,4.00,1,2.00,0,2.00,1,2.00,1,4.00,1.00,1,2.00,0.00,0.00,2.00,1,1.00,1.00,170700000.00,0.00,,208823,5903,89.81,89.81,91.67,91.67,80.13,80.13,81.06,81.06,75.00,75.00
Peru,PER,20200612,3.00,1,2.00,1,2.00,1,4.00,1,2.00,0,2.00,1,2.00,1,4.00,1.00,1,2.00,0.00,0.00,2.00,1,1.00,1.00,0.00,0.00,,214788,6109,89.81,89.81,91.67,91.67,80.13,80.13,81.06,81.06,75.00,75.00
Peru,PER,20200613,3.00,1,2.00,1,2.00,1,4.00,1,2.00,0,2.00,1,2.00,1,4.00,1.00,1,2.00,0.00,0.00,2.00,1,1.00,1.00,0.00,0.00,,220749,6308,89.81,89.81,91.67,91.67,80.13,80.13,81.06,81.06,75.00,75.00
Peru,PER,20200614,3.00,1,2.00,1,2.00,1,4.00,1,2.00,0,2.00,1,2.00,1,4.00,1.00,1,2.00,0.00,0.00,2.00,1,1.00,1.00,0.00,0.00,,225132,6498,89.81,89.81,91.67,91.67,80.13,80.13,81.06,81.06,75.00,75.00
Peru,PER,20200615,3.00,1,2.00,1,2.00,1,4.00,1,2.00,0,2.00,1,2.00,1,4.00,1.00,1,2.00,0.00,0.00,2.00,1,1.00,1.00,0.00,0.00,,229736,6688,89.81,89.81,91.67,91.67,80.13,80.13,81.06,81.06,75.00,75.00
Peru,PER,20200616,3.00,1,2.00,1,2.00,1,4.00,1,2.00,0,2.00,1,2.00,1,4.00,1.00,1,2.00,0.00,0.00,2.00,1,1.00,1.00,0.00,0.00,,232992,6860,89.81,89.81,91.67,91.67,80.13,80.13,81.06,81.06,75.00,75.00
Peru,PER,20200617,3.00,1,2.00,1,2.00,1,4.00,1,2.00,0,2.00,1,2.00,1,4.00,1.00,1,2.00,0.00,0.00,2.00,1,1.00,1.00,0.00,0.00,,237156,7056,89.81,89.81,91.67,91.67,80.13,80.13,81.06,81.06,75.00,75.00
Peru,PER,20200618,3.00,1,2.00,1,2.00,1,4.00,1,2.00,0,2.00,1,2.00,1,4.00,1.00,1,2.00,0.00,0.00,2.00,1,1.00,1.00,0.00,0.00,,240908,7257,89.81,89.81,91.67,91.67,80.13,80.13,81.06,81.06,75.00,75.00
Peru,PER,20200619,3.00,1,2.00,1,2.00,1,4.00,1,2.00,0,2.00,1,2.00,1,4.00,1.00,1,2.00,1822323462.00,0.00,2.00,1,1.00,1.00,0.00,0.00,,244388,7461,89.81,89.81,91.67,91.67,80.13,80.13,81.06,81.06,75.00,75.00
Peru,PER,20200620,3.00,1,2.00,1,2.00,1,4.00,1,2.00,0,2.00,1,2.00,1,4.00,1.00,1,2.00,0.00,0.00,2.00,1,1.00,1.00,0.00,0.00,,247925,7660,89.81,89.81,91.67,91.67,80.13,80.13,81.06,81.06,75.00,75.00
Peru,PER,20200621,,,,,,,,,,,,,,,,,,,,,,,,,,,,251338,7861,,89.81,,91.67,,80.13,,81.06,,75.00
Peru,PER,20200622,,,,,,,,,,,,,,,,,,,,,,,,,,,,254936,8045,,89.81,,91.67,,80.13,,81.06,,75.00
Peru,PER,20200623,,,,,,,,,,,,,,,,,,,,,,,,,,,,254936,8045,,89.81,,91.67,,80.13,,81.06,,75.00
