Qatar,QAT,20200101,0.00,,0.00,,0.00,,0.00,,0.00,,0.00,,0.00,,0.00,0.00,,0.00,0.00,0.00,0.00,,0.00,0.00,0.00,0.00,,0,0,0.00,0.00,0.00,0.00,0.00,0.00,0.00,0.00,0.00,0.00
Qatar,QAT,20200102,0.00,,0.00,,0.00,,0.00,,0.00,,0.00,,0.00,,0.00,0.00,,0.00,0.00,0.00,0.00,,0.00,0.00,0.00,0.00,,0,0,0.00,0.00,0.00,0.00,0.00,0.00,0.00,0.00,0.00,0.00
Qatar,QAT,20200103,0.00,,0.00,,0.00,,0.00,,0.00,,0.00,,0.00,,0.00,0.00,,0.00,0.00,0.00,0.00,,0.00,0.00,0.00,0.00,,0,0,0.00,0.00,0.00,0.00,0.00,0.00,0.00,0.00,0.00,0.00
Qatar,QAT,20200104,0.00,,0.00,,0.00,,0.00,,0.00,,0.00,,0.00,,0.00,0.00,,0.00,0.00,0.00,0.00,,0.00,0.00,0.00,0.00,,0,0,0.00,0.00,0.00,0.00,0.00,0.00,0.00,0.00,0.00,0.00
Qatar,QAT,20200105,0.00,,0.00,,0.00,,0.00,,0.00,,0.00,,0.00,,0.00,0.00,,0.00,0.00,0.00,0.00,,0.00,0.00,0.00,0.00,,0,0,0.00,0.00,0.00,0.00,0.00,0.00,0.00,0.00,0.00,0.00
Qatar,QAT,20200106,0.00,,0.00,,0.00,,0.00,,0.00,,0.00,,0.00,,0.00,0.00,,0.00,0.00,0.00,0.00,,0.00,0.00,0.00,0.00,,0,0,0.00,0.00,0.00,0.00,0.00,0.00,0.00,0.00,0.00,0.00
Qatar,QAT,20200107,0.00,,0.00,,0.00,,0.00,,0.00,,0.00,,0.00,,0.00,0.00,,0.00,0.00,0.00,0.00,,0.00,0.00,0.00,0.00,,0,0,0.00,0.00,0.00,0.00,0.00,0.00,0.00,0.00,0.00,0.00
Qatar,QAT,20200108,0.00,,0.00,,0.00,,0.00,,0.00,,0.00,,0.00,,0.00,0.00,,0.00,0.00,0.00,0.00,,0.00,0.00,0.00,0.00,,0,0,0.00,0.00,0.00,0.00,0.00,0.00,0.00,0.00,0.00,0.00
Qatar,QAT,20200109,0.00,,0.00,,0.00,,0.00,,0.00,,0.00,,0.00,,0.00,0.00,,0.00,0.00,0.00,0.00,,0.00,0.00,0.00,0.00,,0,0,0.00,0.00,0.00,0.00,0.00,0.00,0.00,0.00,0.00,0.00
Qatar,QAT,20200110,0.00,,0.00,,0.00,,0.00,,0.00,,0.00,,0.00,,0.00,0.00,,0.00,0.00,0.00,0.00,,0.00,0.00,0.00,0.00,,0,0,0.00,0.00,0.00,0.00,0.00,0.00,0.00,0.00,0.00,0.00
Qatar,QAT,20200111,0.00,,0.00,,0.00,,0.00,,0.00,,0.00,,0.00,,0.00,0.00,,0.00,0.00,0.00,0.00,,0.00,0.00,0.00,0.00,,0,0,0.00,0.00,0.00,0.00,0.00,0.00,0.00,0.00,0.00,0.00
Qatar,QAT,20200112,0.00,,0.00,,0.00,,0.00,,0.00,,0.00,,0.00,,0.00,0.00,,0.00,0.00,0.00,0.00,,0.00,0.00,0.00,0.00,,0,0,0.00,0.00,0.00,0.00,0.00,0.00,0.00,0.00,0.00,0.00
Qatar,QAT,20200113,0.00,,0.00,,0.00,,0.00,,0.00,,0.00,,0.00,,0.00,0.00,,0.00,0.00,0.00,0.00,,0.00,0.00,0.00,0.00,,0,0,0.00,0.00,0.00,0.00,0.00,0.00,0.00,0.00,0.00,0.00
Qatar,QAT,20200114,0.00,,0.00,,0.00,,0.00,,0.00,,0.00,,0.00,,0.00,0.00,,0.00,0.00,0.00,0.00,,0.00,0.00,0.00,0.00,,0,0,0.00,0.00,0.00,0.00,0.00,0.00,0.00,0.00,0.00,0.00
Qatar,QAT,20200115,0.00,,0.00,,0.00,,0.00,,0.00,,0.00,,0.00,,0.00,0.00,,0.00,0.00,0.00,0.00,,0.00,0.00,0.00,0.00,,0,0,0.00,0.00,0.00,0.00,0.00,0.00,0.00,0.00,0.00,0.00
Qatar,QAT,20200116,0.00,,0.00,,0.00,,0.00,,0.00,,0.00,,0.00,,0.00,0.00,,0.00,0.00,0.00,0.00,,0.00,0.00,0.00,0.00,,0,0,0.00,0.00,0.00,0.00,0.00,0.00,0.00,0.00,0.00,0.00
Qatar,QAT,20200117,0.00,,0.00,,0.00,,0.00,,0.00,,0.00,,0.00,,0.00,0.00,,0.00,0.00,0.00,0.00,,0.00,0.00,0.00,0.00,,0,0,0.00,0.00,0.00,0.00,0.00,0.00,0.00,0.00,0.00,0.00
Qatar,QAT,20200118,0.00,,0.00,,0.00,,0.00,,0.00,,0.00,,0.00,,0.00,0.00,,0.00,0.00,0.00,0.00,,0.00,0.00,0.00,0.00,,0,0,0.00,0.00,0.00,0.00,0.00,0.00,0.00,0.00,0.00,0.00
Qatar,QAT,20200119,0.00,,0.00,,0.00,,0.00,,0.00,,0.00,,0.00,,0.00,0.00,,0.00,0.00,0.00,0.00,,0.00,0.00,0.00,0.00,,0,0,0.00,0.00,0.00,0.00,0.00,0.00,0.00,0.00,0.00,0.00
Qatar,QAT,20200120,0.00,,0.00,,0.00,,0.00,,0.00,,0.00,,0.00,,0.00,0.00,,0.00,0.00,0.00,0.00,,0.00,0.00,0.00,0.00,,0,0,0.00,0.00,0.00,0.00,0.00,0.00,0.00,0.00,0.00,0.00
Qatar,QAT,20200121,0.00,,0.00,,0.00,,0.00,,0.00,,0.00,,0.00,,0.00,0.00,,0.00,0.00,0.00,0.00,,0.00,0.00,0.00,0.00,,0,0,0.00,0.00,0.00,0.00,0.00,0.00,0.00,0.00,0.00,0.00
Qatar,QAT,20200122,0.00,,0.00,,0.00,,0.00,,0.00,,0.00,,0.00,,0.00,0.00,,0.00,0.00,0.00,0.00,,0.00,0.00,0.00,0.00,,0,0,0.00,0.00,0.00,0.00,0.00,0.00,0.00,0.00,0.00,0.00
Qatar,QAT,20200123,0.00,,0.00,,0.00,,0.00,,0.00,,0.00,,0.00,,0.00,0.00,,0.00,0.00,0.00,0.00,,0.00,0.00,0.00,0.00,,0,0,0.00,0.00,0.00,0.00,0.00,0.00,0.00,0.00,0.00,0.00
Qatar,QAT,20200124,0.00,,0.00,,0.00,,0.00,,0.00,,0.00,,0.00,,1.00,0.00,,0.00,0.00,0.00,0.00,,0.00,0.00,0.00,0.00,,0,0,2.78,2.78,3.57,3.57,1.92,1.92,2.27,2.27,0.00,0.00
Qatar,QAT,20200125,0.00,,0.00,,0.00,,0.00,,0.00,,0.00,,0.00,,1.00,0.00,,0.00,0.00,0.00,0.00,,0.00,0.00,0.00,0.00,,0,0,2.78,2.78,3.57,3.57,1.92,1.92,2.27,2.27,0.00,0.00
Qatar,QAT,20200126,0.00,,0.00,,0.00,,0.00,,0.00,,0.00,,0.00,,1.00,0.00,,0.00,0.00,0.00,0.00,,0.00,0.00,0.00,0.00,,0,0,2.78,2.78,3.57,3.57,1.92,1.92,2.27,2.27,0.00,0.00
Qatar,QAT,20200127,0.00,,0.00,,0.00,,0.00,,0.00,,0.00,,0.00,,1.00,0.00,,0.00,0.00,0.00,0.00,,0.00,0.00,0.00,0.00,,0,0,2.78,2.78,3.57,3.57,1.92,1.92,2.27,2.27,0.00,0.00
Qatar,QAT,20200128,0.00,,0.00,,0.00,,0.00,,0.00,,0.00,,0.00,,1.00,0.00,,0.00,0.00,0.00,0.00,,0.00,0.00,0.00,0.00,,0,0,2.78,2.78,3.57,3.57,1.92,1.92,2.27,2.27,0.00,0.00
Qatar,QAT,20200129,0.00,,0.00,,0.00,,0.00,,0.00,,0.00,,0.00,,1.00,0.00,,0.00,0.00,0.00,0.00,,0.00,0.00,0.00,0.00,,0,0,2.78,2.78,3.57,3.57,1.92,1.92,2.27,2.27,0.00,0.00
Qatar,QAT,20200130,0.00,,0.00,,0.00,,0.00,,0.00,,0.00,,0.00,,1.00,0.00,,0.00,0.00,0.00,1.00,1,0.00,0.00,0.00,0.00,,0,0,8.33,8.33,13.10,13.10,5.77,5.77,6.82,6.82,0.00,0.00
Qatar,QAT,20200131,0.00,,0.00,,0.00,,0.00,,0.00,,0.00,,0.00,,1.00,0.00,,0.00,0.00,0.00,1.00,1,0.00,0.00,0.00,0.00,,0,0,8.33,8.33,13.10,13.10,5.77,5.77,6.82,6.82,0.00,0.00
Qatar,QAT,20200201,0.00,,0.00,,0.00,,0.00,,0.00,,0.00,,0.00,,1.00,0.00,,0.00,0.00,0.00,1.00,1,0.00,0.00,0.00,0.00,,0,0,8.33,8.33,13.10,13.10,5.77,5.77,6.82,6.82,0.00,0.00
Qatar,QAT,20200202,0.00,,0.00,,0.00,,0.00,,0.00,,0.00,,0.00,,1.00,0.00,,0.00,0.00,0.00,1.00,1,0.00,0.00,0.00,0.00,,0,0,8.33,8.33,13.10,13.10,5.77,5.77,6.82,6.82,0.00,0.00
Qatar,QAT,20200203,0.00,,0.00,,0.00,,0.00,,0.00,,0.00,,0.00,,3.00,0.00,,0.00,0.00,0.00,1.00,1,0.00,0.00,0.00,0.00,,0,0,13.89,13.89,20.24,20.24,9.62,9.62,11.36,11.36,0.00,0.00
Qatar,QAT,20200204,0.00,,0.00,,0.00,,0.00,,0.00,,0.00,,0.00,,3.00,0.00,,0.00,0.00,0.00,1.00,1,0.00,0.00,0.00,0.00,,0,0,13.89,13.89,20.24,20.24,9.62,9.62,11.36,11.36,0.00,0.00
Qatar,QAT,20200205,0.00,,0.00,,0.00,,0.00,,0.00,,0.00,,0.00,,3.00,0.00,,0.00,0.00,0.00,1.00,1,0.00,0.00,0.00,0.00,,0,0,13.89,13.89,20.24,20.24,9.62,9.62,11.36,11.36,0.00,0.00
Qatar,QAT,20200206,0.00,,0.00,,0.00,,0.00,,0.00,,0.00,,0.00,,3.00,0.00,,0.00,0.00,0.00,1.00,1,0.00,0.00,0.00,0.00,,0,0,13.89,13.89,20.24,20.24,9.62,9.62,11.36,11.36,0.00,0.00
Qatar,QAT,20200207,0.00,,0.00,,0.00,,0.00,,0.00,,0.00,,0.00,,3.00,0.00,,0.00,0.00,0.00,1.00,1,0.00,0.00,0.00,0.00,,0,0,13.89,13.89,20.24,20.24,9.62,9.62,11.36,11.36,0.00,0.00
Qatar,QAT,20200208,0.00,,0.00,,0.00,,0.00,,0.00,,0.00,,0.00,,3.00,0.00,,0.00,0.00,0.00,1.00,1,0.00,0.00,0.00,0.00,,0,0,13.89,13.89,20.24,20.24,9.62,9.62,11.36,11.36,0.00,0.00
Qatar,QAT,20200209,0.00,,0.00,,0.00,,0.00,,0.00,,0.00,,0.00,,3.00,0.00,,0.00,0.00,0.00,1.00,1,0.00,0.00,0.00,0.00,,0,0,13.89,13.89,20.24,20.24,9.62,9.62,11.36,11.36,0.00,0.00
Qatar,QAT,20200210,0.00,,0.00,,0.00,,0.00,,0.00,,0.00,,0.00,,3.00,0.00,,0.00,0.00,0.00,1.00,1,0.00,0.00,0.00,0.00,,0,0,13.89,13.89,20.24,20.24,9.62,9.62,11.36,11.36,0.00,0.00
Qatar,QAT,20200211,0.00,,0.00,,0.00,,0.00,,0.00,,0.00,,0.00,,3.00,0.00,,0.00,0.00,0.00,1.00,1,0.00,0.00,0.00,0.00,,0,0,13.89,13.89,20.24,20.24,9.62,9.62,11.36,11.36,0.00,0.00
Qatar,QAT,20200212,0.00,,0.00,,0.00,,0.00,,0.00,,0.00,,0.00,,3.00,0.00,,0.00,0.00,0.00,1.00,1,0.00,0.00,0.00,0.00,,0,0,13.89,13.89,20.24,20.24,9.62,9.62,11.36,11.36,0.00,0.00
Qatar,QAT,20200213,0.00,,0.00,,0.00,,0.00,,0.00,,0.00,,0.00,,3.00,0.00,,0.00,0.00,0.00,1.00,1,0.00,0.00,0.00,0.00,,0,0,13.89,13.89,20.24,20.24,9.62,9.62,11.36,11.36,0.00,0.00
Qatar,QAT,20200214,0.00,,0.00,,0.00,,0.00,,0.00,,0.00,,0.00,,3.00,0.00,,0.00,0.00,0.00,1.00,1,0.00,0.00,0.00,0.00,,0,0,13.89,13.89,20.24,20.24,9.62,9.62,11.36,11.36,0.00,0.00
Qatar,QAT,20200215,0.00,,0.00,,0.00,,0.00,,0.00,,0.00,,0.00,,3.00,0.00,,0.00,0.00,0.00,1.00,1,0.00,0.00,0.00,0.00,,0,0,13.89,13.89,20.24,20.24,9.62,9.62,11.36,11.36,0.00,0.00
Qatar,QAT,20200216,0.00,,0.00,,0.00,,0.00,,0.00,,0.00,,0.00,,3.00,0.00,,0.00,0.00,0.00,1.00,1,0.00,0.00,0.00,0.00,,0,0,13.89,13.89,20.24,20.24,9.62,9.62,11.36,11.36,0.00,0.00
Qatar,QAT,20200217,0.00,,0.00,,0.00,,0.00,,0.00,,0.00,,0.00,,3.00,0.00,,0.00,0.00,0.00,1.00,1,0.00,0.00,0.00,0.00,,0,0,13.89,13.89,20.24,20.24,9.62,9.62,11.36,11.36,0.00,0.00
Qatar,QAT,20200218,0.00,,0.00,,0.00,,0.00,,0.00,,0.00,,0.00,,3.00,0.00,,0.00,0.00,0.00,1.00,1,0.00,0.00,0.00,0.00,,0,0,13.89,13.89,20.24,20.24,9.62,9.62,11.36,11.36,0.00,0.00
Qatar,QAT,20200219,0.00,,0.00,,0.00,,0.00,,0.00,,0.00,,0.00,,3.00,0.00,,0.00,0.00,0.00,1.00,1,0.00,0.00,0.00,0.00,,0,0,13.89,13.89,20.24,20.24,9.62,9.62,11.36,11.36,0.00,0.00
Qatar,QAT,20200220,0.00,,0.00,,0.00,,0.00,,0.00,,0.00,,0.00,,3.00,0.00,,0.00,0.00,0.00,1.00,1,0.00,0.00,0.00,0.00,,0,0,13.89,13.89,20.24,20.24,9.62,9.62,11.36,11.36,0.00,0.00
Qatar,QAT,20200221,0.00,,0.00,,0.00,,0.00,,0.00,,0.00,,0.00,,3.00,0.00,,0.00,0.00,0.00,1.00,1,0.00,0.00,0.00,0.00,,0,0,13.89,13.89,20.24,20.24,9.62,9.62,11.36,11.36,0.00,0.00
Qatar,QAT,20200222,0.00,,0.00,,0.00,,0.00,,0.00,,0.00,,0.00,,3.00,0.00,,0.00,0.00,0.00,1.00,1,0.00,0.00,0.00,0.00,,0,0,13.89,13.89,20.24,20.24,9.62,9.62,11.36,11.36,0.00,0.00
Qatar,QAT,20200223,0.00,,0.00,,0.00,,0.00,,0.00,,0.00,,0.00,,3.00,0.00,,0.00,0.00,0.00,1.00,1,0.00,0.00,0.00,0.00,,0,0,13.89,13.89,20.24,20.24,9.62,9.62,11.36,11.36,0.00,0.00
Qatar,QAT,20200224,0.00,,0.00,,0.00,,0.00,,0.00,,0.00,,0.00,,3.00,0.00,,0.00,0.00,0.00,1.00,1,0.00,0.00,0.00,0.00,,0,0,13.89,13.89,20.24,20.24,9.62,9.62,11.36,11.36,0.00,0.00
Qatar,QAT,20200225,0.00,,0.00,,0.00,,0.00,,0.00,,0.00,,0.00,,3.00,0.00,,0.00,0.00,0.00,1.00,1,0.00,0.00,0.00,0.00,,0,0,13.89,13.89,20.24,20.24,9.62,9.62,11.36,11.36,0.00,0.00
Qatar,QAT,20200226,0.00,,0.00,,0.00,,0.00,,0.00,,0.00,,0.00,,3.00,0.00,,0.00,0.00,0.00,1.00,1,0.00,0.00,0.00,0.00,,0,0,13.89,13.89,20.24,20.24,9.62,9.62,11.36,11.36,0.00,0.00
Qatar,QAT,20200227,0.00,,0.00,,0.00,,0.00,,0.00,,0.00,,0.00,,3.00,0.00,,0.00,0.00,0.00,1.00,1,1.00,0.00,0.00,0.00,,0,0,13.89,13.89,20.24,20.24,12.18,12.18,14.39,14.39,0.00,0.00
Qatar,QAT,20200228,0.00,,0.00,,0.00,,0.00,,0.00,,0.00,,0.00,,3.00,0.00,,0.00,0.00,0.00,1.00,1,1.00,0.00,0.00,0.00,,0,0,13.89,13.89,20.24,20.24,12.18,12.18,14.39,14.39,0.00,0.00
Qatar,QAT,20200229,0.00,,0.00,,0.00,,0.00,,0.00,,0.00,,0.00,,3.00,0.00,,0.00,0.00,0.00,1.00,1,1.00,0.00,0.00,0.00,,0,0,13.89,13.89,20.24,20.24,12.18,12.18,14.39,14.39,0.00,0.00
Qatar,QAT,20200301,0.00,,0.00,,0.00,,0.00,,0.00,,0.00,,0.00,,3.00,0.00,,0.00,0.00,0.00,1.00,1,1.00,0.00,0.00,0.00,,1,0,13.89,13.89,20.24,20.24,12.18,12.18,14.39,14.39,0.00,0.00
Qatar,QAT,20200302,0.00,,0.00,,0.00,,0.00,,0.00,,0.00,,0.00,,3.00,0.00,,0.00,0.00,0.00,1.00,1,1.00,0.00,0.00,0.00,,3,0,13.89,13.89,20.24,20.24,12.18,12.18,14.39,14.39,0.00,0.00
Qatar,QAT,20200303,0.00,,0.00,,0.00,,0.00,,0.00,,0.00,,0.00,,3.00,0.00,,0.00,0.00,0.00,1.00,1,1.00,0.00,0.00,0.00,,,,13.89,13.89,20.24,20.24,12.18,12.18,14.39,14.39,0.00,0.00
Qatar,QAT,20200304,0.00,,0.00,,0.00,,0.00,,0.00,,0.00,,0.00,,3.00,0.00,,0.00,0.00,0.00,1.00,1,1.00,0.00,0.00,0.00,,8,0,13.89,13.89,20.24,20.24,12.18,12.18,14.39,14.39,0.00,0.00
Qatar,QAT,20200305,0.00,,0.00,,0.00,,0.00,,0.00,,0.00,,0.00,,3.00,0.00,,0.00,0.00,0.00,1.00,1,1.00,0.00,0.00,0.00,,,,13.89,13.89,20.24,20.24,12.18,12.18,14.39,14.39,0.00,0.00
Qatar,QAT,20200306,0.00,,0.00,,0.00,,0.00,,0.00,,0.00,,0.00,,3.00,0.00,,0.00,0.00,0.00,1.00,1,1.00,0.00,0.00,0.00,,,,13.89,13.89,20.24,20.24,12.18,12.18,14.39,14.39,0.00,0.00
Qatar,QAT,20200307,0.00,,0.00,,0.00,,0.00,,0.00,,0.00,,0.00,,3.00,0.00,,0.00,0.00,0.00,1.00,1,1.00,0.00,0.00,0.00,,11,0,13.89,13.89,20.24,20.24,12.18,12.18,14.39,14.39,0.00,0.00
Qatar,QAT,20200308,0.00,,0.00,,0.00,,0.00,,0.00,,0.00,,0.00,,3.00,0.00,,0.00,0.00,0.00,1.00,1,1.00,2.00,0.00,0.00,,12,0,13.89,13.89,20.24,20.24,19.87,19.87,23.48,23.48,0.00,0.00
Qatar,QAT,20200309,0.00,,0.00,,0.00,,0.00,,0.00,,0.00,,0.00,,3.00,0.00,,0.00,0.00,0.00,1.00,1,1.00,2.00,0.00,0.00,,15,0,13.89,13.89,20.24,20.24,19.87,19.87,23.48,23.48,0.00,0.00
Qatar,QAT,20200310,3.00,1,0.00,,0.00,,0.00,,0.00,,0.00,,0.00,,3.00,0.00,,0.00,0.00,0.00,1.00,1,1.00,2.00,0.00,0.00,,18,0,25.00,25.00,34.52,34.52,27.56,27.56,32.58,32.58,0.00,0.00
Qatar,QAT,20200311,3.00,1,0.00,,0.00,,0.00,,0.00,,0.00,,0.00,,3.00,0.00,,0.00,0.00,0.00,1.00,1,1.00,2.00,0.00,0.00,,24,0,25.00,25.00,34.52,34.52,27.56,27.56,32.58,32.58,0.00,0.00
Qatar,QAT,20200312,3.00,1,0.00,,1.00,1,0.00,,0.00,,0.00,,0.00,,3.00,0.00,,0.00,0.00,0.00,1.00,1,1.00,2.00,0.00,0.00,,262,0,30.56,30.56,44.05,44.05,31.41,31.41,37.12,37.12,0.00,0.00
Qatar,QAT,20200313,3.00,1,0.00,,1.00,1,0.00,,0.00,,0.00,,0.00,,3.00,0.00,,0.00,0.00,0.00,1.00,1,1.00,2.00,0.00,0.00,,,,30.56,30.56,44.05,44.05,31.41,31.41,37.12,37.12,0.00,0.00
Qatar,QAT,20200314,3.00,1,0.00,,1.00,1,0.00,,0.00,,0.00,,0.00,,3.00,0.00,,0.00,0.00,0.00,1.00,1,1.00,2.00,0.00,0.00,,320,0,30.56,30.56,44.05,44.05,31.41,31.41,37.12,37.12,0.00,0.00
Qatar,QAT,20200315,3.00,1,0.00,,1.00,1,0.00,,2.00,1,0.00,,0.00,,3.00,0.00,,0.00,0.00,0.00,1.00,1,1.00,2.00,0.00,0.00,,337,0,41.67,41.67,58.33,58.33,39.10,39.10,46.21,46.21,0.00,0.00
Qatar,QAT,20200316,3.00,1,0.00,,1.00,1,0.00,,2.00,1,0.00,,0.00,,3.00,0.00,,0.00,20600000000.00,0.00,1.00,1,1.00,2.00,0.00,0.00,,401,0,41.67,41.67,58.33,58.33,39.10,39.10,46.21,46.21,0.00,0.00
Qatar,QAT,20200317,3.00,1,2.00,1,1.00,1,0.00,,2.00,1,1.00,1,2.00,0,3.00,0.00,,0.00,0.00,0.00,1.00,1,1.00,2.00,0.00,0.00,,439,0,61.11,61.11,78.57,78.57,52.56,52.56,62.12,62.12,0.00,0.00
Qatar,QAT,20200318,3.00,1,2.00,1,1.00,1,0.00,,2.00,1,1.00,1,2.00,0,4.00,0.00,,0.00,0.00,0.00,1.00,1,1.00,2.00,0.00,0.00,,442,0,63.89,63.89,82.14,82.14,54.49,54.49,64.39,64.39,0.00,0.00
Qatar,QAT,20200319,3.00,1,2.00,1,1.00,1,0.00,,2.00,1,1.00,1,2.00,0,4.00,0.00,,0.00,0.00,0.00,1.00,1,1.00,2.00,0.00,0.00,,452,0,63.89,63.89,82.14,82.14,54.49,54.49,64.39,64.39,0.00,0.00
Qatar,QAT,20200320,3.00,1,2.00,1,1.00,1,0.00,,2.00,1,1.00,1,2.00,0,4.00,0.00,,0.00,0.00,0.00,1.00,1,1.00,2.00,0.00,0.00,,460,0,63.89,63.89,82.14,82.14,54.49,54.49,64.39,64.39,0.00,0.00
Qatar,QAT,20200321,3.00,1,2.00,1,1.00,1,0.00,,2.00,1,1.00,1,2.00,0,4.00,0.00,,0.00,0.00,0.00,1.00,1,1.00,2.00,0.00,0.00,,470,0,63.89,63.89,82.14,82.14,54.49,54.49,64.39,64.39,0.00,0.00
Qatar,QAT,20200322,3.00,1,2.00,1,2.00,1,4.00,1,2.00,1,1.00,1,2.00,0,4.00,0.00,,0.00,0.00,0.00,1.00,1,1.00,2.00,0.00,0.00,,481,0,80.56,80.56,86.90,86.90,66.03,66.03,78.03,78.03,0.00,0.00
Qatar,QAT,20200323,3.00,1,2.00,1,2.00,1,4.00,1,2.00,1,1.00,1,2.00,0,4.00,0.00,,0.00,0.00,0.00,1.00,1,1.00,2.00,0.00,0.00,,494,0,80.56,80.56,86.90,86.90,66.03,66.03,78.03,78.03,0.00,0.00
Qatar,QAT,20200324,3.00,1,2.00,1,2.00,1,4.00,1,2.00,1,1.00,1,2.00,0,4.00,0.00,,0.00,0.00,0.00,1.00,1,1.00,2.00,0.00,0.00,,501,0,80.56,80.56,86.90,86.90,66.03,66.03,78.03,78.03,0.00,0.00
Qatar,QAT,20200325,3.00,1,2.00,1,2.00,1,4.00,1,2.00,1,1.00,1,2.00,0,4.00,0.00,,0.00,0.00,0.00,1.00,1,1.00,2.00,0.00,0.00,,526,0,80.56,80.56,86.90,86.90,66.03,66.03,78.03,78.03,0.00,0.00
Qatar,QAT,20200326,3.00,1,2.00,1,2.00,1,4.00,1,2.00,1,1.00,1,2.00,0,4.00,0.00,,0.00,0.00,0.00,1.00,1,1.00,2.00,0.00,0.00,,537,0,80.56,80.56,86.90,86.90,66.03,66.03,78.03,78.03,0.00,0.00
Qatar,QAT,20200327,3.00,1,2.00,1,2.00,1,4.00,1,2.00,1,1.00,1,2.00,0,4.00,0.00,,0.00,0.00,0.00,1.00,1,1.00,2.00,0.00,0.00,,549,0,80.56,80.56,86.90,86.90,66.03,66.03,78.03,78.03,0.00,0.00
Qatar,QAT,20200328,3.00,1,2.00,1,2.00,1,4.00,1,2.00,1,1.00,1,2.00,0,4.00,2.00,0,0.00,0.00,0.00,2.00,1,1.00,2.00,0.00,0.00,,562,0,86.11,86.11,91.67,91.67,75.64,75.64,82.58,82.58,37.50,37.50
Qatar,QAT,20200329,3.00,1,2.00,1,2.00,1,4.00,1,2.00,1,1.00,1,2.00,0,4.00,2.00,0,0.00,0.00,0.00,2.00,1,1.00,2.00,0.00,0.00,,590,1,86.11,86.11,91.67,91.67,75.64,75.64,82.58,82.58,37.50,37.50
Qatar,QAT,20200330,3.00,1,2.00,1,2.00,1,4.00,1,2.00,1,1.00,1,2.00,0,4.00,2.00,0,0.00,0.00,0.00,2.00,1,1.00,2.00,0.00,0.00,,634,1,86.11,86.11,91.67,91.67,75.64,75.64,82.58,82.58,37.50,37.50
Qatar,QAT,20200331,3.00,1,2.00,1,2.00,1,4.00,1,2.00,1,1.00,1,2.00,0,4.00,2.00,0,0.00,0.00,0.00,2.00,1,1.00,2.00,0.00,0.00,,693,1,86.11,86.11,91.67,91.67,75.64,75.64,82.58,82.58,37.50,37.50
Qatar,QAT,20200401,3.00,1,2.00,1,2.00,1,4.00,1,2.00,1,1.00,1,2.00,0,4.00,2.00,0,0.00,824000000.00,0.00,2.00,1,1.00,2.00,0.00,0.00,,781,2,86.11,86.11,91.67,91.67,75.64,75.64,82.58,82.58,37.50,37.50
Qatar,QAT,20200402,3.00,1,2.00,1,2.00,1,4.00,1,2.00,1,1.00,1,2.00,0,4.00,2.00,0,0.00,0.00,0.00,2.00,1,1.00,2.00,0.00,0.00,,835,2,86.11,86.11,91.67,91.67,75.64,75.64,82.58,82.58,37.50,37.50
Qatar,QAT,20200403,3.00,1,2.00,1,2.00,1,4.00,1,2.00,1,1.00,1,2.00,0,4.00,2.00,0,0.00,0.00,0.00,2.00,1,1.00,2.00,0.00,0.00,,949,3,86.11,86.11,91.67,91.67,75.64,75.64,82.58,82.58,37.50,37.50
Qatar,QAT,20200404,3.00,1,2.00,1,2.00,1,4.00,1,2.00,1,1.00,1,2.00,0,4.00,2.00,0,0.00,0.00,0.00,2.00,1,1.00,2.00,0.00,0.00,,949,3,86.11,86.11,91.67,91.67,75.64,75.64,82.58,82.58,37.50,37.50
Qatar,QAT,20200405,3.00,1,2.00,1,2.00,1,4.00,1,2.00,1,1.00,1,2.00,0,4.00,2.00,0,0.00,0.00,0.00,2.00,1,1.00,2.00,0.00,0.00,,1325,3,86.11,86.11,91.67,91.67,75.64,75.64,82.58,82.58,37.50,37.50
Qatar,QAT,20200406,3.00,1,2.00,1,2.00,1,4.00,1,2.00,1,1.00,1,2.00,0,4.00,2.00,0,0.00,0.00,0.00,2.00,1,1.00,2.00,0.00,0.00,,1604,4,86.11,86.11,91.67,91.67,75.64,75.64,82.58,82.58,37.50,37.50
Qatar,QAT,20200407,3.00,1,2.00,1,2.00,1,4.00,1,2.00,1,1.00,1,2.00,0,4.00,2.00,0,0.00,0.00,0.00,2.00,1,1.00,2.00,0.00,0.00,,1832,4,86.11,86.11,91.67,91.67,75.64,75.64,82.58,82.58,37.50,37.50
Qatar,QAT,20200408,3.00,1,2.00,1,2.00,1,4.00,1,2.00,1,1.00,1,2.00,0,4.00,2.00,0,0.00,0.00,0.00,2.00,1,1.00,2.00,0.00,0.00,,2057,6,86.11,86.11,91.67,91.67,75.64,75.64,82.58,82.58,37.50,37.50
Qatar,QAT,20200409,3.00,1,2.00,1,2.00,1,4.00,1,2.00,1,1.00,1,2.00,0,4.00,2.00,0,0.00,0.00,0.00,2.00,1,1.00,2.00,0.00,0.00,,2210,6,86.11,86.11,91.67,91.67,75.64,75.64,82.58,82.58,37.50,37.50
Qatar,QAT,20200410,3.00,1,2.00,1,2.00,1,4.00,1,2.00,1,1.00,1,2.00,0,4.00,2.00,0,0.00,0.00,0.00,2.00,1,1.00,2.00,0.00,0.00,,2376,6,86.11,86.11,91.67,91.67,75.64,75.64,82.58,82.58,37.50,37.50
Qatar,QAT,20200411,3.00,1,2.00,1,2.00,1,4.00,1,2.00,1,1.00,1,2.00,0,4.00,2.00,0,0.00,0.00,0.00,2.00,1,1.00,2.00,0.00,0.00,,2512,6,86.11,86.11,91.67,91.67,75.64,75.64,82.58,82.58,37.50,37.50
Qatar,QAT,20200412,3.00,1,2.00,1,2.00,1,4.00,1,2.00,1,1.00,1,2.00,0,4.00,2.00,0,0.00,0.00,0.00,2.00,1,1.00,2.00,0.00,0.00,,2728,6,86.11,86.11,91.67,91.67,75.64,75.64,82.58,82.58,37.50,37.50
Qatar,QAT,20200413,3.00,1,2.00,1,2.00,1,4.00,1,2.00,1,1.00,1,2.00,0,4.00,2.00,0,0.00,0.00,0.00,2.00,1,1.00,2.00,0.00,0.00,,2979,7,86.11,86.11,91.67,91.67,75.64,75.64,82.58,82.58,37.50,37.50
Qatar,QAT,20200414,3.00,1,2.00,1,2.00,1,4.00,1,2.00,1,1.00,1,2.00,0,4.00,2.00,0,0.00,0.00,0.00,2.00,1,1.00,2.00,0.00,0.00,,3231,7,86.11,86.11,91.67,91.67,75.64,75.64,82.58,82.58,37.50,37.50
Qatar,QAT,20200415,3.00,1,2.00,1,2.00,1,4.00,1,2.00,1,1.00,1,2.00,0,4.00,2.00,0,0.00,0.00,0.00,2.00,1,1.00,2.00,0.00,0.00,,3428,7,86.11,86.11,91.67,91.67,75.64,75.64,82.58,82.58,37.50,37.50
Qatar,QAT,20200416,3.00,1,2.00,1,2.00,1,4.00,1,2.00,1,1.00,1,2.00,0,4.00,2.00,0,0.00,0.00,0.00,2.00,1,1.00,2.00,0.00,0.00,,3711,7,86.11,86.11,91.67,91.67,75.64,75.64,82.58,82.58,37.50,37.50
Qatar,QAT,20200417,3.00,1,2.00,1,2.00,1,4.00,1,2.00,1,1.00,1,2.00,0,4.00,2.00,0,0.00,0.00,0.00,2.00,1,1.00,2.00,0.00,0.00,,4103,7,86.11,86.11,91.67,91.67,75.64,75.64,82.58,82.58,37.50,37.50
Qatar,QAT,20200418,3.00,1,2.00,1,2.00,1,4.00,1,2.00,1,1.00,1,2.00,0,4.00,2.00,0,0.00,0.00,0.00,2.00,1,1.00,2.00,0.00,0.00,,4663,7,86.11,86.11,91.67,91.67,75.64,75.64,82.58,82.58,37.50,37.50
Qatar,QAT,20200419,3.00,1,2.00,1,2.00,1,4.00,1,2.00,1,1.00,1,2.00,0,4.00,2.00,0,0.00,0.00,0.00,2.00,1,1.00,2.00,0.00,0.00,,5008,8,86.11,86.11,91.67,91.67,75.64,75.64,82.58,82.58,37.50,37.50
Qatar,QAT,20200420,3.00,1,2.00,1,2.00,1,4.00,1,2.00,1,1.00,1,2.00,0,4.00,2.00,0,0.00,0.00,0.00,2.00,1,1.00,2.00,0.00,0.00,,5448,8,86.11,86.11,91.67,91.67,75.64,75.64,82.58,82.58,37.50,37.50
Qatar,QAT,20200421,3.00,1,2.00,1,2.00,1,4.00,1,2.00,1,1.00,1,2.00,0,4.00,2.00,0,0.00,0.00,424000.00,2.00,1,1.00,2.00,0.00,0.00,,6015,9,86.11,86.11,91.67,91.67,75.64,75.64,82.58,82.58,37.50,37.50
Qatar,QAT,20200422,3.00,1,2.00,1,2.00,1,4.00,1,2.00,1,1.00,1,1.00,1,4.00,2.00,0,0.00,0.00,0.00,2.00,1,1.00,2.00,0.00,0.00,,6533,9,83.33,83.33,91.67,91.67,73.72,73.72,80.30,80.30,37.50,37.50
Qatar,QAT,20200423,3.00,1,2.00,1,2.00,1,4.00,1,2.00,1,1.00,1,1.00,1,4.00,2.00,0,0.00,0.00,0.00,2.00,1,1.00,2.00,0.00,0.00,,7141,10,83.33,83.33,91.67,91.67,73.72,73.72,80.30,80.30,37.50,37.50
Qatar,QAT,20200424,3.00,1,2.00,1,2.00,1,4.00,1,2.00,1,1.00,1,1.00,1,4.00,2.00,0,0.00,0.00,0.00,2.00,1,1.00,2.00,0.00,0.00,,7764,10,83.33,83.33,91.67,91.67,73.72,73.72,80.30,80.30,37.50,37.50
Qatar,QAT,20200425,3.00,1,2.00,1,2.00,1,4.00,1,2.00,1,1.00,1,1.00,1,4.00,2.00,0,0.00,0.00,0.00,2.00,1,1.00,2.00,0.00,0.00,,8525,10,83.33,83.33,91.67,91.67,73.72,73.72,80.30,80.30,37.50,37.50
Qatar,QAT,20200426,3.00,1,2.00,1,2.00,1,4.00,1,2.00,1,1.00,1,1.00,1,4.00,2.00,0,0.00,0.00,0.00,2.00,1,1.00,2.00,0.00,0.00,,9358,10,83.33,83.33,91.67,91.67,73.72,73.72,80.30,80.30,37.50,37.50
Qatar,QAT,20200427,3.00,1,2.00,1,2.00,1,4.00,1,2.00,1,1.00,1,1.00,1,4.00,2.00,0,0.00,0.00,0.00,2.00,1,1.00,2.00,0.00,0.00,,10287,10,83.33,83.33,91.67,91.67,73.72,73.72,80.30,80.30,37.50,37.50
Qatar,QAT,20200428,3.00,1,2.00,1,2.00,1,4.00,1,2.00,1,1.00,1,1.00,1,4.00,2.00,0,0.00,0.00,0.00,2.00,1,1.00,2.00,0.00,0.00,,11244,10,83.33,83.33,91.67,91.67,73.72,73.72,80.30,80.30,37.50,37.50
Qatar,QAT,20200429,3.00,1,2.00,1,2.00,1,4.00,1,2.00,1,1.00,1,1.00,1,4.00,2.00,0,0.00,0.00,0.00,2.00,1,1.00,2.00,0.00,0.00,,11921,10,83.33,83.33,91.67,91.67,73.72,73.72,80.30,80.30,37.50,37.50
Qatar,QAT,20200430,3.00,1,2.00,1,2.00,1,4.00,1,2.00,1,1.00,1,1.00,1,4.00,2.00,0,0.00,0.00,0.00,2.00,1,1.00,2.00,0.00,0.00,,12564,10,83.33,83.33,91.67,91.67,73.72,73.72,80.30,80.30,37.50,37.50
Qatar,QAT,20200501,3.00,1,2.00,1,2.00,1,4.00,1,2.00,1,1.00,1,1.00,1,4.00,2.00,0,0.00,0.00,0.00,2.00,1,1.00,2.00,0.00,0.00,,13409,10,83.33,83.33,91.67,91.67,73.72,73.72,80.30,80.30,37.50,37.50
Qatar,QAT,20200502,3.00,1,2.00,1,2.00,1,4.00,1,2.00,1,1.00,1,1.00,1,4.00,2.00,0,0.00,0.00,0.00,2.00,1,1.00,2.00,0.00,0.00,,14096,12,83.33,83.33,91.67,91.67,73.72,73.72,80.30,80.30,37.50,37.50
Qatar,QAT,20200503,3.00,1,2.00,1,2.00,1,4.00,1,2.00,1,1.00,1,1.00,1,4.00,2.00,0,0.00,0.00,0.00,2.00,1,1.00,2.00,0.00,0.00,,14872,12,83.33,83.33,91.67,91.67,73.72,73.72,80.30,80.30,37.50,37.50
Qatar,QAT,20200504,3.00,1,2.00,1,2.00,1,4.00,1,2.00,1,1.00,1,1.00,1,4.00,2.00,0,0.00,0.00,0.00,2.00,1,1.00,2.00,0.00,0.00,,15551,12,83.33,83.33,91.67,91.67,73.72,73.72,80.30,80.30,37.50,37.50
Qatar,QAT,20200505,3.00,1,2.00,1,2.00,1,4.00,1,2.00,1,1.00,1,1.00,1,4.00,2.00,0,0.00,0.00,0.00,2.00,1,1.00,2.00,0.00,0.00,,16191,12,83.33,83.33,91.67,91.67,73.72,73.72,80.30,80.30,37.50,37.50
Qatar,QAT,20200506,3.00,1,2.00,1,2.00,1,4.00,1,2.00,1,1.00,1,1.00,1,4.00,2.00,0,0.00,0.00,0.00,2.00,1,1.00,2.00,0.00,0.00,,17142,12,83.33,83.33,91.67,91.67,73.72,73.72,80.30,80.30,37.50,37.50
Qatar,QAT,20200507,3.00,1,2.00,1,2.00,1,4.00,1,2.00,1,1.00,1,1.00,1,4.00,2.00,0,0.00,0.00,0.00,2.00,1,1.00,2.00,0.00,0.00,,17972,12,83.33,83.33,91.67,91.67,73.72,73.72,80.30,80.30,37.50,37.50
Qatar,QAT,20200508,3.00,1,2.00,1,2.00,1,4.00,1,2.00,1,1.00,1,1.00,1,4.00,2.00,0,0.00,0.00,0.00,2.00,1,1.00,2.00,0.00,0.00,,18890,12,83.33,83.33,91.67,91.67,73.72,73.72,80.30,80.30,37.50,37.50
Qatar,QAT,20200509,3.00,1,2.00,1,2.00,1,4.00,1,2.00,1,1.00,1,1.00,1,4.00,2.00,0,0.00,0.00,0.00,2.00,1,1.00,2.00,0.00,0.00,,20201,12,83.33,83.33,91.67,91.67,73.72,73.72,80.30,80.30,37.50,37.50
Qatar,QAT,20200510,3.00,1,2.00,1,2.00,1,4.00,1,2.00,1,1.00,1,1.00,1,4.00,2.00,0,0.00,0.00,0.00,2.00,1,1.00,2.00,0.00,0.00,,21331,13,83.33,83.33,91.67,91.67,73.72,73.72,80.30,80.30,37.50,37.50
Qatar,QAT,20200511,3.00,1,2.00,1,2.00,1,4.00,1,2.00,1,1.00,1,1.00,1,4.00,2.00,0,0.00,0.00,0.00,2.00,1,1.00,2.00,0.00,0.00,,22520,14,83.33,83.33,91.67,91.67,73.72,73.72,80.30,80.30,37.50,37.50
Qatar,QAT,20200512,3.00,1,2.00,1,2.00,1,4.00,1,2.00,1,1.00,1,1.00,1,4.00,2.00,0,0.00,0.00,0.00,2.00,1,1.00,2.00,0.00,0.00,,23623,14,83.33,83.33,91.67,91.67,73.72,73.72,80.30,80.30,37.50,37.50
Qatar,QAT,20200513,3.00,1,2.00,1,2.00,1,4.00,1,2.00,1,1.00,1,1.00,1,4.00,2.00,0,0.00,0.00,0.00,2.00,1,3.00,2.00,0.00,0.00,,25149,14,83.33,83.33,91.67,91.67,78.85,78.85,86.36,86.36,37.50,37.50
Qatar,QAT,20200514,3.00,1,2.00,1,2.00,1,4.00,1,2.00,1,1.00,1,1.00,1,4.00,2.00,0,0.00,0.00,0.00,2.00,1,3.00,2.00,0.00,0.00,,26539,14,83.33,83.33,91.67,91.67,78.85,78.85,86.36,86.36,37.50,37.50
Qatar,QAT,20200515,3.00,1,2.00,1,2.00,1,4.00,1,2.00,1,1.00,1,1.00,1,4.00,2.00,0,0.00,0.00,0.00,2.00,1,3.00,2.00,0.00,0.00,,28272,14,83.33,83.33,91.67,91.67,78.85,78.85,86.36,86.36,37.50,37.50
Qatar,QAT,20200516,3.00,1,2.00,1,2.00,1,4.00,1,2.00,1,1.00,1,1.00,1,4.00,2.00,0,0.00,0.00,0.00,2.00,1,3.00,2.00,0.00,0.00,,29425,14,83.33,83.33,91.67,91.67,78.85,78.85,86.36,86.36,37.50,37.50
Qatar,QAT,20200517,3.00,1,2.00,1,2.00,1,4.00,1,2.00,1,1.00,1,1.00,1,4.00,2.00,0,0.00,0.00,0.00,2.00,1,3.00,2.00,0.00,0.00,,30972,15,83.33,83.33,91.67,91.67,78.85,78.85,86.36,86.36,37.50,37.50
Qatar,QAT,20200518,3.00,1,2.00,1,2.00,1,4.00,1,2.00,1,1.00,1,1.00,1,4.00,2.00,0,0.00,0.00,0.00,2.00,1,3.00,2.00,0.00,0.00,,32604,15,83.33,83.33,91.67,91.67,78.85,78.85,86.36,86.36,37.50,37.50
Qatar,QAT,20200519,3.00,1,2.00,1,2.00,1,4.00,1,2.00,1,1.00,1,1.00,1,4.00,2.00,0,0.00,0.00,0.00,2.00,1,3.00,2.00,0.00,0.00,,33969,15,83.33,83.33,91.67,91.67,78.85,78.85,86.36,86.36,37.50,37.50
Qatar,QAT,20200520,3.00,1,2.00,1,2.00,1,4.00,1,2.00,1,1.00,1,1.00,1,4.00,2.00,0,0.00,0.00,0.00,2.00,1,3.00,2.00,0.00,0.00,,35606,15,83.33,83.33,91.67,91.67,78.85,78.85,86.36,86.36,37.50,37.50
Qatar,QAT,20200521,3.00,1,2.00,1,2.00,1,4.00,1,2.00,1,1.00,1,1.00,1,4.00,2.00,0,0.00,0.00,0.00,2.00,1,3.00,2.00,0.00,0.00,,37097,16,83.33,83.33,91.67,91.67,78.85,78.85,86.36,86.36,37.50,37.50
Qatar,QAT,20200522,3.00,1,2.00,1,2.00,1,4.00,1,2.00,1,1.00,1,1.00,1,4.00,2.00,0,0.00,0.00,0.00,2.00,1,3.00,2.00,0.00,0.00,,38651,17,83.33,83.33,91.67,91.67,78.85,78.85,86.36,86.36,37.50,37.50
Qatar,QAT,20200523,3.00,1,2.00,1,2.00,1,4.00,1,2.00,1,1.00,1,1.00,1,4.00,2.00,0,0.00,0.00,0.00,2.00,1,3.00,2.00,0.00,0.00,,40481,19,83.33,83.33,91.67,91.67,78.85,78.85,86.36,86.36,37.50,37.50
Qatar,QAT,20200524,3.00,1,2.00,1,2.00,1,4.00,1,2.00,1,1.00,1,1.00,1,4.00,2.00,0,0.00,0.00,0.00,2.00,1,3.00,2.00,0.00,0.00,,42213,21,83.33,83.33,91.67,91.67,78.85,78.85,86.36,86.36,37.50,37.50
Qatar,QAT,20200525,3.00,1,2.00,1,2.00,1,4.00,1,2.00,1,1.00,1,1.00,1,4.00,2.00,0,0.00,0.00,0.00,2.00,1,3.00,2.00,0.00,0.00,,43714,23,83.33,83.33,91.67,91.67,78.85,78.85,86.36,86.36,37.50,37.50
Qatar,QAT,20200526,3.00,1,2.00,1,2.00,1,4.00,1,2.00,1,1.00,1,1.00,1,4.00,2.00,0,0.00,0.00,0.00,2.00,1,3.00,2.00,0.00,0.00,,45465,26,83.33,83.33,91.67,91.67,78.85,78.85,86.36,86.36,37.50,37.50
Qatar,QAT,20200527,3.00,1,2.00,1,2.00,1,4.00,1,2.00,1,1.00,1,1.00,1,4.00,2.00,0,0.00,0.00,0.00,2.00,1,3.00,2.00,0.00,0.00,,47207,28,83.33,83.33,91.67,91.67,78.85,78.85,86.36,86.36,37.50,37.50
Qatar,QAT,20200528,3.00,1,2.00,1,2.00,1,4.00,1,2.00,1,1.00,1,1.00,1,4.00,2.00,0,0.00,0.00,0.00,2.00,1,3.00,2.00,0.00,0.00,,48947,30,83.33,83.33,91.67,91.67,78.85,78.85,86.36,86.36,37.50,37.50
Qatar,QAT,20200529,3.00,1,2.00,1,2.00,1,4.00,1,2.00,1,1.00,1,1.00,1,4.00,2.00,0,0.00,0.00,0.00,2.00,1,3.00,2.00,0.00,0.00,,50914,33,83.33,83.33,91.67,91.67,78.85,78.85,86.36,86.36,37.50,37.50
Qatar,QAT,20200530,3.00,1,2.00,1,2.00,1,4.00,1,2.00,1,1.00,1,1.00,1,4.00,2.00,0,0.00,0.00,0.00,2.00,1,3.00,2.00,0.00,0.00,,52907,36,83.33,83.33,91.67,91.67,78.85,78.85,86.36,86.36,37.50,37.50
Qatar,QAT,20200531,3.00,1,2.00,1,2.00,1,4.00,1,2.00,1,1.00,1,1.00,1,4.00,2.00,0,0.00,0.00,0.00,2.00,1,3.00,2.00,0.00,0.00,,55262,36,83.33,83.33,91.67,91.67,78.85,78.85,86.36,86.36,37.50,37.50
Qatar,QAT,20200601,3.00,1,2.00,1,2.00,1,4.00,1,2.00,1,1.00,1,1.00,1,4.00,2.00,0,0.00,0.00,0.00,2.00,1,3.00,2.00,0.00,0.00,,56910,38,83.33,83.33,91.67,91.67,78.85,78.85,86.36,86.36,37.50,37.50
Qatar,QAT,20200602,3.00,1,2.00,1,2.00,1,4.00,1,2.00,1,1.00,1,1.00,1,4.00,2.00,0,0.00,0.00,0.00,2.00,1,3.00,2.00,0.00,0.00,,58433,40,83.33,83.33,91.67,91.67,78.85,78.85,86.36,86.36,37.50,37.50
Qatar,QAT,20200603,3.00,1,2.00,1,2.00,1,4.00,1,2.00,1,1.00,1,1.00,1,4.00,2.00,0,0.00,0.00,0.00,2.00,1,3.00,2.00,0.00,0.00,,60259,43,83.33,83.33,91.67,91.67,78.85,78.85,86.36,86.36,37.50,37.50
Qatar,QAT,20200604,3.00,1,2.00,1,2.00,1,4.00,1,2.00,1,1.00,1,1.00,1,4.00,2.00,0,0.00,0.00,0.00,2.00,1,3.00,2.00,0.00,0.00,,62160,45,83.33,83.33,91.67,91.67,78.85,78.85,86.36,86.36,37.50,37.50
Qatar,QAT,20200605,3.00,1,2.00,1,2.00,1,4.00,1,2.00,1,1.00,1,1.00,1,4.00,2.00,0,0.00,0.00,0.00,2.00,1,3.00,2.00,0.00,0.00,,63741,45,83.33,83.33,91.67,91.67,78.85,78.85,86.36,86.36,37.50,37.50
Qatar,QAT,20200606,3.00,1,2.00,1,2.00,1,4.00,1,2.00,1,1.00,1,1.00,1,4.00,2.00,0,0.00,0.00,0.00,2.00,1,3.00,2.00,0.00,0.00,,65495,49,83.33,83.33,91.67,91.67,78.85,78.85,86.36,86.36,37.50,37.50
Qatar,QAT,20200607,3.00,1,2.00,1,2.00,1,4.00,1,2.00,1,1.00,1,1.00,1,4.00,2.00,0,0.00,0.00,0.00,2.00,1,3.00,2.00,0.00,0.00,,67195,51,83.33,83.33,91.67,91.67,78.85,78.85,86.36,86.36,37.50,37.50
Qatar,QAT,20200608,3.00,1,2.00,1,2.00,1,4.00,1,2.00,1,1.00,1,1.00,1,4.00,2.00,0,0.00,0.00,0.00,2.00,1,3.00,2.00,0.00,0.00,,68790,54,83.33,83.33,91.67,91.67,78.85,78.85,86.36,86.36,37.50,37.50
Qatar,QAT,20200609,3.00,1,2.00,1,2.00,1,4.00,1,2.00,1,1.00,1,1.00,1,4.00,2.00,0,0.00,0.00,0.00,2.00,1,3.00,2.00,0.00,0.00,,70158,57,83.33,83.33,91.67,91.67,78.85,78.85,86.36,86.36,37.50,37.50
Qatar,QAT,20200610,3.00,1,2.00,1,2.00,1,4.00,1,2.00,1,1.00,1,1.00,1,4.00,2.00,0,0.00,0.00,0.00,2.00,1,3.00,2.00,0.00,0.00,,71879,62,83.33,83.33,91.67,91.67,78.85,78.85,86.36,86.36,37.50,37.50
Qatar,QAT,20200611,3.00,1,2.00,1,2.00,1,4.00,1,2.00,1,1.00,1,1.00,1,4.00,2.00,0,0.00,0.00,0.00,2.00,1,3.00,2.00,0.00,0.00,,73595,66,83.33,83.33,91.67,91.67,78.85,78.85,86.36,86.36,37.50,37.50
Qatar,QAT,20200612,3.00,1,2.00,1,2.00,1,4.00,1,2.00,1,1.00,1,1.00,1,4.00,2.00,0,0.00,0.00,0.00,2.00,1,3.00,2.00,0.00,0.00,,75071,69,83.33,83.33,91.67,91.67,78.85,78.85,86.36,86.36,37.50,37.50
Qatar,QAT,20200613,3.00,1,2.00,1,2.00,1,4.00,1,2.00,1,1.00,1,1.00,1,4.00,2.00,0,0.00,0.00,0.00,2.00,1,3.00,2.00,0.00,0.00,,76588,70,83.33,83.33,91.67,91.67,78.85,78.85,86.36,86.36,37.50,37.50
Qatar,QAT,20200614,3.00,1,2.00,1,2.00,1,4.00,1,2.00,1,1.00,1,1.00,1,4.00,2.00,0,0.00,0.00,0.00,2.00,1,3.00,2.00,0.00,0.00,,78416,70,83.33,83.33,91.67,91.67,78.85,78.85,86.36,86.36,37.50,37.50
Qatar,QAT,20200615,,,,,,,,,,,,,,,,,,,,,,,,,,,,79602,73,,,,,,,,,,
Qatar,QAT,20200616,,,,,,,,,,,,,,,,,,,,,,,,,,,,80876,76,,,,,,,,,,
Qatar,QAT,20200617,,,,,,,,,,,,,,,,,,,,,,,,,,,,82077,80,,83.33,,91.67,,78.85,,86.36,,37.50
Qatar,QAT,20200618,,,,,,,,,,,,,,,,,,,,,,,,,,,,83174,82,,83.33,,91.67,,78.85,,86.36,,37.50
Qatar,QAT,20200619,,,,,,,,,,,,,,,,,,,,,,,,,,,,84441,86,,83.33,,91.67,,78.85,,86.36,,37.50
Qatar,QAT,20200620,,,,,,,,,,,,,,,,,,,,,,,,,,,,85462,93,,83.33,,91.67,,78.85,,86.36,,37.50
Qatar,QAT,20200621,,,,,,,,,,,,,,,,,,,,,,,,,,,,86488,94,,83.33,,91.67,,78.85,,86.36,,37.50
Qatar,QAT,20200622,,,,,,,,,,,,,,,,,,,,,,,,,,,,87369,98,,83.33,,91.67,,78.85,,86.36,,37.50
Qatar,QAT,20200623,,,,,,,,,,,,,,,,,,,,,,,,,,,,88403,99,,83.33,,91.67,,78.85,,86.36,,37.50
