United Kingdom,GBR,20200101,0.00,,0.00,,0.00,,0.00,,0.00,,0.00,,0.00,,0.00,0.00,,0.00,0.00,0.00,0.00,,0.00,0.00,0.00,0.00,,0,0,0.00,0.00,0.00,0.00,0.00,0.00,0.00,0.00,0.00,0.00
United Kingdom,GBR,20200102,0.00,,0.00,,0.00,,0.00,,0.00,,0.00,,0.00,,0.00,0.00,,0.00,0.00,0.00,0.00,,0.00,0.00,0.00,0.00,,0,0,0.00,0.00,0.00,0.00,0.00,0.00,0.00,0.00,0.00,0.00
United Kingdom,GBR,20200103,0.00,,0.00,,0.00,,0.00,,0.00,,0.00,,0.00,,0.00,0.00,,0.00,0.00,0.00,0.00,,0.00,0.00,0.00,0.00,,0,0,0.00,0.00,0.00,0.00,0.00,0.00,0.00,0.00,0.00,0.00
United Kingdom,GBR,20200104,0.00,,0.00,,0.00,,0.00,,0.00,,0.00,,0.00,,0.00,0.00,,0.00,0.00,0.00,0.00,,0.00,0.00,0.00,0.00,,0,0,0.00,0.00,0.00,0.00,0.00,0.00,0.00,0.00,0.00,0.00
United Kingdom,GBR,20200105,0.00,,0.00,,0.00,,0.00,,0.00,,0.00,,0.00,,0.00,0.00,,0.00,0.00,0.00,0.00,,0.00,0.00,0.00,0.00,,0,0,0.00,0.00,0.00,0.00,0.00,0.00,0.00,0.00,0.00,0.00
United Kingdom,GBR,20200106,0.00,,0.00,,0.00,,0.00,,0.00,,0.00,,0.00,,0.00,0.00,,0.00,0.00,0.00,0.00,,0.00,0.00,0.00,0.00,,0,0,0.00,0.00,0.00,0.00,0.00,0.00,0.00,0.00,0.00,0.00
United Kingdom,GBR,20200107,0.00,,0.00,,0.00,,0.00,,0.00,,0.00,,0.00,,0.00,0.00,,0.00,0.00,0.00,0.00,,0.00,0.00,0.00,0.00,,0,0,0.00,0.00,0.00,0.00,0.00,0.00,0.00,0.00,0.00,0.00
United Kingdom,GBR,20200108,0.00,,0.00,,0.00,,0.00,,0.00,,0.00,,0.00,,0.00,0.00,,0.00,0.00,0.00,0.00,,0.00,0.00,0.00,0.00,,0,0,0.00,0.00,0.00,0.00,0.00,0.00,0.00,0.00,0.00,0.00
United Kingdom,GBR,20200109,0.00,,0.00,,0.00,,0.00,,0.00,,0.00,,0.00,,0.00,0.00,,0.00,0.00,0.00,0.00,,0.00,0.00,0.00,0.00,,0,0,0.00,0.00,0.00,0.00,0.00,0.00,0.00,0.00,0.00,0.00
United Kingdom,GBR,20200110,0.00,,0.00,,0.00,,0.00,,0.00,,0.00,,0.00,,0.00,0.00,,0.00,0.00,0.00,0.00,,0.00,0.00,0.00,0.00,,0,0,0.00,0.00,0.00,0.00,0.00,0.00,0.00,0.00,0.00,0.00
United Kingdom,GBR,20200111,0.00,,0.00,,0.00,,0.00,,0.00,,0.00,,0.00,,0.00,0.00,,0.00,0.00,0.00,0.00,,0.00,0.00,0.00,0.00,,0,0,0.00,0.00,0.00,0.00,0.00,0.00,0.00,0.00,0.00,0.00
United Kingdom,GBR,20200112,0.00,,0.00,,0.00,,0.00,,0.00,,0.00,,0.00,,0.00,0.00,,0.00,0.00,0.00,0.00,,0.00,0.00,0.00,0.00,,0,0,0.00,0.00,0.00,0.00,0.00,0.00,0.00,0.00,0.00,0.00
United Kingdom,GBR,20200113,0.00,,0.00,,0.00,,0.00,,0.00,,0.00,,0.00,,0.00,0.00,,0.00,0.00,0.00,0.00,,0.00,0.00,0.00,0.00,,0,0,0.00,0.00,0.00,0.00,0.00,0.00,0.00,0.00,0.00,0.00
United Kingdom,GBR,20200114,0.00,,0.00,,0.00,,0.00,,0.00,,0.00,,0.00,,0.00,0.00,,0.00,0.00,0.00,0.00,,0.00,0.00,0.00,0.00,,0,0,0.00,0.00,0.00,0.00,0.00,0.00,0.00,0.00,0.00,0.00
United Kingdom,GBR,20200115,0.00,,0.00,,0.00,,0.00,,0.00,,0.00,,0.00,,0.00,0.00,,0.00,0.00,0.00,0.00,,0.00,0.00,0.00,0.00,,0,0,0.00,0.00,0.00,0.00,0.00,0.00,0.00,0.00,0.00,0.00
United Kingdom,GBR,20200116,0.00,,0.00,,0.00,,0.00,,0.00,,0.00,,0.00,,0.00,0.00,,0.00,0.00,0.00,0.00,,0.00,0.00,0.00,0.00,,0,0,0.00,0.00,0.00,0.00,0.00,0.00,0.00,0.00,0.00,0.00
United Kingdom,GBR,20200117,0.00,,0.00,,0.00,,0.00,,0.00,,0.00,,0.00,,0.00,0.00,,0.00,0.00,0.00,0.00,,0.00,0.00,0.00,0.00,,0,0,0.00,0.00,0.00,0.00,0.00,0.00,0.00,0.00,0.00,0.00
United Kingdom,GBR,20200118,0.00,,0.00,,0.00,,0.00,,0.00,,0.00,,0.00,,0.00,0.00,,0.00,0.00,0.00,0.00,,0.00,0.00,0.00,0.00,,0,0,0.00,0.00,0.00,0.00,0.00,0.00,0.00,0.00,0.00,0.00
United Kingdom,GBR,20200119,0.00,,0.00,,0.00,,0.00,,0.00,,0.00,,0.00,,0.00,0.00,,0.00,0.00,0.00,0.00,,0.00,0.00,0.00,0.00,,0,0,0.00,0.00,0.00,0.00,0.00,0.00,0.00,0.00,0.00,0.00
United Kingdom,GBR,20200120,0.00,,0.00,,0.00,,0.00,,0.00,,0.00,,0.00,,0.00,0.00,,0.00,0.00,0.00,0.00,,1.00,0.00,0.00,0.00,,0,0,0.00,0.00,0.00,0.00,2.56,2.56,3.03,3.03,0.00,0.00
United Kingdom,GBR,20200121,0.00,,0.00,,0.00,,0.00,,0.00,,0.00,,0.00,,0.00,0.00,,0.00,0.00,0.00,0.00,,1.00,0.00,0.00,0.00,,0,0,0.00,0.00,0.00,0.00,2.56,2.56,3.03,3.03,0.00,0.00
United Kingdom,GBR,20200122,0.00,,0.00,,0.00,,0.00,,0.00,,0.00,,0.00,,0.00,0.00,,0.00,0.00,0.00,0.00,,1.00,0.00,0.00,0.00,,0,0,0.00,0.00,0.00,0.00,2.56,2.56,3.03,3.03,0.00,0.00
United Kingdom,GBR,20200123,0.00,,0.00,,0.00,,0.00,,0.00,,0.00,,0.00,,0.00,0.00,,0.00,0.00,0.00,0.00,,1.00,0.00,0.00,0.00,,0,0,0.00,0.00,0.00,0.00,2.56,2.56,3.03,3.03,0.00,0.00
United Kingdom,GBR,20200124,0.00,,0.00,,0.00,,0.00,,0.00,,0.00,,0.00,,0.00,0.00,,0.00,0.00,0.00,0.00,,1.00,0.00,0.00,0.00,,0,0,0.00,0.00,0.00,0.00,2.56,2.56,3.03,3.03,0.00,0.00
United Kingdom,GBR,20200125,0.00,,0.00,,0.00,,0.00,,0.00,,0.00,,0.00,,0.00,0.00,,0.00,0.00,0.00,0.00,,1.00,0.00,0.00,0.00,,0,0,0.00,0.00,0.00,0.00,2.56,2.56,3.03,3.03,0.00,0.00
United Kingdom,GBR,20200126,0.00,,0.00,,0.00,,0.00,,0.00,,0.00,,0.00,,0.00,0.00,,0.00,0.00,0.00,0.00,,1.00,0.00,0.00,0.00,,0,0,0.00,0.00,0.00,0.00,2.56,2.56,3.03,3.03,0.00,0.00
United Kingdom,GBR,20200127,0.00,,0.00,,0.00,,0.00,,0.00,,0.00,,0.00,,0.00,0.00,,0.00,0.00,0.00,0.00,,1.00,0.00,0.00,0.00,,0,0,0.00,0.00,0.00,0.00,2.56,2.56,3.03,3.03,0.00,0.00
United Kingdom,GBR,20200128,0.00,,0.00,,0.00,,0.00,,0.00,,0.00,,0.00,,0.00,0.00,,0.00,0.00,0.00,0.00,,1.00,0.00,0.00,0.00,,0,0,0.00,0.00,0.00,0.00,2.56,2.56,3.03,3.03,0.00,0.00
United Kingdom,GBR,20200129,0.00,,0.00,,0.00,,0.00,,0.00,,0.00,,0.00,,0.00,0.00,,0.00,0.00,0.00,0.00,,1.00,0.00,0.00,0.00,,0,0,0.00,0.00,0.00,0.00,2.56,2.56,3.03,3.03,0.00,0.00
United Kingdom,GBR,20200130,0.00,,0.00,,0.00,,0.00,,0.00,,0.00,,0.00,,0.00,0.00,,0.00,0.00,0.00,0.00,,1.00,0.00,0.00,0.00,,0,0,0.00,0.00,0.00,0.00,2.56,2.56,3.03,3.03,0.00,0.00
United Kingdom,GBR,20200131,0.00,,0.00,,0.00,,0.00,,0.00,,0.00,,0.00,,0.00,0.00,,0.00,0.00,0.00,0.00,,1.00,2.00,0.00,0.00,,2,0,0.00,0.00,0.00,0.00,10.26,10.26,12.12,12.12,0.00,0.00
United Kingdom,GBR,20200201,0.00,,0.00,,0.00,,0.00,,0.00,,0.00,,0.00,,0.00,0.00,,0.00,0.00,0.00,0.00,,1.00,2.00,0.00,0.00,,2,0,0.00,0.00,0.00,0.00,10.26,10.26,12.12,12.12,0.00,0.00
United Kingdom,GBR,20200202,0.00,,0.00,,0.00,,0.00,,0.00,,0.00,,0.00,,0.00,0.00,,0.00,0.00,0.00,2.00,1,1.00,2.00,0.00,0.00,,2,0,11.11,11.11,14.29,14.29,17.95,17.95,21.21,21.21,0.00,0.00
United Kingdom,GBR,20200203,0.00,,0.00,,0.00,,0.00,,0.00,,0.00,,0.00,,0.00,0.00,,0.00,0.00,0.00,2.00,1,1.00,2.00,0.00,26014287.82,,2,0,11.11,11.11,14.29,14.29,17.95,17.95,21.21,21.21,0.00,0.00
United Kingdom,GBR,20200204,0.00,,0.00,,0.00,,0.00,,0.00,,0.00,,0.00,,0.00,0.00,,0.00,0.00,0.00,2.00,1,1.00,2.00,0.00,0.00,,2,0,11.11,11.11,14.29,14.29,17.95,17.95,21.21,21.21,0.00,0.00
United Kingdom,GBR,20200205,0.00,,0.00,,0.00,,0.00,,0.00,,0.00,,0.00,,0.00,0.00,,0.00,0.00,0.00,2.00,1,1.00,2.00,0.00,0.00,,2,0,11.11,11.11,14.29,14.29,17.95,17.95,21.21,21.21,0.00,0.00
United Kingdom,GBR,20200206,0.00,,0.00,,0.00,,0.00,,0.00,,0.00,,0.00,,0.00,0.00,,0.00,0.00,0.00,2.00,1,1.00,2.00,0.00,0.00,,2,0,11.11,11.11,14.29,14.29,17.95,17.95,21.21,21.21,0.00,0.00
United Kingdom,GBR,20200207,0.00,,0.00,,0.00,,0.00,,0.00,,0.00,,0.00,,0.00,0.00,,0.00,0.00,0.00,2.00,1,1.00,2.00,0.00,0.00,,3,0,11.11,11.11,14.29,14.29,17.95,17.95,21.21,21.21,0.00,0.00
United Kingdom,GBR,20200208,0.00,,0.00,,0.00,,0.00,,0.00,,0.00,,0.00,,0.00,0.00,,0.00,0.00,0.00,2.00,1,1.00,2.00,0.00,0.00,,3,0,11.11,11.11,14.29,14.29,17.95,17.95,21.21,21.21,0.00,0.00
United Kingdom,GBR,20200209,0.00,,0.00,,0.00,,0.00,,0.00,,0.00,,0.00,,0.00,0.00,,0.00,0.00,0.00,2.00,1,1.00,2.00,0.00,0.00,,4,0,11.11,11.11,14.29,14.29,17.95,17.95,21.21,21.21,0.00,0.00
United Kingdom,GBR,20200210,0.00,,0.00,,0.00,,0.00,,0.00,,0.00,,0.00,,0.00,0.00,,0.00,0.00,0.00,2.00,1,1.00,2.00,0.00,0.00,,4,0,11.11,11.11,14.29,14.29,17.95,17.95,21.21,21.21,0.00,0.00
United Kingdom,GBR,20200211,0.00,,0.00,,0.00,,0.00,,0.00,,0.00,,0.00,,0.00,0.00,,0.00,0.00,0.00,2.00,1,1.00,2.00,0.00,0.00,,8,0,11.11,11.11,14.29,14.29,17.95,17.95,21.21,21.21,0.00,0.00
United Kingdom,GBR,20200212,0.00,,0.00,,0.00,,0.00,,0.00,,0.00,,0.00,,0.00,0.00,,0.00,0.00,0.00,2.00,1,1.00,2.00,0.00,0.00,,8,0,11.11,11.11,14.29,14.29,17.95,17.95,21.21,21.21,0.00,0.00
United Kingdom,GBR,20200213,0.00,,0.00,,0.00,,0.00,,0.00,,0.00,,0.00,,0.00,0.00,,0.00,0.00,0.00,2.00,1,1.00,2.00,0.00,0.00,,9,0,11.11,11.11,14.29,14.29,17.95,17.95,21.21,21.21,0.00,0.00
United Kingdom,GBR,20200214,0.00,,0.00,,0.00,,0.00,,0.00,,0.00,,0.00,,0.00,0.00,,0.00,0.00,0.00,2.00,1,1.00,2.00,0.00,0.00,,9,0,11.11,11.11,14.29,14.29,17.95,17.95,21.21,21.21,0.00,0.00
United Kingdom,GBR,20200215,0.00,,0.00,,0.00,,0.00,,0.00,,0.00,,0.00,,0.00,0.00,,0.00,0.00,0.00,2.00,1,1.00,2.00,0.00,0.00,,9,0,11.11,11.11,14.29,14.29,17.95,17.95,21.21,21.21,0.00,0.00
United Kingdom,GBR,20200216,0.00,,0.00,,0.00,,0.00,,0.00,,0.00,,0.00,,0.00,0.00,,0.00,0.00,0.00,2.00,1,1.00,2.00,0.00,0.00,,9,0,11.11,11.11,14.29,14.29,17.95,17.95,21.21,21.21,0.00,0.00
United Kingdom,GBR,20200217,0.00,,0.00,,0.00,,0.00,,0.00,,0.00,,0.00,,0.00,0.00,,0.00,0.00,0.00,2.00,1,1.00,2.00,0.00,0.00,,9,0,11.11,11.11,14.29,14.29,17.95,17.95,21.21,21.21,0.00,0.00
United Kingdom,GBR,20200218,0.00,,0.00,,0.00,,0.00,,0.00,,0.00,,0.00,,0.00,0.00,,0.00,0.00,0.00,2.00,1,1.00,2.00,0.00,0.00,,9,0,11.11,11.11,14.29,14.29,17.95,17.95,21.21,21.21,0.00,0.00
United Kingdom,GBR,20200219,0.00,,0.00,,0.00,,0.00,,0.00,,0.00,,0.00,,0.00,0.00,,0.00,0.00,0.00,2.00,1,1.00,2.00,0.00,0.00,,9,0,11.11,11.11,14.29,14.29,17.95,17.95,21.21,21.21,0.00,0.00
United Kingdom,GBR,20200220,0.00,,0.00,,0.00,,0.00,,0.00,,0.00,,0.00,,0.00,0.00,,0.00,0.00,0.00,2.00,1,1.00,2.00,0.00,0.00,,9,0,11.11,11.11,14.29,14.29,17.95,17.95,21.21,21.21,0.00,0.00
United Kingdom,GBR,20200221,0.00,,0.00,,0.00,,0.00,,0.00,,0.00,,0.00,,0.00,0.00,,0.00,0.00,0.00,2.00,1,1.00,2.00,0.00,0.00,,9,0,11.11,11.11,14.29,14.29,17.95,17.95,21.21,21.21,0.00,0.00
United Kingdom,GBR,20200222,0.00,,0.00,,0.00,,0.00,,0.00,,0.00,,0.00,,0.00,0.00,,0.00,0.00,0.00,2.00,1,1.00,2.00,0.00,0.00,,9,0,11.11,11.11,14.29,14.29,17.95,17.95,21.21,21.21,0.00,0.00
United Kingdom,GBR,20200223,0.00,,0.00,,0.00,,0.00,,0.00,,0.00,,0.00,,0.00,0.00,,0.00,0.00,0.00,2.00,1,1.00,2.00,0.00,0.00,,9,0,11.11,11.11,14.29,14.29,17.95,17.95,21.21,21.21,0.00,0.00
United Kingdom,GBR,20200224,0.00,,0.00,,0.00,,0.00,,0.00,,0.00,,0.00,,0.00,0.00,,0.00,0.00,0.00,2.00,1,1.00,2.00,0.00,0.00,,13,0,11.11,11.11,14.29,14.29,17.95,17.95,21.21,21.21,0.00,0.00
United Kingdom,GBR,20200225,0.00,,0.00,,0.00,,0.00,,0.00,,0.00,,0.00,,0.00,0.00,,0.00,0.00,0.00,2.00,1,1.00,2.00,0.00,0.00,,13,0,11.11,11.11,14.29,14.29,17.95,17.95,21.21,21.21,0.00,0.00
United Kingdom,GBR,20200226,0.00,,0.00,,0.00,,0.00,,0.00,,0.00,,0.00,,0.00,0.00,,0.00,0.00,0.00,2.00,1,1.00,2.00,0.00,0.00,,13,0,11.11,11.11,14.29,14.29,17.95,17.95,21.21,21.21,0.00,0.00
United Kingdom,GBR,20200227,0.00,,0.00,,0.00,,0.00,,0.00,,0.00,,0.00,,0.00,0.00,,0.00,0.00,0.00,2.00,1,1.00,2.00,0.00,0.00,,13,0,11.11,11.11,14.29,14.29,17.95,17.95,21.21,21.21,0.00,0.00
United Kingdom,GBR,20200228,0.00,,0.00,,0.00,,0.00,,0.00,,0.00,,0.00,,0.00,0.00,,0.00,0.00,0.00,2.00,1,1.00,2.00,0.00,0.00,,16,0,11.11,11.11,14.29,14.29,17.95,17.95,21.21,21.21,0.00,0.00
United Kingdom,GBR,20200229,0.00,,0.00,,0.00,,0.00,,0.00,,0.00,,0.00,,0.00,0.00,,0.00,0.00,0.00,2.00,1,1.00,2.00,0.00,0.00,,18,0,11.11,11.11,14.29,14.29,17.95,17.95,21.21,21.21,0.00,0.00
United Kingdom,GBR,20200301,0.00,,0.00,,0.00,,0.00,,0.00,,0.00,,0.00,,0.00,0.00,,0.00,0.00,0.00,2.00,1,1.00,2.00,0.00,0.00,,23,0,11.11,11.11,14.29,14.29,17.95,17.95,21.21,21.21,0.00,0.00
United Kingdom,GBR,20200302,0.00,,0.00,,0.00,,0.00,,0.00,,0.00,,0.00,,0.00,0.00,,0.00,0.00,0.00,2.00,1,1.00,2.00,0.00,0.00,,36,0,11.11,11.11,14.29,14.29,17.95,17.95,21.21,21.21,0.00,0.00
United Kingdom,GBR,20200303,0.00,,0.00,,0.00,,0.00,,0.00,,0.00,,0.00,,0.00,0.00,,0.00,0.00,0.00,2.00,1,1.00,2.00,0.00,0.00,,40,0,11.11,11.11,14.29,14.29,17.95,17.95,21.21,21.21,0.00,0.00
United Kingdom,GBR,20200304,0.00,,0.00,,0.00,,0.00,,0.00,,0.00,,0.00,,0.00,0.00,,0.00,0.00,0.00,2.00,1,1.00,2.00,0.00,0.00,,51,0,11.11,11.11,14.29,14.29,17.95,17.95,21.21,21.21,0.00,0.00
United Kingdom,GBR,20200305,0.00,,0.00,,0.00,,0.00,,0.00,,0.00,,0.00,,0.00,0.00,,0.00,0.00,0.00,2.00,1,1.00,2.00,0.00,0.00,,85,0,11.11,11.11,14.29,14.29,17.95,17.95,21.21,21.21,0.00,0.00
United Kingdom,GBR,20200306,0.00,,0.00,,0.00,,0.00,,0.00,,0.00,,0.00,,0.00,0.00,,0.00,0.00,0.00,2.00,1,1.00,2.00,0.00,26019722.45,,115,0,11.11,11.11,14.29,14.29,17.95,17.95,21.21,21.21,0.00,0.00
United Kingdom,GBR,20200307,0.00,,0.00,,0.00,,0.00,,0.00,,0.00,,0.00,,0.00,0.00,,0.00,0.00,0.00,2.00,1,1.00,2.00,0.00,0.00,,163,1,11.11,11.11,14.29,14.29,17.95,17.95,21.21,21.21,0.00,0.00
United Kingdom,GBR,20200308,0.00,,0.00,,0.00,,0.00,,0.00,,0.00,,0.00,,0.00,0.00,,0.00,0.00,0.00,2.00,1,1.00,2.00,0.00,0.00,,206,2,11.11,11.11,14.29,14.29,17.95,17.95,21.21,21.21,0.00,0.00
United Kingdom,GBR,20200309,0.00,,0.00,,0.00,,0.00,,0.00,,0.00,,0.00,,0.00,0.00,,0.00,0.00,0.00,2.00,1,1.00,2.00,0.00,0.00,,273,2,11.11,11.11,14.29,14.29,17.95,17.95,21.21,21.21,0.00,0.00
United Kingdom,GBR,20200310,0.00,,0.00,,0.00,,0.00,,0.00,,0.00,,0.00,,0.00,0.00,,0.00,0.00,0.00,2.00,1,1.00,2.00,0.00,0.00,,321,3,11.11,11.11,14.29,14.29,17.95,17.95,21.21,21.21,0.00,0.00
United Kingdom,GBR,20200311,0.00,,0.00,,0.00,,0.00,,0.00,,0.00,,0.00,,0.00,0.00,,0.00,32223318564.93,183360000.00,2.00,1,1.00,2.00,6444663712.99,0.00,,373,7,11.11,11.11,14.29,14.29,17.95,17.95,21.21,21.21,0.00,0.00
United Kingdom,GBR,20200312,0.00,,0.00,,0.00,,0.00,,0.00,,0.00,,0.00,,0.00,0.00,,0.00,0.00,0.00,2.00,1,1.00,0.00,0.00,0.00,,456,7,11.11,11.11,14.29,14.29,10.26,10.26,12.12,12.12,0.00,0.00
United Kingdom,GBR,20200313,0.00,,0.00,,0.00,,0.00,,0.00,,0.00,,0.00,,0.00,0.00,,0.00,0.00,0.00,2.00,1,1.00,0.00,0.00,0.00,,590,9,11.11,11.11,14.29,14.29,10.26,10.26,12.12,12.12,0.00,0.00
United Kingdom,GBR,20200314,0.00,,0.00,,0.00,,0.00,,0.00,,0.00,,0.00,,0.00,0.00,,0.00,0.00,0.00,2.00,1,1.00,0.00,0.00,0.00,,707,10,11.11,11.11,14.29,14.29,10.26,10.26,12.12,12.12,0.00,0.00
United Kingdom,GBR,20200315,0.00,,0.00,,0.00,,0.00,,0.00,,0.00,,0.00,,0.00,0.00,,0.00,0.00,0.00,2.00,1,1.00,0.00,0.00,0.00,,1140,28,11.11,11.11,14.29,14.29,10.26,10.26,12.12,12.12,0.00,0.00
United Kingdom,GBR,20200316,0.00,,1.00,1,0.00,,0.00,,0.00,,0.00,,0.00,,0.00,0.00,,0.00,0.00,0.00,2.00,1,1.00,0.00,0.00,0.00,,1391,43,14.81,14.81,21.43,21.43,12.82,12.82,15.15,15.15,0.00,0.00
United Kingdom,GBR,20200317,0.00,,1.00,1,1.00,1,0.00,,0.00,,0.00,,0.00,,0.00,0.00,,1.00,420452571128.04,0.00,2.00,1,1.00,0.00,0.00,0.00,,1543,65,20.37,20.37,30.95,30.95,20.51,20.51,19.70,19.70,25.00,25.00
United Kingdom,GBR,20200318,0.00,,1.00,1,1.00,1,0.00,,0.00,,0.00,,0.00,,0.00,0.00,,1.00,0.00,0.00,2.00,1,1.00,0.00,0.00,0.00,,1950,81,20.37,20.37,30.95,30.95,20.51,20.51,19.70,19.70,25.00,25.00
United Kingdom,GBR,20200319,0.00,,1.00,1,1.00,1,0.00,,0.00,,0.00,,0.00,,0.00,0.00,,2.00,0.00,0.00,2.00,1,1.00,0.00,0.00,0.00,,2630,115,20.37,20.37,30.95,30.95,24.36,24.36,19.70,19.70,50.00,50.00
United Kingdom,GBR,20200320,0.00,,1.00,1,1.00,1,0.00,,0.00,,0.00,,0.00,,0.00,2.00,0,2.00,43436046045.05,0.00,2.00,1,1.00,0.00,0.00,0.00,,3277,158,20.37,20.37,30.95,30.95,30.13,30.13,19.70,19.70,87.50,87.50
United Kingdom,GBR,20200321,0.00,,2.00,1,2.00,1,0.00,,0.00,,0.00,,0.00,,0.00,2.00,0,2.00,0.00,0.00,2.00,1,1.00,0.00,0.00,0.00,,3983,194,29.63,29.63,39.29,39.29,36.54,36.54,27.27,27.27,87.50,87.50
United Kingdom,GBR,20200322,0.00,,2.00,1,2.00,1,0.00,,0.00,,0.00,,1.00,1,0.00,2.00,0,2.00,0.00,0.00,2.00,1,1.00,0.00,0.00,0.00,,5018,250,35.19,35.19,48.81,48.81,40.38,40.38,31.82,31.82,87.50,87.50
United Kingdom,GBR,20200323,3.00,1,2.00,1,2.00,1,4.00,1,0.00,,2.00,1,2.00,1,0.00,2.00,0,2.00,0.00,0.00,2.00,1,1.00,0.00,0.00,2989616.70,,5683,285,70.37,70.37,67.86,67.86,64.74,64.74,60.61,60.61,87.50,87.50
United Kingdom,GBR,20200324,3.00,1,2.00,1,2.00,1,4.00,1,0.00,,2.00,1,2.00,1,0.00,2.00,0,2.00,0.00,0.00,2.00,1,1.00,0.00,0.00,0.00,,6650,359,70.37,70.37,67.86,67.86,64.74,64.74,60.61,60.61,87.50,87.50
United Kingdom,GBR,20200325,3.00,1,2.00,1,2.00,1,4.00,1,0.00,,2.00,1,2.00,1,0.00,2.00,0,2.00,0.00,0.00,2.00,1,1.00,0.00,0.00,0.00,,8077,508,70.37,70.37,67.86,67.86,64.74,64.74,60.61,60.61,87.50,87.50
United Kingdom,GBR,20200326,3.00,1,2.00,1,2.00,1,4.00,1,1.00,1,2.00,1,2.00,1,0.00,2.00,1,2.00,0.00,0.00,2.00,1,1.00,0.00,0.00,254591132.11,,9529,694,75.93,75.93,77.38,77.38,70.51,70.51,65.15,65.15,100.00,100.00
United Kingdom,GBR,20200327,3.00,1,2.00,1,2.00,1,4.00,1,1.00,1,2.00,1,2.00,1,0.00,2.00,1,2.00,0.00,0.00,2.00,1,1.00,0.00,0.00,0.00,,11658,877,75.93,75.93,77.38,77.38,70.51,70.51,65.15,65.15,100.00,100.00
United Kingdom,GBR,20200328,3.00,1,2.00,1,2.00,1,4.00,1,1.00,1,2.00,1,2.00,1,0.00,2.00,1,2.00,0.00,0.00,2.00,1,1.00,0.00,0.00,0.00,,14543,1161,75.93,75.93,77.38,77.38,70.51,70.51,65.15,65.15,100.00,100.00
United Kingdom,GBR,20200329,3.00,1,2.00,1,2.00,1,4.00,1,1.00,1,2.00,1,2.00,1,0.00,2.00,1,2.00,0.00,0.00,2.00,1,1.00,0.00,0.00,0.00,,17089,1455,75.93,75.93,77.38,77.38,70.51,70.51,65.15,65.15,100.00,100.00
United Kingdom,GBR,20200330,3.00,1,2.00,1,2.00,1,4.00,1,1.00,1,2.00,1,2.00,1,0.00,2.00,1,2.00,0.00,0.00,2.00,1,1.00,0.00,0.00,0.00,,19522,1669,75.93,75.93,77.38,77.38,70.51,70.51,65.15,65.15,100.00,100.00
United Kingdom,GBR,20200331,3.00,1,2.00,1,2.00,1,4.00,1,1.00,1,2.00,1,2.00,1,0.00,2.00,1,2.00,0.00,0.00,2.00,1,1.00,0.00,0.00,0.00,,22141,2043,75.93,75.93,77.38,77.38,70.51,70.51,65.15,65.15,100.00,100.00
United Kingdom,GBR,20200401,3.00,1,2.00,1,2.00,1,4.00,1,1.00,1,2.00,1,2.00,1,0.00,2.00,1,2.00,0.00,0.00,2.00,1,1.00,0.00,0.00,0.00,,25150,2425,75.93,75.93,77.38,77.38,70.51,70.51,65.15,65.15,100.00,100.00
United Kingdom,GBR,20200402,3.00,1,2.00,1,2.00,1,4.00,1,1.00,1,2.00,1,2.00,1,0.00,2.00,1,2.00,0.00,0.00,2.00,1,1.00,0.00,,0.00,,29474,3095,75.93,75.93,77.38,77.38,70.51,70.51,65.15,65.15,100.00,100.00
United Kingdom,GBR,20200403,3.00,1,2.00,1,2.00,1,4.00,1,1.00,1,2.00,1,2.00,1,0.00,2.00,1,2.00,0.00,0.00,2.00,1,1.00,0.00,0.00,0.00,,33718,3747,75.93,75.93,77.38,77.38,70.51,70.51,65.15,65.15,100.00,100.00
United Kingdom,GBR,20200404,3.00,1,2.00,1,2.00,1,4.00,1,1.00,1,2.00,1,2.00,1,0.00,2.00,1,2.00,0.00,0.00,2.00,1,1.00,0.00,0.00,0.00,,38168,4461,75.93,75.93,77.38,77.38,70.51,70.51,65.15,65.15,100.00,100.00
United Kingdom,GBR,20200405,3.00,1,2.00,1,2.00,1,4.00,1,1.00,1,2.00,1,2.00,1,0.00,2.00,1,2.00,0.00,0.00,2.00,1,1.00,0.00,0.00,0.00,,41903,5221,75.93,75.93,77.38,77.38,70.51,70.51,65.15,65.15,100.00,100.00
United Kingdom,GBR,20200406,3.00,1,2.00,1,2.00,1,4.00,1,1.00,1,2.00,1,2.00,1,0.00,2.00,1,2.00,0.00,0.00,2.00,1,1.00,0.00,0.00,0.00,,47806,5865,75.93,75.93,77.38,77.38,70.51,70.51,65.15,65.15,100.00,100.00
United Kingdom,GBR,20200407,3.00,1,2.00,1,2.00,1,4.00,1,1.00,1,2.00,1,2.00,1,0.00,2.00,1,2.00,0.00,0.00,2.00,1,1.00,0.00,0.00,0.00,,51608,6433,75.93,75.93,77.38,77.38,70.51,70.51,65.15,65.15,100.00,100.00
United Kingdom,GBR,20200408,3.00,1,2.00,1,2.00,1,4.00,1,1.00,1,2.00,1,2.00,1,0.00,2.00,1,2.00,929000000.00,0.00,2.00,1,1.00,0.00,0.00,0.00,,55242,7471,75.93,75.93,77.38,77.38,70.51,70.51,65.15,65.15,100.00,100.00
United Kingdom,GBR,20200409,3.00,1,2.00,1,2.00,1,4.00,1,1.00,1,2.00,1,2.00,1,0.00,2.00,1,2.00,0.00,0.00,2.00,1,1.00,0.00,0.00,0.00,,60733,8505,75.93,75.93,77.38,77.38,70.51,70.51,65.15,65.15,100.00,100.00
United Kingdom,GBR,20200410,3.00,1,2.00,1,2.00,1,4.00,1,1.00,1,2.00,1,2.00,1,0.00,2.00,1,2.00,0.00,0.00,2.00,1,1.00,0.00,0.00,0.00,,65077,9608,75.93,75.93,77.38,77.38,70.51,70.51,65.15,65.15,100.00,100.00
United Kingdom,GBR,20200411,3.00,1,2.00,1,2.00,1,4.00,1,1.00,1,2.00,1,2.00,1,0.00,2.00,1,2.00,0.00,0.00,2.00,1,1.00,0.00,0.00,0.00,,70272,10760,75.93,75.93,77.38,77.38,70.51,70.51,65.15,65.15,100.00,100.00
United Kingdom,GBR,20200412,3.00,1,2.00,1,2.00,1,4.00,1,1.00,1,2.00,1,2.00,1,0.00,2.00,1,2.00,0.00,0.00,2.00,1,1.00,0.00,0.00,0.00,,78991,11599,75.93,75.93,77.38,77.38,70.51,70.51,65.15,65.15,100.00,100.00
United Kingdom,GBR,20200413,3.00,1,2.00,1,2.00,1,4.00,1,1.00,1,2.00,1,2.00,1,0.00,2.00,1,2.00,0.00,0.00,2.00,1,1.00,0.00,0.00,0.00,,84279,12285,75.93,75.93,77.38,77.38,70.51,70.51,65.15,65.15,100.00,100.00
United Kingdom,GBR,20200414,3.00,1,2.00,1,2.00,1,4.00,1,1.00,1,2.00,1,2.00,1,0.00,2.00,1,2.00,0.00,0.00,2.00,1,1.00,0.00,0.00,0.00,,88621,13029,75.93,75.93,77.38,77.38,70.51,70.51,65.15,65.15,100.00,100.00
United Kingdom,GBR,20200415,3.00,1,2.00,1,2.00,1,4.00,1,1.00,1,2.00,1,2.00,1,0.00,2.00,1,2.00,0.00,0.00,2.00,1,1.00,0.00,0.00,0.00,,93873,14073,75.93,75.93,77.38,77.38,70.51,70.51,65.15,65.15,100.00,100.00
United Kingdom,GBR,20200416,3.00,1,2.00,1,2.00,1,4.00,1,1.00,1,2.00,1,2.00,1,0.00,2.00,1,2.00,0.00,0.00,2.00,1,1.00,0.00,0.00,0.00,,98476,14915,75.93,75.93,77.38,77.38,70.51,70.51,65.15,65.15,100.00,100.00
United Kingdom,GBR,20200417,3.00,1,2.00,1,2.00,1,4.00,1,1.00,1,2.00,1,2.00,1,0.00,2.00,1,2.00,0.00,0.00,2.00,1,1.00,0.00,0.00,0.00,,103093,15944,75.93,75.93,77.38,77.38,70.51,70.51,65.15,65.15,100.00,100.00
United Kingdom,GBR,20200418,3.00,1,2.00,1,2.00,1,4.00,1,1.00,1,2.00,1,2.00,1,0.00,2.00,1,2.00,2356000000.00,0.00,2.00,1,1.00,0.00,0.00,0.00,,108692,16879,75.93,75.93,77.38,77.38,70.51,70.51,65.15,65.15,100.00,100.00
United Kingdom,GBR,20200419,3.00,1,2.00,1,2.00,1,4.00,1,1.00,1,2.00,1,2.00,1,0.00,2.00,1,2.00,0.00,0.00,2.00,1,1.00,0.00,0.00,0.00,,114217,17994,75.93,75.93,77.38,77.38,70.51,70.51,65.15,65.15,100.00,100.00
United Kingdom,GBR,20200420,3.00,1,2.00,1,2.00,1,4.00,1,1.00,1,2.00,1,2.00,1,0.00,2.00,1,2.00,1550000000.00,0.00,2.00,1,1.00,0.00,0.00,0.00,,120067,18492,75.93,75.93,77.38,77.38,70.51,70.51,65.15,65.15,100.00,100.00
United Kingdom,GBR,20200421,3.00,1,2.00,1,2.00,1,4.00,1,1.00,1,2.00,1,2.00,1,0.00,2.00,1,2.00,0.00,0.00,2.00,1,1.00,0.00,0.00,0.00,,124743,19051,75.93,75.93,77.38,77.38,70.51,70.51,65.15,65.15,100.00,100.00
United Kingdom,GBR,20200422,3.00,1,2.00,1,2.00,1,4.00,1,1.00,1,2.00,1,2.00,1,0.00,2.00,1,2.00,0.00,0.00,2.00,1,1.00,0.00,0.00,0.00,,129044,20223,75.93,75.93,77.38,77.38,70.51,70.51,65.15,65.15,100.00,100.00
United Kingdom,GBR,20200423,3.00,1,2.00,1,2.00,1,4.00,1,1.00,1,2.00,1,2.00,1,0.00,2.00,1,2.00,0.00,0.00,2.00,1,1.00,0.00,0.00,0.00,,133495,21060,75.93,75.93,77.38,77.38,70.51,70.51,65.15,65.15,100.00,100.00
United Kingdom,GBR,20200424,3.00,1,2.00,1,2.00,1,4.00,1,1.00,1,2.00,1,2.00,1,0.00,2.00,1,2.00,0.00,0.00,2.00,1,1.00,0.00,0.00,0.00,,138078,21787,75.93,75.93,77.38,77.38,70.51,70.51,65.15,65.15,100.00,100.00
United Kingdom,GBR,20200425,3.00,1,2.00,1,2.00,1,4.00,1,1.00,1,2.00,1,2.00,1,0.00,2.00,1,2.00,0.00,0.00,2.00,1,1.00,0.00,0.00,0.00,,143464,22792,75.93,75.93,77.38,77.38,70.51,70.51,65.15,65.15,100.00,100.00
United Kingdom,GBR,20200426,3.00,1,2.00,1,2.00,1,4.00,1,1.00,1,2.00,1,2.00,1,0.00,2.00,1,2.00,0.00,0.00,2.00,1,1.00,0.00,0.00,0.00,,148377,23635,75.93,75.93,77.38,77.38,70.51,70.51,65.15,65.15,100.00,100.00
United Kingdom,GBR,20200427,3.00,1,2.00,1,2.00,1,4.00,1,1.00,1,2.00,1,2.00,1,0.00,2.00,1,2.00,0.00,0.00,2.00,1,1.00,0.00,0.00,0.00,,152840,24055,75.93,75.93,77.38,77.38,70.51,70.51,65.15,65.15,100.00,100.00
United Kingdom,GBR,20200428,3.00,1,2.00,1,2.00,1,4.00,1,1.00,1,2.00,1,2.00,1,0.00,2.00,1,2.00,0.00,0.00,2.00,1,1.00,0.00,0.00,0.00,,157149,24393,75.93,75.93,77.38,77.38,70.51,70.51,65.15,65.15,100.00,100.00
United Kingdom,GBR,20200429,3.00,1,2.00,1,2.00,1,4.00,1,1.00,1,2.00,1,2.00,1,0.00,2.00,1,2.00,0.00,0.00,2.00,1,1.00,0.00,0.00,0.00,,161145,25302,75.93,75.93,77.38,77.38,70.51,70.51,65.15,65.15,100.00,100.00
United Kingdom,GBR,20200430,3.00,1,2.00,1,2.00,1,4.00,1,1.00,1,2.00,1,2.00,1,0.00,2.00,1,2.00,0.00,0.00,2.00,1,1.00,0.00,0.00,0.00,,165221,26097,75.93,75.93,77.38,77.38,70.51,70.51,65.15,65.15,100.00,100.00
United Kingdom,GBR,20200501,3.00,1,2.00,1,2.00,1,4.00,1,1.00,1,2.00,1,2.00,1,0.00,2.00,1,2.00,0.00,0.00,2.00,1,1.00,0.00,0.00,0.00,,171253,26771,75.93,75.93,77.38,77.38,70.51,70.51,65.15,65.15,100.00,100.00
United Kingdom,GBR,20200502,3.00,1,2.00,1,2.00,1,4.00,1,1.00,1,2.00,1,2.00,1,0.00,2.00,1,2.00,0.00,0.00,2.00,1,1.00,0.00,0.00,0.00,,177454,27510,75.93,75.93,77.38,77.38,70.51,70.51,65.15,65.15,100.00,100.00
United Kingdom,GBR,20200503,3.00,1,2.00,1,2.00,1,4.00,1,1.00,1,2.00,1,2.00,1,0.00,2.00,1,2.00,0.00,0.00,2.00,1,1.00,0.00,0.00,0.00,,182260,28131,75.93,75.93,77.38,77.38,70.51,70.51,65.15,65.15,100.00,100.00
United Kingdom,GBR,20200504,3.00,1,2.00,1,2.00,1,4.00,1,1.00,1,2.00,1,2.00,1,0.00,2.00,1,2.00,0.00,0.00,2.00,1,1.00,0.00,0.00,0.00,,186599,28446,75.93,75.93,77.38,77.38,70.51,70.51,65.15,65.15,100.00,100.00
United Kingdom,GBR,20200505,3.00,1,2.00,1,2.00,1,4.00,1,1.00,1,2.00,1,2.00,1,0.00,2.00,1,2.00,0.00,0.00,2.00,1,1.00,0.00,0.00,0.00,,190584,28734,75.93,75.93,77.38,77.38,70.51,70.51,65.15,65.15,100.00,100.00
United Kingdom,GBR,20200506,3.00,1,2.00,1,2.00,1,4.00,1,1.00,1,2.00,1,2.00,1,0.00,2.00,1,2.00,0.00,0.00,2.00,1,1.00,0.00,0.00,0.00,,194990,29427,75.93,75.93,77.38,77.38,70.51,70.51,65.15,65.15,100.00,100.00
United Kingdom,GBR,20200507,3.00,1,2.00,1,2.00,1,4.00,1,1.00,1,2.00,1,2.00,1,0.00,2.00,1,2.00,0.00,0.00,2.00,1,1.00,0.00,0.00,0.00,,201201,30076,75.93,75.93,77.38,77.38,70.51,70.51,65.15,65.15,100.00,100.00
United Kingdom,GBR,20200508,3.00,1,2.00,1,2.00,1,4.00,1,1.00,1,2.00,1,2.00,1,0.00,2.00,1,2.00,0.00,0.00,2.00,1,1.00,0.00,0.00,0.00,,206715,30615,75.93,75.93,77.38,77.38,70.51,70.51,65.15,65.15,100.00,100.00
United Kingdom,GBR,20200509,3.00,1,2.00,1,2.00,1,4.00,1,1.00,1,2.00,1,2.00,1,0.00,2.00,1,2.00,0.00,0.00,2.00,1,1.00,0.00,0.00,0.00,,211364,31241,75.93,75.93,77.38,77.38,70.51,70.51,65.15,65.15,100.00,100.00
United Kingdom,GBR,20200510,3.00,1,2.00,1,2.00,1,4.00,1,1.00,1,2.00,1,2.00,1,0.00,2.00,1,2.00,0.00,0.00,2.00,1,1.00,0.00,0.00,0.00,,215260,31587,75.93,75.93,77.38,77.38,70.51,70.51,65.15,65.15,100.00,100.00
United Kingdom,GBR,20200511,3.00,1,2.00,1,2.00,1,4.00,1,1.00,1,2.00,1,2.00,1,0.00,2.00,1,2.00,0.00,0.00,2.00,1,1.00,0.00,0.00,0.00,,219183,31855,75.93,75.93,77.38,77.38,70.51,70.51,65.15,65.15,100.00,100.00
United Kingdom,GBR,20200512,3.00,1,2.00,1,2.00,1,4.00,1,1.00,1,2.00,1,2.00,1,0.00,2.00,1,2.00,0.00,0.00,2.00,1,1.00,0.00,0.00,0.00,,223060,32065,75.93,75.93,77.38,77.38,70.51,70.51,65.15,65.15,100.00,100.00
United Kingdom,GBR,20200513,3.00,1,2.00,1,2.00,1,4.00,1,1.00,1,1.00,1,2.00,0,0.00,2.00,1,2.00,0.00,0.00,2.00,1,1.00,0.00,0.00,0.00,,226463,32692,69.44,69.44,72.62,72.62,66.03,66.03,59.85,59.85,100.00,100.00
United Kingdom,GBR,20200514,3.00,1,2.00,1,2.00,1,4.00,1,1.00,1,1.00,1,2.00,0,0.00,2.00,1,2.00,0.00,0.00,2.00,1,1.00,0.00,0.00,0.00,,229705,33186,69.44,69.44,72.62,72.62,66.03,66.03,59.85,59.85,100.00,100.00
United Kingdom,GBR,20200515,3.00,1,2.00,1,2.00,1,4.00,1,1.00,1,1.00,1,2.00,0,0.00,2.00,1,2.00,0.00,0.00,2.00,1,1.00,0.00,0.00,0.00,,233151,33614,69.44,69.44,72.62,72.62,66.03,66.03,59.85,59.85,100.00,100.00
United Kingdom,GBR,20200516,3.00,1,2.00,1,2.00,1,4.00,1,1.00,1,1.00,1,2.00,0,0.00,2.00,1,2.00,0.00,0.00,2.00,1,1.00,0.00,0.00,0.00,,236711,33998,69.44,69.44,72.62,72.62,66.03,66.03,59.85,59.85,100.00,100.00
United Kingdom,GBR,20200517,3.00,1,2.00,1,2.00,1,4.00,1,1.00,1,1.00,1,2.00,0,0.00,2.00,1,2.00,0.00,0.00,2.00,1,1.00,0.00,0.00,0.00,,240161,34466,69.44,69.44,72.62,72.62,66.03,66.03,59.85,59.85,100.00,100.00
United Kingdom,GBR,20200518,3.00,1,2.00,1,2.00,1,4.00,1,1.00,1,1.00,1,2.00,0,0.00,2.00,1,2.00,0.00,0.00,2.00,1,2.00,0.00,0.00,0.00,,243695,34636,69.44,69.44,72.62,72.62,68.59,68.59,62.88,62.88,100.00,100.00
United Kingdom,GBR,20200519,3.00,1,2.00,1,2.00,1,4.00,1,1.00,1,1.00,1,2.00,0,0.00,2.00,1,2.00,0.00,0.00,2.00,1,2.00,0.00,0.00,0.00,,246406,34796,69.44,69.44,72.62,72.62,68.59,68.59,62.88,62.88,100.00,100.00
United Kingdom,GBR,20200520,3.00,1,2.00,1,2.00,1,4.00,1,1.00,1,1.00,1,2.00,0,0.00,2.00,1,2.00,0.00,24500000.00,2.00,1,2.00,0.00,0.00,0.00,,248818,35341,69.44,69.44,72.62,72.62,68.59,68.59,62.88,62.88,100.00,100.00
United Kingdom,GBR,20200521,3.00,1,2.00,1,2.00,1,4.00,1,1.00,1,1.00,1,2.00,0,0.00,2.00,1,2.00,0.00,0.00,2.00,1,2.00,0.00,0.00,0.00,,248293,35704,69.44,69.44,72.62,72.62,68.59,68.59,62.88,62.88,100.00,100.00
United Kingdom,GBR,20200522,3.00,1,2.00,1,2.00,1,4.00,1,1.00,1,1.00,1,2.00,0,0.00,2.00,1,2.00,377238214.00,0.00,2.00,1,2.00,0.00,0.00,0.00,,250908,36042,69.44,69.44,72.62,72.62,68.59,68.59,62.88,62.88,100.00,100.00
United Kingdom,GBR,20200523,3.00,1,2.00,1,2.00,1,4.00,1,1.00,1,1.00,1,2.00,0,0.00,2.00,1,2.00,0.00,0.00,2.00,1,2.00,0.00,0.00,0.00,,254195,36393,69.44,69.44,72.62,72.62,68.59,68.59,62.88,62.88,100.00,100.00
United Kingdom,GBR,20200524,3.00,1,2.00,1,2.00,1,4.00,1,1.00,1,1.00,1,2.00,0,0.00,2.00,1,2.00,0.00,0.00,2.00,1,2.00,0.00,0.00,0.00,,257154,36675,69.44,69.44,72.62,72.62,68.59,68.59,62.88,62.88,100.00,100.00
United Kingdom,GBR,20200525,3.00,1,2.00,1,2.00,1,4.00,1,1.00,1,1.00,1,2.00,0,0.00,2.00,1,2.00,0.00,0.00,2.00,1,2.00,0.00,0.00,0.00,,259559,36793,69.44,69.44,72.62,72.62,68.59,68.59,62.88,62.88,100.00,100.00
United Kingdom,GBR,20200526,3.00,1,2.00,1,2.00,1,4.00,1,1.00,1,1.00,1,2.00,0,0.00,2.00,1,2.00,0.00,0.00,2.00,1,2.00,0.00,0.00,0.00,,261184,36914,69.44,69.44,72.62,72.62,68.59,68.59,62.88,62.88,100.00,100.00
United Kingdom,GBR,20200527,3.00,1,2.00,1,2.00,1,4.00,1,1.00,1,1.00,1,2.00,0,0.00,2.00,1,2.00,0.00,0.00,2.00,1,2.00,1.00,0.00,0.00,,265227,37048,69.44,69.44,72.62,72.62,72.44,72.44,67.42,67.42,100.00,100.00
United Kingdom,GBR,20200528,3.00,1,2.00,1,2.00,1,4.00,1,1.00,1,1.00,1,2.00,0,0.00,2.00,1,2.00,0.00,0.00,2.00,1,2.00,1.00,0.00,0.00,,267240,37460,69.44,69.44,72.62,72.62,72.44,72.44,67.42,67.42,100.00,100.00
United Kingdom,GBR,20200529,3.00,1,2.00,1,2.00,1,4.00,1,1.00,1,1.00,1,2.00,0,0.00,2.00,1,2.00,0.00,0.00,2.00,1,2.00,1.00,0.00,0.00,,269127,37837,69.44,69.44,72.62,72.62,72.44,72.44,67.42,67.42,100.00,100.00
United Kingdom,GBR,20200530,3.00,1,2.00,1,2.00,1,4.00,1,1.00,1,1.00,1,2.00,0,0.00,2.00,1,2.00,0.00,0.00,2.00,1,2.00,1.00,0.00,0.00,,271222,38161,69.44,69.44,72.62,72.62,72.44,72.44,67.42,67.42,100.00,100.00
United Kingdom,GBR,20200531,3.00,1,2.00,1,2.00,1,4.00,1,1.00,1,1.00,1,2.00,0,0.00,2.00,1,2.00,0.00,0.00,2.00,1,2.00,1.00,0.00,0.00,,272826,38376,69.44,69.44,72.62,72.62,72.44,72.44,67.42,67.42,100.00,100.00
United Kingdom,GBR,20200601,3.00,0,2.00,1,2.00,1,4.00,1,1.00,1,1.00,1,2.00,0,0.00,2.00,1,2.00,0.00,0.00,2.00,1,2.00,1.00,0.00,0.00,,274762,38489,67.59,67.59,69.05,69.05,71.15,71.15,65.91,65.91,100.00,100.00
United Kingdom,GBR,20200602,3.00,0,2.00,1,2.00,1,4.00,1,1.00,1,1.00,1,2.00,0,0.00,2.00,1,2.00,0.00,0.00,2.00,1,2.00,1.00,0.00,0.00,,276332,39045,67.59,67.59,69.05,69.05,71.15,71.15,65.91,65.91,100.00,100.00
United Kingdom,GBR,20200603,3.00,0,2.00,1,2.00,1,4.00,1,1.00,1,1.00,1,2.00,0,0.00,2.00,1,2.00,0.00,0.00,2.00,1,2.00,1.00,0.00,0.00,,277985,39369,67.59,67.59,69.05,69.05,71.15,71.15,65.91,65.91,100.00,100.00
United Kingdom,GBR,20200604,3.00,0,2.00,1,2.00,1,4.00,1,1.00,1,1.00,1,2.00,0,0.00,2.00,1,2.00,0.00,0.00,2.00,1,2.00,1.00,0.00,0.00,,279856,39728,67.59,67.59,69.05,69.05,71.15,71.15,65.91,65.91,100.00,100.00
United Kingdom,GBR,20200605,3.00,0,2.00,1,2.00,1,4.00,1,1.00,1,1.00,1,2.00,0,0.00,2.00,1,2.00,0.00,0.00,2.00,1,2.00,1.00,0.00,0.00,,281661,39904,67.59,67.59,69.05,69.05,71.15,71.15,65.91,65.91,100.00,100.00
United Kingdom,GBR,20200606,3.00,0,2.00,1,2.00,1,4.00,1,1.00,1,1.00,1,2.00,0,0.00,2.00,1,2.00,0.00,0.00,2.00,1,2.00,1.00,0.00,0.00,,283311,40261,67.59,67.59,69.05,69.05,71.15,71.15,65.91,65.91,100.00,100.00
United Kingdom,GBR,20200607,3.00,0,2.00,1,2.00,1,4.00,1,1.00,1,1.00,1,2.00,0,0.00,2.00,1,2.00,0.00,0.00,2.00,1,2.00,1.00,0.00,0.00,,284868,40465,67.59,67.59,69.05,69.05,71.15,71.15,65.91,65.91,100.00,100.00
United Kingdom,GBR,20200608,3.00,0,2.00,1,2.00,1,4.00,1,1.00,1,1.00,1,2.00,0,2.00,2.00,1,2.00,0.00,0.00,2.00,1,2.00,1.00,0.00,0.00,,286194,40542,73.15,73.15,76.19,76.19,75.00,75.00,70.45,70.45,100.00,100.00
United Kingdom,GBR,20200609,3.00,0,2.00,1,2.00,1,4.00,1,1.00,1,1.00,1,2.00,0,2.00,2.00,1,2.00,0.00,0.00,2.00,1,2.00,1.00,0.00,0.00,,287399,40597,73.15,73.15,76.19,76.19,75.00,75.00,70.45,70.45,100.00,100.00
United Kingdom,GBR,20200610,3.00,0,2.00,1,2.00,1,4.00,1,1.00,1,1.00,1,2.00,0,2.00,2.00,1,2.00,0.00,0.00,2.00,1,2.00,1.00,0.00,0.00,,289140,40883,73.15,73.15,76.19,76.19,75.00,75.00,70.45,70.45,100.00,100.00
United Kingdom,GBR,20200611,3.00,0,2.00,1,2.00,1,4.00,1,1.00,1,1.00,1,2.00,0,2.00,2.00,1,2.00,0.00,0.00,2.00,1,2.00,1.00,0.00,0.00,,290143,41128,73.15,73.15,76.19,76.19,75.00,75.00,70.45,70.45,100.00,100.00
United Kingdom,GBR,20200612,3.00,0,2.00,1,2.00,1,4.00,1,1.00,1,1.00,1,2.00,0,2.00,2.00,1,2.00,0.00,0.00,2.00,1,2.00,1.00,0.00,0.00,,291409,41279,73.15,73.15,76.19,76.19,75.00,75.00,70.45,70.45,100.00,100.00
United Kingdom,GBR,20200613,3.00,0,2.00,1,2.00,1,4.00,1,1.00,1,1.00,1,2.00,0,2.00,2.00,1,2.00,0.00,0.00,2.00,1,2.00,1.00,0.00,0.00,,292950,41481,73.15,73.15,76.19,76.19,75.00,75.00,70.45,70.45,100.00,100.00
United Kingdom,GBR,20200614,3.00,0,2.00,1,2.00,1,4.00,1,1.00,1,1.00,1,2.00,0,2.00,2.00,1,2.00,0.00,0.00,2.00,1,2.00,1.00,0.00,0.00,,294375,41662,73.15,73.15,76.19,76.19,75.00,75.00,70.45,70.45,100.00,100.00
United Kingdom,GBR,20200615,3.00,0,2.00,1,2.00,1,4.00,1,1.00,1,1.00,1,2.00,0,2.00,2.00,1,2.00,0.00,0.00,2.00,1,2.00,1.00,0.00,0.00,,295889,41698,73.15,73.15,76.19,76.19,75.00,75.00,70.45,70.45,100.00,100.00
United Kingdom,GBR,20200616,3.00,0,2.00,1,2.00,1,4.00,1,1.00,1,1.00,1,2.00,0,2.00,2.00,1,2.00,0.00,0.00,2.00,1,2.00,1.00,0.00,0.00,,296857,41736,73.15,73.15,76.19,76.19,75.00,75.00,70.45,70.45,100.00,100.00
United Kingdom,GBR,20200617,3.00,0,2.00,1,2.00,1,4.00,1,1.00,1,1.00,1,2.00,0,2.00,2.00,1,2.00,0.00,0.00,2.00,1,2.00,1.00,0.00,0.00,,298136,41969,73.15,73.15,76.19,76.19,75.00,75.00,70.45,70.45,100.00,100.00
United Kingdom,GBR,20200618,3.00,0,2.00,1,2.00,1,4.00,1,1.00,1,1.00,1,2.00,0,2.00,2.00,1,2.00,0.00,0.00,2.00,1,2.00,1.00,0.00,0.00,,299251,42153,73.15,73.15,76.19,76.19,75.00,75.00,70.45,70.45,100.00,100.00
United Kingdom,GBR,20200619,3.00,0,2.00,1,2.00,1,4.00,1,1.00,1,1.00,1,2.00,0,2.00,2.00,1,2.00,0.00,0.00,2.00,1,2.00,1.00,0.00,0.00,,300469,42288,73.15,73.15,76.19,76.19,75.00,75.00,70.45,70.45,100.00,100.00
United Kingdom,GBR,20200620,3.00,0,2.00,1,2.00,1,4.00,1,1.00,1,1.00,1,2.00,0,2.00,2.00,1,2.00,0.00,0.00,2.00,1,2.00,1.00,0.00,0.00,,301815,42461,73.15,73.15,76.19,76.19,75.00,75.00,70.45,70.45,100.00,100.00
United Kingdom,GBR,20200621,3.00,0,2.00,1,2.00,1,4.00,1,1.00,1,1.00,1,2.00,0,2.00,2.00,1,2.00,0.00,0.00,2.00,1,2.00,1.00,0.00,0.00,,303110,42589,73.15,73.15,76.19,76.19,75.00,75.00,70.45,70.45,100.00,100.00
United Kingdom,GBR,20200622,,,,,,,,,,,,,,,,,,,,,,,,,,,,304331,42632,,73.15,,76.19,,75.00,,70.45,,100.00
United Kingdom,GBR,20200623,,,,,,,,,,,,,,,,,,,,,,,,,,,,305289,42647,,73.15,,76.19,,75.00,,70.45,,100.00
