Russia,RUS,20200101,0.00,,0.00,,0.00,,0.00,,0.00,,0.00,,0.00,,0.00,0.00,,0.00,0.00,0.00,0.00,,0.00,0.00,0.00,0.00,,0,0,0.00,0.00,0.00,0.00,0.00,0.00,0.00,0.00,0.00,0.00
Russia,RUS,20200102,0.00,,0.00,,0.00,,0.00,,0.00,,0.00,,0.00,,0.00,0.00,,0.00,0.00,0.00,0.00,,0.00,0.00,0.00,0.00,,0,0,0.00,0.00,0.00,0.00,0.00,0.00,0.00,0.00,0.00,0.00
Russia,RUS,20200103,0.00,,0.00,,0.00,,0.00,,0.00,,0.00,,0.00,,0.00,0.00,,0.00,0.00,0.00,0.00,,0.00,0.00,0.00,0.00,,0,0,0.00,0.00,0.00,0.00,0.00,0.00,0.00,0.00,0.00,0.00
Russia,RUS,20200104,0.00,,0.00,,0.00,,0.00,,0.00,,0.00,,0.00,,0.00,0.00,,0.00,0.00,0.00,0.00,,0.00,0.00,0.00,0.00,,0,0,0.00,0.00,0.00,0.00,0.00,0.00,0.00,0.00,0.00,0.00
Russia,RUS,20200105,0.00,,0.00,,0.00,,0.00,,0.00,,0.00,,0.00,,0.00,0.00,,0.00,0.00,0.00,0.00,,0.00,0.00,0.00,0.00,,0,0,0.00,0.00,0.00,0.00,0.00,0.00,0.00,0.00,0.00,0.00
Russia,RUS,20200106,0.00,,0.00,,0.00,,0.00,,0.00,,0.00,,0.00,,0.00,0.00,,0.00,0.00,0.00,0.00,,0.00,0.00,0.00,0.00,,0,0,0.00,0.00,0.00,0.00,0.00,0.00,0.00,0.00,0.00,0.00
Russia,RUS,20200107,0.00,,0.00,,0.00,,0.00,,0.00,,0.00,,0.00,,0.00,0.00,,0.00,0.00,0.00,0.00,,0.00,0.00,0.00,0.00,,0,0,0.00,0.00,0.00,0.00,0.00,0.00,0.00,0.00,0.00,0.00
Russia,RUS,20200108,0.00,,0.00,,0.00,,0.00,,0.00,,0.00,,0.00,,0.00,0.00,,0.00,0.00,0.00,0.00,,0.00,0.00,0.00,0.00,,0,0,0.00,0.00,0.00,0.00,0.00,0.00,0.00,0.00,0.00,0.00
Russia,RUS,20200109,0.00,,0.00,,0.00,,0.00,,0.00,,0.00,,0.00,,0.00,0.00,,0.00,0.00,0.00,0.00,,0.00,0.00,0.00,0.00,,0,0,0.00,0.00,0.00,0.00,0.00,0.00,0.00,0.00,0.00,0.00
Russia,RUS,20200110,0.00,,0.00,,0.00,,0.00,,0.00,,0.00,,0.00,,0.00,0.00,,0.00,0.00,0.00,0.00,,0.00,0.00,0.00,0.00,,0,0,0.00,0.00,0.00,0.00,0.00,0.00,0.00,0.00,0.00,0.00
Russia,RUS,20200111,0.00,,0.00,,0.00,,0.00,,0.00,,0.00,,0.00,,0.00,0.00,,0.00,0.00,0.00,0.00,,0.00,0.00,0.00,0.00,,0,0,0.00,0.00,0.00,0.00,0.00,0.00,0.00,0.00,0.00,0.00
Russia,RUS,20200112,0.00,,0.00,,0.00,,0.00,,0.00,,0.00,,0.00,,0.00,0.00,,0.00,0.00,0.00,0.00,,0.00,0.00,0.00,0.00,,0,0,0.00,0.00,0.00,0.00,0.00,0.00,0.00,0.00,0.00,0.00
Russia,RUS,20200113,0.00,,0.00,,0.00,,0.00,,0.00,,0.00,,0.00,,0.00,0.00,,0.00,0.00,0.00,0.00,,0.00,0.00,0.00,0.00,,0,0,0.00,0.00,0.00,0.00,0.00,0.00,0.00,0.00,0.00,0.00
Russia,RUS,20200114,0.00,,0.00,,0.00,,0.00,,0.00,,0.00,,0.00,,0.00,0.00,,0.00,0.00,0.00,0.00,,0.00,0.00,0.00,0.00,,0,0,0.00,0.00,0.00,0.00,0.00,0.00,0.00,0.00,0.00,0.00
Russia,RUS,20200115,0.00,,0.00,,0.00,,0.00,,0.00,,0.00,,0.00,,0.00,0.00,,0.00,0.00,0.00,0.00,,0.00,0.00,0.00,0.00,,0,0,0.00,0.00,0.00,0.00,0.00,0.00,0.00,0.00,0.00,0.00
Russia,RUS,20200116,0.00,,0.00,,0.00,,0.00,,0.00,,0.00,,0.00,,0.00,0.00,,0.00,0.00,0.00,0.00,,0.00,0.00,0.00,0.00,,0,0,0.00,0.00,0.00,0.00,0.00,0.00,0.00,0.00,0.00,0.00
Russia,RUS,20200117,0.00,,0.00,,0.00,,0.00,,0.00,,0.00,,0.00,,0.00,0.00,,0.00,0.00,0.00,0.00,,0.00,0.00,0.00,0.00,,0,0,0.00,0.00,0.00,0.00,0.00,0.00,0.00,0.00,0.00,0.00
Russia,RUS,20200118,0.00,,0.00,,0.00,,0.00,,0.00,,0.00,,0.00,,0.00,0.00,,0.00,0.00,0.00,0.00,,0.00,0.00,0.00,0.00,,0,0,0.00,0.00,0.00,0.00,0.00,0.00,0.00,0.00,0.00,0.00
Russia,RUS,20200119,0.00,,0.00,,0.00,,0.00,,0.00,,0.00,,0.00,,0.00,0.00,,0.00,0.00,0.00,0.00,,0.00,0.00,0.00,0.00,,0,0,0.00,0.00,0.00,0.00,0.00,0.00,0.00,0.00,0.00,0.00
Russia,RUS,20200120,0.00,,0.00,,0.00,,0.00,,0.00,,0.00,,0.00,,0.00,0.00,,0.00,0.00,0.00,0.00,,0.00,0.00,0.00,0.00,,0,0,0.00,0.00,0.00,0.00,0.00,0.00,0.00,0.00,0.00,0.00
Russia,RUS,20200121,0.00,,0.00,,0.00,,0.00,,0.00,,0.00,,0.00,,0.00,0.00,,0.00,0.00,0.00,0.00,,0.00,0.00,0.00,0.00,,0,0,0.00,0.00,0.00,0.00,0.00,0.00,0.00,0.00,0.00,0.00
Russia,RUS,20200122,0.00,,0.00,,0.00,,0.00,,0.00,,0.00,,0.00,,0.00,0.00,,0.00,0.00,0.00,0.00,,0.00,0.00,0.00,0.00,,0,0,0.00,0.00,0.00,0.00,0.00,0.00,0.00,0.00,0.00,0.00
Russia,RUS,20200123,0.00,,0.00,,0.00,,0.00,,0.00,,0.00,,0.00,,0.00,0.00,,0.00,0.00,0.00,0.00,,0.00,0.00,0.00,0.00,,0,0,0.00,0.00,0.00,0.00,0.00,0.00,0.00,0.00,0.00,0.00
Russia,RUS,20200124,0.00,,0.00,,0.00,,0.00,,0.00,,0.00,,0.00,,0.00,0.00,,0.00,0.00,0.00,0.00,,0.00,0.00,0.00,0.00,,0,0,0.00,0.00,0.00,0.00,0.00,0.00,0.00,0.00,0.00,0.00
Russia,RUS,20200125,0.00,,0.00,,0.00,,0.00,,0.00,,0.00,,0.00,,0.00,0.00,,0.00,0.00,0.00,0.00,,0.00,0.00,0.00,0.00,,0,0,0.00,0.00,0.00,0.00,0.00,0.00,0.00,0.00,0.00,0.00
Russia,RUS,20200126,0.00,,0.00,,0.00,,0.00,,0.00,,0.00,,0.00,,0.00,0.00,,0.00,0.00,0.00,0.00,,0.00,0.00,0.00,0.00,,0,0,0.00,0.00,0.00,0.00,0.00,0.00,0.00,0.00,0.00,0.00
Russia,RUS,20200127,0.00,,0.00,,0.00,,0.00,,0.00,,0.00,,0.00,,0.00,0.00,,0.00,0.00,0.00,0.00,,0.00,0.00,0.00,0.00,,0,0,0.00,0.00,0.00,0.00,0.00,0.00,0.00,0.00,0.00,0.00
Russia,RUS,20200128,0.00,,0.00,,0.00,,0.00,,0.00,,0.00,,0.00,,0.00,0.00,,0.00,0.00,0.00,0.00,,0.00,0.00,0.00,0.00,,0,0,0.00,0.00,0.00,0.00,0.00,0.00,0.00,0.00,0.00,0.00
Russia,RUS,20200129,0.00,,0.00,,0.00,,0.00,,0.00,,0.00,,0.00,,0.00,0.00,,0.00,0.00,0.00,0.00,,0.00,0.00,0.00,0.00,,0,0,0.00,0.00,0.00,0.00,0.00,0.00,0.00,0.00,0.00,0.00
Russia,RUS,20200130,0.00,,0.00,,0.00,,0.00,,0.00,,0.00,,0.00,,3.00,0.00,,0.00,0.00,0.00,0.00,,0.00,0.00,0.00,0.00,,0,0,8.33,8.33,10.71,10.71,5.77,5.77,6.82,6.82,0.00,0.00
Russia,RUS,20200131,0.00,,0.00,,0.00,,0.00,,0.00,,0.00,,0.00,,3.00,0.00,,0.00,0.00,0.00,0.00,,1.00,0.00,0.00,0.00,,0,0,8.33,8.33,10.71,10.71,8.33,8.33,9.85,9.85,0.00,0.00
Russia,RUS,20200201,0.00,,0.00,,0.00,,0.00,,0.00,,0.00,,0.00,,3.00,0.00,,0.00,0.00,0.00,0.00,,1.00,0.00,0.00,0.00,,2,0,8.33,8.33,10.71,10.71,8.33,8.33,9.85,9.85,0.00,0.00
Russia,RUS,20200202,0.00,,0.00,,0.00,,0.00,,0.00,,0.00,,0.00,,3.00,0.00,,0.00,0.00,0.00,0.00,,1.00,0.00,0.00,0.00,,2,0,8.33,8.33,10.71,10.71,8.33,8.33,9.85,9.85,0.00,0.00
Russia,RUS,20200203,0.00,,0.00,,0.00,,0.00,,0.00,,0.00,,0.00,,3.00,0.00,,0.00,0.00,0.00,0.00,,1.00,0.00,0.00,0.00,,2,0,8.33,8.33,10.71,10.71,8.33,8.33,9.85,9.85,0.00,0.00
Russia,RUS,20200204,0.00,,0.00,,0.00,,0.00,,0.00,,0.00,,0.00,,3.00,0.00,,0.00,0.00,0.00,0.00,,1.00,0.00,19077416.00,0.00,,2,0,8.33,8.33,10.71,10.71,8.33,8.33,9.85,9.85,0.00,0.00
Russia,RUS,20200205,0.00,,0.00,,0.00,,0.00,,0.00,,0.00,,0.00,,3.00,0.00,,0.00,0.00,0.00,0.00,,1.00,0.00,0.00,0.00,,2,0,8.33,8.33,10.71,10.71,8.33,8.33,9.85,9.85,0.00,0.00
Russia,RUS,20200206,0.00,,0.00,,0.00,,0.00,,0.00,,0.00,,0.00,,3.00,0.00,,0.00,0.00,0.00,0.00,,1.00,0.00,0.00,0.00,,2,0,8.33,8.33,10.71,10.71,8.33,8.33,9.85,9.85,0.00,0.00
Russia,RUS,20200207,0.00,,0.00,,0.00,,0.00,,0.00,,0.00,,0.00,,3.00,0.00,,0.00,0.00,0.00,0.00,,1.00,0.00,0.00,0.00,,2,0,8.33,8.33,10.71,10.71,8.33,8.33,9.85,9.85,0.00,0.00
Russia,RUS,20200208,0.00,,0.00,,0.00,,0.00,,0.00,,0.00,,0.00,,3.00,0.00,,0.00,0.00,0.00,0.00,,1.00,0.00,0.00,0.00,,2,0,8.33,8.33,10.71,10.71,8.33,8.33,9.85,9.85,0.00,0.00
Russia,RUS,20200209,0.00,,0.00,,0.00,,0.00,,0.00,,0.00,,0.00,,3.00,0.00,,0.00,0.00,0.00,0.00,,1.00,0.00,0.00,0.00,,2,0,8.33,8.33,10.71,10.71,8.33,8.33,9.85,9.85,0.00,0.00
Russia,RUS,20200210,0.00,,0.00,,0.00,,0.00,,0.00,,0.00,,0.00,,3.00,0.00,,0.00,0.00,0.00,0.00,,1.00,0.00,0.00,0.00,,2,0,8.33,8.33,10.71,10.71,8.33,8.33,9.85,9.85,0.00,0.00
Russia,RUS,20200211,0.00,,0.00,,0.00,,0.00,,0.00,,0.00,,0.00,,3.00,0.00,,0.00,0.00,0.00,0.00,,1.00,0.00,0.00,0.00,,2,0,8.33,8.33,10.71,10.71,8.33,8.33,9.85,9.85,0.00,0.00
Russia,RUS,20200212,0.00,,0.00,,0.00,,0.00,,0.00,,0.00,,0.00,,3.00,0.00,,0.00,0.00,0.00,0.00,,1.00,0.00,0.00,0.00,,2,0,8.33,8.33,10.71,10.71,8.33,8.33,9.85,9.85,0.00,0.00
Russia,RUS,20200213,0.00,,0.00,,0.00,,0.00,,0.00,,0.00,,0.00,,3.00,0.00,,0.00,0.00,0.00,0.00,,1.00,0.00,0.00,0.00,,2,0,8.33,8.33,10.71,10.71,8.33,8.33,9.85,9.85,0.00,0.00
Russia,RUS,20200214,0.00,,0.00,,0.00,,0.00,,0.00,,0.00,,0.00,,3.00,0.00,,0.00,0.00,0.00,0.00,,1.00,0.00,0.00,0.00,,2,0,8.33,8.33,10.71,10.71,8.33,8.33,9.85,9.85,0.00,0.00
Russia,RUS,20200215,0.00,,0.00,,0.00,,0.00,,0.00,,0.00,,0.00,,3.00,0.00,,0.00,0.00,0.00,0.00,,1.00,0.00,0.00,0.00,,2,0,8.33,8.33,10.71,10.71,8.33,8.33,9.85,9.85,0.00,0.00
Russia,RUS,20200216,0.00,,0.00,,0.00,,0.00,,0.00,,0.00,,0.00,,3.00,0.00,,0.00,0.00,0.00,0.00,,1.00,0.00,0.00,0.00,,2,0,8.33,8.33,10.71,10.71,8.33,8.33,9.85,9.85,0.00,0.00
Russia,RUS,20200217,0.00,,0.00,,0.00,,0.00,,0.00,,0.00,,0.00,,3.00,0.00,,0.00,0.00,0.00,0.00,,1.00,0.00,0.00,0.00,,2,0,8.33,8.33,10.71,10.71,8.33,8.33,9.85,9.85,0.00,0.00
Russia,RUS,20200218,0.00,,0.00,,0.00,,0.00,,0.00,,0.00,,0.00,,3.00,0.00,,0.00,0.00,0.00,0.00,,1.00,0.00,0.00,0.00,,2,0,8.33,8.33,10.71,10.71,8.33,8.33,9.85,9.85,0.00,0.00
Russia,RUS,20200219,0.00,,0.00,,0.00,,0.00,,0.00,,0.00,,0.00,,3.00,0.00,,0.00,0.00,0.00,0.00,,1.00,0.00,0.00,0.00,,2,0,8.33,8.33,10.71,10.71,8.33,8.33,9.85,9.85,0.00,0.00
Russia,RUS,20200220,0.00,,0.00,,0.00,,0.00,,0.00,,0.00,,0.00,,3.00,0.00,,0.00,0.00,0.00,0.00,,1.00,0.00,0.00,0.00,,2,0,8.33,8.33,10.71,10.71,8.33,8.33,9.85,9.85,0.00,0.00
Russia,RUS,20200221,0.00,,0.00,,0.00,,0.00,,0.00,,0.00,,0.00,,3.00,0.00,,0.00,0.00,0.00,0.00,,1.00,0.00,0.00,0.00,,2,0,8.33,8.33,10.71,10.71,8.33,8.33,9.85,9.85,0.00,0.00
Russia,RUS,20200222,0.00,,0.00,,0.00,,0.00,,0.00,,0.00,,0.00,,3.00,0.00,,0.00,0.00,0.00,0.00,,1.00,0.00,0.00,0.00,,2,0,8.33,8.33,10.71,10.71,8.33,8.33,9.85,9.85,0.00,0.00
Russia,RUS,20200223,0.00,,0.00,,0.00,,0.00,,0.00,,0.00,,0.00,,3.00,0.00,,0.00,0.00,0.00,0.00,,1.00,0.00,0.00,0.00,,2,0,8.33,8.33,10.71,10.71,8.33,8.33,9.85,9.85,0.00,0.00
Russia,RUS,20200224,0.00,,0.00,,0.00,,0.00,,0.00,,0.00,,0.00,,3.00,0.00,,0.00,0.00,0.00,0.00,,1.00,0.00,0.00,0.00,,2,0,8.33,8.33,10.71,10.71,8.33,8.33,9.85,9.85,0.00,0.00
Russia,RUS,20200225,0.00,,0.00,,0.00,,0.00,,0.00,,0.00,,0.00,,3.00,0.00,,0.00,0.00,0.00,0.00,,1.00,0.00,0.00,0.00,,2,0,8.33,8.33,10.71,10.71,8.33,8.33,9.85,9.85,0.00,0.00
Russia,RUS,20200226,0.00,,0.00,,0.00,,0.00,,0.00,,0.00,,0.00,,3.00,0.00,,0.00,0.00,0.00,0.00,,1.00,0.00,0.00,0.00,,2,0,8.33,8.33,10.71,10.71,8.33,8.33,9.85,9.85,0.00,0.00
Russia,RUS,20200227,0.00,,0.00,,0.00,,0.00,,0.00,,0.00,,0.00,,3.00,0.00,,0.00,0.00,0.00,0.00,,1.00,0.00,0.00,0.00,,2,0,8.33,8.33,10.71,10.71,8.33,8.33,9.85,9.85,0.00,0.00
Russia,RUS,20200228,0.00,,0.00,,0.00,,0.00,,0.00,,0.00,,0.00,,3.00,0.00,,0.00,0.00,0.00,0.00,,1.00,0.00,0.00,0.00,,2,0,8.33,8.33,10.71,10.71,8.33,8.33,9.85,9.85,0.00,0.00
Russia,RUS,20200229,0.00,,0.00,,0.00,,0.00,,0.00,,0.00,,0.00,,3.00,0.00,,0.00,0.00,0.00,0.00,,1.00,0.00,0.00,0.00,,2,0,8.33,8.33,10.71,10.71,8.33,8.33,9.85,9.85,0.00,0.00
Russia,RUS,20200301,0.00,,0.00,,0.00,,0.00,,0.00,,0.00,,0.00,,3.00,0.00,,0.00,0.00,0.00,0.00,,1.00,0.00,0.00,0.00,,2,0,8.33,8.33,10.71,10.71,8.33,8.33,9.85,9.85,0.00,0.00
Russia,RUS,20200302,0.00,,0.00,,0.00,,0.00,,0.00,,0.00,,0.00,,3.00,0.00,,0.00,0.00,0.00,0.00,,1.00,0.00,0.00,0.00,,2,0,8.33,8.33,10.71,10.71,8.33,8.33,9.85,9.85,0.00,0.00
Russia,RUS,20200303,0.00,,0.00,,0.00,,0.00,,0.00,,0.00,,0.00,,3.00,0.00,,0.00,0.00,0.00,0.00,,1.00,0.00,0.00,0.00,,3,0,8.33,8.33,10.71,10.71,8.33,8.33,9.85,9.85,0.00,0.00
Russia,RUS,20200304,0.00,,0.00,,0.00,,0.00,,0.00,,0.00,,0.00,,3.00,0.00,,0.00,0.00,0.00,0.00,,1.00,0.00,0.00,0.00,,4,0,8.33,8.33,10.71,10.71,8.33,8.33,9.85,9.85,0.00,0.00
Russia,RUS,20200305,0.00,,0.00,,0.00,,0.00,,0.00,,2.00,0,2.00,0,3.00,0.00,,0.00,0.00,0.00,0.00,,1.00,2.00,0.00,0.00,,4,0,22.22,22.22,20.24,20.24,25.64,25.64,30.30,30.30,0.00,0.00
Russia,RUS,20200306,0.00,,0.00,,0.00,,0.00,,0.00,,2.00,0,2.00,0,3.00,0.00,,0.00,0.00,0.00,0.00,,1.00,2.00,0.00,0.00,,4,0,22.22,22.22,20.24,20.24,25.64,25.64,30.30,30.30,0.00,0.00
Russia,RUS,20200307,0.00,,0.00,,0.00,,0.00,,0.00,,2.00,0,2.00,0,3.00,0.00,,0.00,0.00,0.00,0.00,,1.00,2.00,0.00,0.00,,10,0,22.22,22.22,20.24,20.24,25.64,25.64,30.30,30.30,0.00,0.00
Russia,RUS,20200308,0.00,,0.00,,0.00,,0.00,,0.00,,2.00,0,2.00,0,3.00,0.00,,0.00,0.00,0.00,0.00,,1.00,2.00,0.00,0.00,,10,0,22.22,22.22,20.24,20.24,25.64,25.64,30.30,30.30,0.00,0.00
Russia,RUS,20200309,0.00,,0.00,,0.00,,0.00,,0.00,,2.00,0,2.00,0,3.00,0.00,,0.00,0.00,0.00,0.00,,1.00,2.00,0.00,0.00,,10,0,22.22,22.22,20.24,20.24,25.64,25.64,30.30,30.30,0.00,0.00
Russia,RUS,20200310,0.00,,0.00,,2.00,0,1.00,0,0.00,,2.00,0,2.00,0,3.00,0.00,,0.00,0.00,0.00,0.00,,1.00,2.00,0.00,0.00,,10,0,31.94,31.94,29.76,29.76,32.37,32.37,38.26,38.26,0.00,0.00
Russia,RUS,20200311,0.00,,0.00,,2.00,0,1.00,0,0.00,,2.00,0,2.00,0,3.00,0.00,,0.00,0.00,0.00,0.00,,1.00,2.00,0.00,0.00,,10,0,31.94,31.94,29.76,29.76,32.37,32.37,38.26,38.26,0.00,0.00
Russia,RUS,20200312,0.00,,0.00,,2.00,0,1.00,0,0.00,,2.00,0,2.00,0,3.00,0.00,,0.00,0.00,0.00,0.00,,1.00,2.00,0.00,0.00,,25,0,31.94,31.94,29.76,29.76,32.37,32.37,38.26,38.26,0.00,0.00
Russia,RUS,20200313,0.00,,0.00,,2.00,0,1.00,0,0.00,,2.00,0,2.00,0,3.00,0.00,,0.00,0.00,0.00,0.00,,1.00,2.00,0.00,0.00,,30,0,31.94,31.94,29.76,29.76,32.37,32.37,38.26,38.26,0.00,0.00
Russia,RUS,20200314,0.00,,0.00,,2.00,0,1.00,0,0.00,,2.00,0,2.00,0,3.00,0.00,,0.00,0.00,0.00,0.00,,1.00,2.00,0.00,0.00,,45,0,31.94,31.94,29.76,29.76,32.37,32.37,38.26,38.26,0.00,0.00
Russia,RUS,20200315,0.00,,0.00,,2.00,0,1.00,0,0.00,,2.00,0,2.00,0,3.00,0.00,,0.00,0.00,0.00,0.00,,1.00,2.00,0.00,0.00,,59,0,31.94,31.94,29.76,29.76,32.37,32.37,38.26,38.26,0.00,0.00
Russia,RUS,20200316,1.00,0,0.00,,2.00,0,3.00,0,0.00,,2.00,0,2.00,0,3.00,0.00,,0.00,0.00,0.00,2.00,1,1.00,2.00,0.00,0.00,,63,0,50.46,50.46,47.62,47.62,45.19,45.19,53.41,53.41,0.00,0.00
Russia,RUS,20200317,1.00,0,2.00,1,2.00,1,3.00,0,0.00,,2.00,0,2.00,0,3.00,0.00,,0.00,0.00,0.00,2.00,1,1.00,2.00,0.00,0.00,,93,0,60.65,60.65,63.10,63.10,52.24,52.24,61.74,61.74,0.00,0.00
Russia,RUS,20200318,1.00,0,2.00,1,2.00,1,3.00,0,0.00,,2.00,0,2.00,0,3.00,0.00,,0.00,0.00,0.00,2.00,1,1.00,2.00,0.00,0.00,,114,0,60.65,60.65,63.10,63.10,52.24,52.24,61.74,61.74,0.00,0.00
Russia,RUS,20200319,1.00,0,2.00,1,2.00,1,3.00,0,0.00,,2.00,1,2.00,0,3.00,0.00,,0.00,0.00,0.00,2.00,1,1.00,2.00,0.00,0.00,,147,0,62.50,62.50,64.29,64.29,53.53,53.53,63.26,63.26,0.00,0.00
Russia,RUS,20200320,1.00,0,2.00,1,2.00,1,3.00,0,0.00,,2.00,1,2.00,0,3.00,0.00,,0.00,0.00,0.00,2.00,1,1.00,2.00,0.00,0.00,,199,0,62.50,62.50,64.29,64.29,53.53,53.53,63.26,63.26,0.00,0.00
Russia,RUS,20200321,3.00,0,2.00,1,2.00,1,3.00,0,0.00,,2.00,1,2.00,0,3.00,0.00,,0.00,0.00,0.00,2.00,1,1.00,2.00,282035627.00,0.00,,253,0,69.91,69.91,71.43,71.43,58.65,58.65,69.32,69.32,0.00,0.00
Russia,RUS,20200322,3.00,0,2.00,1,2.00,1,3.00,0,0.00,,2.00,1,2.00,0,3.00,0.00,,0.00,0.00,0.00,2.00,1,1.00,2.00,0.00,0.00,,306,0,69.91,69.91,71.43,71.43,58.65,58.65,69.32,69.32,0.00,0.00
Russia,RUS,20200323,2.00,1,2.00,1,2.00,1,3.00,0,0.00,,2.00,1,2.00,0,3.00,0.00,,0.00,0.00,0.00,2.00,1,1.00,2.00,0.00,286175609.00,,438,0,68.06,68.06,71.43,71.43,57.37,57.37,67.80,67.80,0.00,0.00
Russia,RUS,20200324,2.00,1,2.00,1,2.00,1,3.00,0,0.00,,2.00,1,2.00,0,3.00,0.00,,0.00,0.00,0.00,2.00,1,1.00,2.00,0.00,0.00,,438,0,68.06,68.06,71.43,71.43,57.37,57.37,67.80,67.80,0.00,0.00
Russia,RUS,20200325,2.00,1,2.00,1,2.00,1,3.00,0,0.00,,2.00,1,2.00,0,3.00,0.00,,0.00,0.00,0.00,2.00,1,1.00,2.00,17726587.00,0.00,,495,0,68.06,68.06,71.43,71.43,57.37,57.37,67.80,67.80,0.00,0.00
Russia,RUS,20200326,2.00,1,2.00,1,2.00,1,3.00,0,0.00,,2.00,1,2.00,0,3.00,0.00,,0.00,0.00,0.00,2.00,1,1.00,2.00,0.00,0.00,,658,0,68.06,68.06,71.43,71.43,57.37,57.37,67.80,67.80,0.00,0.00
Russia,RUS,20200327,2.00,1,2.00,1,2.00,1,3.00,0,0.00,,2.00,1,2.00,0,3.00,0.00,,0.00,0.00,0.00,2.00,1,1.00,2.00,0.00,0.00,,840,2,68.06,68.06,71.43,71.43,57.37,57.37,67.80,67.80,0.00,0.00
Russia,RUS,20200328,3.00,1,2.00,1,2.00,1,3.00,0,0.00,,2.00,1,2.00,0,3.00,0.00,,0.00,0.00,0.00,2.00,1,1.00,2.00,0.00,0.00,,1036,4,71.76,71.76,75.00,75.00,59.94,59.94,70.83,70.83,0.00,0.00
Russia,RUS,20200329,3.00,1,2.00,1,2.00,1,3.00,0,0.00,,2.00,1,2.00,0,3.00,0.00,,0.00,0.00,0.00,2.00,1,1.00,2.00,0.00,0.00,,1264,5,71.76,71.76,75.00,75.00,59.94,59.94,70.83,70.83,0.00,0.00
Russia,RUS,20200330,3.00,1,3.00,1,2.00,1,4.00,1,1.00,0,3.00,0,2.00,0,4.00,0.00,,0.00,0.00,0.00,2.00,1,1.00,2.00,0.00,0.00,,1534,8,87.04,87.04,86.90,86.90,70.51,70.51,83.33,83.33,0.00,0.00
Russia,RUS,20200331,3.00,1,3.00,1,2.00,1,4.00,1,1.00,0,3.00,0,2.00,0,4.00,0.00,,0.00,0.00,0.00,2.00,1,1.00,2.00,0.00,0.00,,1836,10,87.04,87.04,86.90,86.90,70.51,70.51,83.33,83.33,0.00,0.00
Russia,RUS,20200401,3.00,1,3.00,1,2.00,1,4.00,1,1.00,0,3.00,0,2.00,0,4.00,0.00,,2.00,0.00,0.00,2.00,1,1.00,2.00,65921462.00,0.00,,2337,17,87.04,87.04,86.90,86.90,78.21,78.21,83.33,83.33,50.00,50.00
Russia,RUS,20200402,3.00,1,3.00,1,2.00,1,4.00,1,1.00,0,3.00,0,2.00,0,4.00,0.00,,2.00,0.00,0.00,2.00,1,1.00,2.00,0.00,0.00,,2777,24,87.04,87.04,86.90,86.90,78.21,78.21,83.33,83.33,50.00,50.00
Russia,RUS,20200403,3.00,1,3.00,1,2.00,1,4.00,1,1.00,0,3.00,0,2.00,0,4.00,0.00,,2.00,0.00,0.00,2.00,1,1.00,2.00,3000000.00,0.00,,3548,30,87.04,87.04,86.90,86.90,78.21,78.21,83.33,83.33,50.00,50.00
Russia,RUS,20200404,3.00,1,3.00,1,2.00,1,4.00,1,1.00,0,3.00,0,2.00,0,4.00,0.00,,2.00,0.00,0.00,2.00,1,1.00,2.00,0.00,0.00,,4149,34,87.04,87.04,86.90,86.90,78.21,78.21,83.33,83.33,50.00,50.00
Russia,RUS,20200405,3.00,1,3.00,1,2.00,1,4.00,1,1.00,0,3.00,0,2.00,0,4.00,0.00,,2.00,22383347.00,0.00,2.00,1,1.00,2.00,0.00,0.00,,4731,43,87.04,87.04,86.90,86.90,78.21,78.21,83.33,83.33,50.00,50.00
Russia,RUS,20200406,2.00,1,3.00,1,2.00,1,4.00,1,1.00,0,3.00,0,2.00,0,4.00,0.00,,2.00,0.00,1000000.00,2.00,1,3.00,2.00,0.00,0.00,,5389,45,83.33,83.33,83.33,83.33,80.77,80.77,86.36,86.36,50.00,50.00
Russia,RUS,20200407,2.00,1,3.00,1,2.00,1,4.00,1,1.00,0,3.00,0,2.00,0,4.00,0.00,,2.00,0.00,0.00,2.00,1,3.00,2.00,0.00,0.00,,6343,47,83.33,83.33,83.33,83.33,80.77,80.77,86.36,86.36,50.00,50.00
Russia,RUS,20200408,2.00,1,3.00,1,2.00,1,4.00,1,1.00,0,3.00,0,2.00,0,4.00,0.00,,2.00,0.00,0.00,2.00,1,3.00,2.00,741974138.00,0.00,,7497,58,83.33,83.33,83.33,83.33,80.77,80.77,86.36,86.36,50.00,50.00
Russia,RUS,20200409,2.00,1,3.00,1,2.00,1,4.00,1,1.00,0,3.00,0,2.00,0,4.00,0.00,,2.00,0.00,0.00,2.00,1,3.00,2.00,0.00,0.00,,8672,63,83.33,83.33,83.33,83.33,80.77,80.77,86.36,86.36,50.00,50.00
Russia,RUS,20200410,2.00,1,3.00,1,2.00,1,4.00,1,1.00,0,3.00,0,2.00,0,4.00,0.00,,2.00,0.00,0.00,2.00,1,3.00,2.00,0.00,0.00,,10131,76,83.33,83.33,83.33,83.33,80.77,80.77,86.36,86.36,50.00,50.00
Russia,RUS,20200411,2.00,1,3.00,1,2.00,1,4.00,1,1.00,0,3.00,0,2.00,0,4.00,0.00,,2.00,0.00,0.00,2.00,1,3.00,2.00,0.00,0.00,,11917,94,83.33,83.33,83.33,83.33,80.77,80.77,86.36,86.36,50.00,50.00
Russia,RUS,20200412,2.00,1,3.00,1,2.00,1,4.00,1,1.00,0,3.00,0,2.00,0,4.00,0.00,,2.00,0.00,0.00,2.00,1,3.00,2.00,0.00,0.00,,13584,106,83.33,83.33,83.33,83.33,80.77,80.77,86.36,86.36,50.00,50.00
Russia,RUS,20200413,3.00,0,3.00,1,2.00,1,4.00,1,1.00,0,3.00,0,2.00,0,4.00,0.00,,2.00,0.00,0.00,2.00,1,3.00,2.00,668302272.00,0.00,,15770,130,85.19,85.19,83.33,83.33,82.05,82.05,87.88,87.88,50.00,50.00
Russia,RUS,20200414,3.00,0,3.00,1,2.00,1,4.00,1,1.00,0,3.00,0,2.00,0,4.00,0.00,,2.00,0.00,0.00,2.00,1,3.00,2.00,0.00,0.00,,18328,148,85.19,85.19,83.33,83.33,82.05,82.05,87.88,87.88,50.00,50.00
Russia,RUS,20200415,3.00,0,3.00,1,2.00,1,4.00,1,1.00,0,3.00,0,2.00,0,4.00,0.00,,2.00,0.00,0.00,2.00,1,3.00,2.00,0.00,0.00,,21102,170,85.19,85.19,83.33,83.33,82.05,82.05,87.88,87.88,50.00,50.00
Russia,RUS,20200416,3.00,0,3.00,1,2.00,1,4.00,1,1.00,0,3.00,0,2.00,0,4.00,0.00,,2.00,0.00,0.00,2.00,1,3.00,2.00,0.00,0.00,,24490,198,85.19,85.19,83.33,83.33,82.05,82.05,87.88,87.88,50.00,50.00
Russia,RUS,20200417,3.00,0,3.00,1,2.00,1,4.00,1,1.00,0,3.00,0,2.00,0,4.00,0.00,,2.00,0.00,0.00,2.00,1,3.00,2.00,0.00,0.00,,27938,232,85.19,85.19,83.33,83.33,82.05,82.05,87.88,87.88,50.00,50.00
Russia,RUS,20200418,3.00,0,3.00,1,2.00,1,4.00,1,1.00,0,3.00,0,2.00,0,4.00,0.00,,2.00,0.00,0.00,2.00,1,3.00,2.00,0.00,0.00,,32008,273,85.19,85.19,83.33,83.33,82.05,82.05,87.88,87.88,50.00,50.00
Russia,RUS,20200419,3.00,0,3.00,1,2.00,1,4.00,1,1.00,0,3.00,0,2.00,0,4.00,0.00,,2.00,0.00,0.00,2.00,1,3.00,2.00,0.00,0.00,,36793,313,85.19,85.19,83.33,83.33,82.05,82.05,87.88,87.88,50.00,50.00
Russia,RUS,20200420,3.00,0,3.00,1,2.00,1,4.00,1,1.00,0,3.00,0,2.00,0,4.00,0.00,,2.00,0.00,0.00,2.00,1,3.00,2.00,0.00,0.00,,42853,361,85.19,85.19,83.33,83.33,82.05,82.05,87.88,87.88,50.00,50.00
Russia,RUS,20200421,3.00,0,3.00,1,2.00,1,4.00,1,1.00,0,3.00,0,2.00,0,4.00,0.00,,2.00,0.00,0.00,2.00,1,3.00,2.00,0.00,0.00,,47121,405,85.19,85.19,83.33,83.33,82.05,82.05,87.88,87.88,50.00,50.00
Russia,RUS,20200422,3.00,0,3.00,1,2.00,1,4.00,1,1.00,0,3.00,0,2.00,0,4.00,0.00,,2.00,0.00,0.00,2.00,1,3.00,2.00,0.00,0.00,,52763,456,85.19,85.19,83.33,83.33,82.05,82.05,87.88,87.88,50.00,50.00
Russia,RUS,20200423,3.00,0,3.00,1,2.00,1,4.00,1,1.00,0,3.00,0,2.00,0,4.00,0.00,,2.00,0.00,0.00,2.00,1,3.00,2.00,0.00,0.00,,57999,513,85.19,85.19,83.33,83.33,82.05,82.05,87.88,87.88,50.00,50.00
Russia,RUS,20200424,3.00,0,3.00,1,2.00,1,4.00,1,1.00,0,3.00,0,2.00,0,4.00,0.00,,2.00,0.00,0.00,2.00,1,3.00,2.00,0.00,0.00,,62773,555,85.19,85.19,83.33,83.33,82.05,82.05,87.88,87.88,50.00,50.00
Russia,RUS,20200425,3.00,0,3.00,1,2.00,1,4.00,1,1.00,0,3.00,0,2.00,0,4.00,0.00,,2.00,47018054.00,0.00,2.00,1,3.00,2.00,0.00,0.00,,68622,615,85.19,85.19,83.33,83.33,82.05,82.05,87.88,87.88,50.00,50.00
Russia,RUS,20200426,3.00,0,3.00,1,2.00,1,4.00,1,1.00,0,3.00,0,2.00,0,4.00,0.00,,2.00,0.00,0.00,2.00,1,3.00,2.00,0.00,0.00,,74588,681,85.19,85.19,83.33,83.33,82.05,82.05,87.88,87.88,50.00,50.00
Russia,RUS,20200427,3.00,0,3.00,1,2.00,1,4.00,1,1.00,0,3.00,0,2.00,0,4.00,0.00,,2.00,0.00,0.00,2.00,1,3.00,2.00,0.00,0.00,,80949,747,85.19,85.19,83.33,83.33,82.05,82.05,87.88,87.88,50.00,50.00
Russia,RUS,20200428,3.00,0,3.00,1,2.00,1,4.00,1,1.00,0,3.00,0,2.00,0,4.00,0.00,,2.00,0.00,0.00,2.00,1,3.00,2.00,0.00,0.00,,87147,795,85.19,85.19,83.33,83.33,82.05,82.05,87.88,87.88,50.00,50.00
Russia,RUS,20200429,3.00,0,3.00,1,2.00,1,4.00,1,1.00,0,3.00,0,2.00,0,4.00,0.00,,2.00,0.00,0.00,2.00,1,3.00,2.00,0.00,0.00,,93558,867,85.19,85.19,83.33,83.33,82.05,82.05,87.88,87.88,50.00,50.00
Russia,RUS,20200430,3.00,0,3.00,1,2.00,1,4.00,1,1.00,0,3.00,0,2.00,0,4.00,0.00,,2.00,25596537.00,0.00,2.00,1,3.00,2.00,0.00,0.00,,99399,972,85.19,85.19,83.33,83.33,82.05,82.05,87.88,87.88,50.00,50.00
Russia,RUS,20200501,3.00,0,3.00,1,2.00,1,4.00,1,1.00,0,3.00,0,2.00,0,4.00,0.00,,2.00,0.00,0.00,2.00,1,3.00,2.00,0.00,0.00,,106498,1073,85.19,85.19,83.33,83.33,82.05,82.05,87.88,87.88,50.00,50.00
Russia,RUS,20200502,3.00,0,3.00,1,2.00,1,4.00,1,1.00,0,3.00,0,2.00,0,4.00,0.00,,2.00,0.00,0.00,2.00,1,3.00,2.00,0.00,0.00,,114431,1169,85.19,85.19,83.33,83.33,82.05,82.05,87.88,87.88,50.00,50.00
Russia,RUS,20200503,3.00,0,3.00,1,2.00,1,4.00,1,1.00,0,3.00,0,2.00,0,4.00,0.00,,2.00,0.00,0.00,2.00,1,3.00,2.00,0.00,0.00,,124054,1222,85.19,85.19,83.33,83.33,82.05,82.05,87.88,87.88,50.00,50.00
Russia,RUS,20200504,3.00,0,3.00,1,2.00,1,4.00,1,1.00,0,3.00,0,2.00,0,4.00,0.00,,2.00,0.00,0.00,2.00,1,3.00,2.00,0.00,0.00,,134687,1280,85.19,85.19,83.33,83.33,82.05,82.05,87.88,87.88,50.00,50.00
Russia,RUS,20200505,3.00,0,3.00,1,2.00,1,4.00,1,1.00,0,3.00,0,2.00,0,4.00,0.00,,2.00,0.00,0.00,2.00,1,3.00,2.00,0.00,0.00,,145268,1356,85.19,85.19,83.33,83.33,82.05,82.05,87.88,87.88,50.00,50.00
Russia,RUS,20200506,3.00,0,3.00,1,2.00,1,4.00,1,1.00,0,3.00,0,2.00,0,4.00,0.00,,2.00,0.00,0.00,2.00,1,3.00,2.00,0.00,0.00,,155370,1451,85.19,85.19,83.33,83.33,82.05,82.05,87.88,87.88,50.00,50.00
Russia,RUS,20200507,3.00,0,3.00,1,2.00,1,4.00,1,1.00,0,3.00,0,2.00,0,4.00,0.00,,2.00,0.00,0.00,2.00,1,3.00,2.00,0.00,0.00,,165929,1537,85.19,85.19,83.33,83.33,82.05,82.05,87.88,87.88,50.00,50.00
Russia,RUS,20200508,3.00,0,3.00,1,2.00,1,4.00,1,1.00,0,3.00,0,2.00,0,4.00,0.00,,2.00,0.00,0.00,2.00,1,3.00,2.00,0.00,0.00,,177160,1625,85.19,85.19,83.33,83.33,82.05,82.05,87.88,87.88,50.00,50.00
Russia,RUS,20200509,3.00,0,3.00,1,2.00,1,4.00,1,1.00,0,3.00,0,2.00,0,4.00,0.00,,2.00,0.00,0.00,2.00,1,3.00,2.00,0.00,0.00,,187859,1723,85.19,85.19,83.33,83.33,82.05,82.05,87.88,87.88,50.00,50.00
Russia,RUS,20200510,3.00,0,3.00,1,2.00,1,4.00,1,1.00,0,3.00,0,2.00,0,4.00,0.00,,2.00,1120866136.00,0.00,2.00,1,3.00,2.00,0.00,0.00,,198676,1827,85.19,85.19,83.33,83.33,82.05,82.05,87.88,87.88,50.00,50.00
Russia,RUS,20200511,3.00,0,3.00,1,2.00,1,4.00,1,1.00,0,3.00,0,2.00,0,4.00,0.00,,2.00,0.00,0.00,2.00,1,3.00,2.00,0.00,0.00,,209688,1915,85.19,85.19,83.33,83.33,82.05,82.05,87.88,87.88,50.00,50.00
Russia,RUS,20200512,3.00,0,2.00,0,2.00,1,4.00,0,1.00,0,3.00,0,2.00,0,4.00,0.00,,2.00,0.00,0.00,2.00,1,3.00,2.00,65593415.00,0.00,,221344,2009,78.24,78.24,76.19,76.19,77.24,77.24,82.20,82.20,50.00,50.00
Russia,RUS,20200513,3.00,0,2.00,0,2.00,1,4.00,0,1.00,0,3.00,0,2.00,0,4.00,0.00,,2.00,0.00,0.00,2.00,1,3.00,2.00,52711234.00,0.00,,232243,2116,78.24,78.24,76.19,76.19,77.24,77.24,82.20,82.20,50.00,50.00
Russia,RUS,20200514,3.00,0,2.00,0,2.00,1,4.00,0,1.00,0,3.00,0,2.00,0,4.00,0.00,,2.00,323420299.00,0.00,2.00,1,3.00,2.00,0.00,0.00,,242271,2212,78.24,78.24,76.19,76.19,77.24,77.24,82.20,82.20,50.00,50.00
Russia,RUS,20200515,3.00,0,2.00,0,2.00,1,4.00,0,1.00,0,3.00,0,2.00,0,4.00,0.00,,2.00,0.00,0.00,2.00,1,3.00,2.00,0.00,0.00,,252245,2305,78.24,78.24,76.19,76.19,77.24,77.24,82.20,82.20,50.00,50.00
Russia,RUS,20200516,3.00,0,2.00,0,2.00,1,4.00,0,1.00,0,3.00,0,2.00,0,4.00,0.00,,2.00,304197499.00,0.00,2.00,1,3.00,2.00,0.00,0.00,,262843,2418,78.24,78.24,76.19,76.19,77.24,77.24,82.20,82.20,50.00,50.00
Russia,RUS,20200517,3.00,0,2.00,0,2.00,1,4.00,0,1.00,0,3.00,0,2.00,0,4.00,0.00,,2.00,0.00,0.00,2.00,1,3.00,2.00,0.00,0.00,,272043,2537,78.24,78.24,76.19,76.19,77.24,77.24,82.20,82.20,50.00,50.00
Russia,RUS,20200518,3.00,0,2.00,0,2.00,1,4.00,0,1.00,0,3.00,0,2.00,0,4.00,0.00,,2.00,104548564.00,0.00,2.00,1,3.00,2.00,0.00,0.00,,281752,2631,78.24,78.24,76.19,76.19,77.24,77.24,82.20,82.20,50.00,50.00
Russia,RUS,20200519,3.00,0,2.00,0,2.00,1,4.00,0,1.00,0,3.00,0,2.00,0,4.00,0.00,,2.00,0.00,0.00,2.00,1,3.00,2.00,0.00,0.00,,290678,2722,78.24,78.24,76.19,76.19,77.24,77.24,82.20,82.20,50.00,50.00
Russia,RUS,20200520,3.00,0,2.00,0,2.00,1,4.00,0,1.00,0,3.00,0,2.00,0,4.00,0.00,,2.00,0.00,0.00,2.00,1,3.00,2.00,0.00,0.00,,299941,2837,78.24,78.24,76.19,76.19,77.24,77.24,82.20,82.20,50.00,50.00
Russia,RUS,20200521,3.00,0,2.00,0,2.00,1,4.00,0,1.00,0,3.00,0,2.00,0,4.00,0.00,,2.00,0.00,0.00,2.00,1,3.00,2.00,0.00,0.00,,308705,2972,78.24,78.24,76.19,76.19,77.24,77.24,82.20,82.20,50.00,50.00
Russia,RUS,20200522,3.00,0,2.00,0,2.00,1,4.00,0,1.00,0,3.00,0,2.00,0,4.00,0.00,,2.00,0.00,0.00,2.00,1,3.00,2.00,0.00,0.00,,317554,3099,78.24,78.24,76.19,76.19,77.24,77.24,82.20,82.20,50.00,50.00
Russia,RUS,20200523,3.00,0,2.00,0,2.00,1,4.00,0,1.00,0,3.00,0,2.00,0,4.00,0.00,,2.00,65750000.00,0.00,2.00,1,3.00,2.00,0.00,0.00,,326448,3249,78.24,78.24,76.19,76.19,77.24,77.24,82.20,82.20,50.00,50.00
Russia,RUS,20200524,3.00,0,2.00,0,2.00,1,4.00,0,1.00,0,3.00,0,2.00,0,4.00,0.00,,2.00,1465500000.00,0.00,2.00,1,3.00,2.00,0.00,0.00,,335882,3388,78.24,78.24,76.19,76.19,77.24,77.24,82.20,82.20,50.00,50.00
Russia,RUS,20200525,3.00,0,2.00,0,2.00,1,4.00,0,1.00,0,3.00,0,2.00,0,4.00,0.00,,2.00,0.00,0.00,2.00,1,3.00,2.00,0.00,0.00,,344481,3541,78.24,78.24,76.19,76.19,77.24,77.24,82.20,82.20,50.00,50.00
Russia,RUS,20200526,3.00,0,2.00,0,2.00,1,4.00,0,1.00,0,3.00,0,2.00,0,4.00,0.00,,2.00,0.00,0.00,2.00,1,3.00,2.00,0.00,0.00,,353427,3633,78.24,78.24,76.19,76.19,77.24,77.24,82.20,82.20,50.00,50.00
Russia,RUS,20200527,3.00,0,2.00,0,2.00,1,4.00,0,1.00,0,3.00,0,2.00,0,4.00,0.00,,2.00,0.00,0.00,2.00,1,3.00,2.00,0.00,0.00,,362342,3807,78.24,78.24,76.19,76.19,77.24,77.24,82.20,82.20,50.00,50.00
Russia,RUS,20200528,3.00,0,2.00,0,2.00,1,4.00,0,1.00,0,3.00,0,2.00,0,4.00,0.00,,2.00,0.00,0.00,2.00,1,3.00,2.00,0.00,0.00,,370680,3968,78.24,78.24,76.19,76.19,77.24,77.24,82.20,82.20,50.00,50.00
Russia,RUS,20200529,3.00,0,2.00,0,2.00,1,4.00,0,1.00,0,3.00,0,2.00,0,4.00,0.00,,2.00,23460165.00,0.00,2.00,1,3.00,2.00,0.00,0.00,,379051,4142,78.24,78.24,76.19,76.19,77.24,77.24,82.20,82.20,50.00,50.00
Russia,RUS,20200530,3.00,0,2.00,0,2.00,1,4.00,0,1.00,0,3.00,0,2.00,0,4.00,0.00,,2.00,0.00,0.00,2.00,1,3.00,2.00,0.00,0.00,,387623,4374,78.24,78.24,76.19,76.19,77.24,77.24,82.20,82.20,50.00,50.00
Russia,RUS,20200531,3.00,0,2.00,0,2.00,1,4.00,0,1.00,0,3.00,0,2.00,0,4.00,0.00,,2.00,2126299.00,0.00,2.00,1,3.00,2.00,0.00,0.00,,396575,4555,78.24,78.24,76.19,76.19,77.24,77.24,82.20,82.20,50.00,50.00
Russia,RUS,20200601,3.00,0,2.00,0,2.00,1,4.00,0,1.00,0,2.00,0,2.00,0,4.00,0.00,,2.00,0.00,0.00,2.00,1,3.00,2.00,0.00,0.00,,405843,4693,74.54,74.54,75.00,75.00,74.68,74.68,79.17,79.17,50.00,50.00
Russia,RUS,20200602,3.00,0,2.00,0,2.00,1,4.00,0,1.00,0,2.00,0,2.00,0,4.00,0.00,,2.00,0.00,0.00,2.00,1,3.00,2.00,0.00,0.00,,414878,4855,74.54,74.54,75.00,75.00,74.68,74.68,79.17,79.17,50.00,50.00
Russia,RUS,20200603,3.00,0,2.00,0,2.00,1,4.00,0,1.00,0,2.00,0,2.00,0,4.00,0.00,,2.00,0.00,0.00,2.00,1,3.00,2.00,0.00,0.00,,423741,5037,74.54,74.54,75.00,75.00,74.68,74.68,79.17,79.17,50.00,50.00
Russia,RUS,20200604,3.00,0,2.00,0,2.00,1,4.00,0,1.00,0,2.00,0,2.00,0,4.00,0.00,,2.00,0.00,0.00,2.00,1,3.00,2.00,0.00,0.00,,432277,5215,74.54,74.54,75.00,75.00,74.68,74.68,79.17,79.17,50.00,50.00
Russia,RUS,20200605,3.00,0,2.00,0,2.00,1,4.00,0,1.00,0,2.00,0,2.00,0,4.00,0.00,,2.00,0.00,0.00,2.00,1,3.00,2.00,0.00,0.00,,441108,5384,74.54,74.54,75.00,75.00,74.68,74.68,79.17,79.17,50.00,50.00
Russia,RUS,20200606,3.00,0,2.00,0,2.00,1,4.00,0,1.00,0,2.00,0,2.00,0,4.00,0.00,,2.00,0.00,0.00,2.00,1,3.00,2.00,0.00,0.00,,449834,5528,74.54,74.54,75.00,75.00,74.68,74.68,79.17,79.17,50.00,50.00
Russia,RUS,20200607,3.00,0,2.00,0,2.00,1,4.00,0,1.00,0,2.00,0,2.00,0,4.00,0.00,,2.00,0.00,0.00,2.00,1,3.00,2.00,0.00,0.00,,458689,5725,74.54,74.54,75.00,75.00,74.68,74.68,79.17,79.17,50.00,50.00
Russia,RUS,20200608,3.00,0,2.00,0,2.00,1,4.00,0,1.00,0,2.00,0,2.00,0,4.00,0.00,,2.00,0.00,0.00,2.00,1,3.00,2.00,0.00,0.00,,467673,5859,74.54,74.54,75.00,75.00,74.68,74.68,79.17,79.17,50.00,50.00
Russia,RUS,20200609,3.00,0,2.00,0,2.00,1,4.00,0,1.00,0,2.00,0,2.00,0,4.00,0.00,,2.00,0.00,0.00,2.00,1,3.00,2.00,0.00,0.00,,476658,5971,74.54,74.54,75.00,75.00,74.68,74.68,79.17,79.17,50.00,50.00
Russia,RUS,20200610,3.00,0,2.00,0,2.00,1,4.00,0,1.00,0,2.00,0,2.00,0,4.00,0.00,,2.00,0.00,0.00,2.00,1,3.00,2.00,0.00,0.00,,485253,6141,74.54,74.54,75.00,75.00,74.68,74.68,79.17,79.17,50.00,50.00
Russia,RUS,20200611,3.00,0,2.00,0,2.00,1,4.00,0,1.00,0,2.00,0,2.00,0,4.00,0.00,,2.00,0.00,0.00,2.00,1,3.00,2.00,0.00,0.00,,493657,6358,74.54,74.54,75.00,75.00,74.68,74.68,79.17,79.17,50.00,50.00
Russia,RUS,20200612,3.00,0,2.00,0,2.00,1,4.00,0,1.00,0,2.00,0,2.00,0,4.00,0.00,,2.00,0.00,0.00,2.00,1,3.00,2.00,0.00,0.00,,502436,6532,74.54,74.54,75.00,75.00,74.68,74.68,79.17,79.17,50.00,50.00
Russia,RUS,20200613,3.00,0,2.00,0,2.00,1,4.00,0,1.00,0,2.00,0,2.00,0,4.00,0.00,,2.00,0.00,0.00,2.00,1,3.00,2.00,0.00,0.00,,511423,6715,74.54,74.54,75.00,75.00,74.68,74.68,79.17,79.17,50.00,50.00
Russia,RUS,20200614,3.00,0,2.00,0,2.00,1,4.00,0,1.00,0,2.00,0,2.00,0,4.00,0.00,,2.00,0.00,0.00,2.00,1,3.00,2.00,0.00,0.00,,520129,6829,74.54,74.54,75.00,75.00,74.68,74.68,79.17,79.17,50.00,50.00
Russia,RUS,20200615,3.00,0,2.00,0,2.00,1,4.00,0,1.00,0,2.00,0,2.00,0,4.00,0.00,,2.00,0.00,0.00,2.00,1,3.00,2.00,0.00,0.00,,528964,6948,74.54,74.54,75.00,75.00,74.68,74.68,79.17,79.17,50.00,50.00
Russia,RUS,20200616,3.00,0,2.00,0,2.00,1,4.00,0,1.00,0,2.00,0,2.00,0,4.00,0.00,,2.00,0.00,0.00,2.00,1,3.00,2.00,0.00,0.00,,537210,7091,74.54,74.54,75.00,75.00,74.68,74.68,79.17,79.17,50.00,50.00
Russia,RUS,20200617,3.00,0,2.00,0,2.00,1,4.00,0,1.00,0,2.00,0,2.00,0,4.00,0.00,,2.00,0.00,0.00,2.00,1,3.00,2.00,0.00,0.00,,545458,7284,74.54,74.54,75.00,75.00,74.68,74.68,79.17,79.17,50.00,50.00
Russia,RUS,20200618,3.00,0,2.00,0,2.00,1,4.00,0,1.00,0,2.00,0,2.00,0,4.00,0.00,,2.00,0.00,0.00,2.00,1,3.00,2.00,0.00,0.00,,553301,7478,74.54,74.54,75.00,75.00,74.68,74.68,79.17,79.17,50.00,50.00
Russia,RUS,20200619,,,,,,,,,,,,,,,,,,,,,,,,,,,,561091,7790,,74.54,,75.00,,74.68,,79.17,,50.00
Russia,RUS,20200620,,,,,,,,,,,,,,,,,,,,,,,,,,,,569063,7972,,74.54,,75.00,,74.68,,79.17,,50.00
Russia,RUS,20200621,,,,,,,,,,,,,,,,,,,,,,,,,,,,576952,8002,,74.54,,75.00,,74.68,,79.17,,50.00
Russia,RUS,20200622,,,,,,,,,,,,,,,,,,,,,,,,,,,,584680,8111,,74.54,,75.00,,74.68,,79.17,,50.00
Russia,RUS,20200623,,,,,,,,,,,,,,,,,,,,,,,,,,,,592280,8206,,74.54,,75.00,,74.68,,79.17,,50.00
