Rwanda,RWA,20200101,0.00,,0.00,,0.00,,0.00,,0.00,,0.00,,0.00,,0.00,0.00,,0.00,0.00,0.00,0.00,,0.00,0.00,0.00,0.00,,,,0.00,0.00,0.00,0.00,0.00,0.00,0.00,0.00,0.00,0.00
Rwanda,RWA,20200102,0.00,,0.00,,0.00,,0.00,,0.00,,0.00,,0.00,,0.00,0.00,,0.00,0.00,0.00,0.00,,0.00,0.00,0.00,0.00,,,,0.00,0.00,0.00,0.00,0.00,0.00,0.00,0.00,0.00,0.00
Rwanda,RWA,20200103,0.00,,0.00,,0.00,,0.00,,0.00,,0.00,,0.00,,0.00,0.00,,0.00,0.00,0.00,0.00,,0.00,0.00,0.00,0.00,,,,0.00,0.00,0.00,0.00,0.00,0.00,0.00,0.00,0.00,0.00
Rwanda,RWA,20200104,0.00,,0.00,,0.00,,0.00,,0.00,,0.00,,0.00,,0.00,0.00,,0.00,0.00,0.00,0.00,,0.00,0.00,0.00,0.00,,,,0.00,0.00,0.00,0.00,0.00,0.00,0.00,0.00,0.00,0.00
Rwanda,RWA,20200105,0.00,,0.00,,0.00,,0.00,,0.00,,0.00,,0.00,,0.00,0.00,,0.00,0.00,0.00,0.00,,0.00,0.00,0.00,0.00,,,,0.00,0.00,0.00,0.00,0.00,0.00,0.00,0.00,0.00,0.00
Rwanda,RWA,20200106,0.00,,0.00,,0.00,,0.00,,0.00,,0.00,,0.00,,0.00,0.00,,0.00,0.00,0.00,0.00,,0.00,0.00,0.00,0.00,,,,0.00,0.00,0.00,0.00,0.00,0.00,0.00,0.00,0.00,0.00
Rwanda,RWA,20200107,0.00,,0.00,,0.00,,0.00,,0.00,,0.00,,0.00,,0.00,0.00,,0.00,0.00,0.00,0.00,,0.00,0.00,0.00,0.00,,,,0.00,0.00,0.00,0.00,0.00,0.00,0.00,0.00,0.00,0.00
Rwanda,RWA,20200108,0.00,,0.00,,0.00,,0.00,,0.00,,0.00,,0.00,,0.00,0.00,,0.00,0.00,0.00,0.00,,0.00,0.00,0.00,0.00,,,,0.00,0.00,0.00,0.00,0.00,0.00,0.00,0.00,0.00,0.00
Rwanda,RWA,20200109,0.00,,0.00,,0.00,,0.00,,0.00,,0.00,,0.00,,0.00,0.00,,0.00,0.00,0.00,0.00,,0.00,0.00,0.00,0.00,,,,0.00,0.00,0.00,0.00,0.00,0.00,0.00,0.00,0.00,0.00
Rwanda,RWA,20200110,0.00,,0.00,,0.00,,0.00,,0.00,,0.00,,0.00,,0.00,0.00,,0.00,0.00,0.00,0.00,,0.00,0.00,0.00,0.00,,,,0.00,0.00,0.00,0.00,0.00,0.00,0.00,0.00,0.00,0.00
Rwanda,RWA,20200111,0.00,,0.00,,0.00,,0.00,,0.00,,0.00,,0.00,,0.00,0.00,,0.00,0.00,0.00,0.00,,0.00,0.00,0.00,0.00,,,,0.00,0.00,0.00,0.00,0.00,0.00,0.00,0.00,0.00,0.00
Rwanda,RWA,20200112,0.00,,0.00,,0.00,,0.00,,0.00,,0.00,,0.00,,0.00,0.00,,0.00,0.00,0.00,0.00,,0.00,0.00,0.00,0.00,,,,0.00,0.00,0.00,0.00,0.00,0.00,0.00,0.00,0.00,0.00
Rwanda,RWA,20200113,0.00,,0.00,,0.00,,0.00,,0.00,,0.00,,0.00,,0.00,0.00,,0.00,0.00,0.00,0.00,,0.00,0.00,0.00,0.00,,,,0.00,0.00,0.00,0.00,0.00,0.00,0.00,0.00,0.00,0.00
Rwanda,RWA,20200114,0.00,,0.00,,0.00,,0.00,,0.00,,0.00,,0.00,,0.00,0.00,,0.00,0.00,0.00,0.00,,0.00,0.00,0.00,0.00,,,,0.00,0.00,0.00,0.00,0.00,0.00,0.00,0.00,0.00,0.00
Rwanda,RWA,20200115,0.00,,0.00,,0.00,,0.00,,0.00,,0.00,,0.00,,0.00,0.00,,0.00,0.00,0.00,0.00,,0.00,0.00,0.00,0.00,,,,0.00,0.00,0.00,0.00,0.00,0.00,0.00,0.00,0.00,0.00
Rwanda,RWA,20200116,0.00,,0.00,,0.00,,0.00,,0.00,,0.00,,0.00,,0.00,0.00,,0.00,0.00,0.00,0.00,,0.00,0.00,0.00,0.00,,,,0.00,0.00,0.00,0.00,0.00,0.00,0.00,0.00,0.00,0.00
Rwanda,RWA,20200117,0.00,,0.00,,0.00,,0.00,,0.00,,0.00,,0.00,,0.00,0.00,,0.00,0.00,0.00,0.00,,0.00,0.00,0.00,0.00,,,,0.00,0.00,0.00,0.00,0.00,0.00,0.00,0.00,0.00,0.00
Rwanda,RWA,20200118,0.00,,0.00,,0.00,,0.00,,0.00,,0.00,,0.00,,0.00,0.00,,0.00,0.00,0.00,0.00,,0.00,0.00,0.00,0.00,,,,0.00,0.00,0.00,0.00,0.00,0.00,0.00,0.00,0.00,0.00
Rwanda,RWA,20200119,0.00,,0.00,,0.00,,0.00,,0.00,,0.00,,0.00,,0.00,0.00,,0.00,0.00,0.00,0.00,,0.00,0.00,0.00,0.00,,,,0.00,0.00,0.00,0.00,0.00,0.00,0.00,0.00,0.00,0.00
Rwanda,RWA,20200120,0.00,,0.00,,0.00,,0.00,,0.00,,0.00,,0.00,,0.00,0.00,,0.00,0.00,0.00,0.00,,0.00,0.00,0.00,0.00,,,,0.00,0.00,0.00,0.00,0.00,0.00,0.00,0.00,0.00,0.00
Rwanda,RWA,20200121,0.00,,0.00,,0.00,,0.00,,0.00,,0.00,,0.00,,0.00,0.00,,0.00,0.00,0.00,2.00,1,0.00,0.00,0.00,0.00,,,,11.11,11.11,14.29,14.29,7.69,7.69,9.09,9.09,0.00,0.00
Rwanda,RWA,20200122,0.00,,0.00,,0.00,,0.00,,0.00,,0.00,,0.00,,0.00,0.00,,0.00,0.00,0.00,2.00,1,0.00,0.00,0.00,0.00,,,,11.11,11.11,14.29,14.29,7.69,7.69,9.09,9.09,0.00,0.00
Rwanda,RWA,20200123,0.00,,0.00,,0.00,,0.00,,0.00,,0.00,,0.00,,0.00,0.00,,0.00,0.00,0.00,2.00,1,0.00,0.00,0.00,0.00,,,,11.11,11.11,14.29,14.29,7.69,7.69,9.09,9.09,0.00,0.00
Rwanda,RWA,20200124,0.00,,0.00,,0.00,,0.00,,0.00,,0.00,,0.00,,0.00,0.00,,0.00,0.00,0.00,2.00,1,0.00,0.00,0.00,0.00,,,,11.11,11.11,14.29,14.29,7.69,7.69,9.09,9.09,0.00,0.00
Rwanda,RWA,20200125,0.00,,0.00,,0.00,,0.00,,0.00,,0.00,,0.00,,0.00,0.00,,0.00,0.00,0.00,2.00,1,0.00,0.00,0.00,0.00,,,,11.11,11.11,14.29,14.29,7.69,7.69,9.09,9.09,0.00,0.00
Rwanda,RWA,20200126,0.00,,0.00,,0.00,,0.00,,0.00,,0.00,,0.00,,0.00,0.00,,0.00,0.00,0.00,2.00,1,0.00,0.00,0.00,0.00,,,,11.11,11.11,14.29,14.29,7.69,7.69,9.09,9.09,0.00,0.00
Rwanda,RWA,20200127,0.00,,0.00,,0.00,,0.00,,0.00,,0.00,,0.00,,1.00,0.00,,0.00,0.00,0.00,2.00,1,0.00,0.00,0.00,0.00,,,,13.89,13.89,17.86,17.86,9.62,9.62,11.36,11.36,0.00,0.00
Rwanda,RWA,20200128,0.00,,0.00,,0.00,,0.00,,0.00,,0.00,,0.00,,1.00,0.00,,0.00,0.00,0.00,2.00,1,0.00,0.00,0.00,0.00,,,,13.89,13.89,17.86,17.86,9.62,9.62,11.36,11.36,0.00,0.00
Rwanda,RWA,20200129,0.00,,0.00,,0.00,,0.00,,0.00,,0.00,,0.00,,1.00,0.00,,0.00,0.00,0.00,2.00,1,0.00,0.00,0.00,0.00,,,,13.89,13.89,17.86,17.86,9.62,9.62,11.36,11.36,0.00,0.00
Rwanda,RWA,20200130,0.00,,0.00,,0.00,,0.00,,0.00,,0.00,,0.00,,1.00,0.00,,0.00,0.00,0.00,2.00,1,0.00,0.00,0.00,0.00,,,,13.89,13.89,17.86,17.86,9.62,9.62,11.36,11.36,0.00,0.00
Rwanda,RWA,20200131,0.00,,0.00,,0.00,,0.00,,0.00,,0.00,,0.00,,1.00,0.00,,0.00,0.00,0.00,2.00,1,0.00,0.00,0.00,0.00,,,,13.89,13.89,17.86,17.86,9.62,9.62,11.36,11.36,0.00,0.00
Rwanda,RWA,20200201,0.00,,0.00,,0.00,,0.00,,0.00,,0.00,,0.00,,1.00,0.00,,0.00,0.00,0.00,2.00,1,0.00,0.00,0.00,0.00,,,,13.89,13.89,17.86,17.86,9.62,9.62,11.36,11.36,0.00,0.00
Rwanda,RWA,20200202,0.00,,0.00,,0.00,,0.00,,0.00,,0.00,,0.00,,1.00,0.00,,0.00,0.00,0.00,2.00,1,0.00,0.00,0.00,0.00,,,,13.89,13.89,17.86,17.86,9.62,9.62,11.36,11.36,0.00,0.00
Rwanda,RWA,20200203,0.00,,0.00,,0.00,,0.00,,0.00,,0.00,,0.00,,1.00,0.00,,0.00,0.00,0.00,2.00,1,0.00,0.00,0.00,0.00,,,,13.89,13.89,17.86,17.86,9.62,9.62,11.36,11.36,0.00,0.00
Rwanda,RWA,20200204,0.00,,0.00,,0.00,,0.00,,0.00,,0.00,,0.00,,1.00,0.00,,0.00,0.00,0.00,2.00,1,0.00,0.00,0.00,0.00,,,,13.89,13.89,17.86,17.86,9.62,9.62,11.36,11.36,0.00,0.00
Rwanda,RWA,20200205,0.00,,0.00,,0.00,,0.00,,0.00,,0.00,,0.00,,1.00,0.00,,0.00,0.00,0.00,2.00,1,0.00,0.00,0.00,0.00,,,,13.89,13.89,17.86,17.86,9.62,9.62,11.36,11.36,0.00,0.00
Rwanda,RWA,20200206,0.00,,0.00,,0.00,,0.00,,0.00,,0.00,,0.00,,1.00,0.00,,0.00,0.00,0.00,2.00,1,0.00,0.00,0.00,0.00,,,,13.89,13.89,17.86,17.86,9.62,9.62,11.36,11.36,0.00,0.00
Rwanda,RWA,20200207,0.00,,0.00,,0.00,,0.00,,0.00,,0.00,,0.00,,1.00,0.00,,0.00,0.00,0.00,2.00,1,0.00,0.00,0.00,0.00,,,,13.89,13.89,17.86,17.86,9.62,9.62,11.36,11.36,0.00,0.00
Rwanda,RWA,20200208,0.00,,0.00,,0.00,,0.00,,0.00,,0.00,,0.00,,1.00,0.00,,0.00,0.00,0.00,2.00,1,0.00,0.00,0.00,0.00,,,,13.89,13.89,17.86,17.86,9.62,9.62,11.36,11.36,0.00,0.00
Rwanda,RWA,20200209,0.00,,0.00,,0.00,,0.00,,0.00,,0.00,,0.00,,1.00,0.00,,0.00,0.00,0.00,2.00,1,0.00,0.00,0.00,0.00,,,,13.89,13.89,17.86,17.86,9.62,9.62,11.36,11.36,0.00,0.00
Rwanda,RWA,20200210,0.00,,0.00,,0.00,,0.00,,0.00,,0.00,,0.00,,1.00,0.00,,0.00,0.00,0.00,2.00,1,0.00,0.00,0.00,0.00,,,,13.89,13.89,17.86,17.86,9.62,9.62,11.36,11.36,0.00,0.00
Rwanda,RWA,20200211,0.00,,0.00,,0.00,,0.00,,0.00,,0.00,,0.00,,1.00,0.00,,0.00,0.00,0.00,2.00,1,2.00,0.00,0.00,0.00,,,,13.89,13.89,17.86,17.86,14.74,14.74,17.42,17.42,0.00,0.00
Rwanda,RWA,20200212,0.00,,0.00,,0.00,,0.00,,0.00,,0.00,,0.00,,1.00,0.00,,0.00,0.00,0.00,2.00,1,2.00,0.00,0.00,0.00,,,,13.89,13.89,17.86,17.86,14.74,14.74,17.42,17.42,0.00,0.00
Rwanda,RWA,20200213,0.00,,0.00,,0.00,,0.00,,0.00,,0.00,,0.00,,1.00,0.00,,0.00,0.00,0.00,2.00,1,2.00,0.00,0.00,0.00,,,,13.89,13.89,17.86,17.86,14.74,14.74,17.42,17.42,0.00,0.00
Rwanda,RWA,20200214,0.00,,0.00,,0.00,,0.00,,0.00,,0.00,,0.00,,1.00,0.00,,0.00,0.00,0.00,2.00,1,2.00,0.00,0.00,0.00,,,,13.89,13.89,17.86,17.86,14.74,14.74,17.42,17.42,0.00,0.00
Rwanda,RWA,20200215,0.00,,0.00,,0.00,,0.00,,0.00,,0.00,,0.00,,1.00,0.00,,0.00,0.00,0.00,2.00,1,2.00,0.00,0.00,0.00,,,,13.89,13.89,17.86,17.86,14.74,14.74,17.42,17.42,0.00,0.00
Rwanda,RWA,20200216,0.00,,0.00,,0.00,,0.00,,0.00,,0.00,,0.00,,1.00,0.00,,0.00,0.00,0.00,2.00,1,2.00,0.00,0.00,0.00,,,,13.89,13.89,17.86,17.86,14.74,14.74,17.42,17.42,0.00,0.00
Rwanda,RWA,20200217,0.00,,0.00,,0.00,,0.00,,0.00,,0.00,,0.00,,1.00,0.00,,0.00,0.00,0.00,2.00,1,2.00,0.00,0.00,0.00,,,,13.89,13.89,17.86,17.86,14.74,14.74,17.42,17.42,0.00,0.00
Rwanda,RWA,20200218,0.00,,0.00,,0.00,,0.00,,0.00,,0.00,,0.00,,1.00,0.00,,0.00,0.00,0.00,2.00,1,2.00,0.00,0.00,0.00,,,,13.89,13.89,17.86,17.86,14.74,14.74,17.42,17.42,0.00,0.00
Rwanda,RWA,20200219,0.00,,0.00,,0.00,,0.00,,0.00,,0.00,,0.00,,1.00,0.00,,0.00,0.00,0.00,2.00,1,2.00,0.00,0.00,0.00,,,,13.89,13.89,17.86,17.86,14.74,14.74,17.42,17.42,0.00,0.00
Rwanda,RWA,20200220,0.00,,0.00,,0.00,,0.00,,0.00,,0.00,,0.00,,1.00,0.00,,0.00,0.00,0.00,2.00,1,2.00,0.00,0.00,0.00,,,,13.89,13.89,17.86,17.86,14.74,14.74,17.42,17.42,0.00,0.00
Rwanda,RWA,20200221,0.00,,0.00,,0.00,,0.00,,0.00,,0.00,,0.00,,1.00,0.00,,0.00,0.00,0.00,2.00,1,2.00,0.00,0.00,0.00,,,,13.89,13.89,17.86,17.86,14.74,14.74,17.42,17.42,0.00,0.00
Rwanda,RWA,20200222,0.00,,0.00,,0.00,,0.00,,0.00,,0.00,,0.00,,1.00,0.00,,0.00,0.00,0.00,2.00,1,2.00,0.00,0.00,0.00,,,,13.89,13.89,17.86,17.86,14.74,14.74,17.42,17.42,0.00,0.00
Rwanda,RWA,20200223,0.00,,0.00,,0.00,,0.00,,0.00,,0.00,,0.00,,1.00,0.00,,0.00,0.00,0.00,2.00,1,2.00,0.00,0.00,0.00,,,,13.89,13.89,17.86,17.86,14.74,14.74,17.42,17.42,0.00,0.00
Rwanda,RWA,20200224,0.00,,0.00,,0.00,,0.00,,0.00,,0.00,,0.00,,1.00,0.00,,0.00,0.00,0.00,2.00,1,2.00,0.00,0.00,0.00,,,,13.89,13.89,17.86,17.86,14.74,14.74,17.42,17.42,0.00,0.00
Rwanda,RWA,20200225,0.00,,0.00,,0.00,,0.00,,0.00,,0.00,,0.00,,1.00,0.00,,0.00,0.00,0.00,2.00,1,2.00,0.00,0.00,0.00,,,,13.89,13.89,17.86,17.86,14.74,14.74,17.42,17.42,0.00,0.00
Rwanda,RWA,20200226,0.00,,0.00,,0.00,,0.00,,0.00,,0.00,,0.00,,1.00,0.00,,0.00,0.00,0.00,2.00,1,2.00,0.00,0.00,0.00,,,,13.89,13.89,17.86,17.86,14.74,14.74,17.42,17.42,0.00,0.00
Rwanda,RWA,20200227,0.00,,0.00,,0.00,,0.00,,0.00,,0.00,,0.00,,1.00,0.00,,0.00,0.00,0.00,2.00,1,2.00,0.00,0.00,0.00,,,,13.89,13.89,17.86,17.86,14.74,14.74,17.42,17.42,0.00,0.00
Rwanda,RWA,20200228,0.00,,0.00,,0.00,,0.00,,0.00,,0.00,,0.00,,1.00,0.00,,0.00,0.00,0.00,2.00,1,2.00,0.00,0.00,0.00,,,,13.89,13.89,17.86,17.86,14.74,14.74,17.42,17.42,0.00,0.00
Rwanda,RWA,20200229,0.00,,0.00,,0.00,,0.00,,0.00,,0.00,,0.00,,1.00,0.00,,0.00,0.00,0.00,2.00,1,2.00,0.00,0.00,0.00,,,,13.89,13.89,17.86,17.86,14.74,14.74,17.42,17.42,0.00,0.00
Rwanda,RWA,20200301,0.00,,0.00,,0.00,,0.00,,0.00,,0.00,,0.00,,1.00,0.00,,0.00,0.00,0.00,2.00,1,2.00,0.00,0.00,0.00,,,,13.89,13.89,17.86,17.86,14.74,14.74,17.42,17.42,0.00,0.00
Rwanda,RWA,20200302,0.00,,0.00,,0.00,,0.00,,0.00,,0.00,,0.00,,1.00,0.00,,0.00,0.00,0.00,2.00,1,2.00,0.00,0.00,0.00,,,,13.89,13.89,17.86,17.86,14.74,14.74,17.42,17.42,0.00,0.00
Rwanda,RWA,20200303,0.00,,0.00,,0.00,,0.00,,0.00,,0.00,,0.00,,1.00,0.00,,0.00,0.00,0.00,2.00,1,2.00,0.00,0.00,0.00,,,,13.89,13.89,17.86,17.86,14.74,14.74,17.42,17.42,0.00,0.00
Rwanda,RWA,20200304,0.00,,0.00,,0.00,,0.00,,0.00,,0.00,,0.00,,1.00,0.00,,0.00,0.00,0.00,2.00,1,2.00,0.00,0.00,0.00,,,,13.89,13.89,17.86,17.86,14.74,14.74,17.42,17.42,0.00,0.00
Rwanda,RWA,20200305,0.00,,0.00,,0.00,,0.00,,0.00,,0.00,,0.00,,1.00,0.00,,0.00,0.00,0.00,2.00,1,2.00,0.00,0.00,0.00,,,,13.89,13.89,17.86,17.86,14.74,14.74,17.42,17.42,0.00,0.00
Rwanda,RWA,20200306,0.00,,0.00,,0.00,,0.00,,0.00,,0.00,,0.00,,1.00,0.00,,0.00,0.00,0.00,2.00,1,2.00,0.00,0.00,0.00,,,,13.89,13.89,17.86,17.86,14.74,14.74,17.42,17.42,0.00,0.00
Rwanda,RWA,20200307,0.00,,0.00,,0.00,,0.00,,0.00,,0.00,,0.00,,1.00,0.00,,0.00,0.00,0.00,2.00,1,2.00,0.00,0.00,0.00,,,,13.89,13.89,17.86,17.86,14.74,14.74,17.42,17.42,0.00,0.00
Rwanda,RWA,20200308,0.00,,0.00,,2.00,0,2.00,0,0.00,,0.00,,0.00,,1.00,0.00,,0.00,0.00,0.00,2.00,1,2.00,2.00,0.00,0.00,,,,26.39,26.39,27.38,27.38,31.09,31.09,36.74,36.74,0.00,0.00
Rwanda,RWA,20200309,0.00,,0.00,,2.00,0,2.00,0,0.00,,0.00,,0.00,,1.00,0.00,,0.00,0.00,0.00,2.00,1,2.00,2.00,0.00,0.00,,,,26.39,26.39,27.38,27.38,31.09,31.09,36.74,36.74,0.00,0.00
Rwanda,RWA,20200310,0.00,,0.00,,2.00,0,2.00,0,0.00,,0.00,,0.00,,1.00,0.00,,0.00,0.00,0.00,2.00,1,2.00,2.00,16453484.00,0.00,,,,26.39,26.39,27.38,27.38,31.09,31.09,36.74,36.74,0.00,0.00
Rwanda,RWA,20200311,0.00,,0.00,,2.00,0,2.00,0,0.00,,0.00,,0.00,,1.00,0.00,,0.00,0.00,0.00,2.00,1,2.00,2.00,0.00,0.00,,,,26.39,26.39,27.38,27.38,31.09,31.09,36.74,36.74,0.00,0.00
Rwanda,RWA,20200312,0.00,,0.00,,2.00,0,2.00,0,0.00,,0.00,,0.00,,1.00,0.00,,0.00,0.00,0.00,2.00,1,2.00,2.00,0.00,0.00,,,,26.39,26.39,27.38,27.38,31.09,31.09,36.74,36.74,0.00,0.00
Rwanda,RWA,20200313,0.00,,0.00,,2.00,0,2.00,0,0.00,,0.00,,0.00,,1.00,0.00,,0.00,0.00,0.00,2.00,1,2.00,2.00,0.00,0.00,,,,26.39,26.39,27.38,27.38,31.09,31.09,36.74,36.74,0.00,0.00
Rwanda,RWA,20200314,0.00,,1.00,1,2.00,0,2.00,0,0.00,,0.00,,0.00,,1.00,0.00,,0.00,0.00,0.00,2.00,1,2.00,2.00,0.00,0.00,,,,30.09,30.09,34.52,34.52,33.65,33.65,39.77,39.77,0.00,0.00
Rwanda,RWA,20200315,0.00,,1.00,1,2.00,0,2.00,0,0.00,,0.00,,0.00,,1.00,0.00,,0.00,0.00,0.00,2.00,1,2.00,2.00,0.00,0.00,,1,0,30.09,30.09,34.52,34.52,33.65,33.65,39.77,39.77,0.00,0.00
Rwanda,RWA,20200316,3.00,1,1.00,1,2.00,0,2.00,0,0.00,,0.00,,0.00,,1.00,0.00,,0.00,0.00,0.00,2.00,1,2.00,2.00,0.00,0.00,,5,0,41.20,41.20,48.81,48.81,41.35,41.35,48.86,48.86,0.00,0.00
Rwanda,RWA,20200317,3.00,1,1.00,1,2.00,0,2.00,0,0.00,,0.00,,0.00,,1.00,0.00,,0.00,0.00,0.00,2.00,1,2.00,2.00,0.00,0.00,,5,0,41.20,41.20,48.81,48.81,41.35,41.35,48.86,48.86,0.00,0.00
Rwanda,RWA,20200318,3.00,1,1.00,1,2.00,0,2.00,0,0.00,,0.00,,0.00,,1.00,0.00,,1.00,0.00,0.00,2.00,1,2.00,2.00,0.00,0.00,,7,0,41.20,41.20,48.81,48.81,45.19,45.19,48.86,48.86,25.00,25.00
Rwanda,RWA,20200319,3.00,1,1.00,1,2.00,0,2.00,0,0.00,,0.00,,0.00,,1.00,0.00,,1.00,0.00,0.00,2.00,1,2.00,2.00,0.00,0.00,,11,0,41.20,41.20,48.81,48.81,45.19,45.19,48.86,48.86,25.00,25.00
Rwanda,RWA,20200320,3.00,1,1.00,1,2.00,0,2.00,1,0.00,,0.00,,0.00,,1.00,0.00,,1.00,0.00,0.00,2.00,1,2.00,2.00,0.00,0.00,,11,0,42.59,42.59,48.81,48.81,46.15,46.15,50.00,50.00,25.00,25.00
Rwanda,RWA,20200321,3.00,1,3.00,1,2.00,1,2.00,1,2.00,1,2.00,1,2.00,1,4.00,0.00,,1.00,0.00,0.00,2.00,1,3.00,2.00,0.00,0.00,,17,0,90.74,90.74,100.00,100.00,82.05,82.05,92.42,92.42,25.00,25.00
Rwanda,RWA,20200322,3.00,1,3.00,1,2.00,1,2.00,1,2.00,1,2.00,1,2.00,1,4.00,0.00,,1.00,0.00,0.00,2.00,1,3.00,2.00,0.00,0.00,,17,0,90.74,90.74,100.00,100.00,82.05,82.05,92.42,92.42,25.00,25.00
Rwanda,RWA,20200323,3.00,1,3.00,1,2.00,1,2.00,1,2.00,1,2.00,1,2.00,1,4.00,0.00,,1.00,52972000.00,0.00,2.00,1,3.00,2.00,0.00,0.00,,19,0,90.74,90.74,100.00,100.00,82.05,82.05,92.42,92.42,25.00,25.00
Rwanda,RWA,20200324,3.00,1,3.00,1,2.00,1,2.00,1,2.00,1,2.00,1,2.00,1,4.00,0.00,,1.00,0.00,0.00,2.00,1,3.00,2.00,0.00,0.00,,36,0,90.74,90.74,100.00,100.00,82.05,82.05,92.42,92.42,25.00,25.00
Rwanda,RWA,20200325,3.00,1,3.00,1,2.00,1,2.00,1,2.00,1,2.00,1,2.00,1,4.00,0.00,,1.00,0.00,0.00,2.00,1,3.00,2.00,0.00,0.00,,40,0,90.74,90.74,100.00,100.00,82.05,82.05,92.42,92.42,25.00,25.00
Rwanda,RWA,20200326,3.00,1,3.00,1,2.00,1,2.00,1,2.00,1,2.00,1,2.00,1,4.00,0.00,,1.00,0.00,0.00,2.00,1,3.00,2.00,0.00,0.00,,41,0,90.74,90.74,100.00,100.00,82.05,82.05,92.42,92.42,25.00,25.00
Rwanda,RWA,20200327,3.00,1,3.00,1,2.00,1,2.00,1,2.00,1,2.00,1,2.00,1,4.00,0.00,,1.00,0.00,0.00,2.00,1,3.00,2.00,0.00,0.00,,50,0,90.74,90.74,100.00,100.00,82.05,82.05,92.42,92.42,25.00,25.00
Rwanda,RWA,20200328,3.00,1,3.00,1,2.00,1,2.00,1,2.00,1,2.00,1,2.00,1,4.00,0.00,,1.00,0.00,0.00,2.00,1,3.00,2.00,0.00,0.00,,54,0,90.74,90.74,100.00,100.00,82.05,82.05,92.42,92.42,25.00,25.00
Rwanda,RWA,20200329,3.00,1,3.00,1,2.00,1,2.00,1,2.00,1,2.00,1,2.00,1,4.00,0.00,,1.00,0.00,0.00,2.00,1,3.00,2.00,0.00,0.00,,60,0,90.74,90.74,100.00,100.00,82.05,82.05,92.42,92.42,25.00,25.00
Rwanda,RWA,20200330,3.00,1,3.00,1,2.00,1,2.00,1,2.00,1,2.00,1,2.00,1,4.00,0.00,,1.00,0.00,0.00,2.00,1,3.00,2.00,0.00,0.00,,70,0,90.74,90.74,100.00,100.00,82.05,82.05,92.42,92.42,25.00,25.00
Rwanda,RWA,20200331,3.00,1,3.00,1,2.00,1,2.00,1,2.00,1,2.00,1,2.00,1,4.00,0.00,,1.00,0.00,0.00,2.00,1,3.00,2.00,0.00,0.00,,70,0,90.74,90.74,100.00,100.00,82.05,82.05,92.42,92.42,25.00,25.00
Rwanda,RWA,20200401,3.00,1,3.00,1,2.00,1,2.00,1,2.00,1,2.00,1,2.00,1,4.00,0.00,,1.00,109400000.00,0.00,2.00,1,3.00,2.00,0.00,0.00,,75,0,90.74,90.74,100.00,100.00,82.05,82.05,92.42,92.42,25.00,25.00
Rwanda,RWA,20200402,3.00,1,3.00,1,2.00,1,2.00,1,2.00,1,2.00,1,2.00,1,4.00,0.00,,1.00,0.00,0.00,2.00,1,3.00,2.00,0.00,0.00,,82,0,90.74,90.74,100.00,100.00,82.05,82.05,92.42,92.42,25.00,25.00
Rwanda,RWA,20200403,3.00,1,3.00,1,2.00,1,2.00,1,2.00,1,2.00,1,2.00,1,4.00,0.00,,1.00,0.00,0.00,2.00,1,3.00,2.00,0.00,0.00,,82,0,90.74,90.74,100.00,100.00,82.05,82.05,92.42,92.42,25.00,25.00
Rwanda,RWA,20200404,3.00,1,3.00,1,2.00,1,2.00,1,2.00,1,2.00,1,2.00,1,4.00,0.00,,1.00,0.00,0.00,2.00,1,3.00,2.00,0.00,0.00,,89,0,90.74,90.74,100.00,100.00,82.05,82.05,92.42,92.42,25.00,25.00
Rwanda,RWA,20200405,3.00,1,3.00,1,2.00,1,2.00,1,2.00,1,2.00,1,2.00,1,4.00,0.00,,1.00,0.00,0.00,2.00,1,3.00,2.00,0.00,0.00,,102,0,90.74,90.74,100.00,100.00,82.05,82.05,92.42,92.42,25.00,25.00
Rwanda,RWA,20200406,3.00,1,3.00,1,2.00,1,2.00,1,2.00,1,2.00,1,2.00,1,4.00,0.00,,1.00,0.00,0.00,2.00,1,3.00,2.00,0.00,0.00,,104,0,90.74,90.74,100.00,100.00,82.05,82.05,92.42,92.42,25.00,25.00
Rwanda,RWA,20200407,3.00,1,3.00,1,2.00,1,2.00,1,2.00,1,2.00,1,2.00,1,4.00,0.00,,1.00,0.00,0.00,2.00,1,3.00,2.00,0.00,0.00,,105,0,90.74,90.74,100.00,100.00,82.05,82.05,92.42,92.42,25.00,25.00
Rwanda,RWA,20200408,3.00,1,3.00,1,2.00,1,2.00,1,2.00,1,2.00,1,2.00,1,4.00,0.00,,1.00,0.00,0.00,2.00,1,3.00,2.00,0.00,0.00,,105,0,90.74,90.74,100.00,100.00,82.05,82.05,92.42,92.42,25.00,25.00
Rwanda,RWA,20200409,3.00,1,3.00,1,2.00,1,2.00,1,2.00,1,2.00,1,2.00,1,4.00,0.00,,1.00,0.00,0.00,2.00,1,3.00,2.00,0.00,0.00,,110,0,90.74,90.74,100.00,100.00,82.05,82.05,92.42,92.42,25.00,25.00
Rwanda,RWA,20200410,3.00,1,3.00,1,2.00,1,2.00,1,2.00,1,2.00,1,2.00,1,4.00,0.00,,1.00,0.00,0.00,2.00,1,3.00,2.00,0.00,0.00,,113,0,90.74,90.74,100.00,100.00,82.05,82.05,92.42,92.42,25.00,25.00
Rwanda,RWA,20200411,3.00,1,3.00,1,2.00,1,2.00,1,2.00,1,2.00,1,2.00,1,4.00,0.00,,1.00,0.00,0.00,2.00,1,3.00,2.00,0.00,0.00,,118,0,90.74,90.74,100.00,100.00,82.05,82.05,92.42,92.42,25.00,25.00
Rwanda,RWA,20200412,3.00,1,3.00,1,2.00,1,2.00,1,2.00,1,2.00,1,2.00,1,4.00,0.00,,1.00,0.00,0.00,2.00,1,3.00,2.00,0.00,0.00,,120,0,90.74,90.74,100.00,100.00,82.05,82.05,92.42,92.42,25.00,25.00
Rwanda,RWA,20200413,3.00,1,3.00,1,2.00,1,2.00,1,2.00,1,2.00,1,2.00,1,4.00,0.00,,1.00,0.00,0.00,2.00,1,3.00,2.00,0.00,0.00,,126,0,90.74,90.74,100.00,100.00,82.05,82.05,92.42,92.42,25.00,25.00
Rwanda,RWA,20200414,3.00,1,3.00,1,2.00,1,2.00,1,2.00,1,2.00,1,2.00,1,4.00,0.00,,1.00,0.00,0.00,2.00,1,3.00,2.00,0.00,0.00,,127,0,90.74,90.74,100.00,100.00,82.05,82.05,92.42,92.42,25.00,25.00
Rwanda,RWA,20200415,3.00,1,3.00,1,2.00,1,2.00,1,2.00,1,2.00,1,2.00,1,4.00,0.00,,1.00,0.00,0.00,2.00,1,3.00,2.00,0.00,0.00,,134,0,90.74,90.74,100.00,100.00,82.05,82.05,92.42,92.42,25.00,25.00
Rwanda,RWA,20200416,3.00,1,3.00,1,2.00,1,2.00,1,2.00,1,2.00,1,2.00,1,4.00,0.00,,1.00,0.00,0.00,2.00,1,3.00,2.00,0.00,0.00,,136,0,90.74,90.74,100.00,100.00,82.05,82.05,92.42,92.42,25.00,25.00
Rwanda,RWA,20200417,3.00,1,3.00,1,2.00,1,2.00,1,2.00,1,2.00,1,2.00,1,4.00,0.00,,1.00,0.00,0.00,2.00,1,3.00,2.00,0.00,0.00,,138,0,90.74,90.74,100.00,100.00,82.05,82.05,92.42,92.42,25.00,25.00
Rwanda,RWA,20200418,3.00,1,3.00,1,2.00,1,2.00,1,2.00,1,2.00,1,2.00,1,4.00,0.00,,1.00,0.00,0.00,2.00,1,3.00,2.00,0.00,0.00,,143,0,90.74,90.74,100.00,100.00,82.05,82.05,92.42,92.42,25.00,25.00
Rwanda,RWA,20200419,3.00,1,3.00,1,2.00,1,2.00,1,2.00,1,2.00,1,2.00,1,4.00,0.00,,1.00,0.00,0.00,2.00,1,3.00,2.00,0.00,0.00,,144,0,90.74,90.74,100.00,100.00,82.05,82.05,92.42,92.42,25.00,25.00
Rwanda,RWA,20200420,3.00,1,3.00,1,2.00,1,2.00,1,2.00,1,2.00,1,2.00,1,4.00,0.00,,1.00,0.00,0.00,2.00,1,3.00,2.00,0.00,0.00,,147,0,90.74,90.74,100.00,100.00,82.05,82.05,92.42,92.42,25.00,25.00
Rwanda,RWA,20200421,3.00,1,3.00,1,2.00,1,2.00,1,2.00,1,2.00,1,2.00,1,4.00,0.00,,1.00,0.00,0.00,2.00,1,3.00,2.00,0.00,0.00,,147,0,90.74,90.74,100.00,100.00,82.05,82.05,92.42,92.42,25.00,25.00
Rwanda,RWA,20200422,3.00,1,3.00,1,2.00,1,2.00,1,2.00,1,2.00,1,2.00,1,4.00,0.00,,1.00,0.00,0.00,2.00,1,3.00,2.00,0.00,0.00,,150,0,90.74,90.74,100.00,100.00,82.05,82.05,92.42,92.42,25.00,25.00
Rwanda,RWA,20200423,3.00,1,3.00,1,2.00,1,2.00,1,2.00,1,2.00,1,2.00,1,4.00,0.00,,1.00,0.00,0.00,2.00,1,3.00,2.00,0.00,0.00,,153,0,90.74,90.74,100.00,100.00,82.05,82.05,92.42,92.42,25.00,25.00
Rwanda,RWA,20200424,3.00,1,3.00,1,2.00,1,2.00,1,2.00,1,2.00,1,2.00,1,4.00,0.00,,1.00,0.00,0.00,2.00,1,3.00,2.00,0.00,0.00,,154,0,90.74,90.74,100.00,100.00,82.05,82.05,92.42,92.42,25.00,25.00
Rwanda,RWA,20200425,3.00,1,3.00,1,2.00,1,2.00,1,2.00,1,2.00,1,2.00,1,4.00,0.00,,1.00,0.00,0.00,2.00,1,3.00,2.00,0.00,0.00,,176,0,90.74,90.74,100.00,100.00,82.05,82.05,92.42,92.42,25.00,25.00
Rwanda,RWA,20200426,3.00,1,3.00,1,2.00,1,2.00,1,2.00,1,2.00,1,2.00,1,4.00,0.00,,1.00,0.00,0.00,2.00,1,3.00,2.00,0.00,0.00,,183,0,90.74,90.74,100.00,100.00,82.05,82.05,92.42,92.42,25.00,25.00
Rwanda,RWA,20200427,3.00,1,3.00,1,2.00,1,2.00,1,2.00,1,2.00,1,2.00,1,4.00,0.00,,1.00,0.00,0.00,2.00,1,3.00,2.00,0.00,0.00,,191,0,90.74,90.74,100.00,100.00,82.05,82.05,92.42,92.42,25.00,25.00
Rwanda,RWA,20200428,3.00,1,3.00,1,2.00,1,2.00,1,2.00,1,2.00,1,2.00,1,4.00,0.00,,1.00,0.00,0.00,2.00,1,3.00,2.00,0.00,0.00,,207,0,90.74,90.74,100.00,100.00,82.05,82.05,92.42,92.42,25.00,25.00
Rwanda,RWA,20200429,3.00,1,3.00,1,2.00,1,2.00,1,2.00,1,2.00,1,2.00,1,4.00,0.00,,1.00,0.00,0.00,2.00,1,3.00,2.00,0.00,0.00,,212,0,90.74,90.74,100.00,100.00,82.05,82.05,92.42,92.42,25.00,25.00
Rwanda,RWA,20200430,3.00,1,3.00,1,2.00,1,2.00,1,2.00,1,2.00,1,2.00,1,4.00,0.00,,1.00,0.00,0.00,2.00,1,3.00,2.00,0.00,0.00,,225,0,90.74,90.74,100.00,100.00,82.05,82.05,92.42,92.42,25.00,25.00
Rwanda,RWA,20200501,3.00,1,3.00,1,2.00,1,2.00,1,2.00,1,2.00,1,2.00,1,4.00,0.00,,1.00,0.00,0.00,2.00,1,3.00,2.00,0.00,0.00,,243,0,90.74,90.74,100.00,100.00,82.05,82.05,92.42,92.42,25.00,25.00
Rwanda,RWA,20200502,3.00,1,3.00,1,2.00,1,2.00,1,2.00,1,2.00,1,2.00,1,4.00,0.00,,1.00,0.00,0.00,2.00,1,3.00,2.00,0.00,0.00,,249,0,90.74,90.74,100.00,100.00,82.05,82.05,92.42,92.42,25.00,25.00
Rwanda,RWA,20200503,3.00,1,3.00,1,2.00,1,2.00,1,2.00,1,2.00,1,2.00,1,4.00,0.00,,1.00,0.00,0.00,2.00,1,3.00,2.00,0.00,0.00,,255,0,90.74,90.74,100.00,100.00,82.05,82.05,92.42,92.42,25.00,25.00
Rwanda,RWA,20200504,3.00,1,2.00,1,2.00,1,3.00,1,0.00,,1.00,1,1.00,1,4.00,0.00,,1.00,0.00,0.00,2.00,1,3.00,2.00,0.00,0.00,,259,0,69.44,69.44,77.38,77.38,67.31,67.31,75.00,75.00,25.00,25.00
Rwanda,RWA,20200505,3.00,1,2.00,1,2.00,1,3.00,1,0.00,,1.00,1,1.00,1,4.00,0.00,,1.00,0.00,0.00,2.00,1,3.00,2.00,0.00,0.00,,261,0,69.44,69.44,77.38,77.38,67.31,67.31,75.00,75.00,25.00,25.00
Rwanda,RWA,20200506,3.00,1,2.00,1,2.00,1,3.00,1,0.00,,1.00,1,1.00,1,4.00,0.00,,1.00,0.00,0.00,2.00,1,3.00,2.00,0.00,0.00,,261,0,69.44,69.44,77.38,77.38,67.31,67.31,75.00,75.00,25.00,25.00
Rwanda,RWA,20200507,3.00,1,2.00,1,2.00,1,3.00,1,0.00,,1.00,1,1.00,1,4.00,0.00,,1.00,0.00,0.00,2.00,1,3.00,2.00,0.00,0.00,,268,0,69.44,69.44,77.38,77.38,67.31,67.31,75.00,75.00,25.00,25.00
Rwanda,RWA,20200508,3.00,1,2.00,1,2.00,1,3.00,1,0.00,,1.00,1,1.00,1,4.00,0.00,,1.00,0.00,0.00,2.00,1,3.00,2.00,0.00,0.00,,271,0,69.44,69.44,77.38,77.38,67.31,67.31,75.00,75.00,25.00,25.00
Rwanda,RWA,20200509,3.00,1,2.00,1,2.00,1,3.00,1,0.00,,1.00,1,1.00,1,4.00,0.00,,1.00,0.00,0.00,2.00,1,3.00,2.00,0.00,0.00,,273,0,69.44,69.44,77.38,77.38,67.31,67.31,75.00,75.00,25.00,25.00
Rwanda,RWA,20200510,3.00,1,2.00,1,2.00,1,3.00,1,0.00,,1.00,1,1.00,1,4.00,0.00,,1.00,0.00,0.00,2.00,1,3.00,2.00,0.00,0.00,,280,0,69.44,69.44,77.38,77.38,67.31,67.31,75.00,75.00,25.00,25.00
Rwanda,RWA,20200511,3.00,1,2.00,1,2.00,1,3.00,1,0.00,,1.00,1,1.00,1,4.00,0.00,,1.00,0.00,0.00,2.00,1,3.00,2.00,0.00,0.00,,284,0,69.44,69.44,77.38,77.38,67.31,67.31,75.00,75.00,25.00,25.00
Rwanda,RWA,20200512,3.00,1,2.00,1,2.00,1,3.00,1,0.00,,1.00,1,1.00,1,4.00,0.00,,1.00,0.00,0.00,2.00,1,3.00,2.00,0.00,0.00,,285,0,69.44,69.44,77.38,77.38,67.31,67.31,75.00,75.00,25.00,25.00
Rwanda,RWA,20200513,3.00,1,2.00,1,2.00,1,3.00,1,0.00,,1.00,1,1.00,1,4.00,0.00,,1.00,0.00,0.00,2.00,1,3.00,2.00,0.00,0.00,,286,0,69.44,69.44,77.38,77.38,67.31,67.31,75.00,75.00,25.00,25.00
Rwanda,RWA,20200514,3.00,1,2.00,1,2.00,1,3.00,1,0.00,,1.00,1,1.00,1,4.00,0.00,,1.00,0.00,0.00,2.00,1,3.00,2.00,0.00,0.00,,287,0,69.44,69.44,77.38,77.38,67.31,67.31,75.00,75.00,25.00,25.00
Rwanda,RWA,20200515,3.00,1,2.00,1,2.00,1,3.00,1,0.00,,1.00,1,1.00,1,4.00,0.00,,1.00,0.00,0.00,2.00,1,3.00,2.00,0.00,0.00,,287,0,69.44,69.44,77.38,77.38,67.31,67.31,75.00,75.00,25.00,25.00
Rwanda,RWA,20200516,3.00,1,2.00,1,2.00,1,3.00,1,0.00,,1.00,1,1.00,1,4.00,0.00,,1.00,0.00,0.00,2.00,1,3.00,2.00,0.00,0.00,,287,0,69.44,69.44,77.38,77.38,67.31,67.31,75.00,75.00,25.00,25.00
Rwanda,RWA,20200517,3.00,1,2.00,1,2.00,1,3.00,1,0.00,,1.00,1,1.00,1,4.00,0.00,,1.00,0.00,0.00,2.00,1,3.00,2.00,0.00,0.00,,289,0,69.44,69.44,77.38,77.38,67.31,67.31,75.00,75.00,25.00,25.00
Rwanda,RWA,20200518,3.00,1,2.00,1,2.00,1,3.00,1,0.00,,1.00,1,1.00,1,4.00,0.00,,1.00,0.00,0.00,2.00,1,3.00,2.00,0.00,0.00,,292,0,69.44,69.44,77.38,77.38,67.31,67.31,75.00,75.00,25.00,25.00
Rwanda,RWA,20200519,3.00,1,2.00,1,2.00,1,3.00,1,0.00,,1.00,1,1.00,1,4.00,0.00,,1.00,0.00,0.00,2.00,1,3.00,2.00,0.00,0.00,,297,0,69.44,69.44,77.38,77.38,67.31,67.31,75.00,75.00,25.00,25.00
Rwanda,RWA,20200520,3.00,1,2.00,1,2.00,1,3.00,1,0.00,,1.00,1,1.00,1,4.00,0.00,,1.00,0.00,0.00,2.00,1,3.00,2.00,0.00,0.00,,308,0,69.44,69.44,77.38,77.38,67.31,67.31,75.00,75.00,25.00,25.00
Rwanda,RWA,20200521,3.00,1,2.00,1,2.00,1,3.00,1,0.00,,1.00,1,1.00,1,4.00,0.00,,1.00,0.00,0.00,2.00,1,3.00,2.00,0.00,0.00,,314,0,69.44,69.44,77.38,77.38,67.31,67.31,75.00,75.00,25.00,25.00
Rwanda,RWA,20200522,3.00,1,2.00,1,2.00,1,3.00,1,0.00,,1.00,1,1.00,1,4.00,0.00,,1.00,0.00,0.00,2.00,1,3.00,2.00,0.00,0.00,,320,0,69.44,69.44,77.38,77.38,67.31,67.31,75.00,75.00,25.00,25.00
Rwanda,RWA,20200523,3.00,1,2.00,1,2.00,1,3.00,1,0.00,,1.00,1,1.00,1,4.00,0.00,,1.00,0.00,0.00,2.00,1,3.00,2.00,0.00,0.00,,321,0,69.44,69.44,77.38,77.38,67.31,67.31,75.00,75.00,25.00,25.00
Rwanda,RWA,20200524,3.00,1,2.00,1,2.00,1,3.00,1,0.00,,1.00,1,1.00,1,4.00,0.00,,1.00,0.00,0.00,2.00,1,3.00,2.00,0.00,0.00,,325,0,69.44,69.44,77.38,77.38,67.31,67.31,75.00,75.00,25.00,25.00
Rwanda,RWA,20200525,3.00,1,2.00,1,2.00,1,3.00,1,0.00,,1.00,1,1.00,1,4.00,0.00,,1.00,0.00,0.00,2.00,1,3.00,2.00,0.00,0.00,,327,0,69.44,69.44,77.38,77.38,67.31,67.31,75.00,75.00,25.00,25.00
Rwanda,RWA,20200526,3.00,1,2.00,1,2.00,1,3.00,1,0.00,,1.00,1,1.00,1,4.00,0.00,,1.00,0.00,0.00,2.00,1,3.00,2.00,0.00,0.00,,336,0,69.44,69.44,77.38,77.38,67.31,67.31,75.00,75.00,25.00,25.00
Rwanda,RWA,20200527,3.00,1,2.00,1,2.00,1,3.00,1,0.00,,1.00,1,1.00,1,4.00,0.00,,1.00,0.00,0.00,2.00,1,3.00,2.00,0.00,0.00,,339,0,69.44,69.44,77.38,77.38,67.31,67.31,75.00,75.00,25.00,25.00
Rwanda,RWA,20200528,3.00,1,2.00,1,2.00,1,3.00,1,0.00,,1.00,1,1.00,1,4.00,0.00,,1.00,0.00,0.00,2.00,1,3.00,2.00,0.00,0.00,,346,0,69.44,69.44,77.38,77.38,67.31,67.31,75.00,75.00,25.00,25.00
Rwanda,RWA,20200529,3.00,1,2.00,1,2.00,1,3.00,1,0.00,,1.00,1,1.00,1,4.00,0.00,,1.00,0.00,0.00,2.00,1,3.00,2.00,0.00,0.00,,349,0,69.44,69.44,77.38,77.38,67.31,67.31,75.00,75.00,25.00,25.00
Rwanda,RWA,20200530,3.00,1,2.00,1,2.00,1,3.00,1,0.00,,1.00,1,1.00,1,4.00,0.00,,1.00,0.00,0.00,2.00,1,3.00,2.00,0.00,0.00,,355,0,69.44,69.44,77.38,77.38,67.31,67.31,75.00,75.00,25.00,25.00
Rwanda,RWA,20200531,3.00,1,2.00,1,2.00,1,3.00,1,0.00,,1.00,1,1.00,1,4.00,0.00,,1.00,0.00,0.00,2.00,1,3.00,2.00,0.00,0.00,,359,1,69.44,69.44,77.38,77.38,67.31,67.31,75.00,75.00,25.00,25.00
Rwanda,RWA,20200601,3.00,1,2.00,1,2.00,1,3.00,1,0.00,,1.00,1,1.00,1,4.00,0.00,,1.00,0.00,0.00,2.00,1,3.00,2.00,0.00,0.00,,370,1,69.44,69.44,77.38,77.38,67.31,67.31,75.00,75.00,25.00,25.00
Rwanda,RWA,20200602,3.00,1,0.00,,2.00,1,3.00,1,0.00,,1.00,1,0.00,,4.00,0.00,,1.00,0.00,0.00,2.00,1,3.00,2.00,0.00,0.00,,377,1,56.48,56.48,64.29,64.29,58.33,58.33,64.39,64.39,25.00,25.00
Rwanda,RWA,20200603,3.00,1,0.00,,2.00,1,3.00,1,0.00,,1.00,1,0.00,,4.00,0.00,,1.00,0.00,0.00,2.00,1,3.00,2.00,0.00,0.00,,384,2,56.48,56.48,64.29,64.29,58.33,58.33,64.39,64.39,25.00,25.00
Rwanda,RWA,20200604,3.00,1,0.00,,2.00,1,3.00,1,0.00,,1.00,1,0.00,,4.00,0.00,,1.00,0.00,0.00,2.00,1,3.00,2.00,0.00,0.00,,397,2,56.48,56.48,64.29,64.29,58.33,58.33,64.39,64.39,25.00,25.00
Rwanda,RWA,20200605,3.00,1,0.00,,2.00,1,3.00,1,0.00,,1.00,1,0.00,,4.00,0.00,,1.00,0.00,0.00,2.00,1,3.00,2.00,0.00,0.00,,410,2,56.48,56.48,64.29,64.29,58.33,58.33,64.39,64.39,25.00,25.00
Rwanda,RWA,20200606,3.00,1,0.00,,2.00,1,3.00,1,0.00,,1.00,1,0.00,,4.00,0.00,,1.00,0.00,0.00,2.00,1,3.00,2.00,0.00,0.00,,420,2,56.48,56.48,64.29,64.29,58.33,58.33,64.39,64.39,25.00,25.00
Rwanda,RWA,20200607,3.00,1,0.00,,2.00,1,3.00,1,0.00,,1.00,1,0.00,,4.00,0.00,,1.00,0.00,0.00,2.00,1,3.00,2.00,0.00,0.00,,431,2,56.48,56.48,64.29,64.29,58.33,58.33,64.39,64.39,25.00,25.00
Rwanda,RWA,20200608,3.00,1,0.00,,2.00,1,3.00,1,0.00,,1.00,1,0.00,,4.00,0.00,,1.00,0.00,0.00,2.00,1,3.00,2.00,0.00,0.00,,439,2,56.48,56.48,64.29,64.29,58.33,58.33,64.39,64.39,25.00,25.00
Rwanda,RWA,20200609,3.00,1,0.00,,2.00,1,3.00,1,0.00,,1.00,1,0.00,,4.00,0.00,,1.00,0.00,0.00,2.00,1,3.00,2.00,0.00,0.00,,451,2,56.48,56.48,64.29,64.29,58.33,58.33,64.39,64.39,25.00,25.00
Rwanda,RWA,20200610,3.00,1,0.00,,2.00,1,3.00,1,0.00,,1.00,1,0.00,,4.00,0.00,,1.00,0.00,0.00,2.00,1,3.00,2.00,0.00,0.00,,463,2,56.48,56.48,64.29,64.29,58.33,58.33,64.39,64.39,25.00,25.00
Rwanda,RWA,20200611,3.00,1,0.00,,2.00,1,3.00,1,0.00,,1.00,1,0.00,,4.00,0.00,,1.00,0.00,0.00,2.00,1,3.00,2.00,0.00,0.00,,476,2,56.48,56.48,64.29,64.29,58.33,58.33,64.39,64.39,25.00,25.00
Rwanda,RWA,20200612,3.00,1,0.00,,2.00,1,3.00,1,0.00,,1.00,1,0.00,,4.00,0.00,,1.00,0.00,0.00,2.00,1,3.00,2.00,0.00,0.00,,494,2,56.48,56.48,64.29,64.29,58.33,58.33,64.39,64.39,25.00,25.00
Rwanda,RWA,20200613,3.00,1,0.00,,2.00,1,3.00,1,0.00,,1.00,1,0.00,,4.00,0.00,,1.00,0.00,0.00,2.00,1,3.00,2.00,0.00,0.00,,510,2,56.48,56.48,64.29,64.29,58.33,58.33,64.39,64.39,25.00,25.00
Rwanda,RWA,20200614,3.00,1,0.00,,2.00,1,3.00,1,0.00,,1.00,1,0.00,,4.00,0.00,,1.00,0.00,0.00,2.00,1,3.00,2.00,0.00,0.00,,541,2,56.48,56.48,64.29,64.29,58.33,58.33,64.39,64.39,25.00,25.00
Rwanda,RWA,20200615,3.00,1,0.00,,2.00,1,3.00,1,0.00,,1.00,1,0.00,,4.00,0.00,,1.00,0.00,0.00,2.00,1,3.00,2.00,0.00,0.00,,582,2,56.48,56.48,64.29,64.29,58.33,58.33,64.39,64.39,25.00,25.00
Rwanda,RWA,20200616,3.00,1,0.00,,2.00,1,3.00,1,0.00,,1.00,1,0.00,,4.00,0.00,,1.00,0.00,0.00,2.00,1,3.00,2.00,0.00,0.00,,612,2,56.48,56.48,64.29,64.29,58.33,58.33,64.39,64.39,25.00,25.00
Rwanda,RWA,20200617,3.00,1,0.00,,2.00,1,3.00,1,0.00,,1.00,1,0.00,,4.00,0.00,,1.00,0.00,0.00,2.00,1,3.00,2.00,0.00,0.00,,636,2,56.48,56.48,64.29,64.29,58.33,58.33,64.39,64.39,25.00,25.00
Rwanda,RWA,20200618,3.00,1,0.00,,2.00,1,3.00,1,0.00,,1.00,1,0.00,,4.00,0.00,,1.00,0.00,0.00,2.00,1,3.00,2.00,0.00,0.00,,639,2,56.48,56.48,64.29,64.29,58.33,58.33,64.39,64.39,25.00,25.00
Rwanda,RWA,20200619,3.00,1,0.00,,2.00,1,3.00,1,0.00,,1.00,1,0.00,,4.00,0.00,,1.00,0.00,0.00,2.00,1,3.00,2.00,0.00,0.00,,646,2,56.48,56.48,64.29,64.29,58.33,58.33,64.39,64.39,25.00,25.00
Rwanda,RWA,20200620,3.00,1,0.00,,2.00,1,3.00,1,0.00,,1.00,1,0.00,,4.00,0.00,,1.00,0.00,0.00,2.00,1,3.00,2.00,0.00,0.00,,661,2,56.48,56.48,64.29,64.29,58.33,58.33,64.39,64.39,25.00,25.00
Rwanda,RWA,20200621,3.00,1,0.00,,2.00,1,3.00,1,0.00,,1.00,1,0.00,,4.00,0.00,,1.00,0.00,0.00,2.00,1,3.00,2.00,0.00,0.00,,702,2,56.48,56.48,64.29,64.29,58.33,58.33,64.39,64.39,25.00,25.00
Rwanda,RWA,20200622,3.00,1,0.00,,2.00,1,3.00,1,0.00,,1.00,1,0.00,,4.00,0.00,,1.00,0.00,0.00,2.00,1,3.00,2.00,0.00,0.00,,728,2,56.48,56.48,64.29,64.29,58.33,58.33,64.39,64.39,25.00,25.00
Rwanda,RWA,20200623,3.00,1,0.00,,2.00,1,3.00,1,0.00,,1.00,1,0.00,,4.00,0.00,,1.00,0.00,0.00,2.00,1,3.00,2.00,0.00,0.00,,787,2,56.48,56.48,64.29,64.29,58.33,58.33,64.39,64.39,25.00,25.00
