Dominican Republic,DOM,20200101,0.00,,0.00,,0.00,,0.00,,0.00,,0.00,,0.00,,0.00,0.00,,0.00,0.00,0.00,0.00,,0.00,0.00,0.00,0.00,,0,0,0.00,0.00,0.00,0.00,0.00,0.00,0.00,0.00,0.00,0.00
Dominican Republic,DOM,20200102,0.00,,0.00,,0.00,,0.00,,0.00,,0.00,,0.00,,0.00,0.00,,0.00,0.00,0.00,0.00,,0.00,0.00,0.00,0.00,,0,0,0.00,0.00,0.00,0.00,0.00,0.00,0.00,0.00,0.00,0.00
Dominican Republic,DOM,20200103,0.00,,0.00,,0.00,,0.00,,0.00,,0.00,,0.00,,0.00,0.00,,0.00,0.00,0.00,0.00,,0.00,0.00,0.00,0.00,,0,0,0.00,0.00,0.00,0.00,0.00,0.00,0.00,0.00,0.00,0.00
Dominican Republic,DOM,20200104,0.00,,0.00,,0.00,,0.00,,0.00,,0.00,,0.00,,0.00,0.00,,0.00,0.00,0.00,0.00,,0.00,0.00,0.00,0.00,,0,0,0.00,0.00,0.00,0.00,0.00,0.00,0.00,0.00,0.00,0.00
Dominican Republic,DOM,20200105,0.00,,0.00,,0.00,,0.00,,0.00,,0.00,,0.00,,0.00,0.00,,0.00,0.00,0.00,0.00,,0.00,0.00,0.00,0.00,,0,0,0.00,0.00,0.00,0.00,0.00,0.00,0.00,0.00,0.00,0.00
Dominican Republic,DOM,20200106,0.00,,0.00,,0.00,,0.00,,0.00,,0.00,,0.00,,0.00,0.00,,0.00,0.00,0.00,0.00,,0.00,0.00,0.00,0.00,,0,0,0.00,0.00,0.00,0.00,0.00,0.00,0.00,0.00,0.00,0.00
Dominican Republic,DOM,20200107,0.00,,0.00,,0.00,,0.00,,0.00,,0.00,,0.00,,0.00,0.00,,0.00,0.00,0.00,0.00,,0.00,0.00,0.00,0.00,,0,0,0.00,0.00,0.00,0.00,0.00,0.00,0.00,0.00,0.00,0.00
Dominican Republic,DOM,20200108,0.00,,0.00,,0.00,,0.00,,0.00,,0.00,,0.00,,0.00,0.00,,0.00,0.00,0.00,0.00,,0.00,0.00,0.00,0.00,,0,0,0.00,0.00,0.00,0.00,0.00,0.00,0.00,0.00,0.00,0.00
Dominican Republic,DOM,20200109,0.00,,0.00,,0.00,,0.00,,0.00,,0.00,,0.00,,0.00,0.00,,0.00,0.00,0.00,0.00,,0.00,0.00,0.00,0.00,,0,0,0.00,0.00,0.00,0.00,0.00,0.00,0.00,0.00,0.00,0.00
Dominican Republic,DOM,20200110,0.00,,0.00,,0.00,,0.00,,0.00,,0.00,,0.00,,0.00,0.00,,0.00,0.00,0.00,0.00,,0.00,0.00,0.00,0.00,,0,0,0.00,0.00,0.00,0.00,0.00,0.00,0.00,0.00,0.00,0.00
Dominican Republic,DOM,20200111,0.00,,0.00,,0.00,,0.00,,0.00,,0.00,,0.00,,0.00,0.00,,0.00,0.00,0.00,0.00,,0.00,0.00,0.00,0.00,,0,0,0.00,0.00,0.00,0.00,0.00,0.00,0.00,0.00,0.00,0.00
Dominican Republic,DOM,20200112,0.00,,0.00,,0.00,,0.00,,0.00,,0.00,,0.00,,0.00,0.00,,0.00,0.00,0.00,0.00,,0.00,0.00,0.00,0.00,,0,0,0.00,0.00,0.00,0.00,0.00,0.00,0.00,0.00,0.00,0.00
Dominican Republic,DOM,20200113,0.00,,0.00,,0.00,,0.00,,0.00,,0.00,,0.00,,0.00,0.00,,0.00,0.00,0.00,0.00,,0.00,0.00,0.00,0.00,,0,0,0.00,0.00,0.00,0.00,0.00,0.00,0.00,0.00,0.00,0.00
Dominican Republic,DOM,20200114,0.00,,0.00,,0.00,,0.00,,0.00,,0.00,,0.00,,0.00,0.00,,0.00,0.00,0.00,0.00,,0.00,0.00,0.00,0.00,,0,0,0.00,0.00,0.00,0.00,0.00,0.00,0.00,0.00,0.00,0.00
Dominican Republic,DOM,20200115,0.00,,0.00,,0.00,,0.00,,0.00,,0.00,,0.00,,0.00,0.00,,0.00,0.00,0.00,0.00,,0.00,0.00,0.00,0.00,,0,0,0.00,0.00,0.00,0.00,0.00,0.00,0.00,0.00,0.00,0.00
Dominican Republic,DOM,20200116,0.00,,0.00,,0.00,,0.00,,0.00,,0.00,,0.00,,0.00,0.00,,0.00,0.00,0.00,0.00,,0.00,0.00,0.00,0.00,,0,0,0.00,0.00,0.00,0.00,0.00,0.00,0.00,0.00,0.00,0.00
Dominican Republic,DOM,20200117,0.00,,0.00,,0.00,,0.00,,0.00,,0.00,,0.00,,0.00,0.00,,0.00,0.00,0.00,0.00,,0.00,0.00,0.00,0.00,,0,0,0.00,0.00,0.00,0.00,0.00,0.00,0.00,0.00,0.00,0.00
Dominican Republic,DOM,20200118,0.00,,0.00,,0.00,,0.00,,0.00,,0.00,,0.00,,0.00,0.00,,0.00,0.00,0.00,0.00,,0.00,0.00,0.00,0.00,,0,0,0.00,0.00,0.00,0.00,0.00,0.00,0.00,0.00,0.00,0.00
Dominican Republic,DOM,20200119,0.00,,0.00,,0.00,,0.00,,0.00,,0.00,,0.00,,0.00,0.00,,0.00,0.00,0.00,0.00,,0.00,0.00,0.00,0.00,,0,0,0.00,0.00,0.00,0.00,0.00,0.00,0.00,0.00,0.00,0.00
Dominican Republic,DOM,20200120,0.00,,0.00,,0.00,,0.00,,0.00,,0.00,,0.00,,0.00,0.00,,0.00,0.00,0.00,0.00,,0.00,0.00,0.00,0.00,,0,0,0.00,0.00,0.00,0.00,0.00,0.00,0.00,0.00,0.00,0.00
Dominican Republic,DOM,20200121,0.00,,0.00,,0.00,,0.00,,0.00,,0.00,,0.00,,0.00,0.00,,0.00,0.00,0.00,0.00,,0.00,0.00,0.00,0.00,,0,0,0.00,0.00,0.00,0.00,0.00,0.00,0.00,0.00,0.00,0.00
Dominican Republic,DOM,20200122,0.00,,0.00,,0.00,,0.00,,0.00,,0.00,,0.00,,0.00,0.00,,0.00,0.00,0.00,0.00,,0.00,0.00,0.00,0.00,,0,0,0.00,0.00,0.00,0.00,0.00,0.00,0.00,0.00,0.00,0.00
Dominican Republic,DOM,20200123,0.00,,0.00,,0.00,,0.00,,0.00,,0.00,,0.00,,0.00,0.00,,0.00,0.00,0.00,0.00,,0.00,0.00,0.00,0.00,,0,0,0.00,0.00,0.00,0.00,0.00,0.00,0.00,0.00,0.00,0.00
Dominican Republic,DOM,20200124,0.00,,0.00,,0.00,,0.00,,0.00,,0.00,,0.00,,0.00,0.00,,0.00,0.00,0.00,0.00,,0.00,0.00,0.00,0.00,,0,0,0.00,0.00,0.00,0.00,0.00,0.00,0.00,0.00,0.00,0.00
Dominican Republic,DOM,20200125,0.00,,0.00,,0.00,,0.00,,0.00,,0.00,,0.00,,0.00,0.00,,0.00,0.00,0.00,0.00,,0.00,0.00,0.00,0.00,,0,0,0.00,0.00,0.00,0.00,0.00,0.00,0.00,0.00,0.00,0.00
Dominican Republic,DOM,20200126,0.00,,0.00,,0.00,,0.00,,0.00,,0.00,,0.00,,0.00,0.00,,0.00,0.00,0.00,0.00,,0.00,0.00,0.00,0.00,,0,0,0.00,0.00,0.00,0.00,0.00,0.00,0.00,0.00,0.00,0.00
Dominican Republic,DOM,20200127,0.00,,0.00,,0.00,,0.00,,0.00,,0.00,,0.00,,0.00,0.00,,0.00,0.00,0.00,0.00,,0.00,0.00,0.00,0.00,,0,0,0.00,0.00,0.00,0.00,0.00,0.00,0.00,0.00,0.00,0.00
Dominican Republic,DOM,20200128,0.00,,0.00,,0.00,,0.00,,0.00,,0.00,,0.00,,0.00,0.00,,0.00,0.00,0.00,0.00,,0.00,0.00,0.00,0.00,,0,0,0.00,0.00,0.00,0.00,0.00,0.00,0.00,0.00,0.00,0.00
Dominican Republic,DOM,20200129,0.00,,0.00,,0.00,,0.00,,0.00,,0.00,,0.00,,0.00,0.00,,0.00,0.00,0.00,0.00,,0.00,0.00,0.00,0.00,,0,0,0.00,0.00,0.00,0.00,0.00,0.00,0.00,0.00,0.00,0.00
Dominican Republic,DOM,20200130,0.00,,0.00,,0.00,,0.00,,0.00,,0.00,,0.00,,0.00,0.00,,0.00,0.00,0.00,0.00,,0.00,0.00,0.00,0.00,,0,0,0.00,0.00,0.00,0.00,0.00,0.00,0.00,0.00,0.00,0.00
Dominican Republic,DOM,20200131,0.00,,0.00,,0.00,,0.00,,0.00,,0.00,,0.00,,0.00,0.00,,0.00,0.00,0.00,0.00,,0.00,0.00,0.00,0.00,,0,0,0.00,0.00,0.00,0.00,0.00,0.00,0.00,0.00,0.00,0.00
Dominican Republic,DOM,20200201,0.00,,0.00,,0.00,,0.00,,0.00,,0.00,,0.00,,0.00,0.00,,0.00,0.00,0.00,0.00,,0.00,0.00,0.00,0.00,,0,0,0.00,0.00,0.00,0.00,0.00,0.00,0.00,0.00,0.00,0.00
Dominican Republic,DOM,20200202,0.00,,0.00,,0.00,,0.00,,0.00,,0.00,,0.00,,0.00,0.00,,0.00,0.00,0.00,0.00,,0.00,0.00,0.00,0.00,,0,0,0.00,0.00,0.00,0.00,0.00,0.00,0.00,0.00,0.00,0.00
Dominican Republic,DOM,20200203,0.00,,0.00,,0.00,,0.00,,0.00,,0.00,,0.00,,0.00,0.00,,0.00,0.00,0.00,0.00,,0.00,0.00,0.00,0.00,,0,0,0.00,0.00,0.00,0.00,0.00,0.00,0.00,0.00,0.00,0.00
Dominican Republic,DOM,20200204,0.00,,0.00,,0.00,,0.00,,0.00,,0.00,,0.00,,0.00,0.00,,0.00,0.00,0.00,0.00,,0.00,0.00,0.00,0.00,,0,0,0.00,0.00,0.00,0.00,0.00,0.00,0.00,0.00,0.00,0.00
Dominican Republic,DOM,20200205,0.00,,0.00,,0.00,,0.00,,0.00,,0.00,,0.00,,0.00,0.00,,0.00,0.00,0.00,0.00,,0.00,0.00,0.00,0.00,,0,0,0.00,0.00,0.00,0.00,0.00,0.00,0.00,0.00,0.00,0.00
Dominican Republic,DOM,20200206,0.00,,0.00,,0.00,,0.00,,0.00,,0.00,,0.00,,0.00,0.00,,0.00,0.00,0.00,0.00,,0.00,0.00,0.00,0.00,,0,0,0.00,0.00,0.00,0.00,0.00,0.00,0.00,0.00,0.00,0.00
Dominican Republic,DOM,20200207,0.00,,0.00,,0.00,,0.00,,0.00,,0.00,,0.00,,0.00,0.00,,0.00,0.00,0.00,0.00,,0.00,0.00,0.00,0.00,,0,0,0.00,0.00,0.00,0.00,0.00,0.00,0.00,0.00,0.00,0.00
Dominican Republic,DOM,20200208,0.00,,0.00,,0.00,,0.00,,0.00,,0.00,,0.00,,0.00,0.00,,0.00,0.00,0.00,0.00,,0.00,0.00,0.00,0.00,,0,0,0.00,0.00,0.00,0.00,0.00,0.00,0.00,0.00,0.00,0.00
Dominican Republic,DOM,20200209,0.00,,0.00,,0.00,,0.00,,0.00,,0.00,,0.00,,0.00,0.00,,0.00,0.00,0.00,0.00,,0.00,0.00,0.00,0.00,,0,0,0.00,0.00,0.00,0.00,0.00,0.00,0.00,0.00,0.00,0.00
Dominican Republic,DOM,20200210,0.00,,0.00,,0.00,,0.00,,0.00,,0.00,,0.00,,0.00,0.00,,0.00,0.00,0.00,0.00,,0.00,0.00,0.00,0.00,,0,0,0.00,0.00,0.00,0.00,0.00,0.00,0.00,0.00,0.00,0.00
Dominican Republic,DOM,20200211,0.00,,0.00,,0.00,,0.00,,0.00,,0.00,,0.00,,0.00,0.00,,0.00,0.00,0.00,0.00,,0.00,0.00,0.00,0.00,,0,0,0.00,0.00,0.00,0.00,0.00,0.00,0.00,0.00,0.00,0.00
Dominican Republic,DOM,20200212,0.00,,0.00,,0.00,,0.00,,0.00,,0.00,,0.00,,0.00,0.00,,0.00,0.00,0.00,0.00,,0.00,0.00,0.00,0.00,,0,0,0.00,0.00,0.00,0.00,0.00,0.00,0.00,0.00,0.00,0.00
Dominican Republic,DOM,20200213,0.00,,0.00,,0.00,,0.00,,0.00,,0.00,,0.00,,0.00,0.00,,0.00,0.00,0.00,0.00,,0.00,0.00,0.00,0.00,,0,0,0.00,0.00,0.00,0.00,0.00,0.00,0.00,0.00,0.00,0.00
Dominican Republic,DOM,20200214,0.00,,0.00,,0.00,,0.00,,0.00,,0.00,,0.00,,0.00,0.00,,0.00,0.00,0.00,0.00,,0.00,0.00,0.00,0.00,,0,0,0.00,0.00,0.00,0.00,0.00,0.00,0.00,0.00,0.00,0.00
Dominican Republic,DOM,20200215,0.00,,0.00,,0.00,,0.00,,0.00,,0.00,,0.00,,0.00,0.00,,0.00,0.00,0.00,0.00,,0.00,0.00,0.00,0.00,,0,0,0.00,0.00,0.00,0.00,0.00,0.00,0.00,0.00,0.00,0.00
Dominican Republic,DOM,20200216,0.00,,0.00,,0.00,,0.00,,0.00,,0.00,,0.00,,0.00,0.00,,0.00,0.00,0.00,0.00,,0.00,0.00,0.00,0.00,,0,0,0.00,0.00,0.00,0.00,0.00,0.00,0.00,0.00,0.00,0.00
Dominican Republic,DOM,20200217,0.00,,0.00,,0.00,,0.00,,0.00,,0.00,,0.00,,0.00,0.00,,0.00,0.00,0.00,0.00,,0.00,0.00,0.00,0.00,,0,0,0.00,0.00,0.00,0.00,0.00,0.00,0.00,0.00,0.00,0.00
Dominican Republic,DOM,20200218,0.00,,0.00,,0.00,,0.00,,0.00,,0.00,,0.00,,0.00,0.00,,0.00,0.00,0.00,0.00,,0.00,0.00,0.00,0.00,,0,0,0.00,0.00,0.00,0.00,0.00,0.00,0.00,0.00,0.00,0.00
Dominican Republic,DOM,20200219,0.00,,0.00,,0.00,,0.00,,0.00,,0.00,,0.00,,0.00,0.00,,0.00,0.00,0.00,0.00,,0.00,0.00,0.00,0.00,,0,0,0.00,0.00,0.00,0.00,0.00,0.00,0.00,0.00,0.00,0.00
Dominican Republic,DOM,20200220,0.00,,0.00,,0.00,,0.00,,0.00,,0.00,,0.00,,0.00,0.00,,0.00,0.00,0.00,0.00,,0.00,0.00,0.00,0.00,,0,0,0.00,0.00,0.00,0.00,0.00,0.00,0.00,0.00,0.00,0.00
Dominican Republic,DOM,20200221,0.00,,0.00,,0.00,,0.00,,0.00,,0.00,,0.00,,0.00,0.00,,0.00,0.00,0.00,0.00,,0.00,0.00,0.00,0.00,,0,0,0.00,0.00,0.00,0.00,0.00,0.00,0.00,0.00,0.00,0.00
Dominican Republic,DOM,20200222,0.00,,0.00,,0.00,,0.00,,0.00,,0.00,,0.00,,0.00,0.00,,0.00,0.00,0.00,0.00,,0.00,0.00,0.00,0.00,,0,0,0.00,0.00,0.00,0.00,0.00,0.00,0.00,0.00,0.00,0.00
Dominican Republic,DOM,20200223,0.00,,0.00,,0.00,,0.00,,0.00,,0.00,,0.00,,0.00,0.00,,0.00,0.00,0.00,0.00,,0.00,0.00,0.00,0.00,,0,0,0.00,0.00,0.00,0.00,0.00,0.00,0.00,0.00,0.00,0.00
Dominican Republic,DOM,20200224,0.00,,0.00,,0.00,,0.00,,0.00,,0.00,,0.00,,0.00,0.00,,0.00,0.00,0.00,0.00,,0.00,0.00,0.00,0.00,,0,0,0.00,0.00,0.00,0.00,0.00,0.00,0.00,0.00,0.00,0.00
Dominican Republic,DOM,20200225,0.00,,0.00,,0.00,,0.00,,0.00,,0.00,,0.00,,0.00,0.00,,0.00,0.00,0.00,0.00,,0.00,0.00,0.00,0.00,,0,0,0.00,0.00,0.00,0.00,0.00,0.00,0.00,0.00,0.00,0.00
Dominican Republic,DOM,20200226,0.00,,0.00,,0.00,,0.00,,0.00,,0.00,,0.00,,0.00,0.00,,0.00,0.00,0.00,0.00,,0.00,0.00,0.00,0.00,,0,0,0.00,0.00,0.00,0.00,0.00,0.00,0.00,0.00,0.00,0.00
Dominican Republic,DOM,20200227,0.00,,0.00,,0.00,,0.00,,0.00,,0.00,,0.00,,0.00,0.00,,0.00,0.00,0.00,0.00,,0.00,0.00,0.00,0.00,,0,0,0.00,0.00,0.00,0.00,0.00,0.00,0.00,0.00,0.00,0.00
Dominican Republic,DOM,20200228,0.00,,0.00,,0.00,,0.00,,0.00,,0.00,,0.00,,0.00,0.00,,0.00,0.00,0.00,0.00,,0.00,0.00,0.00,0.00,,0,0,0.00,0.00,0.00,0.00,0.00,0.00,0.00,0.00,0.00,0.00
Dominican Republic,DOM,20200229,0.00,,0.00,,0.00,,0.00,,0.00,,0.00,,0.00,,0.00,0.00,,0.00,0.00,0.00,0.00,,0.00,0.00,0.00,0.00,,0,0,0.00,0.00,0.00,0.00,0.00,0.00,0.00,0.00,0.00,0.00
Dominican Republic,DOM,20200301,0.00,,0.00,,0.00,,0.00,,0.00,,0.00,,0.00,,0.00,0.00,,0.00,0.00,0.00,0.00,,0.00,0.00,0.00,0.00,,0,0,0.00,0.00,0.00,0.00,0.00,0.00,0.00,0.00,0.00,0.00
Dominican Republic,DOM,20200302,0.00,,0.00,,0.00,,0.00,,0.00,,0.00,,0.00,,0.00,0.00,,0.00,0.00,0.00,2.00,1,0.00,0.00,0.00,0.00,,1,0,11.11,11.11,14.29,14.29,7.69,7.69,9.09,9.09,0.00,0.00
Dominican Republic,DOM,20200303,0.00,,0.00,,0.00,,0.00,,0.00,,0.00,,0.00,,0.00,0.00,,0.00,0.00,0.00,2.00,1,0.00,0.00,0.00,0.00,,,,11.11,11.11,14.29,14.29,7.69,7.69,9.09,9.09,0.00,0.00
Dominican Republic,DOM,20200304,0.00,,0.00,,0.00,,0.00,,0.00,,0.00,,0.00,,0.00,0.00,,0.00,0.00,0.00,2.00,1,0.00,0.00,0.00,0.00,,,,11.11,11.11,14.29,14.29,7.69,7.69,9.09,9.09,0.00,0.00
Dominican Republic,DOM,20200305,0.00,,0.00,,0.00,,0.00,,0.00,,0.00,,0.00,,0.00,0.00,,0.00,0.00,0.00,2.00,1,0.00,0.00,0.00,0.00,,,,11.11,11.11,14.29,14.29,7.69,7.69,9.09,9.09,0.00,0.00
Dominican Republic,DOM,20200306,0.00,,0.00,,0.00,,0.00,,0.00,,0.00,,0.00,,0.00,0.00,,0.00,0.00,0.00,2.00,1,0.00,0.00,0.00,0.00,,,,11.11,11.11,14.29,14.29,7.69,7.69,9.09,9.09,0.00,0.00
Dominican Republic,DOM,20200307,0.00,,0.00,,0.00,,0.00,,0.00,,0.00,,0.00,,0.00,0.00,,0.00,0.00,0.00,2.00,1,0.00,0.00,0.00,0.00,,2,0,11.11,11.11,14.29,14.29,7.69,7.69,9.09,9.09,0.00,0.00
Dominican Republic,DOM,20200308,0.00,,0.00,,0.00,,0.00,,0.00,,0.00,,0.00,,0.00,0.00,,0.00,0.00,0.00,2.00,1,0.00,0.00,0.00,0.00,,,,11.11,11.11,14.29,14.29,7.69,7.69,9.09,9.09,0.00,0.00
Dominican Republic,DOM,20200309,0.00,,0.00,,0.00,,0.00,,0.00,,0.00,,0.00,,0.00,0.00,,0.00,0.00,0.00,2.00,1,0.00,0.00,0.00,0.00,,,,11.11,11.11,14.29,14.29,7.69,7.69,9.09,9.09,0.00,0.00
Dominican Republic,DOM,20200310,0.00,,0.00,,0.00,,0.00,,0.00,,0.00,,0.00,,0.00,0.00,,0.00,0.00,0.00,2.00,1,0.00,0.00,0.00,0.00,,5,0,11.11,11.11,14.29,14.29,7.69,7.69,9.09,9.09,0.00,0.00
Dominican Republic,DOM,20200311,0.00,,0.00,,0.00,,0.00,,0.00,,0.00,,0.00,,0.00,0.00,,0.00,0.00,0.00,2.00,1,0.00,0.00,0.00,0.00,,,,11.11,11.11,14.29,14.29,7.69,7.69,9.09,9.09,0.00,0.00
Dominican Republic,DOM,20200312,0.00,,0.00,,0.00,,0.00,,0.00,,0.00,,0.00,,0.00,0.00,,0.00,0.00,0.00,2.00,1,0.00,1.00,0.00,0.00,,,,11.11,11.11,14.29,14.29,11.54,11.54,13.64,13.64,0.00,0.00
Dominican Republic,DOM,20200313,0.00,,0.00,,0.00,,0.00,,0.00,,0.00,,0.00,,0.00,0.00,,0.00,0.00,0.00,2.00,1,0.00,1.00,0.00,0.00,,,,11.11,11.11,14.29,14.29,11.54,11.54,13.64,13.64,0.00,0.00
Dominican Republic,DOM,20200314,0.00,,0.00,,0.00,,0.00,,0.00,,0.00,,0.00,,0.00,0.00,,0.00,0.00,0.00,2.00,1,0.00,1.00,0.00,0.00,,11,0,11.11,11.11,14.29,14.29,11.54,11.54,13.64,13.64,0.00,0.00
Dominican Republic,DOM,20200315,0.00,,0.00,,0.00,,0.00,,0.00,,0.00,,0.00,,0.00,0.00,,0.00,0.00,0.00,2.00,1,0.00,1.00,0.00,0.00,,11,0,11.11,11.11,14.29,14.29,11.54,11.54,13.64,13.64,0.00,0.00
Dominican Republic,DOM,20200316,1.00,1,0.00,,0.00,,0.00,,0.00,,0.00,,0.00,,3.00,0.00,,0.00,0.00,0.00,2.00,1,0.00,1.00,0.00,0.00,,11,0,23.15,23.15,32.14,32.14,19.87,19.87,23.48,23.48,0.00,0.00
Dominican Republic,DOM,20200317,1.00,1,0.00,,0.00,,0.00,,0.00,,1.00,1,0.00,,3.00,0.00,,0.00,0.00,0.00,2.00,1,0.00,1.00,0.00,0.00,,11,0,26.85,26.85,39.29,39.29,22.44,22.44,26.52,26.52,0.00,0.00
Dominican Republic,DOM,20200318,1.00,1,0.00,,0.00,,0.00,,0.00,,1.00,1,0.00,,3.00,0.00,,0.00,0.00,0.00,2.00,1,0.00,1.00,0.00,0.00,,11,0,26.85,26.85,39.29,39.29,22.44,22.44,26.52,26.52,0.00,0.00
Dominican Republic,DOM,20200319,3.00,1,3.00,1,2.00,1,0.00,,2.00,1,1.00,1,0.00,,4.00,0.00,,0.00,0.00,0.00,2.00,1,0.00,1.00,0.00,0.00,,21,0,70.37,70.37,92.86,92.86,52.56,52.56,62.12,62.12,0.00,0.00
Dominican Republic,DOM,20200320,3.00,1,3.00,1,2.00,1,0.00,,2.00,1,1.00,1,2.00,1,4.00,0.00,,0.00,0.00,0.00,2.00,1,0.00,1.00,0.00,0.00,,21,0,81.48,81.48,100.00,100.00,60.26,60.26,71.21,71.21,0.00,0.00
Dominican Republic,DOM,20200321,3.00,1,3.00,1,2.00,1,0.00,,2.00,1,1.00,1,2.00,1,4.00,0.00,,0.00,0.00,0.00,2.00,1,0.00,1.00,0.00,0.00,,34,2,81.48,81.48,100.00,100.00,60.26,60.26,71.21,71.21,0.00,0.00
Dominican Republic,DOM,20200322,3.00,1,3.00,1,2.00,1,0.00,,2.00,1,1.00,1,2.00,1,4.00,0.00,,0.00,0.00,0.00,2.00,1,2.00,1.00,0.00,0.00,,112,3,81.48,81.48,100.00,100.00,65.38,65.38,77.27,77.27,0.00,0.00
Dominican Republic,DOM,20200323,3.00,1,3.00,1,2.00,1,0.00,,2.00,1,1.00,1,2.00,1,4.00,0.00,,0.00,0.00,0.00,2.00,1,2.00,1.00,0.00,0.00,,202,3,81.48,81.48,100.00,100.00,65.38,65.38,77.27,77.27,0.00,0.00
Dominican Republic,DOM,20200324,3.00,1,3.00,1,2.00,1,3.00,1,2.00,1,1.00,1,2.00,1,4.00,0.00,,0.00,0.00,0.00,2.00,1,2.00,1.00,0.00,0.00,,245,3,89.81,89.81,100.00,100.00,71.15,71.15,84.09,84.09,0.00,0.00
Dominican Republic,DOM,20200325,3.00,1,3.00,1,2.00,1,3.00,1,2.00,1,1.00,1,2.00,1,4.00,0.00,,0.00,0.00,0.00,2.00,1,2.00,1.00,0.00,0.00,,312,6,89.81,89.81,100.00,100.00,71.15,71.15,84.09,84.09,0.00,0.00
Dominican Republic,DOM,20200326,3.00,1,3.00,1,2.00,1,3.00,1,2.00,1,1.00,1,2.00,1,4.00,0.00,,0.00,0.00,0.00,2.00,1,2.00,1.00,0.00,0.00,,392,10,89.81,89.81,100.00,100.00,71.15,71.15,84.09,84.09,0.00,0.00
Dominican Republic,DOM,20200327,3.00,1,3.00,1,2.00,1,3.00,1,2.00,1,1.00,1,2.00,1,4.00,1.00,1,0.00,580000000.00,0.00,2.00,1,2.00,1.00,0.00,0.00,,488,10,89.81,89.81,100.00,100.00,75.00,75.00,84.09,84.09,25.00,25.00
Dominican Republic,DOM,20200328,3.00,1,3.00,1,2.00,1,3.00,1,2.00,1,1.00,1,2.00,1,4.00,1.00,1,0.00,0.00,0.00,2.00,1,2.00,1.00,0.00,0.00,,581,20,89.81,89.81,100.00,100.00,75.00,75.00,84.09,84.09,25.00,25.00
Dominican Republic,DOM,20200329,3.00,1,3.00,1,2.00,1,3.00,1,2.00,1,1.00,1,2.00,1,4.00,1.00,1,0.00,0.00,0.00,2.00,1,2.00,1.00,0.00,0.00,,719,28,89.81,89.81,100.00,100.00,75.00,75.00,84.09,84.09,25.00,25.00
Dominican Republic,DOM,20200330,3.00,1,3.00,1,2.00,1,3.00,1,2.00,1,1.00,1,2.00,1,4.00,1.00,1,0.00,0.00,0.00,2.00,1,2.00,1.00,0.00,0.00,,859,39,89.81,89.81,100.00,100.00,75.00,75.00,84.09,84.09,25.00,25.00
Dominican Republic,DOM,20200331,3.00,1,3.00,1,2.00,1,3.00,1,2.00,1,1.00,1,2.00,1,4.00,1.00,1,0.00,0.00,0.00,2.00,1,2.00,1.00,0.00,0.00,,901,42,89.81,89.81,100.00,100.00,75.00,75.00,84.09,84.09,25.00,25.00
Dominican Republic,DOM,20200401,3.00,1,3.00,1,2.00,1,3.00,1,2.00,1,1.00,1,2.00,1,4.00,1.00,1,0.00,0.00,0.00,2.00,1,2.00,1.00,,0.00,,1109,51,89.81,89.81,100.00,100.00,75.00,75.00,84.09,84.09,25.00,25.00
Dominican Republic,DOM,20200402,3.00,1,3.00,1,2.00,1,3.00,1,2.00,1,1.00,1,2.00,1,4.00,1.00,1,0.00,0.00,0.00,2.00,1,2.00,1.00,0.00,0.00,,1284,57,89.81,89.81,100.00,100.00,75.00,75.00,84.09,84.09,25.00,25.00
Dominican Republic,DOM,20200403,3.00,1,3.00,1,2.00,1,3.00,1,2.00,1,1.00,1,2.00,1,4.00,1.00,1,0.00,0.00,0.00,2.00,1,2.00,1.00,0.00,0.00,,1380,60,89.81,89.81,100.00,100.00,75.00,75.00,84.09,84.09,25.00,25.00
Dominican Republic,DOM,20200404,3.00,1,3.00,1,2.00,1,3.00,1,2.00,1,1.00,1,2.00,1,4.00,1.00,1,0.00,0.00,0.00,2.00,1,2.00,1.00,0.00,0.00,,1488,68,89.81,89.81,100.00,100.00,75.00,75.00,84.09,84.09,25.00,25.00
Dominican Republic,DOM,20200405,3.00,1,3.00,1,2.00,1,3.00,1,2.00,1,1.00,1,2.00,1,4.00,1.00,1,0.00,0.00,0.00,2.00,1,2.00,1.00,0.00,0.00,,1578,77,89.81,89.81,100.00,100.00,75.00,75.00,84.09,84.09,25.00,25.00
Dominican Republic,DOM,20200406,3.00,1,3.00,1,2.00,1,3.00,1,2.00,1,1.00,1,2.00,1,4.00,1.00,1,0.00,0.00,0.00,2.00,1,2.00,1.00,0.00,0.00,,1745,82,89.81,89.81,100.00,100.00,75.00,75.00,84.09,84.09,25.00,25.00
Dominican Republic,DOM,20200407,3.00,1,3.00,1,2.00,1,3.00,1,2.00,1,1.00,1,2.00,1,4.00,1.00,1,0.00,0.00,0.00,2.00,1,2.00,1.00,0.00,0.00,,1828,86,89.81,89.81,100.00,100.00,75.00,75.00,84.09,84.09,25.00,25.00
Dominican Republic,DOM,20200408,3.00,1,3.00,1,2.00,1,3.00,1,2.00,1,1.00,1,2.00,1,4.00,1.00,1,0.00,0.00,0.00,2.00,1,2.00,1.00,0.00,0.00,,1956,98,89.81,89.81,100.00,100.00,75.00,75.00,84.09,84.09,25.00,25.00
Dominican Republic,DOM,20200409,3.00,1,3.00,1,2.00,1,3.00,1,2.00,1,1.00,1,2.00,1,4.00,1.00,1,0.00,0.00,0.00,2.00,1,2.00,1.00,0.00,0.00,,2111,108,89.81,89.81,100.00,100.00,75.00,75.00,84.09,84.09,25.00,25.00
Dominican Republic,DOM,20200410,3.00,1,3.00,1,2.00,1,3.00,1,2.00,1,1.00,1,2.00,1,4.00,1.00,1,0.00,0.00,0.00,2.00,1,2.00,1.00,0.00,0.00,,2349,118,89.81,89.81,100.00,100.00,75.00,75.00,84.09,84.09,25.00,25.00
Dominican Republic,DOM,20200411,3.00,1,3.00,1,2.00,1,3.00,1,2.00,1,1.00,1,2.00,1,4.00,1.00,1,0.00,0.00,0.00,2.00,1,2.00,1.00,0.00,0.00,,2620,126,89.81,89.81,100.00,100.00,75.00,75.00,84.09,84.09,25.00,25.00
Dominican Republic,DOM,20200412,3.00,1,3.00,1,2.00,1,3.00,1,2.00,1,1.00,1,2.00,1,4.00,1.00,1,0.00,0.00,0.00,2.00,1,2.00,1.00,0.00,0.00,,2759,135,89.81,89.81,100.00,100.00,75.00,75.00,84.09,84.09,25.00,25.00
Dominican Republic,DOM,20200413,3.00,1,3.00,1,2.00,1,3.00,1,2.00,1,1.00,1,2.00,1,4.00,1.00,1,0.00,0.00,0.00,2.00,1,2.00,1.00,0.00,0.00,,2967,173,89.81,89.81,100.00,100.00,75.00,75.00,84.09,84.09,25.00,25.00
Dominican Republic,DOM,20200414,3.00,1,3.00,1,2.00,1,3.00,1,2.00,1,1.00,1,2.00,1,4.00,1.00,1,0.00,0.00,0.00,2.00,1,2.00,1.00,0.00,0.00,,3167,177,89.81,89.81,100.00,100.00,75.00,75.00,84.09,84.09,25.00,25.00
Dominican Republic,DOM,20200415,3.00,1,3.00,1,2.00,1,3.00,1,2.00,1,1.00,1,2.00,1,4.00,1.00,1,0.00,0.00,0.00,2.00,1,2.00,1.00,0.00,0.00,,3286,183,89.81,89.81,100.00,100.00,75.00,75.00,84.09,84.09,25.00,25.00
Dominican Republic,DOM,20200416,3.00,1,3.00,1,2.00,1,3.00,1,2.00,1,1.00,1,2.00,1,4.00,1.00,1,0.00,0.00,0.00,2.00,1,2.00,1.00,0.00,0.00,,3614,189,89.81,89.81,100.00,100.00,75.00,75.00,84.09,84.09,25.00,25.00
Dominican Republic,DOM,20200417,3.00,1,3.00,1,2.00,1,3.00,1,2.00,1,1.00,1,2.00,1,4.00,1.00,1,0.00,0.00,0.00,2.00,1,2.00,1.00,0.00,0.00,,3755,196,89.81,89.81,100.00,100.00,75.00,75.00,84.09,84.09,25.00,25.00
Dominican Republic,DOM,20200418,3.00,1,3.00,1,2.00,1,3.00,1,2.00,1,2.00,1,2.00,1,4.00,1.00,1,0.00,0.00,0.00,2.00,1,2.00,1.00,0.00,0.00,,4126,200,93.52,93.52,100.00,100.00,77.56,77.56,87.12,87.12,25.00,25.00
Dominican Republic,DOM,20200419,3.00,1,3.00,1,2.00,1,3.00,1,2.00,1,2.00,1,2.00,1,4.00,1.00,1,0.00,0.00,0.00,2.00,1,2.00,1.00,0.00,0.00,,4335,217,93.52,93.52,100.00,100.00,77.56,77.56,87.12,87.12,25.00,25.00
Dominican Republic,DOM,20200420,3.00,1,3.00,1,2.00,1,3.00,1,2.00,1,2.00,1,2.00,1,4.00,1.00,1,0.00,0.00,0.00,2.00,1,2.00,1.00,0.00,0.00,,4680,226,93.52,93.52,100.00,100.00,77.56,77.56,87.12,87.12,25.00,25.00
Dominican Republic,DOM,20200421,3.00,1,3.00,1,2.00,1,3.00,1,2.00,1,2.00,1,2.00,1,4.00,1.00,1,0.00,0.00,0.00,2.00,1,2.00,1.00,0.00,0.00,,4964,235,93.52,93.52,100.00,100.00,77.56,77.56,87.12,87.12,25.00,25.00
Dominican Republic,DOM,20200422,3.00,1,3.00,1,2.00,1,3.00,1,2.00,1,2.00,1,2.00,1,4.00,1.00,1,0.00,0.00,0.00,2.00,1,2.00,1.00,0.00,0.00,,5044,245,93.52,93.52,100.00,100.00,77.56,77.56,87.12,87.12,25.00,25.00
Dominican Republic,DOM,20200423,3.00,1,3.00,1,2.00,1,3.00,1,2.00,1,2.00,1,2.00,1,4.00,1.00,1,0.00,0.00,0.00,2.00,1,2.00,1.00,0.00,0.00,,5300,260,93.52,93.52,100.00,100.00,77.56,77.56,87.12,87.12,25.00,25.00
Dominican Republic,DOM,20200424,3.00,1,3.00,1,2.00,1,3.00,1,2.00,1,2.00,1,2.00,1,4.00,1.00,1,0.00,0.00,0.00,2.00,1,2.00,1.00,0.00,0.00,,5543,265,93.52,93.52,100.00,100.00,77.56,77.56,87.12,87.12,25.00,25.00
Dominican Republic,DOM,20200425,3.00,1,3.00,1,2.00,1,3.00,1,2.00,1,2.00,1,2.00,1,4.00,1.00,1,0.00,0.00,0.00,2.00,1,2.00,1.00,0.00,0.00,,5749,267,93.52,93.52,100.00,100.00,77.56,77.56,87.12,87.12,25.00,25.00
Dominican Republic,DOM,20200426,3.00,1,3.00,1,2.00,1,3.00,1,2.00,1,2.00,1,2.00,1,4.00,1.00,1,0.00,0.00,0.00,2.00,1,2.00,1.00,0.00,0.00,,5926,273,93.52,93.52,100.00,100.00,77.56,77.56,87.12,87.12,25.00,25.00
Dominican Republic,DOM,20200427,3.00,1,3.00,1,2.00,1,3.00,1,2.00,1,2.00,1,2.00,1,4.00,1.00,1,0.00,0.00,0.00,2.00,1,2.00,1.00,0.00,0.00,,6135,278,93.52,93.52,100.00,100.00,77.56,77.56,87.12,87.12,25.00,25.00
Dominican Republic,DOM,20200428,3.00,1,3.00,1,2.00,1,3.00,1,2.00,1,3.00,1,2.00,1,4.00,1.00,1,0.00,0.00,0.00,2.00,1,2.00,1.00,0.00,0.00,,6135,278,97.22,97.22,100.00,100.00,80.13,80.13,90.15,90.15,25.00,25.00
Dominican Republic,DOM,20200429,3.00,1,3.00,1,2.00,1,3.00,1,2.00,1,3.00,1,2.00,1,4.00,1.00,1,0.00,0.00,0.00,2.00,1,2.00,1.00,0.00,0.00,,6416,286,97.22,97.22,100.00,100.00,80.13,80.13,90.15,90.15,25.00,25.00
Dominican Republic,DOM,20200430,3.00,1,3.00,1,2.00,1,3.00,1,2.00,1,3.00,1,2.00,1,4.00,1.00,1,0.00,0.00,0.00,2.00,1,2.00,1.00,0.00,0.00,,6652,293,97.22,97.22,100.00,100.00,80.13,80.13,90.15,90.15,25.00,25.00
Dominican Republic,DOM,20200501,3.00,1,3.00,1,2.00,1,3.00,1,2.00,1,3.00,1,2.00,1,4.00,1.00,1,0.00,0.00,0.00,2.00,1,2.00,1.00,0.00,0.00,,6972,301,97.22,97.22,100.00,100.00,80.13,80.13,90.15,90.15,25.00,25.00
Dominican Republic,DOM,20200502,3.00,1,3.00,1,2.00,1,3.00,1,2.00,1,3.00,1,2.00,1,4.00,1.00,1,0.00,0.00,0.00,2.00,1,2.00,1.00,0.00,0.00,,7288,313,97.22,97.22,100.00,100.00,80.13,80.13,90.15,90.15,25.00,25.00
Dominican Republic,DOM,20200503,3.00,1,3.00,1,2.00,1,3.00,1,2.00,1,3.00,1,2.00,1,4.00,1.00,1,0.00,0.00,0.00,2.00,1,2.00,1.00,0.00,0.00,,7578,326,97.22,97.22,100.00,100.00,80.13,80.13,90.15,90.15,25.00,25.00
Dominican Republic,DOM,20200504,3.00,1,3.00,1,2.00,1,3.00,1,2.00,1,3.00,1,2.00,1,4.00,1.00,1,0.00,0.00,0.00,2.00,1,2.00,1.00,0.00,0.00,,7954,333,97.22,97.22,100.00,100.00,80.13,80.13,90.15,90.15,25.00,25.00
Dominican Republic,DOM,20200505,3.00,1,3.00,1,2.00,1,3.00,1,2.00,1,3.00,1,2.00,1,4.00,1.00,1,0.00,0.00,0.00,2.00,1,2.00,1.00,0.00,0.00,,8235,346,97.22,97.22,100.00,100.00,80.13,80.13,90.15,90.15,25.00,25.00
Dominican Republic,DOM,20200506,3.00,1,3.00,1,2.00,1,3.00,1,2.00,1,3.00,1,2.00,1,4.00,1.00,1,0.00,0.00,0.00,2.00,1,2.00,1.00,0.00,0.00,,8480,354,97.22,97.22,100.00,100.00,80.13,80.13,90.15,90.15,25.00,25.00
Dominican Republic,DOM,20200507,3.00,1,3.00,1,2.00,1,3.00,1,2.00,1,3.00,1,2.00,1,4.00,1.00,1,0.00,0.00,0.00,2.00,1,2.00,1.00,0.00,0.00,,8807,362,97.22,97.22,100.00,100.00,80.13,80.13,90.15,90.15,25.00,25.00
Dominican Republic,DOM,20200508,3.00,1,3.00,1,2.00,1,3.00,1,2.00,1,3.00,1,2.00,1,4.00,1.00,1,0.00,0.00,0.00,2.00,1,2.00,1.00,0.00,0.00,,9095,373,97.22,97.22,100.00,100.00,80.13,80.13,90.15,90.15,25.00,25.00
Dominican Republic,DOM,20200509,3.00,1,3.00,1,2.00,1,3.00,1,2.00,1,3.00,1,2.00,1,4.00,1.00,1,0.00,0.00,0.00,2.00,1,2.00,1.00,0.00,0.00,,9376,380,97.22,97.22,100.00,100.00,80.13,80.13,90.15,90.15,25.00,25.00
Dominican Republic,DOM,20200510,3.00,1,3.00,1,2.00,1,3.00,1,2.00,1,3.00,1,2.00,1,4.00,1.00,1,0.00,0.00,0.00,2.00,1,2.00,1.00,0.00,0.00,,9882,385,97.22,97.22,100.00,100.00,80.13,80.13,90.15,90.15,25.00,25.00
Dominican Republic,DOM,20200511,3.00,1,3.00,1,2.00,1,3.00,1,2.00,1,3.00,1,2.00,1,4.00,1.00,1,0.00,0.00,0.00,2.00,1,2.00,1.00,0.00,0.00,,10347,388,97.22,97.22,100.00,100.00,80.13,80.13,90.15,90.15,25.00,25.00
Dominican Republic,DOM,20200512,3.00,1,3.00,1,2.00,1,3.00,1,2.00,1,3.00,1,2.00,1,4.00,1.00,1,0.00,0.00,0.00,2.00,1,2.00,1.00,0.00,0.00,,10634,393,97.22,97.22,100.00,100.00,80.13,80.13,90.15,90.15,25.00,25.00
Dominican Republic,DOM,20200513,3.00,1,3.00,1,2.00,1,3.00,1,2.00,1,3.00,1,2.00,1,4.00,1.00,1,0.00,0.00,0.00,2.00,1,2.00,1.00,0.00,0.00,,10900,402,97.22,97.22,100.00,100.00,80.13,80.13,90.15,90.15,25.00,25.00
Dominican Republic,DOM,20200514,3.00,1,3.00,1,2.00,1,3.00,1,2.00,1,3.00,1,2.00,1,4.00,1.00,1,0.00,0.00,0.00,2.00,1,2.00,1.00,0.00,0.00,,11196,409,97.22,97.22,100.00,100.00,80.13,80.13,90.15,90.15,25.00,25.00
Dominican Republic,DOM,20200515,3.00,1,3.00,1,2.00,1,3.00,1,2.00,1,3.00,1,2.00,1,4.00,1.00,1,0.00,0.00,0.00,2.00,1,2.00,1.00,0.00,0.00,,11320,422,97.22,97.22,100.00,100.00,80.13,80.13,90.15,90.15,25.00,25.00
Dominican Republic,DOM,20200516,3.00,1,3.00,1,2.00,1,3.00,1,2.00,1,3.00,1,2.00,1,4.00,1.00,1,0.00,0.00,0.00,2.00,1,2.00,1.00,0.00,0.00,,11739,424,97.22,97.22,100.00,100.00,80.13,80.13,90.15,90.15,25.00,25.00
Dominican Republic,DOM,20200517,3.00,1,3.00,1,2.00,1,3.00,1,2.00,1,3.00,1,2.00,1,4.00,1.00,1,0.00,0.00,0.00,2.00,1,2.00,1.00,0.00,0.00,,11893,424,97.22,97.22,100.00,100.00,80.13,80.13,90.15,90.15,25.00,25.00
Dominican Republic,DOM,20200518,3.00,1,3.00,1,2.00,1,3.00,1,2.00,1,2.00,1,2.00,1,4.00,1.00,1,0.00,0.00,0.00,2.00,1,2.00,1.00,0.00,0.00,,12314,428,93.52,93.52,100.00,100.00,77.56,77.56,87.12,87.12,25.00,25.00
Dominican Republic,DOM,20200519,3.00,1,3.00,1,2.00,1,3.00,1,2.00,1,2.00,1,2.00,1,4.00,1.00,1,0.00,0.00,0.00,2.00,1,2.00,1.00,0.00,0.00,,12725,434,93.52,93.52,100.00,100.00,77.56,77.56,87.12,87.12,25.00,25.00
Dominican Republic,DOM,20200520,3.00,1,2.00,1,2.00,1,3.00,1,1.00,1,2.00,1,2.00,1,4.00,1.00,1,0.00,0.00,0.00,2.00,1,2.00,1.00,0.00,0.00,,13223,441,84.26,84.26,91.67,91.67,71.15,71.15,79.55,79.55,25.00,25.00
Dominican Republic,DOM,20200521,3.00,1,2.00,1,2.00,1,3.00,1,1.00,1,2.00,1,2.00,1,4.00,1.00,1,0.00,0.00,0.00,2.00,1,2.00,1.00,0.00,0.00,,13477,446,84.26,84.26,91.67,91.67,71.15,71.15,79.55,79.55,25.00,25.00
Dominican Republic,DOM,20200522,3.00,1,2.00,1,2.00,1,3.00,1,1.00,1,2.00,1,2.00,1,4.00,1.00,1,0.00,0.00,0.00,2.00,1,2.00,1.00,0.00,0.00,,13657,448,84.26,84.26,91.67,91.67,71.15,71.15,79.55,79.55,25.00,25.00
Dominican Republic,DOM,20200523,3.00,1,2.00,1,2.00,1,3.00,1,1.00,1,2.00,1,2.00,1,4.00,1.00,1,0.00,0.00,0.00,2.00,1,2.00,1.00,0.00,0.00,,13989,456,84.26,84.26,91.67,91.67,71.15,71.15,79.55,79.55,25.00,25.00
Dominican Republic,DOM,20200524,3.00,1,2.00,1,2.00,1,3.00,1,1.00,1,2.00,1,2.00,1,4.00,1.00,1,0.00,0.00,0.00,2.00,1,2.00,1.00,0.00,0.00,,14422,458,84.26,84.26,91.67,91.67,71.15,71.15,79.55,79.55,25.00,25.00
Dominican Republic,DOM,20200525,3.00,1,2.00,1,2.00,1,3.00,1,1.00,1,2.00,1,2.00,1,4.00,1.00,1,0.00,0.00,0.00,2.00,1,2.00,1.00,0.00,0.00,,14422,458,84.26,84.26,91.67,91.67,71.15,71.15,79.55,79.55,25.00,25.00
Dominican Republic,DOM,20200526,3.00,1,2.00,1,2.00,1,3.00,1,1.00,1,2.00,1,2.00,1,4.00,1.00,1,0.00,0.00,0.00,2.00,1,2.00,1.00,0.00,0.00,,15073,460,84.26,84.26,91.67,91.67,71.15,71.15,79.55,79.55,25.00,25.00
Dominican Republic,DOM,20200527,3.00,1,2.00,1,2.00,1,3.00,1,1.00,1,2.00,1,2.00,1,4.00,1.00,1,0.00,0.00,0.00,2.00,1,2.00,1.00,0.00,0.00,,15264,468,84.26,84.26,91.67,91.67,71.15,71.15,79.55,79.55,25.00,25.00
Dominican Republic,DOM,20200528,3.00,1,2.00,1,2.00,1,3.00,1,1.00,1,2.00,1,2.00,1,4.00,1.00,1,0.00,0.00,0.00,2.00,1,2.00,1.00,0.00,0.00,,15723,474,84.26,84.26,91.67,91.67,71.15,71.15,79.55,79.55,25.00,25.00
Dominican Republic,DOM,20200529,3.00,1,2.00,1,2.00,1,3.00,1,1.00,1,2.00,1,2.00,1,4.00,1.00,1,0.00,0.00,0.00,2.00,1,2.00,1.00,0.00,0.00,,16068,485,84.26,84.26,91.67,91.67,71.15,71.15,79.55,79.55,25.00,25.00
Dominican Republic,DOM,20200530,3.00,1,2.00,1,2.00,1,3.00,1,1.00,1,2.00,1,2.00,1,4.00,1.00,1,0.00,0.00,0.00,2.00,1,2.00,1.00,0.00,0.00,,16531,488,84.26,84.26,91.67,91.67,71.15,71.15,79.55,79.55,25.00,25.00
Dominican Republic,DOM,20200531,3.00,1,2.00,1,2.00,1,3.00,1,1.00,1,2.00,1,2.00,1,4.00,1.00,1,0.00,0.00,0.00,2.00,1,2.00,1.00,0.00,0.00,,16908,498,84.26,84.26,91.67,91.67,71.15,71.15,79.55,79.55,25.00,25.00
Dominican Republic,DOM,20200601,3.00,1,2.00,1,2.00,1,3.00,1,0.00,,2.00,1,2.00,1,4.00,1.00,1,0.00,0.00,0.00,2.00,1,2.00,1.00,0.00,0.00,,17285,502,78.70,78.70,82.14,82.14,67.31,67.31,75.00,75.00,25.00,25.00
Dominican Republic,DOM,20200602,3.00,1,2.00,1,2.00,1,3.00,1,0.00,,2.00,1,2.00,1,4.00,1.00,1,0.00,0.00,0.00,2.00,1,2.00,1.00,0.00,0.00,,17572,502,78.70,78.70,82.14,82.14,67.31,67.31,75.00,75.00,25.00,25.00
Dominican Republic,DOM,20200603,3.00,1,2.00,1,2.00,1,3.00,1,0.00,,2.00,1,2.00,1,4.00,1.00,1,0.00,0.00,0.00,2.00,1,2.00,1.00,0.00,0.00,,17752,515,78.70,78.70,82.14,82.14,67.31,67.31,75.00,75.00,25.00,25.00
Dominican Republic,DOM,20200604,3.00,1,2.00,1,2.00,1,3.00,1,0.00,,2.00,1,2.00,1,4.00,1.00,1,0.00,0.00,0.00,2.00,1,2.00,1.00,0.00,0.00,,18040,516,78.70,78.70,82.14,82.14,67.31,67.31,75.00,75.00,25.00,25.00
Dominican Republic,DOM,20200605,3.00,1,2.00,1,2.00,1,3.00,1,0.00,,2.00,1,2.00,1,4.00,1.00,1,0.00,0.00,0.00,2.00,1,2.00,1.00,0.00,0.00,,18319,520,78.70,78.70,82.14,82.14,67.31,67.31,75.00,75.00,25.00,25.00
Dominican Republic,DOM,20200606,3.00,1,2.00,1,2.00,1,3.00,1,0.00,,2.00,1,2.00,1,4.00,1.00,1,0.00,0.00,0.00,2.00,1,2.00,1.00,0.00,0.00,,18708,525,78.70,78.70,82.14,82.14,67.31,67.31,75.00,75.00,25.00,25.00
Dominican Republic,DOM,20200607,3.00,1,2.00,1,2.00,1,3.00,1,0.00,,2.00,1,2.00,1,4.00,1.00,1,0.00,0.00,0.00,2.00,1,2.00,1.00,0.00,0.00,,19195,536,78.70,78.70,82.14,82.14,67.31,67.31,75.00,75.00,25.00,25.00
Dominican Republic,DOM,20200608,3.00,1,2.00,1,2.00,1,3.00,1,0.00,,2.00,1,2.00,1,4.00,1.00,1,0.00,0.00,0.00,2.00,1,2.00,1.00,0.00,0.00,,19600,538,78.70,78.70,82.14,82.14,67.31,67.31,75.00,75.00,25.00,25.00
Dominican Republic,DOM,20200609,3.00,1,2.00,1,2.00,1,3.00,1,0.00,,2.00,1,2.00,1,4.00,1.00,1,0.00,0.00,0.00,2.00,1,2.00,1.00,0.00,0.00,,20126,539,78.70,78.70,82.14,82.14,67.31,67.31,75.00,75.00,25.00,25.00
Dominican Republic,DOM,20200610,3.00,1,2.00,1,2.00,1,3.00,1,0.00,,2.00,1,2.00,1,4.00,1.00,1,0.00,0.00,0.00,2.00,1,2.00,1.00,0.00,0.00,,20415,544,78.70,78.70,82.14,82.14,67.31,67.31,75.00,75.00,25.00,25.00
Dominican Republic,DOM,20200611,3.00,1,2.00,1,2.00,1,3.00,1,0.00,,2.00,1,2.00,1,4.00,1.00,1,0.00,0.00,0.00,2.00,1,2.00,1.00,0.00,0.00,,20808,550,78.70,78.70,82.14,82.14,67.31,67.31,75.00,75.00,25.00,25.00
Dominican Republic,DOM,20200612,,,,,,,,,,,,,,,,,,,,,,,,,,,,21437,561,,,,,,,,,,
Dominican Republic,DOM,20200613,,,,,,,,,,,,,,,,,,,,,,,,,,,,22008,568,,,,,,,,,,
Dominican Republic,DOM,20200614,,,,,,,,,,,,,,,,,,,,,,,,,,,,22572,577,,,,,,,,,,
Dominican Republic,DOM,20200615,,,,,,,,,,,,,,,,,,,,,,,,,,,,22962,592,,,,,,,,,,
Dominican Republic,DOM,20200616,,,,,,,,,,,,,,,,,,,,,,,,,,,,23271,605,,,,,,,,,,
Dominican Republic,DOM,20200617,,,,,,,,,,,,,,,,,,,,,,,,,,,,23686,615,,78.70,,82.14,,67.31,,75.00,,25.00
Dominican Republic,DOM,20200618,,,,,,,,,,,,,,,,,,,,,,,,,,,,24105,633,,78.70,,82.14,,67.31,,75.00,,25.00
Dominican Republic,DOM,20200619,,,,,,,,,,,,,,,,,,,,,,,,,,,,24645,635,,78.70,,82.14,,67.31,,75.00,,25.00
Dominican Republic,DOM,20200620,,,,,,,,,,,,,,,,,,,,,,,,,,,,25068,647,,78.70,,82.14,,67.31,,75.00,,25.00
Dominican Republic,DOM,20200621,,,,,,,,,,,,,,,,,,,,,,,,,,,,25778,655,,78.70,,82.14,,67.31,,75.00,,25.00
Dominican Republic,DOM,20200622,,,,,,,,,,,,,,,,,,,,,,,,,,,,26677,662,,78.70,,82.14,,67.31,,75.00,,25.00
Dominican Republic,DOM,20200623,,,,,,,,,,,,,,,,,,,,,,,,,,,,27370,669,,78.70,,82.14,,67.31,,75.00,,25.00
