Democratic Republic of Congo,COD,20200101,0.00,,0.00,,0.00,,0.00,,0.00,,0.00,,0.00,,0.00,0.00,,0.00,0.00,0.00,0.00,,0.00,0.00,0.00,0.00,,,,0.00,0.00,0.00,0.00,0.00,0.00,0.00,0.00,0.00,0.00
Democratic Republic of Congo,COD,20200102,0.00,,0.00,,0.00,,0.00,,0.00,,0.00,,0.00,,0.00,0.00,,0.00,0.00,0.00,0.00,,0.00,0.00,0.00,0.00,,,,0.00,0.00,0.00,0.00,0.00,0.00,0.00,0.00,0.00,0.00
Democratic Republic of Congo,COD,20200103,0.00,,0.00,,0.00,,0.00,,0.00,,0.00,,0.00,,0.00,0.00,,0.00,0.00,0.00,0.00,,0.00,0.00,0.00,0.00,,,,0.00,0.00,0.00,0.00,0.00,0.00,0.00,0.00,0.00,0.00
Democratic Republic of Congo,COD,20200104,0.00,,0.00,,0.00,,0.00,,0.00,,0.00,,0.00,,0.00,0.00,,0.00,0.00,0.00,0.00,,0.00,0.00,0.00,0.00,,,,0.00,0.00,0.00,0.00,0.00,0.00,0.00,0.00,0.00,0.00
Democratic Republic of Congo,COD,20200105,0.00,,0.00,,0.00,,0.00,,0.00,,0.00,,0.00,,0.00,0.00,,0.00,0.00,0.00,0.00,,0.00,0.00,0.00,0.00,,,,0.00,0.00,0.00,0.00,0.00,0.00,0.00,0.00,0.00,0.00
Democratic Republic of Congo,COD,20200106,0.00,,0.00,,0.00,,0.00,,0.00,,0.00,,0.00,,0.00,0.00,,0.00,0.00,0.00,0.00,,0.00,0.00,0.00,0.00,,,,0.00,0.00,0.00,0.00,0.00,0.00,0.00,0.00,0.00,0.00
Democratic Republic of Congo,COD,20200107,0.00,,0.00,,0.00,,0.00,,0.00,,0.00,,0.00,,0.00,0.00,,0.00,0.00,0.00,0.00,,0.00,0.00,0.00,0.00,,,,0.00,0.00,0.00,0.00,0.00,0.00,0.00,0.00,0.00,0.00
Democratic Republic of Congo,COD,20200108,0.00,,0.00,,0.00,,0.00,,0.00,,0.00,,0.00,,0.00,0.00,,0.00,0.00,0.00,0.00,,0.00,0.00,0.00,0.00,,,,0.00,0.00,0.00,0.00,0.00,0.00,0.00,0.00,0.00,0.00
Democratic Republic of Congo,COD,20200109,0.00,,0.00,,0.00,,0.00,,0.00,,0.00,,0.00,,0.00,0.00,,0.00,0.00,0.00,0.00,,0.00,0.00,0.00,0.00,,,,0.00,0.00,0.00,0.00,0.00,0.00,0.00,0.00,0.00,0.00
Democratic Republic of Congo,COD,20200110,0.00,,0.00,,0.00,,0.00,,0.00,,0.00,,0.00,,0.00,0.00,,0.00,0.00,0.00,0.00,,0.00,0.00,0.00,0.00,,,,0.00,0.00,0.00,0.00,0.00,0.00,0.00,0.00,0.00,0.00
Democratic Republic of Congo,COD,20200111,0.00,,0.00,,0.00,,0.00,,0.00,,0.00,,0.00,,0.00,0.00,,0.00,0.00,0.00,0.00,,0.00,0.00,0.00,0.00,,,,0.00,0.00,0.00,0.00,0.00,0.00,0.00,0.00,0.00,0.00
Democratic Republic of Congo,COD,20200112,0.00,,0.00,,0.00,,0.00,,0.00,,0.00,,0.00,,0.00,0.00,,0.00,0.00,0.00,0.00,,0.00,0.00,0.00,0.00,,,,0.00,0.00,0.00,0.00,0.00,0.00,0.00,0.00,0.00,0.00
Democratic Republic of Congo,COD,20200113,0.00,,0.00,,0.00,,0.00,,0.00,,0.00,,0.00,,0.00,0.00,,0.00,0.00,0.00,0.00,,0.00,0.00,0.00,0.00,,,,0.00,0.00,0.00,0.00,0.00,0.00,0.00,0.00,0.00,0.00
Democratic Republic of Congo,COD,20200114,0.00,,0.00,,0.00,,0.00,,0.00,,0.00,,0.00,,0.00,0.00,,0.00,0.00,0.00,0.00,,0.00,0.00,0.00,0.00,,,,0.00,0.00,0.00,0.00,0.00,0.00,0.00,0.00,0.00,0.00
Democratic Republic of Congo,COD,20200115,0.00,,0.00,,0.00,,0.00,,0.00,,0.00,,0.00,,0.00,0.00,,0.00,0.00,0.00,0.00,,0.00,0.00,0.00,0.00,,,,0.00,0.00,0.00,0.00,0.00,0.00,0.00,0.00,0.00,0.00
Democratic Republic of Congo,COD,20200116,0.00,,0.00,,0.00,,0.00,,0.00,,0.00,,0.00,,0.00,0.00,,0.00,0.00,0.00,0.00,,0.00,0.00,0.00,0.00,,,,0.00,0.00,0.00,0.00,0.00,0.00,0.00,0.00,0.00,0.00
Democratic Republic of Congo,COD,20200117,0.00,,0.00,,0.00,,0.00,,0.00,,0.00,,0.00,,0.00,0.00,,0.00,0.00,0.00,0.00,,0.00,0.00,0.00,0.00,,,,0.00,0.00,0.00,0.00,0.00,0.00,0.00,0.00,0.00,0.00
Democratic Republic of Congo,COD,20200118,0.00,,0.00,,0.00,,0.00,,0.00,,0.00,,0.00,,0.00,0.00,,0.00,0.00,0.00,0.00,,0.00,0.00,0.00,0.00,,,,0.00,0.00,0.00,0.00,0.00,0.00,0.00,0.00,0.00,0.00
Democratic Republic of Congo,COD,20200119,0.00,,0.00,,0.00,,0.00,,0.00,,0.00,,0.00,,0.00,0.00,,0.00,0.00,0.00,0.00,,0.00,0.00,0.00,0.00,,,,0.00,0.00,0.00,0.00,0.00,0.00,0.00,0.00,0.00,0.00
Democratic Republic of Congo,COD,20200120,0.00,,0.00,,0.00,,0.00,,0.00,,0.00,,0.00,,0.00,0.00,,0.00,0.00,0.00,0.00,,0.00,0.00,0.00,0.00,,,,0.00,0.00,0.00,0.00,0.00,0.00,0.00,0.00,0.00,0.00
Democratic Republic of Congo,COD,20200121,0.00,,0.00,,0.00,,0.00,,0.00,,0.00,,0.00,,0.00,0.00,,0.00,0.00,0.00,0.00,,0.00,0.00,0.00,0.00,,,,0.00,0.00,0.00,0.00,0.00,0.00,0.00,0.00,0.00,0.00
Democratic Republic of Congo,COD,20200122,0.00,,0.00,,0.00,,0.00,,0.00,,0.00,,0.00,,0.00,0.00,,0.00,0.00,0.00,0.00,,0.00,0.00,0.00,0.00,,,,0.00,0.00,0.00,0.00,0.00,0.00,0.00,0.00,0.00,0.00
Democratic Republic of Congo,COD,20200123,0.00,,0.00,,0.00,,0.00,,0.00,,0.00,,0.00,,0.00,0.00,,0.00,0.00,0.00,0.00,,0.00,0.00,0.00,0.00,,,,0.00,0.00,0.00,0.00,0.00,0.00,0.00,0.00,0.00,0.00
Democratic Republic of Congo,COD,20200124,0.00,,0.00,,0.00,,0.00,,0.00,,0.00,,0.00,,0.00,0.00,,0.00,0.00,0.00,0.00,,0.00,0.00,0.00,0.00,,,,0.00,0.00,0.00,0.00,0.00,0.00,0.00,0.00,0.00,0.00
Democratic Republic of Congo,COD,20200125,0.00,,0.00,,0.00,,0.00,,0.00,,0.00,,0.00,,0.00,0.00,,0.00,0.00,0.00,0.00,,0.00,0.00,0.00,0.00,,,,0.00,0.00,0.00,0.00,0.00,0.00,0.00,0.00,0.00,0.00
Democratic Republic of Congo,COD,20200126,0.00,,0.00,,0.00,,0.00,,0.00,,0.00,,0.00,,0.00,0.00,,0.00,0.00,0.00,0.00,,0.00,0.00,0.00,0.00,,,,0.00,0.00,0.00,0.00,0.00,0.00,0.00,0.00,0.00,0.00
Democratic Republic of Congo,COD,20200127,0.00,,0.00,,0.00,,0.00,,0.00,,0.00,,0.00,,0.00,0.00,,0.00,0.00,0.00,0.00,,0.00,0.00,0.00,0.00,,,,0.00,0.00,0.00,0.00,0.00,0.00,0.00,0.00,0.00,0.00
Democratic Republic of Congo,COD,20200128,0.00,,0.00,,0.00,,0.00,,0.00,,0.00,,0.00,,0.00,0.00,,0.00,0.00,0.00,0.00,,0.00,0.00,0.00,0.00,,,,0.00,0.00,0.00,0.00,0.00,0.00,0.00,0.00,0.00,0.00
Democratic Republic of Congo,COD,20200129,0.00,,0.00,,0.00,,0.00,,0.00,,0.00,,0.00,,0.00,0.00,,0.00,0.00,0.00,0.00,,0.00,0.00,0.00,0.00,,,,0.00,0.00,0.00,0.00,0.00,0.00,0.00,0.00,0.00,0.00
Democratic Republic of Congo,COD,20200130,0.00,,0.00,,0.00,,0.00,,0.00,,0.00,,0.00,,0.00,0.00,,0.00,0.00,0.00,0.00,,0.00,0.00,0.00,0.00,,,,0.00,0.00,0.00,0.00,0.00,0.00,0.00,0.00,0.00,0.00
Democratic Republic of Congo,COD,20200131,0.00,,0.00,,0.00,,0.00,,0.00,,0.00,,0.00,,0.00,0.00,,0.00,0.00,0.00,0.00,,0.00,0.00,0.00,0.00,,,,0.00,0.00,0.00,0.00,0.00,0.00,0.00,0.00,0.00,0.00
Democratic Republic of Congo,COD,20200201,0.00,,0.00,,0.00,,0.00,,0.00,,0.00,,0.00,,0.00,0.00,,0.00,0.00,0.00,0.00,,0.00,0.00,0.00,0.00,,,,0.00,0.00,0.00,0.00,0.00,0.00,0.00,0.00,0.00,0.00
Democratic Republic of Congo,COD,20200202,0.00,,0.00,,0.00,,0.00,,0.00,,0.00,,0.00,,0.00,0.00,,0.00,0.00,0.00,0.00,,0.00,0.00,0.00,0.00,,,,0.00,0.00,0.00,0.00,0.00,0.00,0.00,0.00,0.00,0.00
Democratic Republic of Congo,COD,20200203,0.00,,0.00,,0.00,,0.00,,0.00,,0.00,,0.00,,0.00,0.00,,0.00,0.00,0.00,0.00,,0.00,0.00,0.00,0.00,,,,0.00,0.00,0.00,0.00,0.00,0.00,0.00,0.00,0.00,0.00
Democratic Republic of Congo,COD,20200204,0.00,,0.00,,0.00,,0.00,,0.00,,0.00,,0.00,,0.00,0.00,,0.00,0.00,0.00,0.00,,0.00,0.00,0.00,0.00,,,,0.00,0.00,0.00,0.00,0.00,0.00,0.00,0.00,0.00,0.00
Democratic Republic of Congo,COD,20200205,0.00,,0.00,,0.00,,0.00,,0.00,,0.00,,0.00,,0.00,0.00,,0.00,0.00,0.00,0.00,,0.00,0.00,0.00,0.00,,,,0.00,0.00,0.00,0.00,0.00,0.00,0.00,0.00,0.00,0.00
Democratic Republic of Congo,COD,20200206,0.00,,0.00,,0.00,,0.00,,0.00,,0.00,,0.00,,0.00,0.00,,0.00,0.00,0.00,0.00,,0.00,0.00,0.00,0.00,,,,0.00,0.00,0.00,0.00,0.00,0.00,0.00,0.00,0.00,0.00
Democratic Republic of Congo,COD,20200207,0.00,,0.00,,0.00,,0.00,,0.00,,0.00,,0.00,,0.00,0.00,,0.00,0.00,0.00,0.00,,0.00,0.00,0.00,0.00,,,,0.00,0.00,0.00,0.00,0.00,0.00,0.00,0.00,0.00,0.00
Democratic Republic of Congo,COD,20200208,0.00,,0.00,,0.00,,0.00,,0.00,,0.00,,0.00,,0.00,0.00,,0.00,0.00,0.00,0.00,,0.00,0.00,0.00,0.00,,,,0.00,0.00,0.00,0.00,0.00,0.00,0.00,0.00,0.00,0.00
Democratic Republic of Congo,COD,20200209,0.00,,0.00,,0.00,,0.00,,0.00,,0.00,,0.00,,0.00,0.00,,0.00,0.00,0.00,0.00,,0.00,0.00,0.00,0.00,,,,0.00,0.00,0.00,0.00,0.00,0.00,0.00,0.00,0.00,0.00
Democratic Republic of Congo,COD,20200210,0.00,,0.00,,0.00,,0.00,,0.00,,0.00,,0.00,,0.00,0.00,,0.00,0.00,0.00,0.00,,0.00,0.00,0.00,0.00,,,,0.00,0.00,0.00,0.00,0.00,0.00,0.00,0.00,0.00,0.00
Democratic Republic of Congo,COD,20200211,0.00,,0.00,,0.00,,0.00,,0.00,,0.00,,0.00,,0.00,0.00,,0.00,0.00,0.00,0.00,,0.00,0.00,0.00,0.00,,,,0.00,0.00,0.00,0.00,0.00,0.00,0.00,0.00,0.00,0.00
Democratic Republic of Congo,COD,20200212,0.00,,0.00,,0.00,,0.00,,0.00,,0.00,,0.00,,0.00,0.00,,0.00,0.00,0.00,0.00,,0.00,0.00,0.00,0.00,,,,0.00,0.00,0.00,0.00,0.00,0.00,0.00,0.00,0.00,0.00
Democratic Republic of Congo,COD,20200213,0.00,,0.00,,0.00,,0.00,,0.00,,0.00,,0.00,,0.00,0.00,,0.00,0.00,0.00,0.00,,0.00,0.00,0.00,0.00,,,,0.00,0.00,0.00,0.00,0.00,0.00,0.00,0.00,0.00,0.00
Democratic Republic of Congo,COD,20200214,0.00,,0.00,,0.00,,0.00,,0.00,,0.00,,0.00,,0.00,0.00,,0.00,0.00,0.00,0.00,,0.00,0.00,0.00,0.00,,,,0.00,0.00,0.00,0.00,0.00,0.00,0.00,0.00,0.00,0.00
Democratic Republic of Congo,COD,20200215,0.00,,0.00,,0.00,,0.00,,0.00,,0.00,,0.00,,0.00,0.00,,0.00,0.00,0.00,0.00,,0.00,0.00,0.00,0.00,,,,0.00,0.00,0.00,0.00,0.00,0.00,0.00,0.00,0.00,0.00
Democratic Republic of Congo,COD,20200216,0.00,,0.00,,0.00,,0.00,,0.00,,0.00,,0.00,,0.00,0.00,,0.00,0.00,0.00,0.00,,0.00,0.00,0.00,0.00,,,,0.00,0.00,0.00,0.00,0.00,0.00,0.00,0.00,0.00,0.00
Democratic Republic of Congo,COD,20200217,0.00,,0.00,,0.00,,0.00,,0.00,,0.00,,0.00,,0.00,0.00,,0.00,0.00,0.00,0.00,,0.00,0.00,0.00,0.00,,,,0.00,0.00,0.00,0.00,0.00,0.00,0.00,0.00,0.00,0.00
Democratic Republic of Congo,COD,20200218,0.00,,0.00,,0.00,,0.00,,0.00,,0.00,,0.00,,0.00,0.00,,0.00,0.00,0.00,0.00,,0.00,0.00,0.00,0.00,,,,0.00,0.00,0.00,0.00,0.00,0.00,0.00,0.00,0.00,0.00
Democratic Republic of Congo,COD,20200219,0.00,,0.00,,0.00,,0.00,,0.00,,0.00,,0.00,,0.00,0.00,,0.00,0.00,0.00,0.00,,0.00,0.00,0.00,0.00,,,,0.00,0.00,0.00,0.00,0.00,0.00,0.00,0.00,0.00,0.00
Democratic Republic of Congo,COD,20200220,0.00,,0.00,,0.00,,0.00,,0.00,,0.00,,0.00,,1.00,0.00,,0.00,0.00,0.00,0.00,,0.00,0.00,0.00,0.00,,,,2.78,2.78,3.57,3.57,1.92,1.92,2.27,2.27,0.00,0.00
Democratic Republic of Congo,COD,20200221,0.00,,0.00,,0.00,,0.00,,0.00,,0.00,,0.00,,1.00,0.00,,0.00,0.00,0.00,0.00,,0.00,0.00,0.00,0.00,,,,2.78,2.78,3.57,3.57,1.92,1.92,2.27,2.27,0.00,0.00
Democratic Republic of Congo,COD,20200222,0.00,,0.00,,0.00,,0.00,,0.00,,0.00,,0.00,,1.00,0.00,,0.00,0.00,0.00,0.00,,0.00,0.00,0.00,0.00,,,,2.78,2.78,3.57,3.57,1.92,1.92,2.27,2.27,0.00,0.00
Democratic Republic of Congo,COD,20200223,0.00,,0.00,,0.00,,0.00,,0.00,,0.00,,0.00,,1.00,0.00,,0.00,0.00,0.00,0.00,,0.00,0.00,0.00,0.00,,,,2.78,2.78,3.57,3.57,1.92,1.92,2.27,2.27,0.00,0.00
Democratic Republic of Congo,COD,20200224,0.00,,0.00,,0.00,,0.00,,0.00,,0.00,,0.00,,1.00,0.00,,0.00,0.00,0.00,0.00,,0.00,0.00,0.00,0.00,,,,2.78,2.78,3.57,3.57,1.92,1.92,2.27,2.27,0.00,0.00
Democratic Republic of Congo,COD,20200225,0.00,,0.00,,0.00,,0.00,,0.00,,0.00,,0.00,,1.00,0.00,,0.00,0.00,0.00,0.00,,0.00,0.00,0.00,0.00,,,,2.78,2.78,3.57,3.57,1.92,1.92,2.27,2.27,0.00,0.00
Democratic Republic of Congo,COD,20200226,0.00,,0.00,,0.00,,0.00,,0.00,,0.00,,0.00,,1.00,0.00,,0.00,0.00,0.00,0.00,,0.00,0.00,0.00,0.00,,,,2.78,2.78,3.57,3.57,1.92,1.92,2.27,2.27,0.00,0.00
Democratic Republic of Congo,COD,20200227,0.00,,0.00,,0.00,,0.00,,0.00,,0.00,,0.00,,1.00,0.00,,0.00,0.00,0.00,0.00,,0.00,0.00,0.00,0.00,,,,2.78,2.78,3.57,3.57,1.92,1.92,2.27,2.27,0.00,0.00
Democratic Republic of Congo,COD,20200228,0.00,,0.00,,0.00,,0.00,,0.00,,0.00,,0.00,,1.00,0.00,,0.00,0.00,0.00,0.00,,0.00,0.00,0.00,0.00,,,,2.78,2.78,3.57,3.57,1.92,1.92,2.27,2.27,0.00,0.00
Democratic Republic of Congo,COD,20200229,0.00,,0.00,,0.00,,0.00,,0.00,,0.00,,0.00,,1.00,0.00,,0.00,0.00,0.00,0.00,,0.00,0.00,0.00,0.00,,,,2.78,2.78,3.57,3.57,1.92,1.92,2.27,2.27,0.00,0.00
Democratic Republic of Congo,COD,20200301,0.00,,0.00,,0.00,,0.00,,0.00,,0.00,,0.00,,1.00,0.00,,1.00,0.00,0.00,0.00,,0.00,0.00,0.00,0.00,,,,2.78,2.78,3.57,3.57,5.77,5.77,2.27,2.27,25.00,25.00
Democratic Republic of Congo,COD,20200302,0.00,,0.00,,0.00,,0.00,,0.00,,0.00,,0.00,,1.00,0.00,,1.00,0.00,0.00,0.00,,0.00,0.00,0.00,0.00,,,,2.78,2.78,3.57,3.57,5.77,5.77,2.27,2.27,25.00,25.00
Democratic Republic of Congo,COD,20200303,0.00,,0.00,,0.00,,0.00,,0.00,,0.00,,0.00,,1.00,0.00,,1.00,0.00,0.00,0.00,,0.00,0.00,0.00,0.00,,,,2.78,2.78,3.57,3.57,5.77,5.77,2.27,2.27,25.00,25.00
Democratic Republic of Congo,COD,20200304,0.00,,0.00,,0.00,,0.00,,0.00,,0.00,,0.00,,1.00,0.00,,1.00,0.00,0.00,0.00,,0.00,0.00,0.00,0.00,,,,2.78,2.78,3.57,3.57,5.77,5.77,2.27,2.27,25.00,25.00
Democratic Republic of Congo,COD,20200305,0.00,,0.00,,0.00,,0.00,,0.00,,0.00,,0.00,,1.00,0.00,,1.00,0.00,0.00,0.00,,0.00,0.00,0.00,0.00,,,,2.78,2.78,3.57,3.57,5.77,5.77,2.27,2.27,25.00,25.00
Democratic Republic of Congo,COD,20200306,0.00,,0.00,,0.00,,0.00,,0.00,,0.00,,0.00,,2.00,0.00,,1.00,0.00,0.00,0.00,,0.00,0.00,0.00,0.00,,,,5.56,5.56,7.14,7.14,7.69,7.69,4.55,4.55,25.00,25.00
Democratic Republic of Congo,COD,20200307,0.00,,0.00,,0.00,,0.00,,0.00,,0.00,,0.00,,2.00,0.00,,1.00,0.00,0.00,0.00,,0.00,0.00,0.00,0.00,,,,5.56,5.56,7.14,7.14,7.69,7.69,4.55,4.55,25.00,25.00
Democratic Republic of Congo,COD,20200308,0.00,,0.00,,0.00,,0.00,,0.00,,0.00,,0.00,,2.00,0.00,,1.00,0.00,0.00,0.00,,0.00,0.00,0.00,0.00,,,,5.56,5.56,7.14,7.14,7.69,7.69,4.55,4.55,25.00,25.00
Democratic Republic of Congo,COD,20200309,0.00,,0.00,,0.00,,0.00,,0.00,,0.00,,0.00,,2.00,0.00,,1.00,0.00,0.00,0.00,,0.00,0.00,0.00,0.00,,,,5.56,5.56,7.14,7.14,7.69,7.69,4.55,4.55,25.00,25.00
Democratic Republic of Congo,COD,20200310,0.00,,0.00,,0.00,,0.00,,0.00,,0.00,,0.00,,2.00,0.00,,1.00,0.00,0.00,1.00,1,1.00,0.00,0.00,0.00,,,,11.11,11.11,16.67,16.67,14.10,14.10,12.12,12.12,25.00,25.00
Democratic Republic of Congo,COD,20200311,0.00,,0.00,,0.00,,0.00,,0.00,,0.00,,0.00,,2.00,0.00,,1.00,0.00,0.00,1.00,1,1.00,1.00,0.00,0.00,,1,0,11.11,11.11,16.67,16.67,17.95,17.95,16.67,16.67,25.00,25.00
Democratic Republic of Congo,COD,20200312,0.00,,0.00,,0.00,,0.00,,0.00,,0.00,,0.00,,2.00,0.00,,1.00,0.00,0.00,1.00,1,1.00,1.00,0.00,0.00,,,,11.11,11.11,16.67,16.67,17.95,17.95,16.67,16.67,25.00,25.00
Democratic Republic of Congo,COD,20200313,0.00,,0.00,,0.00,,0.00,,0.00,,0.00,,0.00,,2.00,0.00,,1.00,0.00,0.00,1.00,1,1.00,1.00,0.00,0.00,,,,11.11,11.11,16.67,16.67,17.95,17.95,16.67,16.67,25.00,25.00
Democratic Republic of Congo,COD,20200314,0.00,,0.00,,0.00,,0.00,,0.00,,0.00,,0.00,,2.00,0.00,,1.00,0.00,0.00,1.00,1,1.00,1.00,0.00,0.00,,2,0,11.11,11.11,16.67,16.67,17.95,17.95,16.67,16.67,25.00,25.00
Democratic Republic of Congo,COD,20200315,0.00,,0.00,,0.00,,0.00,,0.00,,0.00,,0.00,,2.00,0.00,,1.00,0.00,0.00,1.00,1,1.00,1.00,0.00,0.00,,2,0,11.11,11.11,16.67,16.67,17.95,17.95,16.67,16.67,25.00,25.00
Democratic Republic of Congo,COD,20200316,0.00,,0.00,,0.00,,0.00,,0.00,,0.00,,0.00,,2.00,0.00,,1.00,0.00,0.00,1.00,1,1.00,1.00,0.00,0.00,,2,0,11.11,11.11,16.67,16.67,17.95,17.95,16.67,16.67,25.00,25.00
Democratic Republic of Congo,COD,20200317,0.00,,0.00,,0.00,,0.00,,0.00,,0.00,,0.00,,2.00,0.00,,1.00,0.00,0.00,1.00,1,1.00,1.00,0.00,0.00,,3,0,11.11,11.11,16.67,16.67,17.95,17.95,16.67,16.67,25.00,25.00
Democratic Republic of Congo,COD,20200318,0.00,,0.00,,0.00,,0.00,,0.00,,0.00,,2.00,0,2.00,0.00,,1.00,0.00,0.00,1.00,1,1.00,1.00,,0.00,,3,0,19.44,19.44,26.19,26.19,23.72,23.72,23.48,23.48,25.00,25.00
Democratic Republic of Congo,COD,20200319,3.00,1,2.00,0,2.00,1,0.00,,0.00,,0.00,,2.00,0,2.00,0.00,,1.00,0.00,0.00,2.00,1,1.00,1.00,0.00,0.00,,14,0,52.78,52.78,66.67,66.67,46.79,46.79,50.76,50.76,25.00,25.00
Democratic Republic of Congo,COD,20200320,3.00,1,2.00,0,2.00,1,0.00,,0.00,,0.00,,2.00,0,3.00,0.00,,1.00,0.00,0.00,2.00,1,1.00,1.00,0.00,0.00,,14,0,55.56,55.56,70.24,70.24,48.72,48.72,53.03,53.03,25.00,25.00
Democratic Republic of Congo,COD,20200321,3.00,1,2.00,0,2.00,1,0.00,,0.00,,0.00,,2.00,0,3.00,0.00,,1.00,0.00,0.00,2.00,1,1.00,1.00,0.00,0.00,,14,0,55.56,55.56,70.24,70.24,48.72,48.72,53.03,53.03,25.00,25.00
Democratic Republic of Congo,COD,20200322,3.00,1,2.00,0,2.00,1,0.00,,1.00,0,0.00,,2.00,0,3.00,0.00,,1.00,0.00,0.00,2.00,1,1.00,1.00,,0.00,,23,1,58.33,58.33,75.00,75.00,50.64,50.64,55.30,55.30,25.00,25.00
Democratic Republic of Congo,COD,20200323,3.00,1,2.00,0,2.00,1,0.00,,1.00,0,0.00,,2.00,0,3.00,0.00,,1.00,0.00,0.00,2.00,1,1.00,1.00,0.00,0.00,,26,2,58.33,58.33,75.00,75.00,50.64,50.64,55.30,55.30,25.00,25.00
Democratic Republic of Congo,COD,20200324,3.00,1,2.00,0,2.00,1,3.00,1,2.00,0,0.00,,2.00,1,4.00,0.00,,1.00,0.00,0.00,2.00,1,1.00,1.00,0.00,0.00,,26,2,77.78,77.78,88.10,88.10,64.10,64.10,71.21,71.21,25.00,25.00
Democratic Republic of Congo,COD,20200325,3.00,1,2.00,0,2.00,1,3.00,1,2.00,0,0.00,,2.00,1,4.00,0.00,,1.00,0.00,0.00,2.00,1,1.00,1.00,0.00,0.00,,45,3,77.78,77.78,88.10,88.10,64.10,64.10,71.21,71.21,25.00,25.00
Democratic Republic of Congo,COD,20200326,3.00,1,2.00,0,2.00,1,3.00,1,2.00,0,0.00,,2.00,1,4.00,0.00,,1.00,0.00,0.00,2.00,1,1.00,1.00,0.00,0.00,,45,3,77.78,77.78,88.10,88.10,64.10,64.10,71.21,71.21,25.00,25.00
Democratic Republic of Congo,COD,20200327,3.00,1,2.00,0,2.00,1,3.00,1,2.00,0,0.00,,2.00,1,4.00,0.00,,1.00,0.00,0.00,2.00,1,1.00,1.00,0.00,0.00,,54,4,77.78,77.78,88.10,88.10,64.10,64.10,71.21,71.21,25.00,25.00
Democratic Republic of Congo,COD,20200328,3.00,1,2.00,0,2.00,1,3.00,1,2.00,0,0.00,,2.00,1,4.00,0.00,,1.00,0.00,0.00,2.00,1,1.00,1.00,0.00,0.00,,58,4,77.78,77.78,88.10,88.10,64.10,64.10,71.21,71.21,25.00,25.00
Democratic Republic of Congo,COD,20200329,3.00,1,2.00,0,2.00,1,3.00,1,2.00,0,0.00,,2.00,1,4.00,0.00,,1.00,0.00,0.00,2.00,1,1.00,1.00,0.00,0.00,,58,6,77.78,77.78,88.10,88.10,64.10,64.10,71.21,71.21,25.00,25.00
Democratic Republic of Congo,COD,20200330,3.00,1,2.00,0,2.00,1,3.00,1,2.00,0,0.00,,2.00,1,4.00,0.00,,1.00,,0.00,2.00,1,1.00,1.00,0.00,0.00,,81,8,77.78,77.78,88.10,88.10,64.10,64.10,71.21,71.21,25.00,25.00
Democratic Republic of Congo,COD,20200331,3.00,1,2.00,0,2.00,1,3.00,1,2.00,0,0.00,,2.00,1,4.00,0.00,,1.00,0.00,0.00,2.00,1,1.00,1.00,6000000.00,0.00,,98,8,77.78,77.78,88.10,88.10,64.10,64.10,71.21,71.21,25.00,25.00
Democratic Republic of Congo,COD,20200401,3.00,1,2.00,0,2.00,1,3.00,1,2.00,0,0.00,,2.00,1,4.00,0.00,,1.00,0.00,0.00,2.00,1,1.00,1.00,,0.00,,98,8,77.78,77.78,88.10,88.10,64.10,64.10,71.21,71.21,25.00,25.00
Democratic Republic of Congo,COD,20200402,3.00,1,2.00,0,2.00,1,3.00,1,2.00,0,0.00,,2.00,1,4.00,0.00,,1.00,0.00,0.00,2.00,1,1.00,1.00,47000000.00,0.00,,123,11,77.78,77.78,88.10,88.10,64.10,64.10,71.21,71.21,25.00,25.00
Democratic Republic of Congo,COD,20200403,3.00,1,2.00,0,2.00,1,3.00,1,2.00,0,0.00,,2.00,1,4.00,0.00,,1.00,0.00,0.00,2.00,1,1.00,1.00,0.00,0.00,,123,11,77.78,77.78,88.10,88.10,64.10,64.10,71.21,71.21,25.00,25.00
Democratic Republic of Congo,COD,20200404,3.00,1,2.00,0,2.00,1,3.00,1,2.00,0,0.00,,2.00,1,4.00,0.00,,1.00,0.00,0.00,2.00,1,1.00,1.00,0.00,0.00,,134,13,77.78,77.78,88.10,88.10,64.10,64.10,71.21,71.21,25.00,25.00
Democratic Republic of Congo,COD,20200405,3.00,1,2.00,0,2.00,1,3.00,1,2.00,0,0.00,,2.00,1,4.00,0.00,,1.00,0.00,0.00,2.00,1,1.00,1.00,0.00,0.00,,154,18,77.78,77.78,88.10,88.10,64.10,64.10,71.21,71.21,25.00,25.00
Democratic Republic of Congo,COD,20200406,3.00,1,2.00,0,2.00,1,3.00,1,2.00,0,2.00,0,2.00,0,4.00,0.00,,1.00,0.00,0.00,2.00,1,1.00,1.00,0.00,0.00,,154,18,80.56,80.56,83.33,83.33,66.03,66.03,73.48,73.48,25.00,25.00
Democratic Republic of Congo,COD,20200407,3.00,1,2.00,0,2.00,1,3.00,1,2.00,0,2.00,0,2.00,0,4.00,0.00,,1.00,0.00,0.00,2.00,1,1.00,1.00,0.00,0.00,,161,18,80.56,80.56,83.33,83.33,66.03,66.03,73.48,73.48,25.00,25.00
Democratic Republic of Congo,COD,20200408,3.00,1,2.00,0,2.00,1,3.00,1,2.00,0,2.00,0,2.00,0,4.00,0.00,,1.00,0.00,0.00,2.00,1,1.00,1.00,1500000.00,0.00,,180,18,80.56,80.56,83.33,83.33,66.03,66.03,73.48,73.48,25.00,25.00
Democratic Republic of Congo,COD,20200409,3.00,1,2.00,0,2.00,1,3.00,1,2.00,0,2.00,0,2.00,0,4.00,0.00,,1.00,0.00,0.00,2.00,1,1.00,1.00,0.00,0.00,,183,20,80.56,80.56,83.33,83.33,66.03,66.03,73.48,73.48,25.00,25.00
Democratic Republic of Congo,COD,20200410,3.00,1,2.00,0,2.00,1,3.00,1,2.00,0,2.00,0,2.00,0,4.00,0.00,,1.00,0.00,0.00,2.00,1,1.00,1.00,0.00,0.00,,215,20,80.56,80.56,83.33,83.33,66.03,66.03,73.48,73.48,25.00,25.00
Democratic Republic of Congo,COD,20200411,3.00,1,2.00,0,2.00,1,3.00,1,2.00,0,2.00,0,2.00,0,4.00,0.00,,1.00,0.00,0.00,2.00,1,1.00,1.00,0.00,0.00,,223,20,80.56,80.56,83.33,83.33,66.03,66.03,73.48,73.48,25.00,25.00
Democratic Republic of Congo,COD,20200412,3.00,1,2.00,0,2.00,1,3.00,1,2.00,0,2.00,0,2.00,0,4.00,0.00,,1.00,0.00,0.00,2.00,1,1.00,1.00,0.00,0.00,,234,20,80.56,80.56,83.33,83.33,66.03,66.03,73.48,73.48,25.00,25.00
Democratic Republic of Congo,COD,20200413,3.00,1,2.00,0,2.00,1,3.00,1,2.00,0,2.00,0,2.00,0,4.00,0.00,,1.00,,0.00,2.00,1,1.00,1.00,0.00,0.00,,234,20,80.56,80.56,83.33,83.33,66.03,66.03,73.48,73.48,25.00,25.00
Democratic Republic of Congo,COD,20200414,3.00,1,2.00,0,2.00,1,3.00,1,2.00,0,2.00,0,2.00,0,4.00,0.00,,1.00,0.00,0.00,2.00,1,1.00,1.00,0.00,0.00,,235,20,80.56,80.56,83.33,83.33,66.03,66.03,73.48,73.48,25.00,25.00
Democratic Republic of Congo,COD,20200415,3.00,1,2.00,0,2.00,1,3.00,1,2.00,0,2.00,0,2.00,0,4.00,0.00,,2.00,,0.00,2.00,1,1.00,1.00,0.00,0.00,,254,21,80.56,80.56,83.33,83.33,69.87,69.87,73.48,73.48,50.00,50.00
Democratic Republic of Congo,COD,20200416,3.00,1,2.00,0,2.00,1,3.00,1,2.00,0,2.00,0,2.00,0,4.00,0.00,,2.00,0.00,0.00,2.00,1,1.00,1.00,0.00,0.00,,267,22,80.56,80.56,83.33,83.33,69.87,69.87,73.48,73.48,50.00,50.00
Democratic Republic of Congo,COD,20200417,3.00,1,2.00,0,2.00,1,3.00,1,2.00,0,2.00,0,2.00,0,4.00,0.00,,2.00,0.00,0.00,2.00,1,1.00,1.00,0.00,0.00,,287,23,80.56,80.56,83.33,83.33,69.87,69.87,73.48,73.48,50.00,50.00
Democratic Republic of Congo,COD,20200418,3.00,1,2.00,0,2.00,1,3.00,1,2.00,0,2.00,0,2.00,0,4.00,0.00,,2.00,0.00,0.00,2.00,1,1.00,1.00,0.00,0.00,,307,25,80.56,80.56,83.33,83.33,69.87,69.87,73.48,73.48,50.00,50.00
Democratic Republic of Congo,COD,20200419,3.00,1,2.00,0,2.00,1,3.00,1,2.00,0,2.00,0,2.00,0,4.00,0.00,,2.00,0.00,0.00,2.00,1,1.00,1.00,0.00,0.00,,327,25,80.56,80.56,83.33,83.33,69.87,69.87,73.48,73.48,50.00,50.00
Democratic Republic of Congo,COD,20200420,3.00,1,2.00,0,2.00,1,3.00,1,2.00,0,2.00,0,2.00,0,4.00,0.00,,2.00,0.00,0.00,2.00,1,1.00,1.00,0.00,0.00,,332,25,80.56,80.56,83.33,83.33,69.87,69.87,73.48,73.48,50.00,50.00
Democratic Republic of Congo,COD,20200421,3.00,1,2.00,0,2.00,1,3.00,1,2.00,0,2.00,0,2.00,0,4.00,0.00,,2.00,0.00,0.00,2.00,1,1.00,1.00,0.00,0.00,,350,25,80.56,80.56,83.33,83.33,69.87,69.87,73.48,73.48,50.00,50.00
Democratic Republic of Congo,COD,20200422,3.00,1,2.00,0,2.00,1,3.00,1,2.00,0,2.00,0,2.00,0,4.00,0.00,,2.00,363270000.00,0.00,2.00,1,1.00,1.00,0.00,0.00,,359,25,80.56,80.56,83.33,83.33,69.87,69.87,73.48,73.48,50.00,50.00
Democratic Republic of Congo,COD,20200423,3.00,1,2.00,0,2.00,1,3.00,1,2.00,0,2.00,0,2.00,0,4.00,0.00,,2.00,0.00,0.00,2.00,1,1.00,1.00,0.00,0.00,,377,25,80.56,80.56,83.33,83.33,69.87,69.87,73.48,73.48,50.00,50.00
Democratic Republic of Congo,COD,20200424,3.00,1,2.00,0,2.00,1,3.00,1,2.00,0,2.00,0,2.00,0,4.00,0.00,,2.00,0.00,0.00,2.00,1,1.00,1.00,0.00,0.00,,394,25,80.56,80.56,83.33,83.33,69.87,69.87,73.48,73.48,50.00,50.00
Democratic Republic of Congo,COD,20200425,3.00,1,2.00,0,2.00,1,3.00,1,2.00,0,2.00,0,2.00,0,4.00,0.00,,2.00,0.00,0.00,2.00,1,1.00,1.00,0.00,0.00,,416,28,80.56,80.56,83.33,83.33,69.87,69.87,73.48,73.48,50.00,50.00
Democratic Republic of Congo,COD,20200426,3.00,1,2.00,0,2.00,1,3.00,1,2.00,0,2.00,0,2.00,0,4.00,0.00,,2.00,0.00,0.00,2.00,1,1.00,1.00,0.00,0.00,,442,28,80.56,80.56,83.33,83.33,69.87,69.87,73.48,73.48,50.00,50.00
Democratic Republic of Congo,COD,20200427,3.00,1,2.00,0,2.00,1,3.00,1,2.00,0,2.00,0,2.00,0,4.00,0.00,,2.00,0.00,0.00,2.00,1,1.00,1.00,0.00,0.00,,459,28,80.56,80.56,83.33,83.33,69.87,69.87,73.48,73.48,50.00,50.00
Democratic Republic of Congo,COD,20200428,3.00,1,2.00,0,2.00,1,3.00,1,2.00,0,2.00,0,2.00,0,4.00,0.00,,2.00,0.00,0.00,2.00,1,1.00,1.00,0.00,0.00,,471,30,80.56,80.56,83.33,83.33,69.87,69.87,73.48,73.48,50.00,50.00
Democratic Republic of Congo,COD,20200429,3.00,1,2.00,0,2.00,1,3.00,1,2.00,0,2.00,0,2.00,0,4.00,0.00,,2.00,0.00,0.00,2.00,1,1.00,1.00,0.00,0.00,,491,30,80.56,80.56,83.33,83.33,69.87,69.87,73.48,73.48,50.00,50.00
Democratic Republic of Congo,COD,20200430,3.00,1,2.00,0,2.00,1,3.00,1,2.00,0,2.00,0,2.00,0,4.00,0.00,,2.00,0.00,0.00,2.00,1,1.00,1.00,0.00,0.00,,500,31,80.56,80.56,83.33,83.33,69.87,69.87,73.48,73.48,50.00,50.00
Democratic Republic of Congo,COD,20200501,3.00,1,2.00,0,2.00,1,3.00,1,2.00,0,2.00,0,2.00,0,4.00,0.00,,2.00,0.00,0.00,2.00,1,1.00,1.00,0.00,0.00,,572,31,80.56,80.56,83.33,83.33,69.87,69.87,73.48,73.48,50.00,50.00
Democratic Republic of Congo,COD,20200502,3.00,1,2.00,0,2.00,1,3.00,1,2.00,0,2.00,0,2.00,0,4.00,0.00,,2.00,0.00,0.00,2.00,1,1.00,1.00,0.00,0.00,,604,32,80.56,80.56,83.33,83.33,69.87,69.87,73.48,73.48,50.00,50.00
Democratic Republic of Congo,COD,20200503,3.00,1,2.00,0,2.00,1,3.00,1,2.00,0,2.00,0,2.00,0,4.00,0.00,,2.00,0.00,0.00,2.00,1,1.00,1.00,0.00,0.00,,674,33,80.56,80.56,83.33,83.33,69.87,69.87,73.48,73.48,50.00,50.00
Democratic Republic of Congo,COD,20200504,3.00,1,2.00,0,2.00,1,3.00,1,2.00,0,2.00,0,2.00,0,4.00,0.00,,2.00,0.00,0.00,2.00,1,1.00,1.00,0.00,0.00,,684,34,80.56,80.56,83.33,83.33,69.87,69.87,73.48,73.48,50.00,50.00
Democratic Republic of Congo,COD,20200505,3.00,1,2.00,0,2.00,1,3.00,1,2.00,0,2.00,0,2.00,0,4.00,0.00,,2.00,0.00,0.00,2.00,1,1.00,1.00,0.00,0.00,,684,34,80.56,80.56,83.33,83.33,69.87,69.87,73.48,73.48,50.00,50.00
Democratic Republic of Congo,COD,20200506,3.00,1,2.00,0,2.00,1,3.00,1,2.00,0,2.00,0,2.00,0,4.00,0.00,,2.00,0.00,0.00,2.00,1,1.00,1.00,11000000.00,0.00,,705,34,80.56,80.56,83.33,83.33,69.87,69.87,73.48,73.48,50.00,50.00
Democratic Republic of Congo,COD,20200507,3.00,1,2.00,0,2.00,1,3.00,1,2.00,0,2.00,0,2.00,0,4.00,0.00,,2.00,0.00,0.00,2.00,1,1.00,1.00,0.00,0.00,,863,36,80.56,80.56,83.33,83.33,69.87,69.87,73.48,73.48,50.00,50.00
Democratic Republic of Congo,COD,20200508,3.00,1,2.00,0,2.00,1,3.00,1,2.00,0,2.00,0,2.00,0,4.00,0.00,,2.00,0.00,0.00,2.00,1,1.00,1.00,0.00,0.00,,897,36,80.56,80.56,83.33,83.33,69.87,69.87,73.48,73.48,50.00,50.00
Democratic Republic of Congo,COD,20200509,3.00,1,2.00,0,2.00,1,3.00,1,2.00,0,2.00,0,2.00,0,4.00,0.00,,2.00,0.00,0.00,2.00,1,1.00,1.00,0.00,0.00,,937,39,80.56,80.56,83.33,83.33,69.87,69.87,73.48,73.48,50.00,50.00
Democratic Republic of Congo,COD,20200510,3.00,1,2.00,0,2.00,1,3.00,1,2.00,0,2.00,0,2.00,0,4.00,0.00,,2.00,0.00,0.00,2.00,1,1.00,1.00,0.00,0.00,,991,41,80.56,80.56,83.33,83.33,69.87,69.87,73.48,73.48,50.00,50.00
Democratic Republic of Congo,COD,20200511,3.00,1,2.00,0,2.00,1,3.00,1,2.00,0,2.00,0,2.00,0,4.00,0.00,,2.00,0.00,0.00,2.00,1,1.00,1.00,0.00,0.00,,1024,41,80.56,80.56,83.33,83.33,69.87,69.87,73.48,73.48,50.00,50.00
Democratic Republic of Congo,COD,20200512,3.00,1,2.00,0,2.00,1,3.00,1,2.00,0,2.00,0,2.00,0,4.00,0.00,,2.00,0.00,0.00,2.00,1,1.00,1.00,0.00,0.00,,1102,44,80.56,80.56,83.33,83.33,69.87,69.87,73.48,73.48,50.00,50.00
Democratic Republic of Congo,COD,20200513,3.00,1,2.00,0,2.00,1,3.00,1,2.00,0,2.00,0,2.00,0,4.00,0.00,,2.00,0.00,0.00,2.00,1,1.00,1.00,0.00,0.00,,1169,50,80.56,80.56,83.33,83.33,69.87,69.87,73.48,73.48,50.00,50.00
Democratic Republic of Congo,COD,20200514,3.00,1,2.00,0,2.00,1,3.00,1,2.00,0,2.00,0,2.00,0,4.00,0.00,,2.00,0.00,0.00,2.00,1,1.00,1.00,0.00,0.00,,1242,50,80.56,80.56,83.33,83.33,69.87,69.87,73.48,73.48,50.00,50.00
Democratic Republic of Congo,COD,20200515,3.00,1,2.00,0,2.00,1,3.00,1,2.00,0,2.00,0,2.00,0,4.00,0.00,,2.00,0.00,0.00,2.00,1,1.00,1.00,0.00,0.00,,1298,50,80.56,80.56,83.33,83.33,69.87,69.87,73.48,73.48,50.00,50.00
Democratic Republic of Congo,COD,20200516,3.00,1,2.00,0,2.00,1,3.00,1,2.00,0,2.00,0,2.00,0,4.00,0.00,,2.00,0.00,0.00,2.00,1,1.00,1.00,0.00,0.00,,1369,60,80.56,80.56,83.33,83.33,69.87,69.87,73.48,73.48,50.00,50.00
Democratic Republic of Congo,COD,20200517,3.00,1,2.00,0,2.00,1,3.00,1,2.00,0,2.00,0,2.00,0,4.00,0.00,,2.00,0.00,0.00,2.00,1,1.00,1.00,0.00,0.00,,1454,60,80.56,80.56,83.33,83.33,69.87,69.87,73.48,73.48,50.00,50.00
Democratic Republic of Congo,COD,20200518,3.00,1,2.00,0,2.00,1,3.00,1,2.00,0,2.00,0,2.00,0,4.00,0.00,,2.00,0.00,0.00,2.00,1,1.00,1.00,0.00,0.00,,1454,60,80.56,80.56,83.33,83.33,69.87,69.87,73.48,73.48,50.00,50.00
Democratic Republic of Congo,COD,20200519,3.00,1,2.00,0,2.00,1,3.00,1,2.00,0,2.00,0,2.00,0,4.00,0.00,,2.00,0.00,0.00,2.00,1,1.00,1.00,0.00,0.00,,1629,61,80.56,80.56,83.33,83.33,69.87,69.87,73.48,73.48,50.00,50.00
Democratic Republic of Congo,COD,20200520,3.00,1,2.00,0,2.00,1,3.00,1,2.00,0,2.00,0,2.00,0,4.00,0.00,,2.00,0.00,0.00,2.00,1,1.00,1.00,0.00,0.00,,1731,61,80.56,80.56,83.33,83.33,69.87,69.87,73.48,73.48,50.00,50.00
Democratic Republic of Congo,COD,20200521,3.00,1,2.00,0,2.00,1,3.00,1,2.00,0,2.00,0,2.00,0,4.00,0.00,,2.00,0.00,0.00,2.00,1,1.00,1.00,0.00,0.00,,1835,61,80.56,80.56,83.33,83.33,69.87,69.87,73.48,73.48,50.00,50.00
Democratic Republic of Congo,COD,20200522,3.00,1,2.00,0,2.00,1,3.00,1,2.00,0,2.00,0,2.00,0,4.00,0.00,,2.00,0.00,0.00,2.00,1,1.00,1.00,0.00,0.00,,1945,63,80.56,80.56,83.33,83.33,69.87,69.87,73.48,73.48,50.00,50.00
Democratic Republic of Congo,COD,20200523,3.00,1,2.00,0,2.00,1,3.00,1,2.00,0,2.00,0,2.00,0,4.00,0.00,,2.00,0.00,0.00,2.00,1,1.00,1.00,0.00,0.00,,2025,63,80.56,80.56,83.33,83.33,69.87,69.87,73.48,73.48,50.00,50.00
Democratic Republic of Congo,COD,20200524,3.00,1,2.00,0,2.00,1,3.00,1,2.00,0,2.00,0,2.00,0,4.00,0.00,,2.00,0.00,0.00,2.00,1,1.00,1.00,0.00,0.00,,2141,63,80.56,80.56,83.33,83.33,69.87,69.87,73.48,73.48,50.00,50.00
Democratic Republic of Congo,COD,20200525,3.00,1,2.00,0,2.00,1,3.00,1,2.00,0,2.00,0,2.00,0,4.00,0.00,,2.00,0.00,0.00,2.00,1,1.00,1.00,0.00,0.00,,2297,67,80.56,80.56,83.33,83.33,69.87,69.87,73.48,73.48,50.00,50.00
Democratic Republic of Congo,COD,20200526,3.00,1,2.00,0,2.00,1,3.00,1,2.00,0,2.00,0,2.00,0,4.00,0.00,,2.00,0.00,0.00,2.00,1,1.00,1.00,0.00,0.00,,2297,67,80.56,80.56,83.33,83.33,69.87,69.87,73.48,73.48,50.00,50.00
Democratic Republic of Congo,COD,20200527,3.00,1,2.00,0,2.00,1,3.00,1,2.00,0,2.00,0,2.00,0,4.00,0.00,,2.00,0.00,0.00,2.00,1,1.00,1.00,0.00,0.00,,2545,67,80.56,80.56,83.33,83.33,69.87,69.87,73.48,73.48,50.00,50.00
Democratic Republic of Congo,COD,20200528,3.00,1,2.00,0,2.00,1,3.00,1,2.00,0,2.00,0,2.00,0,4.00,0.00,,2.00,0.00,0.00,2.00,1,1.00,1.00,0.00,0.00,,2659,68,80.56,80.56,83.33,83.33,69.87,69.87,73.48,73.48,50.00,50.00
Democratic Republic of Congo,COD,20200529,3.00,1,2.00,0,2.00,1,3.00,1,2.00,0,2.00,0,2.00,0,4.00,0.00,,2.00,0.00,0.00,2.00,1,1.00,1.00,0.00,0.00,,2832,69,80.56,80.56,83.33,83.33,69.87,69.87,73.48,73.48,50.00,50.00
Democratic Republic of Congo,COD,20200530,3.00,1,2.00,0,2.00,1,3.00,1,2.00,0,2.00,0,2.00,0,4.00,0.00,,2.00,0.00,0.00,2.00,1,1.00,1.00,0.00,0.00,,2833,69,80.56,80.56,83.33,83.33,69.87,69.87,73.48,73.48,50.00,50.00
Democratic Republic of Congo,COD,20200531,3.00,1,2.00,0,2.00,1,3.00,1,2.00,0,2.00,0,2.00,0,4.00,0.00,,2.00,0.00,0.00,2.00,1,1.00,1.00,0.00,0.00,,2966,69,80.56,80.56,83.33,83.33,69.87,69.87,73.48,73.48,50.00,50.00
Democratic Republic of Congo,COD,20200601,3.00,1,2.00,0,2.00,1,3.00,1,2.00,0,2.00,0,2.00,0,4.00,0.00,,2.00,0.00,0.00,2.00,1,1.00,1.00,0.00,0.00,,3049,71,80.56,80.56,83.33,83.33,69.87,69.87,73.48,73.48,50.00,50.00
Democratic Republic of Congo,COD,20200602,3.00,1,2.00,0,2.00,1,3.00,1,2.00,0,2.00,0,2.00,0,4.00,0.00,,2.00,0.00,0.00,2.00,1,1.00,1.00,0.00,0.00,,3194,72,80.56,80.56,83.33,83.33,69.87,69.87,73.48,73.48,50.00,50.00
Democratic Republic of Congo,COD,20200603,3.00,1,2.00,0,2.00,1,3.00,1,2.00,0,2.00,0,2.00,0,4.00,0.00,,2.00,0.00,0.00,2.00,1,1.00,1.00,0.00,0.00,,3325,72,80.56,80.56,83.33,83.33,69.87,69.87,73.48,73.48,50.00,50.00
Democratic Republic of Congo,COD,20200604,3.00,1,2.00,0,2.00,1,3.00,1,2.00,0,2.00,0,2.00,0,4.00,0.00,,2.00,0.00,0.00,2.00,1,1.00,1.00,0.00,0.00,,3494,75,80.56,80.56,83.33,83.33,69.87,69.87,73.48,73.48,50.00,50.00
Democratic Republic of Congo,COD,20200605,3.00,1,2.00,0,2.00,1,3.00,1,2.00,0,2.00,0,2.00,0,4.00,0.00,,2.00,0.00,0.00,2.00,1,1.00,1.00,0.00,0.00,,3643,78,80.56,80.56,83.33,83.33,69.87,69.87,73.48,73.48,50.00,50.00
Democratic Republic of Congo,COD,20200606,3.00,1,2.00,0,2.00,1,3.00,1,2.00,0,2.00,0,2.00,0,4.00,0.00,,2.00,0.00,0.00,2.00,1,1.00,1.00,0.00,0.00,,3764,81,80.56,80.56,83.33,83.33,69.87,69.87,73.48,73.48,50.00,50.00
Democratic Republic of Congo,COD,20200607,3.00,1,2.00,0,2.00,1,3.00,1,2.00,0,2.00,0,2.00,0,4.00,0.00,,2.00,0.00,0.00,2.00,1,1.00,1.00,0.00,0.00,,3878,81,80.56,80.56,83.33,83.33,69.87,69.87,73.48,73.48,50.00,50.00
Democratic Republic of Congo,COD,20200608,3.00,1,2.00,0,2.00,1,3.00,1,2.00,0,2.00,0,2.00,0,4.00,0.00,,2.00,0.00,0.00,2.00,1,1.00,1.00,0.00,0.00,,4016,85,80.56,80.56,83.33,83.33,69.87,69.87,73.48,73.48,50.00,50.00
Democratic Republic of Congo,COD,20200609,3.00,1,2.00,0,2.00,1,3.00,1,2.00,0,2.00,0,2.00,0,4.00,0.00,,2.00,0.00,0.00,2.00,1,1.00,1.00,0.00,0.00,,4105,87,80.56,80.56,83.33,83.33,69.87,69.87,73.48,73.48,50.00,50.00
Democratic Republic of Congo,COD,20200610,3.00,1,2.00,0,2.00,1,3.00,1,2.00,0,2.00,0,2.00,0,4.00,0.00,,2.00,0.00,0.00,2.00,1,1.00,1.00,0.00,0.00,,4258,89,80.56,80.56,83.33,83.33,69.87,69.87,73.48,73.48,50.00,50.00
Democratic Republic of Congo,COD,20200611,3.00,1,2.00,0,2.00,1,3.00,1,2.00,0,2.00,0,2.00,0,4.00,0.00,,2.00,0.00,0.00,2.00,1,1.00,1.00,0.00,0.00,,4389,95,80.56,80.56,83.33,83.33,69.87,69.87,73.48,73.48,50.00,50.00
Democratic Republic of Congo,COD,20200612,3.00,1,2.00,0,2.00,1,3.00,1,2.00,0,2.00,0,2.00,0,4.00,0.00,,2.00,0.00,0.00,2.00,1,1.00,1.00,0.00,0.00,,4514,97,80.56,80.56,83.33,83.33,69.87,69.87,73.48,73.48,50.00,50.00
Democratic Republic of Congo,COD,20200613,3.00,1,2.00,0,2.00,1,3.00,1,2.00,0,2.00,0,2.00,0,4.00,0.00,,2.00,0.00,0.00,2.00,1,1.00,1.00,0.00,0.00,,4636,100,80.56,80.56,83.33,83.33,69.87,69.87,73.48,73.48,50.00,50.00
Democratic Republic of Congo,COD,20200614,3.00,1,2.00,0,2.00,1,3.00,1,2.00,0,2.00,0,2.00,0,4.00,0.00,,2.00,0.00,0.00,2.00,1,1.00,1.00,0.00,0.00,,4723,105,80.56,80.56,83.33,83.33,69.87,69.87,73.48,73.48,50.00,50.00
Democratic Republic of Congo,COD,20200615,3.00,1,2.00,0,2.00,1,3.00,1,2.00,0,2.00,0,2.00,0,4.00,0.00,,2.00,0.00,0.00,2.00,1,1.00,1.00,0.00,0.00,,4777,106,80.56,80.56,83.33,83.33,69.87,69.87,73.48,73.48,50.00,50.00
Democratic Republic of Congo,COD,20200616,3.00,1,2.00,0,2.00,1,3.00,1,2.00,0,2.00,0,2.00,0,4.00,0.00,,2.00,0.00,0.00,2.00,1,1.00,1.00,0.00,0.00,,4837,112,80.56,80.56,83.33,83.33,69.87,69.87,73.48,73.48,50.00,50.00
Democratic Republic of Congo,COD,20200617,3.00,1,2.00,0,2.00,1,3.00,1,2.00,0,2.00,0,2.00,0,4.00,0.00,,2.00,0.00,0.00,2.00,1,1.00,1.00,0.00,0.00,,4974,112,80.56,80.56,83.33,83.33,69.87,69.87,73.48,73.48,50.00,50.00
Democratic Republic of Congo,COD,20200618,3.00,1,2.00,0,2.00,1,3.00,1,2.00,0,2.00,0,2.00,0,4.00,0.00,,2.00,0.00,0.00,2.00,1,1.00,1.00,0.00,0.00,,5099,115,80.56,80.56,83.33,83.33,69.87,69.87,73.48,73.48,50.00,50.00
Democratic Republic of Congo,COD,20200619,3.00,1,2.00,0,2.00,1,3.00,1,2.00,0,2.00,0,2.00,0,4.00,0.00,,2.00,0.00,0.00,2.00,1,1.00,1.00,0.00,0.00,,5282,117,80.56,80.56,83.33,83.33,69.87,69.87,73.48,73.48,50.00,50.00
Democratic Republic of Congo,COD,20200620,3.00,1,2.00,0,2.00,1,3.00,1,2.00,0,2.00,0,2.00,0,4.00,0.00,,2.00,0.00,0.00,2.00,1,1.00,1.00,0.00,0.00,,5476,121,80.56,80.56,83.33,83.33,69.87,69.87,73.48,73.48,50.00,50.00
Democratic Republic of Congo,COD,20200621,3.00,1,2.00,0,2.00,1,3.00,1,2.00,0,2.00,0,2.00,0,4.00,0.00,,2.00,0.00,0.00,2.00,1,1.00,1.00,0.00,0.00,,5671,124,80.56,80.56,83.33,83.33,69.87,69.87,73.48,73.48,50.00,50.00
Democratic Republic of Congo,COD,20200622,3.00,1,2.00,0,2.00,1,3.00,1,2.00,0,2.00,0,2.00,0,4.00,0.00,,2.00,0.00,0.00,2.00,1,1.00,1.00,0.00,0.00,,5826,130,80.56,80.56,83.33,83.33,69.87,69.87,73.48,73.48,50.00,50.00
Democratic Republic of Congo,COD,20200623,,,,,,,,,,,,,,,,,,,,,,,,,,,,5925,135,,80.56,,83.33,,69.87,,73.48,,50.00
