El Salvador,SLV,20200101,0.00,,0.00,,0.00,,0.00,,0.00,,0.00,,0.00,,0.00,0.00,,0.00,0.00,0.00,0.00,,0.00,0.00,0.00,0.00,,,,0.00,0.00,0.00,0.00,0.00,0.00,0.00,0.00,0.00,0.00
El Salvador,SLV,20200102,0.00,,0.00,,0.00,,0.00,,0.00,,0.00,,0.00,,0.00,0.00,,0.00,0.00,0.00,0.00,,0.00,0.00,0.00,0.00,,,,0.00,0.00,0.00,0.00,0.00,0.00,0.00,0.00,0.00,0.00
El Salvador,SLV,20200103,0.00,,0.00,,0.00,,0.00,,0.00,,0.00,,0.00,,0.00,0.00,,0.00,0.00,0.00,0.00,,0.00,0.00,0.00,0.00,,,,0.00,0.00,0.00,0.00,0.00,0.00,0.00,0.00,0.00,0.00
El Salvador,SLV,20200104,0.00,,0.00,,0.00,,0.00,,0.00,,0.00,,0.00,,0.00,0.00,,0.00,0.00,0.00,0.00,,0.00,0.00,0.00,0.00,,,,0.00,0.00,0.00,0.00,0.00,0.00,0.00,0.00,0.00,0.00
El Salvador,SLV,20200105,0.00,,0.00,,0.00,,0.00,,0.00,,0.00,,0.00,,0.00,0.00,,0.00,0.00,0.00,0.00,,0.00,0.00,0.00,0.00,,,,0.00,0.00,0.00,0.00,0.00,0.00,0.00,0.00,0.00,0.00
El Salvador,SLV,20200106,0.00,,0.00,,0.00,,0.00,,0.00,,0.00,,0.00,,0.00,0.00,,0.00,0.00,0.00,0.00,,0.00,0.00,0.00,0.00,,,,0.00,0.00,0.00,0.00,0.00,0.00,0.00,0.00,0.00,0.00
El Salvador,SLV,20200107,0.00,,0.00,,0.00,,0.00,,0.00,,0.00,,0.00,,0.00,0.00,,0.00,0.00,0.00,0.00,,0.00,0.00,0.00,0.00,,,,0.00,0.00,0.00,0.00,0.00,0.00,0.00,0.00,0.00,0.00
El Salvador,SLV,20200108,0.00,,0.00,,0.00,,0.00,,0.00,,0.00,,0.00,,0.00,0.00,,0.00,0.00,0.00,0.00,,0.00,0.00,0.00,0.00,,,,0.00,0.00,0.00,0.00,0.00,0.00,0.00,0.00,0.00,0.00
El Salvador,SLV,20200109,0.00,,0.00,,0.00,,0.00,,0.00,,0.00,,0.00,,0.00,0.00,,0.00,0.00,0.00,0.00,,0.00,0.00,0.00,0.00,,,,0.00,0.00,0.00,0.00,0.00,0.00,0.00,0.00,0.00,0.00
El Salvador,SLV,20200110,0.00,,0.00,,0.00,,0.00,,0.00,,0.00,,0.00,,0.00,0.00,,0.00,0.00,0.00,0.00,,0.00,0.00,0.00,0.00,,,,0.00,0.00,0.00,0.00,0.00,0.00,0.00,0.00,0.00,0.00
El Salvador,SLV,20200111,0.00,,0.00,,0.00,,0.00,,0.00,,0.00,,0.00,,0.00,0.00,,0.00,0.00,0.00,0.00,,0.00,0.00,0.00,0.00,,,,0.00,0.00,0.00,0.00,0.00,0.00,0.00,0.00,0.00,0.00
El Salvador,SLV,20200112,0.00,,0.00,,0.00,,0.00,,0.00,,0.00,,0.00,,0.00,0.00,,0.00,0.00,0.00,0.00,,0.00,0.00,0.00,0.00,,,,0.00,0.00,0.00,0.00,0.00,0.00,0.00,0.00,0.00,0.00
El Salvador,SLV,20200113,0.00,,0.00,,0.00,,0.00,,0.00,,0.00,,0.00,,0.00,0.00,,0.00,0.00,0.00,0.00,,0.00,0.00,0.00,0.00,,,,0.00,0.00,0.00,0.00,0.00,0.00,0.00,0.00,0.00,0.00
El Salvador,SLV,20200114,0.00,,0.00,,0.00,,0.00,,0.00,,0.00,,0.00,,0.00,0.00,,0.00,0.00,0.00,0.00,,0.00,0.00,0.00,0.00,,,,0.00,0.00,0.00,0.00,0.00,0.00,0.00,0.00,0.00,0.00
El Salvador,SLV,20200115,0.00,,0.00,,0.00,,0.00,,0.00,,0.00,,0.00,,0.00,0.00,,0.00,0.00,0.00,0.00,,0.00,0.00,0.00,0.00,,,,0.00,0.00,0.00,0.00,0.00,0.00,0.00,0.00,0.00,0.00
El Salvador,SLV,20200116,0.00,,0.00,,0.00,,0.00,,0.00,,0.00,,0.00,,0.00,0.00,,0.00,0.00,0.00,0.00,,0.00,0.00,0.00,0.00,,,,0.00,0.00,0.00,0.00,0.00,0.00,0.00,0.00,0.00,0.00
El Salvador,SLV,20200117,0.00,,0.00,,0.00,,0.00,,0.00,,0.00,,0.00,,0.00,0.00,,0.00,0.00,0.00,0.00,,0.00,0.00,0.00,0.00,,,,0.00,0.00,0.00,0.00,0.00,0.00,0.00,0.00,0.00,0.00
El Salvador,SLV,20200118,0.00,,0.00,,0.00,,0.00,,0.00,,0.00,,0.00,,0.00,0.00,,0.00,0.00,0.00,0.00,,0.00,0.00,0.00,0.00,,,,0.00,0.00,0.00,0.00,0.00,0.00,0.00,0.00,0.00,0.00
El Salvador,SLV,20200119,0.00,,0.00,,0.00,,0.00,,0.00,,0.00,,0.00,,0.00,0.00,,0.00,0.00,0.00,0.00,,0.00,0.00,0.00,0.00,,,,0.00,0.00,0.00,0.00,0.00,0.00,0.00,0.00,0.00,0.00
El Salvador,SLV,20200120,0.00,,0.00,,0.00,,0.00,,0.00,,0.00,,0.00,,0.00,0.00,,0.00,0.00,0.00,0.00,,0.00,0.00,0.00,0.00,,,,0.00,0.00,0.00,0.00,0.00,0.00,0.00,0.00,0.00,0.00
El Salvador,SLV,20200121,0.00,,0.00,,0.00,,0.00,,0.00,,0.00,,0.00,,0.00,0.00,,0.00,0.00,0.00,0.00,,0.00,0.00,0.00,0.00,,,,0.00,0.00,0.00,0.00,0.00,0.00,0.00,0.00,0.00,0.00
El Salvador,SLV,20200122,0.00,,0.00,,0.00,,0.00,,0.00,,0.00,,0.00,,0.00,0.00,,0.00,0.00,0.00,0.00,,0.00,0.00,0.00,0.00,,,,0.00,0.00,0.00,0.00,0.00,0.00,0.00,0.00,0.00,0.00
El Salvador,SLV,20200123,0.00,,0.00,,0.00,,0.00,,0.00,,0.00,,0.00,,0.00,0.00,,0.00,0.00,0.00,2.00,1,0.00,0.00,0.00,0.00,,,,11.11,11.11,14.29,14.29,7.69,7.69,9.09,9.09,0.00,0.00
El Salvador,SLV,20200124,0.00,,0.00,,0.00,,0.00,,0.00,,0.00,,0.00,,0.00,0.00,,0.00,0.00,0.00,2.00,1,0.00,0.00,0.00,0.00,,,,11.11,11.11,14.29,14.29,7.69,7.69,9.09,9.09,0.00,0.00
El Salvador,SLV,20200125,0.00,,0.00,,0.00,,0.00,,0.00,,0.00,,0.00,,0.00,0.00,,0.00,0.00,0.00,2.00,1,0.00,0.00,0.00,0.00,,,,11.11,11.11,14.29,14.29,7.69,7.69,9.09,9.09,0.00,0.00
El Salvador,SLV,20200126,0.00,,0.00,,0.00,,0.00,,0.00,,0.00,,0.00,,0.00,0.00,,0.00,0.00,0.00,2.00,1,0.00,0.00,0.00,0.00,,,,11.11,11.11,14.29,14.29,7.69,7.69,9.09,9.09,0.00,0.00
El Salvador,SLV,20200127,0.00,,0.00,,0.00,,0.00,,0.00,,0.00,,0.00,,0.00,0.00,,0.00,0.00,0.00,2.00,1,0.00,0.00,0.00,0.00,,,,11.11,11.11,14.29,14.29,7.69,7.69,9.09,9.09,0.00,0.00
El Salvador,SLV,20200128,0.00,,0.00,,0.00,,0.00,,0.00,,0.00,,0.00,,0.00,0.00,,0.00,0.00,0.00,2.00,1,0.00,0.00,0.00,0.00,,,,11.11,11.11,14.29,14.29,7.69,7.69,9.09,9.09,0.00,0.00
El Salvador,SLV,20200129,0.00,,0.00,,0.00,,0.00,,0.00,,0.00,,0.00,,0.00,0.00,,0.00,0.00,0.00,2.00,1,0.00,0.00,0.00,0.00,,,,11.11,11.11,14.29,14.29,7.69,7.69,9.09,9.09,0.00,0.00
El Salvador,SLV,20200130,0.00,,0.00,,0.00,,0.00,,0.00,,0.00,,0.00,,0.00,0.00,,0.00,0.00,0.00,2.00,1,0.00,0.00,0.00,0.00,,,,11.11,11.11,14.29,14.29,7.69,7.69,9.09,9.09,0.00,0.00
El Salvador,SLV,20200131,0.00,,0.00,,0.00,,0.00,,0.00,,0.00,,0.00,,3.00,0.00,,0.00,0.00,0.00,2.00,1,0.00,0.00,0.00,0.00,,,,19.44,19.44,25.00,25.00,13.46,13.46,15.91,15.91,0.00,0.00
El Salvador,SLV,20200201,0.00,,0.00,,0.00,,0.00,,0.00,,0.00,,0.00,,3.00,0.00,,0.00,0.00,0.00,2.00,1,0.00,0.00,0.00,0.00,,,,19.44,19.44,25.00,25.00,13.46,13.46,15.91,15.91,0.00,0.00
El Salvador,SLV,20200202,0.00,,0.00,,0.00,,0.00,,0.00,,0.00,,0.00,,3.00,0.00,,0.00,0.00,0.00,2.00,1,0.00,0.00,0.00,0.00,,,,19.44,19.44,25.00,25.00,13.46,13.46,15.91,15.91,0.00,0.00
El Salvador,SLV,20200203,0.00,,0.00,,0.00,,0.00,,0.00,,0.00,,0.00,,3.00,0.00,,0.00,0.00,0.00,2.00,1,0.00,0.00,0.00,0.00,,,,19.44,19.44,25.00,25.00,13.46,13.46,15.91,15.91,0.00,0.00
El Salvador,SLV,20200204,0.00,,0.00,,0.00,,0.00,,0.00,,0.00,,0.00,,3.00,0.00,,0.00,0.00,0.00,2.00,1,0.00,0.00,0.00,0.00,,,,19.44,19.44,25.00,25.00,13.46,13.46,15.91,15.91,0.00,0.00
El Salvador,SLV,20200205,0.00,,0.00,,0.00,,0.00,,0.00,,0.00,,0.00,,3.00,0.00,,0.00,0.00,0.00,2.00,1,0.00,0.00,0.00,0.00,,,,19.44,19.44,25.00,25.00,13.46,13.46,15.91,15.91,0.00,0.00
El Salvador,SLV,20200206,0.00,,0.00,,0.00,,0.00,,0.00,,0.00,,0.00,,3.00,0.00,,0.00,0.00,0.00,2.00,1,0.00,0.00,0.00,0.00,,,,19.44,19.44,25.00,25.00,13.46,13.46,15.91,15.91,0.00,0.00
El Salvador,SLV,20200207,0.00,,0.00,,0.00,,0.00,,0.00,,0.00,,0.00,,3.00,0.00,,0.00,0.00,0.00,2.00,1,0.00,0.00,0.00,0.00,,,,19.44,19.44,25.00,25.00,13.46,13.46,15.91,15.91,0.00,0.00
El Salvador,SLV,20200208,0.00,,0.00,,0.00,,0.00,,0.00,,0.00,,0.00,,3.00,0.00,,0.00,0.00,0.00,2.00,1,0.00,0.00,0.00,0.00,,,,19.44,19.44,25.00,25.00,13.46,13.46,15.91,15.91,0.00,0.00
El Salvador,SLV,20200209,0.00,,0.00,,0.00,,0.00,,0.00,,0.00,,0.00,,3.00,0.00,,0.00,0.00,0.00,2.00,1,0.00,0.00,0.00,0.00,,,,19.44,19.44,25.00,25.00,13.46,13.46,15.91,15.91,0.00,0.00
El Salvador,SLV,20200210,0.00,,0.00,,0.00,,0.00,,0.00,,0.00,,0.00,,3.00,0.00,,0.00,0.00,0.00,2.00,1,0.00,0.00,0.00,0.00,,,,19.44,19.44,25.00,25.00,13.46,13.46,15.91,15.91,0.00,0.00
El Salvador,SLV,20200211,0.00,,0.00,,0.00,,0.00,,0.00,,0.00,,0.00,,3.00,0.00,,0.00,0.00,0.00,2.00,1,0.00,0.00,0.00,0.00,,,,19.44,19.44,25.00,25.00,13.46,13.46,15.91,15.91,0.00,0.00
El Salvador,SLV,20200212,0.00,,0.00,,0.00,,0.00,,0.00,,0.00,,0.00,,3.00,0.00,,0.00,0.00,0.00,2.00,1,0.00,0.00,0.00,0.00,,,,19.44,19.44,25.00,25.00,13.46,13.46,15.91,15.91,0.00,0.00
El Salvador,SLV,20200213,0.00,,0.00,,0.00,,0.00,,0.00,,0.00,,0.00,,3.00,0.00,,0.00,0.00,0.00,2.00,1,0.00,0.00,0.00,0.00,,,,19.44,19.44,25.00,25.00,13.46,13.46,15.91,15.91,0.00,0.00
El Salvador,SLV,20200214,0.00,,0.00,,0.00,,0.00,,0.00,,0.00,,0.00,,3.00,0.00,,0.00,0.00,0.00,2.00,1,0.00,0.00,0.00,0.00,,,,19.44,19.44,25.00,25.00,13.46,13.46,15.91,15.91,0.00,0.00
El Salvador,SLV,20200215,0.00,,0.00,,0.00,,0.00,,0.00,,0.00,,0.00,,3.00,0.00,,0.00,0.00,0.00,2.00,1,0.00,0.00,0.00,0.00,,,,19.44,19.44,25.00,25.00,13.46,13.46,15.91,15.91,0.00,0.00
El Salvador,SLV,20200216,0.00,,0.00,,0.00,,0.00,,0.00,,0.00,,0.00,,3.00,0.00,,0.00,0.00,0.00,2.00,1,0.00,0.00,0.00,0.00,,,,19.44,19.44,25.00,25.00,13.46,13.46,15.91,15.91,0.00,0.00
El Salvador,SLV,20200217,0.00,,0.00,,0.00,,0.00,,0.00,,0.00,,0.00,,3.00,0.00,,0.00,0.00,0.00,2.00,1,0.00,0.00,0.00,0.00,,,,19.44,19.44,25.00,25.00,13.46,13.46,15.91,15.91,0.00,0.00
El Salvador,SLV,20200218,0.00,,0.00,,0.00,,0.00,,0.00,,0.00,,0.00,,3.00,0.00,,0.00,0.00,0.00,2.00,1,0.00,0.00,0.00,0.00,,,,19.44,19.44,25.00,25.00,13.46,13.46,15.91,15.91,0.00,0.00
El Salvador,SLV,20200219,0.00,,0.00,,0.00,,0.00,,0.00,,0.00,,0.00,,3.00,0.00,,0.00,0.00,0.00,2.00,1,0.00,0.00,0.00,0.00,,,,19.44,19.44,25.00,25.00,13.46,13.46,15.91,15.91,0.00,0.00
El Salvador,SLV,20200220,0.00,,0.00,,0.00,,0.00,,0.00,,0.00,,0.00,,3.00,0.00,,0.00,0.00,0.00,2.00,1,0.00,0.00,0.00,0.00,,,,19.44,19.44,25.00,25.00,13.46,13.46,15.91,15.91,0.00,0.00
El Salvador,SLV,20200221,0.00,,0.00,,0.00,,0.00,,0.00,,0.00,,0.00,,3.00,0.00,,0.00,0.00,0.00,2.00,1,0.00,0.00,0.00,0.00,,,,19.44,19.44,25.00,25.00,13.46,13.46,15.91,15.91,0.00,0.00
El Salvador,SLV,20200222,0.00,,0.00,,0.00,,0.00,,0.00,,0.00,,0.00,,3.00,0.00,,0.00,0.00,0.00,2.00,1,0.00,0.00,0.00,0.00,,,,19.44,19.44,25.00,25.00,13.46,13.46,15.91,15.91,0.00,0.00
El Salvador,SLV,20200223,0.00,,0.00,,0.00,,0.00,,0.00,,0.00,,0.00,,3.00,0.00,,0.00,0.00,0.00,2.00,1,0.00,0.00,0.00,0.00,,,,19.44,19.44,25.00,25.00,13.46,13.46,15.91,15.91,0.00,0.00
El Salvador,SLV,20200224,0.00,,0.00,,0.00,,0.00,,0.00,,0.00,,0.00,,3.00,0.00,,0.00,0.00,0.00,2.00,1,0.00,0.00,0.00,0.00,,,,19.44,19.44,25.00,25.00,13.46,13.46,15.91,15.91,0.00,0.00
El Salvador,SLV,20200225,0.00,,0.00,,0.00,,0.00,,0.00,,0.00,,0.00,,3.00,0.00,,0.00,0.00,0.00,2.00,1,0.00,0.00,0.00,0.00,,,,19.44,19.44,25.00,25.00,13.46,13.46,15.91,15.91,0.00,0.00
El Salvador,SLV,20200226,0.00,,0.00,,0.00,,0.00,,0.00,,0.00,,0.00,,3.00,0.00,,0.00,0.00,0.00,2.00,1,0.00,0.00,0.00,0.00,,,,19.44,19.44,25.00,25.00,13.46,13.46,15.91,15.91,0.00,0.00
El Salvador,SLV,20200227,0.00,,0.00,,0.00,,0.00,,0.00,,0.00,,0.00,,3.00,0.00,,0.00,0.00,0.00,2.00,1,0.00,0.00,0.00,0.00,,,,19.44,19.44,25.00,25.00,13.46,13.46,15.91,15.91,0.00,0.00
El Salvador,SLV,20200228,0.00,,0.00,,0.00,,0.00,,0.00,,0.00,,0.00,,3.00,0.00,,0.00,0.00,0.00,2.00,1,0.00,0.00,0.00,0.00,,,,19.44,19.44,25.00,25.00,13.46,13.46,15.91,15.91,0.00,0.00
El Salvador,SLV,20200229,0.00,,0.00,,0.00,,0.00,,0.00,,0.00,,0.00,,3.00,0.00,,0.00,0.00,0.00,2.00,1,0.00,0.00,0.00,0.00,,,,19.44,19.44,25.00,25.00,13.46,13.46,15.91,15.91,0.00,0.00
El Salvador,SLV,20200301,0.00,,0.00,,0.00,,0.00,,0.00,,0.00,,0.00,,3.00,0.00,,0.00,0.00,0.00,2.00,1,0.00,0.00,0.00,0.00,,,,19.44,19.44,25.00,25.00,13.46,13.46,15.91,15.91,0.00,0.00
El Salvador,SLV,20200302,0.00,,0.00,,0.00,,0.00,,0.00,,0.00,,0.00,,3.00,0.00,,0.00,0.00,0.00,2.00,1,0.00,0.00,0.00,0.00,,,,19.44,19.44,25.00,25.00,13.46,13.46,15.91,15.91,0.00,0.00
El Salvador,SLV,20200303,0.00,,0.00,,0.00,,0.00,,0.00,,0.00,,0.00,,3.00,0.00,,0.00,0.00,0.00,2.00,1,0.00,0.00,0.00,0.00,,,,19.44,19.44,25.00,25.00,13.46,13.46,15.91,15.91,0.00,0.00
El Salvador,SLV,20200304,0.00,,0.00,,0.00,,0.00,,0.00,,0.00,,0.00,,3.00,0.00,,0.00,0.00,0.00,2.00,1,0.00,0.00,0.00,0.00,,,,19.44,19.44,25.00,25.00,13.46,13.46,15.91,15.91,0.00,0.00
El Salvador,SLV,20200305,0.00,,0.00,,0.00,,0.00,,0.00,,0.00,,0.00,,3.00,0.00,,0.00,0.00,0.00,2.00,1,0.00,0.00,0.00,0.00,,,,19.44,19.44,25.00,25.00,13.46,13.46,15.91,15.91,0.00,0.00
El Salvador,SLV,20200306,0.00,,0.00,,0.00,,0.00,,0.00,,0.00,,0.00,,3.00,0.00,,0.00,0.00,0.00,2.00,1,0.00,0.00,0.00,0.00,,,,19.44,19.44,25.00,25.00,13.46,13.46,15.91,15.91,0.00,0.00
El Salvador,SLV,20200307,0.00,,0.00,,0.00,,0.00,,0.00,,0.00,,0.00,,3.00,0.00,,0.00,0.00,0.00,2.00,1,0.00,0.00,0.00,0.00,,,,19.44,19.44,25.00,25.00,13.46,13.46,15.91,15.91,0.00,0.00
El Salvador,SLV,20200308,0.00,,0.00,,0.00,,0.00,,0.00,,0.00,,0.00,,3.00,0.00,,0.00,0.00,0.00,2.00,1,0.00,0.00,0.00,0.00,,,,19.44,19.44,25.00,25.00,13.46,13.46,15.91,15.91,0.00,0.00
El Salvador,SLV,20200309,0.00,,0.00,,0.00,,0.00,,0.00,,0.00,,0.00,,3.00,0.00,,0.00,0.00,0.00,2.00,1,0.00,0.00,0.00,0.00,,,,19.44,19.44,25.00,25.00,13.46,13.46,15.91,15.91,0.00,0.00
El Salvador,SLV,20200310,0.00,,0.00,,0.00,,0.00,,0.00,,0.00,,0.00,,3.00,0.00,,0.00,0.00,0.00,2.00,1,0.00,0.00,0.00,0.00,,,,19.44,19.44,25.00,25.00,13.46,13.46,15.91,15.91,0.00,0.00
El Salvador,SLV,20200311,3.00,1,0.00,,1.00,1,2.00,1,0.00,,0.00,,0.00,,3.00,0.00,,0.00,0.00,0.00,2.00,1,2.00,0.00,0.00,0.00,,,,41.67,41.67,48.81,48.81,33.97,33.97,40.15,40.15,0.00,0.00
El Salvador,SLV,20200312,3.00,1,0.00,,1.00,1,2.00,1,0.00,,0.00,,0.00,,4.00,0.00,,0.00,0.00,0.00,2.00,1,2.00,0.00,0.00,0.00,,,,44.44,44.44,52.38,52.38,35.90,35.90,42.42,42.42,0.00,0.00
El Salvador,SLV,20200313,3.00,1,0.00,,1.00,1,2.00,1,0.00,,0.00,,0.00,,4.00,0.00,,0.00,0.00,0.00,2.00,1,2.00,0.00,0.00,0.00,,,,44.44,44.44,52.38,52.38,35.90,35.90,42.42,42.42,0.00,0.00
El Salvador,SLV,20200314,3.00,1,0.00,,1.00,1,2.00,1,0.00,,0.00,,0.00,,4.00,0.00,,0.00,0.00,0.00,2.00,1,2.00,0.00,0.00,0.00,,,,44.44,44.44,52.38,52.38,35.90,35.90,42.42,42.42,0.00,0.00
El Salvador,SLV,20200315,3.00,1,0.00,,1.00,1,2.00,1,0.00,,0.00,,0.00,,4.00,0.00,,0.00,0.00,0.00,2.00,1,2.00,0.00,0.00,0.00,,,,44.44,44.44,52.38,52.38,35.90,35.90,42.42,42.42,0.00,0.00
El Salvador,SLV,20200316,3.00,1,2.00,1,1.00,1,2.00,1,0.00,,0.00,,0.00,,4.00,0.00,,0.00,0.00,0.00,2.00,1,2.00,0.00,31000000.00,0.00,,,,51.85,51.85,63.10,63.10,41.03,41.03,48.48,48.48,0.00,0.00
El Salvador,SLV,20200317,3.00,1,2.00,1,1.00,1,2.00,1,0.00,,0.00,,0.00,,4.00,0.00,,0.00,0.00,0.00,2.00,1,2.00,0.00,0.00,0.00,,,,51.85,51.85,63.10,63.10,41.03,41.03,48.48,48.48,0.00,0.00
El Salvador,SLV,20200318,3.00,1,2.00,1,1.00,1,2.00,1,1.00,1,0.00,,2.00,0,4.00,0.00,,0.00,0.00,0.00,2.00,1,2.00,0.00,0.00,0.00,,,,65.74,65.74,82.14,82.14,50.64,50.64,59.85,59.85,0.00,0.00
El Salvador,SLV,20200319,3.00,1,2.00,1,1.00,1,2.00,1,1.00,1,0.00,,2.00,0,4.00,0.00,,1.00,0.00,0.00,2.00,1,2.00,0.00,0.00,0.00,,1,0,65.74,65.74,82.14,82.14,54.49,54.49,59.85,59.85,25.00,25.00
El Salvador,SLV,20200320,3.00,1,2.00,1,1.00,1,2.00,1,1.00,1,0.00,,2.00,0,4.00,0.00,,1.00,,0.00,2.00,1,2.00,0.00,0.00,0.00,,1,0,65.74,65.74,82.14,82.14,54.49,54.49,59.85,59.85,25.00,25.00
El Salvador,SLV,20200321,3.00,1,3.00,1,2.00,1,2.00,1,1.00,1,3.00,1,2.00,1,4.00,0.00,,1.00,0.00,0.00,2.00,1,2.00,0.00,0.00,0.00,,3,0,88.89,88.89,95.24,95.24,70.51,70.51,78.79,78.79,25.00,25.00
El Salvador,SLV,20200322,3.00,1,3.00,1,2.00,1,2.00,1,1.00,1,3.00,1,2.00,1,4.00,0.00,,1.00,0.00,0.00,2.00,1,2.00,0.00,0.00,0.00,,3,0,88.89,88.89,95.24,95.24,70.51,70.51,78.79,78.79,25.00,25.00
El Salvador,SLV,20200323,3.00,1,3.00,1,2.00,1,2.00,1,1.00,1,3.00,1,2.00,1,4.00,0.00,,1.00,0.00,0.00,2.00,1,2.00,0.00,100000000.00,0.00,,3,0,88.89,88.89,95.24,95.24,70.51,70.51,78.79,78.79,25.00,25.00
El Salvador,SLV,20200324,3.00,1,3.00,1,2.00,1,2.00,1,1.00,1,3.00,1,2.00,1,4.00,0.00,,1.00,0.00,0.00,2.00,1,2.00,0.00,0.00,0.00,,5,0,88.89,88.89,95.24,95.24,70.51,70.51,78.79,78.79,25.00,25.00
El Salvador,SLV,20200325,3.00,1,3.00,1,2.00,1,2.00,1,1.00,1,3.00,1,2.00,1,4.00,0.00,,1.00,0.00,0.00,2.00,1,2.00,0.00,0.00,0.00,,9,0,88.89,88.89,95.24,95.24,70.51,70.51,78.79,78.79,25.00,25.00
El Salvador,SLV,20200326,3.00,1,3.00,1,2.00,1,2.00,1,1.00,1,3.00,1,2.00,1,4.00,0.00,,1.00,0.00,0.00,2.00,1,2.00,0.00,0.00,0.00,,13,0,88.89,88.89,95.24,95.24,70.51,70.51,78.79,78.79,25.00,25.00
El Salvador,SLV,20200327,3.00,1,3.00,1,2.00,1,2.00,1,1.00,1,3.00,1,2.00,1,4.00,0.00,,1.00,0.00,0.00,2.00,1,2.00,0.00,0.00,0.00,,13,0,88.89,88.89,95.24,95.24,70.51,70.51,78.79,78.79,25.00,25.00
El Salvador,SLV,20200328,3.00,1,3.00,1,2.00,1,2.00,1,1.00,1,3.00,1,2.00,1,4.00,0.00,,1.00,0.00,0.00,2.00,1,2.00,0.00,0.00,0.00,,13,0,88.89,88.89,95.24,95.24,70.51,70.51,78.79,78.79,25.00,25.00
El Salvador,SLV,20200329,3.00,1,3.00,1,2.00,1,2.00,1,1.00,1,3.00,1,2.00,1,4.00,0.00,,1.00,0.00,0.00,2.00,1,2.00,0.00,0.00,0.00,,19,0,88.89,88.89,95.24,95.24,70.51,70.51,78.79,78.79,25.00,25.00
El Salvador,SLV,20200330,3.00,1,3.00,1,2.00,1,2.00,1,1.00,1,3.00,1,2.00,1,4.00,0.00,,1.00,0.00,0.00,2.00,1,2.00,0.00,0.00,0.00,,30,0,88.89,88.89,95.24,95.24,70.51,70.51,78.79,78.79,25.00,25.00
El Salvador,SLV,20200331,3.00,1,3.00,1,2.00,1,2.00,1,1.00,1,3.00,1,2.00,1,4.00,0.00,,1.00,0.00,0.00,2.00,1,2.00,0.00,0.00,0.00,,32,0,88.89,88.89,95.24,95.24,70.51,70.51,78.79,78.79,25.00,25.00
El Salvador,SLV,20200401,3.00,1,3.00,1,2.00,1,2.00,1,1.00,1,3.00,1,2.00,1,4.00,1.00,1,1.00,0.00,0.00,2.00,1,2.00,0.00,42000000.00,0.00,,32,1,88.89,88.89,95.24,95.24,74.36,74.36,78.79,78.79,50.00,50.00
El Salvador,SLV,20200402,3.00,1,3.00,1,2.00,1,2.00,1,1.00,1,3.00,1,2.00,1,4.00,1.00,1,1.00,0.00,0.00,2.00,1,2.00,0.00,0.00,0.00,,41,2,88.89,88.89,95.24,95.24,74.36,74.36,78.79,78.79,50.00,50.00
El Salvador,SLV,20200403,3.00,1,3.00,1,2.00,1,2.00,1,1.00,1,3.00,1,2.00,1,4.00,1.00,1,1.00,0.00,0.00,2.00,1,2.00,0.00,0.00,0.00,,46,2,88.89,88.89,95.24,95.24,74.36,74.36,78.79,78.79,50.00,50.00
El Salvador,SLV,20200404,3.00,1,3.00,1,2.00,1,2.00,1,1.00,1,3.00,1,2.00,1,4.00,1.00,1,1.00,0.00,0.00,2.00,1,2.00,0.00,0.00,0.00,,56,3,88.89,88.89,95.24,95.24,74.36,74.36,78.79,78.79,50.00,50.00
El Salvador,SLV,20200405,3.00,1,3.00,1,2.00,1,2.00,1,1.00,1,3.00,1,2.00,1,4.00,1.00,1,1.00,0.00,0.00,2.00,1,2.00,0.00,0.00,0.00,,62,3,88.89,88.89,95.24,95.24,74.36,74.36,78.79,78.79,50.00,50.00
El Salvador,SLV,20200406,3.00,1,3.00,1,2.00,1,2.00,1,1.00,1,3.00,1,2.00,1,4.00,1.00,1,1.00,0.00,0.00,2.00,1,2.00,0.00,0.00,0.00,,69,3,88.89,88.89,95.24,95.24,74.36,74.36,78.79,78.79,50.00,50.00
El Salvador,SLV,20200407,3.00,1,3.00,1,2.00,1,2.00,1,1.00,1,3.00,1,2.00,1,4.00,1.00,1,1.00,0.00,0.00,2.00,1,2.00,0.00,0.00,0.00,,78,4,88.89,88.89,95.24,95.24,74.36,74.36,78.79,78.79,50.00,50.00
El Salvador,SLV,20200408,3.00,1,3.00,1,2.00,1,2.00,1,1.00,1,3.00,1,2.00,1,4.00,1.00,1,1.00,0.00,0.00,2.00,1,2.00,0.00,0.00,0.00,,78,4,88.89,88.89,95.24,95.24,74.36,74.36,78.79,78.79,50.00,50.00
El Salvador,SLV,20200409,3.00,1,3.00,1,2.00,1,2.00,1,1.00,1,3.00,1,2.00,1,4.00,1.00,1,1.00,0.00,0.00,2.00,1,2.00,0.00,0.00,0.00,,103,5,88.89,88.89,95.24,95.24,74.36,74.36,78.79,78.79,50.00,50.00
El Salvador,SLV,20200410,3.00,1,3.00,1,2.00,1,2.00,1,1.00,1,3.00,1,2.00,1,4.00,1.00,1,1.00,0.00,0.00,2.00,1,2.00,0.00,0.00,0.00,,117,6,88.89,88.89,95.24,95.24,74.36,74.36,78.79,78.79,50.00,50.00
El Salvador,SLV,20200411,3.00,1,3.00,1,2.00,1,2.00,1,1.00,1,3.00,1,2.00,1,4.00,1.00,1,1.00,0.00,0.00,2.00,1,2.00,0.00,0.00,0.00,,118,6,88.89,88.89,95.24,95.24,74.36,74.36,78.79,78.79,50.00,50.00
El Salvador,SLV,20200412,3.00,1,3.00,1,2.00,1,2.00,1,1.00,1,3.00,1,2.00,1,4.00,1.00,1,1.00,0.00,0.00,2.00,1,2.00,0.00,0.00,0.00,,118,6,88.89,88.89,95.24,95.24,74.36,74.36,78.79,78.79,50.00,50.00
El Salvador,SLV,20200413,3.00,1,3.00,1,2.00,1,2.00,1,1.00,1,3.00,1,2.00,1,4.00,1.00,1,1.00,0.00,0.00,2.00,1,2.00,0.00,0.00,0.00,,125,6,88.89,88.89,95.24,95.24,74.36,74.36,78.79,78.79,50.00,50.00
El Salvador,SLV,20200414,3.00,1,3.00,1,2.00,1,2.00,1,1.00,1,3.00,1,2.00,1,4.00,1.00,1,1.00,389000000.00,0.00,2.00,1,2.00,0.00,0.00,0.00,,149,6,88.89,88.89,95.24,95.24,74.36,74.36,78.79,78.79,50.00,50.00
El Salvador,SLV,20200415,3.00,1,3.00,1,2.00,1,2.00,1,1.00,1,3.00,1,2.00,1,4.00,1.00,1,1.00,0.00,0.00,2.00,1,2.00,0.00,0.00,0.00,,159,6,88.89,88.89,95.24,95.24,74.36,74.36,78.79,78.79,50.00,50.00
El Salvador,SLV,20200416,3.00,1,3.00,1,2.00,1,2.00,1,1.00,1,3.00,1,2.00,1,4.00,1.00,1,1.00,0.00,0.00,2.00,1,2.00,0.00,0.00,0.00,,159,6,88.89,88.89,95.24,95.24,74.36,74.36,78.79,78.79,50.00,50.00
El Salvador,SLV,20200417,3.00,1,3.00,1,2.00,1,2.00,1,1.00,1,3.00,1,2.00,1,4.00,1.00,1,1.00,0.00,0.00,2.00,1,2.00,0.00,0.00,0.00,,164,6,88.89,88.89,95.24,95.24,74.36,74.36,78.79,78.79,50.00,50.00
El Salvador,SLV,20200418,3.00,1,3.00,1,2.00,1,2.00,1,1.00,1,3.00,1,2.00,1,4.00,1.00,1,1.00,0.00,0.00,2.00,1,2.00,0.00,0.00,0.00,,177,7,88.89,88.89,95.24,95.24,74.36,74.36,78.79,78.79,50.00,50.00
El Salvador,SLV,20200419,3.00,1,3.00,1,2.00,1,2.00,1,1.00,1,3.00,1,2.00,1,4.00,1.00,1,1.00,0.00,0.00,2.00,1,2.00,0.00,0.00,0.00,,190,7,88.89,88.89,95.24,95.24,74.36,74.36,78.79,78.79,50.00,50.00
El Salvador,SLV,20200420,3.00,1,3.00,1,2.00,1,2.00,1,1.00,1,3.00,1,2.00,1,4.00,1.00,1,1.00,0.00,0.00,2.00,1,2.00,0.00,0.00,0.00,,201,7,88.89,88.89,95.24,95.24,74.36,74.36,78.79,78.79,50.00,50.00
El Salvador,SLV,20200421,3.00,1,3.00,1,2.00,1,4.00,1,1.00,1,3.00,1,2.00,1,4.00,1.00,1,1.00,0.00,0.00,2.00,1,2.00,0.00,0.00,0.00,,218,7,94.44,94.44,95.24,95.24,78.21,78.21,83.33,83.33,50.00,50.00
El Salvador,SLV,20200422,3.00,1,3.00,1,2.00,1,4.00,1,1.00,1,3.00,1,2.00,1,4.00,1.00,1,1.00,0.00,0.00,2.00,1,2.00,0.00,0.00,0.00,,225,7,94.44,94.44,95.24,95.24,78.21,78.21,83.33,83.33,50.00,50.00
El Salvador,SLV,20200423,3.00,1,3.00,1,2.00,1,4.00,1,1.00,1,3.00,1,2.00,1,4.00,1.00,1,1.00,0.00,0.00,2.00,1,2.00,0.00,0.00,0.00,,237,8,94.44,94.44,95.24,95.24,78.21,78.21,83.33,83.33,50.00,50.00
El Salvador,SLV,20200424,3.00,1,3.00,1,2.00,1,4.00,1,1.00,1,3.00,1,2.00,1,4.00,1.00,1,1.00,0.00,0.00,2.00,1,3.00,0.00,0.00,0.00,,250,8,94.44,94.44,95.24,95.24,80.77,80.77,86.36,86.36,50.00,50.00
El Salvador,SLV,20200425,3.00,1,3.00,1,2.00,1,4.00,1,1.00,1,3.00,1,2.00,1,4.00,1.00,1,1.00,0.00,0.00,2.00,1,3.00,0.00,0.00,0.00,,261,8,94.44,94.44,95.24,95.24,80.77,80.77,86.36,86.36,50.00,50.00
El Salvador,SLV,20200426,3.00,1,3.00,1,2.00,1,4.00,1,1.00,1,3.00,1,2.00,1,4.00,1.00,1,1.00,0.00,0.00,2.00,1,3.00,0.00,0.00,0.00,,298,8,94.44,94.44,95.24,95.24,80.77,80.77,86.36,86.36,50.00,50.00
El Salvador,SLV,20200427,3.00,1,3.00,1,2.00,1,4.00,1,1.00,1,3.00,1,2.00,1,4.00,1.00,1,1.00,0.00,0.00,2.00,1,3.00,0.00,0.00,0.00,,298,8,94.44,94.44,95.24,95.24,80.77,80.77,86.36,86.36,50.00,50.00
El Salvador,SLV,20200428,3.00,1,3.00,1,2.00,1,4.00,1,1.00,1,3.00,1,2.00,1,4.00,1.00,1,1.00,0.00,0.00,2.00,1,3.00,0.00,0.00,0.00,,323,8,94.44,94.44,95.24,95.24,80.77,80.77,86.36,86.36,50.00,50.00
El Salvador,SLV,20200429,3.00,1,3.00,1,2.00,1,4.00,1,1.00,1,3.00,1,2.00,1,4.00,1.00,1,1.00,0.00,0.00,2.00,1,3.00,0.00,0.00,0.00,,345,9,94.44,94.44,95.24,95.24,80.77,80.77,86.36,86.36,50.00,50.00
El Salvador,SLV,20200430,3.00,1,3.00,1,2.00,1,4.00,1,1.00,1,3.00,1,2.00,1,4.00,1.00,1,1.00,0.00,0.00,2.00,1,3.00,0.00,0.00,0.00,,377,9,94.44,94.44,95.24,95.24,80.77,80.77,86.36,86.36,50.00,50.00
El Salvador,SLV,20200501,3.00,1,3.00,1,2.00,1,4.00,1,1.00,1,3.00,1,2.00,1,4.00,1.00,1,1.00,0.00,0.00,2.00,1,3.00,0.00,0.00,0.00,,424,10,94.44,94.44,95.24,95.24,80.77,80.77,86.36,86.36,50.00,50.00
El Salvador,SLV,20200502,3.00,1,3.00,1,2.00,1,4.00,1,1.00,1,3.00,1,2.00,1,4.00,1.00,1,1.00,0.00,0.00,2.00,1,3.00,0.00,0.00,0.00,,446,10,94.44,94.44,95.24,95.24,80.77,80.77,86.36,86.36,50.00,50.00
El Salvador,SLV,20200503,3.00,1,3.00,1,2.00,1,4.00,1,1.00,1,3.00,1,2.00,1,4.00,1.00,1,1.00,0.00,0.00,2.00,1,3.00,0.00,0.00,0.00,,446,11,94.44,94.44,95.24,95.24,80.77,80.77,86.36,86.36,50.00,50.00
El Salvador,SLV,20200504,3.00,1,3.00,1,2.00,1,4.00,1,1.00,1,3.00,1,2.00,1,4.00,1.00,1,1.00,0.00,0.00,2.00,1,3.00,0.00,0.00,0.00,,555,12,94.44,94.44,95.24,95.24,80.77,80.77,86.36,86.36,50.00,50.00
El Salvador,SLV,20200505,3.00,1,3.00,1,2.00,1,4.00,1,1.00,1,3.00,1,2.00,1,4.00,1.00,1,2.00,1000000000.00,0.00,2.00,1,3.00,0.00,0.00,0.00,,587,13,94.44,94.44,95.24,95.24,84.62,84.62,86.36,86.36,75.00,75.00
El Salvador,SLV,20200506,3.00,1,3.00,1,2.00,1,4.00,1,1.00,1,3.00,1,2.00,1,4.00,1.00,1,2.00,0.00,0.00,2.00,1,3.00,0.00,0.00,0.00,,587,14,94.44,94.44,95.24,95.24,84.62,84.62,86.36,86.36,75.00,75.00
El Salvador,SLV,20200507,3.00,1,3.00,1,2.00,1,4.00,1,2.00,1,3.00,1,2.00,1,4.00,1.00,1,2.00,0.00,0.00,2.00,1,3.00,0.00,0.00,0.00,,695,15,100.00,100.00,100.00,100.00,88.46,88.46,90.91,90.91,75.00,75.00
El Salvador,SLV,20200508,3.00,1,3.00,1,2.00,1,4.00,1,2.00,1,3.00,1,2.00,1,4.00,1.00,1,2.00,0.00,0.00,2.00,1,3.00,0.00,0.00,0.00,,695,15,100.00,100.00,100.00,100.00,88.46,88.46,90.91,90.91,75.00,75.00
El Salvador,SLV,20200509,3.00,1,3.00,1,2.00,1,4.00,1,2.00,1,3.00,1,2.00,1,4.00,1.00,1,2.00,0.00,0.00,2.00,1,3.00,0.00,0.00,0.00,,784,16,100.00,100.00,100.00,100.00,88.46,88.46,90.91,90.91,75.00,75.00
El Salvador,SLV,20200510,3.00,1,3.00,1,2.00,1,4.00,1,2.00,1,3.00,1,2.00,1,4.00,1.00,1,2.00,0.00,0.00,2.00,1,3.00,0.00,0.00,0.00,,889,17,100.00,100.00,100.00,100.00,88.46,88.46,90.91,90.91,75.00,75.00
El Salvador,SLV,20200511,3.00,1,3.00,1,2.00,1,4.00,1,2.00,1,3.00,1,2.00,1,4.00,1.00,1,2.00,0.00,0.00,2.00,1,3.00,0.00,0.00,0.00,,958,17,100.00,100.00,100.00,100.00,88.46,88.46,90.91,90.91,75.00,75.00
El Salvador,SLV,20200512,3.00,1,3.00,1,2.00,1,4.00,1,2.00,1,3.00,1,2.00,1,4.00,1.00,1,2.00,0.00,0.00,2.00,1,3.00,0.00,0.00,0.00,,998,18,100.00,100.00,100.00,100.00,88.46,88.46,90.91,90.91,75.00,75.00
El Salvador,SLV,20200513,3.00,1,3.00,1,2.00,1,4.00,1,2.00,1,3.00,1,2.00,1,4.00,1.00,1,2.00,0.00,0.00,2.00,1,3.00,0.00,0.00,0.00,,1037,20,100.00,100.00,100.00,100.00,88.46,88.46,90.91,90.91,75.00,75.00
El Salvador,SLV,20200514,3.00,1,3.00,1,2.00,1,4.00,1,2.00,1,3.00,1,2.00,1,4.00,1.00,1,2.00,0.00,0.00,2.00,1,3.00,0.00,0.00,0.00,,1112,20,100.00,100.00,100.00,100.00,88.46,88.46,90.91,90.91,75.00,75.00
El Salvador,SLV,20200515,3.00,1,3.00,1,2.00,1,4.00,1,2.00,1,3.00,1,2.00,1,4.00,1.00,1,2.00,0.00,0.00,2.00,1,3.00,1.00,0.00,0.00,,1210,23,100.00,100.00,100.00,100.00,92.31,92.31,95.45,95.45,75.00,75.00
El Salvador,SLV,20200516,3.00,1,3.00,1,2.00,1,4.00,1,2.00,1,3.00,1,2.00,1,4.00,1.00,1,2.00,0.00,0.00,2.00,1,3.00,1.00,0.00,0.00,,1265,25,100.00,100.00,100.00,100.00,92.31,92.31,95.45,95.45,75.00,75.00
El Salvador,SLV,20200517,3.00,1,3.00,1,2.00,1,4.00,1,2.00,1,3.00,1,2.00,1,4.00,1.00,1,2.00,0.00,0.00,2.00,1,3.00,1.00,0.00,0.00,,1265,26,100.00,100.00,100.00,100.00,92.31,92.31,95.45,95.45,75.00,75.00
El Salvador,SLV,20200518,3.00,1,3.00,1,2.00,1,4.00,1,2.00,1,3.00,1,2.00,1,4.00,1.00,1,2.00,0.00,0.00,2.00,1,3.00,1.00,0.00,0.00,,1338,30,100.00,100.00,100.00,100.00,92.31,92.31,95.45,95.45,75.00,75.00
El Salvador,SLV,20200519,3.00,1,3.00,1,2.00,1,4.00,1,2.00,1,3.00,1,2.00,1,4.00,1.00,1,2.00,0.00,0.00,2.00,1,3.00,1.00,0.00,0.00,,1413,30,100.00,100.00,100.00,100.00,92.31,92.31,95.45,95.45,75.00,75.00
El Salvador,SLV,20200520,3.00,1,3.00,1,2.00,1,4.00,1,2.00,1,3.00,1,2.00,1,4.00,1.00,1,2.00,0.00,0.00,2.00,1,3.00,1.00,0.00,0.00,,1498,31,100.00,100.00,100.00,100.00,92.31,92.31,95.45,95.45,75.00,75.00
El Salvador,SLV,20200521,3.00,1,3.00,1,2.00,1,4.00,1,2.00,1,3.00,1,2.00,1,4.00,1.00,1,2.00,0.00,0.00,2.00,1,3.00,1.00,0.00,0.00,,1571,32,100.00,100.00,100.00,100.00,92.31,92.31,95.45,95.45,75.00,75.00
El Salvador,SLV,20200522,3.00,1,3.00,1,2.00,1,4.00,1,2.00,1,3.00,1,2.00,1,4.00,1.00,1,2.00,0.00,0.00,2.00,1,3.00,1.00,0.00,0.00,,1640,33,100.00,100.00,100.00,100.00,92.31,92.31,95.45,95.45,75.00,75.00
El Salvador,SLV,20200523,3.00,1,3.00,1,2.00,1,4.00,1,2.00,1,3.00,1,2.00,1,4.00,1.00,1,2.00,0.00,0.00,2.00,1,3.00,1.00,0.00,0.00,,1725,33,100.00,100.00,100.00,100.00,92.31,92.31,95.45,95.45,75.00,75.00
El Salvador,SLV,20200524,3.00,1,3.00,1,2.00,1,4.00,1,2.00,1,3.00,1,2.00,1,4.00,1.00,1,2.00,0.00,0.00,2.00,1,3.00,1.00,0.00,0.00,,1819,35,100.00,100.00,100.00,100.00,92.31,92.31,95.45,95.45,75.00,75.00
El Salvador,SLV,20200525,3.00,1,3.00,1,2.00,1,4.00,1,2.00,1,3.00,1,2.00,1,4.00,1.00,1,2.00,0.00,0.00,2.00,1,3.00,1.00,0.00,0.00,,1915,35,100.00,100.00,100.00,100.00,92.31,92.31,95.45,95.45,75.00,75.00
El Salvador,SLV,20200526,3.00,1,3.00,1,2.00,1,4.00,1,2.00,1,3.00,1,2.00,1,4.00,1.00,1,2.00,0.00,0.00,2.00,1,3.00,1.00,0.00,0.00,,1983,36,100.00,100.00,100.00,100.00,92.31,92.31,95.45,95.45,75.00,75.00
El Salvador,SLV,20200527,3.00,1,3.00,1,2.00,1,4.00,1,2.00,1,3.00,1,2.00,1,4.00,1.00,1,2.00,0.00,0.00,2.00,1,3.00,1.00,0.00,0.00,,2042,36,100.00,100.00,100.00,100.00,92.31,92.31,95.45,95.45,75.00,75.00
El Salvador,SLV,20200528,3.00,1,3.00,1,2.00,1,4.00,1,2.00,1,3.00,1,2.00,1,4.00,1.00,1,2.00,0.00,0.00,2.00,1,3.00,1.00,0.00,0.00,,2109,39,100.00,100.00,100.00,100.00,92.31,92.31,95.45,95.45,75.00,75.00
El Salvador,SLV,20200529,3.00,1,3.00,1,2.00,1,4.00,1,2.00,1,3.00,1,2.00,1,4.00,1.00,1,2.00,0.00,0.00,2.00,1,3.00,1.00,0.00,0.00,,2194,39,100.00,100.00,100.00,100.00,92.31,92.31,95.45,95.45,75.00,75.00
El Salvador,SLV,20200530,3.00,1,3.00,1,2.00,1,4.00,1,2.00,1,3.00,1,2.00,1,4.00,1.00,1,2.00,0.00,0.00,2.00,1,3.00,1.00,0.00,0.00,,2278,43,100.00,100.00,100.00,100.00,92.31,92.31,95.45,95.45,75.00,75.00
El Salvador,SLV,20200531,3.00,1,3.00,1,2.00,1,4.00,1,2.00,1,3.00,1,2.00,1,4.00,1.00,1,2.00,0.00,0.00,2.00,1,3.00,1.00,0.00,0.00,,2517,46,100.00,100.00,100.00,100.00,92.31,92.31,95.45,95.45,75.00,75.00
El Salvador,SLV,20200601,3.00,1,3.00,1,2.00,1,4.00,1,2.00,1,3.00,1,2.00,1,4.00,1.00,1,2.00,389000000.00,0.00,2.00,1,3.00,1.00,0.00,0.00,,2517,46,100.00,100.00,100.00,100.00,92.31,92.31,95.45,95.45,75.00,75.00
El Salvador,SLV,20200602,3.00,1,3.00,1,2.00,1,4.00,1,2.00,1,3.00,1,2.00,1,4.00,1.00,1,2.00,0.00,0.00,2.00,1,3.00,1.00,0.00,0.00,,2582,46,100.00,100.00,100.00,100.00,92.31,92.31,95.45,95.45,75.00,75.00
El Salvador,SLV,20200603,3.00,1,3.00,1,2.00,1,4.00,1,2.00,1,3.00,1,2.00,1,4.00,1.00,1,2.00,0.00,0.00,2.00,1,3.00,1.00,0.00,0.00,,2653,49,100.00,100.00,100.00,100.00,92.31,92.31,95.45,95.45,75.00,75.00
El Salvador,SLV,20200604,3.00,1,3.00,1,2.00,1,4.00,1,2.00,1,3.00,1,2.00,1,4.00,1.00,1,2.00,0.00,0.00,2.00,1,3.00,1.00,0.00,0.00,,2705,51,100.00,100.00,100.00,100.00,92.31,92.31,95.45,95.45,75.00,75.00
El Salvador,SLV,20200605,3.00,1,3.00,1,2.00,1,4.00,1,2.00,1,3.00,1,2.00,1,4.00,1.00,1,2.00,0.00,0.00,2.00,1,3.00,1.00,0.00,0.00,,2781,52,100.00,100.00,100.00,100.00,92.31,92.31,95.45,95.45,75.00,75.00
El Salvador,SLV,20200606,3.00,1,3.00,1,2.00,1,4.00,1,2.00,1,3.00,1,2.00,1,4.00,1.00,1,2.00,0.00,0.00,2.00,1,3.00,1.00,0.00,0.00,,2849,53,100.00,100.00,100.00,100.00,92.31,92.31,95.45,95.45,75.00,75.00
El Salvador,SLV,20200607,3.00,1,3.00,1,2.00,1,4.00,1,2.00,1,3.00,1,2.00,1,4.00,1.00,1,2.00,0.00,0.00,2.00,1,3.00,1.00,0.00,0.00,,2934,53,100.00,100.00,100.00,100.00,92.31,92.31,95.45,95.45,75.00,75.00
El Salvador,SLV,20200608,3.00,1,3.00,1,2.00,1,4.00,1,2.00,1,3.00,1,2.00,1,4.00,1.00,1,2.00,0.00,0.00,2.00,1,3.00,1.00,0.00,0.00,,3015,55,100.00,100.00,100.00,100.00,92.31,92.31,95.45,95.45,75.00,75.00
El Salvador,SLV,20200609,3.00,1,3.00,1,2.00,1,4.00,1,2.00,1,3.00,1,2.00,1,4.00,1.00,1,2.00,0.00,0.00,2.00,1,3.00,1.00,0.00,0.00,,3104,58,100.00,100.00,100.00,100.00,92.31,92.31,95.45,95.45,75.00,75.00
El Salvador,SLV,20200610,3.00,1,3.00,1,2.00,1,4.00,1,2.00,1,3.00,1,2.00,1,4.00,1.00,1,2.00,0.00,0.00,2.00,1,3.00,1.00,0.00,0.00,,3191,60,100.00,100.00,100.00,100.00,92.31,92.31,95.45,95.45,75.00,75.00
El Salvador,SLV,20200611,3.00,1,3.00,1,2.00,1,4.00,1,2.00,1,3.00,1,2.00,1,4.00,1.00,1,2.00,0.00,0.00,2.00,1,3.00,1.00,0.00,0.00,,3274,64,100.00,100.00,100.00,100.00,92.31,92.31,95.45,95.45,75.00,75.00
El Salvador,SLV,20200612,,,,,,,,,,,,,,,,,,,,,,,,,,,,3481,68,,,,,,,,,,
El Salvador,SLV,20200613,,,,,,,,,,,,,,,,,,,,,,,,,,,,3481,72,,,,,,,,,,
El Salvador,SLV,20200614,,,,,,,,,,,,,,,,,,,,,,,,,,,,3603,72,,,,,,,,,,
El Salvador,SLV,20200615,,,,,,,,,,,,,,,,,,,,,,,,,,,,3720,74,,,,,,,,,,
El Salvador,SLV,20200616,,,,,,,,,,,,,,,,,,,,,,,,,,,,3826,76,,,,,,,,,,
El Salvador,SLV,20200617,,,,,,,,,,,,,,,,,,,,,,,,,,,,3941,78,,100.00,,100.00,,92.31,,95.45,,75.00
El Salvador,SLV,20200618,,,,,,,,,,,,,,,,,,,,,,,,,,,,4066,82,,100.00,,100.00,,92.31,,95.45,,75.00
El Salvador,SLV,20200619,,,,,,,,,,,,,,,,,,,,,,,,,,,,4200,86,,100.00,,100.00,,92.31,,95.45,,75.00
El Salvador,SLV,20200620,,,,,,,,,,,,,,,,,,,,,,,,,,,,4329,93,,100.00,,100.00,,92.31,,95.45,,75.00
El Salvador,SLV,20200621,,,,,,,,,,,,,,,,,,,,,,,,,,,,4626,98,,100.00,,100.00,,92.31,,95.45,,75.00
El Salvador,SLV,20200622,,,,,,,,,,,,,,,,,,,,,,,,,,,,4626,107,,100.00,,100.00,,92.31,,95.45,,75.00
El Salvador,SLV,20200623,,,,,,,,,,,,,,,,,,,,,,,,,,,,4808,107,,100.00,,100.00,,92.31,,95.45,,75.00
