Serbia,SRB,20200101,0.00,,0.00,,0.00,,0.00,,0.00,,0.00,,0.00,,0.00,0.00,,0.00,0.00,0.00,0.00,,0.00,0.00,0.00,0.00,,,,0.00,0.00,0.00,0.00,0.00,0.00,0.00,0.00,0.00,0.00
Serbia,SRB,20200102,0.00,,0.00,,0.00,,0.00,,0.00,,0.00,,0.00,,0.00,0.00,,0.00,0.00,0.00,0.00,,0.00,0.00,0.00,0.00,,,,0.00,0.00,0.00,0.00,0.00,0.00,0.00,0.00,0.00,0.00
Serbia,SRB,20200103,0.00,,0.00,,0.00,,0.00,,0.00,,0.00,,0.00,,0.00,0.00,,0.00,0.00,0.00,0.00,,0.00,0.00,0.00,0.00,,,,0.00,0.00,0.00,0.00,0.00,0.00,0.00,0.00,0.00,0.00
Serbia,SRB,20200104,0.00,,0.00,,0.00,,0.00,,0.00,,0.00,,0.00,,0.00,0.00,,0.00,0.00,0.00,0.00,,0.00,0.00,0.00,0.00,,,,0.00,0.00,0.00,0.00,0.00,0.00,0.00,0.00,0.00,0.00
Serbia,SRB,20200105,0.00,,0.00,,0.00,,0.00,,0.00,,0.00,,0.00,,0.00,0.00,,0.00,0.00,0.00,0.00,,0.00,0.00,0.00,0.00,,,,0.00,0.00,0.00,0.00,0.00,0.00,0.00,0.00,0.00,0.00
Serbia,SRB,20200106,0.00,,0.00,,0.00,,0.00,,0.00,,0.00,,0.00,,0.00,0.00,,0.00,0.00,0.00,0.00,,0.00,0.00,0.00,0.00,,,,0.00,0.00,0.00,0.00,0.00,0.00,0.00,0.00,0.00,0.00
Serbia,SRB,20200107,0.00,,0.00,,0.00,,0.00,,0.00,,0.00,,0.00,,0.00,0.00,,0.00,0.00,0.00,0.00,,0.00,0.00,0.00,0.00,,,,0.00,0.00,0.00,0.00,0.00,0.00,0.00,0.00,0.00,0.00
Serbia,SRB,20200108,0.00,,0.00,,0.00,,0.00,,0.00,,0.00,,0.00,,0.00,0.00,,0.00,0.00,0.00,0.00,,0.00,0.00,0.00,0.00,,,,0.00,0.00,0.00,0.00,0.00,0.00,0.00,0.00,0.00,0.00
Serbia,SRB,20200109,0.00,,0.00,,0.00,,0.00,,0.00,,0.00,,0.00,,0.00,0.00,,0.00,0.00,0.00,0.00,,0.00,0.00,0.00,0.00,,,,0.00,0.00,0.00,0.00,0.00,0.00,0.00,0.00,0.00,0.00
Serbia,SRB,20200110,0.00,,0.00,,0.00,,0.00,,0.00,,0.00,,0.00,,0.00,0.00,,0.00,0.00,0.00,0.00,,0.00,0.00,0.00,0.00,,,,0.00,0.00,0.00,0.00,0.00,0.00,0.00,0.00,0.00,0.00
Serbia,SRB,20200111,0.00,,0.00,,0.00,,0.00,,0.00,,0.00,,0.00,,0.00,0.00,,0.00,0.00,0.00,0.00,,0.00,0.00,0.00,0.00,,,,0.00,0.00,0.00,0.00,0.00,0.00,0.00,0.00,0.00,0.00
Serbia,SRB,20200112,0.00,,0.00,,0.00,,0.00,,0.00,,0.00,,0.00,,0.00,0.00,,0.00,0.00,0.00,0.00,,0.00,0.00,0.00,0.00,,,,0.00,0.00,0.00,0.00,0.00,0.00,0.00,0.00,0.00,0.00
Serbia,SRB,20200113,0.00,,0.00,,0.00,,0.00,,0.00,,0.00,,0.00,,0.00,0.00,,0.00,0.00,0.00,0.00,,0.00,0.00,0.00,0.00,,,,0.00,0.00,0.00,0.00,0.00,0.00,0.00,0.00,0.00,0.00
Serbia,SRB,20200114,0.00,,0.00,,0.00,,0.00,,0.00,,0.00,,0.00,,0.00,0.00,,0.00,0.00,0.00,0.00,,0.00,0.00,0.00,0.00,,,,0.00,0.00,0.00,0.00,0.00,0.00,0.00,0.00,0.00,0.00
Serbia,SRB,20200115,0.00,,0.00,,0.00,,0.00,,0.00,,0.00,,0.00,,0.00,0.00,,0.00,0.00,0.00,0.00,,0.00,0.00,0.00,0.00,,,,0.00,0.00,0.00,0.00,0.00,0.00,0.00,0.00,0.00,0.00
Serbia,SRB,20200116,0.00,,0.00,,0.00,,0.00,,0.00,,0.00,,0.00,,0.00,0.00,,0.00,0.00,0.00,0.00,,0.00,0.00,0.00,0.00,,,,0.00,0.00,0.00,0.00,0.00,0.00,0.00,0.00,0.00,0.00
Serbia,SRB,20200117,0.00,,0.00,,0.00,,0.00,,0.00,,0.00,,0.00,,0.00,0.00,,0.00,0.00,0.00,0.00,,0.00,0.00,0.00,0.00,,,,0.00,0.00,0.00,0.00,0.00,0.00,0.00,0.00,0.00,0.00
Serbia,SRB,20200118,0.00,,0.00,,0.00,,0.00,,0.00,,0.00,,0.00,,0.00,0.00,,0.00,0.00,0.00,0.00,,0.00,0.00,0.00,0.00,,,,0.00,0.00,0.00,0.00,0.00,0.00,0.00,0.00,0.00,0.00
Serbia,SRB,20200119,0.00,,0.00,,0.00,,0.00,,0.00,,0.00,,0.00,,0.00,0.00,,0.00,0.00,0.00,0.00,,0.00,0.00,0.00,0.00,,,,0.00,0.00,0.00,0.00,0.00,0.00,0.00,0.00,0.00,0.00
Serbia,SRB,20200120,0.00,,0.00,,0.00,,0.00,,0.00,,0.00,,0.00,,0.00,0.00,,0.00,0.00,0.00,0.00,,0.00,0.00,0.00,0.00,,,,0.00,0.00,0.00,0.00,0.00,0.00,0.00,0.00,0.00,0.00
Serbia,SRB,20200121,0.00,,0.00,,0.00,,0.00,,0.00,,0.00,,0.00,,0.00,0.00,,0.00,0.00,0.00,0.00,,0.00,0.00,0.00,0.00,,,,0.00,0.00,0.00,0.00,0.00,0.00,0.00,0.00,0.00,0.00
Serbia,SRB,20200122,0.00,,0.00,,0.00,,0.00,,0.00,,0.00,,0.00,,1.00,0.00,,0.00,0.00,0.00,0.00,,0.00,0.00,0.00,0.00,,,,2.78,2.78,3.57,3.57,1.92,1.92,2.27,2.27,0.00,0.00
Serbia,SRB,20200123,0.00,,0.00,,0.00,,0.00,,0.00,,0.00,,0.00,,1.00,0.00,,0.00,0.00,0.00,0.00,,0.00,0.00,0.00,0.00,,,,2.78,2.78,3.57,3.57,1.92,1.92,2.27,2.27,0.00,0.00
Serbia,SRB,20200124,0.00,,0.00,,0.00,,0.00,,0.00,,0.00,,0.00,,1.00,0.00,,0.00,0.00,0.00,0.00,,0.00,0.00,0.00,0.00,,,,2.78,2.78,3.57,3.57,1.92,1.92,2.27,2.27,0.00,0.00
Serbia,SRB,20200125,0.00,,0.00,,0.00,,0.00,,0.00,,0.00,,0.00,,1.00,0.00,,0.00,0.00,0.00,0.00,,0.00,0.00,0.00,0.00,,,,2.78,2.78,3.57,3.57,1.92,1.92,2.27,2.27,0.00,0.00
Serbia,SRB,20200126,0.00,,0.00,,0.00,,0.00,,0.00,,0.00,,0.00,,1.00,0.00,,0.00,0.00,0.00,0.00,,0.00,0.00,0.00,0.00,,,,2.78,2.78,3.57,3.57,1.92,1.92,2.27,2.27,0.00,0.00
Serbia,SRB,20200127,0.00,,0.00,,0.00,,0.00,,0.00,,0.00,,0.00,,1.00,0.00,,0.00,0.00,0.00,0.00,,0.00,0.00,0.00,0.00,,,,2.78,2.78,3.57,3.57,1.92,1.92,2.27,2.27,0.00,0.00
Serbia,SRB,20200128,0.00,,0.00,,0.00,,0.00,,0.00,,0.00,,0.00,,1.00,0.00,,0.00,0.00,0.00,0.00,,0.00,0.00,0.00,0.00,,,,2.78,2.78,3.57,3.57,1.92,1.92,2.27,2.27,0.00,0.00
Serbia,SRB,20200129,0.00,,0.00,,0.00,,0.00,,0.00,,0.00,,0.00,,1.00,0.00,,0.00,0.00,0.00,0.00,,0.00,0.00,0.00,0.00,,,,2.78,2.78,3.57,3.57,1.92,1.92,2.27,2.27,0.00,0.00
Serbia,SRB,20200130,0.00,,0.00,,0.00,,0.00,,0.00,,0.00,,0.00,,1.00,0.00,,0.00,0.00,0.00,0.00,,0.00,0.00,0.00,0.00,,,,2.78,2.78,3.57,3.57,1.92,1.92,2.27,2.27,0.00,0.00
Serbia,SRB,20200131,0.00,,0.00,,0.00,,0.00,,0.00,,0.00,,0.00,,1.00,0.00,,0.00,0.00,0.00,0.00,,0.00,0.00,0.00,0.00,,,,2.78,2.78,3.57,3.57,1.92,1.92,2.27,2.27,0.00,0.00
Serbia,SRB,20200201,0.00,,0.00,,0.00,,0.00,,0.00,,0.00,,0.00,,1.00,0.00,,0.00,0.00,0.00,0.00,,0.00,0.00,0.00,0.00,,,,2.78,2.78,3.57,3.57,1.92,1.92,2.27,2.27,0.00,0.00
Serbia,SRB,20200202,0.00,,0.00,,0.00,,0.00,,0.00,,0.00,,0.00,,1.00,0.00,,0.00,0.00,0.00,0.00,,0.00,0.00,0.00,0.00,,,,2.78,2.78,3.57,3.57,1.92,1.92,2.27,2.27,0.00,0.00
Serbia,SRB,20200203,0.00,,0.00,,0.00,,0.00,,0.00,,0.00,,0.00,,1.00,0.00,,0.00,0.00,0.00,0.00,,0.00,0.00,0.00,0.00,,,,2.78,2.78,3.57,3.57,1.92,1.92,2.27,2.27,0.00,0.00
Serbia,SRB,20200204,0.00,,0.00,,0.00,,0.00,,0.00,,0.00,,0.00,,1.00,0.00,,0.00,0.00,0.00,0.00,,0.00,0.00,0.00,0.00,,,,2.78,2.78,3.57,3.57,1.92,1.92,2.27,2.27,0.00,0.00
Serbia,SRB,20200205,0.00,,0.00,,0.00,,0.00,,0.00,,0.00,,0.00,,1.00,0.00,,0.00,0.00,0.00,0.00,,0.00,0.00,0.00,0.00,,,,2.78,2.78,3.57,3.57,1.92,1.92,2.27,2.27,0.00,0.00
Serbia,SRB,20200206,0.00,,0.00,,0.00,,0.00,,0.00,,0.00,,0.00,,1.00,0.00,,0.00,0.00,0.00,0.00,,0.00,0.00,0.00,0.00,,,,2.78,2.78,3.57,3.57,1.92,1.92,2.27,2.27,0.00,0.00
Serbia,SRB,20200207,0.00,,0.00,,0.00,,0.00,,0.00,,0.00,,0.00,,1.00,0.00,,0.00,0.00,0.00,0.00,,0.00,0.00,0.00,0.00,,,,2.78,2.78,3.57,3.57,1.92,1.92,2.27,2.27,0.00,0.00
Serbia,SRB,20200208,0.00,,0.00,,0.00,,0.00,,0.00,,0.00,,0.00,,1.00,0.00,,0.00,0.00,0.00,0.00,,0.00,0.00,0.00,0.00,,,,2.78,2.78,3.57,3.57,1.92,1.92,2.27,2.27,0.00,0.00
Serbia,SRB,20200209,0.00,,0.00,,0.00,,0.00,,0.00,,0.00,,0.00,,1.00,0.00,,0.00,0.00,0.00,0.00,,0.00,0.00,0.00,0.00,,,,2.78,2.78,3.57,3.57,1.92,1.92,2.27,2.27,0.00,0.00
Serbia,SRB,20200210,0.00,,0.00,,0.00,,0.00,,0.00,,0.00,,0.00,,1.00,0.00,,0.00,0.00,0.00,0.00,,0.00,0.00,0.00,0.00,,,,2.78,2.78,3.57,3.57,1.92,1.92,2.27,2.27,0.00,0.00
Serbia,SRB,20200211,0.00,,0.00,,0.00,,0.00,,0.00,,0.00,,0.00,,1.00,0.00,,0.00,0.00,0.00,0.00,,0.00,0.00,0.00,0.00,,,,2.78,2.78,3.57,3.57,1.92,1.92,2.27,2.27,0.00,0.00
Serbia,SRB,20200212,0.00,,0.00,,0.00,,0.00,,0.00,,0.00,,0.00,,1.00,0.00,,0.00,0.00,0.00,0.00,,0.00,0.00,0.00,0.00,,,,2.78,2.78,3.57,3.57,1.92,1.92,2.27,2.27,0.00,0.00
Serbia,SRB,20200213,0.00,,0.00,,0.00,,0.00,,0.00,,0.00,,0.00,,1.00,0.00,,0.00,0.00,0.00,0.00,,0.00,0.00,0.00,0.00,,,,2.78,2.78,3.57,3.57,1.92,1.92,2.27,2.27,0.00,0.00
Serbia,SRB,20200214,0.00,,0.00,,0.00,,0.00,,0.00,,0.00,,0.00,,1.00,0.00,,0.00,0.00,0.00,0.00,,0.00,0.00,0.00,0.00,,,,2.78,2.78,3.57,3.57,1.92,1.92,2.27,2.27,0.00,0.00
Serbia,SRB,20200215,0.00,,0.00,,0.00,,0.00,,0.00,,0.00,,0.00,,1.00,0.00,,0.00,0.00,0.00,0.00,,0.00,0.00,0.00,0.00,,,,2.78,2.78,3.57,3.57,1.92,1.92,2.27,2.27,0.00,0.00
Serbia,SRB,20200216,0.00,,0.00,,0.00,,0.00,,0.00,,0.00,,0.00,,1.00,0.00,,0.00,0.00,0.00,0.00,,0.00,0.00,0.00,0.00,,,,2.78,2.78,3.57,3.57,1.92,1.92,2.27,2.27,0.00,0.00
Serbia,SRB,20200217,0.00,,0.00,,0.00,,0.00,,0.00,,0.00,,0.00,,1.00,0.00,,0.00,0.00,0.00,0.00,,0.00,0.00,0.00,0.00,,,,2.78,2.78,3.57,3.57,1.92,1.92,2.27,2.27,0.00,0.00
Serbia,SRB,20200218,0.00,,0.00,,0.00,,0.00,,0.00,,0.00,,0.00,,1.00,0.00,,0.00,0.00,0.00,0.00,,0.00,0.00,0.00,0.00,,,,2.78,2.78,3.57,3.57,1.92,1.92,2.27,2.27,0.00,0.00
Serbia,SRB,20200219,0.00,,0.00,,0.00,,0.00,,0.00,,0.00,,0.00,,1.00,0.00,,0.00,0.00,0.00,0.00,,0.00,0.00,0.00,0.00,,,,2.78,2.78,3.57,3.57,1.92,1.92,2.27,2.27,0.00,0.00
Serbia,SRB,20200220,0.00,,0.00,,0.00,,0.00,,0.00,,0.00,,0.00,,1.00,0.00,,0.00,0.00,0.00,0.00,,0.00,0.00,0.00,0.00,,,,2.78,2.78,3.57,3.57,1.92,1.92,2.27,2.27,0.00,0.00
Serbia,SRB,20200221,0.00,,0.00,,0.00,,0.00,,0.00,,0.00,,0.00,,1.00,0.00,,0.00,0.00,0.00,0.00,,0.00,0.00,0.00,0.00,,,,2.78,2.78,3.57,3.57,1.92,1.92,2.27,2.27,0.00,0.00
Serbia,SRB,20200222,0.00,,0.00,,0.00,,0.00,,0.00,,0.00,,0.00,,1.00,0.00,,0.00,0.00,0.00,0.00,,0.00,0.00,0.00,0.00,,,,2.78,2.78,3.57,3.57,1.92,1.92,2.27,2.27,0.00,0.00
Serbia,SRB,20200223,0.00,,0.00,,0.00,,0.00,,0.00,,0.00,,0.00,,1.00,0.00,,0.00,0.00,0.00,0.00,,0.00,0.00,0.00,0.00,,,,2.78,2.78,3.57,3.57,1.92,1.92,2.27,2.27,0.00,0.00
Serbia,SRB,20200224,0.00,,0.00,,0.00,,0.00,,0.00,,0.00,,0.00,,1.00,0.00,,0.00,0.00,0.00,0.00,,0.00,0.00,0.00,0.00,,,,2.78,2.78,3.57,3.57,1.92,1.92,2.27,2.27,0.00,0.00
Serbia,SRB,20200225,0.00,,0.00,,0.00,,0.00,,0.00,,0.00,,0.00,,1.00,0.00,,0.00,0.00,0.00,2.00,1,0.00,0.00,0.00,0.00,,,,13.89,13.89,17.86,17.86,9.62,9.62,11.36,11.36,0.00,0.00
Serbia,SRB,20200226,0.00,,0.00,,0.00,,0.00,,0.00,,0.00,,0.00,,1.00,0.00,,0.00,0.00,0.00,2.00,1,0.00,0.00,0.00,0.00,,,,13.89,13.89,17.86,17.86,9.62,9.62,11.36,11.36,0.00,0.00
Serbia,SRB,20200227,0.00,,0.00,,0.00,,0.00,,0.00,,0.00,,0.00,,1.00,0.00,,0.00,0.00,0.00,2.00,1,1.00,0.00,0.00,0.00,,,,13.89,13.89,17.86,17.86,12.18,12.18,14.39,14.39,0.00,0.00
Serbia,SRB,20200228,0.00,,0.00,,0.00,,0.00,,0.00,,0.00,,0.00,,1.00,0.00,,0.00,0.00,0.00,2.00,1,1.00,0.00,0.00,0.00,,,,13.89,13.89,17.86,17.86,12.18,12.18,14.39,14.39,0.00,0.00
Serbia,SRB,20200229,0.00,,0.00,,0.00,,0.00,,0.00,,0.00,,0.00,,1.00,0.00,,0.00,0.00,0.00,2.00,1,1.00,0.00,0.00,0.00,,,,13.89,13.89,17.86,17.86,12.18,12.18,14.39,14.39,0.00,0.00
Serbia,SRB,20200301,0.00,,0.00,,0.00,,0.00,,0.00,,0.00,,0.00,,1.00,0.00,,0.00,0.00,0.00,2.00,1,1.00,0.00,0.00,0.00,,,,13.89,13.89,17.86,17.86,12.18,12.18,14.39,14.39,0.00,0.00
Serbia,SRB,20200302,0.00,,0.00,,0.00,,0.00,,0.00,,0.00,,0.00,,1.00,0.00,,0.00,0.00,0.00,2.00,1,1.00,0.00,0.00,0.00,,,,13.89,13.89,17.86,17.86,12.18,12.18,14.39,14.39,0.00,0.00
Serbia,SRB,20200303,0.00,,0.00,,0.00,,0.00,,0.00,,0.00,,0.00,,1.00,0.00,,0.00,0.00,0.00,2.00,1,1.00,0.00,0.00,0.00,,,,13.89,13.89,17.86,17.86,12.18,12.18,14.39,14.39,0.00,0.00
Serbia,SRB,20200304,0.00,,0.00,,0.00,,0.00,,0.00,,0.00,,0.00,,1.00,0.00,,0.00,0.00,0.00,2.00,1,1.00,0.00,0.00,0.00,,,,13.89,13.89,17.86,17.86,12.18,12.18,14.39,14.39,0.00,0.00
Serbia,SRB,20200305,0.00,,0.00,,0.00,,0.00,,0.00,,0.00,,0.00,,1.00,0.00,,0.00,0.00,0.00,2.00,1,1.00,0.00,0.00,0.00,,,,13.89,13.89,17.86,17.86,12.18,12.18,14.39,14.39,0.00,0.00
Serbia,SRB,20200306,0.00,,0.00,,0.00,,0.00,,0.00,,0.00,,0.00,,1.00,0.00,,0.00,0.00,0.00,2.00,1,1.00,2.00,0.00,0.00,,,,13.89,13.89,17.86,17.86,19.87,19.87,23.48,23.48,0.00,0.00
Serbia,SRB,20200307,0.00,,0.00,,0.00,,0.00,,0.00,,0.00,,0.00,,1.00,0.00,,0.00,0.00,0.00,2.00,1,1.00,2.00,0.00,0.00,,1,0,13.89,13.89,17.86,17.86,19.87,19.87,23.48,23.48,0.00,0.00
Serbia,SRB,20200308,0.00,,0.00,,0.00,,0.00,,0.00,,0.00,,0.00,,1.00,0.00,,0.00,0.00,0.00,2.00,1,1.00,2.00,0.00,0.00,,,,13.89,13.89,17.86,17.86,19.87,19.87,23.48,23.48,0.00,0.00
Serbia,SRB,20200309,0.00,,0.00,,0.00,,0.00,,0.00,,0.00,,0.00,,1.00,0.00,,0.00,0.00,0.00,2.00,1,1.00,2.00,0.00,0.00,,,,13.89,13.89,17.86,17.86,19.87,19.87,23.48,23.48,0.00,0.00
Serbia,SRB,20200310,0.00,,0.00,,0.00,,0.00,,0.00,,0.00,,0.00,,1.00,0.00,,0.00,0.00,0.00,2.00,1,1.00,2.00,0.00,0.00,,,,13.89,13.89,17.86,17.86,19.87,19.87,23.48,23.48,0.00,0.00
Serbia,SRB,20200311,0.00,,0.00,,0.00,,2.00,1,0.00,,0.00,,0.00,,3.00,0.00,,0.00,0.00,0.00,2.00,1,1.00,2.00,0.00,0.00,,5,0,25.00,25.00,33.57,33.57,27.56,27.56,32.58,32.58,0.00,0.00
Serbia,SRB,20200312,0.00,,0.00,,0.00,,2.00,1,0.00,,0.00,,0.00,,3.00,0.00,,0.00,0.00,0.00,2.00,1,1.00,2.00,0.00,0.00,,18,0,25.00,25.00,33.57,33.57,27.56,27.56,32.58,32.58,0.00,0.00
Serbia,SRB,20200313,0.00,,0.00,,0.00,,2.00,1,0.00,,0.00,,0.00,,3.00,0.00,,0.00,0.00,0.00,2.00,1,1.00,2.00,0.00,0.00,,24,0,25.00,25.00,33.57,33.57,27.56,27.56,32.58,32.58,0.00,0.00
Serbia,SRB,20200314,0.00,,0.00,,0.00,,2.00,1,0.00,,0.00,,0.00,,3.00,0.00,,0.00,0.00,0.00,2.00,1,1.00,2.00,0.00,0.00,,41,0,25.00,25.00,33.57,33.57,27.56,27.56,32.58,32.58,0.00,0.00
Serbia,SRB,20200315,0.00,,0.00,,2.00,1,4.00,1,0.00,,2.00,1,0.00,,3.00,0.00,,0.00,0.00,0.00,2.00,1,1.00,2.00,0.00,0.00,,46,0,49.07,49.07,50.00,50.00,44.23,44.23,52.27,52.27,0.00,0.00
Serbia,SRB,20200316,3.00,1,1.00,1,2.00,1,4.00,1,0.00,,2.00,1,0.00,,4.00,0.00,,0.00,0.00,0.00,2.00,1,1.00,2.00,0.00,0.00,,55,0,66.67,66.67,75.00,75.00,56.41,56.41,66.67,66.67,0.00,0.00
Serbia,SRB,20200317,3.00,1,1.00,1,2.00,1,4.00,1,0.00,,2.00,1,0.00,,4.00,0.00,,0.00,0.00,0.00,2.00,1,1.00,2.00,0.00,0.00,,57,0,66.67,66.67,75.00,75.00,56.41,56.41,66.67,66.67,0.00,0.00
Serbia,SRB,20200318,3.00,1,1.00,1,2.00,1,4.00,1,0.00,,3.00,1,2.00,1,4.00,0.00,,0.00,0.00,0.00,2.00,1,1.00,2.00,0.00,0.00,,72,0,81.48,81.48,78.57,78.57,66.67,66.67,78.79,78.79,0.00,0.00
Serbia,SRB,20200319,3.00,1,1.00,1,2.00,1,4.00,1,0.00,,3.00,1,2.00,1,4.00,0.00,,0.00,0.00,0.00,2.00,1,1.00,2.00,0.00,0.00,,94,0,81.48,81.48,78.57,78.57,66.67,66.67,78.79,78.79,0.00,0.00
Serbia,SRB,20200320,3.00,1,1.00,1,2.00,1,4.00,1,0.00,,3.00,1,2.00,1,4.00,0.00,,0.00,0.00,0.00,2.00,1,1.00,2.00,0.00,0.00,,126,0,81.48,81.48,78.57,78.57,66.67,66.67,78.79,78.79,0.00,0.00
Serbia,SRB,20200321,3.00,1,3.00,1,2.00,1,4.00,1,2.00,1,3.00,1,2.00,1,4.00,0.00,,0.00,0.00,0.00,2.00,1,1.00,2.00,0.00,0.00,,135,1,100.00,100.00,100.00,100.00,79.49,79.49,93.94,93.94,0.00,0.00
Serbia,SRB,20200322,3.00,1,3.00,1,2.00,1,4.00,1,2.00,1,3.00,1,2.00,1,4.00,0.00,,0.00,0.00,0.00,2.00,1,1.00,2.00,0.00,0.00,,149,1,100.00,100.00,100.00,100.00,79.49,79.49,93.94,93.94,0.00,0.00
Serbia,SRB,20200323,3.00,1,3.00,1,2.00,1,4.00,1,2.00,1,3.00,1,2.00,1,4.00,0.00,,0.00,0.00,0.00,2.00,1,1.00,2.00,0.00,0.00,,188,1,100.00,100.00,100.00,100.00,79.49,79.49,93.94,93.94,0.00,0.00
Serbia,SRB,20200324,3.00,1,3.00,1,2.00,1,4.00,1,2.00,1,3.00,1,2.00,1,4.00,0.00,,0.00,0.00,0.00,2.00,1,1.00,2.00,0.00,0.00,,222,1,100.00,100.00,100.00,100.00,79.49,79.49,93.94,93.94,0.00,0.00
Serbia,SRB,20200325,3.00,1,3.00,1,2.00,1,4.00,1,2.00,1,3.00,1,2.00,1,4.00,0.00,,0.00,0.00,0.00,2.00,1,1.00,2.00,0.00,0.00,,249,1,100.00,100.00,100.00,100.00,79.49,79.49,93.94,93.94,0.00,0.00
Serbia,SRB,20200326,3.00,1,3.00,1,2.00,1,4.00,1,2.00,1,3.00,1,2.00,1,4.00,0.00,,0.00,0.00,0.00,2.00,1,1.00,2.00,0.00,0.00,,303,2,100.00,100.00,100.00,100.00,79.49,79.49,93.94,93.94,0.00,0.00
Serbia,SRB,20200327,3.00,1,3.00,1,2.00,1,4.00,1,2.00,1,3.00,1,2.00,1,4.00,0.00,,0.00,0.00,0.00,2.00,1,1.00,2.00,0.00,0.00,,384,3,100.00,100.00,100.00,100.00,79.49,79.49,93.94,93.94,0.00,0.00
Serbia,SRB,20200328,3.00,1,3.00,1,2.00,1,4.00,1,2.00,1,3.00,1,2.00,1,4.00,0.00,,0.00,0.00,0.00,2.00,1,1.00,2.00,0.00,0.00,,457,6,100.00,100.00,100.00,100.00,79.49,79.49,93.94,93.94,0.00,0.00
Serbia,SRB,20200329,3.00,1,3.00,1,2.00,1,4.00,1,2.00,1,3.00,1,2.00,1,4.00,0.00,,0.00,0.00,0.00,2.00,1,1.00,2.00,0.00,0.00,,659,10,100.00,100.00,100.00,100.00,79.49,79.49,93.94,93.94,0.00,0.00
Serbia,SRB,20200330,3.00,1,3.00,1,2.00,1,4.00,1,2.00,1,3.00,1,2.00,1,4.00,0.00,,0.00,0.00,0.00,2.00,1,1.00,2.00,0.00,0.00,,741,13,100.00,100.00,100.00,100.00,79.49,79.49,93.94,93.94,0.00,0.00
Serbia,SRB,20200331,3.00,1,3.00,1,2.00,1,4.00,1,2.00,1,3.00,1,2.00,1,4.00,1.00,0,1.00,0.00,0.00,2.00,1,1.00,2.00,16518385.00,0.00,,741,13,100.00,100.00,100.00,100.00,85.26,85.26,93.94,93.94,37.50,37.50
Serbia,SRB,20200401,3.00,1,3.00,1,2.00,1,4.00,1,2.00,1,3.00,1,2.00,1,4.00,1.00,0,1.00,0.00,0.00,2.00,1,1.00,2.00,0.00,0.00,,900,23,100.00,100.00,100.00,100.00,85.26,85.26,93.94,93.94,37.50,37.50
Serbia,SRB,20200402,3.00,1,3.00,1,2.00,1,4.00,1,2.00,1,3.00,1,2.00,1,4.00,1.00,0,1.00,0.00,0.00,2.00,1,1.00,2.00,0.00,0.00,,1060,23,100.00,100.00,100.00,100.00,85.26,85.26,93.94,93.94,37.50,37.50
Serbia,SRB,20200403,3.00,1,3.00,1,2.00,1,4.00,1,2.00,1,3.00,1,2.00,1,4.00,1.00,0,1.00,0.00,0.00,2.00,1,1.00,2.00,0.00,0.00,,1171,31,100.00,100.00,100.00,100.00,85.26,85.26,93.94,93.94,37.50,37.50
Serbia,SRB,20200404,3.00,1,3.00,1,2.00,1,4.00,1,2.00,1,3.00,1,2.00,1,4.00,1.00,0,1.00,0.00,0.00,2.00,1,1.00,2.00,0.00,0.00,,1476,39,100.00,100.00,100.00,100.00,85.26,85.26,93.94,93.94,37.50,37.50
Serbia,SRB,20200405,3.00,1,3.00,1,2.00,1,4.00,1,2.00,1,3.00,1,2.00,1,4.00,1.00,0,1.00,0.00,0.00,2.00,1,1.00,2.00,0.00,0.00,,1624,44,100.00,100.00,100.00,100.00,85.26,85.26,93.94,93.94,37.50,37.50
Serbia,SRB,20200406,3.00,1,3.00,1,2.00,1,4.00,1,2.00,1,3.00,1,2.00,1,4.00,1.00,0,1.00,0.00,0.00,2.00,1,1.00,2.00,0.00,0.00,,1908,51,100.00,100.00,100.00,100.00,85.26,85.26,93.94,93.94,37.50,37.50
Serbia,SRB,20200407,3.00,1,3.00,1,2.00,1,4.00,1,2.00,1,3.00,1,2.00,1,4.00,1.00,0,1.00,0.00,0.00,2.00,1,1.00,2.00,0.00,0.00,,2200,58,100.00,100.00,100.00,100.00,85.26,85.26,93.94,93.94,37.50,37.50
Serbia,SRB,20200408,3.00,1,3.00,1,2.00,1,4.00,1,2.00,1,3.00,1,2.00,1,4.00,1.00,0,1.00,0.00,0.00,2.00,1,1.00,2.00,0.00,0.00,,2447,61,100.00,100.00,100.00,100.00,85.26,85.26,93.94,93.94,37.50,37.50
Serbia,SRB,20200409,3.00,1,3.00,1,2.00,1,4.00,1,2.00,1,3.00,1,2.00,1,4.00,1.00,0,1.00,0.00,0.00,2.00,1,1.00,2.00,0.00,0.00,,2666,65,100.00,100.00,100.00,100.00,85.26,85.26,93.94,93.94,37.50,37.50
Serbia,SRB,20200410,3.00,1,3.00,1,2.00,1,4.00,1,2.00,1,3.00,1,2.00,1,4.00,1.00,0,1.00,0.00,0.00,2.00,1,1.00,2.00,0.00,0.00,,2867,66,100.00,100.00,100.00,100.00,85.26,85.26,93.94,93.94,37.50,37.50
Serbia,SRB,20200411,3.00,1,3.00,1,2.00,1,4.00,1,2.00,1,3.00,1,2.00,1,4.00,1.00,0,1.00,0.00,0.00,2.00,1,1.00,2.00,0.00,0.00,,3105,71,100.00,100.00,100.00,100.00,85.26,85.26,93.94,93.94,37.50,37.50
Serbia,SRB,20200412,3.00,1,3.00,1,2.00,1,4.00,1,2.00,1,3.00,1,2.00,1,4.00,1.00,0,1.00,0.00,0.00,2.00,1,1.00,2.00,0.00,0.00,,3380,74,100.00,100.00,100.00,100.00,85.26,85.26,93.94,93.94,37.50,37.50
Serbia,SRB,20200413,3.00,1,3.00,1,2.00,1,4.00,1,2.00,1,3.00,1,2.00,1,4.00,1.00,0,1.00,0.00,0.00,2.00,1,1.00,2.00,0.00,0.00,,3630,80,100.00,100.00,100.00,100.00,85.26,85.26,93.94,93.94,37.50,37.50
Serbia,SRB,20200414,3.00,1,3.00,1,2.00,1,4.00,1,2.00,1,3.00,1,2.00,1,4.00,1.00,0,1.00,0.00,0.00,2.00,1,1.00,2.00,0.00,0.00,,4054,85,100.00,100.00,100.00,100.00,85.26,85.26,93.94,93.94,37.50,37.50
Serbia,SRB,20200415,3.00,1,3.00,1,2.00,1,4.00,1,2.00,1,3.00,1,2.00,1,4.00,1.00,0,1.00,0.00,0.00,2.00,1,1.00,2.00,0.00,0.00,,4465,94,100.00,100.00,100.00,100.00,85.26,85.26,93.94,93.94,37.50,37.50
Serbia,SRB,20200416,3.00,1,3.00,1,2.00,1,4.00,1,2.00,1,3.00,1,2.00,1,4.00,1.00,0,1.00,0.00,0.00,2.00,1,1.00,2.00,0.00,0.00,,4873,99,100.00,100.00,100.00,100.00,85.26,85.26,93.94,93.94,37.50,37.50
Serbia,SRB,20200417,3.00,1,3.00,1,2.00,1,4.00,1,2.00,1,3.00,1,2.00,1,4.00,1.00,0,1.00,0.00,0.00,2.00,1,1.00,2.00,0.00,0.00,,5318,103,100.00,100.00,100.00,100.00,85.26,85.26,93.94,93.94,37.50,37.50
Serbia,SRB,20200418,3.00,1,3.00,1,2.00,1,4.00,1,2.00,1,3.00,1,2.00,1,4.00,1.00,0,1.00,0.00,0.00,2.00,1,1.00,2.00,0.00,0.00,,5690,110,100.00,100.00,100.00,100.00,85.26,85.26,93.94,93.94,37.50,37.50
Serbia,SRB,20200419,3.00,1,3.00,1,2.00,1,4.00,1,2.00,1,3.00,1,2.00,1,4.00,1.00,0,1.00,0.00,0.00,2.00,1,1.00,2.00,0.00,0.00,,5994,117,100.00,100.00,100.00,100.00,85.26,85.26,93.94,93.94,37.50,37.50
Serbia,SRB,20200420,3.00,1,3.00,1,2.00,1,4.00,1,2.00,1,3.00,1,2.00,1,4.00,1.00,0,1.00,0.00,0.00,2.00,1,1.00,2.00,0.00,0.00,,6318,122,100.00,100.00,100.00,100.00,85.26,85.26,93.94,93.94,37.50,37.50
Serbia,SRB,20200421,3.00,1,2.00,1,2.00,1,4.00,1,2.00,1,3.00,1,2.00,1,4.00,1.00,0,1.00,0.00,0.00,2.00,1,1.00,2.00,0.00,0.00,,6630,125,96.30,96.30,96.43,96.43,82.69,82.69,90.91,90.91,37.50,37.50
Serbia,SRB,20200422,3.00,1,2.00,1,2.00,1,4.00,1,2.00,1,3.00,1,2.00,1,4.00,1.00,0,1.00,0.00,0.00,2.00,1,1.00,2.00,0.00,0.00,,6890,125,96.30,96.30,96.43,96.43,82.69,82.69,90.91,90.91,37.50,37.50
Serbia,SRB,20200423,3.00,1,2.00,1,2.00,1,4.00,1,2.00,1,3.00,1,2.00,1,4.00,1.00,0,1.00,0.00,0.00,2.00,1,1.00,2.00,0.00,0.00,,7114,134,96.30,96.30,96.43,96.43,82.69,82.69,90.91,90.91,37.50,37.50
Serbia,SRB,20200424,3.00,1,2.00,1,2.00,1,4.00,1,2.00,1,3.00,1,2.00,1,4.00,1.00,0,1.00,0.00,0.00,2.00,1,1.00,2.00,0.00,0.00,,7276,139,96.30,96.30,96.43,96.43,82.69,82.69,90.91,90.91,37.50,37.50
Serbia,SRB,20200425,3.00,1,2.00,1,2.00,1,4.00,1,2.00,1,3.00,1,2.00,1,4.00,1.00,0,1.00,0.00,0.00,2.00,1,1.00,2.00,0.00,0.00,,7483,144,96.30,96.30,96.43,96.43,82.69,82.69,90.91,90.91,37.50,37.50
Serbia,SRB,20200426,3.00,1,2.00,1,2.00,1,4.00,1,2.00,1,3.00,1,2.00,1,4.00,1.00,0,1.00,0.00,0.00,2.00,1,1.00,2.00,0.00,0.00,,7779,151,96.30,96.30,96.43,96.43,82.69,82.69,90.91,90.91,37.50,37.50
Serbia,SRB,20200427,3.00,1,2.00,1,2.00,1,4.00,1,2.00,1,3.00,1,2.00,0,4.00,1.00,0,1.00,0.00,0.00,2.00,1,1.00,2.00,0.00,0.00,,8042,156,93.52,93.52,96.43,96.43,80.77,80.77,88.64,88.64,37.50,37.50
Serbia,SRB,20200428,3.00,1,2.00,1,2.00,1,4.00,1,2.00,1,3.00,1,2.00,0,4.00,1.00,0,1.00,0.00,0.00,2.00,1,1.00,2.00,0.00,0.00,,8275,162,93.52,93.52,96.43,96.43,80.77,80.77,88.64,88.64,37.50,37.50
Serbia,SRB,20200429,3.00,1,2.00,1,2.00,1,4.00,1,2.00,1,3.00,1,2.00,0,4.00,1.00,0,1.00,0.00,0.00,2.00,1,1.00,2.00,0.00,0.00,,8497,168,93.52,93.52,96.43,96.43,80.77,80.77,88.64,88.64,37.50,37.50
Serbia,SRB,20200430,3.00,1,2.00,1,2.00,1,4.00,1,2.00,1,3.00,1,2.00,1,4.00,1.00,0,1.00,0.00,0.00,2.00,1,1.00,2.00,0.00,0.00,,8724,173,96.30,96.30,96.43,96.43,82.69,82.69,90.91,90.91,37.50,37.50
Serbia,SRB,20200501,3.00,1,2.00,1,2.00,1,4.00,1,2.00,1,3.00,1,2.00,1,4.00,1.00,0,1.00,0.00,0.00,2.00,1,1.00,2.00,0.00,0.00,,9009,179,96.30,96.30,96.43,96.43,82.69,82.69,90.91,90.91,37.50,37.50
Serbia,SRB,20200502,3.00,1,2.00,1,2.00,1,4.00,1,2.00,1,3.00,1,2.00,1,4.00,1.00,0,1.00,0.00,0.00,2.00,1,1.00,2.00,0.00,0.00,,9205,185,96.30,96.30,96.43,96.43,82.69,82.69,90.91,90.91,37.50,37.50
Serbia,SRB,20200503,3.00,1,2.00,1,2.00,1,4.00,1,2.00,1,3.00,1,2.00,1,4.00,1.00,0,1.00,0.00,0.00,2.00,1,1.00,2.00,0.00,0.00,,9362,189,96.30,96.30,96.43,96.43,82.69,82.69,90.91,90.91,37.50,37.50
Serbia,SRB,20200504,3.00,1,2.00,1,2.00,1,4.00,1,2.00,1,3.00,1,2.00,1,4.00,1.00,0,1.00,0.00,0.00,2.00,1,1.00,2.00,0.00,0.00,,9464,193,96.30,96.30,96.43,96.43,82.69,82.69,90.91,90.91,37.50,37.50
Serbia,SRB,20200505,3.00,1,2.00,1,2.00,1,4.00,1,2.00,1,3.00,1,2.00,0,4.00,1.00,0,1.00,0.00,0.00,2.00,1,1.00,2.00,0.00,0.00,,9557,197,93.52,93.52,96.43,96.43,80.77,80.77,88.64,88.64,37.50,37.50
Serbia,SRB,20200506,3.00,1,2.00,1,2.00,1,4.00,1,2.00,1,3.00,1,2.00,0,4.00,1.00,0,1.00,0.00,0.00,2.00,1,1.00,2.00,0.00,0.00,,9677,200,93.52,93.52,96.43,96.43,80.77,80.77,88.64,88.64,37.50,37.50
Serbia,SRB,20200507,3.00,1,2.00,1,2.00,1,4.00,1,2.00,1,3.00,1,2.00,0,4.00,1.00,0,1.00,0.00,0.00,2.00,1,1.00,2.00,0.00,0.00,,9791,203,93.52,93.52,96.43,96.43,80.77,80.77,88.64,88.64,37.50,37.50
Serbia,SRB,20200508,3.00,1,2.00,1,2.00,1,4.00,1,2.00,1,3.00,1,2.00,0,4.00,1.00,0,1.00,0.00,0.00,2.00,1,1.00,2.00,0.00,0.00,,9848,206,93.52,93.52,96.43,96.43,80.77,80.77,88.64,88.64,37.50,37.50
Serbia,SRB,20200509,3.00,1,2.00,1,2.00,1,4.00,1,2.00,1,3.00,1,2.00,0,4.00,1.00,0,1.00,0.00,0.00,2.00,1,1.00,2.00,0.00,0.00,,9943,209,93.52,93.52,96.43,96.43,80.77,80.77,88.64,88.64,37.50,37.50
Serbia,SRB,20200510,3.00,1,2.00,1,2.00,1,4.00,1,2.00,1,3.00,1,2.00,0,4.00,1.00,0,1.00,0.00,0.00,2.00,1,1.00,2.00,0.00,0.00,,10032,213,93.52,93.52,96.43,96.43,80.77,80.77,88.64,88.64,37.50,37.50
Serbia,SRB,20200511,3.00,1,2.00,1,2.00,1,4.00,1,2.00,1,3.00,1,2.00,0,4.00,1.00,0,1.00,0.00,0.00,2.00,1,1.00,2.00,109000000.00,0.00,,10114,215,93.52,93.52,96.43,96.43,80.77,80.77,88.64,88.64,37.50,37.50
Serbia,SRB,20200512,3.00,1,2.00,1,2.00,1,4.00,1,2.00,1,3.00,1,2.00,0,4.00,1.00,0,1.00,0.00,0.00,2.00,1,1.00,2.00,0.00,0.00,,10176,218,93.52,93.52,96.43,96.43,80.77,80.77,88.64,88.64,37.50,37.50
Serbia,SRB,20200513,3.00,1,2.00,1,2.00,1,4.00,1,2.00,1,3.00,1,2.00,0,4.00,1.00,0,1.00,0.00,0.00,2.00,1,1.00,2.00,0.00,0.00,,10243,220,93.52,93.52,96.43,96.43,80.77,80.77,88.64,88.64,37.50,37.50
Serbia,SRB,20200514,3.00,1,2.00,1,2.00,1,4.00,1,2.00,1,3.00,1,2.00,0,4.00,1.00,0,1.00,0.00,0.00,2.00,1,1.00,2.00,0.00,0.00,,10295,222,93.52,93.52,96.43,96.43,80.77,80.77,88.64,88.64,37.50,37.50
Serbia,SRB,20200515,3.00,1,2.00,1,2.00,1,4.00,1,2.00,1,3.00,1,2.00,0,4.00,1.00,0,1.00,0.00,0.00,2.00,1,1.00,2.00,0.00,0.00,,10374,224,93.52,93.52,96.43,96.43,80.77,80.77,88.64,88.64,37.50,37.50
Serbia,SRB,20200516,3.00,1,2.00,1,2.00,1,4.00,1,2.00,1,3.00,1,2.00,0,4.00,1.00,0,1.00,0.00,0.00,2.00,1,1.00,2.00,0.00,0.00,,10438,225,93.52,93.52,96.43,96.43,80.77,80.77,88.64,88.64,37.50,37.50
Serbia,SRB,20200517,2.00,1,2.00,1,2.00,1,3.00,1,0.00,,1.00,1,0.00,,1.00,1.00,0,1.00,0.00,0.00,2.00,1,1.00,2.00,0.00,0.00,,10496,228,51.85,51.85,60.71,60.71,51.92,51.92,54.55,54.55,37.50,37.50
Serbia,SRB,20200518,2.00,1,2.00,1,2.00,1,3.00,1,0.00,,1.00,1,0.00,,1.00,1.00,0,1.00,0.00,0.00,2.00,1,1.00,2.00,0.00,0.00,,10610,230,51.85,51.85,60.71,60.71,51.92,51.92,54.55,54.55,37.50,37.50
Serbia,SRB,20200519,2.00,1,2.00,1,2.00,1,3.00,1,0.00,,1.00,1,0.00,,1.00,1.00,0,1.00,0.00,0.00,2.00,1,1.00,2.00,0.00,0.00,,10699,231,51.85,51.85,60.71,60.71,51.92,51.92,54.55,54.55,37.50,37.50
Serbia,SRB,20200520,2.00,1,2.00,1,2.00,1,3.00,1,0.00,,1.00,1,0.00,,1.00,1.00,0,1.00,0.00,0.00,2.00,1,1.00,2.00,0.00,0.00,,10733,234,51.85,51.85,60.71,60.71,51.92,51.92,54.55,54.55,37.50,37.50
Serbia,SRB,20200521,2.00,1,2.00,1,2.00,1,3.00,1,0.00,,1.00,1,0.00,,1.00,1.00,0,1.00,0.00,0.00,2.00,1,1.00,2.00,0.00,0.00,,10833,235,51.85,51.85,60.71,60.71,51.92,51.92,54.55,54.55,37.50,37.50
Serbia,SRB,20200522,2.00,1,2.00,1,2.00,1,3.00,1,0.00,,1.00,1,0.00,,0.00,1.00,0,1.00,0.00,0.00,2.00,1,3.00,2.00,0.00,0.00,,10919,237,49.07,49.07,57.14,57.14,55.13,55.13,58.33,58.33,37.50,37.50
Serbia,SRB,20200523,2.00,1,2.00,1,2.00,1,3.00,1,0.00,,1.00,1,0.00,,0.00,1.00,0,1.00,0.00,0.00,2.00,1,3.00,2.00,0.00,0.00,,11024,237,49.07,49.07,57.14,57.14,55.13,55.13,58.33,58.33,37.50,37.50
Serbia,SRB,20200524,2.00,1,2.00,1,2.00,1,3.00,1,0.00,,1.00,1,0.00,,0.00,1.00,0,1.00,0.00,0.00,2.00,1,3.00,2.00,0.00,0.00,,11092,238,49.07,49.07,57.14,57.14,55.13,55.13,58.33,58.33,37.50,37.50
Serbia,SRB,20200525,2.00,1,2.00,1,2.00,1,3.00,1,0.00,,1.00,1,0.00,,0.00,1.00,0,1.00,0.00,0.00,2.00,1,3.00,2.00,0.00,0.00,,11159,238,49.07,49.07,57.14,57.14,55.13,55.13,58.33,58.33,37.50,37.50
Serbia,SRB,20200526,2.00,1,2.00,1,2.00,1,3.00,1,0.00,,1.00,1,0.00,,0.00,1.00,0,1.00,0.00,0.00,2.00,1,3.00,2.00,0.00,0.00,,11193,239,49.07,49.07,57.14,57.14,55.13,55.13,58.33,58.33,37.50,37.50
Serbia,SRB,20200527,2.00,1,2.00,1,2.00,1,3.00,1,0.00,,1.00,1,0.00,,0.00,1.00,0,1.00,0.00,0.00,2.00,1,3.00,2.00,0.00,0.00,,11227,239,49.07,49.07,57.14,57.14,55.13,55.13,58.33,58.33,37.50,37.50
Serbia,SRB,20200528,2.00,1,2.00,1,2.00,1,3.00,1,0.00,,1.00,1,0.00,,0.00,1.00,0,1.00,0.00,0.00,2.00,1,3.00,2.00,0.00,0.00,,11275,240,49.07,49.07,57.14,57.14,55.13,55.13,58.33,58.33,37.50,37.50
Serbia,SRB,20200529,2.00,1,2.00,1,2.00,1,3.00,1,0.00,,1.00,1,0.00,,0.00,1.00,0,1.00,0.00,0.00,2.00,1,3.00,2.00,0.00,0.00,,11300,241,49.07,49.07,57.14,57.14,55.13,55.13,58.33,58.33,37.50,37.50
Serbia,SRB,20200530,2.00,1,2.00,1,2.00,1,3.00,1,0.00,,1.00,1,0.00,,0.00,1.00,0,1.00,0.00,0.00,2.00,1,3.00,2.00,0.00,0.00,,11354,242,49.07,49.07,57.14,57.14,55.13,55.13,58.33,58.33,37.50,37.50
Serbia,SRB,20200531,2.00,1,2.00,1,2.00,1,3.00,1,0.00,,1.00,1,0.00,,0.00,1.00,0,1.00,0.00,0.00,2.00,1,3.00,2.00,0.00,0.00,,11381,242,49.07,49.07,57.14,57.14,55.13,55.13,58.33,58.33,37.50,37.50
Serbia,SRB,20200601,2.00,1,2.00,1,2.00,1,1.00,1,0.00,,1.00,1,0.00,,0.00,1.00,0,1.00,0.00,0.00,2.00,1,3.00,2.00,0.00,0.00,,11412,243,43.52,43.52,57.14,57.14,51.28,51.28,53.79,53.79,37.50,37.50
Serbia,SRB,20200602,2.00,1,2.00,1,2.00,1,1.00,1,0.00,,1.00,1,0.00,,0.00,1.00,0,1.00,0.00,0.00,2.00,1,3.00,2.00,0.00,0.00,,11430,244,43.52,43.52,57.14,57.14,51.28,51.28,53.79,53.79,37.50,37.50
Serbia,SRB,20200603,2.00,1,2.00,1,2.00,1,1.00,1,0.00,,1.00,1,0.00,,0.00,1.00,0,1.00,0.00,0.00,2.00,1,3.00,2.00,0.00,0.00,,11454,245,43.52,43.52,57.14,57.14,51.28,51.28,53.79,53.79,37.50,37.50
Serbia,SRB,20200604,2.00,1,2.00,1,2.00,1,1.00,1,0.00,,1.00,1,0.00,,0.00,1.00,0,1.00,0.00,0.00,2.00,1,3.00,2.00,0.00,0.00,,11523,245,43.52,43.52,57.14,57.14,51.28,51.28,53.79,53.79,37.50,37.50
Serbia,SRB,20200605,2.00,1,2.00,1,2.00,1,1.00,1,0.00,,1.00,1,0.00,,0.00,1.00,0,1.00,0.00,0.00,2.00,1,3.00,2.00,0.00,0.00,,11571,246,43.52,43.52,57.14,57.14,51.28,51.28,53.79,53.79,37.50,37.50
Serbia,SRB,20200606,2.00,1,0.00,,1.00,1,0.00,,0.00,,0.00,,0.00,,0.00,1.00,0,1.00,0.00,0.00,2.00,1,3.00,2.00,0.00,0.00,,11667,247,24.07,24.07,34.52,34.52,37.82,37.82,37.88,37.88,37.50,37.50
Serbia,SRB,20200607,2.00,1,0.00,,1.00,1,0.00,,0.00,,0.00,,0.00,,0.00,1.00,0,1.00,0.00,0.00,2.00,1,3.00,2.00,0.00,0.00,,11741,248,24.07,24.07,34.52,34.52,37.82,37.82,37.88,37.88,37.50,37.50
Serbia,SRB,20200608,2.00,1,0.00,,1.00,1,0.00,,0.00,,0.00,,0.00,,0.00,1.00,0,1.00,0.00,0.00,2.00,1,3.00,2.00,0.00,0.00,,11823,249,24.07,24.07,34.52,34.52,37.82,37.82,37.88,37.88,37.50,37.50
Serbia,SRB,20200609,2.00,1,0.00,,1.00,1,0.00,,0.00,,0.00,,0.00,,0.00,1.00,0,1.00,0.00,0.00,2.00,1,3.00,2.00,0.00,0.00,,11896,250,24.07,24.07,34.52,34.52,37.82,37.82,37.88,37.88,37.50,37.50
Serbia,SRB,20200610,2.00,1,0.00,,1.00,1,0.00,,0.00,,0.00,,0.00,,0.00,1.00,0,1.00,0.00,0.00,2.00,1,3.00,2.00,0.00,0.00,,11965,250,24.07,24.07,34.52,34.52,37.82,37.82,37.88,37.88,37.50,37.50
Serbia,SRB,20200611,2.00,1,0.00,,1.00,1,0.00,,0.00,,0.00,,0.00,,0.00,1.00,0,1.00,0.00,0.00,2.00,1,3.00,2.00,0.00,0.00,,12031,251,24.07,24.07,34.52,34.52,37.82,37.82,37.88,37.88,37.50,37.50
Serbia,SRB,20200612,2.00,1,0.00,,1.00,1,0.00,,0.00,,0.00,,0.00,,0.00,1.00,0,1.00,0.00,0.00,2.00,1,3.00,2.00,0.00,0.00,,12102,252,24.07,24.07,34.52,34.52,37.82,37.82,37.88,37.88,37.50,37.50
Serbia,SRB,20200613,2.00,1,0.00,,1.00,1,0.00,,0.00,,0.00,,0.00,,0.00,1.00,0,1.00,0.00,0.00,2.00,1,3.00,2.00,0.00,0.00,,12175,252,24.07,24.07,34.52,34.52,37.82,37.82,37.88,37.88,37.50,37.50
Serbia,SRB,20200614,2.00,1,0.00,,1.00,1,0.00,,0.00,,0.00,,0.00,,0.00,1.00,0,1.00,0.00,0.00,2.00,1,3.00,2.00,0.00,0.00,,12251,253,24.07,24.07,34.52,34.52,37.82,37.82,37.88,37.88,37.50,37.50
Serbia,SRB,20200615,2.00,1,0.00,,1.00,1,0.00,,0.00,,0.00,,0.00,,0.00,1.00,0,1.00,0.00,0.00,2.00,1,3.00,2.00,0.00,0.00,,12310,254,24.07,24.07,34.52,34.52,37.82,37.82,37.88,37.88,37.50,37.50
Serbia,SRB,20200616,2.00,1,0.00,,1.00,1,0.00,,0.00,,0.00,,0.00,,0.00,1.00,0,1.00,0.00,0.00,2.00,1,3.00,2.00,0.00,0.00,,12367,255,24.07,24.07,34.52,34.52,37.82,37.82,37.88,37.88,37.50,37.50
Serbia,SRB,20200617,2.00,1,0.00,,1.00,1,0.00,,0.00,,0.00,,0.00,,0.00,1.00,0,1.00,0.00,0.00,2.00,1,3.00,2.00,0.00,0.00,,12426,256,24.07,24.07,34.52,34.52,37.82,37.82,37.88,37.88,37.50,37.50
Serbia,SRB,20200618,2.00,1,0.00,,1.00,1,0.00,,0.00,,0.00,,0.00,,0.00,1.00,0,1.00,0.00,0.00,2.00,1,3.00,2.00,0.00,0.00,,12522,257,24.07,24.07,34.52,34.52,37.82,37.82,37.88,37.88,37.50,37.50
Serbia,SRB,20200619,,,,,,,,,,,,,,,,,,,,,,,,,,,,12616,258,,24.07,,34.52,,37.82,,37.88,,37.50
Serbia,SRB,20200620,,,,,,,,,,,,,,,,,,,,,,,,,,,,12709,259,,24.07,,34.52,,37.82,,37.88,,37.50
Serbia,SRB,20200621,,,,,,,,,,,,,,,,,,,,,,,,,,,,12803,260,,24.07,,34.52,,37.82,,37.88,,37.50
Serbia,SRB,20200622,,,,,,,,,,,,,,,,,,,,,,,,,,,,12894,261,,24.07,,34.52,,37.82,,37.88,,37.50
Serbia,SRB,20200623,,,,,,,,,,,,,,,,,,,,,,,,,,,,12990,262,,24.07,,34.52,,37.82,,37.88,,37.50
