Sierra Leone,SLE,20200101,0.00,,0.00,,0.00,,0.00,,0.00,,0.00,,0.00,,0.00,0.00,,0.00,0.00,0.00,0.00,,0.00,0.00,0.00,0.00,,,,0.00,0.00,0.00,0.00,0.00,0.00,0.00,0.00,0.00,0.00
Sierra Leone,SLE,20200102,0.00,,0.00,,0.00,,0.00,,0.00,,0.00,,0.00,,0.00,0.00,,0.00,0.00,0.00,0.00,,0.00,0.00,0.00,0.00,,,,0.00,0.00,0.00,0.00,0.00,0.00,0.00,0.00,0.00,0.00
Sierra Leone,SLE,20200103,0.00,,0.00,,0.00,,0.00,,0.00,,0.00,,0.00,,0.00,0.00,,0.00,0.00,0.00,0.00,,0.00,0.00,0.00,0.00,,,,0.00,0.00,0.00,0.00,0.00,0.00,0.00,0.00,0.00,0.00
Sierra Leone,SLE,20200104,0.00,,0.00,,0.00,,0.00,,0.00,,0.00,,0.00,,0.00,0.00,,0.00,0.00,0.00,0.00,,0.00,0.00,0.00,0.00,,,,0.00,0.00,0.00,0.00,0.00,0.00,0.00,0.00,0.00,0.00
Sierra Leone,SLE,20200105,0.00,,0.00,,0.00,,0.00,,0.00,,0.00,,0.00,,0.00,0.00,,0.00,0.00,0.00,0.00,,0.00,0.00,0.00,0.00,,,,0.00,0.00,0.00,0.00,0.00,0.00,0.00,0.00,0.00,0.00
Sierra Leone,SLE,20200106,0.00,,0.00,,0.00,,0.00,,0.00,,0.00,,0.00,,0.00,0.00,,0.00,0.00,0.00,0.00,,0.00,0.00,0.00,0.00,,,,0.00,0.00,0.00,0.00,0.00,0.00,0.00,0.00,0.00,0.00
Sierra Leone,SLE,20200107,0.00,,0.00,,0.00,,0.00,,0.00,,0.00,,0.00,,0.00,0.00,,0.00,0.00,0.00,0.00,,0.00,0.00,0.00,0.00,,,,0.00,0.00,0.00,0.00,0.00,0.00,0.00,0.00,0.00,0.00
Sierra Leone,SLE,20200108,0.00,,0.00,,0.00,,0.00,,0.00,,0.00,,0.00,,0.00,0.00,,0.00,0.00,0.00,0.00,,0.00,0.00,0.00,0.00,,,,0.00,0.00,0.00,0.00,0.00,0.00,0.00,0.00,0.00,0.00
Sierra Leone,SLE,20200109,0.00,,0.00,,0.00,,0.00,,0.00,,0.00,,0.00,,0.00,0.00,,0.00,0.00,0.00,0.00,,0.00,0.00,0.00,0.00,,,,0.00,0.00,0.00,0.00,0.00,0.00,0.00,0.00,0.00,0.00
Sierra Leone,SLE,20200110,0.00,,0.00,,0.00,,0.00,,0.00,,0.00,,0.00,,0.00,0.00,,0.00,0.00,0.00,0.00,,0.00,0.00,0.00,0.00,,,,0.00,0.00,0.00,0.00,0.00,0.00,0.00,0.00,0.00,0.00
Sierra Leone,SLE,20200111,0.00,,0.00,,0.00,,0.00,,0.00,,0.00,,0.00,,0.00,0.00,,0.00,0.00,0.00,0.00,,0.00,0.00,0.00,0.00,,,,0.00,0.00,0.00,0.00,0.00,0.00,0.00,0.00,0.00,0.00
Sierra Leone,SLE,20200112,0.00,,0.00,,0.00,,0.00,,0.00,,0.00,,0.00,,0.00,0.00,,0.00,0.00,0.00,0.00,,0.00,0.00,0.00,0.00,,,,0.00,0.00,0.00,0.00,0.00,0.00,0.00,0.00,0.00,0.00
Sierra Leone,SLE,20200113,0.00,,0.00,,0.00,,0.00,,0.00,,0.00,,0.00,,0.00,0.00,,0.00,0.00,0.00,0.00,,0.00,0.00,0.00,0.00,,,,0.00,0.00,0.00,0.00,0.00,0.00,0.00,0.00,0.00,0.00
Sierra Leone,SLE,20200114,0.00,,0.00,,0.00,,0.00,,0.00,,0.00,,0.00,,0.00,0.00,,0.00,0.00,0.00,0.00,,0.00,0.00,0.00,0.00,,,,0.00,0.00,0.00,0.00,0.00,0.00,0.00,0.00,0.00,0.00
Sierra Leone,SLE,20200115,0.00,,0.00,,0.00,,0.00,,0.00,,0.00,,0.00,,0.00,0.00,,0.00,0.00,0.00,0.00,,0.00,0.00,0.00,0.00,,,,0.00,0.00,0.00,0.00,0.00,0.00,0.00,0.00,0.00,0.00
Sierra Leone,SLE,20200116,0.00,,0.00,,0.00,,0.00,,0.00,,0.00,,0.00,,0.00,0.00,,0.00,0.00,0.00,0.00,,0.00,0.00,0.00,0.00,,,,0.00,0.00,0.00,0.00,0.00,0.00,0.00,0.00,0.00,0.00
Sierra Leone,SLE,20200117,0.00,,0.00,,0.00,,0.00,,0.00,,0.00,,0.00,,0.00,0.00,,0.00,0.00,0.00,0.00,,0.00,0.00,0.00,0.00,,,,0.00,0.00,0.00,0.00,0.00,0.00,0.00,0.00,0.00,0.00
Sierra Leone,SLE,20200118,0.00,,0.00,,0.00,,0.00,,0.00,,0.00,,0.00,,0.00,0.00,,0.00,0.00,0.00,0.00,,0.00,0.00,0.00,0.00,,,,0.00,0.00,0.00,0.00,0.00,0.00,0.00,0.00,0.00,0.00
Sierra Leone,SLE,20200119,0.00,,0.00,,0.00,,0.00,,0.00,,0.00,,0.00,,0.00,0.00,,0.00,0.00,0.00,0.00,,0.00,0.00,0.00,0.00,,,,0.00,0.00,0.00,0.00,0.00,0.00,0.00,0.00,0.00,0.00
Sierra Leone,SLE,20200120,0.00,,0.00,,0.00,,0.00,,0.00,,0.00,,0.00,,0.00,0.00,,0.00,0.00,0.00,0.00,,0.00,0.00,0.00,0.00,,,,0.00,0.00,0.00,0.00,0.00,0.00,0.00,0.00,0.00,0.00
Sierra Leone,SLE,20200121,0.00,,0.00,,0.00,,0.00,,0.00,,0.00,,0.00,,0.00,0.00,,0.00,0.00,0.00,0.00,,0.00,0.00,0.00,0.00,,,,0.00,0.00,0.00,0.00,0.00,0.00,0.00,0.00,0.00,0.00
Sierra Leone,SLE,20200122,0.00,,0.00,,0.00,,0.00,,0.00,,0.00,,0.00,,0.00,0.00,,0.00,0.00,0.00,0.00,,0.00,0.00,0.00,0.00,,,,0.00,0.00,0.00,0.00,0.00,0.00,0.00,0.00,0.00,0.00
Sierra Leone,SLE,20200123,0.00,,0.00,,0.00,,0.00,,0.00,,0.00,,0.00,,0.00,0.00,,0.00,0.00,0.00,0.00,,0.00,0.00,0.00,0.00,,,,0.00,0.00,0.00,0.00,0.00,0.00,0.00,0.00,0.00,0.00
Sierra Leone,SLE,20200124,0.00,,0.00,,0.00,,0.00,,0.00,,0.00,,0.00,,0.00,0.00,,0.00,0.00,0.00,0.00,,0.00,0.00,0.00,0.00,,,,0.00,0.00,0.00,0.00,0.00,0.00,0.00,0.00,0.00,0.00
Sierra Leone,SLE,20200125,0.00,,0.00,,0.00,,0.00,,0.00,,0.00,,0.00,,0.00,0.00,,0.00,0.00,0.00,0.00,,0.00,0.00,0.00,0.00,,,,0.00,0.00,0.00,0.00,0.00,0.00,0.00,0.00,0.00,0.00
Sierra Leone,SLE,20200126,0.00,,0.00,,0.00,,0.00,,0.00,,0.00,,0.00,,0.00,0.00,,0.00,0.00,0.00,0.00,,0.00,0.00,0.00,0.00,,,,0.00,0.00,0.00,0.00,0.00,0.00,0.00,0.00,0.00,0.00
Sierra Leone,SLE,20200127,0.00,,0.00,,0.00,,0.00,,0.00,,0.00,,0.00,,0.00,0.00,,0.00,0.00,0.00,0.00,,0.00,0.00,0.00,0.00,,,,0.00,0.00,0.00,0.00,0.00,0.00,0.00,0.00,0.00,0.00
Sierra Leone,SLE,20200128,0.00,,0.00,,0.00,,0.00,,0.00,,0.00,,0.00,,0.00,0.00,,0.00,0.00,0.00,0.00,,0.00,0.00,0.00,0.00,,,,0.00,0.00,0.00,0.00,0.00,0.00,0.00,0.00,0.00,0.00
Sierra Leone,SLE,20200129,0.00,,0.00,,0.00,,0.00,,0.00,,0.00,,0.00,,0.00,0.00,,0.00,0.00,0.00,0.00,,0.00,0.00,0.00,0.00,,,,0.00,0.00,0.00,0.00,0.00,0.00,0.00,0.00,0.00,0.00
Sierra Leone,SLE,20200130,0.00,,0.00,,0.00,,0.00,,0.00,,0.00,,0.00,,0.00,0.00,,0.00,0.00,0.00,0.00,,0.00,0.00,0.00,0.00,,,,0.00,0.00,0.00,0.00,0.00,0.00,0.00,0.00,0.00,0.00
Sierra Leone,SLE,20200131,0.00,,0.00,,0.00,,0.00,,0.00,,0.00,,0.00,,0.00,0.00,,0.00,0.00,0.00,0.00,,0.00,0.00,0.00,0.00,,,,0.00,0.00,0.00,0.00,0.00,0.00,0.00,0.00,0.00,0.00
Sierra Leone,SLE,20200201,0.00,,0.00,,0.00,,0.00,,0.00,,0.00,,0.00,,0.00,0.00,,0.00,0.00,0.00,0.00,,0.00,0.00,0.00,0.00,,,,0.00,0.00,0.00,0.00,0.00,0.00,0.00,0.00,0.00,0.00
Sierra Leone,SLE,20200202,0.00,,0.00,,0.00,,0.00,,0.00,,0.00,,0.00,,0.00,0.00,,0.00,0.00,0.00,0.00,,0.00,0.00,0.00,0.00,,,,0.00,0.00,0.00,0.00,0.00,0.00,0.00,0.00,0.00,0.00
Sierra Leone,SLE,20200203,0.00,,0.00,,0.00,,0.00,,0.00,,0.00,,0.00,,0.00,0.00,,0.00,0.00,0.00,0.00,,0.00,0.00,0.00,0.00,,,,0.00,0.00,0.00,0.00,0.00,0.00,0.00,0.00,0.00,0.00
Sierra Leone,SLE,20200204,0.00,,0.00,,0.00,,0.00,,0.00,,0.00,,0.00,,0.00,0.00,,0.00,0.00,0.00,0.00,,0.00,0.00,0.00,0.00,,,,0.00,0.00,0.00,0.00,0.00,0.00,0.00,0.00,0.00,0.00
Sierra Leone,SLE,20200205,0.00,,0.00,,0.00,,0.00,,0.00,,0.00,,0.00,,0.00,0.00,,0.00,0.00,0.00,0.00,,0.00,0.00,0.00,0.00,,,,0.00,0.00,0.00,0.00,0.00,0.00,0.00,0.00,0.00,0.00
Sierra Leone,SLE,20200206,0.00,,0.00,,0.00,,0.00,,0.00,,0.00,,0.00,,0.00,0.00,,0.00,0.00,0.00,0.00,,0.00,0.00,0.00,0.00,,,,0.00,0.00,0.00,0.00,0.00,0.00,0.00,0.00,0.00,0.00
Sierra Leone,SLE,20200207,0.00,,0.00,,0.00,,0.00,,0.00,,0.00,,0.00,,0.00,0.00,,0.00,0.00,0.00,0.00,,0.00,0.00,0.00,0.00,,,,0.00,0.00,0.00,0.00,0.00,0.00,0.00,0.00,0.00,0.00
Sierra Leone,SLE,20200208,0.00,,0.00,,0.00,,0.00,,0.00,,0.00,,0.00,,0.00,0.00,,0.00,0.00,0.00,0.00,,0.00,0.00,0.00,0.00,,,,0.00,0.00,0.00,0.00,0.00,0.00,0.00,0.00,0.00,0.00
Sierra Leone,SLE,20200209,0.00,,0.00,,0.00,,0.00,,0.00,,0.00,,0.00,,0.00,0.00,,0.00,0.00,0.00,0.00,,0.00,0.00,0.00,0.00,,,,0.00,0.00,0.00,0.00,0.00,0.00,0.00,0.00,0.00,0.00
Sierra Leone,SLE,20200210,0.00,,0.00,,0.00,,0.00,,0.00,,0.00,,0.00,,0.00,0.00,,0.00,0.00,0.00,0.00,,0.00,0.00,0.00,0.00,,,,0.00,0.00,0.00,0.00,0.00,0.00,0.00,0.00,0.00,0.00
Sierra Leone,SLE,20200211,0.00,,0.00,,0.00,,0.00,,0.00,,0.00,,0.00,,0.00,0.00,,0.00,0.00,0.00,0.00,,0.00,0.00,0.00,0.00,,,,0.00,0.00,0.00,0.00,0.00,0.00,0.00,0.00,0.00,0.00
Sierra Leone,SLE,20200212,0.00,,0.00,,0.00,,0.00,,0.00,,0.00,,0.00,,0.00,0.00,,0.00,0.00,0.00,0.00,,0.00,0.00,0.00,0.00,,,,0.00,0.00,0.00,0.00,0.00,0.00,0.00,0.00,0.00,0.00
Sierra Leone,SLE,20200213,0.00,,0.00,,0.00,,0.00,,0.00,,0.00,,0.00,,0.00,0.00,,0.00,0.00,0.00,0.00,,0.00,0.00,0.00,0.00,,,,0.00,0.00,0.00,0.00,0.00,0.00,0.00,0.00,0.00,0.00
Sierra Leone,SLE,20200214,0.00,,0.00,,0.00,,0.00,,0.00,,0.00,,0.00,,0.00,0.00,,0.00,0.00,0.00,0.00,,0.00,0.00,0.00,0.00,,,,0.00,0.00,0.00,0.00,0.00,0.00,0.00,0.00,0.00,0.00
Sierra Leone,SLE,20200215,0.00,,0.00,,0.00,,0.00,,0.00,,0.00,,0.00,,0.00,0.00,,0.00,0.00,0.00,0.00,,0.00,0.00,0.00,0.00,,,,0.00,0.00,0.00,0.00,0.00,0.00,0.00,0.00,0.00,0.00
Sierra Leone,SLE,20200216,0.00,,0.00,,0.00,,0.00,,0.00,,0.00,,0.00,,0.00,0.00,,0.00,0.00,0.00,0.00,,0.00,0.00,0.00,0.00,,,,0.00,0.00,0.00,0.00,0.00,0.00,0.00,0.00,0.00,0.00
Sierra Leone,SLE,20200217,0.00,,0.00,,0.00,,0.00,,0.00,,0.00,,0.00,,0.00,0.00,,0.00,0.00,0.00,0.00,,0.00,0.00,0.00,0.00,,,,0.00,0.00,0.00,0.00,0.00,0.00,0.00,0.00,0.00,0.00
Sierra Leone,SLE,20200218,0.00,,0.00,,0.00,,0.00,,0.00,,0.00,,0.00,,0.00,0.00,,0.00,0.00,0.00,0.00,,0.00,0.00,0.00,0.00,,,,0.00,0.00,0.00,0.00,0.00,0.00,0.00,0.00,0.00,0.00
Sierra Leone,SLE,20200219,0.00,,0.00,,0.00,,0.00,,0.00,,0.00,,0.00,,0.00,0.00,,0.00,0.00,0.00,0.00,,0.00,0.00,0.00,0.00,,,,0.00,0.00,0.00,0.00,0.00,0.00,0.00,0.00,0.00,0.00
Sierra Leone,SLE,20200220,0.00,,0.00,,0.00,,0.00,,0.00,,0.00,,0.00,,0.00,0.00,,0.00,0.00,0.00,0.00,,0.00,0.00,0.00,0.00,,,,0.00,0.00,0.00,0.00,0.00,0.00,0.00,0.00,0.00,0.00
Sierra Leone,SLE,20200221,0.00,,0.00,,0.00,,0.00,,0.00,,0.00,,0.00,,0.00,0.00,,0.00,0.00,0.00,0.00,,0.00,0.00,0.00,0.00,,,,0.00,0.00,0.00,0.00,0.00,0.00,0.00,0.00,0.00,0.00
Sierra Leone,SLE,20200222,0.00,,0.00,,0.00,,0.00,,0.00,,0.00,,0.00,,0.00,0.00,,0.00,0.00,0.00,0.00,,0.00,0.00,0.00,0.00,,,,0.00,0.00,0.00,0.00,0.00,0.00,0.00,0.00,0.00,0.00
Sierra Leone,SLE,20200223,0.00,,0.00,,0.00,,0.00,,0.00,,0.00,,0.00,,0.00,0.00,,0.00,0.00,0.00,0.00,,0.00,0.00,0.00,0.00,,,,0.00,0.00,0.00,0.00,0.00,0.00,0.00,0.00,0.00,0.00
Sierra Leone,SLE,20200224,0.00,,0.00,,0.00,,0.00,,0.00,,0.00,,0.00,,0.00,0.00,,0.00,0.00,0.00,0.00,,0.00,0.00,0.00,0.00,,,,0.00,0.00,0.00,0.00,0.00,0.00,0.00,0.00,0.00,0.00
Sierra Leone,SLE,20200225,0.00,,0.00,,0.00,,0.00,,0.00,,0.00,,0.00,,0.00,0.00,,0.00,0.00,0.00,0.00,,0.00,0.00,0.00,0.00,,,,0.00,0.00,0.00,0.00,0.00,0.00,0.00,0.00,0.00,0.00
Sierra Leone,SLE,20200226,0.00,,0.00,,0.00,,0.00,,0.00,,0.00,,0.00,,0.00,0.00,,0.00,0.00,0.00,0.00,,0.00,0.00,0.00,0.00,,,,0.00,0.00,0.00,0.00,0.00,0.00,0.00,0.00,0.00,0.00
Sierra Leone,SLE,20200227,0.00,,0.00,,0.00,,0.00,,0.00,,0.00,,0.00,,0.00,0.00,,0.00,0.00,0.00,0.00,,0.00,0.00,0.00,0.00,,,,0.00,0.00,0.00,0.00,0.00,0.00,0.00,0.00,0.00,0.00
Sierra Leone,SLE,20200228,0.00,,0.00,,0.00,,0.00,,0.00,,0.00,,0.00,,0.00,0.00,,0.00,0.00,0.00,0.00,,0.00,0.00,0.00,0.00,,,,0.00,0.00,0.00,0.00,0.00,0.00,0.00,0.00,0.00,0.00
Sierra Leone,SLE,20200229,0.00,,0.00,,0.00,,0.00,,0.00,,0.00,,0.00,,0.00,0.00,,0.00,0.00,0.00,0.00,,0.00,0.00,0.00,0.00,,,,0.00,0.00,0.00,0.00,0.00,0.00,0.00,0.00,0.00,0.00
Sierra Leone,SLE,20200301,0.00,,0.00,,0.00,,0.00,,0.00,,0.00,,0.00,,0.00,0.00,,0.00,0.00,0.00,0.00,,0.00,0.00,0.00,0.00,,,,0.00,0.00,0.00,0.00,0.00,0.00,0.00,0.00,0.00,0.00
Sierra Leone,SLE,20200302,0.00,,0.00,,0.00,,0.00,,0.00,,0.00,,0.00,,0.00,0.00,,0.00,0.00,0.00,0.00,,0.00,0.00,0.00,0.00,,,,0.00,0.00,0.00,0.00,0.00,0.00,0.00,0.00,0.00,0.00
Sierra Leone,SLE,20200303,0.00,,0.00,,0.00,,0.00,,0.00,,0.00,,0.00,,0.00,0.00,,0.00,0.00,0.00,0.00,,0.00,0.00,0.00,0.00,,,,0.00,0.00,0.00,0.00,0.00,0.00,0.00,0.00,0.00,0.00
Sierra Leone,SLE,20200304,0.00,,0.00,,0.00,,0.00,,0.00,,0.00,,0.00,,0.00,0.00,,0.00,0.00,0.00,0.00,,0.00,0.00,0.00,0.00,,,,0.00,0.00,0.00,0.00,0.00,0.00,0.00,0.00,0.00,0.00
Sierra Leone,SLE,20200305,0.00,,0.00,,0.00,,0.00,,0.00,,0.00,,0.00,,0.00,0.00,,0.00,0.00,0.00,0.00,,0.00,0.00,0.00,0.00,,,,0.00,0.00,0.00,0.00,0.00,0.00,0.00,0.00,0.00,0.00
Sierra Leone,SLE,20200306,0.00,,0.00,,0.00,,0.00,,0.00,,0.00,,0.00,,0.00,0.00,,0.00,0.00,0.00,0.00,,0.00,0.00,0.00,0.00,,,,0.00,0.00,0.00,0.00,0.00,0.00,0.00,0.00,0.00,0.00
Sierra Leone,SLE,20200307,0.00,,0.00,,0.00,,0.00,,0.00,,0.00,,0.00,,0.00,0.00,,0.00,0.00,0.00,0.00,,0.00,0.00,0.00,0.00,,,,0.00,0.00,0.00,0.00,0.00,0.00,0.00,0.00,0.00,0.00
Sierra Leone,SLE,20200308,0.00,,0.00,,0.00,,0.00,,0.00,,0.00,,0.00,,0.00,0.00,,0.00,0.00,0.00,0.00,,0.00,0.00,0.00,0.00,,,,0.00,0.00,0.00,0.00,0.00,0.00,0.00,0.00,0.00,0.00
Sierra Leone,SLE,20200309,0.00,,0.00,,0.00,,0.00,,0.00,,0.00,,0.00,,0.00,0.00,,0.00,0.00,0.00,0.00,,0.00,0.00,0.00,0.00,,,,0.00,0.00,0.00,0.00,0.00,0.00,0.00,0.00,0.00,0.00
Sierra Leone,SLE,20200310,0.00,,0.00,,0.00,,0.00,,0.00,,0.00,,0.00,,0.00,0.00,,0.00,0.00,0.00,0.00,,0.00,0.00,0.00,0.00,,,,0.00,0.00,0.00,0.00,0.00,0.00,0.00,0.00,0.00,0.00
Sierra Leone,SLE,20200311,0.00,,0.00,,0.00,,0.00,,0.00,,0.00,,0.00,,0.00,0.00,,0.00,0.00,0.00,0.00,,0.00,0.00,0.00,0.00,,,,0.00,0.00,0.00,0.00,0.00,0.00,0.00,0.00,0.00,0.00
Sierra Leone,SLE,20200312,0.00,,0.00,,0.00,,0.00,,0.00,,0.00,,0.00,,0.00,0.00,,0.00,0.00,0.00,0.00,,0.00,0.00,0.00,0.00,,,,0.00,0.00,0.00,0.00,0.00,0.00,0.00,0.00,0.00,0.00
Sierra Leone,SLE,20200313,0.00,,0.00,,0.00,,0.00,,0.00,,0.00,,0.00,,0.00,0.00,,0.00,0.00,0.00,0.00,,0.00,0.00,0.00,0.00,,,,0.00,0.00,0.00,0.00,0.00,0.00,0.00,0.00,0.00,0.00
Sierra Leone,SLE,20200314,0.00,,0.00,,0.00,,0.00,,0.00,,0.00,,0.00,,0.00,0.00,,0.00,0.00,0.00,0.00,,0.00,0.00,0.00,0.00,,,,0.00,0.00,0.00,0.00,0.00,0.00,0.00,0.00,0.00,0.00
Sierra Leone,SLE,20200315,0.00,,0.00,,0.00,,0.00,,0.00,,0.00,,0.00,,0.00,0.00,,0.00,0.00,0.00,0.00,,0.00,0.00,0.00,0.00,,,,0.00,0.00,0.00,0.00,0.00,0.00,0.00,0.00,0.00,0.00
Sierra Leone,SLE,20200316,0.00,,0.00,,0.00,,3.00,1,0.00,,0.00,,0.00,,0.00,0.00,,0.00,0.00,0.00,0.00,,0.00,0.00,0.00,0.00,,,,8.33,8.33,11.43,11.43,5.77,5.77,6.82,6.82,0.00,0.00
Sierra Leone,SLE,20200317,0.00,,0.00,,0.00,,3.00,1,0.00,,0.00,,0.00,,0.00,0.00,,0.00,0.00,0.00,0.00,,0.00,0.00,0.00,0.00,,,,8.33,8.33,11.43,11.43,5.77,5.77,6.82,6.82,0.00,0.00
Sierra Leone,SLE,20200318,0.00,,0.00,,0.00,,3.00,1,0.00,,0.00,,0.00,,0.00,0.00,,1.00,0.00,0.00,0.00,,0.00,0.00,0.00,0.00,,,,8.33,8.33,11.43,11.43,9.62,9.62,6.82,6.82,25.00,25.00
Sierra Leone,SLE,20200319,0.00,,0.00,,0.00,,3.00,1,0.00,,0.00,,0.00,,0.00,0.00,,1.00,0.00,0.00,0.00,,0.00,0.00,0.00,0.00,,,,8.33,8.33,11.43,11.43,9.62,9.62,6.82,6.82,25.00,25.00
Sierra Leone,SLE,20200320,0.00,,0.00,,0.00,,3.00,1,0.00,,0.00,,0.00,,0.00,0.00,,1.00,0.00,0.00,1.00,1,0.00,0.00,0.00,0.00,,,,13.89,13.89,20.95,20.95,13.46,13.46,11.36,11.36,25.00,25.00
Sierra Leone,SLE,20200321,0.00,,0.00,,0.00,,3.00,1,0.00,,0.00,,0.00,,3.00,0.00,,1.00,0.00,0.00,1.00,1,0.00,0.00,0.00,0.00,,,,22.22,22.22,31.67,31.67,19.23,19.23,18.18,18.18,25.00,25.00
Sierra Leone,SLE,20200322,0.00,,0.00,,2.00,1,3.00,1,0.00,,0.00,,0.00,,3.00,0.00,,1.00,0.00,0.00,1.00,1,0.00,0.00,0.00,0.00,,,,33.33,33.33,34.52,34.52,26.92,26.92,27.27,27.27,25.00,25.00
Sierra Leone,SLE,20200323,0.00,,0.00,,2.00,1,3.00,1,1.00,1,0.00,,0.00,,3.00,0.00,,1.00,0.00,0.00,1.00,1,0.00,0.00,0.00,0.00,,,,38.89,38.89,44.05,44.05,30.77,30.77,31.82,31.82,25.00,25.00
Sierra Leone,SLE,20200324,0.00,,0.00,,2.00,1,3.00,1,1.00,1,0.00,,0.00,,3.00,0.00,,1.00,0.00,0.00,1.00,1,0.00,0.00,0.00,0.00,,,,38.89,38.89,44.05,44.05,30.77,30.77,31.82,31.82,25.00,25.00
Sierra Leone,SLE,20200325,0.00,,0.00,,2.00,1,3.00,1,1.00,1,0.00,,0.00,,3.00,0.00,,1.00,0.00,0.00,1.00,1,0.00,0.00,0.00,0.00,,,,38.89,38.89,44.05,44.05,30.77,30.77,31.82,31.82,25.00,25.00
Sierra Leone,SLE,20200326,0.00,,0.00,,2.00,1,3.00,1,1.00,1,0.00,,0.00,,3.00,0.00,,1.00,0.00,0.00,1.00,1,0.00,0.00,0.00,0.00,,,,38.89,38.89,44.05,44.05,30.77,30.77,31.82,31.82,25.00,25.00
Sierra Leone,SLE,20200327,0.00,,2.00,1,2.00,1,3.00,1,1.00,1,0.00,,0.00,,3.00,0.00,,1.00,0.00,0.00,1.00,1,0.00,0.00,0.00,0.00,,,,46.30,46.30,54.76,54.76,35.90,35.90,37.88,37.88,25.00,25.00
Sierra Leone,SLE,20200328,0.00,,2.00,1,2.00,1,3.00,1,1.00,1,0.00,,0.00,,4.00,0.00,,1.00,0.00,0.00,1.00,1,0.00,0.00,0.00,0.00,,,,49.07,49.07,58.33,58.33,37.82,37.82,40.15,40.15,25.00,25.00
Sierra Leone,SLE,20200329,0.00,,2.00,1,2.00,1,3.00,1,1.00,1,0.00,,0.00,,4.00,0.00,,1.00,0.00,0.00,1.00,1,0.00,0.00,0.00,0.00,,,,49.07,49.07,58.33,58.33,37.82,37.82,40.15,40.15,25.00,25.00
Sierra Leone,SLE,20200330,0.00,,2.00,1,2.00,1,3.00,1,1.00,1,0.00,,0.00,,4.00,0.00,,1.00,0.00,0.00,1.00,1,0.00,0.00,0.00,0.00,,,,49.07,49.07,58.33,58.33,37.82,37.82,40.15,40.15,25.00,25.00
Sierra Leone,SLE,20200331,3.00,1,2.00,1,2.00,1,3.00,1,1.00,1,0.00,,0.00,,4.00,0.00,,1.00,0.00,0.00,1.00,1,2.00,2.00,0.00,0.00,,,,60.19,60.19,72.62,72.62,58.33,58.33,64.39,64.39,25.00,25.00
Sierra Leone,SLE,20200401,3.00,1,2.00,1,2.00,1,3.00,1,1.00,1,0.00,,0.00,,4.00,0.00,,1.00,0.00,0.00,1.00,1,2.00,2.00,0.00,0.00,,1,0,60.19,60.19,72.62,72.62,58.33,58.33,64.39,64.39,25.00,25.00
Sierra Leone,SLE,20200402,3.00,1,2.00,1,2.00,1,3.00,1,1.00,1,0.00,,0.00,,4.00,0.00,,1.00,7500000.00,0.00,1.00,1,2.00,2.00,0.00,0.00,,1,0,60.19,60.19,72.62,72.62,58.33,58.33,64.39,64.39,25.00,25.00
Sierra Leone,SLE,20200403,3.00,1,2.00,1,2.00,1,3.00,1,1.00,1,0.00,,0.00,,4.00,0.00,,1.00,0.00,0.00,1.00,1,2.00,2.00,0.00,0.00,,2,0,60.19,60.19,72.62,72.62,58.33,58.33,64.39,64.39,25.00,25.00
Sierra Leone,SLE,20200404,3.00,1,2.00,1,2.00,1,3.00,1,1.00,1,0.00,,0.00,,4.00,0.00,,1.00,0.00,0.00,1.00,1,2.00,2.00,0.00,0.00,,2,0,60.19,60.19,72.62,72.62,58.33,58.33,64.39,64.39,25.00,25.00
Sierra Leone,SLE,20200405,3.00,1,3.00,1,2.00,1,4.00,1,1.00,1,3.00,1,2.00,1,4.00,0.00,,1.00,0.00,0.00,1.00,1,2.00,2.00,0.00,0.00,,4,0,88.89,88.89,90.48,90.48,78.21,78.21,87.88,87.88,25.00,25.00
Sierra Leone,SLE,20200406,3.00,1,3.00,1,2.00,1,4.00,1,1.00,1,3.00,1,2.00,1,4.00,0.00,,1.00,0.00,0.00,1.00,1,2.00,2.00,0.00,0.00,,6,0,88.89,88.89,90.48,90.48,78.21,78.21,87.88,87.88,25.00,25.00
Sierra Leone,SLE,20200407,3.00,1,3.00,1,2.00,1,4.00,1,1.00,1,3.00,1,2.00,1,4.00,0.00,,1.00,0.00,0.00,1.00,1,2.00,2.00,0.00,0.00,,6,0,88.89,88.89,90.48,90.48,78.21,78.21,87.88,87.88,25.00,25.00
Sierra Leone,SLE,20200408,3.00,1,2.00,1,2.00,1,3.00,1,1.00,1,2.00,1,2.00,1,4.00,0.00,,1.00,0.00,0.00,1.00,1,2.00,2.00,0.00,0.00,,6,0,78.70,78.70,86.90,86.90,71.15,71.15,79.55,79.55,25.00,25.00
Sierra Leone,SLE,20200409,3.00,1,2.00,1,2.00,1,3.00,1,1.00,1,2.00,1,2.00,1,4.00,0.00,,1.00,0.00,0.00,1.00,1,2.00,2.00,0.00,0.00,,7,0,78.70,78.70,86.90,86.90,71.15,71.15,79.55,79.55,25.00,25.00
Sierra Leone,SLE,20200410,3.00,1,2.00,1,2.00,1,3.00,1,1.00,1,2.00,1,2.00,1,4.00,0.00,,1.00,0.00,0.00,1.00,1,2.00,2.00,0.00,0.00,,7,0,78.70,78.70,86.90,86.90,71.15,71.15,79.55,79.55,25.00,25.00
Sierra Leone,SLE,20200411,3.00,1,2.00,1,2.00,1,3.00,1,1.00,1,2.00,1,2.00,1,4.00,0.00,,1.00,0.00,0.00,1.00,1,2.00,2.00,0.00,0.00,,8,0,78.70,78.70,86.90,86.90,71.15,71.15,79.55,79.55,25.00,25.00
Sierra Leone,SLE,20200412,3.00,1,2.00,1,2.00,1,3.00,1,1.00,1,2.00,1,2.00,1,4.00,0.00,,1.00,0.00,0.00,1.00,1,2.00,2.00,0.00,0.00,,10,0,78.70,78.70,86.90,86.90,71.15,71.15,79.55,79.55,25.00,25.00
Sierra Leone,SLE,20200413,3.00,1,2.00,1,2.00,1,3.00,1,1.00,1,2.00,1,2.00,1,4.00,0.00,,1.00,0.00,0.00,1.00,1,2.00,2.00,0.00,0.00,,10,0,78.70,78.70,86.90,86.90,71.15,71.15,79.55,79.55,25.00,25.00
Sierra Leone,SLE,20200414,3.00,1,2.00,1,2.00,1,3.00,1,1.00,1,2.00,1,2.00,1,4.00,0.00,,1.00,0.00,0.00,1.00,1,2.00,2.00,0.00,0.00,,11,0,78.70,78.70,86.90,86.90,71.15,71.15,79.55,79.55,25.00,25.00
Sierra Leone,SLE,20200415,3.00,1,2.00,1,2.00,1,3.00,1,1.00,1,2.00,1,2.00,1,4.00,0.00,,1.00,0.00,0.00,1.00,1,2.00,2.00,0.00,0.00,,11,0,78.70,78.70,86.90,86.90,71.15,71.15,79.55,79.55,25.00,25.00
Sierra Leone,SLE,20200416,3.00,1,2.00,1,2.00,1,3.00,1,1.00,1,2.00,1,2.00,1,4.00,0.00,,1.00,0.00,0.00,1.00,1,2.00,2.00,0.00,0.00,,13,0,78.70,78.70,86.90,86.90,71.15,71.15,79.55,79.55,25.00,25.00
Sierra Leone,SLE,20200417,3.00,1,2.00,1,2.00,1,3.00,1,1.00,1,2.00,1,2.00,1,4.00,0.00,,1.00,0.00,0.00,1.00,1,2.00,2.00,0.00,0.00,,15,0,78.70,78.70,86.90,86.90,71.15,71.15,79.55,79.55,25.00,25.00
Sierra Leone,SLE,20200418,3.00,1,2.00,1,2.00,1,3.00,1,1.00,1,2.00,1,2.00,1,4.00,0.00,,1.00,0.00,0.00,2.00,1,2.00,2.00,0.00,0.00,,26,0,84.26,84.26,91.67,91.67,75.00,75.00,84.09,84.09,25.00,25.00
Sierra Leone,SLE,20200419,3.00,1,2.00,1,2.00,1,3.00,1,1.00,1,2.00,1,2.00,1,4.00,0.00,,1.00,0.00,0.00,2.00,1,2.00,2.00,0.00,0.00,,30,0,84.26,84.26,91.67,91.67,75.00,75.00,84.09,84.09,25.00,25.00
Sierra Leone,SLE,20200420,3.00,1,2.00,1,2.00,1,3.00,1,1.00,1,2.00,1,2.00,1,4.00,0.00,,1.00,0.00,0.00,2.00,1,2.00,2.00,0.00,0.00,,35,0,84.26,84.26,91.67,91.67,75.00,75.00,84.09,84.09,25.00,25.00
Sierra Leone,SLE,20200421,3.00,1,2.00,1,2.00,1,3.00,1,1.00,1,2.00,1,2.00,1,4.00,0.00,,1.00,0.00,0.00,2.00,1,2.00,2.00,0.00,0.00,,43,0,84.26,84.26,91.67,91.67,75.00,75.00,84.09,84.09,25.00,25.00
Sierra Leone,SLE,20200422,3.00,1,2.00,1,2.00,1,3.00,1,1.00,1,2.00,1,2.00,1,4.00,0.00,,1.00,0.00,0.00,2.00,1,2.00,2.00,0.00,0.00,,50,0,84.26,84.26,91.67,91.67,75.00,75.00,84.09,84.09,25.00,25.00
Sierra Leone,SLE,20200423,3.00,1,2.00,1,2.00,1,3.00,1,1.00,1,2.00,1,2.00,1,4.00,0.00,,1.00,0.00,0.00,2.00,1,2.00,2.00,0.00,0.00,,61,0,84.26,84.26,91.67,91.67,75.00,75.00,84.09,84.09,25.00,25.00
Sierra Leone,SLE,20200424,3.00,1,2.00,1,2.00,1,3.00,1,1.00,1,2.00,1,2.00,1,4.00,0.00,,1.00,0.00,0.00,2.00,1,2.00,2.00,0.00,0.00,,64,1,84.26,84.26,91.67,91.67,75.00,75.00,84.09,84.09,25.00,25.00
Sierra Leone,SLE,20200425,3.00,1,2.00,1,2.00,1,3.00,1,1.00,1,2.00,1,2.00,1,4.00,0.00,,1.00,0.00,0.00,2.00,1,2.00,2.00,0.00,0.00,,82,3,84.26,84.26,91.67,91.67,75.00,75.00,84.09,84.09,25.00,25.00
Sierra Leone,SLE,20200426,3.00,1,2.00,1,2.00,1,3.00,1,1.00,1,1.00,1,2.00,1,4.00,0.00,,1.00,0.00,0.00,2.00,1,2.00,2.00,0.00,0.00,,82,3,80.56,80.56,91.67,91.67,72.44,72.44,81.06,81.06,25.00,25.00
Sierra Leone,SLE,20200427,3.00,1,2.00,1,2.00,1,3.00,1,1.00,1,1.00,1,2.00,1,4.00,0.00,,1.00,0.00,0.00,2.00,1,2.00,2.00,0.00,0.00,,93,4,80.56,80.56,91.67,91.67,72.44,72.44,81.06,81.06,25.00,25.00
Sierra Leone,SLE,20200428,3.00,1,2.00,1,2.00,1,3.00,1,1.00,1,1.00,1,2.00,1,4.00,0.00,,1.00,0.00,0.00,2.00,1,2.00,2.00,0.00,0.00,,99,4,80.56,80.56,91.67,91.67,72.44,72.44,81.06,81.06,25.00,25.00
Sierra Leone,SLE,20200429,3.00,1,2.00,1,2.00,1,3.00,1,1.00,1,1.00,1,2.00,1,4.00,0.00,,1.00,0.00,0.00,2.00,1,2.00,2.00,0.00,0.00,,104,4,80.56,80.56,91.67,91.67,72.44,72.44,81.06,81.06,25.00,25.00
Sierra Leone,SLE,20200430,3.00,1,2.00,1,2.00,1,3.00,1,1.00,1,1.00,1,2.00,1,4.00,0.00,,1.00,0.00,0.00,2.00,1,2.00,2.00,0.00,0.00,,116,4,80.56,80.56,91.67,91.67,72.44,72.44,81.06,81.06,25.00,25.00
Sierra Leone,SLE,20200501,3.00,1,2.00,1,2.00,1,3.00,1,1.00,1,1.00,1,2.00,1,4.00,0.00,,1.00,0.00,0.00,2.00,1,2.00,2.00,0.00,0.00,,124,7,80.56,80.56,91.67,91.67,72.44,72.44,81.06,81.06,25.00,25.00
Sierra Leone,SLE,20200502,3.00,1,2.00,1,2.00,1,3.00,1,1.00,1,1.00,1,2.00,1,4.00,0.00,,1.00,0.00,0.00,2.00,1,2.00,2.00,0.00,0.00,,136,7,80.56,80.56,91.67,91.67,72.44,72.44,81.06,81.06,25.00,25.00
Sierra Leone,SLE,20200503,3.00,1,3.00,1,2.00,1,4.00,1,1.00,1,3.00,1,2.00,1,4.00,0.00,,1.00,0.00,0.00,2.00,1,2.00,2.00,0.00,0.00,,155,8,94.44,94.44,95.24,95.24,82.05,82.05,92.42,92.42,25.00,25.00
Sierra Leone,SLE,20200504,3.00,1,3.00,1,2.00,1,4.00,1,1.00,1,3.00,1,2.00,1,4.00,0.00,,1.00,0.00,0.00,2.00,1,2.00,2.00,0.00,0.00,,157,8,94.44,94.44,95.24,95.24,82.05,82.05,92.42,92.42,25.00,25.00
Sierra Leone,SLE,20200505,3.00,1,3.00,1,2.00,1,4.00,1,1.00,1,3.00,1,2.00,1,4.00,0.00,,1.00,0.00,0.00,2.00,1,2.00,2.00,0.00,0.00,,178,9,94.44,94.44,95.24,95.24,82.05,82.05,92.42,92.42,25.00,25.00
Sierra Leone,SLE,20200506,3.00,1,0.00,,2.00,1,3.00,1,1.00,1,1.00,1,2.00,1,4.00,0.00,,1.00,0.00,0.00,2.00,1,2.00,2.00,0.00,0.00,,199,11,73.15,73.15,80.95,80.95,67.31,67.31,75.00,75.00,25.00,25.00
Sierra Leone,SLE,20200507,3.00,1,0.00,,2.00,1,3.00,1,1.00,1,1.00,1,2.00,1,4.00,0.00,,1.00,0.00,0.00,2.00,1,2.00,2.00,0.00,0.00,,225,14,73.15,73.15,80.95,80.95,67.31,67.31,75.00,75.00,25.00,25.00
Sierra Leone,SLE,20200508,3.00,1,0.00,,2.00,1,3.00,1,1.00,1,1.00,1,2.00,1,4.00,0.00,,1.00,0.00,0.00,2.00,1,2.00,2.00,0.00,0.00,,231,16,73.15,73.15,80.95,80.95,67.31,67.31,75.00,75.00,25.00,25.00
Sierra Leone,SLE,20200509,3.00,1,0.00,,2.00,1,3.00,1,1.00,1,1.00,1,2.00,1,4.00,0.00,,1.00,0.00,0.00,2.00,1,2.00,2.00,0.00,0.00,,257,17,73.15,73.15,80.95,80.95,67.31,67.31,75.00,75.00,25.00,25.00
Sierra Leone,SLE,20200510,3.00,1,0.00,,2.00,1,3.00,1,1.00,1,1.00,1,2.00,1,4.00,0.00,,1.00,0.00,0.00,2.00,1,2.00,2.00,0.00,0.00,,291,18,73.15,73.15,80.95,80.95,67.31,67.31,75.00,75.00,25.00,25.00
Sierra Leone,SLE,20200511,3.00,1,0.00,,2.00,1,3.00,1,1.00,1,1.00,1,2.00,1,4.00,0.00,,1.00,0.00,0.00,2.00,1,2.00,2.00,0.00,0.00,,307,18,73.15,73.15,80.95,80.95,67.31,67.31,75.00,75.00,25.00,25.00
Sierra Leone,SLE,20200512,3.00,1,0.00,,2.00,1,3.00,1,1.00,1,1.00,1,2.00,1,4.00,0.00,,1.00,0.00,0.00,2.00,1,2.00,2.00,0.00,0.00,,338,19,73.15,73.15,80.95,80.95,67.31,67.31,75.00,75.00,25.00,25.00
Sierra Leone,SLE,20200513,3.00,1,0.00,,2.00,1,3.00,1,1.00,1,1.00,1,2.00,1,4.00,0.00,,1.00,0.00,0.00,2.00,1,2.00,2.00,0.00,0.00,,338,20,73.15,73.15,80.95,80.95,67.31,67.31,75.00,75.00,25.00,25.00
Sierra Leone,SLE,20200514,3.00,1,0.00,,2.00,1,3.00,1,1.00,1,1.00,1,2.00,1,4.00,0.00,,1.00,0.00,0.00,2.00,1,2.00,2.00,0.00,0.00,,387,21,73.15,73.15,80.95,80.95,67.31,67.31,75.00,75.00,25.00,25.00
Sierra Leone,SLE,20200515,3.00,1,0.00,,2.00,1,3.00,1,1.00,1,1.00,1,2.00,1,4.00,0.00,,1.00,0.00,0.00,2.00,1,2.00,2.00,0.00,0.00,,408,26,73.15,73.15,80.95,80.95,67.31,67.31,75.00,75.00,25.00,25.00
Sierra Leone,SLE,20200516,3.00,1,0.00,,2.00,1,3.00,1,1.00,1,1.00,1,2.00,1,4.00,0.00,,1.00,0.00,0.00,2.00,1,2.00,2.00,0.00,0.00,,447,27,73.15,73.15,80.95,80.95,67.31,67.31,75.00,75.00,25.00,25.00
Sierra Leone,SLE,20200517,3.00,1,0.00,,2.00,1,3.00,1,1.00,1,1.00,1,2.00,1,4.00,0.00,,1.00,0.00,0.00,2.00,1,2.00,2.00,0.00,0.00,,462,29,73.15,73.15,80.95,80.95,67.31,67.31,75.00,75.00,25.00,25.00
Sierra Leone,SLE,20200518,3.00,1,0.00,,2.00,1,3.00,1,1.00,1,1.00,1,2.00,1,4.00,0.00,,1.00,0.00,0.00,2.00,1,2.00,2.00,0.00,0.00,,505,32,73.15,73.15,80.95,80.95,67.31,67.31,75.00,75.00,25.00,25.00
Sierra Leone,SLE,20200519,3.00,1,0.00,,2.00,1,3.00,1,1.00,1,1.00,1,2.00,1,4.00,0.00,,1.00,0.00,0.00,2.00,1,2.00,2.00,0.00,0.00,,519,33,73.15,73.15,80.95,80.95,67.31,67.31,75.00,75.00,25.00,25.00
Sierra Leone,SLE,20200520,3.00,1,0.00,,2.00,1,3.00,1,1.00,1,1.00,1,2.00,1,4.00,0.00,,1.00,0.00,0.00,2.00,1,2.00,2.00,0.00,0.00,,534,33,73.15,73.15,80.95,80.95,67.31,67.31,75.00,75.00,25.00,25.00
Sierra Leone,SLE,20200521,3.00,1,0.00,,2.00,1,3.00,1,1.00,1,1.00,1,2.00,1,4.00,0.00,,1.00,0.00,0.00,2.00,1,2.00,2.00,0.00,0.00,,570,34,73.15,73.15,80.95,80.95,67.31,67.31,75.00,75.00,25.00,25.00
Sierra Leone,SLE,20200522,3.00,1,0.00,,2.00,1,3.00,1,1.00,1,1.00,1,2.00,1,4.00,0.00,,1.00,0.00,0.00,2.00,1,2.00,2.00,0.00,0.00,,585,35,73.15,73.15,80.95,80.95,67.31,67.31,75.00,75.00,25.00,25.00
Sierra Leone,SLE,20200523,3.00,1,0.00,,2.00,1,3.00,1,1.00,1,1.00,1,2.00,1,4.00,0.00,,1.00,0.00,0.00,2.00,1,2.00,2.00,0.00,0.00,,606,38,73.15,73.15,80.95,80.95,67.31,67.31,75.00,75.00,25.00,25.00
Sierra Leone,SLE,20200524,3.00,1,0.00,,2.00,1,3.00,1,1.00,1,1.00,1,2.00,1,4.00,0.00,,1.00,0.00,0.00,2.00,1,2.00,2.00,0.00,0.00,,621,39,73.15,73.15,80.95,80.95,67.31,67.31,75.00,75.00,25.00,25.00
Sierra Leone,SLE,20200525,3.00,1,0.00,,2.00,1,3.00,1,1.00,1,1.00,1,2.00,1,4.00,0.00,,1.00,0.00,0.00,2.00,1,2.00,2.00,0.00,0.00,,707,40,73.15,73.15,80.95,80.95,67.31,67.31,75.00,75.00,25.00,25.00
Sierra Leone,SLE,20200526,3.00,1,0.00,,2.00,1,3.00,1,1.00,1,1.00,1,2.00,1,4.00,0.00,,1.00,0.00,0.00,2.00,1,2.00,2.00,0.00,0.00,,735,42,73.15,73.15,80.95,80.95,67.31,67.31,75.00,75.00,25.00,25.00
Sierra Leone,SLE,20200527,3.00,1,0.00,,2.00,1,3.00,1,1.00,1,1.00,1,2.00,1,4.00,0.00,,1.00,0.00,0.00,2.00,1,2.00,2.00,0.00,0.00,,754,44,73.15,73.15,80.95,80.95,67.31,67.31,75.00,75.00,25.00,25.00
Sierra Leone,SLE,20200528,3.00,1,0.00,,2.00,1,3.00,1,1.00,1,1.00,1,2.00,1,4.00,0.00,,1.00,0.00,0.00,2.00,1,2.00,2.00,0.00,0.00,,782,45,73.15,73.15,80.95,80.95,67.31,67.31,75.00,75.00,25.00,25.00
Sierra Leone,SLE,20200529,3.00,1,0.00,,2.00,1,3.00,1,1.00,1,1.00,1,2.00,1,4.00,0.00,,1.00,0.00,0.00,2.00,1,2.00,2.00,0.00,0.00,,812,45,73.15,73.15,80.95,80.95,67.31,67.31,75.00,75.00,25.00,25.00
Sierra Leone,SLE,20200530,3.00,1,0.00,,2.00,1,3.00,1,1.00,1,1.00,1,2.00,1,4.00,0.00,,1.00,0.00,0.00,2.00,1,2.00,2.00,0.00,0.00,,829,45,73.15,73.15,80.95,80.95,67.31,67.31,75.00,75.00,25.00,25.00
Sierra Leone,SLE,20200531,3.00,1,0.00,,2.00,1,3.00,1,1.00,1,1.00,1,2.00,1,4.00,0.00,,1.00,0.00,0.00,2.00,1,2.00,2.00,0.00,0.00,,852,46,73.15,73.15,80.95,80.95,67.31,67.31,75.00,75.00,25.00,25.00
Sierra Leone,SLE,20200601,3.00,1,0.00,,2.00,1,3.00,1,1.00,1,1.00,1,2.00,1,4.00,0.00,,1.00,0.00,0.00,2.00,1,2.00,2.00,0.00,0.00,,861,46,73.15,73.15,80.95,80.95,67.31,67.31,75.00,75.00,25.00,25.00
Sierra Leone,SLE,20200602,3.00,1,0.00,,2.00,1,3.00,1,1.00,1,1.00,1,2.00,1,4.00,0.00,,1.00,0.00,0.00,2.00,1,2.00,2.00,0.00,0.00,,861,46,73.15,73.15,80.95,80.95,67.31,67.31,75.00,75.00,25.00,25.00
Sierra Leone,SLE,20200603,3.00,1,0.00,,2.00,1,3.00,1,1.00,1,1.00,1,2.00,1,4.00,0.00,,1.00,0.00,0.00,2.00,1,2.00,2.00,0.00,0.00,,896,46,73.15,73.15,80.95,80.95,67.31,67.31,75.00,75.00,25.00,25.00
Sierra Leone,SLE,20200604,3.00,1,0.00,,2.00,1,3.00,1,1.00,1,1.00,1,2.00,1,4.00,0.00,,1.00,0.00,0.00,2.00,1,2.00,2.00,0.00,0.00,,909,47,73.15,73.15,80.95,80.95,67.31,67.31,75.00,75.00,25.00,25.00
Sierra Leone,SLE,20200605,3.00,1,0.00,,2.00,1,3.00,1,1.00,1,1.00,1,2.00,1,4.00,0.00,,1.00,0.00,0.00,2.00,1,2.00,2.00,0.00,0.00,,914,47,73.15,73.15,80.95,80.95,67.31,67.31,75.00,75.00,25.00,25.00
Sierra Leone,SLE,20200606,3.00,1,0.00,,2.00,1,3.00,1,1.00,1,1.00,1,2.00,1,4.00,0.00,,1.00,0.00,0.00,2.00,1,2.00,2.00,0.00,0.00,,929,47,73.15,73.15,80.95,80.95,67.31,67.31,75.00,75.00,25.00,25.00
Sierra Leone,SLE,20200607,3.00,1,0.00,,2.00,1,3.00,1,1.00,1,1.00,1,2.00,1,4.00,0.00,,1.00,0.00,0.00,2.00,1,2.00,2.00,0.00,0.00,,946,48,73.15,73.15,80.95,80.95,67.31,67.31,75.00,75.00,25.00,25.00
Sierra Leone,SLE,20200608,3.00,1,0.00,,0.00,,3.00,1,0.00,,1.00,1,0.00,,4.00,0.00,,1.00,0.00,0.00,2.00,1,2.00,2.00,0.00,0.00,,969,48,45.37,45.37,61.43,61.43,48.08,48.08,52.27,52.27,25.00,25.00
Sierra Leone,SLE,20200609,3.00,1,0.00,,0.00,,3.00,1,0.00,,1.00,1,0.00,,4.00,0.00,,1.00,0.00,0.00,2.00,1,2.00,2.00,0.00,0.00,,1001,49,45.37,45.37,61.43,61.43,48.08,48.08,52.27,52.27,25.00,25.00
Sierra Leone,SLE,20200610,3.00,1,0.00,,0.00,,3.00,1,0.00,,1.00,1,0.00,,4.00,0.00,,1.00,0.00,0.00,2.00,1,2.00,2.00,0.00,0.00,,1025,50,45.37,45.37,61.43,61.43,48.08,48.08,52.27,52.27,25.00,25.00
Sierra Leone,SLE,20200611,3.00,1,0.00,,0.00,,3.00,1,0.00,,1.00,1,0.00,,4.00,0.00,,1.00,0.00,0.00,2.00,1,2.00,2.00,0.00,0.00,,1062,50,45.37,45.37,61.43,61.43,48.08,48.08,52.27,52.27,25.00,25.00
Sierra Leone,SLE,20200612,3.00,1,0.00,,0.00,,3.00,1,0.00,,1.00,1,0.00,,4.00,0.00,,1.00,0.00,0.00,2.00,1,2.00,2.00,0.00,0.00,,1085,50,45.37,45.37,61.43,61.43,48.08,48.08,52.27,52.27,25.00,25.00
Sierra Leone,SLE,20200613,3.00,1,0.00,,0.00,,3.00,1,0.00,,1.00,1,0.00,,4.00,0.00,,1.00,0.00,0.00,2.00,1,2.00,2.00,0.00,0.00,,1103,51,45.37,45.37,61.43,61.43,48.08,48.08,52.27,52.27,25.00,25.00
Sierra Leone,SLE,20200614,3.00,1,0.00,,0.00,,3.00,1,0.00,,1.00,1,0.00,,4.00,0.00,,1.00,0.00,0.00,2.00,1,2.00,2.00,0.00,0.00,,1132,51,45.37,45.37,61.43,61.43,48.08,48.08,52.27,52.27,25.00,25.00
Sierra Leone,SLE,20200615,3.00,1,0.00,,0.00,,3.00,1,0.00,,1.00,1,0.00,,4.00,0.00,,1.00,0.00,0.00,2.00,1,2.00,2.00,0.00,0.00,,1169,51,45.37,45.37,61.43,61.43,48.08,48.08,52.27,52.27,25.00,25.00
Sierra Leone,SLE,20200616,3.00,1,0.00,,0.00,,3.00,1,0.00,,1.00,1,0.00,,4.00,0.00,,1.00,0.00,0.00,2.00,1,2.00,2.00,0.00,0.00,,1176,51,45.37,45.37,61.43,61.43,48.08,48.08,52.27,52.27,25.00,25.00
Sierra Leone,SLE,20200617,3.00,1,0.00,,0.00,,3.00,1,0.00,,1.00,1,0.00,,4.00,0.00,,1.00,0.00,0.00,2.00,1,2.00,2.00,0.00,0.00,,1225,51,45.37,45.37,61.43,61.43,48.08,48.08,52.27,52.27,25.00,25.00
Sierra Leone,SLE,20200618,3.00,1,0.00,,0.00,,3.00,1,0.00,,1.00,1,0.00,,4.00,0.00,,1.00,0.00,0.00,2.00,1,2.00,2.00,0.00,0.00,,1249,51,45.37,45.37,61.43,61.43,48.08,48.08,52.27,52.27,25.00,25.00
Sierra Leone,SLE,20200619,,,,,,,,,,,,,,,,,,,,,,,,,,,,1272,51,,45.37,,61.43,,48.08,,52.27,,25.00
Sierra Leone,SLE,20200620,,,,,,,,,,,,,,,,,,,,,,,,,,,,1298,53,,45.37,,61.43,,48.08,,52.27,,25.00
Sierra Leone,SLE,20200621,,,,,,,,,,,,,,,,,,,,,,,,,,,,1309,53,,45.37,,61.43,,48.08,,52.27,,25.00
Sierra Leone,SLE,20200622,,,,,,,,,,,,,,,,,,,,,,,,,,,,1327,55,,45.37,,61.43,,48.08,,52.27,,25.00
Sierra Leone,SLE,20200623,,,,,,,,,,,,,,,,,,,,,,,,,,,,1340,55,,45.37,,61.43,,48.08,,52.27,,25.00
