Slovak Republic,SVK,20200101,0.00,,0.00,,0.00,,0.00,,0.00,,0.00,,0.00,,0.00,0.00,,0.00,0.00,0.00,0.00,,1.00,2.00,0.00,0.00,,,,0.00,0.00,0.00,0.00,10.26,10.26,12.12,12.12,0.00,0.00
Slovak Republic,SVK,20200102,0.00,,0.00,,0.00,,0.00,,0.00,,0.00,,0.00,,0.00,0.00,,0.00,0.00,0.00,0.00,,1.00,2.00,0.00,0.00,,,,0.00,0.00,0.00,0.00,10.26,10.26,12.12,12.12,0.00,0.00
Slovak Republic,SVK,20200103,0.00,,0.00,,0.00,,0.00,,0.00,,0.00,,0.00,,0.00,0.00,,0.00,0.00,0.00,0.00,,1.00,2.00,0.00,0.00,,,,0.00,0.00,0.00,0.00,10.26,10.26,12.12,12.12,0.00,0.00
Slovak Republic,SVK,20200104,0.00,,0.00,,0.00,,0.00,,0.00,,0.00,,0.00,,0.00,0.00,,0.00,0.00,0.00,0.00,,1.00,2.00,0.00,0.00,,,,0.00,0.00,0.00,0.00,10.26,10.26,12.12,12.12,0.00,0.00
Slovak Republic,SVK,20200105,0.00,,0.00,,0.00,,0.00,,0.00,,0.00,,0.00,,0.00,0.00,,0.00,0.00,0.00,0.00,,1.00,2.00,0.00,0.00,,,,0.00,0.00,0.00,0.00,10.26,10.26,12.12,12.12,0.00,0.00
Slovak Republic,SVK,20200106,0.00,,0.00,,0.00,,0.00,,0.00,,0.00,,0.00,,0.00,0.00,,0.00,0.00,0.00,0.00,,1.00,2.00,0.00,0.00,,,,0.00,0.00,0.00,0.00,10.26,10.26,12.12,12.12,0.00,0.00
Slovak Republic,SVK,20200107,0.00,,0.00,,0.00,,0.00,,0.00,,0.00,,0.00,,0.00,0.00,,0.00,0.00,0.00,0.00,,1.00,2.00,0.00,0.00,,,,0.00,0.00,0.00,0.00,10.26,10.26,12.12,12.12,0.00,0.00
Slovak Republic,SVK,20200108,0.00,,0.00,,0.00,,0.00,,0.00,,0.00,,0.00,,0.00,0.00,,0.00,0.00,0.00,0.00,,1.00,2.00,0.00,0.00,,,,0.00,0.00,0.00,0.00,10.26,10.26,12.12,12.12,0.00,0.00
Slovak Republic,SVK,20200109,0.00,,0.00,,0.00,,0.00,,0.00,,0.00,,0.00,,0.00,0.00,,0.00,0.00,0.00,0.00,,1.00,2.00,0.00,0.00,,,,0.00,0.00,0.00,0.00,10.26,10.26,12.12,12.12,0.00,0.00
Slovak Republic,SVK,20200110,0.00,,0.00,,0.00,,0.00,,0.00,,0.00,,0.00,,0.00,0.00,,0.00,0.00,0.00,0.00,,1.00,2.00,0.00,0.00,,,,0.00,0.00,0.00,0.00,10.26,10.26,12.12,12.12,0.00,0.00
Slovak Republic,SVK,20200111,0.00,,0.00,,0.00,,0.00,,0.00,,0.00,,0.00,,0.00,0.00,,0.00,0.00,0.00,0.00,,1.00,2.00,0.00,0.00,,,,0.00,0.00,0.00,0.00,10.26,10.26,12.12,12.12,0.00,0.00
Slovak Republic,SVK,20200112,0.00,,0.00,,0.00,,0.00,,0.00,,0.00,,0.00,,0.00,0.00,,0.00,0.00,0.00,0.00,,1.00,2.00,0.00,0.00,,,,0.00,0.00,0.00,0.00,10.26,10.26,12.12,12.12,0.00,0.00
Slovak Republic,SVK,20200113,0.00,,0.00,,0.00,,0.00,,0.00,,0.00,,0.00,,0.00,0.00,,0.00,0.00,0.00,0.00,,1.00,2.00,0.00,0.00,,,,0.00,0.00,0.00,0.00,10.26,10.26,12.12,12.12,0.00,0.00
Slovak Republic,SVK,20200114,0.00,,0.00,,0.00,,0.00,,0.00,,0.00,,0.00,,0.00,0.00,,0.00,0.00,0.00,0.00,,1.00,2.00,0.00,0.00,,,,0.00,0.00,0.00,0.00,10.26,10.26,12.12,12.12,0.00,0.00
Slovak Republic,SVK,20200115,0.00,,0.00,,0.00,,0.00,,0.00,,0.00,,0.00,,0.00,0.00,,0.00,0.00,0.00,0.00,,1.00,2.00,0.00,0.00,,,,0.00,0.00,0.00,0.00,10.26,10.26,12.12,12.12,0.00,0.00
Slovak Republic,SVK,20200116,0.00,,0.00,,0.00,,0.00,,0.00,,0.00,,0.00,,0.00,0.00,,0.00,0.00,0.00,0.00,,1.00,2.00,0.00,0.00,,,,0.00,0.00,0.00,0.00,10.26,10.26,12.12,12.12,0.00,0.00
Slovak Republic,SVK,20200117,0.00,,0.00,,0.00,,0.00,,0.00,,0.00,,0.00,,0.00,0.00,,0.00,0.00,0.00,0.00,,1.00,2.00,0.00,0.00,,,,0.00,0.00,0.00,0.00,10.26,10.26,12.12,12.12,0.00,0.00
Slovak Republic,SVK,20200118,0.00,,0.00,,0.00,,0.00,,0.00,,0.00,,0.00,,0.00,0.00,,0.00,0.00,0.00,0.00,,1.00,2.00,0.00,0.00,,,,0.00,0.00,0.00,0.00,10.26,10.26,12.12,12.12,0.00,0.00
Slovak Republic,SVK,20200119,0.00,,0.00,,0.00,,0.00,,0.00,,0.00,,0.00,,0.00,0.00,,0.00,0.00,0.00,0.00,,1.00,2.00,0.00,0.00,,,,0.00,0.00,0.00,0.00,10.26,10.26,12.12,12.12,0.00,0.00
Slovak Republic,SVK,20200120,0.00,,0.00,,0.00,,0.00,,0.00,,0.00,,0.00,,0.00,0.00,,0.00,0.00,0.00,0.00,,1.00,2.00,0.00,0.00,,,,0.00,0.00,0.00,0.00,10.26,10.26,12.12,12.12,0.00,0.00
Slovak Republic,SVK,20200121,0.00,,0.00,,0.00,,0.00,,0.00,,0.00,,0.00,,0.00,0.00,,0.00,0.00,0.00,0.00,,1.00,2.00,0.00,0.00,,,,0.00,0.00,0.00,0.00,10.26,10.26,12.12,12.12,0.00,0.00
Slovak Republic,SVK,20200122,0.00,,0.00,,0.00,,0.00,,0.00,,0.00,,0.00,,0.00,0.00,,0.00,0.00,0.00,0.00,,1.00,2.00,0.00,0.00,,,,0.00,0.00,0.00,0.00,10.26,10.26,12.12,12.12,0.00,0.00
Slovak Republic,SVK,20200123,0.00,,0.00,,0.00,,0.00,,0.00,,0.00,,0.00,,0.00,0.00,,0.00,0.00,0.00,0.00,,1.00,2.00,0.00,0.00,,,,0.00,0.00,0.00,0.00,10.26,10.26,12.12,12.12,0.00,0.00
Slovak Republic,SVK,20200124,0.00,,0.00,,0.00,,0.00,,0.00,,0.00,,0.00,,0.00,0.00,,0.00,0.00,0.00,0.00,,1.00,2.00,0.00,0.00,,,,0.00,0.00,0.00,0.00,10.26,10.26,12.12,12.12,0.00,0.00
Slovak Republic,SVK,20200125,0.00,,0.00,,0.00,,0.00,,0.00,,0.00,,0.00,,0.00,0.00,,0.00,0.00,0.00,0.00,,1.00,2.00,0.00,0.00,,,,0.00,0.00,0.00,0.00,10.26,10.26,12.12,12.12,0.00,0.00
Slovak Republic,SVK,20200126,0.00,,0.00,,0.00,,0.00,,0.00,,0.00,,0.00,,0.00,0.00,,0.00,0.00,0.00,0.00,,1.00,2.00,0.00,0.00,,,,0.00,0.00,0.00,0.00,10.26,10.26,12.12,12.12,0.00,0.00
Slovak Republic,SVK,20200127,0.00,,0.00,,0.00,,0.00,,0.00,,0.00,,0.00,,0.00,0.00,,0.00,0.00,0.00,1.00,0,1.00,2.00,0.00,0.00,,,,2.78,2.78,4.76,4.76,12.18,12.18,14.39,14.39,0.00,0.00
Slovak Republic,SVK,20200128,0.00,,0.00,,0.00,,0.00,,0.00,,0.00,,0.00,,0.00,0.00,,0.00,0.00,0.00,1.00,0,1.00,2.00,0.00,0.00,,,,2.78,2.78,4.76,4.76,12.18,12.18,14.39,14.39,0.00,0.00
Slovak Republic,SVK,20200129,0.00,,0.00,,0.00,,0.00,,0.00,,0.00,,0.00,,0.00,0.00,,0.00,0.00,0.00,1.00,0,1.00,2.00,0.00,0.00,,,,2.78,2.78,4.76,4.76,12.18,12.18,14.39,14.39,0.00,0.00
Slovak Republic,SVK,20200130,0.00,,0.00,,0.00,,0.00,,0.00,,0.00,,0.00,,0.00,0.00,,0.00,0.00,0.00,1.00,0,1.00,2.00,0.00,0.00,,,,2.78,2.78,4.76,4.76,12.18,12.18,14.39,14.39,0.00,0.00
Slovak Republic,SVK,20200131,0.00,,0.00,,0.00,,0.00,,0.00,,0.00,,0.00,,0.00,0.00,,0.00,0.00,0.00,1.00,0,1.00,2.00,0.00,0.00,,,,2.78,2.78,4.76,4.76,12.18,12.18,14.39,14.39,0.00,0.00
Slovak Republic,SVK,20200201,0.00,,0.00,,0.00,,0.00,,0.00,,0.00,,0.00,,0.00,0.00,,0.00,0.00,0.00,1.00,0,1.00,2.00,0.00,0.00,,,,2.78,2.78,4.76,4.76,12.18,12.18,14.39,14.39,0.00,0.00
Slovak Republic,SVK,20200202,0.00,,0.00,,0.00,,0.00,,0.00,,0.00,,0.00,,0.00,0.00,,0.00,0.00,0.00,1.00,0,1.00,2.00,0.00,0.00,,,,2.78,2.78,4.76,4.76,12.18,12.18,14.39,14.39,0.00,0.00
Slovak Republic,SVK,20200203,0.00,,0.00,,0.00,,0.00,,0.00,,0.00,,0.00,,0.00,0.00,,0.00,0.00,0.00,1.00,0,1.00,2.00,0.00,0.00,,,,2.78,2.78,4.76,4.76,12.18,12.18,14.39,14.39,0.00,0.00
Slovak Republic,SVK,20200204,0.00,,0.00,,0.00,,0.00,,0.00,,0.00,,0.00,,0.00,0.00,,0.00,0.00,0.00,1.00,0,1.00,2.00,0.00,0.00,,,,2.78,2.78,4.76,4.76,12.18,12.18,14.39,14.39,0.00,0.00
Slovak Republic,SVK,20200205,0.00,,0.00,,0.00,,0.00,,0.00,,0.00,,0.00,,0.00,0.00,,0.00,0.00,0.00,1.00,0,1.00,2.00,0.00,0.00,,,,2.78,2.78,4.76,4.76,12.18,12.18,14.39,14.39,0.00,0.00
Slovak Republic,SVK,20200206,0.00,,0.00,,0.00,,0.00,,0.00,,0.00,,0.00,,0.00,0.00,,0.00,0.00,0.00,1.00,0,1.00,2.00,0.00,0.00,,,,2.78,2.78,4.76,4.76,12.18,12.18,14.39,14.39,0.00,0.00
Slovak Republic,SVK,20200207,0.00,,0.00,,0.00,,0.00,,0.00,,0.00,,0.00,,0.00,0.00,,0.00,0.00,,1.00,0,1.00,2.00,0.00,0.00,,,,2.78,2.78,4.76,4.76,12.18,12.18,14.39,14.39,0.00,0.00
Slovak Republic,SVK,20200208,0.00,,0.00,,0.00,,0.00,,0.00,,0.00,,0.00,,0.00,0.00,,0.00,0.00,,1.00,0,1.00,2.00,0.00,0.00,,,,2.78,2.78,4.76,4.76,12.18,12.18,14.39,14.39,0.00,0.00
Slovak Republic,SVK,20200209,0.00,,0.00,,0.00,,0.00,,0.00,,0.00,,0.00,,0.00,0.00,,0.00,0.00,0.00,1.00,0,1.00,2.00,0.00,0.00,,,,2.78,2.78,4.76,4.76,12.18,12.18,14.39,14.39,0.00,0.00
Slovak Republic,SVK,20200210,0.00,,0.00,,0.00,,0.00,,0.00,,0.00,,0.00,,0.00,0.00,,0.00,0.00,0.00,1.00,0,1.00,2.00,0.00,0.00,,,,2.78,2.78,4.76,4.76,12.18,12.18,14.39,14.39,0.00,0.00
Slovak Republic,SVK,20200211,0.00,,0.00,,0.00,,0.00,,0.00,,0.00,,0.00,,0.00,0.00,,0.00,0.00,0.00,1.00,0,1.00,2.00,0.00,0.00,,,,2.78,2.78,4.76,4.76,12.18,12.18,14.39,14.39,0.00,0.00
Slovak Republic,SVK,20200212,0.00,,0.00,,0.00,,0.00,,0.00,,0.00,,0.00,,0.00,0.00,,0.00,0.00,0.00,1.00,0,1.00,2.00,0.00,0.00,,,,2.78,2.78,4.76,4.76,12.18,12.18,14.39,14.39,0.00,0.00
Slovak Republic,SVK,20200213,0.00,,0.00,,0.00,,0.00,,0.00,,0.00,,0.00,,0.00,0.00,,0.00,0.00,0.00,1.00,0,1.00,2.00,0.00,0.00,,,,2.78,2.78,4.76,4.76,12.18,12.18,14.39,14.39,0.00,0.00
Slovak Republic,SVK,20200214,0.00,,0.00,,0.00,,0.00,,0.00,,0.00,,0.00,,0.00,0.00,,0.00,0.00,0.00,1.00,0,1.00,2.00,0.00,0.00,,,,2.78,2.78,4.76,4.76,12.18,12.18,14.39,14.39,0.00,0.00
Slovak Republic,SVK,20200215,0.00,,0.00,,0.00,,0.00,,0.00,,0.00,,0.00,,0.00,0.00,,0.00,0.00,0.00,1.00,0,1.00,2.00,0.00,0.00,,,,2.78,2.78,4.76,4.76,12.18,12.18,14.39,14.39,0.00,0.00
Slovak Republic,SVK,20200216,0.00,,0.00,,0.00,,0.00,,0.00,,0.00,,0.00,,0.00,0.00,,0.00,0.00,0.00,1.00,0,1.00,2.00,0.00,0.00,,,,2.78,2.78,4.76,4.76,12.18,12.18,14.39,14.39,0.00,0.00
Slovak Republic,SVK,20200217,0.00,,0.00,,0.00,,0.00,,0.00,,0.00,,0.00,,0.00,0.00,,0.00,0.00,0.00,1.00,0,1.00,2.00,0.00,0.00,,,,2.78,2.78,4.76,4.76,12.18,12.18,14.39,14.39,0.00,0.00
Slovak Republic,SVK,20200218,0.00,,0.00,,0.00,,0.00,,0.00,,0.00,,0.00,,0.00,0.00,,0.00,0.00,0.00,1.00,0,1.00,2.00,0.00,0.00,,,,2.78,2.78,4.76,4.76,12.18,12.18,14.39,14.39,0.00,0.00
Slovak Republic,SVK,20200219,0.00,,0.00,,0.00,,0.00,,0.00,,0.00,,0.00,,0.00,0.00,,0.00,0.00,0.00,1.00,0,1.00,2.00,0.00,0.00,,,,2.78,2.78,4.76,4.76,12.18,12.18,14.39,14.39,0.00,0.00
Slovak Republic,SVK,20200220,0.00,,0.00,,0.00,,0.00,,0.00,,0.00,,0.00,,0.00,0.00,,0.00,0.00,0.00,1.00,0,1.00,2.00,0.00,0.00,,,,2.78,2.78,4.76,4.76,12.18,12.18,14.39,14.39,0.00,0.00
Slovak Republic,SVK,20200221,0.00,,0.00,,0.00,,0.00,,0.00,,0.00,,0.00,,0.00,0.00,,0.00,0.00,0.00,1.00,0,1.00,2.00,0.00,0.00,,,,2.78,2.78,4.76,4.76,12.18,12.18,14.39,14.39,0.00,0.00
Slovak Republic,SVK,20200222,0.00,,0.00,,0.00,,0.00,,0.00,,0.00,,0.00,,0.00,0.00,,0.00,0.00,0.00,1.00,0,1.00,2.00,0.00,0.00,,,,2.78,2.78,4.76,4.76,12.18,12.18,14.39,14.39,0.00,0.00
Slovak Republic,SVK,20200223,0.00,,0.00,,0.00,,0.00,,0.00,,0.00,,0.00,,0.00,0.00,,0.00,0.00,0.00,1.00,0,1.00,2.00,0.00,0.00,,,,2.78,2.78,4.76,4.76,12.18,12.18,14.39,14.39,0.00,0.00
Slovak Republic,SVK,20200224,0.00,,0.00,,0.00,,0.00,,0.00,,0.00,,0.00,,0.00,0.00,,0.00,0.00,0.00,1.00,0,1.00,2.00,0.00,0.00,,,,2.78,2.78,4.76,4.76,12.18,12.18,14.39,14.39,0.00,0.00
Slovak Republic,SVK,20200225,0.00,,0.00,,0.00,,0.00,,0.00,,0.00,,0.00,,0.00,0.00,,0.00,0.00,0.00,1.00,0,1.00,2.00,0.00,0.00,,,,2.78,2.78,4.76,4.76,12.18,12.18,14.39,14.39,0.00,0.00
Slovak Republic,SVK,20200226,0.00,,0.00,,0.00,,0.00,,0.00,,0.00,,0.00,,0.00,0.00,,0.00,0.00,0.00,1.00,0,1.00,2.00,0.00,0.00,,,,2.78,2.78,4.76,4.76,12.18,12.18,14.39,14.39,0.00,0.00
Slovak Republic,SVK,20200227,0.00,,0.00,,0.00,,0.00,,0.00,,0.00,,0.00,,0.00,0.00,,0.00,0.00,0.00,1.00,0,1.00,2.00,0.00,0.00,,,,2.78,2.78,4.76,4.76,12.18,12.18,14.39,14.39,0.00,0.00
Slovak Republic,SVK,20200228,0.00,,0.00,,0.00,,0.00,,0.00,,0.00,,0.00,,0.00,0.00,,0.00,0.00,0.00,1.00,0,1.00,2.00,0.00,0.00,,,,2.78,2.78,4.76,4.76,12.18,12.18,14.39,14.39,0.00,0.00
Slovak Republic,SVK,20200229,0.00,,0.00,,0.00,,0.00,,0.00,,0.00,,0.00,,0.00,0.00,,0.00,0.00,0.00,1.00,0,1.00,2.00,0.00,0.00,,,,2.78,2.78,4.76,4.76,12.18,12.18,14.39,14.39,0.00,0.00
Slovak Republic,SVK,20200301,0.00,,0.00,,0.00,,0.00,,0.00,,0.00,,0.00,,0.00,0.00,,0.00,0.00,0.00,1.00,0,1.00,2.00,0.00,0.00,,,,2.78,2.78,4.76,4.76,12.18,12.18,14.39,14.39,0.00,0.00
Slovak Republic,SVK,20200302,0.00,,0.00,,0.00,,0.00,,0.00,,0.00,,0.00,,0.00,0.00,,0.00,0.00,0.00,1.00,0,1.00,2.00,0.00,0.00,,,,2.78,2.78,4.76,4.76,12.18,12.18,14.39,14.39,0.00,0.00
Slovak Republic,SVK,20200303,0.00,,0.00,,0.00,,0.00,,0.00,,0.00,,0.00,,0.00,0.00,,0.00,0.00,0.00,1.00,0,1.00,2.00,0.00,0.00,,,,2.78,2.78,4.76,4.76,12.18,12.18,14.39,14.39,0.00,0.00
Slovak Republic,SVK,20200304,0.00,,0.00,,0.00,,0.00,,0.00,,0.00,,0.00,,0.00,0.00,,0.00,0.00,0.00,2.00,1,1.00,2.00,0.00,0.00,,,,11.11,11.11,14.29,14.29,17.95,17.95,21.21,21.21,0.00,0.00
Slovak Republic,SVK,20200305,0.00,,0.00,,0.00,,0.00,,0.00,,0.00,,0.00,,0.00,0.00,,0.00,0.00,0.00,2.00,1,1.00,2.00,0.00,0.00,,,,11.11,11.11,14.29,14.29,17.95,17.95,21.21,21.21,0.00,0.00
Slovak Republic,SVK,20200306,0.00,,0.00,,1.00,1,0.00,,0.00,,0.00,,0.00,,0.00,0.00,,0.00,0.00,0.00,2.00,1,1.00,2.00,0.00,0.00,,,,16.67,16.67,23.81,23.81,21.79,21.79,25.76,25.76,0.00,0.00
Slovak Republic,SVK,20200307,0.00,,0.00,,1.00,1,0.00,,0.00,,0.00,,0.00,,0.00,0.00,,0.00,0.00,0.00,2.00,1,1.00,2.00,0.00,0.00,,1,0,16.67,16.67,23.81,23.81,21.79,21.79,25.76,25.76,0.00,0.00
Slovak Republic,SVK,20200308,0.00,,0.00,,1.00,1,0.00,,0.00,,0.00,,0.00,,0.00,0.00,,0.00,0.00,0.00,2.00,1,1.00,2.00,0.00,0.00,,3,0,16.67,16.67,23.81,23.81,21.79,21.79,25.76,25.76,0.00,0.00
Slovak Republic,SVK,20200309,0.00,,0.00,,1.00,1,0.00,,0.00,,0.00,,0.00,,2.00,0.00,,0.00,0.00,0.00,2.00,1,1.00,2.00,0.00,0.00,,5,0,22.22,22.22,30.95,30.95,25.64,25.64,30.30,30.30,0.00,0.00
Slovak Republic,SVK,20200310,3.00,0,0.00,,2.00,1,0.00,,0.00,,0.00,,0.00,,2.00,0.00,,0.00,0.00,0.00,2.00,1,1.00,2.00,0.00,0.00,,,,37.04,37.04,46.43,46.43,35.90,35.90,42.42,42.42,0.00,0.00
Slovak Republic,SVK,20200311,3.00,0,0.00,,2.00,1,0.00,,0.00,,0.00,,0.00,,2.00,0.00,,0.00,0.00,0.00,2.00,1,1.00,2.00,0.00,0.00,,7,0,37.04,37.04,46.43,46.43,35.90,35.90,42.42,42.42,0.00,0.00
Slovak Republic,SVK,20200312,3.00,0,0.00,,2.00,1,3.00,1,0.00,,1.00,1,0.00,,2.00,0.00,,0.00,0.00,0.00,2.00,1,1.00,2.00,0.00,0.00,,10,0,49.07,49.07,53.57,53.57,44.23,44.23,52.27,52.27,0.00,0.00
Slovak Republic,SVK,20200313,3.00,0,2.00,1,2.00,1,3.00,1,0.00,,1.00,1,0.00,,4.00,0.00,,0.00,0.00,0.00,2.00,1,1.00,2.00,0.00,0.00,,21,0,62.04,62.04,71.43,71.43,53.21,53.21,62.88,62.88,0.00,0.00
Slovak Republic,SVK,20200314,3.00,0,2.00,1,2.00,1,3.00,1,1.00,1,1.00,1,0.00,,4.00,0.00,,0.00,0.00,0.00,2.00,1,1.00,2.00,0.00,0.00,,30,0,67.59,67.59,80.95,80.95,57.05,57.05,67.42,67.42,0.00,0.00
Slovak Republic,SVK,20200315,3.00,0,2.00,1,2.00,1,3.00,1,1.00,1,1.00,1,0.00,,4.00,0.00,,0.00,0.00,0.00,2.00,1,1.00,2.00,0.00,0.00,,44,0,67.59,67.59,80.95,80.95,57.05,57.05,67.42,67.42,0.00,0.00
Slovak Republic,SVK,20200316,3.00,1,2.00,1,2.00,1,3.00,1,1.00,1,1.00,1,1.00,1,4.00,0.00,,0.00,0.00,0.00,2.00,1,1.00,2.00,0.00,0.00,,61,0,75.00,75.00,86.90,86.90,62.18,62.18,73.48,73.48,0.00,0.00
Slovak Republic,SVK,20200317,3.00,1,2.00,1,2.00,1,3.00,1,1.00,1,1.00,1,1.00,1,4.00,0.00,,0.00,0.00,0.00,2.00,1,1.00,2.00,0.00,0.00,,84,0,75.00,75.00,86.90,86.90,62.18,62.18,73.48,73.48,0.00,0.00
Slovak Republic,SVK,20200318,3.00,1,2.00,1,2.00,1,3.00,1,1.00,1,1.00,1,1.00,1,4.00,0.00,,2.00,0.00,0.00,2.00,1,1.00,2.00,0.00,0.00,,97,0,75.00,75.00,86.90,86.90,69.87,69.87,73.48,73.48,50.00,50.00
Slovak Republic,SVK,20200319,3.00,1,2.00,1,2.00,1,3.00,1,1.00,1,1.00,1,1.00,1,4.00,0.00,,2.00,0.00,0.00,2.00,1,1.00,2.00,0.00,0.00,,107,0,75.00,75.00,86.90,86.90,69.87,69.87,73.48,73.48,50.00,50.00
Slovak Republic,SVK,20200320,3.00,1,2.00,1,2.00,1,3.00,1,1.00,1,1.00,1,1.00,1,4.00,0.00,,2.00,0.00,0.00,2.00,1,1.00,2.00,0.00,0.00,,123,0,75.00,75.00,86.90,86.90,69.87,69.87,73.48,73.48,50.00,50.00
Slovak Republic,SVK,20200321,3.00,1,2.00,1,2.00,1,3.00,1,1.00,1,1.00,1,1.00,1,4.00,0.00,,2.00,0.00,0.00,2.00,1,1.00,2.00,0.00,0.00,,137,0,75.00,75.00,86.90,86.90,69.87,69.87,73.48,73.48,50.00,50.00
Slovak Republic,SVK,20200322,3.00,1,2.00,1,2.00,1,3.00,1,1.00,1,1.00,1,1.00,1,4.00,0.00,,2.00,0.00,0.00,2.00,1,1.00,2.00,0.00,0.00,,178,0,75.00,75.00,86.90,86.90,69.87,69.87,73.48,73.48,50.00,50.00
Slovak Republic,SVK,20200323,3.00,1,2.00,1,2.00,1,3.00,1,1.00,1,1.00,1,1.00,1,4.00,0.00,,2.00,0.00,0.00,2.00,1,1.00,2.00,0.00,0.00,,185,0,75.00,75.00,86.90,86.90,69.87,69.87,73.48,73.48,50.00,50.00
Slovak Republic,SVK,20200324,3.00,1,2.00,1,2.00,1,3.00,1,1.00,1,1.00,1,1.00,1,4.00,0.00,,2.00,0.00,0.00,2.00,1,1.00,2.00,0.00,0.00,,191,0,75.00,75.00,86.90,86.90,69.87,69.87,73.48,73.48,50.00,50.00
Slovak Republic,SVK,20200325,3.00,1,2.00,1,2.00,1,3.00,1,1.00,1,1.00,1,1.00,1,4.00,0.00,,2.00,0.00,0.00,2.00,1,1.00,2.00,0.00,0.00,,204,0,75.00,75.00,86.90,86.90,69.87,69.87,73.48,73.48,50.00,50.00
Slovak Republic,SVK,20200326,3.00,1,2.00,1,2.00,1,3.00,1,1.00,1,1.00,1,1.00,1,4.00,0.00,,2.00,0.00,0.00,2.00,1,1.00,2.00,0.00,0.00,,216,0,75.00,75.00,86.90,86.90,69.87,69.87,73.48,73.48,50.00,50.00
Slovak Republic,SVK,20200327,3.00,1,2.00,1,2.00,1,3.00,1,1.00,1,1.00,1,1.00,1,4.00,0.00,,2.00,0.00,0.00,2.00,1,1.00,2.00,0.00,0.00,,226,0,75.00,75.00,86.90,86.90,69.87,69.87,73.48,73.48,50.00,50.00
Slovak Republic,SVK,20200328,3.00,1,2.00,1,2.00,1,3.00,1,1.00,1,1.00,1,1.00,1,4.00,0.00,,2.00,0.00,0.00,2.00,1,1.00,2.00,0.00,0.00,,295,0,75.00,75.00,86.90,86.90,69.87,69.87,73.48,73.48,50.00,50.00
Slovak Republic,SVK,20200329,3.00,1,2.00,1,2.00,1,3.00,1,1.00,1,1.00,1,1.00,1,4.00,2.00,0,2.00,2222800000.00,0.00,2.00,1,1.00,2.00,0.00,0.00,,295,0,75.00,75.00,86.90,86.90,75.64,75.64,73.48,73.48,87.50,87.50
Slovak Republic,SVK,20200330,3.00,1,2.00,1,2.00,1,3.00,1,1.00,1,1.00,1,1.00,1,4.00,2.00,0,2.00,0.00,0.00,2.00,1,1.00,2.00,0.00,0.00,,336,0,75.00,75.00,86.90,86.90,75.64,75.64,73.48,73.48,87.50,87.50
Slovak Republic,SVK,20200331,3.00,1,2.00,1,2.00,1,3.00,1,1.00,1,1.00,1,1.00,1,4.00,2.00,0,2.00,0.00,0.00,2.00,1,1.00,2.00,0.00,0.00,,336,0,75.00,75.00,86.90,86.90,75.64,75.64,73.48,73.48,87.50,87.50
Slovak Republic,SVK,20200401,3.00,1,2.00,1,2.00,1,3.00,1,1.00,1,1.00,1,1.00,1,4.00,2.00,0,2.00,0.00,0.00,2.00,1,1.00,2.00,0.00,0.00,,363,0,75.00,75.00,86.90,86.90,75.64,75.64,73.48,73.48,87.50,87.50
Slovak Republic,SVK,20200402,3.00,1,2.00,1,2.00,1,3.00,1,1.00,1,1.00,1,1.00,1,4.00,2.00,0,2.00,0.00,0.00,2.00,1,1.00,2.00,0.00,0.00,,400,0,75.00,75.00,86.90,86.90,75.64,75.64,73.48,73.48,87.50,87.50
Slovak Republic,SVK,20200403,3.00,1,2.00,1,2.00,1,3.00,1,1.00,1,1.00,1,1.00,1,4.00,2.00,0,2.00,0.00,0.00,2.00,1,1.00,2.00,0.00,0.00,,426,0,75.00,75.00,86.90,86.90,75.64,75.64,73.48,73.48,87.50,87.50
Slovak Republic,SVK,20200404,3.00,1,2.00,1,2.00,1,3.00,1,1.00,1,1.00,1,1.00,1,4.00,2.00,0,2.00,0.00,0.00,2.00,1,1.00,2.00,0.00,0.00,,450,0,75.00,75.00,86.90,86.90,75.64,75.64,73.48,73.48,87.50,87.50
Slovak Republic,SVK,20200405,3.00,1,2.00,1,2.00,1,3.00,1,1.00,1,1.00,1,1.00,1,4.00,2.00,0,2.00,0.00,0.00,2.00,1,1.00,2.00,0.00,0.00,,471,0,75.00,75.00,86.90,86.90,75.64,75.64,73.48,73.48,87.50,87.50
Slovak Republic,SVK,20200406,3.00,1,2.00,1,2.00,1,3.00,1,1.00,1,1.00,1,1.00,1,4.00,2.00,0,2.00,0.00,0.00,2.00,1,1.00,2.00,0.00,0.00,,485,0,75.00,75.00,86.90,86.90,75.64,75.64,73.48,73.48,87.50,87.50
Slovak Republic,SVK,20200407,3.00,1,2.00,1,2.00,1,3.00,1,1.00,1,1.00,1,1.00,1,4.00,2.00,0,2.00,0.00,0.00,2.00,1,1.00,2.00,0.00,0.00,,534,2,75.00,75.00,86.90,86.90,75.64,75.64,73.48,73.48,87.50,87.50
Slovak Republic,SVK,20200408,3.00,1,2.00,1,2.00,1,4.00,1,1.00,1,2.00,1,2.00,1,4.00,2.00,0,2.00,0.00,0.00,2.00,1,1.00,2.00,0.00,0.00,,581,2,87.04,87.04,91.67,91.67,83.97,83.97,83.33,83.33,87.50,87.50
Slovak Republic,SVK,20200409,3.00,1,2.00,1,2.00,1,4.00,1,1.00,1,2.00,1,2.00,1,4.00,2.00,0,2.00,0.00,0.00,2.00,1,1.00,2.00,61647909.00,0.00,,682,2,87.04,87.04,91.67,91.67,83.97,83.97,83.33,83.33,87.50,87.50
Slovak Republic,SVK,20200410,3.00,1,2.00,1,2.00,1,4.00,1,1.00,1,2.00,1,2.00,1,4.00,2.00,0,2.00,0.00,0.00,2.00,1,1.00,2.00,0.00,0.00,,701,2,87.04,87.04,91.67,91.67,83.97,83.97,83.33,83.33,87.50,87.50
Slovak Republic,SVK,20200411,3.00,1,2.00,1,2.00,1,4.00,1,1.00,1,2.00,1,2.00,1,4.00,2.00,0,2.00,0.00,0.00,2.00,1,1.00,2.00,0.00,0.00,,715,2,87.04,87.04,91.67,91.67,83.97,83.97,83.33,83.33,87.50,87.50
Slovak Republic,SVK,20200412,3.00,1,2.00,1,2.00,1,4.00,1,1.00,1,2.00,1,2.00,1,4.00,2.00,0,2.00,0.00,0.00,2.00,1,1.00,2.00,0.00,0.00,,728,2,87.04,87.04,91.67,91.67,83.97,83.97,83.33,83.33,87.50,87.50
Slovak Republic,SVK,20200413,3.00,1,2.00,1,2.00,1,4.00,1,1.00,1,2.00,1,2.00,1,4.00,2.00,0,2.00,0.00,0.00,2.00,1,1.00,2.00,0.00,0.00,,742,2,87.04,87.04,91.67,91.67,83.97,83.97,83.33,83.33,87.50,87.50
Slovak Republic,SVK,20200414,3.00,1,2.00,1,2.00,1,3.00,1,1.00,1,1.00,1,1.00,1,4.00,2.00,0,2.00,0.00,0.00,2.00,1,1.00,2.00,0.00,0.00,,769,2,75.00,75.00,86.90,86.90,75.64,75.64,73.48,73.48,87.50,87.50
Slovak Republic,SVK,20200415,3.00,1,2.00,1,2.00,1,3.00,1,1.00,1,1.00,1,1.00,1,4.00,2.00,0,2.00,0.00,0.00,2.00,1,1.00,2.00,0.00,0.00,,835,2,75.00,75.00,86.90,86.90,75.64,75.64,73.48,73.48,87.50,87.50
Slovak Republic,SVK,20200416,3.00,1,2.00,1,2.00,1,3.00,1,1.00,1,1.00,1,1.00,1,4.00,2.00,0,2.00,0.00,0.00,2.00,1,1.00,2.00,0.00,0.00,,863,6,75.00,75.00,86.90,86.90,75.64,75.64,73.48,73.48,87.50,87.50
Slovak Republic,SVK,20200417,3.00,1,2.00,1,2.00,1,3.00,1,1.00,1,1.00,1,1.00,1,4.00,2.00,0,2.00,0.00,0.00,2.00,1,1.00,2.00,0.00,0.00,,977,8,75.00,75.00,86.90,86.90,75.64,75.64,73.48,73.48,87.50,87.50
Slovak Republic,SVK,20200418,3.00,1,2.00,1,2.00,1,3.00,1,1.00,1,1.00,1,1.00,1,4.00,2.00,0,2.00,0.00,0.00,2.00,1,1.00,2.00,0.00,0.00,,1049,9,75.00,75.00,86.90,86.90,75.64,75.64,73.48,73.48,87.50,87.50
Slovak Republic,SVK,20200419,3.00,1,2.00,1,2.00,1,3.00,1,1.00,1,1.00,1,1.00,1,4.00,2.00,0,2.00,0.00,0.00,2.00,1,1.00,2.00,0.00,0.00,,1089,11,75.00,75.00,86.90,86.90,75.64,75.64,73.48,73.48,87.50,87.50
Slovak Republic,SVK,20200420,3.00,1,2.00,1,2.00,1,3.00,1,1.00,1,1.00,1,1.00,1,4.00,2.00,0,2.00,0.00,0.00,2.00,1,1.00,2.00,0.00,0.00,,1161,12,75.00,75.00,86.90,86.90,75.64,75.64,73.48,73.48,87.50,87.50
Slovak Republic,SVK,20200421,3.00,1,2.00,1,2.00,1,3.00,1,1.00,1,1.00,1,1.00,1,4.00,2.00,0,2.00,0.00,0.00,2.00,1,1.00,2.00,0.00,0.00,,1173,13,75.00,75.00,86.90,86.90,75.64,75.64,73.48,73.48,87.50,87.50
Slovak Republic,SVK,20200422,3.00,1,2.00,0,2.00,1,3.00,1,1.00,1,1.00,1,1.00,1,4.00,2.00,0,2.00,0.00,0.00,2.00,1,1.00,2.00,0.00,0.00,,1199,14,73.15,73.15,83.33,83.33,74.36,74.36,71.97,71.97,87.50,87.50
Slovak Republic,SVK,20200423,3.00,1,2.00,0,2.00,1,3.00,1,1.00,1,1.00,1,1.00,1,4.00,2.00,0,2.00,0.00,0.00,2.00,1,1.00,2.00,0.00,0.00,,1244,14,73.15,73.15,83.33,83.33,74.36,74.36,71.97,71.97,87.50,87.50
Slovak Republic,SVK,20200424,3.00,1,2.00,0,2.00,1,3.00,1,1.00,1,1.00,1,1.00,1,4.00,2.00,0,2.00,0.00,0.00,2.00,1,1.00,2.00,0.00,0.00,,1325,15,73.15,73.15,83.33,83.33,74.36,74.36,71.97,71.97,87.50,87.50
Slovak Republic,SVK,20200425,3.00,1,2.00,0,2.00,1,3.00,1,1.00,1,1.00,1,1.00,1,4.00,2.00,0,2.00,0.00,0.00,2.00,1,1.00,2.00,0.00,0.00,,1360,17,73.15,73.15,83.33,83.33,74.36,74.36,71.97,71.97,87.50,87.50
Slovak Republic,SVK,20200426,3.00,1,2.00,0,2.00,1,3.00,1,1.00,1,1.00,1,1.00,1,4.00,2.00,0,2.00,0.00,0.00,2.00,1,1.00,2.00,0.00,0.00,,1373,17,73.15,73.15,83.33,83.33,74.36,74.36,71.97,71.97,87.50,87.50
Slovak Republic,SVK,20200427,3.00,1,2.00,0,2.00,1,3.00,1,1.00,1,1.00,1,1.00,1,4.00,2.00,0,2.00,0.00,0.00,2.00,1,1.00,2.00,0.00,0.00,,1379,18,73.15,73.15,83.33,83.33,74.36,74.36,71.97,71.97,87.50,87.50
Slovak Republic,SVK,20200428,3.00,1,2.00,0,2.00,1,3.00,1,1.00,1,1.00,1,1.00,1,4.00,2.00,0,2.00,0.00,0.00,2.00,1,1.00,2.00,0.00,0.00,,1381,18,73.15,73.15,83.33,83.33,74.36,74.36,71.97,71.97,87.50,87.50
Slovak Republic,SVK,20200429,3.00,1,2.00,0,2.00,1,3.00,1,1.00,1,1.00,1,1.00,1,4.00,2.00,0,2.00,0.00,0.00,2.00,1,1.00,2.00,0.00,0.00,,1384,20,73.15,73.15,83.33,83.33,74.36,74.36,71.97,71.97,87.50,87.50
Slovak Republic,SVK,20200430,3.00,1,2.00,0,2.00,1,3.00,1,1.00,1,1.00,1,1.00,1,4.00,2.00,0,2.00,0.00,0.00,2.00,1,1.00,2.00,0.00,0.00,,1391,22,73.15,73.15,83.33,83.33,74.36,74.36,71.97,71.97,87.50,87.50
Slovak Republic,SVK,20200501,3.00,1,2.00,0,2.00,1,3.00,1,1.00,1,1.00,1,1.00,1,4.00,2.00,0,2.00,0.00,0.00,2.00,1,1.00,2.00,0.00,0.00,,1396,23,73.15,73.15,83.33,83.33,74.36,74.36,71.97,71.97,87.50,87.50
Slovak Republic,SVK,20200502,3.00,1,2.00,0,2.00,1,3.00,1,1.00,1,1.00,1,1.00,1,4.00,2.00,0,2.00,0.00,0.00,2.00,1,1.00,2.00,0.00,0.00,,1403,23,73.15,73.15,83.33,83.33,74.36,74.36,71.97,71.97,87.50,87.50
Slovak Republic,SVK,20200503,3.00,1,2.00,0,2.00,1,3.00,1,1.00,1,1.00,1,1.00,1,4.00,2.00,0,2.00,0.00,0.00,2.00,1,1.00,2.00,0.00,0.00,,1407,24,73.15,73.15,83.33,83.33,74.36,74.36,71.97,71.97,87.50,87.50
Slovak Republic,SVK,20200504,3.00,1,2.00,0,2.00,1,3.00,1,1.00,1,1.00,1,1.00,1,4.00,2.00,0,2.00,0.00,0.00,2.00,1,1.00,2.00,0.00,0.00,,1408,24,73.15,73.15,83.33,83.33,74.36,74.36,71.97,71.97,87.50,87.50
Slovak Republic,SVK,20200505,3.00,1,2.00,0,2.00,1,3.00,1,1.00,1,1.00,1,1.00,1,4.00,2.00,0,2.00,0.00,0.00,2.00,1,1.00,2.00,0.00,0.00,,1413,25,73.15,73.15,83.33,83.33,74.36,74.36,71.97,71.97,87.50,87.50
Slovak Republic,SVK,20200506,3.00,1,2.00,0,2.00,1,3.00,1,1.00,1,1.00,1,1.00,1,4.00,2.00,0,2.00,0.00,0.00,2.00,1,1.00,2.00,0.00,0.00,,1421,25,73.15,73.15,83.33,83.33,74.36,74.36,71.97,71.97,87.50,87.50
Slovak Republic,SVK,20200507,3.00,1,2.00,0,2.00,1,3.00,1,1.00,1,1.00,1,1.00,1,4.00,2.00,0,2.00,0.00,0.00,2.00,1,1.00,2.00,0.00,0.00,,1429,25,73.15,73.15,83.33,83.33,74.36,74.36,71.97,71.97,87.50,87.50
Slovak Republic,SVK,20200508,3.00,1,2.00,0,2.00,1,3.00,1,1.00,1,1.00,1,1.00,1,4.00,2.00,0,2.00,0.00,0.00,2.00,1,1.00,2.00,0.00,0.00,,1445,26,73.15,73.15,83.33,83.33,74.36,74.36,71.97,71.97,87.50,87.50
Slovak Republic,SVK,20200509,3.00,1,2.00,0,2.00,1,3.00,1,1.00,1,1.00,1,1.00,1,4.00,2.00,0,2.00,0.00,0.00,2.00,1,1.00,2.00,0.00,0.00,,1455,26,73.15,73.15,83.33,83.33,74.36,74.36,71.97,71.97,87.50,87.50
Slovak Republic,SVK,20200510,3.00,1,2.00,0,2.00,1,3.00,1,1.00,1,1.00,1,1.00,1,4.00,2.00,0,2.00,0.00,0.00,2.00,1,1.00,2.00,0.00,0.00,,1455,26,73.15,73.15,83.33,83.33,74.36,74.36,71.97,71.97,87.50,87.50
Slovak Republic,SVK,20200511,3.00,1,2.00,0,2.00,1,3.00,1,1.00,1,1.00,1,1.00,1,4.00,2.00,0,2.00,0.00,0.00,2.00,1,1.00,2.00,0.00,0.00,,1457,26,73.15,73.15,83.33,83.33,74.36,74.36,71.97,71.97,87.50,87.50
Slovak Republic,SVK,20200512,3.00,1,2.00,0,2.00,1,3.00,1,1.00,1,1.00,1,1.00,1,4.00,2.00,0,2.00,0.00,0.00,2.00,1,1.00,2.00,0.00,0.00,,1457,26,73.15,73.15,83.33,83.33,74.36,74.36,71.97,71.97,87.50,87.50
Slovak Republic,SVK,20200513,3.00,1,2.00,0,2.00,1,3.00,1,1.00,1,1.00,1,1.00,1,4.00,2.00,0,2.00,0.00,0.00,2.00,1,1.00,2.00,0.00,0.00,,1465,27,73.15,73.15,83.33,83.33,74.36,74.36,71.97,71.97,87.50,87.50
Slovak Republic,SVK,20200514,3.00,1,2.00,0,2.00,1,3.00,1,1.00,1,1.00,1,1.00,1,4.00,2.00,0,2.00,0.00,0.00,2.00,1,1.00,2.00,0.00,0.00,,1469,27,73.15,73.15,83.33,83.33,74.36,74.36,71.97,71.97,87.50,87.50
Slovak Republic,SVK,20200515,3.00,1,2.00,0,2.00,1,3.00,1,1.00,1,1.00,1,1.00,1,4.00,2.00,0,2.00,0.00,0.00,2.00,1,1.00,2.00,0.00,0.00,,1477,27,73.15,73.15,83.33,83.33,74.36,74.36,71.97,71.97,87.50,87.50
Slovak Republic,SVK,20200516,3.00,1,2.00,0,2.00,1,3.00,1,1.00,1,1.00,1,1.00,1,4.00,2.00,0,2.00,0.00,0.00,2.00,1,1.00,2.00,0.00,0.00,,1480,27,73.15,73.15,83.33,83.33,74.36,74.36,71.97,71.97,87.50,87.50
Slovak Republic,SVK,20200517,3.00,1,2.00,0,2.00,1,3.00,1,1.00,1,1.00,1,1.00,1,4.00,2.00,0,2.00,0.00,0.00,2.00,1,1.00,2.00,0.00,0.00,,1493,28,73.15,73.15,83.33,83.33,74.36,74.36,71.97,71.97,87.50,87.50
Slovak Republic,SVK,20200518,3.00,1,2.00,0,2.00,1,3.00,1,1.00,1,1.00,1,1.00,1,4.00,2.00,0,2.00,0.00,0.00,2.00,1,1.00,2.00,0.00,0.00,,1494,28,73.15,73.15,83.33,83.33,74.36,74.36,71.97,71.97,87.50,87.50
Slovak Republic,SVK,20200519,3.00,1,2.00,0,2.00,1,3.00,1,1.00,1,1.00,1,1.00,1,4.00,2.00,0,2.00,0.00,0.00,2.00,1,1.00,2.00,0.00,0.00,,1495,28,73.15,73.15,83.33,83.33,74.36,74.36,71.97,71.97,87.50,87.50
Slovak Republic,SVK,20200520,3.00,1,2.00,0,2.00,1,3.00,1,1.00,1,1.00,1,1.00,1,4.00,2.00,0,2.00,0.00,0.00,2.00,1,1.00,2.00,0.00,0.00,,1495,28,73.15,73.15,83.33,83.33,74.36,74.36,71.97,71.97,87.50,87.50
Slovak Republic,SVK,20200521,3.00,1,2.00,0,2.00,1,3.00,1,1.00,1,1.00,1,1.00,1,4.00,2.00,0,2.00,0.00,0.00,2.00,1,1.00,2.00,0.00,0.00,,1496,28,73.15,73.15,83.33,83.33,74.36,74.36,71.97,71.97,87.50,87.50
Slovak Republic,SVK,20200522,3.00,1,2.00,0,2.00,1,3.00,1,1.00,1,1.00,1,1.00,1,4.00,2.00,0,2.00,0.00,0.00,2.00,1,1.00,2.00,0.00,0.00,,1502,28,73.15,73.15,83.33,83.33,74.36,74.36,71.97,71.97,87.50,87.50
Slovak Republic,SVK,20200523,3.00,1,2.00,0,2.00,1,3.00,1,1.00,1,1.00,1,1.00,1,4.00,2.00,0,2.00,0.00,0.00,2.00,1,1.00,2.00,0.00,0.00,,1503,28,73.15,73.15,83.33,83.33,74.36,74.36,71.97,71.97,87.50,87.50
Slovak Republic,SVK,20200524,3.00,1,2.00,0,2.00,1,3.00,1,1.00,1,1.00,1,1.00,1,4.00,2.00,0,2.00,0.00,0.00,2.00,1,1.00,2.00,0.00,0.00,,1504,28,73.15,73.15,83.33,83.33,74.36,74.36,71.97,71.97,87.50,87.50
Slovak Republic,SVK,20200525,3.00,1,2.00,0,2.00,1,3.00,1,1.00,1,1.00,1,1.00,1,4.00,2.00,0,2.00,0.00,0.00,2.00,1,1.00,2.00,0.00,0.00,,1509,28,73.15,73.15,83.33,83.33,74.36,74.36,71.97,71.97,87.50,87.50
Slovak Republic,SVK,20200526,3.00,1,2.00,0,2.00,1,3.00,1,1.00,1,1.00,1,1.00,1,4.00,2.00,0,2.00,0.00,0.00,2.00,1,1.00,2.00,0.00,0.00,,1511,28,73.15,73.15,83.33,83.33,74.36,74.36,71.97,71.97,87.50,87.50
Slovak Republic,SVK,20200527,3.00,1,2.00,0,2.00,1,3.00,1,1.00,1,1.00,1,1.00,1,4.00,2.00,0,2.00,0.00,0.00,2.00,1,1.00,2.00,0.00,0.00,,1513,28,73.15,73.15,83.33,83.33,74.36,74.36,71.97,71.97,87.50,87.50
Slovak Republic,SVK,20200528,3.00,1,2.00,0,2.00,1,3.00,1,1.00,1,1.00,1,1.00,1,4.00,2.00,0,2.00,0.00,0.00,2.00,1,1.00,2.00,0.00,0.00,,1515,28,73.15,73.15,83.33,83.33,74.36,74.36,71.97,71.97,87.50,87.50
Slovak Republic,SVK,20200529,3.00,1,2.00,0,2.00,1,3.00,1,1.00,1,1.00,1,1.00,1,4.00,2.00,0,2.00,0.00,0.00,2.00,1,1.00,2.00,0.00,0.00,,1520,28,73.15,73.15,83.33,83.33,74.36,74.36,71.97,71.97,87.50,87.50
Slovak Republic,SVK,20200530,3.00,1,2.00,0,2.00,1,3.00,1,1.00,1,1.00,1,1.00,1,4.00,2.00,0,2.00,0.00,0.00,2.00,1,1.00,2.00,0.00,0.00,,1520,28,73.15,73.15,83.33,83.33,74.36,74.36,71.97,71.97,87.50,87.50
Slovak Republic,SVK,20200531,3.00,1,2.00,0,2.00,1,3.00,1,1.00,1,1.00,1,1.00,1,4.00,2.00,0,2.00,0.00,0.00,2.00,1,1.00,2.00,0.00,0.00,,1521,28,73.15,73.15,83.33,83.33,74.36,74.36,71.97,71.97,87.50,87.50
Slovak Republic,SVK,20200601,2.00,1,2.00,0,2.00,1,3.00,1,1.00,1,1.00,1,1.00,1,4.00,2.00,0,2.00,0.00,0.00,2.00,1,1.00,2.00,0.00,0.00,,1522,28,69.44,69.44,79.76,79.76,71.79,71.79,68.94,68.94,87.50,87.50
Slovak Republic,SVK,20200602,2.00,1,2.00,0,2.00,1,3.00,1,1.00,1,1.00,1,1.00,1,4.00,2.00,0,2.00,0.00,0.00,2.00,1,1.00,2.00,0.00,0.00,,1522,28,69.44,69.44,79.76,79.76,71.79,71.79,68.94,68.94,87.50,87.50
Slovak Republic,SVK,20200603,2.00,1,0.00,,2.00,1,3.00,1,1.00,1,1.00,1,1.00,1,4.00,2.00,0,2.00,0.00,0.00,2.00,1,1.00,2.00,0.00,0.00,,1522,28,63.89,63.89,72.62,72.62,67.95,67.95,64.39,64.39,87.50,87.50
Slovak Republic,SVK,20200604,2.00,1,0.00,,2.00,1,3.00,1,1.00,1,1.00,1,1.00,1,4.00,2.00,0,2.00,0.00,0.00,2.00,1,1.00,2.00,0.00,0.00,,1525,28,63.89,63.89,72.62,72.62,67.95,67.95,64.39,64.39,87.50,87.50
Slovak Republic,SVK,20200605,2.00,1,0.00,,2.00,1,3.00,1,1.00,1,1.00,1,1.00,1,3.00,2.00,0,2.00,0.00,0.00,2.00,1,1.00,2.00,0.00,0.00,,1526,28,61.11,61.11,69.05,69.05,66.03,66.03,62.12,62.12,87.50,87.50
Slovak Republic,SVK,20200606,2.00,1,0.00,,2.00,1,3.00,1,1.00,1,1.00,1,1.00,1,3.00,2.00,0,2.00,0.00,0.00,2.00,1,1.00,2.00,0.00,0.00,,1526,28,61.11,61.11,69.05,69.05,66.03,66.03,62.12,62.12,87.50,87.50
Slovak Republic,SVK,20200607,2.00,1,0.00,,2.00,1,3.00,1,1.00,1,1.00,1,1.00,1,3.00,2.00,0,2.00,0.00,0.00,2.00,1,1.00,2.00,0.00,0.00,,1528,28,61.11,61.11,69.05,69.05,66.03,66.03,62.12,62.12,87.50,87.50
Slovak Republic,SVK,20200608,2.00,1,0.00,,2.00,1,3.00,1,1.00,1,1.00,1,1.00,1,3.00,2.00,0,2.00,0.00,0.00,2.00,1,1.00,2.00,0.00,0.00,,1528,28,61.11,61.11,69.05,69.05,66.03,66.03,62.12,62.12,87.50,87.50
Slovak Republic,SVK,20200609,2.00,1,0.00,,2.00,1,2.00,1,1.00,0,1.00,1,1.00,1,3.00,2.00,0,2.00,0.00,0.00,2.00,1,1.00,2.00,0.00,0.00,,1530,28,55.56,55.56,64.29,64.29,62.18,62.18,57.58,57.58,87.50,87.50
Slovak Republic,SVK,20200610,2.00,1,0.00,,2.00,1,2.00,1,1.00,0,1.00,1,1.00,1,3.00,2.00,0,2.00,0.00,0.00,2.00,1,1.00,2.00,0.00,0.00,,1531,28,55.56,55.56,64.29,64.29,62.18,62.18,57.58,57.58,87.50,87.50
Slovak Republic,SVK,20200611,2.00,1,0.00,,2.00,1,2.00,1,1.00,0,1.00,1,1.00,1,3.00,2.00,0,2.00,0.00,0.00,2.00,1,1.00,2.00,0.00,0.00,,1533,28,55.56,55.56,64.29,64.29,62.18,62.18,57.58,57.58,87.50,87.50
Slovak Republic,SVK,20200612,2.00,1,0.00,,2.00,1,2.00,1,1.00,0,1.00,1,1.00,1,3.00,2.00,0,2.00,0.00,0.00,2.00,1,1.00,2.00,0.00,0.00,,1541,28,55.56,55.56,64.29,64.29,62.18,62.18,57.58,57.58,87.50,87.50
Slovak Republic,SVK,20200613,2.00,1,0.00,,2.00,1,2.00,1,1.00,0,1.00,1,1.00,1,3.00,2.00,0,2.00,0.00,0.00,2.00,1,1.00,2.00,0.00,0.00,,1542,28,55.56,55.56,64.29,64.29,62.18,62.18,57.58,57.58,87.50,87.50
Slovak Republic,SVK,20200614,2.00,1,0.00,,2.00,1,2.00,1,1.00,0,0.00,,1.00,1,3.00,2.00,0,2.00,0.00,0.00,2.00,1,1.00,2.00,0.00,0.00,,1545,28,51.85,51.85,64.29,64.29,59.62,59.62,54.55,54.55,87.50,87.50
Slovak Republic,SVK,20200615,2.00,1,0.00,,2.00,1,2.00,1,1.00,0,0.00,,1.00,1,3.00,2.00,0,2.00,0.00,0.00,2.00,1,1.00,2.00,0.00,0.00,,1548,28,51.85,51.85,64.29,64.29,59.62,59.62,54.55,54.55,87.50,87.50
Slovak Republic,SVK,20200616,2.00,1,0.00,,2.00,1,2.00,1,1.00,0,0.00,,1.00,1,3.00,2.00,0,2.00,0.00,0.00,2.00,1,1.00,2.00,0.00,0.00,,1552,28,51.85,51.85,64.29,64.29,59.62,59.62,54.55,54.55,87.50,87.50
Slovak Republic,SVK,20200617,2.00,1,0.00,,2.00,1,2.00,1,1.00,0,0.00,,1.00,1,3.00,2.00,0,2.00,0.00,0.00,2.00,1,1.00,2.00,0.00,0.00,,1552,28,51.85,51.85,64.29,64.29,59.62,59.62,54.55,54.55,87.50,87.50
Slovak Republic,SVK,20200618,2.00,1,0.00,,2.00,1,2.00,1,1.00,0,0.00,,1.00,1,3.00,2.00,0,2.00,0.00,0.00,2.00,1,1.00,2.00,0.00,0.00,,1561,28,51.85,51.85,64.29,64.29,59.62,59.62,54.55,54.55,87.50,87.50
Slovak Republic,SVK,20200619,,,,,,,,,,,,,,,,,,,,,,,,,,,,1562,28,,51.85,,64.29,,59.62,,54.55,,87.50
Slovak Republic,SVK,20200620,,,,,,,,,,,,,,,,,,,,,,,,,,,,1576,28,,51.85,,64.29,,59.62,,54.55,,87.50
Slovak Republic,SVK,20200621,,,,,,,,,,,,,,,,,,,,,,,,,,,,1586,28,,51.85,,64.29,,59.62,,54.55,,87.50
Slovak Republic,SVK,20200622,,,,,,,,,,,,,,,,,,,,,,,,,,,,1587,28,,51.85,,64.29,,59.62,,54.55,,87.50
Slovak Republic,SVK,20200623,,,,,,,,,,,,,,,,,,,,,,,,,,,,1588,28,,51.85,,64.29,,59.62,,54.55,,87.50
