Slovenia,SVN,20200101,0.00,,0.00,,0.00,,0.00,,0.00,,0.00,,0.00,,0.00,0.00,,0.00,0.00,0.00,0.00,,0.00,0.00,0.00,0.00,,,,0.00,0.00,0.00,0.00,0.00,0.00,0.00,0.00,0.00,0.00
Slovenia,SVN,20200102,0.00,,0.00,,0.00,,0.00,,0.00,,0.00,,0.00,,0.00,0.00,,0.00,0.00,0.00,0.00,,0.00,0.00,0.00,0.00,,,,0.00,0.00,0.00,0.00,0.00,0.00,0.00,0.00,0.00,0.00
Slovenia,SVN,20200103,0.00,,0.00,,0.00,,0.00,,0.00,,0.00,,0.00,,0.00,0.00,,0.00,0.00,0.00,0.00,,0.00,0.00,0.00,0.00,,,,0.00,0.00,0.00,0.00,0.00,0.00,0.00,0.00,0.00,0.00
Slovenia,SVN,20200104,0.00,,0.00,,0.00,,0.00,,0.00,,0.00,,0.00,,0.00,0.00,,0.00,0.00,0.00,0.00,,0.00,0.00,0.00,0.00,,,,0.00,0.00,0.00,0.00,0.00,0.00,0.00,0.00,0.00,0.00
Slovenia,SVN,20200105,0.00,,0.00,,0.00,,0.00,,0.00,,0.00,,0.00,,0.00,0.00,,0.00,0.00,0.00,0.00,,0.00,0.00,0.00,0.00,,,,0.00,0.00,0.00,0.00,0.00,0.00,0.00,0.00,0.00,0.00
Slovenia,SVN,20200106,0.00,,0.00,,0.00,,0.00,,0.00,,0.00,,0.00,,0.00,0.00,,0.00,0.00,0.00,0.00,,0.00,0.00,0.00,0.00,,,,0.00,0.00,0.00,0.00,0.00,0.00,0.00,0.00,0.00,0.00
Slovenia,SVN,20200107,0.00,,0.00,,0.00,,0.00,,0.00,,0.00,,0.00,,0.00,0.00,,0.00,0.00,0.00,0.00,,0.00,0.00,0.00,0.00,,,,0.00,0.00,0.00,0.00,0.00,0.00,0.00,0.00,0.00,0.00
Slovenia,SVN,20200108,0.00,,0.00,,0.00,,0.00,,0.00,,0.00,,0.00,,0.00,0.00,,0.00,0.00,0.00,0.00,,0.00,0.00,0.00,0.00,,,,0.00,0.00,0.00,0.00,0.00,0.00,0.00,0.00,0.00,0.00
Slovenia,SVN,20200109,0.00,,0.00,,0.00,,0.00,,0.00,,0.00,,0.00,,0.00,0.00,,0.00,0.00,0.00,0.00,,0.00,0.00,0.00,0.00,,,,0.00,0.00,0.00,0.00,0.00,0.00,0.00,0.00,0.00,0.00
Slovenia,SVN,20200110,0.00,,0.00,,0.00,,0.00,,0.00,,0.00,,0.00,,0.00,0.00,,0.00,0.00,0.00,0.00,,0.00,0.00,0.00,0.00,,,,0.00,0.00,0.00,0.00,0.00,0.00,0.00,0.00,0.00,0.00
Slovenia,SVN,20200111,0.00,,0.00,,0.00,,0.00,,0.00,,0.00,,0.00,,0.00,0.00,,0.00,0.00,0.00,0.00,,0.00,0.00,0.00,0.00,,,,0.00,0.00,0.00,0.00,0.00,0.00,0.00,0.00,0.00,0.00
Slovenia,SVN,20200112,0.00,,0.00,,0.00,,0.00,,0.00,,0.00,,0.00,,0.00,0.00,,0.00,0.00,0.00,0.00,,0.00,0.00,0.00,0.00,,,,0.00,0.00,0.00,0.00,0.00,0.00,0.00,0.00,0.00,0.00
Slovenia,SVN,20200113,0.00,,0.00,,0.00,,0.00,,0.00,,0.00,,0.00,,0.00,0.00,,0.00,0.00,0.00,0.00,,0.00,0.00,0.00,0.00,,,,0.00,0.00,0.00,0.00,0.00,0.00,0.00,0.00,0.00,0.00
Slovenia,SVN,20200114,0.00,,0.00,,0.00,,0.00,,0.00,,0.00,,0.00,,0.00,0.00,,0.00,0.00,0.00,0.00,,0.00,0.00,0.00,0.00,,,,0.00,0.00,0.00,0.00,0.00,0.00,0.00,0.00,0.00,0.00
Slovenia,SVN,20200115,0.00,,0.00,,0.00,,0.00,,0.00,,0.00,,0.00,,0.00,0.00,,0.00,0.00,0.00,0.00,,0.00,0.00,0.00,0.00,,,,0.00,0.00,0.00,0.00,0.00,0.00,0.00,0.00,0.00,0.00
Slovenia,SVN,20200116,0.00,,0.00,,0.00,,0.00,,0.00,,0.00,,0.00,,0.00,0.00,,0.00,0.00,0.00,0.00,,0.00,0.00,0.00,0.00,,,,0.00,0.00,0.00,0.00,0.00,0.00,0.00,0.00,0.00,0.00
Slovenia,SVN,20200117,0.00,,0.00,,0.00,,0.00,,0.00,,0.00,,0.00,,0.00,0.00,,0.00,0.00,0.00,0.00,,0.00,0.00,0.00,0.00,,,,0.00,0.00,0.00,0.00,0.00,0.00,0.00,0.00,0.00,0.00
Slovenia,SVN,20200118,0.00,,0.00,,0.00,,0.00,,0.00,,0.00,,0.00,,0.00,0.00,,0.00,0.00,0.00,0.00,,0.00,0.00,0.00,0.00,,,,0.00,0.00,0.00,0.00,0.00,0.00,0.00,0.00,0.00,0.00
Slovenia,SVN,20200119,0.00,,0.00,,0.00,,0.00,,0.00,,0.00,,0.00,,0.00,0.00,,0.00,0.00,0.00,0.00,,0.00,0.00,0.00,0.00,,,,0.00,0.00,0.00,0.00,0.00,0.00,0.00,0.00,0.00,0.00
Slovenia,SVN,20200120,0.00,,0.00,,0.00,,0.00,,0.00,,0.00,,0.00,,0.00,0.00,,0.00,0.00,0.00,0.00,,0.00,0.00,0.00,0.00,,,,0.00,0.00,0.00,0.00,0.00,0.00,0.00,0.00,0.00,0.00
Slovenia,SVN,20200121,0.00,,0.00,,0.00,,0.00,,0.00,,0.00,,0.00,,0.00,0.00,,0.00,0.00,0.00,0.00,,0.00,0.00,0.00,0.00,,,,0.00,0.00,0.00,0.00,0.00,0.00,0.00,0.00,0.00,0.00
Slovenia,SVN,20200122,0.00,,0.00,,0.00,,0.00,,0.00,,0.00,,0.00,,0.00,0.00,,0.00,0.00,0.00,0.00,,0.00,0.00,0.00,0.00,,,,0.00,0.00,0.00,0.00,0.00,0.00,0.00,0.00,0.00,0.00
Slovenia,SVN,20200123,0.00,,0.00,,0.00,,0.00,,0.00,,0.00,,0.00,,0.00,0.00,,0.00,0.00,0.00,0.00,,0.00,0.00,0.00,0.00,,,,0.00,0.00,0.00,0.00,0.00,0.00,0.00,0.00,0.00,0.00
Slovenia,SVN,20200124,0.00,,0.00,,0.00,,0.00,,0.00,,0.00,,0.00,,0.00,0.00,,0.00,0.00,0.00,0.00,,0.00,0.00,0.00,0.00,,,,0.00,0.00,0.00,0.00,0.00,0.00,0.00,0.00,0.00,0.00
Slovenia,SVN,20200125,0.00,,0.00,,0.00,,0.00,,0.00,,0.00,,0.00,,0.00,0.00,,0.00,0.00,0.00,0.00,,0.00,0.00,0.00,0.00,,,,0.00,0.00,0.00,0.00,0.00,0.00,0.00,0.00,0.00,0.00
Slovenia,SVN,20200126,0.00,,0.00,,0.00,,0.00,,0.00,,0.00,,0.00,,0.00,0.00,,0.00,0.00,0.00,0.00,,0.00,0.00,0.00,0.00,,,,0.00,0.00,0.00,0.00,0.00,0.00,0.00,0.00,0.00,0.00
Slovenia,SVN,20200127,0.00,,0.00,,0.00,,0.00,,0.00,,0.00,,0.00,,0.00,0.00,,0.00,0.00,0.00,0.00,,0.00,0.00,0.00,0.00,,,,0.00,0.00,0.00,0.00,0.00,0.00,0.00,0.00,0.00,0.00
Slovenia,SVN,20200128,0.00,,0.00,,0.00,,0.00,,0.00,,0.00,,0.00,,0.00,0.00,,0.00,0.00,0.00,0.00,,0.00,0.00,0.00,0.00,,,,0.00,0.00,0.00,0.00,0.00,0.00,0.00,0.00,0.00,0.00
Slovenia,SVN,20200129,0.00,,0.00,,0.00,,0.00,,0.00,,0.00,,0.00,,0.00,0.00,,0.00,0.00,0.00,0.00,,0.00,0.00,0.00,0.00,,,,0.00,0.00,0.00,0.00,0.00,0.00,0.00,0.00,0.00,0.00
Slovenia,SVN,20200130,0.00,,0.00,,0.00,,0.00,,0.00,,0.00,,0.00,,0.00,0.00,,0.00,0.00,0.00,0.00,,0.00,0.00,0.00,0.00,,,,0.00,0.00,0.00,0.00,0.00,0.00,0.00,0.00,0.00,0.00
Slovenia,SVN,20200131,0.00,,0.00,,0.00,,0.00,,0.00,,0.00,,0.00,,0.00,0.00,,0.00,0.00,0.00,0.00,,0.00,0.00,0.00,0.00,,,,0.00,0.00,0.00,0.00,0.00,0.00,0.00,0.00,0.00,0.00
Slovenia,SVN,20200201,0.00,,0.00,,0.00,,0.00,,0.00,,0.00,,0.00,,0.00,0.00,,0.00,0.00,0.00,0.00,,0.00,0.00,0.00,0.00,,,,0.00,0.00,0.00,0.00,0.00,0.00,0.00,0.00,0.00,0.00
Slovenia,SVN,20200202,0.00,,0.00,,0.00,,0.00,,0.00,,0.00,,0.00,,0.00,0.00,,0.00,0.00,0.00,0.00,,0.00,0.00,0.00,0.00,,,,0.00,0.00,0.00,0.00,0.00,0.00,0.00,0.00,0.00,0.00
Slovenia,SVN,20200203,0.00,,0.00,,0.00,,0.00,,0.00,,0.00,,0.00,,0.00,0.00,,0.00,0.00,0.00,0.00,,0.00,0.00,0.00,0.00,,,,0.00,0.00,0.00,0.00,0.00,0.00,0.00,0.00,0.00,0.00
Slovenia,SVN,20200204,0.00,,0.00,,0.00,,0.00,,0.00,,0.00,,0.00,,0.00,0.00,,0.00,0.00,0.00,0.00,,0.00,0.00,0.00,0.00,,,,0.00,0.00,0.00,0.00,0.00,0.00,0.00,0.00,0.00,0.00
Slovenia,SVN,20200205,0.00,,0.00,,0.00,,0.00,,0.00,,0.00,,0.00,,0.00,0.00,,0.00,0.00,0.00,0.00,,0.00,0.00,0.00,0.00,,,,0.00,0.00,0.00,0.00,0.00,0.00,0.00,0.00,0.00,0.00
Slovenia,SVN,20200206,0.00,,0.00,,0.00,,0.00,,0.00,,0.00,,0.00,,0.00,0.00,,0.00,0.00,0.00,0.00,,0.00,0.00,0.00,0.00,,,,0.00,0.00,0.00,0.00,0.00,0.00,0.00,0.00,0.00,0.00
Slovenia,SVN,20200207,0.00,,0.00,,0.00,,0.00,,0.00,,0.00,,0.00,,0.00,0.00,,0.00,0.00,0.00,0.00,,0.00,0.00,0.00,0.00,,,,0.00,0.00,0.00,0.00,0.00,0.00,0.00,0.00,0.00,0.00
Slovenia,SVN,20200208,0.00,,0.00,,0.00,,0.00,,0.00,,0.00,,0.00,,0.00,0.00,,0.00,0.00,0.00,0.00,,0.00,0.00,0.00,0.00,,,,0.00,0.00,0.00,0.00,0.00,0.00,0.00,0.00,0.00,0.00
Slovenia,SVN,20200209,0.00,,0.00,,0.00,,0.00,,0.00,,0.00,,0.00,,0.00,0.00,,0.00,0.00,0.00,0.00,,0.00,0.00,0.00,0.00,,,,0.00,0.00,0.00,0.00,0.00,0.00,0.00,0.00,0.00,0.00
Slovenia,SVN,20200210,0.00,,0.00,,0.00,,0.00,,0.00,,0.00,,0.00,,0.00,0.00,,0.00,0.00,0.00,0.00,,0.00,0.00,0.00,0.00,,,,0.00,0.00,0.00,0.00,0.00,0.00,0.00,0.00,0.00,0.00
Slovenia,SVN,20200211,0.00,,0.00,,0.00,,0.00,,0.00,,0.00,,0.00,,0.00,0.00,,0.00,0.00,0.00,0.00,,0.00,0.00,0.00,0.00,,,,0.00,0.00,0.00,0.00,0.00,0.00,0.00,0.00,0.00,0.00
Slovenia,SVN,20200212,0.00,,0.00,,0.00,,0.00,,0.00,,0.00,,0.00,,0.00,0.00,,0.00,0.00,0.00,0.00,,0.00,0.00,0.00,0.00,,,,0.00,0.00,0.00,0.00,0.00,0.00,0.00,0.00,0.00,0.00
Slovenia,SVN,20200213,0.00,,0.00,,0.00,,0.00,,0.00,,0.00,,0.00,,0.00,0.00,,0.00,0.00,0.00,0.00,,0.00,0.00,0.00,0.00,,,,0.00,0.00,0.00,0.00,0.00,0.00,0.00,0.00,0.00,0.00
Slovenia,SVN,20200214,0.00,,0.00,,0.00,,0.00,,0.00,,0.00,,0.00,,0.00,0.00,,0.00,0.00,0.00,0.00,,0.00,0.00,0.00,0.00,,,,0.00,0.00,0.00,0.00,0.00,0.00,0.00,0.00,0.00,0.00
Slovenia,SVN,20200215,0.00,,0.00,,0.00,,0.00,,0.00,,0.00,,0.00,,0.00,0.00,,0.00,0.00,0.00,0.00,,0.00,0.00,0.00,0.00,,,,0.00,0.00,0.00,0.00,0.00,0.00,0.00,0.00,0.00,0.00
Slovenia,SVN,20200216,0.00,,0.00,,0.00,,0.00,,0.00,,0.00,,0.00,,0.00,0.00,,0.00,0.00,0.00,0.00,,0.00,0.00,0.00,0.00,,,,0.00,0.00,0.00,0.00,0.00,0.00,0.00,0.00,0.00,0.00
Slovenia,SVN,20200217,0.00,,0.00,,0.00,,0.00,,0.00,,0.00,,0.00,,0.00,0.00,,0.00,0.00,0.00,0.00,,0.00,0.00,0.00,0.00,,,,0.00,0.00,0.00,0.00,0.00,0.00,0.00,0.00,0.00,0.00
Slovenia,SVN,20200218,0.00,,0.00,,0.00,,0.00,,0.00,,0.00,,0.00,,0.00,0.00,,0.00,0.00,0.00,0.00,,0.00,0.00,0.00,0.00,,,,0.00,0.00,0.00,0.00,0.00,0.00,0.00,0.00,0.00,0.00
Slovenia,SVN,20200219,0.00,,0.00,,0.00,,0.00,,0.00,,0.00,,0.00,,0.00,0.00,,0.00,0.00,0.00,0.00,,0.00,0.00,0.00,0.00,,,,0.00,0.00,0.00,0.00,0.00,0.00,0.00,0.00,0.00,0.00
Slovenia,SVN,20200220,0.00,,0.00,,0.00,,0.00,,0.00,,0.00,,0.00,,0.00,0.00,,0.00,0.00,0.00,0.00,,0.00,0.00,0.00,0.00,,,,0.00,0.00,0.00,0.00,0.00,0.00,0.00,0.00,0.00,0.00
Slovenia,SVN,20200221,0.00,,0.00,,0.00,,0.00,,0.00,,0.00,,0.00,,0.00,0.00,,0.00,0.00,0.00,0.00,,0.00,0.00,0.00,0.00,,,,0.00,0.00,0.00,0.00,0.00,0.00,0.00,0.00,0.00,0.00
Slovenia,SVN,20200222,0.00,,0.00,,0.00,,0.00,,0.00,,0.00,,0.00,,0.00,0.00,,0.00,0.00,0.00,0.00,,0.00,0.00,0.00,0.00,,,,0.00,0.00,0.00,0.00,0.00,0.00,0.00,0.00,0.00,0.00
Slovenia,SVN,20200223,0.00,,0.00,,0.00,,0.00,,0.00,,0.00,,0.00,,0.00,0.00,,0.00,0.00,0.00,0.00,,0.00,0.00,0.00,0.00,,,,0.00,0.00,0.00,0.00,0.00,0.00,0.00,0.00,0.00,0.00
Slovenia,SVN,20200224,0.00,,0.00,,0.00,,0.00,,0.00,,0.00,,0.00,,0.00,0.00,,0.00,0.00,0.00,0.00,,0.00,0.00,0.00,0.00,,,,0.00,0.00,0.00,0.00,0.00,0.00,0.00,0.00,0.00,0.00
Slovenia,SVN,20200225,0.00,,0.00,,0.00,,0.00,,0.00,,0.00,,0.00,,0.00,0.00,,0.00,0.00,0.00,0.00,,0.00,0.00,0.00,0.00,,,,0.00,0.00,0.00,0.00,0.00,0.00,0.00,0.00,0.00,0.00
Slovenia,SVN,20200226,0.00,,0.00,,0.00,,0.00,,0.00,,0.00,,0.00,,0.00,0.00,,0.00,0.00,0.00,0.00,,0.00,0.00,0.00,0.00,,,,0.00,0.00,0.00,0.00,0.00,0.00,0.00,0.00,0.00,0.00
Slovenia,SVN,20200227,0.00,,0.00,,0.00,,0.00,,0.00,,0.00,,0.00,,0.00,0.00,,0.00,0.00,0.00,0.00,,0.00,0.00,0.00,0.00,,,,0.00,0.00,0.00,0.00,0.00,0.00,0.00,0.00,0.00,0.00
Slovenia,SVN,20200228,0.00,,0.00,,0.00,,0.00,,0.00,,0.00,,0.00,,0.00,0.00,,0.00,0.00,0.00,0.00,,0.00,0.00,0.00,0.00,,,,0.00,0.00,0.00,0.00,0.00,0.00,0.00,0.00,0.00,0.00
Slovenia,SVN,20200229,0.00,,0.00,,0.00,,0.00,,0.00,,0.00,,0.00,,0.00,0.00,,0.00,0.00,0.00,0.00,,0.00,0.00,0.00,0.00,,,,0.00,0.00,0.00,0.00,0.00,0.00,0.00,0.00,0.00,0.00
Slovenia,SVN,20200301,0.00,,0.00,,0.00,,0.00,,0.00,,0.00,,0.00,,0.00,0.00,,0.00,0.00,0.00,0.00,,0.00,0.00,0.00,0.00,,,,0.00,0.00,0.00,0.00,0.00,0.00,0.00,0.00,0.00,0.00
Slovenia,SVN,20200302,0.00,,0.00,,0.00,,0.00,,0.00,,0.00,,0.00,,0.00,0.00,,0.00,0.00,0.00,0.00,,0.00,0.00,0.00,0.00,,,,0.00,0.00,0.00,0.00,0.00,0.00,0.00,0.00,0.00,0.00
Slovenia,SVN,20200303,0.00,,0.00,,0.00,,0.00,,0.00,,0.00,,0.00,,0.00,0.00,,0.00,0.00,0.00,0.00,,0.00,0.00,0.00,0.00,,,,0.00,0.00,0.00,0.00,0.00,0.00,0.00,0.00,0.00,0.00
Slovenia,SVN,20200304,0.00,,0.00,,0.00,,0.00,,0.00,,0.00,,0.00,,0.00,0.00,,0.00,0.00,0.00,2.00,1,2.00,2.00,0.00,0.00,,,,11.11,11.11,14.29,14.29,20.51,20.51,24.24,24.24,0.00,0.00
Slovenia,SVN,20200305,0.00,,0.00,,0.00,,0.00,,0.00,,0.00,,0.00,,0.00,0.00,,0.00,0.00,0.00,2.00,1,2.00,2.00,0.00,0.00,,1,0,11.11,11.11,14.29,14.29,20.51,20.51,24.24,24.24,0.00,0.00
Slovenia,SVN,20200306,0.00,,0.00,,0.00,,0.00,,0.00,,0.00,,0.00,,0.00,0.00,,0.00,0.00,0.00,2.00,1,2.00,2.00,0.00,0.00,,6,0,11.11,11.11,14.29,14.29,20.51,20.51,24.24,24.24,0.00,0.00
Slovenia,SVN,20200307,0.00,,0.00,,0.00,,2.00,1,0.00,,0.00,,0.00,,0.00,0.00,,0.00,0.00,0.00,2.00,1,2.00,2.00,0.00,0.00,,9,0,16.67,16.67,22.86,22.86,24.36,24.36,28.79,28.79,0.00,0.00
Slovenia,SVN,20200308,0.00,,0.00,,0.00,,2.00,1,0.00,,0.00,,0.00,,0.00,0.00,,0.00,0.00,0.00,2.00,1,2.00,2.00,0.00,0.00,,12,0,16.67,16.67,22.86,22.86,24.36,24.36,28.79,28.79,0.00,0.00
Slovenia,SVN,20200309,0.00,,0.00,,0.00,,2.00,1,0.00,,0.00,,0.00,,0.00,0.00,,0.00,0.00,0.00,2.00,1,2.00,2.00,0.00,0.00,,16,0,16.67,16.67,22.86,22.86,24.36,24.36,28.79,28.79,0.00,0.00
Slovenia,SVN,20200310,0.00,,0.00,,0.00,,2.00,1,0.00,,0.00,,0.00,,3.00,0.00,,0.00,0.00,0.00,2.00,1,2.00,2.00,0.00,0.00,,,,25.00,25.00,33.57,33.57,30.13,30.13,35.61,35.61,0.00,0.00
Slovenia,SVN,20200311,0.00,,0.00,,0.00,,2.00,1,0.00,,0.00,,0.00,,3.00,0.00,,0.00,0.00,0.00,2.00,1,2.00,2.00,0.00,0.00,,31,0,25.00,25.00,33.57,33.57,30.13,30.13,35.61,35.61,0.00,0.00
Slovenia,SVN,20200312,0.00,,0.00,,0.00,,2.00,1,0.00,,0.00,,0.00,,3.00,0.00,,0.00,0.00,0.00,2.00,1,2.00,2.00,0.00,0.00,,57,0,25.00,25.00,33.57,33.57,30.13,30.13,35.61,35.61,0.00,0.00
Slovenia,SVN,20200313,0.00,,0.00,,0.00,,2.00,1,0.00,,0.00,,0.00,,3.00,0.00,,0.00,3325569569.00,0.00,2.00,1,2.00,2.00,0.00,0.00,,96,0,25.00,25.00,33.57,33.57,30.13,30.13,35.61,35.61,0.00,0.00
Slovenia,SVN,20200314,0.00,,0.00,,0.00,,2.00,1,0.00,,1.00,1,0.00,,3.00,0.00,,0.00,0.00,0.00,2.00,1,2.00,2.00,0.00,0.00,,141,0,28.70,28.70,40.71,40.71,32.69,32.69,38.64,38.64,0.00,0.00
Slovenia,SVN,20200315,0.00,,0.00,,0.00,,2.00,1,0.00,,1.00,1,0.00,,3.00,0.00,,0.00,0.00,0.00,2.00,1,2.00,2.00,0.00,0.00,,181,0,28.70,28.70,40.71,40.71,32.69,32.69,38.64,38.64,0.00,0.00
Slovenia,SVN,20200316,3.00,1,0.00,,0.00,,2.00,1,2.00,1,1.00,1,0.00,,3.00,0.00,,0.00,0.00,0.00,2.00,1,2.00,2.00,0.00,0.00,,219,0,50.93,50.93,69.29,69.29,48.08,48.08,56.82,56.82,0.00,0.00
Slovenia,SVN,20200317,3.00,1,0.00,,0.00,,2.00,1,2.00,1,1.00,1,0.00,,3.00,0.00,,0.00,0.00,0.00,2.00,1,2.00,2.00,0.00,0.00,,253,0,50.93,50.93,69.29,69.29,48.08,48.08,56.82,56.82,0.00,0.00
Slovenia,SVN,20200318,3.00,1,0.00,,0.00,,2.00,1,2.00,1,1.00,1,0.00,,3.00,0.00,,0.00,0.00,0.00,2.00,1,2.00,2.00,0.00,0.00,,275,1,50.93,50.93,69.29,69.29,48.08,48.08,56.82,56.82,0.00,0.00
Slovenia,SVN,20200319,3.00,1,0.00,,2.00,1,4.00,1,2.00,1,1.00,1,0.00,,3.00,0.00,,2.00,0.00,0.00,2.00,1,2.00,2.00,0.00,0.00,,286,1,67.59,67.59,75.00,75.00,67.31,67.31,70.45,70.45,50.00,50.00
Slovenia,SVN,20200320,3.00,1,3.00,1,2.00,1,4.00,1,2.00,1,1.00,1,0.00,,3.00,0.00,,2.00,0.00,0.00,2.00,1,2.00,2.00,0.00,1067576.52,,319,1,78.70,78.70,89.29,89.29,75.00,75.00,79.55,79.55,50.00,50.00
Slovenia,SVN,20200321,3.00,1,3.00,1,2.00,1,4.00,1,2.00,1,1.00,1,0.00,,3.00,0.00,,2.00,0.00,0.00,2.00,1,2.00,2.00,0.00,0.00,,341,1,78.70,78.70,89.29,89.29,75.00,75.00,79.55,79.55,50.00,50.00
Slovenia,SVN,20200322,3.00,1,3.00,1,2.00,1,4.00,1,2.00,1,1.00,1,0.00,,3.00,0.00,,2.00,0.00,0.00,2.00,1,2.00,2.00,0.00,0.00,,383,1,78.70,78.70,89.29,89.29,75.00,75.00,79.55,79.55,50.00,50.00
Slovenia,SVN,20200323,3.00,1,3.00,1,2.00,1,4.00,1,2.00,1,1.00,1,0.00,,3.00,0.00,,2.00,0.00,0.00,2.00,1,2.00,2.00,0.00,0.00,,414,1,78.70,78.70,89.29,89.29,75.00,75.00,79.55,79.55,50.00,50.00
Slovenia,SVN,20200324,3.00,1,3.00,1,2.00,1,4.00,1,2.00,1,1.00,1,0.00,,3.00,0.00,,2.00,0.00,0.00,2.00,1,2.00,2.00,0.00,0.00,,442,1,78.70,78.70,89.29,89.29,75.00,75.00,79.55,79.55,50.00,50.00
Slovenia,SVN,20200325,3.00,1,3.00,1,2.00,1,4.00,1,2.00,1,1.00,1,0.00,,3.00,0.00,,2.00,0.00,0.00,2.00,1,2.00,2.00,0.00,0.00,,480,3,78.70,78.70,89.29,89.29,75.00,75.00,79.55,79.55,50.00,50.00
Slovenia,SVN,20200326,3.00,1,3.00,1,2.00,1,4.00,1,2.00,1,1.00,1,0.00,,3.00,0.00,,2.00,0.00,0.00,2.00,1,2.00,2.00,0.00,0.00,,528,4,78.70,78.70,89.29,89.29,75.00,75.00,79.55,79.55,50.00,50.00
Slovenia,SVN,20200327,3.00,1,3.00,1,2.00,1,4.00,1,2.00,1,1.00,1,0.00,,3.00,0.00,,2.00,0.00,0.00,2.00,1,2.00,2.00,0.00,0.00,,577,5,78.70,78.70,89.29,89.29,75.00,75.00,79.55,79.55,50.00,50.00
Slovenia,SVN,20200328,3.00,1,3.00,1,2.00,1,4.00,1,2.00,1,1.00,1,0.00,,3.00,0.00,,2.00,0.00,0.00,2.00,1,2.00,2.00,0.00,0.00,,632,9,78.70,78.70,89.29,89.29,75.00,75.00,79.55,79.55,50.00,50.00
Slovenia,SVN,20200329,3.00,1,3.00,1,2.00,1,4.00,1,2.00,1,1.00,1,0.00,,3.00,0.00,,2.00,0.00,0.00,2.00,1,2.00,2.00,0.00,0.00,,691,9,78.70,78.70,89.29,89.29,75.00,75.00,79.55,79.55,50.00,50.00
Slovenia,SVN,20200330,3.00,1,3.00,1,2.00,1,4.00,1,2.00,1,1.00,1,2.00,1,3.00,1.00,1,2.00,0.00,0.00,2.00,1,2.00,2.00,0.00,0.00,,730,11,89.81,89.81,96.43,96.43,86.54,86.54,88.64,88.64,75.00,75.00
Slovenia,SVN,20200331,3.00,1,3.00,1,2.00,1,4.00,1,2.00,1,1.00,1,2.00,1,3.00,1.00,1,2.00,0.00,0.00,2.00,1,2.00,2.00,0.00,0.00,,763,11,89.81,89.81,96.43,96.43,86.54,86.54,88.64,88.64,75.00,75.00
Slovenia,SVN,20200401,3.00,1,3.00,1,2.00,1,4.00,1,2.00,1,1.00,1,2.00,1,3.00,1.00,1,2.00,0.00,0.00,2.00,1,2.00,2.00,0.00,0.00,,814,13,89.81,89.81,96.43,96.43,86.54,86.54,88.64,88.64,75.00,75.00
Slovenia,SVN,20200402,3.00,1,3.00,1,2.00,1,4.00,1,2.00,1,1.00,1,2.00,1,3.00,1.00,1,2.00,0.00,0.00,2.00,1,2.00,2.00,0.00,0.00,,841,15,89.81,89.81,96.43,96.43,86.54,86.54,88.64,88.64,75.00,75.00
Slovenia,SVN,20200403,3.00,1,3.00,1,2.00,1,4.00,1,2.00,1,1.00,1,2.00,1,3.00,1.00,1,2.00,0.00,,2.00,1,2.00,2.00,0.00,0.00,,897,16,89.81,89.81,96.43,96.43,86.54,86.54,88.64,88.64,75.00,75.00
Slovenia,SVN,20200404,3.00,1,3.00,1,2.00,1,4.00,1,2.00,1,1.00,1,2.00,1,3.00,1.00,1,2.00,0.00,0.00,2.00,1,2.00,2.00,0.00,0.00,,934,20,89.81,89.81,96.43,96.43,86.54,86.54,88.64,88.64,75.00,75.00
Slovenia,SVN,20200405,3.00,1,3.00,1,2.00,1,4.00,1,2.00,1,1.00,1,2.00,1,3.00,1.00,1,2.00,0.00,0.00,2.00,1,2.00,2.00,0.00,0.00,,977,22,89.81,89.81,96.43,96.43,86.54,86.54,88.64,88.64,75.00,75.00
Slovenia,SVN,20200406,3.00,1,3.00,1,2.00,1,4.00,1,2.00,1,1.00,1,2.00,1,3.00,1.00,1,2.00,0.00,0.00,2.00,1,2.00,2.00,0.00,0.00,,997,28,89.81,89.81,96.43,96.43,86.54,86.54,88.64,88.64,75.00,75.00
Slovenia,SVN,20200407,3.00,1,3.00,1,2.00,1,4.00,1,2.00,1,1.00,1,2.00,1,3.00,1.00,1,2.00,0.00,0.00,2.00,1,2.00,2.00,0.00,0.00,,1021,30,89.81,89.81,96.43,96.43,86.54,86.54,88.64,88.64,75.00,75.00
Slovenia,SVN,20200408,3.00,1,3.00,1,2.00,1,4.00,1,2.00,1,1.00,1,2.00,1,3.00,1.00,1,2.00,0.00,0.00,2.00,1,2.00,2.00,0.00,0.00,,1055,36,89.81,89.81,96.43,96.43,86.54,86.54,88.64,88.64,75.00,75.00
Slovenia,SVN,20200409,3.00,1,3.00,1,2.00,1,4.00,1,2.00,1,1.00,1,2.00,1,3.00,1.00,1,2.00,0.00,0.00,2.00,1,2.00,2.00,0.00,0.00,,1091,40,89.81,89.81,96.43,96.43,86.54,86.54,88.64,88.64,75.00,75.00
Slovenia,SVN,20200410,3.00,1,3.00,1,2.00,1,4.00,1,2.00,1,1.00,1,2.00,1,3.00,1.00,1,2.00,0.00,,2.00,1,2.00,2.00,0.00,0.00,,1124,43,89.81,89.81,96.43,96.43,86.54,86.54,88.64,88.64,75.00,75.00
Slovenia,SVN,20200411,3.00,1,3.00,1,2.00,1,4.00,1,2.00,1,1.00,1,2.00,1,3.00,1.00,1,2.00,0.00,0.00,2.00,1,2.00,2.00,0.00,0.00,,1160,45,89.81,89.81,96.43,96.43,86.54,86.54,88.64,88.64,75.00,75.00
Slovenia,SVN,20200412,3.00,1,3.00,1,2.00,1,4.00,1,2.00,1,1.00,1,2.00,1,3.00,1.00,1,2.00,0.00,0.00,2.00,1,2.00,2.00,0.00,0.00,,1188,50,89.81,89.81,96.43,96.43,86.54,86.54,88.64,88.64,75.00,75.00
Slovenia,SVN,20200413,3.00,1,3.00,1,2.00,1,4.00,1,2.00,1,1.00,1,2.00,1,3.00,1.00,1,2.00,0.00,0.00,2.00,1,2.00,2.00,0.00,0.00,,1205,53,89.81,89.81,96.43,96.43,86.54,86.54,88.64,88.64,75.00,75.00
Slovenia,SVN,20200414,3.00,1,3.00,1,2.00,1,4.00,1,2.00,1,1.00,1,2.00,1,3.00,1.00,1,2.00,0.00,0.00,2.00,1,2.00,2.00,0.00,0.00,,1212,55,89.81,89.81,96.43,96.43,86.54,86.54,88.64,88.64,75.00,75.00
Slovenia,SVN,20200415,3.00,1,3.00,1,2.00,1,4.00,1,2.00,1,1.00,1,2.00,1,3.00,1.00,1,2.00,0.00,,2.00,1,2.00,2.00,0.00,0.00,,1220,56,89.81,89.81,96.43,96.43,86.54,86.54,88.64,88.64,75.00,75.00
Slovenia,SVN,20200416,3.00,1,3.00,1,2.00,1,4.00,1,2.00,1,1.00,1,2.00,1,3.00,1.00,1,2.00,0.00,0.00,2.00,1,2.00,2.00,0.00,0.00,,1248,61,89.81,89.81,96.43,96.43,86.54,86.54,88.64,88.64,75.00,75.00
Slovenia,SVN,20200417,3.00,1,3.00,1,2.00,1,4.00,1,2.00,1,1.00,1,2.00,1,3.00,1.00,1,2.00,0.00,0.00,2.00,1,2.00,2.00,0.00,0.00,,1268,61,89.81,89.81,96.43,96.43,86.54,86.54,88.64,88.64,75.00,75.00
Slovenia,SVN,20200418,3.00,1,3.00,1,2.00,1,4.00,1,2.00,1,1.00,1,2.00,1,3.00,1.00,1,2.00,0.00,0.00,2.00,1,2.00,2.00,0.00,0.00,,1304,66,89.81,89.81,96.43,96.43,86.54,86.54,88.64,88.64,75.00,75.00
Slovenia,SVN,20200419,3.00,1,3.00,1,2.00,1,4.00,1,2.00,1,1.00,1,2.00,1,3.00,1.00,1,2.00,0.00,0.00,2.00,1,2.00,2.00,0.00,0.00,,1317,70,89.81,89.81,96.43,96.43,86.54,86.54,88.64,88.64,75.00,75.00
Slovenia,SVN,20200420,3.00,1,2.00,1,2.00,1,4.00,1,2.00,1,1.00,1,2.00,1,3.00,1.00,1,2.00,0.00,0.00,2.00,1,2.00,2.00,0.00,0.00,,1330,74,86.11,86.11,92.86,92.86,83.97,83.97,85.61,85.61,75.00,75.00
Slovenia,SVN,20200421,3.00,1,2.00,1,2.00,1,4.00,1,2.00,1,1.00,1,2.00,1,3.00,1.00,1,2.00,2171389980.00,0.00,2.00,1,2.00,2.00,0.00,0.00,,1335,74,86.11,86.11,92.86,92.86,83.97,83.97,85.61,85.61,75.00,75.00
Slovenia,SVN,20200422,3.00,1,2.00,1,2.00,1,4.00,1,2.00,1,1.00,1,2.00,1,3.00,1.00,1,2.00,0.00,0.00,2.00,1,2.00,2.00,0.00,0.00,,1340,77,86.11,86.11,92.86,92.86,83.97,83.97,85.61,85.61,75.00,75.00
Slovenia,SVN,20200423,3.00,1,2.00,1,2.00,1,4.00,1,2.00,1,1.00,1,2.00,1,3.00,1.00,1,2.00,0.00,0.00,2.00,1,2.00,2.00,0.00,0.00,,1353,79,86.11,86.11,92.86,92.86,83.97,83.97,85.61,85.61,75.00,75.00
Slovenia,SVN,20200424,3.00,1,2.00,1,2.00,1,4.00,1,2.00,1,1.00,1,2.00,1,3.00,1.00,1,2.00,0.00,0.00,2.00,1,2.00,2.00,0.00,0.00,,1366,79,86.11,86.11,92.86,92.86,83.97,83.97,85.61,85.61,75.00,75.00
Slovenia,SVN,20200425,3.00,1,2.00,1,2.00,1,4.00,1,2.00,1,1.00,1,2.00,1,3.00,1.00,1,2.00,0.00,0.00,2.00,1,2.00,2.00,0.00,0.00,,1373,80,86.11,86.11,92.86,92.86,83.97,83.97,85.61,85.61,75.00,75.00
Slovenia,SVN,20200426,3.00,1,2.00,1,2.00,1,4.00,1,2.00,1,1.00,1,2.00,1,3.00,1.00,1,2.00,0.00,0.00,2.00,1,2.00,2.00,0.00,0.00,,1388,81,86.11,86.11,92.86,92.86,83.97,83.97,85.61,85.61,75.00,75.00
Slovenia,SVN,20200427,3.00,1,2.00,1,2.00,1,4.00,1,2.00,1,1.00,1,2.00,1,3.00,1.00,1,2.00,0.00,0.00,2.00,1,2.00,2.00,0.00,0.00,,1407,82,86.11,86.11,92.86,92.86,83.97,83.97,85.61,85.61,75.00,75.00
Slovenia,SVN,20200428,3.00,1,2.00,1,2.00,1,4.00,1,2.00,1,1.00,1,2.00,1,3.00,1.00,1,2.00,0.00,0.00,2.00,1,2.00,2.00,0.00,0.00,,1407,83,86.11,86.11,92.86,92.86,83.97,83.97,85.61,85.61,75.00,75.00
Slovenia,SVN,20200429,3.00,1,2.00,1,2.00,1,4.00,1,2.00,1,1.00,1,2.00,1,3.00,1.00,1,2.00,0.00,0.00,2.00,1,2.00,2.00,0.00,0.00,,1408,86,86.11,86.11,92.86,92.86,83.97,83.97,85.61,85.61,75.00,75.00
Slovenia,SVN,20200430,3.00,1,2.00,1,2.00,1,4.00,1,2.00,1,1.00,1,0.00,,3.00,1.00,1,2.00,0.00,0.00,2.00,1,2.00,2.00,0.00,0.00,,1418,89,75.00,75.00,85.71,85.71,76.28,76.28,76.52,76.52,75.00,75.00
Slovenia,SVN,20200501,3.00,1,2.00,1,2.00,1,4.00,1,2.00,1,1.00,1,0.00,,3.00,1.00,1,2.00,0.00,0.00,2.00,1,2.00,2.00,0.00,,,1429,91,75.00,75.00,85.71,85.71,76.28,76.28,76.52,76.52,75.00,75.00
Slovenia,SVN,20200502,3.00,1,2.00,1,2.00,1,4.00,1,2.00,1,1.00,1,0.00,,3.00,1.00,1,2.00,0.00,0.00,2.00,1,2.00,2.00,0.00,,,1434,93,75.00,75.00,85.71,85.71,76.28,76.28,76.52,76.52,75.00,75.00
Slovenia,SVN,20200503,3.00,1,2.00,1,2.00,1,4.00,1,2.00,1,1.00,1,0.00,,3.00,1.00,1,2.00,0.00,0.00,2.00,1,2.00,2.00,0.00,,,1439,94,75.00,75.00,85.71,85.71,76.28,76.28,76.52,76.52,75.00,75.00
Slovenia,SVN,20200504,3.00,1,2.00,1,2.00,1,4.00,1,2.00,1,1.00,1,0.00,,3.00,1.00,1,2.00,0.00,0.00,2.00,1,2.00,2.00,0.00,15300000.00,,1439,96,75.00,75.00,85.71,85.71,76.28,76.28,76.52,76.52,75.00,75.00
Slovenia,SVN,20200505,3.00,1,2.00,1,2.00,1,4.00,1,2.00,1,1.00,1,0.00,,3.00,1.00,1,2.00,0.00,0.00,2.00,1,2.00,2.00,0.00,0.00,,1445,97,75.00,75.00,85.71,85.71,76.28,76.28,76.52,76.52,75.00,75.00
Slovenia,SVN,20200506,3.00,1,2.00,1,2.00,1,4.00,1,2.00,1,1.00,1,0.00,,3.00,1.00,1,2.00,0.00,0.00,2.00,1,2.00,2.00,0.00,0.00,,1448,98,75.00,75.00,85.71,85.71,76.28,76.28,76.52,76.52,75.00,75.00
Slovenia,SVN,20200507,3.00,1,2.00,1,2.00,1,4.00,1,2.00,1,1.00,1,0.00,,3.00,1.00,1,2.00,0.00,0.00,2.00,1,2.00,2.00,0.00,0.00,,1449,99,75.00,75.00,85.71,85.71,76.28,76.28,76.52,76.52,75.00,75.00
Slovenia,SVN,20200508,3.00,1,2.00,1,2.00,1,4.00,1,2.00,1,1.00,1,0.00,,3.00,1.00,1,2.00,0.00,0.00,2.00,1,2.00,2.00,0.00,0.00,,1450,99,75.00,75.00,85.71,85.71,76.28,76.28,76.52,76.52,75.00,75.00
Slovenia,SVN,20200509,3.00,1,2.00,1,2.00,1,4.00,1,2.00,1,1.00,1,0.00,,3.00,1.00,1,2.00,0.00,0.00,2.00,1,2.00,2.00,0.00,0.00,,1454,100,75.00,75.00,85.71,85.71,76.28,76.28,76.52,76.52,75.00,75.00
Slovenia,SVN,20200510,3.00,1,2.00,1,2.00,1,4.00,1,2.00,1,1.00,1,0.00,,3.00,1.00,1,2.00,0.00,0.00,2.00,1,2.00,2.00,0.00,0.00,,1457,101,75.00,75.00,85.71,85.71,76.28,76.28,76.52,76.52,75.00,75.00
Slovenia,SVN,20200511,3.00,1,2.00,1,2.00,1,4.00,1,0.00,,1.00,1,0.00,,3.00,1.00,1,2.00,0.00,0.00,2.00,1,2.00,2.00,0.00,0.00,,1460,102,63.89,63.89,71.43,71.43,68.59,68.59,67.42,67.42,75.00,75.00
Slovenia,SVN,20200512,3.00,1,2.00,1,2.00,1,4.00,1,0.00,,1.00,1,0.00,,3.00,1.00,1,2.00,0.00,0.00,2.00,1,2.00,2.00,0.00,0.00,,1461,102,63.89,63.89,71.43,71.43,68.59,68.59,67.42,67.42,75.00,75.00
Slovenia,SVN,20200513,3.00,1,2.00,1,2.00,1,4.00,1,0.00,,1.00,1,0.00,,3.00,1.00,1,2.00,0.00,0.00,2.00,1,2.00,2.00,0.00,0.00,,1463,102,63.89,63.89,71.43,71.43,68.59,68.59,67.42,67.42,75.00,75.00
Slovenia,SVN,20200514,3.00,1,2.00,1,2.00,1,3.00,0,0.00,,0.00,,0.00,,2.00,1.00,1,2.00,0.00,0.00,2.00,1,2.00,2.00,0.00,0.00,,1464,103,53.24,53.24,60.71,60.71,61.22,61.22,58.71,58.71,75.00,75.00
Slovenia,SVN,20200515,3.00,1,2.00,1,2.00,1,3.00,0,0.00,,0.00,,0.00,,2.00,1.00,1,2.00,0.00,0.00,2.00,1,2.00,2.00,0.00,0.00,,1465,103,53.24,53.24,60.71,60.71,61.22,61.22,58.71,58.71,75.00,75.00
Slovenia,SVN,20200516,3.00,1,2.00,1,2.00,1,3.00,0,0.00,,0.00,,0.00,,2.00,1.00,1,2.00,0.00,0.00,2.00,1,2.00,2.00,0.00,0.00,,1465,103,53.24,53.24,60.71,60.71,61.22,61.22,58.71,58.71,75.00,75.00
Slovenia,SVN,20200517,3.00,1,2.00,1,2.00,1,3.00,0,0.00,,0.00,,0.00,,2.00,1.00,1,2.00,0.00,0.00,2.00,1,2.00,2.00,0.00,0.00,,1466,103,53.24,53.24,60.71,60.71,61.22,61.22,58.71,58.71,75.00,75.00
Slovenia,SVN,20200518,2.00,1,0.00,,2.00,1,3.00,0,0.00,,0.00,,0.00,,2.00,1.00,1,2.00,0.00,0.00,2.00,1,2.00,2.00,0.00,0.00,,1466,104,42.13,42.13,46.43,46.43,53.53,53.53,49.62,49.62,75.00,75.00
Slovenia,SVN,20200519,2.00,1,0.00,,2.00,1,3.00,0,0.00,,0.00,,0.00,,2.00,1.00,1,2.00,0.00,0.00,2.00,1,2.00,2.00,0.00,0.00,,1467,104,42.13,42.13,46.43,46.43,53.53,53.53,49.62,49.62,75.00,75.00
Slovenia,SVN,20200520,2.00,1,0.00,,2.00,1,3.00,0,0.00,,0.00,,0.00,,2.00,1.00,1,2.00,1067576526.55,0.00,2.00,1,2.00,2.00,0.00,0.00,,1468,104,42.13,42.13,46.43,46.43,53.53,53.53,49.62,49.62,75.00,75.00
Slovenia,SVN,20200521,2.00,1,0.00,,2.00,1,3.00,0,0.00,,0.00,,0.00,,2.00,1.00,1,2.00,0.00,0.00,2.00,1,2.00,2.00,0.00,0.00,,1468,106,42.13,42.13,46.43,46.43,53.53,53.53,49.62,49.62,75.00,75.00
Slovenia,SVN,20200522,2.00,1,0.00,,2.00,1,3.00,0,0.00,,0.00,,0.00,,2.00,1.00,1,2.00,0.00,0.00,2.00,1,2.00,2.00,0.00,0.00,,1468,106,42.13,42.13,46.43,46.43,53.53,53.53,49.62,49.62,75.00,75.00
Slovenia,SVN,20200523,2.00,1,0.00,,2.00,1,3.00,0,0.00,,0.00,,0.00,,2.00,1.00,1,2.00,0.00,0.00,2.00,1,2.00,2.00,0.00,0.00,,1468,106,42.13,42.13,46.43,46.43,53.53,53.53,49.62,49.62,75.00,75.00
Slovenia,SVN,20200524,2.00,1,0.00,,2.00,1,3.00,0,0.00,,0.00,,0.00,,2.00,1.00,1,2.00,0.00,0.00,2.00,1,2.00,2.00,0.00,0.00,,1468,106,42.13,42.13,46.43,46.43,53.53,53.53,49.62,49.62,75.00,75.00
Slovenia,SVN,20200525,2.00,1,0.00,,2.00,1,3.00,0,0.00,,0.00,,0.00,,2.00,1.00,1,2.00,0.00,0.00,2.00,1,2.00,2.00,0.00,0.00,,1469,106,42.13,42.13,46.43,46.43,53.53,53.53,49.62,49.62,75.00,75.00
Slovenia,SVN,20200526,2.00,1,0.00,,2.00,1,3.00,0,0.00,,0.00,,0.00,,2.00,1.00,1,2.00,0.00,0.00,2.00,1,2.00,2.00,0.00,0.00,,1469,106,42.13,42.13,46.43,46.43,53.53,53.53,49.62,49.62,75.00,75.00
Slovenia,SVN,20200527,2.00,1,0.00,,2.00,1,3.00,0,0.00,,0.00,,0.00,,2.00,1.00,1,2.00,0.00,0.00,2.00,1,2.00,2.00,0.00,0.00,,1469,106,42.13,42.13,46.43,46.43,53.53,53.53,49.62,49.62,75.00,75.00
Slovenia,SVN,20200528,2.00,1,0.00,,2.00,1,3.00,0,0.00,,0.00,,0.00,,2.00,1.00,1,2.00,0.00,0.00,2.00,1,2.00,2.00,0.00,0.00,,1471,107,42.13,42.13,46.43,46.43,53.53,53.53,49.62,49.62,75.00,75.00
Slovenia,SVN,20200529,2.00,1,0.00,,2.00,1,3.00,0,0.00,,0.00,,0.00,,2.00,1.00,1,2.00,0.00,0.00,2.00,1,2.00,2.00,0.00,0.00,,1473,108,42.13,42.13,46.43,46.43,53.53,53.53,49.62,49.62,75.00,75.00
Slovenia,SVN,20200530,2.00,1,0.00,,2.00,1,3.00,0,0.00,,0.00,,0.00,,2.00,1.00,1,2.00,0.00,0.00,2.00,1,2.00,2.00,0.00,0.00,,1473,108,42.13,42.13,46.43,46.43,53.53,53.53,49.62,49.62,75.00,75.00
Slovenia,SVN,20200531,2.00,1,0.00,,2.00,1,3.00,0,0.00,,0.00,,0.00,,2.00,1.00,1,2.00,0.00,0.00,2.00,1,2.00,2.00,0.00,0.00,,1473,108,42.13,42.13,46.43,46.43,53.53,53.53,49.62,49.62,75.00,75.00
Slovenia,SVN,20200601,2.00,1,0.00,,2.00,1,3.00,0,0.00,,0.00,,0.00,,2.00,1.00,1,2.00,0.00,0.00,2.00,1,2.00,2.00,0.00,0.00,,1473,108,42.13,42.13,46.43,46.43,53.53,53.53,49.62,49.62,75.00,75.00
Slovenia,SVN,20200602,2.00,1,0.00,,2.00,1,2.00,1,0.00,,0.00,,0.00,,2.00,1.00,1,2.00,0.00,0.00,2.00,1,2.00,2.00,0.00,0.00,,1475,108,40.74,40.74,46.43,46.43,52.56,52.56,48.48,48.48,75.00,75.00
Slovenia,SVN,20200603,0.00,,0.00,,2.00,1,2.00,1,0.00,,0.00,,0.00,,2.00,1.00,1,2.00,0.00,0.00,2.00,1,2.00,2.00,0.00,0.00,,1475,108,33.33,33.33,35.71,35.71,47.44,47.44,42.42,42.42,75.00,75.00
Slovenia,SVN,20200604,0.00,,0.00,,2.00,1,2.00,1,0.00,,0.00,,0.00,,2.00,1.00,1,2.00,0.00,0.00,2.00,1,2.00,2.00,0.00,0.00,,1477,108,33.33,33.33,35.71,35.71,47.44,47.44,42.42,42.42,75.00,75.00
Slovenia,SVN,20200605,0.00,,0.00,,2.00,1,2.00,1,0.00,,0.00,,0.00,,2.00,1.00,1,2.00,0.00,0.00,2.00,1,2.00,2.00,0.00,0.00,,1479,108,33.33,33.33,35.71,35.71,47.44,47.44,42.42,42.42,75.00,75.00
Slovenia,SVN,20200606,0.00,,0.00,,2.00,1,2.00,1,0.00,,0.00,,0.00,,2.00,1.00,1,2.00,0.00,0.00,2.00,1,2.00,2.00,0.00,0.00,,1484,108,33.33,33.33,35.71,35.71,47.44,47.44,42.42,42.42,75.00,75.00
Slovenia,SVN,20200607,0.00,,0.00,,2.00,1,2.00,1,0.00,,0.00,,0.00,,2.00,1.00,1,2.00,0.00,0.00,2.00,1,2.00,2.00,0.00,0.00,,1485,108,33.33,33.33,35.71,35.71,47.44,47.44,42.42,42.42,75.00,75.00
Slovenia,SVN,20200608,0.00,,0.00,,2.00,1,2.00,1,0.00,,0.00,,0.00,,2.00,1.00,1,2.00,0.00,0.00,2.00,1,2.00,2.00,0.00,0.00,,1485,108,33.33,33.33,35.71,35.71,47.44,47.44,42.42,42.42,75.00,75.00
Slovenia,SVN,20200609,0.00,,0.00,,2.00,1,2.00,1,0.00,,0.00,,0.00,,2.00,1.00,1,2.00,0.00,0.00,2.00,1,2.00,2.00,0.00,0.00,,1485,108,33.33,33.33,35.71,35.71,47.44,47.44,42.42,42.42,75.00,75.00
Slovenia,SVN,20200610,0.00,,0.00,,2.00,1,2.00,1,0.00,,0.00,,0.00,,2.00,1.00,1,2.00,0.00,0.00,2.00,1,2.00,2.00,0.00,0.00,,1486,108,33.33,33.33,35.71,35.71,47.44,47.44,42.42,42.42,75.00,75.00
Slovenia,SVN,20200611,0.00,,0.00,,2.00,1,2.00,1,0.00,,0.00,,0.00,,2.00,1.00,1,2.00,0.00,0.00,2.00,1,2.00,2.00,0.00,0.00,,1488,109,33.33,33.33,35.71,35.71,47.44,47.44,42.42,42.42,75.00,75.00
Slovenia,SVN,20200612,0.00,,0.00,,2.00,1,2.00,1,0.00,,0.00,,0.00,,2.00,1.00,1,2.00,0.00,0.00,2.00,1,2.00,2.00,0.00,0.00,,1488,109,33.33,33.33,35.71,35.71,47.44,47.44,42.42,42.42,75.00,75.00
Slovenia,SVN,20200613,0.00,,0.00,,2.00,1,2.00,1,0.00,,0.00,,0.00,,2.00,1.00,1,2.00,0.00,0.00,2.00,1,2.00,2.00,0.00,0.00,,1490,109,33.33,33.33,35.71,35.71,47.44,47.44,42.42,42.42,75.00,75.00
Slovenia,SVN,20200614,0.00,,0.00,,2.00,1,2.00,1,0.00,,0.00,,0.00,,2.00,1.00,1,2.00,0.00,0.00,2.00,1,2.00,2.00,0.00,0.00,,1492,109,33.33,33.33,35.71,35.71,47.44,47.44,42.42,42.42,75.00,75.00
Slovenia,SVN,20200615,0.00,,0.00,,2.00,1,2.00,1,0.00,,0.00,,0.00,,2.00,1.00,1,2.00,0.00,0.00,2.00,1,2.00,2.00,0.00,0.00,,1495,109,33.33,33.33,35.71,35.71,47.44,47.44,42.42,42.42,75.00,75.00
Slovenia,SVN,20200616,0.00,,0.00,,2.00,1,2.00,1,0.00,,0.00,,0.00,,2.00,1.00,1,2.00,0.00,0.00,2.00,1,2.00,2.00,0.00,0.00,,1496,109,33.33,33.33,35.71,35.71,47.44,47.44,42.42,42.42,75.00,75.00
Slovenia,SVN,20200617,0.00,,0.00,,2.00,1,2.00,1,0.00,,0.00,,0.00,,2.00,1.00,1,2.00,0.00,0.00,2.00,1,2.00,2.00,0.00,0.00,,1499,109,33.33,33.33,35.71,35.71,47.44,47.44,42.42,42.42,75.00,75.00
Slovenia,SVN,20200618,0.00,,0.00,,2.00,1,2.00,1,0.00,,0.00,,0.00,,2.00,1.00,1,2.00,0.00,0.00,2.00,1,2.00,2.00,0.00,0.00,,1503,109,33.33,33.33,35.71,35.71,47.44,47.44,42.42,42.42,75.00,75.00
Slovenia,SVN,20200619,0.00,,0.00,,2.00,1,2.00,1,0.00,,0.00,,0.00,,2.00,1.00,1,2.00,0.00,0.00,2.00,1,2.00,2.00,0.00,0.00,,1511,109,33.33,33.33,35.71,35.71,47.44,47.44,42.42,42.42,75.00,75.00
Slovenia,SVN,20200620,0.00,,0.00,,2.00,1,2.00,1,0.00,,0.00,,0.00,,2.00,1.00,1,2.00,0.00,0.00,2.00,1,2.00,2.00,0.00,0.00,,1513,109,33.33,33.33,35.71,35.71,47.44,47.44,42.42,42.42,75.00,75.00
Slovenia,SVN,20200621,0.00,,0.00,,2.00,1,2.00,1,0.00,,0.00,,0.00,,2.00,1.00,1,2.00,0.00,0.00,2.00,1,2.00,2.00,0.00,0.00,,1519,109,33.33,33.33,35.71,35.71,47.44,47.44,42.42,42.42,75.00,75.00
Slovenia,SVN,20200622,,,,,,,,,,,,,,,,,,,,,,,,,,,,1520,109,,33.33,,35.71,,47.44,,42.42,,75.00
Slovenia,SVN,20200623,,,,,,,,,,,,,,,,,,,,,,,,,,,,1521,109,,33.33,,35.71,,47.44,,42.42,,75.00
