Somalia,SOM,20200101,0.00,,0.00,,0.00,,0.00,,0.00,,0.00,,0.00,,0.00,0.00,,0.00,0.00,0.00,0.00,,0.00,0.00,0.00,0.00,,,,0.00,0.00,0.00,0.00,0.00,0.00,0.00,0.00,0.00,0.00
Somalia,SOM,20200102,0.00,,0.00,,0.00,,0.00,,0.00,,0.00,,0.00,,0.00,0.00,,0.00,0.00,0.00,0.00,,0.00,0.00,0.00,0.00,,,,0.00,0.00,0.00,0.00,0.00,0.00,0.00,0.00,0.00,0.00
Somalia,SOM,20200103,0.00,,0.00,,0.00,,0.00,,0.00,,0.00,,0.00,,0.00,0.00,,0.00,0.00,0.00,0.00,,0.00,0.00,0.00,0.00,,,,0.00,0.00,0.00,0.00,0.00,0.00,0.00,0.00,0.00,0.00
Somalia,SOM,20200104,0.00,,0.00,,0.00,,0.00,,0.00,,0.00,,0.00,,0.00,0.00,,0.00,0.00,0.00,0.00,,0.00,0.00,0.00,0.00,,,,0.00,0.00,0.00,0.00,0.00,0.00,0.00,0.00,0.00,0.00
Somalia,SOM,20200105,0.00,,0.00,,0.00,,0.00,,0.00,,0.00,,0.00,,0.00,0.00,,0.00,0.00,0.00,0.00,,0.00,0.00,0.00,0.00,,,,0.00,0.00,0.00,0.00,0.00,0.00,0.00,0.00,0.00,0.00
Somalia,SOM,20200106,0.00,,0.00,,0.00,,0.00,,0.00,,0.00,,0.00,,0.00,0.00,,0.00,0.00,0.00,0.00,,0.00,0.00,0.00,0.00,,,,0.00,0.00,0.00,0.00,0.00,0.00,0.00,0.00,0.00,0.00
Somalia,SOM,20200107,0.00,,0.00,,0.00,,0.00,,0.00,,0.00,,0.00,,0.00,0.00,,0.00,0.00,0.00,0.00,,0.00,0.00,0.00,0.00,,,,0.00,0.00,0.00,0.00,0.00,0.00,0.00,0.00,0.00,0.00
Somalia,SOM,20200108,0.00,,0.00,,0.00,,0.00,,0.00,,0.00,,0.00,,0.00,0.00,,0.00,0.00,0.00,0.00,,0.00,0.00,0.00,0.00,,,,0.00,0.00,0.00,0.00,0.00,0.00,0.00,0.00,0.00,0.00
Somalia,SOM,20200109,0.00,,0.00,,0.00,,0.00,,0.00,,0.00,,0.00,,0.00,0.00,,0.00,0.00,0.00,0.00,,0.00,0.00,0.00,0.00,,,,0.00,0.00,0.00,0.00,0.00,0.00,0.00,0.00,0.00,0.00
Somalia,SOM,20200110,0.00,,0.00,,0.00,,0.00,,0.00,,0.00,,0.00,,0.00,0.00,,0.00,0.00,0.00,0.00,,0.00,0.00,0.00,0.00,,,,0.00,0.00,0.00,0.00,0.00,0.00,0.00,0.00,0.00,0.00
Somalia,SOM,20200111,0.00,,0.00,,0.00,,0.00,,0.00,,0.00,,0.00,,0.00,0.00,,0.00,0.00,0.00,0.00,,0.00,0.00,0.00,0.00,,,,0.00,0.00,0.00,0.00,0.00,0.00,0.00,0.00,0.00,0.00
Somalia,SOM,20200112,0.00,,0.00,,0.00,,0.00,,0.00,,0.00,,0.00,,0.00,0.00,,0.00,0.00,0.00,0.00,,0.00,0.00,0.00,0.00,,,,0.00,0.00,0.00,0.00,0.00,0.00,0.00,0.00,0.00,0.00
Somalia,SOM,20200113,0.00,,0.00,,0.00,,0.00,,0.00,,0.00,,0.00,,0.00,0.00,,0.00,0.00,0.00,0.00,,0.00,0.00,0.00,0.00,,,,0.00,0.00,0.00,0.00,0.00,0.00,0.00,0.00,0.00,0.00
Somalia,SOM,20200114,0.00,,0.00,,0.00,,0.00,,0.00,,0.00,,0.00,,0.00,0.00,,0.00,0.00,0.00,0.00,,0.00,0.00,0.00,0.00,,,,0.00,0.00,0.00,0.00,0.00,0.00,0.00,0.00,0.00,0.00
Somalia,SOM,20200115,0.00,,0.00,,0.00,,0.00,,0.00,,0.00,,0.00,,0.00,0.00,,0.00,0.00,0.00,0.00,,0.00,0.00,0.00,0.00,,,,0.00,0.00,0.00,0.00,0.00,0.00,0.00,0.00,0.00,0.00
Somalia,SOM,20200116,0.00,,0.00,,0.00,,0.00,,0.00,,0.00,,0.00,,0.00,0.00,,0.00,0.00,0.00,0.00,,0.00,0.00,0.00,0.00,,,,0.00,0.00,0.00,0.00,0.00,0.00,0.00,0.00,0.00,0.00
Somalia,SOM,20200117,0.00,,0.00,,0.00,,0.00,,0.00,,0.00,,0.00,,0.00,0.00,,0.00,0.00,0.00,0.00,,0.00,0.00,0.00,0.00,,,,0.00,0.00,0.00,0.00,0.00,0.00,0.00,0.00,0.00,0.00
Somalia,SOM,20200118,0.00,,0.00,,0.00,,0.00,,0.00,,0.00,,0.00,,0.00,0.00,,0.00,0.00,0.00,0.00,,0.00,0.00,0.00,0.00,,,,0.00,0.00,0.00,0.00,0.00,0.00,0.00,0.00,0.00,0.00
Somalia,SOM,20200119,0.00,,0.00,,0.00,,0.00,,0.00,,0.00,,0.00,,0.00,0.00,,0.00,0.00,0.00,0.00,,0.00,0.00,0.00,0.00,,,,0.00,0.00,0.00,0.00,0.00,0.00,0.00,0.00,0.00,0.00
Somalia,SOM,20200120,0.00,,0.00,,0.00,,0.00,,0.00,,0.00,,0.00,,0.00,0.00,,0.00,0.00,0.00,0.00,,0.00,0.00,0.00,0.00,,,,0.00,0.00,0.00,0.00,0.00,0.00,0.00,0.00,0.00,0.00
Somalia,SOM,20200121,0.00,,0.00,,0.00,,0.00,,0.00,,0.00,,0.00,,0.00,0.00,,0.00,0.00,0.00,0.00,,0.00,0.00,0.00,0.00,,,,0.00,0.00,0.00,0.00,0.00,0.00,0.00,0.00,0.00,0.00
Somalia,SOM,20200122,0.00,,0.00,,0.00,,0.00,,0.00,,0.00,,0.00,,0.00,0.00,,0.00,0.00,0.00,0.00,,0.00,0.00,0.00,0.00,,,,0.00,0.00,0.00,0.00,0.00,0.00,0.00,0.00,0.00,0.00
Somalia,SOM,20200123,0.00,,0.00,,0.00,,0.00,,0.00,,0.00,,0.00,,0.00,0.00,,0.00,0.00,0.00,0.00,,0.00,0.00,0.00,0.00,,,,0.00,0.00,0.00,0.00,0.00,0.00,0.00,0.00,0.00,0.00
Somalia,SOM,20200124,0.00,,0.00,,0.00,,0.00,,0.00,,0.00,,0.00,,0.00,0.00,,0.00,0.00,0.00,0.00,,0.00,0.00,0.00,0.00,,,,0.00,0.00,0.00,0.00,0.00,0.00,0.00,0.00,0.00,0.00
Somalia,SOM,20200125,0.00,,0.00,,0.00,,0.00,,0.00,,0.00,,0.00,,0.00,0.00,,0.00,0.00,0.00,0.00,,0.00,0.00,0.00,0.00,,,,0.00,0.00,0.00,0.00,0.00,0.00,0.00,0.00,0.00,0.00
Somalia,SOM,20200126,0.00,,0.00,,0.00,,0.00,,0.00,,0.00,,0.00,,0.00,0.00,,0.00,0.00,0.00,0.00,,0.00,0.00,0.00,0.00,,,,0.00,0.00,0.00,0.00,0.00,0.00,0.00,0.00,0.00,0.00
Somalia,SOM,20200127,0.00,,0.00,,0.00,,0.00,,0.00,,0.00,,0.00,,0.00,0.00,,0.00,0.00,0.00,0.00,,0.00,0.00,0.00,0.00,,,,0.00,0.00,0.00,0.00,0.00,0.00,0.00,0.00,0.00,0.00
Somalia,SOM,20200128,0.00,,0.00,,0.00,,0.00,,0.00,,0.00,,0.00,,0.00,0.00,,0.00,0.00,0.00,0.00,,0.00,0.00,0.00,0.00,,,,0.00,0.00,0.00,0.00,0.00,0.00,0.00,0.00,0.00,0.00
Somalia,SOM,20200129,0.00,,0.00,,0.00,,0.00,,0.00,,0.00,,0.00,,0.00,0.00,,0.00,0.00,0.00,0.00,,0.00,0.00,0.00,0.00,,,,0.00,0.00,0.00,0.00,0.00,0.00,0.00,0.00,0.00,0.00
Somalia,SOM,20200130,0.00,,0.00,,0.00,,0.00,,0.00,,0.00,,0.00,,0.00,0.00,,0.00,0.00,0.00,0.00,,0.00,0.00,0.00,0.00,,,,0.00,0.00,0.00,0.00,0.00,0.00,0.00,0.00,0.00,0.00
Somalia,SOM,20200131,0.00,,0.00,,0.00,,0.00,,0.00,,0.00,,0.00,,0.00,0.00,,0.00,0.00,0.00,0.00,,0.00,0.00,0.00,0.00,,,,0.00,0.00,0.00,0.00,0.00,0.00,0.00,0.00,0.00,0.00
Somalia,SOM,20200201,0.00,,0.00,,0.00,,0.00,,0.00,,0.00,,0.00,,0.00,0.00,,0.00,0.00,0.00,0.00,,0.00,0.00,0.00,0.00,,,,0.00,0.00,0.00,0.00,0.00,0.00,0.00,0.00,0.00,0.00
Somalia,SOM,20200202,0.00,,0.00,,0.00,,0.00,,0.00,,0.00,,0.00,,0.00,0.00,,0.00,0.00,0.00,0.00,,0.00,0.00,0.00,0.00,,,,0.00,0.00,0.00,0.00,0.00,0.00,0.00,0.00,0.00,0.00
Somalia,SOM,20200203,0.00,,0.00,,0.00,,0.00,,0.00,,0.00,,0.00,,0.00,0.00,,0.00,0.00,0.00,0.00,,0.00,0.00,0.00,0.00,,,,0.00,0.00,0.00,0.00,0.00,0.00,0.00,0.00,0.00,0.00
Somalia,SOM,20200204,0.00,,0.00,,0.00,,0.00,,0.00,,0.00,,0.00,,0.00,0.00,,0.00,0.00,0.00,0.00,,0.00,0.00,0.00,0.00,,,,0.00,0.00,0.00,0.00,0.00,0.00,0.00,0.00,0.00,0.00
Somalia,SOM,20200205,0.00,,0.00,,0.00,,0.00,,0.00,,0.00,,0.00,,0.00,0.00,,0.00,0.00,0.00,0.00,,0.00,0.00,0.00,0.00,,,,0.00,0.00,0.00,0.00,0.00,0.00,0.00,0.00,0.00,0.00
Somalia,SOM,20200206,0.00,,0.00,,0.00,,0.00,,0.00,,0.00,,0.00,,0.00,0.00,,0.00,0.00,0.00,0.00,,0.00,0.00,0.00,0.00,,,,0.00,0.00,0.00,0.00,0.00,0.00,0.00,0.00,0.00,0.00
Somalia,SOM,20200207,0.00,,0.00,,0.00,,0.00,,0.00,,0.00,,0.00,,0.00,0.00,,0.00,0.00,0.00,0.00,,0.00,0.00,0.00,0.00,,,,0.00,0.00,0.00,0.00,0.00,0.00,0.00,0.00,0.00,0.00
Somalia,SOM,20200208,0.00,,0.00,,0.00,,0.00,,0.00,,0.00,,0.00,,0.00,0.00,,0.00,0.00,0.00,0.00,,0.00,0.00,0.00,0.00,,,,0.00,0.00,0.00,0.00,0.00,0.00,0.00,0.00,0.00,0.00
Somalia,SOM,20200209,0.00,,0.00,,0.00,,0.00,,0.00,,0.00,,0.00,,0.00,0.00,,0.00,0.00,0.00,0.00,,0.00,0.00,0.00,0.00,,,,0.00,0.00,0.00,0.00,0.00,0.00,0.00,0.00,0.00,0.00
Somalia,SOM,20200210,0.00,,0.00,,0.00,,0.00,,0.00,,0.00,,0.00,,0.00,0.00,,0.00,0.00,0.00,0.00,,0.00,0.00,0.00,0.00,,,,0.00,0.00,0.00,0.00,0.00,0.00,0.00,0.00,0.00,0.00
Somalia,SOM,20200211,0.00,,0.00,,0.00,,0.00,,0.00,,0.00,,0.00,,0.00,0.00,,0.00,0.00,0.00,0.00,,0.00,0.00,0.00,0.00,,,,0.00,0.00,0.00,0.00,0.00,0.00,0.00,0.00,0.00,0.00
Somalia,SOM,20200212,0.00,,0.00,,0.00,,0.00,,0.00,,0.00,,0.00,,0.00,0.00,,0.00,0.00,0.00,0.00,,0.00,0.00,0.00,0.00,,,,0.00,0.00,0.00,0.00,0.00,0.00,0.00,0.00,0.00,0.00
Somalia,SOM,20200213,0.00,,0.00,,0.00,,0.00,,0.00,,0.00,,0.00,,0.00,0.00,,0.00,0.00,0.00,0.00,,0.00,0.00,0.00,0.00,,,,0.00,0.00,0.00,0.00,0.00,0.00,0.00,0.00,0.00,0.00
Somalia,SOM,20200214,0.00,,0.00,,0.00,,0.00,,0.00,,0.00,,0.00,,0.00,0.00,,0.00,0.00,0.00,0.00,,0.00,0.00,0.00,0.00,,,,0.00,0.00,0.00,0.00,0.00,0.00,0.00,0.00,0.00,0.00
Somalia,SOM,20200215,0.00,,0.00,,0.00,,0.00,,0.00,,0.00,,0.00,,0.00,0.00,,0.00,0.00,0.00,0.00,,0.00,0.00,0.00,0.00,,,,0.00,0.00,0.00,0.00,0.00,0.00,0.00,0.00,0.00,0.00
Somalia,SOM,20200216,0.00,,0.00,,0.00,,0.00,,0.00,,0.00,,0.00,,0.00,0.00,,0.00,0.00,0.00,0.00,,0.00,0.00,0.00,0.00,,,,0.00,0.00,0.00,0.00,0.00,0.00,0.00,0.00,0.00,0.00
Somalia,SOM,20200217,0.00,,0.00,,0.00,,0.00,,0.00,,0.00,,0.00,,0.00,0.00,,0.00,0.00,0.00,0.00,,0.00,0.00,0.00,0.00,,,,0.00,0.00,0.00,0.00,0.00,0.00,0.00,0.00,0.00,0.00
Somalia,SOM,20200218,0.00,,0.00,,0.00,,0.00,,0.00,,0.00,,0.00,,0.00,0.00,,0.00,0.00,0.00,0.00,,0.00,0.00,0.00,0.00,,,,0.00,0.00,0.00,0.00,0.00,0.00,0.00,0.00,0.00,0.00
Somalia,SOM,20200219,0.00,,0.00,,0.00,,0.00,,0.00,,0.00,,0.00,,0.00,0.00,,0.00,0.00,0.00,0.00,,0.00,0.00,0.00,0.00,,,,0.00,0.00,0.00,0.00,0.00,0.00,0.00,0.00,0.00,0.00
Somalia,SOM,20200220,0.00,,0.00,,0.00,,0.00,,0.00,,0.00,,0.00,,0.00,0.00,,0.00,0.00,0.00,0.00,,0.00,0.00,0.00,0.00,,,,0.00,0.00,0.00,0.00,0.00,0.00,0.00,0.00,0.00,0.00
Somalia,SOM,20200221,0.00,,0.00,,0.00,,0.00,,0.00,,0.00,,0.00,,0.00,0.00,,0.00,0.00,0.00,0.00,,0.00,0.00,0.00,0.00,,,,0.00,0.00,0.00,0.00,0.00,0.00,0.00,0.00,0.00,0.00
Somalia,SOM,20200222,0.00,,0.00,,0.00,,0.00,,0.00,,0.00,,0.00,,0.00,0.00,,0.00,0.00,0.00,0.00,,0.00,0.00,0.00,0.00,,,,0.00,0.00,0.00,0.00,0.00,0.00,0.00,0.00,0.00,0.00
Somalia,SOM,20200223,0.00,,0.00,,0.00,,0.00,,0.00,,0.00,,0.00,,0.00,0.00,,0.00,0.00,0.00,0.00,,0.00,0.00,0.00,0.00,,,,0.00,0.00,0.00,0.00,0.00,0.00,0.00,0.00,0.00,0.00
Somalia,SOM,20200224,0.00,,0.00,,0.00,,0.00,,0.00,,0.00,,0.00,,0.00,0.00,,0.00,0.00,0.00,0.00,,0.00,0.00,0.00,0.00,,,,0.00,0.00,0.00,0.00,0.00,0.00,0.00,0.00,0.00,0.00
Somalia,SOM,20200225,0.00,,0.00,,0.00,,0.00,,0.00,,0.00,,0.00,,0.00,0.00,,0.00,0.00,0.00,0.00,,0.00,0.00,0.00,0.00,,,,0.00,0.00,0.00,0.00,0.00,0.00,0.00,0.00,0.00,0.00
Somalia,SOM,20200226,0.00,,0.00,,0.00,,0.00,,0.00,,0.00,,0.00,,0.00,0.00,,0.00,0.00,0.00,0.00,,0.00,0.00,0.00,0.00,,,,0.00,0.00,0.00,0.00,0.00,0.00,0.00,0.00,0.00,0.00
Somalia,SOM,20200227,0.00,,0.00,,0.00,,0.00,,0.00,,0.00,,0.00,,0.00,0.00,,0.00,0.00,0.00,0.00,,0.00,0.00,0.00,0.00,,,,0.00,0.00,0.00,0.00,0.00,0.00,0.00,0.00,0.00,0.00
Somalia,SOM,20200228,0.00,,0.00,,0.00,,0.00,,0.00,,0.00,,0.00,,0.00,0.00,,0.00,0.00,0.00,0.00,,0.00,0.00,0.00,0.00,,,,0.00,0.00,0.00,0.00,0.00,0.00,0.00,0.00,0.00,0.00
Somalia,SOM,20200229,0.00,,0.00,,0.00,,0.00,,0.00,,0.00,,0.00,,0.00,0.00,,0.00,0.00,0.00,0.00,,0.00,0.00,0.00,0.00,,,,0.00,0.00,0.00,0.00,0.00,0.00,0.00,0.00,0.00,0.00
Somalia,SOM,20200301,0.00,,0.00,,0.00,,0.00,,0.00,,0.00,,0.00,,0.00,0.00,,0.00,0.00,0.00,0.00,,0.00,0.00,0.00,0.00,,,,0.00,0.00,0.00,0.00,0.00,0.00,0.00,0.00,0.00,0.00
Somalia,SOM,20200302,0.00,,0.00,,0.00,,0.00,,0.00,,0.00,,0.00,,0.00,0.00,,0.00,0.00,0.00,0.00,,0.00,0.00,0.00,0.00,,,,0.00,0.00,0.00,0.00,0.00,0.00,0.00,0.00,0.00,0.00
Somalia,SOM,20200303,0.00,,0.00,,0.00,,0.00,,0.00,,0.00,,0.00,,0.00,0.00,,0.00,0.00,0.00,0.00,,0.00,0.00,0.00,0.00,,,,0.00,0.00,0.00,0.00,0.00,0.00,0.00,0.00,0.00,0.00
Somalia,SOM,20200304,0.00,,0.00,,0.00,,0.00,,0.00,,0.00,,0.00,,0.00,0.00,,0.00,0.00,0.00,0.00,,0.00,0.00,0.00,0.00,,,,0.00,0.00,0.00,0.00,0.00,0.00,0.00,0.00,0.00,0.00
Somalia,SOM,20200305,0.00,,0.00,,0.00,,0.00,,0.00,,0.00,,0.00,,0.00,0.00,,0.00,0.00,0.00,0.00,,0.00,0.00,0.00,0.00,,,,0.00,0.00,0.00,0.00,0.00,0.00,0.00,0.00,0.00,0.00
Somalia,SOM,20200306,0.00,,0.00,,0.00,,0.00,,0.00,,0.00,,0.00,,0.00,0.00,,0.00,0.00,0.00,0.00,,0.00,0.00,0.00,0.00,,,,0.00,0.00,0.00,0.00,0.00,0.00,0.00,0.00,0.00,0.00
Somalia,SOM,20200307,0.00,,0.00,,0.00,,0.00,,0.00,,0.00,,0.00,,0.00,0.00,,0.00,0.00,0.00,0.00,,0.00,0.00,0.00,0.00,,,,0.00,0.00,0.00,0.00,0.00,0.00,0.00,0.00,0.00,0.00
Somalia,SOM,20200308,0.00,,0.00,,0.00,,0.00,,0.00,,0.00,,0.00,,0.00,0.00,,0.00,0.00,0.00,0.00,,0.00,0.00,0.00,0.00,,,,0.00,0.00,0.00,0.00,0.00,0.00,0.00,0.00,0.00,0.00
Somalia,SOM,20200309,0.00,,0.00,,0.00,,0.00,,0.00,,0.00,,0.00,,0.00,0.00,,0.00,0.00,0.00,0.00,,0.00,0.00,0.00,0.00,,,,0.00,0.00,0.00,0.00,0.00,0.00,0.00,0.00,0.00,0.00
Somalia,SOM,20200310,0.00,,0.00,,0.00,,0.00,,0.00,,0.00,,0.00,,0.00,0.00,,0.00,0.00,0.00,0.00,,0.00,0.00,0.00,0.00,,,,0.00,0.00,0.00,0.00,0.00,0.00,0.00,0.00,0.00,0.00
Somalia,SOM,20200311,0.00,,0.00,,0.00,,0.00,,0.00,,0.00,,0.00,,0.00,0.00,,0.00,0.00,0.00,0.00,,0.00,0.00,0.00,0.00,,,,0.00,0.00,0.00,0.00,0.00,0.00,0.00,0.00,0.00,0.00
Somalia,SOM,20200312,0.00,,0.00,,0.00,,0.00,,0.00,,0.00,,0.00,,0.00,0.00,,0.00,0.00,0.00,0.00,,0.00,0.00,0.00,0.00,,,,0.00,0.00,0.00,0.00,0.00,0.00,0.00,0.00,0.00,0.00
Somalia,SOM,20200313,0.00,,0.00,,0.00,,0.00,,0.00,,0.00,,0.00,,0.00,0.00,,0.00,0.00,0.00,0.00,,0.00,0.00,0.00,0.00,,,,0.00,0.00,0.00,0.00,0.00,0.00,0.00,0.00,0.00,0.00
Somalia,SOM,20200314,0.00,,0.00,,0.00,,0.00,,0.00,,0.00,,0.00,,3.00,0.00,,0.00,0.00,0.00,0.00,,0.00,0.00,0.00,0.00,,,,8.33,8.33,10.71,10.71,5.77,5.77,6.82,6.82,0.00,0.00
Somalia,SOM,20200315,0.00,,0.00,,0.00,,0.00,,0.00,,0.00,,0.00,,3.00,0.00,,0.00,0.00,0.00,0.00,,0.00,0.00,0.00,0.00,,,,8.33,8.33,10.71,10.71,5.77,5.77,6.82,6.82,0.00,0.00
Somalia,SOM,20200316,0.00,,0.00,,0.00,,0.00,,0.00,,0.00,,0.00,,3.00,0.00,,0.00,0.00,0.00,0.00,,0.00,0.00,0.00,0.00,,,,8.33,8.33,10.71,10.71,5.77,5.77,6.82,6.82,0.00,0.00
Somalia,SOM,20200317,0.00,,0.00,,0.00,,0.00,,0.00,,0.00,,0.00,,3.00,0.00,,0.00,0.00,0.00,0.00,,0.00,0.00,0.00,0.00,,1,0,8.33,8.33,10.71,10.71,5.77,5.77,6.82,6.82,0.00,0.00
Somalia,SOM,20200318,0.00,,0.00,,0.00,,0.00,,0.00,,0.00,,0.00,,4.00,0.00,,0.00,0.00,0.00,0.00,,0.00,0.00,0.00,0.00,,1,0,11.11,11.11,14.29,14.29,7.69,7.69,9.09,9.09,0.00,0.00
Somalia,SOM,20200319,0.00,,0.00,,2.00,1,3.00,1,0.00,,0.00,,0.00,,4.00,0.00,,0.00,5000000.00,0.00,2.00,1,0.00,0.00,0.00,0.00,,1,0,41.67,41.67,42.86,42.86,28.85,28.85,34.09,34.09,0.00,0.00
Somalia,SOM,20200320,0.00,,0.00,,2.00,1,3.00,1,0.00,,0.00,,0.00,,4.00,0.00,,0.00,0.00,0.00,2.00,1,0.00,0.00,0.00,0.00,,1,0,41.67,41.67,42.86,42.86,28.85,28.85,34.09,34.09,0.00,0.00
Somalia,SOM,20200321,3.00,1,0.00,,2.00,1,3.00,1,0.00,,0.00,,0.00,,4.00,0.00,,0.00,0.00,0.00,2.00,1,0.00,0.00,0.00,0.00,,1,0,52.78,52.78,57.14,57.14,36.54,36.54,43.18,43.18,0.00,0.00
Somalia,SOM,20200322,3.00,1,0.00,,2.00,1,3.00,1,0.00,,0.00,,0.00,,4.00,0.00,,0.00,0.00,0.00,2.00,1,0.00,0.00,0.00,0.00,,1,0,52.78,52.78,57.14,57.14,36.54,36.54,43.18,43.18,0.00,0.00
Somalia,SOM,20200323,3.00,1,0.00,,2.00,1,3.00,1,0.00,,0.00,,0.00,,4.00,0.00,,0.00,0.00,0.00,2.00,1,0.00,0.00,0.00,0.00,,1,0,52.78,52.78,57.14,57.14,36.54,36.54,43.18,43.18,0.00,0.00
Somalia,SOM,20200324,3.00,1,0.00,,2.00,1,3.00,1,0.00,,0.00,,0.00,,4.00,0.00,,0.00,0.00,0.00,2.00,1,0.00,0.00,0.00,0.00,,1,0,52.78,52.78,57.14,57.14,36.54,36.54,43.18,43.18,0.00,0.00
Somalia,SOM,20200325,3.00,1,0.00,,2.00,1,3.00,1,0.00,,0.00,,0.00,,4.00,0.00,,0.00,0.00,0.00,2.00,1,1.00,0.00,0.00,0.00,,1,0,52.78,52.78,57.14,57.14,39.10,39.10,46.21,46.21,0.00,0.00
Somalia,SOM,20200326,3.00,1,0.00,,2.00,1,3.00,1,0.00,,0.00,,0.00,,4.00,0.00,,0.00,0.00,0.00,2.00,1,1.00,0.00,0.00,0.00,,1,0,52.78,52.78,57.14,57.14,39.10,39.10,46.21,46.21,0.00,0.00
Somalia,SOM,20200327,3.00,1,0.00,,2.00,1,3.00,1,0.00,,0.00,,0.00,,4.00,0.00,,0.00,0.00,0.00,2.00,1,1.00,0.00,0.00,0.00,,2,0,52.78,52.78,57.14,57.14,39.10,39.10,46.21,46.21,0.00,0.00
Somalia,SOM,20200328,3.00,1,0.00,,2.00,1,3.00,1,0.00,,0.00,,0.00,,4.00,0.00,,0.00,0.00,0.00,2.00,1,1.00,0.00,0.00,0.00,,3,0,52.78,52.78,57.14,57.14,39.10,39.10,46.21,46.21,0.00,0.00
Somalia,SOM,20200329,3.00,1,0.00,,2.00,1,3.00,1,0.00,,0.00,,0.00,,4.00,0.00,,0.00,0.00,0.00,2.00,1,1.00,0.00,0.00,0.00,,3,0,52.78,52.78,57.14,57.14,39.10,39.10,46.21,46.21,0.00,0.00
Somalia,SOM,20200330,3.00,1,0.00,,2.00,1,3.00,1,0.00,,0.00,,0.00,,4.00,0.00,,0.00,0.00,0.00,2.00,1,1.00,0.00,0.00,0.00,,3,0,52.78,52.78,57.14,57.14,39.10,39.10,46.21,46.21,0.00,0.00
Somalia,SOM,20200331,3.00,1,0.00,,2.00,1,3.00,1,0.00,,0.00,,0.00,,4.00,0.00,,0.00,0.00,0.00,2.00,1,1.00,0.00,0.00,0.00,,3,0,52.78,52.78,57.14,57.14,39.10,39.10,46.21,46.21,0.00,0.00
Somalia,SOM,20200401,3.00,1,0.00,,2.00,1,3.00,1,0.00,,0.00,,0.00,,4.00,0.00,,0.00,0.00,0.00,2.00,1,1.00,0.00,0.00,0.00,,3,0,52.78,52.78,57.14,57.14,39.10,39.10,46.21,46.21,0.00,0.00
Somalia,SOM,20200402,3.00,1,0.00,,2.00,1,3.00,1,0.00,,0.00,,0.00,,4.00,0.00,,0.00,0.00,0.00,2.00,1,1.00,0.00,0.00,0.00,,5,0,52.78,52.78,57.14,57.14,39.10,39.10,46.21,46.21,0.00,0.00
Somalia,SOM,20200403,3.00,1,0.00,,2.00,1,3.00,1,0.00,,0.00,,0.00,,4.00,0.00,,0.00,0.00,0.00,2.00,1,1.00,0.00,0.00,0.00,,5,0,52.78,52.78,57.14,57.14,39.10,39.10,46.21,46.21,0.00,0.00
Somalia,SOM,20200404,3.00,1,0.00,,2.00,1,3.00,1,0.00,,0.00,,0.00,,4.00,0.00,,0.00,0.00,0.00,2.00,1,1.00,0.00,0.00,0.00,,5,0,52.78,52.78,57.14,57.14,39.10,39.10,46.21,46.21,0.00,0.00
Somalia,SOM,20200405,3.00,1,0.00,,2.00,1,3.00,1,0.00,,0.00,,0.00,,4.00,0.00,,0.00,0.00,0.00,2.00,1,1.00,0.00,0.00,0.00,,7,0,52.78,52.78,57.14,57.14,39.10,39.10,46.21,46.21,0.00,0.00
Somalia,SOM,20200406,3.00,1,0.00,,2.00,1,3.00,1,0.00,,0.00,,0.00,,4.00,0.00,,0.00,0.00,0.00,2.00,1,1.00,0.00,0.00,0.00,,7,0,52.78,52.78,57.14,57.14,39.10,39.10,46.21,46.21,0.00,0.00
Somalia,SOM,20200407,3.00,1,0.00,,2.00,1,3.00,1,0.00,,0.00,,0.00,,4.00,0.00,,0.00,0.00,0.00,2.00,1,1.00,0.00,0.00,0.00,,7,0,52.78,52.78,57.14,57.14,39.10,39.10,46.21,46.21,0.00,0.00
Somalia,SOM,20200408,3.00,1,0.00,,2.00,1,3.00,1,0.00,,0.00,,0.00,,4.00,0.00,,0.00,0.00,0.00,2.00,1,1.00,0.00,0.00,0.00,,8,0,52.78,52.78,57.14,57.14,39.10,39.10,46.21,46.21,0.00,0.00
Somalia,SOM,20200409,3.00,1,0.00,,2.00,1,3.00,1,0.00,,0.00,,0.00,,4.00,0.00,,0.00,0.00,0.00,2.00,1,1.00,0.00,0.00,0.00,,8,0,52.78,52.78,57.14,57.14,39.10,39.10,46.21,46.21,0.00,0.00
Somalia,SOM,20200410,3.00,1,0.00,,2.00,1,3.00,1,0.00,,0.00,,0.00,,4.00,0.00,,0.00,0.00,0.00,2.00,1,1.00,0.00,0.00,0.00,,12,1,52.78,52.78,57.14,57.14,39.10,39.10,46.21,46.21,0.00,0.00
Somalia,SOM,20200411,3.00,1,1.00,1,2.00,1,3.00,1,0.00,,1.00,1,0.00,,4.00,0.00,,0.00,0.00,0.00,2.00,1,1.00,0.00,0.00,0.00,,21,1,60.19,60.19,71.43,71.43,44.23,44.23,52.27,52.27,0.00,0.00
Somalia,SOM,20200412,3.00,1,1.00,1,2.00,1,3.00,1,0.00,,1.00,1,0.00,,4.00,0.00,,0.00,0.00,0.00,2.00,1,1.00,0.00,0.00,0.00,,21,1,60.19,60.19,71.43,71.43,44.23,44.23,52.27,52.27,0.00,0.00
Somalia,SOM,20200413,3.00,1,1.00,1,2.00,1,3.00,1,0.00,,1.00,1,0.00,,4.00,0.00,,0.00,0.00,0.00,2.00,1,1.00,0.00,0.00,0.00,,25,2,60.19,60.19,71.43,71.43,44.23,44.23,52.27,52.27,0.00,0.00
Somalia,SOM,20200414,3.00,1,1.00,1,2.00,1,3.00,1,0.00,,1.00,1,0.00,,4.00,0.00,,0.00,0.00,0.00,2.00,1,1.00,0.00,0.00,0.00,,25,2,60.19,60.19,71.43,71.43,44.23,44.23,52.27,52.27,0.00,0.00
Somalia,SOM,20200415,3.00,1,1.00,1,2.00,1,3.00,1,0.00,,1.00,1,0.00,,4.00,0.00,,0.00,0.00,0.00,2.00,1,1.00,0.00,0.00,0.00,,60,2,60.19,60.19,71.43,71.43,44.23,44.23,52.27,52.27,0.00,0.00
Somalia,SOM,20200416,3.00,1,1.00,1,2.00,1,3.00,1,0.00,,1.00,1,0.00,,4.00,0.00,,0.00,0.00,0.00,2.00,1,1.00,0.00,0.00,0.00,,80,5,60.19,60.19,71.43,71.43,44.23,44.23,52.27,52.27,0.00,0.00
Somalia,SOM,20200417,3.00,1,1.00,1,2.00,1,3.00,1,0.00,,1.00,1,0.00,,4.00,0.00,,0.00,0.00,0.00,2.00,1,1.00,0.00,0.00,0.00,,80,5,60.19,60.19,71.43,71.43,44.23,44.23,52.27,52.27,0.00,0.00
Somalia,SOM,20200418,3.00,1,1.00,1,2.00,1,3.00,1,0.00,,1.00,1,0.00,,4.00,0.00,,0.00,0.00,0.00,2.00,1,1.00,0.00,0.00,0.00,,116,5,60.19,60.19,71.43,71.43,44.23,44.23,52.27,52.27,0.00,0.00
Somalia,SOM,20200419,3.00,1,1.00,1,2.00,1,3.00,1,0.00,,1.00,1,0.00,,4.00,0.00,,0.00,0.00,0.00,2.00,1,1.00,0.00,0.00,0.00,,135,7,60.19,60.19,71.43,71.43,44.23,44.23,52.27,52.27,0.00,0.00
Somalia,SOM,20200420,3.00,1,1.00,1,2.00,1,3.00,1,0.00,,1.00,1,0.00,,4.00,0.00,,0.00,0.00,0.00,2.00,1,1.00,0.00,0.00,0.00,,164,7,60.19,60.19,71.43,71.43,44.23,44.23,52.27,52.27,0.00,0.00
Somalia,SOM,20200421,3.00,1,1.00,1,2.00,1,3.00,1,0.00,,1.00,1,0.00,,4.00,0.00,,0.00,0.00,0.00,2.00,1,1.00,0.00,0.00,0.00,,237,8,60.19,60.19,71.43,71.43,44.23,44.23,52.27,52.27,0.00,0.00
Somalia,SOM,20200422,3.00,1,1.00,1,2.00,1,3.00,1,0.00,,1.00,1,0.00,,4.00,0.00,,0.00,0.00,0.00,2.00,1,1.00,0.00,0.00,0.00,,286,8,60.19,60.19,71.43,71.43,44.23,44.23,52.27,52.27,0.00,0.00
Somalia,SOM,20200423,3.00,1,1.00,1,2.00,1,3.00,1,0.00,,1.00,1,0.00,,4.00,0.00,,0.00,0.00,0.00,2.00,1,1.00,0.00,0.00,0.00,,286,14,60.19,60.19,71.43,71.43,44.23,44.23,52.27,52.27,0.00,0.00
Somalia,SOM,20200424,3.00,1,1.00,1,2.00,1,3.00,1,0.00,,1.00,1,0.00,,4.00,0.00,,0.00,0.00,0.00,2.00,1,1.00,0.00,0.00,0.00,,328,14,60.19,60.19,71.43,71.43,44.23,44.23,52.27,52.27,0.00,0.00
Somalia,SOM,20200425,3.00,1,1.00,1,2.00,1,3.00,1,0.00,,1.00,1,0.00,,4.00,0.00,,0.00,0.00,0.00,2.00,1,1.00,0.00,0.00,0.00,,328,16,60.19,60.19,71.43,71.43,44.23,44.23,52.27,52.27,0.00,0.00
Somalia,SOM,20200426,3.00,1,1.00,1,2.00,1,3.00,1,0.00,,1.00,1,0.00,,4.00,0.00,,0.00,0.00,0.00,2.00,1,1.00,0.00,0.00,0.00,,390,18,60.19,60.19,71.43,71.43,44.23,44.23,52.27,52.27,0.00,0.00
Somalia,SOM,20200427,3.00,1,1.00,1,2.00,1,3.00,1,0.00,,1.00,1,0.00,,4.00,0.00,,0.00,0.00,0.00,2.00,1,1.00,0.00,0.00,0.00,,436,23,60.19,60.19,71.43,71.43,44.23,44.23,52.27,52.27,0.00,0.00
Somalia,SOM,20200428,3.00,1,1.00,1,2.00,1,3.00,1,0.00,,1.00,1,0.00,,4.00,0.00,,0.00,0.00,0.00,2.00,1,1.00,0.00,0.00,0.00,,480,26,60.19,60.19,71.43,71.43,44.23,44.23,52.27,52.27,0.00,0.00
Somalia,SOM,20200429,3.00,1,1.00,1,2.00,1,3.00,1,0.00,,1.00,1,0.00,,4.00,0.00,,0.00,0.00,0.00,2.00,1,1.00,0.00,0.00,0.00,,528,28,60.19,60.19,71.43,71.43,44.23,44.23,52.27,52.27,0.00,0.00
Somalia,SOM,20200430,3.00,1,1.00,1,2.00,1,3.00,1,0.00,,1.00,1,0.00,,4.00,0.00,,0.00,0.00,0.00,2.00,1,1.00,0.00,0.00,0.00,,582,28,60.19,60.19,71.43,71.43,44.23,44.23,52.27,52.27,0.00,0.00
Somalia,SOM,20200501,3.00,1,1.00,1,2.00,1,3.00,1,0.00,,1.00,1,0.00,,4.00,0.00,,0.00,0.00,0.00,2.00,1,1.00,0.00,0.00,0.00,,601,28,60.19,60.19,71.43,71.43,44.23,44.23,52.27,52.27,0.00,0.00
Somalia,SOM,20200502,3.00,1,1.00,1,2.00,1,3.00,1,0.00,,1.00,1,0.00,,4.00,0.00,,0.00,0.00,0.00,2.00,1,1.00,0.00,0.00,0.00,,601,28,60.19,60.19,71.43,71.43,44.23,44.23,52.27,52.27,0.00,0.00
Somalia,SOM,20200503,3.00,1,1.00,1,2.00,1,3.00,1,0.00,,1.00,1,0.00,,4.00,0.00,,0.00,0.00,0.00,2.00,1,1.00,0.00,0.00,0.00,,671,31,60.19,60.19,71.43,71.43,44.23,44.23,52.27,52.27,0.00,0.00
Somalia,SOM,20200504,3.00,1,1.00,1,2.00,1,3.00,1,0.00,,1.00,1,0.00,,4.00,0.00,,0.00,0.00,0.00,2.00,1,1.00,0.00,0.00,0.00,,722,32,60.19,60.19,71.43,71.43,44.23,44.23,52.27,52.27,0.00,0.00
Somalia,SOM,20200505,3.00,1,1.00,1,2.00,1,3.00,1,0.00,,1.00,1,0.00,,4.00,0.00,,0.00,0.00,0.00,2.00,1,1.00,0.00,0.00,0.00,,756,35,60.19,60.19,71.43,71.43,44.23,44.23,52.27,52.27,0.00,0.00
Somalia,SOM,20200506,3.00,1,1.00,1,2.00,1,3.00,1,0.00,,1.00,1,0.00,,4.00,0.00,,0.00,0.00,0.00,2.00,1,1.00,0.00,0.00,0.00,,835,38,60.19,60.19,71.43,71.43,44.23,44.23,52.27,52.27,0.00,0.00
Somalia,SOM,20200507,3.00,1,1.00,1,2.00,1,3.00,1,0.00,,1.00,1,0.00,,4.00,0.00,,0.00,0.00,0.00,2.00,1,1.00,0.00,0.00,0.00,,873,39,60.19,60.19,71.43,71.43,44.23,44.23,52.27,52.27,0.00,0.00
Somalia,SOM,20200508,3.00,1,1.00,1,2.00,1,3.00,1,0.00,,1.00,1,0.00,,4.00,0.00,,0.00,0.00,0.00,2.00,1,1.00,0.00,0.00,0.00,,928,44,60.19,60.19,71.43,71.43,44.23,44.23,52.27,52.27,0.00,0.00
Somalia,SOM,20200509,3.00,1,1.00,1,2.00,1,3.00,1,0.00,,1.00,1,0.00,,4.00,0.00,,0.00,0.00,0.00,2.00,1,1.00,0.00,0.00,0.00,,928,44,60.19,60.19,71.43,71.43,44.23,44.23,52.27,52.27,0.00,0.00
Somalia,SOM,20200510,3.00,1,1.00,1,2.00,1,3.00,1,0.00,,1.00,1,0.00,,4.00,0.00,,0.00,0.00,0.00,2.00,1,1.00,0.00,0.00,0.00,,997,48,60.19,60.19,71.43,71.43,44.23,44.23,52.27,52.27,0.00,0.00
Somalia,SOM,20200511,3.00,1,1.00,1,2.00,1,3.00,1,0.00,,1.00,1,0.00,,4.00,0.00,,0.00,0.00,0.00,2.00,1,1.00,0.00,0.00,0.00,,1054,51,60.19,60.19,71.43,71.43,44.23,44.23,52.27,52.27,0.00,0.00
Somalia,SOM,20200512,3.00,1,1.00,1,2.00,1,3.00,1,0.00,,1.00,1,0.00,,4.00,0.00,,0.00,0.00,0.00,2.00,1,1.00,0.00,0.00,0.00,,1089,52,60.19,60.19,71.43,71.43,44.23,44.23,52.27,52.27,0.00,0.00
Somalia,SOM,20200513,3.00,1,1.00,1,2.00,1,3.00,1,0.00,,1.00,1,0.00,,4.00,0.00,,0.00,0.00,0.00,2.00,1,1.00,0.00,0.00,0.00,,1170,52,60.19,60.19,71.43,71.43,44.23,44.23,52.27,52.27,0.00,0.00
Somalia,SOM,20200514,3.00,1,1.00,1,2.00,1,3.00,1,0.00,,1.00,1,0.00,,4.00,0.00,,0.00,0.00,0.00,2.00,1,1.00,0.00,0.00,0.00,,1219,52,60.19,60.19,71.43,71.43,44.23,44.23,52.27,52.27,0.00,0.00
Somalia,SOM,20200515,3.00,1,1.00,1,2.00,1,3.00,1,0.00,,1.00,1,0.00,,4.00,0.00,,0.00,0.00,0.00,2.00,1,1.00,0.00,0.00,0.00,,1284,53,60.19,60.19,71.43,71.43,44.23,44.23,52.27,52.27,0.00,0.00
Somalia,SOM,20200516,3.00,1,1.00,1,2.00,1,3.00,1,0.00,,1.00,1,0.00,,4.00,0.00,,0.00,0.00,0.00,2.00,1,1.00,0.00,0.00,0.00,,1284,53,60.19,60.19,71.43,71.43,44.23,44.23,52.27,52.27,0.00,0.00
Somalia,SOM,20200517,3.00,1,1.00,1,2.00,1,3.00,1,0.00,,1.00,1,0.00,,4.00,0.00,,0.00,0.00,0.00,2.00,1,1.00,0.00,0.00,0.00,,1357,55,60.19,60.19,71.43,71.43,44.23,44.23,52.27,52.27,0.00,0.00
Somalia,SOM,20200518,3.00,1,1.00,1,2.00,1,3.00,1,0.00,,1.00,1,0.00,,4.00,0.00,,0.00,0.00,0.00,2.00,1,1.00,0.00,0.00,0.00,,1421,56,60.19,60.19,71.43,71.43,44.23,44.23,52.27,52.27,0.00,0.00
Somalia,SOM,20200519,3.00,1,1.00,1,2.00,1,3.00,1,0.00,,1.00,1,0.00,,4.00,0.00,,0.00,0.00,0.00,2.00,1,1.00,0.00,0.00,0.00,,1455,57,60.19,60.19,71.43,71.43,44.23,44.23,52.27,52.27,0.00,0.00
Somalia,SOM,20200520,3.00,1,1.00,1,2.00,1,3.00,1,0.00,,1.00,1,0.00,,4.00,0.00,,0.00,0.00,0.00,2.00,1,1.00,0.00,0.00,0.00,,1502,59,60.19,60.19,71.43,71.43,44.23,44.23,52.27,52.27,0.00,0.00
Somalia,SOM,20200521,3.00,1,1.00,1,2.00,1,3.00,1,0.00,,1.00,1,0.00,,4.00,0.00,,0.00,0.00,0.00,2.00,1,1.00,0.00,0.00,0.00,,1573,61,60.19,60.19,71.43,71.43,44.23,44.23,52.27,52.27,0.00,0.00
Somalia,SOM,20200522,3.00,1,1.00,1,2.00,1,3.00,1,0.00,,1.00,1,0.00,,4.00,0.00,,0.00,0.00,0.00,2.00,1,1.00,0.00,0.00,0.00,,1594,61,60.19,60.19,71.43,71.43,44.23,44.23,52.27,52.27,0.00,0.00
Somalia,SOM,20200523,3.00,1,1.00,1,2.00,1,3.00,1,0.00,,1.00,1,0.00,,4.00,0.00,,0.00,0.00,0.00,2.00,1,1.00,0.00,0.00,0.00,,1594,61,60.19,60.19,71.43,71.43,44.23,44.23,52.27,52.27,0.00,0.00
Somalia,SOM,20200524,3.00,1,1.00,1,2.00,1,3.00,1,0.00,,1.00,1,0.00,,4.00,0.00,,0.00,0.00,0.00,2.00,1,1.00,0.00,0.00,0.00,,1594,61,60.19,60.19,71.43,71.43,44.23,44.23,52.27,52.27,0.00,0.00
Somalia,SOM,20200525,3.00,1,1.00,1,2.00,1,3.00,1,0.00,,1.00,1,0.00,,4.00,0.00,,0.00,0.00,0.00,2.00,1,1.00,0.00,0.00,0.00,,1594,61,60.19,60.19,71.43,71.43,44.23,44.23,52.27,52.27,0.00,0.00
Somalia,SOM,20200526,3.00,1,1.00,1,2.00,1,3.00,1,0.00,,1.00,1,0.00,,4.00,0.00,,0.00,0.00,0.00,2.00,1,1.00,0.00,0.00,0.00,,1689,66,60.19,60.19,71.43,71.43,44.23,44.23,52.27,52.27,0.00,0.00
Somalia,SOM,20200527,3.00,1,1.00,1,2.00,1,3.00,1,0.00,,1.00,1,0.00,,4.00,0.00,,0.00,0.00,0.00,2.00,1,1.00,0.00,0.00,0.00,,1711,67,60.19,60.19,71.43,71.43,44.23,44.23,52.27,52.27,0.00,0.00
Somalia,SOM,20200528,3.00,1,1.00,1,2.00,1,3.00,1,0.00,,1.00,1,0.00,,4.00,0.00,,0.00,0.00,0.00,2.00,1,1.00,0.00,0.00,0.00,,1731,67,60.19,60.19,71.43,71.43,44.23,44.23,52.27,52.27,0.00,0.00
Somalia,SOM,20200529,3.00,1,0.00,,2.00,1,0.00,,0.00,,1.00,1,0.00,,4.00,0.00,,0.00,0.00,0.00,2.00,1,1.00,0.00,0.00,0.00,,1828,72,48.15,48.15,64.29,64.29,35.90,35.90,42.42,42.42,0.00,0.00
Somalia,SOM,20200530,3.00,1,0.00,,2.00,1,0.00,,0.00,,1.00,1,0.00,,4.00,0.00,,0.00,0.00,0.00,2.00,1,1.00,0.00,0.00,0.00,,1828,72,48.15,48.15,64.29,64.29,35.90,35.90,42.42,42.42,0.00,0.00
Somalia,SOM,20200531,3.00,1,0.00,,2.00,1,0.00,,0.00,,1.00,1,0.00,,4.00,0.00,,0.00,0.00,0.00,2.00,1,1.00,0.00,0.00,0.00,,1916,73,48.15,48.15,64.29,64.29,35.90,35.90,42.42,42.42,0.00,0.00
Somalia,SOM,20200601,3.00,1,0.00,,2.00,1,0.00,,0.00,,1.00,1,0.00,,4.00,0.00,,0.00,0.00,0.00,2.00,1,1.00,0.00,0.00,0.00,,1976,78,48.15,48.15,64.29,64.29,35.90,35.90,42.42,42.42,0.00,0.00
Somalia,SOM,20200602,3.00,1,0.00,,2.00,1,0.00,,0.00,,1.00,1,0.00,,4.00,0.00,,0.00,0.00,0.00,2.00,1,1.00,0.00,0.00,0.00,,2023,79,48.15,48.15,64.29,64.29,35.90,35.90,42.42,42.42,0.00,0.00
Somalia,SOM,20200603,3.00,1,0.00,,2.00,1,0.00,,0.00,,1.00,1,0.00,,4.00,0.00,,0.00,0.00,0.00,2.00,1,1.00,0.00,0.00,0.00,,2089,79,48.15,48.15,64.29,64.29,35.90,35.90,42.42,42.42,0.00,0.00
Somalia,SOM,20200604,3.00,1,0.00,,2.00,1,0.00,,0.00,,1.00,1,0.00,,4.00,0.00,,0.00,0.00,0.00,2.00,1,1.00,0.00,0.00,0.00,,2146,79,48.15,48.15,64.29,64.29,35.90,35.90,42.42,42.42,0.00,0.00
Somalia,SOM,20200605,3.00,1,0.00,,2.00,1,0.00,,0.00,,1.00,1,0.00,,4.00,0.00,,0.00,0.00,0.00,2.00,1,1.00,0.00,0.00,0.00,,2204,79,48.15,48.15,64.29,64.29,35.90,35.90,42.42,42.42,0.00,0.00
Somalia,SOM,20200606,3.00,1,0.00,,2.00,1,0.00,,0.00,,1.00,1,0.00,,4.00,0.00,,0.00,0.00,0.00,2.00,1,1.00,0.00,0.00,0.00,,2204,79,48.15,48.15,64.29,64.29,35.90,35.90,42.42,42.42,0.00,0.00
Somalia,SOM,20200607,3.00,1,0.00,,2.00,1,0.00,,0.00,,1.00,1,0.00,,4.00,0.00,,0.00,0.00,0.00,2.00,1,1.00,0.00,0.00,0.00,,2289,82,48.15,48.15,64.29,64.29,35.90,35.90,42.42,42.42,0.00,0.00
Somalia,SOM,20200608,3.00,1,0.00,,2.00,1,0.00,,0.00,,1.00,1,0.00,,4.00,0.00,,0.00,0.00,0.00,2.00,1,1.00,0.00,0.00,0.00,,2334,83,48.15,48.15,64.29,64.29,35.90,35.90,42.42,42.42,0.00,0.00
Somalia,SOM,20200609,,,,,,,,,,,,,,,,,,,,,,,,,,,,2368,84,,,,,,,,,,
Somalia,SOM,20200610,,,,,,,,,,,,,,,,,,,,,,,,,,,,2416,85,,,,,,,,,,
Somalia,SOM,20200611,3.00,1,0.00,,2.00,1,0.00,,0.00,,1.00,1,0.00,,4.00,0.00,,0.00,0.00,0.00,2.00,1,1.00,0.00,0.00,0.00,,2452,85,48.15,48.15,64.29,64.29,35.90,35.90,42.42,42.42,0.00,0.00
Somalia,SOM,20200612,3.00,1,0.00,,2.00,1,0.00,,0.00,,1.00,1,0.00,,4.00,0.00,,0.00,0.00,0.00,2.00,1,1.00,0.00,0.00,0.00,,2513,85,48.15,48.15,64.29,64.29,35.90,35.90,42.42,42.42,0.00,0.00
Somalia,SOM,20200613,3.00,1,0.00,,2.00,1,0.00,,0.00,,1.00,1,0.00,,4.00,0.00,,0.00,0.00,0.00,2.00,1,1.00,0.00,0.00,0.00,,2513,85,48.15,48.15,64.29,64.29,35.90,35.90,42.42,42.42,0.00,0.00
Somalia,SOM,20200614,3.00,1,0.00,,2.00,1,0.00,,0.00,,1.00,1,0.00,,4.00,0.00,,0.00,0.00,0.00,2.00,1,1.00,0.00,0.00,0.00,,2579,87,48.15,48.15,64.29,64.29,35.90,35.90,42.42,42.42,0.00,0.00
Somalia,SOM,20200615,3.00,1,0.00,,2.00,1,0.00,,0.00,,1.00,1,0.00,,4.00,0.00,,0.00,0.00,0.00,2.00,1,1.00,0.00,0.00,0.00,,2603,88,48.15,48.15,64.29,64.29,35.90,35.90,42.42,42.42,0.00,0.00
Somalia,SOM,20200616,3.00,1,0.00,,2.00,1,0.00,,0.00,,1.00,1,0.00,,4.00,0.00,,0.00,0.00,0.00,2.00,1,1.00,0.00,0.00,0.00,,2642,88,48.15,48.15,64.29,64.29,35.90,35.90,42.42,42.42,0.00,0.00
Somalia,SOM,20200617,3.00,1,0.00,,2.00,1,0.00,,0.00,,1.00,1,0.00,,4.00,0.00,,0.00,0.00,0.00,2.00,1,1.00,0.00,0.00,0.00,,2658,88,48.15,48.15,64.29,64.29,35.90,35.90,42.42,42.42,0.00,0.00
Somalia,SOM,20200618,3.00,1,0.00,,2.00,1,0.00,,0.00,,1.00,1,0.00,,4.00,0.00,,0.00,0.00,0.00,2.00,1,1.00,0.00,0.00,0.00,,2696,88,48.15,48.15,64.29,64.29,35.90,35.90,42.42,42.42,0.00,0.00
Somalia,SOM,20200619,3.00,1,0.00,,2.00,1,0.00,,0.00,,1.00,1,0.00,,4.00,0.00,,0.00,0.00,0.00,2.00,1,1.00,0.00,0.00,0.00,,2719,88,48.15,48.15,64.29,64.29,35.90,35.90,42.42,42.42,0.00,0.00
Somalia,SOM,20200620,3.00,1,0.00,,2.00,1,0.00,,0.00,,1.00,1,0.00,,4.00,0.00,,0.00,0.00,0.00,2.00,1,1.00,0.00,0.00,0.00,,2719,88,48.15,48.15,64.29,64.29,35.90,35.90,42.42,42.42,0.00,0.00
Somalia,SOM,20200621,3.00,1,0.00,,2.00,1,0.00,,0.00,,1.00,1,0.00,,4.00,0.00,,0.00,0.00,0.00,2.00,1,1.00,0.00,0.00,0.00,,2755,88,48.15,48.15,64.29,64.29,35.90,35.90,42.42,42.42,0.00,0.00
Somalia,SOM,20200622,3.00,1,0.00,,2.00,1,0.00,,0.00,,1.00,1,0.00,,4.00,0.00,,0.00,0.00,0.00,2.00,1,1.00,0.00,0.00,0.00,,2779,90,48.15,48.15,64.29,64.29,35.90,35.90,42.42,42.42,0.00,0.00
Somalia,SOM,20200623,,,,,,,,,,,,,,,,,,,,,,,,,,,,2812,90,,48.15,,64.29,,35.90,,42.42,,0.00
