South Sudan,SSD,20200101,0.00,,0.00,,0.00,,0.00,,0.00,,0.00,,0.00,,0.00,0.00,,0.00,0.00,0.00,0.00,,0.00,0.00,0.00,0.00,,,,0.00,0.00,0.00,0.00,0.00,0.00,0.00,0.00,0.00,0.00
South Sudan,SSD,20200102,0.00,,0.00,,0.00,,0.00,,0.00,,0.00,,0.00,,0.00,0.00,,0.00,0.00,0.00,0.00,,0.00,0.00,0.00,0.00,,,,0.00,0.00,0.00,0.00,0.00,0.00,0.00,0.00,0.00,0.00
South Sudan,SSD,20200103,0.00,,0.00,,0.00,,0.00,,0.00,,0.00,,0.00,,0.00,0.00,,0.00,0.00,0.00,0.00,,0.00,0.00,0.00,0.00,,,,0.00,0.00,0.00,0.00,0.00,0.00,0.00,0.00,0.00,0.00
South Sudan,SSD,20200104,0.00,,0.00,,0.00,,0.00,,0.00,,0.00,,0.00,,0.00,0.00,,0.00,0.00,0.00,0.00,,0.00,0.00,0.00,0.00,,,,0.00,0.00,0.00,0.00,0.00,0.00,0.00,0.00,0.00,0.00
South Sudan,SSD,20200105,0.00,,0.00,,0.00,,0.00,,0.00,,0.00,,0.00,,0.00,0.00,,0.00,0.00,0.00,0.00,,0.00,0.00,0.00,0.00,,,,0.00,0.00,0.00,0.00,0.00,0.00,0.00,0.00,0.00,0.00
South Sudan,SSD,20200106,0.00,,0.00,,0.00,,0.00,,0.00,,0.00,,0.00,,0.00,0.00,,0.00,0.00,0.00,0.00,,0.00,0.00,0.00,0.00,,,,0.00,0.00,0.00,0.00,0.00,0.00,0.00,0.00,0.00,0.00
South Sudan,SSD,20200107,0.00,,0.00,,0.00,,0.00,,0.00,,0.00,,0.00,,0.00,0.00,,0.00,0.00,0.00,0.00,,0.00,0.00,0.00,0.00,,,,0.00,0.00,0.00,0.00,0.00,0.00,0.00,0.00,0.00,0.00
South Sudan,SSD,20200108,0.00,,0.00,,0.00,,0.00,,0.00,,0.00,,0.00,,0.00,0.00,,0.00,0.00,0.00,0.00,,0.00,0.00,0.00,0.00,,,,0.00,0.00,0.00,0.00,0.00,0.00,0.00,0.00,0.00,0.00
South Sudan,SSD,20200109,0.00,,0.00,,0.00,,0.00,,0.00,,0.00,,0.00,,0.00,0.00,,0.00,0.00,0.00,0.00,,0.00,0.00,0.00,0.00,,,,0.00,0.00,0.00,0.00,0.00,0.00,0.00,0.00,0.00,0.00
South Sudan,SSD,20200110,0.00,,0.00,,0.00,,0.00,,0.00,,0.00,,0.00,,0.00,0.00,,0.00,0.00,0.00,0.00,,0.00,0.00,0.00,0.00,,,,0.00,0.00,0.00,0.00,0.00,0.00,0.00,0.00,0.00,0.00
South Sudan,SSD,20200111,0.00,,0.00,,0.00,,0.00,,0.00,,0.00,,0.00,,0.00,0.00,,0.00,0.00,0.00,0.00,,0.00,0.00,0.00,0.00,,,,0.00,0.00,0.00,0.00,0.00,0.00,0.00,0.00,0.00,0.00
South Sudan,SSD,20200112,0.00,,0.00,,0.00,,0.00,,0.00,,0.00,,0.00,,0.00,0.00,,0.00,0.00,0.00,0.00,,0.00,0.00,0.00,0.00,,,,0.00,0.00,0.00,0.00,0.00,0.00,0.00,0.00,0.00,0.00
South Sudan,SSD,20200113,0.00,,0.00,,0.00,,0.00,,0.00,,0.00,,0.00,,0.00,0.00,,0.00,0.00,0.00,0.00,,0.00,0.00,0.00,0.00,,,,0.00,0.00,0.00,0.00,0.00,0.00,0.00,0.00,0.00,0.00
South Sudan,SSD,20200114,0.00,,0.00,,0.00,,0.00,,0.00,,0.00,,0.00,,0.00,0.00,,0.00,0.00,0.00,0.00,,0.00,0.00,0.00,0.00,,,,0.00,0.00,0.00,0.00,0.00,0.00,0.00,0.00,0.00,0.00
South Sudan,SSD,20200115,0.00,,0.00,,0.00,,0.00,,0.00,,0.00,,0.00,,0.00,0.00,,0.00,0.00,0.00,0.00,,0.00,0.00,0.00,0.00,,,,0.00,0.00,0.00,0.00,0.00,0.00,0.00,0.00,0.00,0.00
South Sudan,SSD,20200116,0.00,,0.00,,0.00,,0.00,,0.00,,0.00,,0.00,,0.00,0.00,,0.00,0.00,0.00,0.00,,0.00,0.00,0.00,0.00,,,,0.00,0.00,0.00,0.00,0.00,0.00,0.00,0.00,0.00,0.00
South Sudan,SSD,20200117,0.00,,0.00,,0.00,,0.00,,0.00,,0.00,,0.00,,0.00,0.00,,0.00,0.00,0.00,0.00,,0.00,0.00,0.00,0.00,,,,0.00,0.00,0.00,0.00,0.00,0.00,0.00,0.00,0.00,0.00
South Sudan,SSD,20200118,0.00,,0.00,,0.00,,0.00,,0.00,,0.00,,0.00,,0.00,0.00,,0.00,0.00,0.00,0.00,,0.00,0.00,0.00,0.00,,,,0.00,0.00,0.00,0.00,0.00,0.00,0.00,0.00,0.00,0.00
South Sudan,SSD,20200119,0.00,,0.00,,0.00,,0.00,,0.00,,0.00,,0.00,,0.00,0.00,,0.00,0.00,0.00,0.00,,0.00,0.00,0.00,0.00,,,,0.00,0.00,0.00,0.00,0.00,0.00,0.00,0.00,0.00,0.00
South Sudan,SSD,20200120,0.00,,0.00,,0.00,,0.00,,0.00,,0.00,,0.00,,0.00,0.00,,0.00,0.00,0.00,0.00,,0.00,0.00,0.00,0.00,,,,0.00,0.00,0.00,0.00,0.00,0.00,0.00,0.00,0.00,0.00
South Sudan,SSD,20200121,0.00,,0.00,,0.00,,0.00,,0.00,,0.00,,0.00,,0.00,0.00,,0.00,0.00,0.00,0.00,,0.00,0.00,0.00,0.00,,,,0.00,0.00,0.00,0.00,0.00,0.00,0.00,0.00,0.00,0.00
South Sudan,SSD,20200122,0.00,,0.00,,0.00,,0.00,,0.00,,0.00,,0.00,,0.00,0.00,,0.00,0.00,0.00,0.00,,0.00,0.00,0.00,0.00,,,,0.00,0.00,0.00,0.00,0.00,0.00,0.00,0.00,0.00,0.00
South Sudan,SSD,20200123,0.00,,0.00,,0.00,,0.00,,0.00,,0.00,,0.00,,0.00,0.00,,0.00,0.00,0.00,0.00,,0.00,0.00,0.00,0.00,,,,0.00,0.00,0.00,0.00,0.00,0.00,0.00,0.00,0.00,0.00
South Sudan,SSD,20200124,0.00,,0.00,,0.00,,0.00,,0.00,,0.00,,0.00,,0.00,0.00,,0.00,0.00,0.00,0.00,,0.00,0.00,0.00,0.00,,,,0.00,0.00,0.00,0.00,0.00,0.00,0.00,0.00,0.00,0.00
South Sudan,SSD,20200125,0.00,,0.00,,0.00,,0.00,,0.00,,0.00,,0.00,,0.00,0.00,,0.00,0.00,0.00,0.00,,0.00,0.00,0.00,0.00,,,,0.00,0.00,0.00,0.00,0.00,0.00,0.00,0.00,0.00,0.00
South Sudan,SSD,20200126,0.00,,0.00,,0.00,,0.00,,0.00,,0.00,,0.00,,0.00,0.00,,0.00,0.00,0.00,0.00,,0.00,0.00,0.00,0.00,,,,0.00,0.00,0.00,0.00,0.00,0.00,0.00,0.00,0.00,0.00
South Sudan,SSD,20200127,0.00,,0.00,,0.00,,0.00,,0.00,,0.00,,0.00,,0.00,0.00,,0.00,0.00,0.00,0.00,,0.00,0.00,0.00,0.00,,,,0.00,0.00,0.00,0.00,0.00,0.00,0.00,0.00,0.00,0.00
South Sudan,SSD,20200128,0.00,,0.00,,0.00,,0.00,,0.00,,0.00,,0.00,,0.00,0.00,,0.00,0.00,0.00,0.00,,0.00,0.00,0.00,0.00,,,,0.00,0.00,0.00,0.00,0.00,0.00,0.00,0.00,0.00,0.00
South Sudan,SSD,20200129,0.00,,0.00,,0.00,,0.00,,0.00,,0.00,,0.00,,0.00,0.00,,0.00,0.00,0.00,0.00,,0.00,0.00,0.00,0.00,,,,0.00,0.00,0.00,0.00,0.00,0.00,0.00,0.00,0.00,0.00
South Sudan,SSD,20200130,0.00,,0.00,,0.00,,0.00,,0.00,,0.00,,0.00,,0.00,0.00,,0.00,0.00,0.00,0.00,,0.00,0.00,0.00,0.00,,,,0.00,0.00,0.00,0.00,0.00,0.00,0.00,0.00,0.00,0.00
South Sudan,SSD,20200131,0.00,,0.00,,0.00,,0.00,,0.00,,0.00,,0.00,,0.00,0.00,,0.00,0.00,0.00,0.00,,0.00,0.00,0.00,0.00,,,,0.00,0.00,0.00,0.00,0.00,0.00,0.00,0.00,0.00,0.00
South Sudan,SSD,20200201,0.00,,0.00,,0.00,,0.00,,0.00,,0.00,,0.00,,0.00,0.00,,0.00,0.00,0.00,0.00,,0.00,0.00,0.00,0.00,,,,0.00,0.00,0.00,0.00,0.00,0.00,0.00,0.00,0.00,0.00
South Sudan,SSD,20200202,0.00,,0.00,,0.00,,0.00,,0.00,,0.00,,0.00,,0.00,0.00,,0.00,0.00,0.00,0.00,,0.00,0.00,0.00,0.00,,,,0.00,0.00,0.00,0.00,0.00,0.00,0.00,0.00,0.00,0.00
South Sudan,SSD,20200203,0.00,,0.00,,0.00,,0.00,,0.00,,0.00,,0.00,,0.00,0.00,,0.00,0.00,0.00,0.00,,0.00,0.00,0.00,0.00,,,,0.00,0.00,0.00,0.00,0.00,0.00,0.00,0.00,0.00,0.00
South Sudan,SSD,20200204,0.00,,0.00,,0.00,,0.00,,0.00,,0.00,,0.00,,0.00,0.00,,0.00,0.00,0.00,0.00,,0.00,0.00,0.00,0.00,,,,0.00,0.00,0.00,0.00,0.00,0.00,0.00,0.00,0.00,0.00
South Sudan,SSD,20200205,0.00,,0.00,,0.00,,0.00,,0.00,,0.00,,0.00,,0.00,0.00,,0.00,0.00,0.00,0.00,,0.00,0.00,0.00,0.00,,,,0.00,0.00,0.00,0.00,0.00,0.00,0.00,0.00,0.00,0.00
South Sudan,SSD,20200206,0.00,,0.00,,0.00,,0.00,,0.00,,0.00,,0.00,,0.00,0.00,,0.00,0.00,0.00,0.00,,0.00,0.00,0.00,0.00,,,,0.00,0.00,0.00,0.00,0.00,0.00,0.00,0.00,0.00,0.00
South Sudan,SSD,20200207,0.00,,0.00,,0.00,,0.00,,0.00,,0.00,,0.00,,0.00,0.00,,0.00,0.00,0.00,0.00,,0.00,0.00,0.00,0.00,,,,0.00,0.00,0.00,0.00,0.00,0.00,0.00,0.00,0.00,0.00
South Sudan,SSD,20200208,0.00,,0.00,,0.00,,0.00,,0.00,,0.00,,0.00,,0.00,0.00,,0.00,0.00,0.00,0.00,,0.00,0.00,0.00,0.00,,,,0.00,0.00,0.00,0.00,0.00,0.00,0.00,0.00,0.00,0.00
South Sudan,SSD,20200209,0.00,,0.00,,0.00,,0.00,,0.00,,0.00,,0.00,,0.00,0.00,,0.00,0.00,0.00,0.00,,0.00,0.00,0.00,0.00,,,,0.00,0.00,0.00,0.00,0.00,0.00,0.00,0.00,0.00,0.00
South Sudan,SSD,20200210,0.00,,0.00,,0.00,,0.00,,0.00,,0.00,,0.00,,0.00,0.00,,0.00,0.00,0.00,0.00,,0.00,0.00,0.00,0.00,,,,0.00,0.00,0.00,0.00,0.00,0.00,0.00,0.00,0.00,0.00
South Sudan,SSD,20200211,0.00,,0.00,,0.00,,0.00,,0.00,,0.00,,0.00,,0.00,0.00,,0.00,0.00,0.00,0.00,,0.00,0.00,0.00,0.00,,,,0.00,0.00,0.00,0.00,0.00,0.00,0.00,0.00,0.00,0.00
South Sudan,SSD,20200212,0.00,,0.00,,0.00,,0.00,,0.00,,0.00,,0.00,,0.00,0.00,,0.00,0.00,0.00,0.00,,0.00,0.00,0.00,0.00,,,,0.00,0.00,0.00,0.00,0.00,0.00,0.00,0.00,0.00,0.00
South Sudan,SSD,20200213,0.00,,0.00,,0.00,,0.00,,0.00,,0.00,,0.00,,0.00,0.00,,0.00,0.00,0.00,0.00,,0.00,0.00,0.00,0.00,,,,0.00,0.00,0.00,0.00,0.00,0.00,0.00,0.00,0.00,0.00
South Sudan,SSD,20200214,0.00,,0.00,,0.00,,0.00,,0.00,,0.00,,0.00,,0.00,0.00,,0.00,0.00,0.00,0.00,,0.00,0.00,0.00,0.00,,,,0.00,0.00,0.00,0.00,0.00,0.00,0.00,0.00,0.00,0.00
South Sudan,SSD,20200215,0.00,,0.00,,0.00,,0.00,,0.00,,0.00,,0.00,,0.00,0.00,,0.00,0.00,0.00,0.00,,0.00,0.00,0.00,0.00,,,,0.00,0.00,0.00,0.00,0.00,0.00,0.00,0.00,0.00,0.00
South Sudan,SSD,20200216,0.00,,0.00,,0.00,,0.00,,0.00,,0.00,,0.00,,0.00,0.00,,0.00,0.00,0.00,0.00,,0.00,0.00,0.00,0.00,,,,0.00,0.00,0.00,0.00,0.00,0.00,0.00,0.00,0.00,0.00
South Sudan,SSD,20200217,0.00,,0.00,,0.00,,0.00,,0.00,,0.00,,0.00,,0.00,0.00,,0.00,0.00,0.00,0.00,,0.00,0.00,0.00,0.00,,,,0.00,0.00,0.00,0.00,0.00,0.00,0.00,0.00,0.00,0.00
South Sudan,SSD,20200218,0.00,,0.00,,0.00,,0.00,,0.00,,0.00,,0.00,,0.00,0.00,,0.00,0.00,0.00,0.00,,0.00,0.00,0.00,0.00,,,,0.00,0.00,0.00,0.00,0.00,0.00,0.00,0.00,0.00,0.00
South Sudan,SSD,20200219,0.00,,0.00,,0.00,,0.00,,0.00,,0.00,,0.00,,0.00,0.00,,0.00,0.00,0.00,0.00,,0.00,0.00,0.00,0.00,,,,0.00,0.00,0.00,0.00,0.00,0.00,0.00,0.00,0.00,0.00
South Sudan,SSD,20200220,0.00,,0.00,,0.00,,0.00,,0.00,,0.00,,0.00,,0.00,0.00,,0.00,0.00,0.00,0.00,,0.00,0.00,0.00,0.00,,,,0.00,0.00,0.00,0.00,0.00,0.00,0.00,0.00,0.00,0.00
South Sudan,SSD,20200221,0.00,,0.00,,0.00,,0.00,,0.00,,0.00,,0.00,,0.00,0.00,,0.00,0.00,0.00,0.00,,0.00,0.00,0.00,0.00,,,,0.00,0.00,0.00,0.00,0.00,0.00,0.00,0.00,0.00,0.00
South Sudan,SSD,20200222,0.00,,0.00,,0.00,,0.00,,0.00,,0.00,,0.00,,0.00,0.00,,0.00,0.00,0.00,0.00,,0.00,0.00,0.00,0.00,,,,0.00,0.00,0.00,0.00,0.00,0.00,0.00,0.00,0.00,0.00
South Sudan,SSD,20200223,0.00,,0.00,,0.00,,0.00,,0.00,,0.00,,0.00,,0.00,0.00,,0.00,0.00,0.00,0.00,,0.00,0.00,0.00,0.00,,,,0.00,0.00,0.00,0.00,0.00,0.00,0.00,0.00,0.00,0.00
South Sudan,SSD,20200224,0.00,,0.00,,0.00,,0.00,,0.00,,0.00,,0.00,,2.00,0.00,,0.00,0.00,0.00,0.00,,0.00,0.00,0.00,0.00,,,,5.56,5.56,7.14,7.14,3.85,3.85,4.55,4.55,0.00,0.00
South Sudan,SSD,20200225,0.00,,0.00,,0.00,,0.00,,0.00,,0.00,,0.00,,2.00,0.00,,0.00,0.00,0.00,0.00,,0.00,0.00,0.00,0.00,,,,5.56,5.56,7.14,7.14,3.85,3.85,4.55,4.55,0.00,0.00
South Sudan,SSD,20200226,0.00,,0.00,,0.00,,0.00,,0.00,,0.00,,0.00,,2.00,0.00,,0.00,0.00,0.00,0.00,,0.00,0.00,0.00,0.00,,,,5.56,5.56,7.14,7.14,3.85,3.85,4.55,4.55,0.00,0.00
South Sudan,SSD,20200227,0.00,,0.00,,0.00,,0.00,,0.00,,0.00,,0.00,,2.00,0.00,,0.00,0.00,0.00,0.00,,0.00,0.00,0.00,0.00,,,,5.56,5.56,7.14,7.14,3.85,3.85,4.55,4.55,0.00,0.00
South Sudan,SSD,20200228,0.00,,0.00,,0.00,,0.00,,0.00,,0.00,,0.00,,2.00,0.00,,0.00,0.00,0.00,0.00,,0.00,0.00,0.00,0.00,,,,5.56,5.56,7.14,7.14,3.85,3.85,4.55,4.55,0.00,0.00
South Sudan,SSD,20200229,0.00,,0.00,,0.00,,0.00,,0.00,,0.00,,0.00,,2.00,0.00,,0.00,0.00,0.00,0.00,,0.00,0.00,0.00,0.00,,,,5.56,5.56,7.14,7.14,3.85,3.85,4.55,4.55,0.00,0.00
South Sudan,SSD,20200301,0.00,,0.00,,0.00,,0.00,,0.00,,0.00,,0.00,,2.00,0.00,,0.00,0.00,0.00,0.00,,0.00,0.00,0.00,0.00,,,,5.56,5.56,7.14,7.14,3.85,3.85,4.55,4.55,0.00,0.00
South Sudan,SSD,20200302,0.00,,0.00,,0.00,,0.00,,0.00,,0.00,,0.00,,2.00,0.00,,0.00,0.00,0.00,0.00,,1.00,0.00,0.00,0.00,,,,5.56,5.56,7.14,7.14,6.41,6.41,7.58,7.58,0.00,0.00
South Sudan,SSD,20200303,0.00,,0.00,,0.00,,0.00,,0.00,,0.00,,0.00,,2.00,0.00,,0.00,0.00,0.00,0.00,,1.00,0.00,0.00,0.00,,,,5.56,5.56,7.14,7.14,6.41,6.41,7.58,7.58,0.00,0.00
South Sudan,SSD,20200304,0.00,,0.00,,0.00,,0.00,,0.00,,0.00,,0.00,,2.00,0.00,,0.00,0.00,0.00,0.00,,1.00,0.00,0.00,0.00,,,,5.56,5.56,7.14,7.14,6.41,6.41,7.58,7.58,0.00,0.00
South Sudan,SSD,20200305,0.00,,0.00,,0.00,,0.00,,0.00,,0.00,,0.00,,2.00,0.00,,0.00,0.00,0.00,0.00,,1.00,0.00,0.00,0.00,,,,5.56,5.56,7.14,7.14,6.41,6.41,7.58,7.58,0.00,0.00
South Sudan,SSD,20200306,0.00,,0.00,,0.00,,0.00,,0.00,,0.00,,0.00,,2.00,0.00,,0.00,0.00,0.00,0.00,,1.00,0.00,0.00,0.00,,,,5.56,5.56,7.14,7.14,6.41,6.41,7.58,7.58,0.00,0.00
South Sudan,SSD,20200307,0.00,,0.00,,0.00,,0.00,,0.00,,0.00,,0.00,,2.00,0.00,,0.00,0.00,0.00,0.00,,1.00,0.00,0.00,0.00,,,,5.56,5.56,7.14,7.14,6.41,6.41,7.58,7.58,0.00,0.00
South Sudan,SSD,20200308,0.00,,0.00,,0.00,,0.00,,0.00,,0.00,,0.00,,2.00,0.00,,0.00,0.00,0.00,0.00,,1.00,0.00,0.00,0.00,,,,5.56,5.56,7.14,7.14,6.41,6.41,7.58,7.58,0.00,0.00
South Sudan,SSD,20200309,0.00,,0.00,,0.00,,0.00,,0.00,,0.00,,0.00,,2.00,0.00,,0.00,0.00,0.00,0.00,,1.00,0.00,0.00,0.00,,,,5.56,5.56,7.14,7.14,6.41,6.41,7.58,7.58,0.00,0.00
South Sudan,SSD,20200310,0.00,,0.00,,0.00,,0.00,,0.00,,0.00,,0.00,,2.00,0.00,,0.00,0.00,0.00,0.00,,1.00,0.00,0.00,0.00,,,,5.56,5.56,7.14,7.14,6.41,6.41,7.58,7.58,0.00,0.00
South Sudan,SSD,20200311,0.00,,0.00,,0.00,,0.00,,0.00,,0.00,,0.00,,2.00,0.00,,0.00,0.00,0.00,0.00,,1.00,0.00,0.00,0.00,,,,5.56,5.56,7.14,7.14,6.41,6.41,7.58,7.58,0.00,0.00
South Sudan,SSD,20200312,0.00,,0.00,,0.00,,0.00,,0.00,,0.00,,0.00,,2.00,0.00,,0.00,0.00,0.00,0.00,,1.00,0.00,0.00,0.00,,,,5.56,5.56,7.14,7.14,6.41,6.41,7.58,7.58,0.00,0.00
South Sudan,SSD,20200313,0.00,,0.00,,0.00,,0.00,,0.00,,0.00,,0.00,,3.00,0.00,,0.00,0.00,0.00,0.00,,1.00,0.00,0.00,0.00,,,,8.33,8.33,10.71,10.71,8.33,8.33,9.85,9.85,0.00,0.00
South Sudan,SSD,20200314,0.00,,0.00,,0.00,,0.00,,0.00,,0.00,,0.00,,3.00,0.00,,0.00,0.00,0.00,0.00,,1.00,0.00,0.00,0.00,,,,8.33,8.33,10.71,10.71,8.33,8.33,9.85,9.85,0.00,0.00
South Sudan,SSD,20200315,0.00,,0.00,,0.00,,0.00,,0.00,,0.00,,0.00,,3.00,0.00,,0.00,0.00,0.00,0.00,,1.00,0.00,0.00,0.00,,,,8.33,8.33,10.71,10.71,8.33,8.33,9.85,9.85,0.00,0.00
South Sudan,SSD,20200316,0.00,,0.00,,2.00,1,2.00,1,0.00,,0.00,,0.00,,3.00,0.00,,0.00,0.00,0.00,2.00,1,1.00,0.00,0.00,0.00,,,,36.11,36.11,39.29,39.29,27.56,27.56,32.58,32.58,0.00,0.00
South Sudan,SSD,20200317,0.00,,0.00,,2.00,1,2.00,1,0.00,,0.00,,0.00,,3.00,0.00,,0.00,0.00,0.00,2.00,1,1.00,0.00,0.00,0.00,,,,36.11,36.11,39.29,39.29,27.56,27.56,32.58,32.58,0.00,0.00
South Sudan,SSD,20200318,0.00,,0.00,,2.00,1,2.00,1,0.00,,0.00,,0.00,,3.00,0.00,,0.00,0.00,0.00,2.00,1,1.00,0.00,0.00,0.00,,,,36.11,36.11,39.29,39.29,27.56,27.56,32.58,32.58,0.00,0.00
South Sudan,SSD,20200319,0.00,,0.00,,2.00,1,2.00,1,0.00,,0.00,,0.00,,3.00,0.00,,0.00,0.00,0.00,2.00,1,1.00,0.00,0.00,0.00,,,,36.11,36.11,39.29,39.29,27.56,27.56,32.58,32.58,0.00,0.00
South Sudan,SSD,20200320,3.00,1,0.00,,2.00,1,2.00,1,0.00,,0.00,,0.00,,3.00,0.00,,0.00,0.00,0.00,2.00,1,1.00,0.00,0.00,0.00,,,,47.22,47.22,53.57,53.57,35.26,35.26,41.67,41.67,0.00,0.00
South Sudan,SSD,20200321,3.00,1,0.00,,2.00,1,2.00,1,0.00,,0.00,,0.00,,3.00,0.00,,0.00,0.00,0.00,2.00,1,1.00,0.00,0.00,0.00,,,,47.22,47.22,53.57,53.57,35.26,35.26,41.67,41.67,0.00,0.00
South Sudan,SSD,20200322,3.00,1,0.00,,2.00,1,2.00,1,0.00,,0.00,,0.00,,3.00,0.00,,0.00,0.00,0.00,2.00,1,1.00,0.00,0.00,0.00,,,,47.22,47.22,53.57,53.57,35.26,35.26,41.67,41.67,0.00,0.00
South Sudan,SSD,20200323,3.00,1,0.00,,2.00,1,2.00,1,0.00,,0.00,,0.00,,3.00,0.00,,0.00,0.00,0.00,2.00,1,1.00,0.00,0.00,0.00,,,,47.22,47.22,53.57,53.57,35.26,35.26,41.67,41.67,0.00,0.00
South Sudan,SSD,20200324,3.00,1,0.00,,2.00,1,2.00,1,0.00,,1.00,1,0.00,,4.00,0.00,,0.00,0.00,0.00,2.00,1,1.00,0.00,0.00,0.00,,,,53.70,53.70,64.29,64.29,39.74,39.74,46.97,46.97,0.00,0.00
South Sudan,SSD,20200325,3.00,1,1.00,1,2.00,1,2.00,1,0.00,,1.00,1,0.00,,4.00,0.00,,0.00,0.00,0.00,2.00,1,1.00,0.00,0.00,0.00,,,,57.41,57.41,71.43,71.43,42.31,42.31,50.00,50.00,0.00,0.00
South Sudan,SSD,20200326,3.00,1,1.00,1,2.00,1,2.00,1,0.00,,1.00,1,0.00,,4.00,0.00,,0.00,0.00,0.00,2.00,1,1.00,0.00,0.00,0.00,,,,57.41,57.41,71.43,71.43,42.31,42.31,50.00,50.00,0.00,0.00
South Sudan,SSD,20200327,3.00,1,1.00,1,2.00,1,2.00,1,0.00,,1.00,1,0.00,,4.00,0.00,,0.00,0.00,0.00,2.00,1,1.00,0.00,8.00,0.00,,,,57.41,57.41,71.43,71.43,42.31,42.31,50.00,50.00,0.00,0.00
South Sudan,SSD,20200328,3.00,1,3.00,1,2.00,1,2.00,1,0.00,,1.00,1,0.00,,4.00,0.00,,0.00,0.00,0.00,2.00,1,1.00,0.00,0.00,0.00,,,,64.81,64.81,78.57,78.57,47.44,47.44,56.06,56.06,0.00,0.00
South Sudan,SSD,20200329,3.00,1,3.00,1,2.00,1,2.00,1,1.00,1,1.00,1,0.00,,4.00,0.00,,0.00,0.00,0.00,2.00,1,1.00,0.00,0.00,0.00,,,,70.37,70.37,88.10,88.10,51.28,51.28,60.61,60.61,0.00,0.00
South Sudan,SSD,20200330,3.00,1,3.00,1,2.00,1,2.00,1,1.00,1,1.00,1,0.00,,4.00,0.00,,0.00,0.00,0.00,2.00,1,1.00,0.00,0.00,0.00,,,,70.37,70.37,88.10,88.10,51.28,51.28,60.61,60.61,0.00,0.00
South Sudan,SSD,20200331,3.00,1,3.00,1,2.00,1,2.00,1,1.00,1,1.00,1,0.00,,4.00,0.00,,0.00,0.00,0.00,2.00,1,1.00,0.00,0.00,0.00,,,,70.37,70.37,88.10,88.10,51.28,51.28,60.61,60.61,0.00,0.00
South Sudan,SSD,20200401,3.00,1,3.00,1,2.00,1,2.00,1,1.00,1,1.00,1,0.00,,4.00,0.00,,0.00,0.00,0.00,2.00,1,1.00,0.00,0.00,0.00,,,,70.37,70.37,88.10,88.10,51.28,51.28,60.61,60.61,0.00,0.00
South Sudan,SSD,20200402,3.00,1,3.00,1,2.00,1,2.00,1,1.00,1,1.00,1,0.00,,4.00,0.00,,0.00,0.00,0.00,2.00,1,1.00,0.00,0.00,0.00,,,,70.37,70.37,88.10,88.10,51.28,51.28,60.61,60.61,0.00,0.00
South Sudan,SSD,20200403,3.00,1,3.00,1,2.00,1,2.00,1,1.00,1,1.00,1,0.00,,4.00,0.00,,0.00,0.00,0.00,2.00,1,1.00,0.00,0.00,0.00,,,,70.37,70.37,88.10,88.10,51.28,51.28,60.61,60.61,0.00,0.00
South Sudan,SSD,20200404,3.00,1,3.00,1,2.00,1,2.00,1,1.00,1,1.00,1,0.00,,4.00,0.00,,0.00,0.00,0.00,2.00,1,1.00,0.00,0.00,0.00,,,,70.37,70.37,88.10,88.10,51.28,51.28,60.61,60.61,0.00,0.00
South Sudan,SSD,20200405,3.00,1,3.00,1,2.00,1,2.00,1,1.00,1,1.00,1,0.00,,4.00,0.00,,0.00,0.00,0.00,2.00,1,2.00,1.00,0.00,0.00,,,,70.37,70.37,88.10,88.10,57.69,57.69,68.18,68.18,0.00,0.00
South Sudan,SSD,20200406,3.00,1,3.00,1,2.00,1,2.00,1,1.00,1,1.00,1,0.00,,4.00,0.00,,0.00,0.00,0.00,2.00,1,2.00,1.00,0.00,0.00,,1,0,70.37,70.37,88.10,88.10,57.69,57.69,68.18,68.18,0.00,0.00
South Sudan,SSD,20200407,3.00,1,3.00,1,2.00,1,2.00,1,1.00,1,1.00,1,0.00,,4.00,0.00,,0.00,0.00,0.00,2.00,1,2.00,1.00,0.00,0.00,,1,0,70.37,70.37,88.10,88.10,57.69,57.69,68.18,68.18,0.00,0.00
South Sudan,SSD,20200408,3.00,1,3.00,1,2.00,1,2.00,1,1.00,1,1.00,1,0.00,,4.00,0.00,,0.00,0.00,0.00,2.00,1,2.00,1.00,0.00,0.00,,1,0,70.37,70.37,88.10,88.10,57.69,57.69,68.18,68.18,0.00,0.00
South Sudan,SSD,20200409,3.00,1,3.00,1,2.00,1,2.00,1,1.00,1,1.00,1,0.00,,4.00,0.00,,0.00,0.00,0.00,2.00,1,2.00,1.00,7600000.00,0.00,,2,0,70.37,70.37,88.10,88.10,57.69,57.69,68.18,68.18,0.00,0.00
South Sudan,SSD,20200410,3.00,1,3.00,1,2.00,1,2.00,1,1.00,1,1.00,1,0.00,,4.00,0.00,,0.00,0.00,0.00,2.00,1,2.00,1.00,0.00,0.00,,2,0,70.37,70.37,88.10,88.10,57.69,57.69,68.18,68.18,0.00,0.00
South Sudan,SSD,20200411,3.00,1,3.00,1,2.00,1,2.00,1,1.00,1,1.00,1,0.00,,4.00,0.00,,0.00,0.00,0.00,2.00,1,2.00,1.00,0.00,0.00,,3,0,70.37,70.37,88.10,88.10,57.69,57.69,68.18,68.18,0.00,0.00
South Sudan,SSD,20200412,3.00,1,3.00,1,2.00,1,2.00,1,1.00,1,1.00,1,2.00,1,4.00,0.00,,0.00,0.00,0.00,2.00,1,2.00,1.00,0.00,0.00,,4,0,81.48,81.48,95.24,95.24,65.38,65.38,77.27,77.27,0.00,0.00
South Sudan,SSD,20200413,3.00,1,3.00,1,2.00,1,2.00,1,1.00,1,1.00,1,2.00,1,4.00,0.00,,0.00,0.00,0.00,2.00,1,2.00,1.00,0.00,0.00,,4,0,81.48,81.48,95.24,95.24,65.38,65.38,77.27,77.27,0.00,0.00
South Sudan,SSD,20200414,3.00,1,3.00,1,2.00,1,2.00,1,1.00,1,1.00,1,2.00,1,4.00,0.00,,0.00,0.00,0.00,2.00,1,2.00,1.00,0.00,0.00,,4,0,81.48,81.48,95.24,95.24,65.38,65.38,77.27,77.27,0.00,0.00
South Sudan,SSD,20200415,3.00,1,3.00,1,2.00,1,2.00,1,1.00,1,1.00,1,2.00,1,4.00,0.00,,0.00,0.00,0.00,2.00,1,2.00,1.00,0.00,0.00,,4,0,81.48,81.48,95.24,95.24,65.38,65.38,77.27,77.27,0.00,0.00
South Sudan,SSD,20200416,3.00,1,3.00,1,2.00,1,2.00,1,1.00,1,1.00,1,2.00,1,4.00,0.00,,0.00,0.00,0.00,2.00,1,2.00,1.00,0.00,0.00,,4,0,81.48,81.48,95.24,95.24,65.38,65.38,77.27,77.27,0.00,0.00
South Sudan,SSD,20200417,3.00,1,3.00,1,2.00,1,2.00,1,1.00,1,1.00,1,2.00,1,4.00,0.00,,0.00,0.00,0.00,2.00,1,2.00,1.00,0.00,0.00,,4,0,81.48,81.48,95.24,95.24,65.38,65.38,77.27,77.27,0.00,0.00
South Sudan,SSD,20200418,3.00,1,3.00,1,2.00,1,2.00,1,1.00,1,2.00,0,2.00,1,4.00,0.00,,0.00,0.00,0.00,2.00,1,2.00,1.00,0.00,0.00,,4,0,83.33,83.33,95.24,95.24,66.67,66.67,78.79,78.79,0.00,0.00
South Sudan,SSD,20200419,3.00,1,3.00,1,2.00,1,2.00,1,1.00,1,2.00,0,2.00,1,4.00,0.00,,0.00,0.00,0.00,2.00,1,2.00,1.00,0.00,0.00,,4,0,83.33,83.33,95.24,95.24,66.67,66.67,78.79,78.79,0.00,0.00
South Sudan,SSD,20200420,3.00,1,3.00,1,2.00,1,2.00,1,1.00,1,2.00,0,2.00,1,4.00,0.00,,0.00,0.00,0.00,2.00,1,2.00,1.00,0.00,0.00,,4,0,83.33,83.33,95.24,95.24,66.67,66.67,78.79,78.79,0.00,0.00
South Sudan,SSD,20200421,3.00,1,3.00,1,2.00,1,2.00,1,1.00,1,2.00,0,2.00,1,4.00,0.00,,0.00,0.00,0.00,2.00,1,2.00,1.00,0.00,0.00,,4,0,83.33,83.33,95.24,95.24,66.67,66.67,78.79,78.79,0.00,0.00
South Sudan,SSD,20200422,3.00,1,3.00,1,2.00,1,2.00,1,1.00,1,2.00,0,2.00,1,4.00,0.00,,0.00,0.00,0.00,2.00,1,2.00,1.00,0.00,0.00,,4,0,83.33,83.33,95.24,95.24,66.67,66.67,78.79,78.79,0.00,0.00
South Sudan,SSD,20200423,3.00,1,3.00,1,2.00,1,2.00,1,1.00,1,2.00,0,2.00,1,4.00,0.00,,0.00,0.00,0.00,2.00,1,2.00,1.00,0.00,0.00,,4,0,83.33,83.33,95.24,95.24,66.67,66.67,78.79,78.79,0.00,0.00
South Sudan,SSD,20200424,3.00,1,3.00,1,2.00,1,2.00,1,1.00,1,2.00,0,2.00,1,4.00,0.00,,0.00,0.00,0.00,2.00,1,2.00,1.00,0.00,0.00,,4,0,83.33,83.33,95.24,95.24,66.67,66.67,78.79,78.79,0.00,0.00
South Sudan,SSD,20200425,3.00,1,3.00,1,2.00,1,2.00,1,1.00,1,2.00,0,2.00,1,4.00,0.00,,0.00,0.00,0.00,2.00,1,2.00,1.00,0.00,0.00,,5,0,83.33,83.33,95.24,95.24,66.67,66.67,78.79,78.79,0.00,0.00
South Sudan,SSD,20200426,3.00,1,3.00,1,2.00,1,2.00,1,1.00,1,2.00,0,2.00,1,4.00,0.00,,0.00,0.00,0.00,2.00,1,2.00,1.00,0.00,0.00,,5,0,83.33,83.33,95.24,95.24,66.67,66.67,78.79,78.79,0.00,0.00
South Sudan,SSD,20200427,3.00,1,3.00,1,2.00,1,2.00,1,1.00,1,2.00,0,2.00,1,4.00,0.00,,0.00,0.00,0.00,2.00,1,2.00,1.00,0.00,0.00,,6,0,83.33,83.33,95.24,95.24,66.67,66.67,78.79,78.79,0.00,0.00
South Sudan,SSD,20200428,3.00,1,3.00,1,2.00,1,2.00,1,1.00,1,2.00,0,2.00,1,4.00,0.00,,0.00,0.00,0.00,2.00,1,2.00,1.00,0.00,0.00,,6,0,83.33,83.33,95.24,95.24,66.67,66.67,78.79,78.79,0.00,0.00
South Sudan,SSD,20200429,3.00,1,3.00,1,2.00,1,2.00,1,1.00,1,2.00,0,2.00,1,4.00,0.00,,0.00,0.00,0.00,2.00,1,2.00,1.00,0.00,0.00,,34,0,83.33,83.33,95.24,95.24,66.67,66.67,78.79,78.79,0.00,0.00
South Sudan,SSD,20200430,3.00,1,3.00,1,2.00,1,2.00,1,1.00,1,2.00,0,2.00,1,4.00,0.00,,0.00,0.00,0.00,2.00,1,2.00,1.00,0.00,0.00,,34,0,83.33,83.33,95.24,95.24,66.67,66.67,78.79,78.79,0.00,0.00
South Sudan,SSD,20200501,3.00,1,3.00,1,2.00,1,2.00,1,1.00,1,2.00,0,2.00,1,4.00,0.00,,0.00,0.00,0.00,2.00,1,2.00,1.00,0.00,0.00,,35,0,83.33,83.33,95.24,95.24,66.67,66.67,78.79,78.79,0.00,0.00
South Sudan,SSD,20200502,3.00,1,3.00,1,2.00,1,2.00,1,1.00,1,2.00,0,2.00,1,4.00,0.00,,0.00,0.00,0.00,2.00,1,2.00,1.00,0.00,0.00,,45,0,83.33,83.33,95.24,95.24,66.67,66.67,78.79,78.79,0.00,0.00
South Sudan,SSD,20200503,3.00,1,3.00,1,2.00,1,2.00,1,1.00,1,2.00,0,2.00,1,4.00,0.00,,0.00,0.00,0.00,2.00,1,2.00,1.00,0.00,0.00,,45,0,83.33,83.33,95.24,95.24,66.67,66.67,78.79,78.79,0.00,0.00
South Sudan,SSD,20200504,3.00,1,3.00,1,2.00,1,2.00,1,1.00,1,2.00,0,2.00,1,4.00,0.00,,0.00,0.00,0.00,2.00,1,2.00,1.00,0.00,0.00,,46,0,83.33,83.33,95.24,95.24,66.67,66.67,78.79,78.79,0.00,0.00
South Sudan,SSD,20200505,3.00,1,3.00,1,2.00,1,2.00,1,1.00,1,2.00,0,2.00,1,4.00,0.00,,0.00,0.00,0.00,2.00,1,2.00,1.00,0.00,0.00,,46,0,83.33,83.33,95.24,95.24,66.67,66.67,78.79,78.79,0.00,0.00
South Sudan,SSD,20200506,3.00,1,3.00,1,2.00,1,2.00,1,1.00,1,2.00,0,2.00,1,4.00,0.00,,0.00,0.00,0.00,2.00,1,2.00,1.00,0.00,0.00,,52,0,83.33,83.33,95.24,95.24,66.67,66.67,78.79,78.79,0.00,0.00
South Sudan,SSD,20200507,3.00,1,3.00,1,2.00,1,2.00,1,0.00,,2.00,1,2.00,1,4.00,0.00,,0.00,0.00,0.00,2.00,1,2.00,2.00,0.00,0.00,,74,0,79.63,79.63,85.71,85.71,67.95,67.95,80.30,80.30,0.00,0.00
South Sudan,SSD,20200508,3.00,1,2.00,1,2.00,1,2.00,1,0.00,,2.00,1,2.00,1,4.00,0.00,,0.00,0.00,0.00,2.00,1,2.00,2.00,0.00,0.00,,90,0,75.93,75.93,82.14,82.14,65.38,65.38,77.27,77.27,0.00,0.00
South Sudan,SSD,20200509,3.00,1,2.00,1,2.00,1,2.00,1,0.00,,2.00,1,2.00,1,4.00,0.00,,0.00,0.00,0.00,2.00,1,2.00,2.00,0.00,0.00,,120,0,75.93,75.93,82.14,82.14,65.38,65.38,77.27,77.27,0.00,0.00
South Sudan,SSD,20200510,3.00,1,2.00,1,2.00,1,2.00,1,0.00,,2.00,1,2.00,1,4.00,0.00,,0.00,0.00,0.00,2.00,1,2.00,2.00,0.00,0.00,,143,0,75.93,75.93,82.14,82.14,65.38,65.38,77.27,77.27,0.00,0.00
South Sudan,SSD,20200511,3.00,1,2.00,1,2.00,1,2.00,1,0.00,,2.00,1,2.00,1,4.00,0.00,,0.00,0.00,0.00,2.00,1,2.00,2.00,0.00,0.00,,156,0,75.93,75.93,82.14,82.14,65.38,65.38,77.27,77.27,0.00,0.00
South Sudan,SSD,20200512,3.00,1,2.00,1,2.00,1,2.00,1,0.00,,2.00,1,2.00,1,2.00,0.00,,0.00,0.00,0.00,2.00,1,2.00,2.00,0.00,0.00,,156,0,70.37,70.37,75.00,75.00,61.54,61.54,72.73,72.73,0.00,0.00
South Sudan,SSD,20200513,3.00,1,2.00,1,2.00,1,2.00,1,0.00,,2.00,1,2.00,1,2.00,0.00,,0.00,0.00,0.00,2.00,1,2.00,2.00,0.00,0.00,,194,0,70.37,70.37,75.00,75.00,61.54,61.54,72.73,72.73,0.00,0.00
South Sudan,SSD,20200514,3.00,1,2.00,1,2.00,1,2.00,1,0.00,,2.00,1,2.00,1,2.00,0.00,,0.00,0.00,0.00,2.00,1,2.00,2.00,0.00,0.00,,203,0,70.37,70.37,75.00,75.00,61.54,61.54,72.73,72.73,0.00,0.00
South Sudan,SSD,20200515,3.00,1,2.00,1,2.00,1,2.00,1,0.00,,2.00,1,2.00,1,2.00,0.00,,0.00,0.00,0.00,2.00,1,2.00,2.00,0.00,0.00,,231,1,70.37,70.37,75.00,75.00,61.54,61.54,72.73,72.73,0.00,0.00
South Sudan,SSD,20200516,3.00,1,2.00,1,2.00,1,2.00,1,0.00,,2.00,1,2.00,1,2.00,0.00,,0.00,0.00,0.00,2.00,1,2.00,2.00,0.00,0.00,,236,4,70.37,70.37,75.00,75.00,61.54,61.54,72.73,72.73,0.00,0.00
South Sudan,SSD,20200517,3.00,1,2.00,1,2.00,1,2.00,1,0.00,,2.00,1,2.00,1,2.00,0.00,,0.00,0.00,0.00,2.00,1,2.00,2.00,0.00,0.00,,236,4,70.37,70.37,75.00,75.00,61.54,61.54,72.73,72.73,0.00,0.00
South Sudan,SSD,20200518,3.00,1,2.00,1,2.00,1,2.00,1,0.00,,2.00,1,2.00,1,2.00,0.00,,0.00,0.00,0.00,2.00,1,2.00,2.00,0.00,0.00,,282,4,70.37,70.37,75.00,75.00,61.54,61.54,72.73,72.73,0.00,0.00
South Sudan,SSD,20200519,3.00,1,2.00,1,2.00,1,2.00,1,0.00,,2.00,1,2.00,1,2.00,0.00,,0.00,0.00,0.00,2.00,1,2.00,2.00,0.00,0.00,,282,4,70.37,70.37,75.00,75.00,61.54,61.54,72.73,72.73,0.00,0.00
South Sudan,SSD,20200520,3.00,1,2.00,1,2.00,1,2.00,1,0.00,,2.00,1,2.00,1,2.00,0.00,,0.00,0.00,0.00,2.00,1,2.00,2.00,0.00,0.00,,285,6,70.37,70.37,75.00,75.00,61.54,61.54,72.73,72.73,0.00,0.00
South Sudan,SSD,20200521,3.00,1,2.00,1,2.00,1,2.00,1,0.00,,2.00,1,2.00,1,2.00,0.00,,0.00,0.00,0.00,2.00,1,2.00,2.00,0.00,0.00,,285,6,70.37,70.37,75.00,75.00,61.54,61.54,72.73,72.73,0.00,0.00
South Sudan,SSD,20200522,3.00,1,2.00,1,2.00,1,2.00,1,0.00,,2.00,1,2.00,1,2.00,0.00,,0.00,0.00,0.00,2.00,1,2.00,2.00,0.00,0.00,,339,6,70.37,70.37,75.00,75.00,61.54,61.54,72.73,72.73,0.00,0.00
South Sudan,SSD,20200523,3.00,1,2.00,1,2.00,1,2.00,1,0.00,,2.00,1,2.00,1,2.00,0.00,,0.00,0.00,0.00,2.00,1,2.00,2.00,0.00,0.00,,339,6,70.37,70.37,75.00,75.00,61.54,61.54,72.73,72.73,0.00,0.00
South Sudan,SSD,20200524,3.00,1,2.00,1,2.00,1,2.00,1,0.00,,2.00,1,2.00,1,2.00,0.00,,0.00,0.00,0.00,2.00,1,2.00,2.00,0.00,0.00,,563,6,70.37,70.37,75.00,75.00,61.54,61.54,72.73,72.73,0.00,0.00
South Sudan,SSD,20200525,3.00,1,2.00,1,2.00,1,2.00,1,0.00,,2.00,1,2.00,1,2.00,0.00,,0.00,0.00,0.00,2.00,1,2.00,2.00,0.00,0.00,,563,6,70.37,70.37,75.00,75.00,61.54,61.54,72.73,72.73,0.00,0.00
South Sudan,SSD,20200526,3.00,1,2.00,1,2.00,1,2.00,1,0.00,,2.00,1,2.00,1,2.00,0.00,,0.00,0.00,0.00,2.00,1,2.00,2.00,0.00,0.00,,655,8,70.37,70.37,75.00,75.00,61.54,61.54,72.73,72.73,0.00,0.00
South Sudan,SSD,20200527,3.00,1,2.00,1,2.00,1,2.00,1,0.00,,2.00,1,2.00,1,2.00,0.00,,0.00,0.00,0.00,2.00,1,2.00,2.00,0.00,0.00,,806,8,70.37,70.37,75.00,75.00,61.54,61.54,72.73,72.73,0.00,0.00
South Sudan,SSD,20200528,3.00,1,2.00,1,2.00,1,2.00,1,0.00,,2.00,1,2.00,1,2.00,0.00,,0.00,0.00,0.00,2.00,1,2.00,2.00,0.00,0.00,,806,8,70.37,70.37,75.00,75.00,61.54,61.54,72.73,72.73,0.00,0.00
South Sudan,SSD,20200529,3.00,1,2.00,1,2.00,1,4.00,0,2.00,0,2.00,0,2.00,1,4.00,0.00,,0.00,0.00,0.00,2.00,1,2.00,2.00,0.00,0.00,,806,8,86.57,86.57,91.67,91.67,72.76,72.76,85.98,85.98,0.00,0.00
South Sudan,SSD,20200530,3.00,1,2.00,1,2.00,1,4.00,0,2.00,0,2.00,0,2.00,1,4.00,0.00,,0.00,0.00,0.00,2.00,1,2.00,2.00,0.00,0.00,,994,10,86.57,86.57,91.67,91.67,72.76,72.76,85.98,85.98,0.00,0.00
South Sudan,SSD,20200531,3.00,1,2.00,1,2.00,1,4.00,0,2.00,0,2.00,0,2.00,1,4.00,0.00,,0.00,0.00,0.00,2.00,1,2.00,2.00,0.00,0.00,,994,10,86.57,86.57,91.67,91.67,72.76,72.76,85.98,85.98,0.00,0.00
South Sudan,SSD,20200601,3.00,1,2.00,1,2.00,1,4.00,0,2.00,0,2.00,0,2.00,1,4.00,0.00,,0.00,0.00,0.00,2.00,1,2.00,2.00,0.00,0.00,,994,10,86.57,86.57,91.67,91.67,72.76,72.76,85.98,85.98,0.00,0.00
South Sudan,SSD,20200602,3.00,1,2.00,1,2.00,1,4.00,0,2.00,0,2.00,0,2.00,1,4.00,0.00,,0.00,0.00,0.00,2.00,1,2.00,2.00,0.00,0.00,,994,10,86.57,86.57,91.67,91.67,72.76,72.76,85.98,85.98,0.00,0.00
South Sudan,SSD,20200603,3.00,1,2.00,1,2.00,1,4.00,0,2.00,0,2.00,0,2.00,1,4.00,0.00,,0.00,0.00,0.00,2.00,1,2.00,2.00,0.00,0.00,,994,10,86.57,86.57,91.67,91.67,72.76,72.76,85.98,85.98,0.00,0.00
South Sudan,SSD,20200604,3.00,1,2.00,1,2.00,1,4.00,0,2.00,0,2.00,0,2.00,1,4.00,0.00,,0.00,0.00,0.00,2.00,1,2.00,2.00,0.00,0.00,,994,10,86.57,86.57,91.67,91.67,72.76,72.76,85.98,85.98,0.00,0.00
South Sudan,SSD,20200605,3.00,1,2.00,1,2.00,1,4.00,0,2.00,0,2.00,0,2.00,1,4.00,0.00,,0.00,0.00,0.00,2.00,1,2.00,2.00,0.00,0.00,,1317,14,86.57,86.57,91.67,91.67,72.76,72.76,85.98,85.98,0.00,0.00
South Sudan,SSD,20200606,3.00,1,2.00,1,2.00,1,4.00,0,2.00,0,2.00,0,2.00,1,4.00,0.00,,0.00,0.00,0.00,2.00,1,2.00,2.00,0.00,0.00,,1317,14,86.57,86.57,91.67,91.67,72.76,72.76,85.98,85.98,0.00,0.00
South Sudan,SSD,20200607,3.00,1,2.00,1,2.00,1,4.00,0,2.00,0,2.00,0,2.00,1,4.00,0.00,,0.00,0.00,0.00,2.00,1,2.00,2.00,0.00,0.00,,1317,14,86.57,86.57,91.67,91.67,72.76,72.76,85.98,85.98,0.00,0.00
South Sudan,SSD,20200608,3.00,1,2.00,1,2.00,1,4.00,0,2.00,0,2.00,0,2.00,1,4.00,0.00,,0.00,0.00,0.00,2.00,1,2.00,2.00,0.00,0.00,,1317,14,86.57,86.57,91.67,91.67,72.76,72.76,85.98,85.98,0.00,0.00
South Sudan,SSD,20200609,3.00,1,2.00,1,2.00,1,4.00,0,2.00,0,2.00,0,2.00,1,4.00,0.00,,0.00,0.00,0.00,2.00,1,2.00,2.00,0.00,0.00,,1604,19,86.57,86.57,91.67,91.67,72.76,72.76,85.98,85.98,0.00,0.00
South Sudan,SSD,20200610,3.00,1,2.00,1,2.00,1,4.00,0,2.00,0,2.00,0,2.00,1,4.00,0.00,,0.00,0.00,0.00,2.00,1,2.00,2.00,0.00,0.00,,1604,19,86.57,86.57,91.67,91.67,72.76,72.76,85.98,85.98,0.00,0.00
South Sudan,SSD,20200611,3.00,1,2.00,1,2.00,1,4.00,0,2.00,0,2.00,0,2.00,1,4.00,0.00,,0.00,0.00,0.00,2.00,1,2.00,2.00,0.00,0.00,,1604,19,86.57,86.57,91.67,91.67,72.76,72.76,85.98,85.98,0.00,0.00
South Sudan,SSD,20200612,3.00,1,2.00,1,2.00,1,4.00,0,2.00,0,2.00,0,2.00,1,4.00,0.00,,0.00,0.00,0.00,2.00,1,2.00,2.00,0.00,0.00,,1604,19,86.57,86.57,91.67,91.67,72.76,72.76,85.98,85.98,0.00,0.00
South Sudan,SSD,20200613,3.00,1,2.00,1,2.00,1,4.00,0,2.00,0,2.00,0,2.00,1,4.00,0.00,,0.00,0.00,0.00,2.00,1,2.00,2.00,0.00,0.00,,1670,22,86.57,86.57,91.67,91.67,72.76,72.76,85.98,85.98,0.00,0.00
South Sudan,SSD,20200614,3.00,1,2.00,1,2.00,1,4.00,0,2.00,0,2.00,0,2.00,1,4.00,0.00,,0.00,0.00,0.00,2.00,1,2.00,2.00,0.00,0.00,,1693,27,86.57,86.57,91.67,91.67,72.76,72.76,85.98,85.98,0.00,0.00
South Sudan,SSD,20200615,3.00,1,2.00,1,2.00,1,4.00,0,2.00,0,2.00,0,2.00,1,4.00,0.00,,0.00,0.00,0.00,2.00,1,2.00,2.00,0.00,0.00,,1693,27,86.57,86.57,91.67,91.67,72.76,72.76,85.98,85.98,0.00,0.00
South Sudan,SSD,20200616,,,,,,,,,,,,,,,,,,,,,,,,,,,,1755,30,,,,,,,,,,
South Sudan,SSD,20200617,,,,,,,,,,,,,,,,,,,,,,,,,,,,1776,30,,86.57,,91.67,,72.76,,85.98,,0.00
South Sudan,SSD,20200618,,,,,,,,,,,,,,,,,,,,,,,,,,,,1807,31,,86.57,,91.67,,72.76,,85.98,,0.00
South Sudan,SSD,20200619,,,,,,,,,,,,,,,,,,,,,,,,,,,,1813,31,,86.57,,91.67,,72.76,,85.98,,0.00
South Sudan,SSD,20200620,,,,,,,,,,,,,,,,,,,,,,,,,,,,1813,31,,86.57,,91.67,,72.76,,85.98,,0.00
South Sudan,SSD,20200621,,,,,,,,,,,,,,,,,,,,,,,,,,,,1864,34,,86.57,,91.67,,72.76,,85.98,,0.00
South Sudan,SSD,20200622,,,,,,,,,,,,,,,,,,,,,,,,,,,,1882,34,,86.57,,91.67,,72.76,,85.98,,0.00
South Sudan,SSD,20200623,,,,,,,,,,,,,,,,,,,,,,,,,,,,1892,34,,86.57,,91.67,,72.76,,85.98,,0.00
