Sudan,SDN,20200101,0.00,,0.00,,0.00,,0.00,,0.00,,0.00,,0.00,,0.00,0.00,,0.00,0.00,0.00,0.00,,0.00,0.00,0.00,0.00,,,,0.00,0.00,0.00,0.00,0.00,0.00,0.00,0.00,0.00,0.00
Sudan,SDN,20200102,0.00,,0.00,,0.00,,0.00,,0.00,,0.00,,0.00,,0.00,0.00,,0.00,0.00,0.00,0.00,,0.00,0.00,0.00,0.00,,,,0.00,0.00,0.00,0.00,0.00,0.00,0.00,0.00,0.00,0.00
Sudan,SDN,20200103,0.00,,0.00,,0.00,,0.00,,0.00,,0.00,,0.00,,0.00,0.00,,0.00,0.00,0.00,0.00,,0.00,0.00,0.00,0.00,,,,0.00,0.00,0.00,0.00,0.00,0.00,0.00,0.00,0.00,0.00
Sudan,SDN,20200104,0.00,,0.00,,0.00,,0.00,,0.00,,0.00,,0.00,,0.00,0.00,,0.00,0.00,0.00,0.00,,0.00,0.00,0.00,0.00,,,,0.00,0.00,0.00,0.00,0.00,0.00,0.00,0.00,0.00,0.00
Sudan,SDN,20200105,0.00,,0.00,,0.00,,0.00,,0.00,,0.00,,0.00,,0.00,0.00,,0.00,0.00,0.00,0.00,,0.00,0.00,0.00,0.00,,,,0.00,0.00,0.00,0.00,0.00,0.00,0.00,0.00,0.00,0.00
Sudan,SDN,20200106,0.00,,0.00,,0.00,,0.00,,0.00,,0.00,,0.00,,0.00,0.00,,0.00,0.00,0.00,0.00,,0.00,0.00,0.00,0.00,,,,0.00,0.00,0.00,0.00,0.00,0.00,0.00,0.00,0.00,0.00
Sudan,SDN,20200107,0.00,,0.00,,0.00,,0.00,,0.00,,0.00,,0.00,,0.00,0.00,,0.00,0.00,0.00,0.00,,0.00,0.00,0.00,0.00,,,,0.00,0.00,0.00,0.00,0.00,0.00,0.00,0.00,0.00,0.00
Sudan,SDN,20200108,0.00,,0.00,,0.00,,0.00,,0.00,,0.00,,0.00,,0.00,0.00,,0.00,0.00,0.00,0.00,,0.00,0.00,0.00,0.00,,,,0.00,0.00,0.00,0.00,0.00,0.00,0.00,0.00,0.00,0.00
Sudan,SDN,20200109,0.00,,0.00,,0.00,,0.00,,0.00,,0.00,,0.00,,0.00,0.00,,0.00,0.00,0.00,0.00,,0.00,0.00,0.00,0.00,,,,0.00,0.00,0.00,0.00,0.00,0.00,0.00,0.00,0.00,0.00
Sudan,SDN,20200110,0.00,,0.00,,0.00,,0.00,,0.00,,0.00,,0.00,,0.00,0.00,,0.00,0.00,0.00,0.00,,0.00,0.00,0.00,0.00,,,,0.00,0.00,0.00,0.00,0.00,0.00,0.00,0.00,0.00,0.00
Sudan,SDN,20200111,0.00,,0.00,,0.00,,0.00,,0.00,,0.00,,0.00,,0.00,0.00,,0.00,0.00,0.00,0.00,,0.00,0.00,0.00,0.00,,,,0.00,0.00,0.00,0.00,0.00,0.00,0.00,0.00,0.00,0.00
Sudan,SDN,20200112,0.00,,0.00,,0.00,,0.00,,0.00,,0.00,,0.00,,0.00,0.00,,0.00,0.00,0.00,0.00,,0.00,0.00,0.00,0.00,,,,0.00,0.00,0.00,0.00,0.00,0.00,0.00,0.00,0.00,0.00
Sudan,SDN,20200113,0.00,,0.00,,0.00,,0.00,,0.00,,0.00,,0.00,,0.00,0.00,,0.00,0.00,0.00,0.00,,0.00,0.00,0.00,0.00,,,,0.00,0.00,0.00,0.00,0.00,0.00,0.00,0.00,0.00,0.00
Sudan,SDN,20200114,0.00,,0.00,,0.00,,0.00,,0.00,,0.00,,0.00,,0.00,0.00,,0.00,0.00,0.00,0.00,,0.00,0.00,0.00,0.00,,,,0.00,0.00,0.00,0.00,0.00,0.00,0.00,0.00,0.00,0.00
Sudan,SDN,20200115,0.00,,0.00,,0.00,,0.00,,0.00,,0.00,,0.00,,0.00,0.00,,0.00,0.00,0.00,0.00,,0.00,0.00,0.00,0.00,,,,0.00,0.00,0.00,0.00,0.00,0.00,0.00,0.00,0.00,0.00
Sudan,SDN,20200116,0.00,,0.00,,0.00,,0.00,,0.00,,0.00,,0.00,,0.00,0.00,,0.00,0.00,0.00,0.00,,0.00,0.00,0.00,0.00,,,,0.00,0.00,0.00,0.00,0.00,0.00,0.00,0.00,0.00,0.00
Sudan,SDN,20200117,0.00,,0.00,,0.00,,0.00,,0.00,,0.00,,0.00,,0.00,0.00,,0.00,0.00,0.00,0.00,,0.00,0.00,0.00,0.00,,,,0.00,0.00,0.00,0.00,0.00,0.00,0.00,0.00,0.00,0.00
Sudan,SDN,20200118,0.00,,0.00,,0.00,,0.00,,0.00,,0.00,,0.00,,0.00,0.00,,0.00,0.00,0.00,0.00,,0.00,0.00,0.00,0.00,,,,0.00,0.00,0.00,0.00,0.00,0.00,0.00,0.00,0.00,0.00
Sudan,SDN,20200119,0.00,,0.00,,0.00,,0.00,,0.00,,0.00,,0.00,,0.00,0.00,,0.00,0.00,0.00,0.00,,0.00,0.00,0.00,0.00,,,,0.00,0.00,0.00,0.00,0.00,0.00,0.00,0.00,0.00,0.00
Sudan,SDN,20200120,0.00,,0.00,,0.00,,0.00,,0.00,,0.00,,0.00,,0.00,0.00,,0.00,0.00,0.00,0.00,,0.00,0.00,0.00,0.00,,,,0.00,0.00,0.00,0.00,0.00,0.00,0.00,0.00,0.00,0.00
Sudan,SDN,20200121,0.00,,0.00,,0.00,,0.00,,0.00,,0.00,,0.00,,0.00,0.00,,0.00,0.00,0.00,0.00,,0.00,0.00,0.00,0.00,,,,0.00,0.00,0.00,0.00,0.00,0.00,0.00,0.00,0.00,0.00
Sudan,SDN,20200122,0.00,,0.00,,0.00,,0.00,,0.00,,0.00,,0.00,,0.00,0.00,,0.00,0.00,0.00,0.00,,0.00,0.00,0.00,0.00,,,,0.00,0.00,0.00,0.00,0.00,0.00,0.00,0.00,0.00,0.00
Sudan,SDN,20200123,0.00,,0.00,,0.00,,0.00,,0.00,,0.00,,0.00,,0.00,0.00,,0.00,0.00,0.00,0.00,,0.00,0.00,0.00,0.00,,,,0.00,0.00,0.00,0.00,0.00,0.00,0.00,0.00,0.00,0.00
Sudan,SDN,20200124,0.00,,0.00,,0.00,,0.00,,0.00,,0.00,,0.00,,0.00,0.00,,0.00,0.00,0.00,0.00,,0.00,0.00,0.00,0.00,,,,0.00,0.00,0.00,0.00,0.00,0.00,0.00,0.00,0.00,0.00
Sudan,SDN,20200125,0.00,,0.00,,0.00,,0.00,,0.00,,0.00,,0.00,,0.00,0.00,,0.00,0.00,0.00,0.00,,0.00,0.00,0.00,0.00,,,,0.00,0.00,0.00,0.00,0.00,0.00,0.00,0.00,0.00,0.00
Sudan,SDN,20200126,0.00,,0.00,,0.00,,0.00,,0.00,,0.00,,0.00,,0.00,0.00,,0.00,0.00,0.00,0.00,,0.00,0.00,0.00,0.00,,,,0.00,0.00,0.00,0.00,0.00,0.00,0.00,0.00,0.00,0.00
Sudan,SDN,20200127,0.00,,0.00,,0.00,,0.00,,0.00,,0.00,,0.00,,0.00,0.00,,0.00,0.00,0.00,0.00,,0.00,0.00,0.00,0.00,,,,0.00,0.00,0.00,0.00,0.00,0.00,0.00,0.00,0.00,0.00
Sudan,SDN,20200128,0.00,,0.00,,0.00,,0.00,,0.00,,0.00,,0.00,,0.00,0.00,,0.00,0.00,0.00,1.00,1,0.00,0.00,0.00,0.00,,,,5.56,5.56,9.52,9.52,3.85,3.85,4.55,4.55,0.00,0.00
Sudan,SDN,20200129,0.00,,0.00,,0.00,,0.00,,0.00,,0.00,,0.00,,0.00,0.00,,0.00,0.00,0.00,1.00,1,0.00,0.00,0.00,0.00,,,,5.56,5.56,9.52,9.52,3.85,3.85,4.55,4.55,0.00,0.00
Sudan,SDN,20200130,0.00,,0.00,,0.00,,0.00,,0.00,,0.00,,0.00,,0.00,0.00,,0.00,0.00,0.00,1.00,1,0.00,0.00,0.00,0.00,,,,5.56,5.56,9.52,9.52,3.85,3.85,4.55,4.55,0.00,0.00
Sudan,SDN,20200131,0.00,,0.00,,0.00,,0.00,,0.00,,0.00,,0.00,,0.00,0.00,,0.00,0.00,0.00,1.00,1,0.00,0.00,0.00,0.00,,,,5.56,5.56,9.52,9.52,3.85,3.85,4.55,4.55,0.00,0.00
Sudan,SDN,20200201,0.00,,0.00,,0.00,,0.00,,0.00,,0.00,,0.00,,0.00,0.00,,0.00,0.00,0.00,1.00,1,0.00,0.00,0.00,0.00,,,,5.56,5.56,9.52,9.52,3.85,3.85,4.55,4.55,0.00,0.00
Sudan,SDN,20200202,0.00,,0.00,,0.00,,0.00,,0.00,,0.00,,0.00,,0.00,0.00,,0.00,0.00,0.00,1.00,1,0.00,0.00,0.00,0.00,,,,5.56,5.56,9.52,9.52,3.85,3.85,4.55,4.55,0.00,0.00
Sudan,SDN,20200203,0.00,,0.00,,0.00,,0.00,,0.00,,0.00,,0.00,,0.00,0.00,,0.00,0.00,0.00,1.00,1,0.00,0.00,0.00,0.00,,,,5.56,5.56,9.52,9.52,3.85,3.85,4.55,4.55,0.00,0.00
Sudan,SDN,20200204,0.00,,0.00,,0.00,,0.00,,0.00,,0.00,,0.00,,0.00,0.00,,0.00,0.00,0.00,1.00,1,0.00,0.00,0.00,0.00,,,,5.56,5.56,9.52,9.52,3.85,3.85,4.55,4.55,0.00,0.00
Sudan,SDN,20200205,0.00,,0.00,,0.00,,0.00,,0.00,,0.00,,0.00,,0.00,0.00,,0.00,0.00,0.00,1.00,1,0.00,0.00,0.00,0.00,,,,5.56,5.56,9.52,9.52,3.85,3.85,4.55,4.55,0.00,0.00
Sudan,SDN,20200206,0.00,,0.00,,0.00,,0.00,,0.00,,0.00,,0.00,,0.00,0.00,,0.00,0.00,0.00,1.00,1,0.00,0.00,0.00,0.00,,,,5.56,5.56,9.52,9.52,3.85,3.85,4.55,4.55,0.00,0.00
Sudan,SDN,20200207,0.00,,0.00,,0.00,,0.00,,0.00,,0.00,,0.00,,0.00,0.00,,0.00,0.00,0.00,1.00,1,0.00,0.00,0.00,0.00,,,,5.56,5.56,9.52,9.52,3.85,3.85,4.55,4.55,0.00,0.00
Sudan,SDN,20200208,0.00,,0.00,,0.00,,0.00,,0.00,,0.00,,0.00,,0.00,0.00,,0.00,0.00,0.00,1.00,1,0.00,0.00,0.00,0.00,,,,5.56,5.56,9.52,9.52,3.85,3.85,4.55,4.55,0.00,0.00
Sudan,SDN,20200209,0.00,,0.00,,0.00,,0.00,,0.00,,0.00,,0.00,,0.00,0.00,,0.00,0.00,0.00,1.00,1,0.00,0.00,0.00,0.00,,,,5.56,5.56,9.52,9.52,3.85,3.85,4.55,4.55,0.00,0.00
Sudan,SDN,20200210,0.00,,0.00,,0.00,,0.00,,0.00,,0.00,,0.00,,0.00,0.00,,0.00,0.00,0.00,1.00,1,0.00,0.00,0.00,0.00,,,,5.56,5.56,9.52,9.52,3.85,3.85,4.55,4.55,0.00,0.00
Sudan,SDN,20200211,0.00,,0.00,,0.00,,0.00,,0.00,,0.00,,0.00,,0.00,0.00,,0.00,0.00,0.00,1.00,1,0.00,0.00,0.00,0.00,,,,5.56,5.56,9.52,9.52,3.85,3.85,4.55,4.55,0.00,0.00
Sudan,SDN,20200212,0.00,,0.00,,0.00,,0.00,,0.00,,0.00,,0.00,,0.00,0.00,,0.00,0.00,0.00,1.00,1,0.00,0.00,0.00,0.00,,,,5.56,5.56,9.52,9.52,3.85,3.85,4.55,4.55,0.00,0.00
Sudan,SDN,20200213,0.00,,0.00,,0.00,,0.00,,0.00,,0.00,,0.00,,0.00,0.00,,0.00,0.00,0.00,1.00,1,0.00,0.00,0.00,0.00,,,,5.56,5.56,9.52,9.52,3.85,3.85,4.55,4.55,0.00,0.00
Sudan,SDN,20200214,0.00,,0.00,,0.00,,0.00,,0.00,,0.00,,0.00,,0.00,0.00,,0.00,0.00,0.00,1.00,1,0.00,0.00,0.00,0.00,,,,5.56,5.56,9.52,9.52,3.85,3.85,4.55,4.55,0.00,0.00
Sudan,SDN,20200215,0.00,,0.00,,0.00,,0.00,,0.00,,0.00,,0.00,,0.00,0.00,,0.00,0.00,0.00,1.00,1,0.00,0.00,0.00,0.00,,,,5.56,5.56,9.52,9.52,3.85,3.85,4.55,4.55,0.00,0.00
Sudan,SDN,20200216,0.00,,0.00,,0.00,,0.00,,0.00,,0.00,,0.00,,0.00,0.00,,0.00,0.00,0.00,1.00,1,0.00,0.00,0.00,0.00,,,,5.56,5.56,9.52,9.52,3.85,3.85,4.55,4.55,0.00,0.00
Sudan,SDN,20200217,0.00,,0.00,,0.00,,0.00,,0.00,,0.00,,0.00,,0.00,0.00,,0.00,0.00,0.00,1.00,1,0.00,0.00,0.00,0.00,,,,5.56,5.56,9.52,9.52,3.85,3.85,4.55,4.55,0.00,0.00
Sudan,SDN,20200218,0.00,,0.00,,0.00,,0.00,,0.00,,0.00,,0.00,,0.00,0.00,,0.00,0.00,0.00,1.00,1,0.00,0.00,0.00,0.00,,,,5.56,5.56,9.52,9.52,3.85,3.85,4.55,4.55,0.00,0.00
Sudan,SDN,20200219,0.00,,0.00,,0.00,,0.00,,0.00,,0.00,,0.00,,0.00,0.00,,0.00,0.00,0.00,1.00,1,0.00,0.00,0.00,0.00,,,,5.56,5.56,9.52,9.52,3.85,3.85,4.55,4.55,0.00,0.00
Sudan,SDN,20200220,0.00,,0.00,,0.00,,0.00,,0.00,,0.00,,0.00,,0.00,0.00,,0.00,0.00,0.00,1.00,1,0.00,0.00,0.00,0.00,,,,5.56,5.56,9.52,9.52,3.85,3.85,4.55,4.55,0.00,0.00
Sudan,SDN,20200221,0.00,,0.00,,0.00,,0.00,,0.00,,0.00,,0.00,,0.00,0.00,,0.00,0.00,0.00,1.00,1,0.00,0.00,0.00,0.00,,,,5.56,5.56,9.52,9.52,3.85,3.85,4.55,4.55,0.00,0.00
Sudan,SDN,20200222,0.00,,0.00,,0.00,,0.00,,0.00,,0.00,,0.00,,0.00,0.00,,0.00,0.00,0.00,1.00,1,0.00,0.00,0.00,0.00,,,,5.56,5.56,9.52,9.52,3.85,3.85,4.55,4.55,0.00,0.00
Sudan,SDN,20200223,0.00,,0.00,,0.00,,0.00,,0.00,,0.00,,0.00,,0.00,0.00,,0.00,0.00,0.00,1.00,1,0.00,0.00,0.00,0.00,,,,5.56,5.56,9.52,9.52,3.85,3.85,4.55,4.55,0.00,0.00
Sudan,SDN,20200224,0.00,,0.00,,0.00,,0.00,,0.00,,0.00,,0.00,,0.00,0.00,,0.00,0.00,0.00,1.00,1,0.00,0.00,0.00,0.00,,,,5.56,5.56,9.52,9.52,3.85,3.85,4.55,4.55,0.00,0.00
Sudan,SDN,20200225,0.00,,0.00,,0.00,,0.00,,0.00,,0.00,,0.00,,0.00,0.00,,0.00,0.00,0.00,1.00,1,0.00,0.00,0.00,0.00,,,,5.56,5.56,9.52,9.52,3.85,3.85,4.55,4.55,0.00,0.00
Sudan,SDN,20200226,0.00,,0.00,,0.00,,0.00,,0.00,,0.00,,0.00,,0.00,0.00,,0.00,0.00,0.00,1.00,1,0.00,0.00,0.00,0.00,,,,5.56,5.56,9.52,9.52,3.85,3.85,4.55,4.55,0.00,0.00
Sudan,SDN,20200227,0.00,,0.00,,0.00,,0.00,,0.00,,0.00,,0.00,,0.00,0.00,,0.00,0.00,0.00,1.00,1,0.00,0.00,0.00,0.00,,,,5.56,5.56,9.52,9.52,3.85,3.85,4.55,4.55,0.00,0.00
Sudan,SDN,20200228,0.00,,0.00,,0.00,,0.00,,0.00,,0.00,,0.00,,0.00,0.00,,0.00,0.00,0.00,1.00,1,0.00,0.00,0.00,0.00,,,,5.56,5.56,9.52,9.52,3.85,3.85,4.55,4.55,0.00,0.00
Sudan,SDN,20200229,0.00,,0.00,,0.00,,0.00,,0.00,,0.00,,0.00,,0.00,0.00,,0.00,0.00,0.00,1.00,1,0.00,0.00,0.00,0.00,,,,5.56,5.56,9.52,9.52,3.85,3.85,4.55,4.55,0.00,0.00
Sudan,SDN,20200301,0.00,,0.00,,0.00,,0.00,,0.00,,0.00,,0.00,,0.00,0.00,,0.00,0.00,0.00,1.00,1,0.00,0.00,0.00,0.00,,,,5.56,5.56,9.52,9.52,3.85,3.85,4.55,4.55,0.00,0.00
Sudan,SDN,20200302,0.00,,0.00,,0.00,,0.00,,0.00,,0.00,,0.00,,0.00,0.00,,0.00,0.00,0.00,1.00,1,0.00,0.00,0.00,0.00,,,,5.56,5.56,9.52,9.52,3.85,3.85,4.55,4.55,0.00,0.00
Sudan,SDN,20200303,0.00,,0.00,,0.00,,0.00,,0.00,,0.00,,0.00,,0.00,0.00,,0.00,0.00,0.00,1.00,1,0.00,0.00,0.00,0.00,,,,5.56,5.56,9.52,9.52,3.85,3.85,4.55,4.55,0.00,0.00
Sudan,SDN,20200304,0.00,,0.00,,0.00,,0.00,,0.00,,0.00,,0.00,,0.00,0.00,,0.00,0.00,0.00,1.00,1,0.00,0.00,0.00,0.00,,,,5.56,5.56,9.52,9.52,3.85,3.85,4.55,4.55,0.00,0.00
Sudan,SDN,20200305,0.00,,0.00,,0.00,,0.00,,0.00,,0.00,,0.00,,0.00,0.00,,0.00,0.00,0.00,1.00,1,0.00,0.00,0.00,0.00,,,,5.56,5.56,9.52,9.52,3.85,3.85,4.55,4.55,0.00,0.00
Sudan,SDN,20200306,0.00,,0.00,,0.00,,0.00,,0.00,,0.00,,0.00,,0.00,0.00,,0.00,0.00,0.00,1.00,1,0.00,0.00,0.00,0.00,,,,5.56,5.56,9.52,9.52,3.85,3.85,4.55,4.55,0.00,0.00
Sudan,SDN,20200307,0.00,,0.00,,0.00,,0.00,,0.00,,0.00,,0.00,,0.00,0.00,,0.00,0.00,0.00,1.00,1,0.00,0.00,0.00,0.00,,,,5.56,5.56,9.52,9.52,3.85,3.85,4.55,4.55,0.00,0.00
Sudan,SDN,20200308,0.00,,0.00,,0.00,,0.00,,0.00,,0.00,,0.00,,0.00,0.00,,0.00,0.00,0.00,1.00,1,0.00,0.00,0.00,0.00,,,,5.56,5.56,9.52,9.52,3.85,3.85,4.55,4.55,0.00,0.00
Sudan,SDN,20200309,0.00,,0.00,,0.00,,0.00,,0.00,,0.00,,0.00,,0.00,0.00,,0.00,0.00,0.00,1.00,1,0.00,0.00,0.00,0.00,,,,5.56,5.56,9.52,9.52,3.85,3.85,4.55,4.55,0.00,0.00
Sudan,SDN,20200310,0.00,,0.00,,0.00,,0.00,,0.00,,0.00,,0.00,,0.00,0.00,,0.00,0.00,0.00,1.00,1,0.00,0.00,0.00,0.00,,,,5.56,5.56,9.52,9.52,3.85,3.85,4.55,4.55,0.00,0.00
Sudan,SDN,20200311,0.00,,0.00,,0.00,,0.00,,0.00,,0.00,,0.00,,0.00,0.00,,0.00,0.00,0.00,1.00,1,0.00,0.00,0.00,0.00,,,,5.56,5.56,9.52,9.52,3.85,3.85,4.55,4.55,0.00,0.00
Sudan,SDN,20200312,0.00,,0.00,,0.00,,0.00,,0.00,,0.00,,0.00,,0.00,0.00,,0.00,0.00,0.00,1.00,1,0.00,0.00,0.00,0.00,,,,5.56,5.56,9.52,9.52,3.85,3.85,4.55,4.55,0.00,0.00
Sudan,SDN,20200313,0.00,,0.00,,0.00,,0.00,,0.00,,0.00,,0.00,,0.00,0.00,,0.00,0.00,0.00,2.00,1,2.00,0.00,500000.00,0.00,,,,11.11,11.11,14.29,14.29,12.82,12.82,15.15,15.15,0.00,0.00
Sudan,SDN,20200314,3.00,1,1.00,1,2.00,1,3.00,1,0.00,,0.00,,0.00,,0.00,0.00,,0.00,0.00,0.00,2.00,1,2.00,0.00,0.00,0.00,,1,0,45.37,45.37,50.00,50.00,36.54,36.54,43.18,43.18,0.00,0.00
Sudan,SDN,20200315,3.00,1,1.00,1,2.00,1,3.00,1,0.00,,0.00,,0.00,,0.00,0.00,,0.00,0.00,0.00,2.00,1,2.00,0.00,0.00,0.00,,1,1,45.37,45.37,50.00,50.00,36.54,36.54,43.18,43.18,0.00,0.00
Sudan,SDN,20200316,3.00,1,1.00,1,2.00,1,3.00,1,0.00,,0.00,,0.00,,4.00,0.00,,0.00,0.00,0.00,2.00,1,2.00,1.00,0.00,0.00,,1,1,56.48,56.48,64.29,64.29,48.08,48.08,56.82,56.82,0.00,0.00
Sudan,SDN,20200317,3.00,1,1.00,1,2.00,1,3.00,1,0.00,,0.00,,0.00,,4.00,0.00,,0.00,0.00,0.00,2.00,1,2.00,1.00,0.00,0.00,,1,1,56.48,56.48,64.29,64.29,48.08,48.08,56.82,56.82,0.00,0.00
Sudan,SDN,20200318,3.00,1,1.00,1,2.00,1,3.00,1,0.00,,0.00,,0.00,,4.00,0.00,,0.00,0.00,0.00,2.00,1,2.00,1.00,0.00,0.00,,1,1,56.48,56.48,64.29,64.29,48.08,48.08,56.82,56.82,0.00,0.00
Sudan,SDN,20200319,3.00,1,1.00,1,2.00,1,3.00,1,0.00,,0.00,,0.00,,4.00,0.00,,0.00,0.00,0.00,2.00,1,2.00,1.00,123570000.00,0.00,,2,1,56.48,56.48,64.29,64.29,48.08,48.08,56.82,56.82,0.00,0.00
Sudan,SDN,20200320,3.00,1,1.00,1,2.00,1,3.00,1,0.00,,0.00,,0.00,,4.00,0.00,,0.00,0.00,0.00,2.00,1,2.00,1.00,0.00,0.00,,2,1,56.48,56.48,64.29,64.29,48.08,48.08,56.82,56.82,0.00,0.00
Sudan,SDN,20200321,3.00,1,1.00,1,2.00,1,3.00,1,0.00,,0.00,,0.00,,4.00,0.00,,0.00,0.00,0.00,2.00,1,2.00,1.00,0.00,0.00,,2,1,56.48,56.48,64.29,64.29,48.08,48.08,56.82,56.82,0.00,0.00
Sudan,SDN,20200322,3.00,1,1.00,1,2.00,1,3.00,1,0.00,,0.00,,0.00,,4.00,0.00,,0.00,0.00,0.00,2.00,1,2.00,1.00,0.00,0.00,,2,1,56.48,56.48,64.29,64.29,48.08,48.08,56.82,56.82,0.00,0.00
Sudan,SDN,20200323,3.00,1,1.00,1,2.00,1,3.00,1,0.00,,1.00,1,1.00,1,4.00,0.00,,0.00,0.00,0.00,2.00,1,2.00,1.00,0.00,0.00,,2,1,65.74,65.74,73.81,73.81,54.49,54.49,64.39,64.39,0.00,0.00
Sudan,SDN,20200324,3.00,1,1.00,1,2.00,1,3.00,1,0.00,,1.00,1,1.00,1,4.00,0.00,,0.00,0.00,0.00,2.00,1,2.00,1.00,0.00,0.00,,2,1,65.74,65.74,73.81,73.81,54.49,54.49,64.39,64.39,0.00,0.00
Sudan,SDN,20200325,3.00,1,1.00,1,2.00,1,3.00,1,0.00,,1.00,1,1.00,1,4.00,0.00,,0.00,0.00,0.00,2.00,1,2.00,1.00,0.00,0.00,,3,1,65.74,65.74,73.81,73.81,54.49,54.49,64.39,64.39,0.00,0.00
Sudan,SDN,20200326,3.00,1,1.00,1,2.00,1,3.00,1,2.00,1,1.00,1,1.00,1,4.00,0.00,,0.00,0.00,0.00,2.00,1,2.00,1.00,0.00,0.00,,3,1,76.85,76.85,88.10,88.10,62.18,62.18,73.48,73.48,0.00,0.00
Sudan,SDN,20200327,3.00,1,1.00,1,2.00,1,3.00,1,2.00,1,1.00,1,1.00,1,4.00,0.00,,0.00,0.00,0.00,2.00,1,2.00,1.00,0.00,0.00,,3,1,76.85,76.85,88.10,88.10,62.18,62.18,73.48,73.48,0.00,0.00
Sudan,SDN,20200328,3.00,1,1.00,1,2.00,1,3.00,1,2.00,1,1.00,1,1.00,1,4.00,0.00,,0.00,0.00,0.00,2.00,1,2.00,1.00,0.00,0.00,,3,1,76.85,76.85,88.10,88.10,62.18,62.18,73.48,73.48,0.00,0.00
Sudan,SDN,20200329,3.00,1,1.00,1,2.00,1,3.00,1,2.00,1,1.00,1,1.00,1,4.00,0.00,,0.00,0.00,0.00,2.00,1,2.00,1.00,0.00,0.00,,5,1,76.85,76.85,88.10,88.10,62.18,62.18,73.48,73.48,0.00,0.00
Sudan,SDN,20200330,3.00,1,1.00,1,2.00,1,3.00,1,2.00,1,1.00,1,1.00,1,4.00,0.00,,0.00,0.00,0.00,2.00,1,2.00,1.00,0.00,0.00,,5,1,76.85,76.85,88.10,88.10,62.18,62.18,73.48,73.48,0.00,0.00
Sudan,SDN,20200331,3.00,1,1.00,1,2.00,1,3.00,1,2.00,1,1.00,1,1.00,1,4.00,0.00,,0.00,0.00,0.00,2.00,1,2.00,1.00,0.00,0.00,,6,2,76.85,76.85,88.10,88.10,62.18,62.18,73.48,73.48,0.00,0.00
Sudan,SDN,20200401,3.00,1,1.00,1,2.00,1,3.00,1,2.00,1,1.00,1,1.00,1,4.00,0.00,,0.00,0.00,0.00,2.00,1,2.00,1.00,0.00,0.00,,7,2,76.85,76.85,88.10,88.10,62.18,62.18,73.48,73.48,0.00,0.00
Sudan,SDN,20200402,3.00,1,1.00,1,2.00,1,3.00,1,2.00,1,1.00,1,1.00,1,4.00,0.00,,0.00,0.00,0.00,2.00,1,2.00,1.00,0.00,0.00,,7,2,76.85,76.85,88.10,88.10,62.18,62.18,73.48,73.48,0.00,0.00
Sudan,SDN,20200403,3.00,1,1.00,1,2.00,1,3.00,1,2.00,1,1.00,1,1.00,1,4.00,0.00,,0.00,0.00,0.00,2.00,1,2.00,1.00,0.00,0.00,,7,2,76.85,76.85,88.10,88.10,62.18,62.18,73.48,73.48,0.00,0.00
Sudan,SDN,20200404,3.00,1,1.00,1,2.00,1,3.00,1,2.00,1,1.00,1,1.00,1,4.00,0.00,,0.00,0.00,0.00,2.00,1,2.00,1.00,0.00,0.00,,7,2,76.85,76.85,88.10,88.10,62.18,62.18,73.48,73.48,0.00,0.00
Sudan,SDN,20200405,3.00,1,1.00,1,2.00,1,3.00,1,2.00,1,1.00,1,1.00,1,4.00,0.00,,0.00,0.00,0.00,2.00,1,2.00,1.00,0.00,0.00,,10,2,76.85,76.85,88.10,88.10,62.18,62.18,73.48,73.48,0.00,0.00
Sudan,SDN,20200406,3.00,1,1.00,1,2.00,1,3.00,1,2.00,1,1.00,1,1.00,1,4.00,0.00,,0.00,0.00,0.00,2.00,1,2.00,1.00,0.00,0.00,,12,2,76.85,76.85,88.10,88.10,62.18,62.18,73.48,73.48,0.00,0.00
Sudan,SDN,20200407,3.00,1,1.00,1,2.00,1,3.00,1,2.00,1,1.00,1,1.00,1,4.00,0.00,,0.00,0.00,0.00,2.00,1,2.00,1.00,0.00,0.00,,12,2,76.85,76.85,88.10,88.10,62.18,62.18,73.48,73.48,0.00,0.00
Sudan,SDN,20200408,3.00,1,1.00,1,2.00,1,3.00,1,2.00,1,1.00,1,1.00,1,4.00,0.00,,0.00,0.00,0.00,2.00,1,2.00,1.00,0.00,0.00,,14,2,76.85,76.85,88.10,88.10,62.18,62.18,73.48,73.48,0.00,0.00
Sudan,SDN,20200409,3.00,1,1.00,1,2.00,1,3.00,1,2.00,1,1.00,1,1.00,1,4.00,0.00,,0.00,3.00,0.00,2.00,1,2.00,1.00,0.00,0.00,,14,2,76.85,76.85,88.10,88.10,62.18,62.18,73.48,73.48,0.00,0.00
Sudan,SDN,20200410,3.00,1,1.00,1,2.00,1,3.00,1,2.00,1,1.00,1,1.00,1,4.00,0.00,,0.00,0.00,0.00,2.00,1,2.00,1.00,0.00,0.00,,14,2,76.85,76.85,88.10,88.10,62.18,62.18,73.48,73.48,0.00,0.00
Sudan,SDN,20200411,3.00,1,1.00,1,2.00,1,3.00,1,2.00,1,1.00,1,1.00,1,4.00,0.00,,0.00,0.00,0.00,2.00,1,2.00,1.00,0.00,0.00,,15,2,76.85,76.85,88.10,88.10,62.18,62.18,73.48,73.48,0.00,0.00
Sudan,SDN,20200412,3.00,1,1.00,1,2.00,1,3.00,1,2.00,1,1.00,1,1.00,1,4.00,0.00,,0.00,0.00,0.00,2.00,1,2.00,1.00,0.00,0.00,,19,2,76.85,76.85,88.10,88.10,62.18,62.18,73.48,73.48,0.00,0.00
Sudan,SDN,20200413,3.00,1,1.00,1,2.00,1,3.00,1,2.00,1,1.00,1,2.00,0,4.00,0.00,,0.00,0.00,0.00,2.00,1,2.00,1.00,0.00,0.00,,19,2,79.63,79.63,88.10,88.10,64.10,64.10,75.76,75.76,0.00,0.00
Sudan,SDN,20200414,3.00,1,1.00,1,2.00,1,3.00,1,2.00,1,1.00,1,2.00,0,4.00,0.00,,0.00,0.00,0.00,2.00,1,2.00,1.00,0.00,0.00,,29,4,79.63,79.63,88.10,88.10,64.10,64.10,75.76,75.76,0.00,0.00
Sudan,SDN,20200415,3.00,1,1.00,1,2.00,1,3.00,1,2.00,1,1.00,1,2.00,0,4.00,0.00,,0.00,0.00,0.00,2.00,1,2.00,1.00,0.00,0.00,,32,5,79.63,79.63,88.10,88.10,64.10,64.10,75.76,75.76,0.00,0.00
Sudan,SDN,20200416,3.00,1,1.00,1,2.00,1,3.00,1,2.00,1,1.00,1,2.00,0,4.00,0.00,,0.00,0.00,0.00,2.00,1,2.00,1.00,0.00,0.00,,32,5,79.63,79.63,88.10,88.10,64.10,64.10,75.76,75.76,0.00,0.00
Sudan,SDN,20200417,3.00,1,1.00,1,2.00,1,3.00,1,2.00,1,1.00,1,2.00,0,4.00,0.00,,0.00,0.00,0.00,2.00,1,2.00,1.00,0.00,0.00,,32,5,79.63,79.63,88.10,88.10,64.10,64.10,75.76,75.76,0.00,0.00
Sudan,SDN,20200418,3.00,1,3.00,0,2.00,1,3.00,1,2.00,1,2.00,0,2.00,0,4.00,0.00,,0.00,0.00,0.00,2.00,1,2.00,1.00,0.00,0.00,,32,5,87.04,87.04,91.67,91.67,69.23,69.23,81.82,81.82,0.00,0.00
Sudan,SDN,20200419,3.00,1,3.00,0,2.00,1,3.00,1,2.00,1,2.00,0,2.00,0,4.00,0.00,,0.00,0.00,0.00,2.00,1,2.00,1.00,0.00,0.00,,66,10,87.04,87.04,91.67,91.67,69.23,69.23,81.82,81.82,0.00,0.00
Sudan,SDN,20200420,3.00,1,3.00,0,2.00,1,3.00,1,2.00,1,2.00,0,2.00,0,4.00,0.00,,0.00,0.00,0.00,2.00,1,2.00,1.00,0.00,0.00,,66,10,87.04,87.04,91.67,91.67,69.23,69.23,81.82,81.82,0.00,0.00
Sudan,SDN,20200421,3.00,1,3.00,0,2.00,1,3.00,1,2.00,1,2.00,0,2.00,0,4.00,0.00,,0.00,0.00,0.00,2.00,1,2.00,1.00,0.00,0.00,,92,12,87.04,87.04,91.67,91.67,69.23,69.23,81.82,81.82,0.00,0.00
Sudan,SDN,20200422,3.00,1,3.00,0,2.00,1,3.00,1,2.00,1,2.00,0,2.00,0,4.00,0.00,,0.00,0.00,0.00,2.00,1,2.00,1.00,0.00,0.00,,107,12,87.04,87.04,91.67,91.67,69.23,69.23,81.82,81.82,0.00,0.00
Sudan,SDN,20200423,3.00,1,3.00,0,2.00,1,3.00,1,2.00,1,2.00,0,2.00,0,4.00,0.00,,0.00,0.00,0.00,2.00,1,2.00,1.00,0.00,0.00,,140,13,87.04,87.04,91.67,91.67,69.23,69.23,81.82,81.82,0.00,0.00
Sudan,SDN,20200424,3.00,1,3.00,0,2.00,1,3.00,1,2.00,1,2.00,0,2.00,0,4.00,0.00,,0.00,0.00,0.00,2.00,1,2.00,1.00,0.00,0.00,,162,13,87.04,87.04,91.67,91.67,69.23,69.23,81.82,81.82,0.00,0.00
Sudan,SDN,20200425,3.00,1,3.00,0,2.00,1,3.00,1,2.00,1,2.00,0,2.00,0,4.00,0.00,,0.00,0.00,0.00,2.00,1,2.00,1.00,0.00,0.00,,174,16,87.04,87.04,91.67,91.67,69.23,69.23,81.82,81.82,0.00,0.00
Sudan,SDN,20200426,3.00,1,3.00,0,2.00,1,3.00,1,2.00,1,2.00,0,2.00,0,4.00,0.00,,0.00,0.00,0.00,2.00,1,2.00,1.00,0.00,0.00,,213,17,87.04,87.04,91.67,91.67,69.23,69.23,81.82,81.82,0.00,0.00
Sudan,SDN,20200427,3.00,1,3.00,0,2.00,1,3.00,1,2.00,1,2.00,0,2.00,0,4.00,0.00,,0.00,0.00,0.00,2.00,1,2.00,1.00,0.00,0.00,,237,21,87.04,87.04,91.67,91.67,69.23,69.23,81.82,81.82,0.00,0.00
Sudan,SDN,20200428,3.00,1,3.00,0,2.00,1,3.00,1,2.00,1,2.00,0,2.00,0,4.00,0.00,,0.00,0.00,0.00,2.00,1,2.00,1.00,0.00,0.00,,275,22,87.04,87.04,91.67,91.67,69.23,69.23,81.82,81.82,0.00,0.00
Sudan,SDN,20200429,3.00,1,3.00,0,2.00,1,3.00,1,2.00,1,2.00,0,2.00,0,4.00,0.00,,0.00,0.00,0.00,2.00,1,2.00,1.00,0.00,0.00,,318,25,87.04,87.04,91.67,91.67,69.23,69.23,81.82,81.82,0.00,0.00
Sudan,SDN,20200430,3.00,1,3.00,0,2.00,1,3.00,1,2.00,1,2.00,0,2.00,0,4.00,0.00,,0.00,0.00,0.00,2.00,1,2.00,1.00,0.00,0.00,,375,28,87.04,87.04,91.67,91.67,69.23,69.23,81.82,81.82,0.00,0.00
Sudan,SDN,20200501,3.00,1,3.00,0,2.00,1,3.00,1,2.00,1,2.00,0,2.00,0,4.00,0.00,,0.00,0.00,0.00,2.00,1,2.00,1.00,0.00,0.00,,442,31,87.04,87.04,91.67,91.67,69.23,69.23,81.82,81.82,0.00,0.00
Sudan,SDN,20200502,3.00,1,3.00,0,2.00,1,3.00,1,2.00,1,2.00,0,2.00,0,4.00,0.00,,0.00,0.00,0.00,2.00,1,2.00,1.00,0.00,0.00,,442,31,87.04,87.04,91.67,91.67,69.23,69.23,81.82,81.82,0.00,0.00
Sudan,SDN,20200503,3.00,1,3.00,0,2.00,1,3.00,1,2.00,1,2.00,0,2.00,0,4.00,0.00,,0.00,0.00,0.00,2.00,1,2.00,1.00,0.00,0.00,,592,41,87.04,87.04,91.67,91.67,69.23,69.23,81.82,81.82,0.00,0.00
Sudan,SDN,20200504,3.00,1,3.00,0,2.00,1,3.00,1,2.00,1,2.00,0,2.00,0,4.00,0.00,,0.00,0.00,0.00,2.00,1,2.00,1.00,0.00,0.00,,678,41,87.04,87.04,91.67,91.67,69.23,69.23,81.82,81.82,0.00,0.00
Sudan,SDN,20200505,3.00,1,3.00,0,2.00,1,3.00,1,2.00,1,2.00,0,2.00,0,4.00,0.00,,0.00,0.00,0.00,2.00,1,2.00,1.00,0.00,0.00,,678,41,87.04,87.04,91.67,91.67,69.23,69.23,81.82,81.82,0.00,0.00
Sudan,SDN,20200506,3.00,1,3.00,0,2.00,1,3.00,1,2.00,1,2.00,0,2.00,0,4.00,0.00,,0.00,0.00,0.00,2.00,1,2.00,1.00,0.00,0.00,,778,45,87.04,87.04,91.67,91.67,69.23,69.23,81.82,81.82,0.00,0.00
Sudan,SDN,20200507,3.00,1,3.00,0,2.00,1,3.00,1,2.00,1,2.00,0,2.00,0,4.00,1.00,1,1.00,300000000.00,0.00,2.00,1,2.00,1.00,0.00,0.00,,852,49,87.04,87.04,91.67,91.67,76.92,76.92,81.82,81.82,50.00,50.00
Sudan,SDN,20200508,3.00,1,3.00,0,2.00,1,3.00,1,2.00,1,2.00,0,2.00,0,4.00,1.00,1,1.00,0.00,0.00,2.00,1,2.00,1.00,0.00,0.00,,930,52,87.04,87.04,91.67,91.67,76.92,76.92,81.82,81.82,50.00,50.00
Sudan,SDN,20200509,3.00,1,3.00,0,2.00,1,3.00,1,2.00,1,2.00,0,2.00,0,4.00,1.00,1,1.00,0.00,0.00,2.00,1,2.00,1.00,0.00,0.00,,1111,59,87.04,87.04,91.67,91.67,76.92,76.92,81.82,81.82,50.00,50.00
Sudan,SDN,20200510,3.00,1,3.00,0,2.00,1,3.00,1,2.00,1,2.00,0,2.00,0,4.00,1.00,1,1.00,0.00,0.00,2.00,1,2.00,1.00,0.00,0.00,,1164,64,87.04,87.04,91.67,91.67,76.92,76.92,81.82,81.82,50.00,50.00
Sudan,SDN,20200511,3.00,1,3.00,0,2.00,1,3.00,1,2.00,1,2.00,0,2.00,0,4.00,1.00,1,1.00,0.00,0.00,2.00,1,2.00,1.00,0.00,0.00,,1363,70,87.04,87.04,91.67,91.67,76.92,76.92,81.82,81.82,50.00,50.00
Sudan,SDN,20200512,3.00,1,3.00,0,2.00,1,3.00,1,2.00,1,2.00,0,2.00,0,4.00,1.00,1,1.00,0.00,0.00,2.00,1,2.00,1.00,0.00,0.00,,1526,74,87.04,87.04,91.67,91.67,76.92,76.92,81.82,81.82,50.00,50.00
Sudan,SDN,20200513,3.00,1,3.00,0,2.00,1,3.00,1,2.00,1,2.00,0,2.00,0,4.00,1.00,1,1.00,0.00,0.00,2.00,1,2.00,1.00,0.00,0.00,,1661,80,87.04,87.04,91.67,91.67,76.92,76.92,81.82,81.82,50.00,50.00
Sudan,SDN,20200514,3.00,1,3.00,0,2.00,1,3.00,1,2.00,1,2.00,0,2.00,0,4.00,1.00,1,1.00,0.00,0.00,2.00,1,2.00,1.00,0.00,0.00,,1818,90,87.04,87.04,91.67,91.67,76.92,76.92,81.82,81.82,50.00,50.00
Sudan,SDN,20200515,3.00,1,3.00,0,2.00,1,3.00,1,2.00,1,2.00,0,2.00,0,4.00,1.00,1,1.00,0.00,0.00,2.00,1,2.00,1.00,0.00,0.00,,1964,91,87.04,87.04,91.67,91.67,76.92,76.92,81.82,81.82,50.00,50.00
Sudan,SDN,20200516,3.00,1,3.00,0,2.00,1,3.00,1,2.00,1,2.00,0,2.00,0,4.00,1.00,1,1.00,0.00,0.00,2.00,1,2.00,1.00,0.00,0.00,,1964,91,87.04,87.04,91.67,91.67,76.92,76.92,81.82,81.82,50.00,50.00
Sudan,SDN,20200517,3.00,1,3.00,0,2.00,1,3.00,1,2.00,1,2.00,0,2.00,0,4.00,1.00,1,1.00,0.00,0.00,2.00,1,2.00,1.00,0.00,0.00,,1964,91,87.04,87.04,91.67,91.67,76.92,76.92,81.82,81.82,50.00,50.00
Sudan,SDN,20200518,3.00,1,3.00,0,2.00,1,3.00,1,2.00,1,2.00,0,2.00,0,4.00,1.00,1,1.00,0.00,0.00,2.00,1,2.00,1.00,0.00,0.00,,2289,97,87.04,87.04,91.67,91.67,76.92,76.92,81.82,81.82,50.00,50.00
Sudan,SDN,20200519,3.00,1,3.00,0,2.00,1,3.00,1,2.00,1,2.00,0,2.00,0,4.00,1.00,1,1.00,0.00,0.00,2.00,1,2.00,1.00,0.00,0.00,,2591,105,87.04,87.04,91.67,91.67,76.92,76.92,81.82,81.82,50.00,50.00
Sudan,SDN,20200520,3.00,1,3.00,0,2.00,1,3.00,1,2.00,1,2.00,0,2.00,0,4.00,1.00,1,1.00,0.00,0.00,2.00,1,2.00,1.00,0.00,0.00,,2591,105,87.04,87.04,91.67,91.67,76.92,76.92,81.82,81.82,50.00,50.00
Sudan,SDN,20200521,3.00,1,3.00,0,2.00,1,3.00,1,2.00,1,2.00,0,2.00,0,4.00,1.00,1,1.00,0.00,0.00,2.00,1,2.00,1.00,0.00,0.00,,2728,111,87.04,87.04,91.67,91.67,76.92,76.92,81.82,81.82,50.00,50.00
Sudan,SDN,20200522,3.00,1,3.00,0,2.00,1,3.00,1,2.00,1,2.00,0,2.00,0,4.00,1.00,1,1.00,0.00,0.00,2.00,1,2.00,1.00,0.00,0.00,,3138,121,87.04,87.04,91.67,91.67,76.92,76.92,81.82,81.82,50.00,50.00
Sudan,SDN,20200523,3.00,1,3.00,0,2.00,1,3.00,1,2.00,1,2.00,0,2.00,0,4.00,1.00,1,1.00,0.00,0.00,2.00,1,2.00,1.00,0.00,0.00,,3378,137,87.04,87.04,91.67,91.67,76.92,76.92,81.82,81.82,50.00,50.00
Sudan,SDN,20200524,3.00,1,3.00,0,2.00,1,3.00,1,2.00,1,2.00,0,2.00,0,4.00,1.00,1,1.00,0.00,0.00,2.00,1,2.00,1.00,0.00,0.00,,3628,146,87.04,87.04,91.67,91.67,76.92,76.92,81.82,81.82,50.00,50.00
Sudan,SDN,20200525,3.00,1,3.00,0,2.00,1,3.00,1,2.00,1,2.00,0,2.00,0,4.00,1.00,1,1.00,0.00,0.00,2.00,1,2.00,1.00,0.00,0.00,,3634,146,87.04,87.04,91.67,91.67,76.92,76.92,81.82,81.82,50.00,50.00
Sudan,SDN,20200526,3.00,1,3.00,0,2.00,1,3.00,1,2.00,1,2.00,0,2.00,0,4.00,1.00,1,1.00,0.00,0.00,2.00,1,2.00,1.00,0.00,0.00,,3826,165,87.04,87.04,91.67,91.67,76.92,76.92,81.82,81.82,50.00,50.00
Sudan,SDN,20200527,3.00,1,3.00,0,2.00,1,3.00,1,2.00,1,2.00,0,2.00,0,4.00,1.00,1,1.00,0.00,0.00,2.00,1,2.00,1.00,0.00,0.00,,3976,170,87.04,87.04,91.67,91.67,76.92,76.92,81.82,81.82,50.00,50.00
Sudan,SDN,20200528,3.00,1,3.00,0,2.00,1,3.00,1,2.00,1,2.00,0,2.00,0,4.00,1.00,1,1.00,0.00,0.00,2.00,1,2.00,1.00,0.00,0.00,,4146,184,87.04,87.04,91.67,91.67,76.92,76.92,81.82,81.82,50.00,50.00
Sudan,SDN,20200529,3.00,1,3.00,0,2.00,1,3.00,1,2.00,1,2.00,1,2.00,1,4.00,1.00,1,1.00,0.00,0.00,2.00,1,2.00,1.00,0.00,0.00,,4346,195,91.67,91.67,96.43,96.43,80.13,80.13,85.61,85.61,50.00,50.00
Sudan,SDN,20200530,3.00,1,3.00,0,2.00,1,3.00,1,2.00,1,2.00,1,2.00,1,4.00,1.00,1,1.00,0.00,0.00,2.00,1,2.00,1.00,0.00,0.00,,4521,233,91.67,91.67,96.43,96.43,80.13,80.13,85.61,85.61,50.00,50.00
Sudan,SDN,20200531,3.00,1,3.00,0,2.00,1,3.00,1,2.00,1,2.00,1,2.00,1,4.00,1.00,1,1.00,0.00,0.00,2.00,1,2.00,1.00,0.00,0.00,,4800,262,91.67,91.67,96.43,96.43,80.13,80.13,85.61,85.61,50.00,50.00
Sudan,SDN,20200601,3.00,1,3.00,0,2.00,1,3.00,1,2.00,1,2.00,1,2.00,1,4.00,1.00,1,1.00,0.00,0.00,2.00,1,2.00,1.00,0.00,0.00,,5026,286,91.67,91.67,96.43,96.43,80.13,80.13,85.61,85.61,50.00,50.00
Sudan,SDN,20200602,3.00,1,3.00,0,2.00,1,3.00,1,2.00,1,2.00,1,2.00,1,4.00,1.00,1,1.00,0.00,0.00,2.00,1,2.00,1.00,0.00,0.00,,5173,298,91.67,91.67,96.43,96.43,80.13,80.13,85.61,85.61,50.00,50.00
Sudan,SDN,20200603,3.00,1,3.00,0,2.00,1,3.00,1,2.00,1,2.00,1,2.00,1,4.00,1.00,1,1.00,0.00,0.00,2.00,1,2.00,1.00,0.00,0.00,,5310,307,91.67,91.67,96.43,96.43,80.13,80.13,85.61,85.61,50.00,50.00
Sudan,SDN,20200604,3.00,1,3.00,0,2.00,1,3.00,1,2.00,1,2.00,1,2.00,1,4.00,1.00,1,1.00,0.00,0.00,2.00,1,2.00,1.00,0.00,0.00,,5310,307,91.67,91.67,96.43,96.43,80.13,80.13,85.61,85.61,50.00,50.00
Sudan,SDN,20200605,3.00,1,3.00,0,2.00,1,3.00,1,2.00,1,2.00,1,2.00,1,4.00,1.00,1,1.00,0.00,0.00,2.00,1,2.00,1.00,0.00,0.00,,5499,314,91.67,91.67,96.43,96.43,80.13,80.13,85.61,85.61,50.00,50.00
Sudan,SDN,20200606,3.00,1,3.00,0,2.00,1,3.00,1,2.00,1,2.00,1,2.00,1,4.00,1.00,1,1.00,0.00,0.00,2.00,1,2.00,1.00,0.00,0.00,,5714,333,91.67,91.67,96.43,96.43,80.13,80.13,85.61,85.61,50.00,50.00
Sudan,SDN,20200607,3.00,1,3.00,0,2.00,1,3.00,1,2.00,1,2.00,1,2.00,1,4.00,1.00,1,1.00,0.00,0.00,2.00,1,2.00,1.00,0.00,0.00,,5865,347,91.67,91.67,96.43,96.43,80.13,80.13,85.61,85.61,50.00,50.00
Sudan,SDN,20200608,3.00,1,3.00,0,2.00,1,3.00,1,2.00,1,2.00,1,2.00,1,4.00,1.00,1,1.00,0.00,0.00,2.00,1,2.00,1.00,0.00,0.00,,6083,359,91.67,91.67,96.43,96.43,80.13,80.13,85.61,85.61,50.00,50.00
Sudan,SDN,20200609,3.00,1,3.00,0,2.00,1,3.00,1,2.00,1,2.00,1,2.00,1,4.00,1.00,1,1.00,0.00,0.00,2.00,1,2.00,1.00,0.00,0.00,,6242,372,91.67,91.67,96.43,96.43,80.13,80.13,85.61,85.61,50.00,50.00
Sudan,SDN,20200610,3.00,1,3.00,0,2.00,1,3.00,1,2.00,1,2.00,1,2.00,1,4.00,1.00,1,1.00,0.00,0.00,2.00,1,2.00,1.00,0.00,0.00,,6242,372,91.67,91.67,96.43,96.43,80.13,80.13,85.61,85.61,50.00,50.00
Sudan,SDN,20200611,3.00,1,3.00,0,2.00,1,3.00,1,2.00,1,2.00,1,2.00,1,4.00,1.00,1,1.00,0.00,0.00,2.00,1,2.00,1.00,0.00,0.00,,6427,389,91.67,91.67,96.43,96.43,80.13,80.13,85.61,85.61,50.00,50.00
Sudan,SDN,20200612,3.00,1,3.00,0,2.00,1,3.00,1,2.00,0,2.00,0,2.00,0,4.00,1.00,1,1.00,0.00,0.00,2.00,1,2.00,1.00,0.00,0.00,,6730,413,84.26,84.26,86.90,86.90,75.00,75.00,79.55,79.55,50.00,50.00
Sudan,SDN,20200613,3.00,1,3.00,0,2.00,1,3.00,1,2.00,0,2.00,0,2.00,0,4.00,1.00,1,1.00,0.00,0.00,2.00,1,2.00,1.00,0.00,0.00,,6879,433,84.26,84.26,86.90,86.90,75.00,75.00,79.55,79.55,50.00,50.00
Sudan,SDN,20200614,3.00,1,3.00,0,2.00,1,3.00,1,2.00,0,2.00,0,2.00,0,4.00,1.00,1,1.00,0.00,0.00,2.00,1,2.00,1.00,0.00,0.00,,6879,433,84.26,84.26,86.90,86.90,75.00,75.00,79.55,79.55,50.00,50.00
Sudan,SDN,20200615,3.00,1,3.00,0,2.00,1,3.00,1,2.00,0,2.00,0,2.00,0,4.00,1.00,1,1.00,0.00,0.00,2.00,1,2.00,1.00,0.00,0.00,,7220,459,84.26,84.26,86.90,86.90,75.00,75.00,79.55,79.55,50.00,50.00
Sudan,SDN,20200616,3.00,1,3.00,0,2.00,1,3.00,1,2.00,0,2.00,0,2.00,0,4.00,1.00,1,1.00,0.00,0.00,2.00,1,2.00,1.00,0.00,0.00,,7220,459,84.26,84.26,86.90,86.90,75.00,75.00,79.55,79.55,50.00,50.00
Sudan,SDN,20200617,3.00,1,3.00,0,2.00,1,3.00,1,2.00,0,2.00,0,2.00,0,4.00,1.00,1,1.00,0.00,0.00,2.00,1,2.00,1.00,0.00,0.00,,7740,477,84.26,84.26,86.90,86.90,75.00,75.00,79.55,79.55,50.00,50.00
Sudan,SDN,20200618,3.00,1,3.00,0,2.00,1,3.00,1,2.00,0,2.00,0,2.00,0,4.00,1.00,1,1.00,0.00,0.00,2.00,1,2.00,1.00,0.00,0.00,,8020,487,84.26,84.26,86.90,86.90,75.00,75.00,79.55,79.55,50.00,50.00
Sudan,SDN,20200619,3.00,1,3.00,0,2.00,1,3.00,1,2.00,0,2.00,0,2.00,0,4.00,1.00,1,1.00,0.00,0.00,2.00,1,2.00,1.00,0.00,0.00,,8020,487,84.26,84.26,86.90,86.90,75.00,75.00,79.55,79.55,50.00,50.00
Sudan,SDN,20200620,3.00,1,3.00,0,2.00,1,3.00,1,2.00,0,2.00,0,2.00,0,4.00,1.00,1,1.00,0.00,0.00,2.00,1,2.00,1.00,0.00,0.00,,8316,506,84.26,84.26,86.90,86.90,75.00,75.00,79.55,79.55,50.00,50.00
Sudan,SDN,20200621,3.00,1,3.00,0,2.00,1,3.00,1,2.00,0,2.00,0,2.00,0,4.00,1.00,1,1.00,0.00,0.00,2.00,1,2.00,1.00,0.00,0.00,,8580,521,84.26,84.26,86.90,86.90,75.00,75.00,79.55,79.55,50.00,50.00
Sudan,SDN,20200622,,,,,,,,,,,,,,,,,,,,,,,,,,,,8580,521,,84.26,,86.90,,75.00,,79.55,,50.00
Sudan,SDN,20200623,,,,,,,,,,,,,,,,,,,,,,,,,,,,8698,533,,84.26,,86.90,,75.00,,79.55,,50.00
