Switzerland,CHE,20200101,0.00,,0.00,,0.00,,0.00,,0.00,,0.00,,0.00,,0.00,0.00,,0.00,0.00,0.00,0.00,,0.00,0.00,0.00,0.00,,0,0,0.00,0.00,0.00,0.00,0.00,0.00,0.00,0.00,0.00,0.00
Switzerland,CHE,20200102,0.00,,0.00,,0.00,,0.00,,0.00,,0.00,,0.00,,0.00,0.00,,0.00,0.00,0.00,0.00,,0.00,0.00,0.00,0.00,,0,0,0.00,0.00,0.00,0.00,0.00,0.00,0.00,0.00,0.00,0.00
Switzerland,CHE,20200103,0.00,,0.00,,0.00,,0.00,,0.00,,0.00,,0.00,,0.00,0.00,,0.00,0.00,0.00,0.00,,0.00,0.00,0.00,0.00,,0,0,0.00,0.00,0.00,0.00,0.00,0.00,0.00,0.00,0.00,0.00
Switzerland,CHE,20200104,0.00,,0.00,,0.00,,0.00,,0.00,,0.00,,0.00,,0.00,0.00,,0.00,0.00,0.00,0.00,,0.00,0.00,0.00,0.00,,0,0,0.00,0.00,0.00,0.00,0.00,0.00,0.00,0.00,0.00,0.00
Switzerland,CHE,20200105,0.00,,0.00,,0.00,,0.00,,0.00,,0.00,,0.00,,0.00,0.00,,0.00,0.00,0.00,0.00,,0.00,0.00,0.00,0.00,,0,0,0.00,0.00,0.00,0.00,0.00,0.00,0.00,0.00,0.00,0.00
Switzerland,CHE,20200106,0.00,,0.00,,0.00,,0.00,,0.00,,0.00,,0.00,,0.00,0.00,,0.00,0.00,0.00,0.00,,0.00,0.00,0.00,0.00,,0,0,0.00,0.00,0.00,0.00,0.00,0.00,0.00,0.00,0.00,0.00
Switzerland,CHE,20200107,0.00,,0.00,,0.00,,0.00,,0.00,,0.00,,0.00,,0.00,0.00,,0.00,0.00,0.00,0.00,,0.00,0.00,0.00,0.00,,0,0,0.00,0.00,0.00,0.00,0.00,0.00,0.00,0.00,0.00,0.00
Switzerland,CHE,20200108,0.00,,0.00,,0.00,,0.00,,0.00,,0.00,,0.00,,0.00,0.00,,0.00,0.00,0.00,0.00,,0.00,0.00,0.00,0.00,,0,0,0.00,0.00,0.00,0.00,0.00,0.00,0.00,0.00,0.00,0.00
Switzerland,CHE,20200109,0.00,,0.00,,0.00,,0.00,,0.00,,0.00,,0.00,,0.00,0.00,,0.00,0.00,0.00,0.00,,0.00,0.00,0.00,0.00,,0,0,0.00,0.00,0.00,0.00,0.00,0.00,0.00,0.00,0.00,0.00
Switzerland,CHE,20200110,0.00,,0.00,,0.00,,0.00,,0.00,,0.00,,0.00,,0.00,0.00,,0.00,0.00,0.00,0.00,,0.00,0.00,0.00,0.00,,0,0,0.00,0.00,0.00,0.00,0.00,0.00,0.00,0.00,0.00,0.00
Switzerland,CHE,20200111,0.00,,0.00,,0.00,,0.00,,0.00,,0.00,,0.00,,0.00,0.00,,0.00,0.00,0.00,0.00,,0.00,0.00,0.00,0.00,,0,0,0.00,0.00,0.00,0.00,0.00,0.00,0.00,0.00,0.00,0.00
Switzerland,CHE,20200112,0.00,,0.00,,0.00,,0.00,,0.00,,0.00,,0.00,,0.00,0.00,,0.00,0.00,0.00,0.00,,0.00,0.00,0.00,0.00,,0,0,0.00,0.00,0.00,0.00,0.00,0.00,0.00,0.00,0.00,0.00
Switzerland,CHE,20200113,0.00,,0.00,,0.00,,0.00,,0.00,,0.00,,0.00,,0.00,0.00,,0.00,0.00,0.00,0.00,,0.00,0.00,0.00,0.00,,0,0,0.00,0.00,0.00,0.00,0.00,0.00,0.00,0.00,0.00,0.00
Switzerland,CHE,20200114,0.00,,0.00,,0.00,,0.00,,0.00,,0.00,,0.00,,0.00,0.00,,0.00,0.00,0.00,0.00,,0.00,0.00,0.00,0.00,,0,0,0.00,0.00,0.00,0.00,0.00,0.00,0.00,0.00,0.00,0.00
Switzerland,CHE,20200115,0.00,,0.00,,0.00,,0.00,,0.00,,0.00,,0.00,,0.00,0.00,,0.00,0.00,0.00,0.00,,0.00,0.00,0.00,0.00,,0,0,0.00,0.00,0.00,0.00,0.00,0.00,0.00,0.00,0.00,0.00
Switzerland,CHE,20200116,0.00,,0.00,,0.00,,0.00,,0.00,,0.00,,0.00,,0.00,0.00,,0.00,0.00,0.00,0.00,,0.00,0.00,0.00,0.00,,0,0,0.00,0.00,0.00,0.00,0.00,0.00,0.00,0.00,0.00,0.00
Switzerland,CHE,20200117,0.00,,0.00,,0.00,,0.00,,0.00,,0.00,,0.00,,0.00,0.00,,0.00,0.00,0.00,0.00,,0.00,0.00,0.00,0.00,,0,0,0.00,0.00,0.00,0.00,0.00,0.00,0.00,0.00,0.00,0.00
Switzerland,CHE,20200118,0.00,,0.00,,0.00,,0.00,,0.00,,0.00,,0.00,,0.00,0.00,,0.00,0.00,0.00,0.00,,0.00,0.00,0.00,0.00,,0,0,0.00,0.00,0.00,0.00,0.00,0.00,0.00,0.00,0.00,0.00
Switzerland,CHE,20200119,0.00,,0.00,,0.00,,0.00,,0.00,,0.00,,0.00,,0.00,0.00,,0.00,0.00,0.00,0.00,,0.00,0.00,0.00,0.00,,0,0,0.00,0.00,0.00,0.00,0.00,0.00,0.00,0.00,0.00,0.00
Switzerland,CHE,20200120,0.00,,0.00,,0.00,,0.00,,0.00,,0.00,,0.00,,0.00,0.00,,0.00,0.00,0.00,0.00,,0.00,0.00,0.00,0.00,,0,0,0.00,0.00,0.00,0.00,0.00,0.00,0.00,0.00,0.00,0.00
Switzerland,CHE,20200121,0.00,,0.00,,0.00,,0.00,,0.00,,0.00,,0.00,,0.00,0.00,,0.00,0.00,0.00,0.00,,0.00,0.00,0.00,0.00,,0,0,0.00,0.00,0.00,0.00,0.00,0.00,0.00,0.00,0.00,0.00
Switzerland,CHE,20200122,0.00,,0.00,,0.00,,0.00,,0.00,,0.00,,0.00,,0.00,0.00,,0.00,0.00,0.00,0.00,,0.00,0.00,0.00,0.00,,0,0,0.00,0.00,0.00,0.00,0.00,0.00,0.00,0.00,0.00,0.00
Switzerland,CHE,20200123,0.00,,0.00,,0.00,,0.00,,0.00,,0.00,,0.00,,0.00,0.00,,0.00,0.00,0.00,0.00,,0.00,0.00,0.00,0.00,,0,0,0.00,0.00,0.00,0.00,0.00,0.00,0.00,0.00,0.00,0.00
Switzerland,CHE,20200124,0.00,,0.00,,0.00,,0.00,,0.00,,0.00,,0.00,,0.00,0.00,,0.00,0.00,0.00,0.00,,0.00,0.00,0.00,0.00,,0,0,0.00,0.00,0.00,0.00,0.00,0.00,0.00,0.00,0.00,0.00
Switzerland,CHE,20200125,0.00,,0.00,,0.00,,0.00,,0.00,,0.00,,0.00,,0.00,0.00,,0.00,0.00,0.00,0.00,,0.00,0.00,0.00,0.00,,0,0,0.00,0.00,0.00,0.00,0.00,0.00,0.00,0.00,0.00,0.00
Switzerland,CHE,20200126,0.00,,0.00,,0.00,,0.00,,0.00,,0.00,,0.00,,0.00,0.00,,0.00,0.00,0.00,0.00,,0.00,0.00,0.00,0.00,,0,0,0.00,0.00,0.00,0.00,0.00,0.00,0.00,0.00,0.00,0.00
Switzerland,CHE,20200127,0.00,,0.00,,0.00,,0.00,,0.00,,0.00,,0.00,,0.00,0.00,,0.00,0.00,0.00,0.00,,0.00,0.00,0.00,0.00,,0,0,0.00,0.00,0.00,0.00,0.00,0.00,0.00,0.00,0.00,0.00
Switzerland,CHE,20200128,0.00,,0.00,,0.00,,0.00,,0.00,,0.00,,0.00,,0.00,0.00,,0.00,0.00,0.00,0.00,,0.00,0.00,0.00,0.00,,0,0,0.00,0.00,0.00,0.00,0.00,0.00,0.00,0.00,0.00,0.00
Switzerland,CHE,20200129,0.00,,0.00,,0.00,,0.00,,0.00,,0.00,,0.00,,0.00,0.00,,0.00,0.00,0.00,0.00,,0.00,0.00,0.00,0.00,,0,0,0.00,0.00,0.00,0.00,0.00,0.00,0.00,0.00,0.00,0.00
Switzerland,CHE,20200130,0.00,,0.00,,0.00,,0.00,,0.00,,0.00,,0.00,,0.00,0.00,,0.00,0.00,0.00,0.00,,0.00,0.00,0.00,0.00,,0,0,0.00,0.00,0.00,0.00,0.00,0.00,0.00,0.00,0.00,0.00
Switzerland,CHE,20200131,0.00,,0.00,,0.00,,0.00,,0.00,,0.00,,0.00,,0.00,0.00,,0.00,0.00,0.00,0.00,,0.00,0.00,0.00,0.00,,0,0,0.00,0.00,0.00,0.00,0.00,0.00,0.00,0.00,0.00,0.00
Switzerland,CHE,20200201,0.00,,0.00,,0.00,,0.00,,0.00,,0.00,,0.00,,0.00,0.00,,0.00,0.00,0.00,0.00,,0.00,0.00,0.00,0.00,,0,0,0.00,0.00,0.00,0.00,0.00,0.00,0.00,0.00,0.00,0.00
Switzerland,CHE,20200202,0.00,,0.00,,0.00,,0.00,,0.00,,0.00,,0.00,,0.00,0.00,,0.00,0.00,0.00,0.00,,0.00,0.00,0.00,0.00,,0,0,0.00,0.00,0.00,0.00,0.00,0.00,0.00,0.00,0.00,0.00
Switzerland,CHE,20200203,0.00,,0.00,,0.00,,0.00,,0.00,,0.00,,0.00,,0.00,0.00,,0.00,0.00,0.00,0.00,,0.00,0.00,0.00,0.00,,0,0,0.00,0.00,0.00,0.00,0.00,0.00,0.00,0.00,0.00,0.00
Switzerland,CHE,20200204,0.00,,0.00,,0.00,,0.00,,0.00,,0.00,,0.00,,0.00,0.00,,0.00,0.00,0.00,0.00,,0.00,0.00,0.00,0.00,,0,0,0.00,0.00,0.00,0.00,0.00,0.00,0.00,0.00,0.00,0.00
Switzerland,CHE,20200205,0.00,,0.00,,0.00,,0.00,,0.00,,0.00,,0.00,,0.00,0.00,,0.00,0.00,0.00,0.00,,0.00,0.00,0.00,0.00,,0,0,0.00,0.00,0.00,0.00,0.00,0.00,0.00,0.00,0.00,0.00
Switzerland,CHE,20200206,0.00,,0.00,,0.00,,0.00,,0.00,,0.00,,0.00,,0.00,0.00,,0.00,0.00,0.00,0.00,,0.00,0.00,0.00,0.00,,0,0,0.00,0.00,0.00,0.00,0.00,0.00,0.00,0.00,0.00,0.00
Switzerland,CHE,20200207,0.00,,0.00,,0.00,,0.00,,0.00,,0.00,,0.00,,0.00,0.00,,0.00,0.00,0.00,0.00,,0.00,0.00,0.00,0.00,,0,0,0.00,0.00,0.00,0.00,0.00,0.00,0.00,0.00,0.00,0.00
Switzerland,CHE,20200208,0.00,,0.00,,0.00,,0.00,,0.00,,0.00,,0.00,,0.00,0.00,,0.00,0.00,0.00,0.00,,0.00,0.00,0.00,0.00,,0,0,0.00,0.00,0.00,0.00,0.00,0.00,0.00,0.00,0.00,0.00
Switzerland,CHE,20200209,0.00,,0.00,,0.00,,0.00,,0.00,,0.00,,0.00,,0.00,0.00,,0.00,0.00,0.00,0.00,,0.00,0.00,0.00,0.00,,0,0,0.00,0.00,0.00,0.00,0.00,0.00,0.00,0.00,0.00,0.00
Switzerland,CHE,20200210,0.00,,0.00,,0.00,,0.00,,0.00,,0.00,,0.00,,0.00,0.00,,0.00,0.00,0.00,0.00,,0.00,0.00,0.00,0.00,,0,0,0.00,0.00,0.00,0.00,0.00,0.00,0.00,0.00,0.00,0.00
Switzerland,CHE,20200211,0.00,,0.00,,0.00,,0.00,,0.00,,0.00,,0.00,,0.00,0.00,,0.00,0.00,0.00,0.00,,0.00,0.00,0.00,0.00,,0,0,0.00,0.00,0.00,0.00,0.00,0.00,0.00,0.00,0.00,0.00
Switzerland,CHE,20200212,0.00,,0.00,,0.00,,0.00,,0.00,,0.00,,0.00,,0.00,0.00,,0.00,0.00,0.00,0.00,,0.00,0.00,0.00,0.00,,0,0,0.00,0.00,0.00,0.00,0.00,0.00,0.00,0.00,0.00,0.00
Switzerland,CHE,20200213,0.00,,0.00,,0.00,,0.00,,0.00,,0.00,,0.00,,0.00,0.00,,0.00,0.00,0.00,0.00,,0.00,0.00,0.00,0.00,,0,0,0.00,0.00,0.00,0.00,0.00,0.00,0.00,0.00,0.00,0.00
Switzerland,CHE,20200214,0.00,,0.00,,0.00,,0.00,,0.00,,0.00,,0.00,,0.00,0.00,,0.00,0.00,0.00,0.00,,0.00,0.00,0.00,0.00,,0,0,0.00,0.00,0.00,0.00,0.00,0.00,0.00,0.00,0.00,0.00
Switzerland,CHE,20200215,0.00,,0.00,,0.00,,0.00,,0.00,,0.00,,0.00,,0.00,0.00,,0.00,0.00,0.00,0.00,,0.00,1.00,0.00,0.00,,0,0,0.00,0.00,0.00,0.00,3.85,3.85,4.55,4.55,0.00,0.00
Switzerland,CHE,20200216,0.00,,0.00,,0.00,,0.00,,0.00,,0.00,,0.00,,0.00,0.00,,0.00,0.00,0.00,0.00,,0.00,1.00,0.00,0.00,,0,0,0.00,0.00,0.00,0.00,3.85,3.85,4.55,4.55,0.00,0.00
Switzerland,CHE,20200217,0.00,,0.00,,0.00,,0.00,,0.00,,0.00,,0.00,,0.00,0.00,,0.00,0.00,0.00,0.00,,0.00,1.00,0.00,0.00,,0,0,0.00,0.00,0.00,0.00,3.85,3.85,4.55,4.55,0.00,0.00
Switzerland,CHE,20200218,0.00,,0.00,,0.00,,0.00,,0.00,,0.00,,0.00,,0.00,0.00,,0.00,0.00,0.00,0.00,,0.00,1.00,0.00,0.00,,0,0,0.00,0.00,0.00,0.00,3.85,3.85,4.55,4.55,0.00,0.00
Switzerland,CHE,20200219,0.00,,0.00,,0.00,,0.00,,0.00,,0.00,,0.00,,0.00,0.00,,0.00,0.00,0.00,0.00,,0.00,1.00,0.00,0.00,,0,0,0.00,0.00,0.00,0.00,3.85,3.85,4.55,4.55,0.00,0.00
Switzerland,CHE,20200220,0.00,,0.00,,0.00,,0.00,,0.00,,0.00,,0.00,,0.00,0.00,,0.00,0.00,0.00,0.00,,0.00,1.00,0.00,0.00,,0,0,0.00,0.00,0.00,0.00,3.85,3.85,4.55,4.55,0.00,0.00
Switzerland,CHE,20200221,0.00,,0.00,,0.00,,0.00,,0.00,,0.00,,0.00,,0.00,0.00,,0.00,0.00,0.00,0.00,,0.00,1.00,0.00,0.00,,0,0,0.00,0.00,0.00,0.00,3.85,3.85,4.55,4.55,0.00,0.00
Switzerland,CHE,20200222,0.00,,0.00,,0.00,,0.00,,0.00,,0.00,,0.00,,0.00,0.00,,0.00,0.00,0.00,0.00,,0.00,1.00,0.00,0.00,,0,0,0.00,0.00,0.00,0.00,3.85,3.85,4.55,4.55,0.00,0.00
Switzerland,CHE,20200223,0.00,,0.00,,0.00,,0.00,,0.00,,0.00,,0.00,,0.00,0.00,,0.00,0.00,0.00,0.00,,0.00,1.00,0.00,0.00,,0,0,0.00,0.00,0.00,0.00,3.85,3.85,4.55,4.55,0.00,0.00
Switzerland,CHE,20200224,0.00,,0.00,,0.00,,0.00,,0.00,,0.00,,0.00,,0.00,0.00,,0.00,0.00,0.00,0.00,,2.00,1.00,0.00,0.00,,0,0,0.00,0.00,0.00,0.00,8.97,8.97,10.61,10.61,0.00,0.00
Switzerland,CHE,20200225,0.00,,0.00,,2.00,0,0.00,,0.00,,0.00,,0.00,,0.00,0.00,,0.00,0.00,0.00,0.00,,2.00,1.00,0.00,0.00,,0,0,8.33,8.33,9.52,9.52,14.74,14.74,17.42,17.42,0.00,0.00
Switzerland,CHE,20200226,0.00,,0.00,,2.00,0,0.00,,0.00,,0.00,,0.00,,0.00,0.00,,0.00,0.00,0.00,0.00,,2.00,1.00,0.00,0.00,,1,0,8.33,8.33,9.52,9.52,14.74,14.74,17.42,17.42,0.00,0.00
Switzerland,CHE,20200227,0.00,,0.00,,2.00,0,0.00,,0.00,,0.00,,0.00,,0.00,0.00,,0.00,0.00,0.00,1.00,1,2.00,1.00,0.00,0.00,,1,0,13.89,13.89,19.05,19.05,18.59,18.59,21.97,21.97,0.00,0.00
Switzerland,CHE,20200228,0.00,,0.00,,2.00,1,1.00,1,0.00,,0.00,,0.00,,0.00,0.00,,0.00,0.00,0.00,1.00,1,2.00,1.00,0.00,0.00,,8,0,19.44,19.44,23.81,23.81,22.44,22.44,26.52,26.52,0.00,0.00
Switzerland,CHE,20200229,0.00,,0.00,,2.00,1,1.00,1,0.00,,0.00,,0.00,,0.00,0.00,,0.00,0.00,0.00,1.00,1,2.00,1.00,0.00,0.00,,12,0,19.44,19.44,23.81,23.81,22.44,22.44,26.52,26.52,0.00,0.00
Switzerland,CHE,20200301,0.00,,0.00,,2.00,1,1.00,1,0.00,,0.00,,0.00,,0.00,0.00,,0.00,0.00,0.00,1.00,1,2.00,1.00,0.00,0.00,,18,0,19.44,19.44,23.81,23.81,22.44,22.44,26.52,26.52,0.00,0.00
Switzerland,CHE,20200302,0.00,,0.00,,2.00,1,1.00,1,0.00,,0.00,,0.00,,0.00,0.00,,0.00,0.00,0.00,1.00,1,2.00,1.00,0.00,0.00,,24,0,19.44,19.44,23.81,23.81,22.44,22.44,26.52,26.52,0.00,0.00
Switzerland,CHE,20200303,0.00,,0.00,,2.00,1,1.00,1,0.00,,0.00,,0.00,,0.00,0.00,,0.00,0.00,0.00,2.00,1,2.00,1.00,0.00,0.00,,30,0,25.00,25.00,28.57,28.57,26.28,26.28,31.06,31.06,0.00,0.00
Switzerland,CHE,20200304,0.00,,0.00,,2.00,1,1.00,1,0.00,,0.00,,0.00,,0.00,0.00,,0.00,0.00,0.00,2.00,1,2.00,1.00,0.00,0.00,,37,0,25.00,25.00,28.57,28.57,26.28,26.28,31.06,31.06,0.00,0.00
Switzerland,CHE,20200305,0.00,,0.00,,2.00,1,1.00,1,0.00,,0.00,,0.00,,0.00,0.00,,0.00,0.00,0.00,2.00,1,2.00,1.00,0.00,0.00,,57,0,25.00,25.00,28.57,28.57,26.28,26.28,31.06,31.06,0.00,0.00
Switzerland,CHE,20200306,0.00,,0.00,,2.00,1,1.00,1,0.00,,0.00,,0.00,,0.00,0.00,,0.00,0.00,0.00,2.00,1,2.00,1.00,0.00,5335000.00,,87,1,25.00,25.00,28.57,28.57,26.28,26.28,31.06,31.06,0.00,0.00
Switzerland,CHE,20200307,0.00,,0.00,,2.00,1,1.00,1,0.00,,0.00,,0.00,,0.00,0.00,,0.00,0.00,0.00,2.00,1,1.00,1.00,0.00,0.00,,209,1,25.00,25.00,28.57,28.57,23.72,23.72,28.03,28.03,0.00,0.00
Switzerland,CHE,20200308,0.00,,0.00,,2.00,1,1.00,1,0.00,,0.00,,0.00,,0.00,0.00,,0.00,0.00,0.00,2.00,1,1.00,1.00,0.00,0.00,,264,1,25.00,25.00,28.57,28.57,23.72,23.72,28.03,28.03,0.00,0.00
Switzerland,CHE,20200309,0.00,,0.00,,2.00,1,1.00,1,0.00,,0.00,,0.00,,0.00,0.00,,0.00,0.00,0.00,2.00,1,1.00,1.00,0.00,0.00,,332,2,25.00,25.00,28.57,28.57,23.72,23.72,28.03,28.03,0.00,0.00
Switzerland,CHE,20200310,0.00,,0.00,,2.00,1,1.00,1,0.00,,0.00,,0.00,,0.00,0.00,,0.00,0.00,0.00,2.00,1,1.00,1.00,0.00,0.00,,374,2,25.00,25.00,28.57,28.57,23.72,23.72,28.03,28.03,0.00,0.00
Switzerland,CHE,20200311,0.00,,0.00,,2.00,1,1.00,1,0.00,,0.00,,0.00,,0.00,0.00,,0.00,0.00,0.00,2.00,1,1.00,1.00,0.00,0.00,,490,3,25.00,25.00,28.57,28.57,23.72,23.72,28.03,28.03,0.00,0.00
Switzerland,CHE,20200312,0.00,,0.00,,2.00,1,1.00,1,0.00,,0.00,,0.00,,0.00,0.00,,0.00,0.00,0.00,2.00,1,1.00,1.00,0.00,0.00,,642,4,25.00,25.00,28.57,28.57,23.72,23.72,28.03,28.03,0.00,0.00
Switzerland,CHE,20200313,3.00,1,0.00,,2.00,1,1.00,1,0.00,,0.00,,0.00,,3.00,0.00,,0.00,10490000000.00,0.00,2.00,1,1.00,1.00,0.00,0.00,,854,4,44.44,44.44,53.57,53.57,37.18,37.18,43.94,43.94,0.00,0.00
Switzerland,CHE,20200314,3.00,1,0.00,,2.00,1,1.00,1,0.00,,0.00,,0.00,,3.00,0.00,,0.00,0.00,0.00,2.00,1,1.00,1.00,0.00,0.00,,1121,7,44.44,44.44,53.57,53.57,37.18,37.18,43.94,43.94,0.00,0.00
Switzerland,CHE,20200315,3.00,1,0.00,,2.00,1,1.00,1,0.00,,0.00,,0.00,,3.00,0.00,,0.00,0.00,0.00,2.00,1,1.00,1.00,0.00,0.00,,1359,11,44.44,44.44,53.57,53.57,37.18,37.18,43.94,43.94,0.00,0.00
Switzerland,CHE,20200316,3.00,1,0.00,,2.00,1,1.00,1,0.00,,0.00,,0.00,,3.00,0.00,,0.00,0.00,0.00,2.00,1,1.00,1.00,0.00,0.00,,2200,13,44.44,44.44,53.57,53.57,37.18,37.18,43.94,43.94,0.00,0.00
Switzerland,CHE,20200317,3.00,1,3.00,1,2.00,1,4.00,1,0.00,,2.00,1,1.00,1,3.00,0.00,,0.00,0.00,0.00,2.00,1,1.00,1.00,0.00,0.00,,2200,14,76.85,76.85,78.57,78.57,59.62,59.62,70.45,70.45,0.00,0.00
Switzerland,CHE,20200318,3.00,1,3.00,1,2.00,1,4.00,1,0.00,,2.00,1,1.00,1,3.00,0.00,,0.00,0.00,0.00,2.00,1,1.00,1.00,0.00,0.00,,2650,19,76.85,76.85,78.57,78.57,59.62,59.62,70.45,70.45,0.00,0.00
Switzerland,CHE,20200319,3.00,1,3.00,1,2.00,1,4.00,1,0.00,,2.00,1,1.00,1,3.00,0.00,,1.00,0.00,0.00,2.00,1,1.00,1.00,0.00,0.00,,3010,21,76.85,76.85,78.57,78.57,63.46,63.46,70.45,70.45,25.00,25.00
Switzerland,CHE,20200320,3.00,1,3.00,1,2.00,1,4.00,1,0.00,,2.00,1,1.00,1,3.00,2.00,0,1.00,33020000000.00,0.00,2.00,1,1.00,1.00,0.00,0.00,,3888,33,76.85,76.85,78.57,78.57,69.23,69.23,70.45,70.45,62.50,62.50
Switzerland,CHE,20200321,3.00,1,3.00,1,2.00,1,4.00,1,0.00,,2.00,1,1.00,1,3.00,2.00,0,1.00,0.00,0.00,2.00,1,1.00,1.00,0.00,0.00,,4840,43,76.85,76.85,78.57,78.57,69.23,69.23,70.45,70.45,62.50,62.50
Switzerland,CHE,20200322,3.00,1,3.00,1,2.00,1,4.00,1,0.00,,2.00,1,1.00,1,3.00,2.00,0,1.00,0.00,0.00,2.00,1,1.00,1.00,0.00,0.00,,6077,56,76.85,76.85,78.57,78.57,69.23,69.23,70.45,70.45,62.50,62.50
Switzerland,CHE,20200323,3.00,1,3.00,1,2.00,1,4.00,1,0.00,,2.00,1,1.00,1,3.00,2.00,0,1.00,0.00,0.00,2.00,1,1.00,1.00,0.00,0.00,,6971,60,76.85,76.85,78.57,78.57,69.23,69.23,70.45,70.45,62.50,62.50
Switzerland,CHE,20200324,3.00,1,3.00,1,2.00,1,4.00,1,0.00,,2.00,1,1.00,1,3.00,2.00,0,1.00,0.00,0.00,2.00,1,1.00,1.00,0.00,0.00,,8015,66,76.85,76.85,78.57,78.57,69.23,69.23,70.45,70.45,62.50,62.50
Switzerland,CHE,20200325,3.00,1,3.00,1,2.00,1,4.00,1,0.00,,2.00,1,1.00,1,3.00,2.00,0,1.00,20418480000.00,0.00,2.00,1,1.00,1.00,0.00,0.00,,8789,86,76.85,76.85,78.57,78.57,69.23,69.23,70.45,70.45,62.50,62.50
Switzerland,CHE,20200326,3.00,1,3.00,1,2.00,1,4.00,1,0.00,,2.00,1,1.00,1,3.00,2.00,0,1.00,0.00,0.00,2.00,1,1.00,1.00,0.00,0.00,,9714,103,76.85,76.85,78.57,78.57,69.23,69.23,70.45,70.45,62.50,62.50
Switzerland,CHE,20200327,3.00,1,3.00,1,2.00,1,4.00,1,0.00,,2.00,1,1.00,1,3.00,2.00,0,1.00,0.00,0.00,2.00,1,1.00,1.00,0.00,0.00,,10714,161,76.85,76.85,78.57,78.57,69.23,69.23,70.45,70.45,62.50,62.50
Switzerland,CHE,20200328,3.00,1,3.00,1,2.00,1,4.00,1,0.00,,2.00,1,1.00,1,3.00,2.00,0,1.00,0.00,0.00,2.00,1,1.00,1.00,0.00,0.00,,12104,197,76.85,76.85,78.57,78.57,69.23,69.23,70.45,70.45,62.50,62.50
Switzerland,CHE,20200329,3.00,1,3.00,1,2.00,1,4.00,1,0.00,,2.00,1,1.00,1,3.00,2.00,0,1.00,0.00,0.00,2.00,1,1.00,1.00,0.00,0.00,,13152,235,76.85,76.85,78.57,78.57,69.23,69.23,70.45,70.45,62.50,62.50
Switzerland,CHE,20200330,3.00,1,3.00,1,2.00,1,4.00,1,0.00,,2.00,1,1.00,1,3.00,2.00,0,1.00,0.00,0.00,2.00,1,1.00,1.00,0.00,0.00,,14274,257,76.85,76.85,78.57,78.57,69.23,69.23,70.45,70.45,62.50,62.50
Switzerland,CHE,20200331,3.00,1,3.00,1,2.00,1,4.00,1,0.00,,2.00,1,1.00,1,3.00,2.00,0,1.00,0.00,0.00,2.00,1,1.00,1.00,0.00,0.00,,15412,295,76.85,76.85,78.57,78.57,69.23,69.23,70.45,70.45,62.50,62.50
Switzerland,CHE,20200401,3.00,1,3.00,1,2.00,1,4.00,1,0.00,,2.00,1,1.00,1,3.00,2.00,0,1.00,0.00,0.00,2.00,1,1.00,1.00,0.00,0.00,,16108,373,76.85,76.85,78.57,78.57,69.23,69.23,70.45,70.45,62.50,62.50
Switzerland,CHE,20200402,3.00,1,3.00,1,2.00,1,4.00,1,0.00,,2.00,1,1.00,1,3.00,2.00,0,1.00,0.00,0.00,2.00,1,1.00,1.00,0.00,0.00,,17070,378,76.85,76.85,78.57,78.57,69.23,69.23,70.45,70.45,62.50,62.50
Switzerland,CHE,20200403,3.00,1,3.00,1,2.00,1,4.00,1,0.00,,2.00,1,1.00,1,3.00,2.00,0,1.00,20449287023.56,0.00,2.00,1,1.00,1.00,0.00,0.00,,18194,432,76.85,76.85,78.57,78.57,69.23,69.23,70.45,70.45,62.50,62.50
Switzerland,CHE,20200404,3.00,1,3.00,1,2.00,1,4.00,1,0.00,,2.00,1,1.00,1,3.00,2.00,0,1.00,0.00,0.00,2.00,1,1.00,1.00,0.00,0.00,,19227,484,76.85,76.85,78.57,78.57,69.23,69.23,70.45,70.45,62.50,62.50
Switzerland,CHE,20200405,3.00,1,3.00,1,2.00,1,4.00,1,0.00,,2.00,1,1.00,1,3.00,2.00,0,1.00,0.00,0.00,2.00,1,1.00,1.00,0.00,0.00,,20201,540,76.85,76.85,78.57,78.57,69.23,69.23,70.45,70.45,62.50,62.50
Switzerland,CHE,20200406,3.00,1,3.00,1,2.00,1,4.00,1,0.00,,2.00,1,1.00,1,3.00,2.00,0,1.00,0.00,0.00,2.00,1,1.00,1.00,0.00,0.00,,21022,559,76.85,76.85,78.57,78.57,69.23,69.23,70.45,70.45,62.50,62.50
Switzerland,CHE,20200407,3.00,1,3.00,1,2.00,1,4.00,1,0.00,,2.00,1,1.00,1,3.00,2.00,0,1.00,0.00,0.00,2.00,1,1.00,1.00,0.00,0.00,,21574,584,76.85,76.85,78.57,78.57,69.23,69.23,70.45,70.45,62.50,62.50
Switzerland,CHE,20200408,3.00,1,3.00,1,2.00,1,4.00,1,0.00,,2.00,1,1.00,1,3.00,2.00,0,1.00,0.00,0.00,2.00,1,1.00,1.00,0.00,0.00,,22164,641,76.85,76.85,78.57,78.57,69.23,69.23,70.45,70.45,62.50,62.50
Switzerland,CHE,20200409,3.00,1,3.00,1,2.00,1,4.00,1,0.00,,2.00,1,1.00,1,3.00,2.00,0,1.00,0.00,0.00,2.00,1,1.00,1.00,0.00,0.00,,22710,705,76.85,76.85,78.57,78.57,69.23,69.23,70.45,70.45,62.50,62.50
Switzerland,CHE,20200410,3.00,1,3.00,1,2.00,1,4.00,1,0.00,,2.00,1,1.00,1,3.00,2.00,0,1.00,0.00,0.00,2.00,1,1.00,1.00,0.00,0.00,,23495,756,76.85,76.85,78.57,78.57,69.23,69.23,70.45,70.45,62.50,62.50
Switzerland,CHE,20200411,3.00,1,3.00,1,2.00,1,4.00,1,0.00,,2.00,1,1.00,1,3.00,2.00,0,1.00,0.00,0.00,2.00,1,1.00,1.00,0.00,0.00,,24228,805,76.85,76.85,78.57,78.57,69.23,69.23,70.45,70.45,62.50,62.50
Switzerland,CHE,20200412,3.00,1,3.00,1,2.00,1,4.00,1,0.00,,2.00,1,1.00,1,3.00,2.00,0,1.00,0.00,0.00,2.00,1,1.00,1.00,0.00,0.00,,24820,831,76.85,76.85,78.57,78.57,69.23,69.23,70.45,70.45,62.50,62.50
Switzerland,CHE,20200413,3.00,1,3.00,1,2.00,1,4.00,1,0.00,,2.00,1,1.00,1,3.00,2.00,0,1.00,0.00,0.00,2.00,1,1.00,1.00,0.00,0.00,,25220,858,76.85,76.85,78.57,78.57,69.23,69.23,70.45,70.45,62.50,62.50
Switzerland,CHE,20200414,3.00,1,3.00,1,2.00,1,4.00,1,0.00,,2.00,1,1.00,1,3.00,2.00,0,1.00,0.00,0.00,2.00,1,1.00,1.00,0.00,0.00,,25499,858,76.85,76.85,78.57,78.57,69.23,69.23,70.45,70.45,62.50,62.50
Switzerland,CHE,20200415,3.00,1,3.00,1,2.00,1,4.00,1,0.00,,2.00,1,1.00,1,3.00,2.00,0,1.00,0.00,0.00,2.00,1,1.00,1.00,0.00,0.00,,25753,900,76.85,76.85,78.57,78.57,69.23,69.23,70.45,70.45,62.50,62.50
Switzerland,CHE,20200416,3.00,1,3.00,1,2.00,1,4.00,1,0.00,,2.00,1,1.00,1,3.00,2.00,0,1.00,0.00,0.00,2.00,1,1.00,1.00,830000000.00,0.00,,26336,973,76.85,76.85,78.57,78.57,69.23,69.23,70.45,70.45,62.50,62.50
Switzerland,CHE,20200417,3.00,1,3.00,1,2.00,1,4.00,1,0.00,,2.00,1,1.00,1,3.00,2.00,0,1.00,0.00,0.00,2.00,1,1.00,1.00,0.00,0.00,,26651,1016,76.85,76.85,78.57,78.57,69.23,69.23,70.45,70.45,62.50,62.50
Switzerland,CHE,20200418,3.00,1,3.00,1,2.00,1,4.00,1,0.00,,2.00,1,1.00,1,3.00,2.00,0,1.00,0.00,0.00,2.00,1,1.00,1.00,0.00,0.00,,26997,1058,76.85,76.85,78.57,78.57,69.23,69.23,70.45,70.45,62.50,62.50
Switzerland,CHE,20200419,3.00,1,3.00,1,2.00,1,4.00,1,0.00,,2.00,1,1.00,1,3.00,2.00,0,1.00,0.00,0.00,2.00,1,1.00,1.00,0.00,0.00,,27322,1110,76.85,76.85,78.57,78.57,69.23,69.23,70.45,70.45,62.50,62.50
Switzerland,CHE,20200420,3.00,1,3.00,1,2.00,1,4.00,1,0.00,,2.00,1,1.00,1,3.00,2.00,0,1.00,0.00,0.00,2.00,1,1.00,1.00,0.00,0.00,,27658,1134,76.85,76.85,78.57,78.57,69.23,69.23,70.45,70.45,62.50,62.50
Switzerland,CHE,20200421,3.00,1,3.00,1,2.00,1,4.00,1,0.00,,2.00,1,1.00,1,3.00,2.00,0,1.00,0.00,0.00,2.00,1,1.00,1.00,0.00,0.00,,27826,1141,76.85,76.85,78.57,78.57,69.23,69.23,70.45,70.45,62.50,62.50
Switzerland,CHE,20200422,3.00,1,3.00,1,2.00,1,4.00,1,0.00,,2.00,1,1.00,1,3.00,2.00,0,1.00,0.00,0.00,2.00,1,1.00,1.00,0.00,0.00,,27981,1186,76.85,76.85,78.57,78.57,69.23,69.23,70.45,70.45,62.50,62.50
Switzerland,CHE,20200423,3.00,1,3.00,1,2.00,1,4.00,1,0.00,,2.00,1,1.00,1,3.00,2.00,0,1.00,0.00,0.00,2.00,1,1.00,1.00,0.00,0.00,,28186,1216,76.85,76.85,78.57,78.57,69.23,69.23,70.45,70.45,62.50,62.50
Switzerland,CHE,20200424,3.00,1,3.00,1,2.00,1,4.00,1,0.00,,2.00,1,1.00,1,3.00,2.00,0,1.00,0.00,0.00,2.00,1,1.00,1.00,0.00,0.00,,28414,1267,76.85,76.85,78.57,78.57,69.23,69.23,70.45,70.45,62.50,62.50
Switzerland,CHE,20200425,3.00,1,3.00,1,2.00,1,4.00,1,0.00,,2.00,1,1.00,1,3.00,2.00,0,1.00,0.00,0.00,2.00,1,1.00,1.00,0.00,0.00,,28595,1308,76.85,76.85,78.57,78.57,69.23,69.23,70.45,70.45,62.50,62.50
Switzerland,CHE,20200426,3.00,1,3.00,1,2.00,1,4.00,1,0.00,,2.00,1,1.00,1,3.00,2.00,0,1.00,0.00,0.00,2.00,1,1.00,1.00,0.00,0.00,,28811,1328,76.85,76.85,78.57,78.57,69.23,69.23,70.45,70.45,62.50,62.50
Switzerland,CHE,20200427,3.00,1,2.00,1,2.00,1,4.00,1,0.00,,1.00,1,1.00,1,3.00,2.00,0,1.00,0.00,0.00,2.00,1,1.00,1.00,0.00,0.00,,28978,1336,69.44,69.44,73.81,73.81,64.10,64.10,64.39,64.39,62.50,62.50
Switzerland,CHE,20200428,3.00,1,2.00,1,2.00,1,4.00,1,0.00,,1.00,1,1.00,1,3.00,2.00,0,1.00,0.00,0.00,2.00,1,1.00,1.00,0.00,0.00,,29081,1352,69.44,69.44,73.81,73.81,64.10,64.10,64.39,64.39,62.50,62.50
Switzerland,CHE,20200429,3.00,1,2.00,1,2.00,1,4.00,1,0.00,,1.00,1,1.00,1,3.00,2.00,0,1.00,0.00,0.00,2.00,1,1.00,1.00,0.00,0.00,,29181,1379,69.44,69.44,73.81,73.81,64.10,64.10,64.39,64.39,62.50,62.50
Switzerland,CHE,20200430,3.00,1,2.00,1,2.00,1,4.00,1,0.00,,1.00,1,1.00,1,3.00,2.00,0,1.00,0.00,410000000.00,2.00,1,1.00,1.00,0.00,0.00,,29324,1407,69.44,69.44,73.81,73.81,64.10,64.10,64.39,64.39,62.50,62.50
Switzerland,CHE,20200501,3.00,1,2.00,1,2.00,1,4.00,1,0.00,,1.00,1,1.00,1,3.00,2.00,0,1.00,0.00,0.00,2.00,1,1.00,1.00,0.00,0.00,,29503,1422,69.44,69.44,73.81,73.81,64.10,64.10,64.39,64.39,62.50,62.50
Switzerland,CHE,20200502,3.00,1,2.00,1,2.00,1,4.00,1,0.00,,1.00,1,1.00,1,3.00,2.00,0,1.00,0.00,0.00,2.00,1,1.00,1.00,0.00,0.00,,29622,1434,69.44,69.44,73.81,73.81,64.10,64.10,64.39,64.39,62.50,62.50
Switzerland,CHE,20200503,3.00,1,2.00,1,2.00,1,4.00,1,0.00,,1.00,1,1.00,1,3.00,2.00,0,1.00,0.00,0.00,2.00,1,1.00,1.00,0.00,0.00,,29734,1466,69.44,69.44,73.81,73.81,64.10,64.10,64.39,64.39,62.50,62.50
Switzerland,CHE,20200504,3.00,1,2.00,1,2.00,1,4.00,1,0.00,,1.00,1,1.00,1,3.00,2.00,0,1.00,0.00,0.00,2.00,1,1.00,1.00,0.00,0.00,,29822,1472,69.44,69.44,73.81,73.81,64.10,64.10,64.39,64.39,62.50,62.50
Switzerland,CHE,20200505,3.00,1,2.00,1,2.00,1,4.00,1,0.00,,1.00,1,1.00,1,3.00,2.00,0,1.00,0.00,0.00,2.00,1,1.00,1.00,0.00,0.00,,29898,1476,69.44,69.44,73.81,73.81,64.10,64.10,64.39,64.39,62.50,62.50
Switzerland,CHE,20200506,3.00,1,2.00,1,2.00,1,4.00,1,0.00,,1.00,1,1.00,1,3.00,2.00,0,1.00,0.00,0.00,2.00,1,1.00,1.00,0.00,0.00,,29926,1482,69.44,69.44,73.81,73.81,64.10,64.10,64.39,64.39,62.50,62.50
Switzerland,CHE,20200507,3.00,1,2.00,1,2.00,1,4.00,1,0.00,,1.00,1,1.00,1,3.00,2.00,0,1.00,0.00,0.00,2.00,1,1.00,1.00,0.00,0.00,,29977,1504,69.44,69.44,73.81,73.81,64.10,64.10,64.39,64.39,62.50,62.50
Switzerland,CHE,20200508,3.00,1,2.00,1,2.00,1,4.00,1,0.00,,1.00,1,1.00,1,3.00,2.00,0,1.00,0.00,0.00,2.00,1,1.00,1.00,0.00,0.00,,30043,1517,69.44,69.44,73.81,73.81,64.10,64.10,64.39,64.39,62.50,62.50
Switzerland,CHE,20200509,3.00,1,2.00,1,2.00,1,4.00,1,0.00,,1.00,1,1.00,1,3.00,2.00,0,1.00,0.00,0.00,2.00,1,1.00,1.00,0.00,0.00,,30124,1525,69.44,69.44,73.81,73.81,64.10,64.10,64.39,64.39,62.50,62.50
Switzerland,CHE,20200510,3.00,1,2.00,1,2.00,1,4.00,1,0.00,,1.00,1,1.00,1,3.00,2.00,0,1.00,0.00,0.00,2.00,1,1.00,1.00,0.00,0.00,,30168,1531,69.44,69.44,73.81,73.81,64.10,64.10,64.39,64.39,62.50,62.50
Switzerland,CHE,20200511,2.00,1,2.00,1,2.00,1,4.00,1,0.00,,1.00,1,1.00,1,3.00,2.00,0,1.00,0.00,0.00,2.00,1,2.00,1.00,0.00,0.00,,30222,1537,65.74,65.74,70.24,70.24,64.10,64.10,64.39,64.39,62.50,62.50
Switzerland,CHE,20200512,2.00,1,2.00,1,2.00,1,4.00,1,0.00,,1.00,1,1.00,1,3.00,2.00,0,1.00,0.00,0.00,2.00,1,2.00,1.00,0.00,0.00,,30261,1542,65.74,65.74,70.24,70.24,64.10,64.10,64.39,64.39,62.50,62.50
Switzerland,CHE,20200513,2.00,1,2.00,1,2.00,1,4.00,1,0.00,,1.00,1,1.00,1,3.00,2.00,0,1.00,0.00,0.00,2.00,1,2.00,1.00,0.00,0.00,,30297,1560,65.74,65.74,70.24,70.24,64.10,64.10,64.39,64.39,62.50,62.50
Switzerland,CHE,20200514,2.00,1,2.00,1,2.00,1,4.00,1,0.00,,1.00,1,1.00,1,3.00,2.00,0,1.00,0.00,0.00,2.00,1,2.00,1.00,0.00,0.00,,30330,1563,65.74,65.74,70.24,70.24,64.10,64.10,64.39,64.39,62.50,62.50
Switzerland,CHE,20200515,2.00,1,2.00,1,2.00,1,4.00,1,0.00,,1.00,1,1.00,1,3.00,2.00,0,1.00,0.00,0.00,2.00,1,2.00,1.00,0.00,0.00,,30380,1588,65.74,65.74,70.24,70.24,64.10,64.10,64.39,64.39,62.50,62.50
Switzerland,CHE,20200516,2.00,1,2.00,1,2.00,1,4.00,1,0.00,,1.00,1,1.00,1,3.00,2.00,0,1.00,0.00,0.00,2.00,1,2.00,1.00,0.00,0.00,,30431,1594,65.74,65.74,70.24,70.24,64.10,64.10,64.39,64.39,62.50,62.50
Switzerland,CHE,20200517,2.00,1,2.00,1,2.00,1,4.00,1,0.00,,1.00,1,1.00,1,3.00,2.00,0,1.00,0.00,0.00,2.00,1,2.00,1.00,0.00,0.00,,30489,1601,65.74,65.74,70.24,70.24,64.10,64.10,64.39,64.39,62.50,62.50
Switzerland,CHE,20200518,2.00,1,2.00,1,2.00,1,4.00,1,0.00,,1.00,1,1.00,1,3.00,2.00,0,1.00,0.00,0.00,2.00,1,2.00,1.00,0.00,0.00,,30504,1602,65.74,65.74,70.24,70.24,64.10,64.10,64.39,64.39,62.50,62.50
Switzerland,CHE,20200519,2.00,1,2.00,1,2.00,1,4.00,1,0.00,,1.00,1,1.00,1,3.00,2.00,0,1.00,0.00,0.00,2.00,1,2.00,1.00,0.00,0.00,,30514,1602,65.74,65.74,70.24,70.24,64.10,64.10,64.39,64.39,62.50,62.50
Switzerland,CHE,20200520,2.00,1,2.00,1,2.00,1,4.00,1,0.00,,1.00,1,1.00,1,3.00,2.00,0,1.00,0.00,0.00,2.00,1,2.00,1.00,0.00,0.00,,30535,1613,65.74,65.74,70.24,70.24,64.10,64.10,64.39,64.39,62.50,62.50
Switzerland,CHE,20200521,2.00,1,2.00,1,2.00,1,4.00,1,0.00,,1.00,1,1.00,1,3.00,2.00,0,1.00,0.00,0.00,2.00,1,2.00,1.00,0.00,0.00,,30575,1629,65.74,65.74,70.24,70.24,64.10,64.10,64.39,64.39,62.50,62.50
Switzerland,CHE,20200522,2.00,1,2.00,1,2.00,1,4.00,1,0.00,,1.00,1,1.00,1,3.00,2.00,0,1.00,0.00,0.00,2.00,1,2.00,1.00,0.00,0.00,,30611,1637,65.74,65.74,70.24,70.24,64.10,64.10,64.39,64.39,62.50,62.50
Switzerland,CHE,20200523,2.00,1,2.00,1,2.00,1,4.00,1,0.00,,1.00,1,1.00,1,3.00,2.00,0,1.00,0.00,0.00,2.00,1,2.00,1.00,0.00,0.00,,30624,1637,65.74,65.74,70.24,70.24,64.10,64.10,64.39,64.39,62.50,62.50
Switzerland,CHE,20200524,2.00,1,2.00,1,2.00,1,4.00,1,0.00,,1.00,1,1.00,1,3.00,2.00,0,1.00,0.00,0.00,2.00,1,2.00,1.00,0.00,0.00,,30642,1641,65.74,65.74,70.24,70.24,64.10,64.10,64.39,64.39,62.50,62.50
Switzerland,CHE,20200525,2.00,1,2.00,1,2.00,1,4.00,1,0.00,,1.00,1,1.00,1,3.00,2.00,0,1.00,0.00,0.00,2.00,1,2.00,1.00,0.00,0.00,,30653,1641,65.74,65.74,70.24,70.24,64.10,64.10,64.39,64.39,62.50,62.50
Switzerland,CHE,20200526,2.00,1,2.00,1,2.00,1,4.00,1,0.00,,1.00,1,1.00,1,3.00,2.00,0,1.00,0.00,0.00,2.00,1,2.00,1.00,0.00,0.00,,30663,1641,65.74,65.74,70.24,70.24,64.10,64.10,64.39,64.39,62.50,62.50
Switzerland,CHE,20200527,2.00,1,2.00,1,2.00,1,4.00,1,0.00,,1.00,1,1.00,1,3.00,2.00,0,1.00,0.00,0.00,2.00,1,2.00,1.00,0.00,0.00,,30678,1647,65.74,65.74,70.24,70.24,64.10,64.10,64.39,64.39,62.50,62.50
Switzerland,CHE,20200528,2.00,1,2.00,1,2.00,1,4.00,1,0.00,,1.00,1,1.00,1,3.00,2.00,0,1.00,0.00,0.00,2.00,1,2.00,1.00,0.00,0.00,,30678,1647,65.74,65.74,70.24,70.24,64.10,64.10,64.39,64.39,62.50,62.50
Switzerland,CHE,20200529,2.00,1,2.00,1,2.00,1,4.00,1,0.00,,1.00,1,1.00,1,3.00,2.00,0,1.00,0.00,0.00,2.00,1,2.00,1.00,0.00,0.00,,30713,1654,65.74,65.74,70.24,70.24,64.10,64.10,64.39,64.39,62.50,62.50
Switzerland,CHE,20200530,2.00,1,2.00,1,2.00,1,3.00,1,0.00,,1.00,1,1.00,1,3.00,2.00,0,1.00,0.00,0.00,2.00,1,2.00,1.00,0.00,0.00,,30745,1656,62.96,62.96,70.24,70.24,62.18,62.18,62.12,62.12,62.50,62.50
Switzerland,CHE,20200531,2.00,1,2.00,1,2.00,1,3.00,1,0.00,,1.00,1,1.00,1,3.00,2.00,0,1.00,0.00,0.00,2.00,1,2.00,1.00,0.00,0.00,,30762,1656,62.96,62.96,70.24,70.24,62.18,62.18,62.12,62.12,62.50,62.50
Switzerland,CHE,20200601,2.00,1,2.00,1,2.00,1,3.00,1,0.00,,1.00,1,1.00,1,3.00,2.00,0,1.00,0.00,0.00,2.00,1,2.00,1.00,0.00,0.00,,30779,1656,62.96,62.96,70.24,70.24,62.18,62.18,62.12,62.12,62.50,62.50
Switzerland,CHE,20200602,2.00,1,2.00,1,2.00,1,3.00,1,0.00,,1.00,1,1.00,1,3.00,2.00,0,1.00,0.00,0.00,2.00,1,2.00,1.00,0.00,0.00,,30788,1656,62.96,62.96,70.24,70.24,62.18,62.18,62.12,62.12,62.50,62.50
Switzerland,CHE,20200603,2.00,1,2.00,1,2.00,1,3.00,1,0.00,,1.00,1,1.00,1,3.00,2.00,0,1.00,0.00,0.00,2.00,1,2.00,1.00,0.00,0.00,,30791,1656,62.96,62.96,70.24,70.24,62.18,62.18,62.12,62.12,62.50,62.50
Switzerland,CHE,20200604,2.00,1,2.00,1,2.00,1,3.00,1,0.00,,1.00,1,1.00,1,3.00,2.00,0,1.00,0.00,0.00,2.00,1,2.00,1.00,0.00,0.00,,30810,1659,62.96,62.96,70.24,70.24,62.18,62.18,62.12,62.12,62.50,62.50
Switzerland,CHE,20200605,2.00,1,2.00,1,2.00,1,3.00,1,0.00,,1.00,1,1.00,1,3.00,2.00,0,1.00,0.00,0.00,2.00,1,2.00,1.00,0.00,0.00,,30830,1659,62.96,62.96,70.24,70.24,62.18,62.18,62.12,62.12,62.50,62.50
Switzerland,CHE,20200606,0.00,,0.00,,2.00,1,3.00,1,0.00,,0.00,,0.00,,3.00,2.00,0,1.00,0.00,0.00,2.00,1,2.00,1.00,0.00,0.00,,30853,1659,38.89,38.89,39.29,39.29,45.51,45.51,42.42,42.42,62.50,62.50
Switzerland,CHE,20200607,0.00,,0.00,,2.00,1,3.00,1,0.00,,0.00,,0.00,,3.00,2.00,0,1.00,0.00,0.00,2.00,1,2.00,1.00,0.00,0.00,,30873,1660,38.89,38.89,39.29,39.29,45.51,45.51,42.42,42.42,62.50,62.50
Switzerland,CHE,20200608,0.00,,0.00,,2.00,1,3.00,1,0.00,,0.00,,0.00,,3.00,2.00,0,1.00,0.00,0.00,2.00,1,2.00,1.00,0.00,0.00,,30882,1660,38.89,38.89,39.29,39.29,45.51,45.51,42.42,42.42,62.50,62.50
Switzerland,CHE,20200609,0.00,,0.00,,2.00,1,3.00,1,0.00,,0.00,,0.00,,3.00,2.00,0,1.00,0.00,0.00,2.00,1,2.00,1.00,0.00,0.00,,30889,1660,38.89,38.89,39.29,39.29,45.51,45.51,42.42,42.42,62.50,62.50
Switzerland,CHE,20200610,0.00,,0.00,,2.00,1,3.00,1,0.00,,0.00,,0.00,,3.00,2.00,0,1.00,0.00,0.00,2.00,1,2.00,1.00,0.00,0.00,,30905,1662,38.89,38.89,39.29,39.29,45.51,45.51,42.42,42.42,62.50,62.50
Switzerland,CHE,20200611,0.00,,0.00,,2.00,1,3.00,1,0.00,,0.00,,0.00,,3.00,2.00,0,1.00,0.00,0.00,2.00,1,3.00,1.00,0.00,0.00,,30928,1674,38.89,38.89,39.29,39.29,48.08,48.08,45.45,45.45,62.50,62.50
Switzerland,CHE,20200612,0.00,,0.00,,2.00,1,3.00,1,0.00,,0.00,,0.00,,3.00,2.00,0,1.00,0.00,0.00,2.00,1,3.00,1.00,0.00,0.00,,30961,1674,38.89,38.89,39.29,39.29,48.08,48.08,45.45,45.45,62.50,62.50
Switzerland,CHE,20200613,0.00,,0.00,,2.00,1,3.00,1,0.00,,0.00,,0.00,,3.00,2.00,0,1.00,0.00,0.00,2.00,1,3.00,1.00,0.00,0.00,,30980,1676,38.89,38.89,39.29,39.29,48.08,48.08,45.45,45.45,62.50,62.50
Switzerland,CHE,20200614,0.00,,0.00,,2.00,1,3.00,1,0.00,,0.00,,0.00,,3.00,2.00,0,1.00,0.00,0.00,2.00,1,3.00,1.00,0.00,0.00,,31011,1676,38.89,38.89,39.29,39.29,48.08,48.08,45.45,45.45,62.50,62.50
Switzerland,CHE,20200615,0.00,,0.00,,2.00,1,3.00,1,0.00,,0.00,,0.00,,3.00,2.00,0,1.00,0.00,0.00,2.00,1,3.00,1.00,0.00,0.00,,31034,1676,38.89,38.89,39.29,39.29,48.08,48.08,45.45,45.45,62.50,62.50
Switzerland,CHE,20200616,0.00,,0.00,,2.00,1,3.00,1,0.00,,0.00,,0.00,,3.00,2.00,0,1.00,0.00,0.00,2.00,1,3.00,1.00,0.00,0.00,,31048,1676,38.89,38.89,39.29,39.29,48.08,48.08,45.45,45.45,62.50,62.50
Switzerland,CHE,20200617,0.00,,0.00,,2.00,1,3.00,1,0.00,,0.00,,0.00,,3.00,2.00,0,1.00,0.00,0.00,2.00,1,3.00,1.00,0.00,0.00,,31063,1677,38.89,38.89,39.29,39.29,48.08,48.08,45.45,45.45,62.50,62.50
Switzerland,CHE,20200618,0.00,,0.00,,2.00,1,3.00,1,0.00,,0.00,,0.00,,3.00,2.00,0,1.00,0.00,0.00,2.00,1,3.00,1.00,0.00,0.00,,31100,1677,38.89,38.89,39.29,39.29,48.08,48.08,45.45,45.45,62.50,62.50
Switzerland,CHE,20200619,0.00,,0.00,,2.00,1,3.00,1,0.00,,0.00,,0.00,,3.00,2.00,0,1.00,0.00,0.00,2.00,1,3.00,1.00,0.00,0.00,,31117,1677,38.89,38.89,39.29,39.29,48.08,48.08,45.45,45.45,62.50,62.50
Switzerland,CHE,20200620,0.00,,0.00,,2.00,1,3.00,1,0.00,,0.00,,0.00,,3.00,2.00,0,1.00,0.00,0.00,2.00,1,3.00,1.00,0.00,0.00,,31209,1680,38.89,38.89,39.29,39.29,48.08,48.08,45.45,45.45,62.50,62.50
Switzerland,CHE,20200621,0.00,,0.00,,2.00,1,3.00,1,0.00,,0.00,,0.00,,3.00,2.00,0,1.00,0.00,0.00,2.00,1,3.00,1.00,0.00,0.00,,31209,1680,38.89,38.89,39.29,39.29,48.08,48.08,45.45,45.45,62.50,62.50
Switzerland,CHE,20200622,,,,,,,,,,,,,,,,,,,,,,,,,,,,31209,1680,,38.89,,39.29,,48.08,,45.45,,62.50
Switzerland,CHE,20200623,,,,,,,,,,,,,,,,,,,,,,,,,,,,31310,1680,,38.89,,39.29,,48.08,,45.45,,62.50
