Suriname,SUR,20200101,0.00,,0.00,,0.00,,0.00,,0.00,,0.00,,0.00,,0.00,0.00,,0.00,0.00,0.00,0.00,,0.00,0.00,0.00,0.00,,,,0.00,0.00,0.00,0.00,0.00,0.00,0.00,0.00,0.00,0.00
Suriname,SUR,20200102,0.00,,0.00,,0.00,,0.00,,0.00,,0.00,,0.00,,0.00,0.00,,0.00,0.00,0.00,0.00,,0.00,0.00,0.00,0.00,,,,0.00,0.00,0.00,0.00,0.00,0.00,0.00,0.00,0.00,0.00
Suriname,SUR,20200103,0.00,,0.00,,0.00,,0.00,,0.00,,0.00,,0.00,,0.00,0.00,,0.00,0.00,0.00,0.00,,0.00,0.00,0.00,0.00,,,,0.00,0.00,0.00,0.00,0.00,0.00,0.00,0.00,0.00,0.00
Suriname,SUR,20200104,0.00,,0.00,,0.00,,0.00,,0.00,,0.00,,0.00,,0.00,0.00,,0.00,0.00,0.00,0.00,,0.00,0.00,0.00,0.00,,,,0.00,0.00,0.00,0.00,0.00,0.00,0.00,0.00,0.00,0.00
Suriname,SUR,20200105,0.00,,0.00,,0.00,,0.00,,0.00,,0.00,,0.00,,0.00,0.00,,0.00,0.00,0.00,0.00,,0.00,0.00,0.00,0.00,,,,0.00,0.00,0.00,0.00,0.00,0.00,0.00,0.00,0.00,0.00
Suriname,SUR,20200106,0.00,,0.00,,0.00,,0.00,,0.00,,0.00,,0.00,,0.00,0.00,,0.00,0.00,0.00,0.00,,0.00,0.00,0.00,0.00,,,,0.00,0.00,0.00,0.00,0.00,0.00,0.00,0.00,0.00,0.00
Suriname,SUR,20200107,0.00,,0.00,,0.00,,0.00,,0.00,,0.00,,0.00,,0.00,0.00,,0.00,0.00,0.00,0.00,,0.00,0.00,0.00,0.00,,,,0.00,0.00,0.00,0.00,0.00,0.00,0.00,0.00,0.00,0.00
Suriname,SUR,20200108,0.00,,0.00,,0.00,,0.00,,0.00,,0.00,,0.00,,0.00,0.00,,0.00,0.00,0.00,0.00,,0.00,0.00,0.00,0.00,,,,0.00,0.00,0.00,0.00,0.00,0.00,0.00,0.00,0.00,0.00
Suriname,SUR,20200109,0.00,,0.00,,0.00,,0.00,,0.00,,0.00,,0.00,,0.00,0.00,,0.00,0.00,0.00,0.00,,0.00,0.00,0.00,0.00,,,,0.00,0.00,0.00,0.00,0.00,0.00,0.00,0.00,0.00,0.00
Suriname,SUR,20200110,0.00,,0.00,,0.00,,0.00,,0.00,,0.00,,0.00,,0.00,0.00,,0.00,0.00,0.00,0.00,,0.00,0.00,0.00,0.00,,,,0.00,0.00,0.00,0.00,0.00,0.00,0.00,0.00,0.00,0.00
Suriname,SUR,20200111,0.00,,0.00,,0.00,,0.00,,0.00,,0.00,,0.00,,0.00,0.00,,0.00,0.00,0.00,0.00,,0.00,0.00,0.00,0.00,,,,0.00,0.00,0.00,0.00,0.00,0.00,0.00,0.00,0.00,0.00
Suriname,SUR,20200112,0.00,,0.00,,0.00,,0.00,,0.00,,0.00,,0.00,,0.00,0.00,,0.00,0.00,0.00,0.00,,0.00,0.00,0.00,0.00,,,,0.00,0.00,0.00,0.00,0.00,0.00,0.00,0.00,0.00,0.00
Suriname,SUR,20200113,0.00,,0.00,,0.00,,0.00,,0.00,,0.00,,0.00,,0.00,0.00,,0.00,0.00,0.00,0.00,,0.00,0.00,0.00,0.00,,,,0.00,0.00,0.00,0.00,0.00,0.00,0.00,0.00,0.00,0.00
Suriname,SUR,20200114,0.00,,0.00,,0.00,,0.00,,0.00,,0.00,,0.00,,0.00,0.00,,0.00,0.00,0.00,0.00,,0.00,0.00,0.00,0.00,,,,0.00,0.00,0.00,0.00,0.00,0.00,0.00,0.00,0.00,0.00
Suriname,SUR,20200115,0.00,,0.00,,0.00,,0.00,,0.00,,0.00,,0.00,,0.00,0.00,,0.00,0.00,0.00,0.00,,0.00,0.00,0.00,0.00,,,,0.00,0.00,0.00,0.00,0.00,0.00,0.00,0.00,0.00,0.00
Suriname,SUR,20200116,0.00,,0.00,,0.00,,0.00,,0.00,,0.00,,0.00,,0.00,0.00,,0.00,0.00,0.00,0.00,,0.00,0.00,0.00,0.00,,,,0.00,0.00,0.00,0.00,0.00,0.00,0.00,0.00,0.00,0.00
Suriname,SUR,20200117,0.00,,0.00,,0.00,,0.00,,0.00,,0.00,,0.00,,0.00,0.00,,0.00,0.00,0.00,0.00,,0.00,0.00,0.00,0.00,,,,0.00,0.00,0.00,0.00,0.00,0.00,0.00,0.00,0.00,0.00
Suriname,SUR,20200118,0.00,,0.00,,0.00,,0.00,,0.00,,0.00,,0.00,,0.00,0.00,,0.00,0.00,0.00,0.00,,0.00,0.00,0.00,0.00,,,,0.00,0.00,0.00,0.00,0.00,0.00,0.00,0.00,0.00,0.00
Suriname,SUR,20200119,0.00,,0.00,,0.00,,0.00,,0.00,,0.00,,0.00,,0.00,0.00,,0.00,0.00,0.00,0.00,,0.00,0.00,0.00,0.00,,,,0.00,0.00,0.00,0.00,0.00,0.00,0.00,0.00,0.00,0.00
Suriname,SUR,20200120,0.00,,0.00,,0.00,,0.00,,0.00,,0.00,,0.00,,0.00,0.00,,0.00,0.00,0.00,0.00,,0.00,0.00,0.00,0.00,,,,0.00,0.00,0.00,0.00,0.00,0.00,0.00,0.00,0.00,0.00
Suriname,SUR,20200121,0.00,,0.00,,0.00,,0.00,,0.00,,0.00,,0.00,,0.00,0.00,,0.00,0.00,0.00,0.00,,0.00,0.00,0.00,0.00,,,,0.00,0.00,0.00,0.00,0.00,0.00,0.00,0.00,0.00,0.00
Suriname,SUR,20200122,0.00,,0.00,,0.00,,0.00,,0.00,,0.00,,0.00,,0.00,0.00,,0.00,0.00,0.00,0.00,,0.00,0.00,0.00,0.00,,,,0.00,0.00,0.00,0.00,0.00,0.00,0.00,0.00,0.00,0.00
Suriname,SUR,20200123,0.00,,0.00,,0.00,,0.00,,0.00,,0.00,,0.00,,0.00,0.00,,0.00,0.00,0.00,0.00,,0.00,0.00,0.00,0.00,,,,0.00,0.00,0.00,0.00,0.00,0.00,0.00,0.00,0.00,0.00
Suriname,SUR,20200124,0.00,,0.00,,0.00,,0.00,,0.00,,0.00,,0.00,,0.00,0.00,,0.00,0.00,0.00,0.00,,0.00,0.00,0.00,0.00,,,,0.00,0.00,0.00,0.00,0.00,0.00,0.00,0.00,0.00,0.00
Suriname,SUR,20200125,0.00,,0.00,,0.00,,0.00,,0.00,,0.00,,0.00,,0.00,0.00,,0.00,0.00,0.00,0.00,,0.00,0.00,0.00,0.00,,,,0.00,0.00,0.00,0.00,0.00,0.00,0.00,0.00,0.00,0.00
Suriname,SUR,20200126,0.00,,0.00,,0.00,,0.00,,0.00,,0.00,,0.00,,0.00,0.00,,0.00,0.00,0.00,0.00,,0.00,0.00,0.00,0.00,,,,0.00,0.00,0.00,0.00,0.00,0.00,0.00,0.00,0.00,0.00
Suriname,SUR,20200127,0.00,,0.00,,0.00,,0.00,,0.00,,0.00,,0.00,,0.00,0.00,,0.00,0.00,0.00,0.00,,0.00,0.00,0.00,0.00,,,,0.00,0.00,0.00,0.00,0.00,0.00,0.00,0.00,0.00,0.00
Suriname,SUR,20200128,0.00,,0.00,,0.00,,0.00,,0.00,,0.00,,0.00,,0.00,0.00,,0.00,0.00,0.00,0.00,,0.00,0.00,0.00,0.00,,,,0.00,0.00,0.00,0.00,0.00,0.00,0.00,0.00,0.00,0.00
Suriname,SUR,20200129,0.00,,0.00,,0.00,,0.00,,0.00,,0.00,,0.00,,0.00,0.00,,0.00,0.00,0.00,0.00,,0.00,0.00,0.00,0.00,,,,0.00,0.00,0.00,0.00,0.00,0.00,0.00,0.00,0.00,0.00
Suriname,SUR,20200130,0.00,,0.00,,0.00,,0.00,,0.00,,0.00,,0.00,,0.00,0.00,,0.00,0.00,0.00,0.00,,0.00,0.00,0.00,0.00,,,,0.00,0.00,0.00,0.00,0.00,0.00,0.00,0.00,0.00,0.00
Suriname,SUR,20200131,0.00,,0.00,,0.00,,0.00,,0.00,,0.00,,0.00,,0.00,0.00,,0.00,0.00,0.00,0.00,,0.00,0.00,0.00,0.00,,,,0.00,0.00,0.00,0.00,0.00,0.00,0.00,0.00,0.00,0.00
Suriname,SUR,20200201,0.00,,0.00,,0.00,,0.00,,0.00,,0.00,,0.00,,0.00,0.00,,0.00,0.00,0.00,0.00,,0.00,0.00,0.00,0.00,,,,0.00,0.00,0.00,0.00,0.00,0.00,0.00,0.00,0.00,0.00
Suriname,SUR,20200202,0.00,,0.00,,0.00,,0.00,,0.00,,0.00,,0.00,,0.00,0.00,,0.00,0.00,0.00,0.00,,0.00,0.00,0.00,0.00,,,,0.00,0.00,0.00,0.00,0.00,0.00,0.00,0.00,0.00,0.00
Suriname,SUR,20200203,0.00,,0.00,,0.00,,0.00,,0.00,,0.00,,0.00,,0.00,0.00,,0.00,0.00,0.00,0.00,,0.00,0.00,0.00,0.00,,,,0.00,0.00,0.00,0.00,0.00,0.00,0.00,0.00,0.00,0.00
Suriname,SUR,20200204,0.00,,0.00,,0.00,,0.00,,0.00,,0.00,,0.00,,0.00,0.00,,0.00,0.00,0.00,0.00,,0.00,0.00,0.00,0.00,,,,0.00,0.00,0.00,0.00,0.00,0.00,0.00,0.00,0.00,0.00
Suriname,SUR,20200205,0.00,,0.00,,0.00,,0.00,,0.00,,0.00,,0.00,,0.00,0.00,,0.00,0.00,0.00,0.00,,0.00,0.00,0.00,0.00,,,,0.00,0.00,0.00,0.00,0.00,0.00,0.00,0.00,0.00,0.00
Suriname,SUR,20200206,0.00,,0.00,,0.00,,0.00,,0.00,,0.00,,0.00,,0.00,0.00,,0.00,0.00,0.00,0.00,,0.00,0.00,0.00,0.00,,,,0.00,0.00,0.00,0.00,0.00,0.00,0.00,0.00,0.00,0.00
Suriname,SUR,20200207,0.00,,0.00,,0.00,,0.00,,0.00,,0.00,,0.00,,0.00,0.00,,0.00,0.00,0.00,0.00,,0.00,0.00,0.00,0.00,,,,0.00,0.00,0.00,0.00,0.00,0.00,0.00,0.00,0.00,0.00
Suriname,SUR,20200208,0.00,,0.00,,0.00,,0.00,,0.00,,0.00,,0.00,,0.00,0.00,,0.00,0.00,0.00,0.00,,0.00,0.00,0.00,0.00,,,,0.00,0.00,0.00,0.00,0.00,0.00,0.00,0.00,0.00,0.00
Suriname,SUR,20200209,0.00,,0.00,,0.00,,0.00,,0.00,,0.00,,0.00,,0.00,0.00,,0.00,0.00,0.00,0.00,,0.00,0.00,0.00,0.00,,,,0.00,0.00,0.00,0.00,0.00,0.00,0.00,0.00,0.00,0.00
Suriname,SUR,20200210,0.00,,0.00,,0.00,,0.00,,0.00,,0.00,,0.00,,0.00,0.00,,0.00,0.00,0.00,0.00,,0.00,0.00,0.00,0.00,,,,0.00,0.00,0.00,0.00,0.00,0.00,0.00,0.00,0.00,0.00
Suriname,SUR,20200211,0.00,,0.00,,0.00,,0.00,,0.00,,0.00,,0.00,,0.00,0.00,,0.00,0.00,0.00,0.00,,0.00,0.00,0.00,0.00,,,,0.00,0.00,0.00,0.00,0.00,0.00,0.00,0.00,0.00,0.00
Suriname,SUR,20200212,0.00,,0.00,,0.00,,0.00,,0.00,,0.00,,0.00,,0.00,0.00,,0.00,0.00,0.00,0.00,,0.00,0.00,0.00,0.00,,,,0.00,0.00,0.00,0.00,0.00,0.00,0.00,0.00,0.00,0.00
Suriname,SUR,20200213,0.00,,0.00,,0.00,,0.00,,0.00,,0.00,,0.00,,0.00,0.00,,0.00,0.00,0.00,0.00,,0.00,0.00,0.00,0.00,,,,0.00,0.00,0.00,0.00,0.00,0.00,0.00,0.00,0.00,0.00
Suriname,SUR,20200214,0.00,,0.00,,0.00,,0.00,,0.00,,0.00,,0.00,,0.00,0.00,,0.00,0.00,0.00,0.00,,0.00,0.00,0.00,0.00,,,,0.00,0.00,0.00,0.00,0.00,0.00,0.00,0.00,0.00,0.00
Suriname,SUR,20200215,0.00,,0.00,,0.00,,0.00,,0.00,,0.00,,0.00,,0.00,0.00,,0.00,0.00,0.00,0.00,,0.00,0.00,0.00,0.00,,,,0.00,0.00,0.00,0.00,0.00,0.00,0.00,0.00,0.00,0.00
Suriname,SUR,20200216,0.00,,0.00,,0.00,,0.00,,0.00,,0.00,,0.00,,0.00,0.00,,0.00,0.00,0.00,0.00,,0.00,0.00,0.00,0.00,,,,0.00,0.00,0.00,0.00,0.00,0.00,0.00,0.00,0.00,0.00
Suriname,SUR,20200217,0.00,,0.00,,0.00,,0.00,,0.00,,0.00,,0.00,,0.00,0.00,,0.00,0.00,0.00,0.00,,0.00,0.00,0.00,0.00,,,,0.00,0.00,0.00,0.00,0.00,0.00,0.00,0.00,0.00,0.00
Suriname,SUR,20200218,0.00,,0.00,,0.00,,0.00,,0.00,,0.00,,0.00,,0.00,0.00,,0.00,0.00,0.00,0.00,,0.00,0.00,0.00,0.00,,,,0.00,0.00,0.00,0.00,0.00,0.00,0.00,0.00,0.00,0.00
Suriname,SUR,20200219,0.00,,0.00,,0.00,,0.00,,0.00,,0.00,,0.00,,0.00,0.00,,0.00,0.00,0.00,0.00,,0.00,0.00,0.00,0.00,,,,0.00,0.00,0.00,0.00,0.00,0.00,0.00,0.00,0.00,0.00
Suriname,SUR,20200220,0.00,,0.00,,0.00,,0.00,,0.00,,0.00,,0.00,,0.00,0.00,,0.00,0.00,0.00,0.00,,0.00,0.00,0.00,0.00,,,,0.00,0.00,0.00,0.00,0.00,0.00,0.00,0.00,0.00,0.00
Suriname,SUR,20200221,0.00,,0.00,,0.00,,0.00,,0.00,,0.00,,0.00,,0.00,0.00,,0.00,0.00,0.00,0.00,,0.00,0.00,0.00,0.00,,,,0.00,0.00,0.00,0.00,0.00,0.00,0.00,0.00,0.00,0.00
Suriname,SUR,20200222,0.00,,0.00,,0.00,,0.00,,0.00,,0.00,,0.00,,0.00,0.00,,0.00,0.00,0.00,0.00,,0.00,0.00,0.00,0.00,,,,0.00,0.00,0.00,0.00,0.00,0.00,0.00,0.00,0.00,0.00
Suriname,SUR,20200223,0.00,,0.00,,0.00,,0.00,,0.00,,0.00,,0.00,,0.00,0.00,,0.00,0.00,0.00,0.00,,0.00,0.00,0.00,0.00,,,,0.00,0.00,0.00,0.00,0.00,0.00,0.00,0.00,0.00,0.00
Suriname,SUR,20200224,0.00,,0.00,,0.00,,0.00,,0.00,,0.00,,0.00,,0.00,0.00,,0.00,0.00,0.00,0.00,,0.00,0.00,0.00,0.00,,,,0.00,0.00,0.00,0.00,0.00,0.00,0.00,0.00,0.00,0.00
Suriname,SUR,20200225,0.00,,0.00,,0.00,,0.00,,0.00,,0.00,,0.00,,0.00,0.00,,0.00,0.00,0.00,0.00,,0.00,0.00,0.00,0.00,,,,0.00,0.00,0.00,0.00,0.00,0.00,0.00,0.00,0.00,0.00
Suriname,SUR,20200226,0.00,,0.00,,0.00,,0.00,,0.00,,0.00,,0.00,,0.00,0.00,,0.00,0.00,0.00,0.00,,0.00,0.00,0.00,0.00,,,,0.00,0.00,0.00,0.00,0.00,0.00,0.00,0.00,0.00,0.00
Suriname,SUR,20200227,0.00,,0.00,,0.00,,0.00,,0.00,,0.00,,0.00,,0.00,0.00,,0.00,0.00,0.00,0.00,,0.00,0.00,0.00,0.00,,,,0.00,0.00,0.00,0.00,0.00,0.00,0.00,0.00,0.00,0.00
Suriname,SUR,20200228,0.00,,0.00,,0.00,,0.00,,0.00,,0.00,,0.00,,0.00,0.00,,0.00,0.00,0.00,0.00,,0.00,0.00,0.00,0.00,,,,0.00,0.00,0.00,0.00,0.00,0.00,0.00,0.00,0.00,0.00
Suriname,SUR,20200229,0.00,,0.00,,0.00,,0.00,,0.00,,0.00,,0.00,,0.00,0.00,,0.00,0.00,0.00,0.00,,0.00,0.00,0.00,0.00,,,,0.00,0.00,0.00,0.00,0.00,0.00,0.00,0.00,0.00,0.00
Suriname,SUR,20200301,0.00,,0.00,,0.00,,0.00,,0.00,,0.00,,0.00,,0.00,0.00,,0.00,0.00,0.00,0.00,,0.00,0.00,0.00,0.00,,,,0.00,0.00,0.00,0.00,0.00,0.00,0.00,0.00,0.00,0.00
Suriname,SUR,20200302,0.00,,0.00,,0.00,,0.00,,0.00,,0.00,,0.00,,0.00,0.00,,0.00,0.00,0.00,0.00,,0.00,0.00,0.00,0.00,,,,0.00,0.00,0.00,0.00,0.00,0.00,0.00,0.00,0.00,0.00
Suriname,SUR,20200303,0.00,,0.00,,0.00,,0.00,,0.00,,0.00,,0.00,,0.00,0.00,,0.00,0.00,0.00,0.00,,0.00,0.00,0.00,0.00,,,,0.00,0.00,0.00,0.00,0.00,0.00,0.00,0.00,0.00,0.00
Suriname,SUR,20200304,0.00,,0.00,,0.00,,0.00,,0.00,,0.00,,0.00,,0.00,0.00,,0.00,0.00,0.00,0.00,,0.00,0.00,0.00,0.00,,,,0.00,0.00,0.00,0.00,0.00,0.00,0.00,0.00,0.00,0.00
Suriname,SUR,20200305,0.00,,0.00,,0.00,,0.00,,0.00,,0.00,,0.00,,0.00,0.00,,0.00,0.00,0.00,0.00,,0.00,0.00,0.00,0.00,,,,0.00,0.00,0.00,0.00,0.00,0.00,0.00,0.00,0.00,0.00
Suriname,SUR,20200306,0.00,,0.00,,0.00,,0.00,,0.00,,0.00,,0.00,,0.00,0.00,,0.00,0.00,0.00,0.00,,0.00,0.00,0.00,0.00,,,,0.00,0.00,0.00,0.00,0.00,0.00,0.00,0.00,0.00,0.00
Suriname,SUR,20200307,0.00,,0.00,,0.00,,0.00,,0.00,,0.00,,0.00,,0.00,0.00,,0.00,0.00,0.00,0.00,,0.00,0.00,0.00,0.00,,,,0.00,0.00,0.00,0.00,0.00,0.00,0.00,0.00,0.00,0.00
Suriname,SUR,20200308,0.00,,0.00,,0.00,,0.00,,0.00,,0.00,,0.00,,0.00,0.00,,0.00,0.00,0.00,0.00,,0.00,0.00,0.00,0.00,,,,0.00,0.00,0.00,0.00,0.00,0.00,0.00,0.00,0.00,0.00
Suriname,SUR,20200309,0.00,,0.00,,0.00,,0.00,,0.00,,0.00,,0.00,,0.00,0.00,,0.00,0.00,0.00,0.00,,0.00,0.00,0.00,0.00,,,,0.00,0.00,0.00,0.00,0.00,0.00,0.00,0.00,0.00,0.00
Suriname,SUR,20200310,0.00,,0.00,,0.00,,0.00,,0.00,,0.00,,0.00,,0.00,0.00,,0.00,0.00,0.00,0.00,,0.00,0.00,0.00,0.00,,,,0.00,0.00,0.00,0.00,0.00,0.00,0.00,0.00,0.00,0.00
Suriname,SUR,20200311,0.00,,0.00,,0.00,,0.00,,0.00,,0.00,,0.00,,0.00,0.00,,0.00,0.00,0.00,0.00,,0.00,0.00,0.00,0.00,,,,0.00,0.00,0.00,0.00,0.00,0.00,0.00,0.00,0.00,0.00
Suriname,SUR,20200312,0.00,,0.00,,0.00,,0.00,,0.00,,0.00,,0.00,,0.00,0.00,,0.00,0.00,0.00,0.00,,0.00,0.00,0.00,0.00,,,,0.00,0.00,0.00,0.00,0.00,0.00,0.00,0.00,0.00,0.00
Suriname,SUR,20200313,0.00,,0.00,,2.00,1,0.00,,0.00,,0.00,,0.00,,0.00,0.00,,0.00,0.00,0.00,0.00,,0.00,0.00,0.00,0.00,,,,11.11,11.11,14.29,14.29,7.69,7.69,9.09,9.09,0.00,0.00
Suriname,SUR,20200314,0.00,,0.00,,2.00,1,0.00,,0.00,,0.00,,0.00,,4.00,0.00,,0.00,0.00,0.00,2.00,1,0.00,0.00,0.00,0.00,,,,33.33,33.33,42.86,42.86,23.08,23.08,27.27,27.27,0.00,0.00
Suriname,SUR,20200315,0.00,,0.00,,2.00,1,0.00,,0.00,,0.00,,0.00,,4.00,0.00,,0.00,0.00,0.00,2.00,1,1.00,1.00,0.00,0.00,,1,0,33.33,33.33,42.86,42.86,29.49,29.49,34.85,34.85,0.00,0.00
Suriname,SUR,20200316,3.00,1,0.00,,2.00,1,0.00,,0.00,,0.00,,2.00,0,4.00,0.00,,0.00,0.00,0.00,2.00,1,1.00,1.00,0.00,0.00,,,,52.78,52.78,66.67,66.67,42.95,42.95,50.76,50.76,0.00,0.00
Suriname,SUR,20200317,3.00,1,0.00,,2.00,1,0.00,,0.00,,0.00,,2.00,0,4.00,0.00,,0.00,0.00,0.00,2.00,1,1.00,1.00,0.00,0.00,,,,52.78,52.78,66.67,66.67,42.95,42.95,50.76,50.76,0.00,0.00
Suriname,SUR,20200318,3.00,1,0.00,,2.00,1,0.00,,0.00,,0.00,,2.00,0,4.00,0.00,,0.00,0.00,0.00,2.00,1,1.00,1.00,0.00,0.00,,,,52.78,52.78,66.67,66.67,42.95,42.95,50.76,50.76,0.00,0.00
Suriname,SUR,20200319,3.00,1,0.00,,2.00,1,0.00,,0.00,,0.00,,2.00,0,4.00,0.00,,0.00,0.00,0.00,2.00,1,1.00,1.00,0.00,0.00,,,,52.78,52.78,66.67,66.67,42.95,42.95,50.76,50.76,0.00,0.00
Suriname,SUR,20200320,3.00,1,0.00,,2.00,1,0.00,,0.00,,0.00,,2.00,0,4.00,0.00,,0.00,0.00,0.00,2.00,1,1.00,1.00,0.00,0.00,,,,52.78,52.78,66.67,66.67,42.95,42.95,50.76,50.76,0.00,0.00
Suriname,SUR,20200321,3.00,1,0.00,,2.00,1,0.00,,0.00,,0.00,,2.00,0,4.00,0.00,,0.00,0.00,0.00,2.00,1,1.00,1.00,0.00,0.00,,1,0,52.78,52.78,66.67,66.67,42.95,42.95,50.76,50.76,0.00,0.00
Suriname,SUR,20200322,3.00,1,0.00,,2.00,1,0.00,,0.00,,0.00,,2.00,0,4.00,0.00,,0.00,0.00,0.00,2.00,1,1.00,1.00,0.00,0.00,,5,0,52.78,52.78,66.67,66.67,42.95,42.95,50.76,50.76,0.00,0.00
Suriname,SUR,20200323,3.00,1,0.00,,2.00,1,0.00,,0.00,,0.00,,2.00,0,4.00,0.00,,0.00,0.00,0.00,2.00,1,1.00,1.00,0.00,0.00,,5,0,52.78,52.78,66.67,66.67,42.95,42.95,50.76,50.76,0.00,0.00
Suriname,SUR,20200324,3.00,1,0.00,,2.00,1,0.00,,0.00,,0.00,,2.00,0,4.00,0.00,,0.00,0.00,0.00,2.00,1,1.00,1.00,0.00,0.00,,6,0,52.78,52.78,66.67,66.67,42.95,42.95,50.76,50.76,0.00,0.00
Suriname,SUR,20200325,3.00,1,0.00,,2.00,1,0.00,,0.00,,0.00,,2.00,0,4.00,0.00,,0.00,0.00,0.00,2.00,1,1.00,1.00,0.00,0.00,,8,0,52.78,52.78,66.67,66.67,42.95,42.95,50.76,50.76,0.00,0.00
Suriname,SUR,20200326,3.00,1,0.00,,2.00,1,0.00,,0.00,,0.00,,2.00,0,4.00,0.00,,0.00,0.00,0.00,2.00,1,1.00,1.00,0.00,0.00,,8,0,52.78,52.78,66.67,66.67,42.95,42.95,50.76,50.76,0.00,0.00
Suriname,SUR,20200327,3.00,1,0.00,,2.00,1,0.00,,0.00,,0.00,,2.00,0,4.00,0.00,,0.00,0.00,0.00,2.00,1,1.00,1.00,0.00,0.00,,8,0,52.78,52.78,66.67,66.67,42.95,42.95,50.76,50.76,0.00,0.00
Suriname,SUR,20200328,3.00,1,0.00,,2.00,1,4.00,1,0.00,,2.00,1,2.00,0,4.00,0.00,,0.00,0.00,0.00,2.00,1,1.00,1.00,0.00,0.00,,8,0,71.30,71.30,67.86,67.86,55.77,55.77,65.91,65.91,0.00,0.00
Suriname,SUR,20200329,3.00,1,0.00,,2.00,1,4.00,1,0.00,,2.00,1,2.00,0,4.00,0.00,,0.00,0.00,0.00,2.00,1,1.00,1.00,0.00,0.00,,8,0,71.30,71.30,67.86,67.86,55.77,55.77,65.91,65.91,0.00,0.00
Suriname,SUR,20200330,3.00,1,0.00,,2.00,1,4.00,1,0.00,,2.00,1,2.00,0,4.00,0.00,,0.00,0.00,0.00,2.00,1,1.00,1.00,0.00,0.00,,8,0,71.30,71.30,67.86,67.86,55.77,55.77,65.91,65.91,0.00,0.00
Suriname,SUR,20200331,3.00,1,0.00,,2.00,1,4.00,1,0.00,,2.00,1,2.00,0,4.00,0.00,,0.00,0.00,0.00,2.00,1,1.00,1.00,0.00,0.00,,8,0,71.30,71.30,67.86,67.86,55.77,55.77,65.91,65.91,0.00,0.00
Suriname,SUR,20200401,3.00,1,0.00,,2.00,1,4.00,1,0.00,,2.00,1,2.00,0,4.00,0.00,,0.00,0.00,0.00,2.00,1,1.00,1.00,0.00,0.00,,10,0,71.30,71.30,67.86,67.86,55.77,55.77,65.91,65.91,0.00,0.00
Suriname,SUR,20200402,3.00,1,0.00,,2.00,1,4.00,1,0.00,,2.00,1,2.00,0,4.00,0.00,,0.00,0.00,0.00,2.00,1,1.00,1.00,0.00,0.00,,10,0,71.30,71.30,67.86,67.86,55.77,55.77,65.91,65.91,0.00,0.00
Suriname,SUR,20200403,3.00,1,0.00,,2.00,1,4.00,1,0.00,,2.00,1,2.00,0,4.00,0.00,,0.00,0.00,0.00,2.00,1,1.00,1.00,0.00,0.00,,10,0,71.30,71.30,67.86,67.86,55.77,55.77,65.91,65.91,0.00,0.00
Suriname,SUR,20200404,3.00,1,0.00,,2.00,1,4.00,1,0.00,,2.00,1,2.00,0,4.00,0.00,,0.00,0.00,0.00,2.00,1,1.00,1.00,0.00,0.00,,10,1,71.30,71.30,67.86,67.86,55.77,55.77,65.91,65.91,0.00,0.00
Suriname,SUR,20200405,3.00,1,0.00,,2.00,1,4.00,1,0.00,,2.00,1,2.00,0,4.00,0.00,,0.00,0.00,0.00,2.00,1,1.00,1.00,0.00,0.00,,10,1,71.30,71.30,67.86,67.86,55.77,55.77,65.91,65.91,0.00,0.00
Suriname,SUR,20200406,3.00,1,0.00,,2.00,1,4.00,1,2.00,1,2.00,1,2.00,0,4.00,0.00,,0.00,0.00,0.00,2.00,1,1.00,1.00,0.00,0.00,,10,1,82.41,82.41,82.14,82.14,63.46,63.46,75.00,75.00,0.00,0.00
Suriname,SUR,20200407,3.00,1,0.00,,2.00,1,4.00,1,2.00,1,2.00,1,2.00,0,4.00,0.00,,0.00,0.00,0.00,2.00,1,1.00,1.00,53640000.00,0.00,,10,1,82.41,82.41,82.14,82.14,63.46,63.46,75.00,75.00,0.00,0.00
Suriname,SUR,20200408,3.00,1,0.00,,2.00,1,4.00,1,2.00,1,2.00,1,2.00,0,4.00,0.00,,0.00,53633680.00,0.00,2.00,1,1.00,1.00,0.00,0.00,,10,1,82.41,82.41,82.14,82.14,63.46,63.46,75.00,75.00,0.00,0.00
Suriname,SUR,20200409,3.00,1,0.00,,2.00,1,4.00,1,2.00,1,2.00,1,2.00,0,4.00,0.00,,0.00,0.00,0.00,2.00,1,1.00,1.00,0.00,0.00,,10,1,82.41,82.41,82.14,82.14,63.46,63.46,75.00,75.00,0.00,0.00
Suriname,SUR,20200410,3.00,1,0.00,,2.00,1,4.00,1,2.00,1,2.00,1,2.00,0,4.00,0.00,,0.00,0.00,0.00,2.00,1,1.00,1.00,0.00,0.00,,10,1,82.41,82.41,82.14,82.14,63.46,63.46,75.00,75.00,0.00,0.00
Suriname,SUR,20200411,3.00,1,0.00,,2.00,1,4.00,1,2.00,1,2.00,1,2.00,0,4.00,0.00,,0.00,0.00,0.00,2.00,1,1.00,1.00,0.00,0.00,,10,1,82.41,82.41,82.14,82.14,63.46,63.46,75.00,75.00,0.00,0.00
Suriname,SUR,20200412,3.00,1,0.00,,2.00,1,4.00,1,2.00,1,2.00,1,2.00,0,4.00,0.00,,0.00,0.00,0.00,2.00,1,1.00,1.00,0.00,0.00,,10,1,82.41,82.41,82.14,82.14,63.46,63.46,75.00,75.00,0.00,0.00
Suriname,SUR,20200413,3.00,1,0.00,,2.00,1,4.00,1,2.00,1,2.00,1,2.00,0,4.00,0.00,,0.00,0.00,0.00,2.00,1,1.00,1.00,0.00,0.00,,10,1,82.41,82.41,82.14,82.14,63.46,63.46,75.00,75.00,0.00,0.00
Suriname,SUR,20200414,3.00,1,0.00,,2.00,1,4.00,1,2.00,1,2.00,1,2.00,0,4.00,0.00,,0.00,0.00,0.00,2.00,1,1.00,1.00,0.00,0.00,,10,1,82.41,82.41,82.14,82.14,63.46,63.46,75.00,75.00,0.00,0.00
Suriname,SUR,20200415,3.00,1,0.00,,2.00,1,4.00,1,2.00,1,2.00,1,2.00,0,4.00,0.00,,0.00,0.00,0.00,2.00,1,1.00,1.00,0.00,0.00,,10,1,82.41,82.41,82.14,82.14,63.46,63.46,75.00,75.00,0.00,0.00
Suriname,SUR,20200416,3.00,1,0.00,,2.00,1,4.00,1,2.00,1,2.00,1,2.00,0,4.00,0.00,,0.00,0.00,0.00,2.00,1,1.00,1.00,0.00,0.00,,10,1,82.41,82.41,82.14,82.14,63.46,63.46,75.00,75.00,0.00,0.00
Suriname,SUR,20200417,3.00,1,0.00,,2.00,1,4.00,1,2.00,1,2.00,1,2.00,0,4.00,0.00,,0.00,0.00,0.00,2.00,1,1.00,1.00,0.00,0.00,,10,1,82.41,82.41,82.14,82.14,63.46,63.46,75.00,75.00,0.00,0.00
Suriname,SUR,20200418,3.00,1,0.00,,2.00,1,4.00,1,2.00,1,2.00,1,2.00,0,4.00,0.00,,0.00,0.00,0.00,2.00,1,1.00,1.00,0.00,0.00,,10,1,82.41,82.41,82.14,82.14,63.46,63.46,75.00,75.00,0.00,0.00
Suriname,SUR,20200419,3.00,1,0.00,,2.00,1,4.00,1,2.00,1,2.00,1,2.00,0,4.00,0.00,,0.00,0.00,0.00,2.00,1,1.00,1.00,0.00,0.00,,10,1,82.41,82.41,82.14,82.14,63.46,63.46,75.00,75.00,0.00,0.00
Suriname,SUR,20200420,3.00,1,0.00,,2.00,1,4.00,1,2.00,1,2.00,1,2.00,0,4.00,0.00,,0.00,0.00,0.00,2.00,1,1.00,1.00,0.00,0.00,,10,1,82.41,82.41,82.14,82.14,63.46,63.46,75.00,75.00,0.00,0.00
Suriname,SUR,20200421,3.00,1,0.00,,2.00,1,4.00,1,2.00,1,2.00,1,2.00,0,4.00,0.00,,0.00,0.00,0.00,2.00,1,1.00,1.00,0.00,0.00,,10,1,82.41,82.41,82.14,82.14,63.46,63.46,75.00,75.00,0.00,0.00
Suriname,SUR,20200422,3.00,1,0.00,,2.00,1,4.00,1,2.00,1,2.00,1,2.00,0,4.00,0.00,,0.00,0.00,0.00,2.00,1,1.00,1.00,0.00,0.00,,10,1,82.41,82.41,82.14,82.14,63.46,63.46,75.00,75.00,0.00,0.00
Suriname,SUR,20200423,3.00,1,0.00,,2.00,1,4.00,1,2.00,1,2.00,1,2.00,0,4.00,0.00,,0.00,0.00,0.00,2.00,1,1.00,1.00,0.00,0.00,,10,1,82.41,82.41,82.14,82.14,63.46,63.46,75.00,75.00,0.00,0.00
Suriname,SUR,20200424,3.00,1,0.00,,2.00,1,4.00,1,2.00,1,2.00,1,2.00,0,4.00,0.00,,0.00,0.00,0.00,2.00,1,1.00,1.00,0.00,0.00,,10,1,82.41,82.41,82.14,82.14,63.46,63.46,75.00,75.00,0.00,0.00
Suriname,SUR,20200425,3.00,1,0.00,,2.00,1,4.00,1,2.00,1,2.00,1,2.00,0,4.00,0.00,,0.00,0.00,0.00,2.00,1,1.00,1.00,0.00,0.00,,10,1,82.41,82.41,82.14,82.14,63.46,63.46,75.00,75.00,0.00,0.00
Suriname,SUR,20200426,3.00,1,0.00,,2.00,1,4.00,1,2.00,1,2.00,1,2.00,0,4.00,0.00,,0.00,0.00,0.00,2.00,1,1.00,1.00,0.00,0.00,,10,1,82.41,82.41,82.14,82.14,63.46,63.46,75.00,75.00,0.00,0.00
Suriname,SUR,20200427,3.00,1,0.00,,2.00,1,4.00,1,2.00,1,2.00,1,2.00,0,4.00,0.00,,0.00,0.00,0.00,2.00,1,1.00,1.00,0.00,0.00,,10,1,82.41,82.41,82.14,82.14,63.46,63.46,75.00,75.00,0.00,0.00
Suriname,SUR,20200428,3.00,1,0.00,,2.00,1,4.00,1,2.00,1,2.00,1,2.00,0,4.00,0.00,,0.00,0.00,0.00,2.00,1,1.00,1.00,0.00,0.00,,10,1,82.41,82.41,82.14,82.14,63.46,63.46,75.00,75.00,0.00,0.00
Suriname,SUR,20200429,3.00,1,0.00,,2.00,1,4.00,1,2.00,1,2.00,1,2.00,0,4.00,0.00,,0.00,0.00,0.00,2.00,1,1.00,1.00,0.00,0.00,,10,1,82.41,82.41,82.14,82.14,63.46,63.46,75.00,75.00,0.00,0.00
Suriname,SUR,20200430,3.00,1,0.00,,2.00,1,4.00,1,2.00,1,2.00,1,2.00,0,4.00,0.00,,0.00,0.00,0.00,2.00,1,1.00,1.00,0.00,0.00,,10,1,82.41,82.41,82.14,82.14,63.46,63.46,75.00,75.00,0.00,0.00
Suriname,SUR,20200501,3.00,1,0.00,,2.00,1,4.00,1,2.00,1,2.00,1,2.00,0,4.00,0.00,,0.00,0.00,0.00,2.00,1,1.00,1.00,0.00,0.00,,10,1,82.41,82.41,82.14,82.14,63.46,63.46,75.00,75.00,0.00,0.00
Suriname,SUR,20200502,3.00,1,0.00,,2.00,1,4.00,1,2.00,1,2.00,1,2.00,0,4.00,0.00,,0.00,0.00,0.00,2.00,1,1.00,1.00,0.00,0.00,,10,1,82.41,82.41,82.14,82.14,63.46,63.46,75.00,75.00,0.00,0.00
Suriname,SUR,20200503,3.00,1,0.00,,2.00,1,4.00,1,2.00,1,2.00,1,2.00,0,4.00,0.00,,0.00,0.00,0.00,2.00,1,1.00,1.00,0.00,0.00,,10,1,82.41,82.41,82.14,82.14,63.46,63.46,75.00,75.00,0.00,0.00
Suriname,SUR,20200504,3.00,1,0.00,,2.00,1,4.00,1,2.00,1,2.00,1,2.00,0,4.00,0.00,,0.00,0.00,0.00,2.00,1,1.00,1.00,0.00,0.00,,10,1,82.41,82.41,82.14,82.14,63.46,63.46,75.00,75.00,0.00,0.00
Suriname,SUR,20200505,3.00,1,0.00,,2.00,1,4.00,1,2.00,1,2.00,1,2.00,0,4.00,0.00,,0.00,0.00,0.00,2.00,1,1.00,1.00,0.00,0.00,,10,1,82.41,82.41,82.14,82.14,63.46,63.46,75.00,75.00,0.00,0.00
Suriname,SUR,20200506,3.00,1,0.00,,2.00,1,4.00,1,2.00,1,2.00,1,2.00,0,4.00,0.00,,0.00,0.00,0.00,2.00,1,1.00,1.00,0.00,0.00,,10,1,82.41,82.41,82.14,82.14,63.46,63.46,75.00,75.00,0.00,0.00
Suriname,SUR,20200507,3.00,1,0.00,,2.00,1,4.00,1,2.00,1,2.00,1,2.00,0,4.00,0.00,,0.00,0.00,0.00,2.00,1,1.00,1.00,0.00,0.00,,10,1,82.41,82.41,82.14,82.14,63.46,63.46,75.00,75.00,0.00,0.00
Suriname,SUR,20200508,3.00,1,0.00,,2.00,1,4.00,1,2.00,1,2.00,1,2.00,0,4.00,0.00,,0.00,0.00,0.00,2.00,1,1.00,1.00,0.00,0.00,,10,1,82.41,82.41,82.14,82.14,63.46,63.46,75.00,75.00,0.00,0.00
Suriname,SUR,20200509,3.00,1,0.00,,2.00,1,4.00,1,2.00,1,2.00,1,2.00,0,4.00,0.00,,0.00,0.00,0.00,2.00,1,1.00,1.00,0.00,0.00,,10,1,82.41,82.41,82.14,82.14,63.46,63.46,75.00,75.00,0.00,0.00
Suriname,SUR,20200510,3.00,1,0.00,,2.00,1,3.00,1,2.00,1,2.00,1,2.00,0,4.00,0.00,,0.00,0.00,0.00,2.00,1,1.00,1.00,0.00,0.00,,10,1,79.63,79.63,82.14,82.14,61.54,61.54,72.73,72.73,0.00,0.00
Suriname,SUR,20200511,3.00,1,0.00,,2.00,1,3.00,1,2.00,1,2.00,1,2.00,0,4.00,0.00,,0.00,93870000.00,0.00,2.00,1,1.00,1.00,0.00,0.00,,10,1,79.63,79.63,82.14,82.14,61.54,61.54,72.73,72.73,0.00,0.00
Suriname,SUR,20200512,3.00,1,0.00,,2.00,1,3.00,1,2.00,1,2.00,1,2.00,0,4.00,0.00,,0.00,0.00,0.00,2.00,1,1.00,1.00,0.00,0.00,,10,1,79.63,79.63,82.14,82.14,61.54,61.54,72.73,72.73,0.00,0.00
Suriname,SUR,20200513,3.00,1,0.00,,2.00,1,3.00,1,2.00,1,2.00,1,2.00,0,4.00,0.00,,0.00,0.00,0.00,2.00,1,1.00,1.00,0.00,0.00,,10,1,79.63,79.63,82.14,82.14,61.54,61.54,72.73,72.73,0.00,0.00
Suriname,SUR,20200514,3.00,1,0.00,,2.00,1,3.00,1,2.00,1,2.00,1,2.00,0,4.00,0.00,,0.00,0.00,0.00,2.00,1,1.00,1.00,0.00,0.00,,10,1,79.63,79.63,82.14,82.14,61.54,61.54,72.73,72.73,0.00,0.00
Suriname,SUR,20200515,3.00,1,0.00,,2.00,1,3.00,1,2.00,1,2.00,1,2.00,0,4.00,0.00,,0.00,0.00,0.00,2.00,1,1.00,1.00,0.00,0.00,,10,1,79.63,79.63,82.14,82.14,61.54,61.54,72.73,72.73,0.00,0.00
Suriname,SUR,20200516,3.00,1,0.00,,2.00,1,3.00,1,2.00,1,2.00,1,2.00,0,4.00,0.00,,0.00,0.00,0.00,2.00,1,1.00,1.00,0.00,0.00,,10,1,79.63,79.63,82.14,82.14,61.54,61.54,72.73,72.73,0.00,0.00
Suriname,SUR,20200517,3.00,1,0.00,,2.00,1,3.00,1,2.00,1,2.00,1,2.00,0,4.00,0.00,,0.00,0.00,0.00,2.00,1,1.00,1.00,0.00,0.00,,10,1,79.63,79.63,82.14,82.14,61.54,61.54,72.73,72.73,0.00,0.00
Suriname,SUR,20200518,3.00,1,0.00,,2.00,1,3.00,1,2.00,1,2.00,1,2.00,0,4.00,0.00,,0.00,0.00,0.00,2.00,1,1.00,1.00,0.00,0.00,,10,1,79.63,79.63,82.14,82.14,61.54,61.54,72.73,72.73,0.00,0.00
Suriname,SUR,20200519,3.00,1,0.00,,2.00,1,3.00,1,2.00,1,2.00,1,2.00,0,4.00,0.00,,0.00,0.00,0.00,2.00,1,1.00,1.00,0.00,0.00,,11,1,79.63,79.63,82.14,82.14,61.54,61.54,72.73,72.73,0.00,0.00
Suriname,SUR,20200520,3.00,1,0.00,,1.00,1,3.00,1,2.00,1,2.00,1,2.00,0,4.00,0.00,,0.00,0.00,0.00,2.00,1,1.00,1.00,0.00,0.00,,11,1,74.07,74.07,79.29,79.29,57.69,57.69,68.18,68.18,0.00,0.00
Suriname,SUR,20200521,3.00,1,0.00,,1.00,1,3.00,1,2.00,1,2.00,1,2.00,0,4.00,0.00,,0.00,0.00,0.00,2.00,1,1.00,1.00,0.00,0.00,,11,1,74.07,74.07,79.29,79.29,57.69,57.69,68.18,68.18,0.00,0.00
Suriname,SUR,20200522,3.00,1,0.00,,1.00,1,3.00,1,2.00,1,2.00,1,2.00,0,4.00,0.00,,0.00,0.00,0.00,2.00,1,1.00,1.00,0.00,0.00,,11,1,74.07,74.07,79.29,79.29,57.69,57.69,68.18,68.18,0.00,0.00
Suriname,SUR,20200523,3.00,1,0.00,,1.00,1,3.00,1,2.00,1,2.00,1,2.00,0,4.00,0.00,,0.00,0.00,0.00,2.00,1,1.00,1.00,0.00,0.00,,11,1,74.07,74.07,79.29,79.29,57.69,57.69,68.18,68.18,0.00,0.00
Suriname,SUR,20200524,3.00,1,0.00,,1.00,1,3.00,1,2.00,1,1.00,1,2.00,0,4.00,0.00,,0.00,0.00,0.00,2.00,1,1.00,1.00,0.00,0.00,,11,1,70.37,70.37,78.10,78.10,55.13,55.13,65.15,65.15,0.00,0.00
Suriname,SUR,20200525,3.00,1,0.00,,1.00,1,3.00,1,2.00,1,1.00,1,2.00,0,4.00,0.00,,0.00,0.00,0.00,2.00,1,1.00,1.00,0.00,0.00,,11,1,70.37,70.37,78.10,78.10,55.13,55.13,65.15,65.15,0.00,0.00
Suriname,SUR,20200526,3.00,1,0.00,,1.00,1,3.00,1,2.00,1,2.00,0,2.00,0,4.00,0.00,,0.00,0.00,0.00,2.00,1,1.00,1.00,0.00,0.00,,11,1,72.22,72.22,78.10,78.10,56.41,56.41,66.67,66.67,0.00,0.00
Suriname,SUR,20200527,3.00,1,0.00,,1.00,1,3.00,1,2.00,1,2.00,0,2.00,0,4.00,0.00,,0.00,0.00,0.00,2.00,1,1.00,1.00,0.00,0.00,,11,1,72.22,72.22,78.10,78.10,56.41,56.41,66.67,66.67,0.00,0.00
Suriname,SUR,20200528,3.00,1,0.00,,1.00,1,3.00,1,2.00,1,2.00,0,2.00,0,4.00,0.00,,0.00,0.00,0.00,2.00,1,1.00,1.00,0.00,0.00,,12,1,72.22,72.22,78.10,78.10,56.41,56.41,66.67,66.67,0.00,0.00
Suriname,SUR,20200529,3.00,1,0.00,,1.00,1,3.00,1,2.00,1,2.00,0,2.00,0,4.00,0.00,,0.00,0.00,0.00,2.00,1,1.00,1.00,0.00,0.00,,12,1,72.22,72.22,78.10,78.10,56.41,56.41,66.67,66.67,0.00,0.00
Suriname,SUR,20200530,3.00,1,0.00,,1.00,1,2.00,1,2.00,1,2.00,0,2.00,0,4.00,0.00,,0.00,0.00,0.00,2.00,1,1.00,1.00,0.00,0.00,,12,1,69.44,69.44,76.19,76.19,54.49,54.49,64.39,64.39,0.00,0.00
Suriname,SUR,20200531,3.00,1,0.00,,1.00,1,4.00,1,2.00,1,2.00,0,2.00,1,4.00,0.00,,0.00,0.00,0.00,2.00,1,1.00,1.00,0.00,0.00,,14,1,77.78,77.78,85.71,85.71,60.26,60.26,71.21,71.21,0.00,0.00
Suriname,SUR,20200601,3.00,1,0.00,,1.00,1,4.00,1,2.00,1,2.00,0,2.00,1,4.00,0.00,,2.00,0.00,0.00,2.00,1,1.00,1.00,0.00,0.00,,23,1,77.78,77.78,85.71,85.71,67.95,67.95,71.21,71.21,50.00,50.00
Suriname,SUR,20200602,3.00,1,0.00,,1.00,1,4.00,1,2.00,1,2.00,0,2.00,1,4.00,0.00,,2.00,0.00,0.00,2.00,1,1.00,1.00,0.00,0.00,,44,1,77.78,77.78,85.71,85.71,67.95,67.95,71.21,71.21,50.00,50.00
Suriname,SUR,20200603,3.00,1,0.00,,1.00,1,4.00,1,2.00,1,2.00,0,2.00,1,4.00,0.00,,2.00,0.00,0.00,2.00,1,1.00,1.00,0.00,0.00,,54,1,77.78,77.78,85.71,85.71,67.95,67.95,71.21,71.21,50.00,50.00
Suriname,SUR,20200604,3.00,1,3.00,1,2.00,1,4.00,1,2.00,1,2.00,1,2.00,0,4.00,0.00,,2.00,0.00,0.00,2.00,1,1.00,1.00,0.00,0.00,,74,1,93.52,93.52,96.43,96.43,78.85,78.85,84.09,84.09,50.00,50.00
Suriname,SUR,20200605,3.00,1,3.00,1,2.00,1,4.00,1,2.00,1,2.00,1,2.00,0,4.00,0.00,,2.00,0.00,0.00,2.00,1,1.00,1.00,0.00,0.00,,82,1,93.52,93.52,96.43,96.43,78.85,78.85,84.09,84.09,50.00,50.00
Suriname,SUR,20200606,3.00,1,3.00,1,2.00,1,4.00,1,2.00,1,2.00,1,2.00,0,4.00,0.00,,2.00,0.00,0.00,2.00,1,1.00,1.00,0.00,0.00,,91,1,93.52,93.52,96.43,96.43,78.85,78.85,84.09,84.09,50.00,50.00
Suriname,SUR,20200607,3.00,1,3.00,1,2.00,1,4.00,1,2.00,1,2.00,1,2.00,0,4.00,0.00,,2.00,0.00,0.00,2.00,1,1.00,1.00,0.00,0.00,,100,1,93.52,93.52,96.43,96.43,78.85,78.85,84.09,84.09,50.00,50.00
Suriname,SUR,20200608,3.00,1,3.00,1,2.00,1,4.00,1,2.00,1,2.00,1,2.00,0,4.00,0.00,,2.00,0.00,0.00,2.00,1,1.00,1.00,0.00,0.00,,122,1,93.52,93.52,96.43,96.43,78.85,78.85,84.09,84.09,50.00,50.00
Suriname,SUR,20200609,3.00,1,3.00,1,2.00,1,4.00,1,2.00,1,2.00,1,2.00,0,4.00,0.00,,2.00,0.00,0.00,2.00,1,1.00,1.00,0.00,0.00,,130,2,93.52,93.52,96.43,96.43,78.85,78.85,84.09,84.09,50.00,50.00
Suriname,SUR,20200610,3.00,1,3.00,1,2.00,1,4.00,1,2.00,1,2.00,1,2.00,0,4.00,0.00,,2.00,0.00,0.00,2.00,1,1.00,1.00,0.00,0.00,,137,2,93.52,93.52,96.43,96.43,78.85,78.85,84.09,84.09,50.00,50.00
Suriname,SUR,20200611,3.00,1,3.00,1,2.00,1,4.00,1,2.00,1,2.00,1,2.00,0,4.00,0.00,,2.00,0.00,0.00,2.00,1,1.00,1.00,0.00,0.00,,137,2,93.52,93.52,96.43,96.43,78.85,78.85,84.09,84.09,50.00,50.00
Suriname,SUR,20200612,,,,,,,,,,,,,,,,,,,,,,,,,,,,168,2,,,,,,,,,,
Suriname,SUR,20200613,,,,,,,,,,,,,,,,,,,,,,,,,,,,187,3,,,,,,,,,,
Suriname,SUR,20200614,,,,,,,,,,,,,,,,,,,,,,,,,,,,196,3,,,,,,,,,,
Suriname,SUR,20200615,,,,,,,,,,,,,,,,,,,,,,,,,,,,208,3,,,,,,,,,,
Suriname,SUR,20200616,,,,,,,,,,,,,,,,,,,,,,,,,,,,229,5,,,,,,,,,,
Suriname,SUR,20200617,,,,,,,,,,,,,,,,,,,,,,,,,,,,236,6,,93.52,,96.43,,78.85,,84.09,,50.00
Suriname,SUR,20200618,,,,,,,,,,,,,,,,,,,,,,,,,,,,261,6,,93.52,,96.43,,78.85,,84.09,,50.00
Suriname,SUR,20200619,,,,,,,,,,,,,,,,,,,,,,,,,,,,277,7,,93.52,,96.43,,78.85,,84.09,,50.00
Suriname,SUR,20200620,,,,,,,,,,,,,,,,,,,,,,,,,,,,293,8,,93.52,,96.43,,78.85,,84.09,,50.00
Suriname,SUR,20200621,,,,,,,,,,,,,,,,,,,,,,,,,,,,302,8,,93.52,,96.43,,78.85,,84.09,,50.00
Suriname,SUR,20200622,,,,,,,,,,,,,,,,,,,,,,,,,,,,314,8,,93.52,,96.43,,78.85,,84.09,,50.00
Suriname,SUR,20200623,,,,,,,,,,,,,,,,,,,,,,,,,,,,319,8,,93.52,,96.43,,78.85,,84.09,,50.00
