Syria,SYR,20200101,0.00,,0.00,,0.00,,0.00,,0.00,,0.00,,0.00,,0.00,0.00,,0.00,0.00,0.00,0.00,,0.00,0.00,0.00,0.00,,,,0.00,0.00,0.00,0.00,0.00,0.00,0.00,0.00,0.00,0.00
Syria,SYR,20200102,0.00,,0.00,,0.00,,0.00,,0.00,,0.00,,0.00,,0.00,0.00,,0.00,0.00,0.00,0.00,,0.00,0.00,0.00,0.00,,,,0.00,0.00,0.00,0.00,0.00,0.00,0.00,0.00,0.00,0.00
Syria,SYR,20200103,0.00,,0.00,,0.00,,0.00,,0.00,,0.00,,0.00,,0.00,0.00,,0.00,0.00,0.00,0.00,,0.00,0.00,0.00,0.00,,,,0.00,0.00,0.00,0.00,0.00,0.00,0.00,0.00,0.00,0.00
Syria,SYR,20200104,0.00,,0.00,,0.00,,0.00,,0.00,,0.00,,0.00,,0.00,0.00,,0.00,0.00,0.00,0.00,,0.00,0.00,0.00,0.00,,,,0.00,0.00,0.00,0.00,0.00,0.00,0.00,0.00,0.00,0.00
Syria,SYR,20200105,0.00,,0.00,,0.00,,0.00,,0.00,,0.00,,0.00,,0.00,0.00,,0.00,0.00,0.00,0.00,,0.00,0.00,0.00,0.00,,,,0.00,0.00,0.00,0.00,0.00,0.00,0.00,0.00,0.00,0.00
Syria,SYR,20200106,0.00,,0.00,,0.00,,0.00,,0.00,,0.00,,0.00,,0.00,0.00,,0.00,0.00,0.00,0.00,,0.00,0.00,0.00,0.00,,,,0.00,0.00,0.00,0.00,0.00,0.00,0.00,0.00,0.00,0.00
Syria,SYR,20200107,0.00,,0.00,,0.00,,0.00,,0.00,,0.00,,0.00,,0.00,0.00,,0.00,0.00,0.00,0.00,,0.00,0.00,0.00,0.00,,,,0.00,0.00,0.00,0.00,0.00,0.00,0.00,0.00,0.00,0.00
Syria,SYR,20200108,0.00,,0.00,,0.00,,0.00,,0.00,,0.00,,0.00,,0.00,0.00,,0.00,0.00,0.00,0.00,,0.00,0.00,0.00,0.00,,,,0.00,0.00,0.00,0.00,0.00,0.00,0.00,0.00,0.00,0.00
Syria,SYR,20200109,0.00,,0.00,,0.00,,0.00,,0.00,,0.00,,0.00,,0.00,0.00,,0.00,0.00,0.00,0.00,,0.00,0.00,0.00,0.00,,,,0.00,0.00,0.00,0.00,0.00,0.00,0.00,0.00,0.00,0.00
Syria,SYR,20200110,0.00,,0.00,,0.00,,0.00,,0.00,,0.00,,0.00,,0.00,0.00,,0.00,0.00,0.00,0.00,,0.00,0.00,0.00,0.00,,,,0.00,0.00,0.00,0.00,0.00,0.00,0.00,0.00,0.00,0.00
Syria,SYR,20200111,0.00,,0.00,,0.00,,0.00,,0.00,,0.00,,0.00,,0.00,0.00,,0.00,0.00,0.00,0.00,,0.00,0.00,0.00,0.00,,,,0.00,0.00,0.00,0.00,0.00,0.00,0.00,0.00,0.00,0.00
Syria,SYR,20200112,0.00,,0.00,,0.00,,0.00,,0.00,,0.00,,0.00,,0.00,0.00,,0.00,0.00,0.00,0.00,,0.00,0.00,0.00,0.00,,,,0.00,0.00,0.00,0.00,0.00,0.00,0.00,0.00,0.00,0.00
Syria,SYR,20200113,0.00,,0.00,,0.00,,0.00,,0.00,,0.00,,0.00,,0.00,0.00,,0.00,0.00,0.00,0.00,,0.00,0.00,0.00,0.00,,,,0.00,0.00,0.00,0.00,0.00,0.00,0.00,0.00,0.00,0.00
Syria,SYR,20200114,0.00,,0.00,,0.00,,0.00,,0.00,,0.00,,0.00,,0.00,0.00,,0.00,0.00,0.00,0.00,,0.00,0.00,0.00,0.00,,,,0.00,0.00,0.00,0.00,0.00,0.00,0.00,0.00,0.00,0.00
Syria,SYR,20200115,0.00,,0.00,,0.00,,0.00,,0.00,,0.00,,0.00,,0.00,0.00,,0.00,0.00,0.00,0.00,,0.00,0.00,0.00,0.00,,,,0.00,0.00,0.00,0.00,0.00,0.00,0.00,0.00,0.00,0.00
Syria,SYR,20200116,0.00,,0.00,,0.00,,0.00,,0.00,,0.00,,0.00,,0.00,0.00,,0.00,0.00,0.00,0.00,,0.00,0.00,0.00,0.00,,,,0.00,0.00,0.00,0.00,0.00,0.00,0.00,0.00,0.00,0.00
Syria,SYR,20200117,0.00,,0.00,,0.00,,0.00,,0.00,,0.00,,0.00,,0.00,0.00,,0.00,0.00,0.00,0.00,,0.00,0.00,0.00,0.00,,,,0.00,0.00,0.00,0.00,0.00,0.00,0.00,0.00,0.00,0.00
Syria,SYR,20200118,0.00,,0.00,,0.00,,0.00,,0.00,,0.00,,0.00,,0.00,0.00,,0.00,0.00,0.00,0.00,,0.00,0.00,0.00,0.00,,,,0.00,0.00,0.00,0.00,0.00,0.00,0.00,0.00,0.00,0.00
Syria,SYR,20200119,0.00,,0.00,,0.00,,0.00,,0.00,,0.00,,0.00,,0.00,0.00,,0.00,0.00,0.00,0.00,,0.00,0.00,0.00,0.00,,,,0.00,0.00,0.00,0.00,0.00,0.00,0.00,0.00,0.00,0.00
Syria,SYR,20200120,0.00,,0.00,,0.00,,0.00,,0.00,,0.00,,0.00,,0.00,0.00,,0.00,0.00,0.00,0.00,,0.00,0.00,0.00,0.00,,,,0.00,0.00,0.00,0.00,0.00,0.00,0.00,0.00,0.00,0.00
Syria,SYR,20200121,0.00,,0.00,,0.00,,0.00,,0.00,,0.00,,0.00,,0.00,0.00,,0.00,0.00,0.00,0.00,,0.00,0.00,0.00,0.00,,,,0.00,0.00,0.00,0.00,0.00,0.00,0.00,0.00,0.00,0.00
Syria,SYR,20200122,0.00,,0.00,,0.00,,0.00,,0.00,,0.00,,0.00,,0.00,0.00,,0.00,0.00,0.00,0.00,,0.00,0.00,0.00,0.00,,,,0.00,0.00,0.00,0.00,0.00,0.00,0.00,0.00,0.00,0.00
Syria,SYR,20200123,0.00,,0.00,,0.00,,0.00,,0.00,,0.00,,0.00,,0.00,0.00,,0.00,0.00,0.00,0.00,,0.00,0.00,0.00,0.00,,,,0.00,0.00,0.00,0.00,0.00,0.00,0.00,0.00,0.00,0.00
Syria,SYR,20200124,0.00,,0.00,,0.00,,0.00,,0.00,,0.00,,0.00,,0.00,0.00,,0.00,0.00,0.00,0.00,,0.00,0.00,0.00,0.00,,,,0.00,0.00,0.00,0.00,0.00,0.00,0.00,0.00,0.00,0.00
Syria,SYR,20200125,0.00,,0.00,,0.00,,0.00,,0.00,,0.00,,0.00,,0.00,0.00,,0.00,0.00,0.00,0.00,,0.00,0.00,0.00,0.00,,,,0.00,0.00,0.00,0.00,0.00,0.00,0.00,0.00,0.00,0.00
Syria,SYR,20200126,0.00,,0.00,,0.00,,0.00,,0.00,,0.00,,0.00,,0.00,0.00,,0.00,0.00,0.00,0.00,,0.00,0.00,0.00,0.00,,,,0.00,0.00,0.00,0.00,0.00,0.00,0.00,0.00,0.00,0.00
Syria,SYR,20200127,0.00,,0.00,,0.00,,0.00,,0.00,,0.00,,0.00,,0.00,0.00,,0.00,0.00,0.00,0.00,,0.00,0.00,0.00,0.00,,,,0.00,0.00,0.00,0.00,0.00,0.00,0.00,0.00,0.00,0.00
Syria,SYR,20200128,0.00,,0.00,,0.00,,0.00,,0.00,,0.00,,0.00,,0.00,0.00,,0.00,0.00,0.00,0.00,,0.00,0.00,0.00,0.00,,,,0.00,0.00,0.00,0.00,0.00,0.00,0.00,0.00,0.00,0.00
Syria,SYR,20200129,0.00,,0.00,,0.00,,0.00,,0.00,,0.00,,0.00,,0.00,0.00,,0.00,0.00,0.00,0.00,,0.00,0.00,0.00,0.00,,,,0.00,0.00,0.00,0.00,0.00,0.00,0.00,0.00,0.00,0.00
Syria,SYR,20200130,0.00,,0.00,,0.00,,0.00,,0.00,,0.00,,0.00,,0.00,0.00,,0.00,0.00,0.00,0.00,,0.00,0.00,0.00,0.00,,,,0.00,0.00,0.00,0.00,0.00,0.00,0.00,0.00,0.00,0.00
Syria,SYR,20200131,0.00,,0.00,,0.00,,0.00,,0.00,,0.00,,0.00,,0.00,0.00,,0.00,0.00,0.00,0.00,,0.00,0.00,0.00,0.00,,,,0.00,0.00,0.00,0.00,0.00,0.00,0.00,0.00,0.00,0.00
Syria,SYR,20200201,0.00,,0.00,,0.00,,0.00,,0.00,,0.00,,0.00,,1.00,0.00,,0.00,0.00,0.00,0.00,,0.00,0.00,0.00,0.00,,,,2.78,2.78,3.57,3.57,1.92,1.92,2.27,2.27,0.00,0.00
Syria,SYR,20200202,0.00,,0.00,,0.00,,0.00,,0.00,,0.00,,0.00,,1.00,0.00,,0.00,0.00,0.00,0.00,,0.00,0.00,0.00,0.00,,,,2.78,2.78,3.57,3.57,1.92,1.92,2.27,2.27,0.00,0.00
Syria,SYR,20200203,0.00,,0.00,,0.00,,0.00,,0.00,,0.00,,0.00,,1.00,0.00,,0.00,0.00,0.00,0.00,,0.00,0.00,0.00,0.00,,,,2.78,2.78,3.57,3.57,1.92,1.92,2.27,2.27,0.00,0.00
Syria,SYR,20200204,0.00,,0.00,,0.00,,0.00,,0.00,,0.00,,0.00,,1.00,0.00,,0.00,0.00,0.00,0.00,,0.00,0.00,0.00,0.00,,,,2.78,2.78,3.57,3.57,1.92,1.92,2.27,2.27,0.00,0.00
Syria,SYR,20200205,0.00,,0.00,,0.00,,0.00,,0.00,,0.00,,0.00,,1.00,0.00,,0.00,0.00,0.00,0.00,,0.00,0.00,0.00,0.00,,,,2.78,2.78,3.57,3.57,1.92,1.92,2.27,2.27,0.00,0.00
Syria,SYR,20200206,0.00,,0.00,,0.00,,0.00,,0.00,,0.00,,0.00,,1.00,0.00,,0.00,0.00,0.00,0.00,,0.00,0.00,0.00,0.00,,,,2.78,2.78,3.57,3.57,1.92,1.92,2.27,2.27,0.00,0.00
Syria,SYR,20200207,0.00,,0.00,,0.00,,0.00,,0.00,,0.00,,0.00,,1.00,0.00,,0.00,0.00,0.00,0.00,,0.00,0.00,0.00,0.00,,,,2.78,2.78,3.57,3.57,1.92,1.92,2.27,2.27,0.00,0.00
Syria,SYR,20200208,0.00,,0.00,,0.00,,0.00,,0.00,,0.00,,0.00,,1.00,0.00,,0.00,0.00,0.00,0.00,,0.00,0.00,0.00,0.00,,,,2.78,2.78,3.57,3.57,1.92,1.92,2.27,2.27,0.00,0.00
Syria,SYR,20200209,0.00,,0.00,,0.00,,0.00,,0.00,,0.00,,0.00,,1.00,0.00,,0.00,0.00,0.00,0.00,,0.00,0.00,0.00,0.00,,,,2.78,2.78,3.57,3.57,1.92,1.92,2.27,2.27,0.00,0.00
Syria,SYR,20200210,0.00,,0.00,,0.00,,0.00,,0.00,,0.00,,0.00,,1.00,0.00,,0.00,0.00,0.00,0.00,,0.00,0.00,0.00,0.00,,,,2.78,2.78,3.57,3.57,1.92,1.92,2.27,2.27,0.00,0.00
Syria,SYR,20200211,0.00,,0.00,,0.00,,0.00,,0.00,,0.00,,0.00,,1.00,0.00,,0.00,0.00,0.00,0.00,,0.00,0.00,0.00,0.00,,,,2.78,2.78,3.57,3.57,1.92,1.92,2.27,2.27,0.00,0.00
Syria,SYR,20200212,0.00,,0.00,,0.00,,0.00,,0.00,,0.00,,0.00,,1.00,0.00,,0.00,0.00,0.00,0.00,,0.00,0.00,0.00,0.00,,,,2.78,2.78,3.57,3.57,1.92,1.92,2.27,2.27,0.00,0.00
Syria,SYR,20200213,0.00,,0.00,,0.00,,0.00,,0.00,,0.00,,0.00,,1.00,0.00,,0.00,0.00,0.00,0.00,,0.00,0.00,0.00,0.00,,,,2.78,2.78,3.57,3.57,1.92,1.92,2.27,2.27,0.00,0.00
Syria,SYR,20200214,0.00,,0.00,,0.00,,0.00,,0.00,,0.00,,0.00,,1.00,0.00,,0.00,0.00,0.00,0.00,,0.00,0.00,0.00,0.00,,,,2.78,2.78,3.57,3.57,1.92,1.92,2.27,2.27,0.00,0.00
Syria,SYR,20200215,0.00,,0.00,,0.00,,0.00,,0.00,,0.00,,0.00,,1.00,0.00,,0.00,0.00,0.00,0.00,,0.00,0.00,0.00,0.00,,,,2.78,2.78,3.57,3.57,1.92,1.92,2.27,2.27,0.00,0.00
Syria,SYR,20200216,0.00,,0.00,,0.00,,0.00,,0.00,,0.00,,0.00,,1.00,0.00,,0.00,0.00,0.00,0.00,,0.00,0.00,0.00,0.00,,,,2.78,2.78,3.57,3.57,1.92,1.92,2.27,2.27,0.00,0.00
Syria,SYR,20200217,0.00,,0.00,,0.00,,0.00,,0.00,,0.00,,0.00,,1.00,0.00,,0.00,0.00,0.00,0.00,,0.00,0.00,0.00,0.00,,,,2.78,2.78,3.57,3.57,1.92,1.92,2.27,2.27,0.00,0.00
Syria,SYR,20200218,0.00,,0.00,,0.00,,0.00,,0.00,,0.00,,0.00,,1.00,0.00,,0.00,0.00,0.00,0.00,,0.00,0.00,0.00,0.00,,,,2.78,2.78,3.57,3.57,1.92,1.92,2.27,2.27,0.00,0.00
Syria,SYR,20200219,0.00,,0.00,,0.00,,0.00,,0.00,,0.00,,0.00,,1.00,0.00,,0.00,0.00,0.00,0.00,,0.00,0.00,0.00,0.00,,,,2.78,2.78,3.57,3.57,1.92,1.92,2.27,2.27,0.00,0.00
Syria,SYR,20200220,0.00,,0.00,,0.00,,0.00,,0.00,,0.00,,0.00,,1.00,0.00,,0.00,0.00,0.00,0.00,,0.00,0.00,0.00,0.00,,,,2.78,2.78,3.57,3.57,1.92,1.92,2.27,2.27,0.00,0.00
Syria,SYR,20200221,0.00,,0.00,,0.00,,0.00,,0.00,,0.00,,0.00,,1.00,0.00,,0.00,0.00,0.00,0.00,,0.00,0.00,0.00,0.00,,,,2.78,2.78,3.57,3.57,1.92,1.92,2.27,2.27,0.00,0.00
Syria,SYR,20200222,0.00,,0.00,,0.00,,0.00,,0.00,,0.00,,0.00,,1.00,0.00,,0.00,0.00,0.00,0.00,,0.00,0.00,0.00,0.00,,,,2.78,2.78,3.57,3.57,1.92,1.92,2.27,2.27,0.00,0.00
Syria,SYR,20200223,0.00,,0.00,,0.00,,0.00,,0.00,,0.00,,0.00,,1.00,0.00,,0.00,0.00,0.00,0.00,,0.00,0.00,0.00,0.00,,,,2.78,2.78,3.57,3.57,1.92,1.92,2.27,2.27,0.00,0.00
Syria,SYR,20200224,0.00,,0.00,,0.00,,0.00,,0.00,,0.00,,0.00,,1.00,0.00,,0.00,0.00,0.00,0.00,,0.00,0.00,0.00,0.00,,,,2.78,2.78,3.57,3.57,1.92,1.92,2.27,2.27,0.00,0.00
Syria,SYR,20200225,0.00,,0.00,,0.00,,0.00,,0.00,,0.00,,0.00,,1.00,0.00,,0.00,0.00,0.00,0.00,,0.00,0.00,0.00,0.00,,,,2.78,2.78,3.57,3.57,1.92,1.92,2.27,2.27,0.00,0.00
Syria,SYR,20200226,0.00,,0.00,,0.00,,0.00,,0.00,,0.00,,0.00,,1.00,0.00,,0.00,0.00,0.00,0.00,,0.00,0.00,0.00,0.00,,,,2.78,2.78,3.57,3.57,1.92,1.92,2.27,2.27,0.00,0.00
Syria,SYR,20200227,0.00,,0.00,,0.00,,0.00,,0.00,,0.00,,0.00,,1.00,0.00,,0.00,0.00,0.00,0.00,,0.00,0.00,0.00,0.00,,,,2.78,2.78,3.57,3.57,1.92,1.92,2.27,2.27,0.00,0.00
Syria,SYR,20200228,0.00,,0.00,,0.00,,0.00,,0.00,,0.00,,0.00,,1.00,0.00,,0.00,0.00,0.00,0.00,,0.00,0.00,0.00,0.00,,,,2.78,2.78,3.57,3.57,1.92,1.92,2.27,2.27,0.00,0.00
Syria,SYR,20200229,0.00,,0.00,,0.00,,0.00,,0.00,,0.00,,0.00,,1.00,0.00,,0.00,0.00,0.00,0.00,,0.00,0.00,0.00,0.00,,,,2.78,2.78,3.57,3.57,1.92,1.92,2.27,2.27,0.00,0.00
Syria,SYR,20200301,0.00,,0.00,,0.00,,0.00,,0.00,,0.00,,0.00,,1.00,0.00,,0.00,0.00,0.00,0.00,,0.00,0.00,0.00,0.00,,,,2.78,2.78,3.57,3.57,1.92,1.92,2.27,2.27,0.00,0.00
Syria,SYR,20200302,0.00,,0.00,,0.00,,0.00,,0.00,,0.00,,0.00,,1.00,0.00,,0.00,0.00,0.00,0.00,,0.00,0.00,0.00,0.00,,,,2.78,2.78,3.57,3.57,1.92,1.92,2.27,2.27,0.00,0.00
Syria,SYR,20200303,0.00,,0.00,,0.00,,0.00,,0.00,,0.00,,0.00,,1.00,0.00,,0.00,0.00,0.00,0.00,,0.00,0.00,0.00,0.00,,,,2.78,2.78,3.57,3.57,1.92,1.92,2.27,2.27,0.00,0.00
Syria,SYR,20200304,0.00,,0.00,,0.00,,0.00,,0.00,,0.00,,0.00,,1.00,0.00,,0.00,0.00,0.00,0.00,,0.00,0.00,0.00,0.00,,,,2.78,2.78,3.57,3.57,1.92,1.92,2.27,2.27,0.00,0.00
Syria,SYR,20200305,0.00,,0.00,,0.00,,0.00,,0.00,,0.00,,0.00,,1.00,0.00,,0.00,0.00,0.00,0.00,,0.00,0.00,0.00,0.00,,,,2.78,2.78,3.57,3.57,1.92,1.92,2.27,2.27,0.00,0.00
Syria,SYR,20200306,0.00,,0.00,,0.00,,0.00,,0.00,,0.00,,0.00,,1.00,0.00,,0.00,0.00,0.00,0.00,,0.00,0.00,0.00,0.00,,,,2.78,2.78,3.57,3.57,1.92,1.92,2.27,2.27,0.00,0.00
Syria,SYR,20200307,0.00,,0.00,,0.00,,0.00,,0.00,,0.00,,0.00,,1.00,0.00,,0.00,0.00,0.00,0.00,,0.00,0.00,0.00,0.00,,,,2.78,2.78,3.57,3.57,1.92,1.92,2.27,2.27,0.00,0.00
Syria,SYR,20200308,0.00,,0.00,,0.00,,0.00,,0.00,,0.00,,0.00,,3.00,0.00,,0.00,0.00,0.00,2.00,1,0.00,0.00,0.00,0.00,,,,19.44,19.44,25.00,25.00,13.46,13.46,15.91,15.91,0.00,0.00
Syria,SYR,20200309,0.00,,0.00,,0.00,,0.00,,0.00,,0.00,,0.00,,3.00,0.00,,0.00,0.00,0.00,2.00,1,0.00,0.00,0.00,0.00,,,,19.44,19.44,25.00,25.00,13.46,13.46,15.91,15.91,0.00,0.00
Syria,SYR,20200310,0.00,,0.00,,0.00,,0.00,,0.00,,0.00,,0.00,,3.00,0.00,,0.00,0.00,0.00,2.00,1,0.00,0.00,0.00,0.00,,,,19.44,19.44,25.00,25.00,13.46,13.46,15.91,15.91,0.00,0.00
Syria,SYR,20200311,0.00,,0.00,,0.00,,0.00,,0.00,,0.00,,0.00,,3.00,0.00,,0.00,0.00,0.00,2.00,1,0.00,0.00,0.00,0.00,,,,19.44,19.44,25.00,25.00,13.46,13.46,15.91,15.91,0.00,0.00
Syria,SYR,20200312,0.00,,0.00,,0.00,,0.00,,0.00,,0.00,,0.00,,3.00,0.00,,0.00,0.00,0.00,2.00,1,0.00,0.00,0.00,0.00,,,,19.44,19.44,25.00,25.00,13.46,13.46,15.91,15.91,0.00,0.00
Syria,SYR,20200313,0.00,,1.00,1,0.00,,0.00,,0.00,,0.00,,0.00,,3.00,0.00,,0.00,0.00,0.00,2.00,1,0.00,0.00,0.00,0.00,,,,23.15,23.15,32.14,32.14,16.03,16.03,18.94,18.94,0.00,0.00
Syria,SYR,20200314,3.00,1,1.00,1,0.00,,0.00,,0.00,,0.00,,0.00,,3.00,0.00,,0.00,0.00,0.00,2.00,1,0.00,0.00,0.00,0.00,,,,34.26,34.26,46.43,46.43,23.72,23.72,28.03,28.03,0.00,0.00
Syria,SYR,20200315,3.00,1,1.00,1,1.00,1,0.00,,0.00,,0.00,,0.00,,3.00,0.00,,0.00,0.00,0.00,2.00,1,0.00,0.00,0.00,0.00,,,,39.81,39.81,55.95,55.95,27.56,27.56,32.58,32.58,0.00,0.00
Syria,SYR,20200316,3.00,1,1.00,1,1.00,1,3.00,1,0.00,,0.00,,0.00,,3.00,0.00,,0.00,0.00,0.00,2.00,1,0.00,0.00,0.00,0.00,,,,48.15,48.15,57.86,57.86,33.33,33.33,39.39,39.39,0.00,0.00
Syria,SYR,20200317,3.00,1,1.00,1,1.00,1,3.00,1,0.00,,0.00,,0.00,,3.00,0.00,,0.00,0.00,0.00,2.00,1,0.00,0.00,0.00,0.00,,,,48.15,48.15,57.86,57.86,33.33,33.33,39.39,39.39,0.00,0.00
Syria,SYR,20200318,3.00,1,1.00,1,1.00,1,3.00,1,0.00,,0.00,,0.00,,3.00,0.00,,0.00,0.00,0.00,2.00,1,0.00,0.00,0.00,0.00,,,,48.15,48.15,57.86,57.86,33.33,33.33,39.39,39.39,0.00,0.00
Syria,SYR,20200319,3.00,1,1.00,1,1.00,1,3.00,1,0.00,,0.00,,0.00,,3.00,0.00,,0.00,0.00,0.00,2.00,1,0.00,0.00,0.00,0.00,,,,48.15,48.15,57.86,57.86,33.33,33.33,39.39,39.39,0.00,0.00
Syria,SYR,20200320,3.00,1,1.00,1,1.00,1,3.00,1,0.00,,0.00,,1.00,1,3.00,0.00,,0.00,0.00,0.00,2.00,1,0.00,0.00,0.00,0.00,,,,53.70,53.70,67.38,67.38,37.18,37.18,43.94,43.94,0.00,0.00
Syria,SYR,20200321,3.00,1,1.00,1,1.00,1,3.00,1,0.00,,0.00,,1.00,1,3.00,0.00,,0.00,0.00,0.00,2.00,1,0.00,0.00,0.00,0.00,,,,53.70,53.70,67.38,67.38,37.18,37.18,43.94,43.94,0.00,0.00
Syria,SYR,20200322,3.00,1,3.00,1,2.00,1,3.00,1,0.00,,0.00,,1.00,1,3.00,0.00,,0.00,0.00,0.00,2.00,1,0.00,0.00,0.00,0.00,,,,66.67,66.67,77.38,77.38,46.15,46.15,54.55,54.55,0.00,0.00
Syria,SYR,20200323,3.00,1,3.00,1,2.00,1,3.00,1,2.00,1,0.00,,1.00,1,3.00,0.00,,0.00,0.00,0.00,2.00,1,0.00,0.00,0.00,0.00,,1,0,77.78,77.78,91.67,91.67,53.85,53.85,63.64,63.64,0.00,0.00
Syria,SYR,20200324,3.00,1,3.00,1,2.00,1,3.00,1,2.00,1,0.00,,1.00,1,3.00,0.00,,0.00,0.00,0.00,2.00,1,0.00,0.00,0.00,0.00,,1,0,77.78,77.78,91.67,91.67,53.85,53.85,63.64,63.64,0.00,0.00
Syria,SYR,20200325,3.00,1,3.00,1,2.00,1,3.00,1,2.00,1,0.00,,2.00,0,3.00,0.00,,0.00,0.00,0.00,2.00,1,0.00,0.00,0.00,0.00,,1,0,80.56,80.56,91.67,91.67,55.77,55.77,65.91,65.91,0.00,0.00
Syria,SYR,20200326,3.00,1,3.00,1,2.00,1,3.00,1,2.00,1,0.00,,2.00,0,3.00,0.00,,0.00,0.00,0.00,2.00,1,0.00,0.00,0.00,0.00,,1,0,80.56,80.56,91.67,91.67,55.77,55.77,65.91,65.91,0.00,0.00
Syria,SYR,20200327,3.00,1,3.00,1,2.00,1,3.00,1,2.00,1,0.00,,2.00,0,3.00,0.00,,0.00,0.00,0.00,2.00,1,0.00,0.00,0.00,0.00,,5,0,80.56,80.56,91.67,91.67,55.77,55.77,65.91,65.91,0.00,0.00
Syria,SYR,20200328,3.00,1,3.00,1,2.00,1,3.00,1,2.00,1,0.00,,2.00,0,3.00,0.00,,0.00,0.00,0.00,2.00,1,0.00,0.00,0.00,0.00,,5,0,80.56,80.56,91.67,91.67,55.77,55.77,65.91,65.91,0.00,0.00
Syria,SYR,20200329,3.00,1,3.00,1,2.00,1,3.00,1,2.00,1,0.00,,2.00,0,3.00,0.00,,0.00,0.00,0.00,2.00,1,0.00,0.00,0.00,0.00,,5,0,80.56,80.56,91.67,91.67,55.77,55.77,65.91,65.91,0.00,0.00
Syria,SYR,20200330,3.00,1,3.00,1,2.00,1,3.00,1,2.00,1,0.00,,2.00,0,3.00,0.00,,0.00,0.00,0.00,2.00,1,0.00,0.00,0.00,0.00,,9,1,80.56,80.56,91.67,91.67,55.77,55.77,65.91,65.91,0.00,0.00
Syria,SYR,20200331,3.00,1,3.00,1,2.00,1,3.00,1,2.00,1,0.00,,2.00,0,3.00,0.00,,0.00,0.00,0.00,2.00,1,0.00,0.00,0.00,0.00,,10,2,80.56,80.56,91.67,91.67,55.77,55.77,65.91,65.91,0.00,0.00
Syria,SYR,20200401,3.00,1,3.00,1,2.00,1,3.00,1,2.00,1,0.00,,2.00,1,3.00,0.00,,0.00,0.00,0.00,2.00,1,0.00,0.00,0.00,0.00,,10,2,83.33,83.33,96.43,96.43,57.69,57.69,68.18,68.18,0.00,0.00
Syria,SYR,20200402,3.00,1,3.00,1,2.00,1,3.00,1,2.00,1,0.00,,2.00,1,3.00,0.00,,0.00,0.00,0.00,2.00,1,1.00,0.00,0.00,0.00,,10,2,83.33,83.33,96.43,96.43,60.26,60.26,71.21,71.21,0.00,0.00
Syria,SYR,20200403,3.00,1,3.00,1,2.00,1,3.00,1,2.00,1,0.00,,2.00,1,3.00,0.00,,0.00,0.00,0.00,2.00,1,1.00,0.00,0.00,0.00,,16,2,83.33,83.33,96.43,96.43,60.26,60.26,71.21,71.21,0.00,0.00
Syria,SYR,20200404,3.00,1,3.00,1,2.00,1,3.00,1,2.00,1,0.00,,2.00,1,3.00,0.00,,0.00,0.00,0.00,2.00,1,1.00,0.00,0.00,0.00,,16,2,83.33,83.33,96.43,96.43,60.26,60.26,71.21,71.21,0.00,0.00
Syria,SYR,20200405,3.00,1,3.00,1,2.00,1,3.00,1,2.00,1,0.00,,2.00,1,3.00,0.00,,0.00,0.00,0.00,2.00,1,1.00,0.00,31000000.00,0.00,,16,2,83.33,83.33,96.43,96.43,60.26,60.26,71.21,71.21,0.00,0.00
Syria,SYR,20200406,3.00,1,3.00,1,2.00,1,3.00,1,2.00,1,0.00,,2.00,1,3.00,0.00,,0.00,0.00,0.00,2.00,1,1.00,0.00,0.00,0.00,,19,2,83.33,83.33,96.43,96.43,60.26,60.26,71.21,71.21,0.00,0.00
Syria,SYR,20200407,3.00,1,3.00,1,2.00,1,3.00,1,2.00,1,0.00,,2.00,1,3.00,0.00,,0.00,0.00,0.00,2.00,1,1.00,0.00,0.00,0.00,,19,2,83.33,83.33,96.43,96.43,60.26,60.26,71.21,71.21,0.00,0.00
Syria,SYR,20200408,3.00,1,3.00,1,2.00,1,3.00,1,2.00,1,0.00,,2.00,1,3.00,0.00,,0.00,0.00,0.00,2.00,1,1.00,0.00,0.00,0.00,,19,2,83.33,83.33,96.43,96.43,60.26,60.26,71.21,71.21,0.00,0.00
Syria,SYR,20200409,3.00,1,3.00,1,2.00,1,3.00,1,2.00,1,0.00,,2.00,1,3.00,0.00,,0.00,0.00,0.00,2.00,1,1.00,0.00,0.00,0.00,,19,2,83.33,83.33,96.43,96.43,60.26,60.26,71.21,71.21,0.00,0.00
Syria,SYR,20200410,3.00,1,3.00,1,2.00,1,3.00,1,2.00,1,0.00,,2.00,1,3.00,0.00,,0.00,0.00,0.00,2.00,1,1.00,0.00,0.00,0.00,,19,2,83.33,83.33,96.43,96.43,60.26,60.26,71.21,71.21,0.00,0.00
Syria,SYR,20200411,3.00,1,3.00,1,2.00,1,3.00,1,2.00,1,0.00,,2.00,1,3.00,0.00,,0.00,0.00,0.00,2.00,1,1.00,0.00,0.00,0.00,,19,2,83.33,83.33,96.43,96.43,60.26,60.26,71.21,71.21,0.00,0.00
Syria,SYR,20200412,3.00,1,3.00,1,2.00,1,3.00,1,2.00,1,0.00,,2.00,1,3.00,0.00,,0.00,0.00,0.00,2.00,1,1.00,0.00,0.00,0.00,,25,2,83.33,83.33,96.43,96.43,60.26,60.26,71.21,71.21,0.00,0.00
Syria,SYR,20200413,3.00,1,3.00,1,2.00,1,3.00,1,2.00,1,0.00,,2.00,1,3.00,0.00,,0.00,0.00,0.00,2.00,1,1.00,0.00,0.00,0.00,,25,2,83.33,83.33,96.43,96.43,60.26,60.26,71.21,71.21,0.00,0.00
Syria,SYR,20200414,3.00,1,3.00,1,2.00,1,3.00,1,2.00,1,0.00,,2.00,1,3.00,0.00,,0.00,0.00,0.00,2.00,1,1.00,0.00,0.00,0.00,,25,2,83.33,83.33,96.43,96.43,60.26,60.26,71.21,71.21,0.00,0.00
Syria,SYR,20200415,3.00,1,3.00,1,2.00,1,3.00,1,2.00,1,0.00,,2.00,1,3.00,0.00,,0.00,0.00,0.00,2.00,1,1.00,0.00,0.00,0.00,,29,2,83.33,83.33,96.43,96.43,60.26,60.26,71.21,71.21,0.00,0.00
Syria,SYR,20200416,3.00,1,3.00,1,2.00,1,3.00,1,2.00,1,0.00,,2.00,1,3.00,0.00,,0.00,0.00,0.00,2.00,1,1.00,0.00,0.00,0.00,,33,2,83.33,83.33,96.43,96.43,60.26,60.26,71.21,71.21,0.00,0.00
Syria,SYR,20200417,3.00,1,3.00,1,2.00,1,3.00,1,2.00,1,2.00,0,2.00,0,3.00,0.00,,0.00,0.00,0.00,2.00,1,1.00,0.00,0.00,0.00,,33,2,86.11,86.11,91.67,91.67,62.18,62.18,73.48,73.48,0.00,0.00
Syria,SYR,20200418,3.00,1,3.00,1,2.00,1,3.00,1,2.00,1,2.00,0,2.00,0,3.00,0.00,,0.00,0.00,0.00,2.00,1,1.00,0.00,0.00,0.00,,38,2,86.11,86.11,91.67,91.67,62.18,62.18,73.48,73.48,0.00,0.00
Syria,SYR,20200419,3.00,1,3.00,1,2.00,1,3.00,1,2.00,1,2.00,0,2.00,0,3.00,0.00,,0.00,0.00,0.00,2.00,1,1.00,0.00,0.00,0.00,,38,2,86.11,86.11,91.67,91.67,62.18,62.18,73.48,73.48,0.00,0.00
Syria,SYR,20200420,3.00,1,3.00,1,2.00,1,3.00,1,2.00,1,2.00,0,2.00,0,3.00,0.00,,0.00,0.00,0.00,2.00,1,1.00,0.00,0.00,0.00,,39,3,86.11,86.11,91.67,91.67,62.18,62.18,73.48,73.48,0.00,0.00
Syria,SYR,20200421,3.00,1,3.00,1,2.00,1,3.00,1,2.00,1,2.00,0,2.00,0,3.00,0.00,,0.00,0.00,0.00,2.00,1,1.00,0.00,0.00,0.00,,39,3,86.11,86.11,91.67,91.67,62.18,62.18,73.48,73.48,0.00,0.00
Syria,SYR,20200422,3.00,1,3.00,1,2.00,1,3.00,1,2.00,1,2.00,0,2.00,0,3.00,0.00,,0.00,0.00,0.00,2.00,1,1.00,0.00,0.00,0.00,,42,3,86.11,86.11,91.67,91.67,62.18,62.18,73.48,73.48,0.00,0.00
Syria,SYR,20200423,3.00,1,2.00,1,2.00,1,3.00,1,2.00,1,2.00,0,2.00,0,3.00,0.00,,0.00,0.00,0.00,2.00,1,1.00,0.00,0.00,0.00,,42,3,82.41,82.41,88.10,88.10,59.62,59.62,70.45,70.45,0.00,0.00
Syria,SYR,20200424,3.00,1,2.00,1,2.00,1,3.00,1,2.00,1,2.00,0,2.00,0,3.00,0.00,,0.00,0.00,0.00,2.00,1,1.00,0.00,0.00,0.00,,42,3,82.41,82.41,88.10,88.10,59.62,59.62,70.45,70.45,0.00,0.00
Syria,SYR,20200425,3.00,1,2.00,1,2.00,1,3.00,1,2.00,1,2.00,0,2.00,0,3.00,0.00,,0.00,0.00,0.00,2.00,1,1.00,0.00,0.00,0.00,,42,3,82.41,82.41,88.10,88.10,59.62,59.62,70.45,70.45,0.00,0.00
Syria,SYR,20200426,3.00,1,2.00,1,2.00,1,3.00,1,2.00,1,2.00,0,2.00,0,3.00,0.00,,0.00,0.00,0.00,2.00,1,1.00,0.00,0.00,0.00,,42,3,82.41,82.41,88.10,88.10,59.62,59.62,70.45,70.45,0.00,0.00
Syria,SYR,20200427,3.00,1,2.00,1,2.00,1,3.00,1,2.00,1,2.00,0,2.00,0,3.00,0.00,,0.00,0.00,0.00,2.00,1,1.00,0.00,0.00,0.00,,43,3,82.41,82.41,88.10,88.10,59.62,59.62,70.45,70.45,0.00,0.00
Syria,SYR,20200428,3.00,1,2.00,1,2.00,1,3.00,1,2.00,1,2.00,0,2.00,0,3.00,0.00,,0.00,0.00,0.00,2.00,1,1.00,0.00,0.00,0.00,,43,3,82.41,82.41,88.10,88.10,59.62,59.62,70.45,70.45,0.00,0.00
Syria,SYR,20200429,3.00,1,2.00,1,2.00,1,3.00,1,2.00,1,2.00,0,2.00,0,3.00,0.00,,0.00,0.00,0.00,2.00,1,1.00,0.00,0.00,0.00,,43,3,82.41,82.41,88.10,88.10,59.62,59.62,70.45,70.45,0.00,0.00
Syria,SYR,20200430,3.00,1,2.00,1,2.00,1,3.00,1,2.00,1,2.00,0,2.00,0,3.00,0.00,,0.00,0.00,0.00,2.00,1,1.00,0.00,0.00,0.00,,43,3,82.41,82.41,88.10,88.10,59.62,59.62,70.45,70.45,0.00,0.00
Syria,SYR,20200501,3.00,1,2.00,1,2.00,1,3.00,1,2.00,1,2.00,0,2.00,0,3.00,0.00,,0.00,0.00,0.00,2.00,1,1.00,0.00,0.00,0.00,,43,3,82.41,82.41,88.10,88.10,59.62,59.62,70.45,70.45,0.00,0.00
Syria,SYR,20200502,3.00,1,2.00,1,2.00,1,3.00,1,2.00,1,2.00,0,2.00,0,3.00,0.00,,0.00,0.00,0.00,2.00,1,1.00,0.00,0.00,0.00,,44,3,82.41,82.41,88.10,88.10,59.62,59.62,70.45,70.45,0.00,0.00
Syria,SYR,20200503,3.00,1,2.00,1,2.00,1,3.00,1,2.00,1,2.00,0,2.00,0,3.00,0.00,,0.00,0.00,0.00,2.00,1,1.00,0.00,0.00,0.00,,44,3,82.41,82.41,88.10,88.10,59.62,59.62,70.45,70.45,0.00,0.00
Syria,SYR,20200504,3.00,1,2.00,1,2.00,1,3.00,1,2.00,1,2.00,0,2.00,0,3.00,0.00,,0.00,0.00,0.00,2.00,1,1.00,0.00,0.00,0.00,,44,3,82.41,82.41,88.10,88.10,59.62,59.62,70.45,70.45,0.00,0.00
Syria,SYR,20200505,3.00,1,2.00,1,2.00,1,3.00,1,2.00,1,2.00,0,2.00,0,3.00,0.00,,0.00,0.00,0.00,2.00,1,1.00,0.00,0.00,0.00,,44,3,82.41,82.41,88.10,88.10,59.62,59.62,70.45,70.45,0.00,0.00
Syria,SYR,20200506,3.00,1,2.00,1,2.00,1,3.00,1,2.00,1,2.00,0,2.00,0,3.00,0.00,,0.00,0.00,0.00,2.00,1,1.00,0.00,0.00,0.00,,44,3,82.41,82.41,88.10,88.10,59.62,59.62,70.45,70.45,0.00,0.00
Syria,SYR,20200507,3.00,1,2.00,1,2.00,1,3.00,1,2.00,1,2.00,0,2.00,0,3.00,0.00,,0.00,0.00,0.00,2.00,1,1.00,0.00,0.00,0.00,,45,3,82.41,82.41,88.10,88.10,59.62,59.62,70.45,70.45,0.00,0.00
Syria,SYR,20200508,3.00,1,2.00,1,2.00,1,3.00,1,2.00,1,2.00,0,2.00,0,3.00,0.00,,0.00,0.00,0.00,2.00,1,1.00,0.00,0.00,0.00,,45,3,82.41,82.41,88.10,88.10,59.62,59.62,70.45,70.45,0.00,0.00
Syria,SYR,20200509,3.00,1,2.00,1,2.00,1,3.00,1,2.00,1,2.00,0,2.00,0,3.00,0.00,,0.00,0.00,0.00,2.00,1,1.00,0.00,0.00,0.00,,47,3,82.41,82.41,88.10,88.10,59.62,59.62,70.45,70.45,0.00,0.00
Syria,SYR,20200510,3.00,1,2.00,1,2.00,1,3.00,1,2.00,1,2.00,0,2.00,0,3.00,0.00,,0.00,0.00,0.00,2.00,1,1.00,0.00,0.00,0.00,,47,3,82.41,82.41,88.10,88.10,59.62,59.62,70.45,70.45,0.00,0.00
Syria,SYR,20200511,3.00,1,2.00,1,2.00,1,3.00,1,2.00,1,2.00,0,2.00,0,3.00,0.00,,0.00,0.00,0.00,2.00,1,1.00,0.00,0.00,0.00,,47,3,82.41,82.41,88.10,88.10,59.62,59.62,70.45,70.45,0.00,0.00
Syria,SYR,20200512,3.00,1,2.00,1,2.00,1,3.00,1,2.00,1,2.00,0,2.00,0,3.00,0.00,,0.00,0.00,0.00,2.00,1,1.00,0.00,0.00,0.00,,47,3,82.41,82.41,88.10,88.10,59.62,59.62,70.45,70.45,0.00,0.00
Syria,SYR,20200513,3.00,1,2.00,1,2.00,1,3.00,1,2.00,1,2.00,0,2.00,0,3.00,0.00,,0.00,0.00,0.00,2.00,1,1.00,0.00,0.00,0.00,,47,3,82.41,82.41,88.10,88.10,59.62,59.62,70.45,70.45,0.00,0.00
Syria,SYR,20200514,3.00,1,2.00,1,2.00,1,3.00,1,2.00,1,2.00,0,2.00,0,3.00,0.00,,0.00,0.00,0.00,2.00,1,1.00,0.00,0.00,0.00,,48,3,82.41,82.41,88.10,88.10,59.62,59.62,70.45,70.45,0.00,0.00
Syria,SYR,20200515,3.00,1,2.00,1,2.00,1,3.00,1,2.00,1,2.00,0,2.00,0,3.00,0.00,,0.00,0.00,0.00,2.00,1,1.00,0.00,0.00,0.00,,48,3,82.41,82.41,88.10,88.10,59.62,59.62,70.45,70.45,0.00,0.00
Syria,SYR,20200516,3.00,1,2.00,1,2.00,1,3.00,1,2.00,1,2.00,0,2.00,0,3.00,0.00,,0.00,0.00,0.00,2.00,1,1.00,0.00,0.00,0.00,,50,3,82.41,82.41,88.10,88.10,59.62,59.62,70.45,70.45,0.00,0.00
Syria,SYR,20200517,3.00,1,2.00,1,2.00,1,3.00,1,2.00,1,2.00,0,2.00,0,3.00,0.00,,0.00,0.00,0.00,2.00,1,1.00,0.00,0.00,0.00,,51,3,82.41,82.41,88.10,88.10,59.62,59.62,70.45,70.45,0.00,0.00
Syria,SYR,20200518,3.00,1,2.00,1,2.00,1,3.00,1,2.00,1,2.00,0,2.00,0,3.00,0.00,,0.00,0.00,0.00,2.00,1,1.00,0.00,0.00,0.00,,58,3,82.41,82.41,88.10,88.10,59.62,59.62,70.45,70.45,0.00,0.00
Syria,SYR,20200519,3.00,1,2.00,1,2.00,1,3.00,1,2.00,1,2.00,0,2.00,0,3.00,0.00,,0.00,0.00,0.00,2.00,1,1.00,0.00,0.00,0.00,,58,3,82.41,82.41,88.10,88.10,59.62,59.62,70.45,70.45,0.00,0.00
Syria,SYR,20200520,3.00,1,2.00,1,2.00,1,3.00,1,2.00,1,2.00,0,2.00,0,3.00,0.00,,0.00,0.00,0.00,2.00,1,1.00,0.00,0.00,0.00,,58,3,82.41,82.41,88.10,88.10,59.62,59.62,70.45,70.45,0.00,0.00
Syria,SYR,20200521,3.00,1,2.00,1,2.00,1,3.00,1,2.00,1,2.00,0,2.00,0,3.00,0.00,,0.00,0.00,0.00,2.00,1,1.00,0.00,0.00,0.00,,58,3,82.41,82.41,88.10,88.10,59.62,59.62,70.45,70.45,0.00,0.00
Syria,SYR,20200522,3.00,1,2.00,1,2.00,1,3.00,1,2.00,1,2.00,0,2.00,0,3.00,0.00,,0.00,0.00,0.00,2.00,1,1.00,0.00,0.00,0.00,,58,3,82.41,82.41,88.10,88.10,59.62,59.62,70.45,70.45,0.00,0.00
Syria,SYR,20200523,3.00,1,2.00,1,2.00,1,3.00,1,2.00,1,2.00,0,2.00,0,3.00,0.00,,0.00,0.00,0.00,2.00,1,1.00,0.00,0.00,0.00,,59,4,82.41,82.41,88.10,88.10,59.62,59.62,70.45,70.45,0.00,0.00
Syria,SYR,20200524,3.00,1,2.00,1,2.00,1,3.00,1,2.00,1,2.00,0,2.00,0,3.00,0.00,,0.00,0.00,0.00,2.00,1,1.00,0.00,0.00,0.00,,70,4,82.41,82.41,88.10,88.10,59.62,59.62,70.45,70.45,0.00,0.00
Syria,SYR,20200525,3.00,1,2.00,1,2.00,1,3.00,1,0.00,,1.00,1,2.00,0,3.00,0.00,,0.00,0.00,0.00,2.00,1,1.00,0.00,0.00,0.00,,86,4,69.44,69.44,73.81,73.81,50.64,50.64,59.85,59.85,0.00,0.00
Syria,SYR,20200526,3.00,1,2.00,1,2.00,1,3.00,1,0.00,,1.00,1,0.00,,3.00,0.00,,0.00,0.00,0.00,2.00,1,1.00,0.00,0.00,0.00,,106,4,61.11,61.11,71.43,71.43,44.87,44.87,53.03,53.03,0.00,0.00
Syria,SYR,20200527,3.00,1,2.00,1,2.00,1,3.00,1,0.00,,1.00,1,0.00,,3.00,0.00,,0.00,0.00,0.00,2.00,1,1.00,0.00,0.00,0.00,,121,4,61.11,61.11,71.43,71.43,44.87,44.87,53.03,53.03,0.00,0.00
Syria,SYR,20200528,3.00,1,2.00,1,2.00,1,3.00,1,0.00,,1.00,1,0.00,,3.00,0.00,,0.00,0.00,0.00,2.00,1,1.00,0.00,0.00,0.00,,121,4,61.11,61.11,71.43,71.43,44.87,44.87,53.03,53.03,0.00,0.00
Syria,SYR,20200529,3.00,1,2.00,1,2.00,1,3.00,1,0.00,,1.00,1,0.00,,3.00,0.00,,0.00,0.00,0.00,2.00,1,1.00,0.00,0.00,0.00,,121,4,61.11,61.11,71.43,71.43,44.87,44.87,53.03,53.03,0.00,0.00
Syria,SYR,20200530,3.00,1,2.00,1,2.00,1,3.00,1,0.00,,1.00,1,0.00,,3.00,0.00,,0.00,0.00,0.00,2.00,1,1.00,0.00,0.00,0.00,,122,4,61.11,61.11,71.43,71.43,44.87,44.87,53.03,53.03,0.00,0.00
Syria,SYR,20200531,3.00,1,2.00,1,2.00,1,3.00,1,0.00,,1.00,1,0.00,,3.00,0.00,,0.00,0.00,0.00,2.00,1,1.00,0.00,0.00,0.00,,122,4,61.11,61.11,71.43,71.43,44.87,44.87,53.03,53.03,0.00,0.00
Syria,SYR,20200601,3.00,1,2.00,1,2.00,1,3.00,1,0.00,,1.00,1,0.00,,3.00,0.00,,0.00,0.00,0.00,2.00,1,1.00,0.00,0.00,0.00,,122,4,61.11,61.11,71.43,71.43,44.87,44.87,53.03,53.03,0.00,0.00
Syria,SYR,20200602,3.00,1,2.00,1,2.00,1,3.00,1,0.00,,1.00,1,0.00,,3.00,0.00,,0.00,0.00,0.00,2.00,1,1.00,0.00,0.00,0.00,,123,5,61.11,61.11,71.43,71.43,44.87,44.87,53.03,53.03,0.00,0.00
Syria,SYR,20200603,3.00,1,2.00,1,2.00,1,3.00,1,0.00,,1.00,1,0.00,,3.00,0.00,,0.00,0.00,0.00,2.00,1,1.00,0.00,0.00,0.00,,123,6,61.11,61.11,71.43,71.43,44.87,44.87,53.03,53.03,0.00,0.00
Syria,SYR,20200604,3.00,1,2.00,1,2.00,1,3.00,1,0.00,,1.00,1,0.00,,3.00,0.00,,0.00,0.00,0.00,2.00,1,1.00,0.00,0.00,0.00,,123,6,61.11,61.11,71.43,71.43,44.87,44.87,53.03,53.03,0.00,0.00
Syria,SYR,20200605,3.00,1,2.00,1,2.00,1,3.00,1,0.00,,1.00,1,0.00,,3.00,0.00,,0.00,0.00,0.00,2.00,1,1.00,0.00,0.00,0.00,,124,6,61.11,61.11,71.43,71.43,44.87,44.87,53.03,53.03,0.00,0.00
Syria,SYR,20200606,3.00,1,2.00,1,2.00,1,3.00,1,0.00,,1.00,1,0.00,,3.00,0.00,,0.00,0.00,0.00,2.00,1,1.00,0.00,0.00,0.00,,124,6,61.11,61.11,71.43,71.43,44.87,44.87,53.03,53.03,0.00,0.00
Syria,SYR,20200607,3.00,1,2.00,1,2.00,1,3.00,1,0.00,,1.00,1,0.00,,3.00,0.00,,0.00,0.00,0.00,2.00,1,1.00,0.00,0.00,0.00,,124,6,61.11,61.11,71.43,71.43,44.87,44.87,53.03,53.03,0.00,0.00
Syria,SYR,20200608,3.00,1,2.00,1,2.00,1,3.00,1,0.00,,1.00,1,0.00,,3.00,0.00,,0.00,0.00,0.00,2.00,1,1.00,0.00,0.00,0.00,,141,6,61.11,61.11,71.43,71.43,44.87,44.87,53.03,53.03,0.00,0.00
Syria,SYR,20200609,3.00,1,2.00,1,2.00,1,3.00,1,0.00,,1.00,1,0.00,,3.00,0.00,,0.00,0.00,0.00,2.00,1,1.00,0.00,0.00,0.00,,144,6,61.11,61.11,71.43,71.43,44.87,44.87,53.03,53.03,0.00,0.00
Syria,SYR,20200610,3.00,1,2.00,1,2.00,1,3.00,1,0.00,,1.00,1,0.00,,3.00,0.00,,0.00,0.00,0.00,2.00,1,1.00,0.00,0.00,0.00,,146,6,61.11,61.11,71.43,71.43,44.87,44.87,53.03,53.03,0.00,0.00
Syria,SYR,20200611,3.00,1,2.00,1,2.00,1,3.00,1,0.00,,1.00,1,0.00,,3.00,0.00,,0.00,0.00,0.00,2.00,1,1.00,0.00,0.00,0.00,,152,6,61.11,61.11,71.43,71.43,44.87,44.87,53.03,53.03,0.00,0.00
Syria,SYR,20200612,3.00,1,2.00,1,2.00,1,3.00,1,0.00,,1.00,1,0.00,,3.00,0.00,,0.00,0.00,0.00,2.00,1,1.00,0.00,0.00,0.00,,164,6,61.11,61.11,71.43,71.43,44.87,44.87,53.03,53.03,0.00,0.00
Syria,SYR,20200613,3.00,1,2.00,1,2.00,1,3.00,1,0.00,,1.00,1,0.00,,3.00,0.00,,0.00,0.00,0.00,2.00,1,1.00,0.00,0.00,0.00,,164,6,61.11,61.11,71.43,71.43,44.87,44.87,53.03,53.03,0.00,0.00
Syria,SYR,20200614,3.00,1,2.00,1,2.00,1,3.00,1,0.00,,1.00,1,0.00,,3.00,0.00,,0.00,0.00,0.00,2.00,1,1.00,0.00,0.00,0.00,,170,6,61.11,61.11,71.43,71.43,44.87,44.87,53.03,53.03,0.00,0.00
Syria,SYR,20200615,3.00,1,2.00,1,2.00,1,3.00,1,0.00,,1.00,1,0.00,,3.00,0.00,,0.00,0.00,0.00,2.00,1,1.00,0.00,0.00,0.00,,177,6,61.11,61.11,71.43,71.43,44.87,44.87,53.03,53.03,0.00,0.00
Syria,SYR,20200616,3.00,1,2.00,1,2.00,1,3.00,1,0.00,,1.00,1,0.00,,3.00,0.00,,0.00,0.00,0.00,2.00,1,1.00,0.00,0.00,0.00,,177,6,61.11,61.11,71.43,71.43,44.87,44.87,53.03,53.03,0.00,0.00
Syria,SYR,20200617,3.00,1,2.00,1,2.00,1,3.00,1,0.00,,1.00,1,0.00,,3.00,0.00,,0.00,0.00,0.00,2.00,1,1.00,0.00,0.00,0.00,,177,6,61.11,61.11,71.43,71.43,44.87,44.87,53.03,53.03,0.00,0.00
Syria,SYR,20200618,3.00,1,2.00,1,2.00,1,3.00,1,0.00,,1.00,1,0.00,,3.00,0.00,,0.00,0.00,0.00,2.00,1,1.00,0.00,0.00,0.00,,178,7,61.11,61.11,71.43,71.43,44.87,44.87,53.03,53.03,0.00,0.00
Syria,SYR,20200619,3.00,1,2.00,1,2.00,1,3.00,1,0.00,,1.00,1,0.00,,3.00,0.00,,0.00,0.00,0.00,2.00,1,1.00,0.00,0.00,0.00,,187,7,61.11,61.11,71.43,71.43,44.87,44.87,53.03,53.03,0.00,0.00
Syria,SYR,20200620,3.00,1,2.00,1,2.00,1,3.00,1,0.00,,1.00,1,0.00,,3.00,0.00,,0.00,0.00,0.00,2.00,1,1.00,0.00,0.00,0.00,,187,7,61.11,61.11,71.43,71.43,44.87,44.87,53.03,53.03,0.00,0.00
Syria,SYR,20200621,3.00,1,2.00,1,2.00,1,3.00,1,0.00,,1.00,1,0.00,,3.00,0.00,,0.00,0.00,0.00,2.00,1,1.00,0.00,0.00,0.00,,198,7,61.11,61.11,71.43,71.43,44.87,44.87,53.03,53.03,0.00,0.00
Syria,SYR,20200622,3.00,1,2.00,1,2.00,1,3.00,1,0.00,,1.00,1,0.00,,3.00,0.00,,0.00,0.00,0.00,2.00,1,1.00,0.00,0.00,0.00,,204,7,61.11,61.11,71.43,71.43,44.87,44.87,53.03,53.03,0.00,0.00
Syria,SYR,20200623,3.00,1,2.00,1,2.00,1,3.00,1,0.00,,1.00,1,0.00,,3.00,0.00,,0.00,0.00,0.00,2.00,1,1.00,0.00,0.00,0.00,,219,7,61.11,61.11,71.43,71.43,44.87,44.87,53.03,53.03,0.00,0.00
