Senegal,SEN,20200101,0.00,,0.00,,0.00,,0.00,,0.00,,0.00,,0.00,,0.00,0.00,,0.00,0.00,0.00,0.00,,0.00,0.00,0.00,0.00,,,,0.00,0.00,0.00,0.00,0.00,0.00,0.00,0.00,0.00,0.00
Senegal,SEN,20200102,0.00,,0.00,,0.00,,0.00,,0.00,,0.00,,0.00,,0.00,0.00,,0.00,0.00,0.00,0.00,,0.00,0.00,0.00,0.00,,,,0.00,0.00,0.00,0.00,0.00,0.00,0.00,0.00,0.00,0.00
Senegal,SEN,20200103,0.00,,0.00,,0.00,,0.00,,0.00,,0.00,,0.00,,0.00,0.00,,0.00,0.00,0.00,0.00,,0.00,0.00,0.00,0.00,,,,0.00,0.00,0.00,0.00,0.00,0.00,0.00,0.00,0.00,0.00
Senegal,SEN,20200104,0.00,,0.00,,0.00,,0.00,,0.00,,0.00,,0.00,,0.00,0.00,,0.00,0.00,0.00,0.00,,0.00,0.00,0.00,0.00,,,,0.00,0.00,0.00,0.00,0.00,0.00,0.00,0.00,0.00,0.00
Senegal,SEN,20200105,0.00,,0.00,,0.00,,0.00,,0.00,,0.00,,0.00,,0.00,0.00,,0.00,0.00,0.00,0.00,,0.00,0.00,0.00,0.00,,,,0.00,0.00,0.00,0.00,0.00,0.00,0.00,0.00,0.00,0.00
Senegal,SEN,20200106,0.00,,0.00,,0.00,,0.00,,0.00,,0.00,,0.00,,0.00,0.00,,0.00,0.00,0.00,0.00,,0.00,0.00,0.00,0.00,,,,0.00,0.00,0.00,0.00,0.00,0.00,0.00,0.00,0.00,0.00
Senegal,SEN,20200107,0.00,,0.00,,0.00,,0.00,,0.00,,0.00,,0.00,,0.00,0.00,,0.00,0.00,0.00,0.00,,0.00,0.00,0.00,0.00,,,,0.00,0.00,0.00,0.00,0.00,0.00,0.00,0.00,0.00,0.00
Senegal,SEN,20200108,0.00,,0.00,,0.00,,0.00,,0.00,,0.00,,0.00,,0.00,0.00,,0.00,0.00,0.00,0.00,,0.00,0.00,0.00,0.00,,,,0.00,0.00,0.00,0.00,0.00,0.00,0.00,0.00,0.00,0.00
Senegal,SEN,20200109,0.00,,0.00,,0.00,,0.00,,0.00,,0.00,,0.00,,0.00,0.00,,0.00,0.00,0.00,0.00,,0.00,0.00,0.00,0.00,,,,0.00,0.00,0.00,0.00,0.00,0.00,0.00,0.00,0.00,0.00
Senegal,SEN,20200110,0.00,,0.00,,0.00,,0.00,,0.00,,0.00,,0.00,,0.00,0.00,,0.00,0.00,0.00,0.00,,0.00,0.00,0.00,0.00,,,,0.00,0.00,0.00,0.00,0.00,0.00,0.00,0.00,0.00,0.00
Senegal,SEN,20200111,0.00,,0.00,,0.00,,0.00,,0.00,,0.00,,0.00,,0.00,0.00,,0.00,0.00,0.00,0.00,,0.00,0.00,0.00,0.00,,,,0.00,0.00,0.00,0.00,0.00,0.00,0.00,0.00,0.00,0.00
Senegal,SEN,20200112,0.00,,0.00,,0.00,,0.00,,0.00,,0.00,,0.00,,0.00,0.00,,0.00,0.00,0.00,0.00,,0.00,0.00,0.00,0.00,,,,0.00,0.00,0.00,0.00,0.00,0.00,0.00,0.00,0.00,0.00
Senegal,SEN,20200113,0.00,,0.00,,0.00,,0.00,,0.00,,0.00,,0.00,,0.00,0.00,,0.00,0.00,0.00,0.00,,0.00,0.00,0.00,0.00,,,,0.00,0.00,0.00,0.00,0.00,0.00,0.00,0.00,0.00,0.00
Senegal,SEN,20200114,0.00,,0.00,,0.00,,0.00,,0.00,,0.00,,0.00,,0.00,0.00,,0.00,0.00,0.00,0.00,,0.00,0.00,0.00,0.00,,,,0.00,0.00,0.00,0.00,0.00,0.00,0.00,0.00,0.00,0.00
Senegal,SEN,20200115,0.00,,0.00,,0.00,,0.00,,0.00,,0.00,,0.00,,0.00,0.00,,0.00,0.00,0.00,0.00,,0.00,0.00,0.00,0.00,,,,0.00,0.00,0.00,0.00,0.00,0.00,0.00,0.00,0.00,0.00
Senegal,SEN,20200116,0.00,,0.00,,0.00,,0.00,,0.00,,0.00,,0.00,,0.00,0.00,,0.00,0.00,0.00,0.00,,0.00,0.00,0.00,0.00,,,,0.00,0.00,0.00,0.00,0.00,0.00,0.00,0.00,0.00,0.00
Senegal,SEN,20200117,0.00,,0.00,,0.00,,0.00,,0.00,,0.00,,0.00,,0.00,0.00,,0.00,0.00,0.00,0.00,,0.00,0.00,0.00,0.00,,,,0.00,0.00,0.00,0.00,0.00,0.00,0.00,0.00,0.00,0.00
Senegal,SEN,20200118,0.00,,0.00,,0.00,,0.00,,0.00,,0.00,,0.00,,0.00,0.00,,0.00,0.00,0.00,0.00,,0.00,0.00,0.00,0.00,,,,0.00,0.00,0.00,0.00,0.00,0.00,0.00,0.00,0.00,0.00
Senegal,SEN,20200119,0.00,,0.00,,0.00,,0.00,,0.00,,0.00,,0.00,,0.00,0.00,,0.00,0.00,0.00,0.00,,0.00,0.00,0.00,0.00,,,,0.00,0.00,0.00,0.00,0.00,0.00,0.00,0.00,0.00,0.00
Senegal,SEN,20200120,0.00,,0.00,,0.00,,0.00,,0.00,,0.00,,0.00,,0.00,0.00,,0.00,0.00,0.00,0.00,,0.00,0.00,0.00,0.00,,,,0.00,0.00,0.00,0.00,0.00,0.00,0.00,0.00,0.00,0.00
Senegal,SEN,20200121,0.00,,0.00,,0.00,,0.00,,0.00,,0.00,,0.00,,0.00,0.00,,0.00,0.00,0.00,0.00,,0.00,0.00,0.00,0.00,,,,0.00,0.00,0.00,0.00,0.00,0.00,0.00,0.00,0.00,0.00
Senegal,SEN,20200122,0.00,,0.00,,0.00,,0.00,,0.00,,0.00,,0.00,,0.00,0.00,,0.00,0.00,0.00,0.00,,0.00,0.00,0.00,0.00,,,,0.00,0.00,0.00,0.00,0.00,0.00,0.00,0.00,0.00,0.00
Senegal,SEN,20200123,0.00,,0.00,,0.00,,0.00,,0.00,,0.00,,0.00,,0.00,0.00,,0.00,0.00,0.00,0.00,,0.00,0.00,0.00,0.00,,,,0.00,0.00,0.00,0.00,0.00,0.00,0.00,0.00,0.00,0.00
Senegal,SEN,20200124,0.00,,0.00,,0.00,,0.00,,0.00,,0.00,,0.00,,0.00,0.00,,0.00,0.00,0.00,0.00,,0.00,0.00,0.00,0.00,,,,0.00,0.00,0.00,0.00,0.00,0.00,0.00,0.00,0.00,0.00
Senegal,SEN,20200125,0.00,,0.00,,0.00,,0.00,,0.00,,0.00,,0.00,,0.00,0.00,,0.00,0.00,0.00,0.00,,0.00,0.00,0.00,0.00,,,,0.00,0.00,0.00,0.00,0.00,0.00,0.00,0.00,0.00,0.00
Senegal,SEN,20200126,0.00,,0.00,,0.00,,0.00,,0.00,,0.00,,0.00,,0.00,0.00,,0.00,0.00,0.00,0.00,,0.00,0.00,0.00,0.00,,,,0.00,0.00,0.00,0.00,0.00,0.00,0.00,0.00,0.00,0.00
Senegal,SEN,20200127,0.00,,0.00,,0.00,,0.00,,0.00,,0.00,,0.00,,0.00,0.00,,0.00,0.00,0.00,0.00,,0.00,0.00,0.00,0.00,,,,0.00,0.00,0.00,0.00,0.00,0.00,0.00,0.00,0.00,0.00
Senegal,SEN,20200128,0.00,,0.00,,0.00,,0.00,,0.00,,0.00,,0.00,,0.00,0.00,,0.00,0.00,0.00,0.00,,0.00,0.00,0.00,0.00,,,,0.00,0.00,0.00,0.00,0.00,0.00,0.00,0.00,0.00,0.00
Senegal,SEN,20200129,0.00,,0.00,,0.00,,0.00,,0.00,,0.00,,0.00,,0.00,0.00,,0.00,0.00,0.00,0.00,,0.00,0.00,0.00,0.00,,,,0.00,0.00,0.00,0.00,0.00,0.00,0.00,0.00,0.00,0.00
Senegal,SEN,20200130,0.00,,0.00,,0.00,,0.00,,0.00,,0.00,,0.00,,0.00,0.00,,0.00,0.00,0.00,0.00,,0.00,0.00,0.00,0.00,,,,0.00,0.00,0.00,0.00,0.00,0.00,0.00,0.00,0.00,0.00
Senegal,SEN,20200131,0.00,,0.00,,0.00,,0.00,,0.00,,0.00,,0.00,,0.00,0.00,,0.00,0.00,0.00,0.00,,0.00,0.00,0.00,0.00,,,,0.00,0.00,0.00,0.00,0.00,0.00,0.00,0.00,0.00,0.00
Senegal,SEN,20200201,0.00,,0.00,,0.00,,0.00,,0.00,,0.00,,0.00,,0.00,0.00,,0.00,0.00,0.00,0.00,,0.00,0.00,0.00,0.00,,,,0.00,0.00,0.00,0.00,0.00,0.00,0.00,0.00,0.00,0.00
Senegal,SEN,20200202,0.00,,0.00,,0.00,,0.00,,0.00,,0.00,,0.00,,0.00,0.00,,0.00,0.00,0.00,0.00,,0.00,0.00,0.00,0.00,,,,0.00,0.00,0.00,0.00,0.00,0.00,0.00,0.00,0.00,0.00
Senegal,SEN,20200203,0.00,,0.00,,0.00,,0.00,,0.00,,0.00,,0.00,,0.00,0.00,,0.00,0.00,0.00,0.00,,0.00,0.00,0.00,0.00,,,,0.00,0.00,0.00,0.00,0.00,0.00,0.00,0.00,0.00,0.00
Senegal,SEN,20200204,0.00,,0.00,,0.00,,0.00,,0.00,,0.00,,0.00,,0.00,0.00,,0.00,0.00,0.00,0.00,,0.00,0.00,0.00,0.00,,,,0.00,0.00,0.00,0.00,0.00,0.00,0.00,0.00,0.00,0.00
Senegal,SEN,20200205,0.00,,0.00,,0.00,,0.00,,0.00,,0.00,,0.00,,0.00,0.00,,0.00,0.00,0.00,0.00,,0.00,0.00,0.00,0.00,,,,0.00,0.00,0.00,0.00,0.00,0.00,0.00,0.00,0.00,0.00
Senegal,SEN,20200206,0.00,,0.00,,0.00,,0.00,,0.00,,0.00,,0.00,,0.00,0.00,,0.00,0.00,0.00,0.00,,0.00,0.00,0.00,0.00,,,,0.00,0.00,0.00,0.00,0.00,0.00,0.00,0.00,0.00,0.00
Senegal,SEN,20200207,0.00,,0.00,,0.00,,0.00,,0.00,,0.00,,0.00,,0.00,0.00,,0.00,0.00,0.00,0.00,,0.00,0.00,0.00,0.00,,,,0.00,0.00,0.00,0.00,0.00,0.00,0.00,0.00,0.00,0.00
Senegal,SEN,20200208,0.00,,0.00,,0.00,,0.00,,0.00,,0.00,,0.00,,0.00,0.00,,0.00,0.00,0.00,0.00,,0.00,0.00,0.00,0.00,,,,0.00,0.00,0.00,0.00,0.00,0.00,0.00,0.00,0.00,0.00
Senegal,SEN,20200209,0.00,,0.00,,0.00,,0.00,,0.00,,0.00,,0.00,,0.00,0.00,,0.00,0.00,0.00,0.00,,0.00,0.00,0.00,0.00,,,,0.00,0.00,0.00,0.00,0.00,0.00,0.00,0.00,0.00,0.00
Senegal,SEN,20200210,0.00,,0.00,,0.00,,0.00,,0.00,,0.00,,0.00,,0.00,0.00,,0.00,0.00,0.00,0.00,,0.00,0.00,0.00,0.00,,,,0.00,0.00,0.00,0.00,0.00,0.00,0.00,0.00,0.00,0.00
Senegal,SEN,20200211,0.00,,0.00,,0.00,,0.00,,0.00,,0.00,,0.00,,0.00,0.00,,0.00,0.00,0.00,0.00,,0.00,0.00,0.00,0.00,,,,0.00,0.00,0.00,0.00,0.00,0.00,0.00,0.00,0.00,0.00
Senegal,SEN,20200212,0.00,,0.00,,0.00,,0.00,,0.00,,0.00,,0.00,,0.00,0.00,,0.00,0.00,0.00,0.00,,0.00,0.00,0.00,0.00,,,,0.00,0.00,0.00,0.00,0.00,0.00,0.00,0.00,0.00,0.00
Senegal,SEN,20200213,0.00,,0.00,,0.00,,0.00,,0.00,,0.00,,0.00,,0.00,0.00,,0.00,0.00,0.00,0.00,,0.00,0.00,0.00,0.00,,,,0.00,0.00,0.00,0.00,0.00,0.00,0.00,0.00,0.00,0.00
Senegal,SEN,20200214,0.00,,0.00,,0.00,,0.00,,0.00,,0.00,,0.00,,0.00,0.00,,0.00,0.00,0.00,0.00,,0.00,0.00,0.00,0.00,,,,0.00,0.00,0.00,0.00,0.00,0.00,0.00,0.00,0.00,0.00
Senegal,SEN,20200215,0.00,,0.00,,0.00,,0.00,,0.00,,0.00,,0.00,,0.00,0.00,,0.00,0.00,0.00,0.00,,0.00,0.00,0.00,0.00,,,,0.00,0.00,0.00,0.00,0.00,0.00,0.00,0.00,0.00,0.00
Senegal,SEN,20200216,0.00,,0.00,,0.00,,0.00,,0.00,,0.00,,0.00,,0.00,0.00,,0.00,0.00,0.00,0.00,,0.00,0.00,0.00,0.00,,,,0.00,0.00,0.00,0.00,0.00,0.00,0.00,0.00,0.00,0.00
Senegal,SEN,20200217,0.00,,0.00,,0.00,,0.00,,0.00,,0.00,,0.00,,0.00,0.00,,0.00,0.00,0.00,0.00,,0.00,0.00,0.00,0.00,,,,0.00,0.00,0.00,0.00,0.00,0.00,0.00,0.00,0.00,0.00
Senegal,SEN,20200218,0.00,,0.00,,0.00,,0.00,,0.00,,0.00,,0.00,,0.00,0.00,,0.00,0.00,0.00,0.00,,0.00,0.00,0.00,0.00,,,,0.00,0.00,0.00,0.00,0.00,0.00,0.00,0.00,0.00,0.00
Senegal,SEN,20200219,0.00,,0.00,,0.00,,0.00,,0.00,,0.00,,0.00,,0.00,0.00,,0.00,0.00,0.00,0.00,,0.00,0.00,0.00,0.00,,,,0.00,0.00,0.00,0.00,0.00,0.00,0.00,0.00,0.00,0.00
Senegal,SEN,20200220,0.00,,0.00,,0.00,,0.00,,0.00,,0.00,,0.00,,0.00,0.00,,0.00,0.00,0.00,0.00,,0.00,0.00,0.00,0.00,,,,0.00,0.00,0.00,0.00,0.00,0.00,0.00,0.00,0.00,0.00
Senegal,SEN,20200221,0.00,,0.00,,0.00,,0.00,,0.00,,0.00,,0.00,,0.00,0.00,,0.00,0.00,0.00,0.00,,0.00,0.00,0.00,0.00,,,,0.00,0.00,0.00,0.00,0.00,0.00,0.00,0.00,0.00,0.00
Senegal,SEN,20200222,0.00,,0.00,,0.00,,0.00,,0.00,,0.00,,0.00,,0.00,0.00,,0.00,0.00,0.00,0.00,,0.00,0.00,0.00,0.00,,,,0.00,0.00,0.00,0.00,0.00,0.00,0.00,0.00,0.00,0.00
Senegal,SEN,20200223,0.00,,0.00,,0.00,,0.00,,0.00,,0.00,,0.00,,0.00,0.00,,0.00,0.00,0.00,0.00,,0.00,0.00,0.00,0.00,,,,0.00,0.00,0.00,0.00,0.00,0.00,0.00,0.00,0.00,0.00
Senegal,SEN,20200224,0.00,,0.00,,0.00,,0.00,,0.00,,0.00,,0.00,,0.00,0.00,,0.00,0.00,0.00,0.00,,0.00,0.00,0.00,0.00,,,,0.00,0.00,0.00,0.00,0.00,0.00,0.00,0.00,0.00,0.00
Senegal,SEN,20200225,0.00,,0.00,,0.00,,0.00,,0.00,,0.00,,0.00,,0.00,0.00,,0.00,0.00,0.00,0.00,,0.00,0.00,0.00,0.00,,,,0.00,0.00,0.00,0.00,0.00,0.00,0.00,0.00,0.00,0.00
Senegal,SEN,20200226,0.00,,0.00,,0.00,,0.00,,0.00,,0.00,,0.00,,0.00,0.00,,0.00,0.00,0.00,0.00,,0.00,0.00,0.00,0.00,,,,0.00,0.00,0.00,0.00,0.00,0.00,0.00,0.00,0.00,0.00
Senegal,SEN,20200227,0.00,,0.00,,0.00,,0.00,,0.00,,0.00,,0.00,,0.00,0.00,,0.00,0.00,0.00,0.00,,0.00,0.00,0.00,0.00,,,,0.00,0.00,0.00,0.00,0.00,0.00,0.00,0.00,0.00,0.00
Senegal,SEN,20200228,0.00,,0.00,,0.00,,0.00,,0.00,,0.00,,0.00,,0.00,0.00,,0.00,0.00,0.00,0.00,,0.00,0.00,0.00,0.00,,,,0.00,0.00,0.00,0.00,0.00,0.00,0.00,0.00,0.00,0.00
Senegal,SEN,20200229,0.00,,0.00,,0.00,,0.00,,0.00,,0.00,,0.00,,0.00,0.00,,0.00,0.00,0.00,0.00,,0.00,0.00,0.00,0.00,,,,0.00,0.00,0.00,0.00,0.00,0.00,0.00,0.00,0.00,0.00
Senegal,SEN,20200301,0.00,,0.00,,0.00,,0.00,,0.00,,0.00,,0.00,,0.00,0.00,,0.00,0.00,0.00,0.00,,0.00,0.00,0.00,0.00,,,,0.00,0.00,0.00,0.00,0.00,0.00,0.00,0.00,0.00,0.00
Senegal,SEN,20200302,0.00,,0.00,,0.00,,0.00,,0.00,,0.00,,0.00,,0.00,0.00,,0.00,0.00,0.00,0.00,,0.00,0.00,0.00,0.00,,,,0.00,0.00,0.00,0.00,0.00,0.00,0.00,0.00,0.00,0.00
Senegal,SEN,20200303,0.00,,0.00,,0.00,,0.00,,0.00,,0.00,,0.00,,0.00,0.00,,0.00,0.00,0.00,0.00,,0.00,0.00,0.00,0.00,,1,0,0.00,0.00,0.00,0.00,0.00,0.00,0.00,0.00,0.00,0.00
Senegal,SEN,20200304,0.00,,0.00,,0.00,,0.00,,0.00,,0.00,,0.00,,0.00,0.00,,0.00,0.00,0.00,0.00,,0.00,0.00,0.00,0.00,,,,0.00,0.00,0.00,0.00,0.00,0.00,0.00,0.00,0.00,0.00
Senegal,SEN,20200305,0.00,,0.00,,0.00,,0.00,,0.00,,0.00,,0.00,,0.00,0.00,,0.00,0.00,0.00,0.00,,0.00,0.00,0.00,0.00,,3,0,0.00,0.00,0.00,0.00,0.00,0.00,0.00,0.00,0.00,0.00
Senegal,SEN,20200306,0.00,,0.00,,0.00,,0.00,,0.00,,0.00,,0.00,,0.00,0.00,,0.00,0.00,0.00,0.00,,1.00,2.00,0.00,0.00,,4,0,0.00,0.00,0.00,0.00,10.26,10.26,12.12,12.12,0.00,0.00
Senegal,SEN,20200307,0.00,,0.00,,0.00,,0.00,,0.00,,0.00,,0.00,,0.00,0.00,,0.00,0.00,0.00,0.00,,1.00,2.00,0.00,0.00,,,,0.00,0.00,0.00,0.00,10.26,10.26,12.12,12.12,0.00,0.00
Senegal,SEN,20200308,0.00,,0.00,,0.00,,0.00,,0.00,,0.00,,0.00,,0.00,0.00,,0.00,0.00,0.00,0.00,,1.00,2.00,0.00,0.00,,,,0.00,0.00,0.00,0.00,10.26,10.26,12.12,12.12,0.00,0.00
Senegal,SEN,20200309,0.00,,0.00,,0.00,,0.00,,0.00,,0.00,,0.00,,0.00,0.00,,0.00,0.00,0.00,0.00,,1.00,2.00,0.00,0.00,,,,0.00,0.00,0.00,0.00,10.26,10.26,12.12,12.12,0.00,0.00
Senegal,SEN,20200310,0.00,,0.00,,0.00,,0.00,,0.00,,0.00,,0.00,,0.00,0.00,,0.00,0.00,0.00,0.00,,1.00,2.00,0.00,0.00,,,,0.00,0.00,0.00,0.00,10.26,10.26,12.12,12.12,0.00,0.00
Senegal,SEN,20200311,0.00,,0.00,,0.00,,0.00,,0.00,,0.00,,0.00,,0.00,0.00,,0.00,0.00,0.00,0.00,,1.00,2.00,0.00,0.00,,,,0.00,0.00,0.00,0.00,10.26,10.26,12.12,12.12,0.00,0.00
Senegal,SEN,20200312,0.00,,0.00,,0.00,,0.00,,0.00,,0.00,,0.00,,0.00,0.00,,0.00,0.00,0.00,0.00,,1.00,2.00,0.00,0.00,,,,0.00,0.00,0.00,0.00,10.26,10.26,12.12,12.12,0.00,0.00
Senegal,SEN,20200313,0.00,,0.00,,0.00,,0.00,,0.00,,0.00,,0.00,,0.00,0.00,,0.00,0.00,0.00,0.00,,1.00,2.00,0.00,0.00,,6,0,0.00,0.00,0.00,0.00,10.26,10.26,12.12,12.12,0.00,0.00
Senegal,SEN,20200314,0.00,,0.00,,2.00,1,2.00,1,0.00,,0.00,,0.00,,0.00,0.00,,0.00,0.00,0.00,2.00,1,1.00,2.00,0.00,0.00,,19,0,27.78,27.78,28.57,28.57,29.49,29.49,34.85,34.85,0.00,0.00
Senegal,SEN,20200315,0.00,,0.00,,2.00,1,2.00,1,0.00,,0.00,,0.00,,1.00,0.00,,0.00,0.00,0.00,2.00,1,1.00,2.00,0.00,0.00,,21,0,30.56,30.56,32.14,32.14,31.41,31.41,37.12,37.12,0.00,0.00
Senegal,SEN,20200316,3.00,1,0.00,,2.00,1,2.00,1,0.00,,0.00,,0.00,,1.00,0.00,,0.00,0.00,0.00,2.00,1,1.00,2.00,0.00,0.00,,26,0,41.67,41.67,46.43,46.43,39.10,39.10,46.21,46.21,0.00,0.00
Senegal,SEN,20200317,3.00,1,0.00,,2.00,1,2.00,1,0.00,,0.00,,0.00,,1.00,0.00,,0.00,0.00,0.00,2.00,1,1.00,2.00,0.00,0.00,,27,0,41.67,41.67,46.43,46.43,39.10,39.10,46.21,46.21,0.00,0.00
Senegal,SEN,20200318,3.00,1,0.00,,2.00,1,2.00,1,0.00,,0.00,,0.00,,3.00,0.00,,0.00,0.00,0.00,2.00,1,1.00,2.00,0.00,0.00,,31,0,47.22,47.22,53.57,53.57,42.95,42.95,50.76,50.76,0.00,0.00
Senegal,SEN,20200319,3.00,1,0.00,,2.00,1,2.00,1,0.00,,0.00,,0.00,,3.00,0.00,,0.00,0.00,0.00,2.00,1,1.00,2.00,0.00,0.00,,36,0,47.22,47.22,53.57,53.57,42.95,42.95,50.76,50.76,0.00,0.00
Senegal,SEN,20200320,3.00,1,0.00,,2.00,1,2.00,1,0.00,,0.00,,0.00,,4.00,0.00,,0.00,0.00,0.00,2.00,1,1.00,2.00,0.00,0.00,,36,0,50.00,50.00,57.14,57.14,44.87,44.87,53.03,53.03,0.00,0.00
Senegal,SEN,20200321,3.00,1,0.00,,2.00,1,2.00,1,0.00,,0.00,,0.00,,4.00,0.00,,0.00,0.00,0.00,2.00,1,1.00,2.00,0.00,0.00,,47,0,50.00,50.00,57.14,57.14,44.87,44.87,53.03,53.03,0.00,0.00
Senegal,SEN,20200322,3.00,1,0.00,,2.00,1,2.00,1,0.00,,0.00,,0.00,,4.00,0.00,,0.00,0.00,0.00,2.00,1,1.00,2.00,0.00,0.00,,56,0,50.00,50.00,57.14,57.14,44.87,44.87,53.03,53.03,0.00,0.00
Senegal,SEN,20200323,3.00,1,0.00,,2.00,1,4.00,1,0.00,,0.00,,2.00,1,4.00,0.00,,0.00,1648500000.00,0.00,2.00,1,1.00,2.00,0.00,0.00,,67,0,66.67,66.67,71.43,71.43,56.41,56.41,66.67,66.67,0.00,0.00
Senegal,SEN,20200324,3.00,1,0.00,,2.00,1,4.00,1,0.00,,0.00,,2.00,1,4.00,0.00,,0.00,0.00,0.00,2.00,1,1.00,2.00,0.00,0.00,,79,0,66.67,66.67,71.43,71.43,56.41,56.41,66.67,66.67,0.00,0.00
Senegal,SEN,20200325,3.00,1,0.00,,2.00,1,4.00,1,0.00,,3.00,1,2.00,1,4.00,0.00,,0.00,0.00,0.00,2.00,1,1.00,2.00,0.00,0.00,,86,0,77.78,77.78,71.43,71.43,64.10,64.10,75.76,75.76,0.00,0.00
Senegal,SEN,20200326,3.00,1,0.00,,2.00,1,4.00,1,0.00,,3.00,1,2.00,1,4.00,0.00,,0.00,0.00,0.00,2.00,1,1.00,2.00,0.00,0.00,,99,0,77.78,77.78,71.43,71.43,64.10,64.10,75.76,75.76,0.00,0.00
Senegal,SEN,20200327,3.00,1,0.00,,2.00,1,4.00,1,0.00,,3.00,1,2.00,1,4.00,0.00,,0.00,0.00,0.00,2.00,1,1.00,2.00,0.00,0.00,,105,0,77.78,77.78,71.43,71.43,64.10,64.10,75.76,75.76,0.00,0.00
Senegal,SEN,20200328,3.00,1,0.00,,2.00,1,4.00,1,0.00,,3.00,1,2.00,1,4.00,0.00,,0.00,0.00,0.00,2.00,1,1.00,2.00,0.00,0.00,,119,0,77.78,77.78,71.43,71.43,64.10,64.10,75.76,75.76,0.00,0.00
Senegal,SEN,20200329,3.00,1,0.00,,2.00,1,4.00,1,0.00,,3.00,1,2.00,1,4.00,0.00,,0.00,0.00,0.00,2.00,1,1.00,2.00,0.00,0.00,,130,0,77.78,77.78,71.43,71.43,64.10,64.10,75.76,75.76,0.00,0.00
Senegal,SEN,20200330,3.00,1,0.00,,2.00,1,4.00,1,0.00,,3.00,1,2.00,1,4.00,0.00,,0.00,0.00,0.00,2.00,1,1.00,2.00,0.00,0.00,,142,0,77.78,77.78,71.43,71.43,64.10,64.10,75.76,75.76,0.00,0.00
Senegal,SEN,20200331,3.00,1,0.00,,2.00,1,4.00,1,0.00,,3.00,1,2.00,1,4.00,0.00,,0.00,0.00,0.00,2.00,1,1.00,2.00,0.00,0.00,,162,0,77.78,77.78,71.43,71.43,64.10,64.10,75.76,75.76,0.00,0.00
Senegal,SEN,20200401,3.00,1,0.00,,2.00,1,4.00,1,0.00,,3.00,1,2.00,1,4.00,0.00,,2.00,0.00,0.00,2.00,1,1.00,2.00,0.00,0.00,,175,0,77.78,77.78,71.43,71.43,71.79,71.79,75.76,75.76,50.00,50.00
Senegal,SEN,20200402,3.00,1,0.00,,2.00,1,4.00,1,0.00,,3.00,1,2.00,1,4.00,0.00,,2.00,0.00,0.00,2.00,1,1.00,2.00,0.00,0.00,,190,1,77.78,77.78,71.43,71.43,71.79,71.79,75.76,75.76,50.00,50.00
Senegal,SEN,20200403,3.00,1,0.00,,2.00,1,4.00,1,0.00,,3.00,1,2.00,1,4.00,1.00,0,2.00,329700000.00,0.00,2.00,1,1.00,2.00,106163400.00,0.00,,195,1,77.78,77.78,71.43,71.43,73.72,73.72,75.76,75.76,62.50,62.50
Senegal,SEN,20200404,3.00,1,0.00,,2.00,1,4.00,1,0.00,,3.00,1,2.00,1,4.00,1.00,0,2.00,0.00,0.00,2.00,1,1.00,2.00,0.00,0.00,,207,1,77.78,77.78,71.43,71.43,73.72,73.72,75.76,75.76,62.50,62.50
Senegal,SEN,20200405,3.00,1,0.00,,2.00,1,4.00,1,0.00,,3.00,1,2.00,1,4.00,1.00,0,2.00,0.00,0.00,2.00,1,1.00,2.00,0.00,0.00,,219,2,77.78,77.78,71.43,71.43,73.72,73.72,75.76,75.76,62.50,62.50
Senegal,SEN,20200406,3.00,1,0.00,,2.00,1,4.00,1,0.00,,3.00,1,2.00,1,4.00,1.00,0,2.00,0.00,0.00,2.00,1,1.00,2.00,0.00,0.00,,222,2,77.78,77.78,71.43,71.43,73.72,73.72,75.76,75.76,62.50,62.50
Senegal,SEN,20200407,3.00,1,0.00,,2.00,1,4.00,1,0.00,,3.00,1,2.00,1,4.00,1.00,0,2.00,0.00,0.00,2.00,1,1.00,2.00,0.00,0.00,,226,2,77.78,77.78,71.43,71.43,73.72,73.72,75.76,75.76,62.50,62.50
Senegal,SEN,20200408,3.00,1,0.00,,2.00,1,4.00,1,0.00,,3.00,1,2.00,1,4.00,1.00,0,2.00,0.00,0.00,2.00,1,1.00,2.00,0.00,0.00,,237,2,77.78,77.78,71.43,71.43,73.72,73.72,75.76,75.76,62.50,62.50
Senegal,SEN,20200409,3.00,1,0.00,,2.00,1,4.00,1,0.00,,3.00,1,2.00,1,4.00,1.00,0,2.00,0.00,0.00,2.00,1,1.00,2.00,0.00,0.00,,244,2,77.78,77.78,71.43,71.43,73.72,73.72,75.76,75.76,62.50,62.50
Senegal,SEN,20200410,3.00,1,0.00,,2.00,1,4.00,1,0.00,,3.00,1,2.00,1,4.00,1.00,0,2.00,0.00,0.00,2.00,1,1.00,2.00,0.00,0.00,,250,2,77.78,77.78,71.43,71.43,73.72,73.72,75.76,75.76,62.50,62.50
Senegal,SEN,20200411,3.00,1,0.00,,2.00,1,4.00,1,0.00,,3.00,1,2.00,1,4.00,1.00,0,2.00,0.00,0.00,2.00,1,2.00,2.00,0.00,0.00,,265,2,77.78,77.78,71.43,71.43,76.28,76.28,78.79,78.79,62.50,62.50
Senegal,SEN,20200412,3.00,1,0.00,,2.00,1,4.00,1,0.00,,3.00,1,2.00,1,4.00,1.00,0,2.00,0.00,0.00,2.00,1,2.00,2.00,0.00,0.00,,278,2,77.78,77.78,71.43,71.43,76.28,76.28,78.79,78.79,62.50,62.50
Senegal,SEN,20200413,3.00,1,0.00,,2.00,1,4.00,1,0.00,,3.00,1,2.00,1,4.00,1.00,0,2.00,0.00,0.00,2.00,1,2.00,2.00,0.00,0.00,,280,2,77.78,77.78,71.43,71.43,76.28,76.28,78.79,78.79,62.50,62.50
Senegal,SEN,20200414,3.00,1,0.00,,2.00,1,4.00,1,0.00,,3.00,1,2.00,1,4.00,1.00,0,2.00,0.00,0.00,2.00,1,2.00,2.00,0.00,0.00,,291,2,77.78,77.78,71.43,71.43,76.28,76.28,78.79,78.79,62.50,62.50
Senegal,SEN,20200415,3.00,1,0.00,,2.00,1,4.00,1,0.00,,3.00,1,2.00,1,4.00,1.00,0,2.00,0.00,0.00,2.00,1,2.00,2.00,0.00,0.00,,299,2,77.78,77.78,71.43,71.43,76.28,76.28,78.79,78.79,62.50,62.50
Senegal,SEN,20200416,3.00,1,0.00,,2.00,1,4.00,1,0.00,,3.00,1,2.00,1,4.00,1.00,0,2.00,0.00,0.00,2.00,1,2.00,2.00,0.00,0.00,,314,2,77.78,77.78,71.43,71.43,76.28,76.28,78.79,78.79,62.50,62.50
Senegal,SEN,20200417,3.00,1,0.00,,2.00,1,4.00,1,0.00,,3.00,1,2.00,1,4.00,1.00,0,2.00,0.00,0.00,2.00,1,2.00,2.00,0.00,0.00,,335,2,77.78,77.78,71.43,71.43,76.28,76.28,78.79,78.79,62.50,62.50
Senegal,SEN,20200418,3.00,1,0.00,,2.00,1,4.00,1,0.00,,3.00,1,2.00,1,4.00,1.00,0,2.00,0.00,0.00,2.00,1,2.00,2.00,0.00,0.00,,342,3,77.78,77.78,71.43,71.43,76.28,76.28,78.79,78.79,62.50,62.50
Senegal,SEN,20200419,3.00,1,0.00,,2.00,1,4.00,1,0.00,,3.00,1,2.00,1,4.00,1.00,0,2.00,0.00,0.00,2.00,1,2.00,2.00,0.00,0.00,,350,3,77.78,77.78,71.43,71.43,76.28,76.28,78.79,78.79,62.50,62.50
Senegal,SEN,20200420,3.00,1,0.00,,2.00,1,4.00,1,0.00,,3.00,1,2.00,1,4.00,1.00,0,2.00,0.00,0.00,2.00,1,2.00,2.00,0.00,0.00,,367,4,77.78,77.78,71.43,71.43,76.28,76.28,78.79,78.79,62.50,62.50
Senegal,SEN,20200421,3.00,1,0.00,,2.00,1,4.00,1,0.00,,3.00,1,2.00,1,4.00,1.00,0,2.00,0.00,0.00,2.00,1,2.00,2.00,0.00,0.00,,377,5,77.78,77.78,71.43,71.43,76.28,76.28,78.79,78.79,62.50,62.50
Senegal,SEN,20200422,3.00,1,0.00,,2.00,1,4.00,1,0.00,,3.00,1,2.00,1,4.00,1.00,0,2.00,0.00,0.00,2.00,1,2.00,2.00,0.00,0.00,,412,5,77.78,77.78,71.43,71.43,76.28,76.28,78.79,78.79,62.50,62.50
Senegal,SEN,20200423,3.00,1,0.00,,2.00,1,4.00,1,0.00,,3.00,1,2.00,1,4.00,1.00,0,2.00,0.00,0.00,2.00,1,2.00,2.00,0.00,0.00,,442,6,77.78,77.78,71.43,71.43,76.28,76.28,78.79,78.79,62.50,62.50
Senegal,SEN,20200424,3.00,1,0.00,,2.00,1,4.00,1,0.00,,3.00,1,2.00,1,4.00,1.00,0,2.00,0.00,0.00,2.00,1,2.00,2.00,0.00,0.00,,479,6,77.78,77.78,71.43,71.43,76.28,76.28,78.79,78.79,62.50,62.50
Senegal,SEN,20200425,3.00,1,0.00,,2.00,1,4.00,1,0.00,,3.00,1,2.00,1,4.00,1.00,0,2.00,0.00,0.00,2.00,1,2.00,2.00,0.00,0.00,,545,7,77.78,77.78,71.43,71.43,76.28,76.28,78.79,78.79,62.50,62.50
Senegal,SEN,20200426,3.00,1,0.00,,2.00,1,4.00,1,0.00,,3.00,1,2.00,1,4.00,1.00,0,2.00,0.00,0.00,2.00,1,2.00,2.00,0.00,0.00,,614,7,77.78,77.78,71.43,71.43,76.28,76.28,78.79,78.79,62.50,62.50
Senegal,SEN,20200427,3.00,1,0.00,,2.00,1,4.00,1,0.00,,3.00,1,2.00,1,4.00,1.00,0,2.00,0.00,0.00,2.00,1,2.00,2.00,0.00,0.00,,671,9,77.78,77.78,71.43,71.43,76.28,76.28,78.79,78.79,62.50,62.50
Senegal,SEN,20200428,3.00,1,0.00,,2.00,1,4.00,1,0.00,,3.00,1,2.00,1,4.00,1.00,0,2.00,0.00,0.00,2.00,1,2.00,2.00,0.00,0.00,,735,9,77.78,77.78,71.43,71.43,76.28,76.28,78.79,78.79,62.50,62.50
Senegal,SEN,20200429,3.00,1,0.00,,2.00,1,4.00,1,0.00,,3.00,1,2.00,1,4.00,1.00,0,2.00,0.00,0.00,2.00,1,2.00,2.00,0.00,0.00,,823,9,77.78,77.78,71.43,71.43,76.28,76.28,78.79,78.79,62.50,62.50
Senegal,SEN,20200430,3.00,1,0.00,,2.00,1,4.00,1,0.00,,3.00,1,2.00,1,4.00,1.00,0,2.00,0.00,0.00,2.00,1,2.00,2.00,0.00,0.00,,882,9,77.78,77.78,71.43,71.43,76.28,76.28,78.79,78.79,62.50,62.50
Senegal,SEN,20200501,3.00,1,0.00,,2.00,1,4.00,1,0.00,,3.00,1,2.00,1,4.00,1.00,0,2.00,0.00,0.00,2.00,1,2.00,2.00,0.00,0.00,,933,9,77.78,77.78,71.43,71.43,76.28,76.28,78.79,78.79,62.50,62.50
Senegal,SEN,20200502,3.00,1,0.00,,2.00,1,4.00,1,0.00,,3.00,1,2.00,1,4.00,1.00,0,2.00,0.00,0.00,2.00,1,2.00,2.00,0.00,0.00,,1024,9,77.78,77.78,71.43,71.43,76.28,76.28,78.79,78.79,62.50,62.50
Senegal,SEN,20200503,3.00,1,0.00,,2.00,1,4.00,1,0.00,,3.00,1,2.00,1,4.00,1.00,0,2.00,0.00,0.00,2.00,1,2.00,2.00,0.00,0.00,,1115,9,77.78,77.78,71.43,71.43,76.28,76.28,78.79,78.79,62.50,62.50
Senegal,SEN,20200504,3.00,1,0.00,,2.00,1,4.00,1,0.00,,3.00,1,2.00,1,4.00,1.00,0,2.00,0.00,0.00,2.00,1,2.00,2.00,0.00,0.00,,1182,9,77.78,77.78,71.43,71.43,76.28,76.28,78.79,78.79,62.50,62.50
Senegal,SEN,20200505,3.00,1,0.00,,2.00,1,4.00,1,0.00,,3.00,1,2.00,1,4.00,1.00,0,2.00,0.00,0.00,2.00,1,2.00,2.00,0.00,0.00,,1271,10,77.78,77.78,71.43,71.43,76.28,76.28,78.79,78.79,62.50,62.50
Senegal,SEN,20200506,3.00,1,0.00,,2.00,1,4.00,1,0.00,,3.00,1,2.00,1,4.00,1.00,0,2.00,0.00,0.00,2.00,1,2.00,2.00,0.00,0.00,,1329,11,77.78,77.78,71.43,71.43,76.28,76.28,78.79,78.79,62.50,62.50
Senegal,SEN,20200507,3.00,1,0.00,,2.00,1,4.00,1,0.00,,3.00,1,2.00,1,4.00,1.00,0,2.00,0.00,0.00,2.00,1,2.00,2.00,0.00,0.00,,1433,12,77.78,77.78,71.43,71.43,76.28,76.28,78.79,78.79,62.50,62.50
Senegal,SEN,20200508,3.00,1,0.00,,2.00,1,4.00,1,0.00,,3.00,1,2.00,1,4.00,1.00,0,2.00,0.00,0.00,2.00,1,2.00,2.00,0.00,0.00,,1492,13,77.78,77.78,71.43,71.43,76.28,76.28,78.79,78.79,62.50,62.50
Senegal,SEN,20200509,3.00,1,0.00,,2.00,1,4.00,1,0.00,,3.00,1,2.00,1,4.00,1.00,0,2.00,0.00,0.00,2.00,1,2.00,2.00,0.00,0.00,,1551,14,77.78,77.78,71.43,71.43,76.28,76.28,78.79,78.79,62.50,62.50
Senegal,SEN,20200510,3.00,1,0.00,,2.00,1,4.00,1,0.00,,3.00,1,2.00,1,4.00,1.00,0,2.00,0.00,0.00,2.00,1,2.00,2.00,0.00,0.00,,1634,17,77.78,77.78,71.43,71.43,76.28,76.28,78.79,78.79,62.50,62.50
Senegal,SEN,20200511,3.00,1,0.00,,2.00,1,2.00,1,0.00,,3.00,1,2.00,1,4.00,1.00,0,2.00,0.00,0.00,2.00,1,2.00,2.00,0.00,0.00,,1709,19,72.22,72.22,71.43,71.43,72.44,72.44,74.24,74.24,62.50,62.50
Senegal,SEN,20200512,3.00,1,0.00,,2.00,1,2.00,1,0.00,,3.00,1,2.00,1,4.00,1.00,0,2.00,0.00,0.00,2.00,1,2.00,2.00,0.00,0.00,,1886,19,72.22,72.22,71.43,71.43,72.44,72.44,74.24,74.24,62.50,62.50
Senegal,SEN,20200513,3.00,1,0.00,,2.00,1,2.00,1,0.00,,3.00,1,2.00,1,4.00,1.00,0,2.00,0.00,0.00,2.00,1,2.00,2.00,0.00,0.00,,1995,19,72.22,72.22,71.43,71.43,72.44,72.44,74.24,74.24,62.50,62.50
Senegal,SEN,20200514,3.00,1,0.00,,2.00,1,2.00,1,0.00,,3.00,1,2.00,1,4.00,1.00,0,2.00,0.00,0.00,2.00,1,2.00,2.00,0.00,0.00,,2105,22,72.22,72.22,71.43,71.43,72.44,72.44,74.24,74.24,62.50,62.50
Senegal,SEN,20200515,3.00,1,0.00,,2.00,1,2.00,1,0.00,,3.00,1,2.00,1,4.00,1.00,0,2.00,0.00,0.00,2.00,1,2.00,2.00,0.00,0.00,,2189,23,72.22,72.22,71.43,71.43,72.44,72.44,74.24,74.24,62.50,62.50
Senegal,SEN,20200516,3.00,1,0.00,,2.00,1,2.00,1,0.00,,3.00,1,2.00,1,4.00,1.00,0,2.00,0.00,0.00,2.00,1,2.00,2.00,0.00,0.00,,2310,25,72.22,72.22,71.43,71.43,72.44,72.44,74.24,74.24,62.50,62.50
Senegal,SEN,20200517,3.00,1,0.00,,2.00,1,2.00,1,0.00,,3.00,1,2.00,1,4.00,1.00,0,2.00,0.00,0.00,2.00,1,2.00,2.00,0.00,0.00,,2429,25,72.22,72.22,71.43,71.43,72.44,72.44,74.24,74.24,62.50,62.50
Senegal,SEN,20200518,3.00,1,0.00,,2.00,1,2.00,1,0.00,,3.00,1,2.00,1,4.00,1.00,0,2.00,0.00,0.00,2.00,1,2.00,2.00,0.00,0.00,,2480,26,72.22,72.22,71.43,71.43,72.44,72.44,74.24,74.24,62.50,62.50
Senegal,SEN,20200519,3.00,1,0.00,,2.00,1,2.00,1,0.00,,3.00,1,2.00,1,4.00,1.00,0,2.00,0.00,0.00,2.00,1,2.00,2.00,0.00,0.00,,2544,26,72.22,72.22,71.43,71.43,72.44,72.44,74.24,74.24,62.50,62.50
Senegal,SEN,20200520,3.00,1,0.00,,2.00,1,2.00,1,0.00,,3.00,1,2.00,1,4.00,1.00,0,2.00,0.00,0.00,2.00,1,2.00,2.00,0.00,0.00,,2617,30,72.22,72.22,71.43,71.43,72.44,72.44,74.24,74.24,62.50,62.50
Senegal,SEN,20200521,3.00,1,0.00,,2.00,1,2.00,1,0.00,,3.00,1,2.00,1,4.00,1.00,0,2.00,0.00,0.00,2.00,1,2.00,2.00,0.00,0.00,,2714,30,72.22,72.22,71.43,71.43,72.44,72.44,74.24,74.24,62.50,62.50
Senegal,SEN,20200522,3.00,1,0.00,,2.00,1,2.00,1,0.00,,3.00,1,2.00,1,4.00,1.00,0,2.00,0.00,0.00,2.00,1,2.00,2.00,0.00,0.00,,2812,33,72.22,72.22,71.43,71.43,72.44,72.44,74.24,74.24,62.50,62.50
Senegal,SEN,20200523,3.00,1,0.00,,2.00,1,2.00,1,0.00,,3.00,1,2.00,1,4.00,1.00,0,2.00,0.00,0.00,2.00,1,2.00,2.00,0.00,0.00,,2909,33,72.22,72.22,71.43,71.43,72.44,72.44,74.24,74.24,62.50,62.50
Senegal,SEN,20200524,3.00,1,0.00,,2.00,1,2.00,1,0.00,,3.00,1,2.00,1,4.00,1.00,0,2.00,0.00,0.00,2.00,1,2.00,2.00,0.00,0.00,,2976,35,72.22,72.22,71.43,71.43,72.44,72.44,74.24,74.24,62.50,62.50
Senegal,SEN,20200525,3.00,1,0.00,,2.00,1,2.00,1,0.00,,3.00,1,2.00,1,4.00,1.00,0,2.00,0.00,0.00,2.00,1,2.00,2.00,0.00,0.00,,3047,35,72.22,72.22,71.43,71.43,72.44,72.44,74.24,74.24,62.50,62.50
Senegal,SEN,20200526,3.00,1,0.00,,2.00,1,2.00,1,0.00,,3.00,1,2.00,1,4.00,1.00,0,2.00,0.00,0.00,2.00,1,2.00,2.00,0.00,0.00,,3130,36,72.22,72.22,71.43,71.43,72.44,72.44,74.24,74.24,62.50,62.50
Senegal,SEN,20200527,3.00,1,0.00,,2.00,1,2.00,1,0.00,,3.00,1,2.00,1,4.00,1.00,0,2.00,0.00,0.00,2.00,1,2.00,2.00,0.00,0.00,,3161,37,72.22,72.22,71.43,71.43,72.44,72.44,74.24,74.24,62.50,62.50
Senegal,SEN,20200528,3.00,1,0.00,,2.00,1,2.00,1,0.00,,3.00,1,2.00,1,4.00,1.00,0,2.00,0.00,0.00,2.00,1,2.00,2.00,0.00,0.00,,3253,39,72.22,72.22,71.43,71.43,72.44,72.44,74.24,74.24,62.50,62.50
Senegal,SEN,20200529,3.00,1,0.00,,2.00,1,2.00,1,0.00,,3.00,1,2.00,1,4.00,1.00,0,2.00,0.00,0.00,2.00,1,2.00,2.00,0.00,0.00,,3348,41,72.22,72.22,71.43,71.43,72.44,72.44,74.24,74.24,62.50,62.50
Senegal,SEN,20200530,3.00,1,0.00,,2.00,1,2.00,1,0.00,,3.00,1,2.00,1,4.00,1.00,0,2.00,0.00,0.00,2.00,1,2.00,2.00,0.00,0.00,,3429,41,72.22,72.22,71.43,71.43,72.44,72.44,74.24,74.24,62.50,62.50
Senegal,SEN,20200531,3.00,1,0.00,,2.00,1,2.00,1,0.00,,3.00,1,2.00,1,4.00,1.00,0,2.00,0.00,0.00,2.00,1,2.00,2.00,0.00,0.00,,3535,42,72.22,72.22,71.43,71.43,72.44,72.44,74.24,74.24,62.50,62.50
Senegal,SEN,20200601,3.00,1,0.00,,2.00,1,2.00,1,0.00,,3.00,1,2.00,1,4.00,1.00,0,2.00,0.00,0.00,2.00,1,2.00,2.00,0.00,0.00,,3645,42,72.22,72.22,71.43,71.43,72.44,72.44,74.24,74.24,62.50,62.50
Senegal,SEN,20200602,3.00,1,0.00,,2.00,1,2.00,1,0.00,,3.00,1,2.00,1,4.00,1.00,0,2.00,0.00,0.00,2.00,1,2.00,2.00,0.00,0.00,,3739,42,72.22,72.22,71.43,71.43,72.44,72.44,74.24,74.24,62.50,62.50
Senegal,SEN,20200603,3.00,1,0.00,,2.00,1,2.00,1,0.00,,3.00,1,2.00,1,4.00,1.00,0,2.00,0.00,0.00,2.00,1,2.00,2.00,0.00,0.00,,3836,43,72.22,72.22,71.43,71.43,72.44,72.44,74.24,74.24,62.50,62.50
Senegal,SEN,20200604,3.00,1,0.00,,2.00,1,2.00,1,0.00,,3.00,1,2.00,1,4.00,1.00,0,2.00,0.00,0.00,2.00,1,2.00,2.00,0.00,0.00,,3932,45,72.22,72.22,71.43,71.43,72.44,72.44,74.24,74.24,62.50,62.50
Senegal,SEN,20200605,3.00,1,0.00,,2.00,1,2.00,1,0.00,,3.00,1,2.00,1,4.00,1.00,0,2.00,0.00,0.00,2.00,1,2.00,2.00,0.00,0.00,,4021,45,72.22,72.22,71.43,71.43,72.44,72.44,74.24,74.24,62.50,62.50
Senegal,SEN,20200606,3.00,1,0.00,,2.00,1,2.00,1,0.00,,3.00,1,2.00,1,4.00,1.00,0,2.00,0.00,0.00,2.00,1,2.00,2.00,0.00,0.00,,4155,45,72.22,72.22,71.43,71.43,72.44,72.44,74.24,74.24,62.50,62.50
Senegal,SEN,20200607,3.00,1,0.00,,2.00,1,2.00,1,0.00,,3.00,1,0.00,,4.00,1.00,0,2.00,0.00,0.00,2.00,1,2.00,2.00,0.00,0.00,,4249,47,61.11,61.11,71.43,71.43,64.74,64.74,65.15,65.15,62.50,62.50
Senegal,SEN,20200608,3.00,1,0.00,,2.00,1,2.00,1,0.00,,3.00,1,0.00,,4.00,1.00,0,2.00,0.00,0.00,2.00,1,2.00,2.00,0.00,0.00,,4328,49,61.11,61.11,71.43,71.43,64.74,64.74,65.15,65.15,62.50,62.50
Senegal,SEN,20200609,3.00,1,0.00,,2.00,1,2.00,1,0.00,,3.00,1,0.00,,4.00,1.00,0,2.00,0.00,0.00,2.00,1,2.00,2.00,0.00,0.00,,4427,52,61.11,61.11,71.43,71.43,64.74,64.74,65.15,65.15,62.50,62.50
Senegal,SEN,20200610,3.00,1,0.00,,2.00,1,2.00,1,0.00,,3.00,1,0.00,,4.00,1.00,0,2.00,0.00,0.00,2.00,1,2.00,2.00,0.00,0.00,,4516,52,61.11,61.11,71.43,71.43,64.74,64.74,65.15,65.15,62.50,62.50
Senegal,SEN,20200611,3.00,1,0.00,,2.00,1,2.00,1,0.00,,3.00,1,0.00,,4.00,1.00,0,2.00,0.00,0.00,2.00,1,2.00,2.00,0.00,0.00,,4640,54,61.11,61.11,71.43,71.43,64.74,64.74,65.15,65.15,62.50,62.50
Senegal,SEN,20200612,3.00,1,0.00,,2.00,1,2.00,1,0.00,,3.00,1,0.00,,4.00,1.00,0,2.00,0.00,0.00,2.00,1,2.00,2.00,0.00,0.00,,4759,56,61.11,61.11,71.43,71.43,64.74,64.74,65.15,65.15,62.50,62.50
Senegal,SEN,20200613,3.00,1,0.00,,2.00,1,2.00,1,0.00,,3.00,1,0.00,,4.00,1.00,0,2.00,0.00,0.00,2.00,1,2.00,2.00,0.00,0.00,,4851,56,61.11,61.11,71.43,71.43,64.74,64.74,65.15,65.15,62.50,62.50
Senegal,SEN,20200614,3.00,1,0.00,,2.00,1,2.00,1,0.00,,3.00,1,0.00,,4.00,1.00,0,2.00,0.00,0.00,2.00,1,2.00,2.00,0.00,0.00,,4996,60,61.11,61.11,71.43,71.43,64.74,64.74,65.15,65.15,62.50,62.50
Senegal,SEN,20200615,,,,,,,,,,,,,,,,,,,,,,,,,,,,5090,60,,,,,,,,,,
Senegal,SEN,20200616,,,,,,,,,,,,,,,,,,,,,,,,,,,,5173,64,,,,,,,,,,
Senegal,SEN,20200617,,,,,,,,,,,,,,,,,,,,,,,,,,,,5247,70,,61.11,,71.43,,64.74,,65.15,,62.50
Senegal,SEN,20200618,,,,,,,,,,,,,,,,,,,,,,,,,,,,5369,73,,61.11,,71.43,,64.74,,65.15,,62.50
Senegal,SEN,20200619,,,,,,,,,,,,,,,,,,,,,,,,,,,,5475,76,,61.11,,71.43,,64.74,,65.15,,62.50
Senegal,SEN,20200620,,,,,,,,,,,,,,,,,,,,,,,,,,,,5639,79,,61.11,,71.43,,64.74,,65.15,,62.50
Senegal,SEN,20200621,,,,,,,,,,,,,,,,,,,,,,,,,,,,5738,82,,61.11,,71.43,,64.74,,65.15,,62.50
Senegal,SEN,20200622,,,,,,,,,,,,,,,,,,,,,,,,,,,,5888,84,,61.11,,71.43,,64.74,,65.15,,62.50
Senegal,SEN,20200623,,,,,,,,,,,,,,,,,,,,,,,,,,,,5970,86,,61.11,,71.43,,64.74,,65.15,,62.50
