Taiwan,TWN,20200101,0.00,,0.00,,0.00,,0.00,,0.00,,0.00,,0.00,,0.00,0.00,,0.00,0.00,0.00,0.00,,0.00,0.00,0.00,0.00,,,,0.00,0.00,0.00,0.00,0.00,0.00,0.00,0.00,0.00,0.00
Taiwan,TWN,20200102,0.00,,0.00,,0.00,,0.00,,0.00,,0.00,,0.00,,0.00,0.00,,0.00,0.00,0.00,1.00,1,0.00,0.00,0.00,0.00,,,,5.56,5.56,9.52,9.52,3.85,3.85,4.55,4.55,0.00,0.00
Taiwan,TWN,20200103,0.00,,0.00,,0.00,,0.00,,0.00,,0.00,,0.00,,0.00,0.00,,0.00,0.00,0.00,1.00,1,0.00,0.00,0.00,0.00,,,,5.56,5.56,9.52,9.52,3.85,3.85,4.55,4.55,0.00,0.00
Taiwan,TWN,20200104,0.00,,0.00,,0.00,,0.00,,0.00,,0.00,,0.00,,0.00,0.00,,0.00,0.00,0.00,1.00,1,0.00,0.00,0.00,0.00,,,,5.56,5.56,9.52,9.52,3.85,3.85,4.55,4.55,0.00,0.00
Taiwan,TWN,20200105,0.00,,0.00,,0.00,,0.00,,0.00,,0.00,,0.00,,0.00,0.00,,0.00,0.00,0.00,1.00,1,0.00,0.00,0.00,0.00,,,,5.56,5.56,9.52,9.52,3.85,3.85,4.55,4.55,0.00,0.00
Taiwan,TWN,20200106,0.00,,0.00,,0.00,,0.00,,0.00,,0.00,,0.00,,0.00,0.00,,0.00,0.00,0.00,1.00,1,0.00,0.00,0.00,0.00,,,,5.56,5.56,9.52,9.52,3.85,3.85,4.55,4.55,0.00,0.00
Taiwan,TWN,20200107,0.00,,0.00,,0.00,,0.00,,0.00,,0.00,,0.00,,0.00,0.00,,0.00,0.00,0.00,1.00,1,0.00,0.00,0.00,0.00,,,,5.56,5.56,9.52,9.52,3.85,3.85,4.55,4.55,0.00,0.00
Taiwan,TWN,20200108,0.00,,0.00,,0.00,,0.00,,0.00,,0.00,,0.00,,0.00,0.00,,0.00,0.00,0.00,1.00,1,0.00,0.00,0.00,0.00,,,,5.56,5.56,9.52,9.52,3.85,3.85,4.55,4.55,0.00,0.00
Taiwan,TWN,20200109,0.00,,0.00,,0.00,,0.00,,0.00,,0.00,,0.00,,0.00,0.00,,0.00,0.00,0.00,1.00,1,0.00,0.00,0.00,0.00,,,,5.56,5.56,9.52,9.52,3.85,3.85,4.55,4.55,0.00,0.00
Taiwan,TWN,20200110,0.00,,0.00,,0.00,,0.00,,0.00,,0.00,,0.00,,0.00,0.00,,0.00,0.00,0.00,1.00,1,0.00,0.00,0.00,0.00,,,,5.56,5.56,9.52,9.52,3.85,3.85,4.55,4.55,0.00,0.00
Taiwan,TWN,20200111,0.00,,0.00,,0.00,,0.00,,0.00,,0.00,,0.00,,0.00,0.00,,0.00,0.00,0.00,1.00,1,0.00,0.00,0.00,0.00,,,,5.56,5.56,9.52,9.52,3.85,3.85,4.55,4.55,0.00,0.00
Taiwan,TWN,20200112,0.00,,0.00,,0.00,,0.00,,0.00,,0.00,,0.00,,0.00,0.00,,0.00,0.00,0.00,1.00,1,0.00,0.00,0.00,0.00,,,,5.56,5.56,9.52,9.52,3.85,3.85,4.55,4.55,0.00,0.00
Taiwan,TWN,20200113,0.00,,0.00,,0.00,,0.00,,0.00,,0.00,,0.00,,0.00,0.00,,0.00,0.00,0.00,1.00,1,0.00,0.00,0.00,0.00,,,,5.56,5.56,9.52,9.52,3.85,3.85,4.55,4.55,0.00,0.00
Taiwan,TWN,20200114,0.00,,0.00,,0.00,,0.00,,0.00,,0.00,,0.00,,0.00,0.00,,0.00,0.00,0.00,1.00,1,0.00,0.00,0.00,0.00,,,,5.56,5.56,9.52,9.52,3.85,3.85,4.55,4.55,0.00,0.00
Taiwan,TWN,20200115,0.00,,0.00,,0.00,,0.00,,0.00,,0.00,,0.00,,0.00,0.00,,0.00,0.00,0.00,1.00,1,0.00,0.00,0.00,0.00,,,,5.56,5.56,9.52,9.52,3.85,3.85,4.55,4.55,0.00,0.00
Taiwan,TWN,20200116,0.00,,0.00,,0.00,,0.00,,0.00,,0.00,,0.00,,0.00,0.00,,0.00,0.00,0.00,1.00,1,0.00,0.00,0.00,0.00,,,,5.56,5.56,9.52,9.52,3.85,3.85,4.55,4.55,0.00,0.00
Taiwan,TWN,20200117,0.00,,0.00,,0.00,,0.00,,0.00,,0.00,,0.00,,0.00,0.00,,0.00,0.00,0.00,1.00,1,0.00,0.00,0.00,0.00,,,,5.56,5.56,9.52,9.52,3.85,3.85,4.55,4.55,0.00,0.00
Taiwan,TWN,20200118,0.00,,0.00,,0.00,,0.00,,0.00,,0.00,,0.00,,0.00,0.00,,0.00,0.00,0.00,1.00,1,0.00,0.00,0.00,0.00,,,,5.56,5.56,9.52,9.52,3.85,3.85,4.55,4.55,0.00,0.00
Taiwan,TWN,20200119,0.00,,0.00,,0.00,,0.00,,0.00,,0.00,,0.00,,0.00,0.00,,0.00,0.00,0.00,1.00,1,0.00,0.00,0.00,0.00,,,,5.56,5.56,9.52,9.52,3.85,3.85,4.55,4.55,0.00,0.00
Taiwan,TWN,20200120,0.00,,0.00,,0.00,,0.00,,0.00,,0.00,,0.00,,0.00,0.00,,0.00,0.00,0.00,2.00,1,1.00,0.00,0.00,0.00,,,,11.11,11.11,14.29,14.29,10.26,10.26,12.12,12.12,0.00,0.00
Taiwan,TWN,20200121,0.00,,0.00,,0.00,,0.00,,0.00,,0.00,,0.00,,0.00,0.00,,0.00,0.00,0.00,2.00,1,1.00,2.00,0.00,0.00,,,,11.11,11.11,14.29,14.29,17.95,17.95,21.21,21.21,0.00,0.00
Taiwan,TWN,20200122,0.00,,0.00,,0.00,,0.00,,0.00,,0.00,,0.00,,0.00,0.00,,0.00,0.00,0.00,2.00,1,1.00,2.00,0.00,0.00,,,,11.11,11.11,14.29,14.29,17.95,17.95,21.21,21.21,0.00,0.00
Taiwan,TWN,20200123,0.00,,0.00,,0.00,,0.00,,0.00,,0.00,,0.00,,3.00,0.00,,0.00,0.00,0.00,2.00,1,1.00,2.00,0.00,0.00,,,,19.44,19.44,25.00,25.00,23.72,23.72,28.03,28.03,0.00,0.00
Taiwan,TWN,20200124,0.00,,0.00,,0.00,,0.00,,0.00,,0.00,,0.00,,3.00,0.00,,0.00,0.00,0.00,2.00,1,1.00,2.00,0.00,0.00,,,,19.44,19.44,25.00,25.00,23.72,23.72,28.03,28.03,0.00,0.00
Taiwan,TWN,20200125,0.00,,0.00,,0.00,,0.00,,0.00,,0.00,,0.00,,3.00,0.00,,0.00,0.00,0.00,2.00,1,1.00,2.00,0.00,0.00,,,,19.44,19.44,25.00,25.00,23.72,23.72,28.03,28.03,0.00,0.00
Taiwan,TWN,20200126,0.00,,0.00,,0.00,,0.00,,0.00,,0.00,,0.00,,3.00,0.00,,0.00,0.00,0.00,2.00,1,1.00,2.00,0.00,0.00,,,,19.44,19.44,25.00,25.00,23.72,23.72,28.03,28.03,0.00,0.00
Taiwan,TWN,20200127,0.00,,0.00,,0.00,,0.00,,0.00,,0.00,,0.00,,3.00,0.00,,0.00,0.00,0.00,2.00,1,1.00,2.00,0.00,0.00,,,,19.44,19.44,25.00,25.00,23.72,23.72,28.03,28.03,0.00,0.00
Taiwan,TWN,20200128,0.00,,0.00,,0.00,,0.00,,0.00,,0.00,,0.00,,3.00,0.00,,0.00,0.00,0.00,2.00,1,1.00,2.00,0.00,0.00,,,,19.44,19.44,25.00,25.00,23.72,23.72,28.03,28.03,0.00,0.00
Taiwan,TWN,20200129,0.00,,0.00,,0.00,,0.00,,0.00,,0.00,,0.00,,3.00,0.00,,0.00,0.00,0.00,2.00,1,1.00,2.00,0.00,0.00,,,,19.44,19.44,25.00,25.00,23.72,23.72,28.03,28.03,0.00,0.00
Taiwan,TWN,20200130,0.00,,0.00,,0.00,,0.00,,0.00,,0.00,,0.00,,3.00,0.00,,0.00,0.00,0.00,2.00,1,1.00,2.00,0.00,0.00,,,,19.44,19.44,25.00,25.00,23.72,23.72,28.03,28.03,0.00,0.00
Taiwan,TWN,20200131,0.00,,0.00,,0.00,,0.00,,0.00,,0.00,,0.00,,3.00,0.00,,0.00,0.00,0.00,2.00,1,1.00,2.00,0.00,0.00,,,,19.44,19.44,25.00,25.00,23.72,23.72,28.03,28.03,0.00,0.00
Taiwan,TWN,20200201,0.00,,0.00,,0.00,,0.00,,0.00,,0.00,,0.00,,3.00,0.00,,0.00,0.00,0.00,2.00,1,1.00,2.00,0.00,0.00,,,,19.44,19.44,25.00,25.00,23.72,23.72,28.03,28.03,0.00,0.00
Taiwan,TWN,20200202,3.00,1,0.00,,0.00,,0.00,,0.00,,0.00,,0.00,,3.00,0.00,,0.00,0.00,0.00,2.00,1,1.00,2.00,0.00,0.00,,,,30.56,30.56,39.29,39.29,31.41,31.41,37.12,37.12,0.00,0.00
Taiwan,TWN,20200203,3.00,1,0.00,,0.00,,0.00,,0.00,,0.00,,0.00,,3.00,0.00,,0.00,0.00,0.00,2.00,1,1.00,2.00,0.00,0.00,,,,30.56,30.56,39.29,39.29,31.41,31.41,37.12,37.12,0.00,0.00
Taiwan,TWN,20200204,3.00,1,0.00,,0.00,,0.00,,0.00,,0.00,,0.00,,3.00,0.00,,0.00,0.00,0.00,2.00,1,1.00,2.00,0.00,0.00,,,,30.56,30.56,39.29,39.29,31.41,31.41,37.12,37.12,0.00,0.00
Taiwan,TWN,20200205,3.00,1,0.00,,0.00,,0.00,,0.00,,0.00,,0.00,,3.00,0.00,,0.00,0.00,0.00,2.00,1,1.00,2.00,0.00,0.00,,,,30.56,30.56,39.29,39.29,31.41,31.41,37.12,37.12,0.00,0.00
Taiwan,TWN,20200206,3.00,1,0.00,,0.00,,0.00,,0.00,,0.00,,0.00,,3.00,0.00,,0.00,0.00,0.00,2.00,1,1.00,2.00,0.00,0.00,,,,30.56,30.56,39.29,39.29,31.41,31.41,37.12,37.12,0.00,0.00
Taiwan,TWN,20200207,3.00,1,0.00,,0.00,,0.00,,0.00,,0.00,,0.00,,3.00,0.00,,0.00,0.00,0.00,2.00,1,1.00,2.00,0.00,0.00,,,,30.56,30.56,39.29,39.29,31.41,31.41,37.12,37.12,0.00,0.00
Taiwan,TWN,20200208,3.00,1,0.00,,0.00,,0.00,,0.00,,0.00,,0.00,,3.00,0.00,,0.00,0.00,0.00,2.00,1,1.00,2.00,0.00,0.00,,,,30.56,30.56,39.29,39.29,31.41,31.41,37.12,37.12,0.00,0.00
Taiwan,TWN,20200209,3.00,1,0.00,,0.00,,0.00,,0.00,,0.00,,0.00,,3.00,0.00,,0.00,0.00,0.00,2.00,1,1.00,2.00,0.00,0.00,,,,30.56,30.56,39.29,39.29,31.41,31.41,37.12,37.12,0.00,0.00
Taiwan,TWN,20200210,3.00,1,0.00,,0.00,,0.00,,0.00,,0.00,,0.00,,3.00,0.00,,0.00,0.00,0.00,2.00,1,1.00,2.00,0.00,0.00,,,,30.56,30.56,39.29,39.29,31.41,31.41,37.12,37.12,0.00,0.00
Taiwan,TWN,20200211,3.00,1,0.00,,0.00,,0.00,,0.00,,0.00,,0.00,,3.00,0.00,,0.00,0.00,0.00,2.00,1,1.00,2.00,0.00,0.00,,,,30.56,30.56,39.29,39.29,31.41,31.41,37.12,37.12,0.00,0.00
Taiwan,TWN,20200212,3.00,1,0.00,,0.00,,0.00,,0.00,,0.00,,0.00,,3.00,0.00,,0.00,0.00,0.00,2.00,1,1.00,2.00,0.00,0.00,,,,30.56,30.56,39.29,39.29,31.41,31.41,37.12,37.12,0.00,0.00
Taiwan,TWN,20200213,3.00,1,0.00,,0.00,,0.00,,0.00,,0.00,,0.00,,3.00,0.00,,0.00,0.00,0.00,2.00,1,1.00,2.00,0.00,0.00,,,,30.56,30.56,39.29,39.29,31.41,31.41,37.12,37.12,0.00,0.00
Taiwan,TWN,20200214,3.00,1,0.00,,0.00,,0.00,,0.00,,0.00,,0.00,,3.00,0.00,,0.00,0.00,0.00,2.00,1,1.00,2.00,0.00,0.00,,,,30.56,30.56,39.29,39.29,31.41,31.41,37.12,37.12,0.00,0.00
Taiwan,TWN,20200215,3.00,1,0.00,,0.00,,0.00,,0.00,,0.00,,0.00,,3.00,0.00,,0.00,0.00,0.00,2.00,1,1.00,2.00,0.00,0.00,,,,30.56,30.56,39.29,39.29,31.41,31.41,37.12,37.12,0.00,0.00
Taiwan,TWN,20200216,3.00,1,0.00,,0.00,,0.00,,0.00,,0.00,,0.00,,3.00,0.00,,0.00,0.00,0.00,2.00,1,2.00,2.00,0.00,0.00,,,,30.56,30.56,39.29,39.29,33.97,33.97,40.15,40.15,0.00,0.00
Taiwan,TWN,20200217,3.00,1,0.00,,0.00,,0.00,,0.00,,0.00,,0.00,,3.00,0.00,,0.00,0.00,0.00,2.00,1,2.00,2.00,0.00,0.00,,,,30.56,30.56,39.29,39.29,33.97,33.97,40.15,40.15,0.00,0.00
Taiwan,TWN,20200218,3.00,1,0.00,,0.00,,0.00,,0.00,,0.00,,0.00,,3.00,0.00,,0.00,0.00,0.00,2.00,1,2.00,2.00,0.00,0.00,,,,30.56,30.56,39.29,39.29,33.97,33.97,40.15,40.15,0.00,0.00
Taiwan,TWN,20200219,3.00,1,0.00,,0.00,,0.00,,0.00,,0.00,,0.00,,3.00,0.00,,0.00,0.00,0.00,2.00,1,2.00,2.00,0.00,0.00,,,,30.56,30.56,39.29,39.29,33.97,33.97,40.15,40.15,0.00,0.00
Taiwan,TWN,20200220,3.00,1,0.00,,0.00,,0.00,,0.00,,0.00,,0.00,,3.00,0.00,,0.00,0.00,0.00,2.00,1,2.00,2.00,0.00,0.00,,,,30.56,30.56,39.29,39.29,33.97,33.97,40.15,40.15,0.00,0.00
Taiwan,TWN,20200221,3.00,1,0.00,,0.00,,0.00,,0.00,,0.00,,0.00,,3.00,0.00,,0.00,0.00,0.00,2.00,1,2.00,2.00,0.00,0.00,,,,30.56,30.56,39.29,39.29,33.97,33.97,40.15,40.15,0.00,0.00
Taiwan,TWN,20200222,3.00,1,0.00,,0.00,,0.00,,0.00,,0.00,,0.00,,3.00,0.00,,0.00,0.00,0.00,2.00,1,2.00,2.00,0.00,0.00,,,,30.56,30.56,39.29,39.29,33.97,33.97,40.15,40.15,0.00,0.00
Taiwan,TWN,20200223,3.00,1,0.00,,0.00,,0.00,,0.00,,0.00,,0.00,,3.00,0.00,,0.00,0.00,0.00,2.00,1,2.00,2.00,0.00,0.00,,,,30.56,30.56,39.29,39.29,33.97,33.97,40.15,40.15,0.00,0.00
Taiwan,TWN,20200224,3.00,1,0.00,,0.00,,0.00,,0.00,,0.00,,0.00,,3.00,0.00,,0.00,0.00,0.00,2.00,1,2.00,2.00,0.00,0.00,,,,30.56,30.56,39.29,39.29,33.97,33.97,40.15,40.15,0.00,0.00
Taiwan,TWN,20200225,0.00,,0.00,,0.00,,0.00,,0.00,,0.00,,0.00,,3.00,0.00,,0.00,0.00,0.00,2.00,1,2.00,2.00,0.00,0.00,,,,19.44,19.44,25.00,25.00,26.28,26.28,31.06,31.06,0.00,0.00
Taiwan,TWN,20200226,0.00,,0.00,,0.00,,0.00,,0.00,,0.00,,0.00,,3.00,0.00,,0.00,0.00,0.00,2.00,1,2.00,2.00,0.00,0.00,,,,19.44,19.44,25.00,25.00,26.28,26.28,31.06,31.06,0.00,0.00
Taiwan,TWN,20200227,0.00,,0.00,,0.00,,0.00,,0.00,,0.00,,0.00,,3.00,0.00,,0.00,0.00,0.00,2.00,1,2.00,2.00,560790000.00,1733514.00,,,,19.44,19.44,25.00,25.00,26.28,26.28,31.06,31.06,0.00,0.00
Taiwan,TWN,20200228,0.00,,0.00,,0.00,,0.00,,0.00,,0.00,,0.00,,3.00,0.00,,0.00,0.00,0.00,2.00,1,2.00,2.00,0.00,0.00,,,,19.44,19.44,25.00,25.00,26.28,26.28,31.06,31.06,0.00,0.00
Taiwan,TWN,20200229,0.00,,0.00,,0.00,,0.00,,0.00,,0.00,,0.00,,3.00,0.00,,0.00,0.00,0.00,2.00,1,2.00,2.00,0.00,0.00,,,,19.44,19.44,25.00,25.00,26.28,26.28,31.06,31.06,0.00,0.00
Taiwan,TWN,20200301,0.00,,0.00,,0.00,,0.00,,0.00,,0.00,,0.00,,3.00,0.00,,0.00,0.00,0.00,2.00,1,2.00,2.00,0.00,0.00,,,,19.44,19.44,25.00,25.00,26.28,26.28,31.06,31.06,0.00,0.00
Taiwan,TWN,20200302,0.00,,0.00,,0.00,,0.00,,0.00,,0.00,,0.00,,3.00,0.00,,0.00,0.00,0.00,2.00,1,2.00,2.00,0.00,0.00,,,,19.44,19.44,25.00,25.00,26.28,26.28,31.06,31.06,0.00,0.00
Taiwan,TWN,20200303,0.00,,0.00,,0.00,,0.00,,0.00,,0.00,,0.00,,3.00,0.00,,0.00,0.00,0.00,2.00,1,2.00,2.00,0.00,0.00,,,,19.44,19.44,25.00,25.00,26.28,26.28,31.06,31.06,0.00,0.00
Taiwan,TWN,20200304,0.00,,0.00,,0.00,,0.00,,0.00,,0.00,,0.00,,3.00,0.00,,0.00,0.00,0.00,2.00,1,2.00,2.00,0.00,0.00,,,,19.44,19.44,25.00,25.00,26.28,26.28,31.06,31.06,0.00,0.00
Taiwan,TWN,20200305,0.00,,0.00,,1.00,1,0.00,,0.00,,0.00,,0.00,,3.00,0.00,,0.00,0.00,0.00,2.00,1,2.00,2.00,0.00,0.00,,,,25.00,25.00,34.52,34.52,30.13,30.13,35.61,35.61,0.00,0.00
Taiwan,TWN,20200306,0.00,,0.00,,1.00,1,0.00,,0.00,,0.00,,0.00,,3.00,0.00,,0.00,0.00,0.00,2.00,1,2.00,2.00,0.00,0.00,,,,25.00,25.00,34.52,34.52,30.13,30.13,35.61,35.61,0.00,0.00
Taiwan,TWN,20200307,0.00,,0.00,,1.00,1,0.00,,0.00,,0.00,,0.00,,3.00,0.00,,0.00,0.00,0.00,2.00,1,2.00,2.00,0.00,0.00,,,,25.00,25.00,34.52,34.52,30.13,30.13,35.61,35.61,0.00,0.00
Taiwan,TWN,20200308,0.00,,0.00,,1.00,1,0.00,,0.00,,0.00,,0.00,,3.00,0.00,,0.00,0.00,0.00,2.00,1,2.00,2.00,0.00,0.00,,,,25.00,25.00,34.52,34.52,30.13,30.13,35.61,35.61,0.00,0.00
Taiwan,TWN,20200309,0.00,,0.00,,1.00,1,0.00,,0.00,,0.00,,0.00,,3.00,0.00,,0.00,0.00,0.00,2.00,1,2.00,2.00,0.00,0.00,,,,25.00,25.00,34.52,34.52,30.13,30.13,35.61,35.61,0.00,0.00
Taiwan,TWN,20200310,0.00,,0.00,,1.00,1,0.00,,0.00,,0.00,,0.00,,3.00,0.00,,0.00,0.00,0.00,2.00,1,2.00,2.00,0.00,0.00,,,,25.00,25.00,34.52,34.52,30.13,30.13,35.61,35.61,0.00,0.00
Taiwan,TWN,20200311,0.00,,0.00,,1.00,1,0.00,,0.00,,0.00,,0.00,,3.00,0.00,,0.00,0.00,0.00,2.00,1,2.00,2.00,0.00,0.00,,,,25.00,25.00,34.52,34.52,30.13,30.13,35.61,35.61,0.00,0.00
Taiwan,TWN,20200312,0.00,,0.00,,1.00,1,0.00,,0.00,,0.00,,0.00,,3.00,0.00,,0.00,0.00,0.00,2.00,1,2.00,2.00,0.00,0.00,,,,25.00,25.00,34.52,34.52,30.13,30.13,35.61,35.61,0.00,0.00
Taiwan,TWN,20200313,0.00,,0.00,,1.00,1,0.00,,0.00,,0.00,,0.00,,3.00,0.00,,0.00,1990600000.00,0.00,2.00,1,2.00,2.00,0.00,0.00,,,,25.00,25.00,34.52,34.52,30.13,30.13,35.61,35.61,0.00,0.00
Taiwan,TWN,20200314,0.00,,0.00,,1.00,1,0.00,,0.00,,0.00,,0.00,,3.00,0.00,,0.00,0.00,0.00,2.00,1,2.00,2.00,0.00,0.00,,,,25.00,25.00,34.52,34.52,30.13,30.13,35.61,35.61,0.00,0.00
Taiwan,TWN,20200315,0.00,,0.00,,1.00,1,0.00,,0.00,,0.00,,0.00,,3.00,0.00,,0.00,0.00,0.00,2.00,1,2.00,2.00,0.00,0.00,,,,25.00,25.00,34.52,34.52,30.13,30.13,35.61,35.61,0.00,0.00
Taiwan,TWN,20200316,0.00,,0.00,,1.00,1,0.00,,0.00,,0.00,,0.00,,3.00,0.00,,0.00,0.00,0.00,2.00,1,2.00,2.00,0.00,0.00,,,,25.00,25.00,34.52,34.52,30.13,30.13,35.61,35.61,0.00,0.00
Taiwan,TWN,20200317,0.00,,0.00,,1.00,1,0.00,,0.00,,0.00,,0.00,,3.00,0.00,,0.00,0.00,0.00,2.00,1,2.00,2.00,0.00,0.00,,,,25.00,25.00,34.52,34.52,30.13,30.13,35.61,35.61,0.00,0.00
Taiwan,TWN,20200318,0.00,,0.00,,1.00,1,0.00,,0.00,,0.00,,0.00,,3.00,0.00,,0.00,0.00,0.00,2.00,1,2.00,2.00,0.00,0.00,,,,25.00,25.00,34.52,34.52,30.13,30.13,35.61,35.61,0.00,0.00
Taiwan,TWN,20200319,0.00,,0.00,,1.00,1,0.00,,0.00,,0.00,,0.00,,4.00,0.00,,0.00,0.00,0.00,2.00,1,2.00,2.00,0.00,0.00,,,,27.78,27.78,38.10,38.10,32.05,32.05,37.88,37.88,0.00,0.00
Taiwan,TWN,20200320,0.00,,0.00,,1.00,1,0.00,,0.00,,0.00,,0.00,,4.00,0.00,,0.00,0.00,0.00,2.00,1,2.00,2.00,0.00,0.00,,,,27.78,27.78,38.10,38.10,32.05,32.05,37.88,37.88,0.00,0.00
Taiwan,TWN,20200321,0.00,,0.00,,1.00,1,0.00,,0.00,,0.00,,0.00,,4.00,0.00,,0.00,0.00,0.00,2.00,1,2.00,2.00,0.00,0.00,,,,27.78,27.78,38.10,38.10,32.05,32.05,37.88,37.88,0.00,0.00
Taiwan,TWN,20200322,0.00,,0.00,,1.00,1,0.00,,0.00,,0.00,,0.00,,4.00,0.00,,0.00,0.00,0.00,2.00,1,2.00,2.00,0.00,0.00,,,,27.78,27.78,38.10,38.10,32.05,32.05,37.88,37.88,0.00,0.00
Taiwan,TWN,20200323,0.00,,0.00,,1.00,1,0.00,,0.00,,0.00,,0.00,,4.00,0.00,,0.00,0.00,0.00,2.00,1,2.00,2.00,0.00,0.00,,,,27.78,27.78,38.10,38.10,32.05,32.05,37.88,37.88,0.00,0.00
Taiwan,TWN,20200324,0.00,,0.00,,1.00,1,0.00,,0.00,,0.00,,0.00,,4.00,0.00,,0.00,0.00,0.00,2.00,1,2.00,2.00,0.00,0.00,,,,27.78,27.78,38.10,38.10,32.05,32.05,37.88,37.88,0.00,0.00
Taiwan,TWN,20200325,0.00,,0.00,,1.00,1,0.00,,0.00,,0.00,,0.00,,4.00,0.00,,0.00,0.00,0.00,2.00,1,2.00,2.00,0.00,0.00,,,,27.78,27.78,38.10,38.10,32.05,32.05,37.88,37.88,0.00,0.00
Taiwan,TWN,20200326,0.00,,0.00,,1.00,1,0.00,,0.00,,0.00,,0.00,,4.00,0.00,,0.00,0.00,0.00,2.00,1,2.00,2.00,0.00,0.00,,,,27.78,27.78,38.10,38.10,32.05,32.05,37.88,37.88,0.00,0.00
Taiwan,TWN,20200327,0.00,,0.00,,1.00,1,0.00,,0.00,,0.00,,0.00,,4.00,0.00,,0.00,0.00,0.00,2.00,1,2.00,2.00,0.00,0.00,,,,27.78,27.78,38.10,38.10,32.05,32.05,37.88,37.88,0.00,0.00
Taiwan,TWN,20200328,0.00,,0.00,,1.00,1,0.00,,0.00,,0.00,,0.00,,4.00,0.00,,0.00,0.00,0.00,2.00,1,2.00,2.00,0.00,0.00,,,,27.78,27.78,38.10,38.10,32.05,32.05,37.88,37.88,0.00,0.00
Taiwan,TWN,20200329,0.00,,0.00,,1.00,1,0.00,,0.00,,0.00,,0.00,,4.00,0.00,,0.00,0.00,0.00,2.00,1,2.00,2.00,0.00,0.00,,,,27.78,27.78,38.10,38.10,32.05,32.05,37.88,37.88,0.00,0.00
Taiwan,TWN,20200330,0.00,,0.00,,1.00,1,0.00,,0.00,,0.00,,0.00,,4.00,0.00,,0.00,0.00,0.00,2.00,1,2.00,2.00,0.00,0.00,,,,27.78,27.78,38.10,38.10,32.05,32.05,37.88,37.88,0.00,0.00
Taiwan,TWN,20200331,0.00,,0.00,,1.00,1,0.00,,0.00,,0.00,,0.00,,4.00,0.00,,0.00,0.00,0.00,2.00,1,2.00,2.00,0.00,0.00,,,,27.78,27.78,38.10,38.10,32.05,32.05,37.88,37.88,0.00,0.00
Taiwan,TWN,20200401,0.00,,0.00,,1.00,1,0.00,,0.00,,0.00,,0.00,,4.00,0.00,,0.00,34646620000.00,0.00,2.00,1,2.00,2.00,0.00,0.00,,,,27.78,27.78,38.10,38.10,32.05,32.05,37.88,37.88,0.00,0.00
Taiwan,TWN,20200402,0.00,,0.00,,1.00,1,0.00,,0.00,,0.00,,0.00,,4.00,0.00,,0.00,0.00,0.00,2.00,1,2.00,2.00,0.00,0.00,,,,27.78,27.78,38.10,38.10,32.05,32.05,37.88,37.88,0.00,0.00
Taiwan,TWN,20200403,0.00,,0.00,,1.00,1,0.00,,0.00,,0.00,,0.00,,4.00,0.00,,0.00,0.00,0.00,2.00,1,2.00,2.00,0.00,0.00,,,,27.78,27.78,38.10,38.10,32.05,32.05,37.88,37.88,0.00,0.00
Taiwan,TWN,20200404,0.00,,0.00,,1.00,1,0.00,,0.00,,0.00,,0.00,,4.00,0.00,,0.00,0.00,0.00,2.00,1,2.00,2.00,0.00,0.00,,,,27.78,27.78,38.10,38.10,32.05,32.05,37.88,37.88,0.00,0.00
Taiwan,TWN,20200405,0.00,,0.00,,1.00,1,0.00,,0.00,,0.00,,0.00,,4.00,0.00,,0.00,0.00,0.00,2.00,1,2.00,2.00,0.00,0.00,,,,27.78,27.78,38.10,38.10,32.05,32.05,37.88,37.88,0.00,0.00
Taiwan,TWN,20200406,0.00,,0.00,,1.00,1,0.00,,0.00,,0.00,,0.00,,4.00,0.00,,0.00,0.00,0.00,2.00,1,2.00,2.00,0.00,0.00,,,,27.78,27.78,38.10,38.10,32.05,32.05,37.88,37.88,0.00,0.00
Taiwan,TWN,20200407,0.00,,0.00,,1.00,1,0.00,,0.00,,0.00,,0.00,,4.00,0.00,,0.00,0.00,0.00,2.00,1,2.00,2.00,0.00,0.00,,,,27.78,27.78,38.10,38.10,32.05,32.05,37.88,37.88,0.00,0.00
Taiwan,TWN,20200408,0.00,,0.00,,1.00,1,0.00,,0.00,,0.00,,0.00,,4.00,0.00,,0.00,0.00,0.00,2.00,1,2.00,2.00,0.00,0.00,,,,27.78,27.78,38.10,38.10,32.05,32.05,37.88,37.88,0.00,0.00
Taiwan,TWN,20200409,0.00,,0.00,,1.00,1,0.00,,0.00,,0.00,,0.00,,4.00,0.00,,0.00,0.00,0.00,2.00,1,2.00,2.00,0.00,0.00,,,,27.78,27.78,38.10,38.10,32.05,32.05,37.88,37.88,0.00,0.00
Taiwan,TWN,20200410,0.00,,0.00,,1.00,1,0.00,,0.00,,0.00,,0.00,,4.00,0.00,,0.00,0.00,0.00,2.00,1,2.00,2.00,0.00,0.00,,,,27.78,27.78,38.10,38.10,32.05,32.05,37.88,37.88,0.00,0.00
Taiwan,TWN,20200411,0.00,,0.00,,1.00,1,0.00,,0.00,,0.00,,0.00,,4.00,0.00,,0.00,0.00,0.00,2.00,1,2.00,2.00,0.00,0.00,,,,27.78,27.78,38.10,38.10,32.05,32.05,37.88,37.88,0.00,0.00
Taiwan,TWN,20200412,0.00,,0.00,,1.00,1,0.00,,0.00,,0.00,,0.00,,4.00,0.00,,0.00,0.00,0.00,2.00,1,2.00,2.00,0.00,0.00,,,,27.78,27.78,38.10,38.10,32.05,32.05,37.88,37.88,0.00,0.00
Taiwan,TWN,20200413,0.00,,0.00,,1.00,1,0.00,,0.00,,0.00,,0.00,,4.00,0.00,,0.00,0.00,0.00,2.00,1,2.00,2.00,0.00,0.00,,,,27.78,27.78,38.10,38.10,32.05,32.05,37.88,37.88,0.00,0.00
Taiwan,TWN,20200414,0.00,,0.00,,1.00,1,0.00,,0.00,,0.00,,0.00,,4.00,0.00,,0.00,0.00,0.00,2.00,1,2.00,2.00,0.00,0.00,,,,27.78,27.78,38.10,38.10,32.05,32.05,37.88,37.88,0.00,0.00
Taiwan,TWN,20200415,0.00,,0.00,,1.00,1,0.00,,0.00,,0.00,,0.00,,4.00,0.00,,0.00,0.00,0.00,2.00,1,2.00,2.00,0.00,0.00,,,,27.78,27.78,38.10,38.10,32.05,32.05,37.88,37.88,0.00,0.00
Taiwan,TWN,20200416,0.00,,0.00,,1.00,1,0.00,,0.00,,0.00,,0.00,,4.00,0.00,,0.00,0.00,0.00,2.00,1,2.00,2.00,0.00,0.00,,,,27.78,27.78,38.10,38.10,32.05,32.05,37.88,37.88,0.00,0.00
Taiwan,TWN,20200417,0.00,,0.00,,1.00,1,0.00,,0.00,,0.00,,0.00,,4.00,0.00,,0.00,0.00,0.00,2.00,1,2.00,2.00,0.00,0.00,,,,27.78,27.78,38.10,38.10,32.05,32.05,37.88,37.88,0.00,0.00
Taiwan,TWN,20200418,0.00,,0.00,,1.00,1,0.00,,0.00,,0.00,,0.00,,4.00,0.00,,0.00,0.00,0.00,2.00,1,2.00,2.00,0.00,0.00,,,,27.78,27.78,38.10,38.10,32.05,32.05,37.88,37.88,0.00,0.00
Taiwan,TWN,20200419,0.00,,0.00,,1.00,1,0.00,,0.00,,0.00,,0.00,,4.00,0.00,,0.00,0.00,0.00,2.00,1,2.00,2.00,0.00,0.00,,,,27.78,27.78,38.10,38.10,32.05,32.05,37.88,37.88,0.00,0.00
Taiwan,TWN,20200420,0.00,,0.00,,1.00,1,0.00,,0.00,,0.00,,0.00,,4.00,0.00,,0.00,0.00,0.00,2.00,1,2.00,2.00,0.00,0.00,,,,27.78,27.78,38.10,38.10,32.05,32.05,37.88,37.88,0.00,0.00
Taiwan,TWN,20200421,0.00,,0.00,,1.00,1,0.00,,0.00,,0.00,,0.00,,4.00,1.00,0,0.00,0.00,0.00,2.00,1,2.00,2.00,0.00,0.00,,,,27.78,27.78,38.10,38.10,33.97,33.97,37.88,37.88,12.50,12.50
Taiwan,TWN,20200422,0.00,,0.00,,1.00,1,0.00,,0.00,,0.00,,0.00,,4.00,1.00,0,0.00,0.00,0.00,2.00,1,2.00,2.00,0.00,0.00,,,,27.78,27.78,38.10,38.10,33.97,33.97,37.88,37.88,12.50,12.50
Taiwan,TWN,20200423,0.00,,0.00,,1.00,1,0.00,,0.00,,0.00,,0.00,,4.00,1.00,0,0.00,0.00,0.00,2.00,1,2.00,2.00,0.00,0.00,,,,27.78,27.78,38.10,38.10,33.97,33.97,37.88,37.88,12.50,12.50
Taiwan,TWN,20200424,0.00,,0.00,,1.00,1,0.00,,0.00,,0.00,,0.00,,4.00,1.00,0,0.00,0.00,0.00,2.00,1,2.00,2.00,0.00,0.00,,,,27.78,27.78,38.10,38.10,33.97,33.97,37.88,37.88,12.50,12.50
Taiwan,TWN,20200425,0.00,,0.00,,1.00,1,0.00,,0.00,,0.00,,0.00,,4.00,1.00,0,0.00,0.00,0.00,2.00,1,2.00,2.00,0.00,0.00,,,,27.78,27.78,38.10,38.10,33.97,33.97,37.88,37.88,12.50,12.50
Taiwan,TWN,20200426,0.00,,0.00,,1.00,1,0.00,,0.00,,0.00,,0.00,,4.00,1.00,0,0.00,0.00,0.00,2.00,1,2.00,2.00,0.00,0.00,,,,27.78,27.78,38.10,38.10,33.97,33.97,37.88,37.88,12.50,12.50
Taiwan,TWN,20200427,0.00,,0.00,,1.00,1,0.00,,0.00,,0.00,,0.00,,4.00,1.00,0,0.00,0.00,0.00,2.00,1,2.00,2.00,0.00,0.00,,,,27.78,27.78,38.10,38.10,33.97,33.97,37.88,37.88,12.50,12.50
Taiwan,TWN,20200428,0.00,,0.00,,1.00,1,0.00,,0.00,,0.00,,0.00,,4.00,1.00,0,0.00,0.00,0.00,2.00,1,2.00,2.00,0.00,0.00,,,,27.78,27.78,38.10,38.10,33.97,33.97,37.88,37.88,12.50,12.50
Taiwan,TWN,20200429,0.00,,0.00,,1.00,1,0.00,,0.00,,0.00,,0.00,,4.00,1.00,0,0.00,0.00,0.00,2.00,1,2.00,2.00,0.00,0.00,,,,27.78,27.78,38.10,38.10,33.97,33.97,37.88,37.88,12.50,12.50
Taiwan,TWN,20200430,0.00,,0.00,,1.00,1,0.00,,0.00,,0.00,,0.00,,4.00,1.00,0,0.00,0.00,0.00,2.00,1,2.00,2.00,0.00,0.00,,,,27.78,27.78,38.10,38.10,33.97,33.97,37.88,37.88,12.50,12.50
Taiwan,TWN,20200501,0.00,,0.00,,1.00,1,0.00,,0.00,,0.00,,0.00,,4.00,1.00,0,0.00,0.00,0.00,2.00,1,2.00,2.00,0.00,0.00,,,,27.78,27.78,38.10,38.10,33.97,33.97,37.88,37.88,12.50,12.50
Taiwan,TWN,20200502,0.00,,0.00,,1.00,1,0.00,,0.00,,0.00,,0.00,,4.00,1.00,0,0.00,0.00,0.00,2.00,1,2.00,2.00,0.00,0.00,,,,27.78,27.78,38.10,38.10,33.97,33.97,37.88,37.88,12.50,12.50
Taiwan,TWN,20200503,0.00,,0.00,,1.00,1,0.00,,0.00,,0.00,,0.00,,4.00,1.00,0,0.00,0.00,0.00,2.00,1,2.00,2.00,0.00,0.00,,,,27.78,27.78,38.10,38.10,33.97,33.97,37.88,37.88,12.50,12.50
Taiwan,TWN,20200504,0.00,,0.00,,1.00,1,0.00,,0.00,,0.00,,0.00,,4.00,1.00,0,0.00,0.00,0.00,2.00,1,2.00,2.00,0.00,0.00,,,,27.78,27.78,38.10,38.10,33.97,33.97,37.88,37.88,12.50,12.50
Taiwan,TWN,20200505,0.00,,0.00,,1.00,1,0.00,,0.00,,0.00,,0.00,,4.00,1.00,0,0.00,0.00,0.00,2.00,1,2.00,2.00,0.00,0.00,,,,27.78,27.78,38.10,38.10,33.97,33.97,37.88,37.88,12.50,12.50
Taiwan,TWN,20200506,0.00,,0.00,,1.00,1,0.00,,0.00,,0.00,,0.00,,4.00,1.00,0,0.00,0.00,0.00,2.00,1,2.00,2.00,0.00,0.00,,,,27.78,27.78,38.10,38.10,33.97,33.97,37.88,37.88,12.50,12.50
Taiwan,TWN,20200507,0.00,,0.00,,1.00,1,0.00,,0.00,,0.00,,0.00,,4.00,1.00,0,0.00,0.00,0.00,2.00,1,2.00,2.00,0.00,0.00,,,,27.78,27.78,38.10,38.10,33.97,33.97,37.88,37.88,12.50,12.50
Taiwan,TWN,20200508,0.00,,0.00,,0.00,,0.00,,0.00,,0.00,,0.00,,4.00,1.00,0,0.00,0.00,0.00,2.00,1,2.00,2.00,0.00,0.00,,,,22.22,22.22,28.57,28.57,30.13,30.13,33.33,33.33,12.50,12.50
Taiwan,TWN,20200509,0.00,,0.00,,0.00,,0.00,,0.00,,0.00,,0.00,,4.00,1.00,0,0.00,0.00,0.00,2.00,1,2.00,2.00,0.00,0.00,,,,22.22,22.22,28.57,28.57,30.13,30.13,33.33,33.33,12.50,12.50
Taiwan,TWN,20200510,0.00,,0.00,,0.00,,0.00,,0.00,,0.00,,0.00,,4.00,1.00,0,0.00,0.00,0.00,2.00,1,2.00,2.00,0.00,0.00,,,,22.22,22.22,28.57,28.57,30.13,30.13,33.33,33.33,12.50,12.50
Taiwan,TWN,20200511,0.00,,0.00,,0.00,,0.00,,0.00,,0.00,,0.00,,4.00,1.00,0,0.00,0.00,0.00,2.00,1,2.00,2.00,0.00,0.00,,,,22.22,22.22,28.57,28.57,30.13,30.13,33.33,33.33,12.50,12.50
Taiwan,TWN,20200512,0.00,,0.00,,0.00,,0.00,,0.00,,0.00,,0.00,,4.00,1.00,0,0.00,0.00,0.00,2.00,1,2.00,2.00,0.00,0.00,,,,22.22,22.22,28.57,28.57,30.13,30.13,33.33,33.33,12.50,12.50
Taiwan,TWN,20200513,0.00,,0.00,,0.00,,0.00,,0.00,,0.00,,0.00,,4.00,1.00,0,0.00,0.00,0.00,2.00,1,2.00,2.00,0.00,0.00,,,,22.22,22.22,28.57,28.57,30.13,30.13,33.33,33.33,12.50,12.50
Taiwan,TWN,20200514,0.00,,0.00,,0.00,,0.00,,0.00,,0.00,,0.00,,4.00,1.00,0,0.00,0.00,0.00,2.00,1,2.00,2.00,0.00,0.00,,,,22.22,22.22,28.57,28.57,30.13,30.13,33.33,33.33,12.50,12.50
Taiwan,TWN,20200515,0.00,,0.00,,0.00,,0.00,,0.00,,0.00,,0.00,,4.00,1.00,0,0.00,0.00,0.00,2.00,1,2.00,2.00,0.00,0.00,,,,22.22,22.22,28.57,28.57,30.13,30.13,33.33,33.33,12.50,12.50
Taiwan,TWN,20200516,0.00,,0.00,,0.00,,0.00,,0.00,,0.00,,0.00,,4.00,1.00,0,0.00,0.00,0.00,2.00,1,2.00,2.00,0.00,0.00,,,,22.22,22.22,28.57,28.57,30.13,30.13,33.33,33.33,12.50,12.50
Taiwan,TWN,20200517,0.00,,0.00,,0.00,,0.00,,0.00,,0.00,,0.00,,4.00,1.00,0,0.00,0.00,0.00,2.00,1,2.00,2.00,0.00,0.00,,,,22.22,22.22,28.57,28.57,30.13,30.13,33.33,33.33,12.50,12.50
Taiwan,TWN,20200518,0.00,,0.00,,0.00,,0.00,,0.00,,0.00,,0.00,,4.00,1.00,0,0.00,0.00,0.00,2.00,1,2.00,2.00,0.00,0.00,,,,22.22,22.22,28.57,28.57,30.13,30.13,33.33,33.33,12.50,12.50
Taiwan,TWN,20200519,0.00,,0.00,,0.00,,0.00,,0.00,,0.00,,0.00,,4.00,1.00,0,0.00,0.00,0.00,2.00,1,2.00,2.00,0.00,0.00,,,,22.22,22.22,28.57,28.57,30.13,30.13,33.33,33.33,12.50,12.50
Taiwan,TWN,20200520,0.00,,0.00,,0.00,,0.00,,0.00,,0.00,,0.00,,4.00,1.00,0,0.00,0.00,0.00,2.00,1,2.00,2.00,0.00,0.00,,,,22.22,22.22,28.57,28.57,30.13,30.13,33.33,33.33,12.50,12.50
Taiwan,TWN,20200521,0.00,,0.00,,0.00,,0.00,,0.00,,0.00,,0.00,,4.00,1.00,0,0.00,0.00,0.00,2.00,1,2.00,2.00,0.00,0.00,,,,22.22,22.22,28.57,28.57,30.13,30.13,33.33,33.33,12.50,12.50
Taiwan,TWN,20200522,0.00,,0.00,,0.00,,0.00,,0.00,,0.00,,0.00,,4.00,1.00,0,0.00,0.00,0.00,2.00,1,2.00,2.00,0.00,0.00,,,,22.22,22.22,28.57,28.57,30.13,30.13,33.33,33.33,12.50,12.50
Taiwan,TWN,20200523,0.00,,0.00,,0.00,,0.00,,0.00,,0.00,,0.00,,4.00,1.00,0,0.00,0.00,0.00,2.00,1,3.00,2.00,0.00,0.00,,,,22.22,22.22,28.57,28.57,32.69,32.69,36.36,36.36,12.50,12.50
Taiwan,TWN,20200524,0.00,,0.00,,0.00,,0.00,,0.00,,0.00,,0.00,,4.00,1.00,0,0.00,0.00,0.00,2.00,1,3.00,2.00,0.00,0.00,,,,22.22,22.22,28.57,28.57,32.69,32.69,36.36,36.36,12.50,12.50
Taiwan,TWN,20200525,0.00,,0.00,,0.00,,0.00,,0.00,,0.00,,0.00,,4.00,1.00,0,0.00,0.00,0.00,2.00,1,3.00,2.00,0.00,0.00,,,,22.22,22.22,28.57,28.57,32.69,32.69,36.36,36.36,12.50,12.50
Taiwan,TWN,20200526,0.00,,0.00,,0.00,,0.00,,0.00,,0.00,,0.00,,4.00,1.00,0,0.00,0.00,0.00,2.00,1,3.00,2.00,0.00,0.00,,,,22.22,22.22,28.57,28.57,32.69,32.69,36.36,36.36,12.50,12.50
Taiwan,TWN,20200527,0.00,,0.00,,0.00,,0.00,,0.00,,0.00,,0.00,,4.00,1.00,0,0.00,0.00,0.00,2.00,1,3.00,2.00,0.00,0.00,,,,22.22,22.22,28.57,28.57,32.69,32.69,36.36,36.36,12.50,12.50
Taiwan,TWN,20200528,0.00,,0.00,,0.00,,0.00,,0.00,,0.00,,0.00,,4.00,1.00,0,0.00,0.00,0.00,2.00,1,3.00,2.00,0.00,0.00,,,,22.22,22.22,28.57,28.57,32.69,32.69,36.36,36.36,12.50,12.50
Taiwan,TWN,20200529,0.00,,0.00,,0.00,,0.00,,0.00,,0.00,,0.00,,4.00,1.00,0,0.00,0.00,0.00,2.00,1,3.00,2.00,0.00,0.00,,,,22.22,22.22,28.57,28.57,32.69,32.69,36.36,36.36,12.50,12.50
Taiwan,TWN,20200530,0.00,,0.00,,0.00,,0.00,,0.00,,0.00,,0.00,,4.00,1.00,0,0.00,0.00,0.00,2.00,1,3.00,2.00,0.00,0.00,,,,22.22,22.22,28.57,28.57,32.69,32.69,36.36,36.36,12.50,12.50
Taiwan,TWN,20200531,0.00,,0.00,,0.00,,0.00,,0.00,,0.00,,0.00,,4.00,1.00,0,0.00,0.00,0.00,2.00,1,3.00,2.00,0.00,0.00,,,,22.22,22.22,28.57,28.57,32.69,32.69,36.36,36.36,12.50,12.50
Taiwan,TWN,20200601,0.00,,0.00,,0.00,,0.00,,0.00,,0.00,,0.00,,4.00,1.00,0,0.00,0.00,0.00,2.00,1,3.00,2.00,0.00,0.00,,,,22.22,22.22,28.57,28.57,32.69,32.69,36.36,36.36,12.50,12.50
Taiwan,TWN,20200602,0.00,,0.00,,0.00,,0.00,,0.00,,0.00,,0.00,,4.00,1.00,0,0.00,0.00,0.00,2.00,1,3.00,2.00,0.00,0.00,,,,22.22,22.22,28.57,28.57,32.69,32.69,36.36,36.36,12.50,12.50
Taiwan,TWN,20200603,0.00,,0.00,,0.00,,0.00,,0.00,,0.00,,0.00,,4.00,1.00,0,0.00,0.00,0.00,2.00,1,3.00,2.00,0.00,0.00,,,,22.22,22.22,28.57,28.57,32.69,32.69,36.36,36.36,12.50,12.50
Taiwan,TWN,20200604,0.00,,0.00,,0.00,,0.00,,0.00,,0.00,,0.00,,4.00,1.00,0,0.00,0.00,0.00,2.00,1,3.00,2.00,0.00,0.00,,,,22.22,22.22,28.57,28.57,32.69,32.69,36.36,36.36,12.50,12.50
Taiwan,TWN,20200605,0.00,,0.00,,0.00,,0.00,,0.00,,0.00,,0.00,,4.00,1.00,0,0.00,0.00,0.00,2.00,1,3.00,2.00,0.00,0.00,,,,22.22,22.22,28.57,28.57,32.69,32.69,36.36,36.36,12.50,12.50
Taiwan,TWN,20200606,0.00,,0.00,,0.00,,0.00,,0.00,,0.00,,0.00,,4.00,1.00,0,0.00,0.00,0.00,2.00,1,3.00,2.00,0.00,0.00,,,,22.22,22.22,28.57,28.57,32.69,32.69,36.36,36.36,12.50,12.50
Taiwan,TWN,20200607,0.00,,0.00,,0.00,,0.00,,0.00,,0.00,,0.00,,4.00,1.00,0,0.00,0.00,0.00,2.00,1,3.00,2.00,0.00,0.00,,,,22.22,22.22,28.57,28.57,32.69,32.69,36.36,36.36,12.50,12.50
Taiwan,TWN,20200608,0.00,,0.00,,0.00,,0.00,,0.00,,0.00,,0.00,,4.00,1.00,0,0.00,0.00,0.00,2.00,1,3.00,2.00,0.00,0.00,,,,22.22,22.22,28.57,28.57,32.69,32.69,36.36,36.36,12.50,12.50
Taiwan,TWN,20200609,0.00,,0.00,,0.00,,0.00,,0.00,,0.00,,0.00,,4.00,1.00,0,0.00,0.00,0.00,2.00,1,3.00,2.00,0.00,0.00,,,,22.22,22.22,28.57,28.57,32.69,32.69,36.36,36.36,12.50,12.50
Taiwan,TWN,20200610,0.00,,0.00,,0.00,,0.00,,0.00,,0.00,,0.00,,4.00,1.00,0,0.00,0.00,0.00,2.00,1,3.00,2.00,0.00,0.00,,,,22.22,22.22,28.57,28.57,32.69,32.69,36.36,36.36,12.50,12.50
Taiwan,TWN,20200611,0.00,,0.00,,0.00,,0.00,,0.00,,0.00,,0.00,,4.00,1.00,0,0.00,0.00,0.00,2.00,1,3.00,2.00,0.00,0.00,,,,22.22,22.22,28.57,28.57,32.69,32.69,36.36,36.36,12.50,12.50
Taiwan,TWN,20200612,0.00,,0.00,,0.00,,0.00,,0.00,,0.00,,0.00,,4.00,1.00,0,0.00,0.00,0.00,2.00,1,3.00,2.00,0.00,0.00,,,,22.22,22.22,28.57,28.57,32.69,32.69,36.36,36.36,12.50,12.50
Taiwan,TWN,20200613,0.00,,0.00,,0.00,,0.00,,0.00,,0.00,,0.00,,4.00,1.00,0,0.00,0.00,0.00,2.00,1,3.00,2.00,0.00,0.00,,,,22.22,22.22,28.57,28.57,32.69,32.69,36.36,36.36,12.50,12.50
Taiwan,TWN,20200614,0.00,,0.00,,0.00,,0.00,,0.00,,0.00,,0.00,,4.00,1.00,0,0.00,0.00,0.00,2.00,1,3.00,2.00,0.00,0.00,,,,22.22,22.22,28.57,28.57,32.69,32.69,36.36,36.36,12.50,12.50
Taiwan,TWN,20200615,0.00,,0.00,,0.00,,0.00,,0.00,,0.00,,0.00,,4.00,1.00,0,0.00,0.00,0.00,2.00,1,3.00,2.00,0.00,0.00,,,,22.22,22.22,28.57,28.57,32.69,32.69,36.36,36.36,12.50,12.50
Taiwan,TWN,20200616,,,,,,,,,,,,,,,,,,,,,,,,,,,,,,,,,,,,,,,
Taiwan,TWN,20200617,,,,,,,,,,,,,,,,,,,,,,,,,,,,,,,22.22,,28.57,,32.69,,36.36,,12.50
Taiwan,TWN,20200618,,,,,,,,,,,,,,,,,,,,,,,,,,,,,,,22.22,,28.57,,32.69,,36.36,,12.50
Taiwan,TWN,20200619,,,,,,,,,,,,,,,,,,,,,,,,,,,,,,,22.22,,28.57,,32.69,,36.36,,12.50
Taiwan,TWN,20200620,,,,,,,,,,,,,,,,,,,,,,,,,,,,,,,22.22,,28.57,,32.69,,36.36,,12.50
Taiwan,TWN,20200621,,,,,,,,,,,,,,,,,,,,,,,,,,,,,,,22.22,,28.57,,32.69,,36.36,,12.50
Taiwan,TWN,20200622,,,,,,,,,,,,,,,,,,,,,,,,,,,,,,,22.22,,28.57,,32.69,,36.36,,12.50
Taiwan,TWN,20200623,,,,,,,,,,,,,,,,,,,,,,,,,,,,,,,22.22,,28.57,,32.69,,36.36,,12.50
