Tajikistan,TJK,20200101,0.00,,0.00,,0.00,,0.00,,0.00,,0.00,,0.00,,0.00,0.00,,0.00,0.00,0.00,0.00,,0.00,0.00,0.00,0.00,,,,0.00,0.00,0.00,0.00,0.00,0.00,0.00,0.00,0.00,0.00
Tajikistan,TJK,20200102,0.00,,0.00,,0.00,,0.00,,0.00,,0.00,,0.00,,0.00,0.00,,0.00,0.00,0.00,0.00,,0.00,0.00,0.00,0.00,,,,0.00,0.00,0.00,0.00,0.00,0.00,0.00,0.00,0.00,0.00
Tajikistan,TJK,20200103,0.00,,0.00,,0.00,,0.00,,0.00,,0.00,,0.00,,0.00,0.00,,0.00,0.00,0.00,0.00,,0.00,0.00,0.00,0.00,,,,0.00,0.00,0.00,0.00,0.00,0.00,0.00,0.00,0.00,0.00
Tajikistan,TJK,20200104,0.00,,0.00,,0.00,,0.00,,0.00,,0.00,,0.00,,0.00,0.00,,0.00,0.00,0.00,0.00,,0.00,0.00,0.00,0.00,,,,0.00,0.00,0.00,0.00,0.00,0.00,0.00,0.00,0.00,0.00
Tajikistan,TJK,20200105,0.00,,0.00,,0.00,,0.00,,0.00,,0.00,,0.00,,0.00,0.00,,0.00,0.00,0.00,0.00,,0.00,0.00,0.00,0.00,,,,0.00,0.00,0.00,0.00,0.00,0.00,0.00,0.00,0.00,0.00
Tajikistan,TJK,20200106,0.00,,0.00,,0.00,,0.00,,0.00,,0.00,,0.00,,0.00,0.00,,0.00,0.00,0.00,0.00,,0.00,0.00,0.00,0.00,,,,0.00,0.00,0.00,0.00,0.00,0.00,0.00,0.00,0.00,0.00
Tajikistan,TJK,20200107,0.00,,0.00,,0.00,,0.00,,0.00,,0.00,,0.00,,0.00,0.00,,0.00,0.00,0.00,0.00,,0.00,0.00,0.00,0.00,,,,0.00,0.00,0.00,0.00,0.00,0.00,0.00,0.00,0.00,0.00
Tajikistan,TJK,20200108,0.00,,0.00,,0.00,,0.00,,0.00,,0.00,,0.00,,0.00,0.00,,0.00,0.00,0.00,0.00,,0.00,0.00,0.00,0.00,,,,0.00,0.00,0.00,0.00,0.00,0.00,0.00,0.00,0.00,0.00
Tajikistan,TJK,20200109,0.00,,0.00,,0.00,,0.00,,0.00,,0.00,,0.00,,0.00,0.00,,0.00,0.00,0.00,0.00,,0.00,0.00,0.00,0.00,,,,0.00,0.00,0.00,0.00,0.00,0.00,0.00,0.00,0.00,0.00
Tajikistan,TJK,20200110,0.00,,0.00,,0.00,,0.00,,0.00,,0.00,,0.00,,0.00,0.00,,0.00,0.00,0.00,0.00,,0.00,0.00,0.00,0.00,,,,0.00,0.00,0.00,0.00,0.00,0.00,0.00,0.00,0.00,0.00
Tajikistan,TJK,20200111,0.00,,0.00,,0.00,,0.00,,0.00,,0.00,,0.00,,0.00,0.00,,0.00,0.00,0.00,0.00,,0.00,0.00,0.00,0.00,,,,0.00,0.00,0.00,0.00,0.00,0.00,0.00,0.00,0.00,0.00
Tajikistan,TJK,20200112,0.00,,0.00,,0.00,,0.00,,0.00,,0.00,,0.00,,0.00,0.00,,0.00,0.00,0.00,0.00,,0.00,0.00,0.00,0.00,,,,0.00,0.00,0.00,0.00,0.00,0.00,0.00,0.00,0.00,0.00
Tajikistan,TJK,20200113,0.00,,0.00,,0.00,,0.00,,0.00,,0.00,,0.00,,0.00,0.00,,0.00,0.00,0.00,0.00,,0.00,0.00,0.00,0.00,,,,0.00,0.00,0.00,0.00,0.00,0.00,0.00,0.00,0.00,0.00
Tajikistan,TJK,20200114,0.00,,0.00,,0.00,,0.00,,0.00,,0.00,,0.00,,0.00,0.00,,0.00,0.00,0.00,0.00,,0.00,0.00,0.00,0.00,,,,0.00,0.00,0.00,0.00,0.00,0.00,0.00,0.00,0.00,0.00
Tajikistan,TJK,20200115,0.00,,0.00,,0.00,,0.00,,0.00,,0.00,,0.00,,0.00,0.00,,0.00,0.00,0.00,0.00,,0.00,0.00,0.00,0.00,,,,0.00,0.00,0.00,0.00,0.00,0.00,0.00,0.00,0.00,0.00
Tajikistan,TJK,20200116,0.00,,0.00,,0.00,,0.00,,0.00,,0.00,,0.00,,0.00,0.00,,0.00,0.00,0.00,0.00,,0.00,0.00,0.00,0.00,,,,0.00,0.00,0.00,0.00,0.00,0.00,0.00,0.00,0.00,0.00
Tajikistan,TJK,20200117,0.00,,0.00,,0.00,,0.00,,0.00,,0.00,,0.00,,0.00,0.00,,0.00,0.00,0.00,0.00,,0.00,0.00,0.00,0.00,,,,0.00,0.00,0.00,0.00,0.00,0.00,0.00,0.00,0.00,0.00
Tajikistan,TJK,20200118,0.00,,0.00,,0.00,,0.00,,0.00,,0.00,,0.00,,0.00,0.00,,0.00,0.00,0.00,0.00,,0.00,0.00,0.00,0.00,,,,0.00,0.00,0.00,0.00,0.00,0.00,0.00,0.00,0.00,0.00
Tajikistan,TJK,20200119,0.00,,0.00,,0.00,,0.00,,0.00,,0.00,,0.00,,0.00,0.00,,0.00,0.00,0.00,0.00,,0.00,0.00,0.00,0.00,,,,0.00,0.00,0.00,0.00,0.00,0.00,0.00,0.00,0.00,0.00
Tajikistan,TJK,20200120,0.00,,0.00,,0.00,,0.00,,0.00,,0.00,,0.00,,0.00,0.00,,0.00,0.00,0.00,0.00,,0.00,0.00,0.00,0.00,,,,0.00,0.00,0.00,0.00,0.00,0.00,0.00,0.00,0.00,0.00
Tajikistan,TJK,20200121,0.00,,0.00,,0.00,,0.00,,0.00,,0.00,,0.00,,0.00,0.00,,0.00,0.00,0.00,1.00,1,0.00,0.00,0.00,0.00,,,,5.56,5.56,9.52,9.52,3.85,3.85,4.55,4.55,0.00,0.00
Tajikistan,TJK,20200122,0.00,,0.00,,0.00,,0.00,,0.00,,0.00,,0.00,,0.00,0.00,,0.00,0.00,0.00,1.00,1,0.00,0.00,0.00,0.00,,,,5.56,5.56,9.52,9.52,3.85,3.85,4.55,4.55,0.00,0.00
Tajikistan,TJK,20200123,0.00,,0.00,,0.00,,0.00,,0.00,,0.00,,0.00,,0.00,0.00,,0.00,0.00,0.00,1.00,1,0.00,0.00,0.00,0.00,,,,5.56,5.56,9.52,9.52,3.85,3.85,4.55,4.55,0.00,0.00
Tajikistan,TJK,20200124,0.00,,0.00,,0.00,,0.00,,0.00,,0.00,,0.00,,0.00,0.00,,0.00,0.00,0.00,1.00,1,0.00,0.00,0.00,0.00,,,,5.56,5.56,9.52,9.52,3.85,3.85,4.55,4.55,0.00,0.00
Tajikistan,TJK,20200125,0.00,,0.00,,0.00,,0.00,,0.00,,0.00,,0.00,,0.00,0.00,,0.00,0.00,0.00,1.00,1,0.00,0.00,0.00,0.00,,,,5.56,5.56,9.52,9.52,3.85,3.85,4.55,4.55,0.00,0.00
Tajikistan,TJK,20200126,0.00,,0.00,,0.00,,0.00,,0.00,,0.00,,0.00,,0.00,0.00,,0.00,0.00,0.00,1.00,1,0.00,0.00,0.00,0.00,,,,5.56,5.56,9.52,9.52,3.85,3.85,4.55,4.55,0.00,0.00
Tajikistan,TJK,20200127,0.00,,0.00,,0.00,,0.00,,0.00,,0.00,,0.00,,0.00,0.00,,0.00,0.00,0.00,1.00,1,0.00,0.00,0.00,0.00,,,,5.56,5.56,9.52,9.52,3.85,3.85,4.55,4.55,0.00,0.00
Tajikistan,TJK,20200128,0.00,,0.00,,0.00,,0.00,,0.00,,0.00,,0.00,,0.00,0.00,,0.00,0.00,0.00,1.00,1,0.00,0.00,0.00,0.00,,,,5.56,5.56,9.52,9.52,3.85,3.85,4.55,4.55,0.00,0.00
Tajikistan,TJK,20200129,0.00,,0.00,,0.00,,0.00,,0.00,,0.00,,0.00,,0.00,0.00,,0.00,0.00,0.00,1.00,1,0.00,0.00,0.00,0.00,,,,5.56,5.56,9.52,9.52,3.85,3.85,4.55,4.55,0.00,0.00
Tajikistan,TJK,20200130,0.00,,0.00,,0.00,,0.00,,0.00,,0.00,,0.00,,0.00,0.00,,0.00,0.00,0.00,1.00,1,0.00,0.00,0.00,0.00,,,,5.56,5.56,9.52,9.52,3.85,3.85,4.55,4.55,0.00,0.00
Tajikistan,TJK,20200131,0.00,,0.00,,0.00,,0.00,,0.00,,0.00,,0.00,,0.00,0.00,,0.00,0.00,0.00,1.00,1,0.00,0.00,0.00,0.00,,,,5.56,5.56,9.52,9.52,3.85,3.85,4.55,4.55,0.00,0.00
Tajikistan,TJK,20200201,0.00,,0.00,,0.00,,0.00,,0.00,,0.00,,0.00,,0.00,0.00,,0.00,0.00,0.00,1.00,1,0.00,1.00,0.00,0.00,,,,5.56,5.56,9.52,9.52,7.69,7.69,9.09,9.09,0.00,0.00
Tajikistan,TJK,20200202,0.00,,0.00,,0.00,,0.00,,0.00,,0.00,,0.00,,0.00,0.00,,0.00,0.00,0.00,1.00,1,0.00,1.00,0.00,0.00,,,,5.56,5.56,9.52,9.52,7.69,7.69,9.09,9.09,0.00,0.00
Tajikistan,TJK,20200203,0.00,,0.00,,0.00,,0.00,,0.00,,0.00,,0.00,,2.00,0.00,,0.00,0.00,0.00,1.00,1,0.00,1.00,0.00,0.00,,,,11.11,11.11,16.67,16.67,11.54,11.54,13.64,13.64,0.00,0.00
Tajikistan,TJK,20200204,0.00,,0.00,,0.00,,0.00,,0.00,,0.00,,0.00,,2.00,0.00,,0.00,0.00,0.00,1.00,1,1.00,1.00,0.00,0.00,,,,11.11,11.11,16.67,16.67,14.10,14.10,16.67,16.67,0.00,0.00
Tajikistan,TJK,20200205,0.00,,0.00,,0.00,,0.00,,0.00,,0.00,,0.00,,2.00,0.00,,0.00,0.00,0.00,1.00,1,1.00,1.00,0.00,0.00,,,,11.11,11.11,16.67,16.67,14.10,14.10,16.67,16.67,0.00,0.00
Tajikistan,TJK,20200206,0.00,,0.00,,0.00,,0.00,,0.00,,0.00,,0.00,,2.00,0.00,,0.00,0.00,0.00,1.00,1,1.00,1.00,0.00,0.00,,,,11.11,11.11,16.67,16.67,14.10,14.10,16.67,16.67,0.00,0.00
Tajikistan,TJK,20200207,0.00,,0.00,,0.00,,0.00,,0.00,,0.00,,0.00,,2.00,0.00,,0.00,0.00,0.00,1.00,1,1.00,1.00,0.00,0.00,,,,11.11,11.11,16.67,16.67,14.10,14.10,16.67,16.67,0.00,0.00
Tajikistan,TJK,20200208,0.00,,0.00,,0.00,,0.00,,0.00,,0.00,,0.00,,2.00,0.00,,0.00,0.00,0.00,1.00,1,1.00,1.00,0.00,0.00,,,,11.11,11.11,16.67,16.67,14.10,14.10,16.67,16.67,0.00,0.00
Tajikistan,TJK,20200209,0.00,,0.00,,0.00,,0.00,,0.00,,0.00,,0.00,,2.00,0.00,,0.00,0.00,0.00,1.00,1,1.00,1.00,0.00,0.00,,,,11.11,11.11,16.67,16.67,14.10,14.10,16.67,16.67,0.00,0.00
Tajikistan,TJK,20200210,0.00,,0.00,,0.00,,0.00,,0.00,,0.00,,0.00,,2.00,0.00,,0.00,0.00,0.00,1.00,1,1.00,1.00,0.00,0.00,,,,11.11,11.11,16.67,16.67,14.10,14.10,16.67,16.67,0.00,0.00
Tajikistan,TJK,20200211,0.00,,0.00,,0.00,,0.00,,0.00,,0.00,,0.00,,2.00,0.00,,0.00,0.00,0.00,1.00,1,1.00,1.00,0.00,0.00,,,,11.11,11.11,16.67,16.67,14.10,14.10,16.67,16.67,0.00,0.00
Tajikistan,TJK,20200212,0.00,,0.00,,0.00,,0.00,,0.00,,0.00,,0.00,,2.00,0.00,,0.00,0.00,0.00,1.00,1,1.00,1.00,0.00,0.00,,,,11.11,11.11,16.67,16.67,14.10,14.10,16.67,16.67,0.00,0.00
Tajikistan,TJK,20200213,0.00,,0.00,,0.00,,0.00,,0.00,,0.00,,0.00,,2.00,0.00,,0.00,0.00,0.00,1.00,1,1.00,1.00,0.00,0.00,,,,11.11,11.11,16.67,16.67,14.10,14.10,16.67,16.67,0.00,0.00
Tajikistan,TJK,20200214,0.00,,0.00,,0.00,,0.00,,0.00,,0.00,,0.00,,2.00,0.00,,0.00,0.00,0.00,1.00,1,1.00,1.00,0.00,0.00,,,,11.11,11.11,16.67,16.67,14.10,14.10,16.67,16.67,0.00,0.00
Tajikistan,TJK,20200215,0.00,,0.00,,0.00,,0.00,,0.00,,0.00,,0.00,,2.00,0.00,,0.00,0.00,0.00,1.00,1,1.00,1.00,0.00,0.00,,,,11.11,11.11,16.67,16.67,14.10,14.10,16.67,16.67,0.00,0.00
Tajikistan,TJK,20200216,0.00,,0.00,,0.00,,0.00,,0.00,,0.00,,0.00,,2.00,0.00,,0.00,0.00,0.00,1.00,1,1.00,1.00,0.00,0.00,,,,11.11,11.11,16.67,16.67,14.10,14.10,16.67,16.67,0.00,0.00
Tajikistan,TJK,20200217,0.00,,0.00,,0.00,,0.00,,0.00,,0.00,,0.00,,2.00,0.00,,0.00,0.00,0.00,1.00,1,1.00,1.00,0.00,0.00,,,,11.11,11.11,16.67,16.67,14.10,14.10,16.67,16.67,0.00,0.00
Tajikistan,TJK,20200218,0.00,,0.00,,0.00,,0.00,,0.00,,0.00,,0.00,,2.00,0.00,,0.00,0.00,0.00,1.00,1,1.00,1.00,0.00,0.00,,,,11.11,11.11,16.67,16.67,14.10,14.10,16.67,16.67,0.00,0.00
Tajikistan,TJK,20200219,0.00,,0.00,,0.00,,0.00,,0.00,,0.00,,0.00,,2.00,0.00,,0.00,0.00,0.00,1.00,1,1.00,1.00,0.00,0.00,,,,11.11,11.11,16.67,16.67,14.10,14.10,16.67,16.67,0.00,0.00
Tajikistan,TJK,20200220,0.00,,0.00,,0.00,,0.00,,0.00,,0.00,,0.00,,2.00,0.00,,0.00,0.00,0.00,1.00,1,1.00,1.00,0.00,0.00,,,,11.11,11.11,16.67,16.67,14.10,14.10,16.67,16.67,0.00,0.00
Tajikistan,TJK,20200221,0.00,,0.00,,0.00,,0.00,,0.00,,0.00,,0.00,,2.00,0.00,,0.00,0.00,0.00,1.00,1,1.00,1.00,0.00,0.00,,,,11.11,11.11,16.67,16.67,14.10,14.10,16.67,16.67,0.00,0.00
Tajikistan,TJK,20200222,0.00,,0.00,,0.00,,0.00,,0.00,,0.00,,0.00,,2.00,0.00,,0.00,0.00,0.00,1.00,1,1.00,1.00,0.00,0.00,,,,11.11,11.11,16.67,16.67,14.10,14.10,16.67,16.67,0.00,0.00
Tajikistan,TJK,20200223,0.00,,0.00,,0.00,,0.00,,0.00,,0.00,,0.00,,2.00,0.00,,0.00,0.00,0.00,1.00,1,1.00,1.00,0.00,0.00,,,,11.11,11.11,16.67,16.67,14.10,14.10,16.67,16.67,0.00,0.00
Tajikistan,TJK,20200224,0.00,,0.00,,0.00,,0.00,,0.00,,0.00,,0.00,,2.00,0.00,,0.00,0.00,0.00,1.00,1,1.00,1.00,0.00,0.00,,,,11.11,11.11,16.67,16.67,14.10,14.10,16.67,16.67,0.00,0.00
Tajikistan,TJK,20200225,0.00,,0.00,,0.00,,0.00,,0.00,,0.00,,0.00,,2.00,0.00,,0.00,0.00,0.00,1.00,1,1.00,1.00,0.00,0.00,,,,11.11,11.11,16.67,16.67,14.10,14.10,16.67,16.67,0.00,0.00
Tajikistan,TJK,20200226,0.00,,0.00,,0.00,,0.00,,0.00,,0.00,,0.00,,2.00,0.00,,0.00,0.00,0.00,1.00,1,1.00,1.00,0.00,0.00,,,,11.11,11.11,16.67,16.67,14.10,14.10,16.67,16.67,0.00,0.00
Tajikistan,TJK,20200227,0.00,,0.00,,0.00,,0.00,,0.00,,0.00,,0.00,,2.00,0.00,,0.00,0.00,0.00,1.00,1,1.00,1.00,0.00,0.00,,,,11.11,11.11,16.67,16.67,14.10,14.10,16.67,16.67,0.00,0.00
Tajikistan,TJK,20200228,0.00,,0.00,,0.00,,0.00,,0.00,,0.00,,0.00,,2.00,0.00,,0.00,0.00,0.00,1.00,1,1.00,1.00,0.00,0.00,,,,11.11,11.11,16.67,16.67,14.10,14.10,16.67,16.67,0.00,0.00
Tajikistan,TJK,20200229,0.00,,0.00,,0.00,,0.00,,0.00,,0.00,,0.00,,2.00,0.00,,0.00,0.00,0.00,1.00,1,1.00,1.00,0.00,0.00,,,,11.11,11.11,16.67,16.67,14.10,14.10,16.67,16.67,0.00,0.00
Tajikistan,TJK,20200301,0.00,,0.00,,0.00,,0.00,,0.00,,0.00,,0.00,,2.00,0.00,,0.00,0.00,0.00,1.00,1,1.00,1.00,0.00,0.00,,,,11.11,11.11,16.67,16.67,14.10,14.10,16.67,16.67,0.00,0.00
Tajikistan,TJK,20200302,0.00,,0.00,,0.00,,0.00,,0.00,,0.00,,0.00,,2.00,0.00,,0.00,0.00,0.00,1.00,1,1.00,1.00,0.00,0.00,,,,11.11,11.11,16.67,16.67,14.10,14.10,16.67,16.67,0.00,0.00
Tajikistan,TJK,20200303,0.00,,0.00,,0.00,,0.00,,0.00,,0.00,,0.00,,3.00,0.00,,0.00,0.00,0.00,1.00,1,1.00,1.00,0.00,0.00,,,,13.89,13.89,20.24,20.24,16.03,16.03,18.94,18.94,0.00,0.00
Tajikistan,TJK,20200304,0.00,,0.00,,0.00,,0.00,,0.00,,0.00,,0.00,,3.00,0.00,,0.00,0.00,0.00,1.00,1,1.00,1.00,0.00,0.00,,,,13.89,13.89,20.24,20.24,16.03,16.03,18.94,18.94,0.00,0.00
Tajikistan,TJK,20200305,0.00,,0.00,,0.00,,0.00,,0.00,,0.00,,0.00,,3.00,0.00,,0.00,0.00,0.00,1.00,1,1.00,1.00,0.00,0.00,,,,13.89,13.89,20.24,20.24,16.03,16.03,18.94,18.94,0.00,0.00
Tajikistan,TJK,20200306,0.00,,0.00,,0.00,,0.00,,0.00,,0.00,,0.00,,3.00,0.00,,0.00,0.00,0.00,1.00,1,1.00,1.00,0.00,0.00,,,,13.89,13.89,20.24,20.24,16.03,16.03,18.94,18.94,0.00,0.00
Tajikistan,TJK,20200307,0.00,,0.00,,0.00,,0.00,,0.00,,0.00,,0.00,,3.00,0.00,,0.00,0.00,0.00,1.00,1,1.00,1.00,0.00,0.00,,,,13.89,13.89,20.24,20.24,16.03,16.03,18.94,18.94,0.00,0.00
Tajikistan,TJK,20200308,0.00,,0.00,,0.00,,0.00,,0.00,,0.00,,0.00,,3.00,0.00,,0.00,0.00,0.00,1.00,1,1.00,1.00,0.00,0.00,,,,13.89,13.89,20.24,20.24,16.03,16.03,18.94,18.94,0.00,0.00
Tajikistan,TJK,20200309,0.00,,0.00,,0.00,,0.00,,0.00,,0.00,,0.00,,3.00,0.00,,0.00,0.00,0.00,1.00,1,1.00,1.00,0.00,0.00,,,,13.89,13.89,20.24,20.24,16.03,16.03,18.94,18.94,0.00,0.00
Tajikistan,TJK,20200310,0.00,,0.00,,0.00,,0.00,,0.00,,0.00,,0.00,,3.00,0.00,,0.00,0.00,0.00,1.00,1,1.00,1.00,0.00,0.00,,,,13.89,13.89,20.24,20.24,16.03,16.03,18.94,18.94,0.00,0.00
Tajikistan,TJK,20200311,0.00,,0.00,,0.00,,0.00,,0.00,,0.00,,0.00,,3.00,0.00,,0.00,0.00,0.00,1.00,1,1.00,1.00,0.00,0.00,,,,13.89,13.89,20.24,20.24,16.03,16.03,18.94,18.94,0.00,0.00
Tajikistan,TJK,20200312,0.00,,0.00,,0.00,,0.00,,0.00,,0.00,,0.00,,3.00,0.00,,0.00,0.00,0.00,1.00,1,1.00,1.00,0.00,0.00,,,,13.89,13.89,20.24,20.24,16.03,16.03,18.94,18.94,0.00,0.00
Tajikistan,TJK,20200313,0.00,,0.00,,0.00,,0.00,,0.00,,0.00,,0.00,,3.00,0.00,,0.00,0.00,0.00,1.00,1,1.00,1.00,0.00,0.00,,,,13.89,13.89,20.24,20.24,16.03,16.03,18.94,18.94,0.00,0.00
Tajikistan,TJK,20200314,0.00,,0.00,,0.00,,0.00,,0.00,,0.00,,0.00,,3.00,0.00,,0.00,0.00,0.00,1.00,1,1.00,1.00,0.00,0.00,,,,13.89,13.89,20.24,20.24,16.03,16.03,18.94,18.94,0.00,0.00
Tajikistan,TJK,20200315,0.00,,0.00,,0.00,,0.00,,0.00,,0.00,,0.00,,3.00,0.00,,0.00,0.00,0.00,1.00,1,1.00,1.00,0.00,0.00,,,,13.89,13.89,20.24,20.24,16.03,16.03,18.94,18.94,0.00,0.00
Tajikistan,TJK,20200316,0.00,,0.00,,0.00,,0.00,,0.00,,0.00,,0.00,,3.00,0.00,,0.00,0.00,0.00,1.00,1,1.00,1.00,0.00,0.00,,,,13.89,13.89,20.24,20.24,16.03,16.03,18.94,18.94,0.00,0.00
Tajikistan,TJK,20200317,0.00,,0.00,,0.00,,0.00,,0.00,,0.00,,0.00,,3.00,0.00,,0.00,0.00,0.00,1.00,1,1.00,1.00,0.00,0.00,,,,13.89,13.89,20.24,20.24,16.03,16.03,18.94,18.94,0.00,0.00
Tajikistan,TJK,20200318,0.00,,0.00,,0.00,,0.00,,0.00,,0.00,,0.00,,3.00,0.00,,0.00,0.00,0.00,2.00,1,1.00,1.00,0.00,0.00,,,,19.44,19.44,25.00,25.00,19.87,19.87,23.48,23.48,0.00,0.00
Tajikistan,TJK,20200319,0.00,,0.00,,0.00,,0.00,,0.00,,0.00,,0.00,,3.00,0.00,,0.00,0.00,0.00,2.00,1,1.00,1.00,0.00,0.00,,,,19.44,19.44,25.00,25.00,19.87,19.87,23.48,23.48,0.00,0.00
Tajikistan,TJK,20200320,0.00,,0.00,,0.00,,0.00,,0.00,,0.00,,0.00,,3.00,0.00,,0.00,0.00,0.00,2.00,1,1.00,1.00,0.00,0.00,,,,19.44,19.44,25.00,25.00,19.87,19.87,23.48,23.48,0.00,0.00
Tajikistan,TJK,20200321,0.00,,0.00,,0.00,,0.00,,0.00,,0.00,,0.00,,3.00,0.00,,0.00,0.00,0.00,2.00,1,1.00,1.00,0.00,0.00,,,,19.44,19.44,25.00,25.00,19.87,19.87,23.48,23.48,0.00,0.00
Tajikistan,TJK,20200322,0.00,,0.00,,0.00,,0.00,,0.00,,0.00,,0.00,,3.00,0.00,,0.00,0.00,0.00,2.00,1,1.00,1.00,0.00,0.00,,,,19.44,19.44,25.00,25.00,19.87,19.87,23.48,23.48,0.00,0.00
Tajikistan,TJK,20200323,0.00,,0.00,,0.00,,0.00,,0.00,,0.00,,0.00,,3.00,0.00,,0.00,0.00,0.00,2.00,1,1.00,1.00,0.00,0.00,,,,19.44,19.44,25.00,25.00,19.87,19.87,23.48,23.48,0.00,0.00
Tajikistan,TJK,20200324,0.00,,0.00,,0.00,,0.00,,0.00,,0.00,,0.00,,3.00,0.00,,0.00,0.00,0.00,2.00,1,1.00,1.00,0.00,0.00,,,,19.44,19.44,25.00,25.00,19.87,19.87,23.48,23.48,0.00,0.00
Tajikistan,TJK,20200325,0.00,,0.00,,0.00,,0.00,,0.00,,0.00,,0.00,,3.00,0.00,,0.00,0.00,0.00,2.00,1,1.00,1.00,0.00,0.00,,,,19.44,19.44,25.00,25.00,19.87,19.87,23.48,23.48,0.00,0.00
Tajikistan,TJK,20200326,0.00,,0.00,,0.00,,0.00,,0.00,,0.00,,0.00,,3.00,0.00,,0.00,0.00,0.00,2.00,1,1.00,1.00,0.00,0.00,,,,19.44,19.44,25.00,25.00,19.87,19.87,23.48,23.48,0.00,0.00
Tajikistan,TJK,20200327,0.00,,0.00,,0.00,,0.00,,0.00,,0.00,,0.00,,3.00,0.00,,0.00,0.00,0.00,2.00,1,1.00,1.00,0.00,0.00,,,,19.44,19.44,25.00,25.00,19.87,19.87,23.48,23.48,0.00,0.00
Tajikistan,TJK,20200328,0.00,,0.00,,0.00,,0.00,,0.00,,0.00,,0.00,,3.00,0.00,,0.00,0.00,0.00,2.00,1,1.00,1.00,0.00,0.00,,,,19.44,19.44,25.00,25.00,19.87,19.87,23.48,23.48,0.00,0.00
Tajikistan,TJK,20200329,0.00,,0.00,,0.00,,0.00,,0.00,,0.00,,0.00,,3.00,0.00,,0.00,0.00,0.00,2.00,1,1.00,1.00,0.00,0.00,,,,19.44,19.44,25.00,25.00,19.87,19.87,23.48,23.48,0.00,0.00
Tajikistan,TJK,20200330,0.00,,0.00,,0.00,,0.00,,0.00,,0.00,,0.00,,3.00,0.00,,0.00,0.00,0.00,2.00,1,1.00,1.00,0.00,0.00,,,,19.44,19.44,25.00,25.00,19.87,19.87,23.48,23.48,0.00,0.00
Tajikistan,TJK,20200331,0.00,,0.00,,0.00,,0.00,,0.00,,0.00,,0.00,,3.00,0.00,,0.00,0.00,0.00,2.00,1,1.00,1.00,0.00,0.00,,,,19.44,19.44,25.00,25.00,19.87,19.87,23.48,23.48,0.00,0.00
Tajikistan,TJK,20200401,0.00,,0.00,,0.00,,0.00,,0.00,,0.00,,0.00,,3.00,0.00,,0.00,0.00,0.00,2.00,1,1.00,1.00,0.00,0.00,,,,19.44,19.44,25.00,25.00,19.87,19.87,23.48,23.48,0.00,0.00
Tajikistan,TJK,20200402,0.00,,0.00,,0.00,,0.00,,0.00,,0.00,,0.00,,3.00,0.00,,0.00,0.00,0.00,2.00,1,1.00,1.00,0.00,0.00,,,,19.44,19.44,25.00,25.00,19.87,19.87,23.48,23.48,0.00,0.00
Tajikistan,TJK,20200403,0.00,,0.00,,0.00,,0.00,,0.00,,0.00,,0.00,,3.00,0.00,,0.00,0.00,0.00,2.00,1,1.00,1.00,0.00,0.00,,,,19.44,19.44,25.00,25.00,19.87,19.87,23.48,23.48,0.00,0.00
Tajikistan,TJK,20200404,0.00,,0.00,,0.00,,0.00,,0.00,,0.00,,0.00,,3.00,0.00,,0.00,0.00,0.00,2.00,1,1.00,1.00,0.00,0.00,,,,19.44,19.44,25.00,25.00,19.87,19.87,23.48,23.48,0.00,0.00
Tajikistan,TJK,20200405,0.00,,0.00,,0.00,,0.00,,0.00,,0.00,,0.00,,3.00,0.00,,0.00,0.00,0.00,2.00,1,1.00,1.00,0.00,0.00,,,,19.44,19.44,25.00,25.00,19.87,19.87,23.48,23.48,0.00,0.00
Tajikistan,TJK,20200406,0.00,,0.00,,0.00,,0.00,,0.00,,0.00,,0.00,,3.00,0.00,,0.00,0.00,0.00,2.00,1,1.00,1.00,0.00,0.00,,,,19.44,19.44,25.00,25.00,19.87,19.87,23.48,23.48,0.00,0.00
Tajikistan,TJK,20200407,0.00,,0.00,,0.00,,0.00,,0.00,,0.00,,0.00,,3.00,0.00,,0.00,0.00,0.00,2.00,1,1.00,1.00,0.00,0.00,,,,19.44,19.44,25.00,25.00,19.87,19.87,23.48,23.48,0.00,0.00
Tajikistan,TJK,20200408,0.00,,0.00,,0.00,,0.00,,0.00,,0.00,,0.00,,3.00,0.00,,0.00,0.00,0.00,2.00,1,1.00,1.00,0.00,0.00,,,,19.44,19.44,25.00,25.00,19.87,19.87,23.48,23.48,0.00,0.00
Tajikistan,TJK,20200409,0.00,,0.00,,0.00,,0.00,,0.00,,0.00,,0.00,,3.00,0.00,,0.00,0.00,0.00,2.00,1,1.00,1.00,0.00,0.00,,,,19.44,19.44,25.00,25.00,19.87,19.87,23.48,23.48,0.00,0.00
Tajikistan,TJK,20200410,0.00,,0.00,,0.00,,0.00,,0.00,,0.00,,0.00,,4.00,0.00,,0.00,0.00,0.00,2.00,1,1.00,1.00,0.00,0.00,,,,22.22,22.22,28.57,28.57,21.79,21.79,25.76,25.76,0.00,0.00
Tajikistan,TJK,20200411,0.00,,0.00,,0.00,,0.00,,0.00,,0.00,,0.00,,4.00,0.00,,0.00,0.00,0.00,2.00,1,1.00,1.00,0.00,0.00,,,,22.22,22.22,28.57,28.57,21.79,21.79,25.76,25.76,0.00,0.00
Tajikistan,TJK,20200412,0.00,,0.00,,0.00,,0.00,,0.00,,0.00,,0.00,,4.00,0.00,,0.00,0.00,0.00,2.00,1,1.00,1.00,0.00,0.00,,,,22.22,22.22,28.57,28.57,21.79,21.79,25.76,25.76,0.00,0.00
Tajikistan,TJK,20200413,0.00,,0.00,,0.00,,0.00,,0.00,,0.00,,0.00,,4.00,0.00,,0.00,0.00,0.00,2.00,1,1.00,1.00,0.00,0.00,,,,22.22,22.22,28.57,28.57,21.79,21.79,25.76,25.76,0.00,0.00
Tajikistan,TJK,20200414,0.00,,0.00,,0.00,,0.00,,0.00,,0.00,,0.00,,4.00,0.00,,0.00,0.00,0.00,2.00,1,1.00,1.00,0.00,0.00,,,,22.22,22.22,28.57,28.57,21.79,21.79,25.76,25.76,0.00,0.00
Tajikistan,TJK,20200415,0.00,,0.00,,0.00,,0.00,,0.00,,0.00,,0.00,,4.00,0.00,,0.00,0.00,0.00,2.00,1,1.00,1.00,0.00,0.00,,,,22.22,22.22,28.57,28.57,21.79,21.79,25.76,25.76,0.00,0.00
Tajikistan,TJK,20200416,0.00,,0.00,,0.00,,0.00,,0.00,,0.00,,0.00,,4.00,0.00,,0.00,0.00,0.00,2.00,1,1.00,1.00,0.00,0.00,,,,22.22,22.22,28.57,28.57,21.79,21.79,25.76,25.76,0.00,0.00
Tajikistan,TJK,20200417,0.00,,0.00,,0.00,,0.00,,0.00,,0.00,,0.00,,4.00,0.00,,0.00,0.00,0.00,2.00,1,1.00,1.00,0.00,0.00,,,,22.22,22.22,28.57,28.57,21.79,21.79,25.76,25.76,0.00,0.00
Tajikistan,TJK,20200418,0.00,,0.00,,2.00,1,0.00,,0.00,,0.00,,0.00,,4.00,0.00,,0.00,0.00,0.00,2.00,1,1.00,1.00,0.00,0.00,,,,33.33,33.33,42.86,42.86,29.49,29.49,34.85,34.85,0.00,0.00
Tajikistan,TJK,20200419,0.00,,0.00,,2.00,1,0.00,,0.00,,0.00,,0.00,,4.00,0.00,,0.00,0.00,0.00,2.00,1,1.00,1.00,0.00,0.00,,,,33.33,33.33,42.86,42.86,29.49,29.49,34.85,34.85,0.00,0.00
Tajikistan,TJK,20200420,0.00,,0.00,,2.00,1,0.00,,0.00,,0.00,,0.00,,4.00,0.00,,0.00,0.00,0.00,2.00,1,1.00,1.00,0.00,0.00,,,,33.33,33.33,42.86,42.86,29.49,29.49,34.85,34.85,0.00,0.00
Tajikistan,TJK,20200421,0.00,,0.00,,2.00,1,0.00,,0.00,,0.00,,0.00,,4.00,0.00,,0.00,0.00,0.00,2.00,1,1.00,1.00,0.00,0.00,,,,33.33,33.33,42.86,42.86,29.49,29.49,34.85,34.85,0.00,0.00
Tajikistan,TJK,20200422,0.00,,0.00,,2.00,1,0.00,,0.00,,0.00,,0.00,,4.00,0.00,,0.00,0.00,0.00,2.00,1,1.00,1.00,0.00,0.00,,,,33.33,33.33,42.86,42.86,29.49,29.49,34.85,34.85,0.00,0.00
Tajikistan,TJK,20200423,0.00,,0.00,,2.00,1,0.00,,0.00,,0.00,,0.00,,4.00,0.00,,0.00,0.00,0.00,2.00,1,1.00,1.00,0.00,0.00,,,,33.33,33.33,42.86,42.86,29.49,29.49,34.85,34.85,0.00,0.00
Tajikistan,TJK,20200424,0.00,,0.00,,2.00,1,0.00,,0.00,,0.00,,0.00,,4.00,0.00,,0.00,0.00,0.00,2.00,1,1.00,1.00,0.00,0.00,,,,33.33,33.33,42.86,42.86,29.49,29.49,34.85,34.85,0.00,0.00
Tajikistan,TJK,20200425,0.00,,2.00,1,2.00,1,0.00,,0.00,,0.00,,0.00,,4.00,0.00,,0.00,0.00,0.00,2.00,1,1.00,1.00,0.00,0.00,,,,40.74,40.74,53.57,53.57,34.62,34.62,40.91,40.91,0.00,0.00
Tajikistan,TJK,20200426,0.00,,2.00,1,2.00,1,0.00,,0.00,,0.00,,0.00,,4.00,0.00,,0.00,0.00,0.00,2.00,1,1.00,1.00,0.00,0.00,,,,40.74,40.74,53.57,53.57,34.62,34.62,40.91,40.91,0.00,0.00
Tajikistan,TJK,20200427,2.00,0,2.00,1,2.00,1,0.00,,0.00,,0.00,,0.00,,4.00,0.00,,0.00,0.00,0.00,2.00,1,1.00,1.00,0.00,0.00,,,,46.30,46.30,60.71,60.71,38.46,38.46,45.45,45.45,0.00,0.00
Tajikistan,TJK,20200428,2.00,0,2.00,1,2.00,1,0.00,,0.00,,0.00,,0.00,,4.00,0.00,,0.00,0.00,0.00,2.00,1,1.00,1.00,0.00,0.00,,,,46.30,46.30,60.71,60.71,38.46,38.46,45.45,45.45,0.00,0.00
Tajikistan,TJK,20200429,2.00,0,2.00,1,2.00,1,0.00,,0.00,,0.00,,0.00,,4.00,0.00,,0.00,0.00,0.00,2.00,1,1.00,1.00,0.00,0.00,,,,46.30,46.30,60.71,60.71,38.46,38.46,45.45,45.45,0.00,0.00
Tajikistan,TJK,20200430,2.00,0,2.00,1,2.00,1,0.00,,0.00,,0.00,,0.00,,4.00,0.00,,0.00,0.00,0.00,2.00,1,1.00,1.00,0.00,0.00,,,,46.30,46.30,60.71,60.71,38.46,38.46,45.45,45.45,0.00,0.00
Tajikistan,TJK,20200501,2.00,0,2.00,1,2.00,1,0.00,,0.00,,0.00,,0.00,,4.00,0.00,,0.00,0.00,0.00,2.00,1,1.00,1.00,0.00,0.00,,15,0,46.30,46.30,60.71,60.71,38.46,38.46,45.45,45.45,0.00,0.00
Tajikistan,TJK,20200502,2.00,0,2.00,1,2.00,1,0.00,,0.00,,0.00,,0.00,,4.00,0.00,,0.00,0.00,0.00,2.00,1,1.00,1.00,0.00,0.00,,15,0,46.30,46.30,60.71,60.71,38.46,38.46,45.45,45.45,0.00,0.00
Tajikistan,TJK,20200503,2.00,0,2.00,1,2.00,1,0.00,,0.00,,0.00,,0.00,,4.00,0.00,,0.00,0.00,0.00,2.00,1,1.00,1.00,0.00,0.00,,32,0,46.30,46.30,60.71,60.71,38.46,38.46,45.45,45.45,0.00,0.00
Tajikistan,TJK,20200504,2.00,1,2.00,1,2.00,1,0.00,,0.00,,0.00,,0.00,,4.00,0.00,,0.00,0.00,0.00,2.00,1,1.00,1.00,292800.00,0.00,,76,2,48.15,48.15,64.29,64.29,39.74,39.74,46.97,46.97,0.00,0.00
Tajikistan,TJK,20200505,2.00,1,2.00,1,2.00,1,0.00,,0.00,,0.00,,0.00,,4.00,0.00,,1.00,0.00,0.00,2.00,1,1.00,1.00,0.00,0.00,,230,3,48.15,48.15,64.29,64.29,43.59,43.59,46.97,46.97,25.00,25.00
Tajikistan,TJK,20200506,2.00,1,2.00,1,2.00,1,0.00,,0.00,,0.00,,0.00,,4.00,0.00,,1.00,0.00,0.00,2.00,1,1.00,1.00,0.00,0.00,,293,5,48.15,48.15,64.29,64.29,43.59,43.59,46.97,46.97,25.00,25.00
Tajikistan,TJK,20200507,2.00,1,2.00,1,2.00,1,0.00,,0.00,,0.00,,0.00,,4.00,0.00,,1.00,0.00,0.00,2.00,1,1.00,1.00,0.00,0.00,,379,8,48.15,48.15,64.29,64.29,43.59,43.59,46.97,46.97,25.00,25.00
Tajikistan,TJK,20200508,2.00,1,2.00,1,2.00,1,0.00,,0.00,,0.00,,0.00,,4.00,0.00,,1.00,0.00,0.00,2.00,1,1.00,1.00,0.00,0.00,,461,12,48.15,48.15,64.29,64.29,43.59,43.59,46.97,46.97,25.00,25.00
Tajikistan,TJK,20200509,2.00,1,2.00,1,2.00,1,0.00,,0.00,,0.00,,0.00,,4.00,0.00,,1.00,0.00,0.00,2.00,1,1.00,1.00,0.00,0.00,,522,12,48.15,48.15,64.29,64.29,43.59,43.59,46.97,46.97,25.00,25.00
Tajikistan,TJK,20200510,2.00,1,2.00,1,2.00,1,0.00,,0.00,,0.00,,0.00,,4.00,0.00,,1.00,0.00,0.00,2.00,1,1.00,1.00,0.00,0.00,,612,20,48.15,48.15,64.29,64.29,43.59,43.59,46.97,46.97,25.00,25.00
Tajikistan,TJK,20200511,2.00,1,2.00,1,2.00,1,0.00,,0.00,,1.00,0,0.00,,4.00,0.00,,1.00,525500.00,0.00,2.00,1,1.00,1.00,0.00,0.00,,612,20,50.00,50.00,67.86,67.86,44.87,44.87,48.48,48.48,25.00,25.00
Tajikistan,TJK,20200512,2.00,1,2.00,0,2.00,1,0.00,,0.00,,1.00,0,0.00,,4.00,0.00,,1.00,0.00,0.00,2.00,1,1.00,1.00,0.00,0.00,,661,21,48.15,48.15,64.29,64.29,43.59,43.59,46.97,46.97,25.00,25.00
Tajikistan,TJK,20200513,2.00,1,2.00,0,2.00,1,0.00,,0.00,,1.00,0,0.00,,4.00,0.00,,1.00,0.00,0.00,2.00,1,1.00,1.00,0.00,0.00,,729,23,48.15,48.15,64.29,64.29,43.59,43.59,46.97,46.97,25.00,25.00
Tajikistan,TJK,20200514,2.00,1,2.00,0,2.00,1,0.00,,0.00,,1.00,0,0.00,,4.00,0.00,,1.00,0.00,0.00,2.00,1,1.00,1.00,0.00,0.00,,801,23,48.15,48.15,64.29,64.29,43.59,43.59,46.97,46.97,25.00,25.00
Tajikistan,TJK,20200515,2.00,1,2.00,0,2.00,1,0.00,,0.00,,1.00,0,0.00,,4.00,0.00,,1.00,292300.00,0.00,2.00,1,1.00,1.00,0.00,0.00,,907,29,48.15,48.15,64.29,64.29,43.59,43.59,46.97,46.97,25.00,25.00
Tajikistan,TJK,20200516,2.00,1,2.00,0,2.00,1,0.00,,0.00,,1.00,0,0.00,,4.00,0.00,,1.00,0.00,0.00,2.00,1,1.00,1.00,0.00,0.00,,1118,33,48.15,48.15,64.29,64.29,43.59,43.59,46.97,46.97,25.00,25.00
Tajikistan,TJK,20200517,2.00,1,2.00,0,2.00,1,0.00,,0.00,,1.00,0,0.00,,4.00,0.00,,1.00,0.00,0.00,2.00,1,1.00,1.00,0.00,0.00,,1322,36,48.15,48.15,64.29,64.29,43.59,43.59,46.97,46.97,25.00,25.00
Tajikistan,TJK,20200518,2.00,1,2.00,0,2.00,1,0.00,,0.00,,1.00,0,0.00,,4.00,0.00,,1.00,633400.00,0.00,2.00,1,1.00,1.00,0.00,0.00,,1524,39,48.15,48.15,64.29,64.29,43.59,43.59,46.97,46.97,25.00,25.00
Tajikistan,TJK,20200519,2.00,1,2.00,0,2.00,1,0.00,,0.00,,1.00,0,0.00,,4.00,0.00,,1.00,0.00,0.00,2.00,1,1.00,1.00,0.00,0.00,,1729,41,48.15,48.15,64.29,64.29,43.59,43.59,46.97,46.97,25.00,25.00
Tajikistan,TJK,20200520,2.00,1,2.00,0,2.00,1,0.00,,0.00,,1.00,0,0.00,,4.00,0.00,,1.00,0.00,0.00,2.00,1,1.00,1.00,0.00,0.00,,1729,41,48.15,48.15,64.29,64.29,43.59,43.59,46.97,46.97,25.00,25.00
Tajikistan,TJK,20200521,2.00,1,2.00,0,2.00,1,0.00,,0.00,,1.00,0,0.00,,4.00,0.00,,1.00,0.00,0.00,2.00,1,1.00,1.00,0.00,0.00,,1936,44,48.15,48.15,64.29,64.29,43.59,43.59,46.97,46.97,25.00,25.00
Tajikistan,TJK,20200522,2.00,1,2.00,0,2.00,1,0.00,,0.00,,1.00,0,0.00,,4.00,0.00,,1.00,0.00,0.00,2.00,1,1.00,1.00,0.00,0.00,,2140,44,48.15,48.15,64.29,64.29,43.59,43.59,46.97,46.97,25.00,25.00
Tajikistan,TJK,20200523,2.00,1,2.00,0,2.00,1,0.00,,0.00,,1.00,0,0.00,,4.00,0.00,,1.00,0.00,0.00,2.00,1,1.00,1.00,0.00,0.00,,2350,44,48.15,48.15,64.29,64.29,43.59,43.59,46.97,46.97,25.00,25.00
Tajikistan,TJK,20200524,2.00,1,2.00,0,2.00,1,0.00,,0.00,,1.00,0,0.00,,4.00,0.00,,1.00,0.00,0.00,2.00,1,1.00,1.00,0.00,0.00,,2551,44,48.15,48.15,64.29,64.29,43.59,43.59,46.97,46.97,25.00,25.00
Tajikistan,TJK,20200525,2.00,1,2.00,0,2.00,1,0.00,,0.00,,1.00,0,0.00,,4.00,0.00,,1.00,0.00,0.00,2.00,1,1.00,1.00,0.00,0.00,,2738,44,48.15,48.15,64.29,64.29,43.59,43.59,46.97,46.97,25.00,25.00
Tajikistan,TJK,20200526,2.00,1,2.00,0,2.00,1,0.00,,0.00,,1.00,0,0.00,,4.00,0.00,,1.00,0.00,0.00,2.00,1,1.00,1.00,0.00,0.00,,3100,46,48.15,48.15,64.29,64.29,43.59,43.59,46.97,46.97,25.00,25.00
Tajikistan,TJK,20200527,2.00,1,2.00,0,2.00,1,0.00,,0.00,,1.00,0,0.00,,4.00,0.00,,1.00,0.00,0.00,2.00,1,1.00,1.00,0.00,0.00,,3100,46,48.15,48.15,64.29,64.29,43.59,43.59,46.97,46.97,25.00,25.00
Tajikistan,TJK,20200528,2.00,1,2.00,0,2.00,1,0.00,,0.00,,1.00,0,0.00,,4.00,0.00,,1.00,1200000.00,0.00,2.00,1,1.00,1.00,0.00,0.00,,3100,46,48.15,48.15,64.29,64.29,43.59,43.59,46.97,46.97,25.00,25.00
Tajikistan,TJK,20200529,2.00,1,2.00,0,2.00,1,0.00,,0.00,,1.00,0,0.00,,4.00,0.00,,1.00,0.00,0.00,2.00,1,1.00,1.00,0.00,0.00,,3563,47,48.15,48.15,64.29,64.29,43.59,43.59,46.97,46.97,25.00,25.00
Tajikistan,TJK,20200530,2.00,1,2.00,0,2.00,1,0.00,,0.00,,1.00,0,0.00,,4.00,0.00,,1.00,0.00,0.00,2.00,1,1.00,1.00,0.00,0.00,,3563,47,48.15,48.15,64.29,64.29,43.59,43.59,46.97,46.97,25.00,25.00
Tajikistan,TJK,20200531,2.00,1,2.00,0,2.00,1,0.00,,0.00,,1.00,0,0.00,,4.00,0.00,,1.00,0.00,0.00,2.00,1,1.00,1.00,0.00,0.00,,3807,47,48.15,48.15,64.29,64.29,43.59,43.59,46.97,46.97,25.00,25.00
Tajikistan,TJK,20200601,2.00,1,2.00,0,2.00,1,0.00,,0.00,,1.00,0,0.00,,4.00,0.00,,1.00,0.00,0.00,2.00,1,1.00,1.00,0.00,0.00,,3807,47,48.15,48.15,64.29,64.29,43.59,43.59,46.97,46.97,25.00,25.00
Tajikistan,TJK,20200602,2.00,1,2.00,0,2.00,1,0.00,,0.00,,1.00,0,0.00,,4.00,0.00,,1.00,0.00,0.00,2.00,1,1.00,1.00,0.00,0.00,,3930,47,48.15,48.15,64.29,64.29,43.59,43.59,46.97,46.97,25.00,25.00
Tajikistan,TJK,20200603,2.00,1,2.00,0,2.00,1,0.00,,0.00,,1.00,0,0.00,,4.00,0.00,,1.00,0.00,0.00,2.00,1,1.00,1.00,0.00,0.00,,4013,47,48.15,48.15,64.29,64.29,43.59,43.59,46.97,46.97,25.00,25.00
Tajikistan,TJK,20200604,2.00,1,2.00,0,2.00,1,0.00,,0.00,,1.00,0,0.00,,4.00,0.00,,1.00,0.00,0.00,2.00,1,1.00,1.00,0.00,0.00,,4100,47,48.15,48.15,64.29,64.29,43.59,43.59,46.97,46.97,25.00,25.00
Tajikistan,TJK,20200605,2.00,1,2.00,0,2.00,1,0.00,,0.00,,1.00,0,0.00,,4.00,0.00,,1.00,0.00,0.00,2.00,1,1.00,1.00,0.00,0.00,,4289,48,48.15,48.15,64.29,64.29,43.59,43.59,46.97,46.97,25.00,25.00
Tajikistan,TJK,20200606,2.00,1,2.00,0,2.00,1,0.00,,0.00,,1.00,0,0.00,,4.00,0.00,,1.00,0.00,0.00,2.00,1,1.00,1.00,0.00,0.00,,4370,48,48.15,48.15,64.29,64.29,43.59,43.59,46.97,46.97,25.00,25.00
Tajikistan,TJK,20200607,2.00,1,2.00,0,2.00,1,0.00,,0.00,,1.00,0,0.00,,4.00,0.00,,1.00,0.00,0.00,2.00,1,1.00,1.00,0.00,0.00,,4453,48,48.15,48.15,64.29,64.29,43.59,43.59,46.97,46.97,25.00,25.00
Tajikistan,TJK,20200608,2.00,1,2.00,0,2.00,1,0.00,,0.00,,1.00,0,0.00,,4.00,0.00,,1.00,0.00,0.00,2.00,1,1.00,1.00,0.00,0.00,,4529,48,48.15,48.15,64.29,64.29,43.59,43.59,46.97,46.97,25.00,25.00
Tajikistan,TJK,20200609,2.00,1,2.00,0,2.00,1,0.00,,0.00,,1.00,0,0.00,,4.00,0.00,,1.00,0.00,0.00,2.00,1,1.00,1.00,0.00,0.00,,4609,48,48.15,48.15,64.29,64.29,43.59,43.59,46.97,46.97,25.00,25.00
Tajikistan,TJK,20200610,2.00,1,2.00,0,2.00,1,0.00,,0.00,,1.00,0,0.00,,4.00,0.00,,1.00,0.00,0.00,2.00,1,1.00,1.00,0.00,0.00,,4690,48,48.15,48.15,64.29,64.29,43.59,43.59,46.97,46.97,25.00,25.00
Tajikistan,TJK,20200611,2.00,1,2.00,0,2.00,1,0.00,,0.00,,1.00,0,0.00,,4.00,0.00,,1.00,0.00,0.00,2.00,1,1.00,1.00,0.00,0.00,,4763,48,48.15,48.15,64.29,64.29,43.59,43.59,46.97,46.97,25.00,25.00
Tajikistan,TJK,20200612,2.00,1,2.00,0,2.00,1,0.00,,0.00,,1.00,0,0.00,,4.00,0.00,,1.00,0.00,0.00,2.00,1,1.00,1.00,0.00,0.00,,4834,49,48.15,48.15,64.29,64.29,43.59,43.59,46.97,46.97,25.00,25.00
Tajikistan,TJK,20200613,2.00,1,2.00,0,2.00,1,0.00,,0.00,,1.00,0,0.00,,4.00,0.00,,1.00,0.00,0.00,2.00,1,1.00,1.00,0.00,0.00,,4902,49,48.15,48.15,64.29,64.29,43.59,43.59,46.97,46.97,25.00,25.00
Tajikistan,TJK,20200614,2.00,1,2.00,0,2.00,1,0.00,,0.00,,1.00,0,0.00,,4.00,0.00,,1.00,0.00,0.00,2.00,1,1.00,1.00,0.00,0.00,,4971,50,48.15,48.15,64.29,64.29,43.59,43.59,46.97,46.97,25.00,25.00
Tajikistan,TJK,20200615,2.00,1,2.00,0,2.00,1,0.00,,0.00,,1.00,0,0.00,,4.00,0.00,,1.00,0.00,0.00,2.00,1,1.00,1.00,0.00,0.00,,5035,50,48.15,48.15,64.29,64.29,43.59,43.59,46.97,46.97,25.00,25.00
Tajikistan,TJK,20200616,2.00,1,2.00,0,2.00,1,0.00,,0.00,,1.00,0,0.00,,4.00,0.00,,1.00,0.00,0.00,2.00,1,1.00,1.00,0.00,0.00,,5097,50,48.15,48.15,64.29,64.29,43.59,43.59,46.97,46.97,25.00,25.00
Tajikistan,TJK,20200617,2.00,1,2.00,0,2.00,1,0.00,,0.00,,1.00,0,0.00,,4.00,0.00,,1.00,0.00,0.00,2.00,1,1.00,1.00,0.00,0.00,,5160,50,48.15,48.15,64.29,64.29,43.59,43.59,46.97,46.97,25.00,25.00
Tajikistan,TJK,20200618,2.00,1,2.00,0,2.00,1,0.00,,0.00,,1.00,0,0.00,,4.00,0.00,,1.00,0.00,0.00,2.00,1,1.00,1.00,0.00,0.00,,5221,51,48.15,48.15,64.29,64.29,43.59,43.59,46.97,46.97,25.00,25.00
Tajikistan,TJK,20200619,2.00,1,2.00,0,2.00,1,0.00,,0.00,,1.00,0,0.00,,4.00,0.00,,1.00,0.00,0.00,2.00,1,1.00,1.00,0.00,0.00,,5279,51,48.15,48.15,64.29,64.29,43.59,43.59,46.97,46.97,25.00,25.00
Tajikistan,TJK,20200620,2.00,1,2.00,0,2.00,1,3.00,1,0.00,,1.00,0,0.00,,4.00,0.00,,1.00,0.00,0.00,2.00,1,1.00,1.00,0.00,0.00,,5338,51,56.48,56.48,64.29,64.29,49.36,49.36,53.79,53.79,25.00,25.00
Tajikistan,TJK,20200621,2.00,1,2.00,0,2.00,1,3.00,1,0.00,,1.00,0,0.00,,4.00,0.00,,1.00,0.00,0.00,2.00,1,1.00,1.00,0.00,0.00,,5399,52,56.48,56.48,64.29,64.29,49.36,49.36,53.79,53.79,25.00,25.00
Tajikistan,TJK,20200622,2.00,1,2.00,0,2.00,1,3.00,1,0.00,,1.00,0,0.00,,4.00,0.00,,1.00,0.00,0.00,2.00,1,1.00,1.00,0.00,0.00,,5457,52,56.48,56.48,64.29,64.29,49.36,49.36,53.79,53.79,25.00,25.00
Tajikistan,TJK,20200623,,,,,,,,,,,,,,,,,,,,,,,,,,,,5513,52,,56.48,,64.29,,49.36,,53.79,,25.00
