Tanzania,TZA,20200101,0.00,,0.00,,0.00,,0.00,,0.00,,0.00,,0.00,,0.00,0.00,,0.00,0.00,0.00,0.00,,0.00,0.00,0.00,0.00,,,,0.00,0.00,0.00,0.00,0.00,0.00,0.00,0.00,0.00,0.00
Tanzania,TZA,20200102,0.00,,0.00,,0.00,,0.00,,0.00,,0.00,,0.00,,0.00,0.00,,0.00,0.00,0.00,0.00,,0.00,0.00,0.00,0.00,,,,0.00,0.00,0.00,0.00,0.00,0.00,0.00,0.00,0.00,0.00
Tanzania,TZA,20200103,0.00,,0.00,,0.00,,0.00,,0.00,,0.00,,0.00,,0.00,0.00,,0.00,0.00,0.00,0.00,,0.00,0.00,0.00,0.00,,,,0.00,0.00,0.00,0.00,0.00,0.00,0.00,0.00,0.00,0.00
Tanzania,TZA,20200104,0.00,,0.00,,0.00,,0.00,,0.00,,0.00,,0.00,,0.00,0.00,,0.00,0.00,0.00,0.00,,0.00,0.00,0.00,0.00,,,,0.00,0.00,0.00,0.00,0.00,0.00,0.00,0.00,0.00,0.00
Tanzania,TZA,20200105,0.00,,0.00,,0.00,,0.00,,0.00,,0.00,,0.00,,0.00,0.00,,0.00,0.00,0.00,0.00,,0.00,0.00,0.00,0.00,,,,0.00,0.00,0.00,0.00,0.00,0.00,0.00,0.00,0.00,0.00
Tanzania,TZA,20200106,0.00,,0.00,,0.00,,0.00,,0.00,,0.00,,0.00,,0.00,0.00,,0.00,0.00,0.00,0.00,,0.00,0.00,0.00,0.00,,,,0.00,0.00,0.00,0.00,0.00,0.00,0.00,0.00,0.00,0.00
Tanzania,TZA,20200107,0.00,,0.00,,0.00,,0.00,,0.00,,0.00,,0.00,,0.00,0.00,,0.00,0.00,0.00,0.00,,0.00,0.00,0.00,0.00,,,,0.00,0.00,0.00,0.00,0.00,0.00,0.00,0.00,0.00,0.00
Tanzania,TZA,20200108,0.00,,0.00,,0.00,,0.00,,0.00,,0.00,,0.00,,0.00,0.00,,0.00,0.00,0.00,0.00,,0.00,0.00,0.00,0.00,,,,0.00,0.00,0.00,0.00,0.00,0.00,0.00,0.00,0.00,0.00
Tanzania,TZA,20200109,0.00,,0.00,,0.00,,0.00,,0.00,,0.00,,0.00,,0.00,0.00,,0.00,0.00,0.00,0.00,,0.00,0.00,0.00,0.00,,,,0.00,0.00,0.00,0.00,0.00,0.00,0.00,0.00,0.00,0.00
Tanzania,TZA,20200110,0.00,,0.00,,0.00,,0.00,,0.00,,0.00,,0.00,,0.00,0.00,,0.00,0.00,0.00,0.00,,0.00,0.00,0.00,0.00,,,,0.00,0.00,0.00,0.00,0.00,0.00,0.00,0.00,0.00,0.00
Tanzania,TZA,20200111,0.00,,0.00,,0.00,,0.00,,0.00,,0.00,,0.00,,0.00,0.00,,0.00,0.00,0.00,0.00,,0.00,0.00,0.00,0.00,,,,0.00,0.00,0.00,0.00,0.00,0.00,0.00,0.00,0.00,0.00
Tanzania,TZA,20200112,0.00,,0.00,,0.00,,0.00,,0.00,,0.00,,0.00,,0.00,0.00,,0.00,0.00,0.00,0.00,,0.00,0.00,0.00,0.00,,,,0.00,0.00,0.00,0.00,0.00,0.00,0.00,0.00,0.00,0.00
Tanzania,TZA,20200113,0.00,,0.00,,0.00,,0.00,,0.00,,0.00,,0.00,,0.00,0.00,,0.00,0.00,0.00,0.00,,0.00,0.00,0.00,0.00,,,,0.00,0.00,0.00,0.00,0.00,0.00,0.00,0.00,0.00,0.00
Tanzania,TZA,20200114,0.00,,0.00,,0.00,,0.00,,0.00,,0.00,,0.00,,0.00,0.00,,0.00,0.00,0.00,0.00,,0.00,0.00,0.00,0.00,,,,0.00,0.00,0.00,0.00,0.00,0.00,0.00,0.00,0.00,0.00
Tanzania,TZA,20200115,0.00,,0.00,,0.00,,0.00,,0.00,,0.00,,0.00,,0.00,0.00,,0.00,0.00,0.00,0.00,,0.00,0.00,0.00,0.00,,,,0.00,0.00,0.00,0.00,0.00,0.00,0.00,0.00,0.00,0.00
Tanzania,TZA,20200116,0.00,,0.00,,0.00,,0.00,,0.00,,0.00,,0.00,,0.00,0.00,,0.00,0.00,0.00,0.00,,0.00,0.00,0.00,0.00,,,,0.00,0.00,0.00,0.00,0.00,0.00,0.00,0.00,0.00,0.00
Tanzania,TZA,20200117,0.00,,0.00,,0.00,,0.00,,0.00,,0.00,,0.00,,0.00,0.00,,0.00,0.00,0.00,0.00,,0.00,0.00,0.00,0.00,,,,0.00,0.00,0.00,0.00,0.00,0.00,0.00,0.00,0.00,0.00
Tanzania,TZA,20200118,0.00,,0.00,,0.00,,0.00,,0.00,,0.00,,0.00,,0.00,0.00,,0.00,0.00,0.00,0.00,,0.00,0.00,0.00,0.00,,,,0.00,0.00,0.00,0.00,0.00,0.00,0.00,0.00,0.00,0.00
Tanzania,TZA,20200119,0.00,,0.00,,0.00,,0.00,,0.00,,0.00,,0.00,,0.00,0.00,,0.00,0.00,0.00,0.00,,0.00,0.00,0.00,0.00,,,,0.00,0.00,0.00,0.00,0.00,0.00,0.00,0.00,0.00,0.00
Tanzania,TZA,20200120,0.00,,0.00,,0.00,,0.00,,0.00,,0.00,,0.00,,0.00,0.00,,0.00,0.00,0.00,0.00,,0.00,0.00,0.00,0.00,,,,0.00,0.00,0.00,0.00,0.00,0.00,0.00,0.00,0.00,0.00
Tanzania,TZA,20200121,0.00,,0.00,,0.00,,0.00,,0.00,,0.00,,0.00,,0.00,0.00,,0.00,0.00,0.00,0.00,,0.00,0.00,0.00,0.00,,,,0.00,0.00,0.00,0.00,0.00,0.00,0.00,0.00,0.00,0.00
Tanzania,TZA,20200122,0.00,,0.00,,0.00,,0.00,,0.00,,0.00,,0.00,,0.00,0.00,,0.00,0.00,0.00,0.00,,0.00,0.00,0.00,0.00,,,,0.00,0.00,0.00,0.00,0.00,0.00,0.00,0.00,0.00,0.00
Tanzania,TZA,20200123,0.00,,0.00,,0.00,,0.00,,0.00,,0.00,,0.00,,0.00,0.00,,0.00,0.00,0.00,0.00,,0.00,0.00,0.00,0.00,,,,0.00,0.00,0.00,0.00,0.00,0.00,0.00,0.00,0.00,0.00
Tanzania,TZA,20200124,0.00,,0.00,,0.00,,0.00,,0.00,,0.00,,0.00,,0.00,0.00,,0.00,0.00,0.00,0.00,,0.00,0.00,0.00,0.00,,,,0.00,0.00,0.00,0.00,0.00,0.00,0.00,0.00,0.00,0.00
Tanzania,TZA,20200125,0.00,,0.00,,0.00,,0.00,,0.00,,0.00,,0.00,,0.00,0.00,,0.00,0.00,0.00,0.00,,0.00,0.00,0.00,0.00,,,,0.00,0.00,0.00,0.00,0.00,0.00,0.00,0.00,0.00,0.00
Tanzania,TZA,20200126,0.00,,0.00,,0.00,,0.00,,0.00,,0.00,,0.00,,0.00,0.00,,0.00,0.00,0.00,0.00,,0.00,0.00,0.00,0.00,,,,0.00,0.00,0.00,0.00,0.00,0.00,0.00,0.00,0.00,0.00
Tanzania,TZA,20200127,0.00,,0.00,,0.00,,0.00,,0.00,,0.00,,0.00,,0.00,0.00,,0.00,0.00,0.00,0.00,,0.00,0.00,0.00,0.00,,,,0.00,0.00,0.00,0.00,0.00,0.00,0.00,0.00,0.00,0.00
Tanzania,TZA,20200128,0.00,,0.00,,0.00,,0.00,,0.00,,0.00,,0.00,,0.00,0.00,,0.00,0.00,0.00,0.00,,0.00,0.00,0.00,0.00,,,,0.00,0.00,0.00,0.00,0.00,0.00,0.00,0.00,0.00,0.00
Tanzania,TZA,20200129,0.00,,0.00,,0.00,,0.00,,0.00,,0.00,,0.00,,0.00,0.00,,0.00,0.00,0.00,0.00,,0.00,0.00,0.00,0.00,,,,0.00,0.00,0.00,0.00,0.00,0.00,0.00,0.00,0.00,0.00
Tanzania,TZA,20200130,0.00,,0.00,,0.00,,0.00,,0.00,,0.00,,0.00,,0.00,0.00,,0.00,0.00,0.00,0.00,,0.00,0.00,0.00,0.00,,,,0.00,0.00,0.00,0.00,0.00,0.00,0.00,0.00,0.00,0.00
Tanzania,TZA,20200131,0.00,,0.00,,0.00,,0.00,,0.00,,0.00,,0.00,,0.00,0.00,,0.00,0.00,0.00,0.00,,0.00,0.00,0.00,0.00,,,,0.00,0.00,0.00,0.00,0.00,0.00,0.00,0.00,0.00,0.00
Tanzania,TZA,20200201,0.00,,0.00,,0.00,,0.00,,0.00,,0.00,,0.00,,0.00,0.00,,0.00,0.00,0.00,0.00,,0.00,0.00,0.00,0.00,,,,0.00,0.00,0.00,0.00,0.00,0.00,0.00,0.00,0.00,0.00
Tanzania,TZA,20200202,0.00,,0.00,,0.00,,0.00,,0.00,,0.00,,0.00,,0.00,0.00,,0.00,0.00,0.00,0.00,,0.00,0.00,0.00,0.00,,,,0.00,0.00,0.00,0.00,0.00,0.00,0.00,0.00,0.00,0.00
Tanzania,TZA,20200203,0.00,,0.00,,0.00,,0.00,,0.00,,0.00,,0.00,,0.00,0.00,,0.00,0.00,0.00,0.00,,0.00,0.00,0.00,0.00,,,,0.00,0.00,0.00,0.00,0.00,0.00,0.00,0.00,0.00,0.00
Tanzania,TZA,20200204,0.00,,0.00,,0.00,,0.00,,0.00,,0.00,,0.00,,0.00,0.00,,0.00,0.00,0.00,0.00,,0.00,0.00,0.00,0.00,,,,0.00,0.00,0.00,0.00,0.00,0.00,0.00,0.00,0.00,0.00
Tanzania,TZA,20200205,0.00,,0.00,,0.00,,0.00,,0.00,,0.00,,0.00,,0.00,0.00,,0.00,0.00,0.00,0.00,,0.00,0.00,0.00,0.00,,,,0.00,0.00,0.00,0.00,0.00,0.00,0.00,0.00,0.00,0.00
Tanzania,TZA,20200206,0.00,,0.00,,0.00,,0.00,,0.00,,0.00,,0.00,,0.00,0.00,,0.00,0.00,0.00,0.00,,0.00,0.00,0.00,0.00,,,,0.00,0.00,0.00,0.00,0.00,0.00,0.00,0.00,0.00,0.00
Tanzania,TZA,20200207,0.00,,0.00,,0.00,,0.00,,0.00,,0.00,,0.00,,0.00,0.00,,0.00,0.00,0.00,0.00,,0.00,0.00,0.00,0.00,,,,0.00,0.00,0.00,0.00,0.00,0.00,0.00,0.00,0.00,0.00
Tanzania,TZA,20200208,0.00,,0.00,,0.00,,0.00,,0.00,,0.00,,0.00,,0.00,0.00,,0.00,0.00,0.00,0.00,,0.00,0.00,0.00,0.00,,,,0.00,0.00,0.00,0.00,0.00,0.00,0.00,0.00,0.00,0.00
Tanzania,TZA,20200209,0.00,,0.00,,0.00,,0.00,,0.00,,0.00,,0.00,,0.00,0.00,,0.00,0.00,0.00,0.00,,0.00,0.00,0.00,0.00,,,,0.00,0.00,0.00,0.00,0.00,0.00,0.00,0.00,0.00,0.00
Tanzania,TZA,20200210,0.00,,0.00,,0.00,,0.00,,0.00,,0.00,,0.00,,0.00,0.00,,0.00,0.00,0.00,0.00,,0.00,0.00,0.00,0.00,,,,0.00,0.00,0.00,0.00,0.00,0.00,0.00,0.00,0.00,0.00
Tanzania,TZA,20200211,0.00,,0.00,,0.00,,0.00,,0.00,,0.00,,0.00,,0.00,0.00,,0.00,0.00,0.00,0.00,,0.00,0.00,0.00,0.00,,,,0.00,0.00,0.00,0.00,0.00,0.00,0.00,0.00,0.00,0.00
Tanzania,TZA,20200212,0.00,,0.00,,0.00,,0.00,,0.00,,0.00,,0.00,,0.00,0.00,,0.00,0.00,0.00,0.00,,0.00,0.00,0.00,0.00,,,,0.00,0.00,0.00,0.00,0.00,0.00,0.00,0.00,0.00,0.00
Tanzania,TZA,20200213,0.00,,0.00,,0.00,,0.00,,0.00,,0.00,,0.00,,0.00,0.00,,0.00,0.00,0.00,0.00,,0.00,0.00,0.00,0.00,,,,0.00,0.00,0.00,0.00,0.00,0.00,0.00,0.00,0.00,0.00
Tanzania,TZA,20200214,0.00,,0.00,,0.00,,0.00,,0.00,,0.00,,0.00,,0.00,0.00,,0.00,0.00,0.00,0.00,,0.00,0.00,0.00,0.00,,,,0.00,0.00,0.00,0.00,0.00,0.00,0.00,0.00,0.00,0.00
Tanzania,TZA,20200215,0.00,,0.00,,0.00,,0.00,,0.00,,0.00,,0.00,,0.00,0.00,,0.00,0.00,0.00,0.00,,0.00,0.00,0.00,0.00,,,,0.00,0.00,0.00,0.00,0.00,0.00,0.00,0.00,0.00,0.00
Tanzania,TZA,20200216,0.00,,0.00,,0.00,,0.00,,0.00,,0.00,,0.00,,0.00,0.00,,0.00,0.00,0.00,0.00,,0.00,0.00,0.00,0.00,,,,0.00,0.00,0.00,0.00,0.00,0.00,0.00,0.00,0.00,0.00
Tanzania,TZA,20200217,0.00,,0.00,,0.00,,0.00,,0.00,,0.00,,0.00,,0.00,0.00,,0.00,0.00,0.00,0.00,,0.00,0.00,0.00,0.00,,,,0.00,0.00,0.00,0.00,0.00,0.00,0.00,0.00,0.00,0.00
Tanzania,TZA,20200218,0.00,,0.00,,0.00,,0.00,,0.00,,0.00,,0.00,,0.00,0.00,,0.00,0.00,0.00,0.00,,0.00,0.00,0.00,0.00,,,,0.00,0.00,0.00,0.00,0.00,0.00,0.00,0.00,0.00,0.00
Tanzania,TZA,20200219,0.00,,0.00,,0.00,,0.00,,0.00,,0.00,,0.00,,0.00,0.00,,0.00,0.00,0.00,0.00,,0.00,0.00,0.00,0.00,,,,0.00,0.00,0.00,0.00,0.00,0.00,0.00,0.00,0.00,0.00
Tanzania,TZA,20200220,0.00,,0.00,,0.00,,0.00,,0.00,,0.00,,0.00,,0.00,0.00,,0.00,0.00,0.00,0.00,,0.00,0.00,0.00,0.00,,,,0.00,0.00,0.00,0.00,0.00,0.00,0.00,0.00,0.00,0.00
Tanzania,TZA,20200221,0.00,,0.00,,0.00,,0.00,,0.00,,0.00,,0.00,,0.00,0.00,,0.00,0.00,0.00,0.00,,0.00,0.00,0.00,0.00,,,,0.00,0.00,0.00,0.00,0.00,0.00,0.00,0.00,0.00,0.00
Tanzania,TZA,20200222,0.00,,0.00,,0.00,,0.00,,0.00,,0.00,,0.00,,0.00,0.00,,0.00,0.00,0.00,0.00,,0.00,0.00,0.00,0.00,,,,0.00,0.00,0.00,0.00,0.00,0.00,0.00,0.00,0.00,0.00
Tanzania,TZA,20200223,0.00,,0.00,,0.00,,0.00,,0.00,,0.00,,0.00,,0.00,0.00,,0.00,0.00,0.00,0.00,,0.00,0.00,0.00,0.00,,,,0.00,0.00,0.00,0.00,0.00,0.00,0.00,0.00,0.00,0.00
Tanzania,TZA,20200224,0.00,,0.00,,0.00,,0.00,,0.00,,0.00,,0.00,,0.00,0.00,,0.00,0.00,0.00,0.00,,0.00,0.00,0.00,0.00,,,,0.00,0.00,0.00,0.00,0.00,0.00,0.00,0.00,0.00,0.00
Tanzania,TZA,20200225,0.00,,0.00,,0.00,,0.00,,0.00,,0.00,,0.00,,0.00,0.00,,0.00,0.00,0.00,0.00,,0.00,0.00,0.00,0.00,,,,0.00,0.00,0.00,0.00,0.00,0.00,0.00,0.00,0.00,0.00
Tanzania,TZA,20200226,0.00,,0.00,,0.00,,0.00,,0.00,,0.00,,0.00,,0.00,0.00,,0.00,0.00,0.00,0.00,,0.00,0.00,0.00,0.00,,,,0.00,0.00,0.00,0.00,0.00,0.00,0.00,0.00,0.00,0.00
Tanzania,TZA,20200227,0.00,,0.00,,0.00,,0.00,,0.00,,0.00,,0.00,,0.00,0.00,,0.00,0.00,0.00,0.00,,0.00,0.00,0.00,0.00,,,,0.00,0.00,0.00,0.00,0.00,0.00,0.00,0.00,0.00,0.00
Tanzania,TZA,20200228,0.00,,0.00,,0.00,,0.00,,0.00,,0.00,,0.00,,0.00,0.00,,0.00,0.00,0.00,0.00,,0.00,0.00,0.00,0.00,,,,0.00,0.00,0.00,0.00,0.00,0.00,0.00,0.00,0.00,0.00
Tanzania,TZA,20200229,0.00,,0.00,,0.00,,0.00,,0.00,,0.00,,0.00,,0.00,0.00,,0.00,0.00,0.00,0.00,,0.00,0.00,0.00,0.00,,,,0.00,0.00,0.00,0.00,0.00,0.00,0.00,0.00,0.00,0.00
Tanzania,TZA,20200301,0.00,,0.00,,0.00,,0.00,,0.00,,0.00,,0.00,,0.00,0.00,,0.00,0.00,0.00,0.00,,0.00,0.00,0.00,0.00,,,,0.00,0.00,0.00,0.00,0.00,0.00,0.00,0.00,0.00,0.00
Tanzania,TZA,20200302,0.00,,0.00,,0.00,,0.00,,0.00,,0.00,,0.00,,0.00,0.00,,0.00,0.00,0.00,0.00,,0.00,0.00,0.00,0.00,,,,0.00,0.00,0.00,0.00,0.00,0.00,0.00,0.00,0.00,0.00
Tanzania,TZA,20200303,0.00,,0.00,,0.00,,0.00,,0.00,,0.00,,0.00,,0.00,0.00,,0.00,0.00,0.00,0.00,,0.00,0.00,0.00,0.00,,,,0.00,0.00,0.00,0.00,0.00,0.00,0.00,0.00,0.00,0.00
Tanzania,TZA,20200304,0.00,,0.00,,0.00,,0.00,,0.00,,0.00,,0.00,,0.00,0.00,,0.00,0.00,0.00,0.00,,0.00,0.00,0.00,0.00,,,,0.00,0.00,0.00,0.00,0.00,0.00,0.00,0.00,0.00,0.00
Tanzania,TZA,20200305,0.00,,0.00,,0.00,,0.00,,0.00,,0.00,,0.00,,0.00,0.00,,0.00,0.00,0.00,0.00,,0.00,0.00,0.00,0.00,,,,0.00,0.00,0.00,0.00,0.00,0.00,0.00,0.00,0.00,0.00
Tanzania,TZA,20200306,0.00,,0.00,,0.00,,0.00,,0.00,,0.00,,0.00,,0.00,0.00,,0.00,0.00,0.00,0.00,,0.00,0.00,0.00,0.00,,,,0.00,0.00,0.00,0.00,0.00,0.00,0.00,0.00,0.00,0.00
Tanzania,TZA,20200307,0.00,,0.00,,0.00,,0.00,,0.00,,0.00,,0.00,,0.00,0.00,,0.00,0.00,0.00,0.00,,0.00,0.00,0.00,0.00,,,,0.00,0.00,0.00,0.00,0.00,0.00,0.00,0.00,0.00,0.00
Tanzania,TZA,20200308,0.00,,0.00,,0.00,,0.00,,0.00,,0.00,,0.00,,0.00,0.00,,0.00,0.00,0.00,0.00,,0.00,0.00,0.00,0.00,,,,0.00,0.00,0.00,0.00,0.00,0.00,0.00,0.00,0.00,0.00
Tanzania,TZA,20200309,0.00,,0.00,,0.00,,0.00,,0.00,,0.00,,0.00,,0.00,0.00,,0.00,0.00,0.00,0.00,,0.00,0.00,0.00,0.00,,,,0.00,0.00,0.00,0.00,0.00,0.00,0.00,0.00,0.00,0.00
Tanzania,TZA,20200310,0.00,,0.00,,0.00,,0.00,,0.00,,0.00,,0.00,,0.00,0.00,,0.00,0.00,0.00,0.00,,0.00,0.00,0.00,0.00,,,,0.00,0.00,0.00,0.00,0.00,0.00,0.00,0.00,0.00,0.00
Tanzania,TZA,20200311,0.00,,0.00,,0.00,,0.00,,0.00,,0.00,,0.00,,0.00,0.00,,0.00,0.00,0.00,0.00,,0.00,0.00,0.00,0.00,,,,0.00,0.00,0.00,0.00,0.00,0.00,0.00,0.00,0.00,0.00
Tanzania,TZA,20200312,0.00,,0.00,,0.00,,0.00,,0.00,,0.00,,0.00,,0.00,0.00,,0.00,0.00,0.00,0.00,,0.00,0.00,0.00,0.00,,,,0.00,0.00,0.00,0.00,0.00,0.00,0.00,0.00,0.00,0.00
Tanzania,TZA,20200313,0.00,,0.00,,0.00,,0.00,,0.00,,0.00,,0.00,,0.00,0.00,,0.00,0.00,0.00,0.00,,0.00,0.00,0.00,0.00,,,,0.00,0.00,0.00,0.00,0.00,0.00,0.00,0.00,0.00,0.00
Tanzania,TZA,20200314,0.00,,0.00,,0.00,,0.00,,0.00,,0.00,,0.00,,1.00,0.00,,0.00,0.00,0.00,0.00,,0.00,0.00,0.00,0.00,,,,2.78,2.78,3.57,3.57,1.92,1.92,2.27,2.27,0.00,0.00
Tanzania,TZA,20200315,0.00,,0.00,,0.00,,0.00,,0.00,,0.00,,0.00,,3.00,0.00,,0.00,0.00,0.00,0.00,,0.00,0.00,0.00,0.00,,,,8.33,8.33,10.71,10.71,5.77,5.77,6.82,6.82,0.00,0.00
Tanzania,TZA,20200316,0.00,,0.00,,0.00,,0.00,,0.00,,0.00,,0.00,,3.00,0.00,,0.00,0.00,0.00,0.00,,0.00,1.00,0.00,0.00,,,,8.33,8.33,10.71,10.71,9.62,9.62,11.36,11.36,0.00,0.00
Tanzania,TZA,20200317,2.00,1,0.00,,2.00,0,3.00,1,0.00,,0.00,,0.00,,3.00,0.00,,0.00,0.00,0.00,0.00,,0.00,1.00,0.00,0.00,,1,0,32.41,32.41,32.86,32.86,26.28,26.28,31.06,31.06,0.00,0.00
Tanzania,TZA,20200318,3.00,1,0.00,,2.00,0,3.00,1,0.00,,0.00,,0.00,,3.00,0.00,,0.00,0.00,0.00,0.00,,0.00,1.00,0.00,0.00,,1,0,36.11,36.11,36.43,36.43,28.85,28.85,34.09,34.09,0.00,0.00
Tanzania,TZA,20200319,3.00,1,0.00,,2.00,0,3.00,1,0.00,,0.00,,0.00,,3.00,0.00,,0.00,0.00,0.00,0.00,,0.00,1.00,0.00,0.00,,3,0,36.11,36.11,36.43,36.43,28.85,28.85,34.09,34.09,0.00,0.00
Tanzania,TZA,20200320,3.00,1,0.00,,2.00,0,3.00,1,0.00,,0.00,,0.00,,3.00,0.00,,0.00,0.00,0.00,0.00,,0.00,1.00,0.00,0.00,,3,0,36.11,36.11,36.43,36.43,28.85,28.85,34.09,34.09,0.00,0.00
Tanzania,TZA,20200321,3.00,1,0.00,,2.00,0,3.00,1,0.00,,0.00,,0.00,,3.00,0.00,,0.00,0.00,0.00,0.00,,0.00,1.00,0.00,0.00,,3,0,36.11,36.11,36.43,36.43,28.85,28.85,34.09,34.09,0.00,0.00
Tanzania,TZA,20200322,3.00,1,0.00,,2.00,0,3.00,1,0.00,,0.00,,0.00,,3.00,0.00,,0.00,0.00,0.00,0.00,,0.00,1.00,0.00,0.00,,6,0,36.11,36.11,36.43,36.43,28.85,28.85,34.09,34.09,0.00,0.00
Tanzania,TZA,20200323,3.00,1,0.00,,2.00,0,3.00,1,0.00,,0.00,,0.00,,3.00,0.00,,0.00,0.00,0.00,0.00,,0.00,1.00,0.00,0.00,,12,0,36.11,36.11,36.43,36.43,28.85,28.85,34.09,34.09,0.00,0.00
Tanzania,TZA,20200324,3.00,1,0.00,,2.00,0,3.00,1,0.00,,0.00,,0.00,,3.00,0.00,,0.00,0.00,0.00,0.00,,0.00,1.00,0.00,0.00,,12,0,36.11,36.11,36.43,36.43,28.85,28.85,34.09,34.09,0.00,0.00
Tanzania,TZA,20200325,3.00,1,0.00,,2.00,0,3.00,1,0.00,,0.00,,0.00,,3.00,0.00,,0.00,0.00,0.00,0.00,,0.00,1.00,,0.00,,12,0,36.11,36.11,36.43,36.43,28.85,28.85,34.09,34.09,0.00,0.00
Tanzania,TZA,20200326,3.00,1,0.00,,2.00,0,3.00,1,0.00,,0.00,,0.00,,3.00,0.00,,0.00,0.00,0.00,2.00,0,0.00,1.00,,0.00,,12,0,44.44,44.44,45.95,45.95,34.62,34.62,40.91,40.91,0.00,0.00
Tanzania,TZA,20200327,3.00,1,0.00,,2.00,0,3.00,1,0.00,,0.00,,0.00,,3.00,0.00,,0.00,0.00,0.00,2.00,1,0.00,1.00,1000000.00,0.00,,13,0,47.22,47.22,50.71,50.71,36.54,36.54,43.18,43.18,0.00,0.00
Tanzania,TZA,20200328,3.00,1,0.00,,2.00,0,3.00,1,0.00,,0.00,,0.00,,3.00,0.00,,0.00,0.00,0.00,2.00,1,0.00,1.00,0.00,0.00,,13,0,47.22,47.22,50.71,50.71,36.54,36.54,43.18,43.18,0.00,0.00
Tanzania,TZA,20200329,3.00,1,0.00,,2.00,0,3.00,1,0.00,,0.00,,0.00,,3.00,0.00,,0.00,0.00,0.00,2.00,1,0.00,1.00,0.00,0.00,,13,1,47.22,47.22,50.71,50.71,36.54,36.54,43.18,43.18,0.00,0.00
Tanzania,TZA,20200330,3.00,1,0.00,,2.00,0,3.00,1,0.00,,0.00,,0.00,,3.00,0.00,,0.00,0.00,0.00,2.00,1,0.00,1.00,513025.00,0.00,,14,1,47.22,47.22,50.71,50.71,36.54,36.54,43.18,43.18,0.00,0.00
Tanzania,TZA,20200331,3.00,1,0.00,,2.00,0,3.00,1,0.00,,0.00,,0.00,,3.00,0.00,,0.00,0.00,0.00,2.00,1,0.00,1.00,0.00,0.00,,19,1,47.22,47.22,50.71,50.71,36.54,36.54,43.18,43.18,0.00,0.00
Tanzania,TZA,20200401,3.00,1,0.00,,2.00,0,3.00,1,0.00,,0.00,,0.00,,3.00,0.00,,0.00,0.00,0.00,2.00,1,0.00,1.00,0.00,0.00,,19,1,47.22,47.22,50.71,50.71,36.54,36.54,43.18,43.18,0.00,0.00
Tanzania,TZA,20200402,3.00,1,0.00,,2.00,0,3.00,1,0.00,,0.00,,0.00,,3.00,0.00,,0.00,0.00,0.00,2.00,1,0.00,1.00,0.00,0.00,,20,1,47.22,47.22,50.71,50.71,36.54,36.54,43.18,43.18,0.00,0.00
Tanzania,TZA,20200403,3.00,1,0.00,,2.00,0,3.00,1,0.00,,0.00,,0.00,,3.00,0.00,,0.00,0.00,0.00,2.00,1,0.00,1.00,0.00,0.00,,21,1,47.22,47.22,50.71,50.71,36.54,36.54,43.18,43.18,0.00,0.00
Tanzania,TZA,20200404,3.00,1,0.00,,2.00,0,3.00,1,0.00,,0.00,,0.00,,3.00,0.00,,0.00,0.00,0.00,2.00,1,0.00,1.00,0.00,0.00,,21,1,47.22,47.22,50.71,50.71,36.54,36.54,43.18,43.18,0.00,0.00
Tanzania,TZA,20200405,3.00,1,0.00,,2.00,0,3.00,1,0.00,,0.00,,0.00,,3.00,0.00,,0.00,0.00,0.00,2.00,1,0.00,1.00,0.00,0.00,,21,1,47.22,47.22,50.71,50.71,36.54,36.54,43.18,43.18,0.00,0.00
Tanzania,TZA,20200406,3.00,1,0.00,,2.00,0,3.00,1,0.00,,0.00,,0.00,,3.00,0.00,,0.00,0.00,0.00,2.00,1,0.00,1.00,0.00,0.00,,22,1,47.22,47.22,50.71,50.71,36.54,36.54,43.18,43.18,0.00,0.00
Tanzania,TZA,20200407,3.00,1,0.00,,2.00,0,3.00,1,0.00,,0.00,,0.00,,3.00,0.00,,0.00,0.00,0.00,2.00,1,0.00,1.00,0.00,0.00,,24,1,47.22,47.22,50.71,50.71,36.54,36.54,43.18,43.18,0.00,0.00
Tanzania,TZA,20200408,3.00,1,0.00,,2.00,0,3.00,1,0.00,,0.00,,0.00,,3.00,0.00,,0.00,0.00,0.00,2.00,1,0.00,1.00,0.00,0.00,,24,1,47.22,47.22,50.71,50.71,36.54,36.54,43.18,43.18,0.00,0.00
Tanzania,TZA,20200409,3.00,1,0.00,,2.00,0,3.00,1,0.00,,0.00,,0.00,,3.00,0.00,,0.00,0.00,0.00,2.00,1,0.00,1.00,0.00,0.00,,25,1,47.22,47.22,50.71,50.71,36.54,36.54,43.18,43.18,0.00,0.00
Tanzania,TZA,20200410,3.00,1,0.00,,2.00,0,3.00,1,0.00,,0.00,,0.00,,3.00,0.00,,0.00,0.00,0.00,2.00,1,0.00,1.00,0.00,0.00,,25,1,47.22,47.22,50.71,50.71,36.54,36.54,43.18,43.18,0.00,0.00
Tanzania,TZA,20200411,3.00,1,0.00,,2.00,0,3.00,1,0.00,,0.00,,0.00,,3.00,0.00,,0.00,0.00,0.00,2.00,1,0.00,1.00,0.00,0.00,,32,3,47.22,47.22,50.71,50.71,36.54,36.54,43.18,43.18,0.00,0.00
Tanzania,TZA,20200412,3.00,1,0.00,,2.00,0,3.00,1,0.00,,0.00,,0.00,,4.00,0.00,,0.00,0.00,0.00,2.00,1,0.00,1.00,0.00,0.00,,32,3,50.00,50.00,54.29,54.29,38.46,38.46,45.45,45.45,0.00,0.00
Tanzania,TZA,20200413,3.00,1,0.00,,2.00,0,3.00,1,0.00,,0.00,,0.00,,4.00,0.00,,0.00,0.00,0.00,2.00,1,0.00,1.00,0.00,0.00,,32,3,50.00,50.00,54.29,54.29,38.46,38.46,45.45,45.45,0.00,0.00
Tanzania,TZA,20200414,3.00,1,0.00,,2.00,0,3.00,1,0.00,,0.00,,0.00,,4.00,0.00,,0.00,0.00,0.00,2.00,1,0.00,1.00,0.00,0.00,,46,3,50.00,50.00,54.29,54.29,38.46,38.46,45.45,45.45,0.00,0.00
Tanzania,TZA,20200415,3.00,1,0.00,,2.00,0,3.00,1,0.00,,0.00,,0.00,,4.00,0.00,,0.00,0.00,0.00,2.00,1,0.00,1.00,0.00,0.00,,53,3,50.00,50.00,54.29,54.29,38.46,38.46,45.45,45.45,0.00,0.00
Tanzania,TZA,20200416,3.00,1,0.00,,2.00,0,3.00,1,0.00,,0.00,,0.00,,4.00,0.00,,0.00,0.00,0.00,2.00,1,0.00,1.00,0.00,0.00,,88,4,50.00,50.00,54.29,54.29,38.46,38.46,45.45,45.45,0.00,0.00
Tanzania,TZA,20200417,3.00,1,0.00,,2.00,0,3.00,1,0.00,,0.00,,0.00,,4.00,0.00,,0.00,0.00,0.00,2.00,1,0.00,1.00,0.00,0.00,,94,4,50.00,50.00,54.29,54.29,38.46,38.46,45.45,45.45,0.00,0.00
Tanzania,TZA,20200418,3.00,1,0.00,,2.00,0,3.00,1,0.00,,0.00,,0.00,,4.00,0.00,,0.00,0.00,0.00,2.00,1,0.00,1.00,0.00,0.00,,147,5,50.00,50.00,54.29,54.29,38.46,38.46,45.45,45.45,0.00,0.00
Tanzania,TZA,20200419,3.00,1,0.00,,2.00,0,3.00,1,0.00,,0.00,,0.00,,4.00,0.00,,0.00,0.00,0.00,2.00,1,0.00,1.00,0.00,0.00,,148,5,50.00,50.00,54.29,54.29,38.46,38.46,45.45,45.45,0.00,0.00
Tanzania,TZA,20200420,3.00,1,0.00,,2.00,0,3.00,1,0.00,,0.00,,0.00,,4.00,0.00,,0.00,0.00,0.00,2.00,1,0.00,1.00,0.00,0.00,,170,5,50.00,50.00,54.29,54.29,38.46,38.46,45.45,45.45,0.00,0.00
Tanzania,TZA,20200421,3.00,1,0.00,,2.00,0,3.00,1,0.00,,0.00,,0.00,,4.00,0.00,,0.00,0.00,0.00,2.00,1,0.00,1.00,0.00,0.00,,170,5,50.00,50.00,54.29,54.29,38.46,38.46,45.45,45.45,0.00,0.00
Tanzania,TZA,20200422,3.00,1,0.00,,2.00,0,3.00,1,0.00,,0.00,,0.00,,4.00,0.00,,0.00,0.00,0.00,2.00,1,0.00,1.00,0.00,0.00,,254,8,50.00,50.00,54.29,54.29,38.46,38.46,45.45,45.45,0.00,0.00
Tanzania,TZA,20200423,3.00,1,0.00,,2.00,0,3.00,1,0.00,,0.00,,0.00,,4.00,0.00,,0.00,0.00,0.00,2.00,1,0.00,1.00,0.00,0.00,,285,10,50.00,50.00,54.29,54.29,38.46,38.46,45.45,45.45,0.00,0.00
Tanzania,TZA,20200424,3.00,1,0.00,,2.00,0,3.00,1,0.00,,0.00,,0.00,,4.00,0.00,,0.00,0.00,0.00,2.00,1,0.00,1.00,0.00,0.00,,285,10,50.00,50.00,54.29,54.29,38.46,38.46,45.45,45.45,0.00,0.00
Tanzania,TZA,20200425,3.00,1,0.00,,2.00,0,3.00,1,0.00,,0.00,,0.00,,4.00,0.00,,0.00,0.00,0.00,2.00,1,0.00,1.00,0.00,0.00,,300,10,50.00,50.00,54.29,54.29,38.46,38.46,45.45,45.45,0.00,0.00
Tanzania,TZA,20200426,3.00,1,0.00,,2.00,0,3.00,1,0.00,,0.00,,0.00,,4.00,0.00,,0.00,0.00,0.00,2.00,1,0.00,1.00,0.00,0.00,,300,10,50.00,50.00,54.29,54.29,38.46,38.46,45.45,45.45,0.00,0.00
Tanzania,TZA,20200427,3.00,1,0.00,,2.00,0,3.00,1,0.00,,0.00,,0.00,,4.00,0.00,,0.00,0.00,0.00,2.00,1,0.00,1.00,0.00,0.00,,300,10,50.00,50.00,54.29,54.29,38.46,38.46,45.45,45.45,0.00,0.00
Tanzania,TZA,20200428,3.00,1,0.00,,2.00,0,3.00,1,0.00,,0.00,,0.00,,4.00,0.00,,0.00,0.00,0.00,2.00,1,0.00,1.00,0.00,0.00,,300,10,50.00,50.00,54.29,54.29,38.46,38.46,45.45,45.45,0.00,0.00
Tanzania,TZA,20200429,3.00,1,0.00,,2.00,0,3.00,1,0.00,,0.00,,0.00,,4.00,0.00,,0.00,0.00,0.00,2.00,1,0.00,1.00,0.00,0.00,,306,10,50.00,50.00,54.29,54.29,38.46,38.46,45.45,45.45,0.00,0.00
Tanzania,TZA,20200430,3.00,1,0.00,,2.00,0,3.00,1,0.00,,0.00,,0.00,,4.00,0.00,,0.00,0.00,0.00,2.00,1,0.00,1.00,0.00,0.00,,480,16,50.00,50.00,54.29,54.29,38.46,38.46,45.45,45.45,0.00,0.00
Tanzania,TZA,20200501,3.00,1,0.00,,2.00,0,3.00,1,0.00,,0.00,,0.00,,4.00,0.00,,0.00,0.00,0.00,2.00,1,0.00,1.00,0.00,0.00,,480,16,50.00,50.00,54.29,54.29,38.46,38.46,45.45,45.45,0.00,0.00
Tanzania,TZA,20200502,3.00,1,0.00,,2.00,0,3.00,1,0.00,,0.00,,0.00,,4.00,0.00,,0.00,0.00,0.00,2.00,1,0.00,1.00,0.00,0.00,,480,16,50.00,50.00,54.29,54.29,38.46,38.46,45.45,45.45,0.00,0.00
Tanzania,TZA,20200503,3.00,1,0.00,,2.00,0,3.00,1,0.00,,0.00,,0.00,,4.00,0.00,,0.00,0.00,0.00,2.00,1,0.00,1.00,0.00,0.00,,480,16,50.00,50.00,54.29,54.29,38.46,38.46,45.45,45.45,0.00,0.00
Tanzania,TZA,20200504,3.00,1,0.00,,2.00,0,3.00,1,0.00,,0.00,,0.00,,4.00,0.00,,0.00,0.00,0.00,2.00,1,0.00,1.00,0.00,0.00,,480,16,50.00,50.00,54.29,54.29,38.46,38.46,45.45,45.45,0.00,0.00
Tanzania,TZA,20200505,3.00,1,0.00,,2.00,0,3.00,1,0.00,,0.00,,0.00,,4.00,0.00,,0.00,0.00,0.00,2.00,1,0.00,1.00,0.00,0.00,,480,18,50.00,50.00,54.29,54.29,38.46,38.46,45.45,45.45,0.00,0.00
Tanzania,TZA,20200506,3.00,1,0.00,,2.00,0,3.00,1,0.00,,0.00,,0.00,,4.00,0.00,,0.00,0.00,0.00,2.00,1,0.00,1.00,0.00,0.00,,480,18,50.00,50.00,54.29,54.29,38.46,38.46,45.45,45.45,0.00,0.00
Tanzania,TZA,20200507,3.00,1,0.00,,2.00,0,3.00,1,0.00,,0.00,,0.00,,4.00,0.00,,0.00,0.00,0.00,2.00,1,0.00,1.00,0.00,0.00,,480,18,50.00,50.00,54.29,54.29,38.46,38.46,45.45,45.45,0.00,0.00
Tanzania,TZA,20200508,3.00,1,0.00,,2.00,0,3.00,1,0.00,,0.00,,0.00,,4.00,0.00,,0.00,0.00,0.00,2.00,1,0.00,1.00,0.00,0.00,,509,21,50.00,50.00,54.29,54.29,38.46,38.46,45.45,45.45,0.00,0.00
Tanzania,TZA,20200509,3.00,1,0.00,,2.00,0,3.00,1,0.00,,0.00,,0.00,,4.00,0.00,,0.00,0.00,0.00,2.00,1,0.00,1.00,0.00,0.00,,509,21,50.00,50.00,54.29,54.29,38.46,38.46,45.45,45.45,0.00,0.00
Tanzania,TZA,20200510,3.00,1,0.00,,2.00,0,3.00,1,0.00,,0.00,,0.00,,4.00,0.00,,0.00,0.00,0.00,2.00,1,0.00,1.00,0.00,0.00,,509,21,50.00,50.00,54.29,54.29,38.46,38.46,45.45,45.45,0.00,0.00
Tanzania,TZA,20200511,3.00,1,0.00,,2.00,0,3.00,1,0.00,,0.00,,0.00,,4.00,0.00,,0.00,0.00,0.00,2.00,1,0.00,1.00,0.00,0.00,,509,21,50.00,50.00,54.29,54.29,38.46,38.46,45.45,45.45,0.00,0.00
Tanzania,TZA,20200512,3.00,1,0.00,,2.00,0,3.00,1,0.00,,0.00,,0.00,,4.00,0.00,,0.00,0.00,0.00,2.00,1,0.00,1.00,0.00,0.00,,509,21,50.00,50.00,54.29,54.29,38.46,38.46,45.45,45.45,0.00,0.00
Tanzania,TZA,20200513,3.00,1,0.00,,2.00,0,3.00,1,0.00,,0.00,,0.00,,4.00,0.00,,0.00,0.00,0.00,2.00,1,0.00,1.00,0.00,0.00,,509,21,50.00,50.00,54.29,54.29,38.46,38.46,45.45,45.45,0.00,0.00
Tanzania,TZA,20200514,3.00,1,0.00,,2.00,0,3.00,1,0.00,,0.00,,0.00,,4.00,0.00,,0.00,0.00,0.00,2.00,1,0.00,1.00,0.00,0.00,,509,21,50.00,50.00,54.29,54.29,38.46,38.46,45.45,45.45,0.00,0.00
Tanzania,TZA,20200515,3.00,1,0.00,,2.00,0,3.00,1,0.00,,0.00,,0.00,,4.00,0.00,,0.00,0.00,0.00,2.00,1,0.00,1.00,0.00,0.00,,509,21,50.00,50.00,54.29,54.29,38.46,38.46,45.45,45.45,0.00,0.00
Tanzania,TZA,20200516,3.00,1,0.00,,2.00,0,3.00,1,0.00,,0.00,,0.00,,4.00,0.00,,0.00,0.00,0.00,2.00,1,0.00,1.00,0.00,0.00,,509,21,50.00,50.00,54.29,54.29,38.46,38.46,45.45,45.45,0.00,0.00
Tanzania,TZA,20200517,3.00,1,0.00,,2.00,0,3.00,1,0.00,,0.00,,0.00,,4.00,0.00,,0.00,0.00,0.00,2.00,1,0.00,1.00,0.00,0.00,,509,21,50.00,50.00,54.29,54.29,38.46,38.46,45.45,45.45,0.00,0.00
Tanzania,TZA,20200518,3.00,1,0.00,,2.00,0,3.00,1,0.00,,0.00,,0.00,,0.00,0.00,,0.00,0.00,0.00,2.00,1,0.00,1.00,0.00,0.00,,509,21,38.89,38.89,40.00,40.00,30.77,30.77,36.36,36.36,0.00,0.00
Tanzania,TZA,20200519,3.00,1,0.00,,2.00,0,3.00,1,0.00,,0.00,,0.00,,0.00,0.00,,0.00,0.00,0.00,2.00,1,0.00,1.00,0.00,0.00,,509,21,38.89,38.89,40.00,40.00,30.77,30.77,36.36,36.36,0.00,0.00
Tanzania,TZA,20200520,3.00,1,0.00,,2.00,0,3.00,1,0.00,,0.00,,0.00,,0.00,0.00,,0.00,0.00,0.00,2.00,1,0.00,1.00,0.00,0.00,,509,21,38.89,38.89,40.00,40.00,30.77,30.77,36.36,36.36,0.00,0.00
Tanzania,TZA,20200521,3.00,1,0.00,,2.00,0,3.00,1,0.00,,0.00,,0.00,,0.00,0.00,,0.00,0.00,0.00,2.00,1,0.00,1.00,302000000.00,0.00,,509,21,38.89,38.89,40.00,40.00,30.77,30.77,36.36,36.36,0.00,0.00
Tanzania,TZA,20200522,3.00,1,0.00,,2.00,0,3.00,1,0.00,,0.00,,0.00,,0.00,0.00,,0.00,0.00,0.00,2.00,1,0.00,1.00,0.00,0.00,,509,21,38.89,38.89,40.00,40.00,30.77,30.77,36.36,36.36,0.00,0.00
Tanzania,TZA,20200523,3.00,1,0.00,,2.00,0,3.00,1,0.00,,0.00,,0.00,,0.00,0.00,,0.00,0.00,0.00,2.00,1,0.00,1.00,0.00,0.00,,509,21,38.89,38.89,40.00,40.00,30.77,30.77,36.36,36.36,0.00,0.00
Tanzania,TZA,20200524,3.00,1,0.00,,2.00,0,3.00,1,0.00,,0.00,,0.00,,0.00,0.00,,0.00,0.00,0.00,2.00,1,0.00,1.00,0.00,0.00,,509,21,38.89,38.89,40.00,40.00,30.77,30.77,36.36,36.36,0.00,0.00
Tanzania,TZA,20200525,3.00,1,0.00,,2.00,0,3.00,1,0.00,,0.00,,0.00,,0.00,0.00,,0.00,0.00,0.00,2.00,1,0.00,1.00,0.00,0.00,,509,21,38.89,38.89,40.00,40.00,30.77,30.77,36.36,36.36,0.00,0.00
Tanzania,TZA,20200526,3.00,1,0.00,,2.00,0,3.00,1,0.00,,0.00,,0.00,,0.00,0.00,,0.00,0.00,0.00,2.00,1,0.00,1.00,0.00,0.00,,509,21,38.89,38.89,40.00,40.00,30.77,30.77,36.36,36.36,0.00,0.00
Tanzania,TZA,20200527,3.00,1,0.00,,2.00,1,3.00,1,0.00,,0.00,,0.00,,0.00,0.00,,0.00,0.00,0.00,2.00,1,0.00,1.00,0.00,0.00,,509,21,41.67,41.67,42.86,42.86,32.69,32.69,38.64,38.64,0.00,0.00
Tanzania,TZA,20200528,3.00,1,0.00,,2.00,1,3.00,1,0.00,,0.00,,0.00,,0.00,0.00,,0.00,0.00,0.00,2.00,1,0.00,1.00,0.00,0.00,,509,21,41.67,41.67,42.86,42.86,32.69,32.69,38.64,38.64,0.00,0.00
Tanzania,TZA,20200529,3.00,1,0.00,,2.00,1,3.00,1,0.00,,0.00,,0.00,,0.00,0.00,,0.00,0.00,0.00,2.00,1,0.00,1.00,0.00,0.00,,509,21,41.67,41.67,42.86,42.86,32.69,32.69,38.64,38.64,0.00,0.00
Tanzania,TZA,20200530,3.00,1,0.00,,2.00,1,3.00,1,0.00,,0.00,,0.00,,0.00,0.00,,0.00,0.00,0.00,2.00,1,0.00,1.00,0.00,0.00,,509,21,41.67,41.67,42.86,42.86,32.69,32.69,38.64,38.64,0.00,0.00
Tanzania,TZA,20200531,3.00,1,0.00,,2.00,1,3.00,1,0.00,,0.00,,0.00,,0.00,0.00,,0.00,0.00,0.00,2.00,1,0.00,1.00,0.00,0.00,,509,21,41.67,41.67,42.86,42.86,32.69,32.69,38.64,38.64,0.00,0.00
Tanzania,TZA,20200601,2.00,1,0.00,,1.00,1,3.00,1,0.00,,0.00,,0.00,,0.00,0.00,,0.00,0.00,0.00,2.00,1,0.00,1.00,0.00,0.00,,509,21,32.41,32.41,36.43,36.43,26.28,26.28,31.06,31.06,0.00,0.00
Tanzania,TZA,20200602,2.00,1,0.00,,1.00,1,3.00,1,0.00,,0.00,,0.00,,0.00,0.00,,0.00,0.00,0.00,2.00,1,0.00,1.00,0.00,0.00,,509,21,32.41,32.41,36.43,36.43,26.28,26.28,31.06,31.06,0.00,0.00
Tanzania,TZA,20200603,2.00,1,0.00,,1.00,1,3.00,1,0.00,,0.00,,0.00,,0.00,0.00,,0.00,0.00,0.00,2.00,1,0.00,1.00,0.00,0.00,,509,21,32.41,32.41,36.43,36.43,26.28,26.28,31.06,31.06,0.00,0.00
Tanzania,TZA,20200604,2.00,1,0.00,,1.00,1,3.00,1,0.00,,0.00,,0.00,,0.00,0.00,,0.00,0.00,0.00,2.00,1,0.00,1.00,0.00,0.00,,509,21,32.41,32.41,36.43,36.43,26.28,26.28,31.06,31.06,0.00,0.00
Tanzania,TZA,20200605,2.00,1,0.00,,1.00,1,3.00,1,0.00,,0.00,,0.00,,0.00,0.00,,0.00,0.00,0.00,2.00,1,0.00,1.00,0.00,0.00,,509,21,32.41,32.41,36.43,36.43,26.28,26.28,31.06,31.06,0.00,0.00
Tanzania,TZA,20200606,2.00,1,0.00,,1.00,1,3.00,1,0.00,,0.00,,0.00,,0.00,0.00,,0.00,0.00,0.00,2.00,1,0.00,1.00,0.00,0.00,,509,21,32.41,32.41,36.43,36.43,26.28,26.28,31.06,31.06,0.00,0.00
Tanzania,TZA,20200607,2.00,1,0.00,,1.00,1,3.00,1,0.00,,0.00,,0.00,,0.00,0.00,,0.00,0.00,0.00,2.00,1,0.00,1.00,0.00,0.00,,509,21,32.41,32.41,36.43,36.43,26.28,26.28,31.06,31.06,0.00,0.00
Tanzania,TZA,20200608,2.00,1,0.00,,1.00,1,3.00,1,0.00,,0.00,,0.00,,0.00,0.00,,0.00,0.00,0.00,2.00,1,0.00,1.00,0.00,0.00,,509,21,32.41,32.41,36.43,36.43,26.28,26.28,31.06,31.06,0.00,0.00
Tanzania,TZA,20200609,2.00,1,0.00,,1.00,1,3.00,1,0.00,,0.00,,0.00,,0.00,0.00,,0.00,0.00,0.00,2.00,1,0.00,1.00,0.00,0.00,,509,21,32.41,32.41,36.43,36.43,26.28,26.28,31.06,31.06,0.00,0.00
Tanzania,TZA,20200610,2.00,1,0.00,,1.00,1,3.00,1,0.00,,0.00,,0.00,,0.00,0.00,,0.00,0.00,0.00,2.00,1,0.00,1.00,0.00,0.00,,509,21,32.41,32.41,36.43,36.43,26.28,26.28,31.06,31.06,0.00,0.00
Tanzania,TZA,20200611,2.00,1,0.00,,1.00,1,3.00,1,0.00,,0.00,,0.00,,0.00,0.00,,0.00,0.00,0.00,2.00,1,0.00,1.00,0.00,0.00,,509,21,32.41,32.41,36.43,36.43,26.28,26.28,31.06,31.06,0.00,0.00
Tanzania,TZA,20200612,2.00,1,0.00,,1.00,1,3.00,1,0.00,,0.00,,0.00,,0.00,0.00,,0.00,0.00,0.00,2.00,1,0.00,1.00,0.00,0.00,,509,21,32.41,32.41,36.43,36.43,26.28,26.28,31.06,31.06,0.00,0.00
Tanzania,TZA,20200613,2.00,1,0.00,,1.00,1,3.00,1,0.00,,0.00,,0.00,,0.00,0.00,,0.00,0.00,0.00,2.00,1,0.00,1.00,0.00,0.00,,509,21,32.41,32.41,36.43,36.43,26.28,26.28,31.06,31.06,0.00,0.00
Tanzania,TZA,20200614,2.00,1,0.00,,1.00,1,3.00,1,0.00,,0.00,,0.00,,0.00,0.00,,0.00,0.00,0.00,2.00,1,0.00,1.00,0.00,0.00,,509,21,32.41,32.41,36.43,36.43,26.28,26.28,31.06,31.06,0.00,0.00
Tanzania,TZA,20200615,2.00,1,0.00,,1.00,1,3.00,1,0.00,,0.00,,0.00,,0.00,0.00,,0.00,0.00,0.00,2.00,1,0.00,1.00,0.00,0.00,,509,21,32.41,32.41,36.43,36.43,26.28,26.28,31.06,31.06,0.00,0.00
Tanzania,TZA,20200616,2.00,1,0.00,,1.00,1,3.00,1,0.00,,0.00,,0.00,,0.00,0.00,,0.00,0.00,0.00,2.00,1,0.00,1.00,0.00,0.00,,509,21,32.41,32.41,36.43,36.43,26.28,26.28,31.06,31.06,0.00,0.00
Tanzania,TZA,20200617,2.00,1,0.00,,1.00,1,3.00,1,0.00,,0.00,,0.00,,0.00,0.00,,0.00,0.00,0.00,2.00,1,0.00,1.00,0.00,0.00,,509,21,32.41,32.41,36.43,36.43,26.28,26.28,31.06,31.06,0.00,0.00
Tanzania,TZA,20200618,2.00,1,0.00,,1.00,1,3.00,1,0.00,,0.00,,0.00,,0.00,0.00,,0.00,0.00,0.00,2.00,1,0.00,1.00,0.00,0.00,,509,21,32.41,32.41,36.43,36.43,26.28,26.28,31.06,31.06,0.00,0.00
Tanzania,TZA,20200619,,,,,,,,,,,,,,,,,,,,,,,,,,,,509,21,,32.41,,36.43,,26.28,,31.06,,0.00
Tanzania,TZA,20200620,,,,,,,,,,,,,,,,,,,,,,,,,,,,509,21,,32.41,,36.43,,26.28,,31.06,,0.00
Tanzania,TZA,20200621,,,,,,,,,,,,,,,,,,,,,,,,,,,,509,21,,32.41,,36.43,,26.28,,31.06,,0.00
Tanzania,TZA,20200622,,,,,,,,,,,,,,,,,,,,,,,,,,,,509,21,,32.41,,36.43,,26.28,,31.06,,0.00
Tanzania,TZA,20200623,,,,,,,,,,,,,,,,,,,,,,,,,,,,509,21,,32.41,,36.43,,26.28,,31.06,,0.00
