Chad,TCD,20200101,0.00,,0.00,,0.00,,0.00,,0.00,,0.00,,0.00,,0.00,0.00,,0.00,0.00,0.00,0.00,,0.00,0.00,0.00,0.00,,,,0.00,0.00,0.00,0.00,0.00,0.00,0.00,0.00,0.00,0.00
Chad,TCD,20200102,0.00,,0.00,,0.00,,0.00,,0.00,,0.00,,0.00,,0.00,0.00,,0.00,0.00,0.00,0.00,,0.00,0.00,0.00,0.00,,,,0.00,0.00,0.00,0.00,0.00,0.00,0.00,0.00,0.00,0.00
Chad,TCD,20200103,0.00,,0.00,,0.00,,0.00,,0.00,,0.00,,0.00,,0.00,0.00,,0.00,0.00,0.00,0.00,,0.00,0.00,0.00,0.00,,,,0.00,0.00,0.00,0.00,0.00,0.00,0.00,0.00,0.00,0.00
Chad,TCD,20200104,0.00,,0.00,,0.00,,0.00,,0.00,,0.00,,0.00,,0.00,0.00,,0.00,0.00,0.00,0.00,,0.00,0.00,0.00,0.00,,,,0.00,0.00,0.00,0.00,0.00,0.00,0.00,0.00,0.00,0.00
Chad,TCD,20200105,0.00,,0.00,,0.00,,0.00,,0.00,,0.00,,0.00,,0.00,0.00,,0.00,0.00,0.00,0.00,,0.00,0.00,0.00,0.00,,,,0.00,0.00,0.00,0.00,0.00,0.00,0.00,0.00,0.00,0.00
Chad,TCD,20200106,0.00,,0.00,,0.00,,0.00,,0.00,,0.00,,0.00,,0.00,0.00,,0.00,0.00,0.00,0.00,,0.00,0.00,0.00,0.00,,,,0.00,0.00,0.00,0.00,0.00,0.00,0.00,0.00,0.00,0.00
Chad,TCD,20200107,0.00,,0.00,,0.00,,0.00,,0.00,,0.00,,0.00,,0.00,0.00,,0.00,0.00,0.00,0.00,,0.00,0.00,0.00,0.00,,,,0.00,0.00,0.00,0.00,0.00,0.00,0.00,0.00,0.00,0.00
Chad,TCD,20200108,0.00,,0.00,,0.00,,0.00,,0.00,,0.00,,0.00,,0.00,0.00,,0.00,0.00,0.00,0.00,,0.00,0.00,0.00,0.00,,,,0.00,0.00,0.00,0.00,0.00,0.00,0.00,0.00,0.00,0.00
Chad,TCD,20200109,0.00,,0.00,,0.00,,0.00,,0.00,,0.00,,0.00,,0.00,0.00,,0.00,0.00,0.00,0.00,,0.00,0.00,0.00,0.00,,,,0.00,0.00,0.00,0.00,0.00,0.00,0.00,0.00,0.00,0.00
Chad,TCD,20200110,0.00,,0.00,,0.00,,0.00,,0.00,,0.00,,0.00,,0.00,0.00,,0.00,0.00,0.00,0.00,,0.00,0.00,0.00,0.00,,,,0.00,0.00,0.00,0.00,0.00,0.00,0.00,0.00,0.00,0.00
Chad,TCD,20200111,0.00,,0.00,,0.00,,0.00,,0.00,,0.00,,0.00,,0.00,0.00,,0.00,0.00,0.00,0.00,,0.00,0.00,0.00,0.00,,,,0.00,0.00,0.00,0.00,0.00,0.00,0.00,0.00,0.00,0.00
Chad,TCD,20200112,0.00,,0.00,,0.00,,0.00,,0.00,,0.00,,0.00,,0.00,0.00,,0.00,0.00,0.00,0.00,,0.00,0.00,0.00,0.00,,,,0.00,0.00,0.00,0.00,0.00,0.00,0.00,0.00,0.00,0.00
Chad,TCD,20200113,0.00,,0.00,,0.00,,0.00,,0.00,,0.00,,0.00,,0.00,0.00,,0.00,0.00,0.00,0.00,,0.00,0.00,0.00,0.00,,,,0.00,0.00,0.00,0.00,0.00,0.00,0.00,0.00,0.00,0.00
Chad,TCD,20200114,0.00,,0.00,,0.00,,0.00,,0.00,,0.00,,0.00,,0.00,0.00,,0.00,0.00,0.00,0.00,,0.00,0.00,0.00,0.00,,,,0.00,0.00,0.00,0.00,0.00,0.00,0.00,0.00,0.00,0.00
Chad,TCD,20200115,0.00,,0.00,,0.00,,0.00,,0.00,,0.00,,0.00,,0.00,0.00,,0.00,0.00,0.00,0.00,,0.00,0.00,0.00,0.00,,,,0.00,0.00,0.00,0.00,0.00,0.00,0.00,0.00,0.00,0.00
Chad,TCD,20200116,0.00,,0.00,,0.00,,0.00,,0.00,,0.00,,0.00,,0.00,0.00,,0.00,0.00,0.00,0.00,,0.00,0.00,0.00,0.00,,,,0.00,0.00,0.00,0.00,0.00,0.00,0.00,0.00,0.00,0.00
Chad,TCD,20200117,0.00,,0.00,,0.00,,0.00,,0.00,,0.00,,0.00,,0.00,0.00,,0.00,0.00,0.00,0.00,,0.00,0.00,0.00,0.00,,,,0.00,0.00,0.00,0.00,0.00,0.00,0.00,0.00,0.00,0.00
Chad,TCD,20200118,0.00,,0.00,,0.00,,0.00,,0.00,,0.00,,0.00,,0.00,0.00,,0.00,0.00,0.00,0.00,,0.00,0.00,0.00,0.00,,,,0.00,0.00,0.00,0.00,0.00,0.00,0.00,0.00,0.00,0.00
Chad,TCD,20200119,0.00,,0.00,,0.00,,0.00,,0.00,,0.00,,0.00,,0.00,0.00,,0.00,0.00,0.00,0.00,,0.00,0.00,0.00,0.00,,,,0.00,0.00,0.00,0.00,0.00,0.00,0.00,0.00,0.00,0.00
Chad,TCD,20200120,0.00,,0.00,,0.00,,0.00,,0.00,,0.00,,0.00,,0.00,0.00,,0.00,0.00,0.00,0.00,,0.00,0.00,0.00,0.00,,,,0.00,0.00,0.00,0.00,0.00,0.00,0.00,0.00,0.00,0.00
Chad,TCD,20200121,0.00,,0.00,,0.00,,0.00,,0.00,,0.00,,0.00,,0.00,0.00,,0.00,0.00,0.00,0.00,,0.00,0.00,0.00,0.00,,,,0.00,0.00,0.00,0.00,0.00,0.00,0.00,0.00,0.00,0.00
Chad,TCD,20200122,0.00,,0.00,,0.00,,0.00,,0.00,,0.00,,0.00,,0.00,0.00,,0.00,0.00,0.00,0.00,,0.00,0.00,0.00,0.00,,,,0.00,0.00,0.00,0.00,0.00,0.00,0.00,0.00,0.00,0.00
Chad,TCD,20200123,0.00,,0.00,,0.00,,0.00,,0.00,,0.00,,0.00,,0.00,0.00,,0.00,0.00,0.00,0.00,,0.00,0.00,0.00,0.00,,,,0.00,0.00,0.00,0.00,0.00,0.00,0.00,0.00,0.00,0.00
Chad,TCD,20200124,0.00,,0.00,,0.00,,0.00,,0.00,,0.00,,0.00,,0.00,0.00,,0.00,0.00,0.00,0.00,,0.00,0.00,0.00,0.00,,,,0.00,0.00,0.00,0.00,0.00,0.00,0.00,0.00,0.00,0.00
Chad,TCD,20200125,0.00,,0.00,,0.00,,0.00,,0.00,,0.00,,0.00,,0.00,0.00,,0.00,0.00,0.00,0.00,,0.00,0.00,0.00,0.00,,,,0.00,0.00,0.00,0.00,0.00,0.00,0.00,0.00,0.00,0.00
Chad,TCD,20200126,0.00,,0.00,,0.00,,0.00,,0.00,,0.00,,0.00,,0.00,0.00,,0.00,0.00,0.00,0.00,,0.00,0.00,0.00,0.00,,,,0.00,0.00,0.00,0.00,0.00,0.00,0.00,0.00,0.00,0.00
Chad,TCD,20200127,0.00,,0.00,,0.00,,0.00,,0.00,,0.00,,0.00,,0.00,0.00,,0.00,0.00,0.00,0.00,,0.00,0.00,0.00,0.00,,,,0.00,0.00,0.00,0.00,0.00,0.00,0.00,0.00,0.00,0.00
Chad,TCD,20200128,0.00,,0.00,,0.00,,0.00,,0.00,,0.00,,0.00,,0.00,0.00,,0.00,0.00,0.00,0.00,,0.00,0.00,0.00,0.00,,,,0.00,0.00,0.00,0.00,0.00,0.00,0.00,0.00,0.00,0.00
Chad,TCD,20200129,0.00,,0.00,,0.00,,0.00,,0.00,,0.00,,0.00,,0.00,0.00,,0.00,0.00,0.00,0.00,,0.00,0.00,0.00,0.00,,,,0.00,0.00,0.00,0.00,0.00,0.00,0.00,0.00,0.00,0.00
Chad,TCD,20200130,0.00,,0.00,,0.00,,0.00,,0.00,,0.00,,0.00,,0.00,0.00,,0.00,0.00,0.00,0.00,,0.00,0.00,0.00,0.00,,,,0.00,0.00,0.00,0.00,0.00,0.00,0.00,0.00,0.00,0.00
Chad,TCD,20200131,0.00,,0.00,,0.00,,0.00,,0.00,,0.00,,0.00,,0.00,0.00,,0.00,0.00,0.00,0.00,,0.00,0.00,0.00,0.00,,,,0.00,0.00,0.00,0.00,0.00,0.00,0.00,0.00,0.00,0.00
Chad,TCD,20200201,0.00,,0.00,,0.00,,0.00,,0.00,,0.00,,0.00,,0.00,0.00,,0.00,0.00,0.00,0.00,,0.00,0.00,0.00,0.00,,,,0.00,0.00,0.00,0.00,0.00,0.00,0.00,0.00,0.00,0.00
Chad,TCD,20200202,0.00,,0.00,,0.00,,0.00,,0.00,,0.00,,0.00,,0.00,0.00,,0.00,0.00,0.00,0.00,,0.00,0.00,0.00,0.00,,,,0.00,0.00,0.00,0.00,0.00,0.00,0.00,0.00,0.00,0.00
Chad,TCD,20200203,0.00,,0.00,,0.00,,0.00,,0.00,,0.00,,0.00,,0.00,0.00,,0.00,0.00,0.00,0.00,,0.00,0.00,0.00,0.00,,,,0.00,0.00,0.00,0.00,0.00,0.00,0.00,0.00,0.00,0.00
Chad,TCD,20200204,0.00,,0.00,,0.00,,0.00,,0.00,,0.00,,0.00,,0.00,0.00,,0.00,0.00,0.00,0.00,,0.00,0.00,0.00,0.00,,,,0.00,0.00,0.00,0.00,0.00,0.00,0.00,0.00,0.00,0.00
Chad,TCD,20200205,0.00,,0.00,,0.00,,0.00,,0.00,,0.00,,0.00,,0.00,0.00,,0.00,0.00,0.00,0.00,,0.00,0.00,0.00,0.00,,,,0.00,0.00,0.00,0.00,0.00,0.00,0.00,0.00,0.00,0.00
Chad,TCD,20200206,0.00,,0.00,,0.00,,0.00,,0.00,,0.00,,0.00,,0.00,0.00,,0.00,0.00,0.00,0.00,,0.00,0.00,0.00,0.00,,,,0.00,0.00,0.00,0.00,0.00,0.00,0.00,0.00,0.00,0.00
Chad,TCD,20200207,0.00,,0.00,,0.00,,0.00,,0.00,,0.00,,0.00,,0.00,0.00,,0.00,0.00,0.00,0.00,,0.00,0.00,0.00,0.00,,,,0.00,0.00,0.00,0.00,0.00,0.00,0.00,0.00,0.00,0.00
Chad,TCD,20200208,0.00,,0.00,,0.00,,0.00,,0.00,,0.00,,0.00,,0.00,0.00,,0.00,0.00,0.00,0.00,,0.00,0.00,0.00,0.00,,,,0.00,0.00,0.00,0.00,0.00,0.00,0.00,0.00,0.00,0.00
Chad,TCD,20200209,0.00,,0.00,,0.00,,0.00,,0.00,,0.00,,0.00,,0.00,0.00,,0.00,0.00,0.00,0.00,,0.00,0.00,0.00,0.00,,,,0.00,0.00,0.00,0.00,0.00,0.00,0.00,0.00,0.00,0.00
Chad,TCD,20200210,0.00,,0.00,,0.00,,0.00,,0.00,,0.00,,0.00,,0.00,0.00,,0.00,0.00,0.00,0.00,,0.00,0.00,0.00,0.00,,,,0.00,0.00,0.00,0.00,0.00,0.00,0.00,0.00,0.00,0.00
Chad,TCD,20200211,0.00,,0.00,,0.00,,0.00,,0.00,,0.00,,0.00,,0.00,0.00,,0.00,0.00,0.00,0.00,,0.00,0.00,0.00,0.00,,,,0.00,0.00,0.00,0.00,0.00,0.00,0.00,0.00,0.00,0.00
Chad,TCD,20200212,0.00,,0.00,,0.00,,0.00,,0.00,,0.00,,0.00,,0.00,0.00,,0.00,0.00,0.00,0.00,,0.00,0.00,0.00,0.00,,,,0.00,0.00,0.00,0.00,0.00,0.00,0.00,0.00,0.00,0.00
Chad,TCD,20200213,0.00,,0.00,,0.00,,0.00,,0.00,,0.00,,0.00,,0.00,0.00,,0.00,0.00,0.00,0.00,,0.00,0.00,0.00,0.00,,,,0.00,0.00,0.00,0.00,0.00,0.00,0.00,0.00,0.00,0.00
Chad,TCD,20200214,0.00,,0.00,,0.00,,0.00,,0.00,,0.00,,0.00,,0.00,0.00,,0.00,0.00,0.00,0.00,,0.00,0.00,0.00,0.00,,,,0.00,0.00,0.00,0.00,0.00,0.00,0.00,0.00,0.00,0.00
Chad,TCD,20200215,0.00,,0.00,,0.00,,0.00,,0.00,,0.00,,0.00,,0.00,0.00,,0.00,0.00,0.00,0.00,,0.00,0.00,0.00,0.00,,,,0.00,0.00,0.00,0.00,0.00,0.00,0.00,0.00,0.00,0.00
Chad,TCD,20200216,0.00,,0.00,,0.00,,0.00,,0.00,,0.00,,0.00,,0.00,0.00,,0.00,0.00,0.00,0.00,,0.00,0.00,0.00,0.00,,,,0.00,0.00,0.00,0.00,0.00,0.00,0.00,0.00,0.00,0.00
Chad,TCD,20200217,0.00,,0.00,,0.00,,0.00,,0.00,,0.00,,0.00,,0.00,0.00,,0.00,0.00,0.00,0.00,,0.00,0.00,0.00,0.00,,,,0.00,0.00,0.00,0.00,0.00,0.00,0.00,0.00,0.00,0.00
Chad,TCD,20200218,0.00,,0.00,,0.00,,0.00,,0.00,,0.00,,0.00,,0.00,0.00,,0.00,0.00,0.00,0.00,,0.00,0.00,0.00,0.00,,,,0.00,0.00,0.00,0.00,0.00,0.00,0.00,0.00,0.00,0.00
Chad,TCD,20200219,0.00,,0.00,,0.00,,0.00,,0.00,,0.00,,0.00,,0.00,0.00,,0.00,0.00,0.00,0.00,,0.00,0.00,0.00,0.00,,,,0.00,0.00,0.00,0.00,0.00,0.00,0.00,0.00,0.00,0.00
Chad,TCD,20200220,0.00,,0.00,,0.00,,0.00,,0.00,,0.00,,0.00,,0.00,0.00,,0.00,0.00,0.00,0.00,,0.00,0.00,0.00,0.00,,,,0.00,0.00,0.00,0.00,0.00,0.00,0.00,0.00,0.00,0.00
Chad,TCD,20200221,0.00,,0.00,,0.00,,0.00,,0.00,,0.00,,0.00,,0.00,0.00,,0.00,0.00,0.00,0.00,,0.00,0.00,0.00,0.00,,,,0.00,0.00,0.00,0.00,0.00,0.00,0.00,0.00,0.00,0.00
Chad,TCD,20200222,0.00,,0.00,,0.00,,0.00,,0.00,,0.00,,0.00,,0.00,0.00,,0.00,0.00,0.00,0.00,,0.00,0.00,0.00,0.00,,,,0.00,0.00,0.00,0.00,0.00,0.00,0.00,0.00,0.00,0.00
Chad,TCD,20200223,0.00,,0.00,,0.00,,0.00,,0.00,,0.00,,0.00,,0.00,0.00,,0.00,0.00,0.00,0.00,,0.00,0.00,0.00,0.00,,,,0.00,0.00,0.00,0.00,0.00,0.00,0.00,0.00,0.00,0.00
Chad,TCD,20200224,0.00,,0.00,,0.00,,0.00,,0.00,,0.00,,0.00,,0.00,0.00,,0.00,0.00,0.00,0.00,,0.00,0.00,0.00,0.00,,,,0.00,0.00,0.00,0.00,0.00,0.00,0.00,0.00,0.00,0.00
Chad,TCD,20200225,0.00,,0.00,,0.00,,0.00,,0.00,,0.00,,0.00,,0.00,0.00,,0.00,0.00,0.00,0.00,,0.00,0.00,0.00,0.00,,,,0.00,0.00,0.00,0.00,0.00,0.00,0.00,0.00,0.00,0.00
Chad,TCD,20200226,0.00,,0.00,,0.00,,0.00,,0.00,,0.00,,0.00,,0.00,0.00,,0.00,0.00,0.00,0.00,,0.00,0.00,0.00,0.00,,,,0.00,0.00,0.00,0.00,0.00,0.00,0.00,0.00,0.00,0.00
Chad,TCD,20200227,0.00,,0.00,,0.00,,0.00,,0.00,,0.00,,0.00,,0.00,0.00,,0.00,0.00,0.00,0.00,,0.00,0.00,0.00,0.00,,,,0.00,0.00,0.00,0.00,0.00,0.00,0.00,0.00,0.00,0.00
Chad,TCD,20200228,0.00,,0.00,,0.00,,0.00,,0.00,,0.00,,0.00,,0.00,0.00,,0.00,0.00,0.00,0.00,,0.00,0.00,0.00,0.00,,,,0.00,0.00,0.00,0.00,0.00,0.00,0.00,0.00,0.00,0.00
Chad,TCD,20200229,0.00,,0.00,,0.00,,0.00,,0.00,,0.00,,0.00,,0.00,0.00,,0.00,0.00,0.00,0.00,,0.00,0.00,0.00,0.00,,,,0.00,0.00,0.00,0.00,0.00,0.00,0.00,0.00,0.00,0.00
Chad,TCD,20200301,0.00,,0.00,,0.00,,0.00,,0.00,,0.00,,0.00,,0.00,0.00,,0.00,0.00,0.00,0.00,,0.00,0.00,0.00,0.00,,,,0.00,0.00,0.00,0.00,0.00,0.00,0.00,0.00,0.00,0.00
Chad,TCD,20200302,0.00,,0.00,,0.00,,0.00,,0.00,,0.00,,0.00,,0.00,0.00,,0.00,0.00,0.00,0.00,,0.00,0.00,0.00,0.00,,,,0.00,0.00,0.00,0.00,0.00,0.00,0.00,0.00,0.00,0.00
Chad,TCD,20200303,0.00,,0.00,,0.00,,0.00,,0.00,,0.00,,0.00,,0.00,0.00,,0.00,0.00,0.00,0.00,,0.00,0.00,0.00,0.00,,,,0.00,0.00,0.00,0.00,0.00,0.00,0.00,0.00,0.00,0.00
Chad,TCD,20200304,0.00,,0.00,,0.00,,0.00,,0.00,,0.00,,0.00,,0.00,0.00,,0.00,0.00,0.00,0.00,,0.00,0.00,0.00,0.00,,,,0.00,0.00,0.00,0.00,0.00,0.00,0.00,0.00,0.00,0.00
Chad,TCD,20200305,0.00,,0.00,,0.00,,0.00,,0.00,,0.00,,0.00,,0.00,0.00,,0.00,0.00,0.00,0.00,,0.00,0.00,0.00,0.00,,,,0.00,0.00,0.00,0.00,0.00,0.00,0.00,0.00,0.00,0.00
Chad,TCD,20200306,0.00,,0.00,,0.00,,0.00,,0.00,,0.00,,0.00,,0.00,0.00,,0.00,0.00,0.00,0.00,,0.00,0.00,0.00,0.00,,,,0.00,0.00,0.00,0.00,0.00,0.00,0.00,0.00,0.00,0.00
Chad,TCD,20200307,0.00,,0.00,,0.00,,0.00,,0.00,,0.00,,0.00,,0.00,0.00,,0.00,0.00,0.00,2.00,1,0.00,0.00,0.00,0.00,,,,11.11,11.11,14.29,14.29,7.69,7.69,9.09,9.09,0.00,0.00
Chad,TCD,20200308,0.00,,0.00,,0.00,,0.00,,0.00,,0.00,,0.00,,2.00,0.00,,0.00,0.00,0.00,2.00,1,0.00,0.00,0.00,0.00,,,,16.67,16.67,21.43,21.43,11.54,11.54,13.64,13.64,0.00,0.00
Chad,TCD,20200309,0.00,,0.00,,0.00,,0.00,,0.00,,0.00,,0.00,,2.00,0.00,,0.00,0.00,0.00,2.00,1,0.00,0.00,0.00,0.00,,,,16.67,16.67,21.43,21.43,11.54,11.54,13.64,13.64,0.00,0.00
Chad,TCD,20200310,0.00,,0.00,,0.00,,0.00,,0.00,,0.00,,0.00,,2.00,0.00,,0.00,0.00,0.00,2.00,1,0.00,0.00,0.00,0.00,,,,16.67,16.67,21.43,21.43,11.54,11.54,13.64,13.64,0.00,0.00
Chad,TCD,20200311,0.00,,0.00,,0.00,,0.00,,0.00,,0.00,,0.00,,2.00,0.00,,0.00,0.00,0.00,2.00,1,0.00,0.00,0.00,0.00,,,,16.67,16.67,21.43,21.43,11.54,11.54,13.64,13.64,0.00,0.00
Chad,TCD,20200312,0.00,,0.00,,0.00,,0.00,,0.00,,0.00,,0.00,,2.00,0.00,,0.00,0.00,0.00,2.00,1,0.00,0.00,0.00,0.00,,,,16.67,16.67,21.43,21.43,11.54,11.54,13.64,13.64,0.00,0.00
Chad,TCD,20200313,0.00,,0.00,,0.00,,0.00,,0.00,,0.00,,0.00,,2.00,0.00,,0.00,0.00,0.00,2.00,1,0.00,0.00,0.00,0.00,,,,16.67,16.67,21.43,21.43,11.54,11.54,13.64,13.64,0.00,0.00
Chad,TCD,20200314,0.00,,0.00,,0.00,,0.00,,0.00,,0.00,,0.00,,2.00,0.00,,0.00,0.00,0.00,2.00,1,0.00,0.00,0.00,0.00,,,,16.67,16.67,21.43,21.43,11.54,11.54,13.64,13.64,0.00,0.00
Chad,TCD,20200315,0.00,,0.00,,0.00,,0.00,,0.00,,0.00,,0.00,,2.00,0.00,,0.00,0.00,0.00,2.00,1,0.00,0.00,0.00,0.00,,,,16.67,16.67,21.43,21.43,11.54,11.54,13.64,13.64,0.00,0.00
Chad,TCD,20200316,0.00,,0.00,,0.00,,0.00,,0.00,,0.00,,0.00,,2.00,0.00,,0.00,0.00,0.00,2.00,1,0.00,0.00,0.00,0.00,,,,16.67,16.67,21.43,21.43,11.54,11.54,13.64,13.64,0.00,0.00
Chad,TCD,20200317,0.00,,0.00,,0.00,,0.00,,0.00,,0.00,,0.00,,2.00,0.00,,0.00,0.00,0.00,2.00,1,0.00,0.00,0.00,0.00,,,,16.67,16.67,21.43,21.43,11.54,11.54,13.64,13.64,0.00,0.00
Chad,TCD,20200318,0.00,,0.00,,0.00,,0.00,,0.00,,0.00,,0.00,,3.00,0.00,,0.00,0.00,0.00,2.00,1,0.00,0.00,0.00,0.00,,,,19.44,19.44,25.00,25.00,13.46,13.46,15.91,15.91,0.00,0.00
Chad,TCD,20200319,0.00,,0.00,,0.00,,3.00,1,0.00,,0.00,,0.00,,3.00,0.00,,0.00,0.00,0.00,2.00,1,1.00,1.00,0.00,0.00,,,,27.78,27.78,36.43,36.43,25.64,25.64,30.30,30.30,0.00,0.00
Chad,TCD,20200320,0.00,,0.00,,0.00,,3.00,1,0.00,,0.00,,0.00,,3.00,0.00,,0.00,0.00,0.00,2.00,1,1.00,1.00,0.00,0.00,,1,0,27.78,27.78,36.43,36.43,25.64,25.64,30.30,30.30,0.00,0.00
Chad,TCD,20200321,0.00,,0.00,,0.00,,3.00,1,0.00,,0.00,,0.00,,3.00,0.00,,0.00,0.00,0.00,2.00,1,1.00,1.00,0.00,0.00,,1,0,27.78,27.78,36.43,36.43,25.64,25.64,30.30,30.30,0.00,0.00
Chad,TCD,20200322,0.00,,0.00,,0.00,,3.00,1,0.00,,0.00,,0.00,,3.00,0.00,,0.00,0.00,0.00,2.00,1,1.00,1.00,0.00,0.00,,2,0,27.78,27.78,36.43,36.43,25.64,25.64,30.30,30.30,0.00,0.00
Chad,TCD,20200323,0.00,,0.00,,0.00,,3.00,1,0.00,,0.00,,0.00,,3.00,0.00,,0.00,0.00,0.00,2.00,1,1.00,1.00,0.00,0.00,,2,0,27.78,27.78,36.43,36.43,25.64,25.64,30.30,30.30,0.00,0.00
Chad,TCD,20200324,0.00,,0.00,,0.00,,3.00,1,0.00,,0.00,,0.00,,3.00,0.00,,0.00,0.00,0.00,2.00,1,1.00,1.00,0.00,0.00,,2,0,27.78,27.78,36.43,36.43,25.64,25.64,30.30,30.30,0.00,0.00
Chad,TCD,20200325,0.00,,0.00,,0.00,,3.00,1,0.00,,0.00,,0.00,,3.00,0.00,,0.00,0.00,0.00,2.00,1,1.00,1.00,0.00,0.00,,3,0,27.78,27.78,36.43,36.43,25.64,25.64,30.30,30.30,0.00,0.00
Chad,TCD,20200326,0.00,,0.00,,0.00,,3.00,1,0.00,,0.00,,0.00,,3.00,0.00,,0.00,0.00,0.00,2.00,1,1.00,1.00,0.00,0.00,,3,0,27.78,27.78,36.43,36.43,25.64,25.64,30.30,30.30,0.00,0.00
Chad,TCD,20200327,0.00,,0.00,,0.00,,3.00,1,0.00,,0.00,,0.00,,3.00,0.00,,2.00,0.00,0.00,2.00,1,1.00,1.00,0.00,0.00,,5,0,27.78,27.78,36.43,36.43,33.33,33.33,30.30,30.30,50.00,50.00
Chad,TCD,20200328,0.00,,0.00,,0.00,,3.00,1,0.00,,0.00,,0.00,,3.00,0.00,,2.00,0.00,0.00,2.00,1,1.00,1.00,0.00,0.00,,5,0,27.78,27.78,36.43,36.43,33.33,33.33,30.30,30.30,50.00,50.00
Chad,TCD,20200329,0.00,,0.00,,0.00,,3.00,1,0.00,,0.00,,0.00,,3.00,0.00,,2.00,0.00,0.00,2.00,1,1.00,1.00,0.00,0.00,,5,0,27.78,27.78,36.43,36.43,33.33,33.33,30.30,30.30,50.00,50.00
Chad,TCD,20200330,0.00,,0.00,,0.00,,3.00,1,0.00,,0.00,,0.00,,3.00,0.00,,2.00,0.00,0.00,2.00,1,1.00,1.00,0.00,0.00,,5,0,27.78,27.78,36.43,36.43,33.33,33.33,30.30,30.30,50.00,50.00
Chad,TCD,20200331,0.00,,0.00,,0.00,,3.00,1,0.00,,0.00,,0.00,,3.00,0.00,,2.00,0.00,0.00,2.00,1,1.00,1.00,0.00,0.00,,7,0,27.78,27.78,36.43,36.43,33.33,33.33,30.30,30.30,50.00,50.00
Chad,TCD,20200401,0.00,,0.00,,0.00,,3.00,1,0.00,,0.00,,0.00,,3.00,0.00,,2.00,0.00,0.00,2.00,1,1.00,1.00,0.00,0.00,,7,0,27.78,27.78,36.43,36.43,33.33,33.33,30.30,30.30,50.00,50.00
Chad,TCD,20200402,0.00,,0.00,,0.00,,3.00,1,0.00,,2.00,0,0.00,,3.00,0.00,,2.00,0.00,0.00,2.00,1,1.00,1.00,0.00,0.00,,7,0,33.33,33.33,43.57,43.57,37.18,37.18,34.85,34.85,50.00,50.00
Chad,TCD,20200403,0.00,,0.00,,0.00,,3.00,1,0.00,,2.00,0,0.00,,3.00,0.00,,2.00,0.00,0.00,2.00,1,1.00,1.00,0.00,0.00,,7,0,33.33,33.33,43.57,43.57,37.18,37.18,34.85,34.85,50.00,50.00
Chad,TCD,20200404,0.00,,0.00,,0.00,,3.00,1,0.00,,2.00,0,0.00,,3.00,0.00,,2.00,0.00,0.00,2.00,1,1.00,1.00,0.00,0.00,,7,0,33.33,33.33,43.57,43.57,37.18,37.18,34.85,34.85,50.00,50.00
Chad,TCD,20200405,0.00,,0.00,,0.00,,3.00,1,0.00,,2.00,0,0.00,,3.00,0.00,,2.00,0.00,0.00,2.00,1,1.00,1.00,0.00,0.00,,8,0,33.33,33.33,43.57,43.57,37.18,37.18,34.85,34.85,50.00,50.00
Chad,TCD,20200406,0.00,,0.00,,0.00,,3.00,1,0.00,,2.00,0,0.00,,3.00,0.00,,2.00,0.00,0.00,2.00,1,1.00,1.00,0.00,0.00,,9,0,33.33,33.33,43.57,43.57,37.18,37.18,34.85,34.85,50.00,50.00
Chad,TCD,20200407,0.00,,0.00,,0.00,,3.00,1,0.00,,2.00,0,0.00,,3.00,0.00,,2.00,0.00,0.00,2.00,1,1.00,1.00,0.00,0.00,,9,0,33.33,33.33,43.57,43.57,37.18,37.18,34.85,34.85,50.00,50.00
Chad,TCD,20200408,0.00,,0.00,,0.00,,3.00,1,0.00,,2.00,0,0.00,,3.00,0.00,,2.00,0.00,0.00,2.00,1,1.00,1.00,0.00,0.00,,9,0,33.33,33.33,43.57,43.57,37.18,37.18,34.85,34.85,50.00,50.00
Chad,TCD,20200409,0.00,,0.00,,0.00,,3.00,1,0.00,,2.00,0,0.00,,3.00,0.00,,2.00,0.00,0.00,2.00,1,1.00,1.00,0.00,0.00,,10,0,33.33,33.33,43.57,43.57,37.18,37.18,34.85,34.85,50.00,50.00
Chad,TCD,20200410,0.00,,0.00,,0.00,,3.00,1,0.00,,2.00,0,0.00,,3.00,0.00,,2.00,0.00,0.00,2.00,1,1.00,1.00,0.00,0.00,,11,0,33.33,33.33,43.57,43.57,37.18,37.18,34.85,34.85,50.00,50.00
Chad,TCD,20200411,0.00,,0.00,,0.00,,3.00,1,0.00,,2.00,0,0.00,,3.00,0.00,,2.00,0.00,0.00,2.00,1,1.00,1.00,0.00,0.00,,11,0,33.33,33.33,43.57,43.57,37.18,37.18,34.85,34.85,50.00,50.00
Chad,TCD,20200412,0.00,,0.00,,0.00,,3.00,1,0.00,,2.00,0,0.00,,3.00,0.00,,2.00,0.00,0.00,2.00,1,1.00,1.00,0.00,0.00,,11,0,33.33,33.33,43.57,43.57,37.18,37.18,34.85,34.85,50.00,50.00
Chad,TCD,20200413,3.00,1,3.00,1,2.00,1,3.00,1,2.00,1,2.00,0,2.00,0,4.00,0.00,,2.00,0.00,0.00,2.00,1,1.00,1.00,0.00,0.00,,15,0,88.89,88.89,95.24,95.24,75.64,75.64,80.30,80.30,50.00,50.00
Chad,TCD,20200414,3.00,1,3.00,1,2.00,1,3.00,1,2.00,1,2.00,0,2.00,0,4.00,0.00,,2.00,0.00,0.00,2.00,1,1.00,1.00,0.00,0.00,,23,0,88.89,88.89,95.24,95.24,75.64,75.64,80.30,80.30,50.00,50.00
Chad,TCD,20200415,3.00,1,3.00,1,2.00,1,3.00,1,2.00,1,2.00,0,2.00,0,4.00,0.00,,2.00,0.00,0.00,2.00,1,1.00,1.00,0.00,0.00,,23,0,88.89,88.89,95.24,95.24,75.64,75.64,80.30,80.30,50.00,50.00
Chad,TCD,20200416,3.00,1,3.00,1,2.00,1,3.00,1,2.00,1,2.00,0,2.00,0,4.00,0.00,,2.00,0.00,0.00,2.00,1,1.00,1.00,0.00,0.00,,27,0,88.89,88.89,95.24,95.24,75.64,75.64,80.30,80.30,50.00,50.00
Chad,TCD,20200417,3.00,1,3.00,1,2.00,1,3.00,1,2.00,1,2.00,0,2.00,0,4.00,0.00,,2.00,0.00,0.00,2.00,1,1.00,1.00,0.00,0.00,,27,0,88.89,88.89,95.24,95.24,75.64,75.64,80.30,80.30,50.00,50.00
Chad,TCD,20200418,3.00,1,3.00,1,2.00,1,3.00,1,2.00,1,2.00,0,2.00,0,4.00,0.00,,2.00,0.00,0.00,2.00,1,1.00,1.00,0.00,0.00,,33,0,88.89,88.89,95.24,95.24,75.64,75.64,80.30,80.30,50.00,50.00
Chad,TCD,20200419,3.00,1,3.00,1,2.00,1,3.00,1,2.00,1,2.00,0,2.00,0,4.00,0.00,,2.00,0.00,0.00,2.00,1,1.00,1.00,0.00,0.00,,33,0,88.89,88.89,95.24,95.24,75.64,75.64,80.30,80.30,50.00,50.00
Chad,TCD,20200420,3.00,1,3.00,1,2.00,1,3.00,1,2.00,1,2.00,0,2.00,0,4.00,0.00,,2.00,0.00,0.00,2.00,1,1.00,1.00,0.00,0.00,,33,0,88.89,88.89,95.24,95.24,75.64,75.64,80.30,80.30,50.00,50.00
Chad,TCD,20200421,3.00,1,3.00,1,2.00,1,3.00,1,2.00,1,2.00,0,2.00,0,4.00,0.00,,2.00,0.00,0.00,2.00,1,1.00,1.00,0.00,0.00,,33,0,88.89,88.89,95.24,95.24,75.64,75.64,80.30,80.30,50.00,50.00
Chad,TCD,20200422,3.00,1,3.00,1,2.00,1,3.00,1,2.00,1,2.00,0,2.00,0,4.00,0.00,,2.00,0.00,0.00,2.00,1,1.00,1.00,0.00,0.00,,34,0,88.89,88.89,95.24,95.24,75.64,75.64,80.30,80.30,50.00,50.00
Chad,TCD,20200423,3.00,1,3.00,1,2.00,1,3.00,1,2.00,1,2.00,0,2.00,0,4.00,0.00,,2.00,24000000.00,0.00,2.00,1,1.00,1.00,0.00,0.00,,34,0,88.89,88.89,95.24,95.24,75.64,75.64,80.30,80.30,50.00,50.00
Chad,TCD,20200424,3.00,1,3.00,1,2.00,1,3.00,1,2.00,1,2.00,0,2.00,0,4.00,0.00,,2.00,0.00,0.00,2.00,1,1.00,1.00,0.00,0.00,,40,0,88.89,88.89,95.24,95.24,75.64,75.64,80.30,80.30,50.00,50.00
Chad,TCD,20200425,3.00,1,3.00,1,2.00,1,3.00,1,2.00,1,2.00,0,2.00,0,4.00,0.00,,2.00,0.00,0.00,2.00,1,1.00,1.00,0.00,0.00,,40,0,88.89,88.89,95.24,95.24,75.64,75.64,80.30,80.30,50.00,50.00
Chad,TCD,20200426,3.00,1,3.00,1,2.00,1,3.00,1,2.00,1,2.00,0,2.00,0,4.00,0.00,,2.00,0.00,0.00,2.00,1,1.00,1.00,0.00,0.00,,40,0,88.89,88.89,95.24,95.24,75.64,75.64,80.30,80.30,50.00,50.00
Chad,TCD,20200427,3.00,1,3.00,1,2.00,1,3.00,1,2.00,1,2.00,0,2.00,0,4.00,0.00,,2.00,0.00,0.00,2.00,1,1.00,1.00,0.00,0.00,,46,0,88.89,88.89,95.24,95.24,75.64,75.64,80.30,80.30,50.00,50.00
Chad,TCD,20200428,3.00,1,3.00,1,2.00,1,3.00,1,2.00,1,2.00,0,2.00,0,4.00,0.00,,2.00,0.00,0.00,2.00,1,1.00,1.00,0.00,0.00,,46,0,88.89,88.89,95.24,95.24,75.64,75.64,80.30,80.30,50.00,50.00
Chad,TCD,20200429,3.00,1,3.00,1,2.00,1,3.00,1,2.00,1,2.00,0,2.00,0,4.00,0.00,,2.00,0.00,0.00,2.00,1,1.00,1.00,0.00,0.00,,52,2,88.89,88.89,95.24,95.24,75.64,75.64,80.30,80.30,50.00,50.00
Chad,TCD,20200430,3.00,1,3.00,1,2.00,1,3.00,1,2.00,1,2.00,0,2.00,0,4.00,0.00,,2.00,0.00,0.00,2.00,1,1.00,1.00,0.00,0.00,,52,2,88.89,88.89,95.24,95.24,75.64,75.64,80.30,80.30,50.00,50.00
Chad,TCD,20200501,3.00,1,3.00,1,2.00,1,3.00,1,2.00,1,2.00,0,2.00,0,4.00,0.00,,2.00,0.00,0.00,2.00,1,1.00,1.00,0.00,0.00,,73,5,88.89,88.89,95.24,95.24,75.64,75.64,80.30,80.30,50.00,50.00
Chad,TCD,20200502,3.00,1,3.00,1,2.00,1,3.00,1,2.00,1,2.00,0,2.00,0,4.00,0.00,,2.00,0.00,0.00,2.00,1,1.00,1.00,0.00,0.00,,73,5,88.89,88.89,95.24,95.24,75.64,75.64,80.30,80.30,50.00,50.00
Chad,TCD,20200503,3.00,1,3.00,1,2.00,1,3.00,1,2.00,1,2.00,0,2.00,0,4.00,0.00,,2.00,0.00,0.00,2.00,1,1.00,1.00,0.00,0.00,,117,10,88.89,88.89,95.24,95.24,75.64,75.64,80.30,80.30,50.00,50.00
Chad,TCD,20200504,3.00,1,3.00,1,2.00,1,3.00,1,2.00,1,2.00,0,2.00,0,4.00,0.00,,2.00,0.00,0.00,2.00,1,1.00,1.00,0.00,0.00,,117,10,88.89,88.89,95.24,95.24,75.64,75.64,80.30,80.30,50.00,50.00
Chad,TCD,20200505,3.00,1,3.00,1,2.00,1,3.00,1,2.00,1,2.00,0,2.00,0,4.00,0.00,,2.00,0.00,0.00,2.00,1,1.00,1.00,0.00,0.00,,117,10,88.89,88.89,95.24,95.24,75.64,75.64,80.30,80.30,50.00,50.00
Chad,TCD,20200506,3.00,1,3.00,1,2.00,1,3.00,1,2.00,1,2.00,0,2.00,0,4.00,0.00,,2.00,0.00,0.00,2.00,1,1.00,1.00,0.00,0.00,,170,17,88.89,88.89,95.24,95.24,75.64,75.64,80.30,80.30,50.00,50.00
Chad,TCD,20200507,3.00,1,3.00,1,2.00,1,3.00,1,2.00,1,2.00,0,2.00,0,4.00,0.00,,2.00,0.00,0.00,2.00,1,1.00,1.00,0.00,0.00,,170,17,88.89,88.89,95.24,95.24,75.64,75.64,80.30,80.30,50.00,50.00
Chad,TCD,20200508,3.00,1,3.00,1,2.00,1,3.00,1,2.00,1,2.00,0,2.00,0,4.00,0.00,,2.00,0.00,0.00,2.00,1,1.00,1.00,0.00,0.00,,253,27,88.89,88.89,95.24,95.24,75.64,75.64,80.30,80.30,50.00,50.00
Chad,TCD,20200509,3.00,1,3.00,1,2.00,1,3.00,1,2.00,1,2.00,0,2.00,0,4.00,0.00,,2.00,0.00,0.00,2.00,1,1.00,1.00,0.00,0.00,,260,28,88.89,88.89,95.24,95.24,75.64,75.64,80.30,80.30,50.00,50.00
Chad,TCD,20200510,3.00,1,3.00,1,2.00,1,3.00,1,2.00,1,2.00,0,2.00,0,4.00,0.00,,2.00,0.00,0.00,2.00,1,1.00,1.00,0.00,0.00,,322,31,88.89,88.89,95.24,95.24,75.64,75.64,80.30,80.30,50.00,50.00
Chad,TCD,20200511,3.00,1,3.00,1,2.00,1,3.00,1,2.00,1,2.00,0,2.00,0,4.00,0.00,,2.00,0.00,0.00,2.00,1,1.00,1.00,0.00,0.00,,322,31,88.89,88.89,95.24,95.24,75.64,75.64,80.30,80.30,50.00,50.00
Chad,TCD,20200512,3.00,1,3.00,0,2.00,1,3.00,1,2.00,1,2.00,0,2.00,0,4.00,0.00,,2.00,0.00,0.00,2.00,1,1.00,1.00,0.00,0.00,,322,31,87.04,87.04,91.67,91.67,74.36,74.36,78.79,78.79,50.00,50.00
Chad,TCD,20200513,3.00,1,3.00,0,2.00,1,3.00,1,2.00,1,2.00,0,2.00,0,4.00,0.00,,2.00,0.00,0.00,2.00,1,1.00,1.00,0.00,0.00,,357,40,87.04,87.04,91.67,91.67,74.36,74.36,78.79,78.79,50.00,50.00
Chad,TCD,20200514,3.00,1,3.00,0,2.00,1,3.00,1,2.00,1,2.00,0,2.00,0,4.00,0.00,,2.00,0.00,0.00,2.00,1,1.00,1.00,0.00,0.00,,372,42,87.04,87.04,91.67,91.67,74.36,74.36,78.79,78.79,50.00,50.00
Chad,TCD,20200515,3.00,1,3.00,0,2.00,1,3.00,1,2.00,1,2.00,0,2.00,0,4.00,0.00,,2.00,0.00,0.00,2.00,1,1.00,1.00,0.00,0.00,,399,46,87.04,87.04,91.67,91.67,74.36,74.36,78.79,78.79,50.00,50.00
Chad,TCD,20200516,3.00,1,3.00,0,2.00,1,3.00,1,2.00,1,2.00,0,2.00,0,4.00,0.00,,2.00,0.00,0.00,2.00,1,1.00,1.00,0.00,0.00,,428,48,87.04,87.04,91.67,91.67,74.36,74.36,78.79,78.79,50.00,50.00
Chad,TCD,20200517,3.00,1,3.00,0,2.00,1,3.00,1,2.00,1,2.00,0,2.00,0,4.00,0.00,,2.00,0.00,0.00,2.00,1,1.00,1.00,0.00,0.00,,474,50,87.04,87.04,91.67,91.67,74.36,74.36,78.79,78.79,50.00,50.00
Chad,TCD,20200518,3.00,1,2.00,1,2.00,1,3.00,1,0.00,,2.00,0,2.00,0,4.00,0.00,,2.00,0.00,0.00,2.00,1,1.00,1.00,0.00,0.00,,503,53,74.07,74.07,77.38,77.38,65.38,65.38,68.18,68.18,50.00,50.00
Chad,TCD,20200519,3.00,1,2.00,1,2.00,1,3.00,1,0.00,,2.00,0,2.00,0,4.00,0.00,,2.00,0.00,0.00,2.00,1,1.00,1.00,0.00,0.00,,519,53,74.07,74.07,77.38,77.38,65.38,65.38,68.18,68.18,50.00,50.00
Chad,TCD,20200520,3.00,1,2.00,1,2.00,1,3.00,1,0.00,,2.00,0,2.00,0,4.00,0.00,,2.00,0.00,0.00,2.00,1,1.00,1.00,0.00,0.00,,545,56,74.07,74.07,77.38,77.38,65.38,65.38,68.18,68.18,50.00,50.00
Chad,TCD,20200521,3.00,1,2.00,1,2.00,1,3.00,1,0.00,,2.00,0,2.00,0,4.00,0.00,,2.00,0.00,0.00,2.00,1,1.00,1.00,0.00,0.00,,565,57,74.07,74.07,77.38,77.38,65.38,65.38,68.18,68.18,50.00,50.00
Chad,TCD,20200522,3.00,1,2.00,1,2.00,1,3.00,1,0.00,,2.00,0,2.00,0,4.00,0.00,,2.00,0.00,0.00,2.00,1,1.00,1.00,0.00,0.00,,588,58,74.07,74.07,77.38,77.38,65.38,65.38,68.18,68.18,50.00,50.00
Chad,TCD,20200523,3.00,1,2.00,1,2.00,1,3.00,1,0.00,,2.00,0,2.00,0,4.00,0.00,,2.00,0.00,0.00,2.00,1,1.00,1.00,0.00,0.00,,611,59,74.07,74.07,77.38,77.38,65.38,65.38,68.18,68.18,50.00,50.00
Chad,TCD,20200524,3.00,1,2.00,1,2.00,1,3.00,1,0.00,,2.00,0,2.00,0,4.00,0.00,,2.00,0.00,0.00,2.00,1,1.00,1.00,0.00,0.00,,648,60,74.07,74.07,77.38,77.38,65.38,65.38,68.18,68.18,50.00,50.00
Chad,TCD,20200525,3.00,1,2.00,1,2.00,1,3.00,1,0.00,,2.00,0,2.00,0,4.00,0.00,,2.00,0.00,0.00,2.00,1,1.00,1.00,0.00,0.00,,675,60,74.07,74.07,77.38,77.38,65.38,65.38,68.18,68.18,50.00,50.00
Chad,TCD,20200526,3.00,1,2.00,1,2.00,1,3.00,1,0.00,,2.00,0,2.00,0,4.00,0.00,,2.00,0.00,0.00,2.00,1,1.00,1.00,0.00,0.00,,687,61,74.07,74.07,77.38,77.38,65.38,65.38,68.18,68.18,50.00,50.00
Chad,TCD,20200527,3.00,1,2.00,1,2.00,1,3.00,1,0.00,,2.00,0,2.00,0,4.00,0.00,,2.00,0.00,0.00,2.00,1,1.00,1.00,0.00,0.00,,700,62,74.07,74.07,77.38,77.38,65.38,65.38,68.18,68.18,50.00,50.00
Chad,TCD,20200528,3.00,1,2.00,1,2.00,1,3.00,1,0.00,,2.00,0,2.00,0,4.00,0.00,,2.00,0.00,0.00,2.00,1,1.00,1.00,0.00,0.00,,715,64,74.07,74.07,77.38,77.38,65.38,65.38,68.18,68.18,50.00,50.00
Chad,TCD,20200529,3.00,1,2.00,1,2.00,1,3.00,1,0.00,,2.00,0,2.00,0,4.00,0.00,,2.00,0.00,0.00,2.00,1,1.00,1.00,0.00,0.00,,726,65,74.07,74.07,77.38,77.38,65.38,65.38,68.18,68.18,50.00,50.00
Chad,TCD,20200530,3.00,1,2.00,1,2.00,1,3.00,1,0.00,,2.00,0,2.00,0,4.00,0.00,,2.00,0.00,0.00,2.00,1,1.00,1.00,0.00,0.00,,759,65,74.07,74.07,77.38,77.38,65.38,65.38,68.18,68.18,50.00,50.00
Chad,TCD,20200531,3.00,1,2.00,1,2.00,1,3.00,1,0.00,,2.00,0,2.00,0,4.00,0.00,,2.00,0.00,0.00,2.00,1,1.00,1.00,0.00,0.00,,759,65,74.07,74.07,77.38,77.38,65.38,65.38,68.18,68.18,50.00,50.00
Chad,TCD,20200601,3.00,1,2.00,1,2.00,1,3.00,1,0.00,,2.00,0,2.00,0,4.00,0.00,,2.00,0.00,0.00,2.00,1,1.00,1.00,0.00,0.00,,778,65,74.07,74.07,77.38,77.38,65.38,65.38,68.18,68.18,50.00,50.00
Chad,TCD,20200602,3.00,1,2.00,1,2.00,1,3.00,1,0.00,,2.00,0,2.00,0,4.00,0.00,,2.00,0.00,0.00,2.00,1,1.00,1.00,0.00,0.00,,790,66,74.07,74.07,77.38,77.38,65.38,65.38,68.18,68.18,50.00,50.00
Chad,TCD,20200603,3.00,1,2.00,1,2.00,1,3.00,1,0.00,,2.00,0,2.00,0,4.00,0.00,,2.00,0.00,0.00,2.00,1,1.00,1.00,0.00,0.00,,803,66,74.07,74.07,77.38,77.38,65.38,65.38,68.18,68.18,50.00,50.00
Chad,TCD,20200604,3.00,1,2.00,1,2.00,1,3.00,1,0.00,,2.00,0,2.00,0,4.00,0.00,,2.00,0.00,0.00,2.00,1,1.00,1.00,0.00,0.00,,820,66,74.07,74.07,77.38,77.38,65.38,65.38,68.18,68.18,50.00,50.00
Chad,TCD,20200605,3.00,1,2.00,1,2.00,1,3.00,1,0.00,,2.00,0,2.00,0,4.00,0.00,,2.00,0.00,0.00,2.00,1,1.00,1.00,0.00,0.00,,828,66,74.07,74.07,77.38,77.38,65.38,65.38,68.18,68.18,50.00,50.00
Chad,TCD,20200606,3.00,1,2.00,1,2.00,1,3.00,1,0.00,,2.00,0,2.00,0,4.00,0.00,,2.00,0.00,0.00,2.00,1,1.00,1.00,0.00,0.00,,836,68,74.07,74.07,77.38,77.38,65.38,65.38,68.18,68.18,50.00,50.00
Chad,TCD,20200607,3.00,1,2.00,1,2.00,1,3.00,1,0.00,,2.00,0,2.00,0,4.00,0.00,,2.00,0.00,0.00,2.00,1,1.00,1.00,0.00,0.00,,836,69,74.07,74.07,77.38,77.38,65.38,65.38,68.18,68.18,50.00,50.00
Chad,TCD,20200608,3.00,1,2.00,1,2.00,1,3.00,1,0.00,,2.00,0,2.00,0,4.00,0.00,,2.00,0.00,0.00,2.00,1,1.00,1.00,0.00,0.00,,837,69,74.07,74.07,77.38,77.38,65.38,65.38,68.18,68.18,50.00,50.00
Chad,TCD,20200609,3.00,1,2.00,1,2.00,1,3.00,1,0.00,,2.00,0,2.00,0,4.00,0.00,,2.00,0.00,0.00,2.00,1,1.00,1.00,0.00,0.00,,839,70,74.07,74.07,77.38,77.38,65.38,65.38,68.18,68.18,50.00,50.00
Chad,TCD,20200610,3.00,1,2.00,1,2.00,1,3.00,1,0.00,,2.00,0,2.00,0,4.00,0.00,,2.00,0.00,0.00,2.00,1,1.00,1.00,0.00,0.00,,844,71,74.07,74.07,77.38,77.38,65.38,65.38,68.18,68.18,50.00,50.00
Chad,TCD,20200611,3.00,1,2.00,1,2.00,1,3.00,1,0.00,,2.00,0,2.00,0,4.00,0.00,,2.00,0.00,0.00,2.00,1,1.00,1.00,0.00,0.00,,846,72,74.07,74.07,77.38,77.38,65.38,65.38,68.18,68.18,50.00,50.00
Chad,TCD,20200612,3.00,1,2.00,1,2.00,1,3.00,1,0.00,,2.00,0,2.00,0,4.00,0.00,,2.00,0.00,0.00,2.00,1,1.00,1.00,0.00,0.00,,848,72,74.07,74.07,77.38,77.38,65.38,65.38,68.18,68.18,50.00,50.00
Chad,TCD,20200613,3.00,1,2.00,1,2.00,1,3.00,1,0.00,,2.00,0,2.00,0,4.00,0.00,,2.00,0.00,0.00,2.00,1,1.00,1.00,0.00,0.00,,848,72,74.07,74.07,77.38,77.38,65.38,65.38,68.18,68.18,50.00,50.00
Chad,TCD,20200614,3.00,1,2.00,1,2.00,1,3.00,1,0.00,,2.00,0,2.00,0,4.00,0.00,,2.00,0.00,0.00,2.00,1,1.00,1.00,0.00,0.00,,848,72,74.07,74.07,77.38,77.38,65.38,65.38,68.18,68.18,50.00,50.00
Chad,TCD,20200615,3.00,1,2.00,1,2.00,1,3.00,1,0.00,,2.00,0,2.00,0,4.00,0.00,,2.00,0.00,0.00,2.00,1,1.00,1.00,0.00,0.00,,850,73,74.07,74.07,77.38,77.38,65.38,65.38,68.18,68.18,50.00,50.00
Chad,TCD,20200616,3.00,1,2.00,1,2.00,1,3.00,1,0.00,,2.00,0,2.00,0,4.00,0.00,,2.00,0.00,0.00,2.00,1,1.00,1.00,0.00,0.00,,850,73,74.07,74.07,77.38,77.38,65.38,65.38,68.18,68.18,50.00,50.00
Chad,TCD,20200617,3.00,1,2.00,1,2.00,1,3.00,1,0.00,,2.00,0,2.00,0,4.00,0.00,,2.00,0.00,0.00,2.00,1,1.00,1.00,0.00,0.00,,853,74,74.07,74.07,77.38,77.38,65.38,65.38,68.18,68.18,50.00,50.00
Chad,TCD,20200618,3.00,1,2.00,1,2.00,1,3.00,1,0.00,,2.00,0,2.00,0,4.00,0.00,,2.00,0.00,0.00,2.00,1,1.00,1.00,0.00,0.00,,854,74,74.07,74.07,77.38,77.38,65.38,65.38,68.18,68.18,50.00,50.00
Chad,TCD,20200619,3.00,1,2.00,1,2.00,1,3.00,1,0.00,,2.00,0,2.00,0,4.00,0.00,,2.00,0.00,0.00,2.00,1,1.00,1.00,0.00,0.00,,854,74,74.07,74.07,77.38,77.38,65.38,65.38,68.18,68.18,50.00,50.00
Chad,TCD,20200620,3.00,1,2.00,1,2.00,1,3.00,1,0.00,,2.00,0,2.00,0,4.00,0.00,,2.00,0.00,0.00,2.00,1,1.00,1.00,0.00,0.00,,858,74,74.07,74.07,77.38,77.38,65.38,65.38,68.18,68.18,50.00,50.00
Chad,TCD,20200621,3.00,1,2.00,1,2.00,1,3.00,1,0.00,,2.00,0,2.00,0,4.00,0.00,,2.00,0.00,0.00,2.00,1,1.00,1.00,0.00,0.00,,858,74,74.07,74.07,77.38,77.38,65.38,65.38,68.18,68.18,50.00,50.00
Chad,TCD,20200622,,,,,,,,,,,,,,,,,,,,,,,,,,,,858,74,,74.07,,77.38,,65.38,,68.18,,50.00
Chad,TCD,20200623,,,,,,,,,,,,,,,,,,,,,,,,,,,,858,74,,74.07,,77.38,,65.38,,68.18,,50.00
