Czech Republic,CZE,20200101,0.00,,0.00,,0.00,,0.00,,0.00,,0.00,,0.00,,0.00,0.00,,0.00,0.00,0.00,0.00,,0.00,0.00,0.00,0.00,,0,0,0.00,0.00,0.00,0.00,0.00,0.00,0.00,0.00,0.00,0.00
Czech Republic,CZE,20200102,0.00,,0.00,,0.00,,0.00,,0.00,,0.00,,0.00,,0.00,0.00,,0.00,0.00,0.00,0.00,,0.00,0.00,0.00,0.00,,0,0,0.00,0.00,0.00,0.00,0.00,0.00,0.00,0.00,0.00,0.00
Czech Republic,CZE,20200103,0.00,,0.00,,0.00,,0.00,,0.00,,0.00,,0.00,,0.00,0.00,,0.00,0.00,0.00,0.00,,0.00,0.00,0.00,0.00,,0,0,0.00,0.00,0.00,0.00,0.00,0.00,0.00,0.00,0.00,0.00
Czech Republic,CZE,20200104,0.00,,0.00,,0.00,,0.00,,0.00,,0.00,,0.00,,0.00,0.00,,0.00,0.00,0.00,0.00,,0.00,0.00,0.00,0.00,,0,0,0.00,0.00,0.00,0.00,0.00,0.00,0.00,0.00,0.00,0.00
Czech Republic,CZE,20200105,0.00,,0.00,,0.00,,0.00,,0.00,,0.00,,0.00,,0.00,0.00,,0.00,0.00,0.00,0.00,,0.00,0.00,0.00,0.00,,0,0,0.00,0.00,0.00,0.00,0.00,0.00,0.00,0.00,0.00,0.00
Czech Republic,CZE,20200106,0.00,,0.00,,0.00,,0.00,,0.00,,0.00,,0.00,,0.00,0.00,,0.00,0.00,0.00,0.00,,0.00,0.00,0.00,0.00,,0,0,0.00,0.00,0.00,0.00,0.00,0.00,0.00,0.00,0.00,0.00
Czech Republic,CZE,20200107,0.00,,0.00,,0.00,,0.00,,0.00,,0.00,,0.00,,0.00,0.00,,0.00,0.00,0.00,0.00,,0.00,0.00,0.00,0.00,,0,0,0.00,0.00,0.00,0.00,0.00,0.00,0.00,0.00,0.00,0.00
Czech Republic,CZE,20200108,0.00,,0.00,,0.00,,0.00,,0.00,,0.00,,0.00,,0.00,0.00,,0.00,0.00,0.00,0.00,,0.00,0.00,0.00,0.00,,0,0,0.00,0.00,0.00,0.00,0.00,0.00,0.00,0.00,0.00,0.00
Czech Republic,CZE,20200109,0.00,,0.00,,0.00,,0.00,,0.00,,0.00,,0.00,,0.00,0.00,,0.00,0.00,0.00,0.00,,0.00,0.00,0.00,0.00,,0,0,0.00,0.00,0.00,0.00,0.00,0.00,0.00,0.00,0.00,0.00
Czech Republic,CZE,20200110,0.00,,0.00,,0.00,,0.00,,0.00,,0.00,,0.00,,0.00,0.00,,0.00,0.00,0.00,0.00,,0.00,0.00,0.00,0.00,,0,0,0.00,0.00,0.00,0.00,0.00,0.00,0.00,0.00,0.00,0.00
Czech Republic,CZE,20200111,0.00,,0.00,,0.00,,0.00,,0.00,,0.00,,0.00,,0.00,0.00,,0.00,0.00,0.00,0.00,,0.00,0.00,0.00,0.00,,0,0,0.00,0.00,0.00,0.00,0.00,0.00,0.00,0.00,0.00,0.00
Czech Republic,CZE,20200112,0.00,,0.00,,0.00,,0.00,,0.00,,0.00,,0.00,,0.00,0.00,,0.00,0.00,0.00,0.00,,0.00,0.00,0.00,0.00,,0,0,0.00,0.00,0.00,0.00,0.00,0.00,0.00,0.00,0.00,0.00
Czech Republic,CZE,20200113,0.00,,0.00,,0.00,,0.00,,0.00,,0.00,,0.00,,0.00,0.00,,0.00,0.00,0.00,0.00,,0.00,0.00,0.00,0.00,,0,0,0.00,0.00,0.00,0.00,0.00,0.00,0.00,0.00,0.00,0.00
Czech Republic,CZE,20200114,0.00,,0.00,,0.00,,0.00,,0.00,,0.00,,0.00,,0.00,0.00,,0.00,0.00,0.00,0.00,,0.00,0.00,0.00,0.00,,0,0,0.00,0.00,0.00,0.00,0.00,0.00,0.00,0.00,0.00,0.00
Czech Republic,CZE,20200115,0.00,,0.00,,0.00,,0.00,,0.00,,0.00,,0.00,,0.00,0.00,,0.00,0.00,0.00,0.00,,0.00,0.00,0.00,0.00,,0,0,0.00,0.00,0.00,0.00,0.00,0.00,0.00,0.00,0.00,0.00
Czech Republic,CZE,20200116,0.00,,0.00,,0.00,,0.00,,0.00,,0.00,,0.00,,0.00,0.00,,0.00,0.00,0.00,0.00,,0.00,0.00,0.00,0.00,,0,0,0.00,0.00,0.00,0.00,0.00,0.00,0.00,0.00,0.00,0.00
Czech Republic,CZE,20200117,0.00,,0.00,,0.00,,0.00,,0.00,,0.00,,0.00,,0.00,0.00,,0.00,0.00,0.00,0.00,,0.00,0.00,0.00,0.00,,0,0,0.00,0.00,0.00,0.00,0.00,0.00,0.00,0.00,0.00,0.00
Czech Republic,CZE,20200118,0.00,,0.00,,0.00,,0.00,,0.00,,0.00,,0.00,,0.00,0.00,,0.00,0.00,0.00,0.00,,0.00,0.00,0.00,0.00,,0,0,0.00,0.00,0.00,0.00,0.00,0.00,0.00,0.00,0.00,0.00
Czech Republic,CZE,20200119,0.00,,0.00,,0.00,,0.00,,0.00,,0.00,,0.00,,0.00,0.00,,0.00,0.00,0.00,0.00,,0.00,0.00,0.00,0.00,,0,0,0.00,0.00,0.00,0.00,0.00,0.00,0.00,0.00,0.00,0.00
Czech Republic,CZE,20200120,0.00,,0.00,,0.00,,0.00,,0.00,,0.00,,0.00,,0.00,0.00,,0.00,0.00,0.00,0.00,,0.00,0.00,0.00,0.00,,0,0,0.00,0.00,0.00,0.00,0.00,0.00,0.00,0.00,0.00,0.00
Czech Republic,CZE,20200121,0.00,,0.00,,0.00,,0.00,,0.00,,0.00,,0.00,,0.00,0.00,,0.00,0.00,0.00,0.00,,0.00,0.00,0.00,0.00,,0,0,0.00,0.00,0.00,0.00,0.00,0.00,0.00,0.00,0.00,0.00
Czech Republic,CZE,20200122,0.00,,0.00,,0.00,,0.00,,0.00,,0.00,,0.00,,0.00,0.00,,0.00,0.00,0.00,0.00,,0.00,0.00,0.00,0.00,,0,0,0.00,0.00,0.00,0.00,0.00,0.00,0.00,0.00,0.00,0.00
Czech Republic,CZE,20200123,0.00,,0.00,,0.00,,0.00,,0.00,,0.00,,0.00,,0.00,0.00,,0.00,0.00,0.00,0.00,,0.00,0.00,0.00,0.00,,0,0,0.00,0.00,0.00,0.00,0.00,0.00,0.00,0.00,0.00,0.00
Czech Republic,CZE,20200124,0.00,,0.00,,0.00,,0.00,,0.00,,0.00,,0.00,,0.00,0.00,,0.00,0.00,0.00,1.00,1,0.00,0.00,0.00,0.00,,0,0,5.56,5.56,9.52,9.52,3.85,3.85,4.55,4.55,0.00,0.00
Czech Republic,CZE,20200125,0.00,,0.00,,0.00,,0.00,,0.00,,0.00,,0.00,,0.00,0.00,,0.00,0.00,0.00,1.00,1,0.00,0.00,0.00,0.00,,0,0,5.56,5.56,9.52,9.52,3.85,3.85,4.55,4.55,0.00,0.00
Czech Republic,CZE,20200126,0.00,,0.00,,0.00,,0.00,,0.00,,0.00,,0.00,,0.00,0.00,,0.00,0.00,0.00,1.00,1,0.00,0.00,0.00,0.00,,0,0,5.56,5.56,9.52,9.52,3.85,3.85,4.55,4.55,0.00,0.00
Czech Republic,CZE,20200127,0.00,,0.00,,0.00,,0.00,,0.00,,0.00,,0.00,,1.00,0.00,,0.00,0.00,0.00,2.00,0,0.00,0.00,0.00,0.00,,0,0,11.11,11.11,13.10,13.10,7.69,7.69,9.09,9.09,0.00,0.00
Czech Republic,CZE,20200128,0.00,,0.00,,0.00,,0.00,,0.00,,0.00,,0.00,,1.00,0.00,,0.00,0.00,0.00,2.00,0,0.00,0.00,0.00,0.00,,0,0,11.11,11.11,13.10,13.10,7.69,7.69,9.09,9.09,0.00,0.00
Czech Republic,CZE,20200129,0.00,,0.00,,0.00,,0.00,,0.00,,0.00,,0.00,,1.00,0.00,,0.00,0.00,0.00,2.00,0,0.00,0.00,0.00,0.00,,0,0,11.11,11.11,13.10,13.10,7.69,7.69,9.09,9.09,0.00,0.00
Czech Republic,CZE,20200130,0.00,,0.00,,0.00,,0.00,,0.00,,0.00,,0.00,,3.00,0.00,,0.00,0.00,0.00,2.00,0,0.00,0.00,0.00,0.00,,0,0,16.67,16.67,20.24,20.24,11.54,11.54,13.64,13.64,0.00,0.00
Czech Republic,CZE,20200131,0.00,,0.00,,0.00,,0.00,,0.00,,0.00,,0.00,,3.00,0.00,,0.00,0.00,0.00,2.00,0,0.00,0.00,0.00,0.00,,0,0,16.67,16.67,20.24,20.24,11.54,11.54,13.64,13.64,0.00,0.00
Czech Republic,CZE,20200201,0.00,,0.00,,0.00,,0.00,,0.00,,0.00,,0.00,,3.00,0.00,,0.00,0.00,258176.00,2.00,0,0.00,0.00,0.00,0.00,,0,0,16.67,16.67,20.24,20.24,11.54,11.54,13.64,13.64,0.00,0.00
Czech Republic,CZE,20200202,0.00,,0.00,,0.00,,0.00,,0.00,,0.00,,0.00,,3.00,0.00,,0.00,0.00,0.00,2.00,0,0.00,0.00,0.00,0.00,,0,0,16.67,16.67,20.24,20.24,11.54,11.54,13.64,13.64,0.00,0.00
Czech Republic,CZE,20200203,0.00,,0.00,,0.00,,0.00,,0.00,,0.00,,0.00,,3.00,0.00,,0.00,0.00,0.00,2.00,0,0.00,0.00,0.00,0.00,,0,0,16.67,16.67,20.24,20.24,11.54,11.54,13.64,13.64,0.00,0.00
Czech Republic,CZE,20200204,0.00,,0.00,,0.00,,0.00,,0.00,,0.00,,0.00,,3.00,0.00,,0.00,0.00,0.00,2.00,0,0.00,0.00,0.00,0.00,,0,0,16.67,16.67,20.24,20.24,11.54,11.54,13.64,13.64,0.00,0.00
Czech Republic,CZE,20200205,0.00,,0.00,,0.00,,0.00,,0.00,,0.00,,0.00,,3.00,0.00,,0.00,0.00,0.00,2.00,0,0.00,0.00,0.00,0.00,,0,0,16.67,16.67,20.24,20.24,11.54,11.54,13.64,13.64,0.00,0.00
Czech Republic,CZE,20200206,0.00,,0.00,,0.00,,0.00,,0.00,,0.00,,0.00,,3.00,0.00,,0.00,0.00,0.00,2.00,0,0.00,0.00,0.00,0.00,,0,0,16.67,16.67,20.24,20.24,11.54,11.54,13.64,13.64,0.00,0.00
Czech Republic,CZE,20200207,0.00,,0.00,,0.00,,0.00,,0.00,,0.00,,0.00,,3.00,0.00,,0.00,0.00,0.00,2.00,0,0.00,0.00,0.00,0.00,,0,0,16.67,16.67,20.24,20.24,11.54,11.54,13.64,13.64,0.00,0.00
Czech Republic,CZE,20200208,0.00,,0.00,,0.00,,0.00,,0.00,,0.00,,0.00,,3.00,0.00,,0.00,0.00,0.00,2.00,0,0.00,0.00,0.00,0.00,,0,0,16.67,16.67,20.24,20.24,11.54,11.54,13.64,13.64,0.00,0.00
Czech Republic,CZE,20200209,0.00,,0.00,,0.00,,0.00,,0.00,,0.00,,0.00,,3.00,0.00,,0.00,0.00,0.00,2.00,0,0.00,0.00,0.00,0.00,,0,0,16.67,16.67,20.24,20.24,11.54,11.54,13.64,13.64,0.00,0.00
Czech Republic,CZE,20200210,0.00,,0.00,,0.00,,0.00,,0.00,,0.00,,0.00,,3.00,0.00,,0.00,0.00,0.00,2.00,0,0.00,0.00,0.00,0.00,,0,0,16.67,16.67,20.24,20.24,11.54,11.54,13.64,13.64,0.00,0.00
Czech Republic,CZE,20200211,0.00,,0.00,,0.00,,0.00,,0.00,,0.00,,0.00,,3.00,0.00,,0.00,0.00,0.00,2.00,0,0.00,0.00,0.00,0.00,,0,0,16.67,16.67,20.24,20.24,11.54,11.54,13.64,13.64,0.00,0.00
Czech Republic,CZE,20200212,0.00,,0.00,,0.00,,0.00,,0.00,,0.00,,0.00,,3.00,0.00,,0.00,0.00,0.00,2.00,0,0.00,0.00,0.00,0.00,,0,0,16.67,16.67,20.24,20.24,11.54,11.54,13.64,13.64,0.00,0.00
Czech Republic,CZE,20200213,0.00,,0.00,,0.00,,0.00,,0.00,,0.00,,0.00,,3.00,0.00,,0.00,0.00,0.00,2.00,0,0.00,0.00,0.00,0.00,,0,0,16.67,16.67,20.24,20.24,11.54,11.54,13.64,13.64,0.00,0.00
Czech Republic,CZE,20200214,0.00,,0.00,,0.00,,0.00,,0.00,,0.00,,0.00,,3.00,0.00,,0.00,0.00,0.00,2.00,0,0.00,0.00,0.00,0.00,,0,0,16.67,16.67,20.24,20.24,11.54,11.54,13.64,13.64,0.00,0.00
Czech Republic,CZE,20200215,0.00,,0.00,,0.00,,0.00,,0.00,,0.00,,0.00,,3.00,0.00,,0.00,0.00,0.00,2.00,0,0.00,0.00,0.00,0.00,,0,0,16.67,16.67,20.24,20.24,11.54,11.54,13.64,13.64,0.00,0.00
Czech Republic,CZE,20200216,0.00,,0.00,,0.00,,0.00,,0.00,,0.00,,0.00,,3.00,0.00,,0.00,0.00,0.00,2.00,0,0.00,0.00,0.00,0.00,,0,0,16.67,16.67,20.24,20.24,11.54,11.54,13.64,13.64,0.00,0.00
Czech Republic,CZE,20200217,0.00,,0.00,,0.00,,0.00,,0.00,,0.00,,0.00,,3.00,0.00,,0.00,0.00,0.00,2.00,0,0.00,0.00,0.00,0.00,,0,0,16.67,16.67,20.24,20.24,11.54,11.54,13.64,13.64,0.00,0.00
Czech Republic,CZE,20200218,0.00,,0.00,,0.00,,0.00,,0.00,,0.00,,0.00,,3.00,0.00,,0.00,0.00,0.00,2.00,0,0.00,0.00,0.00,0.00,,0,0,16.67,16.67,20.24,20.24,11.54,11.54,13.64,13.64,0.00,0.00
Czech Republic,CZE,20200219,0.00,,0.00,,0.00,,0.00,,0.00,,0.00,,0.00,,3.00,0.00,,0.00,0.00,0.00,2.00,0,0.00,0.00,0.00,0.00,,0,0,16.67,16.67,20.24,20.24,11.54,11.54,13.64,13.64,0.00,0.00
Czech Republic,CZE,20200220,0.00,,0.00,,0.00,,0.00,,0.00,,0.00,,0.00,,3.00,0.00,,0.00,0.00,0.00,2.00,0,0.00,0.00,0.00,0.00,,0,0,16.67,16.67,20.24,20.24,11.54,11.54,13.64,13.64,0.00,0.00
Czech Republic,CZE,20200221,0.00,,0.00,,0.00,,0.00,,0.00,,0.00,,0.00,,3.00,0.00,,0.00,0.00,0.00,2.00,0,0.00,0.00,0.00,0.00,,0,0,16.67,16.67,20.24,20.24,11.54,11.54,13.64,13.64,0.00,0.00
Czech Republic,CZE,20200222,0.00,,0.00,,0.00,,0.00,,0.00,,0.00,,0.00,,3.00,0.00,,0.00,0.00,0.00,2.00,0,0.00,0.00,0.00,0.00,,0,0,16.67,16.67,20.24,20.24,11.54,11.54,13.64,13.64,0.00,0.00
Czech Republic,CZE,20200223,0.00,,0.00,,0.00,,0.00,,0.00,,0.00,,0.00,,3.00,0.00,,0.00,0.00,0.00,2.00,0,0.00,0.00,0.00,0.00,,0,0,16.67,16.67,20.24,20.24,11.54,11.54,13.64,13.64,0.00,0.00
Czech Republic,CZE,20200224,0.00,,0.00,,0.00,,0.00,,0.00,,0.00,,0.00,,3.00,0.00,,0.00,0.00,0.00,2.00,0,0.00,0.00,0.00,0.00,,0,0,16.67,16.67,20.24,20.24,11.54,11.54,13.64,13.64,0.00,0.00
Czech Republic,CZE,20200225,0.00,,0.00,,0.00,,0.00,,0.00,,0.00,,0.00,,3.00,0.00,,0.00,0.00,0.00,2.00,0,0.00,0.00,0.00,0.00,,0,0,16.67,16.67,20.24,20.24,11.54,11.54,13.64,13.64,0.00,0.00
Czech Republic,CZE,20200226,0.00,,0.00,,0.00,,0.00,,0.00,,0.00,,0.00,,3.00,0.00,,0.00,0.00,0.00,2.00,0,0.00,0.00,0.00,0.00,,0,0,16.67,16.67,20.24,20.24,11.54,11.54,13.64,13.64,0.00,0.00
Czech Republic,CZE,20200227,0.00,,0.00,,0.00,,0.00,,0.00,,0.00,,0.00,,3.00,0.00,,0.00,0.00,0.00,2.00,0,0.00,0.00,0.00,0.00,,0,0,16.67,16.67,20.24,20.24,11.54,11.54,13.64,13.64,0.00,0.00
Czech Republic,CZE,20200228,0.00,,0.00,,0.00,,0.00,,0.00,,0.00,,0.00,,3.00,0.00,,0.00,0.00,0.00,2.00,1,0.00,0.00,0.00,0.00,,0,0,19.44,19.44,25.00,25.00,13.46,13.46,15.91,15.91,0.00,0.00
Czech Republic,CZE,20200229,0.00,,0.00,,0.00,,0.00,,0.00,,0.00,,0.00,,3.00,0.00,,0.00,0.00,0.00,2.00,1,0.00,0.00,0.00,0.00,,0,0,19.44,19.44,25.00,25.00,13.46,13.46,15.91,15.91,0.00,0.00
Czech Republic,CZE,20200301,0.00,,0.00,,0.00,,0.00,,0.00,,0.00,,0.00,,3.00,0.00,,0.00,0.00,0.00,2.00,1,0.00,2.00,0.00,0.00,,0,0,19.44,19.44,25.00,25.00,21.15,21.15,25.00,25.00,0.00,0.00
Czech Republic,CZE,20200302,0.00,,0.00,,0.00,,0.00,,0.00,,0.00,,0.00,,3.00,0.00,,0.00,0.00,0.00,2.00,1,0.00,2.00,0.00,0.00,,3,0,19.44,19.44,25.00,25.00,21.15,21.15,25.00,25.00,0.00,0.00
Czech Republic,CZE,20200303,0.00,,0.00,,0.00,,0.00,,0.00,,0.00,,0.00,,3.00,0.00,,0.00,0.00,0.00,2.00,1,0.00,2.00,0.00,0.00,,5,0,19.44,19.44,25.00,25.00,21.15,21.15,25.00,25.00,0.00,0.00
Czech Republic,CZE,20200304,0.00,,0.00,,0.00,,0.00,,0.00,,0.00,,0.00,,3.00,0.00,,0.00,0.00,0.00,2.00,1,0.00,2.00,0.00,0.00,,5,0,19.44,19.44,25.00,25.00,21.15,21.15,25.00,25.00,0.00,0.00
Czech Republic,CZE,20200305,0.00,,0.00,,0.00,,0.00,,0.00,,0.00,,0.00,,3.00,0.00,,0.00,0.00,0.00,2.00,1,0.00,2.00,0.00,0.00,,8,0,19.44,19.44,25.00,25.00,21.15,21.15,25.00,25.00,0.00,0.00
Czech Republic,CZE,20200306,0.00,,0.00,,0.00,,0.00,,0.00,,0.00,,0.00,,3.00,0.00,,0.00,0.00,0.00,2.00,1,0.00,2.00,0.00,0.00,,12,0,19.44,19.44,25.00,25.00,21.15,21.15,25.00,25.00,0.00,0.00
Czech Republic,CZE,20200307,0.00,,0.00,,0.00,,0.00,,0.00,,0.00,,0.00,,3.00,0.00,,0.00,0.00,0.00,2.00,1,0.00,2.00,0.00,0.00,,19,0,19.44,19.44,25.00,25.00,21.15,21.15,25.00,25.00,0.00,0.00
Czech Republic,CZE,20200308,0.00,,0.00,,0.00,,0.00,,0.00,,0.00,,0.00,,3.00,0.00,,0.00,0.00,0.00,2.00,1,0.00,2.00,0.00,0.00,,26,0,19.44,19.44,25.00,25.00,21.15,21.15,25.00,25.00,0.00,0.00
Czech Republic,CZE,20200309,0.00,,0.00,,0.00,,0.00,,0.00,,0.00,,0.00,,3.00,0.00,,0.00,0.00,0.00,2.00,1,1.00,2.00,0.00,0.00,,32,0,19.44,19.44,25.00,25.00,23.72,23.72,28.03,28.03,0.00,0.00
Czech Republic,CZE,20200310,0.00,,0.00,,0.00,,2.00,1,0.00,,0.00,,0.00,,3.00,0.00,,0.00,0.00,0.00,2.00,1,1.00,2.00,0.00,0.00,,40,0,25.00,25.00,33.57,33.57,27.56,27.56,32.58,32.58,0.00,0.00
Czech Republic,CZE,20200311,3.00,1,0.00,,2.00,1,2.00,1,0.00,,0.00,,0.00,,3.00,0.00,,0.00,0.00,0.00,2.00,1,1.00,2.00,0.00,0.00,,63,0,47.22,47.22,53.57,53.57,42.95,42.95,50.76,50.76,0.00,0.00
Czech Republic,CZE,20200312,3.00,1,0.00,,2.00,1,3.00,1,0.00,,0.00,,0.00,,3.00,0.00,,1.00,0.00,0.00,2.00,1,1.00,2.00,0.00,0.00,,94,0,50.00,50.00,53.57,53.57,48.72,48.72,53.03,53.03,25.00,25.00
Czech Republic,CZE,20200313,3.00,1,2.00,1,2.00,1,3.00,1,0.00,,0.00,,0.00,,3.00,0.00,,1.00,0.00,0.00,2.00,1,1.00,2.00,0.00,0.00,,116,0,57.41,57.41,64.29,64.29,53.85,53.85,59.09,59.09,25.00,25.00
Czech Republic,CZE,20200314,3.00,1,3.00,1,2.00,1,3.00,1,0.00,,0.00,,0.00,,3.00,0.00,,1.00,0.00,0.00,2.00,1,1.00,2.00,0.00,0.00,,150,0,61.11,61.11,67.86,67.86,56.41,56.41,62.12,62.12,25.00,25.00
Czech Republic,CZE,20200315,3.00,1,3.00,1,2.00,1,3.00,1,0.00,,2.00,1,0.00,,3.00,0.00,,1.00,0.00,0.00,2.00,1,1.00,2.00,0.00,0.00,,214,0,68.52,68.52,78.57,78.57,61.54,61.54,68.18,68.18,25.00,25.00
Czech Republic,CZE,20200316,3.00,1,3.00,1,2.00,1,3.00,1,0.00,,2.00,1,2.00,0,4.00,0.00,,1.00,0.00,0.00,2.00,1,1.00,2.00,0.00,0.00,,298,0,79.63,79.63,82.14,82.14,69.23,69.23,77.27,77.27,25.00,25.00
Czech Republic,CZE,20200317,3.00,1,3.00,1,2.00,1,3.00,1,0.00,,2.00,1,2.00,0,4.00,0.00,,1.00,4053313388.41,0.00,2.00,1,1.00,2.00,121599401.65,0.00,,344,0,79.63,79.63,82.14,82.14,69.23,69.23,77.27,77.27,25.00,25.00
Czech Republic,CZE,20200318,3.00,1,3.00,1,2.00,1,3.00,1,0.00,,2.00,1,2.00,0,4.00,0.00,,1.00,0.00,0.00,2.00,1,1.00,2.00,0.00,0.00,,434,0,79.63,79.63,82.14,82.14,69.23,69.23,77.27,77.27,25.00,25.00
Czech Republic,CZE,20200319,3.00,1,3.00,1,2.00,1,3.00,1,0.00,,2.00,1,2.00,0,4.00,0.00,,1.00,0.00,0.00,2.00,1,1.00,2.00,0.00,0.00,,522,0,79.63,79.63,82.14,82.14,69.23,69.23,77.27,77.27,25.00,25.00
Czech Republic,CZE,20200320,3.00,1,3.00,1,2.00,1,3.00,1,0.00,,2.00,1,2.00,0,4.00,0.00,,1.00,0.00,0.00,2.00,1,1.00,2.00,0.00,0.00,,694,0,79.63,79.63,82.14,82.14,69.23,69.23,77.27,77.27,25.00,25.00
Czech Republic,CZE,20200321,3.00,1,3.00,1,2.00,1,3.00,1,0.00,,2.00,1,2.00,0,4.00,0.00,,1.00,0.00,0.00,2.00,1,1.00,2.00,0.00,0.00,,904,0,79.63,79.63,82.14,82.14,69.23,69.23,77.27,77.27,25.00,25.00
Czech Republic,CZE,20200322,3.00,1,3.00,1,2.00,1,3.00,1,0.00,,2.00,1,2.00,0,4.00,0.00,,1.00,0.00,0.00,2.00,1,1.00,2.00,0.00,0.00,,995,0,79.63,79.63,82.14,82.14,69.23,69.23,77.27,77.27,25.00,25.00
Czech Republic,CZE,20200323,3.00,1,3.00,1,2.00,1,4.00,1,0.00,,2.00,1,2.00,0,4.00,0.00,,1.00,0.00,0.00,2.00,1,1.00,2.00,0.00,0.00,,1165,1,82.41,82.41,82.14,82.14,71.15,71.15,79.55,79.55,25.00,25.00
Czech Republic,CZE,20200324,3.00,1,3.00,1,2.00,1,4.00,1,0.00,,2.00,1,2.00,0,4.00,0.00,,1.00,0.00,0.00,2.00,1,1.00,2.00,0.00,0.00,,1236,1,82.41,82.41,82.14,82.14,71.15,71.15,79.55,79.55,25.00,25.00
Czech Republic,CZE,20200325,3.00,1,3.00,1,2.00,1,4.00,1,0.00,,2.00,1,2.00,0,4.00,0.00,,1.00,0.00,0.00,2.00,1,1.00,2.00,0.00,0.00,,1394,3,82.41,82.41,82.14,82.14,71.15,71.15,79.55,79.55,25.00,25.00
Czech Republic,CZE,20200326,3.00,1,3.00,1,2.00,1,4.00,1,0.00,,2.00,1,2.00,0,4.00,0.00,,2.00,0.00,0.00,2.00,1,1.00,2.00,0.00,0.00,,1654,6,82.41,82.41,82.14,82.14,75.00,75.00,79.55,79.55,50.00,50.00
Czech Republic,CZE,20200327,3.00,1,3.00,1,2.00,1,4.00,1,0.00,,2.00,1,2.00,0,4.00,0.00,,2.00,0.00,0.00,2.00,1,2.00,2.00,0.00,0.00,,2062,9,82.41,82.41,82.14,82.14,77.56,77.56,82.58,82.58,50.00,50.00
Czech Republic,CZE,20200328,3.00,1,3.00,1,2.00,1,4.00,1,0.00,,2.00,1,2.00,0,4.00,0.00,,2.00,0.00,0.00,2.00,1,2.00,2.00,0.00,0.00,,2279,9,82.41,82.41,82.14,82.14,77.56,77.56,82.58,82.58,50.00,50.00
Czech Republic,CZE,20200329,3.00,1,3.00,1,2.00,1,4.00,1,0.00,,2.00,1,2.00,0,4.00,0.00,,2.00,0.00,0.00,2.00,1,2.00,2.00,0.00,0.00,,2663,11,82.41,82.41,82.14,82.14,77.56,77.56,82.58,82.58,50.00,50.00
Czech Republic,CZE,20200330,3.00,1,3.00,1,2.00,1,4.00,1,0.00,,2.00,1,2.00,0,4.00,0.00,,2.00,0.00,0.00,2.00,1,2.00,2.00,0.00,0.00,,2829,16,82.41,82.41,82.14,82.14,77.56,77.56,82.58,82.58,50.00,50.00
Czech Republic,CZE,20200331,3.00,1,3.00,1,2.00,1,4.00,1,0.00,,2.00,1,2.00,0,4.00,2.00,1,2.00,0.00,0.00,2.00,1,2.00,2.00,0.00,0.00,,3002,24,82.41,82.41,82.14,82.14,85.26,85.26,82.58,82.58,100.00,100.00
Czech Republic,CZE,20200401,3.00,1,3.00,1,2.00,1,4.00,1,0.00,,2.00,1,2.00,0,4.00,2.00,1,2.00,0.00,0.00,2.00,1,2.00,2.00,0.00,0.00,,3308,31,82.41,82.41,82.14,82.14,85.26,85.26,82.58,82.58,100.00,100.00
Czech Republic,CZE,20200402,3.00,1,3.00,1,2.00,1,4.00,1,0.00,,2.00,1,0.00,,4.00,2.00,1,2.00,0.00,0.00,2.00,1,2.00,2.00,0.00,0.00,,3589,39,74.07,74.07,82.14,82.14,79.49,79.49,75.76,75.76,100.00,100.00
Czech Republic,CZE,20200403,3.00,1,3.00,1,2.00,1,4.00,1,0.00,,2.00,1,0.00,,4.00,2.00,1,2.00,0.00,0.00,2.00,1,2.00,2.00,0.00,0.00,,3858,44,74.07,74.07,82.14,82.14,79.49,79.49,75.76,75.76,100.00,100.00
Czech Republic,CZE,20200404,3.00,1,3.00,1,2.00,1,4.00,1,0.00,,2.00,1,0.00,,4.00,2.00,1,2.00,0.00,0.00,2.00,1,2.00,2.00,0.00,0.00,,4190,53,74.07,74.07,82.14,82.14,79.49,79.49,75.76,75.76,100.00,100.00
Czech Republic,CZE,20200405,3.00,1,3.00,1,2.00,1,4.00,1,0.00,,2.00,1,0.00,,4.00,2.00,1,2.00,0.00,0.00,2.00,1,2.00,2.00,0.00,0.00,,4472,59,74.07,74.07,82.14,82.14,79.49,79.49,75.76,75.76,100.00,100.00
Czech Republic,CZE,20200406,3.00,1,3.00,1,2.00,1,4.00,1,0.00,,2.00,1,0.00,,4.00,2.00,1,2.00,0.00,0.00,2.00,1,2.00,2.00,0.00,0.00,,4587,67,74.07,74.07,82.14,82.14,79.49,79.49,75.76,75.76,100.00,100.00
Czech Republic,CZE,20200407,3.00,1,3.00,1,2.00,1,4.00,1,0.00,,2.00,1,0.00,,4.00,2.00,1,2.00,0.00,0.00,2.00,1,2.00,2.00,0.00,0.00,,4822,78,74.07,74.07,82.14,82.14,79.49,79.49,75.76,75.76,100.00,100.00
Czech Republic,CZE,20200408,3.00,1,3.00,1,2.00,1,4.00,1,0.00,,2.00,1,0.00,,4.00,2.00,1,2.00,0.00,0.00,2.00,1,2.00,2.00,0.00,0.00,,5017,88,74.07,74.07,82.14,82.14,79.49,79.49,75.76,75.76,100.00,100.00
Czech Republic,CZE,20200409,3.00,1,3.00,1,2.00,1,4.00,1,0.00,,2.00,1,0.00,,4.00,2.00,1,2.00,0.00,1012736.86,2.00,1,2.00,2.00,0.00,0.00,,5312,99,74.07,74.07,82.14,82.14,79.49,79.49,75.76,75.76,100.00,100.00
Czech Republic,CZE,20200410,3.00,1,3.00,1,2.00,1,4.00,1,0.00,,2.00,1,0.00,,4.00,2.00,1,2.00,0.00,0.00,2.00,1,2.00,2.00,0.00,0.00,,5569,112,74.07,74.07,82.14,82.14,79.49,79.49,75.76,75.76,100.00,100.00
Czech Republic,CZE,20200411,3.00,1,3.00,1,2.00,1,4.00,1,0.00,,2.00,1,0.00,,4.00,2.00,1,2.00,0.00,0.00,2.00,1,2.00,2.00,0.00,0.00,,5732,119,74.07,74.07,82.14,82.14,79.49,79.49,75.76,75.76,100.00,100.00
Czech Republic,CZE,20200412,3.00,1,3.00,1,2.00,1,4.00,1,0.00,,2.00,1,0.00,,4.00,2.00,1,2.00,0.00,0.00,2.00,1,2.00,2.00,0.00,0.00,,5902,129,74.07,74.07,82.14,82.14,79.49,79.49,75.76,75.76,100.00,100.00
Czech Republic,CZE,20200413,3.00,1,3.00,1,2.00,1,4.00,1,0.00,,2.00,1,0.00,,4.00,2.00,1,2.00,0.00,0.00,2.00,1,2.00,2.00,0.00,0.00,,5991,138,74.07,74.07,82.14,82.14,79.49,79.49,75.76,75.76,100.00,100.00
Czech Republic,CZE,20200414,3.00,1,3.00,1,2.00,1,4.00,1,0.00,,2.00,1,0.00,,2.00,2.00,1,2.00,0.00,0.00,2.00,1,2.00,2.00,0.00,0.00,,6059,143,68.52,68.52,75.00,75.00,75.64,75.64,71.21,71.21,100.00,100.00
Czech Republic,CZE,20200415,3.00,1,3.00,1,2.00,1,4.00,1,0.00,,2.00,1,0.00,,2.00,2.00,1,2.00,0.00,0.00,2.00,1,2.00,2.00,0.00,0.00,,6141,161,68.52,68.52,75.00,75.00,75.64,75.64,71.21,71.21,100.00,100.00
Czech Republic,CZE,20200416,3.00,1,3.00,1,2.00,1,4.00,1,0.00,,2.00,1,0.00,,2.00,2.00,1,2.00,0.00,0.00,2.00,1,2.00,2.00,0.00,0.00,,6303,166,68.52,68.52,75.00,75.00,75.64,75.64,71.21,71.21,100.00,100.00
Czech Republic,CZE,20200417,3.00,1,3.00,1,2.00,1,4.00,1,0.00,,2.00,1,0.00,,2.00,2.00,1,2.00,0.00,0.00,2.00,1,2.00,2.00,0.00,0.00,,6433,169,68.52,68.52,75.00,75.00,75.64,75.64,71.21,71.21,100.00,100.00
Czech Republic,CZE,20200418,3.00,1,3.00,1,2.00,1,4.00,1,0.00,,2.00,1,0.00,,2.00,2.00,1,2.00,0.00,0.00,2.00,1,2.00,2.00,0.00,0.00,,6549,173,68.52,68.52,75.00,75.00,75.64,75.64,71.21,71.21,100.00,100.00
Czech Republic,CZE,20200419,3.00,1,3.00,1,2.00,1,4.00,1,0.00,,2.00,1,0.00,,2.00,2.00,1,2.00,0.00,0.00,2.00,1,2.00,2.00,0.00,0.00,,6654,181,68.52,68.52,75.00,75.00,75.64,75.64,71.21,71.21,100.00,100.00
Czech Republic,CZE,20200420,2.00,1,2.00,1,2.00,1,4.00,1,0.00,,2.00,1,0.00,,2.00,2.00,1,2.00,0.00,0.00,2.00,1,2.00,2.00,0.00,0.00,,6787,188,61.11,61.11,67.86,67.86,70.51,70.51,65.15,65.15,100.00,100.00
Czech Republic,CZE,20200421,2.00,1,2.00,1,2.00,1,4.00,1,0.00,,1.00,1,0.00,,2.00,2.00,1,2.00,0.00,0.00,2.00,1,2.00,2.00,0.00,0.00,,6914,196,57.41,57.41,64.29,64.29,67.95,67.95,62.12,62.12,100.00,100.00
Czech Republic,CZE,20200422,2.00,1,2.00,1,2.00,1,4.00,1,0.00,,1.00,1,0.00,,2.00,2.00,1,2.00,0.00,0.00,2.00,1,2.00,2.00,0.00,0.00,,7041,201,57.41,57.41,64.29,64.29,67.95,67.95,62.12,62.12,100.00,100.00
Czech Republic,CZE,20200423,2.00,1,2.00,1,2.00,1,4.00,1,0.00,,1.00,1,0.00,,2.00,2.00,1,2.00,0.00,0.00,2.00,1,2.00,2.00,0.00,0.00,,7136,210,57.41,57.41,64.29,64.29,67.95,67.95,62.12,62.12,100.00,100.00
Czech Republic,CZE,20200424,2.00,1,2.00,1,2.00,1,4.00,1,0.00,,1.00,1,0.00,,2.00,2.00,1,2.00,0.00,0.00,2.00,1,2.00,2.00,0.00,0.00,,7188,213,57.41,57.41,64.29,64.29,67.95,67.95,62.12,62.12,100.00,100.00
Czech Republic,CZE,20200425,2.00,1,2.00,1,2.00,1,4.00,1,0.00,,1.00,1,0.00,,2.00,2.00,1,2.00,0.00,0.00,2.00,1,2.00,2.00,0.00,0.00,,7273,215,57.41,57.41,64.29,64.29,67.95,67.95,62.12,62.12,100.00,100.00
Czech Republic,CZE,20200426,2.00,1,2.00,1,2.00,1,4.00,1,0.00,,1.00,1,0.00,,2.00,2.00,1,2.00,0.00,0.00,2.00,1,2.00,2.00,0.00,0.00,,7352,218,57.41,57.41,64.29,64.29,67.95,67.95,62.12,62.12,100.00,100.00
Czech Republic,CZE,20200427,2.00,1,2.00,1,2.00,1,3.00,1,0.00,,1.00,1,0.00,,2.00,2.00,1,2.00,0.00,0.00,2.00,1,2.00,2.00,0.00,0.00,,7404,221,54.63,54.63,64.29,64.29,66.03,66.03,59.85,59.85,100.00,100.00
Czech Republic,CZE,20200428,2.00,1,2.00,1,2.00,1,3.00,1,0.00,,1.00,1,0.00,,2.00,2.00,1,2.00,0.00,0.00,2.00,1,2.00,2.00,0.00,0.00,,7449,223,54.63,54.63,64.29,64.29,66.03,66.03,59.85,59.85,100.00,100.00
Czech Republic,CZE,20200429,2.00,1,2.00,1,2.00,1,3.00,1,0.00,,1.00,1,0.00,,2.00,2.00,1,2.00,0.00,0.00,2.00,1,2.00,2.00,0.00,0.00,,7504,227,54.63,54.63,64.29,64.29,66.03,66.03,59.85,59.85,100.00,100.00
Czech Republic,CZE,20200430,2.00,1,2.00,1,2.00,1,3.00,1,0.00,,1.00,1,0.00,,2.00,2.00,1,2.00,0.00,0.00,2.00,1,2.00,2.00,0.00,0.00,,7579,227,54.63,54.63,64.29,64.29,66.03,66.03,59.85,59.85,100.00,100.00
Czech Republic,CZE,20200501,2.00,1,2.00,1,2.00,1,3.00,1,0.00,,1.00,1,0.00,,2.00,2.00,1,2.00,0.00,0.00,2.00,1,2.00,2.00,0.00,0.00,,7682,236,54.63,54.63,64.29,64.29,66.03,66.03,59.85,59.85,100.00,100.00
Czech Republic,CZE,20200502,2.00,1,2.00,1,2.00,1,3.00,1,0.00,,1.00,1,0.00,,2.00,2.00,1,2.00,0.00,0.00,2.00,1,2.00,2.00,0.00,0.00,,7737,240,54.63,54.63,64.29,64.29,66.03,66.03,59.85,59.85,100.00,100.00
Czech Republic,CZE,20200503,2.00,1,2.00,1,2.00,1,3.00,1,0.00,,1.00,1,0.00,,2.00,2.00,1,2.00,0.00,0.00,2.00,1,2.00,2.00,0.00,0.00,,7755,245,54.63,54.63,64.29,64.29,66.03,66.03,59.85,59.85,100.00,100.00
Czech Republic,CZE,20200504,2.00,1,2.00,1,2.00,1,3.00,1,0.00,,1.00,1,0.00,,2.00,2.00,1,2.00,0.00,0.00,2.00,1,2.00,2.00,0.00,0.00,,7781,248,54.63,54.63,64.29,64.29,66.03,66.03,59.85,59.85,100.00,100.00
Czech Republic,CZE,20200505,2.00,1,2.00,1,2.00,1,3.00,1,0.00,,1.00,1,0.00,,2.00,2.00,1,2.00,0.00,0.00,2.00,1,2.00,2.00,0.00,0.00,,7819,252,54.63,54.63,64.29,64.29,66.03,66.03,59.85,59.85,100.00,100.00
Czech Republic,CZE,20200506,2.00,1,2.00,1,2.00,1,3.00,1,0.00,,1.00,1,0.00,,2.00,2.00,1,2.00,0.00,0.00,2.00,1,2.00,2.00,0.00,0.00,,7896,257,54.63,54.63,64.29,64.29,66.03,66.03,59.85,59.85,100.00,100.00
Czech Republic,CZE,20200507,2.00,1,2.00,1,2.00,1,3.00,1,0.00,,1.00,1,0.00,,2.00,2.00,1,2.00,251114662.00,0.00,2.00,1,2.00,2.00,0.00,0.00,,7974,262,54.63,54.63,64.29,64.29,66.03,66.03,59.85,59.85,100.00,100.00
Czech Republic,CZE,20200508,2.00,1,2.00,1,2.00,1,3.00,1,0.00,,1.00,1,0.00,,2.00,2.00,1,2.00,0.00,0.00,2.00,1,2.00,2.00,0.00,0.00,,8031,270,54.63,54.63,64.29,64.29,66.03,66.03,59.85,59.85,100.00,100.00
Czech Republic,CZE,20200509,2.00,1,2.00,1,2.00,1,3.00,1,0.00,,1.00,1,0.00,,2.00,2.00,1,2.00,0.00,0.00,2.00,1,2.00,2.00,0.00,0.00,,8077,273,54.63,54.63,64.29,64.29,66.03,66.03,59.85,59.85,100.00,100.00
Czech Republic,CZE,20200510,2.00,1,2.00,1,2.00,1,3.00,1,0.00,,1.00,1,0.00,,2.00,2.00,1,2.00,0.00,0.00,2.00,1,2.00,2.00,0.00,0.00,,8095,276,54.63,54.63,64.29,64.29,66.03,66.03,59.85,59.85,100.00,100.00
Czech Republic,CZE,20200511,2.00,1,2.00,1,2.00,1,3.00,1,0.00,,1.00,1,0.00,,2.00,2.00,1,2.00,0.00,0.00,2.00,1,2.00,2.00,0.00,0.00,,8123,280,54.63,54.63,64.29,64.29,66.03,66.03,59.85,59.85,100.00,100.00
Czech Republic,CZE,20200512,2.00,1,2.00,1,2.00,1,3.00,1,0.00,,1.00,1,0.00,,2.00,2.00,1,2.00,0.00,0.00,2.00,1,2.00,2.00,0.00,0.00,,8176,282,54.63,54.63,64.29,64.29,66.03,66.03,59.85,59.85,100.00,100.00
Czech Republic,CZE,20200513,2.00,1,2.00,1,2.00,1,3.00,1,0.00,,1.00,1,0.00,,2.00,2.00,1,2.00,0.00,0.00,2.00,1,2.00,2.00,0.00,0.00,,8221,283,54.63,54.63,64.29,64.29,66.03,66.03,59.85,59.85,100.00,100.00
Czech Republic,CZE,20200514,2.00,1,2.00,1,2.00,1,3.00,1,0.00,,1.00,1,0.00,,2.00,2.00,1,2.00,0.00,0.00,2.00,1,2.00,2.00,0.00,0.00,,8269,290,54.63,54.63,64.29,64.29,66.03,66.03,59.85,59.85,100.00,100.00
Czech Republic,CZE,20200515,2.00,1,2.00,1,2.00,1,3.00,1,0.00,,1.00,1,0.00,,2.00,2.00,1,2.00,0.00,0.00,2.00,1,2.00,2.00,0.00,0.00,,8351,293,54.63,54.63,64.29,64.29,66.03,66.03,59.85,59.85,100.00,100.00
Czech Republic,CZE,20200516,2.00,1,2.00,1,2.00,1,3.00,1,0.00,,1.00,1,0.00,,2.00,2.00,1,2.00,0.00,0.00,2.00,1,2.00,2.00,0.00,0.00,,8406,295,54.63,54.63,64.29,64.29,66.03,66.03,59.85,59.85,100.00,100.00
Czech Republic,CZE,20200517,2.00,1,2.00,1,2.00,1,3.00,1,0.00,,1.00,1,0.00,,2.00,2.00,1,2.00,0.00,0.00,2.00,1,2.00,2.00,0.00,0.00,,8455,296,54.63,54.63,64.29,64.29,66.03,66.03,59.85,59.85,100.00,100.00
Czech Republic,CZE,20200518,2.00,1,2.00,1,2.00,1,3.00,1,0.00,,1.00,1,0.00,,2.00,2.00,1,2.00,0.00,0.00,2.00,1,2.00,2.00,0.00,0.00,,8475,297,54.63,54.63,64.29,64.29,66.03,66.03,59.85,59.85,100.00,100.00
Czech Republic,CZE,20200519,2.00,1,2.00,1,2.00,1,3.00,1,0.00,,1.00,1,0.00,,2.00,2.00,1,2.00,0.00,0.00,2.00,1,2.00,2.00,0.00,0.00,,8586,297,54.63,54.63,64.29,64.29,66.03,66.03,59.85,59.85,100.00,100.00
Czech Republic,CZE,20200520,2.00,1,2.00,1,2.00,1,3.00,1,0.00,,1.00,1,0.00,,2.00,2.00,1,2.00,0.00,0.00,2.00,1,2.00,2.00,0.00,0.00,,8647,302,54.63,54.63,64.29,64.29,66.03,66.03,59.85,59.85,100.00,100.00
Czech Republic,CZE,20200521,2.00,1,2.00,1,2.00,1,3.00,1,0.00,,1.00,1,0.00,,2.00,2.00,1,2.00,0.00,0.00,2.00,1,2.00,2.00,0.00,0.00,,8721,304,54.63,54.63,64.29,64.29,66.03,66.03,59.85,59.85,100.00,100.00
Czech Republic,CZE,20200522,2.00,1,2.00,1,2.00,1,3.00,1,0.00,,1.00,1,0.00,,2.00,2.00,1,2.00,0.00,0.00,2.00,1,2.00,2.00,0.00,0.00,,8754,306,54.63,54.63,64.29,64.29,66.03,66.03,59.85,59.85,100.00,100.00
Czech Republic,CZE,20200523,2.00,1,2.00,1,2.00,1,3.00,1,0.00,,1.00,1,0.00,,2.00,2.00,1,2.00,0.00,0.00,2.00,1,2.00,2.00,0.00,0.00,,8813,312,54.63,54.63,64.29,64.29,66.03,66.03,59.85,59.85,100.00,100.00
Czech Republic,CZE,20200524,2.00,1,2.00,1,2.00,1,3.00,1,0.00,,1.00,1,0.00,,2.00,2.00,1,2.00,0.00,0.00,2.00,1,2.00,2.00,0.00,0.00,,8890,314,54.63,54.63,64.29,64.29,66.03,66.03,59.85,59.85,100.00,100.00
Czech Republic,CZE,20200525,2.00,1,2.00,1,1.00,1,2.00,1,0.00,,1.00,1,0.00,,2.00,2.00,1,2.00,0.00,0.00,2.00,1,2.00,2.00,0.00,0.00,,8957,315,46.30,46.30,59.52,59.52,60.26,60.26,53.03,53.03,100.00,100.00
Czech Republic,CZE,20200526,2.00,1,2.00,1,1.00,1,2.00,1,0.00,,1.00,1,0.00,,1.00,2.00,1,2.00,0.00,0.00,2.00,1,2.00,2.00,0.00,0.00,,9004,317,43.52,43.52,55.95,55.95,58.33,58.33,50.76,50.76,100.00,100.00
Czech Republic,CZE,20200527,2.00,1,2.00,1,1.00,1,2.00,1,0.00,,1.00,1,0.00,,1.00,2.00,1,2.00,0.00,0.00,2.00,1,2.00,2.00,0.00,0.00,,9050,317,43.52,43.52,55.95,55.95,58.33,58.33,50.76,50.76,100.00,100.00
Czech Republic,CZE,20200528,2.00,1,2.00,1,1.00,1,2.00,1,0.00,,1.00,1,0.00,,1.00,2.00,1,2.00,0.00,0.00,2.00,1,2.00,2.00,0.00,0.00,,9086,317,43.52,43.52,55.95,55.95,58.33,58.33,50.76,50.76,100.00,100.00
Czech Republic,CZE,20200529,2.00,1,2.00,1,1.00,1,2.00,1,0.00,,1.00,1,0.00,,1.00,2.00,1,2.00,0.00,0.00,2.00,1,2.00,2.00,0.00,0.00,,9140,319,43.52,43.52,55.95,55.95,58.33,58.33,50.76,50.76,100.00,100.00
Czech Republic,CZE,20200530,2.00,1,2.00,1,1.00,1,2.00,1,0.00,,1.00,1,0.00,,1.00,2.00,1,2.00,0.00,0.00,2.00,1,2.00,2.00,0.00,0.00,,9196,319,43.52,43.52,55.95,55.95,58.33,58.33,50.76,50.76,100.00,100.00
Czech Republic,CZE,20200531,2.00,1,2.00,1,1.00,1,2.00,1,0.00,,1.00,1,0.00,,1.00,2.00,1,2.00,0.00,0.00,2.00,1,2.00,2.00,0.00,0.00,,9230,319,43.52,43.52,55.95,55.95,58.33,58.33,50.76,50.76,100.00,100.00
Czech Republic,CZE,20200601,2.00,1,2.00,1,1.00,1,2.00,1,0.00,,0.00,,0.00,,1.00,2.00,1,2.00,0.00,0.00,2.00,1,2.00,2.00,0.00,0.00,,9273,320,39.81,39.81,48.81,48.81,55.77,55.77,47.73,47.73,100.00,100.00
Czech Republic,CZE,20200602,2.00,1,2.00,1,1.00,1,2.00,1,0.00,,0.00,,0.00,,1.00,2.00,1,2.00,0.00,0.00,2.00,1,2.00,2.00,0.00,0.00,,9302,321,39.81,39.81,48.81,48.81,55.77,55.77,47.73,47.73,100.00,100.00
Czech Republic,CZE,20200603,2.00,1,2.00,1,1.00,1,2.00,1,0.00,,0.00,,0.00,,1.00,2.00,1,2.00,0.00,0.00,2.00,1,2.00,2.00,0.00,0.00,,9364,323,39.81,39.81,48.81,48.81,55.77,55.77,47.73,47.73,100.00,100.00
Czech Republic,CZE,20200604,2.00,1,2.00,1,1.00,1,2.00,1,0.00,,0.00,,0.00,,1.00,2.00,1,2.00,0.00,0.00,2.00,1,2.00,2.00,0.00,0.00,,9438,324,39.81,39.81,48.81,48.81,55.77,55.77,47.73,47.73,100.00,100.00
Czech Republic,CZE,20200605,2.00,1,2.00,1,1.00,1,2.00,1,0.00,,0.00,,0.00,,1.00,2.00,1,2.00,0.00,0.00,2.00,1,2.00,2.00,0.00,0.00,,9494,326,39.81,39.81,48.81,48.81,55.77,55.77,47.73,47.73,100.00,100.00
Czech Republic,CZE,20200606,2.00,1,2.00,1,1.00,1,2.00,1,0.00,,0.00,,0.00,,1.00,2.00,1,2.00,0.00,0.00,2.00,1,2.00,2.00,0.00,0.00,,9529,327,39.81,39.81,48.81,48.81,55.77,55.77,47.73,47.73,100.00,100.00
Czech Republic,CZE,20200607,2.00,1,2.00,1,1.00,1,2.00,1,0.00,,0.00,,0.00,,1.00,2.00,1,2.00,0.00,0.00,2.00,1,2.00,2.00,0.00,0.00,,9567,327,39.81,39.81,48.81,48.81,55.77,55.77,47.73,47.73,100.00,100.00
Czech Republic,CZE,20200608,2.00,1,2.00,1,1.00,1,2.00,1,0.00,,0.00,,0.00,,1.00,2.00,1,2.00,0.00,0.00,2.00,1,,,0.00,0.00,,9628,327,39.81,39.81,48.81,48.81,,,,,100.00,100.00
Czech Republic,CZE,20200609,2.00,1,1.00,1,1.00,1,2.00,1,0.00,,1.00,1,0.00,,4.00,2.00,0,1.00,0.00,0.00,2.00,1,2.00,2.00,,,,9697,328,48.15,48.15,63.10,63.10,55.77,55.77,54.55,54.55,62.50,62.50
Czech Republic,CZE,20200610,2.00,1,1.00,1,1.00,1,2.00,1,0.00,,1.00,1,0.00,,4.00,2.00,0,1.00,0.00,0.00,2.00,1,2.00,2.00,,,,9751,328,48.15,48.15,63.10,63.10,55.77,55.77,54.55,54.55,62.50,62.50
Czech Republic,CZE,20200611,2.00,1,1.00,1,1.00,1,2.00,1,0.00,,1.00,1,0.00,,4.00,2.00,0,1.00,0.00,0.00,2.00,1,2.00,2.00,,,,9824,328,48.15,48.15,63.10,63.10,55.77,55.77,54.55,54.55,62.50,62.50
Czech Republic,CZE,20200612,2.00,1,1.00,1,1.00,1,2.00,1,0.00,,1.00,1,0.00,,4.00,2.00,0,1.00,0.00,0.00,2.00,1,2.00,2.00,,,,9886,329,48.15,48.15,63.10,63.10,55.77,55.77,54.55,54.55,62.50,62.50
Czech Republic,CZE,20200613,2.00,1,1.00,1,1.00,1,2.00,1,0.00,,1.00,1,0.00,,4.00,2.00,0,1.00,0.00,0.00,2.00,1,2.00,2.00,,,,9938,329,48.15,48.15,63.10,63.10,55.77,55.77,54.55,54.55,62.50,62.50
Czech Republic,CZE,20200614,2.00,1,1.00,1,1.00,1,2.00,1,0.00,,1.00,1,0.00,,4.00,2.00,0,1.00,0.00,0.00,2.00,1,2.00,2.00,,,,9991,329,48.15,48.15,63.10,63.10,55.77,55.77,54.55,54.55,62.50,62.50
Czech Republic,CZE,20200615,2.00,1,1.00,1,1.00,1,2.00,1,0.00,,0.00,,0.00,,3.00,2.00,0,1.00,0.00,0.00,2.00,1,2.00,2.00,0.00,0.00,,10024,329,41.67,41.67,52.38,52.38,51.28,51.28,49.24,49.24,62.50,62.50
Czech Republic,CZE,20200616,2.00,1,1.00,1,1.00,1,2.00,1,0.00,,0.00,,0.00,,3.00,2.00,0,1.00,0.00,0.00,2.00,1,2.00,2.00,0.00,0.00,,10064,330,41.67,41.67,52.38,52.38,51.28,51.28,49.24,49.24,62.50,62.50
Czech Republic,CZE,20200617,2.00,1,1.00,1,1.00,1,2.00,1,0.00,,0.00,,0.00,,3.00,2.00,0,1.00,0.00,0.00,2.00,1,2.00,2.00,0.00,0.00,,10111,331,41.67,41.67,52.38,52.38,51.28,51.28,49.24,49.24,62.50,62.50
Czech Republic,CZE,20200618,2.00,1,1.00,1,1.00,1,2.00,1,0.00,,0.00,,0.00,,3.00,2.00,0,1.00,0.00,0.00,2.00,1,2.00,2.00,0.00,0.00,,10162,333,41.67,41.67,52.38,52.38,51.28,51.28,49.24,49.24,62.50,62.50
Czech Republic,CZE,20200619,2.00,1,1.00,1,1.00,1,2.00,1,0.00,,0.00,,0.00,,3.00,2.00,0,1.00,0.00,0.00,2.00,1,2.00,2.00,0.00,0.00,,10230,334,41.67,41.67,52.38,52.38,51.28,51.28,49.24,49.24,62.50,62.50
Czech Republic,CZE,20200620,2.00,1,1.00,1,1.00,1,2.00,1,0.00,,0.00,,0.00,,3.00,2.00,0,1.00,0.00,0.00,2.00,1,2.00,2.00,0.00,0.00,,10406,335,41.67,41.67,52.38,52.38,51.28,51.28,49.24,49.24,62.50,62.50
Czech Republic,CZE,20200621,,,,,,,,,,,,,,,,,,,,,,,,,,,,10448,336,,41.67,,52.38,,51.28,,49.24,,62.50
Czech Republic,CZE,20200622,,,,,,,,,,,,,,,,,,,,,,,,,,,,10498,336,,41.67,,52.38,,51.28,,49.24,,62.50
Czech Republic,CZE,20200623,,,,,,,,,,,,,,,,,,,,,,,,,,,,10561,336,,41.67,,52.38,,51.28,,49.24,,62.50
