Thailand,THA,20200101,0.00,,0.00,,0.00,,0.00,,0.00,,0.00,,0.00,,0.00,0.00,,0.00,0.00,0.00,0.00,,0.00,0.00,0.00,0.00,,0,0,0.00,0.00,0.00,0.00,0.00,0.00,0.00,0.00,0.00,0.00
Thailand,THA,20200102,0.00,,0.00,,0.00,,0.00,,0.00,,0.00,,0.00,,0.00,0.00,,0.00,0.00,0.00,0.00,,0.00,0.00,0.00,0.00,,0,0,0.00,0.00,0.00,0.00,0.00,0.00,0.00,0.00,0.00,0.00
Thailand,THA,20200103,0.00,,0.00,,0.00,,0.00,,0.00,,0.00,,0.00,,0.00,0.00,,0.00,0.00,0.00,0.00,,0.00,0.00,0.00,0.00,,0,0,0.00,0.00,0.00,0.00,0.00,0.00,0.00,0.00,0.00,0.00
Thailand,THA,20200104,0.00,,0.00,,0.00,,0.00,,0.00,,0.00,,0.00,,0.00,0.00,,0.00,0.00,0.00,0.00,,0.00,0.00,0.00,0.00,,0,0,0.00,0.00,0.00,0.00,0.00,0.00,0.00,0.00,0.00,0.00
Thailand,THA,20200105,0.00,,0.00,,0.00,,0.00,,0.00,,0.00,,0.00,,0.00,0.00,,0.00,0.00,0.00,0.00,,0.00,0.00,0.00,0.00,,0,0,0.00,0.00,0.00,0.00,0.00,0.00,0.00,0.00,0.00,0.00
Thailand,THA,20200106,0.00,,0.00,,0.00,,0.00,,0.00,,0.00,,0.00,,0.00,0.00,,0.00,0.00,0.00,0.00,,0.00,0.00,0.00,0.00,,0,0,0.00,0.00,0.00,0.00,0.00,0.00,0.00,0.00,0.00,0.00
Thailand,THA,20200107,0.00,,0.00,,0.00,,0.00,,0.00,,0.00,,0.00,,0.00,0.00,,0.00,0.00,0.00,0.00,,0.00,0.00,0.00,0.00,,0,0,0.00,0.00,0.00,0.00,0.00,0.00,0.00,0.00,0.00,0.00
Thailand,THA,20200108,0.00,,0.00,,0.00,,0.00,,0.00,,0.00,,0.00,,0.00,0.00,,0.00,0.00,0.00,0.00,,0.00,0.00,0.00,0.00,,0,0,0.00,0.00,0.00,0.00,0.00,0.00,0.00,0.00,0.00,0.00
Thailand,THA,20200109,0.00,,0.00,,0.00,,0.00,,0.00,,0.00,,0.00,,0.00,0.00,,0.00,0.00,0.00,0.00,,0.00,0.00,0.00,0.00,,0,0,0.00,0.00,0.00,0.00,0.00,0.00,0.00,0.00,0.00,0.00
Thailand,THA,20200110,0.00,,0.00,,0.00,,0.00,,0.00,,0.00,,0.00,,0.00,0.00,,0.00,0.00,0.00,0.00,,0.00,0.00,0.00,0.00,,0,0,0.00,0.00,0.00,0.00,0.00,0.00,0.00,0.00,0.00,0.00
Thailand,THA,20200111,0.00,,0.00,,0.00,,0.00,,0.00,,0.00,,0.00,,0.00,0.00,,0.00,0.00,0.00,0.00,,0.00,0.00,0.00,0.00,,0,0,0.00,0.00,0.00,0.00,0.00,0.00,0.00,0.00,0.00,0.00
Thailand,THA,20200112,0.00,,0.00,,0.00,,0.00,,0.00,,0.00,,0.00,,0.00,0.00,,0.00,0.00,0.00,0.00,,0.00,0.00,0.00,0.00,,0,0,0.00,0.00,0.00,0.00,0.00,0.00,0.00,0.00,0.00,0.00
Thailand,THA,20200113,0.00,,0.00,,0.00,,0.00,,0.00,,0.00,,0.00,,0.00,0.00,,0.00,0.00,0.00,0.00,,0.00,0.00,0.00,0.00,,1,0,0.00,0.00,0.00,0.00,0.00,0.00,0.00,0.00,0.00,0.00
Thailand,THA,20200114,0.00,,0.00,,0.00,,0.00,,0.00,,0.00,,0.00,,0.00,0.00,,0.00,0.00,0.00,0.00,,0.00,0.00,0.00,0.00,,1,0,0.00,0.00,0.00,0.00,0.00,0.00,0.00,0.00,0.00,0.00
Thailand,THA,20200115,0.00,,0.00,,0.00,,0.00,,0.00,,0.00,,0.00,,0.00,0.00,,0.00,0.00,0.00,0.00,,0.00,0.00,0.00,0.00,,1,0,0.00,0.00,0.00,0.00,0.00,0.00,0.00,0.00,0.00,0.00
Thailand,THA,20200116,0.00,,0.00,,0.00,,0.00,,0.00,,0.00,,0.00,,0.00,0.00,,0.00,0.00,0.00,0.00,,0.00,0.00,0.00,0.00,,1,0,0.00,0.00,0.00,0.00,0.00,0.00,0.00,0.00,0.00,0.00
Thailand,THA,20200117,0.00,,0.00,,0.00,,0.00,,0.00,,0.00,,0.00,,0.00,0.00,,0.00,0.00,0.00,0.00,,0.00,0.00,0.00,0.00,,2,0,0.00,0.00,0.00,0.00,0.00,0.00,0.00,0.00,0.00,0.00
Thailand,THA,20200118,0.00,,0.00,,0.00,,0.00,,0.00,,0.00,,0.00,,0.00,0.00,,0.00,0.00,0.00,0.00,,0.00,0.00,0.00,0.00,,2,0,0.00,0.00,0.00,0.00,0.00,0.00,0.00,0.00,0.00,0.00
Thailand,THA,20200119,0.00,,0.00,,0.00,,0.00,,0.00,,0.00,,0.00,,0.00,0.00,,0.00,0.00,0.00,0.00,,0.00,0.00,0.00,0.00,,2,0,0.00,0.00,0.00,0.00,0.00,0.00,0.00,0.00,0.00,0.00
Thailand,THA,20200120,0.00,,0.00,,0.00,,0.00,,0.00,,0.00,,0.00,,0.00,0.00,,0.00,0.00,0.00,0.00,,0.00,0.00,0.00,0.00,,2,0,0.00,0.00,0.00,0.00,0.00,0.00,0.00,0.00,0.00,0.00
Thailand,THA,20200121,0.00,,0.00,,0.00,,0.00,,0.00,,0.00,,0.00,,0.00,0.00,,0.00,0.00,0.00,0.00,,0.00,0.00,0.00,0.00,,2,0,0.00,0.00,0.00,0.00,0.00,0.00,0.00,0.00,0.00,0.00
Thailand,THA,20200122,0.00,,0.00,,0.00,,0.00,,0.00,,0.00,,0.00,,0.00,0.00,,0.00,0.00,0.00,0.00,,0.00,0.00,0.00,0.00,,4,0,0.00,0.00,0.00,0.00,0.00,0.00,0.00,0.00,0.00,0.00
Thailand,THA,20200123,0.00,,0.00,,0.00,,0.00,,0.00,,0.00,,0.00,,0.00,0.00,,0.00,0.00,0.00,0.00,,0.00,0.00,0.00,0.00,,4,0,0.00,0.00,0.00,0.00,0.00,0.00,0.00,0.00,0.00,0.00
Thailand,THA,20200124,0.00,,0.00,,0.00,,0.00,,0.00,,0.00,,0.00,,0.00,0.00,,0.00,0.00,0.00,0.00,,0.00,0.00,0.00,0.00,,4,0,0.00,0.00,0.00,0.00,0.00,0.00,0.00,0.00,0.00,0.00
Thailand,THA,20200125,0.00,,0.00,,0.00,,0.00,,0.00,,0.00,,0.00,,0.00,0.00,,0.00,0.00,0.00,0.00,,0.00,0.00,0.00,0.00,,5,0,0.00,0.00,0.00,0.00,0.00,0.00,0.00,0.00,0.00,0.00
Thailand,THA,20200126,0.00,,0.00,,0.00,,0.00,,0.00,,0.00,,0.00,,0.00,0.00,,0.00,0.00,0.00,0.00,,0.00,0.00,0.00,0.00,,5,0,0.00,0.00,0.00,0.00,0.00,0.00,0.00,0.00,0.00,0.00
Thailand,THA,20200127,0.00,,0.00,,0.00,,0.00,,0.00,,0.00,,0.00,,0.00,0.00,,0.00,0.00,0.00,0.00,,0.00,0.00,0.00,0.00,,8,0,0.00,0.00,0.00,0.00,0.00,0.00,0.00,0.00,0.00,0.00
Thailand,THA,20200128,0.00,,0.00,,0.00,,0.00,,0.00,,0.00,,0.00,,0.00,0.00,,0.00,0.00,0.00,0.00,,0.00,0.00,0.00,0.00,,14,0,0.00,0.00,0.00,0.00,0.00,0.00,0.00,0.00,0.00,0.00
Thailand,THA,20200129,0.00,,0.00,,0.00,,0.00,,0.00,,0.00,,0.00,,0.00,0.00,,0.00,0.00,0.00,0.00,,0.00,0.00,0.00,0.00,,14,0,0.00,0.00,0.00,0.00,0.00,0.00,0.00,0.00,0.00,0.00
Thailand,THA,20200130,0.00,,0.00,,0.00,,0.00,,0.00,,0.00,,0.00,,0.00,0.00,,0.00,0.00,0.00,0.00,,0.00,0.00,0.00,0.00,,14,0,0.00,0.00,0.00,0.00,0.00,0.00,0.00,0.00,0.00,0.00
Thailand,THA,20200131,0.00,,0.00,,0.00,,0.00,,0.00,,0.00,,0.00,,0.00,0.00,,0.00,0.00,0.00,0.00,,0.00,0.00,0.00,0.00,,14,0,0.00,0.00,0.00,0.00,0.00,0.00,0.00,0.00,0.00,0.00
Thailand,THA,20200201,0.00,,0.00,,0.00,,0.00,,0.00,,0.00,,0.00,,0.00,0.00,,0.00,0.00,0.00,0.00,,0.00,0.00,0.00,0.00,,19,0,0.00,0.00,0.00,0.00,0.00,0.00,0.00,0.00,0.00,0.00
Thailand,THA,20200202,0.00,,0.00,,0.00,,0.00,,0.00,,0.00,,0.00,,0.00,0.00,,0.00,0.00,0.00,0.00,,0.00,0.00,0.00,0.00,,19,0,0.00,0.00,0.00,0.00,0.00,0.00,0.00,0.00,0.00,0.00
Thailand,THA,20200203,0.00,,0.00,,0.00,,0.00,,0.00,,0.00,,0.00,,0.00,0.00,,0.00,0.00,0.00,0.00,,0.00,0.00,0.00,0.00,,19,0,0.00,0.00,0.00,0.00,0.00,0.00,0.00,0.00,0.00,0.00
Thailand,THA,20200204,0.00,,0.00,,0.00,,0.00,,0.00,,0.00,,0.00,,0.00,0.00,,0.00,0.00,0.00,0.00,,0.00,0.00,0.00,0.00,,19,0,0.00,0.00,0.00,0.00,0.00,0.00,0.00,0.00,0.00,0.00
Thailand,THA,20200205,0.00,,0.00,,0.00,,0.00,,0.00,,0.00,,0.00,,0.00,0.00,,0.00,0.00,0.00,0.00,,0.00,0.00,0.00,0.00,,25,0,0.00,0.00,0.00,0.00,0.00,0.00,0.00,0.00,0.00,0.00
Thailand,THA,20200206,0.00,,0.00,,0.00,,0.00,,0.00,,0.00,,0.00,,0.00,0.00,,0.00,0.00,0.00,0.00,,0.00,0.00,0.00,0.00,,25,0,0.00,0.00,0.00,0.00,0.00,0.00,0.00,0.00,0.00,0.00
Thailand,THA,20200207,0.00,,0.00,,0.00,,0.00,,0.00,,0.00,,0.00,,0.00,0.00,,0.00,0.00,0.00,0.00,,0.00,0.00,0.00,0.00,,25,0,0.00,0.00,0.00,0.00,0.00,0.00,0.00,0.00,0.00,0.00
Thailand,THA,20200208,0.00,,0.00,,0.00,,0.00,,0.00,,0.00,,0.00,,0.00,0.00,,0.00,0.00,0.00,0.00,,0.00,0.00,0.00,0.00,,32,0,0.00,0.00,0.00,0.00,0.00,0.00,0.00,0.00,0.00,0.00
Thailand,THA,20200209,0.00,,0.00,,0.00,,0.00,,0.00,,0.00,,0.00,,0.00,0.00,,0.00,0.00,0.00,0.00,,0.00,0.00,0.00,0.00,,32,0,0.00,0.00,0.00,0.00,0.00,0.00,0.00,0.00,0.00,0.00
Thailand,THA,20200210,0.00,,0.00,,0.00,,0.00,,0.00,,0.00,,0.00,,0.00,0.00,,0.00,0.00,0.00,0.00,,0.00,0.00,0.00,0.00,,32,0,0.00,0.00,0.00,0.00,0.00,0.00,0.00,0.00,0.00,0.00
Thailand,THA,20200211,0.00,,0.00,,0.00,,0.00,,0.00,,0.00,,0.00,,0.00,0.00,,0.00,0.00,0.00,0.00,,0.00,0.00,0.00,0.00,,32,0,0.00,0.00,0.00,0.00,0.00,0.00,0.00,0.00,0.00,0.00
Thailand,THA,20200212,0.00,,0.00,,0.00,,0.00,,0.00,,0.00,,0.00,,0.00,0.00,,0.00,0.00,0.00,0.00,,0.00,0.00,0.00,0.00,,33,0,0.00,0.00,0.00,0.00,0.00,0.00,0.00,0.00,0.00,0.00
Thailand,THA,20200213,0.00,,0.00,,0.00,,0.00,,0.00,,0.00,,0.00,,0.00,0.00,,0.00,0.00,0.00,0.00,,0.00,0.00,0.00,0.00,,33,0,0.00,0.00,0.00,0.00,0.00,0.00,0.00,0.00,0.00,0.00
Thailand,THA,20200214,0.00,,0.00,,0.00,,0.00,,0.00,,0.00,,0.00,,0.00,0.00,,0.00,0.00,0.00,0.00,,0.00,0.00,0.00,0.00,,33,0,0.00,0.00,0.00,0.00,0.00,0.00,0.00,0.00,0.00,0.00
Thailand,THA,20200215,0.00,,0.00,,0.00,,0.00,,0.00,,0.00,,0.00,,0.00,0.00,,0.00,0.00,0.00,0.00,,0.00,0.00,0.00,0.00,,34,0,0.00,0.00,0.00,0.00,0.00,0.00,0.00,0.00,0.00,0.00
Thailand,THA,20200216,0.00,,0.00,,0.00,,0.00,,0.00,,0.00,,0.00,,0.00,0.00,,0.00,0.00,0.00,0.00,,0.00,0.00,0.00,0.00,,34,0,0.00,0.00,0.00,0.00,0.00,0.00,0.00,0.00,0.00,0.00
Thailand,THA,20200217,0.00,,0.00,,0.00,,0.00,,0.00,,0.00,,0.00,,0.00,0.00,,0.00,0.00,0.00,0.00,,0.00,0.00,0.00,0.00,,34,0,0.00,0.00,0.00,0.00,0.00,0.00,0.00,0.00,0.00,0.00
Thailand,THA,20200218,0.00,,0.00,,0.00,,0.00,,0.00,,0.00,,0.00,,0.00,0.00,,0.00,0.00,0.00,0.00,,0.00,0.00,0.00,0.00,,35,0,0.00,0.00,0.00,0.00,0.00,0.00,0.00,0.00,0.00,0.00
Thailand,THA,20200219,0.00,,0.00,,0.00,,0.00,,0.00,,0.00,,0.00,,0.00,0.00,,0.00,0.00,0.00,0.00,,0.00,0.00,0.00,0.00,,35,0,0.00,0.00,0.00,0.00,0.00,0.00,0.00,0.00,0.00,0.00
Thailand,THA,20200220,0.00,,0.00,,0.00,,0.00,,0.00,,0.00,,0.00,,0.00,0.00,,0.00,0.00,0.00,0.00,,0.00,0.00,0.00,0.00,,35,0,0.00,0.00,0.00,0.00,0.00,0.00,0.00,0.00,0.00,0.00
Thailand,THA,20200221,0.00,,0.00,,0.00,,0.00,,0.00,,0.00,,0.00,,0.00,0.00,,0.00,0.00,0.00,0.00,,0.00,0.00,0.00,0.00,,35,0,0.00,0.00,0.00,0.00,0.00,0.00,0.00,0.00,0.00,0.00
Thailand,THA,20200222,0.00,,0.00,,0.00,,0.00,,0.00,,0.00,,0.00,,0.00,0.00,,0.00,0.00,0.00,0.00,,0.00,0.00,0.00,0.00,,35,0,0.00,0.00,0.00,0.00,0.00,0.00,0.00,0.00,0.00,0.00
Thailand,THA,20200223,0.00,,0.00,,0.00,,0.00,,0.00,,0.00,,0.00,,0.00,0.00,,0.00,0.00,0.00,0.00,,0.00,0.00,0.00,0.00,,35,0,0.00,0.00,0.00,0.00,0.00,0.00,0.00,0.00,0.00,0.00
Thailand,THA,20200224,0.00,,0.00,,0.00,,0.00,,0.00,,0.00,,0.00,,0.00,0.00,,0.00,0.00,0.00,0.00,,0.00,0.00,0.00,0.00,,35,0,0.00,0.00,0.00,0.00,0.00,0.00,0.00,0.00,0.00,0.00
Thailand,THA,20200225,0.00,,0.00,,0.00,,0.00,,0.00,,0.00,,0.00,,0.00,0.00,,0.00,0.00,0.00,0.00,,0.00,0.00,0.00,0.00,,37,0,0.00,0.00,0.00,0.00,0.00,0.00,0.00,0.00,0.00,0.00
Thailand,THA,20200226,0.00,,0.00,,0.00,,0.00,,0.00,,0.00,,0.00,,0.00,0.00,,0.00,0.00,0.00,0.00,,0.00,0.00,0.00,0.00,,40,0,0.00,0.00,0.00,0.00,0.00,0.00,0.00,0.00,0.00,0.00
Thailand,THA,20200227,0.00,,0.00,,0.00,,0.00,,0.00,,0.00,,0.00,,0.00,0.00,,0.00,0.00,0.00,0.00,,0.00,0.00,0.00,0.00,,40,0,0.00,0.00,0.00,0.00,0.00,0.00,0.00,0.00,0.00,0.00
Thailand,THA,20200228,0.00,,0.00,,0.00,,0.00,,0.00,,0.00,,0.00,,0.00,0.00,,0.00,0.00,0.00,0.00,,0.00,0.00,0.00,0.00,,40,0,0.00,0.00,0.00,0.00,0.00,0.00,0.00,0.00,0.00,0.00
Thailand,THA,20200229,0.00,,0.00,,0.00,,0.00,,0.00,,0.00,,0.00,,0.00,0.00,,0.00,0.00,0.00,0.00,,0.00,0.00,0.00,0.00,,42,0,0.00,0.00,0.00,0.00,0.00,0.00,0.00,0.00,0.00,0.00
Thailand,THA,20200301,0.00,,0.00,,0.00,,0.00,,0.00,,0.00,,0.00,,0.00,0.00,,0.00,0.00,0.00,0.00,,0.00,0.00,0.00,0.00,,42,1,0.00,0.00,0.00,0.00,0.00,0.00,0.00,0.00,0.00,0.00
Thailand,THA,20200302,0.00,,0.00,,0.00,,0.00,,0.00,,0.00,,0.00,,0.00,0.00,,0.00,0.00,0.00,0.00,,1.00,0.00,0.00,0.00,,43,1,0.00,0.00,0.00,0.00,2.56,2.56,3.03,3.03,0.00,0.00
Thailand,THA,20200303,0.00,,0.00,,0.00,,0.00,,0.00,,0.00,,0.00,,0.00,0.00,,0.00,0.00,0.00,0.00,,1.00,1.00,0.00,0.00,,,,0.00,0.00,0.00,0.00,6.41,6.41,7.58,7.58,0.00,0.00
Thailand,THA,20200304,0.00,,0.00,,0.00,,0.00,,0.00,,0.00,,0.00,,0.00,0.00,,0.00,0.00,0.00,0.00,,1.00,1.00,0.00,0.00,,,,0.00,0.00,0.00,0.00,6.41,6.41,7.58,7.58,0.00,0.00
Thailand,THA,20200305,0.00,,0.00,,0.00,,0.00,,0.00,,0.00,,0.00,,0.00,0.00,,0.00,0.00,0.00,0.00,,1.00,1.00,0.00,0.00,,47,1,0.00,0.00,0.00,0.00,6.41,6.41,7.58,7.58,0.00,0.00
Thailand,THA,20200306,0.00,,0.00,,0.00,,0.00,,0.00,,0.00,,0.00,,2.00,0.00,,0.00,0.00,0.00,2.00,1,1.00,1.00,0.00,0.00,,,,16.67,16.67,21.43,21.43,17.95,17.95,21.21,21.21,0.00,0.00
Thailand,THA,20200307,0.00,,0.00,,0.00,,0.00,,0.00,,0.00,,0.00,,2.00,0.00,,0.00,0.00,0.00,2.00,1,1.00,1.00,0.00,0.00,,50,1,16.67,16.67,21.43,21.43,17.95,17.95,21.21,21.21,0.00,0.00
Thailand,THA,20200308,0.00,,0.00,,0.00,,0.00,,0.00,,0.00,,0.00,,2.00,0.00,,0.00,0.00,0.00,2.00,1,1.00,1.00,0.00,0.00,,,,16.67,16.67,21.43,21.43,17.95,17.95,21.21,21.21,0.00,0.00
Thailand,THA,20200309,0.00,,0.00,,0.00,,0.00,,0.00,,0.00,,0.00,,2.00,0.00,,0.00,0.00,0.00,2.00,1,1.00,1.00,0.00,0.00,,,,16.67,16.67,21.43,21.43,17.95,17.95,21.21,21.21,0.00,0.00
Thailand,THA,20200310,0.00,,0.00,,2.00,0,0.00,,0.00,,0.00,,0.00,,2.00,0.00,,0.00,12700000000.00,0.00,2.00,1,1.00,1.00,0.00,0.00,,,,25.00,25.00,30.95,30.95,23.72,23.72,28.03,28.03,0.00,0.00
Thailand,THA,20200311,0.00,,0.00,,2.00,0,0.00,,0.00,,0.00,,0.00,,2.00,0.00,,0.00,0.00,0.00,2.00,1,1.00,1.00,0.00,0.00,,59,1,25.00,25.00,30.95,30.95,23.72,23.72,28.03,28.03,0.00,0.00
Thailand,THA,20200312,0.00,,0.00,,2.00,0,0.00,,0.00,,0.00,,0.00,,2.00,0.00,,0.00,0.00,0.00,2.00,1,1.00,1.00,0.00,0.00,,70,1,25.00,25.00,30.95,30.95,23.72,23.72,28.03,28.03,0.00,0.00
Thailand,THA,20200313,0.00,,0.00,,2.00,0,0.00,,0.00,,0.00,,0.00,,2.00,0.00,,0.00,0.00,0.00,2.00,1,1.00,1.00,0.00,0.00,,,,25.00,25.00,30.95,30.95,23.72,23.72,28.03,28.03,0.00,0.00
Thailand,THA,20200314,0.00,,0.00,,2.00,0,0.00,,0.00,,0.00,,0.00,,2.00,0.00,,0.00,0.00,0.00,2.00,1,1.00,1.00,0.00,0.00,,82,1,25.00,25.00,30.95,30.95,23.72,23.72,28.03,28.03,0.00,0.00
Thailand,THA,20200315,1.00,0,0.00,,2.00,0,0.00,,0.00,,0.00,,0.00,,2.00,0.00,,0.00,0.00,0.00,2.00,1,1.00,1.00,0.00,0.00,,82,1,26.85,26.85,34.52,34.52,25.00,25.00,29.55,29.55,0.00,0.00
Thailand,THA,20200316,1.00,0,0.00,,2.00,0,3.00,0,0.00,,0.00,,0.00,,2.00,0.00,,0.00,0.00,0.00,2.00,1,1.00,1.00,0.00,0.00,,114,1,33.80,33.80,34.52,34.52,29.81,29.81,35.23,35.23,0.00,0.00
Thailand,THA,20200317,1.00,0,2.00,0,2.00,0,3.00,0,0.00,,0.00,,0.00,,2.00,0.00,,0.00,0.00,0.00,2.00,1,1.00,1.00,0.00,0.00,,177,1,39.35,39.35,41.67,41.67,33.65,33.65,39.77,39.77,0.00,0.00
Thailand,THA,20200318,1.00,0,2.00,0,2.00,0,3.00,0,0.00,,0.00,,0.00,,2.00,0.00,,0.00,0.00,0.00,2.00,1,1.00,1.00,0.00,0.00,,177,1,39.35,39.35,41.67,41.67,33.65,33.65,39.77,39.77,0.00,0.00
Thailand,THA,20200319,3.00,1,2.00,0,2.00,0,3.00,0,0.00,,0.00,,0.00,,2.00,0.00,,0.00,0.00,0.00,2.00,1,1.00,1.00,0.00,0.00,,177,1,48.61,48.61,52.38,52.38,40.06,40.06,47.35,47.35,0.00,0.00
Thailand,THA,20200320,3.00,1,2.00,0,2.00,0,3.00,0,0.00,,0.00,,0.00,,2.00,0.00,,0.00,0.00,0.00,2.00,1,1.00,1.00,0.00,0.00,,212,1,48.61,48.61,52.38,52.38,40.06,40.06,47.35,47.35,0.00,0.00
Thailand,THA,20200321,3.00,1,2.00,0,2.00,0,3.00,0,0.00,,1.00,1,0.00,,2.00,0.00,,0.00,0.00,0.00,2.00,1,1.00,1.00,0.00,0.00,,366,1,52.31,52.31,59.52,59.52,42.63,42.63,50.38,50.38,0.00,0.00
Thailand,THA,20200322,3.00,1,2.00,0,2.00,0,3.00,0,0.00,,1.00,1,0.00,,2.00,0.00,,0.00,0.00,0.00,2.00,1,1.00,1.00,0.00,0.00,,599,1,52.31,52.31,59.52,59.52,42.63,42.63,50.38,50.38,0.00,0.00
Thailand,THA,20200323,3.00,1,2.00,0,2.00,0,3.00,0,0.00,,1.00,1,0.00,,2.00,0.00,,0.00,0.00,0.00,2.00,1,1.00,1.00,0.00,0.00,,721,1,52.31,52.31,59.52,59.52,42.63,42.63,50.38,50.38,0.00,0.00
Thailand,THA,20200324,3.00,1,2.00,0,2.00,0,3.00,0,0.00,,1.00,1,0.00,,2.00,0.00,,0.00,0.00,0.00,2.00,1,1.00,1.00,0.00,0.00,,827,4,52.31,52.31,59.52,59.52,42.63,42.63,50.38,50.38,0.00,0.00
Thailand,THA,20200325,3.00,1,2.00,0,2.00,0,3.00,0,0.00,,1.00,1,1.00,1,4.00,0.00,,0.00,0.00,0.00,2.00,1,1.00,1.00,0.00,0.00,,934,4,63.43,63.43,69.05,69.05,50.32,50.32,59.47,59.47,0.00,0.00
Thailand,THA,20200326,3.00,1,2.00,1,2.00,0,3.00,0,0.00,,1.00,1,2.00,0,4.00,0.00,,0.00,3560000000.00,0.00,2.00,1,1.00,1.00,0.00,0.00,,1045,4,68.06,68.06,72.62,72.62,53.53,53.53,63.26,63.26,0.00,0.00
Thailand,THA,20200327,3.00,1,2.00,1,2.00,0,3.00,0,0.00,,1.00,1,2.00,0,4.00,0.00,,0.00,0.00,0.00,2.00,1,1.00,1.00,0.00,0.00,,1136,5,68.06,68.06,72.62,72.62,53.53,53.53,63.26,63.26,0.00,0.00
Thailand,THA,20200328,3.00,1,2.00,1,2.00,0,3.00,0,0.00,,1.00,1,2.00,0,4.00,0.00,,0.00,0.00,0.00,2.00,1,1.00,1.00,0.00,0.00,,1136,5,68.06,68.06,72.62,72.62,53.53,53.53,63.26,63.26,0.00,0.00
Thailand,THA,20200329,3.00,1,2.00,1,2.00,0,3.00,0,0.00,,1.00,1,2.00,0,4.00,0.00,,0.00,0.00,0.00,2.00,1,1.00,1.00,0.00,0.00,,1245,6,68.06,68.06,72.62,72.62,53.53,53.53,63.26,63.26,0.00,0.00
Thailand,THA,20200330,3.00,1,2.00,1,2.00,0,3.00,0,0.00,,1.00,1,2.00,0,4.00,0.00,,0.00,0.00,0.00,2.00,1,1.00,1.00,0.00,0.00,,1388,7,68.06,68.06,72.62,72.62,53.53,53.53,63.26,63.26,0.00,0.00
Thailand,THA,20200331,3.00,1,2.00,1,2.00,0,3.00,0,0.00,,1.00,1,2.00,0,4.00,0.00,,0.00,0.00,0.00,2.00,1,1.00,1.00,0.00,0.00,,1651,10,68.06,68.06,72.62,72.62,53.53,53.53,63.26,63.26,0.00,0.00
Thailand,THA,20200401,3.00,1,2.00,1,2.00,0,3.00,0,0.00,,1.00,1,2.00,0,4.00,2.00,1,2.00,0.00,0.00,2.00,1,1.00,1.00,0.00,0.00,,1651,10,68.06,68.06,72.62,72.62,68.91,68.91,63.26,63.26,100.00,100.00
Thailand,THA,20200402,3.00,1,2.00,1,2.00,0,3.00,0,0.00,,1.00,1,2.00,0,4.00,2.00,1,2.00,0.00,0.00,2.00,1,1.00,1.00,0.00,0.00,,1771,12,68.06,68.06,72.62,72.62,68.91,68.91,63.26,63.26,100.00,100.00
Thailand,THA,20200403,3.00,1,3.00,0,2.00,1,3.00,1,1.00,0,1.00,1,2.00,0,4.00,2.00,1,2.00,0.00,0.00,2.00,1,1.00,1.00,0.00,0.00,,1875,15,76.85,76.85,82.14,82.14,75.00,75.00,70.45,70.45,100.00,100.00
Thailand,THA,20200404,3.00,1,3.00,0,2.00,1,3.00,1,1.00,0,1.00,1,2.00,0,4.00,2.00,1,2.00,45450000000.00,0.00,2.00,1,1.00,1.00,0.00,0.00,,1978,19,76.85,76.85,82.14,82.14,75.00,75.00,70.45,70.45,100.00,100.00
Thailand,THA,20200405,3.00,1,3.00,0,2.00,1,3.00,1,1.00,0,1.00,1,2.00,0,4.00,2.00,1,2.00,0.00,0.00,2.00,1,1.00,1.00,0.00,0.00,,2169,23,76.85,76.85,82.14,82.14,75.00,75.00,70.45,70.45,100.00,100.00
Thailand,THA,20200406,3.00,1,3.00,0,2.00,1,3.00,1,1.00,0,1.00,1,2.00,0,4.00,2.00,1,2.00,0.00,0.00,2.00,1,1.00,1.00,0.00,0.00,,2220,26,76.85,76.85,82.14,82.14,75.00,75.00,70.45,70.45,100.00,100.00
Thailand,THA,20200407,3.00,1,3.00,0,2.00,1,3.00,1,1.00,0,1.00,1,2.00,0,4.00,2.00,1,2.00,58000000000.00,0.00,2.00,1,1.00,1.00,0.00,0.00,,2258,26,76.85,76.85,82.14,82.14,75.00,75.00,70.45,70.45,100.00,100.00
Thailand,THA,20200408,3.00,1,3.00,0,2.00,1,3.00,1,2.00,0,1.00,1,2.00,0,4.00,2.00,1,2.00,0.00,0.00,2.00,1,1.00,1.00,0.00,0.00,,2369,30,82.41,82.41,86.90,86.90,78.85,78.85,75.00,75.00,100.00,100.00
Thailand,THA,20200409,3.00,1,3.00,0,2.00,1,3.00,1,2.00,0,1.00,1,2.00,0,4.00,2.00,1,2.00,0.00,0.00,2.00,1,1.00,1.00,0.00,0.00,,2423,32,82.41,82.41,86.90,86.90,78.85,78.85,75.00,75.00,100.00,100.00
Thailand,THA,20200410,3.00,1,3.00,0,2.00,1,3.00,1,2.00,0,1.00,1,2.00,0,4.00,2.00,1,2.00,0.00,0.00,2.00,1,1.00,1.00,0.00,0.00,,2473,33,82.41,82.41,86.90,86.90,78.85,78.85,75.00,75.00,100.00,100.00
Thailand,THA,20200411,3.00,1,3.00,0,2.00,1,3.00,1,2.00,0,1.00,1,2.00,0,4.00,2.00,1,2.00,0.00,0.00,2.00,1,1.00,1.00,0.00,0.00,,2518,35,82.41,82.41,86.90,86.90,78.85,78.85,75.00,75.00,100.00,100.00
Thailand,THA,20200412,3.00,1,3.00,0,2.00,1,3.00,1,2.00,0,1.00,1,2.00,0,4.00,2.00,1,2.00,0.00,0.00,2.00,1,1.00,1.00,0.00,0.00,,2551,38,82.41,82.41,86.90,86.90,78.85,78.85,75.00,75.00,100.00,100.00
Thailand,THA,20200413,3.00,1,3.00,0,2.00,1,3.00,1,2.00,0,1.00,1,2.00,0,4.00,2.00,1,2.00,0.00,0.00,2.00,1,1.00,1.00,0.00,0.00,,2579,40,82.41,82.41,86.90,86.90,78.85,78.85,75.00,75.00,100.00,100.00
Thailand,THA,20200414,3.00,1,3.00,0,2.00,1,3.00,1,2.00,0,1.00,1,2.00,0,4.00,2.00,1,2.00,0.00,0.00,2.00,1,1.00,2.00,0.00,0.00,,2613,41,82.41,82.41,86.90,86.90,82.69,82.69,79.55,79.55,100.00,100.00
Thailand,THA,20200415,3.00,1,3.00,0,2.00,1,3.00,1,2.00,0,1.00,1,2.00,0,4.00,2.00,1,2.00,0.00,0.00,2.00,1,1.00,2.00,0.00,0.00,,2643,43,82.41,82.41,86.90,86.90,82.69,82.69,79.55,79.55,100.00,100.00
Thailand,THA,20200416,3.00,1,3.00,0,2.00,1,3.00,1,2.00,0,1.00,1,2.00,0,4.00,2.00,1,2.00,0.00,0.00,2.00,1,1.00,2.00,0.00,0.00,,2672,46,82.41,82.41,86.90,86.90,82.69,82.69,79.55,79.55,100.00,100.00
Thailand,THA,20200417,3.00,1,3.00,0,2.00,1,3.00,1,2.00,0,1.00,1,2.00,0,4.00,2.00,1,2.00,0.00,0.00,2.00,1,1.00,2.00,0.00,0.00,,2700,47,82.41,82.41,86.90,86.90,82.69,82.69,79.55,79.55,100.00,100.00
Thailand,THA,20200418,3.00,1,3.00,0,2.00,1,3.00,0,2.00,0,1.00,1,2.00,0,4.00,2.00,1,2.00,0.00,0.00,2.00,1,1.00,2.00,0.00,0.00,,2700,47,81.02,81.02,86.90,86.90,81.73,81.73,78.41,78.41,100.00,100.00
Thailand,THA,20200419,3.00,1,3.00,0,2.00,1,3.00,0,2.00,0,1.00,1,2.00,0,4.00,2.00,1,2.00,0.00,0.00,2.00,1,1.00,2.00,0.00,0.00,,2733,47,81.02,81.02,86.90,86.90,81.73,81.73,78.41,78.41,100.00,100.00
Thailand,THA,20200420,3.00,1,3.00,0,2.00,1,3.00,0,2.00,0,1.00,1,2.00,0,4.00,2.00,1,2.00,0.00,0.00,2.00,1,1.00,2.00,0.00,0.00,,2765,47,81.02,81.02,86.90,86.90,81.73,81.73,78.41,78.41,100.00,100.00
Thailand,THA,20200421,3.00,1,3.00,0,2.00,1,3.00,0,2.00,0,1.00,1,2.00,0,4.00,2.00,1,2.00,0.00,0.00,2.00,1,1.00,2.00,0.00,0.00,,2792,47,81.02,81.02,86.90,86.90,81.73,81.73,78.41,78.41,100.00,100.00
Thailand,THA,20200422,3.00,1,3.00,0,2.00,1,3.00,0,2.00,0,1.00,1,2.00,0,4.00,2.00,1,2.00,0.00,0.00,2.00,1,1.00,2.00,0.00,0.00,,2811,48,81.02,81.02,86.90,86.90,81.73,81.73,78.41,78.41,100.00,100.00
Thailand,THA,20200423,3.00,1,3.00,0,2.00,1,3.00,0,2.00,0,1.00,1,2.00,0,4.00,2.00,1,2.00,0.00,0.00,2.00,1,1.00,2.00,0.00,1390000000.00,,2839,50,81.02,81.02,86.90,86.90,81.73,81.73,78.41,78.41,100.00,100.00
Thailand,THA,20200424,3.00,1,3.00,0,2.00,1,3.00,0,2.00,0,1.00,1,2.00,0,4.00,2.00,1,2.00,0.00,0.00,2.00,1,1.00,2.00,0.00,0.00,,2839,50,81.02,81.02,86.90,86.90,81.73,81.73,78.41,78.41,100.00,100.00
Thailand,THA,20200425,3.00,1,3.00,0,2.00,1,3.00,0,2.00,0,1.00,1,2.00,0,4.00,2.00,1,2.00,0.00,0.00,2.00,1,1.00,2.00,0.00,0.00,,2854,50,81.02,81.02,86.90,86.90,81.73,81.73,78.41,78.41,100.00,100.00
Thailand,THA,20200426,3.00,1,3.00,0,2.00,1,3.00,0,2.00,0,1.00,1,2.00,0,4.00,2.00,1,2.00,0.00,0.00,2.00,1,1.00,2.00,0.00,0.00,,2922,51,81.02,81.02,86.90,86.90,81.73,81.73,78.41,78.41,100.00,100.00
Thailand,THA,20200427,3.00,1,3.00,0,2.00,1,3.00,0,2.00,0,1.00,1,2.00,0,4.00,2.00,1,2.00,0.00,0.00,2.00,1,1.00,2.00,0.00,0.00,,2922,51,81.02,81.02,86.90,86.90,81.73,81.73,78.41,78.41,100.00,100.00
Thailand,THA,20200428,3.00,1,3.00,0,2.00,1,3.00,0,2.00,0,1.00,1,2.00,0,4.00,2.00,1,2.00,0.00,0.00,2.00,1,1.00,2.00,0.00,0.00,,2938,54,81.02,81.02,86.90,86.90,81.73,81.73,78.41,78.41,100.00,100.00
Thailand,THA,20200429,3.00,1,3.00,0,2.00,1,3.00,0,2.00,0,1.00,1,2.00,0,4.00,2.00,1,2.00,0.00,0.00,2.00,1,1.00,2.00,0.00,0.00,,2938,54,81.02,81.02,86.90,86.90,81.73,81.73,78.41,78.41,100.00,100.00
Thailand,THA,20200430,3.00,1,3.00,0,2.00,1,3.00,0,2.00,0,1.00,1,2.00,0,4.00,2.00,1,2.00,0.00,0.00,2.00,1,1.00,2.00,0.00,0.00,,2954,54,81.02,81.02,86.90,86.90,81.73,81.73,78.41,78.41,100.00,100.00
Thailand,THA,20200501,3.00,1,3.00,0,2.00,1,3.00,0,2.00,0,1.00,1,2.00,0,3.00,2.00,1,2.00,0.00,0.00,2.00,1,2.00,2.00,0.00,0.00,,2960,54,78.24,78.24,83.33,83.33,82.37,82.37,79.17,79.17,100.00,100.00
Thailand,THA,20200502,3.00,1,3.00,0,2.00,1,3.00,0,2.00,0,1.00,1,2.00,0,3.00,2.00,1,2.00,0.00,0.00,2.00,1,2.00,2.00,0.00,0.00,,2960,54,78.24,78.24,83.33,83.33,82.37,82.37,79.17,79.17,100.00,100.00
Thailand,THA,20200503,3.00,1,2.00,1,2.00,1,3.00,1,2.00,0,1.00,1,2.00,0,3.00,2.00,1,2.00,0.00,0.00,2.00,1,2.00,2.00,0.00,0.00,,2966,54,77.78,77.78,83.33,83.33,82.05,82.05,78.79,78.79,100.00,100.00
Thailand,THA,20200504,3.00,1,2.00,1,2.00,1,3.00,1,2.00,0,1.00,1,2.00,0,3.00,2.00,1,2.00,0.00,0.00,2.00,1,2.00,2.00,0.00,0.00,,2969,54,77.78,77.78,83.33,83.33,82.05,82.05,78.79,78.79,100.00,100.00
Thailand,THA,20200505,3.00,1,2.00,1,2.00,1,3.00,1,2.00,0,1.00,1,2.00,0,3.00,2.00,1,2.00,0.00,0.00,2.00,1,2.00,2.00,0.00,0.00,,2987,54,77.78,77.78,83.33,83.33,82.05,82.05,78.79,78.79,100.00,100.00
Thailand,THA,20200506,3.00,1,2.00,1,2.00,1,3.00,1,2.00,0,1.00,1,2.00,0,3.00,2.00,1,2.00,0.00,0.00,2.00,1,2.00,2.00,0.00,0.00,,2988,54,77.78,77.78,83.33,83.33,82.05,82.05,78.79,78.79,100.00,100.00
Thailand,THA,20200507,3.00,1,2.00,1,2.00,1,3.00,1,2.00,0,1.00,1,2.00,0,3.00,2.00,1,2.00,0.00,0.00,2.00,1,2.00,2.00,0.00,0.00,,2989,55,77.78,77.78,83.33,83.33,82.05,82.05,78.79,78.79,100.00,100.00
Thailand,THA,20200508,3.00,1,2.00,1,2.00,1,3.00,1,2.00,0,1.00,1,2.00,0,3.00,2.00,1,2.00,0.00,0.00,2.00,1,2.00,2.00,0.00,0.00,,2992,55,77.78,77.78,83.33,83.33,82.05,82.05,78.79,78.79,100.00,100.00
Thailand,THA,20200509,3.00,1,2.00,1,2.00,1,3.00,1,2.00,0,1.00,1,2.00,0,3.00,2.00,1,2.00,0.00,0.00,2.00,1,2.00,2.00,0.00,0.00,,3000,55,77.78,77.78,83.33,83.33,82.05,82.05,78.79,78.79,100.00,100.00
Thailand,THA,20200510,3.00,1,2.00,1,2.00,1,3.00,1,2.00,0,1.00,1,2.00,0,3.00,2.00,1,2.00,0.00,0.00,2.00,1,2.00,2.00,0.00,0.00,,3004,56,77.78,77.78,83.33,83.33,82.05,82.05,78.79,78.79,100.00,100.00
Thailand,THA,20200511,3.00,1,2.00,1,2.00,1,3.00,1,2.00,0,1.00,1,2.00,0,3.00,2.00,1,2.00,0.00,0.00,2.00,1,2.00,2.00,0.00,0.00,,3015,56,77.78,77.78,83.33,83.33,82.05,82.05,78.79,78.79,100.00,100.00
Thailand,THA,20200512,3.00,1,2.00,1,2.00,1,3.00,1,2.00,0,1.00,1,2.00,0,3.00,2.00,1,2.00,0.00,0.00,2.00,1,2.00,2.00,0.00,0.00,,3015,56,77.78,77.78,83.33,83.33,82.05,82.05,78.79,78.79,100.00,100.00
Thailand,THA,20200513,3.00,1,2.00,1,2.00,1,3.00,1,2.00,0,1.00,1,2.00,0,3.00,2.00,1,2.00,0.00,0.00,2.00,1,2.00,2.00,0.00,0.00,,3017,56,77.78,77.78,83.33,83.33,82.05,82.05,78.79,78.79,100.00,100.00
Thailand,THA,20200514,3.00,1,2.00,1,2.00,1,3.00,1,2.00,0,1.00,1,2.00,0,3.00,2.00,1,2.00,0.00,0.00,2.00,1,2.00,2.00,0.00,0.00,,3017,56,77.78,77.78,83.33,83.33,82.05,82.05,78.79,78.79,100.00,100.00
Thailand,THA,20200515,3.00,1,2.00,1,2.00,1,3.00,1,2.00,0,1.00,1,2.00,0,3.00,2.00,1,2.00,0.00,0.00,2.00,1,2.00,2.00,0.00,0.00,,3018,56,77.78,77.78,83.33,83.33,82.05,82.05,78.79,78.79,100.00,100.00
Thailand,THA,20200516,3.00,1,2.00,1,2.00,1,3.00,1,2.00,0,1.00,1,2.00,0,3.00,2.00,1,2.00,0.00,0.00,2.00,1,2.00,2.00,0.00,0.00,,3025,56,77.78,77.78,83.33,83.33,82.05,82.05,78.79,78.79,100.00,100.00
Thailand,THA,20200517,3.00,1,2.00,0,2.00,1,3.00,1,2.00,0,1.00,1,2.00,0,3.00,2.00,1,2.00,0.00,0.00,2.00,1,2.00,2.00,0.00,0.00,,3028,56,75.93,75.93,79.76,79.76,80.77,80.77,77.27,77.27,100.00,100.00
Thailand,THA,20200518,3.00,1,2.00,0,2.00,1,3.00,1,1.00,0,1.00,1,1.00,1,3.00,2.00,1,2.00,0.00,0.00,2.00,1,2.00,2.00,0.00,0.00,,3028,56,67.59,67.59,75.00,75.00,75.00,75.00,70.45,70.45,100.00,100.00
Thailand,THA,20200519,3.00,1,2.00,1,2.00,1,3.00,1,1.00,0,1.00,1,1.00,1,3.00,2.00,1,2.00,0.00,0.00,2.00,1,2.00,2.00,0.00,0.00,,3031,56,69.44,69.44,78.57,78.57,76.28,76.28,71.97,71.97,100.00,100.00
Thailand,THA,20200520,3.00,1,2.00,1,2.00,1,3.00,1,1.00,0,1.00,1,1.00,1,3.00,2.00,1,2.00,0.00,0.00,2.00,1,2.00,2.00,0.00,0.00,,3034,56,69.44,69.44,78.57,78.57,76.28,76.28,71.97,71.97,100.00,100.00
Thailand,THA,20200521,3.00,1,2.00,1,2.00,1,3.00,1,1.00,0,1.00,1,1.00,1,3.00,2.00,1,2.00,0.00,0.00,2.00,1,2.00,2.00,0.00,0.00,,3034,56,69.44,69.44,78.57,78.57,76.28,76.28,71.97,71.97,100.00,100.00
Thailand,THA,20200522,3.00,1,2.00,1,2.00,1,3.00,1,1.00,0,1.00,1,1.00,1,3.00,2.00,1,2.00,0.00,0.00,2.00,1,2.00,2.00,0.00,0.00,,3037,56,69.44,69.44,78.57,78.57,76.28,76.28,71.97,71.97,100.00,100.00
Thailand,THA,20200523,3.00,1,2.00,1,2.00,1,3.00,1,1.00,0,1.00,1,1.00,1,3.00,2.00,1,2.00,0.00,0.00,2.00,1,2.00,2.00,0.00,0.00,,3040,56,69.44,69.44,78.57,78.57,76.28,76.28,71.97,71.97,100.00,100.00
Thailand,THA,20200524,3.00,1,2.00,1,2.00,1,3.00,1,1.00,0,1.00,1,1.00,1,3.00,2.00,1,2.00,0.00,0.00,2.00,1,2.00,2.00,0.00,0.00,,3040,56,69.44,69.44,78.57,78.57,76.28,76.28,71.97,71.97,100.00,100.00
Thailand,THA,20200525,3.00,1,2.00,1,2.00,1,3.00,1,1.00,0,1.00,1,1.00,1,3.00,2.00,1,2.00,0.00,0.00,2.00,1,2.00,2.00,0.00,0.00,,3042,57,69.44,69.44,78.57,78.57,76.28,76.28,71.97,71.97,100.00,100.00
Thailand,THA,20200526,3.00,1,2.00,1,2.00,1,3.00,1,1.00,0,1.00,1,1.00,1,3.00,2.00,1,2.00,0.00,0.00,2.00,1,2.00,2.00,0.00,0.00,,3042,57,69.44,69.44,78.57,78.57,76.28,76.28,71.97,71.97,100.00,100.00
Thailand,THA,20200527,3.00,1,2.00,1,2.00,1,3.00,1,1.00,0,1.00,1,1.00,1,3.00,2.00,1,2.00,0.00,0.00,2.00,1,2.00,2.00,0.00,0.00,,3045,57,69.44,69.44,78.57,78.57,76.28,76.28,71.97,71.97,100.00,100.00
Thailand,THA,20200528,3.00,1,2.00,1,2.00,1,3.00,1,1.00,0,1.00,1,1.00,1,3.00,2.00,1,2.00,0.00,0.00,2.00,1,2.00,2.00,0.00,0.00,,3054,57,69.44,69.44,78.57,78.57,76.28,76.28,71.97,71.97,100.00,100.00
Thailand,THA,20200529,3.00,1,2.00,1,2.00,1,3.00,1,1.00,0,1.00,1,1.00,1,3.00,2.00,1,2.00,0.00,0.00,2.00,1,2.00,2.00,0.00,0.00,,3065,57,69.44,69.44,78.57,78.57,76.28,76.28,71.97,71.97,100.00,100.00
Thailand,THA,20200530,3.00,1,2.00,1,2.00,1,3.00,1,1.00,0,1.00,1,1.00,1,3.00,2.00,1,2.00,0.00,0.00,2.00,1,2.00,2.00,0.00,0.00,,3076,57,69.44,69.44,78.57,78.57,76.28,76.28,71.97,71.97,100.00,100.00
Thailand,THA,20200531,3.00,1,2.00,1,2.00,1,3.00,1,1.00,0,1.00,1,1.00,1,3.00,2.00,1,2.00,58000000000.00,0.00,2.00,1,2.00,2.00,19354778041.00,0.00,,3081,57,69.44,69.44,78.57,78.57,76.28,76.28,71.97,71.97,100.00,100.00
Thailand,THA,20200601,3.00,1,2.00,1,2.00,1,3.00,1,1.00,0,1.00,1,1.00,1,3.00,2.00,1,2.00,0.00,0.00,2.00,1,2.00,2.00,0.00,0.00,,3081,57,69.44,69.44,78.57,78.57,76.28,76.28,71.97,71.97,100.00,100.00
Thailand,THA,20200602,3.00,1,2.00,1,2.00,1,3.00,1,1.00,0,1.00,1,1.00,1,3.00,2.00,1,2.00,0.00,0.00,2.00,1,2.00,2.00,0.00,0.00,,3082,57,69.44,69.44,78.57,78.57,76.28,76.28,71.97,71.97,100.00,100.00
Thailand,THA,20200603,3.00,1,2.00,1,2.00,1,3.00,1,1.00,0,1.00,1,1.00,1,3.00,2.00,1,2.00,0.00,0.00,2.00,1,2.00,2.00,0.00,0.00,,3083,58,69.44,69.44,78.57,78.57,76.28,76.28,71.97,71.97,100.00,100.00
Thailand,THA,20200604,3.00,1,2.00,1,2.00,1,3.00,1,1.00,0,1.00,1,1.00,1,3.00,2.00,1,2.00,0.00,0.00,2.00,1,2.00,2.00,0.00,0.00,,3101,58,69.44,69.44,78.57,78.57,76.28,76.28,71.97,71.97,100.00,100.00
Thailand,THA,20200605,3.00,1,2.00,1,2.00,1,3.00,1,1.00,0,1.00,1,1.00,1,3.00,2.00,1,2.00,0.00,0.00,2.00,1,2.00,2.00,0.00,0.00,,3102,58,69.44,69.44,78.57,78.57,76.28,76.28,71.97,71.97,100.00,100.00
Thailand,THA,20200606,3.00,1,1.00,1,1.00,1,2.00,1,1.00,0,1.00,1,1.00,1,3.00,2.00,1,2.00,0.00,0.00,2.00,1,2.00,2.00,0.00,0.00,,3104,58,57.41,57.41,70.24,70.24,67.95,67.95,62.12,62.12,100.00,100.00
Thailand,THA,20200607,3.00,1,1.00,1,1.00,1,2.00,1,1.00,0,1.00,1,1.00,1,3.00,2.00,1,2.00,0.00,0.00,2.00,1,2.00,2.00,0.00,0.00,,3112,58,57.41,57.41,70.24,70.24,67.95,67.95,62.12,62.12,100.00,100.00
Thailand,THA,20200608,3.00,1,1.00,1,1.00,1,2.00,1,1.00,0,1.00,1,1.00,1,3.00,2.00,1,2.00,0.00,0.00,2.00,1,2.00,2.00,0.00,0.00,,3119,58,57.41,57.41,70.24,70.24,67.95,67.95,62.12,62.12,100.00,100.00
Thailand,THA,20200609,3.00,1,1.00,1,1.00,1,2.00,1,1.00,0,1.00,1,1.00,1,3.00,2.00,1,2.00,0.00,0.00,2.00,1,2.00,2.00,0.00,0.00,,3119,58,57.41,57.41,70.24,70.24,67.95,67.95,62.12,62.12,100.00,100.00
Thailand,THA,20200610,3.00,1,1.00,1,1.00,1,2.00,1,1.00,0,1.00,1,1.00,1,3.00,2.00,1,2.00,0.00,0.00,2.00,1,2.00,2.00,0.00,0.00,,3125,58,57.41,57.41,70.24,70.24,67.95,67.95,62.12,62.12,100.00,100.00
Thailand,THA,20200611,3.00,1,1.00,1,1.00,1,2.00,1,1.00,0,1.00,1,1.00,1,3.00,2.00,1,2.00,0.00,0.00,2.00,1,2.00,2.00,0.00,0.00,,3125,58,57.41,57.41,70.24,70.24,67.95,67.95,62.12,62.12,100.00,100.00
Thailand,THA,20200612,3.00,1,1.00,1,1.00,1,2.00,1,1.00,0,1.00,1,1.00,1,3.00,2.00,1,2.00,0.00,0.00,2.00,1,2.00,2.00,0.00,0.00,,3125,58,57.41,57.41,70.24,70.24,67.95,67.95,62.12,62.12,100.00,100.00
Thailand,THA,20200613,3.00,1,1.00,1,1.00,1,2.00,1,1.00,0,1.00,1,1.00,1,3.00,2.00,1,2.00,0.00,0.00,2.00,1,2.00,2.00,0.00,0.00,,3129,58,57.41,57.41,70.24,70.24,67.95,67.95,62.12,62.12,100.00,100.00
Thailand,THA,20200614,,,,,,,,,,,,,,,,,,,,,,,,,,,,3134,58,,,,,,,,,,
Thailand,THA,20200615,,,,,,,,,,,,,,,,,,,,,,,,,,,,3135,58,,,,,,,,,,
Thailand,THA,20200616,,,,,,,,,,,,,,,,,,,,,,,,,,,,3135,58,,,,,,,,,,
Thailand,THA,20200617,,,,,,,,,,,,,,,,,,,,,,,,,,,,3135,58,,57.41,,70.24,,67.95,,62.12,,100.00
Thailand,THA,20200618,,,,,,,,,,,,,,,,,,,,,,,,,,,,3141,58,,57.41,,70.24,,67.95,,62.12,,100.00
Thailand,THA,20200619,,,,,,,,,,,,,,,,,,,,,,,,,,,,3141,58,,57.41,,70.24,,67.95,,62.12,,100.00
Thailand,THA,20200620,,,,,,,,,,,,,,,,,,,,,,,,,,,,3146,58,,57.41,,70.24,,67.95,,62.12,,100.00
Thailand,THA,20200621,,,,,,,,,,,,,,,,,,,,,,,,,,,,3147,58,,57.41,,70.24,,67.95,,62.12,,100.00
Thailand,THA,20200622,,,,,,,,,,,,,,,,,,,,,,,,,,,,3148,58,,57.41,,70.24,,67.95,,62.12,,100.00
Thailand,THA,20200623,,,,,,,,,,,,,,,,,,,,,,,,,,,,3151,58,,57.41,,70.24,,67.95,,62.12,,100.00
