Timor-Leste,TLS,20200101,0.00,,0.00,,0.00,,0.00,,0.00,,0.00,,0.00,,0.00,0.00,,0.00,0.00,0.00,0.00,,0.00,0.00,0.00,0.00,,,,0.00,0.00,0.00,0.00,0.00,0.00,0.00,0.00,0.00,0.00
Timor-Leste,TLS,20200102,0.00,,0.00,,0.00,,0.00,,0.00,,0.00,,0.00,,0.00,0.00,,0.00,0.00,0.00,0.00,,0.00,0.00,0.00,0.00,,,,0.00,0.00,0.00,0.00,0.00,0.00,0.00,0.00,0.00,0.00
Timor-Leste,TLS,20200103,0.00,,0.00,,0.00,,0.00,,0.00,,0.00,,0.00,,0.00,0.00,,0.00,0.00,0.00,0.00,,0.00,0.00,0.00,0.00,,,,0.00,0.00,0.00,0.00,0.00,0.00,0.00,0.00,0.00,0.00
Timor-Leste,TLS,20200104,0.00,,0.00,,0.00,,0.00,,0.00,,0.00,,0.00,,0.00,0.00,,0.00,0.00,0.00,0.00,,0.00,0.00,0.00,0.00,,,,0.00,0.00,0.00,0.00,0.00,0.00,0.00,0.00,0.00,0.00
Timor-Leste,TLS,20200105,0.00,,0.00,,0.00,,0.00,,0.00,,0.00,,0.00,,0.00,0.00,,0.00,0.00,0.00,0.00,,0.00,0.00,0.00,0.00,,,,0.00,0.00,0.00,0.00,0.00,0.00,0.00,0.00,0.00,0.00
Timor-Leste,TLS,20200106,0.00,,0.00,,0.00,,0.00,,0.00,,0.00,,0.00,,0.00,0.00,,0.00,0.00,0.00,0.00,,0.00,0.00,0.00,0.00,,,,0.00,0.00,0.00,0.00,0.00,0.00,0.00,0.00,0.00,0.00
Timor-Leste,TLS,20200107,0.00,,0.00,,0.00,,0.00,,0.00,,0.00,,0.00,,0.00,0.00,,0.00,0.00,0.00,0.00,,0.00,0.00,0.00,0.00,,,,0.00,0.00,0.00,0.00,0.00,0.00,0.00,0.00,0.00,0.00
Timor-Leste,TLS,20200108,0.00,,0.00,,0.00,,0.00,,0.00,,0.00,,0.00,,0.00,0.00,,0.00,0.00,0.00,0.00,,0.00,0.00,0.00,0.00,,,,0.00,0.00,0.00,0.00,0.00,0.00,0.00,0.00,0.00,0.00
Timor-Leste,TLS,20200109,0.00,,0.00,,0.00,,0.00,,0.00,,0.00,,0.00,,0.00,0.00,,0.00,0.00,0.00,0.00,,0.00,0.00,0.00,0.00,,,,0.00,0.00,0.00,0.00,0.00,0.00,0.00,0.00,0.00,0.00
Timor-Leste,TLS,20200110,0.00,,0.00,,0.00,,0.00,,0.00,,0.00,,0.00,,0.00,0.00,,0.00,0.00,0.00,0.00,,0.00,0.00,0.00,0.00,,,,0.00,0.00,0.00,0.00,0.00,0.00,0.00,0.00,0.00,0.00
Timor-Leste,TLS,20200111,0.00,,0.00,,0.00,,0.00,,0.00,,0.00,,0.00,,0.00,0.00,,0.00,0.00,0.00,0.00,,0.00,0.00,0.00,0.00,,,,0.00,0.00,0.00,0.00,0.00,0.00,0.00,0.00,0.00,0.00
Timor-Leste,TLS,20200112,0.00,,0.00,,0.00,,0.00,,0.00,,0.00,,0.00,,0.00,0.00,,0.00,0.00,0.00,0.00,,0.00,0.00,0.00,0.00,,,,0.00,0.00,0.00,0.00,0.00,0.00,0.00,0.00,0.00,0.00
Timor-Leste,TLS,20200113,0.00,,0.00,,0.00,,0.00,,0.00,,0.00,,0.00,,0.00,0.00,,0.00,0.00,0.00,0.00,,0.00,0.00,0.00,0.00,,,,0.00,0.00,0.00,0.00,0.00,0.00,0.00,0.00,0.00,0.00
Timor-Leste,TLS,20200114,0.00,,0.00,,0.00,,0.00,,0.00,,0.00,,0.00,,0.00,0.00,,0.00,0.00,0.00,0.00,,0.00,0.00,0.00,0.00,,,,0.00,0.00,0.00,0.00,0.00,0.00,0.00,0.00,0.00,0.00
Timor-Leste,TLS,20200115,0.00,,0.00,,0.00,,0.00,,0.00,,0.00,,0.00,,0.00,0.00,,0.00,0.00,0.00,0.00,,0.00,0.00,0.00,0.00,,,,0.00,0.00,0.00,0.00,0.00,0.00,0.00,0.00,0.00,0.00
Timor-Leste,TLS,20200116,0.00,,0.00,,0.00,,0.00,,0.00,,0.00,,0.00,,0.00,0.00,,0.00,0.00,0.00,0.00,,0.00,0.00,0.00,0.00,,,,0.00,0.00,0.00,0.00,0.00,0.00,0.00,0.00,0.00,0.00
Timor-Leste,TLS,20200117,0.00,,0.00,,0.00,,0.00,,0.00,,0.00,,0.00,,0.00,0.00,,0.00,0.00,0.00,0.00,,0.00,0.00,0.00,0.00,,,,0.00,0.00,0.00,0.00,0.00,0.00,0.00,0.00,0.00,0.00
Timor-Leste,TLS,20200118,0.00,,0.00,,0.00,,0.00,,0.00,,0.00,,0.00,,0.00,0.00,,0.00,0.00,0.00,0.00,,0.00,0.00,0.00,0.00,,,,0.00,0.00,0.00,0.00,0.00,0.00,0.00,0.00,0.00,0.00
Timor-Leste,TLS,20200119,0.00,,0.00,,0.00,,0.00,,0.00,,0.00,,0.00,,0.00,0.00,,0.00,0.00,0.00,0.00,,0.00,0.00,0.00,0.00,,,,0.00,0.00,0.00,0.00,0.00,0.00,0.00,0.00,0.00,0.00
Timor-Leste,TLS,20200120,0.00,,0.00,,0.00,,0.00,,0.00,,0.00,,0.00,,0.00,0.00,,0.00,0.00,0.00,0.00,,0.00,0.00,0.00,0.00,,,,0.00,0.00,0.00,0.00,0.00,0.00,0.00,0.00,0.00,0.00
Timor-Leste,TLS,20200121,0.00,,0.00,,0.00,,0.00,,0.00,,0.00,,0.00,,0.00,0.00,,0.00,0.00,0.00,0.00,,0.00,0.00,0.00,0.00,,,,0.00,0.00,0.00,0.00,0.00,0.00,0.00,0.00,0.00,0.00
Timor-Leste,TLS,20200122,0.00,,0.00,,0.00,,0.00,,0.00,,0.00,,0.00,,0.00,0.00,,0.00,0.00,0.00,0.00,,0.00,0.00,0.00,0.00,,,,0.00,0.00,0.00,0.00,0.00,0.00,0.00,0.00,0.00,0.00
Timor-Leste,TLS,20200123,0.00,,0.00,,0.00,,0.00,,0.00,,0.00,,0.00,,0.00,0.00,,0.00,0.00,0.00,0.00,,0.00,0.00,0.00,0.00,,,,0.00,0.00,0.00,0.00,0.00,0.00,0.00,0.00,0.00,0.00
Timor-Leste,TLS,20200124,0.00,,0.00,,0.00,,0.00,,0.00,,0.00,,0.00,,0.00,0.00,,0.00,0.00,0.00,0.00,,0.00,0.00,0.00,0.00,,,,0.00,0.00,0.00,0.00,0.00,0.00,0.00,0.00,0.00,0.00
Timor-Leste,TLS,20200125,0.00,,0.00,,0.00,,0.00,,0.00,,0.00,,0.00,,0.00,0.00,,0.00,0.00,0.00,0.00,,0.00,0.00,0.00,0.00,,,,0.00,0.00,0.00,0.00,0.00,0.00,0.00,0.00,0.00,0.00
Timor-Leste,TLS,20200126,0.00,,0.00,,0.00,,0.00,,0.00,,0.00,,0.00,,0.00,0.00,,0.00,0.00,0.00,0.00,,0.00,0.00,0.00,0.00,,,,0.00,0.00,0.00,0.00,0.00,0.00,0.00,0.00,0.00,0.00
Timor-Leste,TLS,20200127,0.00,,0.00,,0.00,,0.00,,0.00,,0.00,,0.00,,0.00,0.00,,0.00,0.00,0.00,0.00,,0.00,0.00,0.00,0.00,,,,0.00,0.00,0.00,0.00,0.00,0.00,0.00,0.00,0.00,0.00
Timor-Leste,TLS,20200128,0.00,,0.00,,0.00,,0.00,,0.00,,0.00,,0.00,,0.00,0.00,,0.00,0.00,0.00,0.00,,0.00,0.00,0.00,0.00,,,,0.00,0.00,0.00,0.00,0.00,0.00,0.00,0.00,0.00,0.00
Timor-Leste,TLS,20200129,0.00,,0.00,,0.00,,0.00,,0.00,,0.00,,0.00,,0.00,0.00,,0.00,0.00,0.00,0.00,,0.00,0.00,0.00,0.00,,,,0.00,0.00,0.00,0.00,0.00,0.00,0.00,0.00,0.00,0.00
Timor-Leste,TLS,20200130,0.00,,0.00,,0.00,,0.00,,0.00,,0.00,,0.00,,0.00,0.00,,0.00,0.00,0.00,1.00,1,0.00,0.00,0.00,0.00,,,,5.56,5.56,9.52,9.52,3.85,3.85,4.55,4.55,0.00,0.00
Timor-Leste,TLS,20200131,0.00,,0.00,,0.00,,0.00,,0.00,,0.00,,0.00,,0.00,0.00,,0.00,0.00,0.00,1.00,1,0.00,0.00,0.00,0.00,,,,5.56,5.56,9.52,9.52,3.85,3.85,4.55,4.55,0.00,0.00
Timor-Leste,TLS,20200201,0.00,,0.00,,0.00,,0.00,,0.00,,0.00,,0.00,,0.00,0.00,,0.00,0.00,0.00,1.00,1,0.00,0.00,0.00,0.00,,,,5.56,5.56,9.52,9.52,3.85,3.85,4.55,4.55,0.00,0.00
Timor-Leste,TLS,20200202,0.00,,0.00,,0.00,,0.00,,0.00,,0.00,,0.00,,0.00,0.00,,0.00,0.00,0.00,1.00,1,0.00,0.00,0.00,0.00,,,,5.56,5.56,9.52,9.52,3.85,3.85,4.55,4.55,0.00,0.00
Timor-Leste,TLS,20200203,0.00,,0.00,,0.00,,0.00,,0.00,,0.00,,0.00,,1.00,0.00,,0.00,0.00,0.00,1.00,1,0.00,0.00,0.00,0.00,,,,8.33,8.33,13.10,13.10,5.77,5.77,6.82,6.82,0.00,0.00
Timor-Leste,TLS,20200204,0.00,,0.00,,0.00,,0.00,,0.00,,0.00,,0.00,,1.00,0.00,,0.00,0.00,0.00,1.00,1,0.00,0.00,0.00,0.00,,,,8.33,8.33,13.10,13.10,5.77,5.77,6.82,6.82,0.00,0.00
Timor-Leste,TLS,20200205,0.00,,0.00,,0.00,,0.00,,0.00,,0.00,,0.00,,1.00,0.00,,0.00,0.00,0.00,1.00,1,0.00,0.00,0.00,0.00,,,,8.33,8.33,13.10,13.10,5.77,5.77,6.82,6.82,0.00,0.00
Timor-Leste,TLS,20200206,0.00,,0.00,,0.00,,0.00,,0.00,,0.00,,0.00,,1.00,0.00,,0.00,0.00,0.00,1.00,1,0.00,0.00,0.00,0.00,,,,8.33,8.33,13.10,13.10,5.77,5.77,6.82,6.82,0.00,0.00
Timor-Leste,TLS,20200207,0.00,,0.00,,0.00,,0.00,,0.00,,0.00,,0.00,,2.00,0.00,,0.00,0.00,0.00,1.00,1,0.00,0.00,0.00,0.00,,,,11.11,11.11,16.67,16.67,7.69,7.69,9.09,9.09,0.00,0.00
Timor-Leste,TLS,20200208,0.00,,0.00,,0.00,,0.00,,0.00,,0.00,,0.00,,2.00,0.00,,0.00,0.00,0.00,1.00,1,0.00,0.00,0.00,0.00,,,,11.11,11.11,16.67,16.67,7.69,7.69,9.09,9.09,0.00,0.00
Timor-Leste,TLS,20200209,0.00,,0.00,,0.00,,0.00,,0.00,,0.00,,0.00,,2.00,0.00,,0.00,0.00,0.00,1.00,1,0.00,0.00,0.00,0.00,,,,11.11,11.11,16.67,16.67,7.69,7.69,9.09,9.09,0.00,0.00
Timor-Leste,TLS,20200210,0.00,,0.00,,0.00,,0.00,,0.00,,0.00,,0.00,,2.00,0.00,,0.00,0.00,0.00,1.00,1,0.00,0.00,0.00,0.00,,,,11.11,11.11,16.67,16.67,7.69,7.69,9.09,9.09,0.00,0.00
Timor-Leste,TLS,20200211,0.00,,0.00,,0.00,,0.00,,0.00,,0.00,,0.00,,2.00,0.00,,0.00,0.00,0.00,1.00,1,0.00,0.00,0.00,0.00,,,,11.11,11.11,16.67,16.67,7.69,7.69,9.09,9.09,0.00,0.00
Timor-Leste,TLS,20200212,0.00,,0.00,,0.00,,0.00,,0.00,,0.00,,0.00,,2.00,0.00,,0.00,0.00,0.00,1.00,1,0.00,0.00,0.00,0.00,,,,11.11,11.11,16.67,16.67,7.69,7.69,9.09,9.09,0.00,0.00
Timor-Leste,TLS,20200213,0.00,,0.00,,0.00,,0.00,,0.00,,0.00,,0.00,,2.00,0.00,,0.00,0.00,0.00,1.00,1,0.00,0.00,0.00,0.00,,,,11.11,11.11,16.67,16.67,7.69,7.69,9.09,9.09,0.00,0.00
Timor-Leste,TLS,20200214,0.00,,0.00,,0.00,,0.00,,0.00,,0.00,,0.00,,2.00,0.00,,0.00,0.00,0.00,1.00,1,0.00,0.00,0.00,0.00,,,,11.11,11.11,16.67,16.67,7.69,7.69,9.09,9.09,0.00,0.00
Timor-Leste,TLS,20200215,0.00,,0.00,,0.00,,0.00,,0.00,,0.00,,0.00,,2.00,0.00,,0.00,0.00,0.00,1.00,1,0.00,0.00,0.00,0.00,,,,11.11,11.11,16.67,16.67,7.69,7.69,9.09,9.09,0.00,0.00
Timor-Leste,TLS,20200216,0.00,,0.00,,0.00,,0.00,,0.00,,0.00,,0.00,,2.00,0.00,,0.00,0.00,0.00,1.00,1,0.00,0.00,0.00,0.00,,,,11.11,11.11,16.67,16.67,7.69,7.69,9.09,9.09,0.00,0.00
Timor-Leste,TLS,20200217,0.00,,0.00,,0.00,,0.00,,0.00,,0.00,,0.00,,2.00,0.00,,0.00,0.00,0.00,1.00,1,0.00,0.00,0.00,0.00,,,,11.11,11.11,16.67,16.67,7.69,7.69,9.09,9.09,0.00,0.00
Timor-Leste,TLS,20200218,0.00,,0.00,,0.00,,0.00,,0.00,,0.00,,0.00,,2.00,0.00,,0.00,0.00,0.00,1.00,1,0.00,0.00,0.00,0.00,,,,11.11,11.11,16.67,16.67,7.69,7.69,9.09,9.09,0.00,0.00
Timor-Leste,TLS,20200219,0.00,,0.00,,0.00,,0.00,,0.00,,0.00,,0.00,,2.00,0.00,,0.00,0.00,0.00,1.00,1,0.00,0.00,0.00,0.00,,,,11.11,11.11,16.67,16.67,7.69,7.69,9.09,9.09,0.00,0.00
Timor-Leste,TLS,20200220,0.00,,0.00,,0.00,,0.00,,0.00,,0.00,,0.00,,2.00,0.00,,0.00,0.00,0.00,1.00,1,0.00,0.00,0.00,0.00,,,,11.11,11.11,16.67,16.67,7.69,7.69,9.09,9.09,0.00,0.00
Timor-Leste,TLS,20200221,0.00,,0.00,,0.00,,0.00,,0.00,,0.00,,0.00,,2.00,0.00,,0.00,0.00,0.00,1.00,1,0.00,0.00,0.00,0.00,,,,11.11,11.11,16.67,16.67,7.69,7.69,9.09,9.09,0.00,0.00
Timor-Leste,TLS,20200222,0.00,,0.00,,0.00,,0.00,,0.00,,0.00,,0.00,,2.00,0.00,,0.00,0.00,0.00,1.00,1,0.00,0.00,0.00,0.00,,,,11.11,11.11,16.67,16.67,7.69,7.69,9.09,9.09,0.00,0.00
Timor-Leste,TLS,20200223,0.00,,0.00,,0.00,,0.00,,0.00,,0.00,,0.00,,2.00,0.00,,0.00,0.00,0.00,1.00,1,0.00,0.00,0.00,0.00,,,,11.11,11.11,16.67,16.67,7.69,7.69,9.09,9.09,0.00,0.00
Timor-Leste,TLS,20200224,0.00,,0.00,,0.00,,0.00,,0.00,,0.00,,0.00,,2.00,0.00,,0.00,0.00,0.00,1.00,1,0.00,0.00,0.00,0.00,,,,11.11,11.11,16.67,16.67,7.69,7.69,9.09,9.09,0.00,0.00
Timor-Leste,TLS,20200225,0.00,,0.00,,0.00,,0.00,,0.00,,0.00,,0.00,,2.00,0.00,,0.00,0.00,0.00,1.00,1,0.00,0.00,0.00,0.00,,,,11.11,11.11,16.67,16.67,7.69,7.69,9.09,9.09,0.00,0.00
Timor-Leste,TLS,20200226,0.00,,0.00,,0.00,,0.00,,0.00,,0.00,,0.00,,2.00,0.00,,0.00,0.00,0.00,1.00,1,0.00,0.00,0.00,0.00,,,,11.11,11.11,16.67,16.67,7.69,7.69,9.09,9.09,0.00,0.00
Timor-Leste,TLS,20200227,0.00,,0.00,,0.00,,0.00,,0.00,,0.00,,0.00,,2.00,0.00,,0.00,0.00,0.00,1.00,1,0.00,0.00,0.00,0.00,,,,11.11,11.11,16.67,16.67,7.69,7.69,9.09,9.09,0.00,0.00
Timor-Leste,TLS,20200228,0.00,,0.00,,0.00,,0.00,,0.00,,0.00,,0.00,,2.00,0.00,,0.00,0.00,0.00,1.00,1,0.00,0.00,0.00,0.00,,,,11.11,11.11,16.67,16.67,7.69,7.69,9.09,9.09,0.00,0.00
Timor-Leste,TLS,20200229,0.00,,0.00,,0.00,,0.00,,0.00,,0.00,,0.00,,2.00,0.00,,0.00,0.00,0.00,1.00,1,0.00,0.00,0.00,0.00,,,,11.11,11.11,16.67,16.67,7.69,7.69,9.09,9.09,0.00,0.00
Timor-Leste,TLS,20200301,0.00,,0.00,,0.00,,0.00,,0.00,,0.00,,0.00,,2.00,0.00,,0.00,0.00,0.00,1.00,1,0.00,0.00,0.00,0.00,,,,11.11,11.11,16.67,16.67,7.69,7.69,9.09,9.09,0.00,0.00
Timor-Leste,TLS,20200302,0.00,,0.00,,0.00,,0.00,,0.00,,0.00,,0.00,,2.00,0.00,,0.00,0.00,0.00,1.00,1,0.00,0.00,0.00,0.00,,,,11.11,11.11,16.67,16.67,7.69,7.69,9.09,9.09,0.00,0.00
Timor-Leste,TLS,20200303,0.00,,0.00,,0.00,,0.00,,0.00,,0.00,,0.00,,2.00,0.00,,0.00,0.00,0.00,1.00,1,0.00,2.00,0.00,0.00,,,,11.11,11.11,16.67,16.67,15.38,15.38,18.18,18.18,0.00,0.00
Timor-Leste,TLS,20200304,0.00,,0.00,,0.00,,0.00,,0.00,,0.00,,0.00,,2.00,0.00,,0.00,0.00,0.00,1.00,1,0.00,2.00,0.00,0.00,,,,11.11,11.11,16.67,16.67,15.38,15.38,18.18,18.18,0.00,0.00
Timor-Leste,TLS,20200305,0.00,,0.00,,0.00,,0.00,,0.00,,0.00,,0.00,,2.00,0.00,,0.00,0.00,0.00,1.00,1,0.00,2.00,0.00,0.00,,,,11.11,11.11,16.67,16.67,15.38,15.38,18.18,18.18,0.00,0.00
Timor-Leste,TLS,20200306,0.00,,0.00,,0.00,,0.00,,0.00,,0.00,,0.00,,2.00,0.00,,0.00,0.00,0.00,1.00,1,0.00,2.00,0.00,0.00,,,,11.11,11.11,16.67,16.67,15.38,15.38,18.18,18.18,0.00,0.00
Timor-Leste,TLS,20200307,0.00,,0.00,,0.00,,0.00,,0.00,,0.00,,0.00,,2.00,0.00,,0.00,0.00,0.00,1.00,1,0.00,2.00,0.00,0.00,,,,11.11,11.11,16.67,16.67,15.38,15.38,18.18,18.18,0.00,0.00
Timor-Leste,TLS,20200308,0.00,,0.00,,0.00,,0.00,,0.00,,0.00,,0.00,,2.00,0.00,,0.00,0.00,0.00,1.00,1,0.00,2.00,0.00,0.00,,,,11.11,11.11,16.67,16.67,15.38,15.38,18.18,18.18,0.00,0.00
Timor-Leste,TLS,20200309,0.00,,0.00,,0.00,,0.00,,0.00,,0.00,,0.00,,2.00,0.00,,0.00,0.00,0.00,1.00,1,0.00,2.00,0.00,0.00,,,,11.11,11.11,16.67,16.67,15.38,15.38,18.18,18.18,0.00,0.00
Timor-Leste,TLS,20200310,0.00,,0.00,,0.00,,0.00,,0.00,,0.00,,0.00,,2.00,0.00,,0.00,0.00,0.00,1.00,1,2.00,2.00,0.00,0.00,,,,11.11,11.11,16.67,16.67,20.51,20.51,24.24,24.24,0.00,0.00
Timor-Leste,TLS,20200311,0.00,,0.00,,0.00,,0.00,,0.00,,0.00,,0.00,,2.00,0.00,,0.00,0.00,0.00,1.00,1,2.00,2.00,0.00,0.00,,,,11.11,11.11,16.67,16.67,20.51,20.51,24.24,24.24,0.00,0.00
Timor-Leste,TLS,20200312,0.00,,0.00,,0.00,,0.00,,0.00,,0.00,,0.00,,2.00,0.00,,0.00,0.00,0.00,1.00,1,2.00,2.00,0.00,0.00,,,,11.11,11.11,16.67,16.67,20.51,20.51,24.24,24.24,0.00,0.00
Timor-Leste,TLS,20200313,0.00,,0.00,,0.00,,0.00,,0.00,,0.00,,0.00,,2.00,0.00,,0.00,0.00,0.00,1.00,1,2.00,2.00,0.00,0.00,,,,11.11,11.11,16.67,16.67,20.51,20.51,24.24,24.24,0.00,0.00
Timor-Leste,TLS,20200314,0.00,,0.00,,0.00,,0.00,,0.00,,0.00,,0.00,,2.00,0.00,,0.00,0.00,0.00,1.00,1,2.00,2.00,0.00,0.00,,,,11.11,11.11,16.67,16.67,20.51,20.51,24.24,24.24,0.00,0.00
Timor-Leste,TLS,20200315,0.00,,0.00,,0.00,,0.00,,0.00,,0.00,,0.00,,2.00,0.00,,0.00,0.00,0.00,1.00,1,2.00,2.00,0.00,0.00,,,,11.11,11.11,16.67,16.67,20.51,20.51,24.24,24.24,0.00,0.00
Timor-Leste,TLS,20200316,0.00,,0.00,,0.00,,0.00,,0.00,,0.00,,0.00,,2.00,0.00,,0.00,0.00,0.00,1.00,1,2.00,2.00,0.00,0.00,,,,11.11,11.11,16.67,16.67,20.51,20.51,24.24,24.24,0.00,0.00
Timor-Leste,TLS,20200317,0.00,,0.00,,0.00,,0.00,,0.00,,0.00,,0.00,,2.00,0.00,,0.00,0.00,0.00,1.00,1,2.00,2.00,0.00,0.00,,,,11.11,11.11,16.67,16.67,20.51,20.51,24.24,24.24,0.00,0.00
Timor-Leste,TLS,20200318,0.00,,0.00,,0.00,,0.00,,0.00,,0.00,,0.00,,2.00,0.00,,0.00,0.00,0.00,1.00,1,2.00,2.00,0.00,0.00,,,,11.11,11.11,16.67,16.67,20.51,20.51,24.24,24.24,0.00,0.00
Timor-Leste,TLS,20200319,0.00,,0.00,,0.00,,0.00,,0.00,,0.00,,0.00,,2.00,0.00,,0.00,0.00,0.00,1.00,1,2.00,2.00,0.00,0.00,,,,11.11,11.11,16.67,16.67,20.51,20.51,24.24,24.24,0.00,0.00
Timor-Leste,TLS,20200320,0.00,,0.00,,0.00,,0.00,,0.00,,0.00,,0.00,,3.00,0.00,,0.00,0.00,0.00,1.00,1,2.00,2.00,0.00,0.00,,,,13.89,13.89,20.24,20.24,22.44,22.44,26.52,26.52,0.00,0.00
Timor-Leste,TLS,20200321,0.00,,0.00,,0.00,,0.00,,0.00,,0.00,,0.00,,3.00,0.00,,0.00,0.00,0.00,1.00,1,2.00,2.00,0.00,0.00,,,,13.89,13.89,20.24,20.24,22.44,22.44,26.52,26.52,0.00,0.00
Timor-Leste,TLS,20200322,0.00,,0.00,,0.00,,0.00,,0.00,,0.00,,0.00,,3.00,0.00,,0.00,0.00,0.00,1.00,1,2.00,2.00,0.00,0.00,,1,0,13.89,13.89,20.24,20.24,22.44,22.44,26.52,26.52,0.00,0.00
Timor-Leste,TLS,20200323,3.00,1,0.00,,0.00,,0.00,,0.00,,0.00,,0.00,,3.00,0.00,,0.00,0.00,0.00,2.00,1,2.00,2.00,0.00,0.00,,1,0,30.56,30.56,39.29,39.29,33.97,33.97,40.15,40.15,0.00,0.00
Timor-Leste,TLS,20200324,3.00,1,0.00,,0.00,,0.00,,0.00,,0.00,,0.00,,3.00,0.00,,0.00,0.00,0.00,2.00,1,2.00,2.00,0.00,0.00,,1,0,30.56,30.56,39.29,39.29,33.97,33.97,40.15,40.15,0.00,0.00
Timor-Leste,TLS,20200325,3.00,1,0.00,,0.00,,0.00,,0.00,,0.00,,0.00,,3.00,0.00,,0.00,0.00,0.00,2.00,1,2.00,2.00,0.00,0.00,,1,0,30.56,30.56,39.29,39.29,33.97,33.97,40.15,40.15,0.00,0.00
Timor-Leste,TLS,20200326,3.00,1,0.00,,0.00,,0.00,,0.00,,0.00,,0.00,,3.00,0.00,,0.00,0.00,0.00,2.00,1,2.00,2.00,0.00,0.00,,1,0,30.56,30.56,39.29,39.29,33.97,33.97,40.15,40.15,0.00,0.00
Timor-Leste,TLS,20200327,3.00,1,0.00,,0.00,,0.00,,0.00,,0.00,,0.00,,3.00,0.00,,0.00,0.00,0.00,2.00,1,2.00,2.00,0.00,0.00,,1,0,30.56,30.56,39.29,39.29,33.97,33.97,40.15,40.15,0.00,0.00
Timor-Leste,TLS,20200328,3.00,1,2.00,1,2.00,1,4.00,1,2.00,1,1.00,1,0.00,,3.00,0.00,,0.00,0.00,0.00,2.00,1,2.00,2.00,0.00,0.00,,1,0,75.00,75.00,85.71,85.71,64.74,64.74,76.52,76.52,0.00,0.00
Timor-Leste,TLS,20200329,3.00,1,2.00,1,2.00,1,4.00,1,2.00,1,1.00,1,0.00,,3.00,0.00,,0.00,0.00,0.00,2.00,1,2.00,2.00,0.00,0.00,,1,0,75.00,75.00,85.71,85.71,64.74,64.74,76.52,76.52,0.00,0.00
Timor-Leste,TLS,20200330,3.00,1,2.00,1,2.00,1,4.00,1,2.00,1,1.00,1,0.00,,3.00,0.00,,1.00,0.00,0.00,2.00,1,2.00,2.00,0.00,0.00,,1,0,75.00,75.00,85.71,85.71,68.59,68.59,76.52,76.52,25.00,25.00
Timor-Leste,TLS,20200331,3.00,1,2.00,1,2.00,1,4.00,1,2.00,1,1.00,1,0.00,,3.00,0.00,,1.00,0.00,0.00,2.00,1,2.00,2.00,0.00,0.00,,1,0,75.00,75.00,85.71,85.71,68.59,68.59,76.52,76.52,25.00,25.00
Timor-Leste,TLS,20200401,3.00,1,2.00,1,2.00,1,4.00,1,2.00,1,1.00,1,0.00,,3.00,0.00,,1.00,0.00,0.00,2.00,1,2.00,2.00,0.00,0.00,,1,0,75.00,75.00,85.71,85.71,68.59,68.59,76.52,76.52,25.00,25.00
Timor-Leste,TLS,20200402,3.00,1,2.00,1,2.00,1,4.00,1,2.00,1,1.00,1,0.00,,3.00,0.00,,1.00,0.00,0.00,2.00,1,2.00,2.00,0.00,0.00,,1,0,75.00,75.00,85.71,85.71,68.59,68.59,76.52,76.52,25.00,25.00
Timor-Leste,TLS,20200403,3.00,1,2.00,1,2.00,1,4.00,1,2.00,1,1.00,1,0.00,,3.00,0.00,,1.00,0.00,0.00,2.00,1,2.00,2.00,0.00,0.00,,1,0,75.00,75.00,85.71,85.71,68.59,68.59,76.52,76.52,25.00,25.00
Timor-Leste,TLS,20200404,3.00,1,2.00,1,2.00,1,4.00,1,2.00,1,1.00,1,0.00,,3.00,0.00,,1.00,0.00,0.00,2.00,1,2.00,2.00,0.00,0.00,,1,0,75.00,75.00,85.71,85.71,68.59,68.59,76.52,76.52,25.00,25.00
Timor-Leste,TLS,20200405,3.00,1,2.00,1,2.00,1,4.00,1,2.00,1,1.00,1,0.00,,3.00,0.00,,1.00,0.00,0.00,2.00,1,2.00,2.00,0.00,0.00,,1,0,75.00,75.00,85.71,85.71,68.59,68.59,76.52,76.52,25.00,25.00
Timor-Leste,TLS,20200406,3.00,1,2.00,1,2.00,1,4.00,1,2.00,1,1.00,1,0.00,,3.00,0.00,,1.00,0.00,0.00,2.00,1,2.00,2.00,0.00,0.00,,1,0,75.00,75.00,85.71,85.71,68.59,68.59,76.52,76.52,25.00,25.00
Timor-Leste,TLS,20200407,3.00,1,2.00,1,2.00,1,4.00,1,2.00,1,1.00,1,0.00,,3.00,0.00,,1.00,86368167.00,0.00,2.00,1,2.00,2.00,63631833.00,0.00,,1,0,75.00,75.00,85.71,85.71,68.59,68.59,76.52,76.52,25.00,25.00
Timor-Leste,TLS,20200408,3.00,1,2.00,1,2.00,1,4.00,1,2.00,1,1.00,1,0.00,,3.00,0.00,,1.00,0.00,0.00,2.00,1,2.00,2.00,0.00,0.00,,1,0,75.00,75.00,85.71,85.71,68.59,68.59,76.52,76.52,25.00,25.00
Timor-Leste,TLS,20200409,3.00,1,2.00,1,2.00,1,4.00,1,2.00,1,1.00,1,0.00,,3.00,0.00,,1.00,0.00,0.00,2.00,1,2.00,2.00,0.00,0.00,,1,0,75.00,75.00,85.71,85.71,68.59,68.59,76.52,76.52,25.00,25.00
Timor-Leste,TLS,20200410,3.00,1,2.00,1,2.00,1,4.00,1,2.00,1,1.00,1,0.00,,3.00,0.00,,1.00,0.00,0.00,2.00,1,2.00,2.00,0.00,0.00,,2,0,75.00,75.00,85.71,85.71,68.59,68.59,76.52,76.52,25.00,25.00
Timor-Leste,TLS,20200411,3.00,1,2.00,1,2.00,1,4.00,1,2.00,1,1.00,1,0.00,,3.00,0.00,,1.00,0.00,0.00,2.00,1,2.00,2.00,0.00,0.00,,2,0,75.00,75.00,85.71,85.71,68.59,68.59,76.52,76.52,25.00,25.00
Timor-Leste,TLS,20200412,3.00,1,2.00,1,2.00,1,4.00,1,2.00,1,1.00,1,0.00,,3.00,0.00,,1.00,0.00,0.00,2.00,1,2.00,2.00,0.00,0.00,,2,0,75.00,75.00,85.71,85.71,68.59,68.59,76.52,76.52,25.00,25.00
Timor-Leste,TLS,20200413,3.00,1,2.00,1,2.00,1,4.00,1,2.00,1,1.00,1,0.00,,4.00,0.00,,1.00,0.00,0.00,2.00,1,2.00,2.00,0.00,0.00,,2,0,77.78,77.78,89.29,89.29,70.51,70.51,78.79,78.79,25.00,25.00
Timor-Leste,TLS,20200414,3.00,1,2.00,1,2.00,1,4.00,1,2.00,1,1.00,1,0.00,,4.00,0.00,,1.00,0.00,0.00,2.00,1,2.00,2.00,0.00,0.00,,4,0,77.78,77.78,89.29,89.29,70.51,70.51,78.79,78.79,25.00,25.00
Timor-Leste,TLS,20200415,3.00,1,2.00,1,2.00,1,4.00,1,2.00,1,1.00,1,0.00,,4.00,0.00,,1.00,0.00,0.00,2.00,1,2.00,2.00,0.00,0.00,,6,0,77.78,77.78,89.29,89.29,70.51,70.51,78.79,78.79,25.00,25.00
Timor-Leste,TLS,20200416,3.00,1,2.00,1,2.00,1,4.00,1,2.00,1,1.00,1,0.00,,4.00,0.00,,1.00,0.00,0.00,2.00,1,2.00,2.00,0.00,0.00,,6,0,77.78,77.78,89.29,89.29,70.51,70.51,78.79,78.79,25.00,25.00
Timor-Leste,TLS,20200417,3.00,1,2.00,1,2.00,1,4.00,1,2.00,1,1.00,1,0.00,,4.00,0.00,,2.00,0.00,0.00,2.00,1,2.00,2.00,0.00,0.00,,18,0,77.78,77.78,89.29,89.29,74.36,74.36,78.79,78.79,50.00,50.00
Timor-Leste,TLS,20200418,3.00,1,2.00,1,2.00,1,4.00,1,2.00,1,1.00,1,0.00,,4.00,0.00,,2.00,0.00,0.00,2.00,1,2.00,2.00,0.00,0.00,,18,0,77.78,77.78,89.29,89.29,74.36,74.36,78.79,78.79,50.00,50.00
Timor-Leste,TLS,20200419,3.00,1,2.00,1,2.00,1,4.00,1,2.00,1,1.00,1,0.00,,4.00,0.00,,2.00,0.00,0.00,2.00,1,2.00,2.00,0.00,0.00,,18,0,77.78,77.78,89.29,89.29,74.36,74.36,78.79,78.79,50.00,50.00
Timor-Leste,TLS,20200420,3.00,1,2.00,1,2.00,1,4.00,1,2.00,1,1.00,1,0.00,,4.00,0.00,,2.00,0.00,0.00,2.00,1,2.00,2.00,0.00,0.00,,19,0,77.78,77.78,89.29,89.29,74.36,74.36,78.79,78.79,50.00,50.00
Timor-Leste,TLS,20200421,3.00,1,2.00,1,2.00,1,4.00,1,2.00,1,1.00,1,0.00,,4.00,0.00,,2.00,0.00,0.00,2.00,1,2.00,2.00,0.00,0.00,,22,0,77.78,77.78,89.29,89.29,74.36,74.36,78.79,78.79,50.00,50.00
Timor-Leste,TLS,20200422,3.00,1,2.00,1,2.00,1,4.00,1,2.00,1,1.00,1,0.00,,4.00,0.00,,2.00,0.00,0.00,2.00,1,2.00,2.00,0.00,0.00,,23,0,77.78,77.78,89.29,89.29,74.36,74.36,78.79,78.79,50.00,50.00
Timor-Leste,TLS,20200423,3.00,1,2.00,1,2.00,1,4.00,1,2.00,1,1.00,1,0.00,,4.00,0.00,,2.00,0.00,0.00,2.00,1,2.00,2.00,0.00,0.00,,23,0,77.78,77.78,89.29,89.29,74.36,74.36,78.79,78.79,50.00,50.00
Timor-Leste,TLS,20200424,3.00,1,2.00,1,2.00,1,4.00,1,2.00,1,1.00,1,0.00,,4.00,0.00,,2.00,0.00,0.00,2.00,1,2.00,2.00,0.00,0.00,,23,0,77.78,77.78,89.29,89.29,74.36,74.36,78.79,78.79,50.00,50.00
Timor-Leste,TLS,20200425,3.00,1,2.00,1,2.00,1,4.00,1,2.00,1,1.00,1,0.00,,4.00,0.00,,2.00,0.00,0.00,2.00,1,2.00,2.00,0.00,0.00,,24,0,77.78,77.78,89.29,89.29,74.36,74.36,78.79,78.79,50.00,50.00
Timor-Leste,TLS,20200426,3.00,1,2.00,1,2.00,1,4.00,1,2.00,1,1.00,1,0.00,,4.00,0.00,,2.00,0.00,0.00,2.00,1,2.00,2.00,0.00,0.00,,24,0,77.78,77.78,89.29,89.29,74.36,74.36,78.79,78.79,50.00,50.00
Timor-Leste,TLS,20200427,3.00,1,2.00,1,2.00,1,4.00,1,2.00,1,1.00,1,0.00,,4.00,0.00,,2.00,0.00,0.00,2.00,1,2.00,2.00,0.00,0.00,,24,0,77.78,77.78,89.29,89.29,74.36,74.36,78.79,78.79,50.00,50.00
Timor-Leste,TLS,20200428,3.00,1,2.00,1,2.00,1,4.00,1,2.00,1,1.00,1,0.00,,4.00,0.00,,2.00,0.00,0.00,2.00,1,2.00,2.00,0.00,0.00,,24,0,77.78,77.78,89.29,89.29,74.36,74.36,78.79,78.79,50.00,50.00
Timor-Leste,TLS,20200429,3.00,1,2.00,1,2.00,1,4.00,1,2.00,1,1.00,1,0.00,,4.00,0.00,,2.00,0.00,0.00,2.00,1,2.00,2.00,0.00,0.00,,24,0,77.78,77.78,89.29,89.29,74.36,74.36,78.79,78.79,50.00,50.00
Timor-Leste,TLS,20200430,3.00,1,2.00,1,2.00,1,4.00,1,0.00,,1.00,1,0.00,,4.00,0.00,,2.00,0.00,0.00,2.00,1,2.00,2.00,0.00,0.00,,24,0,66.67,66.67,75.00,75.00,66.67,66.67,69.70,69.70,50.00,50.00
Timor-Leste,TLS,20200501,3.00,1,2.00,1,2.00,1,4.00,1,0.00,,1.00,1,0.00,,4.00,2.00,1,2.00,0.00,0.00,2.00,1,2.00,2.00,0.00,0.00,,24,0,66.67,66.67,75.00,75.00,74.36,74.36,69.70,69.70,100.00,100.00
Timor-Leste,TLS,20200502,3.00,1,2.00,1,2.00,1,4.00,1,0.00,,1.00,1,0.00,,4.00,2.00,1,2.00,0.00,0.00,2.00,1,2.00,2.00,0.00,0.00,,24,0,66.67,66.67,75.00,75.00,74.36,74.36,69.70,69.70,100.00,100.00
Timor-Leste,TLS,20200503,3.00,1,2.00,1,2.00,1,4.00,1,0.00,,1.00,1,0.00,,4.00,2.00,1,2.00,0.00,0.00,2.00,1,2.00,2.00,0.00,0.00,,24,0,66.67,66.67,75.00,75.00,74.36,74.36,69.70,69.70,100.00,100.00
Timor-Leste,TLS,20200504,3.00,1,2.00,1,2.00,1,4.00,1,0.00,,1.00,1,0.00,,4.00,2.00,1,2.00,0.00,0.00,2.00,1,2.00,2.00,0.00,0.00,,24,0,66.67,66.67,75.00,75.00,74.36,74.36,69.70,69.70,100.00,100.00
Timor-Leste,TLS,20200505,3.00,1,2.00,1,2.00,1,4.00,1,0.00,,1.00,1,0.00,,4.00,2.00,1,2.00,0.00,0.00,2.00,1,2.00,2.00,0.00,0.00,,24,0,66.67,66.67,75.00,75.00,74.36,74.36,69.70,69.70,100.00,100.00
Timor-Leste,TLS,20200506,3.00,1,2.00,1,2.00,1,4.00,1,0.00,,1.00,1,0.00,,4.00,2.00,1,2.00,0.00,0.00,2.00,1,2.00,2.00,0.00,0.00,,24,0,66.67,66.67,75.00,75.00,74.36,74.36,69.70,69.70,100.00,100.00
Timor-Leste,TLS,20200507,3.00,1,2.00,1,2.00,1,4.00,1,0.00,,1.00,1,0.00,,4.00,2.00,1,2.00,0.00,0.00,2.00,1,2.00,2.00,0.00,0.00,,24,0,66.67,66.67,75.00,75.00,74.36,74.36,69.70,69.70,100.00,100.00
Timor-Leste,TLS,20200508,3.00,1,2.00,1,2.00,1,4.00,1,0.00,,1.00,1,0.00,,4.00,2.00,1,2.00,,0.00,2.00,1,2.00,2.00,0.00,0.00,,24,0,66.67,66.67,75.00,75.00,74.36,74.36,69.70,69.70,100.00,100.00
Timor-Leste,TLS,20200509,3.00,1,2.00,1,2.00,1,4.00,1,0.00,,1.00,1,0.00,,4.00,2.00,1,2.00,0.00,0.00,2.00,1,2.00,2.00,0.00,0.00,,24,0,66.67,66.67,75.00,75.00,74.36,74.36,69.70,69.70,100.00,100.00
Timor-Leste,TLS,20200510,3.00,1,2.00,1,2.00,1,4.00,1,0.00,,1.00,1,0.00,,4.00,2.00,1,2.00,0.00,0.00,2.00,1,2.00,2.00,0.00,0.00,,24,0,66.67,66.67,75.00,75.00,74.36,74.36,69.70,69.70,100.00,100.00
Timor-Leste,TLS,20200511,3.00,1,2.00,1,2.00,1,4.00,1,0.00,,1.00,1,0.00,,4.00,2.00,1,2.00,0.00,0.00,2.00,1,2.00,2.00,0.00,0.00,,24,0,66.67,66.67,75.00,75.00,74.36,74.36,69.70,69.70,100.00,100.00
Timor-Leste,TLS,20200512,3.00,1,2.00,1,2.00,1,4.00,1,0.00,,1.00,1,0.00,,4.00,2.00,1,2.00,0.00,0.00,2.00,1,2.00,2.00,0.00,0.00,,24,0,66.67,66.67,75.00,75.00,74.36,74.36,69.70,69.70,100.00,100.00
Timor-Leste,TLS,20200513,3.00,1,2.00,1,2.00,1,4.00,1,0.00,,1.00,1,0.00,,4.00,2.00,1,2.00,0.00,0.00,2.00,1,2.00,2.00,0.00,0.00,,24,0,66.67,66.67,75.00,75.00,74.36,74.36,69.70,69.70,100.00,100.00
Timor-Leste,TLS,20200514,3.00,1,2.00,1,2.00,1,4.00,1,0.00,,1.00,1,0.00,,4.00,2.00,1,2.00,0.00,0.00,2.00,1,2.00,2.00,0.00,0.00,,24,0,66.67,66.67,75.00,75.00,74.36,74.36,69.70,69.70,100.00,100.00
Timor-Leste,TLS,20200515,3.00,1,2.00,1,2.00,1,4.00,1,0.00,,1.00,1,0.00,,4.00,2.00,1,2.00,0.00,0.00,2.00,1,2.00,2.00,0.00,0.00,,24,0,66.67,66.67,75.00,75.00,74.36,74.36,69.70,69.70,100.00,100.00
Timor-Leste,TLS,20200516,3.00,1,2.00,1,2.00,1,4.00,1,0.00,,1.00,1,0.00,,4.00,2.00,1,2.00,0.00,0.00,2.00,1,2.00,2.00,0.00,0.00,,24,0,66.67,66.67,75.00,75.00,74.36,74.36,69.70,69.70,100.00,100.00
Timor-Leste,TLS,20200517,3.00,1,2.00,1,2.00,1,4.00,1,0.00,,1.00,1,0.00,,4.00,2.00,1,2.00,0.00,0.00,2.00,1,2.00,2.00,0.00,0.00,,24,0,66.67,66.67,75.00,75.00,74.36,74.36,69.70,69.70,100.00,100.00
Timor-Leste,TLS,20200518,3.00,1,2.00,1,2.00,1,4.00,1,0.00,,1.00,1,0.00,,4.00,2.00,1,2.00,0.00,0.00,2.00,1,2.00,2.00,0.00,0.00,,24,0,66.67,66.67,75.00,75.00,74.36,74.36,69.70,69.70,100.00,100.00
Timor-Leste,TLS,20200519,3.00,1,2.00,1,2.00,1,4.00,1,0.00,,1.00,1,0.00,,4.00,2.00,1,2.00,0.00,0.00,2.00,1,2.00,2.00,0.00,0.00,,24,0,66.67,66.67,75.00,75.00,74.36,74.36,69.70,69.70,100.00,100.00
Timor-Leste,TLS,20200520,3.00,1,2.00,1,2.00,1,4.00,1,0.00,,1.00,1,0.00,,4.00,2.00,1,2.00,0.00,0.00,2.00,1,2.00,2.00,0.00,0.00,,24,0,66.67,66.67,75.00,75.00,74.36,74.36,69.70,69.70,100.00,100.00
Timor-Leste,TLS,20200521,3.00,1,2.00,1,2.00,1,4.00,1,0.00,,1.00,1,0.00,,4.00,2.00,1,2.00,0.00,0.00,2.00,1,2.00,2.00,0.00,0.00,,24,0,66.67,66.67,75.00,75.00,74.36,74.36,69.70,69.70,100.00,100.00
Timor-Leste,TLS,20200522,3.00,1,2.00,1,2.00,1,4.00,1,0.00,,1.00,1,0.00,,4.00,2.00,1,2.00,0.00,0.00,2.00,1,2.00,2.00,0.00,0.00,,24,0,66.67,66.67,75.00,75.00,74.36,74.36,69.70,69.70,100.00,100.00
Timor-Leste,TLS,20200523,3.00,1,2.00,1,2.00,1,4.00,1,0.00,,1.00,1,0.00,,4.00,2.00,1,2.00,0.00,0.00,2.00,1,2.00,2.00,0.00,0.00,,24,0,66.67,66.67,75.00,75.00,74.36,74.36,69.70,69.70,100.00,100.00
Timor-Leste,TLS,20200524,3.00,1,2.00,1,2.00,1,4.00,1,0.00,,1.00,1,0.00,,4.00,2.00,1,2.00,0.00,0.00,2.00,1,2.00,2.00,0.00,0.00,,24,0,66.67,66.67,75.00,75.00,74.36,74.36,69.70,69.70,100.00,100.00
Timor-Leste,TLS,20200525,3.00,1,2.00,1,2.00,1,4.00,1,0.00,,1.00,1,0.00,,4.00,2.00,1,2.00,0.00,0.00,2.00,1,2.00,2.00,0.00,0.00,,24,0,66.67,66.67,75.00,75.00,74.36,74.36,69.70,69.70,100.00,100.00
Timor-Leste,TLS,20200526,3.00,1,2.00,1,2.00,1,4.00,1,0.00,,1.00,1,0.00,,4.00,2.00,1,2.00,0.00,0.00,2.00,1,2.00,2.00,0.00,0.00,,24,0,66.67,66.67,75.00,75.00,74.36,74.36,69.70,69.70,100.00,100.00
Timor-Leste,TLS,20200527,0.00,,0.00,,0.00,,0.00,,0.00,,1.00,1,0.00,,3.00,2.00,1,2.00,0.00,0.00,2.00,1,2.00,2.00,0.00,0.00,,24,0,23.15,23.15,32.14,32.14,44.23,44.23,34.09,34.09,100.00,100.00
Timor-Leste,TLS,20200528,0.00,,0.00,,0.00,,0.00,,0.00,,1.00,1,0.00,,3.00,2.00,1,2.00,0.00,0.00,2.00,1,2.00,2.00,0.00,0.00,,24,0,23.15,23.15,32.14,32.14,44.23,44.23,34.09,34.09,100.00,100.00
Timor-Leste,TLS,20200529,0.00,,0.00,,0.00,,0.00,,0.00,,1.00,1,0.00,,3.00,2.00,1,2.00,0.00,0.00,2.00,1,2.00,2.00,0.00,0.00,,24,0,23.15,23.15,32.14,32.14,44.23,44.23,34.09,34.09,100.00,100.00
Timor-Leste,TLS,20200530,0.00,,0.00,,0.00,,0.00,,0.00,,1.00,1,0.00,,3.00,2.00,1,2.00,0.00,0.00,2.00,1,2.00,2.00,0.00,0.00,,24,0,23.15,23.15,32.14,32.14,44.23,44.23,34.09,34.09,100.00,100.00
Timor-Leste,TLS,20200531,0.00,,0.00,,0.00,,0.00,,0.00,,1.00,1,0.00,,3.00,2.00,1,2.00,0.00,0.00,2.00,1,2.00,2.00,0.00,0.00,,24,0,23.15,23.15,32.14,32.14,44.23,44.23,34.09,34.09,100.00,100.00
Timor-Leste,TLS,20200601,0.00,,0.00,,0.00,,0.00,,0.00,,1.00,1,0.00,,3.00,2.00,1,2.00,0.00,0.00,2.00,1,2.00,2.00,0.00,0.00,,24,0,23.15,23.15,32.14,32.14,44.23,44.23,34.09,34.09,100.00,100.00
Timor-Leste,TLS,20200602,0.00,,0.00,,0.00,,0.00,,0.00,,1.00,1,0.00,,3.00,2.00,1,2.00,0.00,0.00,2.00,1,2.00,2.00,0.00,0.00,,24,0,23.15,23.15,32.14,32.14,44.23,44.23,34.09,34.09,100.00,100.00
Timor-Leste,TLS,20200603,0.00,,0.00,,0.00,,0.00,,0.00,,1.00,1,0.00,,3.00,2.00,1,2.00,0.00,0.00,2.00,1,2.00,2.00,0.00,0.00,,24,0,23.15,23.15,32.14,32.14,44.23,44.23,34.09,34.09,100.00,100.00
Timor-Leste,TLS,20200604,0.00,,0.00,,0.00,,0.00,,0.00,,1.00,1,0.00,,3.00,2.00,1,2.00,0.00,0.00,2.00,1,2.00,2.00,0.00,0.00,,24,0,23.15,23.15,32.14,32.14,44.23,44.23,34.09,34.09,100.00,100.00
Timor-Leste,TLS,20200605,0.00,,0.00,,0.00,,0.00,,0.00,,1.00,1,0.00,,3.00,2.00,1,2.00,0.00,0.00,2.00,1,2.00,2.00,0.00,0.00,,24,0,23.15,23.15,32.14,32.14,44.23,44.23,34.09,34.09,100.00,100.00
Timor-Leste,TLS,20200606,0.00,,0.00,,0.00,,0.00,,0.00,,1.00,1,0.00,,3.00,2.00,1,2.00,0.00,0.00,2.00,1,2.00,2.00,0.00,0.00,,24,0,23.15,23.15,32.14,32.14,44.23,44.23,34.09,34.09,100.00,100.00
Timor-Leste,TLS,20200607,0.00,,0.00,,0.00,,0.00,,0.00,,1.00,1,0.00,,3.00,2.00,1,2.00,0.00,0.00,2.00,1,2.00,2.00,0.00,0.00,,24,0,23.15,23.15,32.14,32.14,44.23,44.23,34.09,34.09,100.00,100.00
Timor-Leste,TLS,20200608,0.00,,0.00,,0.00,,0.00,,0.00,,1.00,1,0.00,,3.00,2.00,1,2.00,0.00,0.00,2.00,1,2.00,2.00,0.00,0.00,,24,0,23.15,23.15,32.14,32.14,44.23,44.23,34.09,34.09,100.00,100.00
Timor-Leste,TLS,20200609,0.00,,0.00,,0.00,,0.00,,0.00,,1.00,1,0.00,,3.00,2.00,1,2.00,0.00,0.00,2.00,1,2.00,2.00,0.00,0.00,,24,0,23.15,23.15,32.14,32.14,44.23,44.23,34.09,34.09,100.00,100.00
Timor-Leste,TLS,20200610,0.00,,0.00,,0.00,,0.00,,0.00,,1.00,1,0.00,,3.00,2.00,1,2.00,0.00,0.00,2.00,1,2.00,2.00,0.00,0.00,,24,0,23.15,23.15,32.14,32.14,44.23,44.23,34.09,34.09,100.00,100.00
Timor-Leste,TLS,20200611,0.00,,0.00,,0.00,,0.00,,0.00,,1.00,1,0.00,,3.00,2.00,1,2.00,0.00,0.00,2.00,1,2.00,2.00,0.00,0.00,,24,0,23.15,23.15,32.14,32.14,44.23,44.23,34.09,34.09,100.00,100.00
Timor-Leste,TLS,20200612,0.00,,0.00,,0.00,,0.00,,0.00,,1.00,1,0.00,,3.00,2.00,1,2.00,0.00,0.00,2.00,1,2.00,2.00,0.00,0.00,,24,0,23.15,23.15,32.14,32.14,44.23,44.23,34.09,34.09,100.00,100.00
Timor-Leste,TLS,20200613,0.00,,0.00,,0.00,,0.00,,0.00,,1.00,1,0.00,,3.00,2.00,1,2.00,0.00,0.00,2.00,1,2.00,2.00,0.00,0.00,,24,0,23.15,23.15,32.14,32.14,44.23,44.23,34.09,34.09,100.00,100.00
Timor-Leste,TLS,20200614,0.00,,0.00,,0.00,,0.00,,0.00,,1.00,1,0.00,,3.00,2.00,1,2.00,0.00,0.00,2.00,1,2.00,2.00,0.00,0.00,,24,0,23.15,23.15,32.14,32.14,44.23,44.23,34.09,34.09,100.00,100.00
Timor-Leste,TLS,20200615,,,,,,,,,,,,,,,,,,,,,,,,,,,,24,0,,,,,,,,,,
Timor-Leste,TLS,20200616,,,,,,,,,,,,,,,,,,,,,,,,,,,,24,0,,,,,,,,,,
Timor-Leste,TLS,20200617,,,,,,,,,,,,,,,,,,,,,,,,,,,,24,0,,23.15,,32.14,,44.23,,34.09,,100.00
Timor-Leste,TLS,20200618,,,,,,,,,,,,,,,,,,,,,,,,,,,,24,0,,23.15,,32.14,,44.23,,34.09,,100.00
Timor-Leste,TLS,20200619,,,,,,,,,,,,,,,,,,,,,,,,,,,,24,0,,23.15,,32.14,,44.23,,34.09,,100.00
Timor-Leste,TLS,20200620,,,,,,,,,,,,,,,,,,,,,,,,,,,,24,0,,23.15,,32.14,,44.23,,34.09,,100.00
Timor-Leste,TLS,20200621,,,,,,,,,,,,,,,,,,,,,,,,,,,,24,0,,23.15,,32.14,,44.23,,34.09,,100.00
Timor-Leste,TLS,20200622,,,,,,,,,,,,,,,,,,,,,,,,,,,,24,0,,23.15,,32.14,,44.23,,34.09,,100.00
Timor-Leste,TLS,20200623,,,,,,,,,,,,,,,,,,,,,,,,,,,,24,0,,23.15,,32.14,,44.23,,34.09,,100.00
