Togo,TGO,20200101,0.00,,0.00,,0.00,,0.00,,0.00,,0.00,,0.00,,0.00,0.00,,0.00,0.00,0.00,0.00,,0.00,0.00,0.00,0.00,,,,0.00,0.00,0.00,0.00,0.00,0.00,0.00,0.00,0.00,0.00
Togo,TGO,20200102,0.00,,0.00,,0.00,,0.00,,0.00,,0.00,,0.00,,0.00,0.00,,0.00,0.00,0.00,0.00,,0.00,0.00,0.00,0.00,,,,0.00,0.00,0.00,0.00,0.00,0.00,0.00,0.00,0.00,0.00
Togo,TGO,20200103,0.00,,0.00,,0.00,,0.00,,0.00,,0.00,,0.00,,0.00,0.00,,0.00,0.00,0.00,0.00,,0.00,0.00,0.00,0.00,,,,0.00,0.00,0.00,0.00,0.00,0.00,0.00,0.00,0.00,0.00
Togo,TGO,20200104,0.00,,0.00,,0.00,,0.00,,0.00,,0.00,,0.00,,0.00,0.00,,0.00,0.00,0.00,0.00,,0.00,0.00,0.00,0.00,,,,0.00,0.00,0.00,0.00,0.00,0.00,0.00,0.00,0.00,0.00
Togo,TGO,20200105,0.00,,0.00,,0.00,,0.00,,0.00,,0.00,,0.00,,0.00,0.00,,0.00,0.00,0.00,0.00,,0.00,0.00,0.00,0.00,,,,0.00,0.00,0.00,0.00,0.00,0.00,0.00,0.00,0.00,0.00
Togo,TGO,20200106,0.00,,0.00,,0.00,,0.00,,0.00,,0.00,,0.00,,0.00,0.00,,0.00,0.00,0.00,0.00,,0.00,0.00,0.00,0.00,,,,0.00,0.00,0.00,0.00,0.00,0.00,0.00,0.00,0.00,0.00
Togo,TGO,20200107,0.00,,0.00,,0.00,,0.00,,0.00,,0.00,,0.00,,0.00,0.00,,0.00,0.00,0.00,0.00,,0.00,0.00,0.00,0.00,,,,0.00,0.00,0.00,0.00,0.00,0.00,0.00,0.00,0.00,0.00
Togo,TGO,20200108,0.00,,0.00,,0.00,,0.00,,0.00,,0.00,,0.00,,0.00,0.00,,0.00,0.00,0.00,0.00,,0.00,0.00,0.00,0.00,,,,0.00,0.00,0.00,0.00,0.00,0.00,0.00,0.00,0.00,0.00
Togo,TGO,20200109,0.00,,0.00,,0.00,,0.00,,0.00,,0.00,,0.00,,0.00,0.00,,0.00,0.00,0.00,0.00,,0.00,0.00,0.00,0.00,,,,0.00,0.00,0.00,0.00,0.00,0.00,0.00,0.00,0.00,0.00
Togo,TGO,20200110,0.00,,0.00,,0.00,,0.00,,0.00,,0.00,,0.00,,0.00,0.00,,0.00,0.00,0.00,0.00,,0.00,0.00,0.00,0.00,,,,0.00,0.00,0.00,0.00,0.00,0.00,0.00,0.00,0.00,0.00
Togo,TGO,20200111,0.00,,0.00,,0.00,,0.00,,0.00,,0.00,,0.00,,0.00,0.00,,0.00,0.00,0.00,0.00,,0.00,0.00,0.00,0.00,,,,0.00,0.00,0.00,0.00,0.00,0.00,0.00,0.00,0.00,0.00
Togo,TGO,20200112,0.00,,0.00,,0.00,,0.00,,0.00,,0.00,,0.00,,0.00,0.00,,0.00,0.00,0.00,0.00,,0.00,0.00,0.00,0.00,,,,0.00,0.00,0.00,0.00,0.00,0.00,0.00,0.00,0.00,0.00
Togo,TGO,20200113,0.00,,0.00,,0.00,,0.00,,0.00,,0.00,,0.00,,0.00,0.00,,0.00,0.00,0.00,0.00,,0.00,0.00,0.00,0.00,,,,0.00,0.00,0.00,0.00,0.00,0.00,0.00,0.00,0.00,0.00
Togo,TGO,20200114,0.00,,0.00,,0.00,,0.00,,0.00,,0.00,,0.00,,0.00,0.00,,0.00,0.00,0.00,0.00,,0.00,0.00,0.00,0.00,,,,0.00,0.00,0.00,0.00,0.00,0.00,0.00,0.00,0.00,0.00
Togo,TGO,20200115,0.00,,0.00,,0.00,,0.00,,0.00,,0.00,,0.00,,0.00,0.00,,0.00,0.00,0.00,0.00,,0.00,0.00,0.00,0.00,,,,0.00,0.00,0.00,0.00,0.00,0.00,0.00,0.00,0.00,0.00
Togo,TGO,20200116,0.00,,0.00,,0.00,,0.00,,0.00,,0.00,,0.00,,0.00,0.00,,0.00,0.00,0.00,0.00,,0.00,0.00,0.00,0.00,,,,0.00,0.00,0.00,0.00,0.00,0.00,0.00,0.00,0.00,0.00
Togo,TGO,20200117,0.00,,0.00,,0.00,,0.00,,0.00,,0.00,,0.00,,0.00,0.00,,0.00,0.00,0.00,0.00,,0.00,0.00,0.00,0.00,,,,0.00,0.00,0.00,0.00,0.00,0.00,0.00,0.00,0.00,0.00
Togo,TGO,20200118,0.00,,0.00,,0.00,,0.00,,0.00,,0.00,,0.00,,0.00,0.00,,0.00,0.00,0.00,0.00,,0.00,0.00,0.00,0.00,,,,0.00,0.00,0.00,0.00,0.00,0.00,0.00,0.00,0.00,0.00
Togo,TGO,20200119,0.00,,0.00,,0.00,,0.00,,0.00,,0.00,,0.00,,0.00,0.00,,0.00,0.00,0.00,0.00,,0.00,0.00,0.00,0.00,,,,0.00,0.00,0.00,0.00,0.00,0.00,0.00,0.00,0.00,0.00
Togo,TGO,20200120,0.00,,0.00,,0.00,,0.00,,0.00,,0.00,,0.00,,0.00,0.00,,0.00,0.00,0.00,0.00,,0.00,0.00,0.00,0.00,,,,0.00,0.00,0.00,0.00,0.00,0.00,0.00,0.00,0.00,0.00
Togo,TGO,20200121,0.00,,0.00,,0.00,,0.00,,0.00,,0.00,,0.00,,0.00,0.00,,0.00,0.00,0.00,0.00,,0.00,0.00,0.00,0.00,,,,0.00,0.00,0.00,0.00,0.00,0.00,0.00,0.00,0.00,0.00
Togo,TGO,20200122,0.00,,0.00,,0.00,,0.00,,0.00,,0.00,,0.00,,0.00,0.00,,0.00,0.00,0.00,0.00,,0.00,0.00,0.00,0.00,,,,0.00,0.00,0.00,0.00,0.00,0.00,0.00,0.00,0.00,0.00
Togo,TGO,20200123,0.00,,0.00,,0.00,,0.00,,0.00,,0.00,,0.00,,0.00,0.00,,0.00,0.00,0.00,0.00,,0.00,0.00,0.00,0.00,,,,0.00,0.00,0.00,0.00,0.00,0.00,0.00,0.00,0.00,0.00
Togo,TGO,20200124,0.00,,0.00,,0.00,,0.00,,0.00,,0.00,,0.00,,0.00,0.00,,0.00,0.00,0.00,0.00,,0.00,0.00,0.00,0.00,,,,0.00,0.00,0.00,0.00,0.00,0.00,0.00,0.00,0.00,0.00
Togo,TGO,20200125,0.00,,0.00,,0.00,,0.00,,0.00,,0.00,,0.00,,0.00,0.00,,0.00,0.00,0.00,0.00,,0.00,0.00,0.00,0.00,,,,0.00,0.00,0.00,0.00,0.00,0.00,0.00,0.00,0.00,0.00
Togo,TGO,20200126,0.00,,0.00,,0.00,,0.00,,0.00,,0.00,,0.00,,0.00,0.00,,0.00,0.00,0.00,0.00,,0.00,0.00,0.00,0.00,,,,0.00,0.00,0.00,0.00,0.00,0.00,0.00,0.00,0.00,0.00
Togo,TGO,20200127,0.00,,0.00,,0.00,,0.00,,0.00,,0.00,,0.00,,0.00,0.00,,0.00,0.00,0.00,0.00,,0.00,0.00,0.00,0.00,,,,0.00,0.00,0.00,0.00,0.00,0.00,0.00,0.00,0.00,0.00
Togo,TGO,20200128,0.00,,0.00,,0.00,,0.00,,0.00,,0.00,,0.00,,0.00,0.00,,0.00,0.00,0.00,0.00,,0.00,0.00,0.00,0.00,,,,0.00,0.00,0.00,0.00,0.00,0.00,0.00,0.00,0.00,0.00
Togo,TGO,20200129,0.00,,0.00,,0.00,,0.00,,0.00,,0.00,,0.00,,0.00,0.00,,0.00,0.00,0.00,0.00,,0.00,0.00,0.00,0.00,,,,0.00,0.00,0.00,0.00,0.00,0.00,0.00,0.00,0.00,0.00
Togo,TGO,20200130,0.00,,0.00,,0.00,,0.00,,0.00,,0.00,,0.00,,0.00,0.00,,0.00,0.00,0.00,0.00,,0.00,0.00,0.00,0.00,,,,0.00,0.00,0.00,0.00,0.00,0.00,0.00,0.00,0.00,0.00
Togo,TGO,20200131,0.00,,0.00,,0.00,,0.00,,0.00,,0.00,,0.00,,0.00,0.00,,0.00,0.00,0.00,0.00,,0.00,0.00,0.00,0.00,,,,0.00,0.00,0.00,0.00,0.00,0.00,0.00,0.00,0.00,0.00
Togo,TGO,20200201,0.00,,0.00,,0.00,,0.00,,0.00,,0.00,,0.00,,0.00,0.00,,0.00,0.00,0.00,0.00,,0.00,0.00,0.00,0.00,,,,0.00,0.00,0.00,0.00,0.00,0.00,0.00,0.00,0.00,0.00
Togo,TGO,20200202,0.00,,0.00,,0.00,,0.00,,0.00,,0.00,,0.00,,0.00,0.00,,0.00,0.00,0.00,0.00,,0.00,0.00,0.00,0.00,,,,0.00,0.00,0.00,0.00,0.00,0.00,0.00,0.00,0.00,0.00
Togo,TGO,20200203,0.00,,0.00,,0.00,,0.00,,0.00,,0.00,,0.00,,0.00,0.00,,0.00,0.00,0.00,0.00,,0.00,0.00,0.00,0.00,,,,0.00,0.00,0.00,0.00,0.00,0.00,0.00,0.00,0.00,0.00
Togo,TGO,20200204,0.00,,0.00,,0.00,,0.00,,0.00,,0.00,,0.00,,0.00,0.00,,0.00,0.00,0.00,0.00,,0.00,0.00,0.00,0.00,,,,0.00,0.00,0.00,0.00,0.00,0.00,0.00,0.00,0.00,0.00
Togo,TGO,20200205,0.00,,0.00,,0.00,,0.00,,0.00,,0.00,,0.00,,0.00,0.00,,0.00,0.00,0.00,0.00,,0.00,0.00,0.00,0.00,,,,0.00,0.00,0.00,0.00,0.00,0.00,0.00,0.00,0.00,0.00
Togo,TGO,20200206,0.00,,0.00,,0.00,,0.00,,0.00,,0.00,,0.00,,0.00,0.00,,0.00,0.00,0.00,0.00,,0.00,0.00,0.00,0.00,,,,0.00,0.00,0.00,0.00,0.00,0.00,0.00,0.00,0.00,0.00
Togo,TGO,20200207,0.00,,0.00,,0.00,,0.00,,0.00,,0.00,,0.00,,0.00,0.00,,0.00,0.00,0.00,0.00,,0.00,0.00,0.00,0.00,,,,0.00,0.00,0.00,0.00,0.00,0.00,0.00,0.00,0.00,0.00
Togo,TGO,20200208,0.00,,0.00,,0.00,,0.00,,0.00,,0.00,,0.00,,0.00,0.00,,0.00,0.00,0.00,0.00,,0.00,0.00,0.00,0.00,,,,0.00,0.00,0.00,0.00,0.00,0.00,0.00,0.00,0.00,0.00
Togo,TGO,20200209,0.00,,0.00,,0.00,,0.00,,0.00,,0.00,,0.00,,0.00,0.00,,0.00,0.00,0.00,0.00,,0.00,0.00,0.00,0.00,,,,0.00,0.00,0.00,0.00,0.00,0.00,0.00,0.00,0.00,0.00
Togo,TGO,20200210,0.00,,0.00,,0.00,,0.00,,0.00,,0.00,,0.00,,0.00,0.00,,0.00,0.00,0.00,0.00,,0.00,0.00,0.00,0.00,,,,0.00,0.00,0.00,0.00,0.00,0.00,0.00,0.00,0.00,0.00
Togo,TGO,20200211,0.00,,0.00,,0.00,,0.00,,0.00,,0.00,,0.00,,0.00,0.00,,0.00,0.00,0.00,0.00,,0.00,0.00,0.00,0.00,,,,0.00,0.00,0.00,0.00,0.00,0.00,0.00,0.00,0.00,0.00
Togo,TGO,20200212,0.00,,0.00,,0.00,,0.00,,0.00,,0.00,,0.00,,0.00,0.00,,0.00,0.00,0.00,0.00,,0.00,0.00,0.00,0.00,,,,0.00,0.00,0.00,0.00,0.00,0.00,0.00,0.00,0.00,0.00
Togo,TGO,20200213,0.00,,0.00,,0.00,,0.00,,0.00,,0.00,,0.00,,0.00,0.00,,0.00,0.00,0.00,0.00,,0.00,0.00,0.00,0.00,,,,0.00,0.00,0.00,0.00,0.00,0.00,0.00,0.00,0.00,0.00
Togo,TGO,20200214,0.00,,0.00,,0.00,,0.00,,0.00,,0.00,,0.00,,0.00,0.00,,0.00,0.00,0.00,0.00,,0.00,0.00,0.00,0.00,,,,0.00,0.00,0.00,0.00,0.00,0.00,0.00,0.00,0.00,0.00
Togo,TGO,20200215,0.00,,0.00,,0.00,,0.00,,0.00,,0.00,,0.00,,0.00,0.00,,0.00,0.00,0.00,0.00,,0.00,0.00,0.00,0.00,,,,0.00,0.00,0.00,0.00,0.00,0.00,0.00,0.00,0.00,0.00
Togo,TGO,20200216,0.00,,0.00,,0.00,,0.00,,0.00,,0.00,,0.00,,0.00,0.00,,0.00,0.00,0.00,0.00,,0.00,0.00,0.00,0.00,,,,0.00,0.00,0.00,0.00,0.00,0.00,0.00,0.00,0.00,0.00
Togo,TGO,20200217,0.00,,0.00,,0.00,,0.00,,0.00,,0.00,,0.00,,0.00,0.00,,0.00,0.00,0.00,0.00,,0.00,0.00,0.00,0.00,,,,0.00,0.00,0.00,0.00,0.00,0.00,0.00,0.00,0.00,0.00
Togo,TGO,20200218,0.00,,0.00,,0.00,,0.00,,0.00,,0.00,,0.00,,0.00,0.00,,0.00,0.00,0.00,0.00,,0.00,0.00,0.00,0.00,,,,0.00,0.00,0.00,0.00,0.00,0.00,0.00,0.00,0.00,0.00
Togo,TGO,20200219,0.00,,0.00,,0.00,,0.00,,0.00,,0.00,,0.00,,0.00,0.00,,0.00,0.00,0.00,0.00,,0.00,0.00,0.00,0.00,,,,0.00,0.00,0.00,0.00,0.00,0.00,0.00,0.00,0.00,0.00
Togo,TGO,20200220,0.00,,0.00,,0.00,,0.00,,0.00,,0.00,,0.00,,0.00,0.00,,0.00,0.00,0.00,0.00,,0.00,0.00,0.00,0.00,,,,0.00,0.00,0.00,0.00,0.00,0.00,0.00,0.00,0.00,0.00
Togo,TGO,20200221,0.00,,0.00,,0.00,,0.00,,0.00,,0.00,,0.00,,0.00,0.00,,0.00,0.00,0.00,0.00,,0.00,0.00,0.00,0.00,,,,0.00,0.00,0.00,0.00,0.00,0.00,0.00,0.00,0.00,0.00
Togo,TGO,20200222,0.00,,0.00,,0.00,,0.00,,0.00,,0.00,,0.00,,0.00,0.00,,0.00,0.00,0.00,0.00,,0.00,0.00,0.00,0.00,,,,0.00,0.00,0.00,0.00,0.00,0.00,0.00,0.00,0.00,0.00
Togo,TGO,20200223,0.00,,0.00,,0.00,,0.00,,0.00,,0.00,,0.00,,0.00,0.00,,0.00,0.00,0.00,0.00,,0.00,0.00,0.00,0.00,,,,0.00,0.00,0.00,0.00,0.00,0.00,0.00,0.00,0.00,0.00
Togo,TGO,20200224,0.00,,0.00,,0.00,,0.00,,0.00,,0.00,,0.00,,0.00,0.00,,0.00,0.00,0.00,0.00,,0.00,0.00,0.00,0.00,,,,0.00,0.00,0.00,0.00,0.00,0.00,0.00,0.00,0.00,0.00
Togo,TGO,20200225,0.00,,0.00,,0.00,,0.00,,0.00,,0.00,,0.00,,0.00,0.00,,0.00,0.00,0.00,0.00,,0.00,0.00,0.00,0.00,,,,0.00,0.00,0.00,0.00,0.00,0.00,0.00,0.00,0.00,0.00
Togo,TGO,20200226,0.00,,0.00,,0.00,,0.00,,0.00,,0.00,,0.00,,0.00,0.00,,0.00,0.00,0.00,0.00,,0.00,0.00,0.00,0.00,,,,0.00,0.00,0.00,0.00,0.00,0.00,0.00,0.00,0.00,0.00
Togo,TGO,20200227,0.00,,0.00,,0.00,,0.00,,0.00,,0.00,,0.00,,0.00,0.00,,0.00,0.00,0.00,0.00,,0.00,0.00,0.00,0.00,,,,0.00,0.00,0.00,0.00,0.00,0.00,0.00,0.00,0.00,0.00
Togo,TGO,20200228,0.00,,0.00,,0.00,,0.00,,0.00,,0.00,,0.00,,0.00,0.00,,0.00,0.00,0.00,0.00,,0.00,0.00,0.00,0.00,,,,0.00,0.00,0.00,0.00,0.00,0.00,0.00,0.00,0.00,0.00
Togo,TGO,20200229,0.00,,0.00,,0.00,,0.00,,0.00,,0.00,,0.00,,0.00,0.00,,0.00,0.00,0.00,0.00,,0.00,0.00,0.00,0.00,,,,0.00,0.00,0.00,0.00,0.00,0.00,0.00,0.00,0.00,0.00
Togo,TGO,20200301,0.00,,0.00,,0.00,,0.00,,0.00,,0.00,,0.00,,0.00,0.00,,0.00,0.00,0.00,0.00,,0.00,0.00,0.00,0.00,,,,0.00,0.00,0.00,0.00,0.00,0.00,0.00,0.00,0.00,0.00
Togo,TGO,20200302,0.00,,0.00,,0.00,,0.00,,0.00,,0.00,,0.00,,0.00,0.00,,0.00,0.00,0.00,0.00,,0.00,0.00,0.00,0.00,,,,0.00,0.00,0.00,0.00,0.00,0.00,0.00,0.00,0.00,0.00
Togo,TGO,20200303,0.00,,0.00,,0.00,,0.00,,0.00,,0.00,,0.00,,0.00,0.00,,0.00,0.00,0.00,0.00,,0.00,0.00,0.00,0.00,,,,0.00,0.00,0.00,0.00,0.00,0.00,0.00,0.00,0.00,0.00
Togo,TGO,20200304,0.00,,0.00,,0.00,,0.00,,0.00,,0.00,,0.00,,0.00,0.00,,0.00,0.00,0.00,0.00,,0.00,0.00,0.00,0.00,,,,0.00,0.00,0.00,0.00,0.00,0.00,0.00,0.00,0.00,0.00
Togo,TGO,20200305,0.00,,0.00,,0.00,,0.00,,0.00,,0.00,,0.00,,0.00,0.00,,0.00,0.00,0.00,0.00,,0.00,0.00,0.00,0.00,,,,0.00,0.00,0.00,0.00,0.00,0.00,0.00,0.00,0.00,0.00
Togo,TGO,20200306,0.00,,0.00,,0.00,,0.00,,0.00,,0.00,,0.00,,0.00,0.00,,0.00,0.00,0.00,0.00,,1.00,0.00,0.00,0.00,,,,0.00,0.00,0.00,0.00,2.56,2.56,3.03,3.03,0.00,0.00
Togo,TGO,20200307,0.00,,0.00,,0.00,,0.00,,0.00,,0.00,,0.00,,0.00,0.00,,0.00,0.00,0.00,0.00,,1.00,0.00,0.00,0.00,,1,0,0.00,0.00,0.00,0.00,2.56,2.56,3.03,3.03,0.00,0.00
Togo,TGO,20200308,0.00,,0.00,,0.00,,0.00,,0.00,,0.00,,0.00,,0.00,0.00,,0.00,0.00,0.00,0.00,,1.00,0.00,0.00,0.00,,,,0.00,0.00,0.00,0.00,2.56,2.56,3.03,3.03,0.00,0.00
Togo,TGO,20200309,0.00,,0.00,,0.00,,0.00,,0.00,,0.00,,0.00,,0.00,0.00,,0.00,0.00,0.00,0.00,,1.00,0.00,0.00,0.00,,,,0.00,0.00,0.00,0.00,2.56,2.56,3.03,3.03,0.00,0.00
Togo,TGO,20200310,0.00,,0.00,,0.00,,0.00,,0.00,,0.00,,0.00,,0.00,0.00,,0.00,0.00,0.00,0.00,,1.00,0.00,0.00,0.00,,,,0.00,0.00,0.00,0.00,2.56,2.56,3.03,3.03,0.00,0.00
Togo,TGO,20200311,0.00,,0.00,,0.00,,0.00,,0.00,,0.00,,0.00,,0.00,0.00,,0.00,0.00,0.00,0.00,,1.00,0.00,0.00,0.00,,,,0.00,0.00,0.00,0.00,2.56,2.56,3.03,3.03,0.00,0.00
Togo,TGO,20200312,0.00,,0.00,,0.00,,0.00,,0.00,,0.00,,0.00,,0.00,0.00,,0.00,0.00,0.00,0.00,,1.00,0.00,0.00,0.00,,,,0.00,0.00,0.00,0.00,2.56,2.56,3.03,3.03,0.00,0.00
Togo,TGO,20200313,0.00,,0.00,,0.00,,0.00,,0.00,,0.00,,0.00,,0.00,0.00,,0.00,0.00,0.00,0.00,,1.00,0.00,0.00,0.00,,,,0.00,0.00,0.00,0.00,2.56,2.56,3.03,3.03,0.00,0.00
Togo,TGO,20200314,0.00,,0.00,,0.00,,0.00,,0.00,,0.00,,0.00,,0.00,0.00,,0.00,0.00,0.00,0.00,,1.00,0.00,0.00,0.00,,,,0.00,0.00,0.00,0.00,2.56,2.56,3.03,3.03,0.00,0.00
Togo,TGO,20200315,0.00,,0.00,,0.00,,0.00,,0.00,,0.00,,0.00,,0.00,0.00,,0.00,0.00,0.00,0.00,,1.00,0.00,0.00,0.00,,1,0,0.00,0.00,0.00,0.00,2.56,2.56,3.03,3.03,0.00,0.00
Togo,TGO,20200316,0.00,,0.00,,2.00,1,0.00,,0.00,,0.00,,0.00,,0.00,0.00,,0.00,3401747.37,0.00,2.00,1,1.00,0.00,0.00,0.00,,1,0,22.22,22.22,28.57,28.57,17.95,17.95,21.21,21.21,0.00,0.00
Togo,TGO,20200317,0.00,,0.00,,2.00,1,0.00,,0.00,,0.00,,0.00,,0.00,0.00,,0.00,0.00,0.00,2.00,1,1.00,0.00,0.00,0.00,,1,0,22.22,22.22,28.57,28.57,17.95,17.95,21.21,21.21,0.00,0.00
Togo,TGO,20200318,0.00,,0.00,,2.00,1,0.00,,0.00,,0.00,,0.00,,0.00,0.00,,0.00,0.00,0.00,2.00,1,1.00,0.00,0.00,0.00,,1,0,22.22,22.22,28.57,28.57,17.95,17.95,21.21,21.21,0.00,0.00
Togo,TGO,20200319,0.00,,0.00,,2.00,1,2.00,1,0.00,,0.00,,0.00,,0.00,0.00,,0.00,0.00,0.00,2.00,1,1.00,0.00,0.00,0.00,,1,0,27.78,27.78,28.57,28.57,21.79,21.79,25.76,25.76,0.00,0.00
Togo,TGO,20200320,3.00,1,2.00,1,2.00,1,2.00,1,0.00,,1.00,1,1.00,1,3.00,0.00,,0.00,0.00,0.00,2.00,1,1.00,0.00,0.00,0.00,,1,0,63.89,63.89,73.81,73.81,46.79,46.79,55.30,55.30,0.00,0.00
Togo,TGO,20200321,3.00,1,2.00,1,2.00,1,2.00,1,0.00,,1.00,1,1.00,1,3.00,0.00,,0.00,0.00,0.00,2.00,1,1.00,0.00,0.00,0.00,,9,0,63.89,63.89,73.81,73.81,46.79,46.79,55.30,55.30,0.00,0.00
Togo,TGO,20200322,3.00,1,2.00,1,2.00,1,2.00,1,0.00,,1.00,1,1.00,1,3.00,0.00,,0.00,0.00,0.00,2.00,1,1.00,0.00,0.00,0.00,,15,0,63.89,63.89,73.81,73.81,46.79,46.79,55.30,55.30,0.00,0.00
Togo,TGO,20200323,3.00,1,2.00,1,2.00,1,2.00,1,0.00,,1.00,1,1.00,1,3.00,0.00,,0.00,0.00,0.00,2.00,1,1.00,0.00,0.00,0.00,,15,0,63.89,63.89,73.81,73.81,46.79,46.79,55.30,55.30,0.00,0.00
Togo,TGO,20200324,3.00,1,2.00,1,2.00,1,2.00,1,0.00,,1.00,1,1.00,1,3.00,0.00,,0.00,0.00,0.00,2.00,1,1.00,0.00,0.00,0.00,,18,0,63.89,63.89,73.81,73.81,46.79,46.79,55.30,55.30,0.00,0.00
Togo,TGO,20200325,3.00,1,2.00,1,2.00,1,2.00,1,0.00,,1.00,1,1.00,1,3.00,0.00,,0.00,0.00,0.00,2.00,1,1.00,0.00,0.00,0.00,,18,0,63.89,63.89,73.81,73.81,46.79,46.79,55.30,55.30,0.00,0.00
Togo,TGO,20200326,3.00,1,2.00,1,2.00,1,2.00,1,0.00,,1.00,1,1.00,1,3.00,0.00,,0.00,0.00,0.00,2.00,1,1.00,0.00,0.00,0.00,,23,0,63.89,63.89,73.81,73.81,46.79,46.79,55.30,55.30,0.00,0.00
Togo,TGO,20200327,3.00,1,2.00,1,2.00,1,2.00,1,0.00,,1.00,1,1.00,1,3.00,0.00,,0.00,0.00,0.00,2.00,1,1.00,0.00,0.00,0.00,,24,0,63.89,63.89,73.81,73.81,46.79,46.79,55.30,55.30,0.00,0.00
Togo,TGO,20200328,3.00,1,2.00,1,2.00,1,2.00,1,0.00,,1.00,1,1.00,1,3.00,0.00,,0.00,0.00,0.00,2.00,1,1.00,0.00,0.00,0.00,,25,1,63.89,63.89,73.81,73.81,46.79,46.79,55.30,55.30,0.00,0.00
Togo,TGO,20200329,3.00,1,2.00,1,2.00,1,2.00,1,0.00,,1.00,1,1.00,1,3.00,0.00,,0.00,0.00,0.00,2.00,1,1.00,0.00,0.00,0.00,,28,1,63.89,63.89,73.81,73.81,46.79,46.79,55.30,55.30,0.00,0.00
Togo,TGO,20200330,3.00,1,2.00,1,2.00,1,2.00,1,0.00,,1.00,1,1.00,1,3.00,0.00,,0.00,0.00,0.00,2.00,1,1.00,0.00,0.00,0.00,,30,1,63.89,63.89,73.81,73.81,46.79,46.79,55.30,55.30,0.00,0.00
Togo,TGO,20200331,3.00,1,2.00,1,2.00,1,2.00,1,0.00,,1.00,1,1.00,1,3.00,0.00,,0.00,0.00,0.00,2.00,1,1.00,0.00,0.00,0.00,,34,1,63.89,63.89,73.81,73.81,46.79,46.79,55.30,55.30,0.00,0.00
Togo,TGO,20200401,3.00,1,2.00,1,2.00,1,2.00,1,0.00,,1.00,1,1.00,1,3.00,0.00,,1.00,666872981.00,0.00,2.00,1,1.00,0.00,0.00,0.00,,34,1,63.89,63.89,73.81,73.81,50.64,50.64,55.30,55.30,25.00,25.00
Togo,TGO,20200402,3.00,1,2.00,1,2.00,1,2.00,1,0.00,,2.00,1,1.00,1,3.00,0.00,,1.00,0.00,0.00,2.00,1,1.00,0.00,0.00,0.00,,36,2,67.59,67.59,75.00,75.00,53.21,53.21,58.33,58.33,25.00,25.00
Togo,TGO,20200403,3.00,1,2.00,1,2.00,1,2.00,1,0.00,,2.00,1,1.00,1,3.00,0.00,,1.00,0.00,0.00,2.00,1,1.00,0.00,0.00,0.00,,39,2,67.59,67.59,75.00,75.00,53.21,53.21,58.33,58.33,25.00,25.00
Togo,TGO,20200404,3.00,1,2.00,1,2.00,1,2.00,1,0.00,,2.00,1,1.00,1,3.00,0.00,,1.00,0.00,0.00,2.00,1,1.00,0.00,0.00,0.00,,40,3,67.59,67.59,75.00,75.00,53.21,53.21,58.33,58.33,25.00,25.00
Togo,TGO,20200405,3.00,1,2.00,1,2.00,1,2.00,1,0.00,,2.00,1,1.00,1,3.00,0.00,,1.00,0.00,0.00,2.00,1,1.00,0.00,0.00,0.00,,41,3,67.59,67.59,75.00,75.00,53.21,53.21,58.33,58.33,25.00,25.00
Togo,TGO,20200406,3.00,1,2.00,1,2.00,1,2.00,1,0.00,,2.00,1,1.00,1,3.00,0.00,,1.00,0.00,0.00,2.00,1,1.00,0.00,0.00,0.00,,44,3,67.59,67.59,75.00,75.00,53.21,53.21,58.33,58.33,25.00,25.00
Togo,TGO,20200407,3.00,1,2.00,1,2.00,1,2.00,1,0.00,,2.00,1,1.00,1,3.00,0.00,,1.00,0.00,0.00,2.00,1,1.00,0.00,0.00,0.00,,58,3,67.59,67.59,75.00,75.00,53.21,53.21,58.33,58.33,25.00,25.00
Togo,TGO,20200408,3.00,1,2.00,1,2.00,1,2.00,1,0.00,,2.00,1,1.00,1,3.00,1.00,1,1.00,0.00,0.00,2.00,1,1.00,0.00,0.00,0.00,,65,3,67.59,67.59,75.00,75.00,57.05,57.05,58.33,58.33,50.00,50.00
Togo,TGO,20200409,3.00,1,2.00,1,2.00,1,2.00,1,0.00,,2.00,1,1.00,1,3.00,1.00,1,1.00,0.00,0.00,2.00,1,1.00,0.00,0.00,0.00,,70,3,67.59,67.59,75.00,75.00,57.05,57.05,58.33,58.33,50.00,50.00
Togo,TGO,20200410,3.00,1,2.00,1,2.00,1,2.00,1,0.00,,2.00,1,1.00,1,3.00,1.00,1,1.00,0.00,0.00,2.00,1,1.00,0.00,0.00,0.00,,73,3,67.59,67.59,75.00,75.00,57.05,57.05,58.33,58.33,50.00,50.00
Togo,TGO,20200411,3.00,1,2.00,1,2.00,1,2.00,1,0.00,,2.00,1,1.00,1,3.00,1.00,1,1.00,0.00,0.00,2.00,1,1.00,0.00,0.00,0.00,,76,3,67.59,67.59,75.00,75.00,57.05,57.05,58.33,58.33,50.00,50.00
Togo,TGO,20200412,3.00,1,2.00,1,2.00,1,2.00,1,0.00,,2.00,1,1.00,1,3.00,1.00,1,1.00,0.00,0.00,2.00,1,1.00,0.00,0.00,0.00,,76,3,67.59,67.59,75.00,75.00,57.05,57.05,58.33,58.33,50.00,50.00
Togo,TGO,20200413,3.00,1,2.00,1,2.00,1,2.00,1,0.00,,2.00,1,1.00,1,3.00,1.00,1,1.00,0.00,0.00,2.00,1,1.00,0.00,0.00,0.00,,76,3,67.59,67.59,75.00,75.00,57.05,57.05,58.33,58.33,50.00,50.00
Togo,TGO,20200414,3.00,1,2.00,1,2.00,1,2.00,1,0.00,,2.00,1,1.00,1,3.00,1.00,1,1.00,0.00,0.00,2.00,1,1.00,0.00,0.00,0.00,,77,3,67.59,67.59,75.00,75.00,57.05,57.05,58.33,58.33,50.00,50.00
Togo,TGO,20200415,3.00,1,2.00,1,2.00,1,2.00,1,0.00,,2.00,1,1.00,1,3.00,1.00,1,1.00,0.00,0.00,2.00,1,1.00,0.00,0.00,0.00,,77,3,67.59,67.59,75.00,75.00,57.05,57.05,58.33,58.33,50.00,50.00
Togo,TGO,20200416,3.00,1,2.00,1,2.00,1,2.00,1,0.00,,2.00,1,1.00,1,3.00,1.00,1,1.00,0.00,0.00,2.00,1,1.00,0.00,0.00,0.00,,81,3,67.59,67.59,75.00,75.00,57.05,57.05,58.33,58.33,50.00,50.00
Togo,TGO,20200417,3.00,1,2.00,1,2.00,1,2.00,1,0.00,,2.00,1,1.00,1,3.00,1.00,1,1.00,0.00,0.00,2.00,1,1.00,0.00,0.00,0.00,,81,5,67.59,67.59,75.00,75.00,57.05,57.05,58.33,58.33,50.00,50.00
Togo,TGO,20200418,3.00,1,2.00,1,2.00,1,2.00,1,0.00,,2.00,1,1.00,1,3.00,1.00,1,1.00,0.00,0.00,2.00,1,1.00,0.00,0.00,0.00,,83,5,67.59,67.59,75.00,75.00,57.05,57.05,58.33,58.33,50.00,50.00
Togo,TGO,20200419,3.00,1,2.00,1,2.00,1,2.00,1,0.00,,2.00,1,1.00,1,3.00,1.00,1,1.00,0.00,0.00,2.00,1,1.00,0.00,0.00,0.00,,84,5,67.59,67.59,75.00,75.00,57.05,57.05,58.33,58.33,50.00,50.00
Togo,TGO,20200420,3.00,1,2.00,1,2.00,1,2.00,1,0.00,,2.00,1,1.00,1,3.00,1.00,1,1.00,0.00,0.00,2.00,1,1.00,0.00,0.00,0.00,,84,5,67.59,67.59,75.00,75.00,57.05,57.05,58.33,58.33,50.00,50.00
Togo,TGO,20200421,3.00,1,2.00,1,2.00,1,2.00,1,0.00,,2.00,1,1.00,1,3.00,1.00,1,1.00,0.00,0.00,2.00,1,1.00,0.00,0.00,0.00,,84,6,67.59,67.59,75.00,75.00,57.05,57.05,58.33,58.33,50.00,50.00
Togo,TGO,20200422,3.00,1,2.00,1,2.00,1,2.00,1,0.00,,2.00,1,1.00,1,3.00,1.00,1,1.00,0.00,0.00,2.00,1,1.00,0.00,0.00,0.00,,86,6,67.59,67.59,75.00,75.00,57.05,57.05,58.33,58.33,50.00,50.00
Togo,TGO,20200423,3.00,1,2.00,1,2.00,1,2.00,1,0.00,,2.00,1,1.00,1,3.00,1.00,1,1.00,0.00,0.00,2.00,1,1.00,0.00,0.00,0.00,,88,6,67.59,67.59,75.00,75.00,57.05,57.05,58.33,58.33,50.00,50.00
Togo,TGO,20200424,3.00,1,2.00,1,2.00,1,2.00,1,0.00,,2.00,1,1.00,1,3.00,1.00,1,1.00,0.00,0.00,2.00,1,1.00,0.00,0.00,0.00,,88,6,67.59,67.59,75.00,75.00,57.05,57.05,58.33,58.33,50.00,50.00
Togo,TGO,20200425,3.00,1,2.00,1,2.00,1,2.00,1,0.00,,2.00,1,1.00,1,3.00,1.00,1,1.00,0.00,0.00,2.00,1,1.00,0.00,0.00,0.00,,90,6,67.59,67.59,75.00,75.00,57.05,57.05,58.33,58.33,50.00,50.00
Togo,TGO,20200426,3.00,1,2.00,1,2.00,1,2.00,1,0.00,,2.00,1,1.00,1,3.00,1.00,1,1.00,0.00,0.00,2.00,1,1.00,0.00,0.00,0.00,,96,6,67.59,67.59,75.00,75.00,57.05,57.05,58.33,58.33,50.00,50.00
Togo,TGO,20200427,3.00,1,2.00,1,2.00,1,2.00,1,0.00,,2.00,1,1.00,1,3.00,1.00,1,1.00,0.00,0.00,2.00,1,1.00,0.00,0.00,0.00,,98,6,67.59,67.59,75.00,75.00,57.05,57.05,58.33,58.33,50.00,50.00
Togo,TGO,20200428,3.00,1,2.00,1,2.00,1,2.00,1,0.00,,2.00,1,1.00,1,3.00,1.00,1,1.00,0.00,0.00,2.00,1,1.00,0.00,0.00,0.00,,99,6,67.59,67.59,75.00,75.00,57.05,57.05,58.33,58.33,50.00,50.00
Togo,TGO,20200429,3.00,1,2.00,1,2.00,1,2.00,1,0.00,,2.00,1,1.00,1,3.00,1.00,1,1.00,0.00,0.00,2.00,1,1.00,0.00,0.00,0.00,,99,6,67.59,67.59,75.00,75.00,57.05,57.05,58.33,58.33,50.00,50.00
Togo,TGO,20200430,3.00,1,2.00,1,2.00,1,2.00,1,0.00,,2.00,1,1.00,1,3.00,1.00,1,1.00,0.00,0.00,2.00,1,1.00,0.00,0.00,0.00,,109,7,67.59,67.59,75.00,75.00,57.05,57.05,58.33,58.33,50.00,50.00
Togo,TGO,20200501,3.00,1,2.00,1,2.00,1,2.00,1,0.00,,2.00,1,1.00,1,3.00,1.00,1,1.00,0.00,0.00,2.00,1,1.00,0.00,0.00,0.00,,116,9,67.59,67.59,75.00,75.00,57.05,57.05,58.33,58.33,50.00,50.00
Togo,TGO,20200502,3.00,1,2.00,1,2.00,1,2.00,1,0.00,,2.00,1,1.00,1,3.00,1.00,1,1.00,0.00,0.00,2.00,1,1.00,0.00,0.00,0.00,,123,9,67.59,67.59,75.00,75.00,57.05,57.05,58.33,58.33,50.00,50.00
Togo,TGO,20200503,3.00,1,2.00,1,2.00,1,2.00,1,0.00,,2.00,1,1.00,1,3.00,1.00,1,1.00,0.00,0.00,2.00,1,1.00,0.00,0.00,0.00,,123,9,67.59,67.59,75.00,75.00,57.05,57.05,58.33,58.33,50.00,50.00
Togo,TGO,20200504,3.00,1,2.00,1,2.00,1,2.00,1,0.00,,2.00,1,1.00,1,3.00,1.00,1,1.00,0.00,0.00,2.00,1,1.00,0.00,0.00,0.00,,124,9,67.59,67.59,75.00,75.00,57.05,57.05,58.33,58.33,50.00,50.00
Togo,TGO,20200505,3.00,1,2.00,1,2.00,1,2.00,1,0.00,,2.00,1,1.00,1,3.00,1.00,1,1.00,0.00,0.00,2.00,1,1.00,0.00,0.00,0.00,,126,9,67.59,67.59,75.00,75.00,57.05,57.05,58.33,58.33,50.00,50.00
Togo,TGO,20200506,3.00,1,2.00,1,2.00,1,2.00,1,0.00,,2.00,1,1.00,1,3.00,1.00,1,1.00,0.00,0.00,2.00,1,1.00,0.00,0.00,0.00,,128,9,67.59,67.59,75.00,75.00,57.05,57.05,58.33,58.33,50.00,50.00
Togo,TGO,20200507,3.00,1,2.00,1,2.00,1,2.00,1,0.00,,2.00,1,1.00,1,3.00,1.00,1,1.00,0.00,0.00,2.00,1,1.00,0.00,0.00,0.00,,128,9,67.59,67.59,75.00,75.00,57.05,57.05,58.33,58.33,50.00,50.00
Togo,TGO,20200508,3.00,1,2.00,1,2.00,1,2.00,1,0.00,,2.00,1,1.00,1,3.00,1.00,1,1.00,0.00,0.00,2.00,1,1.00,0.00,0.00,0.00,,135,9,67.59,67.59,75.00,75.00,57.05,57.05,58.33,58.33,50.00,50.00
Togo,TGO,20200509,3.00,1,2.00,1,2.00,1,2.00,1,0.00,,2.00,1,1.00,1,3.00,1.00,1,1.00,0.00,0.00,2.00,1,1.00,0.00,0.00,0.00,,145,10,67.59,67.59,75.00,75.00,57.05,57.05,58.33,58.33,50.00,50.00
Togo,TGO,20200510,3.00,1,2.00,1,2.00,1,2.00,1,0.00,,2.00,1,1.00,1,3.00,1.00,1,1.00,0.00,0.00,2.00,1,1.00,0.00,0.00,0.00,,153,10,67.59,67.59,75.00,75.00,57.05,57.05,58.33,58.33,50.00,50.00
Togo,TGO,20200511,3.00,1,2.00,1,2.00,1,2.00,1,0.00,,2.00,1,1.00,1,3.00,1.00,1,1.00,0.00,0.00,2.00,1,1.00,0.00,0.00,0.00,,174,11,67.59,67.59,75.00,75.00,57.05,57.05,58.33,58.33,50.00,50.00
Togo,TGO,20200512,3.00,1,2.00,1,2.00,1,2.00,1,0.00,,2.00,1,1.00,1,3.00,1.00,1,1.00,0.00,0.00,2.00,1,1.00,0.00,0.00,0.00,,181,11,67.59,67.59,75.00,75.00,57.05,57.05,58.33,58.33,50.00,50.00
Togo,TGO,20200513,3.00,1,2.00,1,2.00,1,2.00,1,0.00,,2.00,1,1.00,1,3.00,1.00,1,1.00,0.00,0.00,2.00,1,1.00,0.00,0.00,0.00,,199,11,67.59,67.59,75.00,75.00,57.05,57.05,58.33,58.33,50.00,50.00
Togo,TGO,20200514,3.00,1,2.00,1,2.00,1,2.00,1,0.00,,2.00,1,1.00,1,3.00,1.00,1,1.00,0.00,0.00,2.00,1,1.00,0.00,0.00,0.00,,219,11,67.59,67.59,75.00,75.00,57.05,57.05,58.33,58.33,50.00,50.00
Togo,TGO,20200515,3.00,1,2.00,1,2.00,1,2.00,1,0.00,,2.00,1,1.00,1,3.00,1.00,1,1.00,0.00,0.00,2.00,1,1.00,0.00,0.00,0.00,,238,11,67.59,67.59,75.00,75.00,57.05,57.05,58.33,58.33,50.00,50.00
Togo,TGO,20200516,3.00,1,2.00,1,2.00,1,2.00,1,0.00,,2.00,1,1.00,1,3.00,1.00,1,1.00,0.00,0.00,2.00,1,1.00,0.00,0.00,0.00,,263,11,67.59,67.59,75.00,75.00,57.05,57.05,58.33,58.33,50.00,50.00
Togo,TGO,20200517,3.00,1,2.00,1,2.00,1,2.00,1,0.00,,2.00,1,1.00,1,3.00,1.00,1,1.00,0.00,0.00,2.00,1,1.00,0.00,0.00,0.00,,298,11,67.59,67.59,75.00,75.00,57.05,57.05,58.33,58.33,50.00,50.00
Togo,TGO,20200518,3.00,1,2.00,1,2.00,1,2.00,1,0.00,,2.00,1,1.00,1,3.00,1.00,1,1.00,0.00,0.00,2.00,1,1.00,0.00,0.00,0.00,,301,11,67.59,67.59,75.00,75.00,57.05,57.05,58.33,58.33,50.00,50.00
Togo,TGO,20200519,3.00,1,2.00,1,2.00,1,2.00,1,0.00,,2.00,1,1.00,1,3.00,1.00,1,1.00,0.00,0.00,2.00,1,1.00,0.00,0.00,0.00,,330,12,67.59,67.59,75.00,75.00,57.05,57.05,58.33,58.33,50.00,50.00
Togo,TGO,20200520,3.00,1,2.00,1,2.00,1,2.00,1,0.00,,2.00,1,1.00,1,3.00,1.00,1,1.00,0.00,0.00,2.00,1,1.00,0.00,0.00,0.00,,338,12,67.59,67.59,75.00,75.00,57.05,57.05,58.33,58.33,50.00,50.00
Togo,TGO,20200521,3.00,1,2.00,1,2.00,1,2.00,1,0.00,,2.00,1,1.00,1,3.00,1.00,1,1.00,0.00,0.00,2.00,1,1.00,0.00,0.00,0.00,,340,12,67.59,67.59,75.00,75.00,57.05,57.05,58.33,58.33,50.00,50.00
Togo,TGO,20200522,3.00,1,2.00,1,2.00,1,2.00,1,0.00,,2.00,1,1.00,1,3.00,1.00,1,1.00,0.00,0.00,2.00,1,1.00,0.00,0.00,0.00,,354,12,67.59,67.59,75.00,75.00,57.05,57.05,58.33,58.33,50.00,50.00
Togo,TGO,20200523,3.00,1,2.00,1,2.00,1,2.00,1,0.00,,2.00,1,1.00,1,3.00,1.00,1,1.00,0.00,0.00,2.00,1,1.00,0.00,0.00,0.00,,363,12,67.59,67.59,75.00,75.00,57.05,57.05,58.33,58.33,50.00,50.00
Togo,TGO,20200524,3.00,1,2.00,1,2.00,1,2.00,1,0.00,,2.00,1,1.00,1,3.00,1.00,1,1.00,0.00,0.00,2.00,1,1.00,0.00,0.00,0.00,,373,12,67.59,67.59,75.00,75.00,57.05,57.05,58.33,58.33,50.00,50.00
Togo,TGO,20200525,3.00,1,2.00,1,2.00,1,2.00,1,0.00,,2.00,1,1.00,1,3.00,1.00,1,1.00,0.00,0.00,2.00,1,1.00,0.00,0.00,0.00,,381,12,67.59,67.59,75.00,75.00,57.05,57.05,58.33,58.33,50.00,50.00
Togo,TGO,20200526,3.00,1,2.00,1,2.00,1,2.00,1,0.00,,2.00,1,1.00,1,3.00,1.00,1,1.00,0.00,0.00,2.00,1,1.00,2.00,0.00,0.00,,386,13,67.59,67.59,75.00,75.00,64.74,64.74,67.42,67.42,50.00,50.00
Togo,TGO,20200527,3.00,1,2.00,1,2.00,1,2.00,1,0.00,,2.00,1,1.00,1,3.00,1.00,1,1.00,0.00,0.00,2.00,1,1.00,2.00,1004059.72,0.00,,391,13,67.59,67.59,75.00,75.00,64.74,64.74,67.42,67.42,50.00,50.00
Togo,TGO,20200528,3.00,1,2.00,1,2.00,1,2.00,1,0.00,,2.00,1,1.00,1,3.00,1.00,1,1.00,0.00,0.00,2.00,1,1.00,2.00,0.00,0.00,,395,13,67.59,67.59,75.00,75.00,64.74,64.74,67.42,67.42,50.00,50.00
Togo,TGO,20200529,3.00,1,2.00,1,2.00,1,2.00,1,0.00,,2.00,1,1.00,1,3.00,1.00,1,1.00,0.00,0.00,2.00,1,1.00,2.00,0.00,0.00,,422,13,67.59,67.59,75.00,75.00,64.74,64.74,67.42,67.42,50.00,50.00
Togo,TGO,20200530,3.00,1,2.00,1,2.00,1,2.00,1,0.00,,2.00,1,1.00,1,3.00,1.00,1,1.00,0.00,0.00,2.00,1,1.00,2.00,0.00,0.00,,428,13,67.59,67.59,75.00,75.00,64.74,64.74,67.42,67.42,50.00,50.00
Togo,TGO,20200531,3.00,1,2.00,1,2.00,1,2.00,1,0.00,,2.00,1,1.00,1,3.00,1.00,1,1.00,0.00,0.00,2.00,1,1.00,2.00,0.00,0.00,,433,13,67.59,67.59,75.00,75.00,64.74,64.74,67.42,67.42,50.00,50.00
Togo,TGO,20200601,3.00,1,2.00,1,2.00,1,2.00,1,0.00,,2.00,1,1.00,1,3.00,1.00,1,1.00,0.00,0.00,2.00,1,1.00,2.00,0.00,0.00,,442,13,67.59,67.59,75.00,75.00,64.74,64.74,67.42,67.42,50.00,50.00
Togo,TGO,20200602,3.00,1,2.00,1,2.00,1,2.00,1,0.00,,2.00,1,1.00,1,3.00,1.00,1,1.00,0.00,0.00,2.00,1,1.00,2.00,0.00,0.00,,443,13,67.59,67.59,75.00,75.00,64.74,64.74,67.42,67.42,50.00,50.00
Togo,TGO,20200603,3.00,1,2.00,1,2.00,1,2.00,1,0.00,,2.00,1,1.00,1,3.00,1.00,1,1.00,0.00,0.00,2.00,1,1.00,2.00,0.00,0.00,,445,13,67.59,67.59,75.00,75.00,64.74,64.74,67.42,67.42,50.00,50.00
Togo,TGO,20200604,3.00,1,2.00,1,2.00,1,2.00,1,0.00,,2.00,1,1.00,1,3.00,1.00,1,1.00,0.00,0.00,2.00,1,1.00,2.00,0.00,0.00,,452,13,67.59,67.59,75.00,75.00,64.74,64.74,67.42,67.42,50.00,50.00
Togo,TGO,20200605,3.00,1,2.00,1,2.00,1,2.00,1,0.00,,2.00,1,1.00,1,3.00,1.00,1,1.00,0.00,0.00,2.00,1,1.00,2.00,0.00,0.00,,465,13,67.59,67.59,75.00,75.00,64.74,64.74,67.42,67.42,50.00,50.00
Togo,TGO,20200606,3.00,1,2.00,1,2.00,1,2.00,1,0.00,,2.00,1,1.00,1,3.00,1.00,1,1.00,0.00,0.00,2.00,1,1.00,2.00,0.00,0.00,,485,13,67.59,67.59,75.00,75.00,64.74,64.74,67.42,67.42,50.00,50.00
Togo,TGO,20200607,3.00,1,2.00,1,2.00,1,2.00,1,0.00,,2.00,1,1.00,1,3.00,1.00,1,1.00,0.00,0.00,2.00,1,1.00,2.00,0.00,0.00,,487,13,67.59,67.59,75.00,75.00,64.74,64.74,67.42,67.42,50.00,50.00
Togo,TGO,20200608,2.00,1,2.00,1,2.00,1,2.00,1,0.00,,2.00,1,1.00,1,3.00,1.00,1,1.00,0.00,0.00,2.00,1,1.00,2.00,0.00,0.00,,495,13,63.89,63.89,71.43,71.43,62.18,62.18,64.39,64.39,50.00,50.00
Togo,TGO,20200609,2.00,1,2.00,1,2.00,1,2.00,1,0.00,,2.00,1,1.00,1,3.00,1.00,1,1.00,0.00,0.00,2.00,1,1.00,2.00,0.00,0.00,,497,13,63.89,63.89,71.43,71.43,62.18,62.18,64.39,64.39,50.00,50.00
Togo,TGO,20200610,2.00,1,2.00,1,2.00,1,2.00,1,0.00,,0.00,,1.00,1,3.00,1.00,1,1.00,0.00,0.00,2.00,1,1.00,2.00,0.00,0.00,,501,13,56.48,56.48,70.24,70.24,57.05,57.05,58.33,58.33,50.00,50.00
Togo,TGO,20200611,2.00,1,2.00,1,2.00,1,2.00,1,0.00,,0.00,,1.00,1,3.00,1.00,1,1.00,0.00,0.00,2.00,1,1.00,2.00,0.00,0.00,,522,13,56.48,56.48,70.24,70.24,57.05,57.05,58.33,58.33,50.00,50.00
Togo,TGO,20200612,2.00,1,2.00,1,2.00,1,2.00,1,0.00,,0.00,,1.00,1,3.00,1.00,1,1.00,0.00,0.00,2.00,1,1.00,2.00,0.00,0.00,,524,13,56.48,56.48,70.24,70.24,57.05,57.05,58.33,58.33,50.00,50.00
Togo,TGO,20200613,2.00,1,2.00,1,2.00,1,2.00,1,0.00,,0.00,,1.00,1,3.00,1.00,1,1.00,0.00,0.00,2.00,1,1.00,2.00,0.00,0.00,,525,13,56.48,56.48,70.24,70.24,57.05,57.05,58.33,58.33,50.00,50.00
Togo,TGO,20200614,2.00,1,2.00,1,2.00,1,2.00,1,0.00,,0.00,,1.00,1,3.00,1.00,1,1.00,0.00,0.00,2.00,1,1.00,2.00,0.00,0.00,,530,13,56.48,56.48,70.24,70.24,57.05,57.05,58.33,58.33,50.00,50.00
Togo,TGO,20200615,2.00,1,2.00,1,2.00,1,2.00,1,0.00,,0.00,,1.00,1,3.00,1.00,1,1.00,0.00,0.00,2.00,1,1.00,2.00,0.00,0.00,,531,13,56.48,56.48,70.24,70.24,57.05,57.05,58.33,58.33,50.00,50.00
Togo,TGO,20200616,2.00,1,2.00,1,2.00,1,2.00,1,0.00,,0.00,,1.00,1,3.00,1.00,1,1.00,0.00,0.00,2.00,1,1.00,2.00,0.00,0.00,,532,13,56.48,56.48,70.24,70.24,57.05,57.05,58.33,58.33,50.00,50.00
Togo,TGO,20200617,2.00,1,2.00,1,2.00,1,2.00,1,0.00,,0.00,,1.00,1,3.00,1.00,1,1.00,0.00,0.00,2.00,1,1.00,2.00,0.00,0.00,,537,13,56.48,56.48,70.24,70.24,57.05,57.05,58.33,58.33,50.00,50.00
Togo,TGO,20200618,2.00,1,2.00,1,2.00,1,2.00,1,0.00,,0.00,,1.00,1,3.00,1.00,1,1.00,0.00,0.00,2.00,1,1.00,2.00,0.00,0.00,,544,13,56.48,56.48,70.24,70.24,57.05,57.05,58.33,58.33,50.00,50.00
Togo,TGO,20200619,2.00,1,2.00,1,2.00,1,2.00,1,0.00,,0.00,,1.00,1,3.00,1.00,1,1.00,0.00,0.00,2.00,1,1.00,2.00,0.00,0.00,,547,13,56.48,56.48,70.24,70.24,57.05,57.05,58.33,58.33,50.00,50.00
Togo,TGO,20200620,2.00,1,2.00,1,2.00,1,2.00,1,0.00,,0.00,,1.00,1,3.00,1.00,1,1.00,0.00,0.00,2.00,1,1.00,2.00,0.00,0.00,,555,13,56.48,56.48,70.24,70.24,57.05,57.05,58.33,58.33,50.00,50.00
Togo,TGO,20200621,2.00,1,2.00,1,2.00,1,2.00,1,0.00,,0.00,,1.00,1,3.00,1.00,1,1.00,0.00,0.00,2.00,1,1.00,2.00,0.00,0.00,,561,13,56.48,56.48,70.24,70.24,57.05,57.05,58.33,58.33,50.00,50.00
Togo,TGO,20200622,2.00,1,2.00,1,2.00,1,2.00,1,0.00,,0.00,,1.00,1,3.00,1.00,1,1.00,0.00,0.00,2.00,1,1.00,2.00,0.00,0.00,,569,13,56.48,56.48,70.24,70.24,57.05,57.05,58.33,58.33,50.00,50.00
Togo,TGO,20200623,,,,,,,,,,,,,,,,,,,,,,,,,,,,569,13,,56.48,,70.24,,57.05,,58.33,,50.00
