Trinidad and Tobago,TTO,20200101,0.00,,0.00,,0.00,,0.00,,0.00,,0.00,,0.00,,0.00,0.00,,0.00,0.00,0.00,0.00,,0.00,0.00,0.00,0.00,,,,0.00,0.00,0.00,0.00,0.00,0.00,0.00,0.00,0.00,0.00
Trinidad and Tobago,TTO,20200102,0.00,,0.00,,0.00,,0.00,,0.00,,0.00,,0.00,,0.00,0.00,,0.00,0.00,0.00,0.00,,0.00,0.00,0.00,0.00,,,,0.00,0.00,0.00,0.00,0.00,0.00,0.00,0.00,0.00,0.00
Trinidad and Tobago,TTO,20200103,0.00,,0.00,,0.00,,0.00,,0.00,,0.00,,0.00,,0.00,0.00,,0.00,0.00,0.00,0.00,,0.00,0.00,0.00,0.00,,,,0.00,0.00,0.00,0.00,0.00,0.00,0.00,0.00,0.00,0.00
Trinidad and Tobago,TTO,20200104,0.00,,0.00,,0.00,,0.00,,0.00,,0.00,,0.00,,0.00,0.00,,0.00,0.00,0.00,0.00,,0.00,0.00,0.00,0.00,,,,0.00,0.00,0.00,0.00,0.00,0.00,0.00,0.00,0.00,0.00
Trinidad and Tobago,TTO,20200105,0.00,,0.00,,0.00,,0.00,,0.00,,0.00,,0.00,,0.00,0.00,,0.00,0.00,0.00,0.00,,0.00,0.00,0.00,0.00,,,,0.00,0.00,0.00,0.00,0.00,0.00,0.00,0.00,0.00,0.00
Trinidad and Tobago,TTO,20200106,0.00,,0.00,,0.00,,0.00,,0.00,,0.00,,0.00,,0.00,0.00,,0.00,0.00,0.00,0.00,,0.00,0.00,0.00,0.00,,,,0.00,0.00,0.00,0.00,0.00,0.00,0.00,0.00,0.00,0.00
Trinidad and Tobago,TTO,20200107,0.00,,0.00,,0.00,,0.00,,0.00,,0.00,,0.00,,0.00,0.00,,0.00,0.00,0.00,0.00,,0.00,0.00,0.00,0.00,,,,0.00,0.00,0.00,0.00,0.00,0.00,0.00,0.00,0.00,0.00
Trinidad and Tobago,TTO,20200108,0.00,,0.00,,0.00,,0.00,,0.00,,0.00,,0.00,,0.00,0.00,,0.00,0.00,0.00,0.00,,0.00,0.00,0.00,0.00,,,,0.00,0.00,0.00,0.00,0.00,0.00,0.00,0.00,0.00,0.00
Trinidad and Tobago,TTO,20200109,0.00,,0.00,,0.00,,0.00,,0.00,,0.00,,0.00,,0.00,0.00,,0.00,0.00,0.00,0.00,,0.00,0.00,0.00,0.00,,,,0.00,0.00,0.00,0.00,0.00,0.00,0.00,0.00,0.00,0.00
Trinidad and Tobago,TTO,20200110,0.00,,0.00,,0.00,,0.00,,0.00,,0.00,,0.00,,0.00,0.00,,0.00,0.00,0.00,0.00,,0.00,0.00,0.00,0.00,,,,0.00,0.00,0.00,0.00,0.00,0.00,0.00,0.00,0.00,0.00
Trinidad and Tobago,TTO,20200111,0.00,,0.00,,0.00,,0.00,,0.00,,0.00,,0.00,,0.00,0.00,,0.00,0.00,0.00,0.00,,0.00,0.00,0.00,0.00,,,,0.00,0.00,0.00,0.00,0.00,0.00,0.00,0.00,0.00,0.00
Trinidad and Tobago,TTO,20200112,0.00,,0.00,,0.00,,0.00,,0.00,,0.00,,0.00,,0.00,0.00,,0.00,0.00,0.00,0.00,,0.00,0.00,0.00,0.00,,,,0.00,0.00,0.00,0.00,0.00,0.00,0.00,0.00,0.00,0.00
Trinidad and Tobago,TTO,20200113,0.00,,0.00,,0.00,,0.00,,0.00,,0.00,,0.00,,0.00,0.00,,0.00,0.00,0.00,0.00,,0.00,0.00,0.00,0.00,,,,0.00,0.00,0.00,0.00,0.00,0.00,0.00,0.00,0.00,0.00
Trinidad and Tobago,TTO,20200114,0.00,,0.00,,0.00,,0.00,,0.00,,0.00,,0.00,,0.00,0.00,,0.00,0.00,0.00,0.00,,0.00,0.00,0.00,0.00,,,,0.00,0.00,0.00,0.00,0.00,0.00,0.00,0.00,0.00,0.00
Trinidad and Tobago,TTO,20200115,0.00,,0.00,,0.00,,0.00,,0.00,,0.00,,0.00,,0.00,0.00,,0.00,0.00,0.00,0.00,,0.00,0.00,0.00,0.00,,,,0.00,0.00,0.00,0.00,0.00,0.00,0.00,0.00,0.00,0.00
Trinidad and Tobago,TTO,20200116,0.00,,0.00,,0.00,,0.00,,0.00,,0.00,,0.00,,0.00,0.00,,0.00,0.00,0.00,0.00,,0.00,0.00,0.00,0.00,,,,0.00,0.00,0.00,0.00,0.00,0.00,0.00,0.00,0.00,0.00
Trinidad and Tobago,TTO,20200117,0.00,,0.00,,0.00,,0.00,,0.00,,0.00,,0.00,,0.00,0.00,,0.00,0.00,0.00,0.00,,0.00,0.00,0.00,0.00,,,,0.00,0.00,0.00,0.00,0.00,0.00,0.00,0.00,0.00,0.00
Trinidad and Tobago,TTO,20200118,0.00,,0.00,,0.00,,0.00,,0.00,,0.00,,0.00,,0.00,0.00,,0.00,0.00,0.00,0.00,,0.00,0.00,0.00,0.00,,,,0.00,0.00,0.00,0.00,0.00,0.00,0.00,0.00,0.00,0.00
Trinidad and Tobago,TTO,20200119,0.00,,0.00,,0.00,,0.00,,0.00,,0.00,,0.00,,0.00,0.00,,0.00,0.00,0.00,0.00,,0.00,0.00,0.00,0.00,,,,0.00,0.00,0.00,0.00,0.00,0.00,0.00,0.00,0.00,0.00
Trinidad and Tobago,TTO,20200120,0.00,,0.00,,0.00,,0.00,,0.00,,0.00,,0.00,,0.00,0.00,,0.00,0.00,0.00,0.00,,0.00,0.00,0.00,0.00,,,,0.00,0.00,0.00,0.00,0.00,0.00,0.00,0.00,0.00,0.00
Trinidad and Tobago,TTO,20200121,0.00,,0.00,,0.00,,0.00,,0.00,,0.00,,0.00,,0.00,0.00,,0.00,0.00,0.00,0.00,,0.00,0.00,0.00,0.00,,,,0.00,0.00,0.00,0.00,0.00,0.00,0.00,0.00,0.00,0.00
Trinidad and Tobago,TTO,20200122,0.00,,0.00,,0.00,,0.00,,0.00,,0.00,,0.00,,0.00,0.00,,0.00,0.00,0.00,0.00,,0.00,0.00,0.00,0.00,,,,0.00,0.00,0.00,0.00,0.00,0.00,0.00,0.00,0.00,0.00
Trinidad and Tobago,TTO,20200123,0.00,,0.00,,0.00,,0.00,,0.00,,0.00,,0.00,,0.00,0.00,,0.00,0.00,0.00,0.00,,0.00,0.00,0.00,0.00,,,,0.00,0.00,0.00,0.00,0.00,0.00,0.00,0.00,0.00,0.00
Trinidad and Tobago,TTO,20200124,0.00,,0.00,,0.00,,0.00,,0.00,,0.00,,0.00,,0.00,0.00,,0.00,0.00,0.00,0.00,,0.00,0.00,0.00,0.00,,,,0.00,0.00,0.00,0.00,0.00,0.00,0.00,0.00,0.00,0.00
Trinidad and Tobago,TTO,20200125,0.00,,0.00,,0.00,,0.00,,0.00,,0.00,,0.00,,0.00,0.00,,0.00,0.00,0.00,0.00,,0.00,0.00,0.00,0.00,,,,0.00,0.00,0.00,0.00,0.00,0.00,0.00,0.00,0.00,0.00
Trinidad and Tobago,TTO,20200126,0.00,,0.00,,0.00,,0.00,,0.00,,0.00,,0.00,,0.00,0.00,,0.00,0.00,0.00,0.00,,0.00,0.00,0.00,0.00,,,,0.00,0.00,0.00,0.00,0.00,0.00,0.00,0.00,0.00,0.00
Trinidad and Tobago,TTO,20200127,0.00,,0.00,,0.00,,0.00,,0.00,,0.00,,0.00,,0.00,0.00,,0.00,0.00,0.00,0.00,,0.00,0.00,0.00,0.00,,,,0.00,0.00,0.00,0.00,0.00,0.00,0.00,0.00,0.00,0.00
Trinidad and Tobago,TTO,20200128,0.00,,0.00,,0.00,,0.00,,0.00,,0.00,,0.00,,0.00,0.00,,0.00,0.00,0.00,0.00,,0.00,0.00,0.00,0.00,,,,0.00,0.00,0.00,0.00,0.00,0.00,0.00,0.00,0.00,0.00
Trinidad and Tobago,TTO,20200129,0.00,,0.00,,0.00,,0.00,,0.00,,0.00,,0.00,,0.00,0.00,,0.00,0.00,0.00,0.00,,0.00,0.00,0.00,0.00,,,,0.00,0.00,0.00,0.00,0.00,0.00,0.00,0.00,0.00,0.00
Trinidad and Tobago,TTO,20200130,0.00,,0.00,,0.00,,0.00,,0.00,,0.00,,0.00,,2.00,0.00,,0.00,0.00,0.00,0.00,,0.00,0.00,0.00,0.00,,,,5.56,5.56,7.14,7.14,3.85,3.85,4.55,4.55,0.00,0.00
Trinidad and Tobago,TTO,20200131,0.00,,0.00,,0.00,,0.00,,0.00,,0.00,,0.00,,2.00,0.00,,0.00,0.00,0.00,0.00,,0.00,0.00,0.00,0.00,,,,5.56,5.56,7.14,7.14,3.85,3.85,4.55,4.55,0.00,0.00
Trinidad and Tobago,TTO,20200201,0.00,,0.00,,0.00,,0.00,,0.00,,0.00,,0.00,,2.00,0.00,,0.00,0.00,0.00,0.00,,0.00,0.00,0.00,0.00,,,,5.56,5.56,7.14,7.14,3.85,3.85,4.55,4.55,0.00,0.00
Trinidad and Tobago,TTO,20200202,0.00,,0.00,,0.00,,0.00,,0.00,,0.00,,0.00,,2.00,0.00,,0.00,0.00,0.00,1.00,1,0.00,0.00,0.00,0.00,,,,11.11,11.11,16.67,16.67,7.69,7.69,9.09,9.09,0.00,0.00
Trinidad and Tobago,TTO,20200203,0.00,,0.00,,0.00,,0.00,,0.00,,0.00,,0.00,,2.00,0.00,,0.00,0.00,0.00,1.00,1,0.00,0.00,0.00,0.00,,,,11.11,11.11,16.67,16.67,7.69,7.69,9.09,9.09,0.00,0.00
Trinidad and Tobago,TTO,20200204,0.00,,0.00,,0.00,,0.00,,0.00,,0.00,,0.00,,2.00,0.00,,0.00,0.00,0.00,1.00,1,0.00,0.00,0.00,0.00,,,,11.11,11.11,16.67,16.67,7.69,7.69,9.09,9.09,0.00,0.00
Trinidad and Tobago,TTO,20200205,0.00,,0.00,,0.00,,0.00,,0.00,,0.00,,0.00,,2.00,0.00,,0.00,0.00,0.00,1.00,1,0.00,0.00,0.00,0.00,,,,11.11,11.11,16.67,16.67,7.69,7.69,9.09,9.09,0.00,0.00
Trinidad and Tobago,TTO,20200206,0.00,,0.00,,0.00,,0.00,,0.00,,0.00,,0.00,,2.00,0.00,,0.00,0.00,0.00,1.00,1,0.00,0.00,0.00,0.00,,,,11.11,11.11,16.67,16.67,7.69,7.69,9.09,9.09,0.00,0.00
Trinidad and Tobago,TTO,20200207,0.00,,0.00,,0.00,,0.00,,0.00,,0.00,,0.00,,2.00,0.00,,0.00,0.00,0.00,1.00,1,0.00,0.00,0.00,0.00,,,,11.11,11.11,16.67,16.67,7.69,7.69,9.09,9.09,0.00,0.00
Trinidad and Tobago,TTO,20200208,0.00,,0.00,,0.00,,0.00,,0.00,,0.00,,0.00,,2.00,0.00,,0.00,0.00,0.00,1.00,1,0.00,0.00,0.00,0.00,,,,11.11,11.11,16.67,16.67,7.69,7.69,9.09,9.09,0.00,0.00
Trinidad and Tobago,TTO,20200209,0.00,,0.00,,0.00,,0.00,,0.00,,0.00,,0.00,,2.00,0.00,,0.00,0.00,0.00,1.00,1,0.00,0.00,0.00,0.00,,,,11.11,11.11,16.67,16.67,7.69,7.69,9.09,9.09,0.00,0.00
Trinidad and Tobago,TTO,20200210,0.00,,0.00,,0.00,,0.00,,0.00,,0.00,,0.00,,2.00,0.00,,0.00,0.00,0.00,1.00,1,0.00,0.00,0.00,0.00,,,,11.11,11.11,16.67,16.67,7.69,7.69,9.09,9.09,0.00,0.00
Trinidad and Tobago,TTO,20200211,0.00,,0.00,,0.00,,0.00,,0.00,,0.00,,0.00,,2.00,0.00,,0.00,0.00,0.00,1.00,1,0.00,0.00,0.00,0.00,,,,11.11,11.11,16.67,16.67,7.69,7.69,9.09,9.09,0.00,0.00
Trinidad and Tobago,TTO,20200212,0.00,,0.00,,0.00,,0.00,,0.00,,0.00,,0.00,,2.00,0.00,,0.00,0.00,0.00,1.00,1,0.00,0.00,0.00,0.00,,,,11.11,11.11,16.67,16.67,7.69,7.69,9.09,9.09,0.00,0.00
Trinidad and Tobago,TTO,20200213,0.00,,0.00,,0.00,,0.00,,0.00,,0.00,,0.00,,2.00,0.00,,0.00,0.00,0.00,1.00,1,0.00,0.00,0.00,0.00,,,,11.11,11.11,16.67,16.67,7.69,7.69,9.09,9.09,0.00,0.00
Trinidad and Tobago,TTO,20200214,0.00,,0.00,,0.00,,0.00,,0.00,,0.00,,0.00,,2.00,0.00,,0.00,0.00,0.00,1.00,1,0.00,0.00,0.00,0.00,,,,11.11,11.11,16.67,16.67,7.69,7.69,9.09,9.09,0.00,0.00
Trinidad and Tobago,TTO,20200215,0.00,,0.00,,0.00,,0.00,,0.00,,0.00,,0.00,,2.00,0.00,,0.00,0.00,0.00,1.00,1,0.00,0.00,0.00,0.00,,,,11.11,11.11,16.67,16.67,7.69,7.69,9.09,9.09,0.00,0.00
Trinidad and Tobago,TTO,20200216,0.00,,0.00,,0.00,,0.00,,0.00,,0.00,,0.00,,2.00,0.00,,0.00,0.00,0.00,1.00,1,0.00,0.00,0.00,0.00,,,,11.11,11.11,16.67,16.67,7.69,7.69,9.09,9.09,0.00,0.00
Trinidad and Tobago,TTO,20200217,0.00,,0.00,,0.00,,0.00,,0.00,,0.00,,0.00,,2.00,0.00,,0.00,0.00,0.00,1.00,1,0.00,0.00,0.00,0.00,,,,11.11,11.11,16.67,16.67,7.69,7.69,9.09,9.09,0.00,0.00
Trinidad and Tobago,TTO,20200218,0.00,,0.00,,0.00,,0.00,,0.00,,0.00,,0.00,,2.00,0.00,,0.00,0.00,0.00,1.00,1,0.00,0.00,0.00,0.00,,,,11.11,11.11,16.67,16.67,7.69,7.69,9.09,9.09,0.00,0.00
Trinidad and Tobago,TTO,20200219,0.00,,0.00,,0.00,,0.00,,0.00,,0.00,,0.00,,2.00,0.00,,0.00,0.00,0.00,1.00,1,0.00,0.00,0.00,0.00,,,,11.11,11.11,16.67,16.67,7.69,7.69,9.09,9.09,0.00,0.00
Trinidad and Tobago,TTO,20200220,0.00,,0.00,,0.00,,0.00,,0.00,,0.00,,0.00,,2.00,0.00,,0.00,0.00,0.00,1.00,1,0.00,0.00,0.00,0.00,,,,11.11,11.11,16.67,16.67,7.69,7.69,9.09,9.09,0.00,0.00
Trinidad and Tobago,TTO,20200221,0.00,,0.00,,0.00,,0.00,,0.00,,0.00,,0.00,,2.00,0.00,,0.00,0.00,0.00,1.00,1,0.00,0.00,0.00,0.00,,,,11.11,11.11,16.67,16.67,7.69,7.69,9.09,9.09,0.00,0.00
Trinidad and Tobago,TTO,20200222,0.00,,0.00,,0.00,,0.00,,0.00,,0.00,,0.00,,2.00,0.00,,0.00,0.00,0.00,1.00,1,0.00,0.00,0.00,0.00,,,,11.11,11.11,16.67,16.67,7.69,7.69,9.09,9.09,0.00,0.00
Trinidad and Tobago,TTO,20200223,0.00,,0.00,,0.00,,0.00,,0.00,,0.00,,0.00,,2.00,0.00,,0.00,0.00,0.00,1.00,1,0.00,0.00,0.00,0.00,,,,11.11,11.11,16.67,16.67,7.69,7.69,9.09,9.09,0.00,0.00
Trinidad and Tobago,TTO,20200224,0.00,,0.00,,0.00,,0.00,,0.00,,0.00,,0.00,,2.00,0.00,,0.00,0.00,0.00,1.00,1,0.00,0.00,0.00,0.00,,,,11.11,11.11,16.67,16.67,7.69,7.69,9.09,9.09,0.00,0.00
Trinidad and Tobago,TTO,20200225,0.00,,0.00,,0.00,,0.00,,0.00,,0.00,,0.00,,2.00,0.00,,0.00,0.00,0.00,1.00,1,0.00,0.00,0.00,0.00,,,,11.11,11.11,16.67,16.67,7.69,7.69,9.09,9.09,0.00,0.00
Trinidad and Tobago,TTO,20200226,0.00,,0.00,,0.00,,0.00,,0.00,,0.00,,0.00,,2.00,0.00,,0.00,0.00,0.00,1.00,1,0.00,0.00,0.00,0.00,,,,11.11,11.11,16.67,16.67,7.69,7.69,9.09,9.09,0.00,0.00
Trinidad and Tobago,TTO,20200227,0.00,,0.00,,0.00,,0.00,,0.00,,0.00,,0.00,,2.00,0.00,,0.00,0.00,0.00,1.00,1,0.00,0.00,0.00,0.00,,,,11.11,11.11,16.67,16.67,7.69,7.69,9.09,9.09,0.00,0.00
Trinidad and Tobago,TTO,20200228,0.00,,0.00,,0.00,,0.00,,0.00,,0.00,,0.00,,2.00,0.00,,0.00,0.00,0.00,1.00,1,0.00,0.00,0.00,0.00,,,,11.11,11.11,16.67,16.67,7.69,7.69,9.09,9.09,0.00,0.00
Trinidad and Tobago,TTO,20200229,0.00,,0.00,,0.00,,0.00,,0.00,,0.00,,0.00,,2.00,0.00,,0.00,0.00,0.00,1.00,1,0.00,0.00,0.00,0.00,,,,11.11,11.11,16.67,16.67,7.69,7.69,9.09,9.09,0.00,0.00
Trinidad and Tobago,TTO,20200301,0.00,,0.00,,0.00,,0.00,,0.00,,0.00,,0.00,,2.00,0.00,,0.00,0.00,0.00,1.00,1,0.00,0.00,0.00,0.00,,,,11.11,11.11,16.67,16.67,7.69,7.69,9.09,9.09,0.00,0.00
Trinidad and Tobago,TTO,20200302,0.00,,0.00,,0.00,,0.00,,0.00,,0.00,,0.00,,2.00,0.00,,0.00,0.00,0.00,1.00,1,0.00,0.00,0.00,0.00,,,,11.11,11.11,16.67,16.67,7.69,7.69,9.09,9.09,0.00,0.00
Trinidad and Tobago,TTO,20200303,0.00,,0.00,,0.00,,0.00,,0.00,,0.00,,0.00,,2.00,0.00,,0.00,0.00,0.00,1.00,1,0.00,0.00,0.00,0.00,,,,11.11,11.11,16.67,16.67,7.69,7.69,9.09,9.09,0.00,0.00
Trinidad and Tobago,TTO,20200304,0.00,,0.00,,0.00,,0.00,,0.00,,0.00,,0.00,,2.00,0.00,,0.00,0.00,0.00,2.00,1,1.00,0.00,0.00,0.00,,,,16.67,16.67,21.43,21.43,14.10,14.10,16.67,16.67,0.00,0.00
Trinidad and Tobago,TTO,20200305,0.00,,0.00,,0.00,,0.00,,0.00,,0.00,,0.00,,2.00,0.00,,0.00,0.00,0.00,2.00,1,1.00,0.00,0.00,0.00,,,,16.67,16.67,21.43,21.43,14.10,14.10,16.67,16.67,0.00,0.00
Trinidad and Tobago,TTO,20200306,0.00,,0.00,,0.00,,0.00,,0.00,,0.00,,0.00,,2.00,0.00,,0.00,0.00,0.00,2.00,1,1.00,0.00,0.00,0.00,,,,16.67,16.67,21.43,21.43,14.10,14.10,16.67,16.67,0.00,0.00
Trinidad and Tobago,TTO,20200307,0.00,,0.00,,0.00,,0.00,,0.00,,0.00,,0.00,,2.00,0.00,,0.00,0.00,0.00,2.00,1,1.00,0.00,0.00,0.00,,,,16.67,16.67,21.43,21.43,14.10,14.10,16.67,16.67,0.00,0.00
Trinidad and Tobago,TTO,20200308,0.00,,0.00,,0.00,,0.00,,0.00,,0.00,,0.00,,2.00,0.00,,0.00,0.00,0.00,2.00,1,1.00,0.00,0.00,0.00,,,,16.67,16.67,21.43,21.43,14.10,14.10,16.67,16.67,0.00,0.00
Trinidad and Tobago,TTO,20200309,0.00,,0.00,,0.00,,0.00,,0.00,,0.00,,0.00,,2.00,0.00,,0.00,0.00,0.00,2.00,1,1.00,0.00,0.00,0.00,,,,16.67,16.67,21.43,21.43,14.10,14.10,16.67,16.67,0.00,0.00
Trinidad and Tobago,TTO,20200310,0.00,,0.00,,0.00,,0.00,,0.00,,0.00,,0.00,,2.00,0.00,,0.00,0.00,0.00,2.00,1,1.00,0.00,0.00,0.00,,,,16.67,16.67,21.43,21.43,14.10,14.10,16.67,16.67,0.00,0.00
Trinidad and Tobago,TTO,20200311,0.00,,0.00,,0.00,,0.00,,0.00,,0.00,,0.00,,2.00,0.00,,0.00,0.00,0.00,2.00,1,1.00,0.00,0.00,0.00,,,,16.67,16.67,21.43,21.43,14.10,14.10,16.67,16.67,0.00,0.00
Trinidad and Tobago,TTO,20200312,0.00,,0.00,,0.00,,0.00,,0.00,,0.00,,0.00,,2.00,0.00,,0.00,0.00,0.00,2.00,1,1.00,0.00,0.00,0.00,,,,16.67,16.67,21.43,21.43,14.10,14.10,16.67,16.67,0.00,0.00
Trinidad and Tobago,TTO,20200313,0.00,,1.00,1,0.00,,0.00,,0.00,,0.00,,0.00,,2.00,0.00,,0.00,0.00,0.00,2.00,1,1.00,2.00,0.00,0.00,,1,0,20.37,20.37,28.57,28.57,24.36,24.36,28.79,28.79,0.00,0.00
Trinidad and Tobago,TTO,20200314,3.00,1,1.00,1,0.00,,0.00,,0.00,,0.00,,0.00,,2.00,0.00,,0.00,0.00,0.00,2.00,1,1.00,2.00,0.00,0.00,,2,0,31.48,31.48,42.86,42.86,32.05,32.05,37.88,37.88,0.00,0.00
Trinidad and Tobago,TTO,20200315,3.00,1,1.00,1,0.00,,0.00,,0.00,,0.00,,0.00,,2.00,0.00,,0.00,0.00,0.00,2.00,1,1.00,2.00,0.00,0.00,,2,0,31.48,31.48,42.86,42.86,32.05,32.05,37.88,37.88,0.00,0.00
Trinidad and Tobago,TTO,20200316,3.00,1,1.00,1,1.00,1,3.00,1,0.00,,0.00,,0.00,,2.00,0.00,,0.00,0.00,0.00,2.00,1,1.00,2.00,0.00,0.00,,4,0,45.37,45.37,54.29,54.29,41.67,41.67,49.24,49.24,0.00,0.00
Trinidad and Tobago,TTO,20200317,3.00,1,2.00,1,1.00,1,3.00,1,0.00,,0.00,,0.00,,2.00,0.00,,0.00,384507099.83,0.00,2.00,1,1.00,2.00,0.00,0.00,,5,0,49.07,49.07,57.86,57.86,44.23,44.23,52.27,52.27,0.00,0.00
Trinidad and Tobago,TTO,20200318,3.00,1,2.00,1,1.00,1,3.00,1,0.00,,0.00,,0.00,,2.00,0.00,,0.00,0.00,0.00,2.00,1,1.00,2.00,0.00,0.00,,7,0,49.07,49.07,57.86,57.86,44.23,44.23,52.27,52.27,0.00,0.00
Trinidad and Tobago,TTO,20200319,3.00,1,2.00,1,1.00,1,3.00,1,0.00,,0.00,,0.00,,2.00,0.00,,1.00,0.00,0.00,2.00,1,1.00,2.00,0.00,0.00,,9,0,49.07,49.07,57.86,57.86,48.08,48.08,52.27,52.27,25.00,25.00
Trinidad and Tobago,TTO,20200320,3.00,1,2.00,1,1.00,1,3.00,1,0.00,,0.00,,0.00,,2.00,0.00,,1.00,0.00,0.00,2.00,1,1.00,2.00,0.00,0.00,,9,0,49.07,49.07,57.86,57.86,48.08,48.08,52.27,52.27,25.00,25.00
Trinidad and Tobago,TTO,20200321,3.00,1,2.00,1,2.00,1,3.00,1,0.00,,0.00,,0.00,,2.00,0.00,,1.00,0.00,0.00,2.00,1,1.00,2.00,0.00,0.00,,9,0,54.63,54.63,60.71,60.71,51.92,51.92,56.82,56.82,25.00,25.00
Trinidad and Tobago,TTO,20200322,3.00,1,2.00,1,2.00,1,3.00,1,0.00,,0.00,,0.00,,2.00,0.00,,1.00,0.00,0.00,2.00,1,1.00,2.00,0.00,0.00,,49,0,54.63,54.63,60.71,60.71,51.92,51.92,56.82,56.82,25.00,25.00
Trinidad and Tobago,TTO,20200323,3.00,1,2.00,1,2.00,1,3.00,1,0.00,,0.00,,0.00,,4.00,0.00,,1.00,22965010.66,0.00,2.00,1,2.00,2.00,0.00,0.00,,50,0,60.19,60.19,67.86,67.86,58.33,58.33,64.39,64.39,25.00,25.00
Trinidad and Tobago,TTO,20200324,3.00,1,2.00,1,2.00,1,3.00,1,0.00,,0.00,,0.00,,4.00,0.00,,1.00,0.00,0.00,2.00,1,2.00,2.00,0.00,0.00,,51,0,60.19,60.19,67.86,67.86,58.33,58.33,64.39,64.39,25.00,25.00
Trinidad and Tobago,TTO,20200325,3.00,1,2.00,1,2.00,1,3.00,1,0.00,,0.00,,0.00,,4.00,0.00,,1.00,0.00,0.00,2.00,1,2.00,2.00,0.00,0.00,,57,0,60.19,60.19,67.86,67.86,58.33,58.33,64.39,64.39,25.00,25.00
Trinidad and Tobago,TTO,20200326,3.00,1,2.00,1,2.00,1,3.00,1,0.00,,0.00,,0.00,,4.00,0.00,,1.00,0.00,0.00,2.00,1,2.00,2.00,23260773.00,0.00,,60,1,60.19,60.19,67.86,67.86,58.33,58.33,64.39,64.39,25.00,25.00
Trinidad and Tobago,TTO,20200327,3.00,1,2.00,1,2.00,1,3.00,1,0.00,,0.00,,0.00,,4.00,0.00,,1.00,0.00,0.00,2.00,1,2.00,2.00,0.00,0.00,,65,1,60.19,60.19,67.86,67.86,58.33,58.33,64.39,64.39,25.00,25.00
Trinidad and Tobago,TTO,20200328,3.00,1,2.00,1,2.00,1,3.00,1,0.00,,0.00,,0.00,,4.00,0.00,,1.00,0.00,0.00,2.00,1,2.00,2.00,0.00,0.00,,66,2,60.19,60.19,67.86,67.86,58.33,58.33,64.39,64.39,25.00,25.00
Trinidad and Tobago,TTO,20200329,3.00,1,2.00,1,2.00,1,3.00,1,1.00,1,0.00,,0.00,,4.00,0.00,,1.00,0.00,0.00,2.00,1,2.00,2.00,0.00,0.00,,74,2,65.74,65.74,77.38,77.38,62.18,62.18,68.94,68.94,25.00,25.00
Trinidad and Tobago,TTO,20200330,3.00,1,3.00,1,2.00,1,3.00,1,1.00,1,2.00,1,0.00,,4.00,0.00,,1.00,0.00,0.00,2.00,1,2.00,2.00,0.00,0.00,,78,3,76.85,76.85,91.67,91.67,69.87,69.87,78.03,78.03,25.00,25.00
Trinidad and Tobago,TTO,20200331,3.00,1,3.00,1,2.00,1,4.00,1,1.00,1,2.00,1,0.00,,4.00,0.00,,1.00,0.00,0.00,2.00,1,2.00,2.00,0.00,0.00,,85,3,79.63,79.63,91.67,91.67,71.79,71.79,80.30,80.30,25.00,25.00
Trinidad and Tobago,TTO,20200401,3.00,1,3.00,1,2.00,1,4.00,1,1.00,1,2.00,1,0.00,,4.00,0.00,,1.00,0.00,0.00,2.00,1,2.00,2.00,0.00,0.00,,87,3,79.63,79.63,91.67,91.67,71.79,71.79,80.30,80.30,25.00,25.00
Trinidad and Tobago,TTO,20200402,3.00,1,3.00,1,2.00,1,4.00,1,1.00,1,2.00,1,0.00,,4.00,0.00,,1.00,0.00,0.00,2.00,1,2.00,2.00,0.00,0.00,,89,5,79.63,79.63,91.67,91.67,71.79,71.79,80.30,80.30,25.00,25.00
Trinidad and Tobago,TTO,20200403,3.00,1,3.00,1,2.00,1,4.00,1,1.00,1,2.00,1,0.00,,4.00,0.00,,1.00,0.00,0.00,2.00,1,2.00,2.00,0.00,0.00,,97,6,79.63,79.63,91.67,91.67,71.79,71.79,80.30,80.30,25.00,25.00
Trinidad and Tobago,TTO,20200404,3.00,1,3.00,1,2.00,1,4.00,1,1.00,1,2.00,1,0.00,,4.00,0.00,,1.00,0.00,0.00,2.00,1,2.00,2.00,0.00,0.00,,100,6,79.63,79.63,91.67,91.67,71.79,71.79,80.30,80.30,25.00,25.00
Trinidad and Tobago,TTO,20200405,3.00,1,3.00,1,2.00,1,4.00,1,1.00,1,2.00,1,0.00,,4.00,0.00,,1.00,0.00,0.00,2.00,1,2.00,2.00,0.00,0.00,,103,6,79.63,79.63,91.67,91.67,71.79,71.79,80.30,80.30,25.00,25.00
Trinidad and Tobago,TTO,20200406,3.00,1,3.00,1,2.00,1,4.00,1,1.00,1,2.00,1,0.00,,4.00,0.00,,1.00,0.00,0.00,2.00,1,2.00,2.00,0.00,0.00,,104,7,79.63,79.63,91.67,91.67,71.79,71.79,80.30,80.30,25.00,25.00
Trinidad and Tobago,TTO,20200407,3.00,1,3.00,1,2.00,1,4.00,1,1.00,1,2.00,1,0.00,,4.00,0.00,,1.00,0.00,0.00,2.00,1,2.00,2.00,0.00,0.00,,105,8,79.63,79.63,91.67,91.67,71.79,71.79,80.30,80.30,25.00,25.00
Trinidad and Tobago,TTO,20200408,3.00,1,3.00,1,2.00,1,4.00,1,1.00,1,2.00,1,0.00,,4.00,0.00,,1.00,0.00,0.00,2.00,1,2.00,2.00,0.00,0.00,,107,8,79.63,79.63,91.67,91.67,71.79,71.79,80.30,80.30,25.00,25.00
Trinidad and Tobago,TTO,20200409,3.00,1,3.00,1,2.00,1,4.00,1,1.00,1,2.00,1,0.00,,4.00,0.00,,1.00,0.00,0.00,2.00,1,2.00,2.00,0.00,0.00,,107,8,79.63,79.63,91.67,91.67,71.79,71.79,80.30,80.30,25.00,25.00
Trinidad and Tobago,TTO,20200410,3.00,1,3.00,1,2.00,1,4.00,1,1.00,1,2.00,1,0.00,,4.00,0.00,,1.00,0.00,0.00,2.00,1,2.00,2.00,0.00,0.00,,109,8,79.63,79.63,91.67,91.67,71.79,71.79,80.30,80.30,25.00,25.00
Trinidad and Tobago,TTO,20200411,3.00,1,3.00,1,2.00,1,4.00,1,1.00,1,2.00,1,0.00,,4.00,0.00,,1.00,0.00,0.00,2.00,1,2.00,2.00,0.00,0.00,,109,8,79.63,79.63,91.67,91.67,71.79,71.79,80.30,80.30,25.00,25.00
Trinidad and Tobago,TTO,20200412,3.00,1,3.00,1,2.00,1,4.00,1,1.00,1,2.00,1,0.00,,4.00,0.00,,1.00,0.00,0.00,2.00,1,2.00,2.00,0.00,0.00,,112,8,79.63,79.63,91.67,91.67,71.79,71.79,80.30,80.30,25.00,25.00
Trinidad and Tobago,TTO,20200413,3.00,1,3.00,1,2.00,1,4.00,1,1.00,1,2.00,1,0.00,,4.00,0.00,,1.00,0.00,0.00,2.00,1,2.00,2.00,0.00,0.00,,113,8,79.63,79.63,91.67,91.67,71.79,71.79,80.30,80.30,25.00,25.00
Trinidad and Tobago,TTO,20200414,3.00,1,3.00,1,2.00,1,4.00,1,1.00,1,2.00,1,0.00,,4.00,0.00,,1.00,0.00,0.00,2.00,1,2.00,2.00,0.00,0.00,,113,8,79.63,79.63,91.67,91.67,71.79,71.79,80.30,80.30,25.00,25.00
Trinidad and Tobago,TTO,20200415,3.00,1,3.00,1,2.00,1,4.00,1,1.00,1,2.00,1,0.00,,4.00,0.00,,1.00,50400000.00,0.00,2.00,1,2.00,2.00,0.00,0.00,,113,8,79.63,79.63,91.67,91.67,71.79,71.79,80.30,80.30,25.00,25.00
Trinidad and Tobago,TTO,20200416,3.00,1,3.00,1,2.00,1,4.00,1,1.00,1,2.00,1,0.00,,4.00,0.00,,1.00,0.00,0.00,2.00,1,2.00,2.00,0.00,0.00,,114,8,79.63,79.63,91.67,91.67,71.79,71.79,80.30,80.30,25.00,25.00
Trinidad and Tobago,TTO,20200417,3.00,1,3.00,1,2.00,1,4.00,1,1.00,1,2.00,1,0.00,,4.00,0.00,,1.00,0.00,0.00,2.00,1,2.00,2.00,0.00,0.00,,114,8,79.63,79.63,91.67,91.67,71.79,71.79,80.30,80.30,25.00,25.00
Trinidad and Tobago,TTO,20200418,3.00,1,3.00,1,2.00,1,4.00,1,1.00,1,2.00,1,0.00,,4.00,0.00,,1.00,0.00,0.00,2.00,1,2.00,2.00,0.00,0.00,,114,8,79.63,79.63,91.67,91.67,71.79,71.79,80.30,80.30,25.00,25.00
Trinidad and Tobago,TTO,20200419,3.00,1,3.00,1,2.00,1,4.00,1,1.00,1,2.00,1,0.00,,4.00,0.00,,1.00,0.00,0.00,2.00,1,2.00,2.00,0.00,0.00,,114,8,79.63,79.63,91.67,91.67,71.79,71.79,80.30,80.30,25.00,25.00
Trinidad and Tobago,TTO,20200420,3.00,1,3.00,1,2.00,1,4.00,1,1.00,1,2.00,1,0.00,,4.00,0.00,,1.00,0.00,0.00,2.00,1,2.00,2.00,0.00,0.00,,114,8,79.63,79.63,91.67,91.67,71.79,71.79,80.30,80.30,25.00,25.00
Trinidad and Tobago,TTO,20200421,3.00,1,3.00,1,2.00,1,4.00,1,1.00,1,2.00,1,0.00,,4.00,0.00,,1.00,0.00,0.00,2.00,1,2.00,2.00,0.00,0.00,,114,8,79.63,79.63,91.67,91.67,71.79,71.79,80.30,80.30,25.00,25.00
Trinidad and Tobago,TTO,20200422,3.00,1,3.00,1,2.00,1,4.00,1,1.00,1,2.00,1,0.00,,4.00,0.00,,1.00,0.00,0.00,2.00,1,2.00,2.00,0.00,0.00,,115,8,79.63,79.63,91.67,91.67,71.79,71.79,80.30,80.30,25.00,25.00
Trinidad and Tobago,TTO,20200423,3.00,1,3.00,1,2.00,1,4.00,1,1.00,1,2.00,1,0.00,,4.00,0.00,,1.00,0.00,0.00,2.00,1,2.00,2.00,0.00,0.00,,115,8,79.63,79.63,91.67,91.67,71.79,71.79,80.30,80.30,25.00,25.00
Trinidad and Tobago,TTO,20200424,3.00,1,3.00,1,2.00,1,4.00,1,1.00,1,2.00,1,0.00,,4.00,0.00,,1.00,0.00,0.00,2.00,1,2.00,2.00,0.00,0.00,,115,8,79.63,79.63,91.67,91.67,71.79,71.79,80.30,80.30,25.00,25.00
Trinidad and Tobago,TTO,20200425,3.00,1,3.00,1,2.00,1,4.00,1,1.00,1,2.00,1,0.00,,4.00,0.00,,1.00,0.00,0.00,2.00,1,2.00,2.00,0.00,0.00,,115,8,79.63,79.63,91.67,91.67,71.79,71.79,80.30,80.30,25.00,25.00
Trinidad and Tobago,TTO,20200426,3.00,1,3.00,1,2.00,1,4.00,1,1.00,1,2.00,1,0.00,,4.00,0.00,,1.00,0.00,0.00,2.00,1,2.00,2.00,0.00,0.00,,115,8,79.63,79.63,91.67,91.67,71.79,71.79,80.30,80.30,25.00,25.00
Trinidad and Tobago,TTO,20200427,3.00,1,3.00,1,2.00,1,4.00,1,1.00,1,2.00,1,2.00,1,4.00,0.00,,1.00,0.00,0.00,2.00,1,2.00,2.00,0.00,0.00,,116,8,90.74,90.74,95.24,95.24,79.49,79.49,89.39,89.39,25.00,25.00
Trinidad and Tobago,TTO,20200428,3.00,1,3.00,1,2.00,1,4.00,1,1.00,1,2.00,1,2.00,1,4.00,2.00,1,1.00,0.00,0.00,2.00,1,2.00,2.00,0.00,0.00,,116,8,90.74,90.74,95.24,95.24,87.18,87.18,89.39,89.39,75.00,75.00
Trinidad and Tobago,TTO,20200429,3.00,1,3.00,1,2.00,1,4.00,1,1.00,1,2.00,1,2.00,1,4.00,2.00,1,1.00,0.00,0.00,2.00,1,2.00,2.00,0.00,0.00,,116,8,90.74,90.74,95.24,95.24,87.18,87.18,89.39,89.39,75.00,75.00
Trinidad and Tobago,TTO,20200430,3.00,1,3.00,1,2.00,1,4.00,1,1.00,1,2.00,1,2.00,1,4.00,2.00,1,1.00,0.00,0.00,2.00,1,2.00,2.00,0.00,0.00,,116,8,90.74,90.74,95.24,95.24,87.18,87.18,89.39,89.39,75.00,75.00
Trinidad and Tobago,TTO,20200501,3.00,1,3.00,1,2.00,1,4.00,1,1.00,1,2.00,1,2.00,1,4.00,2.00,1,1.00,0.00,0.00,2.00,1,1.00,2.00,0.00,0.00,,116,8,90.74,90.74,95.24,95.24,84.62,84.62,86.36,86.36,75.00,75.00
Trinidad and Tobago,TTO,20200502,3.00,1,3.00,1,2.00,1,4.00,1,1.00,1,2.00,1,2.00,1,4.00,2.00,1,1.00,0.00,0.00,2.00,1,1.00,2.00,0.00,0.00,,116,8,90.74,90.74,95.24,95.24,84.62,84.62,86.36,86.36,75.00,75.00
Trinidad and Tobago,TTO,20200503,3.00,1,3.00,1,2.00,1,4.00,1,1.00,1,2.00,1,2.00,1,4.00,2.00,1,1.00,0.00,0.00,2.00,1,1.00,2.00,0.00,0.00,,116,8,90.74,90.74,95.24,95.24,84.62,84.62,86.36,86.36,75.00,75.00
Trinidad and Tobago,TTO,20200504,3.00,1,3.00,1,2.00,1,4.00,1,1.00,1,2.00,1,2.00,1,4.00,2.00,1,1.00,0.00,0.00,2.00,1,1.00,2.00,0.00,0.00,,116,8,90.74,90.74,95.24,95.24,84.62,84.62,86.36,86.36,75.00,75.00
Trinidad and Tobago,TTO,20200505,3.00,1,3.00,1,2.00,1,4.00,1,1.00,1,2.00,1,2.00,1,4.00,2.00,1,1.00,0.00,0.00,2.00,1,1.00,2.00,0.00,0.00,,116,8,90.74,90.74,95.24,95.24,84.62,84.62,86.36,86.36,75.00,75.00
Trinidad and Tobago,TTO,20200506,3.00,1,3.00,1,2.00,1,4.00,1,1.00,1,2.00,1,2.00,1,4.00,2.00,1,1.00,0.00,0.00,2.00,1,1.00,2.00,0.00,0.00,,116,8,90.74,90.74,95.24,95.24,84.62,84.62,86.36,86.36,75.00,75.00
Trinidad and Tobago,TTO,20200507,3.00,1,3.00,1,2.00,1,4.00,1,1.00,1,2.00,1,2.00,1,4.00,2.00,1,1.00,0.00,0.00,2.00,1,1.00,2.00,0.00,0.00,,116,8,90.74,90.74,95.24,95.24,84.62,84.62,86.36,86.36,75.00,75.00
Trinidad and Tobago,TTO,20200508,3.00,1,3.00,1,2.00,1,4.00,1,1.00,1,2.00,1,2.00,1,4.00,2.00,1,1.00,0.00,0.00,2.00,1,1.00,2.00,0.00,0.00,,116,8,90.74,90.74,95.24,95.24,84.62,84.62,86.36,86.36,75.00,75.00
Trinidad and Tobago,TTO,20200509,3.00,1,3.00,1,2.00,1,4.00,1,1.00,1,2.00,1,2.00,1,4.00,2.00,1,1.00,0.00,0.00,2.00,1,1.00,2.00,0.00,0.00,,116,8,90.74,90.74,95.24,95.24,84.62,84.62,86.36,86.36,75.00,75.00
Trinidad and Tobago,TTO,20200510,3.00,1,3.00,1,2.00,1,4.00,1,1.00,1,2.00,1,2.00,1,4.00,2.00,1,1.00,0.00,0.00,2.00,1,1.00,2.00,0.00,0.00,,116,8,90.74,90.74,95.24,95.24,84.62,84.62,86.36,86.36,75.00,75.00
Trinidad and Tobago,TTO,20200511,3.00,1,3.00,1,2.00,1,4.00,1,1.00,1,2.00,1,2.00,1,4.00,2.00,1,1.00,0.00,0.00,2.00,1,1.00,2.00,0.00,0.00,,116,8,90.74,90.74,95.24,95.24,84.62,84.62,86.36,86.36,75.00,75.00
Trinidad and Tobago,TTO,20200512,3.00,1,3.00,1,2.00,1,4.00,1,1.00,1,2.00,1,2.00,1,4.00,2.00,1,1.00,0.00,0.00,2.00,1,1.00,2.00,0.00,0.00,,116,8,90.74,90.74,95.24,95.24,84.62,84.62,86.36,86.36,75.00,75.00
Trinidad and Tobago,TTO,20200513,3.00,1,3.00,1,2.00,1,4.00,1,1.00,1,2.00,1,2.00,1,4.00,2.00,1,1.00,0.00,0.00,2.00,1,1.00,2.00,0.00,0.00,,116,8,90.74,90.74,95.24,95.24,84.62,84.62,86.36,86.36,75.00,75.00
Trinidad and Tobago,TTO,20200514,3.00,1,3.00,1,2.00,1,4.00,1,1.00,1,2.00,1,2.00,1,4.00,2.00,1,1.00,0.00,0.00,2.00,1,1.00,2.00,0.00,0.00,,116,8,90.74,90.74,95.24,95.24,84.62,84.62,86.36,86.36,75.00,75.00
Trinidad and Tobago,TTO,20200515,3.00,1,3.00,1,2.00,1,4.00,1,1.00,1,2.00,1,2.00,1,4.00,2.00,1,1.00,0.00,0.00,2.00,1,1.00,2.00,0.00,0.00,,116,8,90.74,90.74,95.24,95.24,84.62,84.62,86.36,86.36,75.00,75.00
Trinidad and Tobago,TTO,20200516,3.00,1,3.00,1,2.00,1,4.00,1,1.00,1,2.00,1,2.00,1,4.00,2.00,1,1.00,0.00,0.00,2.00,1,1.00,2.00,0.00,0.00,,116,8,90.74,90.74,95.24,95.24,84.62,84.62,86.36,86.36,75.00,75.00
Trinidad and Tobago,TTO,20200517,3.00,1,3.00,1,2.00,1,4.00,1,1.00,1,2.00,1,2.00,1,4.00,2.00,1,1.00,0.00,0.00,2.00,1,1.00,2.00,0.00,0.00,,116,8,90.74,90.74,95.24,95.24,84.62,84.62,86.36,86.36,75.00,75.00
Trinidad and Tobago,TTO,20200518,3.00,1,3.00,1,2.00,1,4.00,1,1.00,1,2.00,1,2.00,1,4.00,2.00,1,1.00,0.00,0.00,2.00,1,1.00,2.00,0.00,0.00,,116,8,90.74,90.74,95.24,95.24,84.62,84.62,86.36,86.36,75.00,75.00
Trinidad and Tobago,TTO,20200519,3.00,1,3.00,1,2.00,1,4.00,1,1.00,1,2.00,1,2.00,1,4.00,2.00,1,1.00,0.00,0.00,2.00,1,1.00,2.00,0.00,0.00,,116,8,90.74,90.74,95.24,95.24,84.62,84.62,86.36,86.36,75.00,75.00
Trinidad and Tobago,TTO,20200520,3.00,1,3.00,1,2.00,1,4.00,1,1.00,1,2.00,1,2.00,1,4.00,2.00,1,1.00,0.00,0.00,2.00,1,1.00,2.00,0.00,0.00,,116,8,90.74,90.74,95.24,95.24,84.62,84.62,86.36,86.36,75.00,75.00
Trinidad and Tobago,TTO,20200521,3.00,1,2.00,1,2.00,1,4.00,1,1.00,1,2.00,1,2.00,1,4.00,2.00,1,1.00,0.00,0.00,2.00,1,1.00,2.00,0.00,0.00,,116,8,87.04,87.04,91.67,91.67,82.05,82.05,83.33,83.33,75.00,75.00
Trinidad and Tobago,TTO,20200522,3.00,1,2.00,1,2.00,1,4.00,1,1.00,1,2.00,1,2.00,1,4.00,2.00,1,1.00,0.00,0.00,2.00,1,1.00,2.00,0.00,0.00,,116,8,87.04,87.04,91.67,91.67,82.05,82.05,83.33,83.33,75.00,75.00
Trinidad and Tobago,TTO,20200523,3.00,1,2.00,1,2.00,1,4.00,1,1.00,1,2.00,1,2.00,1,4.00,2.00,1,1.00,0.00,0.00,2.00,1,1.00,2.00,0.00,0.00,,116,8,87.04,87.04,91.67,91.67,82.05,82.05,83.33,83.33,75.00,75.00
Trinidad and Tobago,TTO,20200524,3.00,1,2.00,1,2.00,1,4.00,1,1.00,1,2.00,1,2.00,1,4.00,2.00,1,1.00,0.00,0.00,2.00,1,1.00,2.00,0.00,0.00,,116,8,87.04,87.04,91.67,91.67,82.05,82.05,83.33,83.33,75.00,75.00
Trinidad and Tobago,TTO,20200525,3.00,1,2.00,1,2.00,1,4.00,1,1.00,1,2.00,1,2.00,1,4.00,2.00,1,1.00,0.00,0.00,2.00,1,1.00,2.00,0.00,0.00,,116,8,87.04,87.04,91.67,91.67,82.05,82.05,83.33,83.33,75.00,75.00
Trinidad and Tobago,TTO,20200526,3.00,1,2.00,1,2.00,1,4.00,1,1.00,1,2.00,1,2.00,1,4.00,2.00,1,1.00,0.00,0.00,2.00,1,1.00,2.00,0.00,0.00,,116,8,87.04,87.04,91.67,91.67,82.05,82.05,83.33,83.33,75.00,75.00
Trinidad and Tobago,TTO,20200527,3.00,1,2.00,1,2.00,1,4.00,1,1.00,1,2.00,1,2.00,1,4.00,2.00,1,1.00,0.00,0.00,2.00,1,1.00,2.00,0.00,0.00,,116,8,87.04,87.04,91.67,91.67,82.05,82.05,83.33,83.33,75.00,75.00
Trinidad and Tobago,TTO,20200528,3.00,1,2.00,1,2.00,1,4.00,1,1.00,1,2.00,1,2.00,1,4.00,2.00,1,1.00,0.00,0.00,2.00,1,1.00,2.00,0.00,0.00,,116,8,87.04,87.04,91.67,91.67,82.05,82.05,83.33,83.33,75.00,75.00
Trinidad and Tobago,TTO,20200529,3.00,1,2.00,1,2.00,1,4.00,1,1.00,1,2.00,1,2.00,1,4.00,2.00,1,1.00,0.00,0.00,2.00,1,1.00,2.00,0.00,0.00,,116,8,87.04,87.04,91.67,91.67,82.05,82.05,83.33,83.33,75.00,75.00
Trinidad and Tobago,TTO,20200530,3.00,1,2.00,1,2.00,1,4.00,1,1.00,1,2.00,1,2.00,1,4.00,2.00,1,1.00,0.00,0.00,2.00,1,1.00,2.00,0.00,0.00,,116,8,87.04,87.04,91.67,91.67,82.05,82.05,83.33,83.33,75.00,75.00
Trinidad and Tobago,TTO,20200531,3.00,1,2.00,1,2.00,1,4.00,1,1.00,1,2.00,1,2.00,1,4.00,2.00,1,1.00,0.00,0.00,2.00,1,1.00,2.00,0.00,0.00,,117,8,87.04,87.04,91.67,91.67,82.05,82.05,83.33,83.33,75.00,75.00
Trinidad and Tobago,TTO,20200601,3.00,1,2.00,1,2.00,1,4.00,1,1.00,1,2.00,1,2.00,1,4.00,2.00,1,1.00,0.00,0.00,2.00,1,1.00,2.00,0.00,0.00,,117,8,87.04,87.04,91.67,91.67,82.05,82.05,83.33,83.33,75.00,75.00
Trinidad and Tobago,TTO,20200602,3.00,1,2.00,1,2.00,1,4.00,1,1.00,1,2.00,1,2.00,1,4.00,2.00,1,1.00,0.00,0.00,2.00,1,1.00,2.00,0.00,0.00,,117,8,87.04,87.04,91.67,91.67,82.05,82.05,83.33,83.33,75.00,75.00
Trinidad and Tobago,TTO,20200603,3.00,1,2.00,1,2.00,1,4.00,1,1.00,1,2.00,1,2.00,1,4.00,2.00,1,1.00,0.00,0.00,2.00,1,1.00,2.00,0.00,0.00,,117,8,87.04,87.04,91.67,91.67,82.05,82.05,83.33,83.33,75.00,75.00
Trinidad and Tobago,TTO,20200604,3.00,1,2.00,1,2.00,1,4.00,1,1.00,1,2.00,1,2.00,1,4.00,2.00,1,1.00,0.00,0.00,2.00,1,1.00,2.00,0.00,0.00,,117,8,87.04,87.04,91.67,91.67,82.05,82.05,83.33,83.33,75.00,75.00
Trinidad and Tobago,TTO,20200605,3.00,1,2.00,1,2.00,1,4.00,1,1.00,1,2.00,1,2.00,1,4.00,2.00,1,1.00,0.00,0.00,2.00,1,1.00,2.00,0.00,0.00,,117,8,87.04,87.04,91.67,91.67,82.05,82.05,83.33,83.33,75.00,75.00
Trinidad and Tobago,TTO,20200606,3.00,1,2.00,1,2.00,1,4.00,1,1.00,1,2.00,1,2.00,1,4.00,2.00,1,1.00,0.00,0.00,2.00,1,1.00,2.00,0.00,0.00,,117,8,87.04,87.04,91.67,91.67,82.05,82.05,83.33,83.33,75.00,75.00
Trinidad and Tobago,TTO,20200607,3.00,1,2.00,1,2.00,1,4.00,1,1.00,1,2.00,1,2.00,1,4.00,2.00,1,1.00,0.00,0.00,2.00,1,1.00,2.00,0.00,0.00,,117,8,87.04,87.04,91.67,91.67,82.05,82.05,83.33,83.33,75.00,75.00
Trinidad and Tobago,TTO,20200608,3.00,1,2.00,1,2.00,1,3.00,1,1.00,1,1.00,1,2.00,1,4.00,2.00,1,1.00,0.00,0.00,2.00,1,1.00,2.00,0.00,0.00,,117,8,80.56,80.56,91.67,91.67,77.56,77.56,78.03,78.03,75.00,75.00
Trinidad and Tobago,TTO,20200609,3.00,1,2.00,1,2.00,1,3.00,1,1.00,1,1.00,1,1.00,1,4.00,2.00,1,1.00,0.00,0.00,2.00,1,1.00,2.00,0.00,0.00,,117,8,75.00,75.00,86.90,86.90,73.72,73.72,73.48,73.48,75.00,75.00
Trinidad and Tobago,TTO,20200610,3.00,1,2.00,1,2.00,1,3.00,1,1.00,1,1.00,1,1.00,1,4.00,2.00,1,1.00,0.00,0.00,2.00,1,1.00,2.00,0.00,0.00,,117,8,75.00,75.00,86.90,86.90,73.72,73.72,73.48,73.48,75.00,75.00
Trinidad and Tobago,TTO,20200611,3.00,1,2.00,1,1.00,1,3.00,1,1.00,1,1.00,1,1.00,1,4.00,2.00,1,1.00,0.00,0.00,2.00,1,1.00,2.00,0.00,0.00,,117,8,69.44,69.44,84.05,84.05,69.87,69.87,68.94,68.94,75.00,75.00
Trinidad and Tobago,TTO,20200612,3.00,1,2.00,1,1.00,1,3.00,1,1.00,1,1.00,1,1.00,1,4.00,2.00,1,1.00,0.00,0.00,2.00,1,1.00,2.00,0.00,0.00,,117,8,69.44,69.44,84.05,84.05,69.87,69.87,68.94,68.94,75.00,75.00
Trinidad and Tobago,TTO,20200613,3.00,1,2.00,1,1.00,1,3.00,1,1.00,1,1.00,1,1.00,1,4.00,2.00,1,1.00,0.00,0.00,2.00,1,1.00,2.00,0.00,0.00,,117,8,69.44,69.44,84.05,84.05,69.87,69.87,68.94,68.94,75.00,75.00
Trinidad and Tobago,TTO,20200614,3.00,1,2.00,1,1.00,1,3.00,1,1.00,1,1.00,1,1.00,1,4.00,2.00,1,1.00,0.00,0.00,2.00,1,1.00,2.00,0.00,0.00,,117,8,69.44,69.44,84.05,84.05,69.87,69.87,68.94,68.94,75.00,75.00
Trinidad and Tobago,TTO,20200615,3.00,1,2.00,1,1.00,1,3.00,1,1.00,1,1.00,1,1.00,1,4.00,2.00,1,1.00,0.00,0.00,2.00,1,1.00,2.00,0.00,0.00,,123,8,69.44,69.44,84.05,84.05,69.87,69.87,68.94,68.94,75.00,75.00
Trinidad and Tobago,TTO,20200616,3.00,1,2.00,1,1.00,1,3.00,1,1.00,1,1.00,1,1.00,1,4.00,2.00,1,1.00,0.00,0.00,2.00,1,1.00,2.00,0.00,0.00,,123,8,69.44,69.44,84.05,84.05,69.87,69.87,68.94,68.94,75.00,75.00
Trinidad and Tobago,TTO,20200617,3.00,1,2.00,1,1.00,1,3.00,1,1.00,1,1.00,1,1.00,1,4.00,2.00,1,1.00,0.00,0.00,2.00,1,1.00,2.00,0.00,0.00,,123,8,69.44,69.44,84.05,84.05,69.87,69.87,68.94,68.94,75.00,75.00
Trinidad and Tobago,TTO,20200618,3.00,1,2.00,1,1.00,1,3.00,1,1.00,1,1.00,1,1.00,1,4.00,2.00,1,1.00,0.00,0.00,2.00,1,1.00,2.00,0.00,0.00,,123,8,69.44,69.44,84.05,84.05,69.87,69.87,68.94,68.94,75.00,75.00
Trinidad and Tobago,TTO,20200619,3.00,1,2.00,1,1.00,1,3.00,1,1.00,1,1.00,1,1.00,1,4.00,2.00,1,1.00,0.00,0.00,2.00,1,1.00,2.00,0.00,0.00,,123,8,69.44,69.44,84.05,84.05,69.87,69.87,68.94,68.94,75.00,75.00
Trinidad and Tobago,TTO,20200620,,,,,,,,,,,,,,,,,,,,,,,,,,,,123,8,,69.44,,84.05,,69.87,,68.94,,75.00
Trinidad and Tobago,TTO,20200621,,,,,,,,,,,,,,,,,,,,,,,,,,,,123,8,,69.44,,84.05,,69.87,,68.94,,75.00
Trinidad and Tobago,TTO,20200622,,,,,,,,,,,,,,,,,,,,,,,,,,,,123,8,,69.44,,84.05,,69.87,,68.94,,75.00
Trinidad and Tobago,TTO,20200623,,,,,,,,,,,,,,,,,,,,,,,,,,,,123,8,,69.44,,84.05,,69.87,,68.94,,75.00
