Tunisia,TUN,20200101,0.00,,0.00,,0.00,,0.00,,0.00,,0.00,,0.00,,0.00,0.00,,0.00,0.00,0.00,0.00,,0.00,0.00,0.00,0.00,,,,0.00,0.00,0.00,0.00,0.00,0.00,0.00,0.00,0.00,0.00
Tunisia,TUN,20200102,0.00,,0.00,,0.00,,0.00,,0.00,,0.00,,0.00,,0.00,0.00,,0.00,0.00,0.00,0.00,,0.00,0.00,0.00,0.00,,,,0.00,0.00,0.00,0.00,0.00,0.00,0.00,0.00,0.00,0.00
Tunisia,TUN,20200103,0.00,,0.00,,0.00,,0.00,,0.00,,0.00,,0.00,,0.00,0.00,,0.00,0.00,0.00,0.00,,0.00,0.00,0.00,0.00,,,,0.00,0.00,0.00,0.00,0.00,0.00,0.00,0.00,0.00,0.00
Tunisia,TUN,20200104,0.00,,0.00,,0.00,,0.00,,0.00,,0.00,,0.00,,0.00,0.00,,0.00,0.00,0.00,0.00,,0.00,0.00,0.00,0.00,,,,0.00,0.00,0.00,0.00,0.00,0.00,0.00,0.00,0.00,0.00
Tunisia,TUN,20200105,0.00,,0.00,,0.00,,0.00,,0.00,,0.00,,0.00,,0.00,0.00,,0.00,0.00,0.00,0.00,,0.00,0.00,0.00,0.00,,,,0.00,0.00,0.00,0.00,0.00,0.00,0.00,0.00,0.00,0.00
Tunisia,TUN,20200106,0.00,,0.00,,0.00,,0.00,,0.00,,0.00,,0.00,,0.00,0.00,,0.00,0.00,0.00,0.00,,0.00,0.00,0.00,0.00,,,,0.00,0.00,0.00,0.00,0.00,0.00,0.00,0.00,0.00,0.00
Tunisia,TUN,20200107,0.00,,0.00,,0.00,,0.00,,0.00,,0.00,,0.00,,0.00,0.00,,0.00,0.00,0.00,0.00,,0.00,0.00,0.00,0.00,,,,0.00,0.00,0.00,0.00,0.00,0.00,0.00,0.00,0.00,0.00
Tunisia,TUN,20200108,0.00,,0.00,,0.00,,0.00,,0.00,,0.00,,0.00,,0.00,0.00,,0.00,0.00,0.00,0.00,,0.00,0.00,0.00,0.00,,,,0.00,0.00,0.00,0.00,0.00,0.00,0.00,0.00,0.00,0.00
Tunisia,TUN,20200109,0.00,,0.00,,0.00,,0.00,,0.00,,0.00,,0.00,,0.00,0.00,,0.00,0.00,0.00,0.00,,0.00,0.00,0.00,0.00,,,,0.00,0.00,0.00,0.00,0.00,0.00,0.00,0.00,0.00,0.00
Tunisia,TUN,20200110,0.00,,0.00,,0.00,,0.00,,0.00,,0.00,,0.00,,0.00,0.00,,0.00,0.00,0.00,0.00,,0.00,0.00,0.00,0.00,,,,0.00,0.00,0.00,0.00,0.00,0.00,0.00,0.00,0.00,0.00
Tunisia,TUN,20200111,0.00,,0.00,,0.00,,0.00,,0.00,,0.00,,0.00,,0.00,0.00,,0.00,0.00,0.00,0.00,,0.00,0.00,0.00,0.00,,,,0.00,0.00,0.00,0.00,0.00,0.00,0.00,0.00,0.00,0.00
Tunisia,TUN,20200112,0.00,,0.00,,0.00,,0.00,,0.00,,0.00,,0.00,,0.00,0.00,,0.00,0.00,0.00,0.00,,0.00,0.00,0.00,0.00,,,,0.00,0.00,0.00,0.00,0.00,0.00,0.00,0.00,0.00,0.00
Tunisia,TUN,20200113,0.00,,0.00,,0.00,,0.00,,0.00,,0.00,,0.00,,0.00,0.00,,0.00,0.00,0.00,0.00,,0.00,0.00,0.00,0.00,,,,0.00,0.00,0.00,0.00,0.00,0.00,0.00,0.00,0.00,0.00
Tunisia,TUN,20200114,0.00,,0.00,,0.00,,0.00,,0.00,,0.00,,0.00,,0.00,0.00,,0.00,0.00,0.00,0.00,,0.00,0.00,0.00,0.00,,,,0.00,0.00,0.00,0.00,0.00,0.00,0.00,0.00,0.00,0.00
Tunisia,TUN,20200115,0.00,,0.00,,0.00,,0.00,,0.00,,0.00,,0.00,,0.00,0.00,,0.00,0.00,0.00,0.00,,0.00,0.00,0.00,0.00,,,,0.00,0.00,0.00,0.00,0.00,0.00,0.00,0.00,0.00,0.00
Tunisia,TUN,20200116,0.00,,0.00,,0.00,,0.00,,0.00,,0.00,,0.00,,0.00,0.00,,0.00,0.00,0.00,0.00,,0.00,0.00,0.00,0.00,,,,0.00,0.00,0.00,0.00,0.00,0.00,0.00,0.00,0.00,0.00
Tunisia,TUN,20200117,0.00,,0.00,,0.00,,0.00,,0.00,,0.00,,0.00,,0.00,0.00,,0.00,0.00,0.00,0.00,,0.00,0.00,0.00,0.00,,,,0.00,0.00,0.00,0.00,0.00,0.00,0.00,0.00,0.00,0.00
Tunisia,TUN,20200118,0.00,,0.00,,0.00,,0.00,,0.00,,0.00,,0.00,,0.00,0.00,,0.00,0.00,0.00,0.00,,0.00,0.00,0.00,0.00,,,,0.00,0.00,0.00,0.00,0.00,0.00,0.00,0.00,0.00,0.00
Tunisia,TUN,20200119,0.00,,0.00,,0.00,,0.00,,0.00,,0.00,,0.00,,0.00,0.00,,0.00,0.00,0.00,0.00,,0.00,0.00,0.00,0.00,,,,0.00,0.00,0.00,0.00,0.00,0.00,0.00,0.00,0.00,0.00
Tunisia,TUN,20200120,0.00,,0.00,,0.00,,0.00,,0.00,,0.00,,0.00,,0.00,0.00,,0.00,0.00,0.00,0.00,,0.00,0.00,0.00,0.00,,,,0.00,0.00,0.00,0.00,0.00,0.00,0.00,0.00,0.00,0.00
Tunisia,TUN,20200121,0.00,,0.00,,0.00,,0.00,,0.00,,0.00,,0.00,,0.00,0.00,,0.00,0.00,0.00,0.00,,0.00,0.00,0.00,0.00,,,,0.00,0.00,0.00,0.00,0.00,0.00,0.00,0.00,0.00,0.00
Tunisia,TUN,20200122,0.00,,0.00,,0.00,,0.00,,0.00,,0.00,,0.00,,0.00,0.00,,0.00,0.00,0.00,0.00,,0.00,0.00,0.00,0.00,,,,0.00,0.00,0.00,0.00,0.00,0.00,0.00,0.00,0.00,0.00
Tunisia,TUN,20200123,0.00,,0.00,,0.00,,0.00,,0.00,,0.00,,0.00,,0.00,0.00,,0.00,0.00,0.00,0.00,,0.00,0.00,0.00,0.00,,,,0.00,0.00,0.00,0.00,0.00,0.00,0.00,0.00,0.00,0.00
Tunisia,TUN,20200124,0.00,,0.00,,0.00,,0.00,,0.00,,0.00,,0.00,,0.00,0.00,,0.00,0.00,0.00,0.00,,0.00,0.00,0.00,0.00,,,,0.00,0.00,0.00,0.00,0.00,0.00,0.00,0.00,0.00,0.00
Tunisia,TUN,20200125,0.00,,0.00,,0.00,,0.00,,0.00,,0.00,,0.00,,0.00,0.00,,0.00,0.00,0.00,0.00,,0.00,0.00,0.00,0.00,,,,0.00,0.00,0.00,0.00,0.00,0.00,0.00,0.00,0.00,0.00
Tunisia,TUN,20200126,0.00,,0.00,,0.00,,0.00,,0.00,,0.00,,0.00,,0.00,0.00,,0.00,0.00,0.00,0.00,,0.00,0.00,0.00,0.00,,,,0.00,0.00,0.00,0.00,0.00,0.00,0.00,0.00,0.00,0.00
Tunisia,TUN,20200127,0.00,,0.00,,0.00,,0.00,,0.00,,0.00,,0.00,,0.00,0.00,,0.00,0.00,0.00,0.00,,0.00,0.00,0.00,0.00,,,,0.00,0.00,0.00,0.00,0.00,0.00,0.00,0.00,0.00,0.00
Tunisia,TUN,20200128,0.00,,0.00,,0.00,,0.00,,0.00,,0.00,,0.00,,0.00,0.00,,0.00,0.00,0.00,0.00,,0.00,0.00,0.00,0.00,,,,0.00,0.00,0.00,0.00,0.00,0.00,0.00,0.00,0.00,0.00
Tunisia,TUN,20200129,0.00,,0.00,,0.00,,0.00,,0.00,,0.00,,0.00,,0.00,0.00,,0.00,0.00,0.00,0.00,,0.00,0.00,0.00,0.00,,,,0.00,0.00,0.00,0.00,0.00,0.00,0.00,0.00,0.00,0.00
Tunisia,TUN,20200130,0.00,,0.00,,0.00,,0.00,,0.00,,0.00,,0.00,,0.00,0.00,,0.00,0.00,0.00,0.00,,0.00,0.00,0.00,0.00,,,,0.00,0.00,0.00,0.00,0.00,0.00,0.00,0.00,0.00,0.00
Tunisia,TUN,20200131,0.00,,0.00,,0.00,,0.00,,0.00,,0.00,,0.00,,0.00,0.00,,0.00,0.00,0.00,0.00,,0.00,0.00,0.00,0.00,,,,0.00,0.00,0.00,0.00,0.00,0.00,0.00,0.00,0.00,0.00
Tunisia,TUN,20200201,0.00,,0.00,,0.00,,0.00,,0.00,,0.00,,0.00,,0.00,0.00,,0.00,0.00,0.00,0.00,,0.00,0.00,0.00,0.00,,,,0.00,0.00,0.00,0.00,0.00,0.00,0.00,0.00,0.00,0.00
Tunisia,TUN,20200202,0.00,,0.00,,0.00,,0.00,,0.00,,0.00,,0.00,,0.00,0.00,,0.00,0.00,0.00,0.00,,0.00,0.00,0.00,0.00,,,,0.00,0.00,0.00,0.00,0.00,0.00,0.00,0.00,0.00,0.00
Tunisia,TUN,20200203,0.00,,0.00,,0.00,,0.00,,0.00,,0.00,,0.00,,0.00,0.00,,0.00,0.00,0.00,0.00,,0.00,0.00,0.00,0.00,,,,0.00,0.00,0.00,0.00,0.00,0.00,0.00,0.00,0.00,0.00
Tunisia,TUN,20200204,0.00,,0.00,,0.00,,0.00,,0.00,,0.00,,0.00,,0.00,0.00,,0.00,0.00,0.00,0.00,,0.00,0.00,0.00,0.00,,,,0.00,0.00,0.00,0.00,0.00,0.00,0.00,0.00,0.00,0.00
Tunisia,TUN,20200205,0.00,,0.00,,0.00,,0.00,,0.00,,0.00,,0.00,,0.00,0.00,,0.00,0.00,0.00,0.00,,0.00,0.00,0.00,0.00,,,,0.00,0.00,0.00,0.00,0.00,0.00,0.00,0.00,0.00,0.00
Tunisia,TUN,20200206,0.00,,0.00,,0.00,,0.00,,0.00,,0.00,,0.00,,0.00,0.00,,0.00,0.00,0.00,0.00,,0.00,0.00,0.00,0.00,,,,0.00,0.00,0.00,0.00,0.00,0.00,0.00,0.00,0.00,0.00
Tunisia,TUN,20200207,0.00,,0.00,,0.00,,0.00,,0.00,,0.00,,0.00,,0.00,0.00,,0.00,0.00,0.00,0.00,,0.00,0.00,0.00,0.00,,,,0.00,0.00,0.00,0.00,0.00,0.00,0.00,0.00,0.00,0.00
Tunisia,TUN,20200208,0.00,,0.00,,0.00,,0.00,,0.00,,0.00,,0.00,,0.00,0.00,,0.00,0.00,0.00,0.00,,0.00,0.00,0.00,0.00,,,,0.00,0.00,0.00,0.00,0.00,0.00,0.00,0.00,0.00,0.00
Tunisia,TUN,20200209,0.00,,0.00,,0.00,,0.00,,0.00,,0.00,,0.00,,0.00,0.00,,0.00,0.00,0.00,0.00,,0.00,0.00,0.00,0.00,,,,0.00,0.00,0.00,0.00,0.00,0.00,0.00,0.00,0.00,0.00
Tunisia,TUN,20200210,0.00,,0.00,,0.00,,0.00,,0.00,,0.00,,0.00,,0.00,0.00,,0.00,0.00,0.00,0.00,,0.00,0.00,0.00,0.00,,,,0.00,0.00,0.00,0.00,0.00,0.00,0.00,0.00,0.00,0.00
Tunisia,TUN,20200211,0.00,,0.00,,0.00,,0.00,,0.00,,0.00,,0.00,,0.00,0.00,,0.00,0.00,0.00,0.00,,0.00,0.00,0.00,0.00,,,,0.00,0.00,0.00,0.00,0.00,0.00,0.00,0.00,0.00,0.00
Tunisia,TUN,20200212,0.00,,0.00,,0.00,,0.00,,0.00,,0.00,,0.00,,0.00,0.00,,0.00,0.00,0.00,0.00,,0.00,0.00,0.00,0.00,,,,0.00,0.00,0.00,0.00,0.00,0.00,0.00,0.00,0.00,0.00
Tunisia,TUN,20200213,0.00,,0.00,,0.00,,0.00,,0.00,,0.00,,0.00,,0.00,0.00,,0.00,0.00,0.00,0.00,,0.00,0.00,0.00,0.00,,,,0.00,0.00,0.00,0.00,0.00,0.00,0.00,0.00,0.00,0.00
Tunisia,TUN,20200214,0.00,,0.00,,0.00,,0.00,,0.00,,0.00,,0.00,,0.00,0.00,,0.00,0.00,0.00,0.00,,0.00,0.00,0.00,0.00,,,,0.00,0.00,0.00,0.00,0.00,0.00,0.00,0.00,0.00,0.00
Tunisia,TUN,20200215,0.00,,0.00,,0.00,,0.00,,0.00,,0.00,,0.00,,0.00,0.00,,0.00,0.00,0.00,0.00,,0.00,0.00,0.00,0.00,,,,0.00,0.00,0.00,0.00,0.00,0.00,0.00,0.00,0.00,0.00
Tunisia,TUN,20200216,0.00,,0.00,,0.00,,0.00,,0.00,,0.00,,0.00,,0.00,0.00,,0.00,0.00,0.00,0.00,,0.00,0.00,0.00,0.00,,,,0.00,0.00,0.00,0.00,0.00,0.00,0.00,0.00,0.00,0.00
Tunisia,TUN,20200217,0.00,,0.00,,0.00,,0.00,,0.00,,0.00,,0.00,,0.00,0.00,,0.00,0.00,0.00,0.00,,0.00,0.00,0.00,0.00,,,,0.00,0.00,0.00,0.00,0.00,0.00,0.00,0.00,0.00,0.00
Tunisia,TUN,20200218,0.00,,0.00,,0.00,,0.00,,0.00,,0.00,,0.00,,0.00,0.00,,0.00,0.00,0.00,0.00,,0.00,0.00,0.00,0.00,,,,0.00,0.00,0.00,0.00,0.00,0.00,0.00,0.00,0.00,0.00
Tunisia,TUN,20200219,0.00,,0.00,,0.00,,0.00,,0.00,,0.00,,0.00,,0.00,0.00,,0.00,0.00,0.00,0.00,,0.00,0.00,0.00,0.00,,,,0.00,0.00,0.00,0.00,0.00,0.00,0.00,0.00,0.00,0.00
Tunisia,TUN,20200220,0.00,,0.00,,0.00,,0.00,,0.00,,0.00,,0.00,,0.00,0.00,,0.00,0.00,0.00,0.00,,0.00,0.00,0.00,0.00,,,,0.00,0.00,0.00,0.00,0.00,0.00,0.00,0.00,0.00,0.00
Tunisia,TUN,20200221,0.00,,0.00,,0.00,,0.00,,0.00,,0.00,,0.00,,0.00,0.00,,0.00,0.00,0.00,0.00,,0.00,0.00,0.00,0.00,,,,0.00,0.00,0.00,0.00,0.00,0.00,0.00,0.00,0.00,0.00
Tunisia,TUN,20200222,0.00,,0.00,,0.00,,0.00,,0.00,,0.00,,0.00,,0.00,0.00,,0.00,0.00,0.00,0.00,,0.00,0.00,0.00,0.00,,,,0.00,0.00,0.00,0.00,0.00,0.00,0.00,0.00,0.00,0.00
Tunisia,TUN,20200223,0.00,,0.00,,0.00,,0.00,,0.00,,0.00,,0.00,,0.00,0.00,,0.00,0.00,0.00,0.00,,0.00,0.00,0.00,0.00,,,,0.00,0.00,0.00,0.00,0.00,0.00,0.00,0.00,0.00,0.00
Tunisia,TUN,20200224,0.00,,0.00,,0.00,,0.00,,0.00,,0.00,,0.00,,0.00,0.00,,0.00,0.00,0.00,0.00,,0.00,0.00,0.00,0.00,,,,0.00,0.00,0.00,0.00,0.00,0.00,0.00,0.00,0.00,0.00
Tunisia,TUN,20200225,0.00,,0.00,,0.00,,0.00,,0.00,,0.00,,0.00,,0.00,0.00,,0.00,0.00,0.00,0.00,,0.00,0.00,0.00,0.00,,,,0.00,0.00,0.00,0.00,0.00,0.00,0.00,0.00,0.00,0.00
Tunisia,TUN,20200226,0.00,,0.00,,0.00,,0.00,,0.00,,0.00,,0.00,,0.00,0.00,,0.00,0.00,0.00,0.00,,0.00,0.00,0.00,0.00,,,,0.00,0.00,0.00,0.00,0.00,0.00,0.00,0.00,0.00,0.00
Tunisia,TUN,20200227,0.00,,0.00,,0.00,,0.00,,0.00,,0.00,,0.00,,0.00,0.00,,0.00,0.00,0.00,0.00,,0.00,0.00,0.00,0.00,,,,0.00,0.00,0.00,0.00,0.00,0.00,0.00,0.00,0.00,0.00
Tunisia,TUN,20200228,0.00,,0.00,,0.00,,0.00,,0.00,,0.00,,0.00,,0.00,0.00,,0.00,0.00,0.00,0.00,,0.00,0.00,0.00,0.00,,,,0.00,0.00,0.00,0.00,0.00,0.00,0.00,0.00,0.00,0.00
Tunisia,TUN,20200229,0.00,,0.00,,0.00,,0.00,,0.00,,0.00,,0.00,,0.00,0.00,,0.00,0.00,0.00,0.00,,0.00,0.00,0.00,0.00,,,,0.00,0.00,0.00,0.00,0.00,0.00,0.00,0.00,0.00,0.00
Tunisia,TUN,20200301,0.00,,0.00,,0.00,,0.00,,0.00,,0.00,,0.00,,0.00,0.00,,0.00,0.00,0.00,0.00,,0.00,0.00,0.00,0.00,,,,0.00,0.00,0.00,0.00,0.00,0.00,0.00,0.00,0.00,0.00
Tunisia,TUN,20200302,0.00,,0.00,,0.00,,0.00,,0.00,,0.00,,0.00,,0.00,0.00,,0.00,0.00,0.00,0.00,,1.00,1.00,0.00,0.00,,,,0.00,0.00,0.00,0.00,6.41,6.41,7.58,7.58,0.00,0.00
Tunisia,TUN,20200303,0.00,,0.00,,0.00,,0.00,,0.00,,0.00,,0.00,,0.00,0.00,,0.00,0.00,0.00,0.00,,1.00,1.00,0.00,0.00,,1,0,0.00,0.00,0.00,0.00,6.41,6.41,7.58,7.58,0.00,0.00
Tunisia,TUN,20200304,0.00,,0.00,,1.00,1,0.00,,0.00,,0.00,,0.00,,1.00,0.00,,0.00,0.00,0.00,1.00,1,1.00,1.00,0.00,0.00,,,,13.89,13.89,22.62,22.62,16.03,16.03,18.94,18.94,0.00,0.00
Tunisia,TUN,20200305,0.00,,0.00,,1.00,1,0.00,,0.00,,0.00,,0.00,,1.00,0.00,,0.00,0.00,0.00,1.00,1,1.00,1.00,0.00,0.00,,,,13.89,13.89,22.62,22.62,16.03,16.03,18.94,18.94,0.00,0.00
Tunisia,TUN,20200306,0.00,,0.00,,1.00,1,0.00,,0.00,,0.00,,0.00,,1.00,0.00,,0.00,0.00,0.00,1.00,1,1.00,1.00,0.00,0.00,,,,13.89,13.89,22.62,22.62,16.03,16.03,18.94,18.94,0.00,0.00
Tunisia,TUN,20200307,0.00,,0.00,,1.00,1,0.00,,0.00,,0.00,,0.00,,1.00,0.00,,0.00,0.00,0.00,1.00,1,1.00,1.00,0.00,0.00,,,,13.89,13.89,22.62,22.62,16.03,16.03,18.94,18.94,0.00,0.00
Tunisia,TUN,20200308,0.00,,0.00,,1.00,1,0.00,,0.00,,0.00,,0.00,,1.00,0.00,,0.00,0.00,0.00,1.00,1,1.00,1.00,0.00,0.00,,,,13.89,13.89,22.62,22.62,16.03,16.03,18.94,18.94,0.00,0.00
Tunisia,TUN,20200309,2.00,1,0.00,,1.00,1,0.00,,0.00,,0.00,,0.00,,2.00,0.00,,0.00,0.00,0.00,1.00,1,1.00,1.00,0.00,0.00,,,,24.07,24.07,36.90,36.90,23.08,23.08,27.27,27.27,0.00,0.00
Tunisia,TUN,20200310,2.00,1,0.00,,1.00,1,0.00,,0.00,,0.00,,0.00,,2.00,0.00,,0.00,0.00,0.00,1.00,1,1.00,1.00,0.00,0.00,,2,0,24.07,24.07,36.90,36.90,23.08,23.08,27.27,27.27,0.00,0.00
Tunisia,TUN,20200311,2.00,1,0.00,,1.00,1,0.00,,0.00,,0.00,,0.00,,2.00,0.00,,0.00,0.00,0.00,1.00,1,1.00,1.00,0.00,0.00,,5,0,24.07,24.07,36.90,36.90,23.08,23.08,27.27,27.27,0.00,0.00
Tunisia,TUN,20200312,2.00,1,0.00,,1.00,1,0.00,,0.00,,0.00,,0.00,,2.00,0.00,,0.00,0.00,0.00,1.00,1,1.00,1.00,0.00,0.00,,7,0,24.07,24.07,36.90,36.90,23.08,23.08,27.27,27.27,0.00,0.00
Tunisia,TUN,20200313,3.00,1,0.00,,2.00,1,0.00,,0.00,,0.00,,0.00,,2.00,0.00,,0.00,0.00,0.00,1.00,1,1.00,1.00,0.00,0.00,,13,0,33.33,33.33,45.24,45.24,29.49,29.49,34.85,34.85,0.00,0.00
Tunisia,TUN,20200314,3.00,1,0.00,,2.00,1,0.00,,0.00,,0.00,,0.00,,2.00,0.00,,0.00,0.00,0.00,1.00,1,1.00,1.00,0.00,0.00,,16,0,33.33,33.33,45.24,45.24,29.49,29.49,34.85,34.85,0.00,0.00
Tunisia,TUN,20200315,3.00,1,0.00,,2.00,1,0.00,,0.00,,0.00,,0.00,,2.00,0.00,,0.00,0.00,0.00,1.00,1,1.00,1.00,0.00,0.00,,16,0,33.33,33.33,45.24,45.24,29.49,29.49,34.85,34.85,0.00,0.00
Tunisia,TUN,20200316,3.00,1,0.00,,2.00,1,0.00,,0.00,,0.00,,0.00,,4.00,0.00,,0.00,0.00,0.00,1.00,1,1.00,1.00,0.00,0.00,,18,0,38.89,38.89,52.38,52.38,33.33,33.33,39.39,39.39,0.00,0.00
Tunisia,TUN,20200317,3.00,1,0.00,,2.00,1,0.00,,0.00,,0.00,,0.00,,4.00,0.00,,0.00,0.00,0.00,1.00,1,1.00,1.00,0.00,0.00,,20,0,38.89,38.89,52.38,52.38,33.33,33.33,39.39,39.39,0.00,0.00
Tunisia,TUN,20200318,3.00,1,1.00,1,2.00,1,0.00,,0.00,,0.00,,0.00,,4.00,0.00,,0.00,0.00,0.00,2.00,1,1.00,1.00,0.00,0.00,,24,0,48.15,48.15,64.29,64.29,39.74,39.74,46.97,46.97,0.00,0.00
Tunisia,TUN,20200319,3.00,1,1.00,1,2.00,1,0.00,,0.00,,0.00,,0.00,,4.00,0.00,,0.00,0.00,0.00,2.00,1,1.00,1.00,0.00,0.00,,29,0,48.15,48.15,64.29,64.29,39.74,39.74,46.97,46.97,0.00,0.00
Tunisia,TUN,20200320,3.00,1,1.00,1,2.00,1,4.00,1,0.00,,2.00,1,2.00,1,4.00,0.00,,0.00,0.00,0.00,2.00,1,1.00,1.00,0.00,0.00,,39,0,77.78,77.78,78.57,78.57,60.26,60.26,71.21,71.21,0.00,0.00
Tunisia,TUN,20200321,3.00,1,1.00,1,2.00,1,4.00,1,0.00,,2.00,1,2.00,1,4.00,1.00,1,2.00,816000000.00,0.00,2.00,1,1.00,1.00,34231980.00,0.00,,54,1,77.78,77.78,78.57,78.57,71.79,71.79,71.21,71.21,75.00,75.00
Tunisia,TUN,20200322,3.00,1,3.00,1,2.00,1,4.00,1,1.00,1,2.00,1,2.00,1,4.00,1.00,1,2.00,0.00,0.00,2.00,1,1.00,1.00,0.00,0.00,,60,1,90.74,90.74,95.24,95.24,80.77,80.77,81.82,81.82,75.00,75.00
Tunisia,TUN,20200323,3.00,1,3.00,1,2.00,1,4.00,1,1.00,1,2.00,1,2.00,1,4.00,1.00,1,2.00,0.00,0.00,2.00,1,1.00,1.00,0.00,0.00,,75,3,90.74,90.74,95.24,95.24,80.77,80.77,81.82,81.82,75.00,75.00
Tunisia,TUN,20200324,3.00,1,3.00,1,2.00,1,4.00,1,1.00,1,2.00,1,2.00,1,4.00,1.00,1,2.00,0.00,0.00,2.00,1,1.00,1.00,0.00,0.00,,89,3,90.74,90.74,95.24,95.24,80.77,80.77,81.82,81.82,75.00,75.00
Tunisia,TUN,20200325,3.00,1,3.00,1,2.00,1,4.00,1,1.00,1,2.00,1,2.00,1,4.00,1.00,1,2.00,0.00,0.00,2.00,1,1.00,1.00,0.00,0.00,,114,3,90.74,90.74,95.24,95.24,80.77,80.77,81.82,81.82,75.00,75.00
Tunisia,TUN,20200326,3.00,1,3.00,1,2.00,1,4.00,1,1.00,1,2.00,1,2.00,1,4.00,1.00,1,2.00,0.00,0.00,2.00,1,1.00,1.00,0.00,0.00,,173,5,90.74,90.74,95.24,95.24,80.77,80.77,81.82,81.82,75.00,75.00
Tunisia,TUN,20200327,3.00,1,3.00,1,2.00,1,4.00,1,1.00,1,2.00,1,2.00,1,4.00,1.00,1,2.00,0.00,0.00,2.00,1,1.00,1.00,0.00,0.00,,173,5,90.74,90.74,95.24,95.24,80.77,80.77,81.82,81.82,75.00,75.00
Tunisia,TUN,20200328,3.00,1,3.00,1,2.00,1,4.00,1,1.00,1,2.00,1,2.00,1,4.00,1.00,1,2.00,0.00,0.00,2.00,1,1.00,1.00,0.00,0.00,,227,6,90.74,90.74,95.24,95.24,80.77,80.77,81.82,81.82,75.00,75.00
Tunisia,TUN,20200329,3.00,1,3.00,1,2.00,1,4.00,1,1.00,1,2.00,1,2.00,1,4.00,1.00,1,2.00,0.00,0.00,2.00,1,1.00,1.00,0.00,0.00,,227,6,90.74,90.74,95.24,95.24,80.77,80.77,81.82,81.82,75.00,75.00
Tunisia,TUN,20200330,3.00,1,3.00,1,2.00,1,4.00,1,1.00,1,2.00,1,2.00,1,4.00,1.00,1,2.00,0.00,0.00,2.00,1,1.00,1.00,0.00,0.00,,278,8,90.74,90.74,95.24,95.24,80.77,80.77,81.82,81.82,75.00,75.00
Tunisia,TUN,20200331,3.00,1,3.00,1,2.00,1,4.00,1,1.00,1,2.00,1,2.00,1,4.00,1.00,1,2.00,0.00,0.00,2.00,1,1.00,1.00,0.00,0.00,,312,8,90.74,90.74,95.24,95.24,80.77,80.77,81.82,81.82,75.00,75.00
Tunisia,TUN,20200401,3.00,1,3.00,1,2.00,1,4.00,1,1.00,1,2.00,1,2.00,1,4.00,1.00,1,2.00,0.00,0.00,2.00,1,1.00,1.00,0.00,0.00,,362,9,90.74,90.74,95.24,95.24,80.77,80.77,81.82,81.82,75.00,75.00
Tunisia,TUN,20200402,3.00,1,3.00,1,2.00,1,4.00,1,1.00,1,2.00,1,2.00,1,4.00,1.00,1,2.00,0.00,0.00,2.00,1,1.00,1.00,0.00,0.00,,394,10,90.74,90.74,95.24,95.24,80.77,80.77,81.82,81.82,75.00,75.00
Tunisia,TUN,20200403,3.00,1,3.00,1,2.00,1,4.00,1,1.00,1,2.00,1,2.00,1,4.00,1.00,1,2.00,0.00,0.00,2.00,1,1.00,1.00,0.00,0.00,,455,13,90.74,90.74,95.24,95.24,80.77,80.77,81.82,81.82,75.00,75.00
Tunisia,TUN,20200404,3.00,1,3.00,1,2.00,1,4.00,1,1.00,1,2.00,1,2.00,1,4.00,1.00,1,2.00,0.00,0.00,2.00,1,1.00,1.00,0.00,0.00,,455,13,90.74,90.74,95.24,95.24,80.77,80.77,81.82,81.82,75.00,75.00
Tunisia,TUN,20200405,3.00,1,3.00,1,2.00,1,4.00,1,1.00,1,2.00,1,2.00,1,4.00,1.00,1,2.00,0.00,0.00,2.00,1,1.00,1.00,0.00,0.00,,495,18,90.74,90.74,95.24,95.24,80.77,80.77,81.82,81.82,75.00,75.00
Tunisia,TUN,20200406,3.00,1,3.00,1,2.00,1,4.00,1,1.00,1,2.00,1,2.00,1,4.00,1.00,1,2.00,0.00,0.00,2.00,1,1.00,1.00,0.00,0.00,,553,19,90.74,90.74,95.24,95.24,80.77,80.77,81.82,81.82,75.00,75.00
Tunisia,TUN,20200407,3.00,1,3.00,1,2.00,1,4.00,1,1.00,1,2.00,1,2.00,1,4.00,1.00,1,2.00,0.00,0.00,2.00,1,1.00,1.00,0.00,0.00,,574,22,90.74,90.74,95.24,95.24,80.77,80.77,81.82,81.82,75.00,75.00
Tunisia,TUN,20200408,3.00,1,3.00,1,2.00,1,4.00,1,1.00,1,2.00,1,2.00,1,4.00,1.00,1,2.00,0.00,0.00,2.00,1,1.00,1.00,0.00,0.00,,596,22,90.74,90.74,95.24,95.24,80.77,80.77,81.82,81.82,75.00,75.00
Tunisia,TUN,20200409,3.00,1,3.00,1,2.00,1,4.00,1,1.00,1,2.00,1,2.00,1,4.00,1.00,1,2.00,0.00,0.00,2.00,1,1.00,1.00,0.00,0.00,,623,23,90.74,90.74,95.24,95.24,80.77,80.77,81.82,81.82,75.00,75.00
Tunisia,TUN,20200410,3.00,1,3.00,1,2.00,1,4.00,1,1.00,1,2.00,1,2.00,1,4.00,1.00,1,2.00,0.00,0.00,2.00,1,1.00,1.00,0.00,0.00,,643,25,90.74,90.74,95.24,95.24,80.77,80.77,81.82,81.82,75.00,75.00
Tunisia,TUN,20200411,3.00,1,3.00,1,2.00,1,4.00,1,1.00,1,2.00,1,2.00,1,4.00,1.00,1,2.00,0.00,0.00,2.00,1,1.00,1.00,0.00,0.00,,671,25,90.74,90.74,95.24,95.24,80.77,80.77,81.82,81.82,75.00,75.00
Tunisia,TUN,20200412,3.00,1,3.00,1,2.00,1,4.00,1,1.00,1,2.00,1,2.00,1,4.00,1.00,1,2.00,0.00,0.00,2.00,1,1.00,1.00,0.00,0.00,,685,28,90.74,90.74,95.24,95.24,80.77,80.77,81.82,81.82,75.00,75.00
Tunisia,TUN,20200413,3.00,1,3.00,1,2.00,1,4.00,1,1.00,1,2.00,1,2.00,1,4.00,1.00,1,2.00,0.00,0.00,2.00,1,1.00,1.00,0.00,0.00,,707,31,90.74,90.74,95.24,95.24,80.77,80.77,81.82,81.82,75.00,75.00
Tunisia,TUN,20200414,3.00,1,3.00,1,2.00,1,4.00,1,1.00,1,2.00,1,2.00,1,4.00,1.00,1,2.00,0.00,0.00,2.00,1,1.00,1.00,0.00,0.00,,726,34,90.74,90.74,95.24,95.24,80.77,80.77,81.82,81.82,75.00,75.00
Tunisia,TUN,20200415,3.00,1,3.00,1,2.00,1,4.00,1,1.00,1,2.00,1,2.00,1,4.00,1.00,1,2.00,0.00,0.00,2.00,1,1.00,1.00,0.00,0.00,,747,34,90.74,90.74,95.24,95.24,80.77,80.77,81.82,81.82,75.00,75.00
Tunisia,TUN,20200416,3.00,1,3.00,1,2.00,1,4.00,1,1.00,1,2.00,1,2.00,1,4.00,1.00,1,2.00,0.00,0.00,2.00,1,1.00,1.00,0.00,0.00,,780,35,90.74,90.74,95.24,95.24,80.77,80.77,81.82,81.82,75.00,75.00
Tunisia,TUN,20200417,3.00,1,3.00,1,2.00,1,4.00,1,1.00,1,2.00,1,2.00,1,4.00,1.00,1,2.00,0.00,0.00,2.00,1,1.00,1.00,0.00,0.00,,822,37,90.74,90.74,95.24,95.24,80.77,80.77,81.82,81.82,75.00,75.00
Tunisia,TUN,20200418,3.00,1,3.00,1,2.00,1,4.00,1,1.00,1,2.00,1,2.00,1,4.00,1.00,1,2.00,0.00,0.00,2.00,1,1.00,1.00,0.00,0.00,,864,37,90.74,90.74,95.24,95.24,80.77,80.77,81.82,81.82,75.00,75.00
Tunisia,TUN,20200419,3.00,1,3.00,1,2.00,1,4.00,1,1.00,1,2.00,1,2.00,1,4.00,1.00,1,2.00,0.00,0.00,2.00,1,1.00,1.00,0.00,0.00,,866,37,90.74,90.74,95.24,95.24,80.77,80.77,81.82,81.82,75.00,75.00
Tunisia,TUN,20200420,3.00,1,3.00,1,2.00,1,4.00,1,1.00,1,2.00,1,2.00,1,4.00,1.00,1,2.00,0.00,0.00,2.00,1,1.00,1.00,0.00,0.00,,879,38,90.74,90.74,95.24,95.24,80.77,80.77,81.82,81.82,75.00,75.00
Tunisia,TUN,20200421,3.00,1,3.00,1,2.00,1,4.00,1,1.00,1,2.00,1,2.00,1,4.00,1.00,1,2.00,0.00,0.00,2.00,1,1.00,1.00,0.00,0.00,,884,38,90.74,90.74,95.24,95.24,80.77,80.77,81.82,81.82,75.00,75.00
Tunisia,TUN,20200422,3.00,1,3.00,1,2.00,1,4.00,1,1.00,1,2.00,1,2.00,1,4.00,1.00,1,2.00,0.00,0.00,2.00,1,1.00,1.00,0.00,0.00,,901,38,90.74,90.74,95.24,95.24,80.77,80.77,81.82,81.82,75.00,75.00
Tunisia,TUN,20200423,3.00,1,3.00,1,2.00,1,4.00,1,1.00,1,2.00,1,2.00,1,4.00,1.00,1,2.00,0.00,0.00,2.00,1,1.00,1.00,0.00,0.00,,901,38,90.74,90.74,95.24,95.24,80.77,80.77,81.82,81.82,75.00,75.00
Tunisia,TUN,20200424,3.00,1,3.00,1,2.00,1,4.00,1,1.00,1,2.00,1,2.00,1,4.00,1.00,1,2.00,0.00,0.00,2.00,1,1.00,1.00,0.00,0.00,,918,38,90.74,90.74,95.24,95.24,80.77,80.77,81.82,81.82,75.00,75.00
Tunisia,TUN,20200425,3.00,1,3.00,1,2.00,1,4.00,1,1.00,1,2.00,1,2.00,1,4.00,1.00,1,2.00,0.00,0.00,2.00,1,1.00,1.00,0.00,0.00,,922,38,90.74,90.74,95.24,95.24,80.77,80.77,81.82,81.82,75.00,75.00
Tunisia,TUN,20200426,3.00,1,3.00,1,2.00,1,4.00,1,1.00,1,2.00,1,2.00,1,4.00,1.00,1,2.00,0.00,0.00,2.00,1,1.00,1.00,0.00,0.00,,939,38,90.74,90.74,95.24,95.24,80.77,80.77,81.82,81.82,75.00,75.00
Tunisia,TUN,20200427,3.00,1,3.00,1,2.00,1,4.00,1,1.00,1,2.00,1,2.00,1,4.00,1.00,1,2.00,0.00,0.00,2.00,1,1.00,1.00,0.00,0.00,,949,38,90.74,90.74,95.24,95.24,80.77,80.77,81.82,81.82,75.00,75.00
Tunisia,TUN,20200428,3.00,1,3.00,1,2.00,1,4.00,1,1.00,1,2.00,1,2.00,1,4.00,1.00,1,2.00,0.00,0.00,2.00,1,1.00,1.00,0.00,0.00,,967,39,90.74,90.74,95.24,95.24,80.77,80.77,81.82,81.82,75.00,75.00
Tunisia,TUN,20200429,3.00,1,3.00,1,2.00,1,4.00,1,1.00,1,2.00,1,2.00,1,4.00,1.00,1,2.00,0.00,0.00,2.00,1,1.00,1.00,0.00,0.00,,975,40,90.74,90.74,95.24,95.24,80.77,80.77,81.82,81.82,75.00,75.00
Tunisia,TUN,20200430,3.00,1,3.00,1,2.00,1,4.00,1,1.00,1,2.00,1,2.00,1,4.00,1.00,1,2.00,0.00,0.00,2.00,1,1.00,1.00,0.00,0.00,,980,40,90.74,90.74,95.24,95.24,80.77,80.77,81.82,81.82,75.00,75.00
Tunisia,TUN,20200501,3.00,1,3.00,1,2.00,1,4.00,1,1.00,1,2.00,1,2.00,1,4.00,1.00,1,2.00,0.00,0.00,2.00,1,1.00,1.00,0.00,0.00,,994,40,90.74,90.74,95.24,95.24,80.77,80.77,81.82,81.82,75.00,75.00
Tunisia,TUN,20200502,3.00,1,3.00,1,2.00,1,4.00,1,1.00,1,2.00,1,2.00,1,4.00,1.00,1,2.00,0.00,0.00,2.00,1,1.00,1.00,0.00,0.00,,998,41,90.74,90.74,95.24,95.24,80.77,80.77,81.82,81.82,75.00,75.00
Tunisia,TUN,20200503,3.00,1,3.00,1,2.00,1,4.00,1,1.00,1,2.00,1,2.00,1,4.00,1.00,1,2.00,0.00,0.00,2.00,1,1.00,1.00,0.00,0.00,,1009,42,90.74,90.74,95.24,95.24,80.77,80.77,81.82,81.82,75.00,75.00
Tunisia,TUN,20200504,3.00,1,2.00,1,2.00,1,4.00,1,1.00,1,2.00,1,2.00,1,4.00,1.00,1,2.00,0.00,0.00,2.00,1,1.00,1.00,0.00,0.00,,1013,42,87.04,87.04,91.67,91.67,78.21,78.21,78.79,78.79,75.00,75.00
Tunisia,TUN,20200505,3.00,1,2.00,1,2.00,1,4.00,1,1.00,1,2.00,1,2.00,1,4.00,1.00,1,2.00,0.00,0.00,2.00,1,1.00,1.00,0.00,0.00,,1018,43,87.04,87.04,91.67,91.67,78.21,78.21,78.79,78.79,75.00,75.00
Tunisia,TUN,20200506,3.00,1,2.00,1,2.00,1,4.00,1,1.00,1,2.00,1,2.00,1,4.00,1.00,1,2.00,0.00,0.00,2.00,1,1.00,1.00,0.00,0.00,,1022,43,87.04,87.04,91.67,91.67,78.21,78.21,78.79,78.79,75.00,75.00
Tunisia,TUN,20200507,3.00,1,2.00,1,2.00,1,4.00,1,1.00,1,2.00,1,2.00,1,4.00,1.00,1,2.00,0.00,0.00,2.00,1,1.00,2.00,0.00,0.00,,1025,43,87.04,87.04,91.67,91.67,82.05,82.05,83.33,83.33,75.00,75.00
Tunisia,TUN,20200508,3.00,1,2.00,1,2.00,1,4.00,1,1.00,1,2.00,1,2.00,1,4.00,1.00,1,2.00,0.00,0.00,2.00,1,1.00,2.00,0.00,0.00,,1026,44,87.04,87.04,91.67,91.67,82.05,82.05,83.33,83.33,75.00,75.00
Tunisia,TUN,20200509,3.00,1,2.00,1,2.00,1,4.00,1,1.00,1,2.00,1,2.00,1,4.00,1.00,1,2.00,0.00,0.00,2.00,1,1.00,2.00,0.00,0.00,,1030,45,87.04,87.04,91.67,91.67,82.05,82.05,83.33,83.33,75.00,75.00
Tunisia,TUN,20200510,3.00,1,2.00,1,2.00,1,4.00,1,1.00,1,2.00,1,2.00,1,4.00,1.00,1,2.00,0.00,0.00,2.00,1,1.00,2.00,0.00,0.00,,1032,45,87.04,87.04,91.67,91.67,82.05,82.05,83.33,83.33,75.00,75.00
Tunisia,TUN,20200511,3.00,1,2.00,1,2.00,1,4.00,1,1.00,1,2.00,1,2.00,1,4.00,1.00,1,2.00,0.00,0.00,2.00,1,1.00,2.00,0.00,0.00,,1032,45,87.04,87.04,91.67,91.67,82.05,82.05,83.33,83.33,75.00,75.00
Tunisia,TUN,20200512,3.00,1,2.00,1,2.00,1,4.00,1,1.00,1,2.00,1,2.00,1,4.00,1.00,1,2.00,0.00,0.00,2.00,1,1.00,2.00,0.00,0.00,,1032,45,87.04,87.04,91.67,91.67,82.05,82.05,83.33,83.33,75.00,75.00
Tunisia,TUN,20200513,3.00,1,2.00,1,2.00,1,4.00,1,1.00,1,2.00,1,2.00,1,4.00,1.00,1,2.00,0.00,0.00,2.00,1,1.00,2.00,0.00,0.00,,1032,45,87.04,87.04,91.67,91.67,82.05,82.05,83.33,83.33,75.00,75.00
Tunisia,TUN,20200514,3.00,1,2.00,1,2.00,1,4.00,1,1.00,1,2.00,1,2.00,1,4.00,1.00,1,2.00,0.00,0.00,2.00,1,1.00,2.00,0.00,0.00,,1032,45,87.04,87.04,91.67,91.67,82.05,82.05,83.33,83.33,75.00,75.00
Tunisia,TUN,20200515,3.00,1,2.00,1,2.00,1,4.00,1,1.00,1,1.00,1,2.00,1,4.00,1.00,1,2.00,0.00,0.00,2.00,1,1.00,2.00,0.00,0.00,,1032,45,83.33,83.33,91.67,91.67,79.49,79.49,80.30,80.30,75.00,75.00
Tunisia,TUN,20200516,3.00,1,2.00,1,2.00,1,4.00,1,1.00,1,1.00,1,2.00,1,4.00,1.00,1,2.00,0.00,0.00,2.00,1,1.00,2.00,0.00,0.00,,1035,45,83.33,83.33,91.67,91.67,79.49,79.49,80.30,80.30,75.00,75.00
Tunisia,TUN,20200517,3.00,1,2.00,1,2.00,1,4.00,1,1.00,1,1.00,1,2.00,1,4.00,1.00,1,2.00,0.00,0.00,2.00,1,1.00,2.00,0.00,0.00,,1035,45,83.33,83.33,91.67,91.67,79.49,79.49,80.30,80.30,75.00,75.00
Tunisia,TUN,20200518,3.00,1,2.00,1,2.00,1,4.00,1,1.00,1,1.00,1,2.00,1,4.00,1.00,1,2.00,0.00,0.00,2.00,1,1.00,2.00,0.00,0.00,,1037,45,83.33,83.33,91.67,91.67,79.49,79.49,80.30,80.30,75.00,75.00
Tunisia,TUN,20200519,3.00,1,2.00,1,2.00,1,4.00,1,1.00,1,1.00,1,2.00,1,4.00,1.00,1,2.00,0.00,0.00,2.00,1,1.00,2.00,0.00,0.00,,1043,46,83.33,83.33,91.67,91.67,79.49,79.49,80.30,80.30,75.00,75.00
Tunisia,TUN,20200520,3.00,1,2.00,1,2.00,1,4.00,1,1.00,1,1.00,1,2.00,1,4.00,1.00,1,2.00,0.00,0.00,2.00,1,1.00,2.00,0.00,0.00,,1044,47,83.33,83.33,91.67,91.67,79.49,79.49,80.30,80.30,75.00,75.00
Tunisia,TUN,20200521,3.00,1,2.00,1,2.00,1,4.00,1,1.00,1,1.00,1,2.00,1,4.00,1.00,1,2.00,0.00,0.00,2.00,1,1.00,2.00,0.00,0.00,,1045,47,83.33,83.33,91.67,91.67,79.49,79.49,80.30,80.30,75.00,75.00
Tunisia,TUN,20200522,3.00,1,2.00,1,2.00,1,4.00,1,1.00,1,1.00,1,2.00,1,4.00,1.00,1,2.00,0.00,0.00,2.00,1,1.00,2.00,0.00,0.00,,1046,47,83.33,83.33,91.67,91.67,79.49,79.49,80.30,80.30,75.00,75.00
Tunisia,TUN,20200523,3.00,1,2.00,1,2.00,1,4.00,1,1.00,1,1.00,1,2.00,1,4.00,1.00,1,2.00,0.00,0.00,2.00,1,1.00,2.00,0.00,0.00,,1048,47,83.33,83.33,91.67,91.67,79.49,79.49,80.30,80.30,75.00,75.00
Tunisia,TUN,20200524,3.00,1,2.00,1,2.00,1,4.00,1,1.00,1,1.00,1,2.00,1,4.00,1.00,1,2.00,0.00,0.00,2.00,1,1.00,2.00,0.00,0.00,,1048,48,83.33,83.33,91.67,91.67,79.49,79.49,80.30,80.30,75.00,75.00
Tunisia,TUN,20200525,3.00,1,2.00,1,2.00,1,4.00,1,1.00,1,1.00,1,2.00,1,4.00,1.00,1,2.00,0.00,0.00,2.00,1,1.00,2.00,0.00,0.00,,1051,48,83.33,83.33,91.67,91.67,79.49,79.49,80.30,80.30,75.00,75.00
Tunisia,TUN,20200526,3.00,1,2.00,1,2.00,1,4.00,1,1.00,1,1.00,1,2.00,1,4.00,1.00,1,2.00,0.00,0.00,2.00,1,1.00,2.00,0.00,0.00,,1051,48,83.33,83.33,91.67,91.67,79.49,79.49,80.30,80.30,75.00,75.00
Tunisia,TUN,20200527,3.00,1,2.00,1,2.00,1,4.00,1,1.00,1,1.00,1,2.00,1,4.00,1.00,1,2.00,0.00,0.00,2.00,1,1.00,2.00,0.00,0.00,,1051,48,83.33,83.33,91.67,91.67,79.49,79.49,80.30,80.30,75.00,75.00
Tunisia,TUN,20200528,2.00,1,2.00,1,2.00,1,4.00,1,1.00,1,1.00,1,2.00,1,4.00,1.00,1,2.00,0.00,0.00,2.00,1,1.00,2.00,0.00,0.00,,1051,48,79.63,79.63,88.10,88.10,76.92,76.92,77.27,77.27,75.00,75.00
Tunisia,TUN,20200529,2.00,1,2.00,1,2.00,1,4.00,1,1.00,1,1.00,1,2.00,1,4.00,1.00,1,2.00,0.00,0.00,2.00,1,1.00,2.00,0.00,0.00,,1068,48,79.63,79.63,88.10,88.10,76.92,76.92,77.27,77.27,75.00,75.00
Tunisia,TUN,20200530,2.00,1,2.00,1,2.00,1,4.00,1,1.00,1,1.00,1,2.00,1,4.00,1.00,1,2.00,0.00,0.00,2.00,1,1.00,2.00,0.00,0.00,,1071,48,79.63,79.63,88.10,88.10,76.92,76.92,77.27,77.27,75.00,75.00
Tunisia,TUN,20200531,2.00,1,2.00,1,2.00,1,4.00,1,1.00,1,1.00,1,2.00,1,4.00,1.00,1,2.00,0.00,0.00,2.00,1,1.00,2.00,0.00,0.00,,1076,48,79.63,79.63,88.10,88.10,76.92,76.92,77.27,77.27,75.00,75.00
Tunisia,TUN,20200601,2.00,1,2.00,1,2.00,1,4.00,1,1.00,1,1.00,1,2.00,1,4.00,1.00,1,2.00,0.00,0.00,2.00,1,1.00,2.00,0.00,0.00,,1077,48,79.63,79.63,88.10,88.10,76.92,76.92,77.27,77.27,75.00,75.00
Tunisia,TUN,20200602,2.00,1,2.00,1,2.00,1,4.00,1,1.00,1,1.00,1,2.00,1,4.00,1.00,1,2.00,0.00,0.00,2.00,1,1.00,2.00,0.00,0.00,,1084,48,79.63,79.63,88.10,88.10,76.92,76.92,77.27,77.27,75.00,75.00
Tunisia,TUN,20200603,2.00,1,2.00,1,2.00,1,4.00,1,1.00,1,1.00,1,2.00,1,4.00,1.00,1,2.00,0.00,0.00,2.00,1,1.00,2.00,0.00,0.00,,1086,48,79.63,79.63,88.10,88.10,76.92,76.92,77.27,77.27,75.00,75.00
Tunisia,TUN,20200604,2.00,1,2.00,1,2.00,1,4.00,1,1.00,1,1.00,1,0.00,,4.00,1.00,1,2.00,0.00,0.00,2.00,1,1.00,2.00,0.00,0.00,,1087,49,68.52,68.52,80.95,80.95,69.23,69.23,68.18,68.18,75.00,75.00
Tunisia,TUN,20200605,2.00,1,2.00,1,2.00,1,4.00,1,1.00,1,1.00,1,0.00,,4.00,1.00,1,2.00,0.00,0.00,2.00,1,1.00,2.00,0.00,0.00,,1087,49,68.52,68.52,80.95,80.95,69.23,69.23,68.18,68.18,75.00,75.00
Tunisia,TUN,20200606,2.00,1,2.00,1,2.00,1,4.00,1,1.00,1,1.00,1,0.00,,4.00,1.00,1,2.00,0.00,0.00,2.00,1,1.00,2.00,0.00,0.00,,1087,49,68.52,68.52,80.95,80.95,69.23,69.23,68.18,68.18,75.00,75.00
Tunisia,TUN,20200607,2.00,1,2.00,1,2.00,1,4.00,1,1.00,1,1.00,1,0.00,,4.00,1.00,1,2.00,0.00,0.00,2.00,1,1.00,2.00,0.00,0.00,,1087,49,68.52,68.52,80.95,80.95,69.23,69.23,68.18,68.18,75.00,75.00
Tunisia,TUN,20200608,2.00,1,0.00,,0.00,,0.00,,0.00,,0.00,,0.00,,4.00,1.00,1,2.00,0.00,0.00,2.00,1,1.00,2.00,0.00,0.00,,1087,49,29.63,29.63,39.29,39.29,42.31,42.31,36.36,36.36,75.00,75.00
Tunisia,TUN,20200609,2.00,1,0.00,,0.00,,0.00,,0.00,,0.00,,0.00,,4.00,1.00,1,2.00,0.00,0.00,2.00,1,1.00,2.00,0.00,0.00,,1087,49,29.63,29.63,39.29,39.29,42.31,42.31,36.36,36.36,75.00,75.00
Tunisia,TUN,20200610,2.00,1,0.00,,0.00,,0.00,,0.00,,0.00,,0.00,,4.00,1.00,1,2.00,0.00,0.00,2.00,1,1.00,2.00,0.00,0.00,,1087,49,29.63,29.63,39.29,39.29,42.31,42.31,36.36,36.36,75.00,75.00
Tunisia,TUN,20200611,,,,,0.00,,0.00,,0.00,,0.00,,,,,1.00,1,2.00,0.00,0.00,2.00,1,1.00,2.00,0.00,0.00,,1087,49,,,,,,,,,75.00,75.00
Tunisia,TUN,20200612,,,,,0.00,,0.00,,0.00,,0.00,,,,,1.00,1,2.00,0.00,0.00,2.00,1,1.00,2.00,0.00,0.00,,1087,49,,,,,,,,,75.00,75.00
Tunisia,TUN,20200613,,,,,0.00,,0.00,,0.00,,0.00,,,,,,,,,,,,,,,,,1093,49,,,,,,,,,,
Tunisia,TUN,20200614,,,,,0.00,,0.00,,0.00,,0.00,,,,,,,,,,,,,,,,,1094,49,,,,,,,,,,
Tunisia,TUN,20200615,,,,,0.00,,0.00,,0.00,,0.00,,,,,,,,,,,,,,,,,1096,49,,,,,,,,,,
Tunisia,TUN,20200616,,,,,,,,,,,,,,,,,,,,,,,,,,,,1110,49,,,,,,,,,,
Tunisia,TUN,20200617,,,,,,,,,,,,,,,,,,,,,,,,,,,,1125,49,,29.63,,39.29,,42.31,,36.36,,75.00
Tunisia,TUN,20200618,,,,,,,,,,,,,,,,,,,,,,,,,,,,1128,50,,29.63,,39.29,,42.31,,36.36,,75.00
Tunisia,TUN,20200619,,,,,,,,,,,,,,,,,,,,,,,,,,,,1132,50,,29.63,,39.29,,42.31,,36.36,,75.00
Tunisia,TUN,20200620,,,,,,,,,,,,,,,,,,,,,,,,,,,,1146,50,,29.63,,39.29,,42.31,,36.36,,75.00
Tunisia,TUN,20200621,,,,,,,,,,,,,,,,,,,,,,,,,,,,1156,50,,29.63,,39.29,,42.31,,36.36,,75.00
Tunisia,TUN,20200622,,,,,,,,,,,,,,,,,,,,,,,,,,,,1157,50,,29.63,,39.29,,42.31,,36.36,,75.00
Tunisia,TUN,20200623,,,,,,,,,,,,,,,,,,,,,,,,,,,,1159,50,,29.63,,39.29,,42.31,,36.36,,75.00
