Turkmenistan,TKM,20200101,0.00,,0.00,,0.00,,0.00,,0.00,,0.00,,0.00,,0.00,0.00,,0.00,0.00,0.00,0.00,,0.00,0.00,0.00,0.00,,,,0.00,0.00,0.00,0.00,0.00,0.00,0.00,0.00,0.00,0.00
Turkmenistan,TKM,20200102,0.00,,0.00,,0.00,,0.00,,0.00,,0.00,,0.00,,0.00,0.00,,0.00,0.00,0.00,0.00,,0.00,0.00,0.00,0.00,,,,0.00,0.00,0.00,0.00,0.00,0.00,0.00,0.00,0.00,0.00
Turkmenistan,TKM,20200103,0.00,,0.00,,0.00,,0.00,,0.00,,0.00,,0.00,,0.00,0.00,,0.00,0.00,0.00,0.00,,0.00,0.00,0.00,0.00,,,,0.00,0.00,0.00,0.00,0.00,0.00,0.00,0.00,0.00,0.00
Turkmenistan,TKM,20200104,0.00,,0.00,,0.00,,0.00,,0.00,,0.00,,0.00,,0.00,0.00,,0.00,0.00,0.00,0.00,,0.00,0.00,0.00,0.00,,,,0.00,0.00,0.00,0.00,0.00,0.00,0.00,0.00,0.00,0.00
Turkmenistan,TKM,20200105,0.00,,0.00,,0.00,,0.00,,0.00,,0.00,,0.00,,0.00,0.00,,0.00,0.00,0.00,0.00,,0.00,0.00,0.00,0.00,,,,0.00,0.00,0.00,0.00,0.00,0.00,0.00,0.00,0.00,0.00
Turkmenistan,TKM,20200106,0.00,,0.00,,0.00,,0.00,,0.00,,0.00,,0.00,,0.00,0.00,,0.00,0.00,0.00,0.00,,0.00,0.00,0.00,0.00,,,,0.00,0.00,0.00,0.00,0.00,0.00,0.00,0.00,0.00,0.00
Turkmenistan,TKM,20200107,0.00,,0.00,,0.00,,0.00,,0.00,,0.00,,0.00,,0.00,0.00,,0.00,0.00,0.00,0.00,,0.00,0.00,0.00,0.00,,,,0.00,0.00,0.00,0.00,0.00,0.00,0.00,0.00,0.00,0.00
Turkmenistan,TKM,20200108,0.00,,0.00,,0.00,,0.00,,0.00,,0.00,,0.00,,1.00,0.00,,0.00,0.00,0.00,0.00,,1.00,0.00,0.00,0.00,,,,2.78,2.78,3.57,3.57,4.49,4.49,5.30,5.30,0.00,0.00
Turkmenistan,TKM,20200109,0.00,,0.00,,0.00,,0.00,,0.00,,0.00,,0.00,,1.00,0.00,,0.00,0.00,0.00,0.00,,1.00,0.00,0.00,0.00,,,,2.78,2.78,3.57,3.57,4.49,4.49,5.30,5.30,0.00,0.00
Turkmenistan,TKM,20200110,0.00,,0.00,,0.00,,0.00,,0.00,,0.00,,0.00,,1.00,0.00,,0.00,0.00,0.00,0.00,,1.00,0.00,0.00,0.00,,,,2.78,2.78,3.57,3.57,4.49,4.49,5.30,5.30,0.00,0.00
Turkmenistan,TKM,20200111,0.00,,0.00,,0.00,,0.00,,0.00,,0.00,,0.00,,1.00,0.00,,0.00,0.00,0.00,0.00,,1.00,0.00,0.00,0.00,,,,2.78,2.78,3.57,3.57,4.49,4.49,5.30,5.30,0.00,0.00
Turkmenistan,TKM,20200112,0.00,,0.00,,0.00,,0.00,,0.00,,0.00,,0.00,,1.00,0.00,,0.00,0.00,0.00,0.00,,1.00,0.00,0.00,0.00,,,,2.78,2.78,3.57,3.57,4.49,4.49,5.30,5.30,0.00,0.00
Turkmenistan,TKM,20200113,0.00,,0.00,,0.00,,0.00,,0.00,,0.00,,0.00,,1.00,0.00,,0.00,0.00,0.00,0.00,,1.00,0.00,0.00,0.00,,,,2.78,2.78,3.57,3.57,4.49,4.49,5.30,5.30,0.00,0.00
Turkmenistan,TKM,20200114,0.00,,0.00,,0.00,,0.00,,0.00,,0.00,,0.00,,1.00,0.00,,0.00,0.00,0.00,0.00,,1.00,0.00,0.00,0.00,,,,2.78,2.78,3.57,3.57,4.49,4.49,5.30,5.30,0.00,0.00
Turkmenistan,TKM,20200115,0.00,,0.00,,0.00,,0.00,,0.00,,0.00,,0.00,,1.00,0.00,,0.00,0.00,0.00,0.00,,1.00,0.00,0.00,0.00,,,,2.78,2.78,3.57,3.57,4.49,4.49,5.30,5.30,0.00,0.00
Turkmenistan,TKM,20200116,0.00,,0.00,,0.00,,0.00,,0.00,,0.00,,0.00,,1.00,0.00,,0.00,0.00,0.00,0.00,,1.00,0.00,0.00,0.00,,,,2.78,2.78,3.57,3.57,4.49,4.49,5.30,5.30,0.00,0.00
Turkmenistan,TKM,20200117,0.00,,0.00,,0.00,,0.00,,0.00,,0.00,,0.00,,1.00,0.00,,0.00,0.00,0.00,0.00,,1.00,0.00,0.00,0.00,,,,2.78,2.78,3.57,3.57,4.49,4.49,5.30,5.30,0.00,0.00
Turkmenistan,TKM,20200118,0.00,,0.00,,0.00,,0.00,,0.00,,0.00,,0.00,,1.00,0.00,,0.00,0.00,0.00,0.00,,1.00,0.00,0.00,0.00,,,,2.78,2.78,3.57,3.57,4.49,4.49,5.30,5.30,0.00,0.00
Turkmenistan,TKM,20200119,0.00,,0.00,,0.00,,0.00,,0.00,,0.00,,0.00,,1.00,0.00,,0.00,0.00,0.00,0.00,,1.00,0.00,0.00,0.00,,,,2.78,2.78,3.57,3.57,4.49,4.49,5.30,5.30,0.00,0.00
Turkmenistan,TKM,20200120,0.00,,0.00,,0.00,,0.00,,0.00,,0.00,,0.00,,1.00,0.00,,0.00,0.00,0.00,1.00,1,1.00,0.00,0.00,0.00,,,,8.33,8.33,13.10,13.10,8.33,8.33,9.85,9.85,0.00,0.00
Turkmenistan,TKM,20200121,0.00,,0.00,,0.00,,0.00,,0.00,,0.00,,0.00,,1.00,0.00,,0.00,0.00,0.00,1.00,1,1.00,0.00,0.00,0.00,,,,8.33,8.33,13.10,13.10,8.33,8.33,9.85,9.85,0.00,0.00
Turkmenistan,TKM,20200122,0.00,,0.00,,0.00,,0.00,,0.00,,0.00,,0.00,,1.00,0.00,,0.00,0.00,0.00,1.00,1,1.00,0.00,0.00,0.00,,,,8.33,8.33,13.10,13.10,8.33,8.33,9.85,9.85,0.00,0.00
Turkmenistan,TKM,20200123,0.00,,0.00,,0.00,,0.00,,0.00,,0.00,,0.00,,1.00,0.00,,0.00,0.00,0.00,1.00,1,1.00,0.00,0.00,0.00,,,,8.33,8.33,13.10,13.10,8.33,8.33,9.85,9.85,0.00,0.00
Turkmenistan,TKM,20200124,0.00,,0.00,,0.00,,0.00,,0.00,,0.00,,0.00,,1.00,0.00,,0.00,0.00,0.00,1.00,1,1.00,0.00,0.00,0.00,,,,8.33,8.33,13.10,13.10,8.33,8.33,9.85,9.85,0.00,0.00
Turkmenistan,TKM,20200125,0.00,,0.00,,0.00,,0.00,,0.00,,0.00,,0.00,,1.00,0.00,,0.00,0.00,0.00,1.00,1,1.00,0.00,0.00,0.00,,,,8.33,8.33,13.10,13.10,8.33,8.33,9.85,9.85,0.00,0.00
Turkmenistan,TKM,20200126,0.00,,0.00,,0.00,,0.00,,0.00,,0.00,,0.00,,1.00,0.00,,0.00,0.00,0.00,1.00,1,1.00,0.00,0.00,0.00,,,,8.33,8.33,13.10,13.10,8.33,8.33,9.85,9.85,0.00,0.00
Turkmenistan,TKM,20200127,0.00,,0.00,,0.00,,0.00,,0.00,,0.00,,0.00,,1.00,0.00,,0.00,0.00,0.00,1.00,1,1.00,0.00,0.00,0.00,,,,8.33,8.33,13.10,13.10,8.33,8.33,9.85,9.85,0.00,0.00
Turkmenistan,TKM,20200128,0.00,,0.00,,0.00,,0.00,,0.00,,0.00,,0.00,,1.00,0.00,,0.00,0.00,0.00,1.00,1,1.00,0.00,0.00,0.00,,,,8.33,8.33,13.10,13.10,8.33,8.33,9.85,9.85,0.00,0.00
Turkmenistan,TKM,20200129,0.00,,0.00,,0.00,,0.00,,0.00,,0.00,,0.00,,1.00,0.00,,0.00,0.00,0.00,1.00,1,1.00,0.00,0.00,0.00,,,,8.33,8.33,13.10,13.10,8.33,8.33,9.85,9.85,0.00,0.00
Turkmenistan,TKM,20200130,0.00,,0.00,,0.00,,0.00,,0.00,,0.00,,0.00,,1.00,0.00,,0.00,0.00,0.00,1.00,1,1.00,0.00,0.00,0.00,,,,8.33,8.33,13.10,13.10,8.33,8.33,9.85,9.85,0.00,0.00
Turkmenistan,TKM,20200131,0.00,,0.00,,0.00,,0.00,,0.00,,0.00,,0.00,,1.00,0.00,,0.00,0.00,0.00,1.00,1,1.00,0.00,0.00,0.00,,,,8.33,8.33,13.10,13.10,8.33,8.33,9.85,9.85,0.00,0.00
Turkmenistan,TKM,20200201,0.00,,0.00,,0.00,,0.00,,0.00,,0.00,,0.00,,3.00,0.00,,0.00,0.00,0.00,1.00,1,1.00,0.00,0.00,0.00,,,,13.89,13.89,20.24,20.24,12.18,12.18,14.39,14.39,0.00,0.00
Turkmenistan,TKM,20200202,0.00,,0.00,,0.00,,0.00,,0.00,,0.00,,0.00,,3.00,0.00,,0.00,0.00,0.00,1.00,1,1.00,0.00,0.00,0.00,,,,13.89,13.89,20.24,20.24,12.18,12.18,14.39,14.39,0.00,0.00
Turkmenistan,TKM,20200203,0.00,,0.00,,0.00,,0.00,,0.00,,0.00,,0.00,,3.00,0.00,,0.00,0.00,0.00,1.00,1,1.00,0.00,0.00,0.00,,,,13.89,13.89,20.24,20.24,12.18,12.18,14.39,14.39,0.00,0.00
Turkmenistan,TKM,20200204,0.00,,0.00,,0.00,,0.00,,0.00,,0.00,,0.00,,3.00,0.00,,0.00,0.00,0.00,1.00,1,1.00,0.00,0.00,0.00,,,,13.89,13.89,20.24,20.24,12.18,12.18,14.39,14.39,0.00,0.00
Turkmenistan,TKM,20200205,0.00,,0.00,,0.00,,0.00,,0.00,,0.00,,0.00,,3.00,0.00,,0.00,0.00,0.00,1.00,1,1.00,0.00,0.00,0.00,,,,13.89,13.89,20.24,20.24,12.18,12.18,14.39,14.39,0.00,0.00
Turkmenistan,TKM,20200206,0.00,,0.00,,0.00,,0.00,,0.00,,0.00,,0.00,,3.00,0.00,,0.00,0.00,0.00,1.00,1,1.00,0.00,0.00,0.00,,,,13.89,13.89,20.24,20.24,12.18,12.18,14.39,14.39,0.00,0.00
Turkmenistan,TKM,20200207,0.00,,0.00,,0.00,,0.00,,0.00,,0.00,,0.00,,3.00,0.00,,0.00,0.00,0.00,1.00,1,1.00,0.00,0.00,0.00,,,,13.89,13.89,20.24,20.24,12.18,12.18,14.39,14.39,0.00,0.00
Turkmenistan,TKM,20200208,0.00,,0.00,,0.00,,0.00,,0.00,,0.00,,0.00,,3.00,0.00,,0.00,0.00,0.00,1.00,1,1.00,0.00,0.00,0.00,,,,13.89,13.89,20.24,20.24,12.18,12.18,14.39,14.39,0.00,0.00
Turkmenistan,TKM,20200209,0.00,,0.00,,0.00,,0.00,,0.00,,0.00,,0.00,,3.00,0.00,,0.00,0.00,0.00,1.00,1,1.00,0.00,0.00,0.00,,,,13.89,13.89,20.24,20.24,12.18,12.18,14.39,14.39,0.00,0.00
Turkmenistan,TKM,20200210,0.00,,0.00,,0.00,,0.00,,0.00,,0.00,,0.00,,3.00,0.00,,0.00,0.00,0.00,2.00,1,1.00,0.00,0.00,0.00,,,,19.44,19.44,25.00,25.00,16.03,16.03,18.94,18.94,0.00,0.00
Turkmenistan,TKM,20200211,0.00,,0.00,,0.00,,0.00,,0.00,,0.00,,0.00,,3.00,0.00,,0.00,0.00,0.00,2.00,1,1.00,0.00,0.00,0.00,,,,19.44,19.44,25.00,25.00,16.03,16.03,18.94,18.94,0.00,0.00
Turkmenistan,TKM,20200212,0.00,,0.00,,0.00,,0.00,,0.00,,0.00,,0.00,,3.00,0.00,,0.00,0.00,0.00,2.00,1,1.00,0.00,0.00,0.00,,,,19.44,19.44,25.00,25.00,16.03,16.03,18.94,18.94,0.00,0.00
Turkmenistan,TKM,20200213,0.00,,0.00,,0.00,,0.00,,0.00,,0.00,,0.00,,3.00,0.00,,0.00,0.00,0.00,2.00,1,1.00,0.00,0.00,0.00,,,,19.44,19.44,25.00,25.00,16.03,16.03,18.94,18.94,0.00,0.00
Turkmenistan,TKM,20200214,0.00,,0.00,,0.00,,0.00,,0.00,,0.00,,0.00,,3.00,0.00,,0.00,0.00,0.00,2.00,1,1.00,0.00,0.00,0.00,,,,19.44,19.44,25.00,25.00,16.03,16.03,18.94,18.94,0.00,0.00
Turkmenistan,TKM,20200215,0.00,,0.00,,0.00,,0.00,,0.00,,0.00,,0.00,,3.00,0.00,,0.00,0.00,0.00,2.00,1,1.00,0.00,0.00,0.00,,,,19.44,19.44,25.00,25.00,16.03,16.03,18.94,18.94,0.00,0.00
Turkmenistan,TKM,20200216,0.00,,0.00,,0.00,,0.00,,0.00,,0.00,,0.00,,3.00,0.00,,0.00,0.00,0.00,2.00,1,1.00,0.00,0.00,0.00,,,,19.44,19.44,25.00,25.00,16.03,16.03,18.94,18.94,0.00,0.00
Turkmenistan,TKM,20200217,0.00,,0.00,,0.00,,0.00,,0.00,,0.00,,0.00,,3.00,0.00,,0.00,0.00,0.00,2.00,1,1.00,0.00,0.00,0.00,,,,19.44,19.44,25.00,25.00,16.03,16.03,18.94,18.94,0.00,0.00
Turkmenistan,TKM,20200218,0.00,,0.00,,0.00,,0.00,,0.00,,0.00,,0.00,,3.00,0.00,,0.00,0.00,0.00,2.00,1,1.00,0.00,0.00,0.00,,,,19.44,19.44,25.00,25.00,16.03,16.03,18.94,18.94,0.00,0.00
Turkmenistan,TKM,20200219,0.00,,0.00,,0.00,,0.00,,0.00,,0.00,,0.00,,3.00,0.00,,0.00,0.00,0.00,2.00,1,1.00,0.00,0.00,0.00,,,,19.44,19.44,25.00,25.00,16.03,16.03,18.94,18.94,0.00,0.00
Turkmenistan,TKM,20200220,0.00,,0.00,,0.00,,0.00,,0.00,,0.00,,0.00,,3.00,0.00,,0.00,0.00,0.00,2.00,1,1.00,0.00,0.00,0.00,,,,19.44,19.44,25.00,25.00,16.03,16.03,18.94,18.94,0.00,0.00
Turkmenistan,TKM,20200221,0.00,,0.00,,0.00,,0.00,,0.00,,0.00,,0.00,,3.00,0.00,,0.00,0.00,0.00,2.00,1,1.00,0.00,0.00,0.00,,,,19.44,19.44,25.00,25.00,16.03,16.03,18.94,18.94,0.00,0.00
Turkmenistan,TKM,20200222,0.00,,0.00,,0.00,,0.00,,0.00,,0.00,,0.00,,3.00,0.00,,0.00,0.00,0.00,2.00,1,1.00,0.00,0.00,0.00,,,,19.44,19.44,25.00,25.00,16.03,16.03,18.94,18.94,0.00,0.00
Turkmenistan,TKM,20200223,0.00,,0.00,,0.00,,0.00,,0.00,,0.00,,0.00,,3.00,0.00,,0.00,0.00,0.00,2.00,1,1.00,0.00,0.00,0.00,,,,19.44,19.44,25.00,25.00,16.03,16.03,18.94,18.94,0.00,0.00
Turkmenistan,TKM,20200224,0.00,,0.00,,0.00,,0.00,,0.00,,0.00,,0.00,,3.00,0.00,,0.00,0.00,0.00,2.00,1,1.00,0.00,0.00,0.00,,,,19.44,19.44,25.00,25.00,16.03,16.03,18.94,18.94,0.00,0.00
Turkmenistan,TKM,20200225,0.00,,0.00,,0.00,,0.00,,0.00,,0.00,,0.00,,3.00,0.00,,0.00,0.00,0.00,2.00,1,1.00,0.00,0.00,0.00,,,,19.44,19.44,25.00,25.00,16.03,16.03,18.94,18.94,0.00,0.00
Turkmenistan,TKM,20200226,0.00,,0.00,,0.00,,0.00,,0.00,,0.00,,0.00,,3.00,0.00,,0.00,0.00,0.00,2.00,1,1.00,0.00,0.00,0.00,,,,19.44,19.44,25.00,25.00,16.03,16.03,18.94,18.94,0.00,0.00
Turkmenistan,TKM,20200227,0.00,,0.00,,0.00,,0.00,,0.00,,0.00,,0.00,,3.00,0.00,,0.00,0.00,0.00,2.00,1,1.00,0.00,0.00,0.00,,,,19.44,19.44,25.00,25.00,16.03,16.03,18.94,18.94,0.00,0.00
Turkmenistan,TKM,20200228,0.00,,0.00,,0.00,,0.00,,0.00,,0.00,,0.00,,3.00,0.00,,0.00,0.00,0.00,2.00,1,1.00,0.00,0.00,0.00,,,,19.44,19.44,25.00,25.00,16.03,16.03,18.94,18.94,0.00,0.00
Turkmenistan,TKM,20200229,0.00,,0.00,,0.00,,0.00,,0.00,,0.00,,0.00,,3.00,0.00,,0.00,0.00,0.00,2.00,1,1.00,0.00,0.00,0.00,,,,19.44,19.44,25.00,25.00,16.03,16.03,18.94,18.94,0.00,0.00
Turkmenistan,TKM,20200301,0.00,,0.00,,0.00,,0.00,,0.00,,0.00,,0.00,,3.00,0.00,,0.00,0.00,0.00,2.00,1,1.00,0.00,0.00,0.00,,,,19.44,19.44,25.00,25.00,16.03,16.03,18.94,18.94,0.00,0.00
Turkmenistan,TKM,20200302,0.00,,0.00,,0.00,,0.00,,0.00,,0.00,,0.00,,3.00,0.00,,0.00,0.00,0.00,2.00,1,1.00,0.00,0.00,0.00,,,,19.44,19.44,25.00,25.00,16.03,16.03,18.94,18.94,0.00,0.00
Turkmenistan,TKM,20200303,0.00,,0.00,,0.00,,0.00,,0.00,,0.00,,0.00,,3.00,0.00,,0.00,0.00,0.00,2.00,1,1.00,0.00,0.00,0.00,,,,19.44,19.44,25.00,25.00,16.03,16.03,18.94,18.94,0.00,0.00
Turkmenistan,TKM,20200304,0.00,,0.00,,0.00,,0.00,,0.00,,0.00,,0.00,,3.00,0.00,,0.00,0.00,0.00,2.00,1,1.00,0.00,0.00,0.00,,,,19.44,19.44,25.00,25.00,16.03,16.03,18.94,18.94,0.00,0.00
Turkmenistan,TKM,20200305,0.00,,0.00,,0.00,,0.00,,0.00,,0.00,,0.00,,3.00,0.00,,0.00,0.00,0.00,2.00,1,1.00,0.00,0.00,0.00,,,,19.44,19.44,25.00,25.00,16.03,16.03,18.94,18.94,0.00,0.00
Turkmenistan,TKM,20200306,0.00,,0.00,,0.00,,0.00,,0.00,,0.00,,0.00,,3.00,0.00,,0.00,0.00,0.00,2.00,1,1.00,0.00,0.00,0.00,,,,19.44,19.44,25.00,25.00,16.03,16.03,18.94,18.94,0.00,0.00
Turkmenistan,TKM,20200307,0.00,,0.00,,0.00,,0.00,,0.00,,0.00,,0.00,,3.00,0.00,,0.00,0.00,0.00,2.00,1,1.00,0.00,0.00,0.00,,,,19.44,19.44,25.00,25.00,16.03,16.03,18.94,18.94,0.00,0.00
Turkmenistan,TKM,20200308,0.00,,0.00,,0.00,,0.00,,0.00,,0.00,,0.00,,3.00,0.00,,0.00,0.00,0.00,2.00,1,1.00,0.00,0.00,0.00,,,,19.44,19.44,25.00,25.00,16.03,16.03,18.94,18.94,0.00,0.00
Turkmenistan,TKM,20200309,0.00,,0.00,,0.00,,0.00,,0.00,,0.00,,0.00,,3.00,0.00,,0.00,0.00,0.00,2.00,1,1.00,0.00,0.00,0.00,,,,19.44,19.44,25.00,25.00,16.03,16.03,18.94,18.94,0.00,0.00
Turkmenistan,TKM,20200310,0.00,,0.00,,0.00,,0.00,,0.00,,0.00,,0.00,,3.00,0.00,,0.00,0.00,0.00,2.00,1,1.00,0.00,0.00,0.00,,,,19.44,19.44,25.00,25.00,16.03,16.03,18.94,18.94,0.00,0.00
Turkmenistan,TKM,20200311,0.00,,0.00,,0.00,,0.00,,0.00,,0.00,,0.00,,3.00,0.00,,0.00,0.00,0.00,2.00,1,1.00,0.00,0.00,0.00,,,,19.44,19.44,25.00,25.00,16.03,16.03,18.94,18.94,0.00,0.00
Turkmenistan,TKM,20200312,0.00,,0.00,,0.00,,0.00,,0.00,,0.00,,0.00,,3.00,0.00,,0.00,0.00,0.00,2.00,1,1.00,0.00,0.00,0.00,,,,19.44,19.44,25.00,25.00,16.03,16.03,18.94,18.94,0.00,0.00
Turkmenistan,TKM,20200313,0.00,,0.00,,0.00,,0.00,,0.00,,0.00,,0.00,,3.00,0.00,,0.00,0.00,0.00,2.00,1,1.00,0.00,0.00,0.00,,,,19.44,19.44,25.00,25.00,16.03,16.03,18.94,18.94,0.00,0.00
Turkmenistan,TKM,20200314,0.00,,0.00,,0.00,,0.00,,0.00,,0.00,,0.00,,3.00,0.00,,0.00,0.00,0.00,2.00,1,1.00,0.00,0.00,0.00,,,,19.44,19.44,25.00,25.00,16.03,16.03,18.94,18.94,0.00,0.00
Turkmenistan,TKM,20200315,0.00,,0.00,,0.00,,0.00,,0.00,,0.00,,0.00,,3.00,0.00,,0.00,0.00,0.00,2.00,1,1.00,0.00,0.00,0.00,,,,19.44,19.44,25.00,25.00,16.03,16.03,18.94,18.94,0.00,0.00
Turkmenistan,TKM,20200316,0.00,,0.00,,0.00,,0.00,,0.00,,0.00,,0.00,,3.00,0.00,,0.00,0.00,0.00,2.00,1,1.00,0.00,0.00,0.00,,,,19.44,19.44,25.00,25.00,16.03,16.03,18.94,18.94,0.00,0.00
Turkmenistan,TKM,20200317,0.00,,0.00,,0.00,,0.00,,0.00,,0.00,,0.00,,3.00,0.00,,0.00,0.00,0.00,2.00,1,1.00,0.00,0.00,0.00,,,,19.44,19.44,25.00,25.00,16.03,16.03,18.94,18.94,0.00,0.00
Turkmenistan,TKM,20200318,0.00,,0.00,,0.00,,0.00,,0.00,,0.00,,0.00,,3.00,0.00,,0.00,0.00,0.00,2.00,1,1.00,0.00,0.00,0.00,,,,19.44,19.44,25.00,25.00,16.03,16.03,18.94,18.94,0.00,0.00
Turkmenistan,TKM,20200319,0.00,,0.00,,0.00,,0.00,,0.00,,0.00,,2.00,0,3.00,0.00,,0.00,0.00,0.00,2.00,1,1.00,0.00,0.00,0.00,,,,27.78,27.78,34.52,34.52,21.79,21.79,25.76,25.76,0.00,0.00
Turkmenistan,TKM,20200320,0.00,,0.00,,0.00,,0.00,,0.00,,0.00,,2.00,0,3.00,0.00,,0.00,0.00,0.00,2.00,1,1.00,0.00,0.00,0.00,,,,27.78,27.78,34.52,34.52,21.79,21.79,25.76,25.76,0.00,0.00
Turkmenistan,TKM,20200321,0.00,,0.00,,0.00,,0.00,,0.00,,0.00,,2.00,0,4.00,0.00,,0.00,0.00,0.00,2.00,1,1.00,0.00,0.00,0.00,,,,30.56,30.56,38.10,38.10,23.72,23.72,28.03,28.03,0.00,0.00
Turkmenistan,TKM,20200322,0.00,,0.00,,0.00,,0.00,,0.00,,0.00,,2.00,0,4.00,0.00,,0.00,0.00,0.00,2.00,1,1.00,0.00,0.00,0.00,,,,30.56,30.56,38.10,38.10,23.72,23.72,28.03,28.03,0.00,0.00
Turkmenistan,TKM,20200323,0.00,,0.00,,0.00,,0.00,,0.00,,0.00,,2.00,0,4.00,0.00,,0.00,0.00,0.00,2.00,1,1.00,0.00,0.00,0.00,,,,30.56,30.56,38.10,38.10,23.72,23.72,28.03,28.03,0.00,0.00
Turkmenistan,TKM,20200324,0.00,,2.00,0,2.00,1,0.00,,0.00,,0.00,,2.00,0,4.00,0.00,,0.00,0.00,0.00,2.00,1,1.00,0.00,0.00,0.00,,,,47.22,47.22,59.52,59.52,35.26,35.26,41.67,41.67,0.00,0.00
Turkmenistan,TKM,20200325,0.00,,2.00,0,2.00,1,0.00,,0.00,,0.00,,2.00,0,4.00,0.00,,0.00,0.00,0.00,2.00,1,1.00,0.00,0.00,0.00,,,,47.22,47.22,59.52,59.52,35.26,35.26,41.67,41.67,0.00,0.00
Turkmenistan,TKM,20200326,0.00,,2.00,0,2.00,1,0.00,,0.00,,0.00,,2.00,0,4.00,0.00,,0.00,0.00,0.00,2.00,1,1.00,0.00,0.00,0.00,,,,47.22,47.22,59.52,59.52,35.26,35.26,41.67,41.67,0.00,0.00
Turkmenistan,TKM,20200327,0.00,,2.00,0,2.00,1,0.00,,0.00,,0.00,,2.00,0,4.00,0.00,,0.00,0.00,0.00,2.00,1,1.00,0.00,0.00,0.00,,,,47.22,47.22,59.52,59.52,35.26,35.26,41.67,41.67,0.00,0.00
Turkmenistan,TKM,20200328,0.00,,2.00,0,2.00,1,0.00,,0.00,,0.00,,2.00,0,4.00,0.00,,0.00,0.00,0.00,2.00,1,1.00,0.00,0.00,0.00,,,,47.22,47.22,59.52,59.52,35.26,35.26,41.67,41.67,0.00,0.00
Turkmenistan,TKM,20200329,0.00,,2.00,0,2.00,1,0.00,,0.00,,0.00,,2.00,0,4.00,0.00,,0.00,0.00,0.00,2.00,1,1.00,0.00,0.00,0.00,,,,47.22,47.22,59.52,59.52,35.26,35.26,41.67,41.67,0.00,0.00
Turkmenistan,TKM,20200330,3.00,1,2.00,0,2.00,1,0.00,,0.00,,0.00,,2.00,0,4.00,0.00,,0.00,0.00,0.00,2.00,1,1.00,0.00,0.00,0.00,,,,58.33,58.33,73.81,73.81,42.95,42.95,50.76,50.76,0.00,0.00
Turkmenistan,TKM,20200331,3.00,1,2.00,0,2.00,1,0.00,,0.00,,0.00,,2.00,0,4.00,0.00,,0.00,0.00,0.00,2.00,1,1.00,0.00,0.00,0.00,,,,58.33,58.33,73.81,73.81,42.95,42.95,50.76,50.76,0.00,0.00
Turkmenistan,TKM,20200401,3.00,1,0.00,,2.00,1,0.00,,0.00,,0.00,,2.00,0,4.00,0.00,,0.00,0.00,0.00,2.00,1,1.00,0.00,0.00,0.00,,,,52.78,52.78,66.67,66.67,39.10,39.10,46.21,46.21,0.00,0.00
Turkmenistan,TKM,20200402,3.00,1,0.00,,2.00,1,0.00,,0.00,,0.00,,2.00,0,4.00,0.00,,0.00,0.00,0.00,2.00,1,1.00,0.00,0.00,0.00,,,,52.78,52.78,66.67,66.67,39.10,39.10,46.21,46.21,0.00,0.00
Turkmenistan,TKM,20200403,3.00,1,0.00,,2.00,1,0.00,,0.00,,0.00,,2.00,0,4.00,0.00,,0.00,0.00,0.00,2.00,1,1.00,0.00,0.00,0.00,,,,52.78,52.78,66.67,66.67,39.10,39.10,46.21,46.21,0.00,0.00
Turkmenistan,TKM,20200404,3.00,1,0.00,,2.00,1,0.00,,0.00,,0.00,,2.00,0,4.00,0.00,,0.00,0.00,0.00,2.00,1,1.00,0.00,0.00,0.00,,,,52.78,52.78,66.67,66.67,39.10,39.10,46.21,46.21,0.00,0.00
Turkmenistan,TKM,20200405,3.00,1,0.00,,2.00,1,0.00,,0.00,,0.00,,2.00,0,4.00,0.00,,0.00,0.00,0.00,2.00,1,1.00,0.00,0.00,0.00,,,,52.78,52.78,66.67,66.67,39.10,39.10,46.21,46.21,0.00,0.00
Turkmenistan,TKM,20200406,3.00,1,0.00,,2.00,1,0.00,,0.00,,0.00,,2.00,0,4.00,0.00,,0.00,0.00,0.00,2.00,1,1.00,0.00,0.00,0.00,,,,52.78,52.78,66.67,66.67,39.10,39.10,46.21,46.21,0.00,0.00
Turkmenistan,TKM,20200407,0.00,,0.00,,2.00,1,0.00,,0.00,,0.00,,2.00,0,4.00,0.00,,0.00,0.00,0.00,2.00,1,1.00,0.00,0.00,0.00,,,,41.67,41.67,52.38,52.38,31.41,31.41,37.12,37.12,0.00,0.00
Turkmenistan,TKM,20200408,0.00,,0.00,,2.00,1,0.00,,0.00,,0.00,,2.00,0,4.00,0.00,,0.00,0.00,0.00,2.00,1,1.00,0.00,0.00,0.00,,,,41.67,41.67,52.38,52.38,31.41,31.41,37.12,37.12,0.00,0.00
Turkmenistan,TKM,20200409,0.00,,0.00,,2.00,1,0.00,,0.00,,0.00,,2.00,0,4.00,0.00,,0.00,0.00,0.00,2.00,1,1.00,0.00,0.00,0.00,,,,41.67,41.67,52.38,52.38,31.41,31.41,37.12,37.12,0.00,0.00
Turkmenistan,TKM,20200410,0.00,,0.00,,2.00,1,0.00,,0.00,,0.00,,2.00,0,4.00,0.00,,0.00,0.00,0.00,2.00,1,1.00,0.00,0.00,0.00,,,,41.67,41.67,52.38,52.38,31.41,31.41,37.12,37.12,0.00,0.00
Turkmenistan,TKM,20200411,0.00,,0.00,,2.00,1,0.00,,0.00,,0.00,,2.00,0,4.00,0.00,,0.00,0.00,0.00,2.00,1,1.00,0.00,0.00,0.00,,,,41.67,41.67,52.38,52.38,31.41,31.41,37.12,37.12,0.00,0.00
Turkmenistan,TKM,20200412,0.00,,0.00,,2.00,1,0.00,,0.00,,0.00,,2.00,0,4.00,0.00,,0.00,0.00,0.00,2.00,1,1.00,0.00,0.00,0.00,,,,41.67,41.67,52.38,52.38,31.41,31.41,37.12,37.12,0.00,0.00
Turkmenistan,TKM,20200413,0.00,,0.00,,2.00,1,0.00,,0.00,,0.00,,2.00,0,4.00,0.00,,0.00,0.00,0.00,2.00,1,1.00,0.00,0.00,0.00,,,,41.67,41.67,52.38,52.38,31.41,31.41,37.12,37.12,0.00,0.00
Turkmenistan,TKM,20200414,0.00,,0.00,,2.00,1,0.00,,0.00,,0.00,,2.00,0,4.00,0.00,,0.00,0.00,0.00,2.00,1,1.00,0.00,0.00,0.00,,,,41.67,41.67,52.38,52.38,31.41,31.41,37.12,37.12,0.00,0.00
Turkmenistan,TKM,20200415,0.00,,0.00,,2.00,1,0.00,,0.00,,0.00,,2.00,0,4.00,0.00,,0.00,0.00,0.00,2.00,1,1.00,0.00,0.00,0.00,,,,41.67,41.67,52.38,52.38,31.41,31.41,37.12,37.12,0.00,0.00
Turkmenistan,TKM,20200416,0.00,,0.00,,2.00,1,0.00,,0.00,,0.00,,2.00,0,4.00,0.00,,0.00,0.00,0.00,2.00,1,1.00,0.00,0.00,0.00,,,,41.67,41.67,52.38,52.38,31.41,31.41,37.12,37.12,0.00,0.00
Turkmenistan,TKM,20200417,0.00,,0.00,,2.00,1,0.00,,0.00,,0.00,,2.00,0,4.00,0.00,,0.00,0.00,0.00,2.00,1,1.00,0.00,0.00,0.00,,,,41.67,41.67,52.38,52.38,31.41,31.41,37.12,37.12,0.00,0.00
Turkmenistan,TKM,20200418,0.00,,0.00,,2.00,1,0.00,,0.00,,0.00,,2.00,0,4.00,0.00,,0.00,0.00,0.00,2.00,1,1.00,0.00,0.00,0.00,,,,41.67,41.67,52.38,52.38,31.41,31.41,37.12,37.12,0.00,0.00
Turkmenistan,TKM,20200419,0.00,,0.00,,2.00,1,0.00,,0.00,,0.00,,2.00,0,4.00,0.00,,0.00,0.00,0.00,2.00,1,1.00,0.00,0.00,0.00,,,,41.67,41.67,52.38,52.38,31.41,31.41,37.12,37.12,0.00,0.00
Turkmenistan,TKM,20200420,0.00,,0.00,,0.00,,0.00,,0.00,,0.00,,2.00,0,4.00,0.00,,0.00,0.00,0.00,2.00,1,1.00,0.00,0.00,0.00,,,,30.56,30.56,38.10,38.10,23.72,23.72,28.03,28.03,0.00,0.00
Turkmenistan,TKM,20200421,0.00,,0.00,,0.00,,0.00,,0.00,,0.00,,2.00,0,4.00,0.00,,0.00,0.00,0.00,2.00,1,1.00,0.00,0.00,0.00,,,,30.56,30.56,38.10,38.10,23.72,23.72,28.03,28.03,0.00,0.00
Turkmenistan,TKM,20200422,0.00,,0.00,,0.00,,0.00,,0.00,,0.00,,2.00,0,4.00,0.00,,0.00,0.00,0.00,2.00,1,1.00,0.00,0.00,0.00,,,,30.56,30.56,38.10,38.10,23.72,23.72,28.03,28.03,0.00,0.00
Turkmenistan,TKM,20200423,0.00,,0.00,,0.00,,0.00,,0.00,,0.00,,2.00,0,3.00,0.00,,0.00,0.00,0.00,2.00,1,1.00,0.00,0.00,0.00,,,,27.78,27.78,34.52,34.52,21.79,21.79,25.76,25.76,0.00,0.00
Turkmenistan,TKM,20200424,0.00,,0.00,,0.00,,0.00,,0.00,,0.00,,2.00,0,3.00,0.00,,0.00,0.00,0.00,2.00,1,1.00,0.00,0.00,0.00,,,,27.78,27.78,34.52,34.52,21.79,21.79,25.76,25.76,0.00,0.00
Turkmenistan,TKM,20200425,0.00,,0.00,,0.00,,0.00,,0.00,,0.00,,2.00,0,3.00,0.00,,0.00,0.00,0.00,2.00,1,1.00,0.00,0.00,0.00,,,,27.78,27.78,34.52,34.52,21.79,21.79,25.76,25.76,0.00,0.00
Turkmenistan,TKM,20200426,0.00,,0.00,,0.00,,0.00,,0.00,,0.00,,2.00,0,3.00,0.00,,0.00,0.00,0.00,2.00,1,1.00,0.00,0.00,0.00,,,,27.78,27.78,34.52,34.52,21.79,21.79,25.76,25.76,0.00,0.00
Turkmenistan,TKM,20200427,0.00,,0.00,,0.00,,0.00,,0.00,,0.00,,2.00,0,3.00,0.00,,0.00,0.00,0.00,2.00,1,1.00,0.00,0.00,0.00,,,,27.78,27.78,34.52,34.52,21.79,21.79,25.76,25.76,0.00,0.00
Turkmenistan,TKM,20200428,0.00,,0.00,,0.00,,0.00,,0.00,,0.00,,2.00,0,3.00,0.00,,0.00,0.00,0.00,2.00,1,1.00,0.00,0.00,0.00,,,,27.78,27.78,34.52,34.52,21.79,21.79,25.76,25.76,0.00,0.00
Turkmenistan,TKM,20200429,0.00,,0.00,,0.00,,0.00,,0.00,,0.00,,2.00,0,3.00,0.00,,0.00,0.00,0.00,2.00,1,1.00,0.00,0.00,0.00,,,,27.78,27.78,34.52,34.52,21.79,21.79,25.76,25.76,0.00,0.00
Turkmenistan,TKM,20200430,0.00,,0.00,,0.00,,0.00,,0.00,,0.00,,2.00,0,3.00,0.00,,0.00,0.00,0.00,2.00,1,1.00,0.00,0.00,0.00,,,,27.78,27.78,34.52,34.52,21.79,21.79,25.76,25.76,0.00,0.00
Turkmenistan,TKM,20200501,0.00,,0.00,,0.00,,0.00,,0.00,,0.00,,2.00,0,3.00,0.00,,0.00,0.00,0.00,2.00,1,1.00,0.00,0.00,0.00,,,,27.78,27.78,34.52,34.52,21.79,21.79,25.76,25.76,0.00,0.00
Turkmenistan,TKM,20200502,0.00,,0.00,,0.00,,0.00,,0.00,,0.00,,2.00,0,3.00,0.00,,0.00,0.00,0.00,2.00,1,1.00,0.00,0.00,0.00,,,,27.78,27.78,34.52,34.52,21.79,21.79,25.76,25.76,0.00,0.00
Turkmenistan,TKM,20200503,0.00,,0.00,,0.00,,0.00,,0.00,,0.00,,2.00,0,3.00,0.00,,0.00,0.00,0.00,2.00,1,1.00,0.00,0.00,0.00,,,,27.78,27.78,34.52,34.52,21.79,21.79,25.76,25.76,0.00,0.00
Turkmenistan,TKM,20200504,0.00,,0.00,,0.00,,0.00,,0.00,,0.00,,2.00,0,3.00,0.00,,0.00,0.00,0.00,2.00,1,1.00,0.00,0.00,0.00,,,,27.78,27.78,34.52,34.52,21.79,21.79,25.76,25.76,0.00,0.00
Turkmenistan,TKM,20200505,0.00,,0.00,,0.00,,0.00,,0.00,,0.00,,2.00,0,3.00,0.00,,0.00,0.00,0.00,2.00,1,1.00,0.00,0.00,0.00,,,,27.78,27.78,34.52,34.52,21.79,21.79,25.76,25.76,0.00,0.00
Turkmenistan,TKM,20200506,0.00,,0.00,,0.00,,0.00,,0.00,,0.00,,2.00,0,3.00,0.00,,0.00,0.00,0.00,2.00,1,1.00,0.00,0.00,0.00,,,,27.78,27.78,34.52,34.52,21.79,21.79,25.76,25.76,0.00,0.00
Turkmenistan,TKM,20200507,0.00,,0.00,,0.00,,0.00,,0.00,,0.00,,2.00,0,3.00,0.00,,0.00,0.00,0.00,2.00,1,1.00,0.00,0.00,0.00,,,,27.78,27.78,34.52,34.52,21.79,21.79,25.76,25.76,0.00,0.00
Turkmenistan,TKM,20200508,0.00,,0.00,,0.00,,0.00,,0.00,,0.00,,2.00,0,3.00,0.00,,0.00,0.00,0.00,2.00,1,1.00,0.00,0.00,0.00,,,,27.78,27.78,34.52,34.52,21.79,21.79,25.76,25.76,0.00,0.00
Turkmenistan,TKM,20200509,0.00,,0.00,,0.00,,0.00,,0.00,,0.00,,2.00,0,3.00,0.00,,0.00,0.00,0.00,2.00,1,1.00,0.00,0.00,0.00,,,,27.78,27.78,34.52,34.52,21.79,21.79,25.76,25.76,0.00,0.00
Turkmenistan,TKM,20200510,0.00,,0.00,,0.00,,0.00,,0.00,,0.00,,2.00,0,3.00,0.00,,0.00,0.00,0.00,2.00,1,1.00,0.00,0.00,0.00,,,,27.78,27.78,34.52,34.52,21.79,21.79,25.76,25.76,0.00,0.00
Turkmenistan,TKM,20200511,0.00,,0.00,,0.00,,0.00,,0.00,,0.00,,2.00,0,3.00,0.00,,0.00,0.00,0.00,2.00,1,1.00,0.00,0.00,0.00,,,,27.78,27.78,34.52,34.52,21.79,21.79,25.76,25.76,0.00,0.00
Turkmenistan,TKM,20200512,0.00,,0.00,,0.00,,0.00,,0.00,,0.00,,2.00,0,3.00,0.00,,0.00,0.00,0.00,2.00,1,1.00,0.00,0.00,0.00,,,,27.78,27.78,34.52,34.52,21.79,21.79,25.76,25.76,0.00,0.00
Turkmenistan,TKM,20200513,0.00,,0.00,,0.00,,0.00,,0.00,,0.00,,2.00,0,3.00,0.00,,0.00,0.00,0.00,2.00,1,1.00,0.00,0.00,0.00,,,,27.78,27.78,34.52,34.52,21.79,21.79,25.76,25.76,0.00,0.00
Turkmenistan,TKM,20200514,0.00,,0.00,,0.00,,0.00,,0.00,,0.00,,2.00,0,3.00,0.00,,0.00,0.00,0.00,2.00,1,1.00,0.00,0.00,0.00,,,,27.78,27.78,34.52,34.52,21.79,21.79,25.76,25.76,0.00,0.00
Turkmenistan,TKM,20200515,0.00,,0.00,,0.00,,0.00,,0.00,,0.00,,2.00,0,3.00,0.00,,0.00,0.00,0.00,2.00,1,1.00,0.00,0.00,0.00,,,,27.78,27.78,34.52,34.52,21.79,21.79,25.76,25.76,0.00,0.00
Turkmenistan,TKM,20200516,0.00,,0.00,,0.00,,0.00,,0.00,,0.00,,2.00,0,3.00,0.00,,0.00,0.00,0.00,2.00,1,1.00,0.00,0.00,0.00,,,,27.78,27.78,34.52,34.52,21.79,21.79,25.76,25.76,0.00,0.00
Turkmenistan,TKM,20200517,0.00,,0.00,,0.00,,0.00,,0.00,,0.00,,2.00,0,3.00,0.00,,0.00,0.00,0.00,2.00,1,1.00,0.00,0.00,0.00,,,,27.78,27.78,34.52,34.52,21.79,21.79,25.76,25.76,0.00,0.00
Turkmenistan,TKM,20200518,0.00,,0.00,,0.00,,0.00,,0.00,,0.00,,2.00,0,3.00,0.00,,0.00,0.00,0.00,2.00,1,1.00,0.00,0.00,0.00,,,,27.78,27.78,34.52,34.52,21.79,21.79,25.76,25.76,0.00,0.00
Turkmenistan,TKM,20200519,0.00,,0.00,,0.00,,0.00,,0.00,,0.00,,2.00,0,3.00,0.00,,0.00,0.00,0.00,2.00,1,1.00,0.00,0.00,0.00,,,,27.78,27.78,34.52,34.52,21.79,21.79,25.76,25.76,0.00,0.00
Turkmenistan,TKM,20200520,0.00,,0.00,,0.00,,0.00,,0.00,,0.00,,2.00,0,3.00,0.00,,0.00,0.00,0.00,2.00,1,1.00,0.00,0.00,0.00,,,,27.78,27.78,34.52,34.52,21.79,21.79,25.76,25.76,0.00,0.00
Turkmenistan,TKM,20200521,0.00,,0.00,,0.00,,0.00,,0.00,,0.00,,2.00,0,3.00,0.00,,0.00,0.00,0.00,2.00,1,1.00,0.00,0.00,0.00,,,,27.78,27.78,34.52,34.52,21.79,21.79,25.76,25.76,0.00,0.00
Turkmenistan,TKM,20200522,0.00,,0.00,,0.00,,0.00,,0.00,,0.00,,2.00,0,3.00,0.00,,0.00,0.00,0.00,2.00,1,1.00,0.00,0.00,0.00,,,,27.78,27.78,34.52,34.52,21.79,21.79,25.76,25.76,0.00,0.00
Turkmenistan,TKM,20200523,0.00,,0.00,,0.00,,0.00,,0.00,,0.00,,2.00,0,3.00,0.00,,0.00,0.00,0.00,2.00,1,1.00,0.00,0.00,0.00,,,,27.78,27.78,34.52,34.52,21.79,21.79,25.76,25.76,0.00,0.00
Turkmenistan,TKM,20200524,0.00,,0.00,,0.00,,0.00,,0.00,,0.00,,2.00,0,3.00,0.00,,0.00,0.00,0.00,2.00,1,1.00,0.00,0.00,0.00,,,,27.78,27.78,34.52,34.52,21.79,21.79,25.76,25.76,0.00,0.00
Turkmenistan,TKM,20200525,0.00,,0.00,,0.00,,0.00,,0.00,,0.00,,2.00,0,3.00,0.00,,0.00,0.00,0.00,2.00,1,1.00,0.00,0.00,0.00,,,,27.78,27.78,34.52,34.52,21.79,21.79,25.76,25.76,0.00,0.00
Turkmenistan,TKM,20200526,0.00,,0.00,,0.00,,0.00,,0.00,,0.00,,2.00,0,3.00,0.00,,0.00,0.00,0.00,2.00,1,1.00,0.00,0.00,0.00,,,,27.78,27.78,34.52,34.52,21.79,21.79,25.76,25.76,0.00,0.00
Turkmenistan,TKM,20200527,0.00,,0.00,,0.00,,0.00,,0.00,,0.00,,2.00,0,3.00,0.00,,0.00,0.00,0.00,2.00,1,1.00,0.00,0.00,0.00,,,,27.78,27.78,34.52,34.52,21.79,21.79,25.76,25.76,0.00,0.00
Turkmenistan,TKM,20200528,0.00,,0.00,,0.00,,0.00,,0.00,,0.00,,2.00,0,3.00,0.00,,0.00,0.00,0.00,2.00,1,1.00,0.00,0.00,0.00,,,,27.78,27.78,34.52,34.52,21.79,21.79,25.76,25.76,0.00,0.00
Turkmenistan,TKM,20200529,0.00,,0.00,,0.00,,0.00,,0.00,,0.00,,2.00,0,3.00,0.00,,0.00,0.00,0.00,2.00,1,1.00,0.00,0.00,0.00,,,,27.78,27.78,34.52,34.52,21.79,21.79,25.76,25.76,0.00,0.00
Turkmenistan,TKM,20200530,0.00,,0.00,,0.00,,0.00,,0.00,,0.00,,2.00,0,3.00,0.00,,0.00,0.00,0.00,2.00,1,1.00,0.00,0.00,0.00,,,,27.78,27.78,34.52,34.52,21.79,21.79,25.76,25.76,0.00,0.00
Turkmenistan,TKM,20200531,0.00,,0.00,,0.00,,0.00,,0.00,,0.00,,2.00,0,3.00,0.00,,0.00,0.00,0.00,2.00,1,1.00,0.00,0.00,0.00,,,,27.78,27.78,34.52,34.52,21.79,21.79,25.76,25.76,0.00,0.00
Turkmenistan,TKM,20200601,0.00,,0.00,,0.00,,0.00,,0.00,,0.00,,2.00,0,3.00,0.00,,0.00,0.00,0.00,2.00,1,1.00,0.00,0.00,0.00,,,,27.78,27.78,34.52,34.52,21.79,21.79,25.76,25.76,0.00,0.00
Turkmenistan,TKM,20200602,0.00,,0.00,,0.00,,0.00,,0.00,,0.00,,2.00,0,3.00,0.00,,0.00,0.00,0.00,2.00,1,1.00,0.00,0.00,0.00,,,,27.78,27.78,34.52,34.52,21.79,21.79,25.76,25.76,0.00,0.00
Turkmenistan,TKM,20200603,0.00,,0.00,,0.00,,0.00,,0.00,,0.00,,2.00,0,3.00,0.00,,0.00,0.00,0.00,2.00,1,1.00,0.00,0.00,0.00,,,,27.78,27.78,34.52,34.52,21.79,21.79,25.76,25.76,0.00,0.00
Turkmenistan,TKM,20200604,0.00,,0.00,,0.00,,0.00,,0.00,,0.00,,2.00,0,3.00,0.00,,0.00,0.00,0.00,2.00,1,1.00,0.00,0.00,0.00,,,,27.78,27.78,34.52,34.52,21.79,21.79,25.76,25.76,0.00,0.00
Turkmenistan,TKM,20200605,0.00,,0.00,,0.00,,0.00,,0.00,,0.00,,2.00,0,3.00,0.00,,0.00,0.00,0.00,2.00,1,1.00,0.00,0.00,0.00,,,,27.78,27.78,34.52,34.52,21.79,21.79,25.76,25.76,0.00,0.00
Turkmenistan,TKM,20200606,0.00,,0.00,,0.00,,0.00,,0.00,,0.00,,2.00,0,3.00,0.00,,0.00,0.00,0.00,2.00,1,1.00,0.00,0.00,0.00,,,,27.78,27.78,34.52,34.52,21.79,21.79,25.76,25.76,0.00,0.00
Turkmenistan,TKM,20200607,0.00,,0.00,,0.00,,0.00,,0.00,,0.00,,2.00,0,3.00,0.00,,0.00,0.00,0.00,2.00,1,1.00,0.00,0.00,0.00,,,,27.78,27.78,34.52,34.52,21.79,21.79,25.76,25.76,0.00,0.00
Turkmenistan,TKM,20200608,0.00,,0.00,,0.00,,0.00,,0.00,,0.00,,2.00,0,3.00,0.00,,0.00,0.00,0.00,2.00,1,1.00,0.00,0.00,0.00,,,,27.78,27.78,34.52,34.52,21.79,21.79,25.76,25.76,0.00,0.00
Turkmenistan,TKM,20200609,0.00,,0.00,,0.00,,0.00,,0.00,,0.00,,2.00,0,3.00,0.00,,0.00,0.00,0.00,2.00,1,1.00,0.00,0.00,0.00,,,,27.78,27.78,34.52,34.52,21.79,21.79,25.76,25.76,0.00,0.00
Turkmenistan,TKM,20200610,0.00,,0.00,,0.00,,0.00,,0.00,,0.00,,2.00,0,3.00,0.00,,0.00,0.00,0.00,2.00,1,1.00,0.00,0.00,0.00,,,,27.78,27.78,34.52,34.52,21.79,21.79,25.76,25.76,0.00,0.00
Turkmenistan,TKM,20200611,0.00,,0.00,,0.00,,0.00,,0.00,,0.00,,2.00,0,3.00,0.00,,0.00,0.00,0.00,2.00,1,1.00,0.00,0.00,0.00,,,,27.78,27.78,34.52,34.52,21.79,21.79,25.76,25.76,0.00,0.00
Turkmenistan,TKM,20200612,0.00,,0.00,,0.00,,0.00,,0.00,,0.00,,2.00,0,3.00,0.00,,0.00,0.00,0.00,2.00,1,1.00,0.00,0.00,0.00,,,,27.78,27.78,34.52,34.52,21.79,21.79,25.76,25.76,0.00,0.00
Turkmenistan,TKM,20200613,0.00,,0.00,,0.00,,0.00,,0.00,,0.00,,2.00,0,3.00,0.00,,0.00,0.00,0.00,2.00,1,1.00,0.00,0.00,0.00,,,,27.78,27.78,34.52,34.52,21.79,21.79,25.76,25.76,0.00,0.00
Turkmenistan,TKM,20200614,0.00,,0.00,,0.00,,0.00,,0.00,,0.00,,2.00,0,3.00,0.00,,0.00,0.00,0.00,2.00,1,1.00,0.00,0.00,0.00,,,,27.78,27.78,34.52,34.52,21.79,21.79,25.76,25.76,0.00,0.00
Turkmenistan,TKM,20200615,0.00,,0.00,,0.00,,0.00,,0.00,,0.00,,2.00,0,3.00,0.00,,0.00,0.00,0.00,2.00,1,1.00,0.00,0.00,0.00,,,,27.78,27.78,34.52,34.52,21.79,21.79,25.76,25.76,0.00,0.00
Turkmenistan,TKM,20200616,0.00,,0.00,,0.00,,0.00,,0.00,,0.00,,2.00,0,3.00,0.00,,0.00,0.00,0.00,2.00,1,1.00,0.00,0.00,0.00,,,,27.78,27.78,34.52,34.52,21.79,21.79,25.76,25.76,0.00,0.00
Turkmenistan,TKM,20200617,0.00,,0.00,,0.00,,0.00,,0.00,,0.00,,2.00,0,3.00,0.00,,0.00,0.00,0.00,2.00,1,1.00,0.00,0.00,0.00,,,,27.78,27.78,34.52,34.52,21.79,21.79,25.76,25.76,0.00,0.00
Turkmenistan,TKM,20200618,0.00,,0.00,,0.00,,0.00,,0.00,,0.00,,2.00,0,3.00,0.00,,0.00,0.00,0.00,2.00,1,1.00,0.00,0.00,0.00,,,,27.78,27.78,34.52,34.52,21.79,21.79,25.76,25.76,0.00,0.00
Turkmenistan,TKM,20200619,0.00,,0.00,,0.00,,0.00,,0.00,,0.00,,2.00,0,3.00,0.00,,0.00,0.00,0.00,2.00,1,1.00,0.00,0.00,0.00,,,,27.78,27.78,34.52,34.52,21.79,21.79,25.76,25.76,0.00,0.00
Turkmenistan,TKM,20200620,0.00,,0.00,,0.00,,0.00,,0.00,,0.00,,2.00,0,3.00,0.00,,0.00,0.00,0.00,2.00,1,1.00,0.00,0.00,0.00,,,,27.78,27.78,34.52,34.52,21.79,21.79,25.76,25.76,0.00,0.00
Turkmenistan,TKM,20200621,0.00,,0.00,,0.00,,0.00,,0.00,,0.00,,2.00,0,3.00,0.00,,0.00,0.00,0.00,2.00,1,1.00,0.00,0.00,0.00,,,,27.78,27.78,34.52,34.52,21.79,21.79,25.76,25.76,0.00,0.00
Turkmenistan,TKM,20200622,0.00,,0.00,,0.00,,0.00,,0.00,,0.00,,2.00,0,3.00,0.00,,0.00,0.00,0.00,2.00,1,1.00,0.00,0.00,0.00,,,,27.78,27.78,34.52,34.52,21.79,21.79,25.76,25.76,0.00,0.00
Turkmenistan,TKM,20200623,,,,,,,,,,,,,,,,,,,,,,,,,,,,,,,27.78,,34.52,,21.79,,25.76,,0.00
