Turkey,TUR,20200101,0.00,,0.00,,0.00,,0.00,,0.00,,0.00,,0.00,,0.00,0.00,,0.00,0.00,0.00,0.00,,0.00,0.00,0.00,0.00,,,,0.00,0.00,0.00,0.00,0.00,0.00,0.00,0.00,0.00,0.00
Turkey,TUR,20200102,0.00,,0.00,,0.00,,0.00,,0.00,,0.00,,0.00,,0.00,0.00,,0.00,0.00,0.00,0.00,,0.00,0.00,0.00,0.00,,,,0.00,0.00,0.00,0.00,0.00,0.00,0.00,0.00,0.00,0.00
Turkey,TUR,20200103,0.00,,0.00,,0.00,,0.00,,0.00,,0.00,,0.00,,0.00,0.00,,0.00,0.00,0.00,0.00,,0.00,0.00,0.00,0.00,,,,0.00,0.00,0.00,0.00,0.00,0.00,0.00,0.00,0.00,0.00
Turkey,TUR,20200104,0.00,,0.00,,0.00,,0.00,,0.00,,0.00,,0.00,,0.00,0.00,,0.00,0.00,0.00,0.00,,0.00,0.00,0.00,0.00,,,,0.00,0.00,0.00,0.00,0.00,0.00,0.00,0.00,0.00,0.00
Turkey,TUR,20200105,0.00,,0.00,,0.00,,0.00,,0.00,,0.00,,0.00,,0.00,0.00,,0.00,0.00,0.00,0.00,,0.00,0.00,0.00,0.00,,,,0.00,0.00,0.00,0.00,0.00,0.00,0.00,0.00,0.00,0.00
Turkey,TUR,20200106,0.00,,0.00,,0.00,,0.00,,0.00,,0.00,,0.00,,0.00,0.00,,0.00,0.00,0.00,0.00,,0.00,0.00,0.00,0.00,,,,0.00,0.00,0.00,0.00,0.00,0.00,0.00,0.00,0.00,0.00
Turkey,TUR,20200107,0.00,,0.00,,0.00,,0.00,,0.00,,0.00,,0.00,,0.00,0.00,,0.00,0.00,0.00,0.00,,0.00,0.00,0.00,0.00,,,,0.00,0.00,0.00,0.00,0.00,0.00,0.00,0.00,0.00,0.00
Turkey,TUR,20200108,0.00,,0.00,,0.00,,0.00,,0.00,,0.00,,0.00,,0.00,0.00,,0.00,0.00,0.00,0.00,,0.00,0.00,0.00,0.00,,,,0.00,0.00,0.00,0.00,0.00,0.00,0.00,0.00,0.00,0.00
Turkey,TUR,20200109,0.00,,0.00,,0.00,,0.00,,0.00,,0.00,,0.00,,0.00,0.00,,0.00,0.00,0.00,0.00,,0.00,0.00,0.00,0.00,,,,0.00,0.00,0.00,0.00,0.00,0.00,0.00,0.00,0.00,0.00
Turkey,TUR,20200110,0.00,,0.00,,0.00,,0.00,,0.00,,0.00,,0.00,,0.00,0.00,,0.00,0.00,0.00,0.00,,0.00,0.00,0.00,0.00,,,,0.00,0.00,0.00,0.00,0.00,0.00,0.00,0.00,0.00,0.00
Turkey,TUR,20200111,0.00,,0.00,,0.00,,0.00,,0.00,,0.00,,0.00,,0.00,0.00,,0.00,0.00,0.00,0.00,,0.00,0.00,0.00,0.00,,,,0.00,0.00,0.00,0.00,0.00,0.00,0.00,0.00,0.00,0.00
Turkey,TUR,20200112,0.00,,0.00,,0.00,,0.00,,0.00,,0.00,,0.00,,0.00,0.00,,0.00,0.00,0.00,0.00,,0.00,0.00,0.00,0.00,,,,0.00,0.00,0.00,0.00,0.00,0.00,0.00,0.00,0.00,0.00
Turkey,TUR,20200113,0.00,,0.00,,0.00,,0.00,,0.00,,0.00,,0.00,,0.00,0.00,,0.00,0.00,0.00,0.00,,0.00,0.00,0.00,0.00,,,,0.00,0.00,0.00,0.00,0.00,0.00,0.00,0.00,0.00,0.00
Turkey,TUR,20200114,0.00,,0.00,,0.00,,0.00,,0.00,,0.00,,0.00,,0.00,0.00,,0.00,0.00,0.00,0.00,,2.00,1.00,0.00,0.00,,,,0.00,0.00,0.00,0.00,8.97,8.97,10.61,10.61,0.00,0.00
Turkey,TUR,20200115,0.00,,0.00,,0.00,,0.00,,0.00,,0.00,,0.00,,0.00,0.00,,0.00,0.00,0.00,0.00,,2.00,1.00,0.00,0.00,,,,0.00,0.00,0.00,0.00,8.97,8.97,10.61,10.61,0.00,0.00
Turkey,TUR,20200116,0.00,,0.00,,0.00,,0.00,,0.00,,0.00,,0.00,,0.00,0.00,,0.00,0.00,0.00,0.00,,2.00,1.00,0.00,0.00,,,,0.00,0.00,0.00,0.00,8.97,8.97,10.61,10.61,0.00,0.00
Turkey,TUR,20200117,0.00,,0.00,,0.00,,0.00,,0.00,,0.00,,0.00,,0.00,0.00,,0.00,0.00,0.00,0.00,,2.00,1.00,0.00,0.00,,,,0.00,0.00,0.00,0.00,8.97,8.97,10.61,10.61,0.00,0.00
Turkey,TUR,20200118,0.00,,0.00,,0.00,,0.00,,0.00,,0.00,,0.00,,0.00,0.00,,0.00,0.00,0.00,0.00,,2.00,1.00,0.00,0.00,,,,0.00,0.00,0.00,0.00,8.97,8.97,10.61,10.61,0.00,0.00
Turkey,TUR,20200119,0.00,,0.00,,0.00,,0.00,,0.00,,0.00,,0.00,,0.00,0.00,,0.00,0.00,0.00,0.00,,2.00,1.00,0.00,0.00,,,,0.00,0.00,0.00,0.00,8.97,8.97,10.61,10.61,0.00,0.00
Turkey,TUR,20200120,0.00,,0.00,,0.00,,0.00,,0.00,,0.00,,0.00,,0.00,0.00,,0.00,0.00,0.00,0.00,,2.00,1.00,0.00,0.00,,,,0.00,0.00,0.00,0.00,8.97,8.97,10.61,10.61,0.00,0.00
Turkey,TUR,20200121,0.00,,0.00,,0.00,,0.00,,0.00,,0.00,,0.00,,0.00,0.00,,0.00,0.00,0.00,0.00,,2.00,1.00,0.00,0.00,,,,0.00,0.00,0.00,0.00,8.97,8.97,10.61,10.61,0.00,0.00
Turkey,TUR,20200122,0.00,,0.00,,0.00,,0.00,,0.00,,0.00,,0.00,,0.00,0.00,,0.00,0.00,0.00,0.00,,2.00,1.00,0.00,0.00,,,,0.00,0.00,0.00,0.00,8.97,8.97,10.61,10.61,0.00,0.00
Turkey,TUR,20200123,0.00,,0.00,,0.00,,0.00,,0.00,,0.00,,0.00,,0.00,0.00,,0.00,0.00,0.00,0.00,,2.00,1.00,0.00,0.00,,,,0.00,0.00,0.00,0.00,8.97,8.97,10.61,10.61,0.00,0.00
Turkey,TUR,20200124,0.00,,0.00,,0.00,,0.00,,0.00,,0.00,,0.00,,1.00,0.00,,0.00,0.00,0.00,0.00,,2.00,1.00,0.00,0.00,,,,2.78,2.78,3.57,3.57,10.90,10.90,12.88,12.88,0.00,0.00
Turkey,TUR,20200125,0.00,,0.00,,0.00,,0.00,,0.00,,0.00,,0.00,,1.00,0.00,,0.00,0.00,0.00,0.00,,2.00,1.00,0.00,0.00,,,,2.78,2.78,3.57,3.57,10.90,10.90,12.88,12.88,0.00,0.00
Turkey,TUR,20200126,0.00,,0.00,,0.00,,0.00,,0.00,,0.00,,0.00,,1.00,0.00,,0.00,0.00,0.00,0.00,,2.00,1.00,0.00,0.00,,,,2.78,2.78,3.57,3.57,10.90,10.90,12.88,12.88,0.00,0.00
Turkey,TUR,20200127,0.00,,0.00,,0.00,,0.00,,0.00,,0.00,,0.00,,1.00,0.00,,0.00,0.00,0.00,0.00,,2.00,1.00,0.00,0.00,,,,2.78,2.78,3.57,3.57,10.90,10.90,12.88,12.88,0.00,0.00
Turkey,TUR,20200128,0.00,,0.00,,0.00,,0.00,,0.00,,0.00,,0.00,,1.00,0.00,,0.00,0.00,0.00,0.00,,2.00,1.00,0.00,0.00,,,,2.78,2.78,3.57,3.57,10.90,10.90,12.88,12.88,0.00,0.00
Turkey,TUR,20200129,0.00,,0.00,,0.00,,0.00,,0.00,,0.00,,0.00,,1.00,0.00,,0.00,0.00,0.00,0.00,,2.00,1.00,0.00,0.00,,,,2.78,2.78,3.57,3.57,10.90,10.90,12.88,12.88,0.00,0.00
Turkey,TUR,20200130,0.00,,0.00,,0.00,,0.00,,0.00,,0.00,,0.00,,1.00,0.00,,0.00,0.00,0.00,0.00,,2.00,1.00,0.00,0.00,,,,2.78,2.78,3.57,3.57,10.90,10.90,12.88,12.88,0.00,0.00
Turkey,TUR,20200131,0.00,,0.00,,0.00,,0.00,,0.00,,0.00,,0.00,,1.00,0.00,,0.00,0.00,0.00,0.00,,2.00,1.00,0.00,0.00,,,,2.78,2.78,3.57,3.57,10.90,10.90,12.88,12.88,0.00,0.00
Turkey,TUR,20200201,0.00,,0.00,,0.00,,0.00,,0.00,,0.00,,0.00,,1.00,0.00,,0.00,0.00,0.00,0.00,,2.00,1.00,0.00,0.00,,,,2.78,2.78,3.57,3.57,10.90,10.90,12.88,12.88,0.00,0.00
Turkey,TUR,20200202,0.00,,0.00,,0.00,,0.00,,0.00,,0.00,,0.00,,1.00,0.00,,0.00,0.00,0.00,0.00,,2.00,1.00,0.00,0.00,,,,2.78,2.78,3.57,3.57,10.90,10.90,12.88,12.88,0.00,0.00
Turkey,TUR,20200203,0.00,,0.00,,0.00,,0.00,,0.00,,0.00,,0.00,,1.00,0.00,,0.00,0.00,0.00,0.00,,2.00,1.00,0.00,0.00,,,,2.78,2.78,3.57,3.57,10.90,10.90,12.88,12.88,0.00,0.00
Turkey,TUR,20200204,0.00,,0.00,,0.00,,0.00,,0.00,,0.00,,0.00,,1.00,0.00,,0.00,0.00,0.00,0.00,,2.00,1.00,0.00,0.00,,,,2.78,2.78,3.57,3.57,10.90,10.90,12.88,12.88,0.00,0.00
Turkey,TUR,20200205,0.00,,0.00,,0.00,,0.00,,0.00,,0.00,,0.00,,3.00,0.00,,0.00,0.00,0.00,0.00,,2.00,1.00,0.00,0.00,,,,8.33,8.33,10.71,10.71,14.74,14.74,17.42,17.42,0.00,0.00
Turkey,TUR,20200206,0.00,,0.00,,0.00,,0.00,,0.00,,0.00,,0.00,,3.00,0.00,,0.00,0.00,0.00,0.00,,2.00,1.00,0.00,0.00,,,,8.33,8.33,10.71,10.71,14.74,14.74,17.42,17.42,0.00,0.00
Turkey,TUR,20200207,0.00,,0.00,,0.00,,0.00,,0.00,,0.00,,0.00,,3.00,0.00,,0.00,0.00,0.00,2.00,1,2.00,1.00,0.00,0.00,,,,19.44,19.44,25.00,25.00,22.44,22.44,26.52,26.52,0.00,0.00
Turkey,TUR,20200208,0.00,,0.00,,0.00,,0.00,,0.00,,0.00,,0.00,,3.00,0.00,,0.00,0.00,0.00,2.00,1,2.00,1.00,0.00,0.00,,,,19.44,19.44,25.00,25.00,22.44,22.44,26.52,26.52,0.00,0.00
Turkey,TUR,20200209,0.00,,0.00,,0.00,,0.00,,0.00,,0.00,,0.00,,3.00,0.00,,0.00,0.00,0.00,2.00,1,2.00,1.00,0.00,0.00,,,,19.44,19.44,25.00,25.00,22.44,22.44,26.52,26.52,0.00,0.00
Turkey,TUR,20200210,0.00,,0.00,,0.00,,0.00,,0.00,,0.00,,0.00,,3.00,0.00,,0.00,0.00,0.00,2.00,1,2.00,1.00,0.00,0.00,,,,19.44,19.44,25.00,25.00,22.44,22.44,26.52,26.52,0.00,0.00
Turkey,TUR,20200211,0.00,,0.00,,0.00,,0.00,,0.00,,0.00,,0.00,,3.00,0.00,,0.00,0.00,0.00,2.00,1,2.00,1.00,0.00,0.00,,,,19.44,19.44,25.00,25.00,22.44,22.44,26.52,26.52,0.00,0.00
Turkey,TUR,20200212,0.00,,0.00,,0.00,,0.00,,0.00,,0.00,,0.00,,3.00,0.00,,0.00,0.00,0.00,2.00,1,2.00,1.00,0.00,0.00,,,,19.44,19.44,25.00,25.00,22.44,22.44,26.52,26.52,0.00,0.00
Turkey,TUR,20200213,0.00,,0.00,,0.00,,0.00,,0.00,,0.00,,0.00,,3.00,0.00,,0.00,0.00,0.00,2.00,1,2.00,1.00,0.00,0.00,,,,19.44,19.44,25.00,25.00,22.44,22.44,26.52,26.52,0.00,0.00
Turkey,TUR,20200214,0.00,,0.00,,0.00,,0.00,,0.00,,0.00,,0.00,,3.00,0.00,,0.00,0.00,0.00,2.00,1,2.00,1.00,0.00,0.00,,,,19.44,19.44,25.00,25.00,22.44,22.44,26.52,26.52,0.00,0.00
Turkey,TUR,20200215,0.00,,0.00,,0.00,,0.00,,0.00,,0.00,,0.00,,3.00,0.00,,0.00,0.00,0.00,2.00,1,2.00,1.00,0.00,0.00,,,,19.44,19.44,25.00,25.00,22.44,22.44,26.52,26.52,0.00,0.00
Turkey,TUR,20200216,0.00,,0.00,,0.00,,0.00,,0.00,,0.00,,0.00,,3.00,0.00,,0.00,0.00,0.00,2.00,1,2.00,1.00,0.00,0.00,,,,19.44,19.44,25.00,25.00,22.44,22.44,26.52,26.52,0.00,0.00
Turkey,TUR,20200217,0.00,,0.00,,0.00,,0.00,,0.00,,0.00,,0.00,,3.00,0.00,,0.00,0.00,0.00,2.00,1,2.00,1.00,0.00,0.00,,,,19.44,19.44,25.00,25.00,22.44,22.44,26.52,26.52,0.00,0.00
Turkey,TUR,20200218,0.00,,0.00,,0.00,,0.00,,0.00,,0.00,,0.00,,3.00,0.00,,0.00,0.00,0.00,2.00,1,2.00,1.00,0.00,0.00,,,,19.44,19.44,25.00,25.00,22.44,22.44,26.52,26.52,0.00,0.00
Turkey,TUR,20200219,0.00,,0.00,,0.00,,0.00,,0.00,,0.00,,0.00,,3.00,0.00,,0.00,10.75,0.00,2.00,1,2.00,1.00,0.00,0.00,,,,19.44,19.44,25.00,25.00,22.44,22.44,26.52,26.52,0.00,0.00
Turkey,TUR,20200220,0.00,,0.00,,0.00,,0.00,,0.00,,0.00,,0.00,,3.00,0.00,,0.00,10.75,0.00,2.00,1,2.00,1.00,0.00,0.00,,,,19.44,19.44,25.00,25.00,22.44,22.44,26.52,26.52,0.00,0.00
Turkey,TUR,20200221,0.00,,0.00,,0.00,,0.00,,0.00,,0.00,,0.00,,3.00,0.00,,0.00,10.75,0.00,2.00,1,2.00,1.00,0.00,0.00,,,,19.44,19.44,25.00,25.00,22.44,22.44,26.52,26.52,0.00,0.00
Turkey,TUR,20200222,0.00,,0.00,,0.00,,0.00,,0.00,,0.00,,0.00,,3.00,0.00,,0.00,10.75,0.00,2.00,1,2.00,1.00,0.00,0.00,,,,19.44,19.44,25.00,25.00,22.44,22.44,26.52,26.52,0.00,0.00
Turkey,TUR,20200223,0.00,,0.00,,0.00,,0.00,,0.00,,0.00,,0.00,,3.00,0.00,,0.00,10.75,0.00,2.00,1,2.00,1.00,0.00,0.00,,,,19.44,19.44,25.00,25.00,22.44,22.44,26.52,26.52,0.00,0.00
Turkey,TUR,20200224,0.00,,0.00,,0.00,,0.00,,0.00,,0.00,,0.00,,3.00,0.00,,0.00,10.75,0.00,2.00,1,2.00,1.00,0.00,0.00,,,,19.44,19.44,25.00,25.00,22.44,22.44,26.52,26.52,0.00,0.00
Turkey,TUR,20200225,0.00,,0.00,,0.00,,0.00,,0.00,,0.00,,0.00,,3.00,0.00,,0.00,10.75,0.00,2.00,1,2.00,1.00,0.00,0.00,,,,19.44,19.44,25.00,25.00,22.44,22.44,26.52,26.52,0.00,0.00
Turkey,TUR,20200226,0.00,,0.00,,0.00,,0.00,,0.00,,0.00,,0.00,,3.00,0.00,,0.00,10.75,0.00,2.00,1,2.00,1.00,0.00,0.00,,,,19.44,19.44,25.00,25.00,22.44,22.44,26.52,26.52,0.00,0.00
Turkey,TUR,20200227,0.00,,0.00,,0.00,,0.00,,0.00,,0.00,,0.00,,3.00,0.00,,0.00,10.75,0.00,2.00,1,2.00,1.00,0.00,0.00,,,,19.44,19.44,25.00,25.00,22.44,22.44,26.52,26.52,0.00,0.00
Turkey,TUR,20200228,0.00,,0.00,,0.00,,0.00,,0.00,,0.00,,0.00,,3.00,0.00,,0.00,10.75,0.00,2.00,1,2.00,1.00,0.00,0.00,,,,19.44,19.44,25.00,25.00,22.44,22.44,26.52,26.52,0.00,0.00
Turkey,TUR,20200229,0.00,,0.00,,0.00,,0.00,,0.00,,0.00,,0.00,,3.00,0.00,,0.00,10.75,0.00,2.00,1,2.00,1.00,0.00,0.00,,,,19.44,19.44,25.00,25.00,22.44,22.44,26.52,26.52,0.00,0.00
Turkey,TUR,20200301,0.00,,0.00,,0.00,,0.00,,0.00,,0.00,,0.00,,3.00,0.00,,0.00,10.75,0.00,2.00,1,2.00,1.00,0.00,0.00,,,,19.44,19.44,25.00,25.00,22.44,22.44,26.52,26.52,0.00,0.00
Turkey,TUR,20200302,0.00,,0.00,,0.00,,0.00,,0.00,,0.00,,0.00,,3.00,0.00,,0.00,10.75,0.00,2.00,1,2.00,1.00,0.00,0.00,,,,19.44,19.44,25.00,25.00,22.44,22.44,26.52,26.52,0.00,0.00
Turkey,TUR,20200303,0.00,,0.00,,0.00,,0.00,,0.00,,0.00,,0.00,,3.00,0.00,,0.00,10.75,0.00,2.00,1,2.00,1.00,0.00,0.00,,,,19.44,19.44,25.00,25.00,22.44,22.44,26.52,26.52,0.00,0.00
Turkey,TUR,20200304,0.00,,0.00,,0.00,,0.00,,0.00,,0.00,,0.00,,3.00,0.00,,0.00,10.75,0.00,2.00,1,2.00,1.00,0.00,0.00,,,,19.44,19.44,25.00,25.00,22.44,22.44,26.52,26.52,0.00,0.00
Turkey,TUR,20200305,0.00,,0.00,,0.00,,0.00,,0.00,,0.00,,0.00,,3.00,0.00,,0.00,10.75,0.00,2.00,1,2.00,1.00,0.00,0.00,,,,19.44,19.44,25.00,25.00,22.44,22.44,26.52,26.52,0.00,0.00
Turkey,TUR,20200306,0.00,,0.00,,0.00,,0.00,,0.00,,0.00,,0.00,,3.00,0.00,,0.00,10.75,0.00,2.00,1,2.00,1.00,0.00,0.00,,,,19.44,19.44,25.00,25.00,22.44,22.44,26.52,26.52,0.00,0.00
Turkey,TUR,20200307,0.00,,0.00,,0.00,,0.00,,0.00,,0.00,,0.00,,3.00,0.00,,0.00,10.75,0.00,2.00,1,2.00,1.00,0.00,0.00,,,,19.44,19.44,25.00,25.00,22.44,22.44,26.52,26.52,0.00,0.00
Turkey,TUR,20200308,0.00,,0.00,,0.00,,0.00,,0.00,,0.00,,0.00,,3.00,0.00,,0.00,10.75,0.00,2.00,1,2.00,1.00,0.00,0.00,,,,19.44,19.44,25.00,25.00,22.44,22.44,26.52,26.52,0.00,0.00
Turkey,TUR,20200309,0.00,,0.00,,0.00,,0.00,,0.00,,1.00,1,0.00,,3.00,0.00,,0.00,10.75,0.00,2.00,1,2.00,1.00,0.00,0.00,,,,23.15,23.15,32.14,32.14,25.00,25.00,29.55,29.55,0.00,0.00
Turkey,TUR,20200310,0.00,,0.00,,0.00,,0.00,,0.00,,1.00,1,0.00,,3.00,0.00,,0.00,10.75,0.00,2.00,1,2.00,1.00,0.00,0.00,,,,23.15,23.15,32.14,32.14,25.00,25.00,29.55,29.55,0.00,0.00
Turkey,TUR,20200311,0.00,,0.00,,0.00,,0.00,,0.00,,1.00,1,0.00,,3.00,0.00,,0.00,10.75,0.00,2.00,1,2.00,1.00,0.00,0.00,,,,23.15,23.15,32.14,32.14,25.00,25.00,29.55,29.55,0.00,0.00
Turkey,TUR,20200312,0.00,,0.00,,0.00,,0.00,,0.00,,1.00,1,0.00,,3.00,0.00,,0.00,0.00,0.00,2.00,1,2.00,1.00,0.00,0.00,,1,0,23.15,23.15,32.14,32.14,25.00,25.00,29.55,29.55,0.00,0.00
Turkey,TUR,20200313,0.00,,0.00,,0.00,,0.00,,0.00,,1.00,1,0.00,,3.00,0.00,,0.00,0.00,0.00,2.00,1,2.00,1.00,0.00,0.00,,2,0,23.15,23.15,32.14,32.14,25.00,25.00,29.55,29.55,0.00,0.00
Turkey,TUR,20200314,0.00,,0.00,,0.00,,0.00,,0.00,,1.00,1,0.00,,3.00,0.00,,0.00,0.00,0.00,2.00,1,2.00,1.00,0.00,0.00,,,,23.15,23.15,32.14,32.14,25.00,25.00,29.55,29.55,0.00,0.00
Turkey,TUR,20200315,0.00,,0.00,,0.00,,0.00,,0.00,,1.00,1,0.00,,3.00,0.00,,0.00,0.00,0.00,2.00,1,2.00,1.00,0.00,0.00,,,,23.15,23.15,32.14,32.14,25.00,25.00,29.55,29.55,0.00,0.00
Turkey,TUR,20200316,3.00,1,2.00,1,2.00,1,0.00,,0.00,,1.00,1,0.00,,3.00,0.00,,0.00,0.00,0.00,2.00,1,2.00,1.00,0.00,0.00,,18,0,52.78,52.78,71.43,71.43,45.51,45.51,53.79,53.79,0.00,0.00
Turkey,TUR,20200317,3.00,1,2.00,1,2.00,1,0.00,,0.00,,1.00,1,0.00,,3.00,0.00,,0.00,0.00,0.00,2.00,1,2.00,1.00,0.00,0.00,,47,0,52.78,52.78,71.43,71.43,45.51,45.51,53.79,53.79,0.00,0.00
Turkey,TUR,20200318,3.00,1,2.00,1,2.00,1,0.00,,0.00,,1.00,1,1.00,1,3.00,0.00,,0.00,15432708096.00,0.00,2.00,1,2.00,1.00,0.00,0.00,,98,0,58.33,58.33,73.81,73.81,49.36,49.36,58.33,58.33,0.00,0.00
Turkey,TUR,20200319,3.00,1,2.00,1,2.00,1,0.00,,0.00,,1.00,1,1.00,1,3.00,0.00,,0.00,0.00,0.00,2.00,1,2.00,1.00,0.00,0.00,,191,1,58.33,58.33,73.81,73.81,49.36,49.36,58.33,58.33,0.00,0.00
Turkey,TUR,20200320,3.00,1,2.00,1,2.00,1,0.00,,0.00,,1.00,1,1.00,1,3.00,0.00,,0.00,0.00,0.00,2.00,1,2.00,1.00,0.00,0.00,,359,4,58.33,58.33,73.81,73.81,49.36,49.36,58.33,58.33,0.00,0.00
Turkey,TUR,20200321,3.00,1,2.00,1,2.00,1,0.00,,0.00,,2.00,1,1.00,1,3.00,0.00,,0.00,0.00,0.00,2.00,1,2.00,1.00,0.00,0.00,,670,9,62.04,62.04,75.00,75.00,51.92,51.92,61.36,61.36,0.00,0.00
Turkey,TUR,20200322,3.00,1,2.00,1,2.00,1,0.00,,0.00,,2.00,1,1.00,1,3.00,0.00,,0.00,0.00,0.00,2.00,1,2.00,1.00,0.00,0.00,,947,21,62.04,62.04,75.00,75.00,51.92,51.92,61.36,61.36,0.00,0.00
Turkey,TUR,20200323,3.00,1,2.00,1,2.00,1,0.00,,0.00,,2.00,1,1.00,1,3.00,0.00,,0.00,0.00,0.00,2.00,1,2.00,1.00,0.00,0.00,,1236,30,62.04,62.04,75.00,75.00,51.92,51.92,61.36,61.36,0.00,0.00
Turkey,TUR,20200324,3.00,1,2.00,1,2.00,1,0.00,,1.00,1,2.00,1,1.00,1,3.00,0.00,,0.00,0.00,0.00,2.00,1,2.00,1.00,0.00,0.00,,1529,37,67.59,67.59,84.52,84.52,55.77,55.77,65.91,65.91,0.00,0.00
Turkey,TUR,20200325,3.00,1,2.00,1,2.00,1,0.00,,1.00,1,2.00,1,1.00,1,3.00,0.00,,0.00,0.00,0.00,2.00,1,2.00,1.00,0.00,0.00,,1872,44,67.59,67.59,84.52,84.52,55.77,55.77,65.91,65.91,0.00,0.00
Turkey,TUR,20200326,3.00,1,2.00,1,2.00,1,0.00,,1.00,1,2.00,1,1.00,1,3.00,0.00,,0.00,0.00,0.00,2.00,1,2.00,1.00,0.00,0.00,,2433,59,67.59,67.59,84.52,84.52,55.77,55.77,65.91,65.91,0.00,0.00
Turkey,TUR,20200327,3.00,1,2.00,1,2.00,1,0.00,,1.00,1,2.00,1,1.00,1,4.00,0.00,,0.00,0.00,0.00,2.00,1,2.00,1.00,0.00,0.00,,3629,75,70.37,70.37,88.10,88.10,57.69,57.69,68.18,68.18,0.00,0.00
Turkey,TUR,20200328,3.00,1,2.00,1,2.00,1,0.00,,1.00,1,2.00,1,2.00,1,4.00,0.00,,0.00,0.00,0.00,2.00,1,2.00,1.00,0.00,0.00,,5698,92,75.93,75.93,91.67,91.67,61.54,61.54,72.73,72.73,0.00,0.00
Turkey,TUR,20200329,3.00,1,2.00,1,2.00,1,0.00,,1.00,1,2.00,1,2.00,1,4.00,0.00,,0.00,0.00,0.00,2.00,1,2.00,1.00,0.00,0.00,,7402,108,75.93,75.93,91.67,91.67,61.54,61.54,72.73,72.73,0.00,0.00
Turkey,TUR,20200330,3.00,1,2.00,1,2.00,1,0.00,,1.00,1,2.00,1,2.00,1,4.00,0.00,,0.00,0.00,0.00,2.00,1,2.00,1.00,0.00,0.00,,9217,131,75.93,75.93,91.67,91.67,61.54,61.54,72.73,72.73,0.00,0.00
Turkey,TUR,20200331,3.00,1,2.00,1,2.00,1,0.00,,1.00,1,2.00,1,2.00,1,4.00,0.00,,0.00,0.00,0.00,2.00,1,2.00,1.00,0.00,0.00,,10827,168,75.93,75.93,91.67,91.67,61.54,61.54,72.73,72.73,0.00,0.00
Turkey,TUR,20200401,3.00,1,2.00,1,2.00,1,0.00,,1.00,1,2.00,1,2.00,1,4.00,0.00,,0.00,0.00,0.00,2.00,1,2.00,1.00,0.00,0.00,,13531,214,75.93,75.93,91.67,91.67,61.54,61.54,72.73,72.73,0.00,0.00
Turkey,TUR,20200402,3.00,1,2.00,1,2.00,1,0.00,,1.00,1,2.00,1,2.00,1,4.00,0.00,,0.00,0.00,0.00,2.00,1,2.00,1.00,0.00,0.00,,15679,277,75.93,75.93,91.67,91.67,61.54,61.54,72.73,72.73,0.00,0.00
Turkey,TUR,20200403,3.00,1,2.00,1,2.00,1,0.00,,1.00,1,2.00,1,2.00,1,4.00,0.00,,0.00,0.00,0.00,2.00,1,2.00,1.00,0.00,0.00,,18135,356,75.93,75.93,91.67,91.67,61.54,61.54,72.73,72.73,0.00,0.00
Turkey,TUR,20200404,3.00,1,2.00,1,2.00,1,0.00,,1.00,1,2.00,1,2.00,1,4.00,0.00,,0.00,0.00,0.00,2.00,1,2.00,1.00,0.00,0.00,,20921,425,75.93,75.93,91.67,91.67,61.54,61.54,72.73,72.73,0.00,0.00
Turkey,TUR,20200405,3.00,1,2.00,1,2.00,1,0.00,,1.00,1,2.00,1,2.00,1,4.00,0.00,,0.00,0.00,0.00,2.00,1,2.00,1.00,0.00,0.00,,23934,501,75.93,75.93,91.67,91.67,61.54,61.54,72.73,72.73,0.00,0.00
Turkey,TUR,20200406,3.00,1,2.00,1,2.00,1,0.00,,1.00,1,2.00,1,2.00,1,4.00,0.00,,0.00,0.00,0.00,2.00,1,2.00,1.00,0.00,0.00,,27069,574,75.93,75.93,91.67,91.67,61.54,61.54,72.73,72.73,0.00,0.00
Turkey,TUR,20200407,3.00,1,2.00,1,2.00,1,0.00,,1.00,1,2.00,1,2.00,1,4.00,2.00,0,0.00,0.00,0.00,2.00,1,2.00,1.00,0.00,0.00,,30217,649,75.93,75.93,91.67,91.67,67.31,67.31,72.73,72.73,37.50,37.50
Turkey,TUR,20200408,3.00,1,2.00,1,2.00,1,0.00,,1.00,1,2.00,1,2.00,1,4.00,2.00,0,0.00,0.00,0.00,2.00,1,2.00,1.00,0.00,0.00,,34109,725,75.93,75.93,91.67,91.67,67.31,67.31,72.73,72.73,37.50,37.50
Turkey,TUR,20200409,3.00,1,2.00,1,2.00,1,0.00,,1.00,1,2.00,1,2.00,1,4.00,2.00,0,0.00,0.00,0.00,2.00,1,2.00,1.00,0.00,0.00,,38226,812,75.93,75.93,91.67,91.67,67.31,67.31,72.73,72.73,37.50,37.50
Turkey,TUR,20200410,3.00,1,2.00,1,2.00,1,0.00,,1.00,1,2.00,1,2.00,1,4.00,2.00,0,0.00,0.00,0.00,2.00,1,2.00,1.00,0.00,0.00,,42282,908,75.93,75.93,91.67,91.67,67.31,67.31,72.73,72.73,37.50,37.50
Turkey,TUR,20200411,3.00,1,2.00,1,2.00,1,0.00,,1.00,1,3.00,0,2.00,1,4.00,2.00,0,0.00,0.00,0.00,2.00,1,2.00,1.00,0.00,0.00,,47029,1006,77.78,77.78,91.67,91.67,68.59,68.59,74.24,74.24,37.50,37.50
Turkey,TUR,20200412,3.00,1,2.00,1,2.00,1,0.00,,1.00,1,3.00,0,2.00,1,4.00,2.00,0,1.00,0.00,0.00,2.00,1,2.00,1.00,0.00,0.00,,52167,1101,77.78,77.78,91.67,91.67,72.44,72.44,74.24,74.24,62.50,62.50
Turkey,TUR,20200413,3.00,1,2.00,1,2.00,1,0.00,,1.00,1,2.00,1,2.00,1,4.00,2.00,0,1.00,0.00,0.00,2.00,1,2.00,1.00,0.00,0.00,,56956,1198,75.93,75.93,91.67,91.67,71.15,71.15,72.73,72.73,62.50,62.50
Turkey,TUR,20200414,3.00,1,2.00,1,2.00,1,0.00,,1.00,1,2.00,1,2.00,1,4.00,2.00,0,1.00,0.00,0.00,2.00,1,2.00,1.00,0.00,0.00,,61049,1296,75.93,75.93,91.67,91.67,71.15,71.15,72.73,72.73,62.50,62.50
Turkey,TUR,20200415,3.00,1,2.00,1,2.00,1,0.00,,1.00,1,2.00,1,2.00,1,4.00,2.00,0,1.00,0.00,0.00,2.00,1,2.00,1.00,0.00,0.00,,65111,1403,75.93,75.93,91.67,91.67,71.15,71.15,72.73,72.73,62.50,62.50
Turkey,TUR,20200416,3.00,1,2.00,1,2.00,1,0.00,,1.00,1,2.00,1,2.00,1,4.00,2.00,0,1.00,0.00,0.00,2.00,1,2.00,1.00,0.00,0.00,,69392,1518,75.93,75.93,91.67,91.67,71.15,71.15,72.73,72.73,62.50,62.50
Turkey,TUR,20200417,3.00,1,2.00,1,2.00,1,0.00,,1.00,1,2.00,1,2.00,1,4.00,2.00,0,1.00,0.00,0.00,2.00,1,2.00,1.00,0.00,0.00,,74193,1643,75.93,75.93,91.67,91.67,71.15,71.15,72.73,72.73,62.50,62.50
Turkey,TUR,20200418,3.00,1,2.00,1,2.00,1,0.00,,1.00,1,3.00,0,2.00,1,4.00,2.00,0,1.00,0.00,0.00,2.00,1,2.00,1.00,0.00,0.00,,78546,1769,77.78,77.78,91.67,91.67,72.44,72.44,74.24,74.24,62.50,62.50
Turkey,TUR,20200419,3.00,1,2.00,1,2.00,1,0.00,,1.00,1,3.00,0,2.00,1,4.00,2.00,0,1.00,0.00,0.00,2.00,1,2.00,2.00,0.00,0.00,,82329,1890,77.78,77.78,91.67,91.67,76.28,76.28,78.79,78.79,62.50,62.50
Turkey,TUR,20200420,3.00,1,2.00,1,2.00,1,0.00,,1.00,1,2.00,1,2.00,1,4.00,2.00,0,1.00,0.00,0.00,2.00,1,2.00,2.00,0.00,0.00,,86306,2017,75.93,75.93,91.67,91.67,75.00,75.00,77.27,77.27,62.50,62.50
Turkey,TUR,20200421,3.00,1,2.00,1,2.00,1,0.00,,1.00,1,2.00,1,2.00,1,4.00,2.00,0,1.00,0.00,0.00,2.00,1,2.00,2.00,0.00,0.00,,90980,2140,75.93,75.93,91.67,91.67,75.00,75.00,77.27,77.27,62.50,62.50
Turkey,TUR,20200422,3.00,1,2.00,1,2.00,1,0.00,,1.00,1,2.00,1,2.00,1,4.00,2.00,0,1.00,0.00,0.00,2.00,1,2.00,2.00,0.00,0.00,,95591,2259,75.93,75.93,91.67,91.67,75.00,75.00,77.27,77.27,62.50,62.50
Turkey,TUR,20200423,3.00,1,2.00,1,2.00,1,0.00,,1.00,1,2.00,1,2.00,1,4.00,2.00,0,1.00,0.00,0.00,2.00,1,2.00,2.00,0.00,0.00,,98674,2376,75.93,75.93,91.67,91.67,75.00,75.00,77.27,77.27,62.50,62.50
Turkey,TUR,20200424,3.00,1,2.00,1,2.00,1,0.00,,1.00,1,2.00,1,2.00,1,4.00,2.00,0,1.00,0.00,0.00,2.00,1,2.00,2.00,0.00,0.00,,101790,2491,75.93,75.93,91.67,91.67,75.00,75.00,77.27,77.27,62.50,62.50
Turkey,TUR,20200425,3.00,1,2.00,1,2.00,1,0.00,,1.00,1,2.00,1,2.00,1,4.00,2.00,0,1.00,0.00,0.00,2.00,1,2.00,2.00,0.00,0.00,,104912,2600,75.93,75.93,91.67,91.67,75.00,75.00,77.27,77.27,62.50,62.50
Turkey,TUR,20200426,3.00,1,2.00,1,2.00,1,0.00,,1.00,1,2.00,1,2.00,1,4.00,2.00,0,1.00,0.00,0.00,2.00,1,2.00,2.00,0.00,0.00,,107773,2706,75.93,75.93,91.67,91.67,75.00,75.00,77.27,77.27,62.50,62.50
Turkey,TUR,20200427,3.00,1,2.00,1,2.00,1,0.00,,1.00,1,2.00,1,2.00,1,4.00,2.00,0,1.00,0.00,0.00,2.00,1,2.00,2.00,0.00,0.00,,110130,2805,75.93,75.93,91.67,91.67,75.00,75.00,77.27,77.27,62.50,62.50
Turkey,TUR,20200428,3.00,1,2.00,1,2.00,1,0.00,,1.00,1,2.00,1,2.00,1,4.00,2.00,0,1.00,0.00,0.00,2.00,1,2.00,2.00,0.00,0.00,,112261,2900,75.93,75.93,91.67,91.67,75.00,75.00,77.27,77.27,62.50,62.50
Turkey,TUR,20200429,3.00,1,2.00,1,2.00,1,0.00,,1.00,1,2.00,1,2.00,1,4.00,2.00,0,1.00,0.00,0.00,2.00,1,2.00,2.00,0.00,0.00,,114653,2992,75.93,75.93,91.67,91.67,75.00,75.00,77.27,77.27,62.50,62.50
Turkey,TUR,20200430,3.00,1,2.00,1,2.00,1,0.00,,1.00,1,2.00,1,2.00,1,4.00,2.00,0,1.00,0.00,0.00,2.00,1,2.00,2.00,0.00,0.00,,117589,3081,75.93,75.93,91.67,91.67,75.00,75.00,77.27,77.27,62.50,62.50
Turkey,TUR,20200501,3.00,1,2.00,1,2.00,1,0.00,,1.00,1,2.00,1,2.00,1,4.00,2.00,0,1.00,0.00,0.00,2.00,1,2.00,2.00,0.00,0.00,,120204,3174,75.93,75.93,91.67,91.67,75.00,75.00,77.27,77.27,62.50,62.50
Turkey,TUR,20200502,3.00,1,2.00,1,2.00,1,0.00,,1.00,1,2.00,1,2.00,1,4.00,2.00,0,1.00,0.00,0.00,2.00,1,2.00,2.00,0.00,0.00,,122392,3258,75.93,75.93,91.67,91.67,75.00,75.00,77.27,77.27,62.50,62.50
Turkey,TUR,20200503,3.00,1,2.00,1,2.00,1,0.00,,1.00,1,2.00,1,2.00,1,4.00,2.00,0,1.00,0.00,0.00,2.00,1,2.00,2.00,0.00,0.00,,124375,3336,75.93,75.93,91.67,91.67,75.00,75.00,77.27,77.27,62.50,62.50
Turkey,TUR,20200504,3.00,1,2.00,1,2.00,1,0.00,,1.00,1,2.00,1,2.00,1,4.00,2.00,0,1.00,0.00,0.00,2.00,1,2.00,2.00,0.00,0.00,,126045,3397,75.93,75.93,91.67,91.67,75.00,75.00,77.27,77.27,62.50,62.50
Turkey,TUR,20200505,3.00,1,2.00,1,2.00,1,0.00,,1.00,1,2.00,1,2.00,1,4.00,2.00,0,1.00,0.00,0.00,2.00,1,2.00,2.00,0.00,0.00,,127659,3461,75.93,75.93,91.67,91.67,75.00,75.00,77.27,77.27,62.50,62.50
Turkey,TUR,20200506,3.00,1,2.00,1,2.00,1,0.00,,1.00,1,2.00,1,2.00,1,4.00,2.00,0,1.00,0.00,0.00,2.00,1,2.00,2.00,0.00,0.00,,129491,3520,75.93,75.93,91.67,91.67,75.00,75.00,77.27,77.27,62.50,62.50
Turkey,TUR,20200507,3.00,1,2.00,1,2.00,1,0.00,,1.00,1,2.00,1,2.00,1,4.00,2.00,0,1.00,0.00,0.00,2.00,1,2.00,2.00,0.00,0.00,,131744,3584,75.93,75.93,91.67,91.67,75.00,75.00,77.27,77.27,62.50,62.50
Turkey,TUR,20200508,3.00,1,2.00,1,2.00,1,0.00,,1.00,1,2.00,1,2.00,1,4.00,2.00,0,1.00,0.00,0.00,2.00,1,2.00,2.00,0.00,0.00,,133721,3641,75.93,75.93,91.67,91.67,75.00,75.00,77.27,77.27,62.50,62.50
Turkey,TUR,20200509,3.00,1,2.00,1,2.00,1,0.00,,1.00,1,2.00,1,2.00,1,4.00,2.00,0,1.00,0.00,0.00,2.00,1,2.00,2.00,0.00,0.00,,135569,3689,75.93,75.93,91.67,91.67,75.00,75.00,77.27,77.27,62.50,62.50
Turkey,TUR,20200510,3.00,1,2.00,1,2.00,1,0.00,,1.00,1,2.00,1,2.00,1,4.00,2.00,0,1.00,0.00,0.00,2.00,1,2.00,2.00,0.00,0.00,,137115,3739,75.93,75.93,91.67,91.67,75.00,75.00,77.27,77.27,62.50,62.50
Turkey,TUR,20200511,3.00,1,2.00,1,2.00,1,0.00,,1.00,1,2.00,1,2.00,1,4.00,2.00,0,1.00,0.00,0.00,2.00,1,2.00,2.00,0.00,0.00,,138657,3786,75.93,75.93,91.67,91.67,75.00,75.00,77.27,77.27,62.50,62.50
Turkey,TUR,20200512,3.00,1,2.00,1,2.00,1,0.00,,1.00,1,2.00,1,2.00,1,4.00,2.00,0,1.00,0.00,0.00,2.00,1,2.00,2.00,0.00,0.00,,139771,3841,75.93,75.93,91.67,91.67,75.00,75.00,77.27,77.27,62.50,62.50
Turkey,TUR,20200513,3.00,1,2.00,1,2.00,1,0.00,,1.00,1,2.00,1,2.00,1,4.00,2.00,0,1.00,0.00,0.00,2.00,1,2.00,2.00,0.00,0.00,,141475,3894,75.93,75.93,91.67,91.67,75.00,75.00,77.27,77.27,62.50,62.50
Turkey,TUR,20200514,3.00,1,2.00,1,2.00,1,0.00,,1.00,1,2.00,1,2.00,1,4.00,2.00,0,1.00,0.00,0.00,2.00,1,2.00,2.00,0.00,0.00,,143114,3952,75.93,75.93,91.67,91.67,75.00,75.00,77.27,77.27,62.50,62.50
Turkey,TUR,20200515,3.00,1,2.00,1,2.00,1,0.00,,1.00,1,2.00,1,2.00,1,4.00,2.00,0,1.00,0.00,0.00,2.00,1,2.00,2.00,0.00,0.00,,144749,4007,75.93,75.93,91.67,91.67,75.00,75.00,77.27,77.27,62.50,62.50
Turkey,TUR,20200516,3.00,1,2.00,1,2.00,1,0.00,,1.00,1,2.00,1,2.00,1,4.00,2.00,0,1.00,0.00,0.00,2.00,1,2.00,2.00,0.00,0.00,,146457,4055,75.93,75.93,91.67,91.67,75.00,75.00,77.27,77.27,62.50,62.50
Turkey,TUR,20200517,3.00,1,2.00,1,2.00,1,0.00,,1.00,1,2.00,1,2.00,1,4.00,2.00,0,1.00,0.00,0.00,2.00,1,2.00,2.00,0.00,0.00,,148067,4096,75.93,75.93,91.67,91.67,75.00,75.00,77.27,77.27,62.50,62.50
Turkey,TUR,20200518,3.00,1,2.00,1,2.00,1,0.00,,1.00,1,2.00,1,2.00,1,4.00,2.00,0,1.00,0.00,0.00,2.00,1,2.00,2.00,0.00,0.00,,149435,4140,75.93,75.93,91.67,91.67,75.00,75.00,77.27,77.27,62.50,62.50
Turkey,TUR,20200519,3.00,1,2.00,1,2.00,1,0.00,,1.00,1,2.00,1,2.00,1,4.00,2.00,0,1.00,0.00,0.00,2.00,1,2.00,2.00,0.00,0.00,,150593,4171,75.93,75.93,91.67,91.67,75.00,75.00,77.27,77.27,62.50,62.50
Turkey,TUR,20200520,3.00,1,2.00,1,2.00,1,0.00,,1.00,1,2.00,1,2.00,1,4.00,2.00,0,1.00,0.00,0.00,2.00,1,2.00,2.00,0.00,0.00,,151615,4199,75.93,75.93,91.67,91.67,75.00,75.00,77.27,77.27,62.50,62.50
Turkey,TUR,20200521,3.00,1,2.00,1,2.00,1,0.00,,1.00,1,2.00,1,2.00,1,4.00,2.00,0,1.00,0.00,0.00,2.00,1,2.00,2.00,0.00,0.00,,152587,4222,75.93,75.93,91.67,91.67,75.00,75.00,77.27,77.27,62.50,62.50
Turkey,TUR,20200522,3.00,1,2.00,1,2.00,1,0.00,,1.00,1,2.00,1,2.00,1,4.00,2.00,0,1.00,0.00,0.00,2.00,1,2.00,2.00,0.00,0.00,,153548,4249,75.93,75.93,91.67,91.67,75.00,75.00,77.27,77.27,62.50,62.50
Turkey,TUR,20200523,3.00,1,2.00,1,2.00,1,0.00,,1.00,1,2.00,1,2.00,1,4.00,2.00,0,1.00,0.00,0.00,2.00,1,2.00,2.00,0.00,0.00,,154500,4276,75.93,75.93,91.67,91.67,75.00,75.00,77.27,77.27,62.50,62.50
Turkey,TUR,20200524,3.00,1,2.00,1,2.00,1,0.00,,1.00,1,2.00,1,2.00,1,4.00,2.00,0,1.00,0.00,0.00,2.00,1,2.00,2.00,0.00,0.00,,155686,4308,75.93,75.93,91.67,91.67,75.00,75.00,77.27,77.27,62.50,62.50
Turkey,TUR,20200525,3.00,1,2.00,1,2.00,1,0.00,,1.00,1,2.00,1,2.00,1,4.00,2.00,0,1.00,0.00,0.00,2.00,1,2.00,2.00,0.00,0.00,,156827,4340,75.93,75.93,91.67,91.67,75.00,75.00,77.27,77.27,62.50,62.50
Turkey,TUR,20200526,3.00,1,2.00,1,2.00,1,0.00,,1.00,1,2.00,1,2.00,1,4.00,2.00,0,1.00,0.00,0.00,2.00,1,2.00,2.00,0.00,0.00,,157814,4369,75.93,75.93,91.67,91.67,75.00,75.00,77.27,77.27,62.50,62.50
Turkey,TUR,20200527,3.00,1,2.00,1,2.00,1,0.00,,1.00,1,2.00,1,2.00,1,4.00,2.00,0,1.00,0.00,0.00,2.00,1,2.00,2.00,0.00,0.00,,158762,4397,75.93,75.93,91.67,91.67,75.00,75.00,77.27,77.27,62.50,62.50
Turkey,TUR,20200528,3.00,1,2.00,1,2.00,1,0.00,,1.00,1,2.00,1,2.00,1,4.00,2.00,0,1.00,0.00,0.00,2.00,1,2.00,2.00,0.00,0.00,,159797,4431,75.93,75.93,91.67,91.67,75.00,75.00,77.27,77.27,62.50,62.50
Turkey,TUR,20200529,3.00,1,2.00,1,2.00,1,0.00,,1.00,1,2.00,1,2.00,1,4.00,2.00,0,1.00,0.00,0.00,2.00,1,2.00,2.00,0.00,0.00,,160979,4461,75.93,75.93,91.67,91.67,75.00,75.00,77.27,77.27,62.50,62.50
Turkey,TUR,20200530,3.00,1,2.00,1,2.00,1,0.00,,1.00,1,2.00,1,2.00,1,4.00,2.00,0,1.00,0.00,0.00,2.00,1,2.00,2.00,0.00,0.00,,162120,4489,75.93,75.93,91.67,91.67,75.00,75.00,77.27,77.27,62.50,62.50
Turkey,TUR,20200531,3.00,1,2.00,1,2.00,1,0.00,,1.00,1,2.00,1,2.00,1,4.00,2.00,0,1.00,0.00,0.00,2.00,1,2.00,2.00,0.00,0.00,,163103,4515,75.93,75.93,91.67,91.67,75.00,75.00,77.27,77.27,62.50,62.50
Turkey,TUR,20200601,3.00,1,2.00,1,2.00,1,0.00,,1.00,1,2.00,1,1.00,1,3.00,2.00,0,2.00,0.00,0.00,2.00,1,2.00,2.00,0.00,0.00,,163942,4540,67.59,67.59,84.52,84.52,73.08,73.08,70.45,70.45,87.50,87.50
Turkey,TUR,20200602,3.00,1,2.00,1,2.00,1,0.00,,1.00,1,2.00,1,1.00,1,3.00,2.00,0,2.00,0.00,0.00,2.00,1,2.00,2.00,0.00,0.00,,164769,4563,67.59,67.59,84.52,84.52,73.08,73.08,70.45,70.45,87.50,87.50
Turkey,TUR,20200603,3.00,1,2.00,1,2.00,1,0.00,,1.00,1,2.00,1,1.00,1,3.00,2.00,0,2.00,0.00,0.00,2.00,1,2.00,2.00,0.00,0.00,,165555,4585,67.59,67.59,84.52,84.52,73.08,73.08,70.45,70.45,87.50,87.50
Turkey,TUR,20200604,3.00,1,2.00,1,2.00,1,0.00,,1.00,1,2.00,1,1.00,1,3.00,2.00,0,2.00,0.00,0.00,2.00,1,2.00,2.00,0.00,0.00,,166422,4609,67.59,67.59,84.52,84.52,73.08,73.08,70.45,70.45,87.50,87.50
Turkey,TUR,20200605,3.00,1,2.00,1,2.00,1,0.00,,1.00,1,2.00,1,1.00,1,3.00,2.00,0,2.00,0.00,0.00,2.00,1,2.00,2.00,0.00,0.00,,167410,4630,67.59,67.59,84.52,84.52,73.08,73.08,70.45,70.45,87.50,87.50
Turkey,TUR,20200606,3.00,1,2.00,1,2.00,1,0.00,,1.00,1,2.00,1,1.00,1,3.00,2.00,0,2.00,0.00,0.00,2.00,1,2.00,2.00,0.00,0.00,,168340,4648,67.59,67.59,84.52,84.52,73.08,73.08,70.45,70.45,87.50,87.50
Turkey,TUR,20200607,3.00,1,2.00,1,2.00,1,0.00,,1.00,1,2.00,1,1.00,1,3.00,2.00,0,2.00,0.00,0.00,2.00,1,2.00,2.00,0.00,0.00,,169218,4669,67.59,67.59,84.52,84.52,73.08,73.08,70.45,70.45,87.50,87.50
Turkey,TUR,20200608,3.00,1,2.00,1,2.00,1,0.00,,1.00,1,2.00,1,1.00,1,3.00,2.00,0,2.00,0.00,0.00,2.00,1,2.00,2.00,0.00,0.00,,170132,4692,67.59,67.59,84.52,84.52,73.08,73.08,70.45,70.45,87.50,87.50
Turkey,TUR,20200609,3.00,1,2.00,1,2.00,1,0.00,,1.00,1,2.00,1,1.00,1,3.00,2.00,0,2.00,0.00,0.00,2.00,1,2.00,2.00,0.00,0.00,,171121,4711,67.59,67.59,84.52,84.52,73.08,73.08,70.45,70.45,87.50,87.50
Turkey,TUR,20200610,3.00,1,2.00,1,2.00,1,0.00,,1.00,1,2.00,1,1.00,1,3.00,2.00,0,2.00,0.00,0.00,2.00,1,2.00,2.00,0.00,0.00,,172114,4729,67.59,67.59,84.52,84.52,73.08,73.08,70.45,70.45,87.50,87.50
Turkey,TUR,20200611,3.00,1,2.00,1,2.00,1,0.00,,1.00,1,2.00,1,1.00,1,3.00,2.00,0,2.00,0.00,0.00,2.00,1,2.00,2.00,0.00,0.00,,173036,4746,67.59,67.59,84.52,84.52,73.08,73.08,70.45,70.45,87.50,87.50
Turkey,TUR,20200612,3.00,1,2.00,1,2.00,1,0.00,,1.00,1,2.00,1,1.00,1,3.00,2.00,0,2.00,0.00,0.00,2.00,1,2.00,2.00,0.00,0.00,,174023,4763,67.59,67.59,84.52,84.52,73.08,73.08,70.45,70.45,87.50,87.50
Turkey,TUR,20200613,3.00,1,2.00,1,2.00,1,0.00,,1.00,1,2.00,1,1.00,1,3.00,2.00,0,2.00,0.00,0.00,2.00,1,2.00,2.00,0.00,0.00,,175218,4778,67.59,67.59,84.52,84.52,73.08,73.08,70.45,70.45,87.50,87.50
Turkey,TUR,20200614,3.00,1,2.00,1,2.00,1,0.00,,1.00,1,2.00,1,1.00,1,3.00,2.00,0,2.00,0.00,0.00,2.00,1,2.00,2.00,0.00,0.00,,176677,4792,67.59,67.59,84.52,84.52,73.08,73.08,70.45,70.45,87.50,87.50
Turkey,TUR,20200615,3.00,1,2.00,1,2.00,1,0.00,,1.00,1,2.00,1,1.00,1,3.00,2.00,0,2.00,0.00,0.00,2.00,1,2.00,2.00,0.00,0.00,,178239,4807,67.59,67.59,84.52,84.52,73.08,73.08,70.45,70.45,87.50,87.50
Turkey,TUR,20200616,3.00,1,2.00,1,2.00,1,0.00,,1.00,1,2.00,1,1.00,1,3.00,2.00,0,2.00,0.00,0.00,2.00,1,2.00,2.00,0.00,0.00,,179831,4825,67.59,67.59,84.52,84.52,73.08,73.08,70.45,70.45,87.50,87.50
Turkey,TUR,20200617,3.00,1,2.00,1,2.00,1,0.00,,1.00,1,2.00,1,1.00,1,3.00,,,,,,2.00,1,,2.00,,,,181298,4842,67.59,67.59,84.52,84.52,,73.08,64.39,64.39,,87.50
Turkey,TUR,20200618,,,,,,,,,,,,,1.00,1,,,,,,,2.00,1,,2.00,,,,182727,4861,,67.59,,84.52,,73.08,,64.39,,87.50
Turkey,TUR,20200619,,,,,,,,,,,,,,,,,,,,,,,,,,,,184031,4882,,67.59,,84.52,,73.08,,64.39,,87.50
Turkey,TUR,20200620,,,,,,,,,,,,,,,,,,,,,,,,,,,,185245,4905,,67.59,,84.52,,73.08,,64.39,,87.50
Turkey,TUR,20200621,,,,,,,,,,,,,,,,,,,,,,,,,,,,186493,4927,,67.59,,84.52,,73.08,,64.39,,87.50
Turkey,TUR,20200622,,,,,,,,,,,,,,,,,,,,,,,,,,,,187685,4950,,67.59,,84.52,,73.08,,64.39,,87.50
Turkey,TUR,20200623,,,,,,,,,,,,,,,,,,,,,,,,,,,,188897,4974,,67.59,,84.52,,73.08,,64.39,,87.50
