Ukraine,UKR,20200101,0.00,,0.00,,0.00,,0.00,,0.00,,0.00,,0.00,,0.00,0.00,,0.00,0.00,0.00,0.00,,0.00,0.00,0.00,0.00,,,,0.00,0.00,0.00,0.00,0.00,0.00,0.00,0.00,0.00,0.00
Ukraine,UKR,20200102,0.00,,0.00,,0.00,,0.00,,0.00,,0.00,,0.00,,0.00,0.00,,0.00,0.00,0.00,0.00,,0.00,0.00,0.00,0.00,,,,0.00,0.00,0.00,0.00,0.00,0.00,0.00,0.00,0.00,0.00
Ukraine,UKR,20200103,0.00,,0.00,,0.00,,0.00,,0.00,,0.00,,0.00,,0.00,0.00,,0.00,0.00,0.00,0.00,,0.00,0.00,0.00,0.00,,,,0.00,0.00,0.00,0.00,0.00,0.00,0.00,0.00,0.00,0.00
Ukraine,UKR,20200104,0.00,,0.00,,0.00,,0.00,,0.00,,0.00,,0.00,,0.00,0.00,,0.00,0.00,0.00,0.00,,0.00,0.00,0.00,0.00,,,,0.00,0.00,0.00,0.00,0.00,0.00,0.00,0.00,0.00,0.00
Ukraine,UKR,20200105,0.00,,0.00,,0.00,,0.00,,0.00,,0.00,,0.00,,0.00,0.00,,0.00,0.00,0.00,0.00,,0.00,0.00,0.00,0.00,,,,0.00,0.00,0.00,0.00,0.00,0.00,0.00,0.00,0.00,0.00
Ukraine,UKR,20200106,0.00,,0.00,,0.00,,0.00,,0.00,,0.00,,0.00,,0.00,0.00,,0.00,0.00,0.00,0.00,,0.00,0.00,0.00,0.00,,,,0.00,0.00,0.00,0.00,0.00,0.00,0.00,0.00,0.00,0.00
Ukraine,UKR,20200107,0.00,,0.00,,0.00,,0.00,,0.00,,0.00,,0.00,,0.00,0.00,,0.00,0.00,0.00,0.00,,0.00,0.00,0.00,0.00,,,,0.00,0.00,0.00,0.00,0.00,0.00,0.00,0.00,0.00,0.00
Ukraine,UKR,20200108,0.00,,0.00,,0.00,,0.00,,0.00,,0.00,,0.00,,0.00,0.00,,0.00,0.00,0.00,0.00,,0.00,0.00,0.00,0.00,,,,0.00,0.00,0.00,0.00,0.00,0.00,0.00,0.00,0.00,0.00
Ukraine,UKR,20200109,0.00,,0.00,,0.00,,0.00,,0.00,,0.00,,0.00,,0.00,0.00,,0.00,0.00,0.00,0.00,,0.00,0.00,0.00,0.00,,,,0.00,0.00,0.00,0.00,0.00,0.00,0.00,0.00,0.00,0.00
Ukraine,UKR,20200110,0.00,,0.00,,0.00,,0.00,,0.00,,0.00,,0.00,,0.00,0.00,,0.00,0.00,0.00,0.00,,0.00,0.00,0.00,0.00,,,,0.00,0.00,0.00,0.00,0.00,0.00,0.00,0.00,0.00,0.00
Ukraine,UKR,20200111,0.00,,0.00,,0.00,,0.00,,0.00,,0.00,,0.00,,0.00,0.00,,0.00,0.00,0.00,0.00,,0.00,0.00,0.00,0.00,,,,0.00,0.00,0.00,0.00,0.00,0.00,0.00,0.00,0.00,0.00
Ukraine,UKR,20200112,0.00,,0.00,,0.00,,0.00,,0.00,,0.00,,0.00,,0.00,0.00,,0.00,0.00,0.00,0.00,,0.00,0.00,0.00,0.00,,,,0.00,0.00,0.00,0.00,0.00,0.00,0.00,0.00,0.00,0.00
Ukraine,UKR,20200113,0.00,,0.00,,0.00,,0.00,,0.00,,0.00,,0.00,,0.00,0.00,,0.00,0.00,0.00,0.00,,0.00,0.00,0.00,0.00,,,,0.00,0.00,0.00,0.00,0.00,0.00,0.00,0.00,0.00,0.00
Ukraine,UKR,20200114,0.00,,0.00,,0.00,,0.00,,0.00,,0.00,,0.00,,0.00,0.00,,0.00,0.00,0.00,0.00,,0.00,0.00,0.00,0.00,,,,0.00,0.00,0.00,0.00,0.00,0.00,0.00,0.00,0.00,0.00
Ukraine,UKR,20200115,0.00,,0.00,,0.00,,0.00,,0.00,,0.00,,0.00,,0.00,0.00,,0.00,0.00,0.00,0.00,,0.00,0.00,0.00,0.00,,,,0.00,0.00,0.00,0.00,0.00,0.00,0.00,0.00,0.00,0.00
Ukraine,UKR,20200116,0.00,,0.00,,0.00,,0.00,,0.00,,0.00,,0.00,,0.00,0.00,,0.00,0.00,0.00,0.00,,0.00,0.00,0.00,0.00,,,,0.00,0.00,0.00,0.00,0.00,0.00,0.00,0.00,0.00,0.00
Ukraine,UKR,20200117,0.00,,0.00,,0.00,,0.00,,0.00,,0.00,,0.00,,0.00,0.00,,0.00,0.00,0.00,0.00,,0.00,0.00,0.00,0.00,,,,0.00,0.00,0.00,0.00,0.00,0.00,0.00,0.00,0.00,0.00
Ukraine,UKR,20200118,0.00,,0.00,,0.00,,0.00,,0.00,,0.00,,0.00,,0.00,0.00,,0.00,0.00,0.00,0.00,,0.00,0.00,0.00,0.00,,,,0.00,0.00,0.00,0.00,0.00,0.00,0.00,0.00,0.00,0.00
Ukraine,UKR,20200119,0.00,,0.00,,0.00,,0.00,,0.00,,0.00,,0.00,,0.00,0.00,,0.00,0.00,0.00,0.00,,0.00,0.00,0.00,0.00,,,,0.00,0.00,0.00,0.00,0.00,0.00,0.00,0.00,0.00,0.00
Ukraine,UKR,20200120,0.00,,0.00,,0.00,,0.00,,0.00,,0.00,,0.00,,0.00,0.00,,0.00,0.00,0.00,0.00,,0.00,0.00,0.00,0.00,,,,0.00,0.00,0.00,0.00,0.00,0.00,0.00,0.00,0.00,0.00
Ukraine,UKR,20200121,0.00,,0.00,,0.00,,0.00,,0.00,,0.00,,0.00,,0.00,0.00,,0.00,0.00,0.00,0.00,,0.00,0.00,0.00,0.00,,,,0.00,0.00,0.00,0.00,0.00,0.00,0.00,0.00,0.00,0.00
Ukraine,UKR,20200122,0.00,,0.00,,0.00,,0.00,,0.00,,0.00,,0.00,,0.00,0.00,,0.00,0.00,0.00,0.00,,0.00,0.00,0.00,0.00,,,,0.00,0.00,0.00,0.00,0.00,0.00,0.00,0.00,0.00,0.00
Ukraine,UKR,20200123,0.00,,0.00,,0.00,,0.00,,0.00,,0.00,,0.00,,0.00,0.00,,0.00,0.00,0.00,0.00,,0.00,0.00,0.00,0.00,,,,0.00,0.00,0.00,0.00,0.00,0.00,0.00,0.00,0.00,0.00
Ukraine,UKR,20200124,0.00,,0.00,,0.00,,0.00,,0.00,,0.00,,0.00,,0.00,0.00,,0.00,0.00,0.00,0.00,,0.00,0.00,0.00,0.00,,,,0.00,0.00,0.00,0.00,0.00,0.00,0.00,0.00,0.00,0.00
Ukraine,UKR,20200125,0.00,,0.00,,0.00,,0.00,,0.00,,0.00,,0.00,,0.00,0.00,,0.00,0.00,0.00,0.00,,0.00,0.00,0.00,0.00,,,,0.00,0.00,0.00,0.00,0.00,0.00,0.00,0.00,0.00,0.00
Ukraine,UKR,20200126,0.00,,0.00,,0.00,,0.00,,0.00,,0.00,,0.00,,0.00,0.00,,0.00,0.00,0.00,0.00,,0.00,0.00,0.00,0.00,,,,0.00,0.00,0.00,0.00,0.00,0.00,0.00,0.00,0.00,0.00
Ukraine,UKR,20200127,0.00,,0.00,,0.00,,0.00,,0.00,,0.00,,0.00,,0.00,0.00,,0.00,0.00,0.00,0.00,,0.00,0.00,0.00,0.00,,,,0.00,0.00,0.00,0.00,0.00,0.00,0.00,0.00,0.00,0.00
Ukraine,UKR,20200128,0.00,,0.00,,0.00,,0.00,,0.00,,0.00,,0.00,,0.00,0.00,,0.00,0.00,0.00,0.00,,0.00,0.00,0.00,0.00,,,,0.00,0.00,0.00,0.00,0.00,0.00,0.00,0.00,0.00,0.00
Ukraine,UKR,20200129,0.00,,0.00,,0.00,,0.00,,0.00,,0.00,,0.00,,0.00,0.00,,0.00,0.00,0.00,0.00,,0.00,0.00,0.00,0.00,,,,0.00,0.00,0.00,0.00,0.00,0.00,0.00,0.00,0.00,0.00
Ukraine,UKR,20200130,0.00,,0.00,,0.00,,0.00,,0.00,,0.00,,0.00,,0.00,0.00,,0.00,0.00,0.00,0.00,,0.00,0.00,0.00,0.00,,,,0.00,0.00,0.00,0.00,0.00,0.00,0.00,0.00,0.00,0.00
Ukraine,UKR,20200131,0.00,,0.00,,0.00,,0.00,,0.00,,0.00,,0.00,,0.00,0.00,,0.00,0.00,0.00,0.00,,0.00,0.00,0.00,0.00,,,,0.00,0.00,0.00,0.00,0.00,0.00,0.00,0.00,0.00,0.00
Ukraine,UKR,20200201,0.00,,0.00,,0.00,,0.00,,0.00,,0.00,,0.00,,0.00,0.00,,0.00,0.00,0.00,0.00,,0.00,0.00,0.00,0.00,,,,0.00,0.00,0.00,0.00,0.00,0.00,0.00,0.00,0.00,0.00
Ukraine,UKR,20200202,0.00,,0.00,,0.00,,0.00,,0.00,,0.00,,0.00,,0.00,0.00,,0.00,0.00,0.00,0.00,,0.00,0.00,0.00,0.00,,,,0.00,0.00,0.00,0.00,0.00,0.00,0.00,0.00,0.00,0.00
Ukraine,UKR,20200203,0.00,,0.00,,0.00,,0.00,,0.00,,0.00,,0.00,,0.00,0.00,,0.00,0.00,0.00,0.00,,0.00,0.00,0.00,0.00,,,,0.00,0.00,0.00,0.00,0.00,0.00,0.00,0.00,0.00,0.00
Ukraine,UKR,20200204,0.00,,0.00,,0.00,,0.00,,0.00,,0.00,,0.00,,0.00,0.00,,0.00,0.00,0.00,0.00,,0.00,0.00,0.00,0.00,,,,0.00,0.00,0.00,0.00,0.00,0.00,0.00,0.00,0.00,0.00
Ukraine,UKR,20200205,0.00,,0.00,,0.00,,0.00,,0.00,,0.00,,0.00,,0.00,0.00,,0.00,0.00,0.00,0.00,,1.00,1.00,0.00,0.00,,,,0.00,0.00,0.00,0.00,6.41,6.41,7.58,7.58,0.00,0.00
Ukraine,UKR,20200206,0.00,,0.00,,0.00,,0.00,,0.00,,0.00,,0.00,,0.00,0.00,,0.00,0.00,0.00,0.00,,1.00,1.00,0.00,0.00,,,,0.00,0.00,0.00,0.00,6.41,6.41,7.58,7.58,0.00,0.00
Ukraine,UKR,20200207,0.00,,0.00,,0.00,,0.00,,0.00,,0.00,,0.00,,0.00,0.00,,0.00,0.00,0.00,0.00,,1.00,1.00,0.00,0.00,,,,0.00,0.00,0.00,0.00,6.41,6.41,7.58,7.58,0.00,0.00
Ukraine,UKR,20200208,0.00,,0.00,,0.00,,0.00,,0.00,,0.00,,0.00,,0.00,0.00,,0.00,0.00,0.00,0.00,,1.00,1.00,0.00,0.00,,,,0.00,0.00,0.00,0.00,6.41,6.41,7.58,7.58,0.00,0.00
Ukraine,UKR,20200209,0.00,,0.00,,0.00,,0.00,,0.00,,0.00,,0.00,,0.00,0.00,,0.00,0.00,0.00,0.00,,1.00,1.00,0.00,0.00,,,,0.00,0.00,0.00,0.00,6.41,6.41,7.58,7.58,0.00,0.00
Ukraine,UKR,20200210,0.00,,0.00,,0.00,,0.00,,0.00,,0.00,,0.00,,0.00,0.00,,0.00,0.00,0.00,0.00,,1.00,1.00,0.00,0.00,,,,0.00,0.00,0.00,0.00,6.41,6.41,7.58,7.58,0.00,0.00
Ukraine,UKR,20200211,0.00,,0.00,,0.00,,0.00,,0.00,,0.00,,0.00,,0.00,0.00,,0.00,0.00,0.00,0.00,,1.00,1.00,0.00,0.00,,,,0.00,0.00,0.00,0.00,6.41,6.41,7.58,7.58,0.00,0.00
Ukraine,UKR,20200212,0.00,,0.00,,0.00,,0.00,,0.00,,0.00,,0.00,,0.00,0.00,,0.00,0.00,0.00,0.00,,1.00,1.00,0.00,0.00,,,,0.00,0.00,0.00,0.00,6.41,6.41,7.58,7.58,0.00,0.00
Ukraine,UKR,20200213,0.00,,0.00,,0.00,,0.00,,0.00,,0.00,,0.00,,0.00,0.00,,0.00,0.00,0.00,0.00,,1.00,1.00,0.00,0.00,,,,0.00,0.00,0.00,0.00,6.41,6.41,7.58,7.58,0.00,0.00
Ukraine,UKR,20200214,0.00,,0.00,,0.00,,0.00,,0.00,,0.00,,0.00,,0.00,0.00,,0.00,0.00,0.00,0.00,,1.00,1.00,0.00,0.00,,,,0.00,0.00,0.00,0.00,6.41,6.41,7.58,7.58,0.00,0.00
Ukraine,UKR,20200215,0.00,,0.00,,0.00,,0.00,,0.00,,0.00,,0.00,,0.00,0.00,,0.00,0.00,0.00,0.00,,1.00,1.00,0.00,0.00,,,,0.00,0.00,0.00,0.00,6.41,6.41,7.58,7.58,0.00,0.00
Ukraine,UKR,20200216,0.00,,0.00,,0.00,,0.00,,0.00,,0.00,,0.00,,0.00,0.00,,0.00,0.00,0.00,0.00,,1.00,1.00,0.00,0.00,,,,0.00,0.00,0.00,0.00,6.41,6.41,7.58,7.58,0.00,0.00
Ukraine,UKR,20200217,0.00,,0.00,,0.00,,0.00,,0.00,,0.00,,0.00,,0.00,0.00,,0.00,0.00,0.00,0.00,,1.00,1.00,0.00,0.00,,,,0.00,0.00,0.00,0.00,6.41,6.41,7.58,7.58,0.00,0.00
Ukraine,UKR,20200218,0.00,,0.00,,0.00,,0.00,,0.00,,0.00,,0.00,,0.00,0.00,,0.00,0.00,0.00,0.00,,1.00,1.00,0.00,0.00,,,,0.00,0.00,0.00,0.00,6.41,6.41,7.58,7.58,0.00,0.00
Ukraine,UKR,20200219,0.00,,0.00,,0.00,,0.00,,0.00,,0.00,,0.00,,0.00,0.00,,0.00,0.00,0.00,0.00,,1.00,1.00,0.00,0.00,,,,0.00,0.00,0.00,0.00,6.41,6.41,7.58,7.58,0.00,0.00
Ukraine,UKR,20200220,0.00,,0.00,,0.00,,0.00,,0.00,,0.00,,0.00,,0.00,0.00,,0.00,0.00,0.00,0.00,,1.00,1.00,0.00,0.00,,,,0.00,0.00,0.00,0.00,6.41,6.41,7.58,7.58,0.00,0.00
Ukraine,UKR,20200221,0.00,,0.00,,0.00,,0.00,,0.00,,0.00,,0.00,,0.00,0.00,,0.00,0.00,0.00,0.00,,1.00,1.00,0.00,0.00,,,,0.00,0.00,0.00,0.00,6.41,6.41,7.58,7.58,0.00,0.00
Ukraine,UKR,20200222,0.00,,0.00,,0.00,,0.00,,0.00,,0.00,,0.00,,0.00,0.00,,0.00,0.00,0.00,0.00,,1.00,1.00,0.00,0.00,,,,0.00,0.00,0.00,0.00,6.41,6.41,7.58,7.58,0.00,0.00
Ukraine,UKR,20200223,0.00,,0.00,,0.00,,0.00,,0.00,,0.00,,0.00,,0.00,0.00,,0.00,0.00,0.00,0.00,,1.00,1.00,0.00,0.00,,,,0.00,0.00,0.00,0.00,6.41,6.41,7.58,7.58,0.00,0.00
Ukraine,UKR,20200224,0.00,,0.00,,0.00,,0.00,,0.00,,0.00,,0.00,,0.00,0.00,,0.00,0.00,0.00,0.00,,1.00,1.00,0.00,0.00,,,,0.00,0.00,0.00,0.00,6.41,6.41,7.58,7.58,0.00,0.00
Ukraine,UKR,20200225,0.00,,0.00,,0.00,,0.00,,0.00,,0.00,,0.00,,0.00,0.00,,0.00,0.00,0.00,0.00,,1.00,1.00,0.00,0.00,,,,0.00,0.00,0.00,0.00,6.41,6.41,7.58,7.58,0.00,0.00
Ukraine,UKR,20200226,0.00,,0.00,,0.00,,0.00,,0.00,,0.00,,0.00,,0.00,0.00,,0.00,0.00,0.00,0.00,,1.00,1.00,0.00,0.00,,,,0.00,0.00,0.00,0.00,6.41,6.41,7.58,7.58,0.00,0.00
Ukraine,UKR,20200227,0.00,,0.00,,0.00,,0.00,,0.00,,0.00,,0.00,,0.00,0.00,,0.00,0.00,0.00,0.00,,1.00,1.00,0.00,0.00,,,,0.00,0.00,0.00,0.00,6.41,6.41,7.58,7.58,0.00,0.00
Ukraine,UKR,20200228,0.00,,0.00,,0.00,,0.00,,0.00,,0.00,,0.00,,0.00,0.00,,0.00,0.00,0.00,0.00,,1.00,1.00,0.00,0.00,,,,0.00,0.00,0.00,0.00,6.41,6.41,7.58,7.58,0.00,0.00
Ukraine,UKR,20200229,0.00,,0.00,,0.00,,0.00,,0.00,,0.00,,0.00,,0.00,0.00,,0.00,0.00,0.00,0.00,,1.00,1.00,0.00,0.00,,,,0.00,0.00,0.00,0.00,6.41,6.41,7.58,7.58,0.00,0.00
Ukraine,UKR,20200301,0.00,,0.00,,0.00,,0.00,,0.00,,0.00,,0.00,,0.00,0.00,,0.00,0.00,0.00,0.00,,1.00,1.00,0.00,0.00,,,,0.00,0.00,0.00,0.00,6.41,6.41,7.58,7.58,0.00,0.00
Ukraine,UKR,20200302,0.00,,0.00,,0.00,,0.00,,0.00,,0.00,,0.00,,0.00,0.00,,0.00,0.00,0.00,0.00,,1.00,1.00,0.00,0.00,,,,0.00,0.00,0.00,0.00,6.41,6.41,7.58,7.58,0.00,0.00
Ukraine,UKR,20200303,0.00,,0.00,,0.00,,0.00,,0.00,,0.00,,0.00,,0.00,0.00,,0.00,0.00,0.00,2.00,1,1.00,1.00,0.00,0.00,,,,11.11,11.11,14.29,14.29,14.10,14.10,16.67,16.67,0.00,0.00
Ukraine,UKR,20200304,0.00,,0.00,,0.00,,0.00,,0.00,,0.00,,0.00,,0.00,0.00,,0.00,0.00,0.00,2.00,1,1.00,1.00,0.00,0.00,,1,0,11.11,11.11,14.29,14.29,14.10,14.10,16.67,16.67,0.00,0.00
Ukraine,UKR,20200305,0.00,,0.00,,0.00,,0.00,,0.00,,0.00,,0.00,,0.00,0.00,,0.00,0.00,0.00,2.00,1,1.00,1.00,0.00,0.00,,,,11.11,11.11,14.29,14.29,14.10,14.10,16.67,16.67,0.00,0.00
Ukraine,UKR,20200306,0.00,,0.00,,0.00,,0.00,,0.00,,0.00,,0.00,,0.00,0.00,,0.00,0.00,0.00,2.00,1,1.00,1.00,0.00,0.00,,,,11.11,11.11,14.29,14.29,14.10,14.10,16.67,16.67,0.00,0.00
Ukraine,UKR,20200307,0.00,,0.00,,0.00,,0.00,,0.00,,0.00,,0.00,,0.00,0.00,,0.00,0.00,0.00,2.00,1,1.00,1.00,0.00,0.00,,,,11.11,11.11,14.29,14.29,14.10,14.10,16.67,16.67,0.00,0.00
Ukraine,UKR,20200308,0.00,,0.00,,0.00,,0.00,,0.00,,0.00,,0.00,,0.00,0.00,,0.00,0.00,0.00,2.00,1,1.00,1.00,0.00,0.00,,,,11.11,11.11,14.29,14.29,14.10,14.10,16.67,16.67,0.00,0.00
Ukraine,UKR,20200309,0.00,,0.00,,0.00,,0.00,,0.00,,0.00,,0.00,,0.00,0.00,,0.00,0.00,0.00,2.00,1,1.00,1.00,0.00,0.00,,,,11.11,11.11,14.29,14.29,14.10,14.10,16.67,16.67,0.00,0.00
Ukraine,UKR,20200310,0.00,,0.00,,0.00,,0.00,,0.00,,0.00,,0.00,,0.00,0.00,,0.00,0.00,0.00,2.00,1,1.00,1.00,0.00,0.00,,,,11.11,11.11,14.29,14.29,14.10,14.10,16.67,16.67,0.00,0.00
Ukraine,UKR,20200311,0.00,,0.00,,0.00,,0.00,,0.00,,0.00,,0.00,,0.00,0.00,,0.00,3853564.00,0.00,2.00,1,1.00,1.00,0.00,0.00,,,,11.11,11.11,14.29,14.29,14.10,14.10,16.67,16.67,0.00,0.00
Ukraine,UKR,20200312,3.00,1,0.00,,2.00,1,2.00,1,0.00,,0.00,,2.00,1,0.00,1.00,0,0.00,0.00,0.00,2.00,1,1.00,1.00,0.00,0.00,,,,50.00,50.00,57.14,57.14,42.95,42.95,48.48,48.48,12.50,12.50
Ukraine,UKR,20200313,3.00,1,0.00,,2.00,1,2.00,1,0.00,,0.00,,2.00,1,0.00,1.00,0,0.00,0.00,0.00,2.00,1,1.00,2.00,0.00,0.00,,3,0,50.00,50.00,57.14,57.14,46.79,46.79,53.03,53.03,12.50,12.50
Ukraine,UKR,20200314,3.00,1,0.00,,2.00,1,2.00,1,0.00,,0.00,,2.00,1,0.00,1.00,0,0.00,0.00,0.00,2.00,1,1.00,2.00,0.00,0.00,,,,50.00,50.00,57.14,57.14,46.79,46.79,53.03,53.03,12.50,12.50
Ukraine,UKR,20200315,3.00,1,0.00,,2.00,1,2.00,1,0.00,,0.00,,2.00,1,0.00,1.00,0,0.00,0.00,0.00,2.00,1,1.00,2.00,0.00,0.00,,,,50.00,50.00,57.14,57.14,46.79,46.79,53.03,53.03,12.50,12.50
Ukraine,UKR,20200316,3.00,1,0.00,,2.00,1,2.00,1,0.00,,1.00,1,2.00,1,4.00,1.00,0,0.00,0.00,0.00,2.00,1,1.00,2.00,0.00,0.00,,3,0,64.81,64.81,71.43,71.43,57.05,57.05,65.15,65.15,12.50,12.50
Ukraine,UKR,20200317,3.00,1,2.00,1,2.00,1,4.00,1,0.00,,1.00,1,2.00,1,4.00,1.00,0,0.00,0.00,0.00,2.00,1,1.00,2.00,0.00,0.00,,5,0,77.78,77.78,82.14,82.14,66.03,66.03,75.76,75.76,12.50,12.50
Ukraine,UKR,20200318,3.00,1,2.00,1,2.00,1,4.00,1,2.00,1,1.00,1,2.00,1,4.00,1.00,0,0.00,0.00,0.00,2.00,1,1.00,2.00,0.00,0.00,,14,0,88.89,88.89,96.43,96.43,73.72,73.72,84.85,84.85,12.50,12.50
Ukraine,UKR,20200319,3.00,1,2.00,1,2.00,1,4.00,1,2.00,1,1.00,1,2.00,1,4.00,1.00,0,0.00,0.00,0.00,2.00,1,1.00,2.00,0.00,0.00,,19,2,88.89,88.89,96.43,96.43,73.72,73.72,84.85,84.85,12.50,12.50
Ukraine,UKR,20200320,3.00,1,2.00,1,2.00,1,4.00,1,2.00,1,1.00,1,2.00,1,4.00,1.00,0,0.00,0.00,0.00,2.00,1,1.00,2.00,1406551.00,0.00,,26,2,88.89,88.89,96.43,96.43,73.72,73.72,84.85,84.85,12.50,12.50
Ukraine,UKR,20200321,3.00,1,2.00,1,2.00,1,4.00,1,2.00,1,1.00,1,2.00,1,4.00,1.00,0,0.00,0.00,0.00,2.00,1,1.00,2.00,0.00,0.00,,26,3,88.89,88.89,96.43,96.43,73.72,73.72,84.85,84.85,12.50,12.50
Ukraine,UKR,20200322,3.00,1,2.00,1,2.00,1,4.00,1,2.00,1,1.00,1,2.00,1,4.00,1.00,0,0.00,0.00,0.00,2.00,1,1.00,2.00,0.00,0.00,,41,3,88.89,88.89,96.43,96.43,73.72,73.72,84.85,84.85,12.50,12.50
Ukraine,UKR,20200323,3.00,1,2.00,1,2.00,1,4.00,1,2.00,1,1.00,1,2.00,1,4.00,1.00,0,0.00,0.00,0.00,2.00,1,1.00,2.00,0.00,0.00,,47,3,88.89,88.89,96.43,96.43,73.72,73.72,84.85,84.85,12.50,12.50
Ukraine,UKR,20200324,3.00,1,2.00,1,2.00,1,4.00,1,2.00,1,1.00,1,2.00,1,4.00,1.00,0,0.00,0.00,0.00,2.00,1,1.00,2.00,0.00,0.00,,73,3,88.89,88.89,96.43,96.43,73.72,73.72,84.85,84.85,12.50,12.50
Ukraine,UKR,20200325,3.00,1,2.00,1,2.00,1,4.00,1,2.00,1,1.00,1,2.00,1,4.00,1.00,0,1.00,0.00,0.00,2.00,1,1.00,2.00,0.00,0.00,,84,3,88.89,88.89,96.43,96.43,77.56,77.56,84.85,84.85,37.50,37.50
Ukraine,UKR,20200326,3.00,1,2.00,1,2.00,1,4.00,1,2.00,1,1.00,1,2.00,1,4.00,1.00,0,1.00,0.00,0.00,2.00,1,1.00,2.00,0.00,0.00,,113,4,88.89,88.89,96.43,96.43,77.56,77.56,84.85,84.85,37.50,37.50
Ukraine,UKR,20200327,3.00,1,2.00,1,2.00,1,4.00,1,2.00,1,1.00,1,2.00,1,4.00,1.00,0,1.00,0.00,0.00,2.00,1,1.00,2.00,0.00,0.00,,156,5,88.89,88.89,96.43,96.43,77.56,77.56,84.85,84.85,37.50,37.50
Ukraine,UKR,20200328,3.00,1,2.00,1,2.00,1,4.00,1,2.00,1,1.00,1,2.00,1,4.00,1.00,0,1.00,0.00,0.00,2.00,1,1.00,2.00,0.00,0.00,,218,5,88.89,88.89,96.43,96.43,77.56,77.56,84.85,84.85,37.50,37.50
Ukraine,UKR,20200329,3.00,1,2.00,1,2.00,1,4.00,1,2.00,1,1.00,1,2.00,1,4.00,1.00,0,1.00,18556489.00,0.00,2.00,1,1.00,2.00,0.00,0.00,,311,8,88.89,88.89,96.43,96.43,77.56,77.56,84.85,84.85,37.50,37.50
Ukraine,UKR,20200330,3.00,1,2.00,1,2.00,1,4.00,1,2.00,1,1.00,1,2.00,1,4.00,1.00,0,1.00,0.00,0.00,2.00,1,1.00,2.00,0.00,0.00,,418,9,88.89,88.89,96.43,96.43,77.56,77.56,84.85,84.85,37.50,37.50
Ukraine,UKR,20200331,3.00,1,2.00,1,2.00,1,4.00,1,2.00,1,1.00,1,2.00,1,4.00,1.00,0,1.00,0.00,0.00,2.00,1,1.00,2.00,0.00,0.00,,480,11,88.89,88.89,96.43,96.43,77.56,77.56,84.85,84.85,37.50,37.50
Ukraine,UKR,20200401,3.00,1,2.00,1,2.00,1,4.00,1,2.00,1,1.00,1,2.00,1,4.00,1.00,0,1.00,0.00,0.00,2.00,1,1.00,2.00,0.00,,,549,13,88.89,88.89,96.43,96.43,77.56,77.56,84.85,84.85,37.50,37.50
Ukraine,UKR,20200402,3.00,1,2.00,1,2.00,1,4.00,1,2.00,1,1.00,1,2.00,1,4.00,1.00,0,1.00,0.00,0.00,2.00,1,1.00,2.00,0.00,0.00,,794,20,88.89,88.89,96.43,96.43,77.56,77.56,84.85,84.85,37.50,37.50
Ukraine,UKR,20200403,3.00,1,2.00,1,2.00,1,4.00,1,2.00,1,2.00,1,2.00,1,4.00,1.00,0,1.00,0.00,0.00,2.00,1,1.00,2.00,0.00,0.00,,804,20,92.59,92.59,96.43,96.43,80.13,80.13,87.88,87.88,37.50,37.50
Ukraine,UKR,20200404,3.00,1,2.00,1,2.00,1,4.00,1,2.00,1,2.00,1,2.00,1,4.00,1.00,0,1.00,0.00,0.00,2.00,1,1.00,2.00,0.00,0.00,,987,23,92.59,92.59,96.43,96.43,80.13,80.13,87.88,87.88,37.50,37.50
Ukraine,UKR,20200405,3.00,1,2.00,1,2.00,1,4.00,1,2.00,1,2.00,1,2.00,1,4.00,1.00,0,1.00,0.00,0.00,2.00,1,1.00,2.00,0.00,0.00,,1096,28,92.59,92.59,96.43,96.43,80.13,80.13,87.88,87.88,37.50,37.50
Ukraine,UKR,20200406,3.00,1,2.00,1,2.00,1,4.00,1,2.00,1,2.00,1,2.00,1,4.00,1.00,0,1.00,0.00,0.00,2.00,1,1.00,2.00,0.00,0.00,,1251,32,92.59,92.59,96.43,96.43,80.13,80.13,87.88,87.88,37.50,37.50
Ukraine,UKR,20200407,3.00,1,2.00,1,2.00,1,4.00,1,2.00,1,2.00,1,2.00,1,4.00,1.00,0,1.00,0.00,0.00,2.00,1,1.00,2.00,0.00,0.00,,1319,38,92.59,92.59,96.43,96.43,80.13,80.13,87.88,87.88,37.50,37.50
Ukraine,UKR,20200408,3.00,1,2.00,1,2.00,1,4.00,1,2.00,1,2.00,1,2.00,1,4.00,1.00,0,1.00,0.00,0.00,2.00,1,1.00,2.00,0.00,0.00,,1462,45,92.59,92.59,96.43,96.43,80.13,80.13,87.88,87.88,37.50,37.50
Ukraine,UKR,20200409,3.00,1,2.00,1,2.00,1,4.00,1,2.00,1,2.00,1,2.00,1,4.00,1.00,0,1.00,0.00,0.00,2.00,1,1.00,2.00,0.00,0.00,,1668,52,92.59,92.59,96.43,96.43,80.13,80.13,87.88,87.88,37.50,37.50
Ukraine,UKR,20200410,3.00,1,2.00,1,2.00,1,4.00,1,2.00,1,2.00,1,2.00,1,4.00,1.00,0,1.00,0.00,0.00,2.00,1,1.00,2.00,0.00,0.00,,1892,57,92.59,92.59,96.43,96.43,80.13,80.13,87.88,87.88,37.50,37.50
Ukraine,UKR,20200411,3.00,1,2.00,1,2.00,1,4.00,1,2.00,1,2.00,1,2.00,1,4.00,1.00,0,1.00,0.00,0.00,2.00,1,1.00,2.00,0.00,0.00,,2203,69,92.59,92.59,96.43,96.43,80.13,80.13,87.88,87.88,37.50,37.50
Ukraine,UKR,20200412,3.00,1,2.00,1,2.00,1,4.00,1,2.00,1,2.00,1,2.00,1,4.00,1.00,0,1.00,0.00,0.00,2.00,1,1.00,2.00,0.00,0.00,,2511,73,92.59,92.59,96.43,96.43,80.13,80.13,87.88,87.88,37.50,37.50
Ukraine,UKR,20200413,3.00,1,2.00,1,2.00,1,4.00,1,2.00,1,2.00,1,2.00,1,4.00,1.00,0,1.00,371154570.00,0.00,2.00,1,1.00,2.00,2411800000.00,0.00,,2777,83,92.59,92.59,96.43,96.43,80.13,80.13,87.88,87.88,37.50,37.50
Ukraine,UKR,20200414,3.00,1,2.00,1,2.00,1,4.00,1,2.00,1,2.00,1,2.00,1,4.00,1.00,0,1.00,0.00,0.00,2.00,1,1.00,1.00,0.00,0.00,,3102,93,92.59,92.59,96.43,96.43,76.28,76.28,83.33,83.33,37.50,37.50
Ukraine,UKR,20200415,3.00,1,2.00,1,2.00,1,4.00,1,2.00,1,2.00,1,2.00,1,4.00,1.00,0,1.00,0.00,0.00,2.00,1,1.00,1.00,0.00,0.00,,3372,98,92.59,92.59,96.43,96.43,76.28,76.28,83.33,83.33,37.50,37.50
Ukraine,UKR,20200416,3.00,1,2.00,1,2.00,1,4.00,1,2.00,1,2.00,1,2.00,1,4.00,1.00,0,1.00,1299118263.00,0.00,2.00,1,1.00,1.00,0.00,0.00,,4161,116,92.59,92.59,96.43,96.43,76.28,76.28,83.33,83.33,37.50,37.50
Ukraine,UKR,20200417,3.00,1,2.00,1,2.00,1,4.00,1,2.00,1,2.00,1,2.00,1,4.00,1.00,0,1.00,0.00,0.00,2.00,1,1.00,1.00,0.00,0.00,,4462,125,92.59,92.59,96.43,96.43,76.28,76.28,83.33,83.33,37.50,37.50
Ukraine,UKR,20200418,3.00,1,2.00,1,2.00,1,4.00,1,2.00,1,2.00,1,2.00,1,4.00,1.00,0,1.00,0.00,0.00,2.00,1,1.00,1.00,0.00,0.00,,5106,133,92.59,92.59,96.43,96.43,76.28,76.28,83.33,83.33,37.50,37.50
Ukraine,UKR,20200419,3.00,1,2.00,1,2.00,1,4.00,1,2.00,1,2.00,1,2.00,1,4.00,1.00,0,1.00,0.00,0.00,2.00,1,1.00,1.00,0.00,0.00,,5449,141,92.59,92.59,96.43,96.43,76.28,76.28,83.33,83.33,37.50,37.50
Ukraine,UKR,20200420,3.00,1,2.00,1,2.00,1,4.00,1,2.00,1,2.00,1,2.00,1,4.00,1.00,0,1.00,0.00,0.00,2.00,1,1.00,1.00,0.00,0.00,,5710,151,92.59,92.59,96.43,96.43,76.28,76.28,83.33,83.33,37.50,37.50
Ukraine,UKR,20200421,3.00,1,2.00,1,2.00,1,4.00,1,2.00,1,2.00,1,2.00,1,4.00,1.00,0,1.00,0.00,0.00,2.00,1,1.00,1.00,0.00,0.00,,6125,161,92.59,92.59,96.43,96.43,76.28,76.28,83.33,83.33,37.50,37.50
Ukraine,UKR,20200422,3.00,1,2.00,1,2.00,1,4.00,1,2.00,1,2.00,1,2.00,1,4.00,1.00,0,1.00,0.00,0.00,2.00,1,1.00,1.00,0.00,0.00,,6592,174,92.59,92.59,96.43,96.43,76.28,76.28,83.33,83.33,37.50,37.50
Ukraine,UKR,20200423,3.00,1,2.00,1,2.00,1,4.00,1,2.00,1,2.00,1,2.00,1,4.00,1.00,0,1.00,0.00,0.00,2.00,1,1.00,1.00,0.00,0.00,,7170,187,92.59,92.59,96.43,96.43,76.28,76.28,83.33,83.33,37.50,37.50
Ukraine,UKR,20200424,3.00,1,2.00,1,2.00,1,4.00,1,2.00,1,2.00,1,2.00,1,4.00,1.00,0,1.00,0.00,0.00,2.00,1,1.00,1.00,0.00,0.00,,7647,193,92.59,92.59,96.43,96.43,76.28,76.28,83.33,83.33,37.50,37.50
Ukraine,UKR,20200425,3.00,1,2.00,1,2.00,1,4.00,1,2.00,1,2.00,1,2.00,1,4.00,1.00,0,1.00,0.00,0.00,2.00,1,1.00,1.00,0.00,0.00,,8125,201,92.59,92.59,96.43,96.43,76.28,76.28,83.33,83.33,37.50,37.50
Ukraine,UKR,20200426,3.00,1,2.00,1,2.00,1,4.00,1,2.00,1,2.00,1,2.00,1,4.00,1.00,0,1.00,0.00,0.00,2.00,1,1.00,1.00,0.00,0.00,,8617,209,92.59,92.59,96.43,96.43,76.28,76.28,83.33,83.33,37.50,37.50
Ukraine,UKR,20200427,3.00,1,2.00,1,2.00,1,4.00,1,2.00,1,2.00,1,2.00,1,4.00,1.00,0,1.00,222679980.00,0.00,2.00,1,1.00,1.00,0.00,0.00,,9009,220,92.59,92.59,96.43,96.43,76.28,76.28,83.33,83.33,37.50,37.50
Ukraine,UKR,20200428,3.00,1,2.00,1,2.00,1,4.00,1,2.00,1,2.00,1,2.00,1,4.00,1.00,0,1.00,0.00,0.00,2.00,1,1.00,1.00,0.00,0.00,,9009,220,92.59,92.59,96.43,96.43,76.28,76.28,83.33,83.33,37.50,37.50
Ukraine,UKR,20200429,3.00,1,2.00,1,2.00,1,4.00,1,2.00,1,2.00,1,2.00,1,4.00,1.00,0,1.00,0.00,0.00,2.00,1,1.00,1.00,0.00,0.00,,9410,239,92.59,92.59,96.43,96.43,76.28,76.28,83.33,83.33,37.50,37.50
Ukraine,UKR,20200430,3.00,1,2.00,1,2.00,1,4.00,1,2.00,1,2.00,1,2.00,1,4.00,1.00,0,1.00,59384599.00,0.00,2.00,1,1.00,1.00,0.00,0.00,,9866,250,92.59,92.59,96.43,96.43,76.28,76.28,83.33,83.33,37.50,37.50
Ukraine,UKR,20200501,3.00,1,2.00,1,2.00,1,4.00,1,2.00,1,2.00,1,2.00,1,4.00,1.00,0,1.00,0.00,0.00,2.00,1,1.00,1.00,0.00,0.00,,10406,250,92.59,92.59,96.43,96.43,76.28,76.28,83.33,83.33,37.50,37.50
Ukraine,UKR,20200502,3.00,1,2.00,1,2.00,1,4.00,1,2.00,1,2.00,1,2.00,1,4.00,1.00,0,1.00,0.00,0.00,2.00,1,1.00,1.00,0.00,0.00,,10861,279,92.59,92.59,96.43,96.43,76.28,76.28,83.33,83.33,37.50,37.50
Ukraine,UKR,20200503,3.00,1,2.00,1,2.00,1,4.00,1,2.00,1,2.00,1,2.00,1,4.00,1.00,0,1.00,0.00,0.00,2.00,1,1.00,1.00,0.00,0.00,,11411,279,92.59,92.59,96.43,96.43,76.28,76.28,83.33,83.33,37.50,37.50
Ukraine,UKR,20200504,3.00,1,2.00,1,2.00,1,4.00,1,2.00,1,2.00,1,2.00,1,4.00,1.00,0,1.00,0.00,0.00,2.00,1,1.00,1.00,0.00,0.00,,11913,288,92.59,92.59,96.43,96.43,76.28,76.28,83.33,83.33,37.50,37.50
Ukraine,UKR,20200505,3.00,1,2.00,1,2.00,1,4.00,1,2.00,1,2.00,1,2.00,1,4.00,1.00,0,1.00,0.00,0.00,2.00,1,1.00,1.00,0.00,0.00,,12331,303,92.59,92.59,96.43,96.43,76.28,76.28,83.33,83.33,37.50,37.50
Ukraine,UKR,20200506,3.00,1,2.00,1,2.00,1,4.00,1,2.00,1,2.00,1,2.00,1,4.00,1.00,0,1.00,0.00,0.00,2.00,1,1.00,1.00,0.00,0.00,,12697,316,92.59,92.59,96.43,96.43,76.28,76.28,83.33,83.33,37.50,37.50
Ukraine,UKR,20200507,3.00,1,2.00,1,2.00,1,4.00,1,2.00,1,2.00,1,2.00,1,4.00,1.00,0,1.00,0.00,0.00,2.00,1,1.00,2.00,0.00,0.00,,13184,327,92.59,92.59,96.43,96.43,80.13,80.13,87.88,87.88,37.50,37.50
Ukraine,UKR,20200508,3.00,1,2.00,1,2.00,1,4.00,1,2.00,1,2.00,1,2.00,1,4.00,1.00,0,1.00,0.00,0.00,2.00,1,1.00,2.00,0.00,0.00,,13691,340,92.59,92.59,96.43,96.43,80.13,80.13,87.88,87.88,37.50,37.50
Ukraine,UKR,20200509,3.00,1,2.00,1,2.00,1,4.00,1,2.00,1,2.00,1,2.00,1,4.00,1.00,0,1.00,0.00,0.00,2.00,1,1.00,2.00,0.00,0.00,,14195,361,92.59,92.59,96.43,96.43,80.13,80.13,87.88,87.88,37.50,37.50
Ukraine,UKR,20200510,3.00,1,2.00,1,2.00,1,4.00,1,2.00,1,2.00,1,2.00,1,4.00,1.00,0,1.00,0.00,0.00,2.00,1,1.00,2.00,0.00,0.00,,14710,376,92.59,92.59,96.43,96.43,80.13,80.13,87.88,87.88,37.50,37.50
Ukraine,UKR,20200511,3.00,1,2.00,1,2.00,1,4.00,1,2.00,1,2.00,1,2.00,1,4.00,1.00,0,1.00,0.00,0.00,2.00,1,1.00,2.00,0.00,0.00,,15232,391,92.59,92.59,96.43,96.43,80.13,80.13,87.88,87.88,37.50,37.50
Ukraine,UKR,20200512,3.00,1,2.00,1,2.00,1,4.00,1,2.00,1,2.00,1,2.00,1,4.00,1.00,0,1.00,0.00,0.00,2.00,1,1.00,2.00,0.00,0.00,,15648,408,92.59,92.59,96.43,96.43,80.13,80.13,87.88,87.88,37.50,37.50
Ukraine,UKR,20200513,3.00,1,2.00,1,2.00,1,4.00,1,2.00,1,2.00,1,2.00,1,4.00,1.00,0,1.00,0.00,0.00,2.00,1,1.00,2.00,0.00,0.00,,16023,425,92.59,92.59,96.43,96.43,80.13,80.13,87.88,87.88,37.50,37.50
Ukraine,UKR,20200514,3.00,1,2.00,1,2.00,1,4.00,1,2.00,1,2.00,1,2.00,1,4.00,1.00,0,1.00,0.00,0.00,2.00,1,1.00,2.00,0.00,0.00,,16425,439,92.59,92.59,96.43,96.43,80.13,80.13,87.88,87.88,37.50,37.50
Ukraine,UKR,20200515,3.00,1,2.00,1,2.00,1,4.00,1,2.00,1,2.00,1,2.00,1,4.00,1.00,0,1.00,0.00,0.00,2.00,1,1.00,2.00,0.00,0.00,,16847,456,92.59,92.59,96.43,96.43,80.13,80.13,87.88,87.88,37.50,37.50
Ukraine,UKR,20200516,3.00,1,2.00,1,2.00,1,4.00,1,2.00,1,2.00,1,2.00,1,4.00,1.00,0,1.00,0.00,0.00,2.00,1,1.00,2.00,0.00,0.00,,17330,483,92.59,92.59,96.43,96.43,80.13,80.13,87.88,87.88,37.50,37.50
Ukraine,UKR,20200517,3.00,1,2.00,1,2.00,1,4.00,1,2.00,1,2.00,1,2.00,1,4.00,1.00,0,1.00,0.00,0.00,2.00,1,1.00,2.00,0.00,0.00,,17858,497,92.59,92.59,96.43,96.43,80.13,80.13,87.88,87.88,37.50,37.50
Ukraine,UKR,20200518,3.00,1,2.00,1,2.00,1,4.00,1,2.00,1,2.00,1,2.00,1,4.00,1.00,0,1.00,0.00,0.00,2.00,1,1.00,2.00,0.00,0.00,,18291,514,92.59,92.59,96.43,96.43,80.13,80.13,87.88,87.88,37.50,37.50
Ukraine,UKR,20200519,3.00,1,2.00,1,2.00,1,4.00,1,2.00,1,2.00,1,2.00,1,4.00,1.00,0,1.00,0.00,0.00,2.00,1,3.00,2.00,0.00,0.00,,18616,535,92.59,92.59,96.43,96.43,85.26,85.26,93.94,93.94,37.50,37.50
Ukraine,UKR,20200520,3.00,1,2.00,1,2.00,1,4.00,1,2.00,1,2.00,1,2.00,1,4.00,1.00,0,1.00,0.00,0.00,2.00,1,3.00,2.00,0.00,0.00,,18876,548,92.59,92.59,96.43,96.43,85.26,85.26,93.94,93.94,37.50,37.50
Ukraine,UKR,20200521,3.00,1,2.00,1,2.00,1,4.00,1,2.00,1,2.00,1,2.00,1,4.00,1.00,0,1.00,0.00,0.00,2.00,1,3.00,2.00,0.00,0.00,,19230,564,92.59,92.59,96.43,96.43,85.26,85.26,93.94,93.94,37.50,37.50
Ukraine,UKR,20200522,3.00,1,2.00,1,2.00,0,4.00,1,2.00,0,2.00,1,2.00,1,4.00,1.00,0,1.00,0.00,0.00,2.00,1,3.00,2.00,0.00,0.00,,19706,579,87.04,87.04,91.67,91.67,81.41,81.41,89.39,89.39,37.50,37.50
Ukraine,UKR,20200523,3.00,1,2.00,1,2.00,0,4.00,1,2.00,0,2.00,1,2.00,1,4.00,1.00,0,1.00,0.00,0.00,2.00,1,3.00,2.00,0.00,0.00,,20148,588,87.04,87.04,91.67,91.67,81.41,81.41,89.39,89.39,37.50,37.50
Ukraine,UKR,20200524,3.00,1,2.00,1,2.00,0,4.00,1,2.00,0,2.00,1,2.00,1,4.00,1.00,0,1.00,0.00,0.00,2.00,1,3.00,2.00,0.00,0.00,,20580,605,87.04,87.04,91.67,91.67,81.41,81.41,89.39,89.39,37.50,37.50
Ukraine,UKR,20200525,2.00,1,2.00,1,2.00,0,4.00,1,2.00,0,2.00,1,2.00,1,4.00,1.00,0,1.00,0.00,0.00,2.00,1,3.00,2.00,0.00,0.00,,20986,617,83.33,83.33,88.10,88.10,78.85,78.85,86.36,86.36,37.50,37.50
Ukraine,UKR,20200526,2.00,1,2.00,1,2.00,0,4.00,1,2.00,0,2.00,1,2.00,1,4.00,1.00,0,1.00,0.00,0.00,2.00,1,3.00,2.00,0.00,0.00,,21245,623,83.33,83.33,88.10,88.10,78.85,78.85,86.36,86.36,37.50,37.50
Ukraine,UKR,20200527,2.00,1,2.00,1,2.00,0,4.00,1,2.00,0,2.00,1,2.00,1,4.00,1.00,0,1.00,0.00,0.00,2.00,1,3.00,2.00,0.00,0.00,,21584,644,83.33,83.33,88.10,88.10,78.85,78.85,86.36,86.36,37.50,37.50
Ukraine,UKR,20200528,2.00,1,2.00,1,2.00,0,4.00,1,2.00,0,2.00,1,2.00,1,4.00,1.00,0,1.00,0.00,0.00,2.00,1,3.00,2.00,0.00,0.00,,21584,644,83.33,83.33,88.10,88.10,78.85,78.85,86.36,86.36,37.50,37.50
Ukraine,UKR,20200529,2.00,1,2.00,1,2.00,0,4.00,1,2.00,0,2.00,1,2.00,1,4.00,1.00,0,1.00,0.00,0.00,2.00,1,3.00,2.00,0.00,0.00,,22382,669,83.33,83.33,88.10,88.10,78.85,78.85,86.36,86.36,37.50,37.50
Ukraine,UKR,20200530,2.00,1,2.00,1,2.00,0,4.00,1,2.00,0,2.00,1,2.00,1,4.00,1.00,0,1.00,0.00,0.00,2.00,1,3.00,2.00,0.00,0.00,,23204,696,83.33,83.33,88.10,88.10,78.85,78.85,86.36,86.36,37.50,37.50
Ukraine,UKR,20200531,2.00,1,2.00,1,2.00,0,4.00,1,2.00,0,2.00,1,2.00,1,4.00,1.00,0,1.00,0.00,0.00,2.00,1,3.00,2.00,0.00,0.00,,23204,696,83.33,83.33,88.10,88.10,78.85,78.85,86.36,86.36,37.50,37.50
Ukraine,UKR,20200601,2.00,1,2.00,1,2.00,0,3.00,0,2.00,0,2.00,1,2.00,0,4.00,1.00,0,1.00,0.00,0.00,2.00,1,3.00,2.00,0.00,0.00,,23672,708,76.39,76.39,79.76,79.76,74.04,74.04,80.68,80.68,37.50,37.50
Ukraine,UKR,20200602,2.00,1,2.00,1,2.00,0,3.00,0,2.00,0,2.00,1,2.00,0,4.00,1.00,0,1.00,0.00,0.00,2.00,1,3.00,2.00,0.00,0.00,,24340,727,76.39,76.39,79.76,79.76,74.04,74.04,80.68,80.68,37.50,37.50
Ukraine,UKR,20200603,2.00,1,2.00,1,2.00,0,3.00,0,2.00,0,2.00,1,2.00,0,4.00,1.00,0,1.00,0.00,0.00,2.00,1,3.00,2.00,0.00,0.00,,24823,735,76.39,76.39,79.76,79.76,74.04,74.04,80.68,80.68,37.50,37.50
Ukraine,UKR,20200604,2.00,1,2.00,1,2.00,0,3.00,0,2.00,0,2.00,1,2.00,0,4.00,1.00,0,1.00,0.00,0.00,2.00,1,3.00,2.00,0.00,0.00,,25411,747,76.39,76.39,79.76,79.76,74.04,74.04,80.68,80.68,37.50,37.50
Ukraine,UKR,20200605,2.00,1,2.00,1,2.00,0,3.00,0,2.00,0,1.00,1,2.00,0,4.00,1.00,0,1.00,0.00,0.00,2.00,1,3.00,2.00,0.00,0.00,,25964,762,72.69,72.69,78.57,78.57,71.47,71.47,77.65,77.65,37.50,37.50
Ukraine,UKR,20200606,2.00,1,2.00,1,2.00,0,3.00,0,2.00,0,1.00,1,2.00,0,4.00,1.00,0,1.00,0.00,0.00,2.00,1,3.00,2.00,0.00,0.00,,26514,777,72.69,72.69,78.57,78.57,71.47,71.47,77.65,77.65,37.50,37.50
Ukraine,UKR,20200607,2.00,1,2.00,1,2.00,0,3.00,0,2.00,0,1.00,1,2.00,0,4.00,1.00,0,1.00,0.00,0.00,2.00,1,3.00,2.00,0.00,0.00,,26514,777,72.69,72.69,78.57,78.57,71.47,71.47,77.65,77.65,37.50,37.50
Ukraine,UKR,20200608,2.00,1,2.00,1,2.00,0,3.00,0,2.00,0,1.00,1,2.00,0,4.00,1.00,0,1.00,0.00,0.00,2.00,1,3.00,2.00,0.00,0.00,,26999,788,72.69,72.69,78.57,78.57,71.47,71.47,77.65,77.65,37.50,37.50
Ukraine,UKR,20200609,2.00,1,2.00,1,2.00,0,3.00,0,2.00,0,1.00,1,2.00,0,4.00,1.00,0,2.00,0.00,0.00,2.00,1,3.00,2.00,0.00,0.00,,27462,797,72.69,72.69,78.57,78.57,75.32,75.32,77.65,77.65,62.50,62.50
Ukraine,UKR,20200610,2.00,1,2.00,1,2.00,0,3.00,0,2.00,0,1.00,1,2.00,0,4.00,1.00,0,2.00,111116868.52,0.00,2.00,1,3.00,2.00,0.00,0.00,,27856,810,72.69,72.69,78.57,78.57,75.32,75.32,77.65,77.65,62.50,62.50
Ukraine,UKR,20200611,2.00,1,2.00,1,2.00,0,3.00,0,2.00,0,1.00,1,2.00,0,4.00,1.00,0,2.00,0.00,0.00,2.00,1,3.00,2.00,0.00,0.00,,28381,833,72.69,72.69,78.57,78.57,75.32,75.32,77.65,77.65,62.50,62.50
Ukraine,UKR,20200612,2.00,1,2.00,1,2.00,0,3.00,0,2.00,0,1.00,1,2.00,0,1.00,1.00,0,2.00,0.00,0.00,2.00,1,3.00,2.00,0.00,0.00,,29070,854,64.35,64.35,67.86,67.86,69.55,69.55,70.83,70.83,62.50,62.50
Ukraine,UKR,20200613,2.00,1,2.00,1,2.00,0,3.00,0,2.00,0,1.00,1,2.00,0,1.00,1.00,0,2.00,0.00,0.00,2.00,1,3.00,2.00,0.00,0.00,,29753,870,64.35,64.35,67.86,67.86,69.55,69.55,70.83,70.83,62.50,62.50
Ukraine,UKR,20200614,2.00,1,2.00,1,2.00,0,3.00,0,2.00,0,1.00,1,2.00,0,1.00,1.00,0,2.00,0.00,0.00,2.00,1,3.00,2.00,0.00,0.00,,30506,880,64.35,64.35,67.86,67.86,69.55,69.55,70.83,70.83,62.50,62.50
Ukraine,UKR,20200615,2.00,1,2.00,1,2.00,0,3.00,0,2.00,0,1.00,1,2.00,0,1.00,1.00,0,2.00,0.00,0.00,2.00,1,3.00,2.00,0.00,0.00,,31154,889,64.35,64.35,67.86,67.86,69.55,69.55,70.83,70.83,62.50,62.50
Ukraine,UKR,20200616,2.00,1,2.00,1,2.00,0,3.00,0,2.00,0,1.00,1,2.00,0,1.00,1.00,0,2.00,0.00,0.00,2.00,1,3.00,2.00,0.00,0.00,,31810,901,64.35,64.35,67.86,67.86,69.55,69.55,70.83,70.83,62.50,62.50
Ukraine,UKR,20200617,2.00,1,2.00,1,2.00,0,3.00,0,2.00,0,1.00,1,2.00,0,1.00,1.00,0,2.00,0.00,0.00,2.00,1,3.00,2.00,0.00,0.00,,32476,912,64.35,64.35,67.86,67.86,69.55,69.55,70.83,70.83,62.50,62.50
Ukraine,UKR,20200618,2.00,1,2.00,1,2.00,0,3.00,0,2.00,0,1.00,1,2.00,0,1.00,1.00,0,2.00,0.00,0.00,2.00,1,3.00,2.00,0.00,0.00,,33234,943,64.35,64.35,67.86,67.86,69.55,69.55,70.83,70.83,62.50,62.50
Ukraine,UKR,20200619,,,,,,,3.00,0,,,,,,,,,,,,,,,,,,,,34063,966,,64.35,,67.86,,69.55,,70.83,,62.50
Ukraine,UKR,20200620,,,,,,,,,,,,,,,,,,,,,,,,,,,,34984,985,,64.35,,67.86,,69.55,,70.83,,62.50
Ukraine,UKR,20200621,,,,,,,,,,,,,,,,,,,,,,,,,,,,35825,994,,64.35,,67.86,,69.55,,70.83,,62.50
Ukraine,UKR,20200622,,,,,,,,,,,,,,,,,,,,,,,,,,,,36560,1002,,64.35,,67.86,,69.55,,70.83,,62.50
Ukraine,UKR,20200623,,,,,,,,,,,,,,,,,,,,,,,,,,,,37241,1012,,64.35,,67.86,,69.55,,70.83,,62.50
