Uruguay,URY,20200101,0.00,,0.00,,0.00,,0.00,,0.00,,0.00,,0.00,,0.00,0.00,,0.00,0.00,0.00,0.00,,0.00,0.00,0.00,0.00,,,,0.00,0.00,0.00,0.00,0.00,0.00,0.00,0.00,0.00,0.00
Uruguay,URY,20200102,0.00,,0.00,,0.00,,0.00,,0.00,,0.00,,0.00,,0.00,0.00,,0.00,0.00,0.00,0.00,,0.00,0.00,0.00,0.00,,,,0.00,0.00,0.00,0.00,0.00,0.00,0.00,0.00,0.00,0.00
Uruguay,URY,20200103,0.00,,0.00,,0.00,,0.00,,0.00,,0.00,,0.00,,0.00,0.00,,0.00,0.00,0.00,0.00,,0.00,0.00,0.00,0.00,,,,0.00,0.00,0.00,0.00,0.00,0.00,0.00,0.00,0.00,0.00
Uruguay,URY,20200104,0.00,,0.00,,0.00,,0.00,,0.00,,0.00,,0.00,,0.00,0.00,,0.00,0.00,0.00,0.00,,0.00,0.00,0.00,0.00,,,,0.00,0.00,0.00,0.00,0.00,0.00,0.00,0.00,0.00,0.00
Uruguay,URY,20200105,0.00,,0.00,,0.00,,0.00,,0.00,,0.00,,0.00,,0.00,0.00,,0.00,0.00,0.00,0.00,,0.00,0.00,0.00,0.00,,,,0.00,0.00,0.00,0.00,0.00,0.00,0.00,0.00,0.00,0.00
Uruguay,URY,20200106,0.00,,0.00,,0.00,,0.00,,0.00,,0.00,,0.00,,0.00,0.00,,0.00,0.00,0.00,0.00,,0.00,0.00,0.00,0.00,,,,0.00,0.00,0.00,0.00,0.00,0.00,0.00,0.00,0.00,0.00
Uruguay,URY,20200107,0.00,,0.00,,0.00,,0.00,,0.00,,0.00,,0.00,,0.00,0.00,,0.00,0.00,0.00,0.00,,0.00,0.00,0.00,0.00,,,,0.00,0.00,0.00,0.00,0.00,0.00,0.00,0.00,0.00,0.00
Uruguay,URY,20200108,0.00,,0.00,,0.00,,0.00,,0.00,,0.00,,0.00,,0.00,0.00,,0.00,0.00,0.00,0.00,,0.00,0.00,0.00,0.00,,,,0.00,0.00,0.00,0.00,0.00,0.00,0.00,0.00,0.00,0.00
Uruguay,URY,20200109,0.00,,0.00,,0.00,,0.00,,0.00,,0.00,,0.00,,0.00,0.00,,0.00,0.00,0.00,0.00,,0.00,0.00,0.00,0.00,,,,0.00,0.00,0.00,0.00,0.00,0.00,0.00,0.00,0.00,0.00
Uruguay,URY,20200110,0.00,,0.00,,0.00,,0.00,,0.00,,0.00,,0.00,,0.00,0.00,,0.00,0.00,0.00,0.00,,0.00,0.00,0.00,0.00,,,,0.00,0.00,0.00,0.00,0.00,0.00,0.00,0.00,0.00,0.00
Uruguay,URY,20200111,0.00,,0.00,,0.00,,0.00,,0.00,,0.00,,0.00,,0.00,0.00,,0.00,0.00,0.00,0.00,,0.00,0.00,0.00,0.00,,,,0.00,0.00,0.00,0.00,0.00,0.00,0.00,0.00,0.00,0.00
Uruguay,URY,20200112,0.00,,0.00,,0.00,,0.00,,0.00,,0.00,,0.00,,0.00,0.00,,0.00,0.00,0.00,0.00,,0.00,0.00,0.00,0.00,,,,0.00,0.00,0.00,0.00,0.00,0.00,0.00,0.00,0.00,0.00
Uruguay,URY,20200113,0.00,,0.00,,0.00,,0.00,,0.00,,0.00,,0.00,,0.00,0.00,,0.00,0.00,0.00,0.00,,0.00,0.00,0.00,0.00,,,,0.00,0.00,0.00,0.00,0.00,0.00,0.00,0.00,0.00,0.00
Uruguay,URY,20200114,0.00,,0.00,,0.00,,0.00,,0.00,,0.00,,0.00,,0.00,0.00,,0.00,0.00,0.00,0.00,,0.00,0.00,0.00,0.00,,,,0.00,0.00,0.00,0.00,0.00,0.00,0.00,0.00,0.00,0.00
Uruguay,URY,20200115,0.00,,0.00,,0.00,,0.00,,0.00,,0.00,,0.00,,0.00,0.00,,0.00,0.00,0.00,0.00,,0.00,0.00,0.00,0.00,,,,0.00,0.00,0.00,0.00,0.00,0.00,0.00,0.00,0.00,0.00
Uruguay,URY,20200116,0.00,,0.00,,0.00,,0.00,,0.00,,0.00,,0.00,,0.00,0.00,,0.00,0.00,0.00,0.00,,0.00,0.00,0.00,0.00,,,,0.00,0.00,0.00,0.00,0.00,0.00,0.00,0.00,0.00,0.00
Uruguay,URY,20200117,0.00,,0.00,,0.00,,0.00,,0.00,,0.00,,0.00,,0.00,0.00,,0.00,0.00,0.00,0.00,,0.00,0.00,0.00,0.00,,,,0.00,0.00,0.00,0.00,0.00,0.00,0.00,0.00,0.00,0.00
Uruguay,URY,20200118,0.00,,0.00,,0.00,,0.00,,0.00,,0.00,,0.00,,0.00,0.00,,0.00,0.00,0.00,0.00,,0.00,0.00,0.00,0.00,,,,0.00,0.00,0.00,0.00,0.00,0.00,0.00,0.00,0.00,0.00
Uruguay,URY,20200119,0.00,,0.00,,0.00,,0.00,,0.00,,0.00,,0.00,,0.00,0.00,,0.00,0.00,0.00,0.00,,0.00,0.00,0.00,0.00,,,,0.00,0.00,0.00,0.00,0.00,0.00,0.00,0.00,0.00,0.00
Uruguay,URY,20200120,0.00,,0.00,,0.00,,0.00,,0.00,,0.00,,0.00,,0.00,0.00,,0.00,0.00,0.00,0.00,,0.00,0.00,0.00,0.00,,,,0.00,0.00,0.00,0.00,0.00,0.00,0.00,0.00,0.00,0.00
Uruguay,URY,20200121,0.00,,0.00,,0.00,,0.00,,0.00,,0.00,,0.00,,0.00,0.00,,0.00,0.00,0.00,0.00,,0.00,0.00,0.00,0.00,,,,0.00,0.00,0.00,0.00,0.00,0.00,0.00,0.00,0.00,0.00
Uruguay,URY,20200122,0.00,,0.00,,0.00,,0.00,,0.00,,0.00,,0.00,,0.00,0.00,,0.00,0.00,0.00,0.00,,0.00,0.00,0.00,0.00,,,,0.00,0.00,0.00,0.00,0.00,0.00,0.00,0.00,0.00,0.00
Uruguay,URY,20200123,0.00,,0.00,,0.00,,0.00,,0.00,,0.00,,0.00,,0.00,0.00,,0.00,0.00,0.00,0.00,,0.00,0.00,0.00,0.00,,,,0.00,0.00,0.00,0.00,0.00,0.00,0.00,0.00,0.00,0.00
Uruguay,URY,20200124,0.00,,0.00,,0.00,,0.00,,0.00,,0.00,,0.00,,0.00,0.00,,0.00,0.00,0.00,0.00,,0.00,0.00,0.00,0.00,,,,0.00,0.00,0.00,0.00,0.00,0.00,0.00,0.00,0.00,0.00
Uruguay,URY,20200125,0.00,,0.00,,0.00,,0.00,,0.00,,0.00,,0.00,,0.00,0.00,,0.00,0.00,0.00,0.00,,0.00,0.00,0.00,0.00,,,,0.00,0.00,0.00,0.00,0.00,0.00,0.00,0.00,0.00,0.00
Uruguay,URY,20200126,0.00,,0.00,,0.00,,0.00,,0.00,,0.00,,0.00,,0.00,0.00,,0.00,0.00,0.00,0.00,,0.00,0.00,0.00,0.00,,,,0.00,0.00,0.00,0.00,0.00,0.00,0.00,0.00,0.00,0.00
Uruguay,URY,20200127,0.00,,0.00,,0.00,,0.00,,0.00,,0.00,,0.00,,0.00,0.00,,0.00,0.00,0.00,0.00,,0.00,0.00,0.00,0.00,,,,0.00,0.00,0.00,0.00,0.00,0.00,0.00,0.00,0.00,0.00
Uruguay,URY,20200128,0.00,,0.00,,0.00,,0.00,,0.00,,0.00,,0.00,,0.00,0.00,,0.00,0.00,0.00,0.00,,0.00,0.00,0.00,0.00,,,,0.00,0.00,0.00,0.00,0.00,0.00,0.00,0.00,0.00,0.00
Uruguay,URY,20200129,0.00,,0.00,,0.00,,0.00,,0.00,,0.00,,0.00,,0.00,0.00,,0.00,0.00,0.00,0.00,,0.00,0.00,0.00,0.00,,,,0.00,0.00,0.00,0.00,0.00,0.00,0.00,0.00,0.00,0.00
Uruguay,URY,20200130,0.00,,0.00,,0.00,,0.00,,0.00,,0.00,,0.00,,0.00,0.00,,0.00,0.00,0.00,0.00,,0.00,0.00,0.00,0.00,,,,0.00,0.00,0.00,0.00,0.00,0.00,0.00,0.00,0.00,0.00
Uruguay,URY,20200131,0.00,,0.00,,0.00,,0.00,,0.00,,0.00,,0.00,,0.00,0.00,,0.00,0.00,0.00,0.00,,0.00,0.00,0.00,0.00,,,,0.00,0.00,0.00,0.00,0.00,0.00,0.00,0.00,0.00,0.00
Uruguay,URY,20200201,0.00,,0.00,,0.00,,0.00,,0.00,,0.00,,0.00,,0.00,0.00,,0.00,0.00,0.00,0.00,,0.00,0.00,0.00,0.00,,,,0.00,0.00,0.00,0.00,0.00,0.00,0.00,0.00,0.00,0.00
Uruguay,URY,20200202,0.00,,0.00,,0.00,,0.00,,0.00,,0.00,,0.00,,0.00,0.00,,0.00,0.00,0.00,0.00,,0.00,0.00,0.00,0.00,,,,0.00,0.00,0.00,0.00,0.00,0.00,0.00,0.00,0.00,0.00
Uruguay,URY,20200203,0.00,,0.00,,0.00,,0.00,,0.00,,0.00,,0.00,,0.00,0.00,,0.00,0.00,0.00,0.00,,0.00,0.00,0.00,0.00,,,,0.00,0.00,0.00,0.00,0.00,0.00,0.00,0.00,0.00,0.00
Uruguay,URY,20200204,0.00,,0.00,,0.00,,0.00,,0.00,,0.00,,0.00,,0.00,0.00,,0.00,0.00,0.00,0.00,,0.00,0.00,0.00,0.00,,,,0.00,0.00,0.00,0.00,0.00,0.00,0.00,0.00,0.00,0.00
Uruguay,URY,20200205,0.00,,0.00,,0.00,,0.00,,0.00,,0.00,,0.00,,0.00,0.00,,0.00,0.00,0.00,0.00,,0.00,0.00,0.00,0.00,,,,0.00,0.00,0.00,0.00,0.00,0.00,0.00,0.00,0.00,0.00
Uruguay,URY,20200206,0.00,,0.00,,0.00,,0.00,,0.00,,0.00,,0.00,,0.00,0.00,,0.00,0.00,0.00,0.00,,0.00,0.00,0.00,0.00,,,,0.00,0.00,0.00,0.00,0.00,0.00,0.00,0.00,0.00,0.00
Uruguay,URY,20200207,0.00,,0.00,,0.00,,0.00,,0.00,,0.00,,0.00,,0.00,0.00,,0.00,0.00,0.00,0.00,,0.00,0.00,0.00,0.00,,,,0.00,0.00,0.00,0.00,0.00,0.00,0.00,0.00,0.00,0.00
Uruguay,URY,20200208,0.00,,0.00,,0.00,,0.00,,0.00,,0.00,,0.00,,0.00,0.00,,0.00,0.00,0.00,0.00,,0.00,0.00,0.00,0.00,,,,0.00,0.00,0.00,0.00,0.00,0.00,0.00,0.00,0.00,0.00
Uruguay,URY,20200209,0.00,,0.00,,0.00,,0.00,,0.00,,0.00,,0.00,,0.00,0.00,,0.00,0.00,0.00,0.00,,0.00,0.00,0.00,0.00,,,,0.00,0.00,0.00,0.00,0.00,0.00,0.00,0.00,0.00,0.00
Uruguay,URY,20200210,0.00,,0.00,,0.00,,0.00,,0.00,,0.00,,0.00,,0.00,0.00,,0.00,0.00,0.00,0.00,,0.00,0.00,0.00,0.00,,,,0.00,0.00,0.00,0.00,0.00,0.00,0.00,0.00,0.00,0.00
Uruguay,URY,20200211,0.00,,0.00,,0.00,,0.00,,0.00,,0.00,,0.00,,0.00,0.00,,0.00,0.00,0.00,0.00,,0.00,0.00,0.00,0.00,,,,0.00,0.00,0.00,0.00,0.00,0.00,0.00,0.00,0.00,0.00
Uruguay,URY,20200212,0.00,,0.00,,0.00,,0.00,,0.00,,0.00,,0.00,,0.00,0.00,,0.00,0.00,0.00,0.00,,0.00,0.00,0.00,0.00,,,,0.00,0.00,0.00,0.00,0.00,0.00,0.00,0.00,0.00,0.00
Uruguay,URY,20200213,0.00,,0.00,,0.00,,0.00,,0.00,,0.00,,0.00,,0.00,0.00,,0.00,0.00,0.00,0.00,,0.00,0.00,0.00,0.00,,,,0.00,0.00,0.00,0.00,0.00,0.00,0.00,0.00,0.00,0.00
Uruguay,URY,20200214,0.00,,0.00,,0.00,,0.00,,0.00,,0.00,,0.00,,0.00,0.00,,0.00,0.00,0.00,0.00,,0.00,0.00,0.00,0.00,,,,0.00,0.00,0.00,0.00,0.00,0.00,0.00,0.00,0.00,0.00
Uruguay,URY,20200215,0.00,,0.00,,0.00,,0.00,,0.00,,0.00,,0.00,,0.00,0.00,,0.00,0.00,0.00,0.00,,0.00,0.00,0.00,0.00,,,,0.00,0.00,0.00,0.00,0.00,0.00,0.00,0.00,0.00,0.00
Uruguay,URY,20200216,0.00,,0.00,,0.00,,0.00,,0.00,,0.00,,0.00,,0.00,0.00,,0.00,0.00,0.00,0.00,,0.00,0.00,0.00,0.00,,,,0.00,0.00,0.00,0.00,0.00,0.00,0.00,0.00,0.00,0.00
Uruguay,URY,20200217,0.00,,0.00,,0.00,,0.00,,0.00,,0.00,,0.00,,0.00,0.00,,0.00,0.00,0.00,0.00,,0.00,0.00,0.00,0.00,,,,0.00,0.00,0.00,0.00,0.00,0.00,0.00,0.00,0.00,0.00
Uruguay,URY,20200218,0.00,,0.00,,0.00,,0.00,,0.00,,0.00,,0.00,,0.00,0.00,,0.00,0.00,0.00,0.00,,0.00,0.00,0.00,0.00,,,,0.00,0.00,0.00,0.00,0.00,0.00,0.00,0.00,0.00,0.00
Uruguay,URY,20200219,0.00,,0.00,,0.00,,0.00,,0.00,,0.00,,0.00,,0.00,0.00,,0.00,0.00,0.00,0.00,,0.00,0.00,0.00,0.00,,,,0.00,0.00,0.00,0.00,0.00,0.00,0.00,0.00,0.00,0.00
Uruguay,URY,20200220,0.00,,0.00,,0.00,,0.00,,0.00,,0.00,,0.00,,0.00,0.00,,0.00,0.00,0.00,0.00,,0.00,0.00,0.00,0.00,,,,0.00,0.00,0.00,0.00,0.00,0.00,0.00,0.00,0.00,0.00
Uruguay,URY,20200221,0.00,,0.00,,0.00,,0.00,,0.00,,0.00,,0.00,,0.00,0.00,,0.00,0.00,0.00,0.00,,0.00,0.00,0.00,0.00,,,,0.00,0.00,0.00,0.00,0.00,0.00,0.00,0.00,0.00,0.00
Uruguay,URY,20200222,0.00,,0.00,,0.00,,0.00,,0.00,,0.00,,0.00,,0.00,0.00,,0.00,0.00,0.00,0.00,,0.00,0.00,0.00,0.00,,,,0.00,0.00,0.00,0.00,0.00,0.00,0.00,0.00,0.00,0.00
Uruguay,URY,20200223,0.00,,0.00,,0.00,,0.00,,0.00,,0.00,,0.00,,0.00,0.00,,0.00,0.00,0.00,0.00,,0.00,0.00,0.00,0.00,,,,0.00,0.00,0.00,0.00,0.00,0.00,0.00,0.00,0.00,0.00
Uruguay,URY,20200224,0.00,,0.00,,0.00,,0.00,,0.00,,0.00,,0.00,,0.00,0.00,,0.00,0.00,0.00,0.00,,0.00,0.00,0.00,0.00,,,,0.00,0.00,0.00,0.00,0.00,0.00,0.00,0.00,0.00,0.00
Uruguay,URY,20200225,0.00,,0.00,,0.00,,0.00,,0.00,,0.00,,0.00,,0.00,0.00,,0.00,0.00,0.00,0.00,,0.00,0.00,0.00,0.00,,,,0.00,0.00,0.00,0.00,0.00,0.00,0.00,0.00,0.00,0.00
Uruguay,URY,20200226,0.00,,0.00,,0.00,,0.00,,0.00,,0.00,,0.00,,0.00,0.00,,0.00,0.00,0.00,0.00,,0.00,0.00,0.00,0.00,,,,0.00,0.00,0.00,0.00,0.00,0.00,0.00,0.00,0.00,0.00
Uruguay,URY,20200227,0.00,,0.00,,0.00,,0.00,,0.00,,0.00,,0.00,,0.00,0.00,,0.00,0.00,0.00,0.00,,0.00,0.00,0.00,0.00,,,,0.00,0.00,0.00,0.00,0.00,0.00,0.00,0.00,0.00,0.00
Uruguay,URY,20200228,0.00,,0.00,,0.00,,0.00,,0.00,,0.00,,0.00,,0.00,0.00,,0.00,0.00,0.00,0.00,,0.00,0.00,0.00,0.00,,,,0.00,0.00,0.00,0.00,0.00,0.00,0.00,0.00,0.00,0.00
Uruguay,URY,20200229,0.00,,0.00,,0.00,,0.00,,0.00,,0.00,,0.00,,0.00,0.00,,0.00,0.00,0.00,0.00,,0.00,0.00,0.00,0.00,,,,0.00,0.00,0.00,0.00,0.00,0.00,0.00,0.00,0.00,0.00
Uruguay,URY,20200301,0.00,,0.00,,0.00,,0.00,,0.00,,0.00,,0.00,,0.00,0.00,,0.00,0.00,0.00,0.00,,0.00,0.00,0.00,0.00,,,,0.00,0.00,0.00,0.00,0.00,0.00,0.00,0.00,0.00,0.00
Uruguay,URY,20200302,0.00,,0.00,,0.00,,0.00,,0.00,,0.00,,0.00,,0.00,0.00,,0.00,0.00,0.00,0.00,,0.00,0.00,0.00,0.00,,,,0.00,0.00,0.00,0.00,0.00,0.00,0.00,0.00,0.00,0.00
Uruguay,URY,20200303,0.00,,0.00,,0.00,,0.00,,0.00,,0.00,,0.00,,0.00,0.00,,0.00,0.00,0.00,0.00,,0.00,0.00,0.00,0.00,,,,0.00,0.00,0.00,0.00,0.00,0.00,0.00,0.00,0.00,0.00
Uruguay,URY,20200304,0.00,,0.00,,0.00,,0.00,,0.00,,0.00,,0.00,,0.00,0.00,,0.00,0.00,0.00,0.00,,0.00,0.00,0.00,0.00,,,,0.00,0.00,0.00,0.00,0.00,0.00,0.00,0.00,0.00,0.00
Uruguay,URY,20200305,0.00,,0.00,,0.00,,0.00,,0.00,,0.00,,0.00,,0.00,0.00,,0.00,0.00,0.00,0.00,,0.00,0.00,0.00,0.00,,,,0.00,0.00,0.00,0.00,0.00,0.00,0.00,0.00,0.00,0.00
Uruguay,URY,20200306,0.00,,0.00,,0.00,,0.00,,0.00,,0.00,,0.00,,0.00,0.00,,0.00,0.00,0.00,0.00,,0.00,0.00,0.00,0.00,,,,0.00,0.00,0.00,0.00,0.00,0.00,0.00,0.00,0.00,0.00
Uruguay,URY,20200307,0.00,,0.00,,0.00,,0.00,,0.00,,0.00,,0.00,,0.00,0.00,,0.00,0.00,0.00,0.00,,0.00,0.00,0.00,0.00,,,,0.00,0.00,0.00,0.00,0.00,0.00,0.00,0.00,0.00,0.00
Uruguay,URY,20200308,0.00,,0.00,,0.00,,0.00,,0.00,,0.00,,0.00,,0.00,0.00,,0.00,0.00,0.00,0.00,,0.00,0.00,0.00,0.00,,,,0.00,0.00,0.00,0.00,0.00,0.00,0.00,0.00,0.00,0.00
Uruguay,URY,20200309,0.00,,0.00,,0.00,,0.00,,0.00,,0.00,,0.00,,0.00,0.00,,0.00,0.00,0.00,0.00,,0.00,0.00,0.00,0.00,,,,0.00,0.00,0.00,0.00,0.00,0.00,0.00,0.00,0.00,0.00
Uruguay,URY,20200310,0.00,,0.00,,0.00,,0.00,,0.00,,0.00,,0.00,,0.00,0.00,,0.00,0.00,0.00,0.00,,0.00,0.00,0.00,0.00,,,,0.00,0.00,0.00,0.00,0.00,0.00,0.00,0.00,0.00,0.00
Uruguay,URY,20200311,0.00,,0.00,,0.00,,0.00,,0.00,,0.00,,0.00,,0.00,0.00,,0.00,0.00,0.00,0.00,,0.00,0.00,0.00,0.00,,,,0.00,0.00,0.00,0.00,0.00,0.00,0.00,0.00,0.00,0.00
Uruguay,URY,20200312,0.00,,0.00,,0.00,,0.00,,0.00,,0.00,,0.00,,0.00,0.00,,0.00,0.00,0.00,0.00,,0.00,0.00,0.00,0.00,,,,0.00,0.00,0.00,0.00,0.00,0.00,0.00,0.00,0.00,0.00
Uruguay,URY,20200313,0.00,,0.00,,2.00,1,0.00,,0.00,,1.00,1,1.00,1,2.00,0.00,,0.00,0.00,0.00,0.00,,1.00,0.00,0.00,0.00,,,,25.93,25.93,30.95,30.95,20.51,20.51,24.24,24.24,0.00,0.00
Uruguay,URY,20200314,3.00,1,0.00,,2.00,1,0.00,,0.00,,1.00,1,1.00,1,2.00,0.00,,0.00,0.00,0.00,2.00,1,1.00,0.00,0.00,0.00,,,,48.15,48.15,59.52,59.52,35.90,35.90,42.42,42.42,0.00,0.00
Uruguay,URY,20200315,3.00,1,1.00,1,2.00,1,0.00,,0.00,,1.00,1,1.00,1,2.00,0.00,,0.00,0.00,0.00,2.00,1,1.00,1.00,0.00,0.00,,6,0,51.85,51.85,66.67,66.67,42.31,42.31,50.00,50.00,0.00,0.00
Uruguay,URY,20200316,3.00,1,1.00,1,2.00,1,0.00,,0.00,,1.00,1,1.00,1,3.00,0.00,,0.00,0.00,0.00,2.00,1,1.00,1.00,0.00,0.00,,8,0,54.63,54.63,70.24,70.24,44.23,44.23,52.27,52.27,0.00,0.00
Uruguay,URY,20200317,3.00,1,1.00,1,2.00,1,0.00,,0.00,,1.00,1,1.00,1,3.00,0.00,,0.00,0.00,0.00,2.00,1,1.00,1.00,0.00,0.00,,29,0,54.63,54.63,70.24,70.24,44.23,44.23,52.27,52.27,0.00,0.00
Uruguay,URY,20200318,3.00,1,1.00,1,2.00,1,0.00,,0.00,,1.00,1,1.00,1,3.00,1.00,0,0.00,0.00,0.00,2.00,1,1.00,1.00,0.00,0.00,,50,0,54.63,54.63,70.24,70.24,46.15,46.15,52.27,52.27,12.50,12.50
Uruguay,URY,20200319,3.00,1,1.00,1,2.00,1,0.00,,0.00,,1.00,1,1.00,1,3.00,1.00,0,2.00,520000000.00,0.00,2.00,1,1.00,1.00,0.00,0.00,,79,0,54.63,54.63,70.24,70.24,53.85,53.85,52.27,52.27,62.50,62.50
Uruguay,URY,20200320,3.00,1,1.00,1,2.00,1,0.00,,0.00,,1.00,1,1.00,1,3.00,1.00,0,2.00,0.00,0.00,2.00,1,1.00,1.00,0.00,0.00,,94,0,54.63,54.63,70.24,70.24,53.85,53.85,52.27,52.27,62.50,62.50
Uruguay,URY,20200321,3.00,1,1.00,1,2.00,1,0.00,,0.00,,1.00,1,1.00,1,3.00,1.00,0,2.00,0.00,0.00,2.00,1,1.00,1.00,0.00,0.00,,110,0,54.63,54.63,70.24,70.24,53.85,53.85,52.27,52.27,62.50,62.50
Uruguay,URY,20200322,3.00,1,1.00,1,2.00,1,0.00,,0.00,,1.00,1,1.00,1,3.00,1.00,0,2.00,0.00,0.00,2.00,1,1.00,1.00,0.00,0.00,,135,0,54.63,54.63,70.24,70.24,53.85,53.85,52.27,52.27,62.50,62.50
Uruguay,URY,20200323,3.00,1,1.00,1,2.00,1,0.00,,0.00,,1.00,1,1.00,1,3.00,1.00,0,2.00,0.00,0.00,2.00,1,1.00,1.00,0.00,0.00,,158,0,54.63,54.63,70.24,70.24,53.85,53.85,52.27,52.27,62.50,62.50
Uruguay,URY,20200324,3.00,1,1.00,1,2.00,1,0.00,,0.00,,1.00,1,1.00,1,4.00,1.00,0,2.00,0.00,0.00,2.00,1,1.00,1.00,0.00,0.00,,162,0,57.41,57.41,73.81,73.81,55.77,55.77,54.55,54.55,62.50,62.50
Uruguay,URY,20200325,3.00,1,1.00,1,2.00,1,0.00,,0.00,,1.00,1,1.00,1,4.00,1.00,0,2.00,0.00,0.00,2.00,1,1.00,1.00,0.00,0.00,,189,0,57.41,57.41,73.81,73.81,55.77,55.77,54.55,54.55,62.50,62.50
Uruguay,URY,20200326,3.00,1,1.00,1,2.00,1,0.00,,0.00,,1.00,1,1.00,1,4.00,1.00,0,2.00,0.00,0.00,2.00,1,1.00,1.00,0.00,0.00,,217,0,57.41,57.41,73.81,73.81,55.77,55.77,54.55,54.55,62.50,62.50
Uruguay,URY,20200327,3.00,1,1.00,1,2.00,1,0.00,,1.00,1,1.00,1,1.00,1,4.00,1.00,0,2.00,0.00,0.00,2.00,1,1.00,1.00,0.00,0.00,,238,0,62.96,62.96,83.33,83.33,59.62,59.62,59.09,59.09,62.50,62.50
Uruguay,URY,20200328,3.00,1,1.00,1,2.00,1,0.00,,1.00,1,1.00,1,1.00,1,4.00,1.00,0,2.00,0.00,0.00,2.00,1,1.00,1.00,0.00,0.00,,238,0,62.96,62.96,83.33,83.33,59.62,59.62,59.09,59.09,62.50,62.50
Uruguay,URY,20200329,3.00,1,1.00,1,2.00,1,0.00,,1.00,1,1.00,1,1.00,1,4.00,1.00,0,2.00,0.00,0.00,2.00,1,1.00,1.00,0.00,0.00,,259,0,62.96,62.96,83.33,83.33,59.62,59.62,59.09,59.09,62.50,62.50
Uruguay,URY,20200330,3.00,1,1.00,1,2.00,1,0.00,,1.00,1,1.00,1,1.00,1,4.00,1.00,0,2.00,0.00,0.00,2.00,1,1.00,1.00,0.00,0.00,,295,1,62.96,62.96,83.33,83.33,59.62,59.62,59.09,59.09,62.50,62.50
Uruguay,URY,20200331,3.00,1,1.00,1,2.00,1,0.00,,1.00,1,1.00,1,1.00,1,4.00,1.00,0,2.00,0.00,0.00,2.00,1,1.00,1.00,0.00,0.00,,324,1,62.96,62.96,83.33,83.33,59.62,59.62,59.09,59.09,62.50,62.50
Uruguay,URY,20200401,3.00,1,1.00,1,2.00,1,0.00,,1.00,1,1.00,1,2.00,1,4.00,1.00,0,2.00,0.00,0.00,2.00,1,1.00,1.00,0.00,0.00,,330,1,68.52,68.52,88.10,88.10,63.46,63.46,63.64,63.64,62.50,62.50
Uruguay,URY,20200402,3.00,1,1.00,1,2.00,1,0.00,,1.00,1,2.00,1,2.00,1,4.00,1.00,0,2.00,0.00,0.00,2.00,1,1.00,1.00,0.00,0.00,,341,2,72.22,72.22,88.10,88.10,66.03,66.03,66.67,66.67,62.50,62.50
Uruguay,URY,20200403,3.00,1,1.00,1,2.00,1,0.00,,1.00,1,2.00,1,2.00,1,4.00,1.00,0,2.00,0.00,0.00,2.00,1,1.00,1.00,0.00,0.00,,359,4,72.22,72.22,88.10,88.10,66.03,66.03,66.67,66.67,62.50,62.50
Uruguay,URY,20200404,3.00,1,1.00,1,2.00,1,0.00,,1.00,1,2.00,1,2.00,1,4.00,1.00,0,2.00,0.00,0.00,2.00,1,1.00,1.00,0.00,0.00,,371,4,72.22,72.22,88.10,88.10,66.03,66.03,66.67,66.67,62.50,62.50
Uruguay,URY,20200405,3.00,1,1.00,1,2.00,1,0.00,,1.00,1,2.00,1,2.00,1,4.00,1.00,0,2.00,0.00,0.00,2.00,1,1.00,1.00,0.00,0.00,,390,5,72.22,72.22,88.10,88.10,66.03,66.03,66.67,66.67,62.50,62.50
Uruguay,URY,20200406,3.00,1,1.00,1,2.00,1,0.00,,1.00,1,2.00,1,2.00,1,4.00,1.00,0,2.00,0.00,0.00,2.00,1,1.00,1.00,0.00,0.00,,407,6,72.22,72.22,88.10,88.10,66.03,66.03,66.67,66.67,62.50,62.50
Uruguay,URY,20200407,3.00,1,1.00,1,2.00,1,0.00,,1.00,1,2.00,1,2.00,1,4.00,1.00,0,2.00,0.00,0.00,2.00,1,1.00,1.00,0.00,0.00,,411,6,72.22,72.22,88.10,88.10,66.03,66.03,66.67,66.67,62.50,62.50
Uruguay,URY,20200408,3.00,1,1.00,1,2.00,1,0.00,,1.00,1,2.00,1,2.00,1,4.00,1.00,0,2.00,0.00,0.00,2.00,1,1.00,1.00,0.00,0.00,,417,7,72.22,72.22,88.10,88.10,66.03,66.03,66.67,66.67,62.50,62.50
Uruguay,URY,20200409,3.00,1,1.00,1,2.00,1,0.00,,1.00,1,2.00,1,2.00,1,4.00,1.00,0,2.00,0.00,0.00,2.00,1,1.00,1.00,0.00,0.00,,426,7,72.22,72.22,88.10,88.10,66.03,66.03,66.67,66.67,62.50,62.50
Uruguay,URY,20200410,3.00,1,1.00,1,2.00,1,0.00,,1.00,1,2.00,1,2.00,1,4.00,1.00,0,2.00,0.00,0.00,2.00,1,1.00,1.00,0.00,0.00,,433,7,72.22,72.22,88.10,88.10,66.03,66.03,66.67,66.67,62.50,62.50
Uruguay,URY,20200411,3.00,1,1.00,1,2.00,1,0.00,,1.00,1,2.00,1,2.00,1,4.00,1.00,0,2.00,0.00,0.00,2.00,1,1.00,1.00,0.00,0.00,,446,7,72.22,72.22,88.10,88.10,66.03,66.03,66.67,66.67,62.50,62.50
Uruguay,URY,20200412,3.00,1,1.00,1,2.00,1,0.00,,1.00,1,2.00,1,2.00,1,4.00,1.00,0,2.00,0.00,0.00,2.00,1,1.00,1.00,0.00,0.00,,453,7,72.22,72.22,88.10,88.10,66.03,66.03,66.67,66.67,62.50,62.50
Uruguay,URY,20200413,3.00,1,1.00,1,2.00,1,0.00,,1.00,1,1.00,1,1.00,1,4.00,1.00,0,2.00,0.00,0.00,2.00,1,1.00,1.00,0.00,0.00,,465,8,62.96,62.96,83.33,83.33,59.62,59.62,59.09,59.09,62.50,62.50
Uruguay,URY,20200414,3.00,1,1.00,1,2.00,1,0.00,,1.00,1,1.00,1,1.00,1,4.00,1.00,0,2.00,0.00,0.00,2.00,1,1.00,1.00,0.00,0.00,,472,8,62.96,62.96,83.33,83.33,59.62,59.62,59.09,59.09,62.50,62.50
Uruguay,URY,20200415,3.00,1,1.00,1,2.00,1,0.00,,1.00,1,1.00,1,1.00,1,4.00,1.00,0,2.00,0.00,0.00,2.00,1,1.00,1.00,0.00,0.00,,483,8,62.96,62.96,83.33,83.33,59.62,59.62,59.09,59.09,62.50,62.50
Uruguay,URY,20200416,3.00,1,1.00,1,2.00,1,0.00,,1.00,1,1.00,1,1.00,1,4.00,1.00,0,2.00,0.00,0.00,2.00,1,1.00,1.00,0.00,0.00,,493,9,62.96,62.96,83.33,83.33,59.62,59.62,59.09,59.09,62.50,62.50
Uruguay,URY,20200417,3.00,1,1.00,1,2.00,1,0.00,,1.00,1,1.00,1,1.00,1,4.00,1.00,0,2.00,0.00,0.00,2.00,1,1.00,1.00,0.00,0.00,,502,9,62.96,62.96,83.33,83.33,59.62,59.62,59.09,59.09,62.50,62.50
Uruguay,URY,20200418,3.00,1,1.00,1,2.00,1,0.00,,1.00,1,1.00,1,1.00,1,4.00,1.00,0,2.00,0.00,0.00,2.00,1,1.00,1.00,0.00,0.00,,508,9,62.96,62.96,83.33,83.33,59.62,59.62,59.09,59.09,62.50,62.50
Uruguay,URY,20200419,3.00,1,1.00,1,2.00,1,0.00,,1.00,1,1.00,1,1.00,1,4.00,1.00,0,2.00,0.00,0.00,2.00,1,1.00,1.00,0.00,0.00,,517,9,62.96,62.96,83.33,83.33,59.62,59.62,59.09,59.09,62.50,62.50
Uruguay,URY,20200420,3.00,1,1.00,1,2.00,1,0.00,,1.00,1,1.00,1,1.00,1,4.00,1.00,0,2.00,0.00,0.00,2.00,1,1.00,1.00,0.00,0.00,,528,10,62.96,62.96,83.33,83.33,59.62,59.62,59.09,59.09,62.50,62.50
Uruguay,URY,20200421,3.00,1,1.00,1,2.00,1,0.00,,1.00,1,1.00,1,1.00,1,4.00,1.00,0,2.00,0.00,0.00,2.00,1,1.00,1.00,0.00,0.00,,535,10,62.96,62.96,83.33,83.33,59.62,59.62,59.09,59.09,62.50,62.50
Uruguay,URY,20200422,3.00,0,1.00,1,2.00,1,0.00,,1.00,1,1.00,1,1.00,1,4.00,1.00,0,2.00,0.00,0.00,2.00,1,1.00,1.00,0.00,0.00,,543,12,61.11,61.11,79.76,79.76,58.33,58.33,57.58,57.58,62.50,62.50
Uruguay,URY,20200423,3.00,0,1.00,1,2.00,1,0.00,,1.00,1,1.00,1,1.00,1,4.00,1.00,0,2.00,0.00,0.00,2.00,1,1.00,1.00,0.00,0.00,,549,12,61.11,61.11,79.76,79.76,58.33,58.33,57.58,57.58,62.50,62.50
Uruguay,URY,20200424,3.00,0,1.00,1,2.00,1,0.00,,1.00,1,1.00,1,1.00,1,4.00,1.00,0,2.00,0.00,0.00,2.00,1,1.00,1.00,0.00,0.00,,557,12,61.11,61.11,79.76,79.76,58.33,58.33,57.58,57.58,62.50,62.50
Uruguay,URY,20200425,3.00,0,1.00,1,2.00,1,0.00,,1.00,1,1.00,1,1.00,1,4.00,1.00,0,2.00,0.00,0.00,2.00,1,1.00,1.00,0.00,0.00,,563,12,61.11,61.11,79.76,79.76,58.33,58.33,57.58,57.58,62.50,62.50
Uruguay,URY,20200426,3.00,0,1.00,1,2.00,1,0.00,,1.00,1,1.00,1,1.00,1,4.00,1.00,0,2.00,0.00,0.00,2.00,1,1.00,1.00,0.00,0.00,,596,14,61.11,61.11,79.76,79.76,58.33,58.33,57.58,57.58,62.50,62.50
Uruguay,URY,20200427,3.00,0,1.00,1,2.00,1,0.00,,1.00,1,1.00,1,1.00,1,4.00,1.00,0,2.00,0.00,0.00,2.00,1,1.00,1.00,0.00,0.00,,606,15,61.11,61.11,79.76,79.76,58.33,58.33,57.58,57.58,62.50,62.50
Uruguay,URY,20200428,3.00,0,1.00,1,2.00,1,0.00,,1.00,1,1.00,1,1.00,1,4.00,1.00,0,2.00,0.00,0.00,2.00,1,1.00,1.00,0.00,0.00,,620,15,61.11,61.11,79.76,79.76,58.33,58.33,57.58,57.58,62.50,62.50
Uruguay,URY,20200429,3.00,0,1.00,1,2.00,1,0.00,,1.00,1,1.00,1,1.00,1,4.00,1.00,0,2.00,0.00,0.00,2.00,1,1.00,1.00,0.00,0.00,,625,15,61.11,61.11,79.76,79.76,58.33,58.33,57.58,57.58,62.50,62.50
Uruguay,URY,20200430,3.00,0,1.00,1,2.00,1,0.00,,1.00,1,1.00,1,1.00,1,4.00,1.00,0,2.00,0.00,0.00,2.00,1,1.00,1.00,0.00,0.00,,630,15,61.11,61.11,79.76,79.76,58.33,58.33,57.58,57.58,62.50,62.50
Uruguay,URY,20200501,3.00,0,1.00,1,2.00,1,0.00,,1.00,1,1.00,1,1.00,1,4.00,1.00,0,2.00,0.00,0.00,2.00,1,1.00,1.00,0.00,0.00,,643,17,61.11,61.11,79.76,79.76,58.33,58.33,57.58,57.58,62.50,62.50
Uruguay,URY,20200502,3.00,0,1.00,1,2.00,1,0.00,,1.00,1,1.00,1,1.00,1,4.00,1.00,0,2.00,0.00,0.00,2.00,1,1.00,1.00,0.00,0.00,,648,17,61.11,61.11,79.76,79.76,58.33,58.33,57.58,57.58,62.50,62.50
Uruguay,URY,20200503,3.00,0,1.00,1,2.00,1,0.00,,1.00,1,1.00,1,1.00,1,4.00,1.00,0,2.00,0.00,0.00,2.00,1,1.00,1.00,0.00,0.00,,652,17,61.11,61.11,79.76,79.76,58.33,58.33,57.58,57.58,62.50,62.50
Uruguay,URY,20200504,3.00,0,1.00,1,2.00,1,0.00,,1.00,1,1.00,1,1.00,1,4.00,1.00,0,2.00,0.00,0.00,2.00,1,1.00,1.00,0.00,0.00,,655,17,61.11,61.11,79.76,79.76,58.33,58.33,57.58,57.58,62.50,62.50
Uruguay,URY,20200505,3.00,0,1.00,1,2.00,1,0.00,,1.00,1,1.00,1,1.00,1,4.00,1.00,0,2.00,0.00,0.00,2.00,1,1.00,1.00,0.00,0.00,,657,17,61.11,61.11,79.76,79.76,58.33,58.33,57.58,57.58,62.50,62.50
Uruguay,URY,20200506,3.00,0,1.00,1,2.00,1,0.00,,1.00,1,1.00,1,1.00,1,4.00,1.00,0,2.00,0.00,0.00,2.00,1,1.00,1.00,0.00,0.00,,670,17,61.11,61.11,79.76,79.76,58.33,58.33,57.58,57.58,62.50,62.50
Uruguay,URY,20200507,3.00,0,1.00,1,2.00,1,0.00,,1.00,1,1.00,1,1.00,1,4.00,1.00,0,2.00,0.00,0.00,2.00,1,1.00,1.00,0.00,0.00,,673,17,61.11,61.11,79.76,79.76,58.33,58.33,57.58,57.58,62.50,62.50
Uruguay,URY,20200508,3.00,0,1.00,1,2.00,1,0.00,,1.00,1,1.00,1,1.00,1,4.00,1.00,0,2.00,0.00,0.00,2.00,1,1.00,1.00,0.00,0.00,,684,17,61.11,61.11,79.76,79.76,58.33,58.33,57.58,57.58,62.50,62.50
Uruguay,URY,20200509,3.00,0,1.00,1,2.00,1,0.00,,1.00,1,1.00,1,1.00,1,4.00,1.00,0,2.00,0.00,0.00,2.00,1,1.00,1.00,0.00,0.00,,694,18,61.11,61.11,79.76,79.76,58.33,58.33,57.58,57.58,62.50,62.50
Uruguay,URY,20200510,3.00,0,1.00,1,2.00,1,0.00,,1.00,1,1.00,1,1.00,1,4.00,1.00,0,2.00,0.00,0.00,2.00,1,1.00,1.00,0.00,0.00,,702,18,61.11,61.11,79.76,79.76,58.33,58.33,57.58,57.58,62.50,62.50
Uruguay,URY,20200511,3.00,0,1.00,1,2.00,1,0.00,,1.00,1,1.00,1,1.00,1,4.00,1.00,0,2.00,0.00,0.00,2.00,1,1.00,1.00,0.00,0.00,,707,19,61.11,61.11,79.76,79.76,58.33,58.33,57.58,57.58,62.50,62.50
Uruguay,URY,20200512,3.00,0,1.00,1,2.00,1,0.00,,1.00,1,1.00,1,1.00,1,4.00,1.00,0,2.00,0.00,0.00,2.00,1,1.00,1.00,0.00,0.00,,711,19,61.11,61.11,79.76,79.76,58.33,58.33,57.58,57.58,62.50,62.50
Uruguay,URY,20200513,3.00,0,1.00,1,2.00,1,0.00,,1.00,1,1.00,1,1.00,1,4.00,1.00,0,2.00,0.00,0.00,2.00,1,1.00,1.00,0.00,0.00,,717,19,61.11,61.11,79.76,79.76,58.33,58.33,57.58,57.58,62.50,62.50
Uruguay,URY,20200514,3.00,0,1.00,1,2.00,1,0.00,,1.00,1,1.00,1,1.00,1,4.00,1.00,0,2.00,0.00,0.00,2.00,1,1.00,1.00,0.00,0.00,,719,19,61.11,61.11,79.76,79.76,58.33,58.33,57.58,57.58,62.50,62.50
Uruguay,URY,20200515,3.00,0,1.00,1,2.00,1,0.00,,1.00,1,1.00,1,1.00,1,4.00,1.00,0,2.00,0.00,0.00,2.00,1,1.00,1.00,0.00,0.00,,724,19,61.11,61.11,79.76,79.76,58.33,58.33,57.58,57.58,62.50,62.50
Uruguay,URY,20200516,3.00,0,1.00,1,2.00,1,0.00,,1.00,1,1.00,1,1.00,1,4.00,1.00,0,2.00,0.00,0.00,2.00,1,1.00,1.00,0.00,0.00,,732,19,61.11,61.11,79.76,79.76,58.33,58.33,57.58,57.58,62.50,62.50
Uruguay,URY,20200517,3.00,0,1.00,1,2.00,1,0.00,,1.00,1,1.00,1,1.00,1,4.00,1.00,0,2.00,0.00,0.00,2.00,1,1.00,1.00,0.00,0.00,,733,19,61.11,61.11,79.76,79.76,58.33,58.33,57.58,57.58,62.50,62.50
Uruguay,URY,20200518,3.00,0,1.00,1,2.00,1,0.00,,1.00,1,1.00,1,1.00,1,4.00,1.00,0,2.00,0.00,0.00,2.00,1,1.00,1.00,0.00,0.00,,734,20,61.11,61.11,79.76,79.76,58.33,58.33,57.58,57.58,62.50,62.50
Uruguay,URY,20200519,3.00,0,1.00,1,2.00,1,0.00,,1.00,1,1.00,1,1.00,1,4.00,1.00,0,2.00,0.00,0.00,2.00,1,1.00,1.00,0.00,0.00,,737,20,61.11,61.11,79.76,79.76,58.33,58.33,57.58,57.58,62.50,62.50
Uruguay,URY,20200520,3.00,0,1.00,1,2.00,1,0.00,,1.00,1,1.00,1,1.00,1,4.00,1.00,0,2.00,0.00,0.00,2.00,1,1.00,1.00,0.00,0.00,,738,20,61.11,61.11,79.76,79.76,58.33,58.33,57.58,57.58,62.50,62.50
Uruguay,URY,20200521,3.00,0,1.00,1,2.00,1,0.00,,1.00,1,1.00,1,1.00,1,4.00,1.00,0,2.00,0.00,0.00,2.00,1,1.00,1.00,0.00,0.00,,746,20,61.11,61.11,79.76,79.76,58.33,58.33,57.58,57.58,62.50,62.50
Uruguay,URY,20200522,3.00,0,1.00,1,2.00,1,0.00,,1.00,1,1.00,1,1.00,1,4.00,1.00,0,2.00,0.00,0.00,2.00,1,1.00,1.00,0.00,0.00,,749,20,61.11,61.11,79.76,79.76,58.33,58.33,57.58,57.58,62.50,62.50
Uruguay,URY,20200523,3.00,0,1.00,1,2.00,1,0.00,,1.00,1,1.00,1,1.00,1,4.00,1.00,0,2.00,0.00,0.00,2.00,1,1.00,1.00,0.00,0.00,,753,20,61.11,61.11,79.76,79.76,58.33,58.33,57.58,57.58,62.50,62.50
Uruguay,URY,20200524,3.00,0,1.00,1,2.00,1,0.00,,1.00,1,1.00,1,1.00,1,4.00,1.00,0,2.00,0.00,0.00,2.00,1,1.00,1.00,0.00,0.00,,764,22,61.11,61.11,79.76,79.76,58.33,58.33,57.58,57.58,62.50,62.50
Uruguay,URY,20200525,3.00,0,1.00,1,2.00,1,0.00,,1.00,1,1.00,1,1.00,1,4.00,1.00,0,2.00,0.00,0.00,2.00,1,1.00,1.00,0.00,0.00,,769,22,61.11,61.11,79.76,79.76,58.33,58.33,57.58,57.58,62.50,62.50
Uruguay,URY,20200526,3.00,0,1.00,1,2.00,1,0.00,,1.00,1,1.00,1,1.00,1,4.00,1.00,0,2.00,0.00,0.00,2.00,1,1.00,1.00,0.00,0.00,,787,22,61.11,61.11,79.76,79.76,58.33,58.33,57.58,57.58,62.50,62.50
Uruguay,URY,20200527,3.00,0,1.00,1,2.00,1,0.00,,1.00,1,1.00,1,1.00,1,4.00,1.00,0,2.00,0.00,0.00,2.00,1,1.00,1.00,0.00,0.00,,789,22,61.11,61.11,79.76,79.76,58.33,58.33,57.58,57.58,62.50,62.50
Uruguay,URY,20200528,3.00,0,1.00,1,2.00,1,0.00,,1.00,1,1.00,1,1.00,1,4.00,1.00,0,2.00,0.00,0.00,2.00,1,1.00,1.00,0.00,0.00,,803,22,61.11,61.11,79.76,79.76,58.33,58.33,57.58,57.58,62.50,62.50
Uruguay,URY,20200529,3.00,0,1.00,1,2.00,1,0.00,,1.00,1,1.00,1,1.00,1,4.00,1.00,0,2.00,0.00,0.00,2.00,1,1.00,1.00,0.00,0.00,,811,22,61.11,61.11,79.76,79.76,58.33,58.33,57.58,57.58,62.50,62.50
Uruguay,URY,20200530,3.00,0,1.00,1,2.00,1,0.00,,1.00,1,1.00,1,1.00,1,4.00,1.00,0,2.00,0.00,0.00,2.00,1,1.00,1.00,0.00,0.00,,816,22,61.11,61.11,79.76,79.76,58.33,58.33,57.58,57.58,62.50,62.50
Uruguay,URY,20200531,3.00,0,1.00,1,2.00,1,0.00,,1.00,1,1.00,1,1.00,1,4.00,1.00,0,2.00,0.00,0.00,2.00,1,1.00,1.00,0.00,0.00,,821,22,61.11,61.11,79.76,79.76,58.33,58.33,57.58,57.58,62.50,62.50
Uruguay,URY,20200601,2.00,0,1.00,1,2.00,1,0.00,,1.00,1,1.00,1,1.00,1,4.00,1.00,0,2.00,0.00,0.00,2.00,1,1.00,1.00,0.00,0.00,,823,22,57.41,57.41,76.19,76.19,55.77,55.77,54.55,54.55,62.50,62.50
Uruguay,URY,20200602,2.00,0,1.00,1,2.00,1,0.00,,1.00,1,1.00,1,1.00,1,4.00,1.00,0,2.00,0.00,0.00,2.00,1,1.00,1.00,0.00,0.00,,825,23,57.41,57.41,76.19,76.19,55.77,55.77,54.55,54.55,62.50,62.50
Uruguay,URY,20200603,2.00,0,1.00,1,2.00,1,0.00,,1.00,1,1.00,1,1.00,1,4.00,1.00,0,2.00,0.00,0.00,2.00,1,1.00,1.00,0.00,0.00,,826,23,57.41,57.41,76.19,76.19,55.77,55.77,54.55,54.55,62.50,62.50
Uruguay,URY,20200604,2.00,0,1.00,1,2.00,1,0.00,,1.00,1,1.00,1,1.00,1,4.00,1.00,0,2.00,0.00,0.00,2.00,1,1.00,1.00,0.00,0.00,,828,23,57.41,57.41,76.19,76.19,55.77,55.77,54.55,54.55,62.50,62.50
Uruguay,URY,20200605,2.00,0,1.00,1,2.00,1,0.00,,1.00,1,1.00,1,1.00,1,4.00,1.00,0,2.00,0.00,0.00,2.00,1,1.00,1.00,0.00,0.00,,832,23,57.41,57.41,76.19,76.19,55.77,55.77,54.55,54.55,62.50,62.50
Uruguay,URY,20200606,2.00,0,1.00,1,2.00,1,0.00,,1.00,1,1.00,1,1.00,1,4.00,1.00,0,2.00,0.00,0.00,2.00,1,1.00,1.00,0.00,0.00,,834,23,57.41,57.41,76.19,76.19,55.77,55.77,54.55,54.55,62.50,62.50
Uruguay,URY,20200607,2.00,0,1.00,1,2.00,1,0.00,,1.00,1,1.00,1,1.00,1,4.00,1.00,0,2.00,0.00,0.00,2.00,1,1.00,1.00,0.00,0.00,,845,23,57.41,57.41,76.19,76.19,55.77,55.77,54.55,54.55,62.50,62.50
Uruguay,URY,20200608,2.00,0,1.00,1,2.00,1,0.00,,1.00,1,1.00,1,1.00,1,4.00,1.00,0,2.00,0.00,0.00,2.00,1,1.00,1.00,0.00,0.00,,845,23,57.41,57.41,76.19,76.19,55.77,55.77,54.55,54.55,62.50,62.50
Uruguay,URY,20200609,2.00,0,1.00,1,2.00,1,0.00,,1.00,1,1.00,1,1.00,1,4.00,1.00,0,2.00,0.00,0.00,2.00,1,1.00,1.00,0.00,0.00,,845,23,57.41,57.41,76.19,76.19,55.77,55.77,54.55,54.55,62.50,62.50
Uruguay,URY,20200610,2.00,0,1.00,1,2.00,1,0.00,,1.00,1,1.00,1,1.00,1,4.00,1.00,0,2.00,0.00,0.00,2.00,1,1.00,1.00,0.00,0.00,,846,23,57.41,57.41,76.19,76.19,55.77,55.77,54.55,54.55,62.50,62.50
Uruguay,URY,20200611,2.00,0,1.00,1,2.00,1,0.00,,1.00,1,1.00,1,1.00,1,4.00,1.00,0,2.00,0.00,0.00,2.00,1,1.00,1.00,0.00,0.00,,847,23,57.41,57.41,76.19,76.19,55.77,55.77,54.55,54.55,62.50,62.50
Uruguay,URY,20200612,2.00,0,1.00,1,2.00,1,0.00,,1.00,1,1.00,1,1.00,1,4.00,1.00,0,2.00,0.00,0.00,2.00,1,1.00,1.00,0.00,0.00,,847,23,57.41,57.41,76.19,76.19,55.77,55.77,54.55,54.55,62.50,62.50
Uruguay,URY,20200613,2.00,0,1.00,1,2.00,1,0.00,,1.00,1,1.00,1,1.00,1,4.00,1.00,0,2.00,0.00,0.00,2.00,1,1.00,1.00,0.00,0.00,,847,23,57.41,57.41,76.19,76.19,55.77,55.77,54.55,54.55,62.50,62.50
Uruguay,URY,20200614,2.00,0,1.00,1,2.00,1,0.00,,1.00,1,1.00,1,1.00,1,4.00,1.00,0,2.00,0.00,0.00,2.00,1,1.00,1.00,0.00,0.00,,847,23,57.41,57.41,76.19,76.19,55.77,55.77,54.55,54.55,62.50,62.50
Uruguay,URY,20200615,2.00,0,1.00,1,2.00,1,0.00,,1.00,1,1.00,1,1.00,1,4.00,1.00,0,2.00,0.00,0.00,2.00,1,1.00,1.00,0.00,0.00,,848,23,57.41,57.41,76.19,76.19,55.77,55.77,54.55,54.55,62.50,62.50
Uruguay,URY,20200616,,,,,,,,,,,,,,,,,,,,,,,,,,,,848,23,,,,,,,,,,
Uruguay,URY,20200617,,,,,,,,,,,,,,,,,,,,,,,,,,,,849,24,,57.41,,76.19,,55.77,,54.55,,62.50
Uruguay,URY,20200618,,,,,,,,,,,,,,,,,,,,,,,,,,,,849,24,,57.41,,76.19,,55.77,,54.55,,62.50
Uruguay,URY,20200619,,,,,,,,,,,,,,,,,,,,,,,,,,,,850,24,,57.41,,76.19,,55.77,,54.55,,62.50
Uruguay,URY,20200620,,,,,,,,,,,,,,,,,,,,,,,,,,,,853,24,,57.41,,76.19,,55.77,,54.55,,62.50
Uruguay,URY,20200621,,,,,,,,,,,,,,,,,,,,,,,,,,,,859,25,,57.41,,76.19,,55.77,,54.55,,62.50
Uruguay,URY,20200622,,,,,,,,,,,,,,,,,,,,,,,,,,,,876,25,,57.41,,76.19,,55.77,,54.55,,62.50
Uruguay,URY,20200623,,,,,,,,,,,,,,,,,,,,,,,,,,,,882,25,,57.41,,76.19,,55.77,,54.55,,62.50
