Vanuatu,VUT,20200101,0.00,,0.00,,0.00,,0.00,,0.00,,0.00,,0.00,,0.00,0.00,,0.00,0.00,0.00,0.00,,0.00,0.00,0.00,0.00,,,,0.00,0.00,0.00,0.00,0.00,0.00,0.00,0.00,0.00,0.00
Vanuatu,VUT,20200102,0.00,,0.00,,0.00,,0.00,,0.00,,0.00,,0.00,,0.00,0.00,,0.00,0.00,0.00,0.00,,0.00,0.00,0.00,0.00,,,,0.00,0.00,0.00,0.00,0.00,0.00,0.00,0.00,0.00,0.00
Vanuatu,VUT,20200103,0.00,,0.00,,0.00,,0.00,,0.00,,0.00,,0.00,,0.00,0.00,,0.00,0.00,0.00,0.00,,0.00,0.00,0.00,0.00,,,,0.00,0.00,0.00,0.00,0.00,0.00,0.00,0.00,0.00,0.00
Vanuatu,VUT,20200104,0.00,,0.00,,0.00,,0.00,,0.00,,0.00,,0.00,,0.00,0.00,,0.00,0.00,0.00,0.00,,0.00,0.00,0.00,0.00,,,,0.00,0.00,0.00,0.00,0.00,0.00,0.00,0.00,0.00,0.00
Vanuatu,VUT,20200105,0.00,,0.00,,0.00,,0.00,,0.00,,0.00,,0.00,,0.00,0.00,,0.00,0.00,0.00,0.00,,0.00,0.00,0.00,0.00,,,,0.00,0.00,0.00,0.00,0.00,0.00,0.00,0.00,0.00,0.00
Vanuatu,VUT,20200106,0.00,,0.00,,0.00,,0.00,,0.00,,0.00,,0.00,,0.00,0.00,,0.00,0.00,0.00,0.00,,0.00,0.00,0.00,0.00,,,,0.00,0.00,0.00,0.00,0.00,0.00,0.00,0.00,0.00,0.00
Vanuatu,VUT,20200107,0.00,,0.00,,0.00,,0.00,,0.00,,0.00,,0.00,,0.00,0.00,,0.00,0.00,0.00,0.00,,0.00,0.00,0.00,0.00,,,,0.00,0.00,0.00,0.00,0.00,0.00,0.00,0.00,0.00,0.00
Vanuatu,VUT,20200108,0.00,,0.00,,0.00,,0.00,,0.00,,0.00,,0.00,,0.00,0.00,,0.00,0.00,0.00,0.00,,0.00,0.00,0.00,0.00,,,,0.00,0.00,0.00,0.00,0.00,0.00,0.00,0.00,0.00,0.00
Vanuatu,VUT,20200109,0.00,,0.00,,0.00,,0.00,,0.00,,0.00,,0.00,,0.00,0.00,,0.00,0.00,0.00,0.00,,0.00,0.00,0.00,0.00,,,,0.00,0.00,0.00,0.00,0.00,0.00,0.00,0.00,0.00,0.00
Vanuatu,VUT,20200110,0.00,,0.00,,0.00,,0.00,,0.00,,0.00,,0.00,,0.00,0.00,,0.00,0.00,0.00,0.00,,0.00,0.00,0.00,0.00,,,,0.00,0.00,0.00,0.00,0.00,0.00,0.00,0.00,0.00,0.00
Vanuatu,VUT,20200111,0.00,,0.00,,0.00,,0.00,,0.00,,0.00,,0.00,,0.00,0.00,,0.00,0.00,0.00,0.00,,0.00,0.00,0.00,0.00,,,,0.00,0.00,0.00,0.00,0.00,0.00,0.00,0.00,0.00,0.00
Vanuatu,VUT,20200112,0.00,,0.00,,0.00,,0.00,,0.00,,0.00,,0.00,,0.00,0.00,,0.00,0.00,0.00,0.00,,0.00,0.00,0.00,0.00,,,,0.00,0.00,0.00,0.00,0.00,0.00,0.00,0.00,0.00,0.00
Vanuatu,VUT,20200113,0.00,,0.00,,0.00,,0.00,,0.00,,0.00,,0.00,,0.00,0.00,,0.00,0.00,0.00,0.00,,0.00,0.00,0.00,0.00,,,,0.00,0.00,0.00,0.00,0.00,0.00,0.00,0.00,0.00,0.00
Vanuatu,VUT,20200114,0.00,,0.00,,0.00,,0.00,,0.00,,0.00,,0.00,,0.00,0.00,,0.00,0.00,0.00,0.00,,0.00,0.00,0.00,0.00,,,,0.00,0.00,0.00,0.00,0.00,0.00,0.00,0.00,0.00,0.00
Vanuatu,VUT,20200115,0.00,,0.00,,0.00,,0.00,,0.00,,0.00,,0.00,,0.00,0.00,,0.00,0.00,0.00,0.00,,0.00,0.00,0.00,0.00,,,,0.00,0.00,0.00,0.00,0.00,0.00,0.00,0.00,0.00,0.00
Vanuatu,VUT,20200116,0.00,,0.00,,0.00,,0.00,,0.00,,0.00,,0.00,,0.00,0.00,,0.00,0.00,0.00,0.00,,0.00,0.00,0.00,0.00,,,,0.00,0.00,0.00,0.00,0.00,0.00,0.00,0.00,0.00,0.00
Vanuatu,VUT,20200117,0.00,,0.00,,0.00,,0.00,,0.00,,0.00,,0.00,,0.00,0.00,,0.00,0.00,0.00,0.00,,0.00,0.00,0.00,0.00,,,,0.00,0.00,0.00,0.00,0.00,0.00,0.00,0.00,0.00,0.00
Vanuatu,VUT,20200118,0.00,,0.00,,0.00,,0.00,,0.00,,0.00,,0.00,,0.00,0.00,,0.00,0.00,0.00,0.00,,0.00,0.00,0.00,0.00,,,,0.00,0.00,0.00,0.00,0.00,0.00,0.00,0.00,0.00,0.00
Vanuatu,VUT,20200119,0.00,,0.00,,0.00,,0.00,,0.00,,0.00,,0.00,,0.00,0.00,,0.00,0.00,0.00,0.00,,0.00,0.00,0.00,0.00,,,,0.00,0.00,0.00,0.00,0.00,0.00,0.00,0.00,0.00,0.00
Vanuatu,VUT,20200120,0.00,,0.00,,0.00,,0.00,,0.00,,0.00,,0.00,,0.00,0.00,,0.00,0.00,0.00,0.00,,0.00,0.00,0.00,0.00,,,,0.00,0.00,0.00,0.00,0.00,0.00,0.00,0.00,0.00,0.00
Vanuatu,VUT,20200121,0.00,,0.00,,0.00,,0.00,,0.00,,0.00,,0.00,,0.00,0.00,,0.00,0.00,0.00,0.00,,0.00,0.00,0.00,0.00,,,,0.00,0.00,0.00,0.00,0.00,0.00,0.00,0.00,0.00,0.00
Vanuatu,VUT,20200122,0.00,,0.00,,0.00,,0.00,,0.00,,0.00,,0.00,,0.00,0.00,,0.00,0.00,0.00,0.00,,0.00,0.00,0.00,0.00,,,,0.00,0.00,0.00,0.00,0.00,0.00,0.00,0.00,0.00,0.00
Vanuatu,VUT,20200123,0.00,,0.00,,0.00,,0.00,,0.00,,0.00,,0.00,,0.00,0.00,,0.00,0.00,0.00,0.00,,0.00,0.00,0.00,0.00,,,,0.00,0.00,0.00,0.00,0.00,0.00,0.00,0.00,0.00,0.00
Vanuatu,VUT,20200124,0.00,,0.00,,0.00,,0.00,,0.00,,0.00,,0.00,,0.00,0.00,,0.00,0.00,0.00,0.00,,0.00,0.00,0.00,0.00,,,,0.00,0.00,0.00,0.00,0.00,0.00,0.00,0.00,0.00,0.00
Vanuatu,VUT,20200125,0.00,,0.00,,0.00,,0.00,,0.00,,0.00,,0.00,,0.00,0.00,,0.00,0.00,0.00,0.00,,0.00,0.00,0.00,0.00,,,,0.00,0.00,0.00,0.00,0.00,0.00,0.00,0.00,0.00,0.00
Vanuatu,VUT,20200126,0.00,,0.00,,0.00,,0.00,,0.00,,0.00,,0.00,,0.00,0.00,,0.00,0.00,0.00,0.00,,0.00,0.00,0.00,0.00,,,,0.00,0.00,0.00,0.00,0.00,0.00,0.00,0.00,0.00,0.00
Vanuatu,VUT,20200127,0.00,,0.00,,0.00,,0.00,,0.00,,0.00,,0.00,,0.00,0.00,,0.00,0.00,0.00,0.00,,0.00,0.00,0.00,0.00,,,,0.00,0.00,0.00,0.00,0.00,0.00,0.00,0.00,0.00,0.00
Vanuatu,VUT,20200128,0.00,,0.00,,0.00,,0.00,,0.00,,0.00,,0.00,,0.00,0.00,,0.00,0.00,0.00,0.00,,0.00,0.00,0.00,0.00,,,,0.00,0.00,0.00,0.00,0.00,0.00,0.00,0.00,0.00,0.00
Vanuatu,VUT,20200129,0.00,,0.00,,0.00,,0.00,,0.00,,0.00,,0.00,,0.00,0.00,,0.00,0.00,0.00,0.00,,0.00,0.00,0.00,0.00,,,,0.00,0.00,0.00,0.00,0.00,0.00,0.00,0.00,0.00,0.00
Vanuatu,VUT,20200130,0.00,,0.00,,0.00,,0.00,,0.00,,0.00,,0.00,,0.00,0.00,,0.00,0.00,0.00,0.00,,0.00,0.00,0.00,0.00,,,,0.00,0.00,0.00,0.00,0.00,0.00,0.00,0.00,0.00,0.00
Vanuatu,VUT,20200131,0.00,,0.00,,0.00,,0.00,,0.00,,0.00,,0.00,,0.00,0.00,,0.00,0.00,0.00,0.00,,0.00,0.00,0.00,0.00,,,,0.00,0.00,0.00,0.00,0.00,0.00,0.00,0.00,0.00,0.00
Vanuatu,VUT,20200201,0.00,,0.00,,0.00,,0.00,,0.00,,0.00,,0.00,,0.00,0.00,,0.00,0.00,0.00,0.00,,0.00,0.00,0.00,0.00,,,,0.00,0.00,0.00,0.00,0.00,0.00,0.00,0.00,0.00,0.00
Vanuatu,VUT,20200202,0.00,,0.00,,0.00,,0.00,,0.00,,0.00,,0.00,,0.00,0.00,,0.00,0.00,0.00,0.00,,0.00,0.00,0.00,0.00,,,,0.00,0.00,0.00,0.00,0.00,0.00,0.00,0.00,0.00,0.00
Vanuatu,VUT,20200203,0.00,,0.00,,0.00,,0.00,,0.00,,0.00,,0.00,,0.00,0.00,,0.00,0.00,0.00,0.00,,0.00,0.00,0.00,0.00,,,,0.00,0.00,0.00,0.00,0.00,0.00,0.00,0.00,0.00,0.00
Vanuatu,VUT,20200204,0.00,,0.00,,0.00,,0.00,,0.00,,0.00,,0.00,,0.00,0.00,,0.00,0.00,0.00,0.00,,0.00,0.00,0.00,0.00,,,,0.00,0.00,0.00,0.00,0.00,0.00,0.00,0.00,0.00,0.00
Vanuatu,VUT,20200205,0.00,,0.00,,0.00,,0.00,,0.00,,0.00,,0.00,,0.00,0.00,,0.00,0.00,0.00,0.00,,0.00,0.00,0.00,0.00,,,,0.00,0.00,0.00,0.00,0.00,0.00,0.00,0.00,0.00,0.00
Vanuatu,VUT,20200206,0.00,,0.00,,0.00,,0.00,,0.00,,0.00,,0.00,,0.00,0.00,,0.00,0.00,0.00,0.00,,0.00,0.00,0.00,0.00,,,,0.00,0.00,0.00,0.00,0.00,0.00,0.00,0.00,0.00,0.00
Vanuatu,VUT,20200207,0.00,,0.00,,0.00,,0.00,,0.00,,0.00,,0.00,,0.00,0.00,,0.00,0.00,0.00,0.00,,0.00,0.00,0.00,0.00,,,,0.00,0.00,0.00,0.00,0.00,0.00,0.00,0.00,0.00,0.00
Vanuatu,VUT,20200208,0.00,,0.00,,0.00,,0.00,,0.00,,0.00,,0.00,,0.00,0.00,,0.00,0.00,0.00,0.00,,0.00,0.00,0.00,0.00,,,,0.00,0.00,0.00,0.00,0.00,0.00,0.00,0.00,0.00,0.00
Vanuatu,VUT,20200209,0.00,,0.00,,0.00,,0.00,,0.00,,0.00,,0.00,,0.00,0.00,,0.00,0.00,0.00,0.00,,0.00,0.00,0.00,0.00,,,,0.00,0.00,0.00,0.00,0.00,0.00,0.00,0.00,0.00,0.00
Vanuatu,VUT,20200210,0.00,,0.00,,0.00,,0.00,,0.00,,0.00,,0.00,,0.00,0.00,,0.00,0.00,0.00,0.00,,0.00,0.00,0.00,0.00,,,,0.00,0.00,0.00,0.00,0.00,0.00,0.00,0.00,0.00,0.00
Vanuatu,VUT,20200211,0.00,,0.00,,0.00,,0.00,,0.00,,0.00,,0.00,,0.00,0.00,,0.00,0.00,0.00,0.00,,0.00,0.00,0.00,0.00,,,,0.00,0.00,0.00,0.00,0.00,0.00,0.00,0.00,0.00,0.00
Vanuatu,VUT,20200212,0.00,,0.00,,0.00,,0.00,,0.00,,0.00,,0.00,,0.00,0.00,,0.00,0.00,0.00,0.00,,0.00,0.00,0.00,0.00,,,,0.00,0.00,0.00,0.00,0.00,0.00,0.00,0.00,0.00,0.00
Vanuatu,VUT,20200213,0.00,,0.00,,0.00,,0.00,,0.00,,0.00,,0.00,,0.00,0.00,,0.00,0.00,0.00,0.00,,0.00,0.00,0.00,0.00,,,,0.00,0.00,0.00,0.00,0.00,0.00,0.00,0.00,0.00,0.00
Vanuatu,VUT,20200214,0.00,,0.00,,0.00,,0.00,,0.00,,0.00,,0.00,,0.00,0.00,,0.00,0.00,0.00,0.00,,0.00,0.00,0.00,0.00,,,,0.00,0.00,0.00,0.00,0.00,0.00,0.00,0.00,0.00,0.00
Vanuatu,VUT,20200215,0.00,,0.00,,0.00,,0.00,,0.00,,0.00,,0.00,,0.00,0.00,,0.00,0.00,0.00,0.00,,0.00,0.00,0.00,0.00,,,,0.00,0.00,0.00,0.00,0.00,0.00,0.00,0.00,0.00,0.00
Vanuatu,VUT,20200216,0.00,,0.00,,0.00,,0.00,,0.00,,0.00,,0.00,,0.00,0.00,,0.00,0.00,0.00,0.00,,0.00,0.00,0.00,0.00,,,,0.00,0.00,0.00,0.00,0.00,0.00,0.00,0.00,0.00,0.00
Vanuatu,VUT,20200217,0.00,,0.00,,0.00,,0.00,,0.00,,0.00,,0.00,,0.00,0.00,,0.00,0.00,0.00,0.00,,0.00,0.00,0.00,0.00,,,,0.00,0.00,0.00,0.00,0.00,0.00,0.00,0.00,0.00,0.00
Vanuatu,VUT,20200218,0.00,,0.00,,0.00,,0.00,,0.00,,0.00,,0.00,,0.00,0.00,,0.00,0.00,0.00,0.00,,0.00,0.00,0.00,0.00,,,,0.00,0.00,0.00,0.00,0.00,0.00,0.00,0.00,0.00,0.00
Vanuatu,VUT,20200219,0.00,,0.00,,0.00,,0.00,,0.00,,0.00,,0.00,,0.00,0.00,,0.00,0.00,0.00,0.00,,0.00,0.00,0.00,0.00,,,,0.00,0.00,0.00,0.00,0.00,0.00,0.00,0.00,0.00,0.00
Vanuatu,VUT,20200220,0.00,,0.00,,0.00,,0.00,,0.00,,0.00,,0.00,,0.00,0.00,,0.00,0.00,0.00,0.00,,0.00,0.00,0.00,0.00,,,,0.00,0.00,0.00,0.00,0.00,0.00,0.00,0.00,0.00,0.00
Vanuatu,VUT,20200221,0.00,,0.00,,0.00,,0.00,,0.00,,0.00,,0.00,,0.00,0.00,,0.00,0.00,0.00,0.00,,0.00,0.00,0.00,0.00,,,,0.00,0.00,0.00,0.00,0.00,0.00,0.00,0.00,0.00,0.00
Vanuatu,VUT,20200222,0.00,,0.00,,0.00,,0.00,,0.00,,0.00,,0.00,,0.00,0.00,,0.00,0.00,0.00,0.00,,0.00,0.00,0.00,0.00,,,,0.00,0.00,0.00,0.00,0.00,0.00,0.00,0.00,0.00,0.00
Vanuatu,VUT,20200223,0.00,,0.00,,0.00,,0.00,,0.00,,0.00,,0.00,,0.00,0.00,,0.00,0.00,0.00,0.00,,0.00,0.00,0.00,0.00,,,,0.00,0.00,0.00,0.00,0.00,0.00,0.00,0.00,0.00,0.00
Vanuatu,VUT,20200224,0.00,,0.00,,0.00,,0.00,,0.00,,0.00,,0.00,,0.00,0.00,,0.00,0.00,0.00,0.00,,0.00,0.00,0.00,0.00,,,,0.00,0.00,0.00,0.00,0.00,0.00,0.00,0.00,0.00,0.00
Vanuatu,VUT,20200225,0.00,,0.00,,0.00,,0.00,,0.00,,0.00,,0.00,,0.00,0.00,,0.00,0.00,0.00,0.00,,0.00,0.00,0.00,0.00,,,,0.00,0.00,0.00,0.00,0.00,0.00,0.00,0.00,0.00,0.00
Vanuatu,VUT,20200226,0.00,,0.00,,0.00,,0.00,,0.00,,0.00,,0.00,,0.00,0.00,,0.00,0.00,0.00,0.00,,0.00,0.00,0.00,0.00,,,,0.00,0.00,0.00,0.00,0.00,0.00,0.00,0.00,0.00,0.00
Vanuatu,VUT,20200227,0.00,,0.00,,0.00,,0.00,,0.00,,0.00,,0.00,,0.00,0.00,,0.00,0.00,0.00,0.00,,0.00,0.00,0.00,0.00,,,,0.00,0.00,0.00,0.00,0.00,0.00,0.00,0.00,0.00,0.00
Vanuatu,VUT,20200228,0.00,,0.00,,0.00,,0.00,,0.00,,0.00,,0.00,,0.00,0.00,,0.00,0.00,0.00,0.00,,0.00,0.00,0.00,0.00,,,,0.00,0.00,0.00,0.00,0.00,0.00,0.00,0.00,0.00,0.00
Vanuatu,VUT,20200229,0.00,,0.00,,0.00,,0.00,,0.00,,0.00,,0.00,,0.00,0.00,,0.00,0.00,0.00,0.00,,0.00,0.00,0.00,0.00,,,,0.00,0.00,0.00,0.00,0.00,0.00,0.00,0.00,0.00,0.00
Vanuatu,VUT,20200301,0.00,,0.00,,0.00,,0.00,,0.00,,0.00,,0.00,,0.00,0.00,,0.00,0.00,0.00,0.00,,0.00,0.00,0.00,0.00,,,,0.00,0.00,0.00,0.00,0.00,0.00,0.00,0.00,0.00,0.00
Vanuatu,VUT,20200302,0.00,,0.00,,0.00,,0.00,,0.00,,0.00,,0.00,,0.00,0.00,,0.00,0.00,0.00,0.00,,0.00,0.00,0.00,0.00,,,,0.00,0.00,0.00,0.00,0.00,0.00,0.00,0.00,0.00,0.00
Vanuatu,VUT,20200303,0.00,,0.00,,0.00,,0.00,,0.00,,0.00,,0.00,,0.00,0.00,,0.00,0.00,0.00,0.00,,0.00,0.00,0.00,0.00,,,,0.00,0.00,0.00,0.00,0.00,0.00,0.00,0.00,0.00,0.00
Vanuatu,VUT,20200304,0.00,,0.00,,0.00,,0.00,,0.00,,0.00,,0.00,,0.00,0.00,,0.00,0.00,0.00,0.00,,0.00,0.00,0.00,0.00,,,,0.00,0.00,0.00,0.00,0.00,0.00,0.00,0.00,0.00,0.00
Vanuatu,VUT,20200305,0.00,,0.00,,0.00,,0.00,,0.00,,0.00,,0.00,,0.00,0.00,,0.00,0.00,0.00,0.00,,0.00,0.00,0.00,0.00,,,,0.00,0.00,0.00,0.00,0.00,0.00,0.00,0.00,0.00,0.00
Vanuatu,VUT,20200306,0.00,,0.00,,0.00,,0.00,,0.00,,0.00,,0.00,,0.00,0.00,,0.00,0.00,0.00,0.00,,0.00,0.00,0.00,0.00,,,,0.00,0.00,0.00,0.00,0.00,0.00,0.00,0.00,0.00,0.00
Vanuatu,VUT,20200307,0.00,,0.00,,0.00,,0.00,,0.00,,0.00,,0.00,,0.00,0.00,,0.00,0.00,0.00,0.00,,0.00,0.00,0.00,0.00,,,,0.00,0.00,0.00,0.00,0.00,0.00,0.00,0.00,0.00,0.00
Vanuatu,VUT,20200308,0.00,,0.00,,0.00,,0.00,,0.00,,0.00,,0.00,,0.00,0.00,,0.00,0.00,0.00,0.00,,0.00,0.00,0.00,0.00,,,,0.00,0.00,0.00,0.00,0.00,0.00,0.00,0.00,0.00,0.00
Vanuatu,VUT,20200309,0.00,,0.00,,0.00,,0.00,,0.00,,0.00,,0.00,,0.00,0.00,,0.00,0.00,0.00,0.00,,0.00,0.00,0.00,0.00,,,,0.00,0.00,0.00,0.00,0.00,0.00,0.00,0.00,0.00,0.00
Vanuatu,VUT,20200310,0.00,,0.00,,0.00,,0.00,,0.00,,0.00,,0.00,,0.00,0.00,,0.00,0.00,0.00,0.00,,0.00,0.00,0.00,0.00,,,,0.00,0.00,0.00,0.00,0.00,0.00,0.00,0.00,0.00,0.00
Vanuatu,VUT,20200311,0.00,,0.00,,0.00,,0.00,,0.00,,0.00,,0.00,,0.00,0.00,,0.00,0.00,0.00,0.00,,0.00,0.00,0.00,0.00,,,,0.00,0.00,0.00,0.00,0.00,0.00,0.00,0.00,0.00,0.00
Vanuatu,VUT,20200312,0.00,,0.00,,0.00,,0.00,,0.00,,0.00,,0.00,,0.00,0.00,,0.00,0.00,0.00,0.00,,0.00,0.00,0.00,0.00,,,,0.00,0.00,0.00,0.00,0.00,0.00,0.00,0.00,0.00,0.00
Vanuatu,VUT,20200313,0.00,,0.00,,0.00,,0.00,,0.00,,0.00,,0.00,,0.00,0.00,,0.00,0.00,0.00,0.00,,0.00,0.00,0.00,0.00,,,,0.00,0.00,0.00,0.00,0.00,0.00,0.00,0.00,0.00,0.00
Vanuatu,VUT,20200314,0.00,,0.00,,0.00,,0.00,,0.00,,0.00,,0.00,,0.00,0.00,,0.00,0.00,0.00,0.00,,0.00,0.00,0.00,0.00,,,,0.00,0.00,0.00,0.00,0.00,0.00,0.00,0.00,0.00,0.00
Vanuatu,VUT,20200315,0.00,,0.00,,0.00,,0.00,,0.00,,0.00,,0.00,,0.00,0.00,,0.00,0.00,0.00,0.00,,0.00,0.00,0.00,0.00,,,,0.00,0.00,0.00,0.00,0.00,0.00,0.00,0.00,0.00,0.00
Vanuatu,VUT,20200316,0.00,,0.00,,0.00,,0.00,,0.00,,0.00,,0.00,,0.00,0.00,,0.00,0.00,0.00,0.00,,0.00,0.00,0.00,0.00,,,,0.00,0.00,0.00,0.00,0.00,0.00,0.00,0.00,0.00,0.00
Vanuatu,VUT,20200317,0.00,,0.00,,0.00,,0.00,,0.00,,0.00,,0.00,,0.00,0.00,,0.00,0.00,0.00,0.00,,0.00,0.00,0.00,0.00,,,,0.00,0.00,0.00,0.00,0.00,0.00,0.00,0.00,0.00,0.00
Vanuatu,VUT,20200318,0.00,,0.00,,0.00,,0.00,,0.00,,0.00,,0.00,,0.00,0.00,,0.00,0.00,0.00,0.00,,0.00,0.00,0.00,0.00,,,,0.00,0.00,0.00,0.00,0.00,0.00,0.00,0.00,0.00,0.00
Vanuatu,VUT,20200319,0.00,,0.00,,0.00,,0.00,,0.00,,0.00,,0.00,,0.00,0.00,,0.00,0.00,0.00,0.00,,0.00,0.00,0.00,0.00,,,,0.00,0.00,0.00,0.00,0.00,0.00,0.00,0.00,0.00,0.00
Vanuatu,VUT,20200320,0.00,,0.00,,0.00,,0.00,,0.00,,0.00,,0.00,,0.00,0.00,,0.00,0.00,0.00,0.00,,0.00,0.00,0.00,0.00,,,,0.00,0.00,0.00,0.00,0.00,0.00,0.00,0.00,0.00,0.00
Vanuatu,VUT,20200321,0.00,,0.00,,0.00,,0.00,,0.00,,0.00,,0.00,,0.00,0.00,,0.00,0.00,0.00,0.00,,0.00,0.00,0.00,0.00,,,,0.00,0.00,0.00,0.00,0.00,0.00,0.00,0.00,0.00,0.00
Vanuatu,VUT,20200322,0.00,,0.00,,0.00,,0.00,,0.00,,0.00,,0.00,,0.00,0.00,,0.00,0.00,0.00,0.00,,0.00,0.00,0.00,0.00,,,,0.00,0.00,0.00,0.00,0.00,0.00,0.00,0.00,0.00,0.00
Vanuatu,VUT,20200323,0.00,,0.00,,0.00,,0.00,,0.00,,0.00,,0.00,,0.00,0.00,,0.00,0.00,0.00,0.00,,0.00,0.00,0.00,0.00,,,,0.00,0.00,0.00,0.00,0.00,0.00,0.00,0.00,0.00,0.00
Vanuatu,VUT,20200324,0.00,,0.00,,0.00,,0.00,,0.00,,0.00,,0.00,,0.00,0.00,,0.00,0.00,0.00,0.00,,0.00,0.00,0.00,0.00,,,,0.00,0.00,0.00,0.00,0.00,0.00,0.00,0.00,0.00,0.00
Vanuatu,VUT,20200325,0.00,,0.00,,0.00,,0.00,,0.00,,0.00,,0.00,,0.00,0.00,,0.00,0.00,0.00,0.00,,0.00,0.00,0.00,0.00,,,,0.00,0.00,0.00,0.00,0.00,0.00,0.00,0.00,0.00,0.00
Vanuatu,VUT,20200326,3.00,1,2.00,1,2.00,1,4.00,1,1.00,1,1.00,1,2.00,1,4.00,0.00,,0.00,0.00,0.00,2.00,1,1.00,1.00,12500000.00,0.00,,,,83.33,83.33,91.67,91.67,64.10,64.10,75.76,75.76,0.00,0.00
Vanuatu,VUT,20200327,3.00,1,2.00,1,2.00,1,4.00,1,1.00,1,1.00,1,2.00,1,4.00,0.00,,0.00,0.00,0.00,2.00,1,1.00,1.00,0.00,0.00,,,,83.33,83.33,91.67,91.67,64.10,64.10,75.76,75.76,0.00,0.00
Vanuatu,VUT,20200328,3.00,1,2.00,1,2.00,1,4.00,1,1.00,1,1.00,1,2.00,1,4.00,0.00,,0.00,0.00,0.00,2.00,1,1.00,1.00,0.00,0.00,,,,83.33,83.33,91.67,91.67,64.10,64.10,75.76,75.76,0.00,0.00
Vanuatu,VUT,20200329,3.00,1,2.00,1,2.00,1,4.00,1,1.00,1,1.00,1,2.00,1,4.00,0.00,,0.00,0.00,0.00,2.00,1,1.00,1.00,0.00,0.00,,,,83.33,83.33,91.67,91.67,64.10,64.10,75.76,75.76,0.00,0.00
Vanuatu,VUT,20200330,3.00,1,2.00,1,2.00,1,4.00,1,1.00,1,1.00,1,2.00,1,4.00,0.00,,0.00,0.00,0.00,2.00,1,1.00,1.00,0.00,0.00,,,,83.33,83.33,91.67,91.67,64.10,64.10,75.76,75.76,0.00,0.00
Vanuatu,VUT,20200331,3.00,1,2.00,1,2.00,1,4.00,1,1.00,1,1.00,1,2.00,1,4.00,0.00,,0.00,35684000.00,0.00,2.00,1,1.00,1.00,0.00,0.00,,,,83.33,83.33,91.67,91.67,64.10,64.10,75.76,75.76,0.00,0.00
Vanuatu,VUT,20200401,3.00,1,2.00,1,2.00,1,4.00,1,1.00,1,1.00,1,2.00,1,4.00,0.00,,0.00,0.00,0.00,2.00,1,1.00,1.00,0.00,0.00,,,,83.33,83.33,91.67,91.67,64.10,64.10,75.76,75.76,0.00,0.00
Vanuatu,VUT,20200402,3.00,1,2.00,1,2.00,1,4.00,1,1.00,1,1.00,1,2.00,1,4.00,0.00,,0.00,0.00,0.00,2.00,1,1.00,1.00,0.00,0.00,,,,83.33,83.33,91.67,91.67,64.10,64.10,75.76,75.76,0.00,0.00
Vanuatu,VUT,20200403,3.00,1,2.00,1,2.00,1,4.00,1,1.00,1,1.00,1,2.00,1,4.00,0.00,,0.00,0.00,0.00,2.00,1,1.00,1.00,0.00,0.00,,,,83.33,83.33,91.67,91.67,64.10,64.10,75.76,75.76,0.00,0.00
Vanuatu,VUT,20200404,3.00,1,2.00,1,2.00,1,4.00,1,1.00,1,1.00,1,2.00,1,4.00,0.00,,0.00,0.00,0.00,2.00,1,1.00,1.00,0.00,0.00,,,,83.33,83.33,91.67,91.67,64.10,64.10,75.76,75.76,0.00,0.00
Vanuatu,VUT,20200405,3.00,1,2.00,1,2.00,1,0.00,,1.00,1,1.00,1,2.00,1,4.00,0.00,,0.00,0.00,0.00,2.00,1,1.00,1.00,0.00,0.00,,,,72.22,72.22,91.67,91.67,56.41,56.41,66.67,66.67,0.00,0.00
Vanuatu,VUT,20200406,3.00,1,2.00,1,2.00,1,0.00,,1.00,1,1.00,1,2.00,1,4.00,0.00,,0.00,0.00,0.00,2.00,1,1.00,1.00,0.00,0.00,,,,72.22,72.22,91.67,91.67,56.41,56.41,66.67,66.67,0.00,0.00
Vanuatu,VUT,20200407,3.00,1,2.00,1,2.00,1,0.00,,1.00,1,1.00,1,2.00,1,4.00,0.00,,0.00,0.00,0.00,2.00,1,1.00,1.00,0.00,0.00,,,,72.22,72.22,91.67,91.67,56.41,56.41,66.67,66.67,0.00,0.00
Vanuatu,VUT,20200408,3.00,1,2.00,1,2.00,1,0.00,,1.00,1,1.00,1,2.00,1,4.00,1.00,0,0.00,3212000.00,0.00,2.00,1,1.00,1.00,0.00,0.00,,,,72.22,72.22,91.67,91.67,58.33,58.33,66.67,66.67,12.50,12.50
Vanuatu,VUT,20200409,3.00,1,2.00,1,2.00,1,0.00,,1.00,1,1.00,1,2.00,1,4.00,1.00,0,0.00,0.00,0.00,2.00,1,1.00,1.00,0.00,0.00,,,,72.22,72.22,91.67,91.67,58.33,58.33,66.67,66.67,12.50,12.50
Vanuatu,VUT,20200410,3.00,1,2.00,1,2.00,1,0.00,,1.00,1,1.00,1,2.00,1,4.00,1.00,0,0.00,0.00,0.00,2.00,1,1.00,1.00,0.00,0.00,,,,72.22,72.22,91.67,91.67,58.33,58.33,66.67,66.67,12.50,12.50
Vanuatu,VUT,20200411,3.00,1,2.00,1,2.00,1,4.00,1,1.00,1,1.00,1,1.00,1,4.00,1.00,0,0.00,0.00,0.00,2.00,1,1.00,1.00,0.00,0.00,,,,77.78,77.78,86.90,86.90,62.18,62.18,71.21,71.21,12.50,12.50
Vanuatu,VUT,20200412,3.00,1,2.00,1,2.00,1,4.00,1,1.00,1,1.00,1,1.00,1,4.00,1.00,0,0.00,0.00,0.00,2.00,1,1.00,1.00,0.00,0.00,,,,77.78,77.78,86.90,86.90,62.18,62.18,71.21,71.21,12.50,12.50
Vanuatu,VUT,20200413,3.00,1,2.00,1,2.00,1,4.00,1,1.00,1,1.00,1,1.00,1,4.00,1.00,0,0.00,0.00,0.00,2.00,1,1.00,1.00,0.00,0.00,,,,77.78,77.78,86.90,86.90,62.18,62.18,71.21,71.21,12.50,12.50
Vanuatu,VUT,20200414,3.00,1,2.00,1,2.00,1,4.00,1,1.00,1,1.00,1,1.00,1,4.00,1.00,0,0.00,0.00,0.00,2.00,1,1.00,1.00,0.00,0.00,,,,77.78,77.78,86.90,86.90,62.18,62.18,71.21,71.21,12.50,12.50
Vanuatu,VUT,20200415,3.00,1,2.00,1,2.00,1,4.00,1,1.00,1,1.00,1,1.00,1,4.00,1.00,0,0.00,0.00,0.00,2.00,1,1.00,1.00,0.00,0.00,,,,77.78,77.78,86.90,86.90,62.18,62.18,71.21,71.21,12.50,12.50
Vanuatu,VUT,20200416,3.00,1,2.00,1,2.00,1,4.00,1,1.00,1,1.00,1,1.00,1,4.00,1.00,0,0.00,0.00,0.00,2.00,1,1.00,1.00,0.00,0.00,,,,77.78,77.78,86.90,86.90,62.18,62.18,71.21,71.21,12.50,12.50
Vanuatu,VUT,20200417,3.00,1,2.00,1,2.00,1,4.00,1,1.00,1,1.00,1,1.00,1,4.00,1.00,0,0.00,0.00,0.00,2.00,1,1.00,1.00,0.00,0.00,,,,77.78,77.78,86.90,86.90,62.18,62.18,71.21,71.21,12.50,12.50
Vanuatu,VUT,20200418,3.00,1,2.00,1,2.00,1,4.00,1,1.00,1,1.00,1,1.00,1,4.00,1.00,0,0.00,0.00,0.00,2.00,1,1.00,1.00,0.00,0.00,,,,77.78,77.78,86.90,86.90,62.18,62.18,71.21,71.21,12.50,12.50
Vanuatu,VUT,20200419,3.00,1,2.00,1,2.00,1,4.00,1,1.00,1,1.00,1,1.00,1,4.00,1.00,0,0.00,0.00,0.00,2.00,1,1.00,1.00,0.00,0.00,,,,77.78,77.78,86.90,86.90,62.18,62.18,71.21,71.21,12.50,12.50
Vanuatu,VUT,20200420,3.00,1,2.00,1,2.00,1,4.00,1,1.00,1,1.00,1,1.00,1,4.00,1.00,0,0.00,0.00,0.00,2.00,1,1.00,1.00,0.00,0.00,,,,77.78,77.78,86.90,86.90,62.18,62.18,71.21,71.21,12.50,12.50
Vanuatu,VUT,20200421,3.00,1,2.00,1,2.00,1,4.00,1,1.00,1,1.00,1,1.00,1,4.00,1.00,0,0.00,0.00,0.00,2.00,1,1.00,1.00,0.00,0.00,,,,77.78,77.78,86.90,86.90,62.18,62.18,71.21,71.21,12.50,12.50
Vanuatu,VUT,20200422,3.00,1,2.00,1,2.00,1,4.00,1,1.00,1,1.00,1,1.00,1,4.00,1.00,0,0.00,0.00,0.00,2.00,1,1.00,1.00,0.00,0.00,,,,77.78,77.78,86.90,86.90,62.18,62.18,71.21,71.21,12.50,12.50
Vanuatu,VUT,20200423,3.00,1,2.00,1,2.00,1,4.00,1,1.00,1,1.00,1,1.00,1,4.00,1.00,0,0.00,0.00,0.00,2.00,1,1.00,1.00,0.00,0.00,,,,77.78,77.78,86.90,86.90,62.18,62.18,71.21,71.21,12.50,12.50
Vanuatu,VUT,20200424,3.00,1,2.00,1,2.00,1,4.00,1,1.00,1,1.00,1,1.00,1,4.00,1.00,0,0.00,0.00,0.00,2.00,1,1.00,1.00,0.00,0.00,,,,77.78,77.78,86.90,86.90,62.18,62.18,71.21,71.21,12.50,12.50
Vanuatu,VUT,20200425,3.00,1,2.00,1,2.00,1,4.00,1,1.00,1,1.00,1,1.00,1,4.00,1.00,0,0.00,0.00,0.00,2.00,1,1.00,1.00,0.00,0.00,,,,77.78,77.78,86.90,86.90,62.18,62.18,71.21,71.21,12.50,12.50
Vanuatu,VUT,20200426,3.00,1,2.00,1,2.00,1,4.00,1,1.00,1,1.00,1,1.00,1,4.00,1.00,0,0.00,0.00,0.00,2.00,1,1.00,1.00,0.00,0.00,,,,77.78,77.78,86.90,86.90,62.18,62.18,71.21,71.21,12.50,12.50
Vanuatu,VUT,20200427,3.00,1,2.00,1,2.00,1,4.00,1,1.00,1,1.00,1,1.00,1,4.00,1.00,0,0.00,0.00,0.00,2.00,1,1.00,1.00,0.00,0.00,,,,77.78,77.78,86.90,86.90,62.18,62.18,71.21,71.21,12.50,12.50
Vanuatu,VUT,20200428,3.00,1,2.00,1,2.00,1,4.00,1,1.00,1,1.00,1,1.00,1,4.00,1.00,0,0.00,0.00,0.00,2.00,1,1.00,1.00,0.00,0.00,,,,77.78,77.78,86.90,86.90,62.18,62.18,71.21,71.21,12.50,12.50
Vanuatu,VUT,20200429,3.00,1,2.00,1,2.00,1,4.00,1,1.00,1,1.00,1,1.00,1,4.00,1.00,0,0.00,0.00,0.00,2.00,1,1.00,1.00,0.00,0.00,,,,77.78,77.78,86.90,86.90,62.18,62.18,71.21,71.21,12.50,12.50
Vanuatu,VUT,20200430,3.00,1,2.00,1,2.00,1,4.00,1,1.00,1,1.00,1,1.00,1,4.00,1.00,0,0.00,0.00,0.00,2.00,1,1.00,1.00,0.00,0.00,,,,77.78,77.78,86.90,86.90,62.18,62.18,71.21,71.21,12.50,12.50
Vanuatu,VUT,20200501,3.00,1,2.00,1,2.00,1,4.00,1,1.00,1,1.00,1,1.00,1,4.00,1.00,0,0.00,0.00,0.00,2.00,1,1.00,1.00,0.00,0.00,,,,77.78,77.78,86.90,86.90,62.18,62.18,71.21,71.21,12.50,12.50
Vanuatu,VUT,20200502,3.00,1,2.00,1,2.00,1,4.00,1,1.00,1,1.00,1,1.00,1,4.00,1.00,0,0.00,0.00,0.00,2.00,1,1.00,1.00,0.00,0.00,,,,77.78,77.78,86.90,86.90,62.18,62.18,71.21,71.21,12.50,12.50
Vanuatu,VUT,20200503,3.00,1,2.00,1,2.00,1,4.00,1,1.00,1,1.00,1,1.00,1,4.00,1.00,0,0.00,0.00,0.00,2.00,1,1.00,1.00,0.00,0.00,,,,77.78,77.78,86.90,86.90,62.18,62.18,71.21,71.21,12.50,12.50
Vanuatu,VUT,20200504,3.00,1,2.00,1,2.00,1,4.00,1,1.00,1,1.00,1,1.00,1,4.00,1.00,0,0.00,0.00,0.00,2.00,1,1.00,1.00,0.00,0.00,,,,77.78,77.78,86.90,86.90,62.18,62.18,71.21,71.21,12.50,12.50
Vanuatu,VUT,20200505,3.00,1,2.00,1,2.00,1,4.00,1,1.00,1,1.00,1,1.00,1,4.00,1.00,0,0.00,0.00,0.00,2.00,1,1.00,1.00,0.00,0.00,,,,77.78,77.78,86.90,86.90,62.18,62.18,71.21,71.21,12.50,12.50
Vanuatu,VUT,20200506,3.00,1,2.00,1,2.00,1,4.00,1,1.00,1,1.00,1,1.00,1,4.00,1.00,0,0.00,0.00,0.00,2.00,1,1.00,1.00,0.00,0.00,,,,77.78,77.78,86.90,86.90,62.18,62.18,71.21,71.21,12.50,12.50
Vanuatu,VUT,20200507,3.00,1,2.00,1,2.00,1,4.00,1,1.00,1,1.00,1,1.00,1,4.00,1.00,0,0.00,0.00,0.00,2.00,1,1.00,1.00,0.00,0.00,,,,77.78,77.78,86.90,86.90,62.18,62.18,71.21,71.21,12.50,12.50
Vanuatu,VUT,20200508,3.00,1,2.00,1,2.00,1,4.00,1,1.00,1,1.00,1,1.00,1,4.00,1.00,0,0.00,0.00,0.00,2.00,1,1.00,1.00,0.00,0.00,,,,77.78,77.78,86.90,86.90,62.18,62.18,71.21,71.21,12.50,12.50
Vanuatu,VUT,20200509,3.00,1,2.00,1,2.00,1,4.00,1,1.00,1,1.00,1,1.00,1,4.00,1.00,0,0.00,0.00,0.00,2.00,1,1.00,1.00,0.00,0.00,,,,77.78,77.78,86.90,86.90,62.18,62.18,71.21,71.21,12.50,12.50
Vanuatu,VUT,20200510,3.00,1,2.00,1,2.00,1,4.00,1,1.00,1,1.00,1,1.00,1,4.00,1.00,0,0.00,0.00,0.00,2.00,1,1.00,1.00,0.00,0.00,,,,77.78,77.78,86.90,86.90,62.18,62.18,71.21,71.21,12.50,12.50
Vanuatu,VUT,20200511,3.00,1,2.00,1,2.00,1,4.00,1,1.00,1,1.00,1,1.00,1,4.00,1.00,0,0.00,0.00,0.00,2.00,1,1.00,1.00,0.00,0.00,,,,77.78,77.78,86.90,86.90,62.18,62.18,71.21,71.21,12.50,12.50
Vanuatu,VUT,20200512,3.00,1,2.00,1,2.00,1,4.00,1,1.00,1,1.00,1,1.00,1,4.00,1.00,0,0.00,0.00,0.00,2.00,1,1.00,1.00,0.00,0.00,,,,77.78,77.78,86.90,86.90,62.18,62.18,71.21,71.21,12.50,12.50
Vanuatu,VUT,20200513,3.00,1,2.00,1,2.00,1,4.00,1,1.00,1,1.00,1,1.00,1,4.00,1.00,0,0.00,0.00,0.00,2.00,1,1.00,1.00,0.00,0.00,,,,77.78,77.78,86.90,86.90,62.18,62.18,71.21,71.21,12.50,12.50
Vanuatu,VUT,20200514,3.00,1,2.00,1,2.00,1,4.00,1,1.00,1,1.00,1,1.00,1,4.00,1.00,0,0.00,0.00,0.00,2.00,1,1.00,1.00,0.00,0.00,,,,77.78,77.78,86.90,86.90,62.18,62.18,71.21,71.21,12.50,12.50
Vanuatu,VUT,20200515,3.00,1,2.00,1,2.00,1,4.00,1,1.00,1,1.00,1,1.00,1,4.00,1.00,0,0.00,0.00,0.00,2.00,1,1.00,1.00,0.00,0.00,,,,77.78,77.78,86.90,86.90,62.18,62.18,71.21,71.21,12.50,12.50
Vanuatu,VUT,20200516,3.00,1,2.00,1,2.00,1,4.00,1,1.00,1,1.00,1,1.00,1,4.00,1.00,0,0.00,0.00,0.00,2.00,1,1.00,1.00,0.00,0.00,,,,77.78,77.78,86.90,86.90,62.18,62.18,71.21,71.21,12.50,12.50
Vanuatu,VUT,20200517,3.00,1,2.00,1,2.00,1,4.00,1,1.00,1,1.00,1,1.00,1,4.00,1.00,0,0.00,0.00,0.00,2.00,1,1.00,1.00,0.00,0.00,,,,77.78,77.78,86.90,86.90,62.18,62.18,71.21,71.21,12.50,12.50
Vanuatu,VUT,20200518,0.00,,2.00,1,2.00,1,4.00,1,1.00,1,1.00,1,1.00,1,4.00,1.00,0,0.00,0.00,0.00,2.00,1,1.00,1.00,0.00,0.00,,,,66.67,66.67,72.62,72.62,54.49,54.49,62.12,62.12,12.50,12.50
Vanuatu,VUT,20200519,0.00,,2.00,1,2.00,1,4.00,1,1.00,1,1.00,1,1.00,1,4.00,1.00,0,0.00,0.00,0.00,2.00,1,1.00,1.00,0.00,0.00,,,,66.67,66.67,72.62,72.62,54.49,54.49,62.12,62.12,12.50,12.50
Vanuatu,VUT,20200520,0.00,,2.00,1,2.00,1,4.00,1,1.00,1,1.00,1,1.00,1,4.00,1.00,0,0.00,0.00,0.00,2.00,1,1.00,1.00,0.00,0.00,,,,66.67,66.67,72.62,72.62,54.49,54.49,62.12,62.12,12.50,12.50
Vanuatu,VUT,20200521,0.00,,2.00,1,2.00,1,4.00,1,1.00,1,1.00,1,1.00,1,4.00,1.00,0,0.00,0.00,0.00,2.00,1,1.00,1.00,0.00,0.00,,,,66.67,66.67,72.62,72.62,54.49,54.49,62.12,62.12,12.50,12.50
Vanuatu,VUT,20200522,0.00,,2.00,1,2.00,1,4.00,1,1.00,1,1.00,1,1.00,1,4.00,1.00,0,0.00,0.00,0.00,2.00,1,1.00,1.00,0.00,0.00,,,,66.67,66.67,72.62,72.62,54.49,54.49,62.12,62.12,12.50,12.50
Vanuatu,VUT,20200523,0.00,,2.00,1,2.00,1,4.00,1,1.00,1,1.00,1,1.00,1,4.00,1.00,0,0.00,0.00,0.00,2.00,1,1.00,1.00,0.00,0.00,,,,66.67,66.67,72.62,72.62,54.49,54.49,62.12,62.12,12.50,12.50
Vanuatu,VUT,20200524,0.00,,2.00,1,2.00,1,4.00,1,1.00,1,1.00,1,1.00,1,4.00,1.00,0,0.00,0.00,0.00,2.00,1,1.00,1.00,0.00,0.00,,,,66.67,66.67,72.62,72.62,54.49,54.49,62.12,62.12,12.50,12.50
Vanuatu,VUT,20200525,0.00,,2.00,1,2.00,1,4.00,1,1.00,1,1.00,1,1.00,1,4.00,1.00,0,0.00,0.00,0.00,2.00,1,1.00,1.00,0.00,0.00,,,,66.67,66.67,72.62,72.62,54.49,54.49,62.12,62.12,12.50,12.50
Vanuatu,VUT,20200526,0.00,,2.00,1,2.00,1,4.00,1,1.00,1,1.00,1,1.00,1,4.00,1.00,0,0.00,0.00,0.00,2.00,1,1.00,1.00,0.00,0.00,,,,66.67,66.67,72.62,72.62,54.49,54.49,62.12,62.12,12.50,12.50
Vanuatu,VUT,20200527,0.00,,2.00,1,2.00,1,4.00,1,1.00,1,1.00,1,1.00,1,4.00,1.00,0,0.00,0.00,0.00,2.00,1,1.00,1.00,0.00,0.00,,,,66.67,66.67,72.62,72.62,54.49,54.49,62.12,62.12,12.50,12.50
Vanuatu,VUT,20200528,0.00,,2.00,1,2.00,1,4.00,1,1.00,1,1.00,1,1.00,1,4.00,1.00,0,0.00,0.00,0.00,2.00,1,1.00,1.00,0.00,0.00,,,,66.67,66.67,72.62,72.62,54.49,54.49,62.12,62.12,12.50,12.50
Vanuatu,VUT,20200529,0.00,,2.00,1,2.00,1,4.00,1,1.00,1,1.00,1,1.00,1,4.00,1.00,0,0.00,0.00,0.00,2.00,1,1.00,1.00,0.00,0.00,,,,66.67,66.67,72.62,72.62,54.49,54.49,62.12,62.12,12.50,12.50
Vanuatu,VUT,20200530,0.00,,2.00,1,2.00,1,4.00,1,1.00,1,1.00,1,1.00,1,4.00,1.00,0,0.00,0.00,0.00,2.00,1,1.00,1.00,0.00,0.00,,,,66.67,66.67,72.62,72.62,54.49,54.49,62.12,62.12,12.50,12.50
Vanuatu,VUT,20200531,0.00,,2.00,1,2.00,1,4.00,1,1.00,1,1.00,1,1.00,1,4.00,1.00,0,0.00,0.00,0.00,2.00,1,1.00,1.00,0.00,0.00,,,,66.67,66.67,72.62,72.62,54.49,54.49,62.12,62.12,12.50,12.50
Vanuatu,VUT,20200601,0.00,,2.00,1,2.00,1,4.00,1,1.00,1,1.00,1,1.00,1,4.00,1.00,0,0.00,0.00,0.00,2.00,1,1.00,1.00,0.00,0.00,,,,66.67,66.67,72.62,72.62,54.49,54.49,62.12,62.12,12.50,12.50
Vanuatu,VUT,20200602,0.00,,2.00,1,2.00,1,4.00,1,1.00,1,1.00,1,1.00,1,4.00,1.00,0,0.00,0.00,0.00,2.00,1,1.00,1.00,0.00,0.00,,,,66.67,66.67,72.62,72.62,54.49,54.49,62.12,62.12,12.50,12.50
Vanuatu,VUT,20200603,0.00,,2.00,1,2.00,1,4.00,1,1.00,1,1.00,1,1.00,1,4.00,1.00,0,0.00,0.00,0.00,2.00,1,1.00,1.00,0.00,0.00,,,,66.67,66.67,72.62,72.62,54.49,54.49,62.12,62.12,12.50,12.50
Vanuatu,VUT,20200604,0.00,,2.00,1,2.00,1,4.00,1,1.00,1,1.00,1,1.00,1,4.00,1.00,0,0.00,0.00,0.00,2.00,1,1.00,1.00,0.00,0.00,,,,66.67,66.67,72.62,72.62,54.49,54.49,62.12,62.12,12.50,12.50
Vanuatu,VUT,20200605,0.00,,2.00,1,2.00,1,4.00,1,1.00,1,1.00,1,1.00,1,4.00,1.00,0,0.00,0.00,0.00,2.00,1,1.00,1.00,0.00,0.00,,,,66.67,66.67,72.62,72.62,54.49,54.49,62.12,62.12,12.50,12.50
Vanuatu,VUT,20200606,0.00,,2.00,1,2.00,1,4.00,1,1.00,1,1.00,1,1.00,1,4.00,1.00,0,0.00,0.00,0.00,2.00,1,1.00,1.00,0.00,0.00,,,,66.67,66.67,72.62,72.62,54.49,54.49,62.12,62.12,12.50,12.50
Vanuatu,VUT,20200607,0.00,,2.00,1,2.00,1,4.00,1,1.00,1,1.00,1,1.00,1,4.00,1.00,0,0.00,0.00,0.00,2.00,1,1.00,1.00,0.00,0.00,,,,66.67,66.67,72.62,72.62,54.49,54.49,62.12,62.12,12.50,12.50
Vanuatu,VUT,20200608,0.00,,2.00,1,2.00,1,4.00,1,1.00,1,1.00,1,1.00,1,4.00,1.00,0,0.00,0.00,0.00,2.00,1,1.00,1.00,0.00,0.00,,,,66.67,66.67,72.62,72.62,54.49,54.49,62.12,62.12,12.50,12.50
Vanuatu,VUT,20200609,0.00,,2.00,1,2.00,1,4.00,1,1.00,1,1.00,1,1.00,1,4.00,1.00,0,0.00,0.00,0.00,2.00,1,1.00,1.00,0.00,0.00,,,,66.67,66.67,72.62,72.62,54.49,54.49,62.12,62.12,12.50,12.50
Vanuatu,VUT,20200610,0.00,,2.00,1,2.00,1,4.00,1,1.00,1,1.00,1,1.00,1,4.00,1.00,0,0.00,0.00,0.00,2.00,1,1.00,1.00,0.00,0.00,,,,66.67,66.67,72.62,72.62,54.49,54.49,62.12,62.12,12.50,12.50
Vanuatu,VUT,20200611,0.00,,2.00,1,2.00,1,4.00,1,1.00,1,1.00,1,1.00,1,4.00,1.00,0,0.00,0.00,0.00,2.00,1,1.00,1.00,0.00,0.00,,,,66.67,66.67,72.62,72.62,54.49,54.49,62.12,62.12,12.50,12.50
Vanuatu,VUT,20200612,0.00,,2.00,1,2.00,1,4.00,1,1.00,1,1.00,1,1.00,1,4.00,1.00,0,0.00,0.00,0.00,2.00,1,1.00,1.00,0.00,0.00,,,,66.67,66.67,72.62,72.62,54.49,54.49,62.12,62.12,12.50,12.50
Vanuatu,VUT,20200613,0.00,,2.00,1,2.00,1,4.00,1,1.00,1,1.00,1,1.00,1,4.00,1.00,0,0.00,0.00,0.00,2.00,1,1.00,1.00,0.00,0.00,,,,66.67,66.67,72.62,72.62,54.49,54.49,62.12,62.12,12.50,12.50
Vanuatu,VUT,20200614,0.00,,2.00,1,2.00,1,4.00,1,1.00,1,1.00,1,1.00,1,4.00,1.00,0,0.00,0.00,0.00,2.00,1,1.00,1.00,0.00,0.00,,,,66.67,66.67,72.62,72.62,54.49,54.49,62.12,62.12,12.50,12.50
Vanuatu,VUT,20200615,0.00,,2.00,1,2.00,1,4.00,1,1.00,1,1.00,1,1.00,1,4.00,1.00,0,0.00,0.00,0.00,,,,,,,,,,55.56,55.56,58.33,58.33,,,,,12.50,12.50
Vanuatu,VUT,20200616,,,,,,,,,,,,,,,,,,,,,,,,,,,,,,,,,,,,,,,
Vanuatu,VUT,20200617,,,,,,,,,,,,,,,,,,,,,,,,,,,,,,,55.56,,58.33,,54.49,,62.12,,12.50
Vanuatu,VUT,20200618,,,,,,,,,,,,,,,,,,,,,,,,,,,,,,,55.56,,58.33,,54.49,,62.12,,12.50
Vanuatu,VUT,20200619,,,,,,,,,,,,,,,,,,,,,,,,,,,,,,,55.56,,58.33,,54.49,,62.12,,12.50
Vanuatu,VUT,20200620,,,,,,,,,,,,,,,,,,,,,,,,,,,,,,,55.56,,58.33,,54.49,,62.12,,12.50
Vanuatu,VUT,20200621,,,,,,,,,,,,,,,,,,,,,,,,,,,,,,,55.56,,58.33,,54.49,,62.12,,12.50
Vanuatu,VUT,20200622,,,,,,,,,,,,,,,,,,,,,,,,,,,,,,,55.56,,58.33,,54.49,,62.12,,12.50
Vanuatu,VUT,20200623,,,,,,,,,,,,,,,,,,,,,,,,,,,,,,,55.56,,58.33,,54.49,,62.12,,12.50
