Vietnam,VNM,20200101,0.00,,0.00,,0.00,,0.00,,0.00,,0.00,,0.00,,0.00,0.00,,0.00,0.00,0.00,0.00,,0.00,0.00,0.00,0.00,,0,0,0.00,0.00,0.00,0.00,0.00,0.00,0.00,0.00,0.00,0.00
Vietnam,VNM,20200102,0.00,,0.00,,0.00,,0.00,,0.00,,0.00,,0.00,,0.00,0.00,,0.00,0.00,0.00,0.00,,0.00,0.00,0.00,0.00,,0,0,0.00,0.00,0.00,0.00,0.00,0.00,0.00,0.00,0.00,0.00
Vietnam,VNM,20200103,0.00,,0.00,,0.00,,0.00,,0.00,,0.00,,0.00,,0.00,0.00,,0.00,0.00,0.00,0.00,,0.00,0.00,0.00,0.00,,0,0,0.00,0.00,0.00,0.00,0.00,0.00,0.00,0.00,0.00,0.00
Vietnam,VNM,20200104,0.00,,0.00,,0.00,,0.00,,0.00,,0.00,,0.00,,0.00,0.00,,0.00,0.00,0.00,0.00,,0.00,0.00,0.00,0.00,,0,0,0.00,0.00,0.00,0.00,0.00,0.00,0.00,0.00,0.00,0.00
Vietnam,VNM,20200105,0.00,,0.00,,0.00,,0.00,,0.00,,0.00,,0.00,,0.00,0.00,,0.00,0.00,0.00,0.00,,0.00,0.00,0.00,0.00,,0,0,0.00,0.00,0.00,0.00,0.00,0.00,0.00,0.00,0.00,0.00
Vietnam,VNM,20200106,0.00,,0.00,,0.00,,0.00,,0.00,,0.00,,0.00,,0.00,0.00,,0.00,0.00,0.00,0.00,,0.00,0.00,0.00,0.00,,0,0,0.00,0.00,0.00,0.00,0.00,0.00,0.00,0.00,0.00,0.00
Vietnam,VNM,20200107,0.00,,0.00,,0.00,,0.00,,0.00,,0.00,,0.00,,0.00,0.00,,0.00,0.00,0.00,0.00,,0.00,0.00,0.00,0.00,,0,0,0.00,0.00,0.00,0.00,0.00,0.00,0.00,0.00,0.00,0.00
Vietnam,VNM,20200108,0.00,,0.00,,0.00,,0.00,,0.00,,0.00,,0.00,,0.00,0.00,,0.00,0.00,0.00,0.00,,0.00,0.00,0.00,0.00,,0,0,0.00,0.00,0.00,0.00,0.00,0.00,0.00,0.00,0.00,0.00
Vietnam,VNM,20200109,0.00,,0.00,,0.00,,0.00,,0.00,,0.00,,0.00,,0.00,0.00,,0.00,0.00,0.00,0.00,,0.00,0.00,0.00,0.00,,0,0,0.00,0.00,0.00,0.00,0.00,0.00,0.00,0.00,0.00,0.00
Vietnam,VNM,20200110,0.00,,0.00,,0.00,,0.00,,0.00,,0.00,,0.00,,0.00,0.00,,0.00,0.00,0.00,0.00,,0.00,0.00,0.00,0.00,,0,0,0.00,0.00,0.00,0.00,0.00,0.00,0.00,0.00,0.00,0.00
Vietnam,VNM,20200111,0.00,,0.00,,0.00,,0.00,,0.00,,0.00,,0.00,,0.00,0.00,,0.00,0.00,0.00,0.00,,0.00,0.00,0.00,0.00,,0,0,0.00,0.00,0.00,0.00,0.00,0.00,0.00,0.00,0.00,0.00
Vietnam,VNM,20200112,0.00,,0.00,,0.00,,0.00,,0.00,,0.00,,0.00,,0.00,0.00,,0.00,0.00,0.00,0.00,,0.00,0.00,0.00,0.00,,0,0,0.00,0.00,0.00,0.00,0.00,0.00,0.00,0.00,0.00,0.00
Vietnam,VNM,20200113,0.00,,0.00,,0.00,,0.00,,0.00,,0.00,,0.00,,0.00,0.00,,0.00,0.00,0.00,0.00,,0.00,0.00,0.00,0.00,,0,0,0.00,0.00,0.00,0.00,0.00,0.00,0.00,0.00,0.00,0.00
Vietnam,VNM,20200114,0.00,,0.00,,0.00,,0.00,,0.00,,0.00,,0.00,,0.00,0.00,,0.00,0.00,0.00,0.00,,0.00,0.00,0.00,0.00,,0,0,0.00,0.00,0.00,0.00,0.00,0.00,0.00,0.00,0.00,0.00
Vietnam,VNM,20200115,0.00,,0.00,,0.00,,0.00,,0.00,,0.00,,0.00,,0.00,0.00,,0.00,0.00,0.00,0.00,,0.00,0.00,0.00,0.00,,0,0,0.00,0.00,0.00,0.00,0.00,0.00,0.00,0.00,0.00,0.00
Vietnam,VNM,20200116,0.00,,0.00,,0.00,,0.00,,0.00,,0.00,,0.00,,0.00,0.00,,0.00,0.00,0.00,0.00,,0.00,0.00,0.00,0.00,,0,0,0.00,0.00,0.00,0.00,0.00,0.00,0.00,0.00,0.00,0.00
Vietnam,VNM,20200117,0.00,,0.00,,0.00,,0.00,,0.00,,0.00,,0.00,,0.00,0.00,,0.00,0.00,0.00,0.00,,0.00,0.00,0.00,0.00,,0,0,0.00,0.00,0.00,0.00,0.00,0.00,0.00,0.00,0.00,0.00
Vietnam,VNM,20200118,0.00,,0.00,,0.00,,0.00,,0.00,,0.00,,0.00,,0.00,0.00,,0.00,0.00,0.00,0.00,,0.00,0.00,0.00,0.00,,0,0,0.00,0.00,0.00,0.00,0.00,0.00,0.00,0.00,0.00,0.00
Vietnam,VNM,20200119,0.00,,0.00,,0.00,,0.00,,0.00,,0.00,,0.00,,0.00,0.00,,0.00,0.00,0.00,0.00,,0.00,0.00,0.00,0.00,,0,0,0.00,0.00,0.00,0.00,0.00,0.00,0.00,0.00,0.00,0.00
Vietnam,VNM,20200120,0.00,,0.00,,0.00,,0.00,,0.00,,0.00,,0.00,,0.00,0.00,,0.00,0.00,0.00,0.00,,0.00,0.00,0.00,0.00,,0,0,0.00,0.00,0.00,0.00,0.00,0.00,0.00,0.00,0.00,0.00
Vietnam,VNM,20200121,0.00,,0.00,,0.00,,0.00,,0.00,,0.00,,0.00,,0.00,0.00,,0.00,0.00,0.00,0.00,,0.00,0.00,0.00,0.00,,0,0,0.00,0.00,0.00,0.00,0.00,0.00,0.00,0.00,0.00,0.00
Vietnam,VNM,20200122,0.00,,0.00,,0.00,,0.00,,0.00,,0.00,,0.00,,0.00,0.00,,0.00,0.00,0.00,0.00,,0.00,0.00,0.00,0.00,,0,0,0.00,0.00,0.00,0.00,0.00,0.00,0.00,0.00,0.00,0.00
Vietnam,VNM,20200123,0.00,,0.00,,0.00,,0.00,,0.00,,0.00,,0.00,,0.00,0.00,,0.00,0.00,0.00,0.00,,0.00,0.00,0.00,0.00,,0,0,0.00,0.00,0.00,0.00,0.00,0.00,0.00,0.00,0.00,0.00
Vietnam,VNM,20200124,0.00,,0.00,,0.00,,0.00,,0.00,,0.00,,0.00,,0.00,0.00,,0.00,0.00,0.00,0.00,,0.00,0.00,0.00,0.00,,2,0,0.00,0.00,0.00,0.00,0.00,0.00,0.00,0.00,0.00,0.00
Vietnam,VNM,20200125,0.00,,0.00,,0.00,,0.00,,0.00,,0.00,,0.00,,1.00,0.00,,0.00,0.00,0.00,0.00,,0.00,0.00,0.00,0.00,,2,0,2.78,2.78,3.57,3.57,1.92,1.92,2.27,2.27,0.00,0.00
Vietnam,VNM,20200126,0.00,,0.00,,0.00,,0.00,,0.00,,0.00,,0.00,,1.00,0.00,,0.00,0.00,0.00,0.00,,0.00,0.00,0.00,0.00,,2,0,2.78,2.78,3.57,3.57,1.92,1.92,2.27,2.27,0.00,0.00
Vietnam,VNM,20200127,0.00,,0.00,,0.00,,0.00,,0.00,,0.00,,0.00,,1.00,0.00,,0.00,0.00,0.00,0.00,,1.00,0.00,0.00,0.00,,2,0,2.78,2.78,3.57,3.57,4.49,4.49,5.30,5.30,0.00,0.00
Vietnam,VNM,20200128,0.00,,0.00,,0.00,,0.00,,0.00,,0.00,,0.00,,1.00,0.00,,0.00,0.00,0.00,0.00,,1.00,0.00,0.00,0.00,,2,0,2.78,2.78,3.57,3.57,4.49,4.49,5.30,5.30,0.00,0.00
Vietnam,VNM,20200129,3.00,0,0.00,,0.00,,0.00,,0.00,,0.00,,0.00,,1.00,0.00,,0.00,0.00,0.00,2.00,1,1.00,0.00,0.00,0.00,,2,0,23.15,23.15,28.57,28.57,18.59,18.59,21.97,21.97,0.00,0.00
Vietnam,VNM,20200130,3.00,0,0.00,,0.00,,0.00,,0.00,,0.00,,0.00,,2.00,0.00,,0.00,0.00,0.00,2.00,1,1.00,0.00,0.00,0.00,,2,0,25.93,25.93,32.14,32.14,20.51,20.51,24.24,24.24,0.00,0.00
Vietnam,VNM,20200131,3.00,0,0.00,,0.00,,0.00,,0.00,,0.00,,0.00,,2.00,0.00,,0.00,0.00,0.00,2.00,1,1.00,0.00,0.00,0.00,,5,0,25.93,25.93,32.14,32.14,20.51,20.51,24.24,24.24,0.00,0.00
Vietnam,VNM,20200201,3.00,0,0.00,,0.00,,0.00,,0.00,,0.00,,0.00,,3.00,0.00,,0.00,0.00,0.00,2.00,1,1.00,0.00,0.00,0.00,,5,0,28.70,28.70,35.71,35.71,22.44,22.44,26.52,26.52,0.00,0.00
Vietnam,VNM,20200202,3.00,0,0.00,,0.00,,0.00,,0.00,,0.00,,0.00,,3.00,0.00,,0.00,0.00,0.00,2.00,1,1.00,0.00,0.00,0.00,,7,0,28.70,28.70,35.71,35.71,22.44,22.44,26.52,26.52,0.00,0.00
Vietnam,VNM,20200203,3.00,0,0.00,,0.00,,0.00,,0.00,,0.00,,0.00,,3.00,0.00,,0.00,0.00,0.00,2.00,1,1.00,0.00,0.00,0.00,,8,0,28.70,28.70,35.71,35.71,22.44,22.44,26.52,26.52,0.00,0.00
Vietnam,VNM,20200204,3.00,0,0.00,,0.00,,0.00,,0.00,,0.00,,0.00,,3.00,0.00,,0.00,0.00,0.00,2.00,1,1.00,0.00,0.00,0.00,,9,0,28.70,28.70,35.71,35.71,22.44,22.44,26.52,26.52,0.00,0.00
Vietnam,VNM,20200205,3.00,0,0.00,,0.00,,0.00,,0.00,,0.00,,0.00,,3.00,0.00,,0.00,0.00,0.00,2.00,1,1.00,0.00,0.00,0.00,,10,0,28.70,28.70,35.71,35.71,22.44,22.44,26.52,26.52,0.00,0.00
Vietnam,VNM,20200206,3.00,0,0.00,,0.00,,0.00,,0.00,,0.00,,0.00,,3.00,0.00,,0.00,0.00,0.00,2.00,1,1.00,0.00,0.00,0.00,,10,0,28.70,28.70,35.71,35.71,22.44,22.44,26.52,26.52,0.00,0.00
Vietnam,VNM,20200207,3.00,0,0.00,,0.00,,0.00,,0.00,,0.00,,0.00,,3.00,0.00,,0.00,0.00,0.00,2.00,1,2.00,1.00,0.00,0.00,,12,0,28.70,28.70,35.71,35.71,28.85,28.85,34.09,34.09,0.00,0.00
Vietnam,VNM,20200208,3.00,0,0.00,,2.00,0,0.00,,0.00,,0.00,,0.00,,3.00,0.00,,0.00,0.00,0.00,2.00,1,2.00,1.00,0.00,0.00,,13,0,37.04,37.04,45.24,45.24,34.62,34.62,40.91,40.91,0.00,0.00
Vietnam,VNM,20200209,3.00,0,0.00,,2.00,0,0.00,,0.00,,0.00,,0.00,,3.00,0.00,,0.00,0.00,0.00,2.00,1,2.00,1.00,0.00,0.00,,14,0,37.04,37.04,45.24,45.24,34.62,34.62,40.91,40.91,0.00,0.00
Vietnam,VNM,20200210,3.00,0,0.00,,2.00,0,0.00,,0.00,,0.00,,0.00,,3.00,0.00,,0.00,0.00,0.00,2.00,1,2.00,1.00,0.00,0.00,,14,0,37.04,37.04,45.24,45.24,34.62,34.62,40.91,40.91,0.00,0.00
Vietnam,VNM,20200211,3.00,0,0.00,,2.00,0,0.00,,0.00,,0.00,,0.00,,3.00,0.00,,0.00,0.00,0.00,2.00,1,2.00,1.00,0.00,0.00,,15,0,37.04,37.04,45.24,45.24,34.62,34.62,40.91,40.91,0.00,0.00
Vietnam,VNM,20200212,3.00,0,0.00,,2.00,0,0.00,,0.00,,0.00,,0.00,,3.00,0.00,,0.00,0.00,0.00,2.00,1,2.00,1.00,0.00,0.00,,15,0,37.04,37.04,45.24,45.24,34.62,34.62,40.91,40.91,0.00,0.00
Vietnam,VNM,20200213,3.00,0,0.00,,2.00,0,0.00,,0.00,,0.00,,2.00,0,3.00,0.00,,0.00,0.00,0.00,2.00,1,2.00,1.00,0.00,0.00,,16,0,45.37,45.37,54.76,54.76,40.38,40.38,47.73,47.73,0.00,0.00
Vietnam,VNM,20200214,3.00,0,0.00,,2.00,0,0.00,,0.00,,0.00,,2.00,0,3.00,0.00,,0.00,0.00,0.00,2.00,1,2.00,1.00,0.00,0.00,,16,0,45.37,45.37,54.76,54.76,40.38,40.38,47.73,47.73,0.00,0.00
Vietnam,VNM,20200215,3.00,1,0.00,,2.00,0,0.00,,0.00,,0.00,,2.00,0,3.00,0.00,,0.00,0.00,0.00,2.00,1,2.00,1.00,0.00,0.00,,16,0,47.22,47.22,58.33,58.33,41.67,41.67,49.24,49.24,0.00,0.00
Vietnam,VNM,20200216,3.00,1,0.00,,2.00,0,0.00,,0.00,,0.00,,2.00,0,3.00,0.00,,0.00,0.00,0.00,2.00,1,2.00,1.00,0.00,0.00,,16,0,47.22,47.22,58.33,58.33,41.67,41.67,49.24,49.24,0.00,0.00
Vietnam,VNM,20200217,3.00,1,0.00,,2.00,0,0.00,,0.00,,0.00,,2.00,0,3.00,0.00,,0.00,0.00,0.00,2.00,1,2.00,1.00,0.00,0.00,,16,0,47.22,47.22,58.33,58.33,41.67,41.67,49.24,49.24,0.00,0.00
Vietnam,VNM,20200218,3.00,1,0.00,,2.00,0,0.00,,0.00,,0.00,,2.00,0,3.00,0.00,,0.00,0.00,0.00,2.00,1,2.00,1.00,0.00,0.00,,16,0,47.22,47.22,58.33,58.33,41.67,41.67,49.24,49.24,0.00,0.00
Vietnam,VNM,20200219,3.00,1,0.00,,2.00,0,0.00,,0.00,,0.00,,2.00,0,3.00,0.00,,0.00,0.00,0.00,2.00,1,2.00,1.00,0.00,0.00,,16,0,47.22,47.22,58.33,58.33,41.67,41.67,49.24,49.24,0.00,0.00
Vietnam,VNM,20200220,3.00,1,0.00,,2.00,0,0.00,,0.00,,0.00,,2.00,0,3.00,0.00,,0.00,0.00,0.00,2.00,1,2.00,1.00,0.00,0.00,,16,0,47.22,47.22,58.33,58.33,41.67,41.67,49.24,49.24,0.00,0.00
Vietnam,VNM,20200221,3.00,1,0.00,,2.00,0,0.00,,0.00,,0.00,,2.00,0,3.00,0.00,,0.00,0.00,0.00,2.00,1,2.00,1.00,0.00,0.00,,16,0,47.22,47.22,58.33,58.33,41.67,41.67,49.24,49.24,0.00,0.00
Vietnam,VNM,20200222,3.00,1,0.00,,2.00,0,0.00,,0.00,,0.00,,2.00,0,3.00,0.00,,0.00,0.00,0.00,2.00,1,2.00,1.00,0.00,0.00,,16,0,47.22,47.22,58.33,58.33,41.67,41.67,49.24,49.24,0.00,0.00
Vietnam,VNM,20200223,3.00,1,0.00,,2.00,0,0.00,,0.00,,0.00,,2.00,0,3.00,0.00,,0.00,0.00,0.00,2.00,1,2.00,1.00,0.00,0.00,,16,0,47.22,47.22,58.33,58.33,41.67,41.67,49.24,49.24,0.00,0.00
Vietnam,VNM,20200224,3.00,1,0.00,,2.00,0,0.00,,0.00,,0.00,,2.00,0,3.00,0.00,,0.00,0.00,0.00,2.00,1,2.00,1.00,0.00,0.00,,16,0,47.22,47.22,58.33,58.33,41.67,41.67,49.24,49.24,0.00,0.00
Vietnam,VNM,20200225,3.00,1,0.00,,2.00,0,0.00,,0.00,,0.00,,2.00,0,3.00,0.00,,0.00,0.00,0.00,2.00,1,2.00,1.00,0.00,0.00,,16,0,47.22,47.22,58.33,58.33,41.67,41.67,49.24,49.24,0.00,0.00
Vietnam,VNM,20200226,3.00,1,0.00,,2.00,0,0.00,,0.00,,0.00,,2.00,0,3.00,0.00,,0.00,0.00,0.00,2.00,1,2.00,1.00,0.00,0.00,,16,0,47.22,47.22,58.33,58.33,41.67,41.67,49.24,49.24,0.00,0.00
Vietnam,VNM,20200227,3.00,1,0.00,,2.00,0,0.00,,0.00,,0.00,,2.00,0,3.00,0.00,,0.00,0.00,0.00,2.00,1,2.00,1.00,0.00,0.00,,16,0,47.22,47.22,58.33,58.33,41.67,41.67,49.24,49.24,0.00,0.00
Vietnam,VNM,20200228,3.00,1,0.00,,2.00,0,0.00,,0.00,,0.00,,2.00,0,3.00,0.00,,0.00,0.00,0.00,2.00,1,2.00,1.00,0.00,0.00,,16,0,47.22,47.22,58.33,58.33,41.67,41.67,49.24,49.24,0.00,0.00
Vietnam,VNM,20200229,3.00,1,0.00,,2.00,0,0.00,,0.00,,0.00,,2.00,0,3.00,0.00,,0.00,0.00,0.00,2.00,1,2.00,1.00,0.00,0.00,,16,0,47.22,47.22,58.33,58.33,41.67,41.67,49.24,49.24,0.00,0.00
Vietnam,VNM,20200301,3.00,1,0.00,,2.00,0,0.00,,0.00,,0.00,,2.00,0,3.00,0.00,,0.00,0.00,0.00,2.00,1,2.00,1.00,0.00,0.00,,16,0,47.22,47.22,58.33,58.33,41.67,41.67,49.24,49.24,0.00,0.00
Vietnam,VNM,20200302,3.00,1,0.00,,2.00,0,0.00,,0.00,,0.00,,2.00,0,3.00,0.00,,0.00,0.00,0.00,2.00,1,2.00,1.00,0.00,0.00,,16,0,47.22,47.22,58.33,58.33,41.67,41.67,49.24,49.24,0.00,0.00
Vietnam,VNM,20200303,3.00,1,0.00,,2.00,0,0.00,,0.00,,0.00,,2.00,0,3.00,0.00,,0.00,0.00,0.00,2.00,1,2.00,1.00,0.00,0.00,,,,47.22,47.22,58.33,58.33,41.67,41.67,49.24,49.24,0.00,0.00
Vietnam,VNM,20200304,3.00,1,0.00,,2.00,0,0.00,,0.00,,0.00,,2.00,0,3.00,0.00,,0.00,0.00,0.00,2.00,1,2.00,1.00,0.00,0.00,,,,47.22,47.22,58.33,58.33,41.67,41.67,49.24,49.24,0.00,0.00
Vietnam,VNM,20200305,3.00,1,0.00,,2.00,0,0.00,,0.00,,0.00,,2.00,0,3.00,0.00,,0.00,0.00,0.00,2.00,1,2.00,1.00,0.00,0.00,,,,47.22,47.22,58.33,58.33,41.67,41.67,49.24,49.24,0.00,0.00
Vietnam,VNM,20200306,3.00,1,0.00,,2.00,0,0.00,,0.00,,0.00,,2.00,0,3.00,0.00,,0.00,0.00,0.00,2.00,1,2.00,1.00,0.00,0.00,,,,47.22,47.22,58.33,58.33,41.67,41.67,49.24,49.24,0.00,0.00
Vietnam,VNM,20200307,3.00,1,0.00,,2.00,0,0.00,,0.00,,0.00,,2.00,0,3.00,0.00,,0.00,0.00,0.00,2.00,1,2.00,2.00,0.00,0.00,,17,0,47.22,47.22,58.33,58.33,45.51,45.51,53.79,53.79,0.00,0.00
Vietnam,VNM,20200308,3.00,1,0.00,,2.00,0,0.00,,0.00,,0.00,,2.00,0,3.00,0.00,,0.00,0.00,0.00,2.00,1,2.00,2.00,0.00,0.00,,21,0,47.22,47.22,58.33,58.33,45.51,45.51,53.79,53.79,0.00,0.00
Vietnam,VNM,20200309,3.00,1,0.00,,2.00,0,0.00,,0.00,,0.00,,2.00,0,3.00,0.00,,0.00,0.00,0.00,2.00,1,2.00,2.00,0.00,0.00,,30,0,47.22,47.22,58.33,58.33,45.51,45.51,53.79,53.79,0.00,0.00
Vietnam,VNM,20200310,3.00,1,0.00,,2.00,0,0.00,,0.00,,0.00,,2.00,0,3.00,0.00,,0.00,0.00,0.00,2.00,1,2.00,2.00,0.00,0.00,,34,0,47.22,47.22,58.33,58.33,45.51,45.51,53.79,53.79,0.00,0.00
Vietnam,VNM,20200311,3.00,1,0.00,,2.00,0,0.00,,0.00,,0.00,,2.00,0,3.00,0.00,,0.00,0.00,0.00,2.00,1,2.00,2.00,0.00,0.00,,38,0,47.22,47.22,58.33,58.33,45.51,45.51,53.79,53.79,0.00,0.00
Vietnam,VNM,20200312,3.00,1,0.00,,2.00,0,0.00,,0.00,,0.00,,2.00,0,3.00,0.00,,0.00,0.00,0.00,2.00,1,2.00,2.00,0.00,0.00,,39,0,47.22,47.22,58.33,58.33,45.51,45.51,53.79,53.79,0.00,0.00
Vietnam,VNM,20200313,3.00,1,0.00,,2.00,0,0.00,,0.00,,0.00,,2.00,0,3.00,0.00,,0.00,0.00,0.00,2.00,1,2.00,2.00,0.00,0.00,,44,0,47.22,47.22,58.33,58.33,45.51,45.51,53.79,53.79,0.00,0.00
Vietnam,VNM,20200314,3.00,1,0.00,,2.00,0,0.00,,0.00,,0.00,,2.00,0,3.00,0.00,,0.00,0.00,0.00,2.00,1,2.00,2.00,0.00,0.00,,53,0,47.22,47.22,58.33,58.33,45.51,45.51,53.79,53.79,0.00,0.00
Vietnam,VNM,20200315,3.00,1,0.00,,2.00,0,0.00,,0.00,,0.00,,2.00,0,3.00,0.00,,0.00,0.00,0.00,2.00,1,2.00,2.00,0.00,0.00,,53,0,47.22,47.22,58.33,58.33,45.51,45.51,53.79,53.79,0.00,0.00
Vietnam,VNM,20200316,3.00,1,0.00,,2.00,0,0.00,,0.00,,0.00,,2.00,0,3.00,0.00,,0.00,0.00,0.00,2.00,1,2.00,2.00,0.00,0.00,,57,0,47.22,47.22,58.33,58.33,45.51,45.51,53.79,53.79,0.00,0.00
Vietnam,VNM,20200317,3.00,1,0.00,,2.00,0,0.00,,0.00,,0.00,,2.00,0,3.00,0.00,,0.00,0.00,0.00,2.00,1,2.00,2.00,0.00,0.00,,61,0,47.22,47.22,58.33,58.33,45.51,45.51,53.79,53.79,0.00,0.00
Vietnam,VNM,20200318,3.00,1,0.00,,2.00,0,0.00,,0.00,,0.00,,2.00,0,3.00,0.00,,0.00,0.00,0.00,2.00,1,2.00,2.00,0.00,0.00,,68,0,47.22,47.22,58.33,58.33,45.51,45.51,53.79,53.79,0.00,0.00
Vietnam,VNM,20200319,3.00,1,0.00,,2.00,0,0.00,,0.00,,0.00,,2.00,0,3.00,0.00,,0.00,0.00,0.00,2.00,1,2.00,2.00,0.00,0.00,,76,0,47.22,47.22,58.33,58.33,45.51,45.51,53.79,53.79,0.00,0.00
Vietnam,VNM,20200320,3.00,1,0.00,,2.00,0,0.00,,0.00,,0.00,,2.00,0,3.00,0.00,,0.00,0.00,0.00,2.00,1,2.00,2.00,0.00,0.00,,87,0,47.22,47.22,58.33,58.33,45.51,45.51,53.79,53.79,0.00,0.00
Vietnam,VNM,20200321,3.00,1,0.00,,2.00,0,0.00,,0.00,,0.00,,2.00,0,3.00,0.00,,0.00,0.00,0.00,2.00,1,2.00,2.00,0.00,0.00,,88,0,47.22,47.22,58.33,58.33,45.51,45.51,53.79,53.79,0.00,0.00
Vietnam,VNM,20200322,3.00,1,0.00,,2.00,0,0.00,,0.00,,0.00,,2.00,0,4.00,0.00,,0.00,0.00,0.00,2.00,1,2.00,2.00,0.00,0.00,,95,0,50.00,50.00,61.90,61.90,47.44,47.44,56.06,56.06,0.00,0.00
Vietnam,VNM,20200323,3.00,1,0.00,,2.00,0,0.00,,0.00,,0.00,,2.00,0,4.00,0.00,,0.00,0.00,0.00,2.00,1,2.00,2.00,0.00,0.00,,121,0,50.00,50.00,61.90,61.90,47.44,47.44,56.06,56.06,0.00,0.00
Vietnam,VNM,20200324,3.00,1,0.00,,2.00,0,0.00,,0.00,,0.00,,2.00,0,4.00,0.00,,0.00,0.00,0.00,2.00,1,2.00,2.00,0.00,0.00,,132,0,50.00,50.00,61.90,61.90,47.44,47.44,56.06,56.06,0.00,0.00
Vietnam,VNM,20200325,3.00,1,2.00,0,2.00,0,0.00,,0.00,,0.00,,2.00,0,4.00,0.00,,0.00,0.00,0.00,2.00,1,2.00,2.00,0.00,0.00,,137,0,55.56,55.56,69.05,69.05,51.28,51.28,60.61,60.61,0.00,0.00
Vietnam,VNM,20200326,3.00,1,2.00,0,2.00,0,2.00,1,0.00,,0.00,,2.00,0,4.00,0.00,,0.00,0.00,0.00,2.00,1,2.00,2.00,0.00,0.00,,153,0,61.11,61.11,69.05,69.05,55.13,55.13,65.15,65.15,0.00,0.00
Vietnam,VNM,20200327,3.00,1,3.00,1,2.00,0,2.00,1,0.00,,0.00,,2.00,0,4.00,0.00,,0.00,0.00,0.00,2.00,1,2.00,2.00,0.00,0.00,,163,0,66.67,66.67,76.19,76.19,58.97,58.97,69.70,69.70,0.00,0.00
Vietnam,VNM,20200328,3.00,1,3.00,1,2.00,1,2.00,1,2.00,1,0.00,,2.00,1,4.00,0.00,,0.00,0.00,0.00,2.00,1,2.00,2.00,0.00,0.00,,171,0,83.33,83.33,100.00,100.00,70.51,70.51,83.33,83.33,0.00,0.00
Vietnam,VNM,20200329,3.00,1,3.00,1,2.00,1,2.00,1,2.00,1,0.00,,2.00,1,4.00,0.00,,0.00,0.00,0.00,2.00,1,2.00,2.00,0.00,0.00,,188,0,83.33,83.33,100.00,100.00,70.51,70.51,83.33,83.33,0.00,0.00
Vietnam,VNM,20200330,3.00,1,3.00,1,2.00,1,2.00,1,2.00,1,0.00,,2.00,1,4.00,0.00,,0.00,0.00,0.00,2.00,1,2.00,2.00,0.00,0.00,,203,0,83.33,83.33,100.00,100.00,70.51,70.51,83.33,83.33,0.00,0.00
Vietnam,VNM,20200331,3.00,1,3.00,1,2.00,1,2.00,1,2.00,1,0.00,,2.00,1,4.00,0.00,,0.00,0.00,0.00,2.00,1,2.00,2.00,0.00,0.00,,206,0,83.33,83.33,100.00,100.00,70.51,70.51,83.33,83.33,0.00,0.00
Vietnam,VNM,20200401,3.00,1,3.00,1,2.00,1,4.00,1,2.00,1,2.00,1,2.00,1,4.00,0.00,,0.00,0.00,0.00,2.00,1,2.00,2.00,0.00,0.00,,212,0,96.30,96.30,100.00,100.00,79.49,79.49,93.94,93.94,0.00,0.00
Vietnam,VNM,20200402,3.00,1,3.00,1,2.00,1,4.00,1,2.00,1,2.00,1,2.00,1,4.00,0.00,,0.00,0.00,0.00,2.00,1,2.00,2.00,0.00,0.00,,233,0,96.30,96.30,100.00,100.00,79.49,79.49,93.94,93.94,0.00,0.00
Vietnam,VNM,20200403,3.00,1,3.00,1,2.00,1,4.00,1,2.00,1,2.00,1,2.00,1,4.00,0.00,,0.00,0.00,0.00,2.00,1,2.00,2.00,0.00,0.00,,236,0,96.30,96.30,100.00,100.00,79.49,79.49,93.94,93.94,0.00,0.00
Vietnam,VNM,20200404,3.00,1,3.00,1,2.00,1,4.00,1,2.00,1,2.00,1,2.00,1,4.00,0.00,,0.00,0.00,0.00,2.00,1,2.00,2.00,0.00,0.00,,240,0,96.30,96.30,100.00,100.00,79.49,79.49,93.94,93.94,0.00,0.00
Vietnam,VNM,20200405,3.00,1,3.00,1,2.00,1,4.00,1,2.00,1,2.00,1,2.00,1,4.00,0.00,,0.00,0.00,0.00,2.00,1,2.00,2.00,0.00,0.00,,241,0,96.30,96.30,100.00,100.00,79.49,79.49,93.94,93.94,0.00,0.00
Vietnam,VNM,20200406,3.00,1,3.00,1,2.00,1,4.00,1,2.00,1,2.00,1,2.00,1,4.00,0.00,,0.00,2600000000.00,0.00,2.00,1,2.00,2.00,0.00,0.00,,245,0,96.30,96.30,100.00,100.00,79.49,79.49,93.94,93.94,0.00,0.00
Vietnam,VNM,20200407,3.00,1,3.00,1,2.00,1,4.00,1,2.00,1,2.00,1,2.00,1,4.00,0.00,,0.00,0.00,0.00,2.00,1,2.00,2.00,0.00,0.00,,251,0,96.30,96.30,100.00,100.00,79.49,79.49,93.94,93.94,0.00,0.00
Vietnam,VNM,20200408,3.00,1,3.00,1,2.00,1,4.00,1,2.00,1,2.00,1,2.00,1,4.00,0.00,,0.00,7630000000.00,0.00,2.00,1,2.00,2.00,0.00,0.00,,251,0,96.30,96.30,100.00,100.00,79.49,79.49,93.94,93.94,0.00,0.00
Vietnam,VNM,20200409,3.00,1,3.00,1,2.00,1,4.00,1,2.00,1,2.00,1,2.00,1,4.00,1.00,1,0.00,0.00,0.00,2.00,1,3.00,2.00,0.00,0.00,,255,0,96.30,96.30,100.00,100.00,85.90,85.90,96.97,96.97,25.00,25.00
Vietnam,VNM,20200410,3.00,1,3.00,1,2.00,1,4.00,1,2.00,1,2.00,1,2.00,1,4.00,1.00,1,0.00,0.00,0.00,2.00,1,3.00,2.00,0.00,0.00,,257,0,96.30,96.30,100.00,100.00,85.90,85.90,96.97,96.97,25.00,25.00
Vietnam,VNM,20200411,3.00,1,3.00,1,2.00,1,4.00,1,2.00,1,2.00,1,2.00,1,4.00,1.00,1,0.00,0.00,0.00,2.00,1,3.00,2.00,0.00,0.00,,258,0,96.30,96.30,100.00,100.00,85.90,85.90,96.97,96.97,25.00,25.00
Vietnam,VNM,20200412,3.00,1,3.00,1,2.00,1,4.00,1,2.00,1,2.00,1,2.00,1,4.00,1.00,1,0.00,0.00,0.00,2.00,1,3.00,2.00,0.00,0.00,,262,0,96.30,96.30,100.00,100.00,85.90,85.90,96.97,96.97,25.00,25.00
Vietnam,VNM,20200413,3.00,1,3.00,1,2.00,1,4.00,1,2.00,1,2.00,1,2.00,1,4.00,1.00,1,0.00,0.00,0.00,2.00,1,3.00,2.00,0.00,0.00,,264,0,96.30,96.30,100.00,100.00,85.90,85.90,96.97,96.97,25.00,25.00
Vietnam,VNM,20200414,3.00,1,3.00,1,2.00,1,4.00,1,2.00,1,2.00,1,2.00,1,4.00,1.00,1,0.00,0.00,0.00,2.00,1,3.00,2.00,0.00,0.00,,267,0,96.30,96.30,100.00,100.00,85.90,85.90,96.97,96.97,25.00,25.00
Vietnam,VNM,20200415,3.00,0,3.00,0,2.00,1,4.00,0,2.00,1,2.00,0,2.00,0,4.00,1.00,1,0.00,0.00,0.00,2.00,1,3.00,2.00,0.00,0.00,,268,0,86.57,86.57,88.10,88.10,79.17,79.17,89.02,89.02,25.00,25.00
Vietnam,VNM,20200416,3.00,0,3.00,0,2.00,1,4.00,0,2.00,1,2.00,0,2.00,0,4.00,1.00,1,0.00,0.00,0.00,2.00,1,3.00,2.00,0.00,0.00,,268,0,86.57,86.57,88.10,88.10,79.17,79.17,89.02,89.02,25.00,25.00
Vietnam,VNM,20200417,3.00,0,3.00,0,2.00,1,4.00,0,2.00,1,2.00,0,2.00,0,4.00,1.00,1,0.00,0.00,0.00,2.00,1,3.00,2.00,0.00,0.00,,268,0,86.57,86.57,88.10,88.10,79.17,79.17,89.02,89.02,25.00,25.00
Vietnam,VNM,20200418,3.00,0,3.00,0,2.00,1,4.00,0,2.00,1,2.00,0,2.00,0,4.00,1.00,1,0.00,0.00,0.00,2.00,1,3.00,2.00,0.00,0.00,,268,0,86.57,86.57,88.10,88.10,79.17,79.17,89.02,89.02,25.00,25.00
Vietnam,VNM,20200419,3.00,0,3.00,0,2.00,1,4.00,0,2.00,1,2.00,0,2.00,0,4.00,1.00,1,0.00,0.00,0.00,2.00,1,3.00,2.00,0.00,0.00,,268,0,86.57,86.57,88.10,88.10,79.17,79.17,89.02,89.02,25.00,25.00
Vietnam,VNM,20200420,3.00,0,3.00,0,2.00,1,4.00,0,2.00,1,2.00,0,2.00,0,4.00,1.00,1,0.00,0.00,0.00,2.00,1,3.00,2.00,0.00,0.00,,268,0,86.57,86.57,88.10,88.10,79.17,79.17,89.02,89.02,25.00,25.00
Vietnam,VNM,20200421,3.00,0,3.00,0,2.00,1,4.00,0,2.00,1,2.00,0,2.00,0,4.00,1.00,1,0.00,0.00,0.00,2.00,1,3.00,2.00,0.00,0.00,,268,0,86.57,86.57,88.10,88.10,79.17,79.17,89.02,89.02,25.00,25.00
Vietnam,VNM,20200422,3.00,0,2.00,1,2.00,1,3.00,1,2.00,1,0.00,,2.00,0,4.00,1.00,1,0.00,0.00,0.00,2.00,1,3.00,2.00,0.00,0.00,,268,0,77.78,77.78,88.10,88.10,73.08,73.08,81.82,81.82,25.00,25.00
Vietnam,VNM,20200423,3.00,0,2.00,1,2.00,1,3.00,1,2.00,1,0.00,,2.00,0,4.00,1.00,1,0.00,0.00,0.00,2.00,1,3.00,2.00,0.00,0.00,,268,0,77.78,77.78,88.10,88.10,73.08,73.08,81.82,81.82,25.00,25.00
Vietnam,VNM,20200424,3.00,0,2.00,1,2.00,1,3.00,1,2.00,1,0.00,,2.00,0,4.00,1.00,1,0.00,0.00,0.00,2.00,1,3.00,2.00,0.00,0.00,,270,0,77.78,77.78,88.10,88.10,73.08,73.08,81.82,81.82,25.00,25.00
Vietnam,VNM,20200425,3.00,0,2.00,1,2.00,1,3.00,1,1.00,1,0.00,,2.00,0,4.00,1.00,1,0.00,0.00,50.00,2.00,1,3.00,2.00,0.00,0.00,,270,0,72.22,72.22,83.33,83.33,69.23,69.23,77.27,77.27,25.00,25.00
Vietnam,VNM,20200426,3.00,0,2.00,1,2.00,1,3.00,1,1.00,1,0.00,,2.00,1,4.00,1.00,1,0.00,0.00,0.00,2.00,1,3.00,2.00,0.00,0.00,,270,0,75.00,75.00,88.10,88.10,71.15,71.15,79.55,79.55,25.00,25.00
Vietnam,VNM,20200427,3.00,0,2.00,1,2.00,1,3.00,1,1.00,1,0.00,,2.00,1,4.00,1.00,1,0.00,0.00,0.00,2.00,1,3.00,2.00,0.00,0.00,,270,0,75.00,75.00,88.10,88.10,71.15,71.15,79.55,79.55,25.00,25.00
Vietnam,VNM,20200428,3.00,0,2.00,1,2.00,1,3.00,1,1.00,1,0.00,,2.00,1,4.00,1.00,1,0.00,0.00,0.00,2.00,1,3.00,2.00,0.00,0.00,,270,0,75.00,75.00,88.10,88.10,71.15,71.15,79.55,79.55,25.00,25.00
Vietnam,VNM,20200429,3.00,0,2.00,1,2.00,1,3.00,1,1.00,1,0.00,,2.00,1,4.00,1.00,1,0.00,0.00,0.00,2.00,1,3.00,2.00,0.00,0.00,,270,0,75.00,75.00,88.10,88.10,71.15,71.15,79.55,79.55,25.00,25.00
Vietnam,VNM,20200430,3.00,0,2.00,1,2.00,1,3.00,1,1.00,1,0.00,,2.00,1,4.00,1.00,1,0.00,0.00,0.00,2.00,1,3.00,2.00,0.00,0.00,,270,0,75.00,75.00,88.10,88.10,71.15,71.15,79.55,79.55,25.00,25.00
Vietnam,VNM,20200501,3.00,0,2.00,1,2.00,1,3.00,1,1.00,1,0.00,,2.00,1,4.00,1.00,1,0.00,0.00,0.00,2.00,1,3.00,2.00,0.00,0.00,,270,0,75.00,75.00,88.10,88.10,71.15,71.15,79.55,79.55,25.00,25.00
Vietnam,VNM,20200502,3.00,0,2.00,1,2.00,1,3.00,1,1.00,1,0.00,,2.00,1,4.00,1.00,1,0.00,0.00,0.00,2.00,1,3.00,2.00,0.00,0.00,,270,0,75.00,75.00,88.10,88.10,71.15,71.15,79.55,79.55,25.00,25.00
Vietnam,VNM,20200503,3.00,0,2.00,1,2.00,1,3.00,1,1.00,1,0.00,,2.00,1,4.00,1.00,1,0.00,0.00,0.00,2.00,1,3.00,2.00,0.00,0.00,,270,0,75.00,75.00,88.10,88.10,71.15,71.15,79.55,79.55,25.00,25.00
Vietnam,VNM,20200504,0.00,,2.00,1,2.00,1,3.00,1,1.00,1,0.00,,2.00,1,4.00,1.00,1,0.00,0.00,0.00,2.00,1,3.00,2.00,0.00,0.00,,271,0,65.74,65.74,77.38,77.38,64.74,64.74,71.97,71.97,25.00,25.00
Vietnam,VNM,20200505,0.00,,2.00,1,2.00,1,3.00,1,1.00,1,0.00,,2.00,1,4.00,1.00,1,0.00,0.00,0.00,2.00,1,3.00,2.00,0.00,0.00,,271,0,65.74,65.74,77.38,77.38,64.74,64.74,71.97,71.97,25.00,25.00
Vietnam,VNM,20200506,0.00,,2.00,1,2.00,1,3.00,1,1.00,1,0.00,,2.00,1,4.00,1.00,1,0.00,0.00,0.00,2.00,1,3.00,2.00,0.00,0.00,,271,0,65.74,65.74,77.38,77.38,64.74,64.74,71.97,71.97,25.00,25.00
Vietnam,VNM,20200507,0.00,,2.00,1,2.00,1,3.00,1,1.00,1,0.00,,2.00,1,4.00,1.00,1,0.00,7630000000.00,0.00,2.00,1,3.00,2.00,0.00,0.00,,271,0,65.74,65.74,77.38,77.38,64.74,64.74,71.97,71.97,25.00,25.00
Vietnam,VNM,20200508,0.00,,2.00,1,2.00,1,3.00,1,1.00,1,0.00,,2.00,1,4.00,1.00,1,0.00,0.00,0.00,2.00,1,3.00,2.00,0.00,0.00,,288,0,65.74,65.74,77.38,77.38,64.74,64.74,71.97,71.97,25.00,25.00
Vietnam,VNM,20200509,0.00,,2.00,1,2.00,1,3.00,1,1.00,1,0.00,,2.00,1,4.00,1.00,1,0.00,0.00,0.00,2.00,1,3.00,2.00,0.00,0.00,,288,0,65.74,65.74,77.38,77.38,64.74,64.74,71.97,71.97,25.00,25.00
Vietnam,VNM,20200510,0.00,,2.00,1,2.00,1,3.00,1,1.00,1,0.00,,2.00,1,4.00,1.00,1,0.00,0.00,0.00,2.00,1,3.00,2.00,0.00,0.00,,288,0,65.74,65.74,77.38,77.38,64.74,64.74,71.97,71.97,25.00,25.00
Vietnam,VNM,20200511,0.00,,2.00,1,2.00,1,3.00,1,1.00,1,0.00,,2.00,1,4.00,1.00,1,0.00,0.00,0.00,2.00,1,3.00,2.00,0.00,0.00,,288,0,65.74,65.74,77.38,77.38,64.74,64.74,71.97,71.97,25.00,25.00
Vietnam,VNM,20200512,0.00,,2.00,1,2.00,1,3.00,1,1.00,1,0.00,,2.00,1,4.00,1.00,1,0.00,0.00,0.00,2.00,1,3.00,2.00,0.00,0.00,,288,0,65.74,65.74,77.38,77.38,64.74,64.74,71.97,71.97,25.00,25.00
Vietnam,VNM,20200513,0.00,,2.00,1,2.00,1,3.00,1,1.00,1,0.00,,2.00,1,4.00,1.00,1,0.00,0.00,0.00,2.00,1,3.00,2.00,0.00,0.00,,288,0,65.74,65.74,77.38,77.38,64.74,64.74,71.97,71.97,25.00,25.00
Vietnam,VNM,20200514,0.00,,2.00,1,2.00,1,3.00,1,1.00,1,0.00,,2.00,1,4.00,1.00,1,0.00,0.00,0.00,2.00,1,3.00,2.00,0.00,0.00,,288,0,65.74,65.74,77.38,77.38,64.74,64.74,71.97,71.97,25.00,25.00
Vietnam,VNM,20200515,0.00,,2.00,1,2.00,1,3.00,1,1.00,1,0.00,,2.00,1,4.00,1.00,1,0.00,0.00,0.00,2.00,1,3.00,2.00,0.00,0.00,,312,0,65.74,65.74,77.38,77.38,64.74,64.74,71.97,71.97,25.00,25.00
Vietnam,VNM,20200516,0.00,,2.00,1,2.00,1,3.00,1,1.00,1,0.00,,2.00,1,4.00,1.00,1,0.00,0.00,0.00,2.00,1,3.00,2.00,0.00,0.00,,313,0,65.74,65.74,77.38,77.38,64.74,64.74,71.97,71.97,25.00,25.00
Vietnam,VNM,20200517,0.00,,2.00,1,2.00,1,3.00,1,1.00,1,0.00,,2.00,1,4.00,1.00,1,0.00,0.00,0.00,2.00,1,3.00,2.00,0.00,0.00,,318,0,65.74,65.74,77.38,77.38,64.74,64.74,71.97,71.97,25.00,25.00
Vietnam,VNM,20200518,0.00,,2.00,1,2.00,1,3.00,1,1.00,1,0.00,,2.00,1,4.00,1.00,1,0.00,0.00,0.00,2.00,1,3.00,2.00,0.00,0.00,,320,0,65.74,65.74,77.38,77.38,64.74,64.74,71.97,71.97,25.00,25.00
Vietnam,VNM,20200519,0.00,,2.00,1,2.00,1,3.00,1,1.00,1,0.00,,2.00,1,4.00,1.00,1,0.00,0.00,0.00,2.00,1,3.00,2.00,0.00,0.00,,324,0,65.74,65.74,77.38,77.38,64.74,64.74,71.97,71.97,25.00,25.00
Vietnam,VNM,20200520,0.00,,2.00,1,2.00,1,3.00,1,1.00,1,0.00,,2.00,1,4.00,1.00,1,0.00,0.00,0.00,2.00,1,3.00,2.00,0.00,0.00,,324,0,65.74,65.74,77.38,77.38,64.74,64.74,71.97,71.97,25.00,25.00
Vietnam,VNM,20200521,0.00,,2.00,1,2.00,1,3.00,1,1.00,1,0.00,,2.00,1,4.00,1.00,1,0.00,0.00,0.00,2.00,1,3.00,2.00,0.00,0.00,,324,0,65.74,65.74,77.38,77.38,64.74,64.74,71.97,71.97,25.00,25.00
Vietnam,VNM,20200522,0.00,,2.00,1,2.00,1,3.00,1,1.00,1,0.00,,2.00,1,4.00,1.00,1,0.00,0.00,0.00,2.00,1,3.00,2.00,0.00,0.00,,324,0,65.74,65.74,77.38,77.38,64.74,64.74,71.97,71.97,25.00,25.00
Vietnam,VNM,20200523,0.00,,2.00,1,2.00,1,3.00,1,1.00,1,0.00,,2.00,1,4.00,1.00,1,0.00,0.00,0.00,2.00,1,3.00,2.00,0.00,0.00,,324,0,65.74,65.74,77.38,77.38,64.74,64.74,71.97,71.97,25.00,25.00
Vietnam,VNM,20200524,0.00,,2.00,1,2.00,1,3.00,1,1.00,1,0.00,,2.00,1,4.00,1.00,1,0.00,0.00,0.00,2.00,1,3.00,2.00,0.00,0.00,,324,0,65.74,65.74,77.38,77.38,64.74,64.74,71.97,71.97,25.00,25.00
Vietnam,VNM,20200525,0.00,,2.00,1,2.00,1,3.00,1,1.00,1,0.00,,2.00,1,4.00,1.00,1,0.00,0.00,0.00,2.00,1,3.00,2.00,0.00,0.00,,325,0,65.74,65.74,77.38,77.38,64.74,64.74,71.97,71.97,25.00,25.00
Vietnam,VNM,20200526,0.00,,2.00,1,2.00,1,3.00,1,1.00,1,0.00,,2.00,1,4.00,1.00,1,0.00,0.00,0.00,2.00,1,3.00,2.00,0.00,0.00,,326,0,65.74,65.74,77.38,77.38,64.74,64.74,71.97,71.97,25.00,25.00
Vietnam,VNM,20200527,0.00,,2.00,1,2.00,1,3.00,1,1.00,1,0.00,,2.00,1,4.00,1.00,1,0.00,0.00,0.00,2.00,1,3.00,2.00,0.00,0.00,,327,0,65.74,65.74,77.38,77.38,64.74,64.74,71.97,71.97,25.00,25.00
Vietnam,VNM,20200528,0.00,,2.00,1,2.00,1,3.00,1,1.00,1,0.00,,2.00,1,4.00,1.00,1,0.00,0.00,0.00,2.00,1,3.00,2.00,0.00,0.00,,327,0,65.74,65.74,77.38,77.38,64.74,64.74,71.97,71.97,25.00,25.00
Vietnam,VNM,20200529,0.00,,2.00,1,2.00,1,3.00,1,1.00,1,0.00,,2.00,1,4.00,1.00,1,0.00,0.00,0.00,2.00,1,3.00,2.00,0.00,0.00,,327,0,65.74,65.74,77.38,77.38,64.74,64.74,71.97,71.97,25.00,25.00
Vietnam,VNM,20200530,0.00,,2.00,1,2.00,1,3.00,1,1.00,1,0.00,,2.00,1,4.00,1.00,1,0.00,0.00,0.00,2.00,1,3.00,2.00,0.00,0.00,,327,0,65.74,65.74,77.38,77.38,64.74,64.74,71.97,71.97,25.00,25.00
Vietnam,VNM,20200531,0.00,,2.00,1,2.00,1,3.00,1,1.00,1,0.00,,2.00,1,4.00,1.00,1,0.00,0.00,0.00,2.00,1,3.00,2.00,0.00,0.00,,327,0,65.74,65.74,77.38,77.38,64.74,64.74,71.97,71.97,25.00,25.00
Vietnam,VNM,20200601,0.00,,2.00,1,2.00,1,3.00,1,1.00,1,0.00,,2.00,1,4.00,1.00,1,0.00,0.00,0.00,2.00,1,3.00,2.00,0.00,0.00,,328,0,65.74,65.74,77.38,77.38,64.74,64.74,71.97,71.97,25.00,25.00
Vietnam,VNM,20200602,0.00,,2.00,1,2.00,1,3.00,1,1.00,1,0.00,,2.00,1,4.00,1.00,1,0.00,0.00,0.00,2.00,1,3.00,2.00,0.00,0.00,,328,0,65.74,65.74,77.38,77.38,64.74,64.74,71.97,71.97,25.00,25.00
Vietnam,VNM,20200603,0.00,,2.00,1,2.00,1,3.00,1,1.00,1,0.00,,2.00,1,4.00,1.00,1,0.00,0.00,0.00,2.00,1,3.00,2.00,0.00,0.00,,328,0,65.74,65.74,77.38,77.38,64.74,64.74,71.97,71.97,25.00,25.00
Vietnam,VNM,20200604,0.00,,2.00,1,2.00,1,3.00,1,1.00,1,0.00,,2.00,1,4.00,1.00,1,0.00,0.00,0.00,2.00,1,3.00,2.00,0.00,0.00,,328,0,65.74,65.74,77.38,77.38,64.74,64.74,71.97,71.97,25.00,25.00
Vietnam,VNM,20200605,0.00,,2.00,1,2.00,1,3.00,1,1.00,1,0.00,,2.00,1,4.00,1.00,1,0.00,0.00,0.00,2.00,1,3.00,2.00,0.00,0.00,,328,0,65.74,65.74,77.38,77.38,64.74,64.74,71.97,71.97,25.00,25.00
Vietnam,VNM,20200606,0.00,,2.00,1,2.00,1,3.00,1,1.00,1,0.00,,2.00,1,4.00,1.00,1,0.00,0.00,0.00,2.00,1,3.00,2.00,0.00,0.00,,329,0,65.74,65.74,77.38,77.38,64.74,64.74,71.97,71.97,25.00,25.00
Vietnam,VNM,20200607,0.00,,2.00,1,2.00,1,3.00,1,1.00,1,0.00,,2.00,1,4.00,1.00,1,0.00,0.00,0.00,2.00,1,3.00,2.00,0.00,0.00,,329,0,65.74,65.74,77.38,77.38,64.74,64.74,71.97,71.97,25.00,25.00
Vietnam,VNM,20200608,0.00,,2.00,1,2.00,1,3.00,1,1.00,1,0.00,,2.00,1,4.00,1.00,1,0.00,0.00,0.00,2.00,1,3.00,2.00,0.00,0.00,,331,0,65.74,65.74,77.38,77.38,64.74,64.74,71.97,71.97,25.00,25.00
Vietnam,VNM,20200609,0.00,,2.00,1,2.00,1,3.00,1,1.00,1,0.00,,2.00,1,4.00,1.00,1,0.00,0.00,0.00,2.00,1,3.00,2.00,0.00,0.00,,332,0,65.74,65.74,77.38,77.38,64.74,64.74,71.97,71.97,25.00,25.00
Vietnam,VNM,20200610,0.00,,2.00,1,2.00,1,3.00,1,1.00,1,0.00,,2.00,1,4.00,1.00,1,0.00,0.00,0.00,2.00,1,3.00,2.00,0.00,0.00,,332,0,65.74,65.74,77.38,77.38,64.74,64.74,71.97,71.97,25.00,25.00
Vietnam,VNM,20200611,0.00,,2.00,1,2.00,1,3.00,1,1.00,1,0.00,,2.00,1,4.00,1.00,1,0.00,0.00,0.00,2.00,1,3.00,2.00,0.00,0.00,,332,0,65.74,65.74,77.38,77.38,64.74,64.74,71.97,71.97,25.00,25.00
Vietnam,VNM,20200612,0.00,,2.00,1,2.00,1,3.00,1,1.00,1,0.00,,2.00,1,4.00,1.00,1,0.00,0.00,0.00,2.00,1,3.00,2.00,0.00,0.00,,332,0,65.74,65.74,77.38,77.38,64.74,64.74,71.97,71.97,25.00,25.00
Vietnam,VNM,20200613,0.00,,2.00,1,2.00,1,3.00,1,1.00,1,0.00,,2.00,1,4.00,1.00,1,0.00,0.00,0.00,2.00,1,3.00,2.00,0.00,0.00,,333,0,65.74,65.74,77.38,77.38,64.74,64.74,71.97,71.97,25.00,25.00
Vietnam,VNM,20200614,0.00,,2.00,1,2.00,1,3.00,1,1.00,1,0.00,,2.00,1,4.00,1.00,1,0.00,0.00,0.00,2.00,1,3.00,2.00,0.00,0.00,,334,0,65.74,65.74,77.38,77.38,64.74,64.74,71.97,71.97,25.00,25.00
Vietnam,VNM,20200615,0.00,,2.00,1,2.00,1,3.00,1,1.00,1,0.00,,2.00,1,4.00,1.00,1,0.00,0.00,0.00,2.00,1,3.00,2.00,0.00,0.00,,334,0,65.74,65.74,77.38,77.38,64.74,64.74,71.97,71.97,25.00,25.00
Vietnam,VNM,20200616,,,,,,,,,,,,,,,,,,,,,,,,,,,,334,0,,,,,,,,,,
Vietnam,VNM,20200617,,,,,,,,,,,,,,,,,,,,,,,,,,,,335,0,,65.74,,77.38,,64.74,,71.97,,25.00
Vietnam,VNM,20200618,,,,,,,,,,,,,,,,,,,,,,,,,,,,335,0,,65.74,,77.38,,64.74,,71.97,,25.00
Vietnam,VNM,20200619,,,,,,,,,,,,,,,,,,,,,,,,,,,,342,0,,65.74,,77.38,,64.74,,71.97,,25.00
Vietnam,VNM,20200620,,,,,,,,,,,,,,,,,,,,,,,,,,,,349,0,,65.74,,77.38,,64.74,,71.97,,25.00
Vietnam,VNM,20200621,,,,,,,,,,,,,,,,,,,,,,,,,,,,349,0,,65.74,,77.38,,64.74,,71.97,,25.00
Vietnam,VNM,20200622,,,,,,,,,,,,,,,,,,,,,,,,,,,,349,0,,65.74,,77.38,,64.74,,71.97,,25.00
Vietnam,VNM,20200623,,,,,,,,,,,,,,,,,,,,,,,,,,,,349,0,,65.74,,77.38,,64.74,,71.97,,25.00
