Yemen,YEM,20200101,0.00,,0.00,,0.00,,0.00,,0.00,,0.00,,0.00,,0.00,0.00,,0.00,0.00,0.00,0.00,,0.00,0.00,0.00,0.00,,,,0.00,0.00,0.00,0.00,0.00,0.00,0.00,0.00,0.00,0.00
Yemen,YEM,20200102,0.00,,0.00,,0.00,,0.00,,0.00,,0.00,,0.00,,0.00,0.00,,0.00,0.00,0.00,0.00,,0.00,0.00,0.00,0.00,,,,0.00,0.00,0.00,0.00,0.00,0.00,0.00,0.00,0.00,0.00
Yemen,YEM,20200103,0.00,,0.00,,0.00,,0.00,,0.00,,0.00,,0.00,,0.00,0.00,,0.00,0.00,0.00,0.00,,0.00,0.00,0.00,0.00,,,,0.00,0.00,0.00,0.00,0.00,0.00,0.00,0.00,0.00,0.00
Yemen,YEM,20200104,0.00,,0.00,,0.00,,0.00,,0.00,,0.00,,0.00,,0.00,0.00,,0.00,0.00,0.00,0.00,,0.00,0.00,0.00,0.00,,,,0.00,0.00,0.00,0.00,0.00,0.00,0.00,0.00,0.00,0.00
Yemen,YEM,20200105,0.00,,0.00,,0.00,,0.00,,0.00,,0.00,,0.00,,0.00,0.00,,0.00,0.00,0.00,0.00,,0.00,0.00,0.00,0.00,,,,0.00,0.00,0.00,0.00,0.00,0.00,0.00,0.00,0.00,0.00
Yemen,YEM,20200106,0.00,,0.00,,0.00,,0.00,,0.00,,0.00,,0.00,,0.00,0.00,,0.00,0.00,0.00,0.00,,0.00,0.00,0.00,0.00,,,,0.00,0.00,0.00,0.00,0.00,0.00,0.00,0.00,0.00,0.00
Yemen,YEM,20200107,0.00,,0.00,,0.00,,0.00,,0.00,,0.00,,0.00,,0.00,0.00,,0.00,0.00,0.00,0.00,,0.00,0.00,0.00,0.00,,,,0.00,0.00,0.00,0.00,0.00,0.00,0.00,0.00,0.00,0.00
Yemen,YEM,20200108,0.00,,0.00,,0.00,,0.00,,0.00,,0.00,,0.00,,0.00,0.00,,0.00,0.00,0.00,0.00,,0.00,0.00,0.00,0.00,,,,0.00,0.00,0.00,0.00,0.00,0.00,0.00,0.00,0.00,0.00
Yemen,YEM,20200109,0.00,,0.00,,0.00,,0.00,,0.00,,0.00,,0.00,,0.00,0.00,,0.00,0.00,0.00,0.00,,0.00,0.00,0.00,0.00,,,,0.00,0.00,0.00,0.00,0.00,0.00,0.00,0.00,0.00,0.00
Yemen,YEM,20200110,0.00,,0.00,,0.00,,0.00,,0.00,,0.00,,0.00,,0.00,0.00,,0.00,0.00,0.00,0.00,,0.00,0.00,0.00,0.00,,,,0.00,0.00,0.00,0.00,0.00,0.00,0.00,0.00,0.00,0.00
Yemen,YEM,20200111,0.00,,0.00,,0.00,,0.00,,0.00,,0.00,,0.00,,0.00,0.00,,0.00,0.00,0.00,0.00,,0.00,0.00,0.00,0.00,,,,0.00,0.00,0.00,0.00,0.00,0.00,0.00,0.00,0.00,0.00
Yemen,YEM,20200112,0.00,,0.00,,0.00,,0.00,,0.00,,0.00,,0.00,,0.00,0.00,,0.00,0.00,0.00,0.00,,0.00,0.00,0.00,0.00,,,,0.00,0.00,0.00,0.00,0.00,0.00,0.00,0.00,0.00,0.00
Yemen,YEM,20200113,0.00,,0.00,,0.00,,0.00,,0.00,,0.00,,0.00,,0.00,0.00,,0.00,0.00,0.00,0.00,,0.00,0.00,0.00,0.00,,,,0.00,0.00,0.00,0.00,0.00,0.00,0.00,0.00,0.00,0.00
Yemen,YEM,20200114,0.00,,0.00,,0.00,,0.00,,0.00,,0.00,,0.00,,0.00,0.00,,0.00,0.00,0.00,0.00,,0.00,0.00,0.00,0.00,,,,0.00,0.00,0.00,0.00,0.00,0.00,0.00,0.00,0.00,0.00
Yemen,YEM,20200115,0.00,,0.00,,0.00,,0.00,,0.00,,0.00,,0.00,,0.00,0.00,,0.00,0.00,0.00,0.00,,0.00,0.00,0.00,0.00,,,,0.00,0.00,0.00,0.00,0.00,0.00,0.00,0.00,0.00,0.00
Yemen,YEM,20200116,0.00,,0.00,,0.00,,0.00,,0.00,,0.00,,0.00,,0.00,0.00,,0.00,0.00,0.00,0.00,,0.00,0.00,0.00,0.00,,,,0.00,0.00,0.00,0.00,0.00,0.00,0.00,0.00,0.00,0.00
Yemen,YEM,20200117,0.00,,0.00,,0.00,,0.00,,0.00,,0.00,,0.00,,0.00,0.00,,0.00,0.00,0.00,0.00,,0.00,0.00,0.00,0.00,,,,0.00,0.00,0.00,0.00,0.00,0.00,0.00,0.00,0.00,0.00
Yemen,YEM,20200118,0.00,,0.00,,0.00,,0.00,,0.00,,0.00,,0.00,,0.00,0.00,,0.00,0.00,0.00,0.00,,0.00,0.00,0.00,0.00,,,,0.00,0.00,0.00,0.00,0.00,0.00,0.00,0.00,0.00,0.00
Yemen,YEM,20200119,0.00,,0.00,,0.00,,0.00,,0.00,,0.00,,0.00,,0.00,0.00,,0.00,0.00,0.00,0.00,,0.00,0.00,0.00,0.00,,,,0.00,0.00,0.00,0.00,0.00,0.00,0.00,0.00,0.00,0.00
Yemen,YEM,20200120,0.00,,0.00,,0.00,,0.00,,0.00,,0.00,,0.00,,0.00,0.00,,0.00,0.00,0.00,0.00,,0.00,0.00,0.00,0.00,,,,0.00,0.00,0.00,0.00,0.00,0.00,0.00,0.00,0.00,0.00
Yemen,YEM,20200121,0.00,,0.00,,0.00,,0.00,,0.00,,0.00,,0.00,,0.00,0.00,,0.00,0.00,0.00,0.00,,0.00,0.00,0.00,0.00,,,,0.00,0.00,0.00,0.00,0.00,0.00,0.00,0.00,0.00,0.00
Yemen,YEM,20200122,0.00,,0.00,,0.00,,0.00,,0.00,,0.00,,0.00,,0.00,0.00,,0.00,0.00,0.00,0.00,,0.00,0.00,0.00,0.00,,,,0.00,0.00,0.00,0.00,0.00,0.00,0.00,0.00,0.00,0.00
Yemen,YEM,20200123,0.00,,0.00,,0.00,,0.00,,0.00,,0.00,,0.00,,0.00,0.00,,0.00,0.00,0.00,0.00,,0.00,0.00,0.00,0.00,,,,0.00,0.00,0.00,0.00,0.00,0.00,0.00,0.00,0.00,0.00
Yemen,YEM,20200124,0.00,,0.00,,0.00,,0.00,,0.00,,0.00,,0.00,,0.00,0.00,,0.00,0.00,0.00,0.00,,0.00,0.00,0.00,0.00,,,,0.00,0.00,0.00,0.00,0.00,0.00,0.00,0.00,0.00,0.00
Yemen,YEM,20200125,0.00,,0.00,,0.00,,0.00,,0.00,,0.00,,0.00,,0.00,0.00,,0.00,0.00,0.00,0.00,,0.00,0.00,0.00,0.00,,,,0.00,0.00,0.00,0.00,0.00,0.00,0.00,0.00,0.00,0.00
Yemen,YEM,20200126,0.00,,0.00,,0.00,,0.00,,0.00,,0.00,,0.00,,0.00,0.00,,0.00,0.00,0.00,0.00,,0.00,0.00,0.00,0.00,,,,0.00,0.00,0.00,0.00,0.00,0.00,0.00,0.00,0.00,0.00
Yemen,YEM,20200127,0.00,,0.00,,0.00,,0.00,,0.00,,0.00,,0.00,,0.00,0.00,,0.00,0.00,0.00,0.00,,0.00,0.00,0.00,0.00,,,,0.00,0.00,0.00,0.00,0.00,0.00,0.00,0.00,0.00,0.00
Yemen,YEM,20200128,0.00,,0.00,,0.00,,0.00,,0.00,,0.00,,0.00,,0.00,0.00,,0.00,0.00,0.00,0.00,,0.00,0.00,0.00,0.00,,,,0.00,0.00,0.00,0.00,0.00,0.00,0.00,0.00,0.00,0.00
Yemen,YEM,20200129,0.00,,0.00,,0.00,,0.00,,0.00,,0.00,,0.00,,0.00,0.00,,0.00,0.00,0.00,0.00,,0.00,0.00,0.00,0.00,,,,0.00,0.00,0.00,0.00,0.00,0.00,0.00,0.00,0.00,0.00
Yemen,YEM,20200130,0.00,,0.00,,0.00,,0.00,,0.00,,0.00,,0.00,,0.00,0.00,,0.00,0.00,0.00,0.00,,0.00,0.00,0.00,0.00,,,,0.00,0.00,0.00,0.00,0.00,0.00,0.00,0.00,0.00,0.00
Yemen,YEM,20200131,0.00,,0.00,,0.00,,0.00,,0.00,,0.00,,0.00,,0.00,0.00,,0.00,0.00,0.00,0.00,,0.00,0.00,0.00,0.00,,,,0.00,0.00,0.00,0.00,0.00,0.00,0.00,0.00,0.00,0.00
Yemen,YEM,20200201,0.00,,0.00,,0.00,,0.00,,0.00,,0.00,,0.00,,0.00,0.00,,0.00,0.00,0.00,0.00,,0.00,0.00,0.00,0.00,,,,0.00,0.00,0.00,0.00,0.00,0.00,0.00,0.00,0.00,0.00
Yemen,YEM,20200202,0.00,,0.00,,0.00,,0.00,,0.00,,0.00,,0.00,,0.00,0.00,,0.00,0.00,0.00,0.00,,0.00,0.00,0.00,0.00,,,,0.00,0.00,0.00,0.00,0.00,0.00,0.00,0.00,0.00,0.00
Yemen,YEM,20200203,0.00,,0.00,,0.00,,0.00,,0.00,,0.00,,0.00,,0.00,0.00,,0.00,0.00,0.00,0.00,,0.00,0.00,0.00,0.00,,,,0.00,0.00,0.00,0.00,0.00,0.00,0.00,0.00,0.00,0.00
Yemen,YEM,20200204,0.00,,0.00,,0.00,,0.00,,0.00,,0.00,,0.00,,0.00,0.00,,0.00,0.00,0.00,0.00,,0.00,0.00,0.00,0.00,,,,0.00,0.00,0.00,0.00,0.00,0.00,0.00,0.00,0.00,0.00
Yemen,YEM,20200205,0.00,,0.00,,0.00,,0.00,,0.00,,0.00,,0.00,,0.00,0.00,,0.00,0.00,0.00,0.00,,0.00,0.00,0.00,0.00,,,,0.00,0.00,0.00,0.00,0.00,0.00,0.00,0.00,0.00,0.00
Yemen,YEM,20200206,0.00,,0.00,,0.00,,0.00,,0.00,,0.00,,0.00,,0.00,0.00,,0.00,0.00,0.00,0.00,,0.00,0.00,0.00,0.00,,,,0.00,0.00,0.00,0.00,0.00,0.00,0.00,0.00,0.00,0.00
Yemen,YEM,20200207,0.00,,0.00,,0.00,,0.00,,0.00,,0.00,,0.00,,0.00,0.00,,0.00,0.00,0.00,0.00,,0.00,0.00,0.00,0.00,,,,0.00,0.00,0.00,0.00,0.00,0.00,0.00,0.00,0.00,0.00
Yemen,YEM,20200208,0.00,,0.00,,0.00,,0.00,,0.00,,0.00,,0.00,,0.00,0.00,,0.00,0.00,0.00,0.00,,0.00,0.00,0.00,0.00,,,,0.00,0.00,0.00,0.00,0.00,0.00,0.00,0.00,0.00,0.00
Yemen,YEM,20200209,0.00,,0.00,,0.00,,0.00,,0.00,,0.00,,0.00,,0.00,0.00,,0.00,0.00,0.00,0.00,,0.00,0.00,0.00,0.00,,,,0.00,0.00,0.00,0.00,0.00,0.00,0.00,0.00,0.00,0.00
Yemen,YEM,20200210,0.00,,0.00,,0.00,,0.00,,0.00,,0.00,,0.00,,0.00,0.00,,0.00,0.00,0.00,0.00,,0.00,0.00,0.00,0.00,,,,0.00,0.00,0.00,0.00,0.00,0.00,0.00,0.00,0.00,0.00
Yemen,YEM,20200211,0.00,,0.00,,0.00,,0.00,,0.00,,0.00,,0.00,,0.00,0.00,,0.00,0.00,0.00,0.00,,0.00,0.00,0.00,0.00,,,,0.00,0.00,0.00,0.00,0.00,0.00,0.00,0.00,0.00,0.00
Yemen,YEM,20200212,0.00,,0.00,,0.00,,0.00,,0.00,,0.00,,0.00,,0.00,0.00,,0.00,0.00,0.00,0.00,,0.00,0.00,0.00,0.00,,,,0.00,0.00,0.00,0.00,0.00,0.00,0.00,0.00,0.00,0.00
Yemen,YEM,20200213,0.00,,0.00,,0.00,,0.00,,0.00,,0.00,,0.00,,0.00,0.00,,0.00,0.00,0.00,0.00,,0.00,0.00,0.00,0.00,,,,0.00,0.00,0.00,0.00,0.00,0.00,0.00,0.00,0.00,0.00
Yemen,YEM,20200214,0.00,,0.00,,0.00,,0.00,,0.00,,0.00,,0.00,,0.00,0.00,,0.00,0.00,0.00,0.00,,0.00,0.00,0.00,0.00,,,,0.00,0.00,0.00,0.00,0.00,0.00,0.00,0.00,0.00,0.00
Yemen,YEM,20200215,0.00,,0.00,,0.00,,0.00,,0.00,,0.00,,0.00,,0.00,0.00,,0.00,0.00,0.00,0.00,,0.00,0.00,0.00,0.00,,,,0.00,0.00,0.00,0.00,0.00,0.00,0.00,0.00,0.00,0.00
Yemen,YEM,20200216,0.00,,0.00,,0.00,,0.00,,0.00,,0.00,,0.00,,0.00,0.00,,0.00,0.00,0.00,0.00,,0.00,0.00,0.00,0.00,,,,0.00,0.00,0.00,0.00,0.00,0.00,0.00,0.00,0.00,0.00
Yemen,YEM,20200217,0.00,,0.00,,0.00,,0.00,,0.00,,0.00,,0.00,,0.00,0.00,,0.00,0.00,0.00,0.00,,0.00,0.00,0.00,0.00,,,,0.00,0.00,0.00,0.00,0.00,0.00,0.00,0.00,0.00,0.00
Yemen,YEM,20200218,0.00,,0.00,,0.00,,0.00,,0.00,,0.00,,0.00,,0.00,0.00,,0.00,0.00,0.00,0.00,,0.00,0.00,0.00,0.00,,,,0.00,0.00,0.00,0.00,0.00,0.00,0.00,0.00,0.00,0.00
Yemen,YEM,20200219,0.00,,0.00,,0.00,,0.00,,0.00,,0.00,,0.00,,0.00,0.00,,0.00,0.00,0.00,0.00,,0.00,0.00,0.00,0.00,,,,0.00,0.00,0.00,0.00,0.00,0.00,0.00,0.00,0.00,0.00
Yemen,YEM,20200220,0.00,,0.00,,0.00,,0.00,,0.00,,0.00,,0.00,,0.00,0.00,,0.00,0.00,0.00,0.00,,0.00,0.00,0.00,0.00,,,,0.00,0.00,0.00,0.00,0.00,0.00,0.00,0.00,0.00,0.00
Yemen,YEM,20200221,0.00,,0.00,,0.00,,0.00,,0.00,,0.00,,0.00,,0.00,0.00,,0.00,0.00,0.00,0.00,,0.00,0.00,0.00,0.00,,,,0.00,0.00,0.00,0.00,0.00,0.00,0.00,0.00,0.00,0.00
Yemen,YEM,20200222,0.00,,0.00,,0.00,,0.00,,0.00,,0.00,,0.00,,0.00,0.00,,0.00,0.00,0.00,0.00,,0.00,0.00,0.00,0.00,,,,0.00,0.00,0.00,0.00,0.00,0.00,0.00,0.00,0.00,0.00
Yemen,YEM,20200223,0.00,,0.00,,0.00,,0.00,,0.00,,0.00,,0.00,,0.00,0.00,,0.00,0.00,0.00,0.00,,0.00,0.00,0.00,0.00,,,,0.00,0.00,0.00,0.00,0.00,0.00,0.00,0.00,0.00,0.00
Yemen,YEM,20200224,0.00,,0.00,,0.00,,0.00,,0.00,,0.00,,0.00,,0.00,0.00,,0.00,0.00,0.00,0.00,,0.00,0.00,0.00,0.00,,,,0.00,0.00,0.00,0.00,0.00,0.00,0.00,0.00,0.00,0.00
Yemen,YEM,20200225,0.00,,0.00,,0.00,,0.00,,0.00,,0.00,,0.00,,0.00,0.00,,0.00,0.00,0.00,0.00,,0.00,0.00,0.00,0.00,,,,0.00,0.00,0.00,0.00,0.00,0.00,0.00,0.00,0.00,0.00
Yemen,YEM,20200226,0.00,,0.00,,0.00,,0.00,,0.00,,0.00,,0.00,,0.00,0.00,,0.00,0.00,0.00,0.00,,0.00,0.00,0.00,0.00,,,,0.00,0.00,0.00,0.00,0.00,0.00,0.00,0.00,0.00,0.00
Yemen,YEM,20200227,0.00,,0.00,,0.00,,0.00,,0.00,,0.00,,0.00,,0.00,0.00,,0.00,0.00,0.00,0.00,,0.00,0.00,0.00,0.00,,,,0.00,0.00,0.00,0.00,0.00,0.00,0.00,0.00,0.00,0.00
Yemen,YEM,20200228,0.00,,0.00,,0.00,,0.00,,0.00,,0.00,,0.00,,0.00,0.00,,0.00,0.00,0.00,0.00,,0.00,0.00,0.00,0.00,,,,0.00,0.00,0.00,0.00,0.00,0.00,0.00,0.00,0.00,0.00
Yemen,YEM,20200229,0.00,,0.00,,0.00,,0.00,,0.00,,0.00,,0.00,,0.00,0.00,,0.00,0.00,0.00,0.00,,0.00,0.00,0.00,0.00,,,,0.00,0.00,0.00,0.00,0.00,0.00,0.00,0.00,0.00,0.00
Yemen,YEM,20200301,0.00,,0.00,,0.00,,0.00,,0.00,,0.00,,0.00,,0.00,0.00,,0.00,0.00,0.00,0.00,,0.00,0.00,0.00,0.00,,,,0.00,0.00,0.00,0.00,0.00,0.00,0.00,0.00,0.00,0.00
Yemen,YEM,20200302,0.00,,0.00,,0.00,,0.00,,0.00,,0.00,,0.00,,0.00,0.00,,0.00,0.00,0.00,0.00,,0.00,0.00,0.00,0.00,,,,0.00,0.00,0.00,0.00,0.00,0.00,0.00,0.00,0.00,0.00
Yemen,YEM,20200303,0.00,,0.00,,0.00,,0.00,,0.00,,0.00,,0.00,,0.00,0.00,,0.00,0.00,0.00,0.00,,0.00,0.00,0.00,0.00,,,,0.00,0.00,0.00,0.00,0.00,0.00,0.00,0.00,0.00,0.00
Yemen,YEM,20200304,0.00,,0.00,,0.00,,0.00,,0.00,,0.00,,0.00,,0.00,0.00,,0.00,0.00,0.00,0.00,,0.00,0.00,0.00,0.00,,,,0.00,0.00,0.00,0.00,0.00,0.00,0.00,0.00,0.00,0.00
Yemen,YEM,20200305,0.00,,0.00,,0.00,,0.00,,0.00,,0.00,,0.00,,0.00,0.00,,0.00,0.00,0.00,0.00,,0.00,0.00,0.00,0.00,,,,0.00,0.00,0.00,0.00,0.00,0.00,0.00,0.00,0.00,0.00
Yemen,YEM,20200306,0.00,,0.00,,0.00,,0.00,,0.00,,0.00,,0.00,,0.00,0.00,,0.00,0.00,0.00,0.00,,0.00,0.00,0.00,0.00,,,,0.00,0.00,0.00,0.00,0.00,0.00,0.00,0.00,0.00,0.00
Yemen,YEM,20200307,0.00,,0.00,,0.00,,0.00,,0.00,,0.00,,0.00,,0.00,0.00,,0.00,0.00,0.00,0.00,,0.00,0.00,0.00,0.00,,,,0.00,0.00,0.00,0.00,0.00,0.00,0.00,0.00,0.00,0.00
Yemen,YEM,20200308,0.00,,0.00,,0.00,,0.00,,0.00,,0.00,,0.00,,0.00,0.00,,0.00,0.00,0.00,0.00,,0.00,0.00,0.00,0.00,,,,0.00,0.00,0.00,0.00,0.00,0.00,0.00,0.00,0.00,0.00
Yemen,YEM,20200309,0.00,,0.00,,0.00,,0.00,,0.00,,0.00,,0.00,,0.00,0.00,,0.00,0.00,0.00,0.00,,0.00,0.00,0.00,0.00,,,,0.00,0.00,0.00,0.00,0.00,0.00,0.00,0.00,0.00,0.00
Yemen,YEM,20200310,0.00,,0.00,,0.00,,0.00,,0.00,,0.00,,0.00,,0.00,0.00,,0.00,0.00,0.00,0.00,,0.00,0.00,0.00,0.00,,,,0.00,0.00,0.00,0.00,0.00,0.00,0.00,0.00,0.00,0.00
Yemen,YEM,20200311,0.00,,0.00,,0.00,,0.00,,0.00,,0.00,,0.00,,0.00,0.00,,0.00,0.00,0.00,0.00,,0.00,0.00,0.00,0.00,,,,0.00,0.00,0.00,0.00,0.00,0.00,0.00,0.00,0.00,0.00
Yemen,YEM,20200312,0.00,,0.00,,0.00,,0.00,,0.00,,0.00,,0.00,,0.00,0.00,,0.00,0.00,0.00,0.00,,0.00,0.00,0.00,0.00,,,,0.00,0.00,0.00,0.00,0.00,0.00,0.00,0.00,0.00,0.00
Yemen,YEM,20200313,0.00,,0.00,,0.00,,0.00,,0.00,,0.00,,0.00,,0.00,0.00,,0.00,0.00,0.00,0.00,,0.00,0.00,0.00,0.00,,,,0.00,0.00,0.00,0.00,0.00,0.00,0.00,0.00,0.00,0.00
Yemen,YEM,20200314,0.00,,0.00,,0.00,,0.00,,0.00,,0.00,,0.00,,0.00,0.00,,0.00,0.00,0.00,0.00,,0.00,0.00,0.00,0.00,,,,0.00,0.00,0.00,0.00,0.00,0.00,0.00,0.00,0.00,0.00
Yemen,YEM,20200315,3.00,1,0.00,,0.00,,0.00,,0.00,,0.00,,0.00,,0.00,0.00,,0.00,0.00,0.00,0.00,,0.00,0.00,0.00,0.00,,,,11.11,11.11,14.29,14.29,7.69,7.69,9.09,9.09,0.00,0.00
Yemen,YEM,20200316,3.00,1,0.00,,0.00,,0.00,,0.00,,0.00,,0.00,,0.00,0.00,,0.00,0.00,0.00,0.00,,0.00,0.00,0.00,0.00,,,,11.11,11.11,14.29,14.29,7.69,7.69,9.09,9.09,0.00,0.00
Yemen,YEM,20200317,3.00,1,0.00,,2.00,1,0.00,,0.00,,0.00,,0.00,,0.00,0.00,,0.00,0.00,0.00,0.00,,0.00,0.00,0.00,0.00,,,,22.22,22.22,28.57,28.57,15.38,15.38,18.18,18.18,0.00,0.00
Yemen,YEM,20200318,3.00,1,0.00,,2.00,1,0.00,,0.00,,0.00,,0.00,,0.00,0.00,,0.00,0.00,0.00,0.00,,0.00,0.00,0.00,0.00,,,,22.22,22.22,28.57,28.57,15.38,15.38,18.18,18.18,0.00,0.00
Yemen,YEM,20200319,3.00,1,0.00,,2.00,1,0.00,,0.00,,0.00,,0.00,,4.00,0.00,,0.00,0.00,0.00,0.00,,0.00,0.00,0.00,0.00,,,,33.33,33.33,42.86,42.86,23.08,23.08,27.27,27.27,0.00,0.00
Yemen,YEM,20200320,3.00,1,0.00,,2.00,1,0.00,,0.00,,0.00,,0.00,,4.00,0.00,,0.00,0.00,0.00,0.00,,0.00,0.00,0.00,0.00,,,,33.33,33.33,42.86,42.86,23.08,23.08,27.27,27.27,0.00,0.00
Yemen,YEM,20200321,3.00,1,0.00,,2.00,1,0.00,,0.00,,0.00,,0.00,,4.00,0.00,,0.00,0.00,0.00,1.00,1,0.00,0.00,0.00,0.00,,,,38.89,38.89,52.38,52.38,26.92,26.92,31.82,31.82,0.00,0.00
Yemen,YEM,20200322,3.00,1,0.00,,2.00,1,0.00,,0.00,,0.00,,0.00,,4.00,0.00,,0.00,0.00,0.00,1.00,1,0.00,0.00,0.00,0.00,,,,38.89,38.89,52.38,52.38,26.92,26.92,31.82,31.82,0.00,0.00
Yemen,YEM,20200323,3.00,1,0.00,,2.00,1,0.00,,0.00,,0.00,,0.00,,4.00,0.00,,0.00,0.00,0.00,1.00,1,0.00,0.00,0.00,0.00,,,,38.89,38.89,52.38,52.38,26.92,26.92,31.82,31.82,0.00,0.00
Yemen,YEM,20200324,3.00,1,0.00,,2.00,1,0.00,,0.00,,0.00,,0.00,,4.00,0.00,,0.00,0.00,0.00,1.00,1,0.00,0.00,0.00,0.00,,,,38.89,38.89,52.38,52.38,26.92,26.92,31.82,31.82,0.00,0.00
Yemen,YEM,20200325,3.00,1,0.00,,2.00,1,0.00,,0.00,,0.00,,0.00,,4.00,0.00,,0.00,0.00,0.00,1.00,1,0.00,0.00,0.00,0.00,,,,38.89,38.89,52.38,52.38,26.92,26.92,31.82,31.82,0.00,0.00
Yemen,YEM,20200326,3.00,1,0.00,,2.00,1,0.00,,0.00,,0.00,,0.00,,4.00,0.00,,0.00,0.00,0.00,1.00,1,0.00,0.00,0.00,0.00,,,,38.89,38.89,52.38,52.38,26.92,26.92,31.82,31.82,0.00,0.00
Yemen,YEM,20200327,3.00,1,0.00,,2.00,1,0.00,,0.00,,0.00,,0.00,,4.00,0.00,,0.00,0.00,0.00,1.00,1,0.00,0.00,0.00,0.00,,,,38.89,38.89,52.38,52.38,26.92,26.92,31.82,31.82,0.00,0.00
Yemen,YEM,20200328,3.00,1,0.00,,2.00,1,0.00,,0.00,,0.00,,0.00,,4.00,0.00,,0.00,0.00,0.00,1.00,1,0.00,0.00,0.00,0.00,,,,38.89,38.89,52.38,52.38,26.92,26.92,31.82,31.82,0.00,0.00
Yemen,YEM,20200329,3.00,1,0.00,,2.00,1,0.00,,0.00,,0.00,,0.00,,4.00,0.00,,0.00,0.00,0.00,1.00,1,0.00,0.00,0.00,0.00,,,,38.89,38.89,52.38,52.38,26.92,26.92,31.82,31.82,0.00,0.00
Yemen,YEM,20200330,3.00,1,0.00,,2.00,1,0.00,,0.00,,0.00,,0.00,,4.00,0.00,,0.00,0.00,0.00,1.00,1,0.00,0.00,0.00,0.00,,,,38.89,38.89,52.38,52.38,26.92,26.92,31.82,31.82,0.00,0.00
Yemen,YEM,20200331,3.00,1,0.00,,2.00,1,0.00,,0.00,,0.00,,0.00,,4.00,0.00,,0.00,0.00,0.00,1.00,1,0.00,0.00,0.00,0.00,,,,38.89,38.89,52.38,52.38,26.92,26.92,31.82,31.82,0.00,0.00
Yemen,YEM,20200401,3.00,1,0.00,,2.00,1,0.00,,0.00,,0.00,,0.00,,4.00,0.00,,0.00,0.00,0.00,1.00,1,0.00,0.00,0.00,0.00,,,,38.89,38.89,52.38,52.38,26.92,26.92,31.82,31.82,0.00,0.00
Yemen,YEM,20200402,3.00,1,0.00,,2.00,1,0.00,,0.00,,0.00,,0.00,,4.00,0.00,,0.00,0.00,0.00,1.00,1,0.00,0.00,0.00,0.00,,,,38.89,38.89,52.38,52.38,26.92,26.92,31.82,31.82,0.00,0.00
Yemen,YEM,20200403,3.00,1,0.00,,2.00,1,0.00,,0.00,,0.00,,0.00,,4.00,0.00,,0.00,0.00,0.00,1.00,1,0.00,0.00,0.00,0.00,,,,38.89,38.89,52.38,52.38,26.92,26.92,31.82,31.82,0.00,0.00
Yemen,YEM,20200404,3.00,1,0.00,,2.00,1,0.00,,0.00,,0.00,,0.00,,4.00,0.00,,0.00,0.00,0.00,1.00,1,0.00,0.00,0.00,0.00,,,,38.89,38.89,52.38,52.38,26.92,26.92,31.82,31.82,0.00,0.00
Yemen,YEM,20200405,3.00,1,0.00,,2.00,1,0.00,,0.00,,0.00,,0.00,,4.00,0.00,,0.00,0.00,0.00,1.00,1,0.00,0.00,0.00,0.00,,,,38.89,38.89,52.38,52.38,26.92,26.92,31.82,31.82,0.00,0.00
Yemen,YEM,20200406,3.00,1,0.00,,2.00,1,0.00,,0.00,,0.00,,0.00,,4.00,0.00,,0.00,0.00,0.00,1.00,1,0.00,0.00,0.00,0.00,,,,38.89,38.89,52.38,52.38,26.92,26.92,31.82,31.82,0.00,0.00
Yemen,YEM,20200407,3.00,1,0.00,,2.00,1,0.00,,0.00,,0.00,,0.00,,4.00,0.00,,0.00,0.00,0.00,1.00,1,0.00,0.00,0.00,0.00,,,,38.89,38.89,52.38,52.38,26.92,26.92,31.82,31.82,0.00,0.00
Yemen,YEM,20200408,3.00,1,0.00,,2.00,1,0.00,,0.00,,0.00,,0.00,,4.00,0.00,,0.00,0.00,0.00,1.00,1,0.00,0.00,0.00,0.00,,,,38.89,38.89,52.38,52.38,26.92,26.92,31.82,31.82,0.00,0.00
Yemen,YEM,20200409,3.00,1,0.00,,2.00,1,0.00,,0.00,,0.00,,0.00,,4.00,0.00,,0.00,0.00,0.00,1.00,1,0.00,0.00,0.00,0.00,,,,38.89,38.89,52.38,52.38,26.92,26.92,31.82,31.82,0.00,0.00
Yemen,YEM,20200410,3.00,1,1.00,0,2.00,1,0.00,,0.00,,0.00,,0.00,,4.00,0.00,,0.00,0.00,0.00,1.00,1,0.00,0.00,0.00,0.00,,1,0,40.74,40.74,55.95,55.95,28.21,28.21,33.33,33.33,0.00,0.00
Yemen,YEM,20200411,3.00,1,1.00,0,2.00,1,0.00,,0.00,,0.00,,0.00,,4.00,0.00,,0.00,0.00,0.00,1.00,1,0.00,0.00,0.00,0.00,,1,0,40.74,40.74,55.95,55.95,28.21,28.21,33.33,33.33,0.00,0.00
Yemen,YEM,20200412,3.00,1,1.00,0,2.00,1,0.00,,0.00,,0.00,,0.00,,4.00,0.00,,0.00,0.00,0.00,1.00,1,0.00,0.00,0.00,0.00,,1,0,40.74,40.74,55.95,55.95,28.21,28.21,33.33,33.33,0.00,0.00
Yemen,YEM,20200413,3.00,1,1.00,0,2.00,1,0.00,,0.00,,0.00,,0.00,,4.00,0.00,,0.00,0.00,0.00,1.00,1,0.00,0.00,0.00,0.00,,1,0,40.74,40.74,55.95,55.95,28.21,28.21,33.33,33.33,0.00,0.00
Yemen,YEM,20200414,3.00,1,1.00,0,2.00,1,0.00,,0.00,,0.00,,0.00,,4.00,0.00,,0.00,0.00,0.00,1.00,1,0.00,0.00,0.00,0.00,,1,0,40.74,40.74,55.95,55.95,28.21,28.21,33.33,33.33,0.00,0.00
Yemen,YEM,20200415,3.00,1,1.00,0,2.00,1,0.00,,0.00,,0.00,,0.00,,4.00,0.00,,0.00,0.00,0.00,1.00,1,0.00,0.00,0.00,0.00,,1,0,40.74,40.74,55.95,55.95,28.21,28.21,33.33,33.33,0.00,0.00
Yemen,YEM,20200416,3.00,1,1.00,0,2.00,1,0.00,,0.00,,0.00,,0.00,,4.00,0.00,,0.00,0.00,0.00,1.00,1,0.00,0.00,0.00,0.00,,1,0,40.74,40.74,55.95,55.95,28.21,28.21,33.33,33.33,0.00,0.00
Yemen,YEM,20200417,3.00,1,1.00,0,2.00,1,0.00,,0.00,,0.00,,0.00,,4.00,0.00,,0.00,0.00,0.00,1.00,1,0.00,0.00,0.00,0.00,,1,0,40.74,40.74,55.95,55.95,28.21,28.21,33.33,33.33,0.00,0.00
Yemen,YEM,20200418,3.00,1,1.00,0,2.00,1,0.00,,0.00,,0.00,,0.00,,4.00,0.00,,0.00,0.00,0.00,1.00,1,0.00,0.00,0.00,0.00,,1,0,40.74,40.74,55.95,55.95,28.21,28.21,33.33,33.33,0.00,0.00
Yemen,YEM,20200419,3.00,1,1.00,0,2.00,1,0.00,,0.00,,0.00,,0.00,,4.00,0.00,,0.00,0.00,0.00,1.00,1,0.00,0.00,0.00,0.00,,1,0,40.74,40.74,55.95,55.95,28.21,28.21,33.33,33.33,0.00,0.00
Yemen,YEM,20200420,3.00,1,1.00,0,2.00,1,0.00,,0.00,,0.00,,0.00,,4.00,0.00,,0.00,0.00,0.00,1.00,1,0.00,0.00,0.00,0.00,,1,0,40.74,40.74,55.95,55.95,28.21,28.21,33.33,33.33,0.00,0.00
Yemen,YEM,20200421,3.00,1,1.00,0,2.00,1,0.00,,0.00,,0.00,,0.00,,4.00,0.00,,0.00,0.00,0.00,1.00,1,0.00,0.00,0.00,0.00,,1,0,40.74,40.74,55.95,55.95,28.21,28.21,33.33,33.33,0.00,0.00
Yemen,YEM,20200422,3.00,1,1.00,0,2.00,1,0.00,,0.00,,0.00,,0.00,,4.00,0.00,,0.00,0.00,0.00,1.00,1,0.00,0.00,0.00,0.00,,1,0,40.74,40.74,55.95,55.95,28.21,28.21,33.33,33.33,0.00,0.00
Yemen,YEM,20200423,3.00,1,1.00,0,2.00,1,0.00,,0.00,,0.00,,0.00,,4.00,0.00,,0.00,0.00,0.00,1.00,1,0.00,0.00,0.00,0.00,,1,0,40.74,40.74,55.95,55.95,28.21,28.21,33.33,33.33,0.00,0.00
Yemen,YEM,20200424,3.00,1,1.00,0,2.00,1,0.00,,0.00,,0.00,,0.00,,4.00,0.00,,0.00,0.00,0.00,1.00,1,0.00,0.00,0.00,0.00,,1,0,40.74,40.74,55.95,55.95,28.21,28.21,33.33,33.33,0.00,0.00
Yemen,YEM,20200425,3.00,1,1.00,0,2.00,1,0.00,,0.00,,0.00,,0.00,,4.00,0.00,,0.00,0.00,0.00,1.00,1,0.00,0.00,0.00,0.00,,1,0,40.74,40.74,55.95,55.95,28.21,28.21,33.33,33.33,0.00,0.00
Yemen,YEM,20200426,3.00,1,1.00,0,2.00,1,0.00,,0.00,,0.00,,0.00,,4.00,0.00,,0.00,0.00,0.00,1.00,1,0.00,0.00,0.00,0.00,,1,0,40.74,40.74,55.95,55.95,28.21,28.21,33.33,33.33,0.00,0.00
Yemen,YEM,20200427,3.00,1,1.00,0,2.00,1,0.00,,0.00,,0.00,,0.00,,4.00,0.00,,0.00,0.00,0.00,1.00,1,0.00,0.00,0.00,0.00,,1,0,40.74,40.74,55.95,55.95,28.21,28.21,33.33,33.33,0.00,0.00
Yemen,YEM,20200428,3.00,1,1.00,0,2.00,1,0.00,,0.00,,0.00,,0.00,,4.00,0.00,,0.00,0.00,0.00,1.00,1,0.00,0.00,0.00,0.00,,1,0,40.74,40.74,55.95,55.95,28.21,28.21,33.33,33.33,0.00,0.00
Yemen,YEM,20200429,3.00,1,1.00,0,2.00,1,0.00,,0.00,,0.00,,0.00,,4.00,0.00,,0.00,0.00,0.00,1.00,1,0.00,0.00,0.00,0.00,,1,0,40.74,40.74,55.95,55.95,28.21,28.21,33.33,33.33,0.00,0.00
Yemen,YEM,20200430,3.00,1,2.00,0,2.00,1,0.00,,0.00,,0.00,,2.00,0,4.00,0.00,,0.00,0.00,0.00,1.00,1,0.00,0.00,0.00,0.00,,6,0,52.78,52.78,69.05,69.05,36.54,36.54,43.18,43.18,0.00,0.00
Yemen,YEM,20200501,3.00,1,2.00,0,2.00,1,0.00,,0.00,,2.00,0,2.00,0,4.00,0.00,,0.00,0.00,0.00,1.00,1,0.00,0.00,0.00,0.00,,6,2,58.33,58.33,69.05,69.05,40.38,40.38,47.73,47.73,0.00,0.00
Yemen,YEM,20200502,3.00,1,2.00,0,2.00,1,0.00,,0.00,,2.00,0,2.00,0,4.00,0.00,,0.00,0.00,0.00,1.00,1,0.00,0.00,0.00,0.00,,7,2,58.33,58.33,69.05,69.05,40.38,40.38,47.73,47.73,0.00,0.00
Yemen,YEM,20200503,3.00,1,2.00,0,2.00,1,0.00,,0.00,,2.00,0,2.00,0,4.00,0.00,,0.00,0.00,0.00,1.00,1,0.00,0.00,0.00,0.00,,10,2,58.33,58.33,69.05,69.05,40.38,40.38,47.73,47.73,0.00,0.00
Yemen,YEM,20200504,3.00,1,2.00,0,2.00,1,0.00,,0.00,,2.00,0,2.00,0,4.00,0.00,,0.00,0.00,0.00,1.00,1,0.00,0.00,0.00,0.00,,10,2,58.33,58.33,69.05,69.05,40.38,40.38,47.73,47.73,0.00,0.00
Yemen,YEM,20200505,3.00,1,2.00,0,2.00,1,0.00,,0.00,,1.00,1,2.00,0,4.00,0.00,,0.00,0.00,0.00,1.00,1,0.00,0.00,0.00,0.00,,12,2,56.48,56.48,69.05,69.05,39.10,39.10,46.21,46.21,0.00,0.00
Yemen,YEM,20200506,3.00,1,2.00,0,2.00,1,0.00,,0.00,,1.00,1,2.00,0,4.00,0.00,,0.00,0.00,0.00,1.00,1,0.00,0.00,0.00,0.00,,21,3,56.48,56.48,69.05,69.05,39.10,39.10,46.21,46.21,0.00,0.00
Yemen,YEM,20200507,3.00,1,2.00,0,2.00,1,0.00,,0.00,,1.00,1,2.00,0,4.00,0.00,,0.00,0.00,0.00,1.00,1,0.00,0.00,0.00,0.00,,25,5,56.48,56.48,69.05,69.05,39.10,39.10,46.21,46.21,0.00,0.00
Yemen,YEM,20200508,3.00,1,2.00,0,2.00,1,0.00,,0.00,,1.00,1,2.00,0,4.00,0.00,,0.00,0.00,0.00,1.00,1,0.00,0.00,0.00,0.00,,26,6,56.48,56.48,69.05,69.05,39.10,39.10,46.21,46.21,0.00,0.00
Yemen,YEM,20200509,3.00,1,2.00,0,2.00,1,0.00,,0.00,,1.00,1,2.00,0,4.00,0.00,,0.00,0.00,0.00,1.00,1,0.00,0.00,0.00,0.00,,34,7,56.48,56.48,69.05,69.05,39.10,39.10,46.21,46.21,0.00,0.00
Yemen,YEM,20200510,3.00,1,2.00,0,2.00,1,0.00,,0.00,,1.00,1,2.00,0,4.00,0.00,,0.00,0.00,0.00,1.00,1,0.00,0.00,0.00,0.00,,34,7,56.48,56.48,69.05,69.05,39.10,39.10,46.21,46.21,0.00,0.00
Yemen,YEM,20200511,3.00,1,2.00,0,2.00,1,0.00,,0.00,,1.00,1,2.00,0,4.00,0.00,,0.00,0.00,0.00,1.00,1,0.00,0.00,0.00,0.00,,51,8,56.48,56.48,69.05,69.05,39.10,39.10,46.21,46.21,0.00,0.00
Yemen,YEM,20200512,3.00,1,2.00,0,2.00,1,0.00,,0.00,,1.00,1,2.00,0,4.00,0.00,,0.00,0.00,0.00,1.00,1,0.00,0.00,0.00,0.00,,56,9,56.48,56.48,69.05,69.05,39.10,39.10,46.21,46.21,0.00,0.00
Yemen,YEM,20200513,3.00,1,2.00,0,2.00,1,0.00,,0.00,,1.00,1,2.00,0,4.00,0.00,,0.00,0.00,0.00,1.00,1,0.00,0.00,0.00,0.00,,67,11,56.48,56.48,69.05,69.05,39.10,39.10,46.21,46.21,0.00,0.00
Yemen,YEM,20200514,3.00,1,2.00,0,2.00,1,0.00,,0.00,,1.00,1,2.00,0,4.00,0.00,,0.00,0.00,0.00,1.00,1,0.00,0.00,0.00,0.00,,70,12,56.48,56.48,69.05,69.05,39.10,39.10,46.21,46.21,0.00,0.00
Yemen,YEM,20200515,3.00,1,2.00,0,2.00,1,0.00,,0.00,,1.00,1,2.00,0,4.00,0.00,,0.00,0.00,0.00,1.00,1,0.00,0.00,0.00,0.00,,87,13,56.48,56.48,69.05,69.05,39.10,39.10,46.21,46.21,0.00,0.00
Yemen,YEM,20200516,3.00,1,2.00,0,2.00,1,0.00,,0.00,,1.00,1,2.00,0,4.00,0.00,,0.00,0.00,0.00,1.00,1,0.00,0.00,0.00,0.00,,106,15,56.48,56.48,69.05,69.05,39.10,39.10,46.21,46.21,0.00,0.00
Yemen,YEM,20200517,3.00,1,2.00,0,2.00,1,0.00,,0.00,,1.00,1,2.00,0,4.00,0.00,,0.00,0.00,0.00,1.00,1,0.00,0.00,0.00,0.00,,124,19,56.48,56.48,69.05,69.05,39.10,39.10,46.21,46.21,0.00,0.00
Yemen,YEM,20200518,3.00,1,2.00,0,2.00,1,0.00,,0.00,,1.00,1,2.00,0,4.00,0.00,,0.00,0.00,0.00,1.00,1,0.00,0.00,0.00,0.00,,128,20,56.48,56.48,69.05,69.05,39.10,39.10,46.21,46.21,0.00,0.00
Yemen,YEM,20200519,3.00,1,2.00,0,2.00,1,0.00,,0.00,,1.00,1,2.00,0,4.00,0.00,,0.00,0.00,0.00,1.00,1,0.00,0.00,0.00,0.00,,130,20,56.48,56.48,69.05,69.05,39.10,39.10,46.21,46.21,0.00,0.00
Yemen,YEM,20200520,3.00,1,2.00,0,2.00,1,0.00,,0.00,,1.00,1,2.00,0,4.00,0.00,,0.00,0.00,0.00,1.00,1,0.00,0.00,0.00,0.00,,167,28,56.48,56.48,69.05,69.05,39.10,39.10,46.21,46.21,0.00,0.00
Yemen,YEM,20200521,3.00,1,2.00,0,2.00,1,0.00,,0.00,,1.00,1,2.00,0,4.00,0.00,,0.00,0.00,0.00,1.00,1,0.00,0.00,0.00,0.00,,180,29,56.48,56.48,69.05,69.05,39.10,39.10,46.21,46.21,0.00,0.00
Yemen,YEM,20200522,3.00,1,2.00,0,2.00,1,0.00,,0.00,,1.00,1,2.00,0,4.00,0.00,,0.00,0.00,0.00,1.00,1,0.00,0.00,0.00,0.00,,193,33,56.48,56.48,69.05,69.05,39.10,39.10,46.21,46.21,0.00,0.00
Yemen,YEM,20200523,3.00,1,2.00,0,2.00,1,0.00,,0.00,,1.00,1,2.00,0,4.00,0.00,,0.00,0.00,0.00,1.00,1,0.00,0.00,0.00,0.00,,205,33,56.48,56.48,69.05,69.05,39.10,39.10,46.21,46.21,0.00,0.00
Yemen,YEM,20200524,3.00,1,2.00,0,2.00,1,0.00,,0.00,,1.00,1,2.00,0,4.00,0.00,,0.00,0.00,0.00,1.00,1,0.00,0.00,0.00,0.00,,212,39,56.48,56.48,69.05,69.05,39.10,39.10,46.21,46.21,0.00,0.00
Yemen,YEM,20200525,3.00,1,2.00,0,2.00,1,0.00,,0.00,,1.00,1,2.00,0,4.00,0.00,,0.00,0.00,0.00,1.00,1,0.00,0.00,0.00,0.00,,222,42,56.48,56.48,69.05,69.05,39.10,39.10,46.21,46.21,0.00,0.00
Yemen,YEM,20200526,3.00,1,2.00,0,2.00,1,0.00,,0.00,,1.00,1,2.00,0,4.00,0.00,,0.00,0.00,0.00,1.00,1,0.00,0.00,0.00,0.00,,237,45,56.48,56.48,69.05,69.05,39.10,39.10,46.21,46.21,0.00,0.00
Yemen,YEM,20200527,3.00,1,2.00,0,2.00,1,0.00,,0.00,,1.00,1,2.00,0,4.00,0.00,,0.00,0.00,0.00,1.00,1,0.00,0.00,0.00,0.00,,249,49,56.48,56.48,69.05,69.05,39.10,39.10,46.21,46.21,0.00,0.00
Yemen,YEM,20200528,3.00,1,2.00,0,2.00,1,0.00,,0.00,,2.00,0,2.00,0,4.00,0.00,,0.00,0.00,0.00,1.00,1,0.00,0.00,0.00,0.00,,255,53,58.33,58.33,69.05,69.05,40.38,40.38,47.73,47.73,0.00,0.00
Yemen,YEM,20200529,3.00,1,2.00,0,2.00,1,0.00,,0.00,,2.00,0,2.00,0,4.00,0.00,,0.00,0.00,0.00,1.00,1,0.00,0.00,0.00,0.00,,278,57,58.33,58.33,69.05,69.05,40.38,40.38,47.73,47.73,0.00,0.00
Yemen,YEM,20200530,3.00,1,2.00,0,2.00,1,0.00,,0.00,,2.00,0,2.00,0,4.00,0.00,,0.00,0.00,0.00,1.00,1,0.00,0.00,0.00,0.00,,287,66,58.33,58.33,69.05,69.05,40.38,40.38,47.73,47.73,0.00,0.00
Yemen,YEM,20200531,3.00,1,2.00,0,2.00,1,0.00,,0.00,,2.00,0,2.00,0,4.00,0.00,,0.00,0.00,0.00,1.00,1,0.00,0.00,0.00,0.00,,310,77,58.33,58.33,69.05,69.05,40.38,40.38,47.73,47.73,0.00,0.00
Yemen,YEM,20200601,3.00,1,2.00,0,2.00,1,0.00,,0.00,,2.00,0,2.00,0,4.00,0.00,,0.00,0.00,0.00,1.00,1,0.00,0.00,0.00,0.00,,323,80,58.33,58.33,69.05,69.05,40.38,40.38,47.73,47.73,0.00,0.00
Yemen,YEM,20200602,3.00,1,2.00,0,2.00,1,0.00,,0.00,,2.00,0,2.00,0,4.00,0.00,,0.00,0.00,0.00,1.00,1,0.00,0.00,0.00,0.00,,354,84,58.33,58.33,69.05,69.05,40.38,40.38,47.73,47.73,0.00,0.00
Yemen,YEM,20200603,3.00,1,2.00,0,2.00,1,0.00,,0.00,,2.00,0,2.00,0,4.00,0.00,,0.00,0.00,0.00,1.00,1,0.00,0.00,0.00,0.00,,399,87,58.33,58.33,69.05,69.05,40.38,40.38,47.73,47.73,0.00,0.00
Yemen,YEM,20200604,3.00,1,2.00,0,2.00,1,0.00,,0.00,,2.00,0,2.00,0,4.00,0.00,,0.00,0.00,0.00,1.00,1,0.00,0.00,0.00,0.00,,403,88,58.33,58.33,69.05,69.05,40.38,40.38,47.73,47.73,0.00,0.00
Yemen,YEM,20200605,3.00,1,2.00,0,2.00,1,0.00,,0.00,,2.00,0,2.00,0,4.00,0.00,,0.00,0.00,0.00,1.00,1,0.00,0.00,0.00,0.00,,453,103,58.33,58.33,69.05,69.05,40.38,40.38,47.73,47.73,0.00,0.00
Yemen,YEM,20200606,3.00,1,2.00,0,2.00,1,0.00,,0.00,,2.00,0,2.00,0,4.00,0.00,,0.00,0.00,0.00,1.00,1,0.00,0.00,0.00,0.00,,469,111,58.33,58.33,69.05,69.05,40.38,40.38,47.73,47.73,0.00,0.00
Yemen,YEM,20200607,3.00,1,2.00,0,2.00,1,0.00,,0.00,,2.00,0,2.00,0,4.00,0.00,,0.00,0.00,0.00,1.00,1,0.00,0.00,0.00,0.00,,473,112,58.33,58.33,69.05,69.05,40.38,40.38,47.73,47.73,0.00,0.00
Yemen,YEM,20200608,3.00,1,2.00,0,2.00,1,0.00,,0.00,,2.00,0,2.00,0,4.00,0.00,,0.00,0.00,0.00,1.00,1,0.00,0.00,0.00,0.00,,486,112,58.33,58.33,69.05,69.05,40.38,40.38,47.73,47.73,0.00,0.00
Yemen,YEM,20200609,3.00,1,2.00,0,2.00,1,0.00,,0.00,,2.00,0,2.00,0,4.00,0.00,,0.00,0.00,0.00,1.00,1,0.00,0.00,0.00,0.00,,496,112,58.33,58.33,69.05,69.05,40.38,40.38,47.73,47.73,0.00,0.00
Yemen,YEM,20200610,3.00,1,2.00,0,2.00,1,0.00,,0.00,,2.00,0,2.00,0,4.00,0.00,,0.00,0.00,0.00,1.00,1,0.00,0.00,0.00,0.00,,524,127,58.33,58.33,69.05,69.05,40.38,40.38,47.73,47.73,0.00,0.00
Yemen,YEM,20200611,3.00,1,2.00,0,2.00,1,0.00,,0.00,,2.00,0,2.00,0,4.00,0.00,,0.00,0.00,0.00,1.00,1,0.00,0.00,0.00,0.00,,560,129,58.33,58.33,69.05,69.05,40.38,40.38,47.73,47.73,0.00,0.00
Yemen,YEM,20200612,3.00,1,2.00,0,2.00,1,0.00,,0.00,,2.00,0,2.00,0,4.00,0.00,,0.00,0.00,0.00,1.00,1,0.00,0.00,0.00,0.00,,591,136,58.33,58.33,69.05,69.05,40.38,40.38,47.73,47.73,0.00,0.00
Yemen,YEM,20200613,3.00,1,2.00,0,2.00,1,0.00,,0.00,,2.00,0,2.00,0,4.00,0.00,,0.00,0.00,0.00,1.00,1,0.00,0.00,0.00,0.00,,632,139,58.33,58.33,69.05,69.05,40.38,40.38,47.73,47.73,0.00,0.00
Yemen,YEM,20200614,3.00,1,2.00,0,2.00,1,0.00,,0.00,,2.00,0,2.00,0,4.00,0.00,,0.00,0.00,0.00,1.00,1,0.00,0.00,0.00,0.00,,705,160,58.33,58.33,69.05,69.05,40.38,40.38,47.73,47.73,0.00,0.00
Yemen,YEM,20200615,3.00,1,2.00,0,2.00,1,0.00,,0.00,,2.00,0,2.00,0,4.00,0.00,,0.00,0.00,0.00,1.00,1,0.00,0.00,0.00,0.00,,728,164,58.33,58.33,69.05,69.05,40.38,40.38,47.73,47.73,0.00,0.00
Yemen,YEM,20200616,3.00,1,2.00,0,2.00,1,0.00,,0.00,,2.00,0,2.00,0,4.00,0.00,,0.00,0.00,0.00,1.00,1,0.00,0.00,0.00,0.00,,844,208,58.33,58.33,69.05,69.05,40.38,40.38,47.73,47.73,0.00,0.00
Yemen,YEM,20200617,3.00,1,2.00,0,2.00,1,0.00,,0.00,,2.00,0,2.00,0,4.00,0.00,,0.00,0.00,0.00,1.00,1,0.00,0.00,0.00,0.00,,889,215,58.33,58.33,69.05,69.05,40.38,40.38,47.73,47.73,0.00,0.00
Yemen,YEM,20200618,3.00,1,2.00,0,2.00,1,0.00,,0.00,,2.00,0,2.00,0,4.00,0.00,,0.00,0.00,0.00,1.00,1,0.00,0.00,0.00,0.00,,902,244,58.33,58.33,69.05,69.05,40.38,40.38,47.73,47.73,0.00,0.00
Yemen,YEM,20200619,,,,,,,,,,,,,,,,,,,,,,,,,,,,906,248,,58.33,,69.05,,40.38,,47.73,,0.00
Yemen,YEM,20200620,,,,,,,,,,,,,,,,,,,,,,,,,,,,919,251,,58.33,,69.05,,40.38,,47.73,,0.00
Yemen,YEM,20200621,,,,,,,,,,,,,,,,,,,,,,,,,,,,923,254,,58.33,,69.05,,40.38,,47.73,,0.00
Yemen,YEM,20200622,,,,,,,,,,,,,,,,,,,,,,,,,,,,941,256,,58.33,,69.05,,40.38,,47.73,,0.00
Yemen,YEM,20200623,,,,,,,,,,,,,,,,,,,,,,,,,,,,967,257,,58.33,,69.05,,40.38,,47.73,,0.00
