Zambia,ZMB,20200101,0.00,,0.00,,0.00,,0.00,,0.00,,0.00,,0.00,,0.00,0.00,,0.00,0.00,0.00,0.00,,0.00,0.00,0.00,0.00,,,,0.00,0.00,0.00,0.00,0.00,0.00,0.00,0.00,0.00,0.00
Zambia,ZMB,20200102,0.00,,0.00,,0.00,,0.00,,0.00,,0.00,,0.00,,0.00,0.00,,0.00,0.00,0.00,0.00,,0.00,0.00,0.00,0.00,,,,0.00,0.00,0.00,0.00,0.00,0.00,0.00,0.00,0.00,0.00
Zambia,ZMB,20200103,0.00,,0.00,,0.00,,0.00,,0.00,,0.00,,0.00,,0.00,0.00,,0.00,0.00,0.00,0.00,,0.00,0.00,0.00,0.00,,,,0.00,0.00,0.00,0.00,0.00,0.00,0.00,0.00,0.00,0.00
Zambia,ZMB,20200104,0.00,,0.00,,0.00,,0.00,,0.00,,0.00,,0.00,,0.00,0.00,,0.00,0.00,0.00,0.00,,0.00,0.00,0.00,0.00,,,,0.00,0.00,0.00,0.00,0.00,0.00,0.00,0.00,0.00,0.00
Zambia,ZMB,20200105,0.00,,0.00,,0.00,,0.00,,0.00,,0.00,,0.00,,0.00,0.00,,0.00,0.00,0.00,0.00,,0.00,0.00,0.00,0.00,,,,0.00,0.00,0.00,0.00,0.00,0.00,0.00,0.00,0.00,0.00
Zambia,ZMB,20200106,0.00,,0.00,,0.00,,0.00,,0.00,,0.00,,0.00,,0.00,0.00,,0.00,0.00,0.00,0.00,,0.00,0.00,0.00,0.00,,,,0.00,0.00,0.00,0.00,0.00,0.00,0.00,0.00,0.00,0.00
Zambia,ZMB,20200107,0.00,,0.00,,0.00,,0.00,,0.00,,0.00,,0.00,,0.00,0.00,,0.00,0.00,0.00,0.00,,0.00,0.00,0.00,0.00,,,,0.00,0.00,0.00,0.00,0.00,0.00,0.00,0.00,0.00,0.00
Zambia,ZMB,20200108,0.00,,0.00,,0.00,,0.00,,0.00,,0.00,,0.00,,0.00,0.00,,0.00,0.00,0.00,0.00,,0.00,0.00,0.00,0.00,,,,0.00,0.00,0.00,0.00,0.00,0.00,0.00,0.00,0.00,0.00
Zambia,ZMB,20200109,0.00,,0.00,,0.00,,0.00,,0.00,,0.00,,0.00,,0.00,0.00,,0.00,0.00,0.00,0.00,,0.00,0.00,0.00,0.00,,,,0.00,0.00,0.00,0.00,0.00,0.00,0.00,0.00,0.00,0.00
Zambia,ZMB,20200110,0.00,,0.00,,0.00,,0.00,,0.00,,0.00,,0.00,,0.00,0.00,,0.00,0.00,0.00,0.00,,0.00,0.00,0.00,0.00,,,,0.00,0.00,0.00,0.00,0.00,0.00,0.00,0.00,0.00,0.00
Zambia,ZMB,20200111,0.00,,0.00,,0.00,,0.00,,0.00,,0.00,,0.00,,0.00,0.00,,0.00,0.00,0.00,0.00,,0.00,0.00,0.00,0.00,,,,0.00,0.00,0.00,0.00,0.00,0.00,0.00,0.00,0.00,0.00
Zambia,ZMB,20200112,0.00,,0.00,,0.00,,0.00,,0.00,,0.00,,0.00,,0.00,0.00,,0.00,0.00,0.00,0.00,,0.00,0.00,0.00,0.00,,,,0.00,0.00,0.00,0.00,0.00,0.00,0.00,0.00,0.00,0.00
Zambia,ZMB,20200113,0.00,,0.00,,0.00,,0.00,,0.00,,0.00,,0.00,,0.00,0.00,,0.00,0.00,0.00,0.00,,0.00,0.00,0.00,0.00,,,,0.00,0.00,0.00,0.00,0.00,0.00,0.00,0.00,0.00,0.00
Zambia,ZMB,20200114,0.00,,0.00,,0.00,,0.00,,0.00,,0.00,,0.00,,0.00,0.00,,0.00,0.00,0.00,0.00,,0.00,0.00,0.00,0.00,,,,0.00,0.00,0.00,0.00,0.00,0.00,0.00,0.00,0.00,0.00
Zambia,ZMB,20200115,0.00,,0.00,,0.00,,0.00,,0.00,,0.00,,0.00,,0.00,0.00,,0.00,0.00,0.00,0.00,,0.00,0.00,0.00,0.00,,,,0.00,0.00,0.00,0.00,0.00,0.00,0.00,0.00,0.00,0.00
Zambia,ZMB,20200116,0.00,,0.00,,0.00,,0.00,,0.00,,0.00,,0.00,,0.00,0.00,,0.00,0.00,0.00,0.00,,0.00,0.00,0.00,0.00,,,,0.00,0.00,0.00,0.00,0.00,0.00,0.00,0.00,0.00,0.00
Zambia,ZMB,20200117,0.00,,0.00,,0.00,,0.00,,0.00,,0.00,,0.00,,0.00,0.00,,0.00,0.00,0.00,0.00,,0.00,0.00,0.00,0.00,,,,0.00,0.00,0.00,0.00,0.00,0.00,0.00,0.00,0.00,0.00
Zambia,ZMB,20200118,0.00,,0.00,,0.00,,0.00,,0.00,,0.00,,0.00,,0.00,0.00,,0.00,0.00,0.00,0.00,,0.00,0.00,0.00,0.00,,,,0.00,0.00,0.00,0.00,0.00,0.00,0.00,0.00,0.00,0.00
Zambia,ZMB,20200119,0.00,,0.00,,0.00,,0.00,,0.00,,0.00,,0.00,,0.00,0.00,,0.00,0.00,0.00,0.00,,0.00,0.00,0.00,0.00,,,,0.00,0.00,0.00,0.00,0.00,0.00,0.00,0.00,0.00,0.00
Zambia,ZMB,20200120,0.00,,0.00,,0.00,,0.00,,0.00,,0.00,,0.00,,0.00,0.00,,0.00,0.00,0.00,0.00,,0.00,0.00,0.00,0.00,,,,0.00,0.00,0.00,0.00,0.00,0.00,0.00,0.00,0.00,0.00
Zambia,ZMB,20200121,0.00,,0.00,,0.00,,0.00,,0.00,,0.00,,0.00,,0.00,0.00,,0.00,0.00,0.00,0.00,,0.00,0.00,0.00,0.00,,,,0.00,0.00,0.00,0.00,0.00,0.00,0.00,0.00,0.00,0.00
Zambia,ZMB,20200122,0.00,,0.00,,0.00,,0.00,,0.00,,0.00,,0.00,,0.00,0.00,,0.00,0.00,0.00,0.00,,0.00,0.00,0.00,0.00,,,,0.00,0.00,0.00,0.00,0.00,0.00,0.00,0.00,0.00,0.00
Zambia,ZMB,20200123,0.00,,0.00,,0.00,,0.00,,0.00,,0.00,,0.00,,0.00,0.00,,0.00,0.00,0.00,0.00,,0.00,0.00,0.00,0.00,,,,0.00,0.00,0.00,0.00,0.00,0.00,0.00,0.00,0.00,0.00
Zambia,ZMB,20200124,0.00,,0.00,,0.00,,0.00,,0.00,,0.00,,0.00,,0.00,0.00,,0.00,0.00,0.00,0.00,,0.00,0.00,0.00,0.00,,,,0.00,0.00,0.00,0.00,0.00,0.00,0.00,0.00,0.00,0.00
Zambia,ZMB,20200125,0.00,,0.00,,0.00,,0.00,,0.00,,0.00,,0.00,,0.00,0.00,,0.00,0.00,0.00,0.00,,0.00,0.00,0.00,0.00,,,,0.00,0.00,0.00,0.00,0.00,0.00,0.00,0.00,0.00,0.00
Zambia,ZMB,20200126,0.00,,0.00,,0.00,,0.00,,0.00,,0.00,,0.00,,0.00,0.00,,0.00,0.00,0.00,0.00,,0.00,0.00,0.00,0.00,,,,0.00,0.00,0.00,0.00,0.00,0.00,0.00,0.00,0.00,0.00
Zambia,ZMB,20200127,0.00,,0.00,,0.00,,0.00,,0.00,,0.00,,0.00,,0.00,0.00,,0.00,0.00,0.00,0.00,,0.00,0.00,0.00,0.00,,,,0.00,0.00,0.00,0.00,0.00,0.00,0.00,0.00,0.00,0.00
Zambia,ZMB,20200128,0.00,,0.00,,0.00,,0.00,,0.00,,0.00,,0.00,,0.00,0.00,,0.00,0.00,0.00,0.00,,0.00,0.00,0.00,0.00,,,,0.00,0.00,0.00,0.00,0.00,0.00,0.00,0.00,0.00,0.00
Zambia,ZMB,20200129,0.00,,0.00,,0.00,,0.00,,0.00,,0.00,,0.00,,0.00,0.00,,0.00,0.00,0.00,0.00,,0.00,0.00,0.00,0.00,,,,0.00,0.00,0.00,0.00,0.00,0.00,0.00,0.00,0.00,0.00
Zambia,ZMB,20200130,0.00,,0.00,,0.00,,0.00,,0.00,,0.00,,0.00,,0.00,0.00,,0.00,0.00,0.00,0.00,,0.00,0.00,0.00,0.00,,,,0.00,0.00,0.00,0.00,0.00,0.00,0.00,0.00,0.00,0.00
Zambia,ZMB,20200131,0.00,,0.00,,0.00,,0.00,,0.00,,0.00,,0.00,,0.00,0.00,,0.00,0.00,0.00,0.00,,0.00,0.00,0.00,0.00,,,,0.00,0.00,0.00,0.00,0.00,0.00,0.00,0.00,0.00,0.00
Zambia,ZMB,20200201,0.00,,0.00,,0.00,,0.00,,0.00,,0.00,,0.00,,0.00,0.00,,0.00,0.00,0.00,0.00,,0.00,0.00,0.00,0.00,,,,0.00,0.00,0.00,0.00,0.00,0.00,0.00,0.00,0.00,0.00
Zambia,ZMB,20200202,0.00,,0.00,,0.00,,0.00,,0.00,,0.00,,0.00,,0.00,0.00,,0.00,0.00,0.00,0.00,,0.00,0.00,0.00,0.00,,,,0.00,0.00,0.00,0.00,0.00,0.00,0.00,0.00,0.00,0.00
Zambia,ZMB,20200203,0.00,,0.00,,0.00,,0.00,,0.00,,0.00,,0.00,,0.00,0.00,,0.00,0.00,0.00,0.00,,0.00,0.00,0.00,0.00,,,,0.00,0.00,0.00,0.00,0.00,0.00,0.00,0.00,0.00,0.00
Zambia,ZMB,20200204,0.00,,0.00,,0.00,,0.00,,0.00,,0.00,,0.00,,0.00,0.00,,0.00,0.00,0.00,0.00,,0.00,0.00,0.00,0.00,,,,0.00,0.00,0.00,0.00,0.00,0.00,0.00,0.00,0.00,0.00
Zambia,ZMB,20200205,0.00,,0.00,,0.00,,0.00,,0.00,,0.00,,0.00,,0.00,0.00,,0.00,0.00,0.00,0.00,,0.00,0.00,0.00,0.00,,,,0.00,0.00,0.00,0.00,0.00,0.00,0.00,0.00,0.00,0.00
Zambia,ZMB,20200206,0.00,,0.00,,0.00,,0.00,,0.00,,0.00,,0.00,,0.00,0.00,,0.00,0.00,0.00,0.00,,0.00,0.00,0.00,0.00,,,,0.00,0.00,0.00,0.00,0.00,0.00,0.00,0.00,0.00,0.00
Zambia,ZMB,20200207,0.00,,0.00,,0.00,,0.00,,0.00,,0.00,,0.00,,0.00,0.00,,0.00,0.00,0.00,0.00,,0.00,0.00,0.00,0.00,,,,0.00,0.00,0.00,0.00,0.00,0.00,0.00,0.00,0.00,0.00
Zambia,ZMB,20200208,0.00,,0.00,,0.00,,0.00,,0.00,,0.00,,0.00,,0.00,0.00,,0.00,0.00,0.00,0.00,,0.00,0.00,0.00,0.00,,,,0.00,0.00,0.00,0.00,0.00,0.00,0.00,0.00,0.00,0.00
Zambia,ZMB,20200209,0.00,,0.00,,0.00,,0.00,,0.00,,0.00,,0.00,,0.00,0.00,,0.00,0.00,0.00,0.00,,0.00,0.00,0.00,0.00,,,,0.00,0.00,0.00,0.00,0.00,0.00,0.00,0.00,0.00,0.00
Zambia,ZMB,20200210,0.00,,0.00,,0.00,,0.00,,0.00,,0.00,,0.00,,0.00,0.00,,0.00,0.00,0.00,0.00,,0.00,0.00,0.00,0.00,,,,0.00,0.00,0.00,0.00,0.00,0.00,0.00,0.00,0.00,0.00
Zambia,ZMB,20200211,0.00,,0.00,,0.00,,0.00,,0.00,,0.00,,0.00,,0.00,0.00,,0.00,0.00,0.00,0.00,,0.00,0.00,0.00,0.00,,,,0.00,0.00,0.00,0.00,0.00,0.00,0.00,0.00,0.00,0.00
Zambia,ZMB,20200212,0.00,,0.00,,0.00,,0.00,,0.00,,0.00,,0.00,,0.00,0.00,,0.00,0.00,0.00,0.00,,0.00,0.00,0.00,0.00,,,,0.00,0.00,0.00,0.00,0.00,0.00,0.00,0.00,0.00,0.00
Zambia,ZMB,20200213,0.00,,0.00,,0.00,,0.00,,0.00,,0.00,,0.00,,0.00,0.00,,0.00,0.00,0.00,0.00,,0.00,0.00,0.00,0.00,,,,0.00,0.00,0.00,0.00,0.00,0.00,0.00,0.00,0.00,0.00
Zambia,ZMB,20200214,0.00,,0.00,,0.00,,0.00,,0.00,,0.00,,0.00,,0.00,0.00,,0.00,0.00,0.00,0.00,,0.00,0.00,0.00,0.00,,,,0.00,0.00,0.00,0.00,0.00,0.00,0.00,0.00,0.00,0.00
Zambia,ZMB,20200215,0.00,,0.00,,0.00,,0.00,,0.00,,0.00,,0.00,,0.00,0.00,,0.00,0.00,0.00,0.00,,0.00,0.00,0.00,0.00,,,,0.00,0.00,0.00,0.00,0.00,0.00,0.00,0.00,0.00,0.00
Zambia,ZMB,20200216,0.00,,0.00,,0.00,,0.00,,0.00,,0.00,,0.00,,0.00,0.00,,0.00,0.00,0.00,0.00,,0.00,0.00,0.00,0.00,,,,0.00,0.00,0.00,0.00,0.00,0.00,0.00,0.00,0.00,0.00
Zambia,ZMB,20200217,0.00,,0.00,,0.00,,0.00,,0.00,,0.00,,0.00,,0.00,0.00,,0.00,0.00,0.00,0.00,,0.00,0.00,0.00,0.00,,,,0.00,0.00,0.00,0.00,0.00,0.00,0.00,0.00,0.00,0.00
Zambia,ZMB,20200218,0.00,,0.00,,0.00,,0.00,,0.00,,0.00,,0.00,,0.00,0.00,,0.00,0.00,0.00,0.00,,0.00,0.00,0.00,0.00,,,,0.00,0.00,0.00,0.00,0.00,0.00,0.00,0.00,0.00,0.00
Zambia,ZMB,20200219,0.00,,0.00,,0.00,,0.00,,0.00,,0.00,,0.00,,0.00,0.00,,0.00,0.00,0.00,0.00,,0.00,0.00,0.00,0.00,,,,0.00,0.00,0.00,0.00,0.00,0.00,0.00,0.00,0.00,0.00
Zambia,ZMB,20200220,0.00,,0.00,,0.00,,0.00,,0.00,,0.00,,0.00,,0.00,0.00,,0.00,0.00,0.00,0.00,,0.00,0.00,0.00,0.00,,,,0.00,0.00,0.00,0.00,0.00,0.00,0.00,0.00,0.00,0.00
Zambia,ZMB,20200221,0.00,,0.00,,0.00,,0.00,,0.00,,0.00,,0.00,,2.00,0.00,,0.00,0.00,0.00,2.00,1,0.00,0.00,0.00,0.00,,,,16.67,16.67,21.43,21.43,11.54,11.54,13.64,13.64,0.00,0.00
Zambia,ZMB,20200222,0.00,,0.00,,0.00,,0.00,,0.00,,0.00,,0.00,,2.00,0.00,,0.00,0.00,0.00,2.00,1,0.00,0.00,0.00,0.00,,,,16.67,16.67,21.43,21.43,11.54,11.54,13.64,13.64,0.00,0.00
Zambia,ZMB,20200223,0.00,,0.00,,0.00,,0.00,,0.00,,0.00,,0.00,,2.00,0.00,,0.00,0.00,0.00,2.00,1,0.00,0.00,0.00,0.00,,,,16.67,16.67,21.43,21.43,11.54,11.54,13.64,13.64,0.00,0.00
Zambia,ZMB,20200224,0.00,,0.00,,0.00,,0.00,,0.00,,0.00,,0.00,,2.00,0.00,,0.00,0.00,0.00,2.00,1,0.00,0.00,0.00,0.00,,,,16.67,16.67,21.43,21.43,11.54,11.54,13.64,13.64,0.00,0.00
Zambia,ZMB,20200225,0.00,,0.00,,0.00,,0.00,,0.00,,0.00,,0.00,,2.00,0.00,,0.00,0.00,0.00,2.00,1,0.00,0.00,0.00,0.00,,,,16.67,16.67,21.43,21.43,11.54,11.54,13.64,13.64,0.00,0.00
Zambia,ZMB,20200226,0.00,,0.00,,0.00,,0.00,,0.00,,0.00,,0.00,,2.00,0.00,,0.00,0.00,0.00,2.00,1,0.00,0.00,0.00,0.00,,,,16.67,16.67,21.43,21.43,11.54,11.54,13.64,13.64,0.00,0.00
Zambia,ZMB,20200227,0.00,,0.00,,0.00,,0.00,,0.00,,0.00,,0.00,,2.00,0.00,,0.00,0.00,0.00,2.00,1,0.00,0.00,0.00,0.00,,,,16.67,16.67,21.43,21.43,11.54,11.54,13.64,13.64,0.00,0.00
Zambia,ZMB,20200228,0.00,,0.00,,0.00,,0.00,,0.00,,0.00,,0.00,,2.00,0.00,,0.00,0.00,0.00,2.00,1,0.00,0.00,0.00,0.00,,,,16.67,16.67,21.43,21.43,11.54,11.54,13.64,13.64,0.00,0.00
Zambia,ZMB,20200229,0.00,,0.00,,0.00,,0.00,,0.00,,0.00,,0.00,,2.00,0.00,,0.00,0.00,0.00,2.00,1,0.00,0.00,0.00,0.00,,,,16.67,16.67,21.43,21.43,11.54,11.54,13.64,13.64,0.00,0.00
Zambia,ZMB,20200301,0.00,,0.00,,0.00,,0.00,,0.00,,0.00,,0.00,,2.00,0.00,,0.00,0.00,0.00,2.00,1,0.00,0.00,0.00,0.00,,,,16.67,16.67,21.43,21.43,11.54,11.54,13.64,13.64,0.00,0.00
Zambia,ZMB,20200302,0.00,,0.00,,0.00,,0.00,,0.00,,0.00,,0.00,,2.00,0.00,,0.00,0.00,0.00,2.00,1,0.00,0.00,0.00,0.00,,,,16.67,16.67,21.43,21.43,11.54,11.54,13.64,13.64,0.00,0.00
Zambia,ZMB,20200303,0.00,,0.00,,0.00,,0.00,,0.00,,0.00,,0.00,,2.00,0.00,,0.00,0.00,0.00,2.00,1,0.00,0.00,0.00,0.00,,,,16.67,16.67,21.43,21.43,11.54,11.54,13.64,13.64,0.00,0.00
Zambia,ZMB,20200304,0.00,,0.00,,0.00,,0.00,,0.00,,0.00,,0.00,,2.00,0.00,,0.00,0.00,0.00,2.00,1,0.00,0.00,0.00,0.00,,,,16.67,16.67,21.43,21.43,11.54,11.54,13.64,13.64,0.00,0.00
Zambia,ZMB,20200305,0.00,,0.00,,0.00,,0.00,,0.00,,0.00,,0.00,,2.00,0.00,,0.00,0.00,0.00,2.00,1,0.00,0.00,0.00,0.00,,,,16.67,16.67,21.43,21.43,11.54,11.54,13.64,13.64,0.00,0.00
Zambia,ZMB,20200306,0.00,,0.00,,0.00,,0.00,,0.00,,0.00,,0.00,,2.00,0.00,,0.00,0.00,0.00,2.00,1,0.00,0.00,0.00,0.00,,,,16.67,16.67,21.43,21.43,11.54,11.54,13.64,13.64,0.00,0.00
Zambia,ZMB,20200307,0.00,,0.00,,0.00,,0.00,,0.00,,0.00,,0.00,,2.00,0.00,,0.00,0.00,0.00,2.00,1,0.00,0.00,0.00,0.00,,,,16.67,16.67,21.43,21.43,11.54,11.54,13.64,13.64,0.00,0.00
Zambia,ZMB,20200308,0.00,,0.00,,0.00,,0.00,,0.00,,0.00,,0.00,,2.00,0.00,,0.00,0.00,0.00,2.00,1,0.00,0.00,0.00,0.00,,,,16.67,16.67,21.43,21.43,11.54,11.54,13.64,13.64,0.00,0.00
Zambia,ZMB,20200309,0.00,,0.00,,0.00,,0.00,,0.00,,0.00,,0.00,,2.00,0.00,,0.00,0.00,0.00,2.00,1,0.00,0.00,0.00,0.00,,,,16.67,16.67,21.43,21.43,11.54,11.54,13.64,13.64,0.00,0.00
Zambia,ZMB,20200310,0.00,,0.00,,0.00,,0.00,,0.00,,0.00,,0.00,,2.00,0.00,,0.00,0.00,0.00,2.00,1,0.00,0.00,0.00,0.00,,,,16.67,16.67,21.43,21.43,11.54,11.54,13.64,13.64,0.00,0.00
Zambia,ZMB,20200311,0.00,,0.00,,0.00,,0.00,,0.00,,0.00,,0.00,,2.00,0.00,,0.00,0.00,0.00,2.00,1,0.00,0.00,0.00,0.00,,,,16.67,16.67,21.43,21.43,11.54,11.54,13.64,13.64,0.00,0.00
Zambia,ZMB,20200312,0.00,,0.00,,0.00,,0.00,,0.00,,0.00,,0.00,,2.00,0.00,,0.00,0.00,0.00,2.00,1,0.00,0.00,0.00,0.00,,,,16.67,16.67,21.43,21.43,11.54,11.54,13.64,13.64,0.00,0.00
Zambia,ZMB,20200313,0.00,,0.00,,0.00,,0.00,,0.00,,0.00,,0.00,,2.00,0.00,,0.00,0.00,0.00,2.00,1,0.00,0.00,0.00,0.00,,,,16.67,16.67,21.43,21.43,11.54,11.54,13.64,13.64,0.00,0.00
Zambia,ZMB,20200314,0.00,,0.00,,0.00,,0.00,,0.00,,0.00,,0.00,,2.00,0.00,,0.00,0.00,0.00,2.00,1,0.00,0.00,0.00,0.00,,,,16.67,16.67,21.43,21.43,11.54,11.54,13.64,13.64,0.00,0.00
Zambia,ZMB,20200315,0.00,,0.00,,0.00,,0.00,,0.00,,0.00,,0.00,,2.00,0.00,,0.00,0.00,0.00,2.00,1,0.00,0.00,0.00,0.00,,,,16.67,16.67,21.43,21.43,11.54,11.54,13.64,13.64,0.00,0.00
Zambia,ZMB,20200316,0.00,,0.00,,0.00,,0.00,,0.00,,0.00,,0.00,,2.00,0.00,,0.00,0.00,0.00,2.00,1,0.00,0.00,0.00,0.00,,,,16.67,16.67,21.43,21.43,11.54,11.54,13.64,13.64,0.00,0.00
Zambia,ZMB,20200317,0.00,,0.00,,0.00,,0.00,,0.00,,0.00,,0.00,,2.00,0.00,,0.00,0.00,0.00,2.00,1,0.00,0.00,0.00,0.00,,,,16.67,16.67,21.43,21.43,11.54,11.54,13.64,13.64,0.00,0.00
Zambia,ZMB,20200318,0.00,,0.00,,0.00,,0.00,,0.00,,0.00,,0.00,,2.00,0.00,,0.00,0.00,0.00,2.00,1,1.00,0.00,0.00,0.00,,,,16.67,16.67,21.43,21.43,14.10,14.10,16.67,16.67,0.00,0.00
Zambia,ZMB,20200319,0.00,,0.00,,0.00,,0.00,,0.00,,0.00,,0.00,,2.00,0.00,,0.00,0.00,0.00,2.00,1,1.00,0.00,0.00,0.00,,2,0,16.67,16.67,21.43,21.43,14.10,14.10,16.67,16.67,0.00,0.00
Zambia,ZMB,20200320,3.00,1,0.00,,0.00,,0.00,,0.00,,0.00,,0.00,,2.00,0.00,,0.00,0.00,0.00,2.00,1,1.00,0.00,0.00,0.00,,2,0,27.78,27.78,35.71,35.71,21.79,21.79,25.76,25.76,0.00,0.00
Zambia,ZMB,20200321,3.00,1,0.00,,0.00,,0.00,,0.00,,0.00,,0.00,,2.00,0.00,,0.00,0.00,0.00,2.00,1,1.00,0.00,0.00,0.00,,2,0,27.78,27.78,35.71,35.71,21.79,21.79,25.76,25.76,0.00,0.00
Zambia,ZMB,20200322,3.00,1,0.00,,0.00,,0.00,,0.00,,0.00,,0.00,,2.00,0.00,,0.00,0.00,0.00,2.00,1,1.00,0.00,0.00,0.00,,2,0,27.78,27.78,35.71,35.71,21.79,21.79,25.76,25.76,0.00,0.00
Zambia,ZMB,20200323,3.00,1,0.00,,0.00,,0.00,,0.00,,0.00,,0.00,,2.00,0.00,,0.00,0.00,0.00,2.00,1,1.00,0.00,0.00,0.00,,3,0,27.78,27.78,35.71,35.71,21.79,21.79,25.76,25.76,0.00,0.00
Zambia,ZMB,20200324,3.00,1,0.00,,0.00,,0.00,,0.00,,0.00,,0.00,,2.00,0.00,,0.00,0.00,0.00,2.00,1,1.00,0.00,0.00,0.00,,3,0,27.78,27.78,35.71,35.71,21.79,21.79,25.76,25.76,0.00,0.00
Zambia,ZMB,20200325,3.00,1,0.00,,0.00,,0.00,,0.00,,0.00,,0.00,,2.00,0.00,,0.00,0.00,0.00,2.00,1,1.00,0.00,0.00,0.00,,3,0,27.78,27.78,35.71,35.71,21.79,21.79,25.76,25.76,0.00,0.00
Zambia,ZMB,20200326,3.00,1,0.00,,0.00,,3.00,1,0.00,,0.00,,0.00,,2.00,0.00,,0.00,0.00,0.00,2.00,1,1.00,2.00,0.00,0.00,,12,0,36.11,36.11,47.14,47.14,35.26,35.26,41.67,41.67,0.00,0.00
Zambia,ZMB,20200327,3.00,1,0.00,,0.00,,3.00,1,0.00,,0.00,,0.00,,4.00,0.00,,0.00,0.00,0.00,2.00,1,1.00,2.00,0.00,0.00,,14,0,41.67,41.67,54.29,54.29,39.10,39.10,46.21,46.21,0.00,0.00
Zambia,ZMB,20200328,3.00,1,0.00,,0.00,,3.00,1,0.00,,0.00,,0.00,,4.00,0.00,,1.00,133956000.00,0.00,2.00,1,1.00,2.00,38360000.00,0.00,,16,0,41.67,41.67,54.29,54.29,42.95,42.95,46.21,46.21,25.00,25.00
Zambia,ZMB,20200329,3.00,1,0.00,,0.00,,3.00,1,0.00,,0.00,,1.00,1,4.00,0.00,,1.00,0.00,0.00,2.00,1,1.00,2.00,0.00,0.00,,28,0,47.22,47.22,63.81,63.81,46.79,46.79,50.76,50.76,25.00,25.00
Zambia,ZMB,20200330,3.00,1,0.00,,0.00,,3.00,1,0.00,,0.00,,1.00,1,4.00,0.00,,1.00,0.00,0.00,2.00,1,1.00,2.00,0.00,0.00,,29,0,47.22,47.22,63.81,63.81,46.79,46.79,50.76,50.76,25.00,25.00
Zambia,ZMB,20200331,3.00,1,0.00,,0.00,,3.00,1,0.00,,0.00,,1.00,1,4.00,0.00,,1.00,0.00,0.00,2.00,1,1.00,2.00,0.00,0.00,,35,0,47.22,47.22,63.81,63.81,46.79,46.79,50.76,50.76,25.00,25.00
Zambia,ZMB,20200401,3.00,1,0.00,,0.00,,3.00,1,0.00,,0.00,,1.00,1,4.00,0.00,,1.00,0.00,0.00,2.00,1,1.00,2.00,0.00,0.00,,35,0,47.22,47.22,63.81,63.81,46.79,46.79,50.76,50.76,25.00,25.00
Zambia,ZMB,20200402,3.00,1,0.00,,0.00,,3.00,1,0.00,,0.00,,1.00,1,4.00,0.00,,1.00,0.00,0.00,2.00,1,1.00,2.00,0.00,0.00,,36,0,47.22,47.22,63.81,63.81,46.79,46.79,50.76,50.76,25.00,25.00
Zambia,ZMB,20200403,3.00,1,0.00,,0.00,,3.00,1,0.00,,0.00,,1.00,1,4.00,0.00,,1.00,0.00,0.00,2.00,1,1.00,2.00,0.00,0.00,,39,1,47.22,47.22,63.81,63.81,46.79,46.79,50.76,50.76,25.00,25.00
Zambia,ZMB,20200404,3.00,1,0.00,,0.00,,3.00,1,0.00,,0.00,,1.00,1,4.00,0.00,,1.00,0.00,0.00,2.00,1,1.00,2.00,0.00,0.00,,39,1,47.22,47.22,63.81,63.81,46.79,46.79,50.76,50.76,25.00,25.00
Zambia,ZMB,20200405,3.00,1,0.00,,0.00,,3.00,1,0.00,,0.00,,1.00,1,4.00,0.00,,1.00,0.00,0.00,2.00,1,1.00,2.00,0.00,0.00,,39,1,47.22,47.22,63.81,63.81,46.79,46.79,50.76,50.76,25.00,25.00
Zambia,ZMB,20200406,3.00,1,0.00,,0.00,,3.00,1,0.00,,0.00,,1.00,1,4.00,0.00,,1.00,0.00,0.00,2.00,1,1.00,2.00,0.00,0.00,,39,1,47.22,47.22,63.81,63.81,46.79,46.79,50.76,50.76,25.00,25.00
Zambia,ZMB,20200407,3.00,1,0.00,,0.00,,3.00,1,0.00,,0.00,,1.00,1,4.00,0.00,,1.00,0.00,0.00,2.00,1,1.00,2.00,0.00,0.00,,39,1,47.22,47.22,63.81,63.81,46.79,46.79,50.76,50.76,25.00,25.00
Zambia,ZMB,20200408,3.00,1,0.00,,0.00,,3.00,1,0.00,,0.00,,1.00,1,4.00,0.00,,1.00,0.00,0.00,2.00,1,1.00,2.00,0.00,0.00,,39,1,47.22,47.22,63.81,63.81,46.79,46.79,50.76,50.76,25.00,25.00
Zambia,ZMB,20200409,3.00,1,0.00,,0.00,,3.00,1,0.00,,1.00,1,1.00,1,4.00,0.00,,1.00,0.00,0.00,2.00,1,1.00,2.00,0.00,0.00,,39,1,50.93,50.93,63.81,63.81,49.36,49.36,53.79,53.79,25.00,25.00
Zambia,ZMB,20200410,3.00,1,0.00,,0.00,,3.00,1,0.00,,1.00,1,1.00,1,4.00,0.00,,1.00,0.00,0.00,2.00,1,1.00,2.00,0.00,0.00,,39,1,50.93,50.93,63.81,63.81,49.36,49.36,53.79,53.79,25.00,25.00
Zambia,ZMB,20200411,3.00,1,0.00,,0.00,,3.00,1,0.00,,1.00,1,1.00,1,4.00,0.00,,1.00,0.00,0.00,2.00,1,1.00,2.00,0.00,0.00,,40,2,50.93,50.93,63.81,63.81,49.36,49.36,53.79,53.79,25.00,25.00
Zambia,ZMB,20200412,3.00,1,0.00,,0.00,,3.00,1,0.00,,1.00,1,1.00,1,4.00,0.00,,1.00,0.00,0.00,2.00,1,1.00,2.00,0.00,0.00,,40,2,50.93,50.93,63.81,63.81,49.36,49.36,53.79,53.79,25.00,25.00
Zambia,ZMB,20200413,3.00,1,0.00,,0.00,,3.00,1,0.00,,1.00,1,1.00,1,4.00,0.00,,1.00,0.00,0.00,2.00,1,1.00,2.00,0.00,0.00,,43,2,50.93,50.93,63.81,63.81,49.36,49.36,53.79,53.79,25.00,25.00
Zambia,ZMB,20200414,3.00,1,0.00,,0.00,,3.00,1,0.00,,1.00,1,2.00,0,4.00,0.00,,1.00,0.00,0.00,2.00,1,1.00,2.00,0.00,0.00,,45,2,53.70,53.70,63.81,63.81,51.28,51.28,56.06,56.06,25.00,25.00
Zambia,ZMB,20200415,3.00,1,0.00,,2.00,0,4.00,0,0.00,,2.00,0,2.00,0,4.00,0.00,,1.00,0.00,0.00,2.00,1,1.00,2.00,0.00,0.00,,45,2,65.28,65.28,63.81,63.81,59.29,59.29,65.53,65.53,25.00,25.00
Zambia,ZMB,20200416,3.00,1,0.00,,2.00,0,4.00,0,0.00,,2.00,0,2.00,0,4.00,0.00,,1.00,0.00,0.00,2.00,1,1.00,2.00,0.00,0.00,,48,2,65.28,65.28,63.81,63.81,59.29,59.29,65.53,65.53,25.00,25.00
Zambia,ZMB,20200417,3.00,1,0.00,,2.00,0,4.00,0,0.00,,2.00,0,2.00,0,4.00,0.00,,1.00,0.00,0.00,2.00,1,1.00,2.00,0.00,0.00,,48,2,65.28,65.28,63.81,63.81,59.29,59.29,65.53,65.53,25.00,25.00
Zambia,ZMB,20200418,3.00,1,0.00,,2.00,0,4.00,0,0.00,,2.00,0,2.00,0,4.00,0.00,,1.00,0.00,0.00,2.00,1,1.00,2.00,0.00,0.00,,52,2,65.28,65.28,63.81,63.81,59.29,59.29,65.53,65.53,25.00,25.00
Zambia,ZMB,20200419,3.00,1,0.00,,2.00,0,4.00,0,0.00,,2.00,0,2.00,0,4.00,0.00,,1.00,0.00,0.00,2.00,1,1.00,2.00,0.00,0.00,,57,2,65.28,65.28,63.81,63.81,59.29,59.29,65.53,65.53,25.00,25.00
Zambia,ZMB,20200420,3.00,1,0.00,,2.00,0,4.00,0,0.00,,2.00,0,2.00,0,4.00,0.00,,1.00,0.00,0.00,2.00,1,1.00,2.00,0.00,0.00,,61,3,65.28,65.28,63.81,63.81,59.29,59.29,65.53,65.53,25.00,25.00
Zambia,ZMB,20200421,3.00,1,0.00,,2.00,0,4.00,0,0.00,,2.00,0,2.00,0,4.00,0.00,,1.00,0.00,0.00,2.00,1,1.00,2.00,0.00,0.00,,65,3,65.28,65.28,63.81,63.81,59.29,59.29,65.53,65.53,25.00,25.00
Zambia,ZMB,20200422,3.00,1,0.00,,2.00,0,4.00,0,0.00,,2.00,0,2.00,0,4.00,0.00,,1.00,0.00,0.00,2.00,1,1.00,2.00,0.00,0.00,,65,3,65.28,65.28,63.81,63.81,59.29,59.29,65.53,65.53,25.00,25.00
Zambia,ZMB,20200423,3.00,1,0.00,,2.00,0,4.00,0,0.00,,2.00,0,2.00,0,4.00,0.00,,1.00,0.00,0.00,2.00,1,1.00,2.00,0.00,0.00,,74,3,65.28,65.28,63.81,63.81,59.29,59.29,65.53,65.53,25.00,25.00
Zambia,ZMB,20200424,3.00,1,0.00,,2.00,0,4.00,0,0.00,,2.00,0,2.00,0,4.00,0.00,,1.00,0.00,0.00,2.00,1,1.00,2.00,0.00,0.00,,76,3,65.28,65.28,63.81,63.81,59.29,59.29,65.53,65.53,25.00,25.00
Zambia,ZMB,20200425,3.00,1,0.00,,2.00,0,4.00,0,0.00,,2.00,0,2.00,0,4.00,0.00,,1.00,0.00,0.00,2.00,1,1.00,2.00,0.00,0.00,,84,3,65.28,65.28,63.81,63.81,59.29,59.29,65.53,65.53,25.00,25.00
Zambia,ZMB,20200426,3.00,1,0.00,,2.00,0,4.00,0,0.00,,2.00,0,2.00,0,4.00,0.00,,1.00,0.00,0.00,2.00,1,1.00,2.00,0.00,0.00,,84,3,65.28,65.28,63.81,63.81,59.29,59.29,65.53,65.53,25.00,25.00
Zambia,ZMB,20200427,3.00,1,0.00,,2.00,0,4.00,0,0.00,,2.00,0,2.00,0,4.00,0.00,,1.00,0.00,0.00,2.00,1,1.00,2.00,0.00,0.00,,88,3,65.28,65.28,63.81,63.81,59.29,59.29,65.53,65.53,25.00,25.00
Zambia,ZMB,20200428,3.00,1,0.00,,2.00,0,4.00,0,0.00,,2.00,0,2.00,0,4.00,0.00,,1.00,0.00,0.00,2.00,1,1.00,2.00,0.00,0.00,,89,3,65.28,65.28,63.81,63.81,59.29,59.29,65.53,65.53,25.00,25.00
Zambia,ZMB,20200429,3.00,1,0.00,,2.00,0,4.00,0,0.00,,2.00,0,2.00,0,4.00,0.00,,1.00,0.00,0.00,2.00,1,1.00,2.00,0.00,0.00,,95,3,65.28,65.28,63.81,63.81,59.29,59.29,65.53,65.53,25.00,25.00
Zambia,ZMB,20200430,3.00,1,0.00,,2.00,0,4.00,0,0.00,,2.00,0,2.00,0,4.00,0.00,,1.00,0.00,0.00,2.00,1,1.00,2.00,0.00,0.00,,97,3,65.28,65.28,63.81,63.81,59.29,59.29,65.53,65.53,25.00,25.00
Zambia,ZMB,20200501,3.00,1,0.00,,2.00,0,4.00,0,0.00,,2.00,0,2.00,0,4.00,0.00,,1.00,0.00,0.00,2.00,1,1.00,2.00,0.00,0.00,,106,3,65.28,65.28,63.81,63.81,59.29,59.29,65.53,65.53,25.00,25.00
Zambia,ZMB,20200502,3.00,1,3.00,1,2.00,0,4.00,0,0.00,,2.00,0,2.00,0,2.00,0.00,,1.00,0.00,0.00,2.00,1,1.00,2.00,0.00,0.00,,109,3,70.83,70.83,70.95,70.95,63.14,63.14,70.08,70.08,25.00,25.00
Zambia,ZMB,20200503,3.00,1,3.00,1,2.00,0,4.00,0,0.00,,2.00,0,2.00,0,2.00,0.00,,1.00,0.00,0.00,2.00,1,1.00,2.00,0.00,0.00,,119,3,70.83,70.83,70.95,70.95,63.14,63.14,70.08,70.08,25.00,25.00
Zambia,ZMB,20200504,3.00,1,3.00,1,2.00,0,4.00,0,0.00,,2.00,0,2.00,0,2.00,0.00,,1.00,0.00,0.00,2.00,1,1.00,2.00,0.00,0.00,,124,3,70.83,70.83,70.95,70.95,63.14,63.14,70.08,70.08,25.00,25.00
Zambia,ZMB,20200505,3.00,1,3.00,1,2.00,0,4.00,0,0.00,,2.00,0,2.00,0,2.00,0.00,,1.00,0.00,0.00,2.00,1,1.00,2.00,0.00,0.00,,137,3,70.83,70.83,70.95,70.95,63.14,63.14,70.08,70.08,25.00,25.00
Zambia,ZMB,20200506,3.00,1,3.00,1,2.00,0,4.00,0,0.00,,2.00,0,2.00,0,2.00,0.00,,1.00,0.00,0.00,2.00,1,1.00,2.00,0.00,0.00,,139,4,70.83,70.83,70.95,70.95,63.14,63.14,70.08,70.08,25.00,25.00
Zambia,ZMB,20200507,3.00,1,3.00,1,2.00,0,4.00,0,0.00,,2.00,0,2.00,0,2.00,0.00,,1.00,0.00,0.00,2.00,1,1.00,2.00,0.00,0.00,,146,4,70.83,70.83,70.95,70.95,63.14,63.14,70.08,70.08,25.00,25.00
Zambia,ZMB,20200508,3.00,1,2.00,1,0.00,,3.00,1,0.00,,0.00,,0.00,,2.00,0.00,,1.00,0.00,0.00,2.00,1,1.00,2.00,0.00,0.00,,153,4,43.52,43.52,57.86,57.86,44.23,44.23,47.73,47.73,25.00,25.00
Zambia,ZMB,20200509,3.00,1,2.00,1,0.00,,3.00,1,0.00,,0.00,,0.00,,2.00,0.00,,1.00,0.00,0.00,2.00,1,1.00,2.00,0.00,0.00,,167,4,43.52,43.52,57.86,57.86,44.23,44.23,47.73,47.73,25.00,25.00
Zambia,ZMB,20200510,3.00,1,2.00,1,0.00,,3.00,1,0.00,,0.00,,0.00,,2.00,0.00,,1.00,0.00,0.00,2.00,1,1.00,2.00,0.00,0.00,,252,7,43.52,43.52,57.86,57.86,44.23,44.23,47.73,47.73,25.00,25.00
Zambia,ZMB,20200511,3.00,1,2.00,1,0.00,,3.00,1,0.00,,0.00,,0.00,,2.00,0.00,,1.00,0.00,0.00,2.00,1,1.00,2.00,0.00,0.00,,267,7,43.52,43.52,57.86,57.86,44.23,44.23,47.73,47.73,25.00,25.00
Zambia,ZMB,20200512,3.00,1,2.00,1,0.00,,3.00,1,0.00,,0.00,,0.00,,2.00,0.00,,1.00,0.00,0.00,2.00,1,1.00,2.00,0.00,0.00,,267,7,43.52,43.52,57.86,57.86,44.23,44.23,47.73,47.73,25.00,25.00
Zambia,ZMB,20200513,3.00,1,2.00,1,0.00,,3.00,1,0.00,,0.00,,0.00,,2.00,0.00,,1.00,0.00,0.00,2.00,1,1.00,2.00,0.00,0.00,,441,7,43.52,43.52,57.86,57.86,44.23,44.23,47.73,47.73,25.00,25.00
Zambia,ZMB,20200514,3.00,1,2.00,1,0.00,,3.00,1,0.00,,0.00,,0.00,,2.00,0.00,,1.00,0.00,0.00,2.00,1,1.00,2.00,0.00,0.00,,446,7,43.52,43.52,57.86,57.86,44.23,44.23,47.73,47.73,25.00,25.00
Zambia,ZMB,20200515,3.00,1,2.00,1,0.00,,3.00,1,0.00,,0.00,,0.00,,2.00,0.00,,1.00,0.00,0.00,2.00,1,1.00,2.00,0.00,0.00,,654,7,43.52,43.52,57.86,57.86,44.23,44.23,47.73,47.73,25.00,25.00
Zambia,ZMB,20200516,3.00,1,2.00,1,0.00,,3.00,1,0.00,,0.00,,0.00,,2.00,0.00,,1.00,0.00,0.00,2.00,1,1.00,2.00,0.00,0.00,,668,7,43.52,43.52,57.86,57.86,44.23,44.23,47.73,47.73,25.00,25.00
Zambia,ZMB,20200517,3.00,1,2.00,1,0.00,,3.00,1,0.00,,0.00,,0.00,,2.00,0.00,,1.00,0.00,0.00,2.00,1,1.00,2.00,0.00,0.00,,679,7,43.52,43.52,57.86,57.86,44.23,44.23,47.73,47.73,25.00,25.00
Zambia,ZMB,20200518,3.00,1,2.00,1,0.00,,3.00,1,0.00,,0.00,,0.00,,2.00,0.00,,1.00,0.00,0.00,2.00,1,1.00,2.00,0.00,0.00,,753,7,43.52,43.52,57.86,57.86,44.23,44.23,47.73,47.73,25.00,25.00
Zambia,ZMB,20200519,3.00,1,2.00,1,0.00,,3.00,1,0.00,,0.00,,0.00,,2.00,0.00,,1.00,0.00,0.00,2.00,1,1.00,2.00,0.00,0.00,,761,7,43.52,43.52,57.86,57.86,44.23,44.23,47.73,47.73,25.00,25.00
Zambia,ZMB,20200520,3.00,1,2.00,1,0.00,,3.00,1,0.00,,0.00,,0.00,,2.00,0.00,,1.00,0.00,0.00,2.00,1,1.00,2.00,0.00,0.00,,772,7,43.52,43.52,57.86,57.86,44.23,44.23,47.73,47.73,25.00,25.00
Zambia,ZMB,20200521,3.00,1,2.00,1,0.00,,3.00,1,0.00,,0.00,,0.00,,2.00,0.00,,1.00,0.00,0.00,2.00,1,1.00,2.00,0.00,0.00,,832,7,43.52,43.52,57.86,57.86,44.23,44.23,47.73,47.73,25.00,25.00
Zambia,ZMB,20200522,3.00,1,2.00,1,0.00,,3.00,1,0.00,,0.00,,0.00,,2.00,0.00,,1.00,0.00,0.00,2.00,1,1.00,2.00,0.00,0.00,,866,7,43.52,43.52,57.86,57.86,44.23,44.23,47.73,47.73,25.00,25.00
Zambia,ZMB,20200523,3.00,1,2.00,1,0.00,,3.00,1,0.00,,0.00,,0.00,,2.00,0.00,,1.00,0.00,0.00,2.00,1,1.00,2.00,0.00,0.00,,920,7,43.52,43.52,57.86,57.86,44.23,44.23,47.73,47.73,25.00,25.00
Zambia,ZMB,20200524,3.00,1,2.00,1,0.00,,3.00,1,0.00,,0.00,,0.00,,2.00,0.00,,1.00,0.00,0.00,2.00,1,1.00,2.00,0.00,0.00,,920,7,43.52,43.52,57.86,57.86,44.23,44.23,47.73,47.73,25.00,25.00
Zambia,ZMB,20200525,3.00,1,2.00,1,0.00,,3.00,1,0.00,,0.00,,0.00,,2.00,0.00,,1.00,0.00,0.00,2.00,1,1.00,2.00,0.00,0.00,,920,7,43.52,43.52,57.86,57.86,44.23,44.23,47.73,47.73,25.00,25.00
Zambia,ZMB,20200526,3.00,1,2.00,1,0.00,,3.00,1,0.00,,0.00,,0.00,,2.00,0.00,,1.00,0.00,0.00,2.00,1,1.00,2.00,0.00,0.00,,920,7,43.52,43.52,57.86,57.86,44.23,44.23,47.73,47.73,25.00,25.00
Zambia,ZMB,20200527,3.00,1,2.00,1,0.00,,3.00,1,0.00,,0.00,,0.00,,2.00,0.00,,1.00,0.00,0.00,2.00,1,1.00,2.00,0.00,0.00,,920,7,43.52,43.52,57.86,57.86,44.23,44.23,47.73,47.73,25.00,25.00
Zambia,ZMB,20200528,3.00,1,2.00,1,0.00,,3.00,1,0.00,,0.00,,0.00,,2.00,0.00,,1.00,0.00,0.00,2.00,1,1.00,2.00,0.00,0.00,,1057,7,43.52,43.52,57.86,57.86,44.23,44.23,47.73,47.73,25.00,25.00
Zambia,ZMB,20200529,3.00,1,2.00,1,0.00,,3.00,1,0.00,,0.00,,0.00,,2.00,0.00,,1.00,0.00,0.00,2.00,1,1.00,2.00,0.00,0.00,,1057,7,43.52,43.52,57.86,57.86,44.23,44.23,47.73,47.73,25.00,25.00
Zambia,ZMB,20200530,3.00,1,2.00,1,0.00,,3.00,1,0.00,,0.00,,0.00,,2.00,0.00,,1.00,0.00,0.00,2.00,1,1.00,2.00,0.00,0.00,,1057,7,43.52,43.52,57.86,57.86,44.23,44.23,47.73,47.73,25.00,25.00
Zambia,ZMB,20200531,3.00,1,2.00,1,0.00,,3.00,1,0.00,,0.00,,0.00,,2.00,0.00,,1.00,0.00,0.00,2.00,1,1.00,2.00,0.00,0.00,,1057,7,43.52,43.52,57.86,57.86,44.23,44.23,47.73,47.73,25.00,25.00
Zambia,ZMB,20200601,2.00,1,0.00,,0.00,,3.00,1,0.00,,0.00,,0.00,,2.00,0.00,,1.00,0.00,0.00,2.00,1,1.00,2.00,0.00,0.00,,1057,7,32.41,32.41,43.57,43.57,36.54,36.54,38.64,38.64,25.00,25.00
Zambia,ZMB,20200602,2.00,1,0.00,,0.00,,3.00,1,0.00,,0.00,,0.00,,2.00,0.00,,1.00,0.00,0.00,2.00,1,1.00,2.00,0.00,0.00,,1089,7,32.41,32.41,43.57,43.57,36.54,36.54,38.64,38.64,25.00,25.00
Zambia,ZMB,20200603,2.00,1,0.00,,0.00,,3.00,1,0.00,,0.00,,0.00,,2.00,0.00,,1.00,0.00,0.00,2.00,1,1.00,2.00,0.00,0.00,,1089,7,32.41,32.41,43.57,43.57,36.54,36.54,38.64,38.64,25.00,25.00
Zambia,ZMB,20200604,2.00,1,0.00,,0.00,,3.00,1,0.00,,0.00,,0.00,,2.00,0.00,,1.00,0.00,0.00,2.00,1,1.00,2.00,0.00,0.00,,1089,7,32.41,32.41,43.57,43.57,36.54,36.54,38.64,38.64,25.00,25.00
Zambia,ZMB,20200605,2.00,1,0.00,,0.00,,3.00,1,0.00,,0.00,,0.00,,2.00,0.00,,1.00,0.00,0.00,2.00,1,1.00,2.00,0.00,0.00,,1111,7,32.41,32.41,43.57,43.57,36.54,36.54,38.64,38.64,25.00,25.00
Zambia,ZMB,20200606,2.00,1,0.00,,0.00,,3.00,1,0.00,,0.00,,0.00,,2.00,0.00,,1.00,0.00,0.00,2.00,1,1.00,2.00,0.00,0.00,,1111,7,32.41,32.41,43.57,43.57,36.54,36.54,38.64,38.64,25.00,25.00
Zambia,ZMB,20200607,2.00,1,0.00,,0.00,,3.00,1,0.00,,0.00,,0.00,,2.00,0.00,,1.00,0.00,0.00,2.00,1,1.00,2.00,0.00,0.00,,1154,7,32.41,32.41,43.57,43.57,36.54,36.54,38.64,38.64,25.00,25.00
Zambia,ZMB,20200608,2.00,1,0.00,,0.00,,3.00,1,0.00,,0.00,,0.00,,2.00,0.00,,1.00,0.00,0.00,2.00,1,1.00,2.00,0.00,0.00,,1154,7,32.41,32.41,43.57,43.57,36.54,36.54,38.64,38.64,25.00,25.00
Zambia,ZMB,20200609,2.00,1,0.00,,0.00,,3.00,1,0.00,,0.00,,0.00,,2.00,0.00,,1.00,0.00,0.00,2.00,1,1.00,2.00,0.00,0.00,,1200,10,32.41,32.41,43.57,43.57,36.54,36.54,38.64,38.64,25.00,25.00
Zambia,ZMB,20200610,2.00,1,0.00,,0.00,,3.00,1,0.00,,0.00,,0.00,,2.00,0.00,,1.00,0.00,0.00,2.00,1,1.00,2.00,0.00,0.00,,1200,10,32.41,32.41,43.57,43.57,36.54,36.54,38.64,38.64,25.00,25.00
Zambia,ZMB,20200611,2.00,1,0.00,,0.00,,3.00,1,0.00,,0.00,,0.00,,2.00,0.00,,1.00,0.00,0.00,2.00,1,1.00,2.00,0.00,0.00,,1252,10,32.41,32.41,43.57,43.57,36.54,36.54,38.64,38.64,25.00,25.00
Zambia,ZMB,20200612,2.00,1,0.00,,0.00,,3.00,1,0.00,,0.00,,0.00,,2.00,0.00,,1.00,0.00,0.00,2.00,1,1.00,2.00,0.00,0.00,,1252,10,32.41,32.41,43.57,43.57,36.54,36.54,38.64,38.64,25.00,25.00
Zambia,ZMB,20200613,2.00,1,0.00,,0.00,,3.00,1,0.00,,0.00,,0.00,,2.00,0.00,,1.00,0.00,0.00,2.00,1,1.00,2.00,0.00,0.00,,1321,10,32.41,32.41,43.57,43.57,36.54,36.54,38.64,38.64,25.00,25.00
Zambia,ZMB,20200614,2.00,1,0.00,,0.00,,3.00,1,0.00,,0.00,,0.00,,2.00,0.00,,1.00,0.00,0.00,2.00,1,1.00,2.00,0.00,0.00,,1357,10,32.41,32.41,43.57,43.57,36.54,36.54,38.64,38.64,25.00,25.00
Zambia,ZMB,20200615,2.00,1,0.00,,0.00,,3.00,1,0.00,,0.00,,0.00,,2.00,0.00,,1.00,0.00,0.00,2.00,1,1.00,2.00,0.00,0.00,,1358,11,32.41,32.41,43.57,43.57,36.54,36.54,38.64,38.64,25.00,25.00
Zambia,ZMB,20200616,,,,,,,,,,,,,,,,,,,,,,,,,,,,1382,11,,,,,,,,,,
Zambia,ZMB,20200617,,,,,,,,,,,,,,,,,,,,,,,,,,,,1405,11,,32.41,,43.57,,36.54,,38.64,,25.00
Zambia,ZMB,20200618,,,,,,,,,,,,,,,,,,,,,,,,,,,,1412,11,,32.41,,43.57,,36.54,,38.64,,25.00
Zambia,ZMB,20200619,,,,,,,,,,,,,,,,,,,,,,,,,,,,1416,11,,32.41,,43.57,,36.54,,38.64,,25.00
Zambia,ZMB,20200620,,,,,,,,,,,,,,,,,,,,,,,,,,,,1430,11,,32.41,,43.57,,36.54,,38.64,,25.00
Zambia,ZMB,20200621,,,,,,,,,,,,,,,,,,,,,,,,,,,,1430,11,,32.41,,43.57,,36.54,,38.64,,25.00
Zambia,ZMB,20200622,,,,,,,,,,,,,,,,,,,,,,,,,,,,1430,11,,32.41,,43.57,,36.54,,38.64,,25.00
Zambia,ZMB,20200623,,,,,,,,,,,,,,,,,,,,,,,,,,,,1430,11,,32.41,,43.57,,36.54,,38.64,,25.00
