Zimbabwe,ZWE,20200101,0.00,,0.00,,0.00,,0.00,,0.00,,0.00,,0.00,,0.00,0.00,,0.00,0.00,0.00,0.00,,0.00,0.00,0.00,0.00,,,,0.00,0.00,0.00,0.00,0.00,0.00,0.00,0.00,0.00,0.00
Zimbabwe,ZWE,20200102,0.00,,0.00,,0.00,,0.00,,0.00,,0.00,,0.00,,0.00,0.00,,0.00,0.00,0.00,0.00,,0.00,0.00,0.00,0.00,,,,0.00,0.00,0.00,0.00,0.00,0.00,0.00,0.00,0.00,0.00
Zimbabwe,ZWE,20200103,0.00,,0.00,,0.00,,0.00,,0.00,,0.00,,0.00,,0.00,0.00,,0.00,0.00,0.00,0.00,,0.00,0.00,0.00,0.00,,,,0.00,0.00,0.00,0.00,0.00,0.00,0.00,0.00,0.00,0.00
Zimbabwe,ZWE,20200104,0.00,,0.00,,0.00,,0.00,,0.00,,0.00,,0.00,,0.00,0.00,,0.00,0.00,0.00,0.00,,0.00,0.00,0.00,0.00,,,,0.00,0.00,0.00,0.00,0.00,0.00,0.00,0.00,0.00,0.00
Zimbabwe,ZWE,20200105,0.00,,0.00,,0.00,,0.00,,0.00,,0.00,,0.00,,0.00,0.00,,0.00,0.00,0.00,0.00,,0.00,0.00,0.00,0.00,,,,0.00,0.00,0.00,0.00,0.00,0.00,0.00,0.00,0.00,0.00
Zimbabwe,ZWE,20200106,0.00,,0.00,,0.00,,0.00,,0.00,,0.00,,0.00,,0.00,0.00,,0.00,0.00,0.00,0.00,,0.00,0.00,0.00,0.00,,,,0.00,0.00,0.00,0.00,0.00,0.00,0.00,0.00,0.00,0.00
Zimbabwe,ZWE,20200107,0.00,,0.00,,0.00,,0.00,,0.00,,0.00,,0.00,,0.00,0.00,,0.00,0.00,0.00,0.00,,0.00,0.00,0.00,0.00,,,,0.00,0.00,0.00,0.00,0.00,0.00,0.00,0.00,0.00,0.00
Zimbabwe,ZWE,20200108,0.00,,0.00,,0.00,,0.00,,0.00,,0.00,,0.00,,0.00,0.00,,0.00,0.00,0.00,0.00,,0.00,0.00,0.00,0.00,,,,0.00,0.00,0.00,0.00,0.00,0.00,0.00,0.00,0.00,0.00
Zimbabwe,ZWE,20200109,0.00,,0.00,,0.00,,0.00,,0.00,,0.00,,0.00,,0.00,0.00,,0.00,0.00,0.00,0.00,,0.00,0.00,0.00,0.00,,,,0.00,0.00,0.00,0.00,0.00,0.00,0.00,0.00,0.00,0.00
Zimbabwe,ZWE,20200110,0.00,,0.00,,0.00,,0.00,,0.00,,0.00,,0.00,,0.00,0.00,,0.00,0.00,0.00,0.00,,0.00,0.00,0.00,0.00,,,,0.00,0.00,0.00,0.00,0.00,0.00,0.00,0.00,0.00,0.00
Zimbabwe,ZWE,20200111,0.00,,0.00,,0.00,,0.00,,0.00,,0.00,,0.00,,0.00,0.00,,0.00,0.00,0.00,0.00,,0.00,0.00,0.00,0.00,,,,0.00,0.00,0.00,0.00,0.00,0.00,0.00,0.00,0.00,0.00
Zimbabwe,ZWE,20200112,0.00,,0.00,,0.00,,0.00,,0.00,,0.00,,0.00,,0.00,0.00,,0.00,0.00,0.00,0.00,,0.00,0.00,0.00,0.00,,,,0.00,0.00,0.00,0.00,0.00,0.00,0.00,0.00,0.00,0.00
Zimbabwe,ZWE,20200113,0.00,,0.00,,0.00,,0.00,,0.00,,0.00,,0.00,,0.00,0.00,,0.00,0.00,0.00,0.00,,0.00,0.00,0.00,0.00,,,,0.00,0.00,0.00,0.00,0.00,0.00,0.00,0.00,0.00,0.00
Zimbabwe,ZWE,20200114,0.00,,0.00,,0.00,,0.00,,0.00,,0.00,,0.00,,0.00,0.00,,0.00,0.00,0.00,0.00,,0.00,0.00,0.00,0.00,,,,0.00,0.00,0.00,0.00,0.00,0.00,0.00,0.00,0.00,0.00
Zimbabwe,ZWE,20200115,0.00,,0.00,,0.00,,0.00,,0.00,,0.00,,0.00,,0.00,0.00,,0.00,0.00,0.00,0.00,,0.00,0.00,0.00,0.00,,,,0.00,0.00,0.00,0.00,0.00,0.00,0.00,0.00,0.00,0.00
Zimbabwe,ZWE,20200116,0.00,,0.00,,0.00,,0.00,,0.00,,0.00,,0.00,,0.00,0.00,,0.00,0.00,0.00,0.00,,0.00,0.00,0.00,0.00,,,,0.00,0.00,0.00,0.00,0.00,0.00,0.00,0.00,0.00,0.00
Zimbabwe,ZWE,20200117,0.00,,0.00,,0.00,,0.00,,0.00,,0.00,,0.00,,0.00,0.00,,0.00,0.00,0.00,0.00,,0.00,0.00,0.00,0.00,,,,0.00,0.00,0.00,0.00,0.00,0.00,0.00,0.00,0.00,0.00
Zimbabwe,ZWE,20200118,0.00,,0.00,,0.00,,0.00,,0.00,,0.00,,0.00,,0.00,0.00,,0.00,0.00,0.00,0.00,,0.00,0.00,0.00,0.00,,,,0.00,0.00,0.00,0.00,0.00,0.00,0.00,0.00,0.00,0.00
Zimbabwe,ZWE,20200119,0.00,,0.00,,0.00,,0.00,,0.00,,0.00,,0.00,,0.00,0.00,,0.00,0.00,0.00,0.00,,0.00,0.00,0.00,0.00,,,,0.00,0.00,0.00,0.00,0.00,0.00,0.00,0.00,0.00,0.00
Zimbabwe,ZWE,20200120,0.00,,0.00,,0.00,,0.00,,0.00,,0.00,,0.00,,0.00,0.00,,0.00,0.00,0.00,0.00,,0.00,0.00,0.00,0.00,,,,0.00,0.00,0.00,0.00,0.00,0.00,0.00,0.00,0.00,0.00
Zimbabwe,ZWE,20200121,0.00,,0.00,,0.00,,0.00,,0.00,,0.00,,0.00,,0.00,0.00,,0.00,0.00,0.00,0.00,,0.00,0.00,0.00,0.00,,,,0.00,0.00,0.00,0.00,0.00,0.00,0.00,0.00,0.00,0.00
Zimbabwe,ZWE,20200122,0.00,,0.00,,0.00,,0.00,,0.00,,0.00,,0.00,,0.00,0.00,,0.00,0.00,0.00,0.00,,0.00,0.00,0.00,0.00,,,,0.00,0.00,0.00,0.00,0.00,0.00,0.00,0.00,0.00,0.00
Zimbabwe,ZWE,20200123,0.00,,0.00,,0.00,,0.00,,0.00,,0.00,,0.00,,0.00,0.00,,0.00,0.00,0.00,0.00,,0.00,0.00,0.00,0.00,,,,0.00,0.00,0.00,0.00,0.00,0.00,0.00,0.00,0.00,0.00
Zimbabwe,ZWE,20200124,0.00,,0.00,,0.00,,0.00,,0.00,,0.00,,0.00,,0.00,0.00,,0.00,0.00,0.00,0.00,,0.00,0.00,0.00,0.00,,,,0.00,0.00,0.00,0.00,0.00,0.00,0.00,0.00,0.00,0.00
Zimbabwe,ZWE,20200125,0.00,,0.00,,0.00,,0.00,,0.00,,0.00,,0.00,,0.00,0.00,,0.00,0.00,0.00,0.00,,0.00,0.00,0.00,0.00,,,,0.00,0.00,0.00,0.00,0.00,0.00,0.00,0.00,0.00,0.00
Zimbabwe,ZWE,20200126,0.00,,0.00,,0.00,,0.00,,0.00,,0.00,,0.00,,0.00,0.00,,0.00,0.00,0.00,0.00,,0.00,0.00,0.00,0.00,,,,0.00,0.00,0.00,0.00,0.00,0.00,0.00,0.00,0.00,0.00
Zimbabwe,ZWE,20200127,0.00,,0.00,,0.00,,0.00,,0.00,,0.00,,0.00,,0.00,0.00,,0.00,0.00,0.00,1.00,1,0.00,0.00,0.00,0.00,,,,5.56,5.56,9.52,9.52,3.85,3.85,4.55,4.55,0.00,0.00
Zimbabwe,ZWE,20200128,0.00,,0.00,,0.00,,0.00,,0.00,,0.00,,0.00,,1.00,0.00,,0.00,0.00,0.00,1.00,1,0.00,0.00,0.00,0.00,,,,8.33,8.33,13.10,13.10,5.77,5.77,6.82,6.82,0.00,0.00
Zimbabwe,ZWE,20200129,0.00,,0.00,,0.00,,0.00,,0.00,,0.00,,0.00,,1.00,0.00,,0.00,0.00,0.00,1.00,1,0.00,0.00,0.00,0.00,,,,8.33,8.33,13.10,13.10,5.77,5.77,6.82,6.82,0.00,0.00
Zimbabwe,ZWE,20200130,0.00,,0.00,,0.00,,0.00,,0.00,,0.00,,0.00,,1.00,0.00,,0.00,0.00,0.00,1.00,1,0.00,0.00,0.00,0.00,,,,8.33,8.33,13.10,13.10,5.77,5.77,6.82,6.82,0.00,0.00
Zimbabwe,ZWE,20200131,0.00,,0.00,,0.00,,0.00,,0.00,,0.00,,0.00,,1.00,0.00,,0.00,0.00,0.00,1.00,1,0.00,0.00,0.00,0.00,,,,8.33,8.33,13.10,13.10,5.77,5.77,6.82,6.82,0.00,0.00
Zimbabwe,ZWE,20200201,0.00,,0.00,,0.00,,0.00,,0.00,,0.00,,0.00,,1.00,0.00,,0.00,0.00,0.00,1.00,1,0.00,0.00,0.00,0.00,,,,8.33,8.33,13.10,13.10,5.77,5.77,6.82,6.82,0.00,0.00
Zimbabwe,ZWE,20200202,0.00,,0.00,,0.00,,0.00,,0.00,,0.00,,0.00,,1.00,0.00,,0.00,0.00,0.00,1.00,1,0.00,0.00,0.00,0.00,,,,8.33,8.33,13.10,13.10,5.77,5.77,6.82,6.82,0.00,0.00
Zimbabwe,ZWE,20200203,0.00,,0.00,,0.00,,0.00,,0.00,,0.00,,0.00,,1.00,0.00,,0.00,0.00,0.00,1.00,1,0.00,0.00,0.00,0.00,,,,8.33,8.33,13.10,13.10,5.77,5.77,6.82,6.82,0.00,0.00
Zimbabwe,ZWE,20200204,0.00,,0.00,,0.00,,0.00,,0.00,,0.00,,0.00,,1.00,0.00,,0.00,0.00,0.00,1.00,1,0.00,0.00,0.00,0.00,,,,8.33,8.33,13.10,13.10,5.77,5.77,6.82,6.82,0.00,0.00
Zimbabwe,ZWE,20200205,0.00,,0.00,,0.00,,0.00,,0.00,,0.00,,0.00,,1.00,0.00,,0.00,0.00,0.00,1.00,1,0.00,0.00,0.00,0.00,,,,8.33,8.33,13.10,13.10,5.77,5.77,6.82,6.82,0.00,0.00
Zimbabwe,ZWE,20200206,0.00,,0.00,,0.00,,0.00,,0.00,,0.00,,0.00,,1.00,0.00,,0.00,0.00,0.00,1.00,1,0.00,0.00,0.00,0.00,,,,8.33,8.33,13.10,13.10,5.77,5.77,6.82,6.82,0.00,0.00
Zimbabwe,ZWE,20200207,0.00,,0.00,,0.00,,0.00,,0.00,,0.00,,0.00,,1.00,0.00,,0.00,0.00,0.00,1.00,1,0.00,0.00,0.00,0.00,,,,8.33,8.33,13.10,13.10,5.77,5.77,6.82,6.82,0.00,0.00
Zimbabwe,ZWE,20200208,0.00,,0.00,,0.00,,0.00,,0.00,,0.00,,0.00,,1.00,0.00,,0.00,0.00,0.00,1.00,1,0.00,0.00,0.00,0.00,,,,8.33,8.33,13.10,13.10,5.77,5.77,6.82,6.82,0.00,0.00
Zimbabwe,ZWE,20200209,0.00,,0.00,,0.00,,0.00,,0.00,,0.00,,0.00,,1.00,0.00,,0.00,0.00,0.00,1.00,1,0.00,0.00,0.00,0.00,,,,8.33,8.33,13.10,13.10,5.77,5.77,6.82,6.82,0.00,0.00
Zimbabwe,ZWE,20200210,0.00,,0.00,,0.00,,0.00,,0.00,,0.00,,0.00,,1.00,0.00,,0.00,0.00,0.00,1.00,1,0.00,0.00,0.00,0.00,,,,8.33,8.33,13.10,13.10,5.77,5.77,6.82,6.82,0.00,0.00
Zimbabwe,ZWE,20200211,0.00,,0.00,,0.00,,0.00,,0.00,,0.00,,0.00,,1.00,0.00,,0.00,0.00,0.00,1.00,1,0.00,0.00,0.00,0.00,,,,8.33,8.33,13.10,13.10,5.77,5.77,6.82,6.82,0.00,0.00
Zimbabwe,ZWE,20200212,0.00,,0.00,,0.00,,0.00,,0.00,,0.00,,0.00,,1.00,0.00,,0.00,0.00,0.00,1.00,1,0.00,0.00,0.00,0.00,,,,8.33,8.33,13.10,13.10,5.77,5.77,6.82,6.82,0.00,0.00
Zimbabwe,ZWE,20200213,0.00,,0.00,,0.00,,0.00,,0.00,,0.00,,0.00,,1.00,0.00,,0.00,0.00,0.00,1.00,1,0.00,0.00,0.00,0.00,,,,8.33,8.33,13.10,13.10,5.77,5.77,6.82,6.82,0.00,0.00
Zimbabwe,ZWE,20200214,0.00,,0.00,,0.00,,0.00,,0.00,,0.00,,0.00,,1.00,0.00,,0.00,0.00,0.00,1.00,1,0.00,0.00,0.00,0.00,,,,8.33,8.33,13.10,13.10,5.77,5.77,6.82,6.82,0.00,0.00
Zimbabwe,ZWE,20200215,0.00,,0.00,,0.00,,0.00,,0.00,,0.00,,0.00,,1.00,0.00,,0.00,0.00,0.00,1.00,1,0.00,0.00,0.00,0.00,,,,8.33,8.33,13.10,13.10,5.77,5.77,6.82,6.82,0.00,0.00
Zimbabwe,ZWE,20200216,0.00,,0.00,,0.00,,0.00,,0.00,,0.00,,0.00,,1.00,0.00,,0.00,0.00,0.00,1.00,1,0.00,0.00,0.00,0.00,,,,8.33,8.33,13.10,13.10,5.77,5.77,6.82,6.82,0.00,0.00
Zimbabwe,ZWE,20200217,0.00,,0.00,,0.00,,0.00,,0.00,,0.00,,0.00,,1.00,0.00,,0.00,0.00,0.00,1.00,1,0.00,0.00,0.00,0.00,,,,8.33,8.33,13.10,13.10,5.77,5.77,6.82,6.82,0.00,0.00
Zimbabwe,ZWE,20200218,0.00,,0.00,,0.00,,0.00,,0.00,,0.00,,0.00,,1.00,0.00,,0.00,0.00,0.00,1.00,1,0.00,0.00,0.00,0.00,,,,8.33,8.33,13.10,13.10,5.77,5.77,6.82,6.82,0.00,0.00
Zimbabwe,ZWE,20200219,0.00,,0.00,,0.00,,0.00,,0.00,,0.00,,0.00,,1.00,0.00,,0.00,0.00,0.00,1.00,1,0.00,0.00,0.00,0.00,,,,8.33,8.33,13.10,13.10,5.77,5.77,6.82,6.82,0.00,0.00
Zimbabwe,ZWE,20200220,0.00,,0.00,,0.00,,0.00,,0.00,,0.00,,0.00,,1.00,0.00,,0.00,0.00,0.00,1.00,1,0.00,0.00,0.00,0.00,,,,8.33,8.33,13.10,13.10,5.77,5.77,6.82,6.82,0.00,0.00
Zimbabwe,ZWE,20200221,0.00,,0.00,,0.00,,0.00,,0.00,,0.00,,0.00,,1.00,0.00,,0.00,0.00,0.00,1.00,1,0.00,0.00,0.00,0.00,,,,8.33,8.33,13.10,13.10,5.77,5.77,6.82,6.82,0.00,0.00
Zimbabwe,ZWE,20200222,0.00,,0.00,,0.00,,0.00,,0.00,,0.00,,0.00,,1.00,0.00,,0.00,0.00,0.00,1.00,1,0.00,0.00,0.00,0.00,,,,8.33,8.33,13.10,13.10,5.77,5.77,6.82,6.82,0.00,0.00
Zimbabwe,ZWE,20200223,0.00,,0.00,,0.00,,0.00,,0.00,,0.00,,0.00,,1.00,0.00,,0.00,0.00,0.00,1.00,1,0.00,0.00,0.00,0.00,,,,8.33,8.33,13.10,13.10,5.77,5.77,6.82,6.82,0.00,0.00
Zimbabwe,ZWE,20200224,0.00,,0.00,,0.00,,0.00,,0.00,,0.00,,0.00,,1.00,0.00,,0.00,0.00,0.00,1.00,1,0.00,0.00,0.00,0.00,,,,8.33,8.33,13.10,13.10,5.77,5.77,6.82,6.82,0.00,0.00
Zimbabwe,ZWE,20200225,0.00,,0.00,,0.00,,0.00,,0.00,,0.00,,0.00,,1.00,0.00,,0.00,0.00,0.00,1.00,1,0.00,0.00,0.00,0.00,,,,8.33,8.33,13.10,13.10,5.77,5.77,6.82,6.82,0.00,0.00
Zimbabwe,ZWE,20200226,0.00,,0.00,,0.00,,0.00,,0.00,,0.00,,0.00,,1.00,0.00,,0.00,0.00,0.00,1.00,1,0.00,0.00,0.00,0.00,,,,8.33,8.33,13.10,13.10,5.77,5.77,6.82,6.82,0.00,0.00
Zimbabwe,ZWE,20200227,0.00,,0.00,,0.00,,0.00,,0.00,,0.00,,0.00,,1.00,0.00,,0.00,0.00,0.00,1.00,1,0.00,0.00,0.00,0.00,,,,8.33,8.33,13.10,13.10,5.77,5.77,6.82,6.82,0.00,0.00
Zimbabwe,ZWE,20200228,0.00,,0.00,,0.00,,0.00,,0.00,,0.00,,0.00,,1.00,0.00,,0.00,0.00,0.00,1.00,1,0.00,0.00,0.00,0.00,,,,8.33,8.33,13.10,13.10,5.77,5.77,6.82,6.82,0.00,0.00
Zimbabwe,ZWE,20200229,0.00,,0.00,,0.00,,0.00,,0.00,,0.00,,0.00,,1.00,0.00,,0.00,0.00,0.00,1.00,1,0.00,0.00,0.00,0.00,,,,8.33,8.33,13.10,13.10,5.77,5.77,6.82,6.82,0.00,0.00
Zimbabwe,ZWE,20200301,0.00,,0.00,,0.00,,0.00,,0.00,,0.00,,0.00,,1.00,0.00,,0.00,0.00,0.00,1.00,1,0.00,0.00,0.00,0.00,,,,8.33,8.33,13.10,13.10,5.77,5.77,6.82,6.82,0.00,0.00
Zimbabwe,ZWE,20200302,0.00,,0.00,,0.00,,0.00,,0.00,,0.00,,0.00,,1.00,0.00,,0.00,0.00,0.00,1.00,1,0.00,0.00,0.00,0.00,,,,8.33,8.33,13.10,13.10,5.77,5.77,6.82,6.82,0.00,0.00
Zimbabwe,ZWE,20200303,0.00,,0.00,,0.00,,0.00,,0.00,,0.00,,0.00,,1.00,0.00,,0.00,0.00,0.00,1.00,1,0.00,0.00,0.00,0.00,,,,8.33,8.33,13.10,13.10,5.77,5.77,6.82,6.82,0.00,0.00
Zimbabwe,ZWE,20200304,0.00,,0.00,,0.00,,0.00,,0.00,,0.00,,0.00,,1.00,0.00,,0.00,0.00,0.00,1.00,1,0.00,0.00,0.00,0.00,,,,8.33,8.33,13.10,13.10,5.77,5.77,6.82,6.82,0.00,0.00
Zimbabwe,ZWE,20200305,0.00,,0.00,,0.00,,0.00,,0.00,,0.00,,0.00,,1.00,0.00,,0.00,0.00,0.00,1.00,1,0.00,0.00,0.00,0.00,,,,8.33,8.33,13.10,13.10,5.77,5.77,6.82,6.82,0.00,0.00
Zimbabwe,ZWE,20200306,0.00,,0.00,,0.00,,0.00,,0.00,,0.00,,0.00,,1.00,0.00,,0.00,0.00,0.00,1.00,1,0.00,0.00,0.00,0.00,,,,8.33,8.33,13.10,13.10,5.77,5.77,6.82,6.82,0.00,0.00
Zimbabwe,ZWE,20200307,0.00,,0.00,,0.00,,0.00,,0.00,,0.00,,0.00,,1.00,0.00,,0.00,0.00,0.00,1.00,1,0.00,0.00,0.00,0.00,,,,8.33,8.33,13.10,13.10,5.77,5.77,6.82,6.82,0.00,0.00
Zimbabwe,ZWE,20200308,0.00,,0.00,,0.00,,0.00,,0.00,,0.00,,0.00,,1.00,0.00,,0.00,0.00,0.00,1.00,1,0.00,0.00,0.00,0.00,,,,8.33,8.33,13.10,13.10,5.77,5.77,6.82,6.82,0.00,0.00
Zimbabwe,ZWE,20200309,0.00,,0.00,,0.00,,0.00,,0.00,,0.00,,0.00,,1.00,0.00,,0.00,0.00,0.00,1.00,1,0.00,0.00,0.00,0.00,,,,8.33,8.33,13.10,13.10,5.77,5.77,6.82,6.82,0.00,0.00
Zimbabwe,ZWE,20200310,0.00,,0.00,,0.00,,0.00,,0.00,,0.00,,0.00,,1.00,0.00,,0.00,0.00,0.00,1.00,1,0.00,0.00,0.00,0.00,,,,8.33,8.33,13.10,13.10,5.77,5.77,6.82,6.82,0.00,0.00
Zimbabwe,ZWE,20200311,0.00,,0.00,,0.00,,0.00,,0.00,,0.00,,0.00,,1.00,0.00,,0.00,0.00,0.00,1.00,1,0.00,0.00,0.00,0.00,,,,8.33,8.33,13.10,13.10,5.77,5.77,6.82,6.82,0.00,0.00
Zimbabwe,ZWE,20200312,0.00,,0.00,,0.00,,0.00,,0.00,,0.00,,0.00,,1.00,0.00,,0.00,0.00,0.00,1.00,1,0.00,0.00,0.00,0.00,,,,8.33,8.33,13.10,13.10,5.77,5.77,6.82,6.82,0.00,0.00
Zimbabwe,ZWE,20200313,0.00,,0.00,,0.00,,0.00,,0.00,,0.00,,0.00,,1.00,0.00,,0.00,0.00,0.00,1.00,1,0.00,0.00,0.00,0.00,,,,8.33,8.33,13.10,13.10,5.77,5.77,6.82,6.82,0.00,0.00
Zimbabwe,ZWE,20200314,0.00,,0.00,,0.00,,0.00,,0.00,,0.00,,0.00,,1.00,0.00,,0.00,0.00,0.00,1.00,1,0.00,0.00,0.00,0.00,,,,8.33,8.33,13.10,13.10,5.77,5.77,6.82,6.82,0.00,0.00
Zimbabwe,ZWE,20200315,0.00,,0.00,,0.00,,0.00,,0.00,,0.00,,0.00,,1.00,0.00,,0.00,0.00,0.00,1.00,1,0.00,0.00,0.00,0.00,,,,8.33,8.33,13.10,13.10,5.77,5.77,6.82,6.82,0.00,0.00
Zimbabwe,ZWE,20200316,0.00,,0.00,,0.00,,0.00,,0.00,,0.00,,0.00,,1.00,0.00,,0.00,0.00,0.00,1.00,1,0.00,0.00,0.00,0.00,,,,8.33,8.33,13.10,13.10,5.77,5.77,6.82,6.82,0.00,0.00
Zimbabwe,ZWE,20200317,0.00,,0.00,,2.00,1,3.00,1,0.00,,0.00,,0.00,,1.00,0.00,,0.00,0.00,0.00,1.00,1,0.00,0.00,0.00,0.00,,,,27.78,27.78,27.38,27.38,19.23,19.23,22.73,22.73,0.00,0.00
Zimbabwe,ZWE,20200318,0.00,,0.00,,2.00,1,3.00,1,0.00,,0.00,,0.00,,1.00,0.00,,0.00,0.00,0.00,1.00,1,0.00,0.00,0.00,0.00,,,,27.78,27.78,27.38,27.38,19.23,19.23,22.73,22.73,0.00,0.00
Zimbabwe,ZWE,20200319,0.00,,0.00,,2.00,1,3.00,1,0.00,,0.00,,0.00,,1.00,0.00,,0.00,0.00,0.00,1.00,1,0.00,0.00,0.00,0.00,,,,27.78,27.78,27.38,27.38,19.23,19.23,22.73,22.73,0.00,0.00
Zimbabwe,ZWE,20200320,0.00,,0.00,,2.00,1,3.00,1,0.00,,0.00,,0.00,,1.00,0.00,,0.00,0.00,0.00,1.00,1,0.00,0.00,0.00,0.00,,,,27.78,27.78,27.38,27.38,19.23,19.23,22.73,22.73,0.00,0.00
Zimbabwe,ZWE,20200321,0.00,,0.00,,2.00,1,3.00,1,0.00,,0.00,,0.00,,1.00,0.00,,0.00,0.00,0.00,1.00,1,0.00,0.00,0.00,0.00,,1,0,27.78,27.78,27.38,27.38,19.23,19.23,22.73,22.73,0.00,0.00
Zimbabwe,ZWE,20200322,0.00,,0.00,,2.00,1,3.00,1,0.00,,0.00,,0.00,,1.00,0.00,,0.00,0.00,0.00,1.00,1,0.00,0.00,0.00,0.00,,2,0,27.78,27.78,27.38,27.38,19.23,19.23,22.73,22.73,0.00,0.00
Zimbabwe,ZWE,20200323,0.00,,0.00,,2.00,1,3.00,1,0.00,,1.00,1,1.00,1,4.00,0.00,,0.00,0.00,0.00,1.00,1,0.00,0.00,0.00,0.00,,2,0,45.37,45.37,47.62,47.62,31.41,31.41,37.12,37.12,0.00,0.00
Zimbabwe,ZWE,20200324,3.00,1,0.00,,2.00,1,3.00,1,0.00,,1.00,1,1.00,1,4.00,0.00,,0.00,0.00,0.00,1.00,1,0.00,1.00,0.00,0.00,,2,1,56.48,56.48,61.90,61.90,42.95,42.95,50.76,50.76,0.00,0.00
Zimbabwe,ZWE,20200325,3.00,1,0.00,,2.00,1,3.00,1,0.00,,1.00,1,1.00,1,4.00,0.00,,0.00,0.00,0.00,1.00,1,0.00,1.00,0.00,0.00,,2,1,56.48,56.48,61.90,61.90,42.95,42.95,50.76,50.76,0.00,0.00
Zimbabwe,ZWE,20200326,3.00,1,0.00,,2.00,1,3.00,1,0.00,,1.00,1,1.00,1,4.00,0.00,,0.00,0.00,0.00,1.00,1,0.00,1.00,0.00,0.00,,3,1,56.48,56.48,61.90,61.90,42.95,42.95,50.76,50.76,0.00,0.00
Zimbabwe,ZWE,20200327,3.00,1,0.00,,2.00,1,3.00,1,0.00,,1.00,1,1.00,1,4.00,0.00,,0.00,0.00,0.00,2.00,1,0.00,1.00,0.00,0.00,,3,1,62.04,62.04,66.67,66.67,46.79,46.79,55.30,55.30,0.00,0.00
Zimbabwe,ZWE,20200328,3.00,1,0.00,,2.00,1,3.00,1,0.00,,1.00,1,1.00,1,4.00,0.00,,0.00,0.00,0.00,2.00,1,0.00,1.00,0.00,0.00,,5,1,62.04,62.04,66.67,66.67,46.79,46.79,55.30,55.30,0.00,0.00
Zimbabwe,ZWE,20200329,3.00,1,0.00,,2.00,1,3.00,1,0.00,,1.00,1,1.00,1,4.00,0.00,,0.00,0.00,0.00,2.00,1,0.00,1.00,0.00,0.00,,7,1,62.04,62.04,66.67,66.67,46.79,46.79,55.30,55.30,0.00,0.00
Zimbabwe,ZWE,20200330,3.00,1,3.00,1,2.00,1,3.00,1,1.00,1,2.00,1,2.00,1,4.00,0.00,,0.00,0.00,0.00,2.00,1,0.00,1.00,0.00,0.00,,7,1,87.96,87.96,95.24,95.24,64.74,64.74,76.52,76.52,0.00,0.00
Zimbabwe,ZWE,20200331,3.00,1,3.00,1,2.00,1,3.00,1,1.00,1,2.00,1,2.00,1,4.00,0.00,,0.00,600000000.00,0.00,2.00,1,0.00,1.00,50.00,1.10,,7,1,87.96,87.96,95.24,95.24,64.74,64.74,76.52,76.52,0.00,0.00
Zimbabwe,ZWE,20200401,3.00,1,3.00,1,2.00,1,3.00,1,1.00,1,2.00,1,2.00,1,4.00,0.00,,0.00,0.00,0.00,2.00,1,0.00,1.00,0.00,0.00,,8,1,87.96,87.96,95.24,95.24,64.74,64.74,76.52,76.52,0.00,0.00
Zimbabwe,ZWE,20200402,3.00,1,3.00,1,2.00,1,3.00,1,1.00,1,2.00,1,2.00,1,4.00,0.00,,0.00,715000000.00,0.00,2.00,1,0.00,1.00,0.00,0.00,,8,1,87.96,87.96,95.24,95.24,64.74,64.74,76.52,76.52,0.00,0.00
Zimbabwe,ZWE,20200403,3.00,1,3.00,1,2.00,1,3.00,1,1.00,1,2.00,1,2.00,1,4.00,0.00,,0.00,0.00,0.00,2.00,1,0.00,1.00,0.00,0.00,,8,1,87.96,87.96,95.24,95.24,64.74,64.74,76.52,76.52,0.00,0.00
Zimbabwe,ZWE,20200404,3.00,1,3.00,1,2.00,1,3.00,1,1.00,1,2.00,1,2.00,1,4.00,0.00,,0.00,0.00,0.00,2.00,1,0.00,1.00,0.00,0.00,,9,1,87.96,87.96,95.24,95.24,64.74,64.74,76.52,76.52,0.00,0.00
Zimbabwe,ZWE,20200405,3.00,1,3.00,1,2.00,1,3.00,1,1.00,1,2.00,1,2.00,1,4.00,0.00,,0.00,0.00,0.00,2.00,1,0.00,1.00,0.00,0.00,,9,1,87.96,87.96,95.24,95.24,64.74,64.74,76.52,76.52,0.00,0.00
Zimbabwe,ZWE,20200406,3.00,1,3.00,1,2.00,1,3.00,1,1.00,1,2.00,1,2.00,1,4.00,0.00,,0.00,0.00,0.00,2.00,1,0.00,1.00,0.00,0.00,,9,1,87.96,87.96,95.24,95.24,64.74,64.74,76.52,76.52,0.00,0.00
Zimbabwe,ZWE,20200407,3.00,1,3.00,1,2.00,1,3.00,1,1.00,1,2.00,1,2.00,1,4.00,0.00,,0.00,0.00,0.00,2.00,1,0.00,1.00,0.00,0.00,,9,1,87.96,87.96,95.24,95.24,64.74,64.74,76.52,76.52,0.00,0.00
Zimbabwe,ZWE,20200408,3.00,1,3.00,1,2.00,1,3.00,1,1.00,1,2.00,1,2.00,1,4.00,1.00,1,0.00,0.00,0.00,2.00,1,0.00,1.00,0.00,0.00,,10,1,87.96,87.96,95.24,95.24,68.59,68.59,76.52,76.52,25.00,25.00
Zimbabwe,ZWE,20200409,3.00,1,3.00,1,2.00,1,3.00,1,1.00,1,2.00,1,2.00,1,4.00,1.00,1,0.00,0.00,0.00,2.00,1,1.00,1.00,0.00,0.00,,11,2,87.96,87.96,95.24,95.24,71.15,71.15,79.55,79.55,25.00,25.00
Zimbabwe,ZWE,20200410,3.00,1,3.00,1,2.00,1,3.00,1,1.00,1,2.00,1,2.00,1,4.00,1.00,1,0.00,0.00,0.00,2.00,1,1.00,1.00,0.00,0.00,,11,3,87.96,87.96,95.24,95.24,71.15,71.15,79.55,79.55,25.00,25.00
Zimbabwe,ZWE,20200411,3.00,1,3.00,1,2.00,1,3.00,1,1.00,1,2.00,1,2.00,1,4.00,1.00,1,0.00,0.00,0.00,2.00,1,1.00,1.00,0.00,0.00,,11,3,87.96,87.96,95.24,95.24,71.15,71.15,79.55,79.55,25.00,25.00
Zimbabwe,ZWE,20200412,3.00,1,3.00,1,2.00,1,3.00,1,1.00,1,2.00,1,2.00,1,4.00,1.00,1,0.00,0.00,0.00,2.00,1,1.00,1.00,0.00,0.00,,14,3,87.96,87.96,95.24,95.24,71.15,71.15,79.55,79.55,25.00,25.00
Zimbabwe,ZWE,20200413,3.00,1,3.00,1,2.00,1,3.00,1,1.00,1,2.00,1,2.00,1,4.00,1.00,1,0.00,0.00,0.00,2.00,1,1.00,1.00,0.00,0.00,,14,3,87.96,87.96,95.24,95.24,71.15,71.15,79.55,79.55,25.00,25.00
Zimbabwe,ZWE,20200414,3.00,1,3.00,1,2.00,1,3.00,1,1.00,1,2.00,1,2.00,1,4.00,1.00,1,0.00,0.00,0.00,2.00,1,1.00,1.00,0.00,0.00,,17,3,87.96,87.96,95.24,95.24,71.15,71.15,79.55,79.55,25.00,25.00
Zimbabwe,ZWE,20200415,3.00,1,3.00,1,2.00,1,3.00,1,1.00,1,2.00,1,2.00,1,4.00,1.00,1,0.00,0.00,0.00,2.00,1,1.00,1.00,0.00,0.00,,17,3,87.96,87.96,95.24,95.24,71.15,71.15,79.55,79.55,25.00,25.00
Zimbabwe,ZWE,20200416,3.00,1,3.00,1,2.00,1,3.00,1,1.00,1,2.00,1,2.00,1,4.00,1.00,1,0.00,0.00,0.00,2.00,1,1.00,1.00,0.00,0.00,,23,3,87.96,87.96,95.24,95.24,71.15,71.15,79.55,79.55,25.00,25.00
Zimbabwe,ZWE,20200417,3.00,1,3.00,1,2.00,1,3.00,1,1.00,1,2.00,1,2.00,1,4.00,1.00,1,0.00,0.00,0.00,2.00,1,1.00,1.00,0.00,0.00,,24,3,87.96,87.96,95.24,95.24,71.15,71.15,79.55,79.55,25.00,25.00
Zimbabwe,ZWE,20200418,3.00,1,3.00,1,2.00,1,3.00,1,1.00,1,2.00,1,2.00,1,4.00,1.00,1,0.00,0.00,0.00,2.00,1,1.00,1.00,0.00,0.00,,24,3,87.96,87.96,95.24,95.24,71.15,71.15,79.55,79.55,25.00,25.00
Zimbabwe,ZWE,20200419,3.00,1,3.00,1,2.00,1,3.00,1,1.00,1,2.00,1,2.00,1,4.00,1.00,1,0.00,0.00,0.00,2.00,1,1.00,1.00,0.00,0.00,,25,3,87.96,87.96,95.24,95.24,71.15,71.15,79.55,79.55,25.00,25.00
Zimbabwe,ZWE,20200420,3.00,1,3.00,1,2.00,1,3.00,1,1.00,1,2.00,1,2.00,1,4.00,1.00,1,0.00,0.00,0.00,2.00,1,1.00,1.00,0.00,0.00,,25,3,87.96,87.96,95.24,95.24,71.15,71.15,79.55,79.55,25.00,25.00
Zimbabwe,ZWE,20200421,3.00,1,3.00,1,2.00,1,3.00,1,1.00,1,2.00,1,2.00,1,4.00,1.00,1,0.00,0.00,0.00,2.00,1,1.00,1.00,0.00,0.00,,25,3,87.96,87.96,95.24,95.24,71.15,71.15,79.55,79.55,25.00,25.00
Zimbabwe,ZWE,20200422,3.00,1,3.00,1,2.00,1,3.00,1,1.00,1,2.00,1,2.00,1,4.00,1.00,1,0.00,0.00,0.00,2.00,1,1.00,1.00,0.00,0.00,,28,3,87.96,87.96,95.24,95.24,71.15,71.15,79.55,79.55,25.00,25.00
Zimbabwe,ZWE,20200423,3.00,1,3.00,1,2.00,1,3.00,1,1.00,1,2.00,1,2.00,1,4.00,1.00,1,0.00,0.00,0.00,2.00,1,1.00,1.00,0.00,0.00,,28,3,87.96,87.96,95.24,95.24,71.15,71.15,79.55,79.55,25.00,25.00
Zimbabwe,ZWE,20200424,3.00,1,3.00,1,2.00,1,3.00,1,1.00,1,2.00,1,2.00,1,4.00,1.00,1,0.00,0.00,0.00,2.00,1,1.00,1.00,0.00,0.00,,29,3,87.96,87.96,95.24,95.24,71.15,71.15,79.55,79.55,25.00,25.00
Zimbabwe,ZWE,20200425,3.00,1,3.00,1,2.00,1,3.00,1,1.00,1,2.00,1,2.00,1,4.00,1.00,1,0.00,0.00,0.00,2.00,1,1.00,1.00,0.00,0.00,,29,4,87.96,87.96,95.24,95.24,71.15,71.15,79.55,79.55,25.00,25.00
Zimbabwe,ZWE,20200426,3.00,1,3.00,1,2.00,1,3.00,1,1.00,1,2.00,1,2.00,1,4.00,1.00,1,0.00,0.00,0.00,2.00,1,1.00,1.00,0.00,0.00,,31,4,87.96,87.96,95.24,95.24,71.15,71.15,79.55,79.55,25.00,25.00
Zimbabwe,ZWE,20200427,3.00,1,3.00,1,2.00,1,3.00,1,1.00,1,2.00,1,2.00,1,4.00,1.00,1,0.00,0.00,0.00,2.00,1,1.00,1.00,0.00,0.00,,31,4,87.96,87.96,95.24,95.24,71.15,71.15,79.55,79.55,25.00,25.00
Zimbabwe,ZWE,20200428,3.00,1,3.00,1,2.00,1,3.00,1,1.00,1,2.00,1,2.00,1,4.00,1.00,1,0.00,0.00,0.00,2.00,1,1.00,1.00,0.00,0.00,,32,4,87.96,87.96,95.24,95.24,71.15,71.15,79.55,79.55,25.00,25.00
Zimbabwe,ZWE,20200429,3.00,1,3.00,1,2.00,1,3.00,1,1.00,1,2.00,1,2.00,1,4.00,1.00,1,0.00,0.00,0.00,2.00,1,1.00,1.00,0.00,0.00,,32,4,87.96,87.96,95.24,95.24,71.15,71.15,79.55,79.55,25.00,25.00
Zimbabwe,ZWE,20200430,3.00,1,3.00,1,2.00,1,3.00,1,1.00,1,2.00,1,2.00,1,4.00,1.00,1,0.00,0.00,0.00,2.00,1,1.00,1.00,0.00,0.00,,34,4,87.96,87.96,95.24,95.24,71.15,71.15,79.55,79.55,25.00,25.00
Zimbabwe,ZWE,20200501,3.00,1,3.00,1,2.00,1,3.00,1,1.00,1,2.00,1,2.00,1,4.00,1.00,1,0.00,0.00,0.00,2.00,1,1.00,1.00,0.00,0.00,,34,4,87.96,87.96,95.24,95.24,71.15,71.15,79.55,79.55,25.00,25.00
Zimbabwe,ZWE,20200502,3.00,1,3.00,1,2.00,1,3.00,1,1.00,1,2.00,1,2.00,1,4.00,1.00,1,0.00,0.00,0.00,2.00,1,1.00,1.00,0.00,0.00,,34,4,87.96,87.96,95.24,95.24,71.15,71.15,79.55,79.55,25.00,25.00
Zimbabwe,ZWE,20200503,3.00,1,3.00,1,2.00,1,3.00,1,1.00,1,2.00,1,2.00,1,4.00,1.00,1,0.00,0.00,0.00,2.00,1,1.00,1.00,0.00,0.00,,34,4,87.96,87.96,95.24,95.24,71.15,71.15,79.55,79.55,25.00,25.00
Zimbabwe,ZWE,20200504,3.00,1,3.00,1,2.00,1,3.00,1,1.00,1,2.00,1,2.00,1,4.00,1.00,1,0.00,0.00,0.00,2.00,1,1.00,1.00,0.00,0.00,,34,4,87.96,87.96,95.24,95.24,71.15,71.15,79.55,79.55,25.00,25.00
Zimbabwe,ZWE,20200505,3.00,1,3.00,1,2.00,1,3.00,1,1.00,1,2.00,1,2.00,1,4.00,1.00,1,0.00,0.00,0.00,2.00,1,1.00,1.00,0.00,0.00,,34,4,87.96,87.96,95.24,95.24,71.15,71.15,79.55,79.55,25.00,25.00
Zimbabwe,ZWE,20200506,3.00,1,3.00,1,2.00,1,3.00,1,1.00,1,2.00,1,2.00,1,4.00,1.00,1,0.00,0.00,0.00,2.00,1,1.00,1.00,0.00,0.00,,34,4,87.96,87.96,95.24,95.24,71.15,71.15,79.55,79.55,25.00,25.00
Zimbabwe,ZWE,20200507,3.00,1,3.00,1,2.00,1,3.00,1,1.00,1,2.00,1,2.00,1,4.00,1.00,1,0.00,0.00,0.00,2.00,1,1.00,1.00,0.00,0.00,,34,4,87.96,87.96,95.24,95.24,71.15,71.15,79.55,79.55,25.00,25.00
Zimbabwe,ZWE,20200508,3.00,1,3.00,1,2.00,1,3.00,1,1.00,1,2.00,1,2.00,1,4.00,1.00,1,0.00,0.00,0.00,2.00,1,1.00,1.00,0.00,0.00,,34,4,87.96,87.96,95.24,95.24,71.15,71.15,79.55,79.55,25.00,25.00
Zimbabwe,ZWE,20200509,3.00,1,3.00,1,2.00,1,3.00,1,1.00,1,2.00,1,2.00,1,4.00,1.00,1,0.00,0.00,0.00,2.00,1,1.00,1.00,0.00,0.00,,35,4,87.96,87.96,95.24,95.24,71.15,71.15,79.55,79.55,25.00,25.00
Zimbabwe,ZWE,20200510,3.00,1,3.00,1,2.00,1,3.00,1,1.00,1,2.00,1,2.00,1,4.00,1.00,1,0.00,0.00,0.00,2.00,1,1.00,1.00,0.00,0.00,,36,4,87.96,87.96,95.24,95.24,71.15,71.15,79.55,79.55,25.00,25.00
Zimbabwe,ZWE,20200511,3.00,1,3.00,1,2.00,1,3.00,1,1.00,1,2.00,1,2.00,1,4.00,1.00,1,0.00,0.00,0.00,2.00,1,1.00,1.00,0.00,0.00,,36,4,87.96,87.96,95.24,95.24,71.15,71.15,79.55,79.55,25.00,25.00
Zimbabwe,ZWE,20200512,3.00,1,3.00,1,2.00,1,3.00,1,1.00,1,2.00,1,2.00,1,4.00,1.00,1,0.00,0.00,0.00,2.00,1,1.00,1.00,0.00,0.00,,37,4,87.96,87.96,95.24,95.24,71.15,71.15,79.55,79.55,25.00,25.00
Zimbabwe,ZWE,20200513,3.00,1,3.00,1,2.00,1,3.00,1,1.00,1,2.00,1,2.00,1,4.00,1.00,1,0.00,0.00,0.00,2.00,1,1.00,1.00,0.00,0.00,,37,4,87.96,87.96,95.24,95.24,71.15,71.15,79.55,79.55,25.00,25.00
Zimbabwe,ZWE,20200514,3.00,1,3.00,1,2.00,1,3.00,1,1.00,1,2.00,1,2.00,1,4.00,1.00,1,0.00,0.00,0.00,2.00,1,1.00,1.00,0.00,0.00,,37,4,87.96,87.96,95.24,95.24,71.15,71.15,79.55,79.55,25.00,25.00
Zimbabwe,ZWE,20200515,3.00,1,3.00,1,2.00,1,3.00,1,1.00,1,2.00,1,2.00,1,4.00,1.00,1,0.00,0.00,0.00,2.00,1,1.00,1.00,0.00,0.00,,37,4,87.96,87.96,95.24,95.24,71.15,71.15,79.55,79.55,25.00,25.00
Zimbabwe,ZWE,20200516,3.00,1,3.00,1,2.00,1,3.00,1,1.00,1,2.00,1,2.00,1,4.00,1.00,1,0.00,0.00,0.00,2.00,1,1.00,1.00,0.00,0.00,,42,4,87.96,87.96,95.24,95.24,71.15,71.15,79.55,79.55,25.00,25.00
Zimbabwe,ZWE,20200517,3.00,1,3.00,1,2.00,1,3.00,1,1.00,1,2.00,1,2.00,1,4.00,1.00,1,0.00,0.00,0.00,2.00,1,1.00,1.00,0.00,0.00,,44,4,87.96,87.96,95.24,95.24,71.15,71.15,79.55,79.55,25.00,25.00
Zimbabwe,ZWE,20200518,3.00,1,3.00,1,2.00,1,3.00,1,1.00,1,2.00,1,2.00,1,4.00,1.00,1,0.00,0.00,0.00,2.00,1,1.00,1.00,0.00,0.00,,46,4,87.96,87.96,95.24,95.24,71.15,71.15,79.55,79.55,25.00,25.00
Zimbabwe,ZWE,20200519,3.00,1,3.00,1,2.00,1,3.00,1,1.00,1,2.00,1,2.00,1,4.00,1.00,1,0.00,0.00,0.00,2.00,1,1.00,1.00,0.00,0.00,,46,4,87.96,87.96,95.24,95.24,71.15,71.15,79.55,79.55,25.00,25.00
Zimbabwe,ZWE,20200520,3.00,1,3.00,1,2.00,1,3.00,1,1.00,1,2.00,1,2.00,1,4.00,1.00,1,0.00,0.00,0.00,2.00,1,1.00,1.00,0.00,0.00,,46,4,87.96,87.96,95.24,95.24,71.15,71.15,79.55,79.55,25.00,25.00
Zimbabwe,ZWE,20200521,3.00,1,3.00,1,2.00,1,3.00,1,1.00,1,2.00,1,2.00,1,4.00,1.00,1,0.00,0.00,0.00,2.00,1,1.00,1.00,0.00,0.00,,48,4,87.96,87.96,95.24,95.24,71.15,71.15,79.55,79.55,25.00,25.00
Zimbabwe,ZWE,20200522,3.00,1,3.00,1,2.00,1,3.00,1,1.00,1,2.00,1,2.00,1,4.00,1.00,1,0.00,0.00,0.00,2.00,1,1.00,1.00,0.00,0.00,,51,4,87.96,87.96,95.24,95.24,71.15,71.15,79.55,79.55,25.00,25.00
Zimbabwe,ZWE,20200523,3.00,1,3.00,1,2.00,1,3.00,1,1.00,1,2.00,1,2.00,1,4.00,1.00,1,0.00,0.00,0.00,2.00,1,1.00,1.00,0.00,0.00,,56,4,87.96,87.96,95.24,95.24,71.15,71.15,79.55,79.55,25.00,25.00
Zimbabwe,ZWE,20200524,3.00,1,3.00,1,2.00,1,3.00,1,1.00,1,2.00,1,2.00,1,4.00,1.00,1,0.00,0.00,0.00,2.00,1,1.00,1.00,0.00,0.00,,56,4,87.96,87.96,95.24,95.24,71.15,71.15,79.55,79.55,25.00,25.00
Zimbabwe,ZWE,20200525,3.00,1,3.00,1,2.00,1,3.00,1,1.00,1,2.00,1,2.00,1,4.00,1.00,1,0.00,0.00,0.00,2.00,1,1.00,1.00,0.00,0.00,,56,4,87.96,87.96,95.24,95.24,71.15,71.15,79.55,79.55,25.00,25.00
Zimbabwe,ZWE,20200526,3.00,1,3.00,1,2.00,1,3.00,1,1.00,1,2.00,1,2.00,1,4.00,1.00,1,0.00,0.00,0.00,2.00,1,1.00,1.00,0.00,0.00,,56,4,87.96,87.96,95.24,95.24,71.15,71.15,79.55,79.55,25.00,25.00
Zimbabwe,ZWE,20200527,3.00,1,3.00,1,2.00,1,3.00,1,1.00,1,2.00,1,2.00,1,4.00,1.00,1,0.00,0.00,0.00,2.00,1,1.00,1.00,0.00,0.00,,56,4,87.96,87.96,95.24,95.24,71.15,71.15,79.55,79.55,25.00,25.00
Zimbabwe,ZWE,20200528,3.00,1,3.00,1,2.00,1,3.00,1,1.00,1,2.00,1,2.00,1,4.00,1.00,1,0.00,0.00,0.00,2.00,1,1.00,1.00,0.00,0.00,,132,4,87.96,87.96,95.24,95.24,71.15,71.15,79.55,79.55,25.00,25.00
Zimbabwe,ZWE,20200529,3.00,1,3.00,1,2.00,1,3.00,1,1.00,1,2.00,1,2.00,1,4.00,1.00,1,0.00,0.00,0.00,2.00,1,1.00,1.00,0.00,0.00,,149,4,87.96,87.96,95.24,95.24,71.15,71.15,79.55,79.55,25.00,25.00
Zimbabwe,ZWE,20200530,3.00,1,3.00,1,2.00,1,3.00,1,1.00,1,2.00,1,2.00,1,4.00,1.00,1,0.00,0.00,0.00,2.00,1,1.00,1.00,0.00,0.00,,160,4,87.96,87.96,95.24,95.24,71.15,71.15,79.55,79.55,25.00,25.00
Zimbabwe,ZWE,20200531,3.00,1,3.00,1,2.00,1,3.00,1,1.00,1,2.00,1,2.00,1,4.00,1.00,1,0.00,0.00,0.00,2.00,1,1.00,1.00,0.00,0.00,,174,4,87.96,87.96,95.24,95.24,71.15,71.15,79.55,79.55,25.00,25.00
Zimbabwe,ZWE,20200601,3.00,1,3.00,1,2.00,1,3.00,1,1.00,1,2.00,1,2.00,1,4.00,1.00,1,0.00,0.00,0.00,2.00,1,1.00,1.00,0.00,0.00,,178,4,87.96,87.96,95.24,95.24,71.15,71.15,79.55,79.55,25.00,25.00
Zimbabwe,ZWE,20200602,3.00,1,3.00,1,2.00,1,3.00,1,1.00,1,2.00,1,2.00,1,4.00,1.00,1,0.00,0.00,0.00,2.00,1,1.00,1.00,0.00,0.00,,203,4,87.96,87.96,95.24,95.24,71.15,71.15,79.55,79.55,25.00,25.00
Zimbabwe,ZWE,20200603,3.00,1,3.00,1,2.00,1,3.00,1,1.00,1,2.00,1,2.00,1,4.00,1.00,1,0.00,0.00,0.00,2.00,1,1.00,1.00,0.00,0.00,,206,4,87.96,87.96,95.24,95.24,71.15,71.15,79.55,79.55,25.00,25.00
Zimbabwe,ZWE,20200604,3.00,1,3.00,1,2.00,1,3.00,1,1.00,1,2.00,1,2.00,1,4.00,1.00,1,0.00,0.00,0.00,2.00,1,1.00,1.00,0.00,0.00,,222,4,87.96,87.96,95.24,95.24,71.15,71.15,79.55,79.55,25.00,25.00
Zimbabwe,ZWE,20200605,2.00,1,1.00,1,2.00,0,3.00,1,1.00,1,1.00,1,2.00,1,4.00,1.00,1,0.00,0.00,0.00,2.00,1,1.00,1.00,0.00,0.00,,237,4,70.37,70.37,81.67,81.67,58.97,58.97,65.15,65.15,25.00,25.00
Zimbabwe,ZWE,20200606,2.00,1,1.00,1,2.00,0,3.00,1,1.00,1,1.00,1,2.00,1,4.00,1.00,1,0.00,0.00,0.00,2.00,1,1.00,1.00,0.00,0.00,,265,4,70.37,70.37,81.67,81.67,58.97,58.97,65.15,65.15,25.00,25.00
Zimbabwe,ZWE,20200607,2.00,1,1.00,1,2.00,0,3.00,1,1.00,1,1.00,1,2.00,1,4.00,1.00,1,0.00,0.00,0.00,2.00,1,1.00,1.00,0.00,0.00,,279,4,70.37,70.37,81.67,81.67,58.97,58.97,65.15,65.15,25.00,25.00
Zimbabwe,ZWE,20200608,2.00,1,1.00,1,2.00,0,3.00,1,1.00,1,1.00,1,2.00,1,4.00,1.00,1,0.00,0.00,0.00,2.00,1,1.00,1.00,0.00,0.00,,282,4,70.37,70.37,81.67,81.67,58.97,58.97,65.15,65.15,25.00,25.00
Zimbabwe,ZWE,20200609,2.00,1,1.00,1,2.00,0,3.00,1,1.00,1,1.00,1,2.00,1,4.00,1.00,1,0.00,0.00,0.00,2.00,1,1.00,1.00,0.00,0.00,,287,4,70.37,70.37,81.67,81.67,58.97,58.97,65.15,65.15,25.00,25.00
Zimbabwe,ZWE,20200610,2.00,1,1.00,1,2.00,0,3.00,1,1.00,1,1.00,1,2.00,1,4.00,1.00,1,0.00,0.00,0.00,2.00,1,1.00,1.00,0.00,0.00,,314,4,70.37,70.37,81.67,81.67,58.97,58.97,65.15,65.15,25.00,25.00
Zimbabwe,ZWE,20200611,2.00,1,1.00,1,2.00,0,3.00,1,1.00,1,1.00,1,2.00,1,4.00,1.00,1,0.00,0.00,0.00,2.00,1,1.00,1.00,0.00,0.00,,320,4,70.37,70.37,81.67,81.67,58.97,58.97,65.15,65.15,25.00,25.00
Zimbabwe,ZWE,20200612,2.00,1,1.00,1,2.00,0,3.00,1,1.00,1,1.00,1,2.00,1,4.00,1.00,1,0.00,0.00,0.00,2.00,1,1.00,1.00,0.00,0.00,,332,4,70.37,70.37,81.67,81.67,58.97,58.97,65.15,65.15,25.00,25.00
Zimbabwe,ZWE,20200613,2.00,1,1.00,1,2.00,0,3.00,1,1.00,1,1.00,1,2.00,1,4.00,1.00,1,0.00,0.00,0.00,2.00,1,1.00,1.00,0.00,0.00,,343,4,70.37,70.37,81.67,81.67,58.97,58.97,65.15,65.15,25.00,25.00
Zimbabwe,ZWE,20200614,2.00,1,1.00,1,2.00,0,3.00,1,1.00,1,1.00,1,2.00,1,4.00,1.00,1,0.00,0.00,0.00,2.00,1,1.00,1.00,0.00,0.00,,356,4,70.37,70.37,81.67,81.67,58.97,58.97,65.15,65.15,25.00,25.00
Zimbabwe,ZWE,20200615,2.00,1,1.00,1,2.00,0,3.00,1,1.00,1,1.00,1,2.00,1,4.00,1.00,1,0.00,0.00,0.00,2.00,1,1.00,1.00,0.00,0.00,,383,4,70.37,70.37,81.67,81.67,58.97,58.97,65.15,65.15,25.00,25.00
Zimbabwe,ZWE,20200616,2.00,1,1.00,1,2.00,0,3.00,1,1.00,1,1.00,1,2.00,1,4.00,1.00,1,0.00,0.00,0.00,2.00,1,1.00,1.00,0.00,0.00,,387,4,70.37,70.37,81.67,81.67,58.97,58.97,65.15,65.15,25.00,25.00
Zimbabwe,ZWE,20200617,2.00,1,1.00,1,2.00,0,3.00,1,1.00,1,1.00,1,2.00,1,4.00,1.00,1,0.00,0.00,0.00,2.00,1,1.00,1.00,0.00,0.00,,394,4,70.37,70.37,81.67,81.67,58.97,58.97,65.15,65.15,25.00,25.00
Zimbabwe,ZWE,20200618,2.00,1,1.00,1,2.00,0,3.00,1,1.00,1,1.00,1,2.00,1,4.00,1.00,1,0.00,0.00,0.00,2.00,1,1.00,1.00,0.00,0.00,,401,4,70.37,70.37,81.67,81.67,58.97,58.97,65.15,65.15,25.00,25.00
Zimbabwe,ZWE,20200619,2.00,1,1.00,1,2.00,0,3.00,1,1.00,1,1.00,1,2.00,1,4.00,1.00,1,0.00,0.00,0.00,2.00,1,1.00,1.00,0.00,0.00,,463,4,70.37,70.37,81.67,81.67,58.97,58.97,65.15,65.15,25.00,25.00
Zimbabwe,ZWE,20200620,2.00,1,1.00,1,2.00,0,3.00,1,1.00,1,1.00,1,2.00,1,4.00,1.00,1,0.00,0.00,0.00,2.00,1,1.00,1.00,0.00,0.00,,479,4,70.37,70.37,81.67,81.67,58.97,58.97,65.15,65.15,25.00,25.00
Zimbabwe,ZWE,20200621,2.00,1,1.00,1,2.00,0,3.00,1,1.00,1,1.00,1,2.00,1,4.00,1.00,1,0.00,0.00,0.00,2.00,1,1.00,1.00,0.00,0.00,,486,6,70.37,70.37,81.67,81.67,58.97,58.97,65.15,65.15,25.00,25.00
Zimbabwe,ZWE,20200622,2.00,1,1.00,1,2.00,0,3.00,1,1.00,1,1.00,1,2.00,1,4.00,1.00,1,0.00,0.00,0.00,2.00,1,1.00,1.00,0.00,0.00,,489,6,70.37,70.37,81.67,81.67,58.97,58.97,65.15,65.15,25.00,25.00
Zimbabwe,ZWE,20200623,,,,,,,,,,,,,,,,,,,,,,,,,,,,512,6,,70.37,,81.67,,58.97,,65.15,,25.00
