Egypt,EGY,20200101,0.00,,0.00,,0.00,,0.00,,0.00,,0.00,,0.00,,0.00,0.00,,0.00,0.00,0.00,0.00,,0.00,0.00,0.00,0.00,,0,0,0.00,0.00,0.00,0.00,0.00,0.00,0.00,0.00,0.00,0.00
Egypt,EGY,20200102,0.00,,0.00,,0.00,,0.00,,0.00,,0.00,,0.00,,0.00,0.00,,0.00,0.00,0.00,0.00,,0.00,0.00,0.00,0.00,,0,0,0.00,0.00,0.00,0.00,0.00,0.00,0.00,0.00,0.00,0.00
Egypt,EGY,20200103,0.00,,0.00,,0.00,,0.00,,0.00,,0.00,,0.00,,0.00,0.00,,0.00,0.00,0.00,0.00,,0.00,0.00,0.00,0.00,,0,0,0.00,0.00,0.00,0.00,0.00,0.00,0.00,0.00,0.00,0.00
Egypt,EGY,20200104,0.00,,0.00,,0.00,,0.00,,0.00,,0.00,,0.00,,0.00,0.00,,0.00,0.00,0.00,0.00,,0.00,0.00,0.00,0.00,,0,0,0.00,0.00,0.00,0.00,0.00,0.00,0.00,0.00,0.00,0.00
Egypt,EGY,20200105,0.00,,0.00,,0.00,,0.00,,0.00,,0.00,,0.00,,0.00,0.00,,0.00,0.00,0.00,0.00,,0.00,0.00,0.00,0.00,,0,0,0.00,0.00,0.00,0.00,0.00,0.00,0.00,0.00,0.00,0.00
Egypt,EGY,20200106,0.00,,0.00,,0.00,,0.00,,0.00,,0.00,,0.00,,0.00,0.00,,0.00,0.00,0.00,0.00,,0.00,0.00,0.00,0.00,,0,0,0.00,0.00,0.00,0.00,0.00,0.00,0.00,0.00,0.00,0.00
Egypt,EGY,20200107,0.00,,0.00,,0.00,,0.00,,0.00,,0.00,,0.00,,0.00,0.00,,0.00,0.00,0.00,0.00,,0.00,0.00,0.00,0.00,,0,0,0.00,0.00,0.00,0.00,0.00,0.00,0.00,0.00,0.00,0.00
Egypt,EGY,20200108,0.00,,0.00,,0.00,,0.00,,0.00,,0.00,,0.00,,0.00,0.00,,0.00,0.00,0.00,0.00,,0.00,0.00,0.00,0.00,,0,0,0.00,0.00,0.00,0.00,0.00,0.00,0.00,0.00,0.00,0.00
Egypt,EGY,20200109,0.00,,0.00,,0.00,,0.00,,0.00,,0.00,,0.00,,0.00,0.00,,0.00,0.00,0.00,0.00,,0.00,0.00,0.00,0.00,,0,0,0.00,0.00,0.00,0.00,0.00,0.00,0.00,0.00,0.00,0.00
Egypt,EGY,20200110,0.00,,0.00,,0.00,,0.00,,0.00,,0.00,,0.00,,0.00,0.00,,0.00,0.00,0.00,0.00,,0.00,0.00,0.00,0.00,,0,0,0.00,0.00,0.00,0.00,0.00,0.00,0.00,0.00,0.00,0.00
Egypt,EGY,20200111,0.00,,0.00,,0.00,,0.00,,0.00,,0.00,,0.00,,0.00,0.00,,0.00,0.00,0.00,0.00,,0.00,0.00,0.00,0.00,,0,0,0.00,0.00,0.00,0.00,0.00,0.00,0.00,0.00,0.00,0.00
Egypt,EGY,20200112,0.00,,0.00,,0.00,,0.00,,0.00,,0.00,,0.00,,0.00,0.00,,0.00,0.00,0.00,0.00,,0.00,0.00,0.00,0.00,,0,0,0.00,0.00,0.00,0.00,0.00,0.00,0.00,0.00,0.00,0.00
Egypt,EGY,20200113,0.00,,0.00,,0.00,,0.00,,0.00,,0.00,,0.00,,0.00,0.00,,0.00,0.00,0.00,0.00,,0.00,0.00,0.00,0.00,,0,0,0.00,0.00,0.00,0.00,0.00,0.00,0.00,0.00,0.00,0.00
Egypt,EGY,20200114,0.00,,0.00,,0.00,,0.00,,0.00,,0.00,,0.00,,0.00,0.00,,0.00,0.00,0.00,0.00,,0.00,0.00,0.00,0.00,,0,0,0.00,0.00,0.00,0.00,0.00,0.00,0.00,0.00,0.00,0.00
Egypt,EGY,20200115,0.00,,0.00,,0.00,,0.00,,0.00,,0.00,,0.00,,0.00,0.00,,0.00,0.00,0.00,0.00,,0.00,0.00,0.00,0.00,,0,0,0.00,0.00,0.00,0.00,0.00,0.00,0.00,0.00,0.00,0.00
Egypt,EGY,20200116,0.00,,0.00,,0.00,,0.00,,0.00,,0.00,,0.00,,0.00,0.00,,0.00,0.00,0.00,0.00,,0.00,0.00,0.00,0.00,,0,0,0.00,0.00,0.00,0.00,0.00,0.00,0.00,0.00,0.00,0.00
Egypt,EGY,20200117,0.00,,0.00,,0.00,,0.00,,0.00,,0.00,,0.00,,0.00,0.00,,0.00,0.00,0.00,0.00,,0.00,0.00,0.00,0.00,,0,0,0.00,0.00,0.00,0.00,0.00,0.00,0.00,0.00,0.00,0.00
Egypt,EGY,20200118,0.00,,0.00,,0.00,,0.00,,0.00,,0.00,,0.00,,0.00,0.00,,0.00,0.00,0.00,0.00,,0.00,0.00,0.00,0.00,,0,0,0.00,0.00,0.00,0.00,0.00,0.00,0.00,0.00,0.00,0.00
Egypt,EGY,20200119,0.00,,0.00,,0.00,,0.00,,0.00,,0.00,,0.00,,0.00,0.00,,0.00,0.00,0.00,0.00,,0.00,0.00,0.00,0.00,,0,0,0.00,0.00,0.00,0.00,0.00,0.00,0.00,0.00,0.00,0.00
Egypt,EGY,20200120,0.00,,0.00,,0.00,,0.00,,0.00,,0.00,,0.00,,0.00,0.00,,0.00,0.00,0.00,0.00,,0.00,0.00,0.00,0.00,,0,0,0.00,0.00,0.00,0.00,0.00,0.00,0.00,0.00,0.00,0.00
Egypt,EGY,20200121,0.00,,0.00,,0.00,,0.00,,0.00,,0.00,,0.00,,0.00,0.00,,0.00,0.00,0.00,0.00,,0.00,0.00,0.00,0.00,,0,0,0.00,0.00,0.00,0.00,0.00,0.00,0.00,0.00,0.00,0.00
Egypt,EGY,20200122,0.00,,0.00,,0.00,,0.00,,0.00,,0.00,,0.00,,0.00,0.00,,0.00,0.00,0.00,0.00,,0.00,0.00,0.00,0.00,,0,0,0.00,0.00,0.00,0.00,0.00,0.00,0.00,0.00,0.00,0.00
Egypt,EGY,20200123,0.00,,0.00,,0.00,,0.00,,0.00,,0.00,,0.00,,0.00,0.00,,0.00,0.00,0.00,0.00,,0.00,0.00,0.00,0.00,,0,0,0.00,0.00,0.00,0.00,0.00,0.00,0.00,0.00,0.00,0.00
Egypt,EGY,20200124,0.00,,0.00,,0.00,,0.00,,0.00,,0.00,,0.00,,0.00,0.00,,0.00,0.00,0.00,0.00,,0.00,0.00,0.00,0.00,,0,0,0.00,0.00,0.00,0.00,0.00,0.00,0.00,0.00,0.00,0.00
Egypt,EGY,20200125,0.00,,0.00,,0.00,,0.00,,0.00,,0.00,,0.00,,0.00,0.00,,0.00,0.00,0.00,0.00,,0.00,0.00,0.00,0.00,,0,0,0.00,0.00,0.00,0.00,0.00,0.00,0.00,0.00,0.00,0.00
Egypt,EGY,20200126,0.00,,0.00,,0.00,,0.00,,0.00,,0.00,,0.00,,0.00,0.00,,0.00,0.00,0.00,0.00,,0.00,0.00,0.00,0.00,,0,0,0.00,0.00,0.00,0.00,0.00,0.00,0.00,0.00,0.00,0.00
Egypt,EGY,20200127,0.00,,0.00,,0.00,,0.00,,0.00,,0.00,,0.00,,0.00,0.00,,0.00,0.00,0.00,0.00,,0.00,0.00,0.00,0.00,,0,0,0.00,0.00,0.00,0.00,0.00,0.00,0.00,0.00,0.00,0.00
Egypt,EGY,20200128,0.00,,0.00,,0.00,,0.00,,0.00,,0.00,,0.00,,0.00,0.00,,0.00,0.00,0.00,0.00,,0.00,0.00,0.00,0.00,,0,0,0.00,0.00,0.00,0.00,0.00,0.00,0.00,0.00,0.00,0.00
Egypt,EGY,20200129,0.00,,0.00,,0.00,,0.00,,0.00,,0.00,,0.00,,0.00,0.00,,0.00,0.00,0.00,0.00,,0.00,0.00,0.00,0.00,,0,0,0.00,0.00,0.00,0.00,0.00,0.00,0.00,0.00,0.00,0.00
Egypt,EGY,20200130,0.00,,0.00,,0.00,,0.00,,0.00,,0.00,,0.00,,0.00,0.00,,0.00,0.00,0.00,0.00,,0.00,0.00,0.00,0.00,,0,0,0.00,0.00,0.00,0.00,0.00,0.00,0.00,0.00,0.00,0.00
Egypt,EGY,20200131,0.00,,0.00,,0.00,,0.00,,0.00,,0.00,,0.00,,0.00,0.00,,0.00,0.00,0.00,0.00,,0.00,0.00,0.00,0.00,,0,0,0.00,0.00,0.00,0.00,0.00,0.00,0.00,0.00,0.00,0.00
Egypt,EGY,20200201,0.00,,0.00,,0.00,,0.00,,0.00,,0.00,,0.00,,0.00,0.00,,0.00,0.00,0.00,0.00,,0.00,0.00,0.00,0.00,,0,0,0.00,0.00,0.00,0.00,0.00,0.00,0.00,0.00,0.00,0.00
Egypt,EGY,20200202,0.00,,0.00,,0.00,,0.00,,0.00,,0.00,,0.00,,0.00,0.00,,0.00,0.00,0.00,0.00,,0.00,0.00,0.00,0.00,,0,0,0.00,0.00,0.00,0.00,0.00,0.00,0.00,0.00,0.00,0.00
Egypt,EGY,20200203,0.00,,0.00,,0.00,,0.00,,0.00,,0.00,,0.00,,0.00,0.00,,0.00,0.00,0.00,0.00,,0.00,0.00,0.00,0.00,,0,0,0.00,0.00,0.00,0.00,0.00,0.00,0.00,0.00,0.00,0.00
Egypt,EGY,20200204,0.00,,0.00,,0.00,,0.00,,0.00,,0.00,,0.00,,0.00,0.00,,0.00,0.00,0.00,0.00,,0.00,0.00,0.00,0.00,,0,0,0.00,0.00,0.00,0.00,0.00,0.00,0.00,0.00,0.00,0.00
Egypt,EGY,20200205,0.00,,0.00,,0.00,,0.00,,0.00,,0.00,,0.00,,0.00,0.00,,0.00,0.00,0.00,0.00,,0.00,0.00,0.00,0.00,,0,0,0.00,0.00,0.00,0.00,0.00,0.00,0.00,0.00,0.00,0.00
Egypt,EGY,20200206,0.00,,0.00,,0.00,,0.00,,0.00,,0.00,,0.00,,0.00,0.00,,0.00,0.00,0.00,0.00,,0.00,0.00,0.00,0.00,,0,0,0.00,0.00,0.00,0.00,0.00,0.00,0.00,0.00,0.00,0.00
Egypt,EGY,20200207,0.00,,0.00,,0.00,,0.00,,0.00,,0.00,,0.00,,0.00,0.00,,0.00,0.00,0.00,0.00,,0.00,0.00,0.00,0.00,,0,0,0.00,0.00,0.00,0.00,0.00,0.00,0.00,0.00,0.00,0.00
Egypt,EGY,20200208,0.00,,0.00,,0.00,,0.00,,0.00,,0.00,,0.00,,0.00,0.00,,0.00,0.00,0.00,0.00,,0.00,0.00,0.00,0.00,,0,0,0.00,0.00,0.00,0.00,0.00,0.00,0.00,0.00,0.00,0.00
Egypt,EGY,20200209,0.00,,0.00,,0.00,,0.00,,0.00,,0.00,,0.00,,0.00,0.00,,0.00,0.00,0.00,0.00,,0.00,0.00,0.00,0.00,,0,0,0.00,0.00,0.00,0.00,0.00,0.00,0.00,0.00,0.00,0.00
Egypt,EGY,20200210,0.00,,0.00,,0.00,,0.00,,0.00,,0.00,,0.00,,0.00,0.00,,0.00,0.00,0.00,0.00,,0.00,0.00,0.00,0.00,,0,0,0.00,0.00,0.00,0.00,0.00,0.00,0.00,0.00,0.00,0.00
Egypt,EGY,20200211,0.00,,0.00,,0.00,,0.00,,0.00,,0.00,,0.00,,0.00,0.00,,0.00,0.00,0.00,0.00,,0.00,0.00,0.00,0.00,,0,0,0.00,0.00,0.00,0.00,0.00,0.00,0.00,0.00,0.00,0.00
Egypt,EGY,20200212,0.00,,0.00,,0.00,,0.00,,0.00,,0.00,,0.00,,0.00,0.00,,0.00,0.00,0.00,0.00,,0.00,0.00,0.00,0.00,,0,0,0.00,0.00,0.00,0.00,0.00,0.00,0.00,0.00,0.00,0.00
Egypt,EGY,20200213,0.00,,0.00,,0.00,,0.00,,0.00,,0.00,,0.00,,0.00,0.00,,0.00,0.00,0.00,0.00,,0.00,0.00,0.00,0.00,,0,0,0.00,0.00,0.00,0.00,0.00,0.00,0.00,0.00,0.00,0.00
Egypt,EGY,20200214,0.00,,0.00,,0.00,,0.00,,0.00,,0.00,,0.00,,0.00,0.00,,0.00,0.00,0.00,0.00,,1.00,2.00,0.00,0.00,,0,0,0.00,0.00,0.00,0.00,10.26,10.26,12.12,12.12,0.00,0.00
Egypt,EGY,20200215,0.00,,0.00,,0.00,,0.00,,0.00,,0.00,,0.00,,0.00,0.00,,0.00,0.00,0.00,0.00,,1.00,2.00,0.00,0.00,,1,0,0.00,0.00,0.00,0.00,10.26,10.26,12.12,12.12,0.00,0.00
Egypt,EGY,20200216,0.00,,0.00,,0.00,,0.00,,0.00,,0.00,,0.00,,0.00,0.00,,0.00,0.00,0.00,0.00,,1.00,2.00,0.00,0.00,,1,0,0.00,0.00,0.00,0.00,10.26,10.26,12.12,12.12,0.00,0.00
Egypt,EGY,20200217,0.00,,0.00,,0.00,,0.00,,0.00,,0.00,,0.00,,0.00,0.00,,0.00,0.00,0.00,0.00,,1.00,2.00,0.00,0.00,,1,0,0.00,0.00,0.00,0.00,10.26,10.26,12.12,12.12,0.00,0.00
Egypt,EGY,20200218,0.00,,0.00,,0.00,,0.00,,0.00,,0.00,,0.00,,0.00,0.00,,0.00,0.00,0.00,0.00,,1.00,2.00,0.00,0.00,,1,0,0.00,0.00,0.00,0.00,10.26,10.26,12.12,12.12,0.00,0.00
Egypt,EGY,20200219,0.00,,0.00,,0.00,,0.00,,0.00,,0.00,,0.00,,0.00,0.00,,0.00,0.00,0.00,0.00,,1.00,2.00,0.00,0.00,,1,0,0.00,0.00,0.00,0.00,10.26,10.26,12.12,12.12,0.00,0.00
Egypt,EGY,20200220,0.00,,0.00,,0.00,,0.00,,0.00,,0.00,,0.00,,0.00,0.00,,0.00,0.00,0.00,0.00,,1.00,2.00,0.00,0.00,,1,0,0.00,0.00,0.00,0.00,10.26,10.26,12.12,12.12,0.00,0.00
Egypt,EGY,20200221,0.00,,0.00,,0.00,,0.00,,0.00,,0.00,,0.00,,0.00,0.00,,0.00,0.00,0.00,0.00,,1.00,2.00,0.00,0.00,,1,0,0.00,0.00,0.00,0.00,10.26,10.26,12.12,12.12,0.00,0.00
Egypt,EGY,20200222,0.00,,0.00,,0.00,,0.00,,0.00,,0.00,,0.00,,0.00,0.00,,0.00,0.00,0.00,0.00,,1.00,2.00,0.00,0.00,,1,0,0.00,0.00,0.00,0.00,10.26,10.26,12.12,12.12,0.00,0.00
Egypt,EGY,20200223,0.00,,0.00,,0.00,,0.00,,0.00,,0.00,,0.00,,0.00,0.00,,0.00,0.00,0.00,0.00,,1.00,2.00,0.00,0.00,,1,0,0.00,0.00,0.00,0.00,10.26,10.26,12.12,12.12,0.00,0.00
Egypt,EGY,20200224,0.00,,0.00,,0.00,,0.00,,0.00,,0.00,,0.00,,0.00,0.00,,0.00,0.00,0.00,0.00,,1.00,2.00,0.00,0.00,,1,0,0.00,0.00,0.00,0.00,10.26,10.26,12.12,12.12,0.00,0.00
Egypt,EGY,20200225,0.00,,0.00,,0.00,,0.00,,0.00,,0.00,,0.00,,0.00,0.00,,0.00,0.00,0.00,0.00,,1.00,2.00,0.00,0.00,,1,0,0.00,0.00,0.00,0.00,10.26,10.26,12.12,12.12,0.00,0.00
Egypt,EGY,20200226,0.00,,0.00,,0.00,,0.00,,0.00,,0.00,,0.00,,0.00,0.00,,0.00,0.00,0.00,0.00,,1.00,2.00,0.00,0.00,,1,0,0.00,0.00,0.00,0.00,10.26,10.26,12.12,12.12,0.00,0.00
Egypt,EGY,20200227,0.00,,0.00,,0.00,,0.00,,0.00,,0.00,,0.00,,0.00,0.00,,0.00,0.00,0.00,0.00,,1.00,2.00,0.00,0.00,,1,0,0.00,0.00,0.00,0.00,10.26,10.26,12.12,12.12,0.00,0.00
Egypt,EGY,20200228,0.00,,0.00,,0.00,,0.00,,0.00,,0.00,,0.00,,0.00,0.00,,0.00,0.00,0.00,0.00,,1.00,2.00,0.00,0.00,,1,0,0.00,0.00,0.00,0.00,10.26,10.26,12.12,12.12,0.00,0.00
Egypt,EGY,20200229,0.00,,0.00,,0.00,,0.00,,0.00,,0.00,,0.00,,0.00,0.00,,0.00,0.00,0.00,0.00,,1.00,2.00,0.00,0.00,,1,0,0.00,0.00,0.00,0.00,10.26,10.26,12.12,12.12,0.00,0.00
Egypt,EGY,20200301,0.00,,0.00,,0.00,,0.00,,0.00,,0.00,,0.00,,0.00,0.00,,0.00,0.00,0.00,0.00,,1.00,2.00,0.00,0.00,,1,0,0.00,0.00,0.00,0.00,10.26,10.26,12.12,12.12,0.00,0.00
Egypt,EGY,20200302,0.00,,0.00,,0.00,,0.00,,0.00,,0.00,,0.00,,0.00,0.00,,0.00,0.00,0.00,0.00,,1.00,2.00,0.00,0.00,,2,0,0.00,0.00,0.00,0.00,10.26,10.26,12.12,12.12,0.00,0.00
Egypt,EGY,20200303,0.00,,0.00,,0.00,,0.00,,0.00,,0.00,,0.00,,0.00,0.00,,0.00,0.00,0.00,0.00,,1.00,2.00,0.00,0.00,,,,0.00,0.00,0.00,0.00,10.26,10.26,12.12,12.12,0.00,0.00
Egypt,EGY,20200304,0.00,,0.00,,0.00,,0.00,,0.00,,0.00,,0.00,,0.00,0.00,,0.00,0.00,0.00,0.00,,1.00,2.00,0.00,0.00,,,,0.00,0.00,0.00,0.00,10.26,10.26,12.12,12.12,0.00,0.00
Egypt,EGY,20200305,0.00,,0.00,,0.00,,0.00,,0.00,,0.00,,0.00,,0.00,0.00,,0.00,0.00,0.00,0.00,,1.00,2.00,0.00,0.00,,,,0.00,0.00,0.00,0.00,10.26,10.26,12.12,12.12,0.00,0.00
Egypt,EGY,20200306,0.00,,0.00,,0.00,,0.00,,0.00,,0.00,,0.00,,0.00,0.00,,0.00,0.00,0.00,0.00,,1.00,2.00,0.00,0.00,,3,0,0.00,0.00,0.00,0.00,10.26,10.26,12.12,12.12,0.00,0.00
Egypt,EGY,20200307,0.00,,0.00,,0.00,,0.00,,0.00,,0.00,,0.00,,0.00,0.00,,0.00,0.00,0.00,0.00,,1.00,2.00,0.00,0.00,,15,0,0.00,0.00,0.00,0.00,10.26,10.26,12.12,12.12,0.00,0.00
Egypt,EGY,20200308,0.00,,0.00,,0.00,,0.00,,0.00,,0.00,,0.00,,0.00,0.00,,0.00,0.00,0.00,0.00,,1.00,2.00,0.00,0.00,,,,0.00,0.00,0.00,0.00,10.26,10.26,12.12,12.12,0.00,0.00
Egypt,EGY,20200309,0.00,,0.00,,0.00,,0.00,,0.00,,0.00,,0.00,,0.00,0.00,,0.00,0.00,0.00,0.00,,1.00,2.00,0.00,0.00,,49,1,0.00,0.00,0.00,0.00,10.26,10.26,12.12,12.12,0.00,0.00
Egypt,EGY,20200310,0.00,,0.00,,0.00,,0.00,,0.00,,0.00,,0.00,,0.00,0.00,,0.00,0.00,0.00,0.00,,1.00,2.00,0.00,0.00,,55,1,0.00,0.00,0.00,0.00,10.26,10.26,12.12,12.12,0.00,0.00
Egypt,EGY,20200311,0.00,,0.00,,0.00,,0.00,,0.00,,0.00,,0.00,,0.00,0.00,,0.00,0.00,0.00,0.00,,1.00,2.00,0.00,0.00,,59,1,0.00,0.00,0.00,0.00,10.26,10.26,12.12,12.12,0.00,0.00
Egypt,EGY,20200312,0.00,,0.00,,0.00,,0.00,,0.00,,0.00,,0.00,,0.00,0.00,,0.00,0.00,0.00,0.00,,1.00,2.00,0.00,0.00,,60,1,0.00,0.00,0.00,0.00,10.26,10.26,12.12,12.12,0.00,0.00
Egypt,EGY,20200313,0.00,,0.00,,0.00,,0.00,,0.00,,0.00,,0.00,,0.00,0.00,,0.00,0.00,0.00,0.00,,1.00,2.00,0.00,0.00,,80,2,0.00,0.00,0.00,0.00,10.26,10.26,12.12,12.12,0.00,0.00
Egypt,EGY,20200314,0.00,,0.00,,0.00,,0.00,,0.00,,0.00,,0.00,,0.00,0.00,,0.00,6367000000.00,0.00,0.00,,1.00,2.00,23980000.00,0.00,,93,2,0.00,0.00,0.00,0.00,10.26,10.26,12.12,12.12,0.00,0.00
Egypt,EGY,20200315,3.00,1,0.00,,0.00,,0.00,,0.00,,0.00,,0.00,,0.00,0.00,,0.00,0.00,0.00,0.00,,1.00,2.00,0.00,0.00,,93,2,11.11,11.11,14.29,14.29,17.95,17.95,21.21,21.21,0.00,0.00
Egypt,EGY,20200316,3.00,1,2.00,1,0.00,,0.00,,0.00,,0.00,,0.00,,0.00,0.00,,0.00,0.00,0.00,0.00,,1.00,2.00,0.00,0.00,,110,2,18.52,18.52,25.00,25.00,23.08,23.08,27.27,27.27,0.00,0.00
Egypt,EGY,20200317,3.00,1,2.00,1,0.00,,0.00,,0.00,,0.00,,0.00,,0.00,0.00,,0.00,0.00,0.00,0.00,,1.00,2.00,0.00,0.00,,126,2,18.52,18.52,25.00,25.00,23.08,23.08,27.27,27.27,0.00,0.00
Egypt,EGY,20200318,3.00,1,2.00,1,0.00,,0.00,,0.00,,0.00,,0.00,,0.00,0.00,,0.00,0.00,0.00,0.00,,1.00,2.00,0.00,0.00,,166,4,18.52,18.52,25.00,25.00,23.08,23.08,27.27,27.27,0.00,0.00
Egypt,EGY,20200319,3.00,1,2.00,1,0.00,,0.00,,0.00,,0.00,,0.00,,4.00,0.00,,0.00,0.00,0.00,0.00,,1.00,2.00,0.00,0.00,,196,6,29.63,29.63,39.29,39.29,30.77,30.77,36.36,36.36,0.00,0.00
Egypt,EGY,20200320,3.00,1,2.00,1,0.00,,0.00,,0.00,,0.00,,0.00,,4.00,0.00,,0.00,0.00,0.00,0.00,,1.00,2.00,0.00,0.00,,210,6,29.63,29.63,39.29,39.29,30.77,30.77,36.36,36.36,0.00,0.00
Egypt,EGY,20200321,3.00,1,2.00,1,2.00,1,0.00,,0.00,,0.00,,0.00,,4.00,0.00,,0.00,0.00,0.00,0.00,,1.00,2.00,0.00,0.00,,256,7,40.74,40.74,53.57,53.57,38.46,38.46,45.45,45.45,0.00,0.00
Egypt,EGY,20200322,3.00,1,2.00,1,2.00,1,0.00,,0.00,,0.00,,0.00,,4.00,0.00,,0.00,1269000000.00,0.00,0.00,,1.00,2.00,0.00,0.00,,285,8,40.74,40.74,53.57,53.57,38.46,38.46,45.45,45.45,0.00,0.00
Egypt,EGY,20200323,3.00,1,2.00,1,2.00,1,0.00,,0.00,,0.00,,0.00,,4.00,0.00,,0.00,0.00,0.00,0.00,,1.00,2.00,0.00,0.00,,294,10,40.74,40.74,53.57,53.57,38.46,38.46,45.45,45.45,0.00,0.00
Egypt,EGY,20200324,3.00,1,2.00,1,2.00,1,0.00,,0.00,,0.00,,0.00,,4.00,0.00,,0.00,0.00,0.00,2.00,1,1.00,2.00,0.00,0.00,,327,14,51.85,51.85,67.86,67.86,46.15,46.15,54.55,54.55,0.00,0.00
Egypt,EGY,20200325,3.00,1,2.00,1,2.00,1,1.00,1,2.00,1,2.00,1,2.00,1,4.00,0.00,,0.00,0.00,0.00,2.00,1,1.00,2.00,64000000.00,0.00,,366,19,84.26,84.26,96.43,96.43,68.59,68.59,81.06,81.06,0.00,0.00
Egypt,EGY,20200326,3.00,1,2.00,1,2.00,1,1.00,1,2.00,1,2.00,1,2.00,1,4.00,0.00,,0.00,0.00,0.00,2.00,1,1.00,2.00,0.00,0.00,,442,21,84.26,84.26,96.43,96.43,68.59,68.59,81.06,81.06,0.00,0.00
Egypt,EGY,20200327,3.00,1,2.00,1,2.00,1,1.00,1,2.00,1,2.00,1,2.00,1,4.00,0.00,,0.00,0.00,0.00,2.00,1,1.00,2.00,0.00,0.00,,456,21,84.26,84.26,96.43,96.43,68.59,68.59,81.06,81.06,0.00,0.00
Egypt,EGY,20200328,3.00,1,2.00,1,2.00,1,1.00,1,2.00,1,2.00,1,2.00,1,4.00,0.00,,0.00,0.00,0.00,2.00,1,1.00,2.00,0.00,0.00,,495,24,84.26,84.26,96.43,96.43,68.59,68.59,81.06,81.06,0.00,0.00
Egypt,EGY,20200329,3.00,1,2.00,1,2.00,1,1.00,1,2.00,1,2.00,1,2.00,1,4.00,0.00,,0.00,0.00,0.00,2.00,1,1.00,2.00,0.00,0.00,,536,30,84.26,84.26,96.43,96.43,68.59,68.59,81.06,81.06,0.00,0.00
Egypt,EGY,20200330,3.00,1,2.00,1,2.00,1,1.00,1,2.00,1,2.00,1,2.00,1,4.00,0.00,,0.00,0.00,0.00,2.00,1,1.00,2.00,0.00,0.00,,576,36,84.26,84.26,96.43,96.43,68.59,68.59,81.06,81.06,0.00,0.00
Egypt,EGY,20200331,3.00,1,2.00,1,2.00,1,1.00,1,2.00,1,2.00,1,2.00,1,4.00,0.00,,0.00,0.00,0.00,2.00,1,1.00,2.00,0.00,0.00,,609,40,84.26,84.26,96.43,96.43,68.59,68.59,81.06,81.06,0.00,0.00
Egypt,EGY,20200401,3.00,1,2.00,1,2.00,1,1.00,1,2.00,1,2.00,1,2.00,1,4.00,0.00,,0.00,0.00,0.00,2.00,1,1.00,2.00,0.00,0.00,,656,41,84.26,84.26,96.43,96.43,68.59,68.59,81.06,81.06,0.00,0.00
Egypt,EGY,20200402,3.00,1,2.00,1,2.00,1,1.00,1,2.00,1,2.00,1,2.00,1,4.00,0.00,,0.00,0.00,0.00,2.00,1,1.00,2.00,0.00,0.00,,710,46,84.26,84.26,96.43,96.43,68.59,68.59,81.06,81.06,0.00,0.00
Egypt,EGY,20200403,3.00,1,2.00,1,2.00,1,1.00,1,2.00,1,2.00,1,2.00,1,4.00,0.00,,0.00,0.00,0.00,2.00,1,1.00,2.00,0.00,0.00,,779,52,84.26,84.26,96.43,96.43,68.59,68.59,81.06,81.06,0.00,0.00
Egypt,EGY,20200404,3.00,1,2.00,1,2.00,1,1.00,1,2.00,1,2.00,1,2.00,1,4.00,0.00,,0.00,0.00,0.00,2.00,1,1.00,2.00,0.00,0.00,,779,52,84.26,84.26,96.43,96.43,68.59,68.59,81.06,81.06,0.00,0.00
Egypt,EGY,20200405,3.00,1,2.00,1,2.00,1,1.00,1,2.00,1,2.00,1,2.00,1,4.00,0.00,,0.00,0.00,0.00,2.00,1,1.00,2.00,0.00,0.00,,985,66,84.26,84.26,96.43,96.43,68.59,68.59,81.06,81.06,0.00,0.00
Egypt,EGY,20200406,3.00,1,2.00,1,2.00,1,1.00,1,2.00,1,2.00,1,2.00,1,4.00,0.00,,0.00,0.00,0.00,2.00,1,1.00,2.00,0.00,0.00,,1070,71,84.26,84.26,96.43,96.43,68.59,68.59,81.06,81.06,0.00,0.00
Egypt,EGY,20200407,3.00,1,2.00,1,2.00,1,1.00,1,2.00,1,2.00,1,2.00,1,4.00,0.00,,0.00,0.00,0.00,2.00,1,1.00,2.00,0.00,0.00,,1073,78,84.26,84.26,96.43,96.43,68.59,68.59,81.06,81.06,0.00,0.00
Egypt,EGY,20200408,3.00,1,2.00,1,2.00,1,1.00,1,2.00,1,2.00,1,2.00,1,4.00,0.00,,0.00,0.00,0.00,2.00,1,1.00,2.00,0.00,0.00,,1322,85,84.26,84.26,96.43,96.43,68.59,68.59,81.06,81.06,0.00,0.00
Egypt,EGY,20200409,3.00,1,2.00,1,2.00,1,1.00,1,2.00,1,2.00,1,2.00,1,4.00,0.00,,0.00,0.00,0.00,2.00,1,1.00,2.00,0.00,0.00,,1560,103,84.26,84.26,96.43,96.43,68.59,68.59,81.06,81.06,0.00,0.00
Egypt,EGY,20200410,3.00,1,2.00,1,2.00,1,1.00,1,2.00,1,2.00,1,2.00,1,4.00,0.00,,0.00,0.00,0.00,2.00,1,1.00,2.00,0.00,0.00,,1699,118,84.26,84.26,96.43,96.43,68.59,68.59,81.06,81.06,0.00,0.00
Egypt,EGY,20200411,3.00,1,2.00,1,2.00,1,1.00,1,2.00,1,2.00,1,2.00,1,4.00,0.00,,0.00,0.00,0.00,2.00,1,1.00,2.00,0.00,0.00,,1794,135,84.26,84.26,96.43,96.43,68.59,68.59,81.06,81.06,0.00,0.00
Egypt,EGY,20200412,3.00,1,2.00,1,2.00,1,1.00,1,2.00,1,2.00,1,2.00,1,4.00,0.00,,0.00,0.00,0.00,2.00,1,1.00,2.00,0.00,0.00,,1939,146,84.26,84.26,96.43,96.43,68.59,68.59,81.06,81.06,0.00,0.00
Egypt,EGY,20200413,3.00,1,2.00,1,2.00,1,1.00,1,2.00,1,2.00,1,2.00,1,4.00,0.00,,0.00,0.00,0.00,2.00,1,1.00,2.00,0.00,0.00,,2065,159,84.26,84.26,96.43,96.43,68.59,68.59,81.06,81.06,0.00,0.00
Egypt,EGY,20200414,3.00,1,2.00,1,2.00,1,1.00,1,2.00,1,2.00,1,2.00,1,4.00,0.00,,0.00,0.00,0.00,2.00,1,1.00,2.00,0.00,0.00,,2190,164,84.26,84.26,96.43,96.43,68.59,68.59,81.06,81.06,0.00,0.00
Egypt,EGY,20200415,3.00,1,2.00,1,2.00,1,1.00,1,2.00,1,2.00,1,2.00,1,4.00,0.00,,0.00,0.00,0.00,2.00,1,1.00,2.00,0.00,0.00,,2350,178,84.26,84.26,96.43,96.43,68.59,68.59,81.06,81.06,0.00,0.00
Egypt,EGY,20200416,3.00,1,2.00,1,2.00,1,1.00,1,2.00,1,2.00,1,2.00,1,4.00,0.00,,1.00,0.00,0.00,2.00,1,1.00,2.00,0.00,0.00,,2505,183,84.26,84.26,96.43,96.43,72.44,72.44,81.06,81.06,25.00,25.00
Egypt,EGY,20200417,3.00,1,2.00,1,2.00,1,1.00,1,2.00,1,2.00,1,2.00,1,4.00,0.00,,1.00,0.00,0.00,2.00,1,1.00,2.00,0.00,0.00,,2673,196,84.26,84.26,96.43,96.43,72.44,72.44,81.06,81.06,25.00,25.00
Egypt,EGY,20200418,3.00,1,2.00,1,2.00,1,1.00,1,2.00,1,2.00,1,2.00,1,4.00,0.00,,1.00,0.00,0.00,2.00,1,1.00,2.00,0.00,0.00,,2844,205,84.26,84.26,96.43,96.43,72.44,72.44,81.06,81.06,25.00,25.00
Egypt,EGY,20200419,3.00,1,2.00,1,2.00,1,1.00,1,2.00,1,2.00,1,2.00,1,4.00,0.00,,1.00,0.00,0.00,2.00,1,1.00,2.00,0.00,0.00,,3032,224,84.26,84.26,96.43,96.43,72.44,72.44,81.06,81.06,25.00,25.00
Egypt,EGY,20200420,3.00,1,2.00,1,2.00,1,1.00,1,2.00,1,2.00,1,2.00,1,4.00,0.00,,1.00,0.00,0.00,2.00,1,1.00,2.00,0.00,0.00,,3144,239,84.26,84.26,96.43,96.43,72.44,72.44,81.06,81.06,25.00,25.00
Egypt,EGY,20200421,3.00,1,2.00,1,2.00,1,1.00,1,2.00,1,2.00,1,2.00,1,4.00,0.00,,1.00,0.00,0.00,2.00,1,1.00,2.00,0.00,0.00,,3333,250,84.26,84.26,96.43,96.43,72.44,72.44,81.06,81.06,25.00,25.00
Egypt,EGY,20200422,3.00,1,2.00,1,2.00,1,1.00,1,2.00,1,2.00,1,2.00,1,4.00,0.00,,1.00,0.00,0.00,2.00,1,1.00,2.00,0.00,0.00,,3490,264,84.26,84.26,96.43,96.43,72.44,72.44,81.06,81.06,25.00,25.00
Egypt,EGY,20200423,3.00,1,2.00,1,2.00,1,1.00,1,2.00,1,2.00,1,2.00,1,4.00,0.00,,1.00,0.00,0.00,2.00,1,1.00,2.00,0.00,0.00,,3490,264,84.26,84.26,96.43,96.43,72.44,72.44,81.06,81.06,25.00,25.00
Egypt,EGY,20200424,3.00,1,2.00,1,2.00,1,1.00,1,2.00,1,2.00,1,2.00,1,4.00,0.00,,1.00,0.00,0.00,2.00,1,1.00,2.00,0.00,0.00,,3659,276,84.26,84.26,96.43,96.43,72.44,72.44,81.06,81.06,25.00,25.00
Egypt,EGY,20200425,3.00,1,2.00,1,2.00,1,1.00,1,2.00,1,2.00,1,2.00,1,4.00,0.00,,1.00,0.00,0.00,2.00,1,1.00,2.00,0.00,0.00,,4092,294,84.26,84.26,96.43,96.43,72.44,72.44,81.06,81.06,25.00,25.00
Egypt,EGY,20200426,3.00,1,2.00,1,2.00,1,1.00,1,2.00,1,2.00,1,2.00,1,4.00,0.00,,1.00,0.00,0.00,2.00,1,1.00,2.00,0.00,0.00,,4319,307,84.26,84.26,96.43,96.43,72.44,72.44,81.06,81.06,25.00,25.00
Egypt,EGY,20200427,3.00,1,2.00,1,2.00,1,1.00,1,2.00,1,2.00,1,2.00,1,4.00,0.00,,1.00,0.00,0.00,2.00,1,1.00,2.00,0.00,0.00,,4319,307,84.26,84.26,96.43,96.43,72.44,72.44,81.06,81.06,25.00,25.00
Egypt,EGY,20200428,3.00,1,2.00,1,2.00,1,1.00,1,2.00,1,2.00,1,2.00,1,4.00,0.00,,1.00,0.00,0.00,2.00,1,1.00,2.00,0.00,0.00,,4782,337,84.26,84.26,96.43,96.43,72.44,72.44,81.06,81.06,25.00,25.00
Egypt,EGY,20200429,3.00,1,2.00,1,2.00,1,1.00,1,2.00,1,2.00,1,2.00,1,4.00,0.00,,1.00,0.00,0.00,2.00,1,1.00,2.00,0.00,0.00,,5042,359,84.26,84.26,96.43,96.43,72.44,72.44,81.06,81.06,25.00,25.00
Egypt,EGY,20200430,3.00,1,2.00,1,2.00,1,1.00,1,2.00,1,2.00,1,2.00,1,4.00,0.00,,1.00,0.00,0.00,2.00,1,1.00,2.00,0.00,0.00,,5268,380,84.26,84.26,96.43,96.43,72.44,72.44,81.06,81.06,25.00,25.00
Egypt,EGY,20200501,3.00,1,2.00,1,2.00,1,1.00,1,2.00,1,2.00,1,2.00,1,4.00,0.00,,1.00,0.00,0.00,2.00,1,1.00,2.00,0.00,0.00,,5537,392,84.26,84.26,96.43,96.43,72.44,72.44,81.06,81.06,25.00,25.00
Egypt,EGY,20200502,3.00,1,2.00,1,2.00,1,1.00,1,2.00,1,2.00,1,2.00,1,4.00,0.00,,1.00,0.00,0.00,2.00,1,1.00,2.00,0.00,0.00,,5895,406,84.26,84.26,96.43,96.43,72.44,72.44,81.06,81.06,25.00,25.00
Egypt,EGY,20200503,3.00,1,2.00,1,2.00,1,1.00,1,2.00,1,2.00,1,2.00,1,4.00,0.00,,1.00,0.00,0.00,2.00,1,1.00,2.00,0.00,0.00,,6193,415,84.26,84.26,96.43,96.43,72.44,72.44,81.06,81.06,25.00,25.00
Egypt,EGY,20200504,3.00,1,2.00,1,2.00,1,1.00,1,2.00,1,2.00,1,2.00,1,4.00,0.00,,1.00,0.00,0.00,2.00,1,1.00,2.00,0.00,0.00,,6465,429,84.26,84.26,96.43,96.43,72.44,72.44,81.06,81.06,25.00,25.00
Egypt,EGY,20200505,3.00,1,2.00,1,2.00,1,1.00,1,2.00,1,2.00,1,2.00,1,4.00,0.00,,1.00,0.00,0.00,2.00,1,1.00,2.00,0.00,0.00,,6813,436,84.26,84.26,96.43,96.43,72.44,72.44,81.06,81.06,25.00,25.00
Egypt,EGY,20200506,3.00,1,2.00,1,2.00,1,1.00,1,2.00,1,2.00,1,2.00,1,4.00,0.00,,1.00,0.00,0.00,2.00,1,1.00,2.00,507000000.00,0.00,,7201,452,84.26,84.26,96.43,96.43,72.44,72.44,81.06,81.06,25.00,25.00
Egypt,EGY,20200507,3.00,1,2.00,1,2.00,1,1.00,1,2.00,1,2.00,1,2.00,1,4.00,0.00,,1.00,0.00,0.00,2.00,1,1.00,2.00,0.00,0.00,,7588,469,84.26,84.26,96.43,96.43,72.44,72.44,81.06,81.06,25.00,25.00
Egypt,EGY,20200508,3.00,1,2.00,1,2.00,1,1.00,1,2.00,1,2.00,1,2.00,1,4.00,0.00,,1.00,0.00,0.00,2.00,1,1.00,2.00,0.00,0.00,,7981,482,84.26,84.26,96.43,96.43,72.44,72.44,81.06,81.06,25.00,25.00
Egypt,EGY,20200509,3.00,1,2.00,1,2.00,1,1.00,1,2.00,1,2.00,1,2.00,1,4.00,0.00,,1.00,0.00,0.00,2.00,1,1.00,2.00,0.00,0.00,,8476,503,84.26,84.26,96.43,96.43,72.44,72.44,81.06,81.06,25.00,25.00
Egypt,EGY,20200510,3.00,1,2.00,1,2.00,1,1.00,1,2.00,1,2.00,1,2.00,1,4.00,0.00,,1.00,0.00,0.00,2.00,1,1.00,2.00,0.00,0.00,,8964,514,84.26,84.26,96.43,96.43,72.44,72.44,81.06,81.06,25.00,25.00
Egypt,EGY,20200511,3.00,1,2.00,1,2.00,1,1.00,1,2.00,1,2.00,1,2.00,1,4.00,0.00,,1.00,0.00,0.00,2.00,1,1.00,2.00,0.00,0.00,,9400,525,84.26,84.26,96.43,96.43,72.44,72.44,81.06,81.06,25.00,25.00
Egypt,EGY,20200512,3.00,1,2.00,1,2.00,1,1.00,1,2.00,1,2.00,1,2.00,1,4.00,0.00,,1.00,0.00,0.00,2.00,1,1.00,2.00,0.00,0.00,,9746,533,84.26,84.26,96.43,96.43,72.44,72.44,81.06,81.06,25.00,25.00
Egypt,EGY,20200513,3.00,1,2.00,1,2.00,1,1.00,1,2.00,1,2.00,1,2.00,1,4.00,0.00,,1.00,0.00,0.00,2.00,1,1.00,2.00,0.00,0.00,,10093,544,84.26,84.26,96.43,96.43,72.44,72.44,81.06,81.06,25.00,25.00
Egypt,EGY,20200514,3.00,1,2.00,1,2.00,1,1.00,1,2.00,1,2.00,1,2.00,1,4.00,0.00,,1.00,0.00,0.00,2.00,1,1.00,2.00,0.00,0.00,,10431,556,84.26,84.26,96.43,96.43,72.44,72.44,81.06,81.06,25.00,25.00
Egypt,EGY,20200515,3.00,1,2.00,1,2.00,1,1.00,1,2.00,1,2.00,1,2.00,1,4.00,0.00,,1.00,0.00,0.00,2.00,1,1.00,2.00,0.00,0.00,,10829,571,84.26,84.26,96.43,96.43,72.44,72.44,81.06,81.06,25.00,25.00
Egypt,EGY,20200516,3.00,1,2.00,1,2.00,1,1.00,1,2.00,1,2.00,1,2.00,1,4.00,0.00,,1.00,0.00,0.00,2.00,1,1.00,2.00,0.00,0.00,,11228,592,84.26,84.26,96.43,96.43,72.44,72.44,81.06,81.06,25.00,25.00
Egypt,EGY,20200517,3.00,1,2.00,1,2.00,1,1.00,1,2.00,1,2.00,1,2.00,1,4.00,0.00,,1.00,0.00,0.00,2.00,1,1.00,2.00,0.00,0.00,,11719,612,84.26,84.26,96.43,96.43,72.44,72.44,81.06,81.06,25.00,25.00
Egypt,EGY,20200518,3.00,1,2.00,1,2.00,1,1.00,1,2.00,1,2.00,1,2.00,1,4.00,0.00,,1.00,0.00,0.00,2.00,1,1.00,2.00,0.00,0.00,,12229,630,84.26,84.26,96.43,96.43,72.44,72.44,81.06,81.06,25.00,25.00
Egypt,EGY,20200519,3.00,1,2.00,1,2.00,1,1.00,1,2.00,1,2.00,1,2.00,1,4.00,0.00,,1.00,0.00,0.00,2.00,1,1.00,2.00,0.00,0.00,,12764,645,84.26,84.26,96.43,96.43,72.44,72.44,81.06,81.06,25.00,25.00
Egypt,EGY,20200520,3.00,1,2.00,1,2.00,1,1.00,1,2.00,1,2.00,1,2.00,1,4.00,0.00,,1.00,0.00,0.00,2.00,1,1.00,2.00,0.00,0.00,,13484,659,84.26,84.26,96.43,96.43,72.44,72.44,81.06,81.06,25.00,25.00
Egypt,EGY,20200521,3.00,1,2.00,1,2.00,1,1.00,1,2.00,1,2.00,1,2.00,1,4.00,0.00,,1.00,0.00,0.00,2.00,1,1.00,2.00,0.00,0.00,,14229,680,84.26,84.26,96.43,96.43,72.44,72.44,81.06,81.06,25.00,25.00
Egypt,EGY,20200522,3.00,1,2.00,1,2.00,1,1.00,1,2.00,1,2.00,1,2.00,1,4.00,0.00,,1.00,0.00,0.00,2.00,1,1.00,2.00,0.00,0.00,,15003,696,84.26,84.26,96.43,96.43,72.44,72.44,81.06,81.06,25.00,25.00
Egypt,EGY,20200523,3.00,1,2.00,1,2.00,1,1.00,1,2.00,1,2.00,1,2.00,1,4.00,0.00,,1.00,0.00,0.00,2.00,1,1.00,2.00,0.00,0.00,,15786,707,84.26,84.26,96.43,96.43,72.44,72.44,81.06,81.06,25.00,25.00
Egypt,EGY,20200524,3.00,1,2.00,1,2.00,1,1.00,1,2.00,1,2.00,1,2.00,1,4.00,0.00,,1.00,0.00,0.00,2.00,1,1.00,2.00,0.00,0.00,,16613,735,84.26,84.26,96.43,96.43,72.44,72.44,81.06,81.06,25.00,25.00
Egypt,EGY,20200525,3.00,1,2.00,1,2.00,1,1.00,1,2.00,1,2.00,1,2.00,1,4.00,0.00,,1.00,0.00,0.00,2.00,1,2.00,2.00,0.00,0.00,,17265,764,84.26,84.26,96.43,96.43,75.00,75.00,84.09,84.09,25.00,25.00
Egypt,EGY,20200526,3.00,1,2.00,1,2.00,1,1.00,1,2.00,1,2.00,1,2.00,1,4.00,0.00,,1.00,0.00,0.00,2.00,1,2.00,2.00,0.00,0.00,,17967,783,84.26,84.26,96.43,96.43,75.00,75.00,84.09,84.09,25.00,25.00
Egypt,EGY,20200527,3.00,1,2.00,1,2.00,1,1.00,1,2.00,1,2.00,1,2.00,1,4.00,0.00,,1.00,3157761778.50,0.00,2.00,1,2.00,2.00,0.00,0.00,,18756,797,84.26,84.26,96.43,96.43,75.00,75.00,84.09,84.09,25.00,25.00
Egypt,EGY,20200528,3.00,1,2.00,1,2.00,1,1.00,1,2.00,1,2.00,1,2.00,1,4.00,0.00,,1.00,0.00,0.00,2.00,1,2.00,2.00,0.00,0.00,,19666,816,84.26,84.26,96.43,96.43,75.00,75.00,84.09,84.09,25.00,25.00
Egypt,EGY,20200529,3.00,1,2.00,1,2.00,1,1.00,1,2.00,1,2.00,1,2.00,1,4.00,0.00,,1.00,0.00,0.00,2.00,1,2.00,2.00,0.00,0.00,,20793,845,84.26,84.26,96.43,96.43,75.00,75.00,84.09,84.09,25.00,25.00
Egypt,EGY,20200530,3.00,1,2.00,1,2.00,1,1.00,1,2.00,1,2.00,1,2.00,1,4.00,0.00,,1.00,0.00,0.00,2.00,1,2.00,2.00,0.00,0.00,,22082,879,84.26,84.26,96.43,96.43,75.00,75.00,84.09,84.09,25.00,25.00
Egypt,EGY,20200531,3.00,1,2.00,1,2.00,1,1.00,1,2.00,1,2.00,1,2.00,1,4.00,1.00,1,1.00,0.00,0.00,2.00,1,2.00,2.00,0.00,0.00,,23449,913,84.26,84.26,96.43,96.43,78.85,78.85,84.09,84.09,50.00,50.00
Egypt,EGY,20200601,3.00,1,2.00,1,2.00,1,1.00,1,2.00,1,2.00,1,2.00,1,4.00,1.00,1,1.00,0.00,0.00,2.00,1,2.00,2.00,0.00,0.00,,24985,959,84.26,84.26,96.43,96.43,78.85,78.85,84.09,84.09,50.00,50.00
Egypt,EGY,20200602,3.00,1,2.00,1,2.00,1,1.00,1,2.00,1,2.00,1,2.00,1,4.00,1.00,1,1.00,0.00,0.00,2.00,1,2.00,2.00,0.00,0.00,,26384,1005,84.26,84.26,96.43,96.43,78.85,78.85,84.09,84.09,50.00,50.00
Egypt,EGY,20200603,3.00,1,2.00,1,2.00,1,1.00,1,2.00,1,2.00,1,2.00,1,4.00,1.00,1,1.00,0.00,0.00,2.00,1,2.00,2.00,0.00,0.00,,27536,1052,84.26,84.26,96.43,96.43,78.85,78.85,84.09,84.09,50.00,50.00
Egypt,EGY,20200604,3.00,1,2.00,1,2.00,1,1.00,1,2.00,1,2.00,1,2.00,1,4.00,1.00,1,1.00,0.00,0.00,2.00,1,2.00,2.00,0.00,0.00,,28615,1088,84.26,84.26,96.43,96.43,78.85,78.85,84.09,84.09,50.00,50.00
Egypt,EGY,20200605,3.00,1,2.00,1,2.00,1,1.00,1,2.00,1,2.00,1,2.00,1,4.00,1.00,1,1.00,0.00,0.00,2.00,1,2.00,2.00,0.00,0.00,,29767,1126,84.26,84.26,96.43,96.43,78.85,78.85,84.09,84.09,50.00,50.00
Egypt,EGY,20200606,3.00,1,2.00,1,2.00,1,1.00,1,2.00,1,2.00,1,2.00,1,4.00,1.00,1,1.00,0.00,0.00,2.00,1,2.00,2.00,0.00,0.00,,31115,1166,84.26,84.26,96.43,96.43,78.85,78.85,84.09,84.09,50.00,50.00
Egypt,EGY,20200607,2.00,1,2.00,1,2.00,1,1.00,1,1.00,1,1.00,1,2.00,1,4.00,1.00,1,1.00,0.00,0.00,2.00,1,2.00,2.00,0.00,0.00,,32612,1198,71.30,71.30,88.10,88.10,69.87,69.87,73.48,73.48,50.00,50.00
Egypt,EGY,20200608,2.00,1,2.00,1,2.00,1,1.00,1,1.00,1,1.00,1,2.00,1,4.00,1.00,1,1.00,0.00,0.00,2.00,1,2.00,2.00,0.00,0.00,,34079,1237,71.30,71.30,88.10,88.10,69.87,69.87,73.48,73.48,50.00,50.00
Egypt,EGY,20200609,2.00,1,2.00,1,2.00,1,1.00,1,1.00,1,1.00,1,2.00,1,4.00,1.00,1,1.00,0.00,0.00,2.00,1,2.00,2.00,0.00,0.00,,35444,1271,71.30,71.30,88.10,88.10,69.87,69.87,73.48,73.48,50.00,50.00
Egypt,EGY,20200610,2.00,1,2.00,1,2.00,1,1.00,1,1.00,1,1.00,1,2.00,1,4.00,1.00,1,1.00,0.00,0.00,2.00,1,2.00,2.00,0.00,0.00,,36829,1306,71.30,71.30,88.10,88.10,69.87,69.87,73.48,73.48,50.00,50.00
Egypt,EGY,20200611,2.00,1,2.00,1,2.00,1,1.00,1,1.00,1,1.00,1,2.00,1,4.00,1.00,1,1.00,0.00,0.00,2.00,1,2.00,2.00,0.00,0.00,,38284,1342,71.30,71.30,88.10,88.10,69.87,69.87,73.48,73.48,50.00,50.00
Egypt,EGY,20200612,,,,,,,,,,,,,,,,,,,,,,,,,,,,39726,1377,,,,,,,,,,
Egypt,EGY,20200613,,,,,,,,,,,,,,,,,,,,,,,,,,,,41304,1422,,,,,,,,,,
Egypt,EGY,20200614,,,,,,,,,,,,,,,,,,,,,,,,,,,,42980,1484,,,,,,,,,,
Egypt,EGY,20200615,,,,,,,,,,,,,,,,,,,,,,,,,,,,44598,1575,,,,,,,,,,
Egypt,EGY,20200616,,,,,,,,,,,,,,,,,,,,,,,,,,,,46289,1672,,,,,,,,,,
Egypt,EGY,20200617,,,,,,,,,,,,,,,,,,,,,,,,,,,,47856,1766,,71.30,,88.10,,69.87,,73.48,,50.00
Egypt,EGY,20200618,,,,,,,,,,,,,,,,,,,,,,,,,,,,49219,1850,,71.30,,88.10,,69.87,,73.48,,50.00
Egypt,EGY,20200619,,,,,,,,,,,,,,,,,,,,,,,,,,,,50437,1938,,71.30,,88.10,,69.87,,73.48,,50.00
Egypt,EGY,20200620,,,,,,,,,,,,,,,,,,,,,,,,,,,,52211,2017,,71.30,,88.10,,69.87,,73.48,,50.00
Egypt,EGY,20200621,,,,,,,,,,,,,,,,,,,,,,,,,,,,53758,2106,,71.30,,88.10,,69.87,,73.48,,50.00
Egypt,EGY,20200622,,,,,,,,,,,,,,,,,,,,,,,,,,,,55233,2193,,71.30,,88.10,,69.87,,73.48,,50.00
Egypt,EGY,20200623,,,,,,,,,,,,,,,,,,,,,,,,,,,,56809,2278,,71.30,,88.10,,69.87,,73.48,,50.00
