Eritrea,ERI,20200101,0.00,,0.00,,0.00,,0.00,,0.00,,0.00,,0.00,,0.00,0.00,,0.00,0.00,0.00,0.00,,0.00,0.00,0.00,0.00,,,,0.00,0.00,0.00,0.00,0.00,0.00,0.00,0.00,0.00,0.00
Eritrea,ERI,20200102,0.00,,0.00,,0.00,,0.00,,0.00,,0.00,,0.00,,0.00,0.00,,0.00,0.00,0.00,0.00,,0.00,0.00,0.00,0.00,,,,0.00,0.00,0.00,0.00,0.00,0.00,0.00,0.00,0.00,0.00
Eritrea,ERI,20200103,0.00,,0.00,,0.00,,0.00,,0.00,,0.00,,0.00,,0.00,0.00,,0.00,0.00,0.00,0.00,,0.00,0.00,0.00,0.00,,,,0.00,0.00,0.00,0.00,0.00,0.00,0.00,0.00,0.00,0.00
Eritrea,ERI,20200104,0.00,,0.00,,0.00,,0.00,,0.00,,0.00,,0.00,,0.00,0.00,,0.00,0.00,0.00,0.00,,0.00,0.00,0.00,0.00,,,,0.00,0.00,0.00,0.00,0.00,0.00,0.00,0.00,0.00,0.00
Eritrea,ERI,20200105,0.00,,0.00,,0.00,,0.00,,0.00,,0.00,,0.00,,0.00,0.00,,0.00,0.00,0.00,0.00,,0.00,0.00,0.00,0.00,,,,0.00,0.00,0.00,0.00,0.00,0.00,0.00,0.00,0.00,0.00
Eritrea,ERI,20200106,0.00,,0.00,,0.00,,0.00,,0.00,,0.00,,0.00,,0.00,0.00,,0.00,0.00,0.00,0.00,,0.00,0.00,0.00,0.00,,,,0.00,0.00,0.00,0.00,0.00,0.00,0.00,0.00,0.00,0.00
Eritrea,ERI,20200107,0.00,,0.00,,0.00,,0.00,,0.00,,0.00,,0.00,,0.00,0.00,,0.00,0.00,0.00,0.00,,0.00,0.00,0.00,0.00,,,,0.00,0.00,0.00,0.00,0.00,0.00,0.00,0.00,0.00,0.00
Eritrea,ERI,20200108,0.00,,0.00,,0.00,,0.00,,0.00,,0.00,,0.00,,0.00,0.00,,0.00,0.00,0.00,0.00,,0.00,0.00,0.00,0.00,,,,0.00,0.00,0.00,0.00,0.00,0.00,0.00,0.00,0.00,0.00
Eritrea,ERI,20200109,0.00,,0.00,,0.00,,0.00,,0.00,,0.00,,0.00,,0.00,0.00,,0.00,0.00,0.00,0.00,,0.00,0.00,0.00,0.00,,,,0.00,0.00,0.00,0.00,0.00,0.00,0.00,0.00,0.00,0.00
Eritrea,ERI,20200110,0.00,,0.00,,0.00,,0.00,,0.00,,0.00,,0.00,,0.00,0.00,,0.00,0.00,0.00,0.00,,0.00,0.00,0.00,0.00,,,,0.00,0.00,0.00,0.00,0.00,0.00,0.00,0.00,0.00,0.00
Eritrea,ERI,20200111,0.00,,0.00,,0.00,,0.00,,0.00,,0.00,,0.00,,0.00,0.00,,0.00,0.00,0.00,0.00,,0.00,0.00,0.00,0.00,,,,0.00,0.00,0.00,0.00,0.00,0.00,0.00,0.00,0.00,0.00
Eritrea,ERI,20200112,0.00,,0.00,,0.00,,0.00,,0.00,,0.00,,0.00,,0.00,0.00,,0.00,0.00,0.00,0.00,,0.00,0.00,0.00,0.00,,,,0.00,0.00,0.00,0.00,0.00,0.00,0.00,0.00,0.00,0.00
Eritrea,ERI,20200113,0.00,,0.00,,0.00,,0.00,,0.00,,0.00,,0.00,,0.00,0.00,,0.00,0.00,0.00,0.00,,0.00,0.00,0.00,0.00,,,,0.00,0.00,0.00,0.00,0.00,0.00,0.00,0.00,0.00,0.00
Eritrea,ERI,20200114,0.00,,0.00,,0.00,,0.00,,0.00,,0.00,,0.00,,0.00,0.00,,0.00,0.00,0.00,0.00,,0.00,0.00,0.00,0.00,,,,0.00,0.00,0.00,0.00,0.00,0.00,0.00,0.00,0.00,0.00
Eritrea,ERI,20200115,0.00,,0.00,,0.00,,0.00,,0.00,,0.00,,0.00,,0.00,0.00,,0.00,0.00,0.00,0.00,,0.00,0.00,0.00,0.00,,,,0.00,0.00,0.00,0.00,0.00,0.00,0.00,0.00,0.00,0.00
Eritrea,ERI,20200116,0.00,,0.00,,0.00,,0.00,,0.00,,0.00,,0.00,,0.00,0.00,,0.00,0.00,0.00,0.00,,0.00,0.00,0.00,0.00,,,,0.00,0.00,0.00,0.00,0.00,0.00,0.00,0.00,0.00,0.00
Eritrea,ERI,20200117,0.00,,0.00,,0.00,,0.00,,0.00,,0.00,,0.00,,0.00,0.00,,0.00,0.00,0.00,0.00,,0.00,0.00,0.00,0.00,,,,0.00,0.00,0.00,0.00,0.00,0.00,0.00,0.00,0.00,0.00
Eritrea,ERI,20200118,0.00,,0.00,,0.00,,0.00,,0.00,,0.00,,0.00,,0.00,0.00,,0.00,0.00,0.00,0.00,,0.00,0.00,0.00,0.00,,,,0.00,0.00,0.00,0.00,0.00,0.00,0.00,0.00,0.00,0.00
Eritrea,ERI,20200119,0.00,,0.00,,0.00,,0.00,,0.00,,0.00,,0.00,,0.00,0.00,,0.00,0.00,0.00,0.00,,0.00,0.00,0.00,0.00,,,,0.00,0.00,0.00,0.00,0.00,0.00,0.00,0.00,0.00,0.00
Eritrea,ERI,20200120,0.00,,0.00,,0.00,,0.00,,0.00,,0.00,,0.00,,0.00,0.00,,0.00,0.00,0.00,0.00,,0.00,0.00,0.00,0.00,,,,0.00,0.00,0.00,0.00,0.00,0.00,0.00,0.00,0.00,0.00
Eritrea,ERI,20200121,0.00,,0.00,,0.00,,0.00,,0.00,,0.00,,0.00,,0.00,0.00,,0.00,0.00,0.00,0.00,,0.00,0.00,0.00,0.00,,,,0.00,0.00,0.00,0.00,0.00,0.00,0.00,0.00,0.00,0.00
Eritrea,ERI,20200122,0.00,,0.00,,0.00,,0.00,,0.00,,0.00,,0.00,,0.00,0.00,,0.00,0.00,0.00,0.00,,0.00,0.00,0.00,0.00,,,,0.00,0.00,0.00,0.00,0.00,0.00,0.00,0.00,0.00,0.00
Eritrea,ERI,20200123,0.00,,0.00,,0.00,,0.00,,0.00,,0.00,,0.00,,0.00,0.00,,0.00,0.00,0.00,0.00,,0.00,0.00,0.00,0.00,,,,0.00,0.00,0.00,0.00,0.00,0.00,0.00,0.00,0.00,0.00
Eritrea,ERI,20200124,0.00,,0.00,,0.00,,0.00,,0.00,,0.00,,0.00,,0.00,0.00,,0.00,0.00,0.00,0.00,,0.00,0.00,0.00,0.00,,,,0.00,0.00,0.00,0.00,0.00,0.00,0.00,0.00,0.00,0.00
Eritrea,ERI,20200125,0.00,,0.00,,0.00,,0.00,,0.00,,0.00,,0.00,,0.00,0.00,,0.00,0.00,0.00,0.00,,0.00,0.00,0.00,0.00,,,,0.00,0.00,0.00,0.00,0.00,0.00,0.00,0.00,0.00,0.00
Eritrea,ERI,20200126,0.00,,0.00,,0.00,,0.00,,0.00,,0.00,,0.00,,0.00,0.00,,0.00,0.00,0.00,0.00,,0.00,0.00,0.00,0.00,,,,0.00,0.00,0.00,0.00,0.00,0.00,0.00,0.00,0.00,0.00
Eritrea,ERI,20200127,0.00,,0.00,,0.00,,0.00,,0.00,,0.00,,0.00,,0.00,0.00,,0.00,0.00,0.00,0.00,,0.00,0.00,0.00,0.00,,,,0.00,0.00,0.00,0.00,0.00,0.00,0.00,0.00,0.00,0.00
Eritrea,ERI,20200128,0.00,,0.00,,0.00,,0.00,,0.00,,0.00,,0.00,,0.00,0.00,,0.00,0.00,0.00,0.00,,0.00,0.00,0.00,0.00,,,,0.00,0.00,0.00,0.00,0.00,0.00,0.00,0.00,0.00,0.00
Eritrea,ERI,20200129,0.00,,0.00,,0.00,,0.00,,0.00,,0.00,,0.00,,0.00,0.00,,0.00,0.00,0.00,0.00,,0.00,0.00,0.00,0.00,,,,0.00,0.00,0.00,0.00,0.00,0.00,0.00,0.00,0.00,0.00
Eritrea,ERI,20200130,0.00,,0.00,,0.00,,0.00,,0.00,,0.00,,0.00,,0.00,0.00,,0.00,0.00,0.00,0.00,,0.00,0.00,0.00,0.00,,,,0.00,0.00,0.00,0.00,0.00,0.00,0.00,0.00,0.00,0.00
Eritrea,ERI,20200131,0.00,,0.00,,0.00,,0.00,,0.00,,0.00,,0.00,,0.00,0.00,,0.00,0.00,0.00,0.00,,0.00,0.00,0.00,0.00,,,,0.00,0.00,0.00,0.00,0.00,0.00,0.00,0.00,0.00,0.00
Eritrea,ERI,20200201,0.00,,0.00,,0.00,,0.00,,0.00,,0.00,,0.00,,0.00,0.00,,0.00,0.00,0.00,0.00,,0.00,0.00,0.00,0.00,,,,0.00,0.00,0.00,0.00,0.00,0.00,0.00,0.00,0.00,0.00
Eritrea,ERI,20200202,0.00,,0.00,,0.00,,0.00,,0.00,,0.00,,0.00,,0.00,0.00,,0.00,0.00,0.00,0.00,,0.00,0.00,0.00,0.00,,,,0.00,0.00,0.00,0.00,0.00,0.00,0.00,0.00,0.00,0.00
Eritrea,ERI,20200203,0.00,,0.00,,0.00,,0.00,,0.00,,0.00,,0.00,,0.00,0.00,,0.00,0.00,0.00,0.00,,0.00,0.00,0.00,0.00,,,,0.00,0.00,0.00,0.00,0.00,0.00,0.00,0.00,0.00,0.00
Eritrea,ERI,20200204,0.00,,0.00,,0.00,,0.00,,0.00,,0.00,,0.00,,0.00,0.00,,0.00,0.00,0.00,0.00,,0.00,0.00,0.00,0.00,,,,0.00,0.00,0.00,0.00,0.00,0.00,0.00,0.00,0.00,0.00
Eritrea,ERI,20200205,0.00,,0.00,,0.00,,0.00,,0.00,,0.00,,0.00,,0.00,0.00,,0.00,0.00,0.00,0.00,,0.00,0.00,0.00,0.00,,,,0.00,0.00,0.00,0.00,0.00,0.00,0.00,0.00,0.00,0.00
Eritrea,ERI,20200206,0.00,,0.00,,0.00,,0.00,,0.00,,0.00,,0.00,,0.00,0.00,,0.00,0.00,0.00,0.00,,0.00,0.00,0.00,0.00,,,,0.00,0.00,0.00,0.00,0.00,0.00,0.00,0.00,0.00,0.00
Eritrea,ERI,20200207,0.00,,0.00,,0.00,,0.00,,0.00,,0.00,,0.00,,0.00,0.00,,0.00,0.00,0.00,0.00,,0.00,0.00,0.00,0.00,,,,0.00,0.00,0.00,0.00,0.00,0.00,0.00,0.00,0.00,0.00
Eritrea,ERI,20200208,0.00,,0.00,,0.00,,0.00,,0.00,,0.00,,0.00,,0.00,0.00,,0.00,0.00,0.00,0.00,,0.00,0.00,0.00,0.00,,,,0.00,0.00,0.00,0.00,0.00,0.00,0.00,0.00,0.00,0.00
Eritrea,ERI,20200209,0.00,,0.00,,0.00,,0.00,,0.00,,0.00,,0.00,,0.00,0.00,,0.00,0.00,0.00,0.00,,0.00,0.00,0.00,0.00,,,,0.00,0.00,0.00,0.00,0.00,0.00,0.00,0.00,0.00,0.00
Eritrea,ERI,20200210,0.00,,0.00,,0.00,,0.00,,0.00,,0.00,,0.00,,0.00,0.00,,0.00,0.00,0.00,0.00,,0.00,0.00,0.00,0.00,,,,0.00,0.00,0.00,0.00,0.00,0.00,0.00,0.00,0.00,0.00
Eritrea,ERI,20200211,0.00,,0.00,,0.00,,0.00,,0.00,,0.00,,0.00,,0.00,0.00,,0.00,0.00,0.00,0.00,,0.00,0.00,0.00,0.00,,,,0.00,0.00,0.00,0.00,0.00,0.00,0.00,0.00,0.00,0.00
Eritrea,ERI,20200212,0.00,,0.00,,0.00,,0.00,,0.00,,0.00,,0.00,,0.00,0.00,,0.00,0.00,0.00,0.00,,0.00,0.00,0.00,0.00,,,,0.00,0.00,0.00,0.00,0.00,0.00,0.00,0.00,0.00,0.00
Eritrea,ERI,20200213,0.00,,0.00,,0.00,,0.00,,0.00,,0.00,,0.00,,0.00,0.00,,0.00,0.00,0.00,0.00,,0.00,0.00,0.00,0.00,,,,0.00,0.00,0.00,0.00,0.00,0.00,0.00,0.00,0.00,0.00
Eritrea,ERI,20200214,0.00,,0.00,,0.00,,0.00,,0.00,,0.00,,0.00,,0.00,0.00,,0.00,0.00,0.00,0.00,,0.00,0.00,0.00,0.00,,,,0.00,0.00,0.00,0.00,0.00,0.00,0.00,0.00,0.00,0.00
Eritrea,ERI,20200215,0.00,,0.00,,0.00,,0.00,,0.00,,0.00,,0.00,,0.00,0.00,,0.00,0.00,0.00,0.00,,0.00,0.00,0.00,0.00,,,,0.00,0.00,0.00,0.00,0.00,0.00,0.00,0.00,0.00,0.00
Eritrea,ERI,20200216,0.00,,0.00,,0.00,,0.00,,0.00,,0.00,,0.00,,0.00,0.00,,0.00,0.00,0.00,0.00,,0.00,0.00,0.00,0.00,,,,0.00,0.00,0.00,0.00,0.00,0.00,0.00,0.00,0.00,0.00
Eritrea,ERI,20200217,0.00,,0.00,,0.00,,0.00,,0.00,,0.00,,0.00,,0.00,0.00,,0.00,0.00,0.00,0.00,,0.00,0.00,0.00,0.00,,,,0.00,0.00,0.00,0.00,0.00,0.00,0.00,0.00,0.00,0.00
Eritrea,ERI,20200218,0.00,,0.00,,0.00,,0.00,,0.00,,0.00,,0.00,,0.00,0.00,,0.00,0.00,0.00,0.00,,0.00,0.00,0.00,0.00,,,,0.00,0.00,0.00,0.00,0.00,0.00,0.00,0.00,0.00,0.00
Eritrea,ERI,20200219,0.00,,0.00,,0.00,,0.00,,0.00,,0.00,,0.00,,0.00,0.00,,0.00,0.00,0.00,0.00,,0.00,0.00,0.00,0.00,,,,0.00,0.00,0.00,0.00,0.00,0.00,0.00,0.00,0.00,0.00
Eritrea,ERI,20200220,0.00,,0.00,,0.00,,0.00,,0.00,,0.00,,0.00,,0.00,0.00,,0.00,0.00,0.00,0.00,,0.00,0.00,0.00,0.00,,,,0.00,0.00,0.00,0.00,0.00,0.00,0.00,0.00,0.00,0.00
Eritrea,ERI,20200221,0.00,,0.00,,0.00,,0.00,,0.00,,0.00,,0.00,,0.00,0.00,,0.00,0.00,0.00,0.00,,0.00,0.00,0.00,0.00,,,,0.00,0.00,0.00,0.00,0.00,0.00,0.00,0.00,0.00,0.00
Eritrea,ERI,20200222,0.00,,0.00,,0.00,,0.00,,0.00,,0.00,,0.00,,0.00,0.00,,0.00,0.00,0.00,0.00,,0.00,0.00,0.00,0.00,,,,0.00,0.00,0.00,0.00,0.00,0.00,0.00,0.00,0.00,0.00
Eritrea,ERI,20200223,0.00,,0.00,,0.00,,0.00,,0.00,,0.00,,0.00,,0.00,0.00,,0.00,0.00,0.00,0.00,,0.00,0.00,0.00,0.00,,,,0.00,0.00,0.00,0.00,0.00,0.00,0.00,0.00,0.00,0.00
Eritrea,ERI,20200224,0.00,,0.00,,0.00,,0.00,,0.00,,0.00,,0.00,,0.00,0.00,,0.00,0.00,0.00,0.00,,0.00,0.00,0.00,0.00,,,,0.00,0.00,0.00,0.00,0.00,0.00,0.00,0.00,0.00,0.00
Eritrea,ERI,20200225,0.00,,0.00,,0.00,,0.00,,0.00,,0.00,,0.00,,0.00,0.00,,0.00,0.00,0.00,0.00,,0.00,0.00,0.00,0.00,,,,0.00,0.00,0.00,0.00,0.00,0.00,0.00,0.00,0.00,0.00
Eritrea,ERI,20200226,0.00,,0.00,,0.00,,0.00,,0.00,,0.00,,0.00,,0.00,0.00,,0.00,0.00,0.00,0.00,,0.00,0.00,0.00,0.00,,,,0.00,0.00,0.00,0.00,0.00,0.00,0.00,0.00,0.00,0.00
Eritrea,ERI,20200227,0.00,,0.00,,0.00,,0.00,,0.00,,0.00,,0.00,,0.00,0.00,,0.00,0.00,0.00,0.00,,0.00,0.00,0.00,0.00,,,,0.00,0.00,0.00,0.00,0.00,0.00,0.00,0.00,0.00,0.00
Eritrea,ERI,20200228,0.00,,0.00,,0.00,,0.00,,0.00,,0.00,,0.00,,0.00,0.00,,0.00,0.00,0.00,0.00,,0.00,0.00,0.00,0.00,,,,0.00,0.00,0.00,0.00,0.00,0.00,0.00,0.00,0.00,0.00
Eritrea,ERI,20200229,0.00,,0.00,,0.00,,0.00,,0.00,,0.00,,0.00,,0.00,0.00,,0.00,0.00,0.00,0.00,,0.00,0.00,0.00,0.00,,,,0.00,0.00,0.00,0.00,0.00,0.00,0.00,0.00,0.00,0.00
Eritrea,ERI,20200301,0.00,,0.00,,0.00,,0.00,,0.00,,0.00,,0.00,,0.00,0.00,,0.00,0.00,0.00,0.00,,0.00,0.00,0.00,0.00,,,,0.00,0.00,0.00,0.00,0.00,0.00,0.00,0.00,0.00,0.00
Eritrea,ERI,20200302,0.00,,0.00,,0.00,,0.00,,0.00,,0.00,,0.00,,0.00,0.00,,0.00,0.00,0.00,0.00,,0.00,0.00,0.00,0.00,,,,0.00,0.00,0.00,0.00,0.00,0.00,0.00,0.00,0.00,0.00
Eritrea,ERI,20200303,0.00,,0.00,,0.00,,0.00,,0.00,,0.00,,0.00,,0.00,0.00,,0.00,0.00,0.00,0.00,,0.00,0.00,0.00,0.00,,,,0.00,0.00,0.00,0.00,0.00,0.00,0.00,0.00,0.00,0.00
Eritrea,ERI,20200304,0.00,,0.00,,0.00,,0.00,,0.00,,0.00,,0.00,,0.00,0.00,,0.00,0.00,0.00,0.00,,0.00,0.00,0.00,0.00,,,,0.00,0.00,0.00,0.00,0.00,0.00,0.00,0.00,0.00,0.00
Eritrea,ERI,20200305,0.00,,0.00,,0.00,,0.00,,0.00,,0.00,,0.00,,0.00,0.00,,0.00,0.00,0.00,0.00,,0.00,0.00,0.00,0.00,,,,0.00,0.00,0.00,0.00,0.00,0.00,0.00,0.00,0.00,0.00
Eritrea,ERI,20200306,0.00,,0.00,,0.00,,0.00,,0.00,,0.00,,0.00,,0.00,0.00,,0.00,0.00,0.00,0.00,,0.00,0.00,0.00,0.00,,,,0.00,0.00,0.00,0.00,0.00,0.00,0.00,0.00,0.00,0.00
Eritrea,ERI,20200307,0.00,,0.00,,0.00,,0.00,,0.00,,0.00,,0.00,,0.00,0.00,,0.00,0.00,0.00,0.00,,0.00,0.00,0.00,0.00,,,,0.00,0.00,0.00,0.00,0.00,0.00,0.00,0.00,0.00,0.00
Eritrea,ERI,20200308,0.00,,0.00,,0.00,,0.00,,0.00,,0.00,,0.00,,0.00,0.00,,0.00,0.00,0.00,0.00,,0.00,0.00,0.00,0.00,,,,0.00,0.00,0.00,0.00,0.00,0.00,0.00,0.00,0.00,0.00
Eritrea,ERI,20200309,0.00,,0.00,,0.00,,0.00,,0.00,,0.00,,0.00,,0.00,0.00,,0.00,0.00,0.00,0.00,,0.00,0.00,0.00,0.00,,,,0.00,0.00,0.00,0.00,0.00,0.00,0.00,0.00,0.00,0.00
Eritrea,ERI,20200310,0.00,,0.00,,0.00,,0.00,,0.00,,0.00,,0.00,,0.00,0.00,,0.00,0.00,0.00,0.00,,0.00,0.00,0.00,0.00,,,,0.00,0.00,0.00,0.00,0.00,0.00,0.00,0.00,0.00,0.00
Eritrea,ERI,20200311,0.00,,0.00,,0.00,,0.00,,0.00,,0.00,,0.00,,2.00,0.00,,0.00,0.00,0.00,1.00,1,0.00,0.00,0.00,0.00,,,,11.11,11.11,16.67,16.67,7.69,7.69,9.09,9.09,0.00,0.00
Eritrea,ERI,20200312,0.00,,0.00,,0.00,,0.00,,0.00,,0.00,,0.00,,2.00,0.00,,0.00,0.00,0.00,1.00,1,0.00,0.00,0.00,0.00,,,,11.11,11.11,16.67,16.67,7.69,7.69,9.09,9.09,0.00,0.00
Eritrea,ERI,20200313,0.00,,0.00,,0.00,,0.00,,0.00,,0.00,,0.00,,2.00,0.00,,0.00,0.00,0.00,1.00,1,0.00,0.00,0.00,0.00,,,,11.11,11.11,16.67,16.67,7.69,7.69,9.09,9.09,0.00,0.00
Eritrea,ERI,20200314,0.00,,0.00,,0.00,,0.00,,0.00,,0.00,,0.00,,2.00,0.00,,0.00,0.00,0.00,1.00,1,0.00,0.00,0.00,0.00,,,,11.11,11.11,16.67,16.67,7.69,7.69,9.09,9.09,0.00,0.00
Eritrea,ERI,20200315,0.00,,0.00,,0.00,,0.00,,0.00,,0.00,,0.00,,2.00,0.00,,0.00,0.00,0.00,1.00,1,0.00,0.00,0.00,0.00,,,,11.11,11.11,16.67,16.67,7.69,7.69,9.09,9.09,0.00,0.00
Eritrea,ERI,20200316,0.00,,0.00,,0.00,,0.00,,0.00,,0.00,,1.00,1,2.00,0.00,,0.00,0.00,0.00,2.00,1,0.00,0.00,0.00,0.00,,,,22.22,22.22,30.95,30.95,15.38,15.38,18.18,18.18,0.00,0.00
Eritrea,ERI,20200317,0.00,,0.00,,0.00,,0.00,,0.00,,0.00,,1.00,1,2.00,0.00,,0.00,0.00,0.00,2.00,1,0.00,0.00,0.00,0.00,,,,22.22,22.22,30.95,30.95,15.38,15.38,18.18,18.18,0.00,0.00
Eritrea,ERI,20200318,0.00,,0.00,,0.00,,0.00,,0.00,,0.00,,1.00,1,2.00,0.00,,0.00,0.00,0.00,2.00,1,0.00,0.00,0.00,0.00,,,,22.22,22.22,30.95,30.95,15.38,15.38,18.18,18.18,0.00,0.00
Eritrea,ERI,20200319,0.00,,0.00,,0.00,,0.00,,0.00,,0.00,,1.00,1,2.00,0.00,,0.00,0.00,0.00,2.00,1,0.00,0.00,0.00,0.00,,,,22.22,22.22,30.95,30.95,15.38,15.38,18.18,18.18,0.00,0.00
Eritrea,ERI,20200320,0.00,,0.00,,0.00,,0.00,,0.00,,0.00,,1.00,1,2.00,0.00,,0.00,0.00,0.00,2.00,1,0.00,0.00,0.00,0.00,,,,22.22,22.22,30.95,30.95,15.38,15.38,18.18,18.18,0.00,0.00
Eritrea,ERI,20200321,0.00,,0.00,,0.00,,0.00,,0.00,,0.00,,1.00,1,2.00,0.00,,0.00,0.00,0.00,2.00,1,0.00,0.00,0.00,0.00,,,,22.22,22.22,30.95,30.95,15.38,15.38,18.18,18.18,0.00,0.00
Eritrea,ERI,20200322,0.00,,0.00,,0.00,,0.00,,0.00,,0.00,,1.00,1,2.00,0.00,,0.00,0.00,0.00,2.00,1,0.00,0.00,0.00,0.00,,1,0,22.22,22.22,30.95,30.95,15.38,15.38,18.18,18.18,0.00,0.00
Eritrea,ERI,20200323,0.00,,0.00,,2.00,1,4.00,1,1.00,1,1.00,1,1.00,1,2.00,0.00,,0.00,0.00,0.00,2.00,1,1.00,1.00,0.00,0.00,,1,0,53.70,53.70,54.76,54.76,43.59,43.59,51.52,51.52,0.00,0.00
Eritrea,ERI,20200324,0.00,,0.00,,2.00,1,4.00,1,1.00,1,1.00,1,1.00,1,2.00,0.00,,0.00,0.00,0.00,2.00,1,1.00,1.00,0.00,0.00,,1,0,53.70,53.70,54.76,54.76,43.59,43.59,51.52,51.52,0.00,0.00
Eritrea,ERI,20200325,0.00,,0.00,,2.00,1,4.00,1,1.00,1,1.00,1,1.00,1,3.00,0.00,,0.00,0.00,0.00,2.00,1,1.00,1.00,0.00,0.00,,1,0,56.48,56.48,58.33,58.33,45.51,45.51,53.79,53.79,0.00,0.00
Eritrea,ERI,20200326,0.00,,0.00,,2.00,1,4.00,1,1.00,1,1.00,1,1.00,1,3.00,0.00,,0.00,0.00,0.00,2.00,1,1.00,1.00,0.00,0.00,,4,0,56.48,56.48,58.33,58.33,45.51,45.51,53.79,53.79,0.00,0.00
Eritrea,ERI,20200327,3.00,1,0.00,,2.00,1,4.00,1,2.00,1,1.00,1,1.00,1,3.00,0.00,,0.00,0.00,0.00,2.00,1,1.00,1.00,0.00,0.00,,6,0,73.15,73.15,77.38,77.38,57.05,57.05,67.42,67.42,0.00,0.00
Eritrea,ERI,20200328,3.00,1,0.00,,2.00,1,4.00,1,2.00,1,1.00,1,1.00,1,3.00,0.00,,0.00,0.00,0.00,2.00,1,1.00,1.00,0.00,0.00,,6,0,73.15,73.15,77.38,77.38,57.05,57.05,67.42,67.42,0.00,0.00
Eritrea,ERI,20200329,3.00,1,0.00,,2.00,1,4.00,1,2.00,1,1.00,1,1.00,1,3.00,0.00,,0.00,0.00,0.00,2.00,1,1.00,1.00,0.00,0.00,,6,0,73.15,73.15,77.38,77.38,57.05,57.05,67.42,67.42,0.00,0.00
Eritrea,ERI,20200330,3.00,1,0.00,,2.00,1,4.00,1,2.00,1,1.00,1,1.00,1,3.00,0.00,,0.00,0.00,0.00,2.00,1,1.00,1.00,0.00,0.00,,12,0,73.15,73.15,77.38,77.38,57.05,57.05,67.42,67.42,0.00,0.00
Eritrea,ERI,20200331,3.00,1,2.00,1,2.00,1,4.00,1,2.00,1,1.00,1,1.00,1,3.00,0.00,,1.00,0.00,0.00,2.00,1,1.00,1.00,0.00,0.00,,12,0,80.56,80.56,88.10,88.10,66.03,66.03,73.48,73.48,25.00,25.00
Eritrea,ERI,20200401,3.00,1,3.00,1,2.00,1,4.00,1,2.00,1,2.00,1,2.00,1,3.00,0.00,,1.00,0.00,0.00,2.00,1,1.00,1.00,0.00,0.00,,15,0,93.52,93.52,96.43,96.43,75.00,75.00,84.09,84.09,25.00,25.00
Eritrea,ERI,20200402,3.00,1,3.00,1,2.00,1,4.00,1,2.00,1,2.00,1,2.00,1,3.00,0.00,,1.00,0.00,0.00,2.00,1,1.00,1.00,0.00,0.00,,18,0,93.52,93.52,96.43,96.43,75.00,75.00,84.09,84.09,25.00,25.00
Eritrea,ERI,20200403,3.00,1,3.00,1,2.00,1,4.00,1,2.00,1,2.00,1,2.00,1,3.00,0.00,,1.00,4160.00,0.00,2.00,1,1.00,1.00,0.00,0.00,,22,0,93.52,93.52,96.43,96.43,75.00,75.00,84.09,84.09,25.00,25.00
Eritrea,ERI,20200404,3.00,1,3.00,1,2.00,1,4.00,1,2.00,1,2.00,1,2.00,1,3.00,0.00,,1.00,0.00,0.00,2.00,1,1.00,1.00,0.00,0.00,,22,0,93.52,93.52,96.43,96.43,75.00,75.00,84.09,84.09,25.00,25.00
Eritrea,ERI,20200405,3.00,1,3.00,1,2.00,1,4.00,1,2.00,1,2.00,1,2.00,1,3.00,0.00,,1.00,0.00,0.00,2.00,1,1.00,1.00,0.00,0.00,,29,0,93.52,93.52,96.43,96.43,75.00,75.00,84.09,84.09,25.00,25.00
Eritrea,ERI,20200406,3.00,1,3.00,1,2.00,1,4.00,1,2.00,1,2.00,1,2.00,1,3.00,0.00,,1.00,0.00,0.00,2.00,1,1.00,1.00,0.00,0.00,,29,0,93.52,93.52,96.43,96.43,75.00,75.00,84.09,84.09,25.00,25.00
Eritrea,ERI,20200407,3.00,1,3.00,1,2.00,1,4.00,1,2.00,1,2.00,1,2.00,1,3.00,0.00,,1.00,484000.00,0.00,2.00,1,1.00,1.00,0.00,0.00,,31,0,93.52,93.52,96.43,96.43,75.00,75.00,84.09,84.09,25.00,25.00
Eritrea,ERI,20200408,3.00,1,3.00,1,2.00,1,4.00,1,2.00,1,2.00,1,2.00,1,3.00,0.00,,1.00,0.00,0.00,2.00,1,1.00,1.00,0.00,0.00,,31,0,93.52,93.52,96.43,96.43,75.00,75.00,84.09,84.09,25.00,25.00
Eritrea,ERI,20200409,3.00,1,3.00,1,2.00,1,4.00,1,2.00,1,2.00,1,2.00,1,3.00,0.00,,1.00,0.00,0.00,2.00,1,1.00,1.00,0.00,0.00,,33,0,93.52,93.52,96.43,96.43,75.00,75.00,84.09,84.09,25.00,25.00
Eritrea,ERI,20200410,3.00,1,3.00,1,2.00,1,4.00,1,2.00,1,2.00,1,2.00,1,3.00,0.00,,1.00,0.00,0.00,2.00,1,1.00,1.00,0.00,0.00,,33,0,93.52,93.52,96.43,96.43,75.00,75.00,84.09,84.09,25.00,25.00
Eritrea,ERI,20200411,3.00,1,3.00,1,2.00,1,4.00,1,2.00,1,2.00,1,2.00,1,3.00,0.00,,1.00,0.00,0.00,2.00,1,1.00,1.00,0.00,0.00,,34,0,93.52,93.52,96.43,96.43,75.00,75.00,84.09,84.09,25.00,25.00
Eritrea,ERI,20200412,3.00,1,3.00,1,2.00,1,4.00,1,2.00,1,2.00,1,2.00,1,3.00,0.00,,1.00,0.00,0.00,2.00,1,1.00,1.00,0.00,0.00,,34,0,93.52,93.52,96.43,96.43,75.00,75.00,84.09,84.09,25.00,25.00
Eritrea,ERI,20200413,3.00,1,3.00,1,2.00,1,4.00,1,2.00,1,2.00,1,2.00,1,3.00,0.00,,1.00,0.00,0.00,2.00,1,1.00,1.00,0.00,0.00,,34,0,93.52,93.52,96.43,96.43,75.00,75.00,84.09,84.09,25.00,25.00
Eritrea,ERI,20200414,3.00,1,3.00,1,2.00,1,4.00,1,2.00,1,2.00,1,2.00,1,3.00,0.00,,1.00,0.00,0.00,2.00,1,1.00,1.00,0.00,0.00,,34,0,93.52,93.52,96.43,96.43,75.00,75.00,84.09,84.09,25.00,25.00
Eritrea,ERI,20200415,3.00,1,3.00,1,2.00,1,4.00,1,2.00,1,2.00,1,2.00,1,3.00,0.00,,1.00,0.00,0.00,2.00,1,1.00,1.00,0.00,0.00,,35,0,93.52,93.52,96.43,96.43,75.00,75.00,84.09,84.09,25.00,25.00
Eritrea,ERI,20200416,3.00,1,3.00,1,2.00,1,4.00,1,2.00,1,2.00,1,2.00,1,3.00,0.00,,1.00,0.00,0.00,2.00,1,1.00,1.00,0.00,0.00,,35,0,93.52,93.52,96.43,96.43,75.00,75.00,84.09,84.09,25.00,25.00
Eritrea,ERI,20200417,3.00,1,3.00,1,2.00,1,4.00,1,2.00,1,2.00,1,2.00,1,3.00,0.00,,1.00,0.00,0.00,2.00,1,1.00,1.00,0.00,0.00,,35,0,93.52,93.52,96.43,96.43,75.00,75.00,84.09,84.09,25.00,25.00
Eritrea,ERI,20200418,3.00,1,3.00,1,2.00,1,4.00,1,2.00,1,2.00,1,2.00,1,3.00,0.00,,1.00,0.00,0.00,2.00,1,1.00,1.00,0.00,0.00,,35,0,93.52,93.52,96.43,96.43,75.00,75.00,84.09,84.09,25.00,25.00
Eritrea,ERI,20200419,3.00,1,3.00,1,2.00,1,4.00,1,2.00,1,2.00,1,2.00,1,3.00,0.00,,1.00,0.00,0.00,2.00,1,1.00,1.00,0.00,0.00,,35,0,93.52,93.52,96.43,96.43,75.00,75.00,84.09,84.09,25.00,25.00
Eritrea,ERI,20200420,3.00,1,3.00,1,2.00,1,4.00,1,2.00,1,2.00,1,2.00,1,3.00,0.00,,1.00,0.00,0.00,2.00,1,1.00,1.00,0.00,0.00,,39,0,93.52,93.52,96.43,96.43,75.00,75.00,84.09,84.09,25.00,25.00
Eritrea,ERI,20200421,3.00,1,3.00,1,2.00,1,4.00,1,2.00,1,2.00,1,2.00,1,3.00,0.00,,1.00,0.00,0.00,2.00,1,1.00,1.00,0.00,0.00,,39,0,93.52,93.52,96.43,96.43,75.00,75.00,84.09,84.09,25.00,25.00
Eritrea,ERI,20200422,3.00,1,3.00,1,2.00,1,4.00,1,2.00,1,2.00,1,2.00,1,3.00,0.00,,1.00,0.00,0.00,2.00,1,1.00,1.00,0.00,0.00,,39,0,93.52,93.52,96.43,96.43,75.00,75.00,84.09,84.09,25.00,25.00
Eritrea,ERI,20200423,3.00,1,3.00,1,2.00,1,4.00,1,2.00,1,2.00,1,2.00,1,3.00,0.00,,1.00,0.00,0.00,2.00,1,1.00,1.00,0.00,0.00,,39,0,93.52,93.52,96.43,96.43,75.00,75.00,84.09,84.09,25.00,25.00
Eritrea,ERI,20200424,3.00,1,3.00,1,2.00,1,4.00,1,2.00,1,2.00,1,2.00,1,3.00,0.00,,1.00,0.00,0.00,2.00,1,1.00,1.00,0.00,0.00,,39,0,93.52,93.52,96.43,96.43,75.00,75.00,84.09,84.09,25.00,25.00
Eritrea,ERI,20200425,3.00,1,3.00,1,2.00,1,4.00,1,2.00,1,2.00,1,2.00,1,3.00,0.00,,1.00,0.00,0.00,2.00,1,1.00,1.00,0.00,0.00,,39,0,93.52,93.52,96.43,96.43,75.00,75.00,84.09,84.09,25.00,25.00
Eritrea,ERI,20200426,3.00,1,3.00,1,2.00,1,4.00,1,2.00,1,2.00,1,2.00,1,3.00,0.00,,1.00,0.00,0.00,2.00,1,1.00,1.00,0.00,0.00,,39,0,93.52,93.52,96.43,96.43,75.00,75.00,84.09,84.09,25.00,25.00
Eritrea,ERI,20200427,3.00,1,3.00,1,2.00,1,4.00,1,2.00,1,2.00,1,2.00,1,3.00,0.00,,1.00,0.00,0.00,2.00,1,1.00,1.00,0.00,0.00,,39,0,93.52,93.52,96.43,96.43,75.00,75.00,84.09,84.09,25.00,25.00
Eritrea,ERI,20200428,3.00,1,3.00,1,2.00,1,4.00,1,2.00,1,2.00,1,2.00,1,3.00,0.00,,1.00,0.00,0.00,2.00,1,1.00,1.00,0.00,0.00,,39,0,93.52,93.52,96.43,96.43,75.00,75.00,84.09,84.09,25.00,25.00
Eritrea,ERI,20200429,3.00,1,3.00,1,2.00,1,4.00,1,2.00,1,2.00,1,2.00,1,3.00,0.00,,1.00,,0.00,2.00,1,1.00,1.00,0.00,0.00,,39,0,93.52,93.52,96.43,96.43,75.00,75.00,84.09,84.09,25.00,25.00
Eritrea,ERI,20200430,3.00,1,3.00,1,2.00,1,4.00,1,2.00,1,2.00,1,2.00,1,3.00,0.00,,1.00,3466.00,0.00,2.00,1,1.00,1.00,0.00,0.00,,39,0,93.52,93.52,96.43,96.43,75.00,75.00,84.09,84.09,25.00,25.00
Eritrea,ERI,20200501,3.00,1,3.00,1,2.00,1,4.00,1,2.00,1,2.00,1,2.00,1,3.00,0.00,,1.00,,0.00,2.00,1,1.00,1.00,0.00,0.00,,39,0,93.52,93.52,96.43,96.43,75.00,75.00,84.09,84.09,25.00,25.00
Eritrea,ERI,20200502,3.00,1,3.00,1,2.00,1,4.00,1,2.00,1,2.00,1,2.00,1,3.00,0.00,,1.00,0.00,0.00,2.00,1,1.00,1.00,0.00,0.00,,39,0,93.52,93.52,96.43,96.43,75.00,75.00,84.09,84.09,25.00,25.00
Eritrea,ERI,20200503,3.00,1,3.00,1,2.00,1,4.00,1,2.00,1,2.00,1,2.00,1,3.00,0.00,,1.00,0.00,0.00,2.00,1,1.00,1.00,0.00,0.00,,39,0,93.52,93.52,96.43,96.43,75.00,75.00,84.09,84.09,25.00,25.00
Eritrea,ERI,20200504,3.00,1,3.00,1,2.00,1,4.00,1,2.00,1,2.00,1,2.00,1,3.00,0.00,,1.00,0.00,0.00,2.00,1,1.00,1.00,0.00,0.00,,39,0,93.52,93.52,96.43,96.43,75.00,75.00,84.09,84.09,25.00,25.00
Eritrea,ERI,20200505,3.00,1,3.00,1,2.00,1,4.00,1,2.00,1,2.00,1,2.00,1,3.00,0.00,,1.00,0.00,0.00,2.00,1,1.00,1.00,0.00,0.00,,39,0,93.52,93.52,96.43,96.43,75.00,75.00,84.09,84.09,25.00,25.00
Eritrea,ERI,20200506,3.00,1,3.00,1,2.00,1,4.00,1,2.00,1,2.00,1,2.00,1,3.00,0.00,,1.00,0.00,0.00,2.00,1,1.00,1.00,0.00,0.00,,39,0,93.52,93.52,96.43,96.43,75.00,75.00,84.09,84.09,25.00,25.00
Eritrea,ERI,20200507,3.00,1,3.00,1,2.00,1,4.00,1,2.00,1,2.00,1,2.00,1,3.00,0.00,,1.00,0.00,0.00,2.00,1,1.00,1.00,0.00,0.00,,39,0,93.52,93.52,96.43,96.43,75.00,75.00,84.09,84.09,25.00,25.00
Eritrea,ERI,20200508,3.00,1,3.00,1,2.00,1,4.00,1,2.00,1,2.00,1,2.00,1,3.00,0.00,,1.00,0.00,0.00,2.00,1,1.00,1.00,0.00,0.00,,39,0,93.52,93.52,96.43,96.43,75.00,75.00,84.09,84.09,25.00,25.00
Eritrea,ERI,20200509,3.00,1,3.00,1,2.00,1,4.00,1,2.00,1,2.00,1,2.00,1,3.00,0.00,,1.00,0.00,0.00,2.00,1,1.00,1.00,0.00,0.00,,39,0,93.52,93.52,96.43,96.43,75.00,75.00,84.09,84.09,25.00,25.00
Eritrea,ERI,20200510,3.00,1,3.00,1,2.00,1,4.00,1,2.00,1,2.00,1,2.00,1,3.00,0.00,,1.00,0.00,0.00,2.00,1,1.00,1.00,0.00,0.00,,39,0,93.52,93.52,96.43,96.43,75.00,75.00,84.09,84.09,25.00,25.00
Eritrea,ERI,20200511,3.00,1,3.00,1,2.00,1,4.00,1,2.00,1,2.00,1,2.00,1,3.00,0.00,,1.00,0.00,0.00,2.00,1,1.00,1.00,0.00,0.00,,39,0,93.52,93.52,96.43,96.43,75.00,75.00,84.09,84.09,25.00,25.00
Eritrea,ERI,20200512,3.00,1,3.00,1,2.00,1,4.00,1,2.00,1,2.00,1,2.00,1,3.00,0.00,,1.00,0.00,0.00,2.00,1,1.00,1.00,0.00,0.00,,39,0,93.52,93.52,96.43,96.43,75.00,75.00,84.09,84.09,25.00,25.00
Eritrea,ERI,20200513,3.00,1,3.00,1,2.00,1,4.00,1,2.00,1,2.00,1,2.00,1,3.00,0.00,,1.00,0.00,0.00,2.00,1,1.00,1.00,0.00,0.00,,39,0,93.52,93.52,96.43,96.43,75.00,75.00,84.09,84.09,25.00,25.00
Eritrea,ERI,20200514,3.00,1,3.00,1,2.00,1,4.00,1,2.00,1,2.00,1,2.00,1,3.00,0.00,,1.00,0.00,0.00,2.00,1,1.00,1.00,0.00,0.00,,39,0,93.52,93.52,96.43,96.43,75.00,75.00,84.09,84.09,25.00,25.00
Eritrea,ERI,20200515,3.00,1,3.00,1,2.00,1,4.00,1,2.00,1,2.00,1,2.00,1,3.00,0.00,,1.00,0.00,0.00,2.00,1,1.00,1.00,0.00,0.00,,39,0,93.52,93.52,96.43,96.43,75.00,75.00,84.09,84.09,25.00,25.00
Eritrea,ERI,20200516,3.00,1,3.00,1,2.00,1,4.00,1,2.00,1,2.00,1,2.00,1,3.00,0.00,,1.00,0.00,0.00,2.00,1,1.00,1.00,0.00,0.00,,39,0,93.52,93.52,96.43,96.43,75.00,75.00,84.09,84.09,25.00,25.00
Eritrea,ERI,20200517,3.00,1,3.00,1,2.00,1,4.00,1,2.00,1,2.00,1,2.00,1,3.00,0.00,,1.00,0.00,0.00,2.00,1,1.00,1.00,0.00,0.00,,39,0,93.52,93.52,96.43,96.43,75.00,75.00,84.09,84.09,25.00,25.00
Eritrea,ERI,20200518,3.00,1,3.00,1,2.00,1,4.00,1,2.00,1,2.00,1,2.00,1,3.00,0.00,,1.00,0.00,0.00,2.00,1,1.00,1.00,0.00,0.00,,39,0,93.52,93.52,96.43,96.43,75.00,75.00,84.09,84.09,25.00,25.00
Eritrea,ERI,20200519,3.00,1,3.00,1,2.00,1,4.00,1,2.00,1,2.00,1,2.00,1,3.00,0.00,,1.00,37361.00,0.00,2.00,1,1.00,1.00,0.00,0.00,,39,0,93.52,93.52,96.43,96.43,75.00,75.00,84.09,84.09,25.00,25.00
Eritrea,ERI,20200520,3.00,1,3.00,1,2.00,1,4.00,1,2.00,1,2.00,1,2.00,1,3.00,0.00,,1.00,,0.00,2.00,1,1.00,1.00,0.00,0.00,,39,0,93.52,93.52,96.43,96.43,75.00,75.00,84.09,84.09,25.00,25.00
Eritrea,ERI,20200521,3.00,1,3.00,1,2.00,1,4.00,1,2.00,1,2.00,1,2.00,1,3.00,0.00,,1.00,11998.53,0.00,2.00,1,1.00,1.00,0.00,0.00,,39,0,93.52,93.52,96.43,96.43,75.00,75.00,84.09,84.09,25.00,25.00
Eritrea,ERI,20200522,3.00,1,3.00,1,2.00,1,4.00,1,2.00,1,2.00,1,2.00,1,3.00,0.00,,1.00,0.00,0.00,2.00,1,1.00,1.00,0.00,0.00,,39,0,93.52,93.52,96.43,96.43,75.00,75.00,84.09,84.09,25.00,25.00
Eritrea,ERI,20200523,3.00,1,3.00,1,2.00,1,4.00,1,2.00,1,2.00,1,2.00,1,3.00,0.00,,1.00,0.00,0.00,2.00,1,1.00,1.00,0.00,0.00,,39,0,93.52,93.52,96.43,96.43,75.00,75.00,84.09,84.09,25.00,25.00
Eritrea,ERI,20200524,3.00,1,3.00,1,2.00,1,4.00,1,2.00,1,2.00,1,2.00,1,3.00,0.00,,1.00,0.00,0.00,2.00,1,1.00,1.00,0.00,0.00,,39,0,93.52,93.52,96.43,96.43,75.00,75.00,84.09,84.09,25.00,25.00
Eritrea,ERI,20200525,3.00,1,3.00,1,2.00,1,4.00,1,2.00,1,2.00,1,2.00,1,3.00,0.00,,1.00,0.00,0.00,2.00,1,1.00,1.00,0.00,0.00,,39,0,93.52,93.52,96.43,96.43,75.00,75.00,84.09,84.09,25.00,25.00
Eritrea,ERI,20200526,3.00,1,3.00,1,2.00,1,4.00,1,2.00,1,2.00,1,2.00,1,3.00,0.00,,1.00,0.00,0.00,2.00,1,1.00,1.00,0.00,0.00,,39,0,93.52,93.52,96.43,96.43,75.00,75.00,84.09,84.09,25.00,25.00
Eritrea,ERI,20200527,3.00,1,3.00,1,2.00,1,4.00,1,2.00,1,2.00,1,2.00,1,3.00,0.00,,1.00,0.00,0.00,2.00,1,1.00,1.00,0.00,0.00,,39,0,93.52,93.52,96.43,96.43,75.00,75.00,84.09,84.09,25.00,25.00
Eritrea,ERI,20200528,3.00,1,3.00,1,2.00,1,4.00,1,2.00,1,2.00,1,2.00,1,3.00,0.00,,1.00,0.00,0.00,2.00,1,1.00,1.00,0.00,0.00,,39,0,93.52,93.52,96.43,96.43,75.00,75.00,84.09,84.09,25.00,25.00
Eritrea,ERI,20200529,3.00,1,3.00,1,2.00,1,4.00,1,2.00,1,2.00,1,2.00,1,3.00,0.00,,1.00,0.00,0.00,2.00,1,1.00,1.00,0.00,0.00,,39,0,93.52,93.52,96.43,96.43,75.00,75.00,84.09,84.09,25.00,25.00
Eritrea,ERI,20200530,3.00,1,3.00,1,2.00,1,4.00,1,2.00,1,2.00,1,2.00,1,3.00,0.00,,1.00,0.00,0.00,2.00,1,1.00,1.00,0.00,0.00,,39,0,93.52,93.52,96.43,96.43,75.00,75.00,84.09,84.09,25.00,25.00
Eritrea,ERI,20200531,3.00,1,3.00,1,2.00,1,4.00,1,2.00,1,2.00,1,2.00,1,3.00,0.00,,1.00,0.00,0.00,2.00,1,1.00,1.00,0.00,0.00,,39,0,93.52,93.52,96.43,96.43,75.00,75.00,84.09,84.09,25.00,25.00
Eritrea,ERI,20200601,3.00,1,3.00,1,2.00,1,4.00,1,2.00,1,2.00,1,2.00,1,3.00,0.00,,1.00,0.00,0.00,2.00,1,1.00,1.00,0.00,0.00,,39,0,93.52,93.52,96.43,96.43,75.00,75.00,84.09,84.09,25.00,25.00
Eritrea,ERI,20200602,3.00,1,3.00,1,2.00,1,4.00,1,2.00,1,2.00,1,2.00,1,3.00,0.00,,1.00,0.00,0.00,2.00,1,1.00,1.00,0.00,0.00,,39,0,93.52,93.52,96.43,96.43,75.00,75.00,84.09,84.09,25.00,25.00
Eritrea,ERI,20200603,3.00,1,3.00,1,2.00,1,4.00,1,2.00,1,2.00,1,2.00,1,3.00,0.00,,1.00,0.00,0.00,2.00,1,1.00,1.00,0.00,0.00,,39,0,93.52,93.52,96.43,96.43,75.00,75.00,84.09,84.09,25.00,25.00
Eritrea,ERI,20200604,3.00,1,3.00,1,2.00,1,4.00,1,2.00,1,2.00,1,2.00,1,3.00,0.00,,1.00,0.00,0.00,2.00,1,1.00,1.00,0.00,0.00,,40,0,93.52,93.52,96.43,96.43,75.00,75.00,84.09,84.09,25.00,25.00
Eritrea,ERI,20200605,3.00,1,3.00,1,2.00,1,4.00,1,2.00,1,2.00,1,2.00,1,3.00,0.00,,1.00,0.00,0.00,2.00,1,1.00,1.00,0.00,0.00,,41,0,93.52,93.52,96.43,96.43,75.00,75.00,84.09,84.09,25.00,25.00
Eritrea,ERI,20200606,3.00,1,3.00,1,2.00,1,4.00,1,2.00,1,2.00,1,2.00,1,3.00,0.00,,1.00,0.00,0.00,2.00,1,1.00,1.00,0.00,0.00,,41,0,93.52,93.52,96.43,96.43,75.00,75.00,84.09,84.09,25.00,25.00
Eritrea,ERI,20200607,3.00,1,3.00,1,2.00,1,4.00,1,2.00,1,2.00,1,2.00,1,3.00,0.00,,1.00,0.00,0.00,2.00,1,1.00,1.00,0.00,0.00,,41,0,93.52,93.52,96.43,96.43,75.00,75.00,84.09,84.09,25.00,25.00
Eritrea,ERI,20200608,3.00,1,3.00,1,2.00,1,4.00,1,2.00,1,2.00,1,2.00,1,3.00,0.00,,1.00,0.00,0.00,2.00,1,1.00,1.00,0.00,0.00,,41,0,93.52,93.52,96.43,96.43,75.00,75.00,84.09,84.09,25.00,25.00
Eritrea,ERI,20200609,3.00,1,3.00,1,2.00,1,4.00,1,2.00,1,2.00,1,2.00,1,3.00,0.00,,1.00,0.00,0.00,2.00,1,1.00,1.00,0.00,0.00,,41,0,93.52,93.52,96.43,96.43,75.00,75.00,84.09,84.09,25.00,25.00
Eritrea,ERI,20200610,3.00,1,3.00,1,2.00,1,4.00,1,2.00,1,2.00,1,2.00,1,3.00,0.00,,1.00,0.00,0.00,2.00,1,1.00,1.00,0.00,0.00,,41,0,93.52,93.52,96.43,96.43,75.00,75.00,84.09,84.09,25.00,25.00
Eritrea,ERI,20200611,3.00,1,3.00,1,2.00,1,4.00,1,2.00,1,2.00,1,2.00,1,3.00,0.00,,1.00,0.00,0.00,2.00,1,1.00,1.00,0.00,0.00,,41,0,93.52,93.52,96.43,96.43,75.00,75.00,84.09,84.09,25.00,25.00
Eritrea,ERI,20200612,3.00,1,3.00,1,2.00,1,4.00,1,2.00,1,2.00,1,2.00,1,3.00,0.00,,1.00,0.00,0.00,2.00,1,1.00,1.00,0.00,0.00,,41,0,93.52,93.52,96.43,96.43,75.00,75.00,84.09,84.09,25.00,25.00
Eritrea,ERI,20200613,3.00,1,3.00,1,2.00,1,4.00,1,2.00,1,2.00,1,2.00,1,3.00,0.00,,1.00,0.00,0.00,2.00,1,1.00,1.00,0.00,0.00,,41,0,93.52,93.52,96.43,96.43,75.00,75.00,84.09,84.09,25.00,25.00
Eritrea,ERI,20200614,3.00,1,3.00,1,2.00,1,4.00,1,2.00,1,2.00,1,2.00,1,3.00,0.00,,1.00,0.00,0.00,2.00,1,1.00,1.00,0.00,0.00,,65,0,93.52,93.52,96.43,96.43,75.00,75.00,84.09,84.09,25.00,25.00
Eritrea,ERI,20200615,3.00,1,3.00,1,2.00,1,4.00,1,2.00,1,2.00,1,2.00,1,3.00,0.00,,1.00,0.00,0.00,2.00,1,1.00,1.00,0.00,0.00,,96,0,93.52,93.52,96.43,96.43,75.00,75.00,84.09,84.09,25.00,25.00
Eritrea,ERI,20200616,3.00,1,3.00,1,2.00,1,4.00,1,2.00,1,2.00,1,2.00,1,3.00,0.00,,1.00,0.00,0.00,2.00,1,1.00,1.00,0.00,0.00,,109,0,93.52,93.52,96.43,96.43,75.00,75.00,84.09,84.09,25.00,25.00
Eritrea,ERI,20200617,3.00,1,3.00,1,2.00,1,4.00,1,2.00,1,2.00,1,2.00,1,3.00,0.00,,1.00,0.00,0.00,2.00,1,1.00,1.00,0.00,0.00,,121,0,93.52,93.52,96.43,96.43,75.00,75.00,84.09,84.09,25.00,25.00
Eritrea,ERI,20200618,3.00,1,3.00,1,2.00,1,4.00,1,2.00,1,2.00,1,2.00,1,3.00,0.00,,1.00,0.00,0.00,2.00,1,1.00,1.00,0.00,0.00,,131,0,93.52,93.52,96.43,96.43,75.00,75.00,84.09,84.09,25.00,25.00
Eritrea,ERI,20200619,3.00,1,3.00,1,2.00,1,4.00,1,2.00,1,2.00,1,2.00,1,3.00,0.00,,1.00,0.00,0.00,2.00,1,1.00,1.00,0.00,0.00,,142,0,93.52,93.52,96.43,96.43,75.00,75.00,84.09,84.09,25.00,25.00
Eritrea,ERI,20200620,,,,,,,,,,,,,,,,,,,,,,,,,,,,142,0,,93.52,,96.43,,75.00,,84.09,,25.00
Eritrea,ERI,20200621,,,,,,,,,,,,,,,,,,,,,,,,,,,,143,0,,93.52,,96.43,,75.00,,84.09,,25.00
Eritrea,ERI,20200622,,,,,,,,,,,,,,,,,,,,,,,,,,,,143,0,,93.52,,96.43,,75.00,,84.09,,25.00
Eritrea,ERI,20200623,,,,,,,,,,,,,,,,,,,,,,,,,,,,143,0,,93.52,,96.43,,75.00,,84.09,,25.00
