Ethiopia,ETH,20200101,0.00,,0.00,,0.00,,0.00,,0.00,,0.00,,0.00,,0.00,0.00,,0.00,0.00,0.00,0.00,,0.00,0.00,0.00,0.00,,,,0.00,0.00,0.00,0.00,0.00,0.00,0.00,0.00,0.00,0.00
Ethiopia,ETH,20200102,0.00,,0.00,,0.00,,0.00,,0.00,,0.00,,0.00,,0.00,0.00,,0.00,0.00,0.00,0.00,,0.00,0.00,0.00,0.00,,,,0.00,0.00,0.00,0.00,0.00,0.00,0.00,0.00,0.00,0.00
Ethiopia,ETH,20200103,0.00,,0.00,,0.00,,0.00,,0.00,,0.00,,0.00,,0.00,0.00,,0.00,0.00,0.00,0.00,,0.00,0.00,0.00,0.00,,,,0.00,0.00,0.00,0.00,0.00,0.00,0.00,0.00,0.00,0.00
Ethiopia,ETH,20200104,0.00,,0.00,,0.00,,0.00,,0.00,,0.00,,0.00,,0.00,0.00,,0.00,0.00,0.00,0.00,,0.00,0.00,0.00,0.00,,,,0.00,0.00,0.00,0.00,0.00,0.00,0.00,0.00,0.00,0.00
Ethiopia,ETH,20200105,0.00,,0.00,,0.00,,0.00,,0.00,,0.00,,0.00,,0.00,0.00,,0.00,0.00,0.00,0.00,,0.00,0.00,0.00,0.00,,,,0.00,0.00,0.00,0.00,0.00,0.00,0.00,0.00,0.00,0.00
Ethiopia,ETH,20200106,0.00,,0.00,,0.00,,0.00,,0.00,,0.00,,0.00,,0.00,0.00,,0.00,0.00,0.00,0.00,,0.00,0.00,0.00,0.00,,,,0.00,0.00,0.00,0.00,0.00,0.00,0.00,0.00,0.00,0.00
Ethiopia,ETH,20200107,0.00,,0.00,,0.00,,0.00,,0.00,,0.00,,0.00,,0.00,0.00,,0.00,0.00,0.00,0.00,,0.00,0.00,0.00,0.00,,,,0.00,0.00,0.00,0.00,0.00,0.00,0.00,0.00,0.00,0.00
Ethiopia,ETH,20200108,0.00,,0.00,,0.00,,0.00,,0.00,,0.00,,0.00,,0.00,0.00,,0.00,0.00,0.00,0.00,,0.00,0.00,0.00,0.00,,,,0.00,0.00,0.00,0.00,0.00,0.00,0.00,0.00,0.00,0.00
Ethiopia,ETH,20200109,0.00,,0.00,,0.00,,0.00,,0.00,,0.00,,0.00,,0.00,0.00,,0.00,0.00,0.00,0.00,,0.00,0.00,0.00,0.00,,,,0.00,0.00,0.00,0.00,0.00,0.00,0.00,0.00,0.00,0.00
Ethiopia,ETH,20200110,0.00,,0.00,,0.00,,0.00,,0.00,,0.00,,0.00,,0.00,0.00,,0.00,0.00,0.00,0.00,,0.00,0.00,0.00,0.00,,,,0.00,0.00,0.00,0.00,0.00,0.00,0.00,0.00,0.00,0.00
Ethiopia,ETH,20200111,0.00,,0.00,,0.00,,0.00,,0.00,,0.00,,0.00,,0.00,0.00,,0.00,0.00,0.00,0.00,,0.00,0.00,0.00,0.00,,,,0.00,0.00,0.00,0.00,0.00,0.00,0.00,0.00,0.00,0.00
Ethiopia,ETH,20200112,0.00,,0.00,,0.00,,0.00,,0.00,,0.00,,0.00,,0.00,0.00,,0.00,0.00,0.00,0.00,,0.00,0.00,0.00,0.00,,,,0.00,0.00,0.00,0.00,0.00,0.00,0.00,0.00,0.00,0.00
Ethiopia,ETH,20200113,0.00,,0.00,,0.00,,0.00,,0.00,,0.00,,0.00,,0.00,0.00,,0.00,0.00,0.00,0.00,,0.00,0.00,0.00,0.00,,,,0.00,0.00,0.00,0.00,0.00,0.00,0.00,0.00,0.00,0.00
Ethiopia,ETH,20200114,0.00,,0.00,,0.00,,0.00,,0.00,,0.00,,0.00,,0.00,0.00,,0.00,0.00,0.00,0.00,,0.00,0.00,0.00,0.00,,,,0.00,0.00,0.00,0.00,0.00,0.00,0.00,0.00,0.00,0.00
Ethiopia,ETH,20200115,0.00,,0.00,,0.00,,0.00,,0.00,,0.00,,0.00,,0.00,0.00,,0.00,0.00,0.00,0.00,,0.00,0.00,0.00,0.00,,,,0.00,0.00,0.00,0.00,0.00,0.00,0.00,0.00,0.00,0.00
Ethiopia,ETH,20200116,0.00,,0.00,,0.00,,0.00,,0.00,,0.00,,0.00,,0.00,0.00,,0.00,0.00,0.00,0.00,,0.00,0.00,0.00,0.00,,,,0.00,0.00,0.00,0.00,0.00,0.00,0.00,0.00,0.00,0.00
Ethiopia,ETH,20200117,0.00,,0.00,,0.00,,0.00,,0.00,,0.00,,0.00,,0.00,0.00,,0.00,0.00,0.00,0.00,,0.00,0.00,0.00,0.00,,,,0.00,0.00,0.00,0.00,0.00,0.00,0.00,0.00,0.00,0.00
Ethiopia,ETH,20200118,0.00,,0.00,,0.00,,0.00,,0.00,,0.00,,0.00,,0.00,0.00,,0.00,0.00,0.00,0.00,,0.00,0.00,0.00,0.00,,,,0.00,0.00,0.00,0.00,0.00,0.00,0.00,0.00,0.00,0.00
Ethiopia,ETH,20200119,0.00,,0.00,,0.00,,0.00,,0.00,,0.00,,0.00,,0.00,0.00,,0.00,0.00,0.00,0.00,,0.00,0.00,0.00,0.00,,,,0.00,0.00,0.00,0.00,0.00,0.00,0.00,0.00,0.00,0.00
Ethiopia,ETH,20200120,0.00,,0.00,,0.00,,0.00,,0.00,,0.00,,0.00,,0.00,0.00,,0.00,0.00,0.00,0.00,,0.00,0.00,0.00,0.00,,,,0.00,0.00,0.00,0.00,0.00,0.00,0.00,0.00,0.00,0.00
Ethiopia,ETH,20200121,0.00,,0.00,,0.00,,0.00,,0.00,,0.00,,0.00,,0.00,0.00,,0.00,0.00,0.00,0.00,,0.00,0.00,0.00,0.00,,,,0.00,0.00,0.00,0.00,0.00,0.00,0.00,0.00,0.00,0.00
Ethiopia,ETH,20200122,0.00,,0.00,,0.00,,0.00,,0.00,,0.00,,0.00,,0.00,0.00,,0.00,0.00,0.00,0.00,,0.00,0.00,0.00,0.00,,,,0.00,0.00,0.00,0.00,0.00,0.00,0.00,0.00,0.00,0.00
Ethiopia,ETH,20200123,0.00,,0.00,,0.00,,0.00,,0.00,,0.00,,0.00,,0.00,0.00,,0.00,0.00,0.00,0.00,,0.00,0.00,0.00,0.00,,,,0.00,0.00,0.00,0.00,0.00,0.00,0.00,0.00,0.00,0.00
Ethiopia,ETH,20200124,0.00,,0.00,,0.00,,0.00,,0.00,,0.00,,0.00,,0.00,0.00,,0.00,0.00,0.00,0.00,,0.00,0.00,0.00,0.00,,,,0.00,0.00,0.00,0.00,0.00,0.00,0.00,0.00,0.00,0.00
Ethiopia,ETH,20200125,0.00,,0.00,,0.00,,0.00,,0.00,,0.00,,0.00,,0.00,0.00,,0.00,0.00,0.00,0.00,,0.00,0.00,0.00,0.00,,,,0.00,0.00,0.00,0.00,0.00,0.00,0.00,0.00,0.00,0.00
Ethiopia,ETH,20200126,0.00,,0.00,,0.00,,0.00,,0.00,,0.00,,0.00,,0.00,0.00,,0.00,0.00,0.00,0.00,,0.00,0.00,0.00,0.00,,,,0.00,0.00,0.00,0.00,0.00,0.00,0.00,0.00,0.00,0.00
Ethiopia,ETH,20200127,0.00,,0.00,,0.00,,0.00,,0.00,,0.00,,0.00,,0.00,0.00,,0.00,0.00,0.00,0.00,,0.00,0.00,0.00,0.00,,,,0.00,0.00,0.00,0.00,0.00,0.00,0.00,0.00,0.00,0.00
Ethiopia,ETH,20200128,0.00,,0.00,,0.00,,0.00,,0.00,,0.00,,0.00,,0.00,0.00,,0.00,0.00,0.00,0.00,,0.00,0.00,0.00,0.00,,,,0.00,0.00,0.00,0.00,0.00,0.00,0.00,0.00,0.00,0.00
Ethiopia,ETH,20200129,0.00,,0.00,,0.00,,0.00,,0.00,,0.00,,0.00,,0.00,0.00,,0.00,0.00,0.00,0.00,,0.00,0.00,0.00,0.00,,,,0.00,0.00,0.00,0.00,0.00,0.00,0.00,0.00,0.00,0.00
Ethiopia,ETH,20200130,0.00,,0.00,,0.00,,0.00,,0.00,,0.00,,0.00,,0.00,0.00,,0.00,0.00,0.00,0.00,,0.00,0.00,0.00,0.00,,,,0.00,0.00,0.00,0.00,0.00,0.00,0.00,0.00,0.00,0.00
Ethiopia,ETH,20200131,0.00,,0.00,,0.00,,0.00,,0.00,,0.00,,0.00,,0.00,0.00,,0.00,0.00,0.00,0.00,,0.00,0.00,0.00,0.00,,,,0.00,0.00,0.00,0.00,0.00,0.00,0.00,0.00,0.00,0.00
Ethiopia,ETH,20200201,0.00,,0.00,,0.00,,0.00,,0.00,,0.00,,0.00,,0.00,0.00,,0.00,0.00,0.00,0.00,,0.00,0.00,0.00,0.00,,,,0.00,0.00,0.00,0.00,0.00,0.00,0.00,0.00,0.00,0.00
Ethiopia,ETH,20200202,0.00,,0.00,,0.00,,0.00,,0.00,,0.00,,0.00,,0.00,0.00,,0.00,0.00,0.00,0.00,,0.00,0.00,0.00,0.00,,,,0.00,0.00,0.00,0.00,0.00,0.00,0.00,0.00,0.00,0.00
Ethiopia,ETH,20200203,0.00,,0.00,,0.00,,0.00,,0.00,,0.00,,0.00,,0.00,0.00,,0.00,0.00,0.00,0.00,,0.00,0.00,0.00,0.00,,,,0.00,0.00,0.00,0.00,0.00,0.00,0.00,0.00,0.00,0.00
Ethiopia,ETH,20200204,0.00,,0.00,,0.00,,0.00,,0.00,,0.00,,0.00,,0.00,0.00,,0.00,0.00,0.00,0.00,,0.00,0.00,0.00,0.00,,,,0.00,0.00,0.00,0.00,0.00,0.00,0.00,0.00,0.00,0.00
Ethiopia,ETH,20200205,0.00,,0.00,,0.00,,0.00,,0.00,,0.00,,0.00,,0.00,0.00,,0.00,0.00,0.00,0.00,,0.00,0.00,0.00,0.00,,,,0.00,0.00,0.00,0.00,0.00,0.00,0.00,0.00,0.00,0.00
Ethiopia,ETH,20200206,0.00,,0.00,,0.00,,0.00,,0.00,,0.00,,0.00,,0.00,0.00,,0.00,0.00,0.00,0.00,,0.00,0.00,0.00,0.00,,,,0.00,0.00,0.00,0.00,0.00,0.00,0.00,0.00,0.00,0.00
Ethiopia,ETH,20200207,0.00,,0.00,,0.00,,0.00,,0.00,,0.00,,0.00,,0.00,0.00,,0.00,0.00,0.00,0.00,,0.00,0.00,0.00,0.00,,,,0.00,0.00,0.00,0.00,0.00,0.00,0.00,0.00,0.00,0.00
Ethiopia,ETH,20200208,0.00,,0.00,,0.00,,0.00,,0.00,,0.00,,0.00,,0.00,0.00,,0.00,0.00,0.00,0.00,,0.00,0.00,0.00,0.00,,,,0.00,0.00,0.00,0.00,0.00,0.00,0.00,0.00,0.00,0.00
Ethiopia,ETH,20200209,0.00,,0.00,,0.00,,0.00,,0.00,,0.00,,0.00,,0.00,0.00,,0.00,0.00,0.00,0.00,,0.00,0.00,0.00,0.00,,,,0.00,0.00,0.00,0.00,0.00,0.00,0.00,0.00,0.00,0.00
Ethiopia,ETH,20200210,0.00,,0.00,,0.00,,0.00,,0.00,,0.00,,0.00,,0.00,0.00,,0.00,0.00,0.00,0.00,,0.00,0.00,0.00,0.00,,,,0.00,0.00,0.00,0.00,0.00,0.00,0.00,0.00,0.00,0.00
Ethiopia,ETH,20200211,0.00,,0.00,,0.00,,0.00,,0.00,,0.00,,0.00,,0.00,0.00,,0.00,0.00,0.00,0.00,,0.00,0.00,0.00,0.00,,,,0.00,0.00,0.00,0.00,0.00,0.00,0.00,0.00,0.00,0.00
Ethiopia,ETH,20200212,0.00,,0.00,,0.00,,0.00,,0.00,,0.00,,0.00,,0.00,0.00,,0.00,0.00,0.00,0.00,,0.00,0.00,0.00,0.00,,,,0.00,0.00,0.00,0.00,0.00,0.00,0.00,0.00,0.00,0.00
Ethiopia,ETH,20200213,0.00,,0.00,,0.00,,0.00,,0.00,,0.00,,0.00,,0.00,0.00,,0.00,0.00,0.00,0.00,,0.00,0.00,0.00,0.00,,,,0.00,0.00,0.00,0.00,0.00,0.00,0.00,0.00,0.00,0.00
Ethiopia,ETH,20200214,0.00,,0.00,,0.00,,0.00,,0.00,,0.00,,0.00,,0.00,0.00,,0.00,0.00,0.00,0.00,,0.00,0.00,0.00,0.00,,,,0.00,0.00,0.00,0.00,0.00,0.00,0.00,0.00,0.00,0.00
Ethiopia,ETH,20200215,0.00,,0.00,,0.00,,0.00,,0.00,,0.00,,0.00,,0.00,0.00,,0.00,0.00,0.00,0.00,,0.00,0.00,0.00,0.00,,,,0.00,0.00,0.00,0.00,0.00,0.00,0.00,0.00,0.00,0.00
Ethiopia,ETH,20200216,0.00,,0.00,,0.00,,0.00,,0.00,,0.00,,0.00,,0.00,0.00,,0.00,0.00,0.00,0.00,,0.00,0.00,0.00,0.00,,,,0.00,0.00,0.00,0.00,0.00,0.00,0.00,0.00,0.00,0.00
Ethiopia,ETH,20200217,0.00,,0.00,,0.00,,0.00,,0.00,,0.00,,0.00,,0.00,0.00,,0.00,0.00,0.00,0.00,,0.00,0.00,0.00,0.00,,,,0.00,0.00,0.00,0.00,0.00,0.00,0.00,0.00,0.00,0.00
Ethiopia,ETH,20200218,0.00,,0.00,,0.00,,0.00,,0.00,,0.00,,0.00,,0.00,0.00,,0.00,0.00,0.00,0.00,,0.00,0.00,0.00,0.00,,,,0.00,0.00,0.00,0.00,0.00,0.00,0.00,0.00,0.00,0.00
Ethiopia,ETH,20200219,0.00,,0.00,,0.00,,0.00,,0.00,,0.00,,0.00,,0.00,0.00,,0.00,0.00,0.00,0.00,,0.00,0.00,0.00,0.00,,,,0.00,0.00,0.00,0.00,0.00,0.00,0.00,0.00,0.00,0.00
Ethiopia,ETH,20200220,0.00,,0.00,,0.00,,0.00,,0.00,,0.00,,0.00,,0.00,0.00,,0.00,0.00,0.00,0.00,,0.00,0.00,0.00,0.00,,,,0.00,0.00,0.00,0.00,0.00,0.00,0.00,0.00,0.00,0.00
Ethiopia,ETH,20200221,0.00,,0.00,,0.00,,0.00,,0.00,,0.00,,0.00,,0.00,0.00,,0.00,0.00,0.00,0.00,,0.00,0.00,0.00,0.00,,,,0.00,0.00,0.00,0.00,0.00,0.00,0.00,0.00,0.00,0.00
Ethiopia,ETH,20200222,0.00,,0.00,,0.00,,0.00,,0.00,,0.00,,0.00,,0.00,0.00,,0.00,0.00,0.00,0.00,,0.00,0.00,0.00,0.00,,,,0.00,0.00,0.00,0.00,0.00,0.00,0.00,0.00,0.00,0.00
Ethiopia,ETH,20200223,0.00,,0.00,,0.00,,0.00,,0.00,,0.00,,0.00,,0.00,0.00,,0.00,0.00,0.00,0.00,,0.00,0.00,0.00,0.00,,,,0.00,0.00,0.00,0.00,0.00,0.00,0.00,0.00,0.00,0.00
Ethiopia,ETH,20200224,0.00,,0.00,,0.00,,0.00,,0.00,,0.00,,0.00,,0.00,0.00,,0.00,0.00,0.00,0.00,,0.00,0.00,0.00,0.00,,,,0.00,0.00,0.00,0.00,0.00,0.00,0.00,0.00,0.00,0.00
Ethiopia,ETH,20200225,0.00,,0.00,,0.00,,0.00,,0.00,,0.00,,0.00,,0.00,0.00,,0.00,0.00,0.00,0.00,,0.00,0.00,0.00,0.00,,,,0.00,0.00,0.00,0.00,0.00,0.00,0.00,0.00,0.00,0.00
Ethiopia,ETH,20200226,0.00,,0.00,,0.00,,0.00,,0.00,,0.00,,0.00,,0.00,0.00,,0.00,0.00,0.00,0.00,,0.00,0.00,0.00,0.00,,,,0.00,0.00,0.00,0.00,0.00,0.00,0.00,0.00,0.00,0.00
Ethiopia,ETH,20200227,0.00,,0.00,,0.00,,0.00,,0.00,,0.00,,0.00,,0.00,0.00,,0.00,0.00,0.00,0.00,,0.00,0.00,0.00,0.00,,,,0.00,0.00,0.00,0.00,0.00,0.00,0.00,0.00,0.00,0.00
Ethiopia,ETH,20200228,0.00,,0.00,,0.00,,0.00,,0.00,,0.00,,0.00,,0.00,0.00,,0.00,0.00,0.00,0.00,,0.00,0.00,0.00,0.00,,,,0.00,0.00,0.00,0.00,0.00,0.00,0.00,0.00,0.00,0.00
Ethiopia,ETH,20200229,0.00,,0.00,,0.00,,0.00,,0.00,,0.00,,0.00,,0.00,0.00,,0.00,0.00,0.00,0.00,,0.00,0.00,0.00,0.00,,,,0.00,0.00,0.00,0.00,0.00,0.00,0.00,0.00,0.00,0.00
Ethiopia,ETH,20200301,0.00,,0.00,,0.00,,0.00,,0.00,,0.00,,0.00,,0.00,0.00,,0.00,0.00,0.00,0.00,,0.00,0.00,0.00,0.00,,,,0.00,0.00,0.00,0.00,0.00,0.00,0.00,0.00,0.00,0.00
Ethiopia,ETH,20200302,0.00,,0.00,,0.00,,0.00,,0.00,,0.00,,0.00,,0.00,0.00,,0.00,0.00,0.00,0.00,,0.00,0.00,0.00,0.00,,,,0.00,0.00,0.00,0.00,0.00,0.00,0.00,0.00,0.00,0.00
Ethiopia,ETH,20200303,0.00,,0.00,,0.00,,0.00,,0.00,,0.00,,0.00,,0.00,0.00,,0.00,0.00,0.00,0.00,,0.00,0.00,0.00,0.00,,,,0.00,0.00,0.00,0.00,0.00,0.00,0.00,0.00,0.00,0.00
Ethiopia,ETH,20200304,0.00,,0.00,,0.00,,0.00,,0.00,,0.00,,0.00,,0.00,0.00,,0.00,0.00,0.00,0.00,,0.00,0.00,0.00,0.00,,,,0.00,0.00,0.00,0.00,0.00,0.00,0.00,0.00,0.00,0.00
Ethiopia,ETH,20200305,0.00,,0.00,,0.00,,0.00,,0.00,,0.00,,0.00,,0.00,0.00,,0.00,0.00,0.00,0.00,,0.00,0.00,0.00,0.00,,,,0.00,0.00,0.00,0.00,0.00,0.00,0.00,0.00,0.00,0.00
Ethiopia,ETH,20200306,0.00,,0.00,,0.00,,0.00,,0.00,,0.00,,0.00,,0.00,0.00,,0.00,0.00,0.00,0.00,,0.00,0.00,0.00,0.00,,,,0.00,0.00,0.00,0.00,0.00,0.00,0.00,0.00,0.00,0.00
Ethiopia,ETH,20200307,0.00,,0.00,,0.00,,0.00,,0.00,,0.00,,0.00,,0.00,0.00,,0.00,0.00,0.00,0.00,,0.00,0.00,0.00,0.00,,,,0.00,0.00,0.00,0.00,0.00,0.00,0.00,0.00,0.00,0.00
Ethiopia,ETH,20200308,0.00,,0.00,,0.00,,0.00,,0.00,,0.00,,0.00,,0.00,0.00,,0.00,0.00,0.00,0.00,,0.00,0.00,0.00,0.00,,,,0.00,0.00,0.00,0.00,0.00,0.00,0.00,0.00,0.00,0.00
Ethiopia,ETH,20200309,0.00,,0.00,,0.00,,0.00,,0.00,,0.00,,0.00,,0.00,0.00,,0.00,0.00,0.00,0.00,,0.00,0.00,0.00,0.00,,,,0.00,0.00,0.00,0.00,0.00,0.00,0.00,0.00,0.00,0.00
Ethiopia,ETH,20200310,0.00,,0.00,,0.00,,0.00,,0.00,,0.00,,0.00,,0.00,0.00,,0.00,0.00,0.00,0.00,,0.00,0.00,0.00,0.00,,,,0.00,0.00,0.00,0.00,0.00,0.00,0.00,0.00,0.00,0.00
Ethiopia,ETH,20200311,0.00,,0.00,,0.00,,0.00,,0.00,,0.00,,0.00,,0.00,0.00,,0.00,0.00,0.00,0.00,,0.00,0.00,0.00,0.00,,,,0.00,0.00,0.00,0.00,0.00,0.00,0.00,0.00,0.00,0.00
Ethiopia,ETH,20200312,0.00,,0.00,,0.00,,0.00,,0.00,,0.00,,0.00,,0.00,0.00,,0.00,0.00,0.00,0.00,,0.00,0.00,0.00,0.00,,,,0.00,0.00,0.00,0.00,0.00,0.00,0.00,0.00,0.00,0.00
Ethiopia,ETH,20200313,0.00,,0.00,,0.00,,0.00,,0.00,,0.00,,0.00,,0.00,0.00,,0.00,0.00,0.00,0.00,,1.00,2.00,0.00,0.00,,,,0.00,0.00,0.00,0.00,10.26,10.26,12.12,12.12,0.00,0.00
Ethiopia,ETH,20200314,0.00,,0.00,,0.00,,0.00,,0.00,,0.00,,0.00,,0.00,0.00,,0.00,0.00,0.00,0.00,,1.00,2.00,0.00,0.00,,1,0,0.00,0.00,0.00,0.00,10.26,10.26,12.12,12.12,0.00,0.00
Ethiopia,ETH,20200315,0.00,,0.00,,0.00,,0.00,,0.00,,0.00,,0.00,,0.00,0.00,,0.00,0.00,0.00,0.00,,1.00,2.00,0.00,0.00,,1,0,0.00,0.00,0.00,0.00,10.26,10.26,12.12,12.12,0.00,0.00
Ethiopia,ETH,20200316,2.00,1,0.00,,2.00,1,1.00,1,0.00,,0.00,,0.00,,1.00,0.00,,0.00,0.00,0.00,2.00,1,1.00,2.00,0.00,0.00,,4,0,35.19,35.19,42.86,42.86,34.62,34.62,40.91,40.91,0.00,0.00
Ethiopia,ETH,20200317,2.00,1,0.00,,2.00,1,1.00,1,0.00,,0.00,,0.00,,1.00,0.00,,0.00,0.00,0.00,2.00,1,1.00,2.00,0.00,0.00,,5,0,35.19,35.19,42.86,42.86,34.62,34.62,40.91,40.91,0.00,0.00
Ethiopia,ETH,20200318,2.00,1,0.00,,2.00,1,1.00,1,0.00,,0.00,,0.00,,1.00,0.00,,0.00,0.00,0.00,2.00,1,1.00,2.00,9025270.00,0.00,,5,0,35.19,35.19,42.86,42.86,34.62,34.62,40.91,40.91,0.00,0.00
Ethiopia,ETH,20200319,2.00,1,0.00,,2.00,1,1.00,1,0.00,,0.00,,0.00,,1.00,0.00,,0.00,0.00,0.00,2.00,1,1.00,2.00,0.00,0.00,,6,0,35.19,35.19,42.86,42.86,34.62,34.62,40.91,40.91,0.00,0.00
Ethiopia,ETH,20200320,2.00,1,0.00,,2.00,1,1.00,1,0.00,,0.00,,0.00,,1.00,0.00,,0.00,0.00,0.00,2.00,1,1.00,2.00,0.00,0.00,,7,0,35.19,35.19,42.86,42.86,34.62,34.62,40.91,40.91,0.00,0.00
Ethiopia,ETH,20200321,2.00,1,0.00,,2.00,1,1.00,1,0.00,,0.00,,0.00,,1.00,0.00,,0.00,0.00,0.00,2.00,1,1.00,2.00,0.00,0.00,,9,0,35.19,35.19,42.86,42.86,34.62,34.62,40.91,40.91,0.00,0.00
Ethiopia,ETH,20200322,2.00,1,0.00,,2.00,1,1.00,1,0.00,,0.00,,0.00,,1.00,0.00,,0.00,0.00,0.00,2.00,1,1.00,2.00,0.00,0.00,,9,0,35.19,35.19,42.86,42.86,34.62,34.62,40.91,40.91,0.00,0.00
Ethiopia,ETH,20200323,2.00,1,0.00,,2.00,1,1.00,1,0.00,,0.00,,0.00,,2.00,0.00,,0.00,0.00,0.00,2.00,1,1.00,2.00,154000000.00,0.00,,11,0,37.96,37.96,46.43,46.43,36.54,36.54,43.18,43.18,0.00,0.00
Ethiopia,ETH,20200324,2.00,1,0.00,,2.00,1,1.00,1,0.00,,0.00,,0.00,,2.00,0.00,,0.00,0.00,0.00,2.00,1,1.00,2.00,0.00,0.00,,11,0,37.96,37.96,46.43,46.43,36.54,36.54,43.18,43.18,0.00,0.00
Ethiopia,ETH,20200325,3.00,1,2.00,0,2.00,1,1.00,1,0.00,,0.00,,0.00,,2.00,0.00,,0.00,0.00,0.00,2.00,1,1.00,2.00,0.00,0.00,,11,0,47.22,47.22,57.14,57.14,42.95,42.95,50.76,50.76,0.00,0.00
Ethiopia,ETH,20200326,3.00,1,2.00,0,2.00,1,1.00,1,0.00,,0.00,,2.00,0,2.00,0.00,,0.00,0.00,0.00,2.00,1,1.00,2.00,0.00,0.00,,12,0,55.56,55.56,66.67,66.67,48.72,48.72,57.58,57.58,0.00,0.00
Ethiopia,ETH,20200327,3.00,1,2.00,0,2.00,1,1.00,1,0.00,,0.00,,2.00,0,2.00,0.00,,0.00,0.00,0.00,2.00,1,1.00,2.00,0.00,0.00,,12,0,55.56,55.56,66.67,66.67,48.72,48.72,57.58,57.58,0.00,0.00
Ethiopia,ETH,20200328,3.00,1,2.00,0,2.00,1,1.00,1,0.00,,0.00,,2.00,0,2.00,0.00,,0.00,0.00,0.00,2.00,1,1.00,2.00,0.00,0.00,,16,0,55.56,55.56,66.67,66.67,48.72,48.72,57.58,57.58,0.00,0.00
Ethiopia,ETH,20200329,3.00,1,2.00,0,2.00,1,1.00,1,0.00,,0.00,,2.00,0,2.00,0.00,,0.00,0.00,0.00,2.00,1,1.00,2.00,0.00,0.00,,16,0,55.56,55.56,66.67,66.67,48.72,48.72,57.58,57.58,0.00,0.00
Ethiopia,ETH,20200330,3.00,1,2.00,0,2.00,1,1.00,1,2.00,0,0.00,,2.00,0,2.00,0.00,,0.00,0.00,0.00,2.00,1,1.00,2.00,0.00,0.00,,16,0,63.89,63.89,76.19,76.19,54.49,54.49,64.39,64.39,0.00,0.00
Ethiopia,ETH,20200331,3.00,1,2.00,0,2.00,1,1.00,1,2.00,0,0.00,,2.00,0,2.00,0.00,,0.00,0.00,0.00,2.00,1,1.00,2.00,0.00,0.00,,23,0,63.89,63.89,76.19,76.19,54.49,54.49,64.39,64.39,0.00,0.00
Ethiopia,ETH,20200401,3.00,1,2.00,0,2.00,1,1.00,1,2.00,0,0.00,,2.00,0,2.00,0.00,,0.00,0.00,0.00,2.00,1,1.00,2.00,0.00,0.00,,25,0,63.89,63.89,76.19,76.19,54.49,54.49,64.39,64.39,0.00,0.00
Ethiopia,ETH,20200402,3.00,1,2.00,0,2.00,1,1.00,1,2.00,0,0.00,,2.00,0,2.00,0.00,,0.00,0.00,0.00,2.00,1,1.00,2.00,0.00,0.00,,29,0,63.89,63.89,76.19,76.19,54.49,54.49,64.39,64.39,0.00,0.00
Ethiopia,ETH,20200403,3.00,1,2.00,0,2.00,1,1.00,1,2.00,0,0.00,,2.00,0,2.00,0.00,,0.00,0.00,0.00,2.00,1,1.00,2.00,0.00,0.00,,29,0,63.89,63.89,76.19,76.19,54.49,54.49,64.39,64.39,0.00,0.00
Ethiopia,ETH,20200404,3.00,1,2.00,0,2.00,1,1.00,1,2.00,0,0.00,,2.00,0,2.00,0.00,,0.00,0.00,0.00,2.00,1,1.00,2.00,0.00,0.00,,35,0,63.89,63.89,76.19,76.19,54.49,54.49,64.39,64.39,0.00,0.00
Ethiopia,ETH,20200405,3.00,1,2.00,0,2.00,1,1.00,1,2.00,0,0.00,,2.00,0,2.00,0.00,,0.00,0.00,0.00,2.00,1,1.00,2.00,0.00,0.00,,38,0,63.89,63.89,76.19,76.19,54.49,54.49,64.39,64.39,0.00,0.00
Ethiopia,ETH,20200406,3.00,1,2.00,0,2.00,1,1.00,1,2.00,0,0.00,,2.00,0,2.00,0.00,,0.00,0.00,0.00,2.00,1,1.00,2.00,0.00,0.00,,43,2,63.89,63.89,76.19,76.19,54.49,54.49,64.39,64.39,0.00,0.00
Ethiopia,ETH,20200407,3.00,1,2.00,0,2.00,1,1.00,1,2.00,0,0.00,,2.00,0,2.00,0.00,,0.00,0.00,0.00,2.00,1,1.00,2.00,0.00,0.00,,44,2,63.89,63.89,76.19,76.19,54.49,54.49,64.39,64.39,0.00,0.00
Ethiopia,ETH,20200408,3.00,1,2.00,0,2.00,1,4.00,1,2.00,0,1.00,1,2.00,0,2.00,0.00,,1.00,0.00,0.00,2.00,1,1.00,2.00,0.00,0.00,,52,2,75.93,75.93,76.19,76.19,66.67,66.67,74.24,74.24,25.00,25.00
Ethiopia,ETH,20200409,3.00,1,2.00,0,2.00,1,4.00,1,2.00,0,1.00,1,2.00,0,2.00,0.00,,1.00,0.00,0.00,2.00,1,1.00,2.00,0.00,0.00,,55,2,75.93,75.93,76.19,76.19,66.67,66.67,74.24,74.24,25.00,25.00
Ethiopia,ETH,20200410,3.00,1,2.00,0,2.00,1,4.00,1,2.00,0,1.00,1,2.00,0,2.00,0.00,,1.00,0.00,0.00,2.00,1,1.00,2.00,0.00,0.00,,56,2,75.93,75.93,76.19,76.19,66.67,66.67,74.24,74.24,25.00,25.00
Ethiopia,ETH,20200411,3.00,1,2.00,0,2.00,1,4.00,1,2.00,0,1.00,1,2.00,0,2.00,0.00,,1.00,0.00,0.00,2.00,1,1.00,2.00,0.00,0.00,,65,2,75.93,75.93,76.19,76.19,66.67,66.67,74.24,74.24,25.00,25.00
Ethiopia,ETH,20200412,3.00,1,2.00,0,2.00,1,4.00,1,2.00,0,1.00,1,2.00,0,2.00,0.00,,1.00,0.00,0.00,2.00,1,1.00,2.00,0.00,0.00,,69,3,75.93,75.93,76.19,76.19,66.67,66.67,74.24,74.24,25.00,25.00
Ethiopia,ETH,20200413,3.00,1,2.00,0,2.00,1,4.00,1,2.00,0,1.00,1,2.00,0,2.00,0.00,,1.00,0.00,0.00,2.00,1,1.00,2.00,0.00,0.00,,71,3,75.93,75.93,76.19,76.19,66.67,66.67,74.24,74.24,25.00,25.00
Ethiopia,ETH,20200414,3.00,1,2.00,0,2.00,1,4.00,1,2.00,0,1.00,1,2.00,0,2.00,0.00,,1.00,0.00,0.00,2.00,1,1.00,2.00,0.00,0.00,,74,3,75.93,75.93,76.19,76.19,66.67,66.67,74.24,74.24,25.00,25.00
Ethiopia,ETH,20200415,3.00,1,2.00,0,2.00,1,4.00,1,2.00,0,1.00,1,2.00,0,2.00,0.00,,1.00,0.00,0.00,2.00,1,1.00,2.00,0.00,0.00,,82,3,75.93,75.93,76.19,76.19,66.67,66.67,74.24,74.24,25.00,25.00
Ethiopia,ETH,20200416,3.00,1,2.00,0,2.00,1,4.00,1,2.00,0,1.00,1,2.00,0,2.00,0.00,,1.00,0.00,0.00,2.00,1,1.00,2.00,0.00,0.00,,85,3,75.93,75.93,76.19,76.19,66.67,66.67,74.24,74.24,25.00,25.00
Ethiopia,ETH,20200417,3.00,1,2.00,0,2.00,1,4.00,1,2.00,0,1.00,1,2.00,0,2.00,0.00,,1.00,0.00,0.00,2.00,1,1.00,2.00,0.00,0.00,,92,3,75.93,75.93,76.19,76.19,66.67,66.67,74.24,74.24,25.00,25.00
Ethiopia,ETH,20200418,3.00,1,2.00,0,2.00,1,4.00,1,2.00,0,1.00,1,2.00,0,2.00,0.00,,1.00,0.00,0.00,2.00,1,1.00,2.00,0.00,0.00,,96,3,75.93,75.93,76.19,76.19,66.67,66.67,74.24,74.24,25.00,25.00
Ethiopia,ETH,20200419,3.00,1,2.00,0,2.00,1,4.00,1,2.00,0,1.00,1,2.00,0,2.00,0.00,,1.00,0.00,0.00,2.00,1,1.00,2.00,0.00,0.00,,105,3,75.93,75.93,76.19,76.19,66.67,66.67,74.24,74.24,25.00,25.00
Ethiopia,ETH,20200420,3.00,1,2.00,0,2.00,1,4.00,1,2.00,0,1.00,1,2.00,0,2.00,0.00,,1.00,0.00,0.00,2.00,1,1.00,2.00,0.00,0.00,,108,3,75.93,75.93,76.19,76.19,66.67,66.67,74.24,74.24,25.00,25.00
Ethiopia,ETH,20200421,3.00,1,2.00,0,2.00,1,4.00,1,2.00,0,1.00,1,2.00,0,2.00,0.00,,1.00,0.00,0.00,2.00,1,1.00,2.00,0.00,0.00,,111,3,75.93,75.93,76.19,76.19,66.67,66.67,74.24,74.24,25.00,25.00
Ethiopia,ETH,20200422,3.00,1,2.00,0,2.00,1,4.00,1,2.00,0,1.00,1,2.00,0,2.00,0.00,,1.00,0.00,0.00,2.00,1,1.00,2.00,0.00,0.00,,114,3,75.93,75.93,76.19,76.19,66.67,66.67,74.24,74.24,25.00,25.00
Ethiopia,ETH,20200423,3.00,1,2.00,0,2.00,1,4.00,1,2.00,0,1.00,1,2.00,0,2.00,0.00,,1.00,0.00,0.00,2.00,1,1.00,2.00,0.00,0.00,,116,3,75.93,75.93,76.19,76.19,66.67,66.67,74.24,74.24,25.00,25.00
Ethiopia,ETH,20200424,3.00,1,2.00,0,2.00,1,4.00,1,2.00,0,1.00,1,2.00,0,2.00,0.00,,1.00,0.00,0.00,2.00,1,1.00,2.00,0.00,0.00,,116,3,75.93,75.93,76.19,76.19,66.67,66.67,74.24,74.24,25.00,25.00
Ethiopia,ETH,20200425,3.00,1,2.00,0,2.00,1,4.00,1,2.00,0,1.00,1,2.00,0,2.00,0.00,,1.00,0.00,0.00,2.00,1,1.00,2.00,0.00,0.00,,117,3,75.93,75.93,76.19,76.19,66.67,66.67,74.24,74.24,25.00,25.00
Ethiopia,ETH,20200426,3.00,1,2.00,0,2.00,1,4.00,1,2.00,0,1.00,1,2.00,0,2.00,0.00,,1.00,0.00,0.00,2.00,1,1.00,2.00,0.00,0.00,,122,3,75.93,75.93,76.19,76.19,66.67,66.67,74.24,74.24,25.00,25.00
Ethiopia,ETH,20200427,3.00,1,2.00,0,2.00,1,4.00,1,2.00,0,1.00,1,2.00,0,2.00,0.00,,1.00,0.00,0.00,2.00,1,1.00,2.00,0.00,0.00,,123,3,75.93,75.93,76.19,76.19,66.67,66.67,74.24,74.24,25.00,25.00
Ethiopia,ETH,20200428,3.00,1,2.00,0,2.00,1,4.00,1,2.00,0,1.00,1,2.00,0,2.00,0.00,,1.00,0.00,0.00,2.00,1,1.00,2.00,0.00,0.00,,124,3,75.93,75.93,76.19,76.19,66.67,66.67,74.24,74.24,25.00,25.00
Ethiopia,ETH,20200429,3.00,1,2.00,0,2.00,1,4.00,1,2.00,0,1.00,1,2.00,0,2.00,0.00,,1.00,0.00,0.00,2.00,1,1.00,2.00,0.00,0.00,,126,3,75.93,75.93,76.19,76.19,66.67,66.67,74.24,74.24,25.00,25.00
Ethiopia,ETH,20200430,3.00,1,2.00,0,2.00,1,4.00,1,2.00,0,1.00,1,2.00,0,2.00,0.00,,1.00,0.00,0.00,2.00,1,1.00,2.00,0.00,0.00,,130,3,75.93,75.93,76.19,76.19,66.67,66.67,74.24,74.24,25.00,25.00
Ethiopia,ETH,20200501,3.00,1,2.00,0,2.00,1,4.00,1,2.00,0,1.00,1,2.00,0,2.00,0.00,,1.00,0.00,0.00,2.00,1,1.00,2.00,0.00,0.00,,131,3,75.93,75.93,76.19,76.19,66.67,66.67,74.24,74.24,25.00,25.00
Ethiopia,ETH,20200502,3.00,1,2.00,0,2.00,1,4.00,1,2.00,0,1.00,1,2.00,0,2.00,0.00,,1.00,0.00,0.00,2.00,1,1.00,2.00,0.00,0.00,,133,3,75.93,75.93,76.19,76.19,66.67,66.67,74.24,74.24,25.00,25.00
Ethiopia,ETH,20200503,3.00,1,2.00,0,2.00,1,4.00,1,2.00,0,1.00,1,2.00,0,2.00,0.00,,1.00,0.00,0.00,2.00,1,1.00,2.00,0.00,0.00,,133,3,75.93,75.93,76.19,76.19,66.67,66.67,74.24,74.24,25.00,25.00
Ethiopia,ETH,20200504,3.00,1,2.00,0,2.00,1,4.00,1,2.00,0,1.00,1,2.00,0,2.00,0.00,,1.00,0.00,0.00,2.00,1,1.00,2.00,0.00,0.00,,135,3,75.93,75.93,76.19,76.19,66.67,66.67,74.24,74.24,25.00,25.00
Ethiopia,ETH,20200505,3.00,1,2.00,0,2.00,1,4.00,1,2.00,0,1.00,1,2.00,0,2.00,0.00,,1.00,0.00,0.00,2.00,1,1.00,2.00,0.00,0.00,,140,3,75.93,75.93,76.19,76.19,66.67,66.67,74.24,74.24,25.00,25.00
Ethiopia,ETH,20200506,3.00,1,2.00,0,2.00,1,4.00,1,2.00,0,1.00,1,2.00,0,2.00,0.00,,1.00,0.00,0.00,2.00,1,1.00,2.00,0.00,0.00,,145,4,75.93,75.93,76.19,76.19,66.67,66.67,74.24,74.24,25.00,25.00
Ethiopia,ETH,20200507,3.00,1,2.00,0,2.00,1,4.00,1,2.00,0,1.00,1,2.00,0,2.00,0.00,,1.00,0.00,0.00,2.00,1,1.00,2.00,0.00,0.00,,162,4,75.93,75.93,76.19,76.19,66.67,66.67,74.24,74.24,25.00,25.00
Ethiopia,ETH,20200508,3.00,1,2.00,0,2.00,1,4.00,1,2.00,0,1.00,1,2.00,0,2.00,0.00,,1.00,0.00,0.00,2.00,1,1.00,2.00,0.00,0.00,,191,4,75.93,75.93,76.19,76.19,66.67,66.67,74.24,74.24,25.00,25.00
Ethiopia,ETH,20200509,3.00,1,2.00,0,2.00,1,4.00,1,2.00,0,1.00,1,2.00,0,2.00,0.00,,1.00,0.00,0.00,2.00,1,1.00,2.00,0.00,0.00,,194,4,75.93,75.93,76.19,76.19,66.67,66.67,74.24,74.24,25.00,25.00
Ethiopia,ETH,20200510,3.00,1,2.00,0,2.00,1,4.00,1,2.00,0,1.00,1,2.00,0,2.00,0.00,,1.00,0.00,0.00,2.00,1,1.00,2.00,0.00,0.00,,210,5,75.93,75.93,76.19,76.19,66.67,66.67,74.24,74.24,25.00,25.00
Ethiopia,ETH,20200511,3.00,1,2.00,0,2.00,1,4.00,1,2.00,0,1.00,1,2.00,0,2.00,0.00,,1.00,0.00,0.00,2.00,1,1.00,2.00,0.00,0.00,,239,5,75.93,75.93,76.19,76.19,66.67,66.67,74.24,74.24,25.00,25.00
Ethiopia,ETH,20200512,3.00,1,2.00,0,2.00,1,4.00,1,2.00,0,1.00,1,2.00,0,2.00,0.00,,1.00,0.00,0.00,2.00,1,1.00,2.00,0.00,0.00,,250,5,75.93,75.93,76.19,76.19,66.67,66.67,74.24,74.24,25.00,25.00
Ethiopia,ETH,20200513,3.00,1,2.00,0,2.00,1,4.00,1,2.00,0,1.00,1,2.00,0,2.00,0.00,,1.00,0.00,0.00,2.00,1,1.00,2.00,0.00,0.00,,261,5,75.93,75.93,76.19,76.19,66.67,66.67,74.24,74.24,25.00,25.00
Ethiopia,ETH,20200514,3.00,1,2.00,0,2.00,1,4.00,1,2.00,0,1.00,1,2.00,0,2.00,0.00,,1.00,0.00,0.00,2.00,1,1.00,2.00,0.00,0.00,,263,5,75.93,75.93,76.19,76.19,66.67,66.67,74.24,74.24,25.00,25.00
Ethiopia,ETH,20200515,3.00,1,2.00,0,2.00,1,4.00,1,2.00,0,1.00,1,2.00,0,2.00,0.00,,1.00,0.00,0.00,2.00,1,1.00,2.00,0.00,0.00,,272,5,75.93,75.93,76.19,76.19,66.67,66.67,74.24,74.24,25.00,25.00
Ethiopia,ETH,20200516,3.00,1,2.00,0,2.00,1,4.00,1,2.00,0,1.00,1,2.00,0,2.00,0.00,,1.00,0.00,0.00,2.00,1,1.00,2.00,0.00,0.00,,287,5,75.93,75.93,76.19,76.19,66.67,66.67,74.24,74.24,25.00,25.00
Ethiopia,ETH,20200517,3.00,1,2.00,0,2.00,1,4.00,1,2.00,0,1.00,1,2.00,0,2.00,0.00,,1.00,0.00,0.00,2.00,1,1.00,2.00,0.00,0.00,,306,5,75.93,75.93,76.19,76.19,66.67,66.67,74.24,74.24,25.00,25.00
Ethiopia,ETH,20200518,3.00,1,2.00,0,2.00,1,4.00,1,2.00,0,1.00,1,2.00,0,2.00,0.00,,1.00,0.00,0.00,2.00,1,1.00,2.00,0.00,0.00,,317,5,75.93,75.93,76.19,76.19,66.67,66.67,74.24,74.24,25.00,25.00
Ethiopia,ETH,20200519,3.00,1,2.00,0,2.00,1,4.00,1,2.00,0,1.00,1,2.00,0,2.00,0.00,,1.00,0.00,0.00,2.00,1,1.00,2.00,0.00,0.00,,352,5,75.93,75.93,76.19,76.19,66.67,66.67,74.24,74.24,25.00,25.00
Ethiopia,ETH,20200520,3.00,1,2.00,0,2.00,1,4.00,1,2.00,0,1.00,1,2.00,0,2.00,0.00,,1.00,0.00,0.00,2.00,1,1.00,2.00,0.00,0.00,,365,5,75.93,75.93,76.19,76.19,66.67,66.67,74.24,74.24,25.00,25.00
Ethiopia,ETH,20200521,3.00,1,2.00,0,2.00,1,4.00,1,2.00,0,1.00,1,2.00,0,2.00,0.00,,1.00,0.00,0.00,2.00,1,1.00,2.00,0.00,0.00,,389,5,75.93,75.93,76.19,76.19,66.67,66.67,74.24,74.24,25.00,25.00
Ethiopia,ETH,20200522,3.00,1,2.00,0,2.00,1,4.00,1,2.00,0,1.00,1,2.00,0,2.00,0.00,,1.00,0.00,0.00,2.00,1,1.00,2.00,0.00,0.00,,399,5,75.93,75.93,76.19,76.19,66.67,66.67,74.24,74.24,25.00,25.00
Ethiopia,ETH,20200523,3.00,1,2.00,0,2.00,1,4.00,1,2.00,0,1.00,1,2.00,0,2.00,0.00,,1.00,0.00,0.00,2.00,1,1.00,2.00,0.00,0.00,,433,5,75.93,75.93,76.19,76.19,66.67,66.67,74.24,74.24,25.00,25.00
Ethiopia,ETH,20200524,3.00,1,2.00,0,2.00,1,4.00,1,2.00,0,1.00,1,2.00,0,2.00,0.00,,1.00,0.00,0.00,2.00,1,1.00,2.00,0.00,0.00,,494,5,75.93,75.93,76.19,76.19,66.67,66.67,74.24,74.24,25.00,25.00
Ethiopia,ETH,20200525,3.00,1,2.00,0,2.00,1,4.00,1,2.00,0,1.00,1,2.00,0,2.00,0.00,,1.00,0.00,0.00,2.00,1,1.00,2.00,0.00,0.00,,582,5,75.93,75.93,76.19,76.19,66.67,66.67,74.24,74.24,25.00,25.00
Ethiopia,ETH,20200526,3.00,1,2.00,0,2.00,1,4.00,1,2.00,0,1.00,1,2.00,0,2.00,0.00,,1.00,0.00,0.00,2.00,1,1.00,2.00,0.00,0.00,,655,5,75.93,75.93,76.19,76.19,66.67,66.67,74.24,74.24,25.00,25.00
Ethiopia,ETH,20200527,3.00,1,2.00,0,2.00,1,4.00,1,2.00,0,1.00,1,2.00,0,2.00,0.00,,1.00,0.00,0.00,2.00,1,1.00,2.00,0.00,0.00,,701,6,75.93,75.93,76.19,76.19,66.67,66.67,74.24,74.24,25.00,25.00
Ethiopia,ETH,20200528,3.00,1,2.00,0,2.00,1,4.00,1,2.00,0,1.00,1,2.00,0,2.00,0.00,,1.00,0.00,0.00,2.00,1,1.00,2.00,0.00,0.00,,731,6,75.93,75.93,76.19,76.19,66.67,66.67,74.24,74.24,25.00,25.00
Ethiopia,ETH,20200529,3.00,1,2.00,0,2.00,1,4.00,1,2.00,0,1.00,1,2.00,0,2.00,0.00,,1.00,1400000000.00,0.00,2.00,1,1.00,2.00,0.00,0.00,,831,7,75.93,75.93,76.19,76.19,66.67,66.67,74.24,74.24,25.00,25.00
Ethiopia,ETH,20200530,3.00,1,2.00,0,2.00,1,4.00,1,2.00,0,1.00,1,2.00,0,2.00,0.00,,1.00,0.00,0.00,2.00,1,1.00,2.00,0.00,0.00,,968,8,75.93,75.93,76.19,76.19,66.67,66.67,74.24,74.24,25.00,25.00
Ethiopia,ETH,20200531,3.00,1,2.00,0,2.00,1,4.00,1,2.00,0,1.00,1,2.00,0,2.00,0.00,,1.00,0.00,0.00,2.00,1,1.00,2.00,0.00,0.00,,1063,8,75.93,75.93,76.19,76.19,66.67,66.67,74.24,74.24,25.00,25.00
Ethiopia,ETH,20200601,3.00,1,2.00,0,2.00,1,4.00,1,2.00,0,1.00,1,2.00,0,2.00,0.00,,1.00,0.00,0.00,2.00,1,1.00,2.00,0.00,0.00,,1172,11,75.93,75.93,76.19,76.19,66.67,66.67,74.24,74.24,25.00,25.00
Ethiopia,ETH,20200602,3.00,1,2.00,0,2.00,1,4.00,1,2.00,0,1.00,1,2.00,0,2.00,0.00,,1.00,0.00,0.00,2.00,1,1.00,2.00,0.00,0.00,,1257,12,75.93,75.93,76.19,76.19,66.67,66.67,74.24,74.24,25.00,25.00
Ethiopia,ETH,20200603,3.00,1,2.00,0,2.00,1,4.00,1,2.00,0,1.00,1,2.00,0,2.00,0.00,,1.00,0.00,0.00,2.00,1,1.00,2.00,0.00,0.00,,1344,14,75.93,75.93,76.19,76.19,66.67,66.67,74.24,74.24,25.00,25.00
Ethiopia,ETH,20200604,3.00,1,2.00,0,2.00,1,4.00,1,2.00,0,1.00,1,2.00,0,2.00,0.00,,1.00,0.00,0.00,2.00,1,1.00,2.00,0.00,0.00,,1486,17,75.93,75.93,76.19,76.19,66.67,66.67,74.24,74.24,25.00,25.00
Ethiopia,ETH,20200605,3.00,1,2.00,0,2.00,1,4.00,1,2.00,0,1.00,1,2.00,0,2.00,0.00,,1.00,0.00,0.00,2.00,1,1.00,2.00,0.00,0.00,,1636,18,75.93,75.93,76.19,76.19,66.67,66.67,74.24,74.24,25.00,25.00
Ethiopia,ETH,20200606,3.00,1,2.00,0,2.00,1,4.00,1,2.00,0,1.00,1,2.00,0,2.00,0.00,,1.00,0.00,0.00,2.00,1,1.00,2.00,0.00,0.00,,1805,19,75.93,75.93,76.19,76.19,66.67,66.67,74.24,74.24,25.00,25.00
Ethiopia,ETH,20200607,3.00,1,2.00,0,2.00,1,4.00,1,2.00,0,1.00,1,2.00,0,2.00,0.00,,1.00,0.00,0.00,2.00,1,1.00,2.00,0.00,0.00,,1934,20,75.93,75.93,76.19,76.19,66.67,66.67,74.24,74.24,25.00,25.00
Ethiopia,ETH,20200608,3.00,1,2.00,0,2.00,1,4.00,1,2.00,0,1.00,1,2.00,0,2.00,0.00,,1.00,0.00,0.00,2.00,1,1.00,2.00,0.00,0.00,,2020,27,75.93,75.93,76.19,76.19,66.67,66.67,74.24,74.24,25.00,25.00
Ethiopia,ETH,20200609,3.00,1,2.00,0,2.00,1,4.00,1,2.00,0,1.00,1,2.00,0,2.00,0.00,,1.00,0.00,0.00,2.00,1,1.00,2.00,0.00,0.00,,2156,27,75.93,75.93,76.19,76.19,66.67,66.67,74.24,74.24,25.00,25.00
Ethiopia,ETH,20200610,3.00,1,2.00,0,2.00,1,4.00,1,2.00,0,1.00,1,2.00,0,2.00,0.00,,1.00,0.00,0.00,2.00,1,1.00,2.00,0.00,0.00,,2336,32,75.93,75.93,76.19,76.19,66.67,66.67,74.24,74.24,25.00,25.00
Ethiopia,ETH,20200611,3.00,1,2.00,0,2.00,1,4.00,1,2.00,0,1.00,1,2.00,0,2.00,0.00,,1.00,0.00,0.00,2.00,1,1.00,2.00,0.00,0.00,,2506,35,75.93,75.93,76.19,76.19,66.67,66.67,74.24,74.24,25.00,25.00
Ethiopia,ETH,20200612,,,,,,,,,2.00,0,,,,,,,,,,,,,,,,,,2670,40,,,,,,,,,,
Ethiopia,ETH,20200613,,,,,,,,,2.00,0,,,,,,,,,,,,,,,,,,2915,47,,,,,,,,,,
Ethiopia,ETH,20200614,,,,,,,,,2.00,0,,,,,,,,,,,,,,,,,,3166,55,,,,,,,,,,
Ethiopia,ETH,20200615,,,,,,,,,2.00,0,,,,,,,,,,,,,,,,,,3345,57,,,,,,,,,,
Ethiopia,ETH,20200616,,,,,,,,,2.00,0,,,,,,,,,,,,,,,,,,3521,60,,,,,,,,,,
Ethiopia,ETH,20200617,,,,,,,,,,,,,,,,,,,,,,,,,,,,3630,61,,75.93,,76.19,,66.67,,74.24,,25.00
Ethiopia,ETH,20200618,,,,,,,,,,,,,,,,,,,,,,,,,,,,3759,63,,75.93,,76.19,,66.67,,74.24,,25.00
Ethiopia,ETH,20200619,,,,,,,,,,,,,,,,,,,,,,,,,,,,3954,65,,75.93,,76.19,,66.67,,74.24,,25.00
Ethiopia,ETH,20200620,,,,,,,,,,,,,,,,,,,,,,,,,,,,4070,72,,75.93,,76.19,,66.67,,74.24,,25.00
Ethiopia,ETH,20200621,,,,,,,,,,,,,,,,,,,,,,,,,,,,4469,72,,75.93,,76.19,,66.67,,74.24,,25.00
Ethiopia,ETH,20200622,,,,,,,,,,,,,,,,,,,,,,,,,,,,4532,74,,75.93,,76.19,,66.67,,74.24,,25.00
Ethiopia,ETH,20200623,,,,,,,,,,,,,,,,,,,,,,,,,,,,4663,75,,75.93,,76.19,,66.67,,74.24,,25.00
