Solomon Islands,SLB,20200101,0.00,,0.00,,0.00,,0.00,,0.00,,0.00,,0.00,,0.00,0.00,,0.00,0.00,0.00,0.00,,0.00,0.00,0.00,0.00,,,,0.00,0.00,0.00,0.00,0.00,0.00,0.00,0.00,0.00,0.00
Solomon Islands,SLB,20200102,0.00,,0.00,,0.00,,0.00,,0.00,,0.00,,0.00,,0.00,0.00,,0.00,0.00,0.00,0.00,,0.00,0.00,0.00,0.00,,,,0.00,0.00,0.00,0.00,0.00,0.00,0.00,0.00,0.00,0.00
Solomon Islands,SLB,20200103,0.00,,0.00,,0.00,,0.00,,0.00,,0.00,,0.00,,0.00,0.00,,0.00,0.00,0.00,0.00,,0.00,0.00,0.00,0.00,,,,0.00,0.00,0.00,0.00,0.00,0.00,0.00,0.00,0.00,0.00
Solomon Islands,SLB,20200104,0.00,,0.00,,0.00,,0.00,,0.00,,0.00,,0.00,,0.00,0.00,,0.00,0.00,0.00,0.00,,0.00,0.00,0.00,0.00,,,,0.00,0.00,0.00,0.00,0.00,0.00,0.00,0.00,0.00,0.00
Solomon Islands,SLB,20200105,0.00,,0.00,,0.00,,0.00,,0.00,,0.00,,0.00,,0.00,0.00,,0.00,0.00,0.00,0.00,,0.00,0.00,0.00,0.00,,,,0.00,0.00,0.00,0.00,0.00,0.00,0.00,0.00,0.00,0.00
Solomon Islands,SLB,20200106,0.00,,0.00,,0.00,,0.00,,0.00,,0.00,,0.00,,0.00,0.00,,0.00,0.00,0.00,0.00,,0.00,0.00,0.00,0.00,,,,0.00,0.00,0.00,0.00,0.00,0.00,0.00,0.00,0.00,0.00
Solomon Islands,SLB,20200107,0.00,,0.00,,0.00,,0.00,,0.00,,0.00,,0.00,,0.00,0.00,,0.00,0.00,0.00,0.00,,0.00,0.00,0.00,0.00,,,,0.00,0.00,0.00,0.00,0.00,0.00,0.00,0.00,0.00,0.00
Solomon Islands,SLB,20200108,0.00,,0.00,,0.00,,0.00,,0.00,,0.00,,0.00,,0.00,0.00,,0.00,0.00,0.00,0.00,,0.00,0.00,0.00,0.00,,,,0.00,0.00,0.00,0.00,0.00,0.00,0.00,0.00,0.00,0.00
Solomon Islands,SLB,20200109,0.00,,0.00,,0.00,,0.00,,0.00,,0.00,,0.00,,0.00,0.00,,0.00,0.00,0.00,0.00,,0.00,0.00,0.00,0.00,,,,0.00,0.00,0.00,0.00,0.00,0.00,0.00,0.00,0.00,0.00
Solomon Islands,SLB,20200110,0.00,,0.00,,0.00,,0.00,,0.00,,0.00,,0.00,,0.00,0.00,,0.00,0.00,0.00,0.00,,0.00,0.00,0.00,0.00,,,,0.00,0.00,0.00,0.00,0.00,0.00,0.00,0.00,0.00,0.00
Solomon Islands,SLB,20200111,0.00,,0.00,,0.00,,0.00,,0.00,,0.00,,0.00,,0.00,0.00,,0.00,0.00,0.00,0.00,,0.00,0.00,0.00,0.00,,,,0.00,0.00,0.00,0.00,0.00,0.00,0.00,0.00,0.00,0.00
Solomon Islands,SLB,20200112,0.00,,0.00,,0.00,,0.00,,0.00,,0.00,,0.00,,0.00,0.00,,0.00,0.00,0.00,0.00,,0.00,0.00,0.00,0.00,,,,0.00,0.00,0.00,0.00,0.00,0.00,0.00,0.00,0.00,0.00
Solomon Islands,SLB,20200113,0.00,,0.00,,0.00,,0.00,,0.00,,0.00,,0.00,,0.00,0.00,,0.00,0.00,0.00,0.00,,0.00,0.00,0.00,0.00,,,,0.00,0.00,0.00,0.00,0.00,0.00,0.00,0.00,0.00,0.00
Solomon Islands,SLB,20200114,0.00,,0.00,,0.00,,0.00,,0.00,,0.00,,0.00,,0.00,0.00,,0.00,0.00,0.00,0.00,,0.00,0.00,0.00,0.00,,,,0.00,0.00,0.00,0.00,0.00,0.00,0.00,0.00,0.00,0.00
Solomon Islands,SLB,20200115,0.00,,0.00,,0.00,,0.00,,0.00,,0.00,,0.00,,0.00,0.00,,0.00,0.00,0.00,0.00,,0.00,0.00,0.00,0.00,,,,0.00,0.00,0.00,0.00,0.00,0.00,0.00,0.00,0.00,0.00
Solomon Islands,SLB,20200116,0.00,,0.00,,0.00,,0.00,,0.00,,0.00,,0.00,,0.00,0.00,,0.00,0.00,0.00,0.00,,0.00,0.00,0.00,0.00,,,,0.00,0.00,0.00,0.00,0.00,0.00,0.00,0.00,0.00,0.00
Solomon Islands,SLB,20200117,0.00,,0.00,,0.00,,0.00,,0.00,,0.00,,0.00,,0.00,0.00,,0.00,0.00,0.00,0.00,,0.00,0.00,0.00,0.00,,,,0.00,0.00,0.00,0.00,0.00,0.00,0.00,0.00,0.00,0.00
Solomon Islands,SLB,20200118,0.00,,0.00,,0.00,,0.00,,0.00,,0.00,,0.00,,0.00,0.00,,0.00,0.00,0.00,0.00,,0.00,0.00,0.00,0.00,,,,0.00,0.00,0.00,0.00,0.00,0.00,0.00,0.00,0.00,0.00
Solomon Islands,SLB,20200119,0.00,,0.00,,0.00,,0.00,,0.00,,0.00,,0.00,,0.00,0.00,,0.00,0.00,0.00,0.00,,0.00,0.00,0.00,0.00,,,,0.00,0.00,0.00,0.00,0.00,0.00,0.00,0.00,0.00,0.00
Solomon Islands,SLB,20200120,0.00,,0.00,,0.00,,0.00,,0.00,,0.00,,0.00,,0.00,0.00,,0.00,0.00,0.00,0.00,,0.00,0.00,0.00,0.00,,,,0.00,0.00,0.00,0.00,0.00,0.00,0.00,0.00,0.00,0.00
Solomon Islands,SLB,20200121,0.00,,0.00,,0.00,,0.00,,0.00,,0.00,,0.00,,0.00,0.00,,0.00,0.00,0.00,0.00,,0.00,0.00,0.00,0.00,,,,0.00,0.00,0.00,0.00,0.00,0.00,0.00,0.00,0.00,0.00
Solomon Islands,SLB,20200122,0.00,,0.00,,0.00,,0.00,,0.00,,0.00,,0.00,,0.00,0.00,,0.00,0.00,0.00,0.00,,0.00,0.00,0.00,0.00,,,,0.00,0.00,0.00,0.00,0.00,0.00,0.00,0.00,0.00,0.00
Solomon Islands,SLB,20200123,0.00,,0.00,,0.00,,0.00,,0.00,,0.00,,0.00,,0.00,0.00,,0.00,0.00,0.00,0.00,,0.00,0.00,0.00,0.00,,,,0.00,0.00,0.00,0.00,0.00,0.00,0.00,0.00,0.00,0.00
Solomon Islands,SLB,20200124,0.00,,0.00,,0.00,,0.00,,0.00,,0.00,,0.00,,0.00,0.00,,0.00,0.00,0.00,0.00,,0.00,0.00,0.00,0.00,,,,0.00,0.00,0.00,0.00,0.00,0.00,0.00,0.00,0.00,0.00
Solomon Islands,SLB,20200125,0.00,,0.00,,0.00,,0.00,,0.00,,0.00,,0.00,,0.00,0.00,,0.00,0.00,0.00,0.00,,0.00,0.00,0.00,0.00,,,,0.00,0.00,0.00,0.00,0.00,0.00,0.00,0.00,0.00,0.00
Solomon Islands,SLB,20200126,0.00,,0.00,,0.00,,0.00,,0.00,,0.00,,0.00,,0.00,0.00,,0.00,0.00,0.00,0.00,,0.00,0.00,0.00,0.00,,,,0.00,0.00,0.00,0.00,0.00,0.00,0.00,0.00,0.00,0.00
Solomon Islands,SLB,20200127,0.00,,0.00,,0.00,,0.00,,0.00,,0.00,,0.00,,0.00,0.00,,0.00,0.00,0.00,0.00,,0.00,0.00,0.00,0.00,,,,0.00,0.00,0.00,0.00,0.00,0.00,0.00,0.00,0.00,0.00
Solomon Islands,SLB,20200128,0.00,,0.00,,0.00,,0.00,,0.00,,0.00,,0.00,,0.00,0.00,,0.00,0.00,0.00,0.00,,0.00,0.00,0.00,0.00,,,,0.00,0.00,0.00,0.00,0.00,0.00,0.00,0.00,0.00,0.00
Solomon Islands,SLB,20200129,0.00,,0.00,,0.00,,0.00,,0.00,,0.00,,0.00,,0.00,0.00,,0.00,0.00,0.00,0.00,,0.00,0.00,0.00,0.00,,,,0.00,0.00,0.00,0.00,0.00,0.00,0.00,0.00,0.00,0.00
Solomon Islands,SLB,20200130,0.00,,0.00,,0.00,,0.00,,0.00,,0.00,,0.00,,0.00,0.00,,0.00,0.00,0.00,0.00,,0.00,0.00,0.00,0.00,,,,0.00,0.00,0.00,0.00,0.00,0.00,0.00,0.00,0.00,0.00
Solomon Islands,SLB,20200131,0.00,,0.00,,0.00,,0.00,,0.00,,0.00,,0.00,,0.00,0.00,,0.00,0.00,0.00,0.00,,0.00,0.00,0.00,0.00,,,,0.00,0.00,0.00,0.00,0.00,0.00,0.00,0.00,0.00,0.00
Solomon Islands,SLB,20200201,0.00,,0.00,,0.00,,0.00,,0.00,,0.00,,0.00,,0.00,0.00,,0.00,0.00,0.00,0.00,,0.00,0.00,0.00,0.00,,,,0.00,0.00,0.00,0.00,0.00,0.00,0.00,0.00,0.00,0.00
Solomon Islands,SLB,20200202,0.00,,0.00,,0.00,,0.00,,0.00,,0.00,,0.00,,0.00,0.00,,0.00,0.00,0.00,0.00,,0.00,0.00,0.00,0.00,,,,0.00,0.00,0.00,0.00,0.00,0.00,0.00,0.00,0.00,0.00
Solomon Islands,SLB,20200203,0.00,,0.00,,0.00,,0.00,,0.00,,0.00,,0.00,,0.00,0.00,,0.00,0.00,0.00,0.00,,0.00,0.00,0.00,0.00,,,,0.00,0.00,0.00,0.00,0.00,0.00,0.00,0.00,0.00,0.00
Solomon Islands,SLB,20200204,0.00,,0.00,,0.00,,0.00,,0.00,,0.00,,0.00,,0.00,0.00,,0.00,0.00,0.00,0.00,,0.00,0.00,0.00,0.00,,,,0.00,0.00,0.00,0.00,0.00,0.00,0.00,0.00,0.00,0.00
Solomon Islands,SLB,20200205,0.00,,0.00,,0.00,,0.00,,0.00,,0.00,,0.00,,0.00,0.00,,0.00,0.00,0.00,0.00,,0.00,0.00,0.00,0.00,,,,0.00,0.00,0.00,0.00,0.00,0.00,0.00,0.00,0.00,0.00
Solomon Islands,SLB,20200206,0.00,,0.00,,0.00,,0.00,,0.00,,0.00,,0.00,,3.00,0.00,,0.00,0.00,0.00,0.00,,0.00,0.00,0.00,0.00,,,,8.33,8.33,10.71,10.71,5.77,5.77,6.82,6.82,0.00,0.00
Solomon Islands,SLB,20200207,0.00,,0.00,,0.00,,0.00,,0.00,,0.00,,0.00,,3.00,0.00,,0.00,0.00,0.00,0.00,,0.00,0.00,0.00,0.00,,,,8.33,8.33,10.71,10.71,5.77,5.77,6.82,6.82,0.00,0.00
Solomon Islands,SLB,20200208,0.00,,0.00,,0.00,,0.00,,0.00,,0.00,,0.00,,3.00,0.00,,0.00,0.00,0.00,0.00,,0.00,0.00,0.00,0.00,,,,8.33,8.33,10.71,10.71,5.77,5.77,6.82,6.82,0.00,0.00
Solomon Islands,SLB,20200209,0.00,,0.00,,0.00,,0.00,,0.00,,0.00,,0.00,,3.00,0.00,,0.00,0.00,0.00,0.00,,0.00,0.00,0.00,0.00,,,,8.33,8.33,10.71,10.71,5.77,5.77,6.82,6.82,0.00,0.00
Solomon Islands,SLB,20200210,0.00,,0.00,,0.00,,0.00,,0.00,,0.00,,0.00,,3.00,0.00,,0.00,0.00,0.00,0.00,,0.00,0.00,0.00,0.00,,,,8.33,8.33,10.71,10.71,5.77,5.77,6.82,6.82,0.00,0.00
Solomon Islands,SLB,20200211,0.00,,0.00,,0.00,,0.00,,0.00,,0.00,,0.00,,3.00,0.00,,0.00,0.00,0.00,0.00,,0.00,0.00,0.00,0.00,,,,8.33,8.33,10.71,10.71,5.77,5.77,6.82,6.82,0.00,0.00
Solomon Islands,SLB,20200212,0.00,,0.00,,0.00,,0.00,,0.00,,0.00,,0.00,,3.00,0.00,,0.00,0.00,0.00,0.00,,0.00,0.00,0.00,0.00,,,,8.33,8.33,10.71,10.71,5.77,5.77,6.82,6.82,0.00,0.00
Solomon Islands,SLB,20200213,0.00,,0.00,,0.00,,0.00,,0.00,,0.00,,0.00,,3.00,0.00,,0.00,0.00,0.00,0.00,,0.00,0.00,0.00,0.00,,,,8.33,8.33,10.71,10.71,5.77,5.77,6.82,6.82,0.00,0.00
Solomon Islands,SLB,20200214,0.00,,0.00,,0.00,,0.00,,0.00,,0.00,,0.00,,3.00,0.00,,0.00,0.00,0.00,0.00,,0.00,0.00,0.00,0.00,,,,8.33,8.33,10.71,10.71,5.77,5.77,6.82,6.82,0.00,0.00
Solomon Islands,SLB,20200215,0.00,,0.00,,0.00,,0.00,,0.00,,0.00,,0.00,,3.00,0.00,,0.00,0.00,0.00,0.00,,0.00,0.00,0.00,0.00,,,,8.33,8.33,10.71,10.71,5.77,5.77,6.82,6.82,0.00,0.00
Solomon Islands,SLB,20200216,0.00,,0.00,,0.00,,0.00,,0.00,,0.00,,0.00,,3.00,0.00,,0.00,0.00,0.00,0.00,,0.00,0.00,0.00,0.00,,,,8.33,8.33,10.71,10.71,5.77,5.77,6.82,6.82,0.00,0.00
Solomon Islands,SLB,20200217,0.00,,0.00,,0.00,,0.00,,0.00,,0.00,,0.00,,3.00,0.00,,0.00,0.00,0.00,0.00,,0.00,0.00,0.00,0.00,,,,8.33,8.33,10.71,10.71,5.77,5.77,6.82,6.82,0.00,0.00
Solomon Islands,SLB,20200218,0.00,,0.00,,0.00,,0.00,,0.00,,0.00,,0.00,,3.00,0.00,,0.00,0.00,0.00,0.00,,0.00,0.00,0.00,0.00,,,,8.33,8.33,10.71,10.71,5.77,5.77,6.82,6.82,0.00,0.00
Solomon Islands,SLB,20200219,0.00,,0.00,,0.00,,0.00,,0.00,,0.00,,0.00,,3.00,0.00,,0.00,0.00,0.00,0.00,,0.00,0.00,0.00,0.00,,,,8.33,8.33,10.71,10.71,5.77,5.77,6.82,6.82,0.00,0.00
Solomon Islands,SLB,20200220,0.00,,0.00,,0.00,,0.00,,0.00,,0.00,,0.00,,3.00,0.00,,0.00,0.00,0.00,0.00,,0.00,0.00,0.00,0.00,,,,8.33,8.33,10.71,10.71,5.77,5.77,6.82,6.82,0.00,0.00
Solomon Islands,SLB,20200221,0.00,,0.00,,0.00,,0.00,,0.00,,0.00,,0.00,,3.00,0.00,,0.00,0.00,0.00,0.00,,0.00,0.00,0.00,0.00,,,,8.33,8.33,10.71,10.71,5.77,5.77,6.82,6.82,0.00,0.00
Solomon Islands,SLB,20200222,0.00,,0.00,,0.00,,0.00,,0.00,,0.00,,0.00,,3.00,0.00,,0.00,0.00,0.00,0.00,,0.00,0.00,0.00,0.00,,,,8.33,8.33,10.71,10.71,5.77,5.77,6.82,6.82,0.00,0.00
Solomon Islands,SLB,20200223,0.00,,0.00,,0.00,,0.00,,0.00,,0.00,,0.00,,3.00,0.00,,0.00,0.00,0.00,0.00,,0.00,0.00,0.00,0.00,,,,8.33,8.33,10.71,10.71,5.77,5.77,6.82,6.82,0.00,0.00
Solomon Islands,SLB,20200224,0.00,,0.00,,0.00,,0.00,,0.00,,0.00,,0.00,,3.00,0.00,,0.00,0.00,0.00,0.00,,0.00,0.00,0.00,0.00,,,,8.33,8.33,10.71,10.71,5.77,5.77,6.82,6.82,0.00,0.00
Solomon Islands,SLB,20200225,0.00,,0.00,,0.00,,0.00,,0.00,,0.00,,0.00,,3.00,0.00,,0.00,0.00,0.00,0.00,,0.00,0.00,0.00,0.00,,,,8.33,8.33,10.71,10.71,5.77,5.77,6.82,6.82,0.00,0.00
Solomon Islands,SLB,20200226,0.00,,0.00,,0.00,,0.00,,0.00,,0.00,,0.00,,3.00,0.00,,0.00,0.00,0.00,0.00,,0.00,0.00,0.00,0.00,,,,8.33,8.33,10.71,10.71,5.77,5.77,6.82,6.82,0.00,0.00
Solomon Islands,SLB,20200227,0.00,,0.00,,0.00,,0.00,,0.00,,0.00,,0.00,,3.00,0.00,,0.00,0.00,0.00,0.00,,0.00,0.00,0.00,0.00,,,,8.33,8.33,10.71,10.71,5.77,5.77,6.82,6.82,0.00,0.00
Solomon Islands,SLB,20200228,0.00,,0.00,,0.00,,0.00,,0.00,,0.00,,0.00,,3.00,0.00,,0.00,0.00,0.00,0.00,,0.00,0.00,0.00,0.00,,,,8.33,8.33,10.71,10.71,5.77,5.77,6.82,6.82,0.00,0.00
Solomon Islands,SLB,20200229,0.00,,0.00,,0.00,,0.00,,0.00,,0.00,,0.00,,3.00,0.00,,0.00,0.00,0.00,0.00,,0.00,0.00,0.00,0.00,,,,8.33,8.33,10.71,10.71,5.77,5.77,6.82,6.82,0.00,0.00
Solomon Islands,SLB,20200301,0.00,,0.00,,0.00,,0.00,,0.00,,0.00,,0.00,,3.00,0.00,,0.00,0.00,0.00,0.00,,0.00,0.00,0.00,0.00,,,,8.33,8.33,10.71,10.71,5.77,5.77,6.82,6.82,0.00,0.00
Solomon Islands,SLB,20200302,0.00,,0.00,,0.00,,0.00,,0.00,,0.00,,0.00,,3.00,0.00,,0.00,0.00,0.00,0.00,,0.00,0.00,0.00,0.00,,,,8.33,8.33,10.71,10.71,5.77,5.77,6.82,6.82,0.00,0.00
Solomon Islands,SLB,20200303,0.00,,0.00,,0.00,,0.00,,0.00,,0.00,,0.00,,3.00,0.00,,0.00,0.00,0.00,0.00,,0.00,0.00,0.00,0.00,,,,8.33,8.33,10.71,10.71,5.77,5.77,6.82,6.82,0.00,0.00
Solomon Islands,SLB,20200304,0.00,,0.00,,0.00,,0.00,,0.00,,0.00,,0.00,,3.00,0.00,,0.00,0.00,0.00,0.00,,0.00,0.00,0.00,0.00,,,,8.33,8.33,10.71,10.71,5.77,5.77,6.82,6.82,0.00,0.00
Solomon Islands,SLB,20200305,0.00,,0.00,,0.00,,0.00,,0.00,,0.00,,0.00,,3.00,0.00,,0.00,0.00,0.00,0.00,,0.00,0.00,0.00,0.00,,,,8.33,8.33,10.71,10.71,5.77,5.77,6.82,6.82,0.00,0.00
Solomon Islands,SLB,20200306,0.00,,0.00,,0.00,,0.00,,0.00,,0.00,,0.00,,3.00,0.00,,0.00,0.00,0.00,0.00,,0.00,0.00,0.00,0.00,,,,8.33,8.33,10.71,10.71,5.77,5.77,6.82,6.82,0.00,0.00
Solomon Islands,SLB,20200307,0.00,,0.00,,0.00,,0.00,,0.00,,0.00,,0.00,,3.00,0.00,,0.00,0.00,0.00,0.00,,0.00,0.00,0.00,0.00,,,,8.33,8.33,10.71,10.71,5.77,5.77,6.82,6.82,0.00,0.00
Solomon Islands,SLB,20200308,0.00,,0.00,,0.00,,0.00,,0.00,,0.00,,0.00,,3.00,0.00,,0.00,0.00,0.00,0.00,,0.00,0.00,0.00,0.00,,,,8.33,8.33,10.71,10.71,5.77,5.77,6.82,6.82,0.00,0.00
Solomon Islands,SLB,20200309,0.00,,0.00,,0.00,,0.00,,0.00,,0.00,,0.00,,3.00,0.00,,0.00,0.00,0.00,0.00,,0.00,0.00,0.00,0.00,,,,8.33,8.33,10.71,10.71,5.77,5.77,6.82,6.82,0.00,0.00
Solomon Islands,SLB,20200310,0.00,,0.00,,0.00,,0.00,,0.00,,0.00,,0.00,,3.00,0.00,,0.00,0.00,0.00,0.00,,0.00,0.00,0.00,0.00,,,,8.33,8.33,10.71,10.71,5.77,5.77,6.82,6.82,0.00,0.00
Solomon Islands,SLB,20200311,0.00,,0.00,,0.00,,0.00,,0.00,,0.00,,0.00,,3.00,0.00,,0.00,0.00,0.00,0.00,,0.00,0.00,0.00,0.00,,,,8.33,8.33,10.71,10.71,5.77,5.77,6.82,6.82,0.00,0.00
Solomon Islands,SLB,20200312,0.00,,0.00,,0.00,,0.00,,0.00,,0.00,,0.00,,3.00,0.00,,0.00,0.00,0.00,0.00,,0.00,0.00,0.00,0.00,,,,8.33,8.33,10.71,10.71,5.77,5.77,6.82,6.82,0.00,0.00
Solomon Islands,SLB,20200313,0.00,,0.00,,0.00,,0.00,,0.00,,0.00,,0.00,,3.00,0.00,,0.00,0.00,0.00,0.00,,0.00,0.00,0.00,0.00,,,,8.33,8.33,10.71,10.71,5.77,5.77,6.82,6.82,0.00,0.00
Solomon Islands,SLB,20200314,0.00,,0.00,,0.00,,0.00,,0.00,,0.00,,0.00,,3.00,0.00,,0.00,0.00,0.00,0.00,,0.00,0.00,0.00,0.00,,,,8.33,8.33,10.71,10.71,5.77,5.77,6.82,6.82,0.00,0.00
Solomon Islands,SLB,20200315,0.00,,0.00,,0.00,,0.00,,0.00,,0.00,,0.00,,3.00,0.00,,0.00,0.00,0.00,0.00,,0.00,0.00,0.00,0.00,,,,8.33,8.33,10.71,10.71,5.77,5.77,6.82,6.82,0.00,0.00
Solomon Islands,SLB,20200316,0.00,,0.00,,0.00,,0.00,,0.00,,0.00,,0.00,,3.00,0.00,,0.00,0.00,0.00,0.00,,0.00,0.00,0.00,0.00,,,,8.33,8.33,10.71,10.71,5.77,5.77,6.82,6.82,0.00,0.00
Solomon Islands,SLB,20200317,0.00,,0.00,,0.00,,0.00,,0.00,,0.00,,0.00,,3.00,0.00,,0.00,0.00,0.00,0.00,,0.00,0.00,0.00,0.00,,,,8.33,8.33,10.71,10.71,5.77,5.77,6.82,6.82,0.00,0.00
Solomon Islands,SLB,20200318,0.00,,0.00,,0.00,,0.00,,0.00,,0.00,,0.00,,3.00,0.00,,0.00,0.00,0.00,2.00,1,0.00,0.00,0.00,0.00,,,,19.44,19.44,25.00,25.00,13.46,13.46,15.91,15.91,0.00,0.00
Solomon Islands,SLB,20200319,0.00,,0.00,,0.00,,0.00,,0.00,,0.00,,0.00,,3.00,0.00,,0.00,0.00,0.00,2.00,1,0.00,0.00,0.00,0.00,,,,19.44,19.44,25.00,25.00,13.46,13.46,15.91,15.91,0.00,0.00
Solomon Islands,SLB,20200320,0.00,,0.00,,0.00,,0.00,,0.00,,0.00,,1.00,0,3.00,0.00,,0.00,0.00,0.00,2.00,1,0.00,0.00,0.00,0.00,,,,22.22,22.22,29.76,29.76,15.38,15.38,18.18,18.18,0.00,0.00
Solomon Islands,SLB,20200321,0.00,,0.00,,0.00,,0.00,,0.00,,0.00,,1.00,0,3.00,0.00,,0.00,0.00,0.00,2.00,1,0.00,0.00,0.00,0.00,,,,22.22,22.22,29.76,29.76,15.38,15.38,18.18,18.18,0.00,0.00
Solomon Islands,SLB,20200322,0.00,,0.00,,0.00,,0.00,,0.00,,0.00,,1.00,0,3.00,0.00,,0.00,0.00,0.00,2.00,1,0.00,0.00,0.00,0.00,,,,22.22,22.22,29.76,29.76,15.38,15.38,18.18,18.18,0.00,0.00
Solomon Islands,SLB,20200323,0.00,,0.00,,0.00,,0.00,,0.00,,0.00,,1.00,0,3.00,0.00,,0.00,0.00,0.00,2.00,1,0.00,0.00,0.00,0.00,,,,22.22,22.22,29.76,29.76,15.38,15.38,18.18,18.18,0.00,0.00
Solomon Islands,SLB,20200324,0.00,,0.00,,0.00,,0.00,,0.00,,0.00,,1.00,0,3.00,0.00,,0.00,0.00,0.00,2.00,1,0.00,0.00,0.00,0.00,,,,22.22,22.22,29.76,29.76,15.38,15.38,18.18,18.18,0.00,0.00
Solomon Islands,SLB,20200325,0.00,,0.00,,0.00,,0.00,,0.00,,0.00,,1.00,0,3.00,0.00,,0.00,0.00,0.00,2.00,1,0.00,0.00,0.00,0.00,,,,22.22,22.22,29.76,29.76,15.38,15.38,18.18,18.18,0.00,0.00
Solomon Islands,SLB,20200326,0.00,,0.00,,0.00,,0.00,,0.00,,0.00,,1.00,0,3.00,0.00,,0.00,0.00,0.00,2.00,1,0.00,0.00,0.00,0.00,,,,22.22,22.22,29.76,29.76,15.38,15.38,18.18,18.18,0.00,0.00
Solomon Islands,SLB,20200327,0.00,,0.00,,2.00,0,0.00,,0.00,,0.00,,1.00,0,3.00,2.00,1,0.00,0.00,0.00,2.00,1,0.00,0.00,0.00,0.00,,,,30.56,30.56,39.29,39.29,28.85,28.85,25.00,25.00,50.00,50.00
Solomon Islands,SLB,20200328,0.00,,0.00,,2.00,0,0.00,,0.00,,0.00,,1.00,0,3.00,2.00,1,0.00,0.00,0.00,2.00,1,0.00,0.00,0.00,0.00,,,,30.56,30.56,39.29,39.29,28.85,28.85,25.00,25.00,50.00,50.00
Solomon Islands,SLB,20200329,0.00,,0.00,,2.00,0,0.00,,0.00,,0.00,,1.00,0,3.00,2.00,1,0.00,0.00,0.00,2.00,1,0.00,0.00,0.00,0.00,,,,30.56,30.56,39.29,39.29,28.85,28.85,25.00,25.00,50.00,50.00
Solomon Islands,SLB,20200330,0.00,,0.00,,2.00,0,0.00,,0.00,,0.00,,1.00,0,3.00,2.00,1,0.00,0.00,0.00,2.00,1,0.00,0.00,0.00,0.00,,,,30.56,30.56,39.29,39.29,28.85,28.85,25.00,25.00,50.00,50.00
Solomon Islands,SLB,20200331,3.00,1,0.00,,2.00,0,0.00,,0.00,,0.00,,1.00,0,3.00,2.00,1,0.00,0.00,0.00,2.00,1,0.00,0.00,0.00,0.00,,,,41.67,41.67,53.57,53.57,36.54,36.54,34.09,34.09,50.00,50.00
Solomon Islands,SLB,20200401,3.00,1,0.00,,2.00,0,0.00,,0.00,,0.00,,1.00,0,3.00,2.00,1,0.00,0.00,0.00,2.00,1,0.00,0.00,0.00,0.00,,,,41.67,41.67,53.57,53.57,36.54,36.54,34.09,34.09,50.00,50.00
Solomon Islands,SLB,20200402,3.00,1,0.00,,2.00,0,0.00,,0.00,,0.00,,1.00,0,3.00,2.00,1,0.00,0.00,0.00,2.00,1,0.00,0.00,0.00,0.00,,,,41.67,41.67,53.57,53.57,36.54,36.54,34.09,34.09,50.00,50.00
Solomon Islands,SLB,20200403,3.00,1,3.00,1,2.00,0,0.00,,0.00,,0.00,,1.00,0,3.00,2.00,1,0.00,0.00,0.00,2.00,1,0.00,0.00,0.00,0.00,,,,52.78,52.78,67.86,67.86,44.23,44.23,43.18,43.18,50.00,50.00
Solomon Islands,SLB,20200404,3.00,1,3.00,1,2.00,0,0.00,,0.00,,0.00,,1.00,0,3.00,2.00,1,0.00,0.00,0.00,2.00,1,0.00,0.00,0.00,0.00,,,,52.78,52.78,67.86,67.86,44.23,44.23,43.18,43.18,50.00,50.00
Solomon Islands,SLB,20200405,3.00,1,3.00,1,2.00,0,0.00,,0.00,,0.00,,1.00,0,3.00,2.00,1,0.00,0.00,0.00,2.00,1,0.00,0.00,0.00,0.00,,,,52.78,52.78,67.86,67.86,44.23,44.23,43.18,43.18,50.00,50.00
Solomon Islands,SLB,20200406,3.00,1,3.00,1,2.00,0,0.00,,0.00,,0.00,,1.00,0,3.00,2.00,1,0.00,0.00,0.00,2.00,1,0.00,0.00,0.00,0.00,,,,52.78,52.78,67.86,67.86,44.23,44.23,43.18,43.18,50.00,50.00
Solomon Islands,SLB,20200407,3.00,1,3.00,1,2.00,0,0.00,,0.00,,0.00,,1.00,0,3.00,2.00,1,0.00,0.00,0.00,2.00,1,0.00,0.00,0.00,0.00,,,,52.78,52.78,67.86,67.86,44.23,44.23,43.18,43.18,50.00,50.00
Solomon Islands,SLB,20200408,3.00,1,3.00,1,2.00,0,0.00,,0.00,,0.00,,1.00,0,3.00,2.00,1,0.00,0.00,0.00,2.00,1,0.00,0.00,0.00,0.00,,,,52.78,52.78,67.86,67.86,44.23,44.23,43.18,43.18,50.00,50.00
Solomon Islands,SLB,20200409,3.00,1,3.00,1,2.00,0,0.00,,0.00,,0.00,,1.00,0,3.00,2.00,1,0.00,0.00,0.00,2.00,1,0.00,0.00,0.00,0.00,,,,52.78,52.78,67.86,67.86,44.23,44.23,43.18,43.18,50.00,50.00
Solomon Islands,SLB,20200410,3.00,1,3.00,1,2.00,0,0.00,,0.00,,0.00,,2.00,1,3.00,2.00,1,0.00,0.00,0.00,2.00,1,0.00,0.00,0.00,0.00,,,,61.11,61.11,77.38,77.38,50.00,50.00,50.00,50.00,50.00,50.00
Solomon Islands,SLB,20200411,3.00,1,3.00,1,2.00,0,0.00,,0.00,,0.00,,2.00,1,3.00,2.00,1,0.00,0.00,0.00,2.00,1,0.00,0.00,0.00,0.00,,,,61.11,61.11,77.38,77.38,50.00,50.00,50.00,50.00,50.00,50.00
Solomon Islands,SLB,20200412,3.00,1,3.00,1,2.00,0,0.00,,0.00,,0.00,,1.00,0,3.00,2.00,1,0.00,0.00,0.00,2.00,1,0.00,0.00,0.00,0.00,,,,52.78,52.78,67.86,67.86,44.23,44.23,43.18,43.18,50.00,50.00
Solomon Islands,SLB,20200413,3.00,1,3.00,1,2.00,0,0.00,,0.00,,0.00,,1.00,0,3.00,2.00,1,0.00,0.00,0.00,2.00,1,0.00,0.00,0.00,0.00,,,,52.78,52.78,67.86,67.86,44.23,44.23,43.18,43.18,50.00,50.00
Solomon Islands,SLB,20200414,3.00,1,3.00,1,2.00,0,0.00,,0.00,,0.00,,1.00,0,3.00,2.00,1,0.00,0.00,0.00,2.00,1,0.00,0.00,0.00,0.00,,,,52.78,52.78,67.86,67.86,44.23,44.23,43.18,43.18,50.00,50.00
Solomon Islands,SLB,20200415,3.00,1,3.00,1,2.00,0,0.00,,0.00,,0.00,,1.00,0,3.00,2.00,1,0.00,0.00,0.00,2.00,1,0.00,0.00,0.00,0.00,,,,52.78,52.78,67.86,67.86,44.23,44.23,43.18,43.18,50.00,50.00
Solomon Islands,SLB,20200416,3.00,1,3.00,1,2.00,0,0.00,,0.00,,0.00,,1.00,0,3.00,2.00,1,0.00,0.00,0.00,2.00,1,0.00,0.00,0.00,0.00,,,,52.78,52.78,67.86,67.86,44.23,44.23,43.18,43.18,50.00,50.00
Solomon Islands,SLB,20200417,3.00,1,2.00,1,2.00,0,0.00,,0.00,,0.00,,1.00,0,3.00,2.00,1,0.00,0.00,0.00,2.00,1,0.00,0.00,0.00,0.00,,,,49.07,49.07,64.29,64.29,41.67,41.67,40.15,40.15,50.00,50.00
Solomon Islands,SLB,20200418,3.00,1,2.00,1,2.00,0,0.00,,0.00,,0.00,,1.00,0,3.00,2.00,1,0.00,0.00,0.00,2.00,1,0.00,0.00,0.00,0.00,,,,49.07,49.07,64.29,64.29,41.67,41.67,40.15,40.15,50.00,50.00
Solomon Islands,SLB,20200419,3.00,1,2.00,1,2.00,0,0.00,,0.00,,0.00,,1.00,0,3.00,2.00,1,0.00,0.00,0.00,2.00,1,0.00,0.00,0.00,0.00,,,,49.07,49.07,64.29,64.29,41.67,41.67,40.15,40.15,50.00,50.00
Solomon Islands,SLB,20200420,3.00,1,2.00,1,2.00,0,0.00,,0.00,,0.00,,1.00,0,3.00,2.00,1,0.00,0.00,0.00,2.00,1,0.00,0.00,0.00,0.00,,,,49.07,49.07,64.29,64.29,41.67,41.67,40.15,40.15,50.00,50.00
Solomon Islands,SLB,20200421,3.00,1,2.00,1,2.00,0,0.00,,0.00,,0.00,,1.00,0,3.00,2.00,1,0.00,0.00,0.00,2.00,1,0.00,0.00,0.00,0.00,,,,49.07,49.07,64.29,64.29,41.67,41.67,40.15,40.15,50.00,50.00
Solomon Islands,SLB,20200422,3.00,1,2.00,1,2.00,0,0.00,,0.00,,0.00,,1.00,0,3.00,2.00,1,0.00,0.00,0.00,2.00,1,0.00,0.00,0.00,0.00,,,,49.07,49.07,64.29,64.29,41.67,41.67,40.15,40.15,50.00,50.00
Solomon Islands,SLB,20200423,3.00,1,2.00,1,2.00,0,0.00,,0.00,,0.00,,1.00,0,3.00,2.00,1,0.00,0.00,0.00,2.00,1,0.00,0.00,0.00,0.00,,,,49.07,49.07,64.29,64.29,41.67,41.67,40.15,40.15,50.00,50.00
Solomon Islands,SLB,20200424,3.00,1,2.00,1,2.00,0,0.00,,0.00,,0.00,,1.00,0,3.00,2.00,1,0.00,0.00,0.00,2.00,1,0.00,0.00,0.00,0.00,,,,49.07,49.07,64.29,64.29,41.67,41.67,40.15,40.15,50.00,50.00
Solomon Islands,SLB,20200425,3.00,1,2.00,1,2.00,0,0.00,,0.00,,0.00,,1.00,0,3.00,2.00,1,0.00,0.00,0.00,2.00,1,0.00,0.00,0.00,0.00,,,,49.07,49.07,64.29,64.29,41.67,41.67,40.15,40.15,50.00,50.00
Solomon Islands,SLB,20200426,3.00,1,2.00,1,2.00,0,0.00,,0.00,,0.00,,1.00,0,3.00,2.00,1,0.00,0.00,0.00,2.00,1,0.00,0.00,0.00,0.00,,,,49.07,49.07,64.29,64.29,41.67,41.67,40.15,40.15,50.00,50.00
Solomon Islands,SLB,20200427,2.00,0,2.00,1,2.00,0,0.00,,0.00,,0.00,,1.00,0,3.00,2.00,1,0.00,0.00,0.00,2.00,1,0.00,0.00,0.00,0.00,,,,43.52,43.52,57.14,57.14,37.82,37.82,35.61,35.61,50.00,50.00
Solomon Islands,SLB,20200428,2.00,0,2.00,1,2.00,0,0.00,,0.00,,0.00,,1.00,0,3.00,2.00,1,0.00,0.00,0.00,2.00,1,0.00,0.00,0.00,0.00,,,,43.52,43.52,57.14,57.14,37.82,37.82,35.61,35.61,50.00,50.00
Solomon Islands,SLB,20200429,2.00,0,2.00,1,2.00,0,0.00,,0.00,,0.00,,1.00,0,3.00,2.00,1,0.00,0.00,0.00,2.00,1,0.00,0.00,0.00,0.00,,,,43.52,43.52,57.14,57.14,37.82,37.82,35.61,35.61,50.00,50.00
Solomon Islands,SLB,20200430,2.00,0,2.00,1,2.00,0,0.00,,0.00,,0.00,,1.00,0,3.00,2.00,1,0.00,0.00,0.00,2.00,1,0.00,0.00,0.00,0.00,,,,43.52,43.52,57.14,57.14,37.82,37.82,35.61,35.61,50.00,50.00
Solomon Islands,SLB,20200501,2.00,0,2.00,1,2.00,0,0.00,,0.00,,0.00,,1.00,0,3.00,2.00,1,0.00,0.00,0.00,2.00,1,0.00,0.00,0.00,0.00,,,,43.52,43.52,57.14,57.14,37.82,37.82,35.61,35.61,50.00,50.00
Solomon Islands,SLB,20200502,2.00,0,2.00,1,2.00,0,0.00,,0.00,,0.00,,1.00,0,3.00,2.00,1,0.00,0.00,0.00,2.00,1,0.00,0.00,0.00,0.00,,,,43.52,43.52,57.14,57.14,37.82,37.82,35.61,35.61,50.00,50.00
Solomon Islands,SLB,20200503,2.00,0,2.00,1,2.00,0,0.00,,0.00,,0.00,,1.00,0,3.00,2.00,1,0.00,0.00,0.00,2.00,1,0.00,0.00,0.00,0.00,,,,43.52,43.52,57.14,57.14,37.82,37.82,35.61,35.61,50.00,50.00
Solomon Islands,SLB,20200504,2.00,0,2.00,1,2.00,0,0.00,,0.00,,0.00,,1.00,0,3.00,2.00,1,0.00,0.00,0.00,2.00,1,0.00,0.00,0.00,0.00,,,,43.52,43.52,57.14,57.14,37.82,37.82,35.61,35.61,50.00,50.00
Solomon Islands,SLB,20200505,2.00,0,2.00,1,2.00,0,0.00,,0.00,,0.00,,1.00,0,3.00,2.00,1,0.00,37500000.00,0.00,2.00,1,0.00,0.00,0.00,0.00,,,,43.52,43.52,57.14,57.14,37.82,37.82,35.61,35.61,50.00,50.00
Solomon Islands,SLB,20200506,2.00,0,2.00,1,2.00,0,0.00,,0.00,,0.00,,1.00,0,3.00,2.00,1,0.00,0.00,0.00,2.00,1,0.00,0.00,0.00,0.00,,,,43.52,43.52,57.14,57.14,37.82,37.82,35.61,35.61,50.00,50.00
Solomon Islands,SLB,20200507,2.00,0,2.00,1,2.00,0,0.00,,0.00,,0.00,,1.00,0,3.00,2.00,1,0.00,0.00,0.00,2.00,1,0.00,0.00,0.00,0.00,,,,43.52,43.52,57.14,57.14,37.82,37.82,35.61,35.61,50.00,50.00
Solomon Islands,SLB,20200508,2.00,0,2.00,1,2.00,0,0.00,,0.00,,0.00,,1.00,0,3.00,2.00,1,0.00,0.00,0.00,2.00,1,0.00,0.00,0.00,0.00,,,,43.52,43.52,57.14,57.14,37.82,37.82,35.61,35.61,50.00,50.00
Solomon Islands,SLB,20200509,2.00,0,2.00,1,2.00,0,0.00,,0.00,,0.00,,1.00,0,3.00,2.00,1,0.00,0.00,0.00,2.00,1,0.00,0.00,0.00,0.00,,,,43.52,43.52,57.14,57.14,37.82,37.82,35.61,35.61,50.00,50.00
Solomon Islands,SLB,20200510,2.00,0,2.00,1,2.00,0,0.00,,0.00,,0.00,,1.00,0,3.00,2.00,1,0.00,0.00,0.00,2.00,1,0.00,0.00,0.00,0.00,,,,43.52,43.52,57.14,57.14,37.82,37.82,35.61,35.61,50.00,50.00
Solomon Islands,SLB,20200511,2.00,0,2.00,1,2.00,0,0.00,,0.00,,0.00,,1.00,0,3.00,2.00,1,0.00,0.00,0.00,2.00,1,0.00,0.00,0.00,0.00,,,,43.52,43.52,57.14,57.14,37.82,37.82,35.61,35.61,50.00,50.00
Solomon Islands,SLB,20200512,2.00,0,2.00,1,2.00,0,0.00,,0.00,,0.00,,1.00,0,3.00,2.00,1,0.00,0.00,0.00,2.00,1,0.00,0.00,0.00,0.00,,,,43.52,43.52,57.14,57.14,37.82,37.82,35.61,35.61,50.00,50.00
Solomon Islands,SLB,20200513,2.00,0,2.00,1,2.00,0,0.00,,0.00,,0.00,,1.00,0,3.00,2.00,1,0.00,0.00,0.00,2.00,1,0.00,0.00,0.00,0.00,,,,43.52,43.52,57.14,57.14,37.82,37.82,35.61,35.61,50.00,50.00
Solomon Islands,SLB,20200514,2.00,0,2.00,1,2.00,0,0.00,,0.00,,0.00,,1.00,0,3.00,2.00,1,0.00,0.00,0.00,2.00,1,0.00,0.00,0.00,0.00,,,,43.52,43.52,57.14,57.14,37.82,37.82,35.61,35.61,50.00,50.00
Solomon Islands,SLB,20200515,2.00,0,2.00,1,2.00,0,0.00,,0.00,,0.00,,1.00,0,3.00,2.00,1,0.00,0.00,0.00,2.00,1,0.00,0.00,0.00,0.00,,,,43.52,43.52,57.14,57.14,37.82,37.82,35.61,35.61,50.00,50.00
Solomon Islands,SLB,20200516,2.00,0,2.00,1,2.00,0,0.00,,0.00,,0.00,,1.00,0,3.00,2.00,1,0.00,0.00,0.00,2.00,1,0.00,0.00,0.00,0.00,,,,43.52,43.52,57.14,57.14,37.82,37.82,35.61,35.61,50.00,50.00
Solomon Islands,SLB,20200517,2.00,0,2.00,1,2.00,0,0.00,,0.00,,0.00,,1.00,0,3.00,2.00,1,0.00,0.00,0.00,2.00,1,0.00,0.00,0.00,0.00,,,,43.52,43.52,57.14,57.14,37.82,37.82,35.61,35.61,50.00,50.00
Solomon Islands,SLB,20200518,2.00,0,2.00,1,2.00,0,0.00,,0.00,,0.00,,1.00,0,3.00,2.00,1,0.00,0.00,0.00,2.00,1,0.00,0.00,0.00,0.00,,,,43.52,43.52,57.14,57.14,37.82,37.82,35.61,35.61,50.00,50.00
Solomon Islands,SLB,20200519,2.00,0,2.00,1,2.00,0,0.00,,0.00,,0.00,,1.00,0,3.00,2.00,1,0.00,0.00,0.00,2.00,1,0.00,0.00,0.00,0.00,,,,43.52,43.52,57.14,57.14,37.82,37.82,35.61,35.61,50.00,50.00
Solomon Islands,SLB,20200520,2.00,0,2.00,1,2.00,0,0.00,,0.00,,2.00,0,2.00,0,3.00,2.00,1,0.00,0.00,0.00,2.00,1,0.00,0.00,0.00,0.00,,,,54.63,54.63,61.90,61.90,45.51,45.51,44.70,44.70,50.00,50.00
Solomon Islands,SLB,20200521,2.00,0,2.00,1,2.00,0,0.00,,0.00,,2.00,0,2.00,0,3.00,2.00,1,0.00,0.00,0.00,2.00,1,0.00,0.00,0.00,0.00,,,,54.63,54.63,61.90,61.90,45.51,45.51,44.70,44.70,50.00,50.00
Solomon Islands,SLB,20200522,2.00,0,2.00,1,2.00,0,0.00,,0.00,,2.00,0,2.00,0,3.00,2.00,1,0.00,0.00,0.00,2.00,1,0.00,0.00,0.00,0.00,,,,54.63,54.63,61.90,61.90,45.51,45.51,44.70,44.70,50.00,50.00
Solomon Islands,SLB,20200523,2.00,0,2.00,1,2.00,0,0.00,,0.00,,0.00,,1.00,0,3.00,2.00,1,0.00,0.00,0.00,2.00,1,0.00,0.00,0.00,0.00,,,,43.52,43.52,57.14,57.14,37.82,37.82,35.61,35.61,50.00,50.00
Solomon Islands,SLB,20200524,2.00,0,2.00,1,2.00,0,0.00,,0.00,,0.00,,1.00,0,3.00,2.00,1,0.00,0.00,0.00,2.00,1,0.00,0.00,0.00,0.00,,,,43.52,43.52,57.14,57.14,37.82,37.82,35.61,35.61,50.00,50.00
Solomon Islands,SLB,20200525,2.00,0,2.00,1,2.00,0,0.00,,0.00,,0.00,,1.00,0,3.00,2.00,1,0.00,0.00,0.00,2.00,1,0.00,0.00,0.00,0.00,,,,43.52,43.52,57.14,57.14,37.82,37.82,35.61,35.61,50.00,50.00
Solomon Islands,SLB,20200526,2.00,0,2.00,1,2.00,0,0.00,,0.00,,0.00,,1.00,0,3.00,2.00,1,0.00,0.00,0.00,2.00,1,0.00,0.00,0.00,0.00,,,,43.52,43.52,57.14,57.14,37.82,37.82,35.61,35.61,50.00,50.00
Solomon Islands,SLB,20200527,2.00,0,2.00,1,2.00,0,0.00,,0.00,,0.00,,1.00,0,3.00,2.00,1,0.00,0.00,0.00,2.00,1,0.00,0.00,0.00,0.00,,,,43.52,43.52,57.14,57.14,37.82,37.82,35.61,35.61,50.00,50.00
Solomon Islands,SLB,20200528,2.00,0,2.00,1,2.00,0,0.00,,0.00,,0.00,,1.00,0,3.00,2.00,1,0.00,0.00,0.00,2.00,1,0.00,0.00,0.00,0.00,,,,43.52,43.52,57.14,57.14,37.82,37.82,35.61,35.61,50.00,50.00
Solomon Islands,SLB,20200529,2.00,0,2.00,1,2.00,0,0.00,,0.00,,0.00,,1.00,0,3.00,2.00,1,0.00,0.00,0.00,2.00,1,0.00,0.00,0.00,0.00,,,,43.52,43.52,57.14,57.14,37.82,37.82,35.61,35.61,50.00,50.00
Solomon Islands,SLB,20200530,2.00,0,2.00,1,2.00,0,0.00,,0.00,,0.00,,1.00,0,3.00,2.00,1,0.00,0.00,0.00,2.00,1,0.00,0.00,0.00,0.00,,,,43.52,43.52,57.14,57.14,37.82,37.82,35.61,35.61,50.00,50.00
Solomon Islands,SLB,20200531,2.00,0,2.00,1,2.00,0,0.00,,0.00,,0.00,,1.00,0,3.00,2.00,1,0.00,0.00,0.00,2.00,1,0.00,0.00,0.00,0.00,,,,43.52,43.52,57.14,57.14,37.82,37.82,35.61,35.61,50.00,50.00
Solomon Islands,SLB,20200601,2.00,0,2.00,1,2.00,0,0.00,,0.00,,0.00,,1.00,0,3.00,2.00,1,0.00,0.00,0.00,2.00,1,0.00,0.00,0.00,0.00,,,,43.52,43.52,57.14,57.14,37.82,37.82,35.61,35.61,50.00,50.00
Solomon Islands,SLB,20200602,2.00,0,2.00,1,2.00,0,0.00,,0.00,,0.00,,1.00,0,3.00,2.00,1,0.00,0.00,0.00,2.00,1,0.00,0.00,0.00,0.00,,,,43.52,43.52,57.14,57.14,37.82,37.82,35.61,35.61,50.00,50.00
Solomon Islands,SLB,20200603,2.00,0,2.00,1,2.00,0,0.00,,0.00,,0.00,,1.00,0,3.00,2.00,1,0.00,0.00,0.00,2.00,1,0.00,0.00,0.00,0.00,,,,43.52,43.52,57.14,57.14,37.82,37.82,35.61,35.61,50.00,50.00
Solomon Islands,SLB,20200604,2.00,0,2.00,1,2.00,0,0.00,,0.00,,0.00,,1.00,0,3.00,2.00,1,0.00,0.00,0.00,2.00,1,0.00,0.00,0.00,0.00,,,,43.52,43.52,57.14,57.14,37.82,37.82,35.61,35.61,50.00,50.00
Solomon Islands,SLB,20200605,2.00,0,2.00,1,2.00,0,0.00,,0.00,,0.00,,1.00,0,3.00,2.00,1,0.00,0.00,0.00,2.00,1,0.00,0.00,0.00,0.00,,,,43.52,43.52,57.14,57.14,37.82,37.82,35.61,35.61,50.00,50.00
Solomon Islands,SLB,20200606,2.00,0,2.00,1,2.00,0,0.00,,0.00,,0.00,,1.00,0,3.00,2.00,1,0.00,0.00,0.00,2.00,1,0.00,0.00,0.00,0.00,,,,43.52,43.52,57.14,57.14,37.82,37.82,35.61,35.61,50.00,50.00
Solomon Islands,SLB,20200607,2.00,0,2.00,1,2.00,0,0.00,,0.00,,0.00,,1.00,0,3.00,2.00,1,0.00,0.00,0.00,2.00,1,0.00,0.00,0.00,0.00,,,,43.52,43.52,57.14,57.14,37.82,37.82,35.61,35.61,50.00,50.00
Solomon Islands,SLB,20200608,2.00,0,2.00,1,2.00,0,0.00,,0.00,,0.00,,1.00,0,3.00,2.00,1,0.00,0.00,0.00,2.00,1,0.00,0.00,0.00,0.00,,,,43.52,43.52,57.14,57.14,37.82,37.82,35.61,35.61,50.00,50.00
Solomon Islands,SLB,20200609,2.00,0,2.00,1,2.00,0,0.00,,0.00,,0.00,,1.00,0,3.00,2.00,1,0.00,0.00,0.00,2.00,1,0.00,0.00,0.00,0.00,,,,43.52,43.52,57.14,57.14,37.82,37.82,35.61,35.61,50.00,50.00
Solomon Islands,SLB,20200610,2.00,0,2.00,1,2.00,0,0.00,,0.00,,0.00,,1.00,0,3.00,2.00,1,0.00,0.00,0.00,2.00,1,0.00,0.00,0.00,0.00,,,,43.52,43.52,57.14,57.14,37.82,37.82,35.61,35.61,50.00,50.00
Solomon Islands,SLB,20200611,2.00,0,2.00,1,2.00,0,0.00,,0.00,,0.00,,1.00,0,3.00,2.00,1,0.00,0.00,0.00,2.00,1,0.00,0.00,0.00,0.00,,,,43.52,43.52,57.14,57.14,37.82,37.82,35.61,35.61,50.00,50.00
Solomon Islands,SLB,20200612,2.00,0,2.00,1,2.00,0,0.00,,0.00,,0.00,,1.00,0,3.00,2.00,1,0.00,0.00,0.00,2.00,1,0.00,0.00,0.00,0.00,,,,43.52,43.52,57.14,57.14,37.82,37.82,35.61,35.61,50.00,50.00
Solomon Islands,SLB,20200613,,,,,,,,,,,,,,,,,,,,,,,,,,,,,,,,,,,,,,,
Solomon Islands,SLB,20200614,,,,,,,,,,,,,,,,,,,,,,,,,,,,,,,,,,,,,,,
Solomon Islands,SLB,20200615,,,,,,,,,,,,,,,,,,,,,,,,,,,,,,,,,,,,,,,
Solomon Islands,SLB,20200616,,,,,,,,,,,,,,,,,,,,,,,,,,,,,,,,,,,,,,,
Solomon Islands,SLB,20200617,,,,,,,,,,,,,,,,,,,,,,,,,,,,,,,43.52,,57.14,,37.82,,35.61,,50.00
Solomon Islands,SLB,20200618,,,,,,,,,,,,,,,,,,,,,,,,,,,,,,,43.52,,57.14,,37.82,,35.61,,50.00
Solomon Islands,SLB,20200619,,,,,,,,,,,,,,,,,,,,,,,,,,,,,,,43.52,,57.14,,37.82,,35.61,,50.00
Solomon Islands,SLB,20200620,,,,,,,,,,,,,,,,,,,,,,,,,,,,,,,43.52,,57.14,,37.82,,35.61,,50.00
Solomon Islands,SLB,20200621,,,,,,,,,,,,,,,,,,,,,,,,,,,,,,,43.52,,57.14,,37.82,,35.61,,50.00
Solomon Islands,SLB,20200622,,,,,,,,,,,,,,,,,,,,,,,,,,,,,,,43.52,,57.14,,37.82,,35.61,,50.00
Solomon Islands,SLB,20200623,,,,,,,,,,,,,,,,,,,,,,,,,,,,,,,43.52,,57.14,,37.82,,35.61,,50.00
